"depths","iter1","iter2","iter3","iter4","iter5","iter6","iter7","iter8","iter9","iter10","iter11","iter12","iter13","iter14","iter15","iter16","iter17","iter18","iter19","iter20","iter21","iter22","iter23","iter24","iter25","iter26","iter27","iter28","iter29","iter30","iter31","iter32","iter33","iter34","iter35","iter36","iter37","iter38","iter39","iter40","iter41","iter42","iter43","iter44","iter45","iter46","iter47","iter48","iter49","iter50","iter51","iter52","iter53","iter54","iter55","iter56","iter57","iter58","iter59","iter60","iter61","iter62","iter63","iter64","iter65","iter66","iter67","iter68","iter69","iter70","iter71","iter72","iter73","iter74","iter75","iter76","iter77","iter78","iter79","iter80","iter81","iter82","iter83","iter84","iter85","iter86","iter87","iter88","iter89","iter90","iter91","iter92","iter93","iter94","iter95","iter96","iter97","iter98","iter99","iter100","iter101","iter102","iter103","iter104","iter105","iter106","iter107","iter108","iter109","iter110","iter111","iter112","iter113","iter114","iter115","iter116","iter117","iter118","iter119","iter120","iter121","iter122","iter123","iter124","iter125","iter126","iter127","iter128","iter129","iter130","iter131","iter132","iter133","iter134","iter135","iter136","iter137","iter138","iter139","iter140","iter141","iter142","iter143","iter144","iter145","iter146","iter147","iter148","iter149","iter150","iter151","iter152","iter153","iter154","iter155","iter156","iter157","iter158","iter159","iter160","iter161","iter162","iter163","iter164","iter165","iter166","iter167","iter168","iter169","iter170","iter171","iter172","iter173","iter174","iter175","iter176","iter177","iter178","iter179","iter180","iter181","iter182","iter183","iter184","iter185","iter186","iter187","iter188","iter189","iter190","iter191","iter192","iter193","iter194","iter195","iter196","iter197","iter198","iter199","iter200","iter201","iter202","iter203","iter204","iter205","iter206","iter207","iter208","iter209","iter210","iter211","iter212","iter213","iter214","iter215","iter216","iter217","iter218","iter219","iter220","iter221","iter222","iter223","iter224","iter225","iter226","iter227","iter228","iter229","iter230","iter231","iter232","iter233","iter234","iter235","iter236","iter237","iter238","iter239","iter240","iter241","iter242","iter243","iter244","iter245","iter246","iter247","iter248","iter249","iter250","iter251","iter252","iter253","iter254","iter255","iter256","iter257","iter258","iter259","iter260","iter261","iter262","iter263","iter264","iter265","iter266","iter267","iter268","iter269","iter270","iter271","iter272","iter273","iter274","iter275","iter276","iter277","iter278","iter279","iter280","iter281","iter282","iter283","iter284","iter285","iter286","iter287","iter288","iter289","iter290","iter291","iter292","iter293","iter294","iter295","iter296","iter297","iter298","iter299","iter300","iter301","iter302","iter303","iter304","iter305","iter306","iter307","iter308","iter309","iter310","iter311","iter312","iter313","iter314","iter315","iter316","iter317","iter318","iter319","iter320","iter321","iter322","iter323","iter324","iter325","iter326","iter327","iter328","iter329","iter330","iter331","iter332","iter333","iter334","iter335","iter336","iter337","iter338","iter339","iter340","iter341","iter342","iter343","iter344","iter345","iter346","iter347","iter348","iter349","iter350","iter351","iter352","iter353","iter354","iter355","iter356","iter357","iter358","iter359","iter360","iter361","iter362","iter363","iter364","iter365","iter366","iter367","iter368","iter369","iter370","iter371","iter372","iter373","iter374","iter375","iter376","iter377","iter378","iter379","iter380","iter381","iter382","iter383","iter384","iter385","iter386","iter387","iter388","iter389","iter390","iter391","iter392","iter393","iter394","iter395","iter396","iter397","iter398","iter399","iter400","iter401","iter402","iter403","iter404","iter405","iter406","iter407","iter408","iter409","iter410","iter411","iter412","iter413","iter414","iter415","iter416","iter417","iter418","iter419","iter420","iter421","iter422","iter423","iter424","iter425","iter426","iter427","iter428","iter429","iter430","iter431","iter432","iter433","iter434","iter435","iter436","iter437","iter438","iter439","iter440","iter441","iter442","iter443","iter444","iter445","iter446","iter447","iter448","iter449","iter450","iter451","iter452","iter453","iter454","iter455","iter456","iter457","iter458","iter459","iter460","iter461","iter462","iter463","iter464","iter465","iter466","iter467","iter468","iter469","iter470","iter471","iter472","iter473","iter474","iter475","iter476","iter477","iter478","iter479","iter480","iter481","iter482","iter483","iter484","iter485","iter486","iter487","iter488","iter489","iter490","iter491","iter492","iter493","iter494","iter495","iter496","iter497","iter498","iter499","iter500","iter501","iter502","iter503","iter504","iter505","iter506","iter507","iter508","iter509","iter510","iter511","iter512","iter513","iter514","iter515","iter516","iter517","iter518","iter519","iter520","iter521","iter522","iter523","iter524","iter525","iter526","iter527","iter528","iter529","iter530","iter531","iter532","iter533","iter534","iter535","iter536","iter537","iter538","iter539","iter540","iter541","iter542","iter543","iter544","iter545","iter546","iter547","iter548","iter549","iter550","iter551","iter552","iter553","iter554","iter555","iter556","iter557","iter558","iter559","iter560","iter561","iter562","iter563","iter564","iter565","iter566","iter567","iter568","iter569","iter570","iter571","iter572","iter573","iter574","iter575","iter576","iter577","iter578","iter579","iter580","iter581","iter582","iter583","iter584","iter585","iter586","iter587","iter588","iter589","iter590","iter591","iter592","iter593","iter594","iter595","iter596","iter597","iter598","iter599","iter600","iter601","iter602","iter603","iter604","iter605","iter606","iter607","iter608","iter609","iter610","iter611","iter612","iter613","iter614","iter615","iter616","iter617","iter618","iter619","iter620","iter621","iter622","iter623","iter624","iter625","iter626","iter627","iter628","iter629","iter630","iter631","iter632","iter633","iter634","iter635","iter636","iter637","iter638","iter639","iter640","iter641","iter642","iter643","iter644","iter645","iter646","iter647","iter648","iter649","iter650","iter651","iter652","iter653","iter654","iter655","iter656","iter657","iter658","iter659","iter660","iter661","iter662","iter663","iter664","iter665","iter666","iter667","iter668","iter669","iter670","iter671","iter672","iter673","iter674","iter675","iter676","iter677","iter678","iter679","iter680","iter681","iter682","iter683","iter684","iter685","iter686","iter687","iter688","iter689","iter690","iter691","iter692","iter693","iter694","iter695","iter696","iter697","iter698","iter699","iter700","iter701","iter702","iter703","iter704","iter705","iter706","iter707","iter708","iter709","iter710","iter711","iter712","iter713","iter714","iter715","iter716","iter717","iter718","iter719","iter720","iter721","iter722","iter723","iter724","iter725","iter726","iter727","iter728","iter729","iter730","iter731","iter732","iter733","iter734","iter735","iter736","iter737","iter738","iter739","iter740","iter741","iter742","iter743","iter744","iter745","iter746","iter747","iter748","iter749","iter750","iter751","iter752","iter753","iter754","iter755","iter756","iter757","iter758","iter759","iter760","iter761","iter762","iter763","iter764","iter765","iter766","iter767","iter768","iter769","iter770","iter771","iter772","iter773","iter774","iter775","iter776","iter777","iter778","iter779","iter780","iter781","iter782","iter783","iter784","iter785","iter786","iter787","iter788","iter789","iter790","iter791","iter792","iter793","iter794","iter795","iter796","iter797","iter798","iter799","iter800","iter801","iter802","iter803","iter804","iter805","iter806","iter807","iter808","iter809","iter810","iter811","iter812","iter813","iter814","iter815","iter816","iter817","iter818","iter819","iter820","iter821","iter822","iter823","iter824","iter825","iter826","iter827","iter828","iter829","iter830","iter831","iter832","iter833","iter834","iter835","iter836","iter837","iter838","iter839","iter840","iter841","iter842","iter843","iter844","iter845","iter846","iter847","iter848","iter849","iter850","iter851","iter852","iter853","iter854","iter855","iter856","iter857","iter858","iter859","iter860","iter861","iter862","iter863","iter864","iter865","iter866","iter867","iter868","iter869","iter870","iter871","iter872","iter873","iter874","iter875","iter876","iter877","iter878","iter879","iter880","iter881","iter882","iter883","iter884","iter885","iter886","iter887","iter888","iter889","iter890","iter891","iter892","iter893","iter894","iter895","iter896","iter897","iter898","iter899","iter900","iter901","iter902","iter903","iter904","iter905","iter906","iter907","iter908","iter909","iter910","iter911","iter912","iter913","iter914","iter915","iter916","iter917","iter918","iter919","iter920","iter921","iter922","iter923","iter924","iter925","iter926","iter927","iter928","iter929","iter930","iter931","iter932","iter933","iter934","iter935","iter936","iter937","iter938","iter939","iter940","iter941","iter942","iter943","iter944","iter945","iter946","iter947","iter948","iter949","iter950","iter951","iter952","iter953","iter954","iter955","iter956","iter957","iter958","iter959","iter960","iter961","iter962","iter963","iter964","iter965","iter966","iter967","iter968","iter969","iter970","iter971","iter972","iter973","iter974","iter975","iter976","iter977","iter978","iter979","iter980","iter981","iter982","iter983","iter984","iter985","iter986","iter987","iter988","iter989","iter990","iter991","iter992","iter993","iter994","iter995","iter996","iter997","iter998","iter999","iter1000","iter1001","iter1002","iter1003","iter1004","iter1005","iter1006","iter1007","iter1008","iter1009","iter1010","iter1011","iter1012","iter1013","iter1014","iter1015","iter1016","iter1017","iter1018","iter1019","iter1020","iter1021","iter1022","iter1023","iter1024","iter1025","iter1026","iter1027","iter1028","iter1029","iter1030","iter1031","iter1032","iter1033","iter1034","iter1035","iter1036","iter1037","iter1038","iter1039","iter1040","iter1041","iter1042","iter1043","iter1044","iter1045","iter1046","iter1047","iter1048","iter1049","iter1050","iter1051","iter1052","iter1053","iter1054","iter1055","iter1056","iter1057","iter1058","iter1059","iter1060","iter1061","iter1062","iter1063","iter1064","iter1065","iter1066","iter1067","iter1068","iter1069","iter1070","iter1071","iter1072","iter1073","iter1074","iter1075","iter1076","iter1077","iter1078","iter1079","iter1080","iter1081","iter1082","iter1083","iter1084","iter1085","iter1086","iter1087","iter1088","iter1089","iter1090","iter1091","iter1092","iter1093","iter1094","iter1095","iter1096","iter1097","iter1098","iter1099","iter1100","iter1101","iter1102","iter1103","iter1104","iter1105","iter1106","iter1107","iter1108","iter1109","iter1110","iter1111","iter1112","iter1113","iter1114","iter1115","iter1116","iter1117","iter1118","iter1119","iter1120","iter1121","iter1122","iter1123","iter1124","iter1125","iter1126","iter1127","iter1128","iter1129","iter1130","iter1131","iter1132","iter1133","iter1134","iter1135","iter1136","iter1137","iter1138","iter1139","iter1140","iter1141","iter1142","iter1143","iter1144","iter1145","iter1146","iter1147","iter1148","iter1149","iter1150","iter1151","iter1152","iter1153","iter1154","iter1155","iter1156","iter1157","iter1158","iter1159","iter1160","iter1161","iter1162","iter1163","iter1164","iter1165","iter1166","iter1167","iter1168","iter1169","iter1170","iter1171","iter1172","iter1173","iter1174","iter1175","iter1176","iter1177","iter1178","iter1179","iter1180","iter1181","iter1182","iter1183","iter1184","iter1185","iter1186","iter1187","iter1188","iter1189","iter1190","iter1191","iter1192","iter1193","iter1194","iter1195","iter1196","iter1197","iter1198","iter1199","iter1200","iter1201","iter1202","iter1203","iter1204","iter1205","iter1206","iter1207","iter1208","iter1209","iter1210","iter1211","iter1212","iter1213","iter1214","iter1215","iter1216","iter1217","iter1218","iter1219","iter1220","iter1221","iter1222","iter1223","iter1224","iter1225","iter1226","iter1227","iter1228","iter1229","iter1230","iter1231","iter1232","iter1233","iter1234","iter1235","iter1236","iter1237","iter1238","iter1239","iter1240","iter1241","iter1242","iter1243","iter1244","iter1245","iter1246","iter1247","iter1248","iter1249","iter1250","iter1251","iter1252","iter1253","iter1254","iter1255","iter1256","iter1257","iter1258","iter1259","iter1260","iter1261","iter1262","iter1263","iter1264","iter1265","iter1266","iter1267","iter1268","iter1269","iter1270","iter1271","iter1272","iter1273","iter1274","iter1275","iter1276","iter1277","iter1278","iter1279","iter1280","iter1281","iter1282","iter1283","iter1284","iter1285","iter1286","iter1287","iter1288","iter1289","iter1290","iter1291","iter1292","iter1293","iter1294","iter1295","iter1296","iter1297","iter1298","iter1299","iter1300","iter1301","iter1302","iter1303","iter1304","iter1305","iter1306","iter1307","iter1308","iter1309","iter1310","iter1311","iter1312","iter1313","iter1314","iter1315","iter1316","iter1317","iter1318","iter1319","iter1320","iter1321","iter1322","iter1323","iter1324","iter1325","iter1326","iter1327","iter1328","iter1329","iter1330","iter1331","iter1332","iter1333","iter1334","iter1335","iter1336","iter1337","iter1338","iter1339","iter1340","iter1341","iter1342","iter1343","iter1344","iter1345","iter1346","iter1347","iter1348","iter1349","iter1350","iter1351","iter1352","iter1353","iter1354","iter1355","iter1356","iter1357","iter1358","iter1359","iter1360","iter1361","iter1362","iter1363","iter1364","iter1365","iter1366","iter1367","iter1368","iter1369","iter1370","iter1371","iter1372","iter1373","iter1374","iter1375","iter1376","iter1377","iter1378","iter1379","iter1380","iter1381","iter1382","iter1383","iter1384","iter1385","iter1386","iter1387","iter1388","iter1389","iter1390","iter1391","iter1392","iter1393","iter1394","iter1395","iter1396","iter1397","iter1398","iter1399","iter1400","iter1401","iter1402","iter1403","iter1404","iter1405","iter1406","iter1407","iter1408","iter1409","iter1410","iter1411","iter1412","iter1413","iter1414","iter1415","iter1416","iter1417","iter1418","iter1419","iter1420","iter1421","iter1422","iter1423","iter1424","iter1425","iter1426","iter1427","iter1428","iter1429","iter1430","iter1431","iter1432","iter1433","iter1434","iter1435","iter1436","iter1437","iter1438","iter1439","iter1440","iter1441","iter1442","iter1443","iter1444","iter1445","iter1446","iter1447","iter1448","iter1449","iter1450","iter1451","iter1452","iter1453","iter1454","iter1455","iter1456","iter1457","iter1458","iter1459","iter1460","iter1461","iter1462","iter1463","iter1464","iter1465","iter1466","iter1467","iter1468","iter1469","iter1470","iter1471","iter1472","iter1473","iter1474","iter1475","iter1476","iter1477","iter1478","iter1479","iter1480","iter1481","iter1482","iter1483","iter1484","iter1485","iter1486","iter1487","iter1488","iter1489","iter1490","iter1491","iter1492","iter1493","iter1494","iter1495","iter1496","iter1497","iter1498","iter1499","iter1500","iter1501","iter1502","iter1503","iter1504","iter1505","iter1506","iter1507","iter1508","iter1509","iter1510","iter1511","iter1512","iter1513","iter1514","iter1515","iter1516","iter1517","iter1518","iter1519","iter1520","iter1521","iter1522","iter1523","iter1524","iter1525","iter1526","iter1527","iter1528","iter1529","iter1530","iter1531","iter1532","iter1533","iter1534","iter1535","iter1536","iter1537","iter1538","iter1539","iter1540","iter1541","iter1542","iter1543","iter1544","iter1545","iter1546","iter1547","iter1548","iter1549","iter1550","iter1551","iter1552","iter1553","iter1554","iter1555","iter1556","iter1557","iter1558","iter1559","iter1560","iter1561","iter1562","iter1563","iter1564","iter1565","iter1566","iter1567","iter1568","iter1569","iter1570","iter1571","iter1572","iter1573","iter1574","iter1575","iter1576","iter1577","iter1578","iter1579","iter1580","iter1581","iter1582","iter1583","iter1584","iter1585","iter1586","iter1587","iter1588","iter1589","iter1590","iter1591","iter1592","iter1593","iter1594","iter1595","iter1596","iter1597","iter1598","iter1599","iter1600","iter1601","iter1602","iter1603","iter1604","iter1605","iter1606","iter1607","iter1608","iter1609","iter1610","iter1611","iter1612","iter1613","iter1614","iter1615","iter1616","iter1617","iter1618","iter1619","iter1620","iter1621","iter1622","iter1623","iter1624","iter1625","iter1626","iter1627","iter1628","iter1629","iter1630","iter1631","iter1632","iter1633","iter1634","iter1635","iter1636","iter1637","iter1638","iter1639","iter1640","iter1641","iter1642","iter1643","iter1644","iter1645","iter1646","iter1647","iter1648","iter1649","iter1650","iter1651","iter1652","iter1653","iter1654","iter1655","iter1656","iter1657","iter1658","iter1659","iter1660","iter1661","iter1662","iter1663","iter1664","iter1665","iter1666","iter1667","iter1668","iter1669","iter1670","iter1671","iter1672","iter1673","iter1674","iter1675","iter1676","iter1677","iter1678","iter1679","iter1680","iter1681","iter1682","iter1683","iter1684","iter1685","iter1686","iter1687","iter1688","iter1689","iter1690","iter1691","iter1692","iter1693","iter1694","iter1695","iter1696","iter1697","iter1698","iter1699","iter1700","iter1701","iter1702","iter1703","iter1704","iter1705","iter1706","iter1707","iter1708","iter1709","iter1710","iter1711","iter1712","iter1713","iter1714","iter1715","iter1716","iter1717","iter1718","iter1719","iter1720","iter1721","iter1722","iter1723","iter1724","iter1725","iter1726","iter1727","iter1728","iter1729","iter1730","iter1731","iter1732","iter1733","iter1734","iter1735","iter1736","iter1737","iter1738","iter1739","iter1740","iter1741","iter1742","iter1743","iter1744","iter1745","iter1746","iter1747","iter1748","iter1749","iter1750","iter1751","iter1752","iter1753","iter1754","iter1755","iter1756","iter1757","iter1758","iter1759","iter1760","iter1761","iter1762","iter1763","iter1764","iter1765","iter1766","iter1767","iter1768","iter1769","iter1770","iter1771","iter1772","iter1773","iter1774","iter1775","iter1776","iter1777","iter1778","iter1779","iter1780","iter1781","iter1782","iter1783","iter1784","iter1785","iter1786","iter1787","iter1788","iter1789","iter1790","iter1791","iter1792","iter1793","iter1794","iter1795","iter1796","iter1797","iter1798","iter1799","iter1800","iter1801","iter1802","iter1803","iter1804","iter1805","iter1806","iter1807","iter1808","iter1809","iter1810","iter1811","iter1812","iter1813","iter1814","iter1815","iter1816","iter1817","iter1818","iter1819","iter1820","iter1821","iter1822","iter1823","iter1824","iter1825","iter1826","iter1827","iter1828","iter1829","iter1830","iter1831","iter1832","iter1833","iter1834","iter1835","iter1836","iter1837","iter1838","iter1839","iter1840","iter1841","iter1842","iter1843","iter1844","iter1845","iter1846","iter1847","iter1848","iter1849","iter1850","iter1851","iter1852","iter1853","iter1854","iter1855","iter1856","iter1857","iter1858","iter1859","iter1860","iter1861","iter1862","iter1863","iter1864","iter1865","iter1866","iter1867","iter1868","iter1869","iter1870","iter1871","iter1872","iter1873","iter1874","iter1875","iter1876","iter1877","iter1878","iter1879","iter1880","iter1881","iter1882","iter1883","iter1884","iter1885","iter1886","iter1887","iter1888","iter1889","iter1890","iter1891","iter1892","iter1893","iter1894","iter1895","iter1896","iter1897","iter1898","iter1899","iter1900","iter1901","iter1902","iter1903","iter1904","iter1905","iter1906","iter1907","iter1908","iter1909","iter1910","iter1911","iter1912","iter1913","iter1914","iter1915","iter1916","iter1917","iter1918","iter1919","iter1920","iter1921","iter1922","iter1923","iter1924","iter1925","iter1926","iter1927","iter1928","iter1929","iter1930","iter1931","iter1932","iter1933","iter1934","iter1935","iter1936","iter1937","iter1938","iter1939","iter1940","iter1941","iter1942","iter1943","iter1944","iter1945","iter1946","iter1947","iter1948","iter1949","iter1950","iter1951","iter1952","iter1953","iter1954","iter1955","iter1956","iter1957","iter1958","iter1959","iter1960","iter1961","iter1962","iter1963","iter1964","iter1965","iter1966","iter1967","iter1968","iter1969","iter1970","iter1971","iter1972","iter1973","iter1974","iter1975","iter1976","iter1977","iter1978","iter1979","iter1980","iter1981","iter1982","iter1983","iter1984","iter1985","iter1986","iter1987","iter1988","iter1989","iter1990","iter1991","iter1992","iter1993","iter1994","iter1995","iter1996","iter1997","iter1998","iter1999","iter2000","iter2001","iter2002","iter2003","iter2004","iter2005","iter2006","iter2007","iter2008","iter2009","iter2010","iter2011","iter2012","iter2013","iter2014","iter2015","iter2016","iter2017","iter2018","iter2019","iter2020","iter2021","iter2022","iter2023","iter2024","iter2025","iter2026","iter2027","iter2028","iter2029","iter2030","iter2031","iter2032","iter2033","iter2034","iter2035","iter2036","iter2037","iter2038","iter2039","iter2040","iter2041","iter2042","iter2043","iter2044","iter2045","iter2046","iter2047","iter2048","iter2049","iter2050","iter2051","iter2052","iter2053","iter2054","iter2055","iter2056","iter2057","iter2058","iter2059","iter2060","iter2061","iter2062","iter2063","iter2064","iter2065","iter2066","iter2067","iter2068","iter2069","iter2070","iter2071","iter2072","iter2073","iter2074","iter2075","iter2076","iter2077","iter2078","iter2079","iter2080","iter2081","iter2082","iter2083","iter2084","iter2085","iter2086","iter2087","iter2088","iter2089","iter2090","iter2091","iter2092","iter2093","iter2094","iter2095","iter2096","iter2097","iter2098","iter2099","iter2100","iter2101","iter2102","iter2103","iter2104","iter2105","iter2106","iter2107","iter2108","iter2109","iter2110","iter2111","iter2112","iter2113","iter2114","iter2115","iter2116","iter2117","iter2118","iter2119","iter2120","iter2121","iter2122","iter2123","iter2124","iter2125","iter2126","iter2127","iter2128","iter2129","iter2130","iter2131","iter2132","iter2133","iter2134","iter2135","iter2136","iter2137","iter2138","iter2139","iter2140","iter2141","iter2142","iter2143","iter2144","iter2145","iter2146","iter2147","iter2148","iter2149","iter2150","iter2151","iter2152","iter2153","iter2154","iter2155","iter2156","iter2157","iter2158","iter2159","iter2160","iter2161","iter2162","iter2163","iter2164","iter2165","iter2166","iter2167","iter2168","iter2169","iter2170","iter2171","iter2172","iter2173","iter2174","iter2175","iter2176","iter2177","iter2178","iter2179","iter2180","iter2181","iter2182","iter2183","iter2184","iter2185","iter2186","iter2187","iter2188","iter2189","iter2190","iter2191","iter2192","iter2193","iter2194","iter2195","iter2196","iter2197","iter2198","iter2199","iter2200","iter2201","iter2202","iter2203","iter2204","iter2205","iter2206","iter2207","iter2208","iter2209","iter2210","iter2211","iter2212","iter2213","iter2214","iter2215","iter2216","iter2217","iter2218","iter2219","iter2220","iter2221","iter2222","iter2223","iter2224","iter2225","iter2226","iter2227","iter2228","iter2229","iter2230","iter2231","iter2232","iter2233","iter2234","iter2235","iter2236","iter2237","iter2238","iter2239","iter2240","iter2241","iter2242","iter2243","iter2244","iter2245","iter2246","iter2247","iter2248","iter2249","iter2250","iter2251","iter2252","iter2253","iter2254","iter2255","iter2256","iter2257","iter2258","iter2259","iter2260","iter2261","iter2262","iter2263","iter2264","iter2265","iter2266","iter2267","iter2268","iter2269","iter2270","iter2271","iter2272","iter2273","iter2274","iter2275","iter2276","iter2277","iter2278","iter2279","iter2280","iter2281","iter2282","iter2283","iter2284","iter2285","iter2286","iter2287","iter2288","iter2289","iter2290","iter2291","iter2292","iter2293","iter2294","iter2295","iter2296","iter2297","iter2298","iter2299","iter2300","iter2301","iter2302","iter2303","iter2304","iter2305","iter2306","iter2307","iter2308","iter2309","iter2310","iter2311","iter2312","iter2313","iter2314","iter2315","iter2316","iter2317","iter2318","iter2319","iter2320","iter2321","iter2322","iter2323","iter2324","iter2325","iter2326","iter2327","iter2328","iter2329","iter2330","iter2331","iter2332","iter2333","iter2334","iter2335","iter2336","iter2337","iter2338","iter2339","iter2340","iter2341","iter2342","iter2343","iter2344","iter2345","iter2346","iter2347","iter2348","iter2349","iter2350","iter2351","iter2352","iter2353","iter2354","iter2355","iter2356","iter2357","iter2358","iter2359","iter2360","iter2361","iter2362","iter2363","iter2364","iter2365","iter2366","iter2367","iter2368","iter2369","iter2370","iter2371","iter2372","iter2373","iter2374","iter2375","iter2376","iter2377","iter2378","iter2379","iter2380","iter2381","iter2382","iter2383","iter2384","iter2385","iter2386","iter2387","iter2388","iter2389","iter2390","iter2391","iter2392","iter2393","iter2394","iter2395","iter2396","iter2397","iter2398","iter2399","iter2400","iter2401","iter2402","iter2403","iter2404","iter2405","iter2406","iter2407","iter2408","iter2409","iter2410","iter2411","iter2412","iter2413","iter2414","iter2415","iter2416","iter2417","iter2418","iter2419","iter2420","iter2421","iter2422","iter2423","iter2424","iter2425","iter2426","iter2427","iter2428","iter2429","iter2430","iter2431","iter2432","iter2433","iter2434","iter2435","iter2436","iter2437","iter2438","iter2439","iter2440","iter2441","iter2442","iter2443","iter2444","iter2445","iter2446","iter2447","iter2448","iter2449","iter2450","iter2451","iter2452","iter2453","iter2454","iter2455","iter2456","iter2457","iter2458","iter2459","iter2460","iter2461","iter2462","iter2463","iter2464","iter2465","iter2466","iter2467","iter2468","iter2469","iter2470","iter2471","iter2472","iter2473","iter2474","iter2475","iter2476","iter2477","iter2478","iter2479","iter2480","iter2481","iter2482","iter2483","iter2484","iter2485","iter2486","iter2487","iter2488","iter2489","iter2490","iter2491","iter2492","iter2493","iter2494","iter2495","iter2496","iter2497","iter2498","iter2499","iter2500","iter2501","iter2502","iter2503","iter2504","iter2505","iter2506","iter2507","iter2508","iter2509","iter2510","iter2511","iter2512","iter2513","iter2514","iter2515","iter2516","iter2517","iter2518","iter2519","iter2520","iter2521","iter2522","iter2523","iter2524","iter2525","iter2526","iter2527","iter2528","iter2529","iter2530","iter2531","iter2532","iter2533","iter2534","iter2535","iter2536","iter2537","iter2538","iter2539","iter2540","iter2541","iter2542","iter2543","iter2544","iter2545","iter2546","iter2547","iter2548","iter2549","iter2550","iter2551","iter2552","iter2553","iter2554","iter2555","iter2556","iter2557","iter2558","iter2559","iter2560","iter2561","iter2562","iter2563","iter2564","iter2565","iter2566","iter2567","iter2568","iter2569","iter2570","iter2571","iter2572","iter2573","iter2574","iter2575","iter2576","iter2577","iter2578","iter2579","iter2580","iter2581","iter2582","iter2583","iter2584","iter2585","iter2586","iter2587","iter2588","iter2589","iter2590","iter2591","iter2592","iter2593","iter2594","iter2595","iter2596","iter2597","iter2598","iter2599","iter2600","iter2601","iter2602","iter2603","iter2604","iter2605","iter2606","iter2607","iter2608","iter2609","iter2610","iter2611","iter2612","iter2613","iter2614","iter2615","iter2616","iter2617","iter2618","iter2619","iter2620","iter2621","iter2622","iter2623","iter2624","iter2625","iter2626","iter2627","iter2628","iter2629","iter2630","iter2631","iter2632","iter2633","iter2634","iter2635","iter2636","iter2637","iter2638","iter2639","iter2640","iter2641","iter2642","iter2643","iter2644","iter2645","iter2646","iter2647","iter2648","iter2649","iter2650","iter2651","iter2652","iter2653","iter2654","iter2655","iter2656","iter2657","iter2658","iter2659","iter2660","iter2661","iter2662","iter2663","iter2664","iter2665","iter2666","iter2667","iter2668","iter2669","iter2670","iter2671","iter2672","iter2673","iter2674","iter2675","iter2676","iter2677","iter2678","iter2679","iter2680","iter2681","iter2682","iter2683","iter2684","iter2685","iter2686","iter2687","iter2688","iter2689","iter2690","iter2691","iter2692","iter2693","iter2694","iter2695","iter2696","iter2697","iter2698","iter2699","iter2700","iter2701","iter2702","iter2703","iter2704","iter2705","iter2706","iter2707","iter2708","iter2709","iter2710","iter2711","iter2712","iter2713","iter2714","iter2715","iter2716","iter2717","iter2718","iter2719","iter2720","iter2721","iter2722","iter2723","iter2724","iter2725","iter2726","iter2727","iter2728","iter2729","iter2730","iter2731","iter2732","iter2733","iter2734","iter2735","iter2736","iter2737","iter2738","iter2739","iter2740","iter2741","iter2742","iter2743","iter2744","iter2745","iter2746","iter2747","iter2748","iter2749","iter2750","iter2751","iter2752","iter2753","iter2754","iter2755","iter2756","iter2757","iter2758","iter2759","iter2760","iter2761","iter2762","iter2763","iter2764","iter2765","iter2766","iter2767","iter2768","iter2769","iter2770","iter2771","iter2772","iter2773","iter2774","iter2775","iter2776","iter2777","iter2778","iter2779","iter2780","iter2781","iter2782","iter2783","iter2784","iter2785","iter2786","iter2787","iter2788","iter2789","iter2790","iter2791","iter2792","iter2793","iter2794","iter2795","iter2796","iter2797","iter2798","iter2799","iter2800","iter2801","iter2802","iter2803","iter2804","iter2805","iter2806","iter2807","iter2808","iter2809","iter2810","iter2811","iter2812","iter2813","iter2814","iter2815","iter2816","iter2817","iter2818","iter2819","iter2820","iter2821","iter2822","iter2823","iter2824","iter2825","iter2826","iter2827","iter2828","iter2829","iter2830","iter2831","iter2832","iter2833","iter2834","iter2835","iter2836","iter2837","iter2838","iter2839","iter2840","iter2841","iter2842","iter2843","iter2844","iter2845","iter2846","iter2847","iter2848","iter2849","iter2850","iter2851","iter2852","iter2853","iter2854","iter2855","iter2856","iter2857","iter2858","iter2859","iter2860","iter2861","iter2862","iter2863","iter2864","iter2865","iter2866","iter2867","iter2868","iter2869","iter2870","iter2871","iter2872","iter2873","iter2874","iter2875","iter2876","iter2877","iter2878","iter2879","iter2880","iter2881","iter2882","iter2883","iter2884","iter2885","iter2886","iter2887","iter2888","iter2889","iter2890","iter2891","iter2892","iter2893","iter2894","iter2895","iter2896","iter2897","iter2898","iter2899","iter2900","iter2901","iter2902","iter2903","iter2904","iter2905","iter2906","iter2907","iter2908","iter2909","iter2910","iter2911","iter2912","iter2913","iter2914","iter2915","iter2916","iter2917","iter2918","iter2919","iter2920","iter2921","iter2922","iter2923","iter2924","iter2925","iter2926","iter2927","iter2928","iter2929","iter2930","iter2931","iter2932","iter2933","iter2934","iter2935","iter2936","iter2937","iter2938","iter2939","iter2940","iter2941","iter2942","iter2943","iter2944","iter2945","iter2946","iter2947","iter2948","iter2949","iter2950","iter2951","iter2952","iter2953","iter2954","iter2955","iter2956","iter2957","iter2958","iter2959","iter2960","iter2961","iter2962","iter2963","iter2964","iter2965","iter2966","iter2967","iter2968","iter2969","iter2970","iter2971","iter2972","iter2973","iter2974","iter2975","iter2976","iter2977","iter2978","iter2979","iter2980","iter2981","iter2982","iter2983","iter2984","iter2985","iter2986","iter2987","iter2988","iter2989","iter2990","iter2991","iter2992","iter2993","iter2994","iter2995","iter2996","iter2997","iter2998","iter2999","iter3000","iter3001","iter3002","iter3003","iter3004","iter3005","iter3006","iter3007","iter3008","iter3009","iter3010","iter3011","iter3012","iter3013","iter3014","iter3015","iter3016","iter3017","iter3018","iter3019","iter3020","iter3021","iter3022","iter3023","iter3024","iter3025","iter3026","iter3027","iter3028","iter3029","iter3030","iter3031","iter3032","iter3033","iter3034","iter3035","iter3036","iter3037","iter3038","iter3039","iter3040","iter3041","iter3042","iter3043","iter3044","iter3045","iter3046","iter3047","iter3048","iter3049","iter3050","iter3051","iter3052","iter3053","iter3054","iter3055","iter3056","iter3057","iter3058","iter3059","iter3060","iter3061","iter3062","iter3063","iter3064","iter3065","iter3066","iter3067","iter3068","iter3069","iter3070","iter3071","iter3072","iter3073","iter3074","iter3075","iter3076","iter3077","iter3078","iter3079","iter3080","iter3081","iter3082","iter3083","iter3084","iter3085","iter3086","iter3087","iter3088","iter3089","iter3090","iter3091","iter3092","iter3093","iter3094","iter3095","iter3096","iter3097","iter3098","iter3099","iter3100","iter3101","iter3102","iter3103","iter3104","iter3105","iter3106","iter3107","iter3108","iter3109","iter3110","iter3111","iter3112","iter3113","iter3114","iter3115","iter3116","iter3117","iter3118","iter3119","iter3120","iter3121","iter3122","iter3123","iter3124","iter3125","iter3126","iter3127","iter3128","iter3129","iter3130","iter3131","iter3132","iter3133","iter3134","iter3135","iter3136","iter3137","iter3138","iter3139","iter3140","iter3141","iter3142","iter3143","iter3144","iter3145","iter3146","iter3147","iter3148","iter3149","iter3150","iter3151","iter3152","iter3153","iter3154","iter3155","iter3156","iter3157","iter3158","iter3159","iter3160","iter3161","iter3162","iter3163","iter3164","iter3165","iter3166","iter3167","iter3168","iter3169","iter3170","iter3171","iter3172","iter3173","iter3174","iter3175","iter3176","iter3177","iter3178","iter3179","iter3180","iter3181","iter3182","iter3183","iter3184","iter3185","iter3186","iter3187","iter3188","iter3189","iter3190","iter3191","iter3192","iter3193","iter3194","iter3195","iter3196","iter3197","iter3198","iter3199","iter3200","iter3201","iter3202","iter3203","iter3204","iter3205","iter3206","iter3207","iter3208","iter3209","iter3210","iter3211","iter3212","iter3213","iter3214","iter3215","iter3216","iter3217","iter3218","iter3219","iter3220","iter3221","iter3222","iter3223","iter3224","iter3225","iter3226","iter3227","iter3228","iter3229","iter3230","iter3231","iter3232","iter3233","iter3234","iter3235","iter3236","iter3237","iter3238","iter3239","iter3240","iter3241","iter3242","iter3243","iter3244","iter3245","iter3246","iter3247","iter3248","iter3249","iter3250","iter3251","iter3252","iter3253","iter3254","iter3255","iter3256","iter3257","iter3258","iter3259","iter3260","iter3261","iter3262","iter3263","iter3264","iter3265","iter3266","iter3267","iter3268","iter3269","iter3270","iter3271","iter3272","iter3273","iter3274","iter3275","iter3276","iter3277","iter3278","iter3279","iter3280","iter3281","iter3282","iter3283","iter3284","iter3285","iter3286","iter3287","iter3288","iter3289","iter3290","iter3291","iter3292","iter3293","iter3294","iter3295","iter3296","iter3297","iter3298","iter3299","iter3300","iter3301","iter3302","iter3303","iter3304","iter3305","iter3306","iter3307","iter3308","iter3309","iter3310","iter3311","iter3312","iter3313","iter3314","iter3315","iter3316","iter3317","iter3318","iter3319","iter3320","iter3321","iter3322","iter3323","iter3324","iter3325","iter3326","iter3327","iter3328","iter3329","iter3330","iter3331","iter3332","iter3333","iter3334","iter3335","iter3336","iter3337","iter3338","iter3339","iter3340","iter3341","iter3342","iter3343","iter3344","iter3345","iter3346","iter3347","iter3348","iter3349","iter3350","iter3351","iter3352","iter3353","iter3354","iter3355","iter3356","iter3357","iter3358","iter3359","iter3360","iter3361","iter3362","iter3363","iter3364","iter3365","iter3366","iter3367","iter3368","iter3369","iter3370","iter3371","iter3372","iter3373","iter3374","iter3375","iter3376","iter3377","iter3378","iter3379","iter3380","iter3381","iter3382","iter3383","iter3384","iter3385","iter3386","iter3387","iter3388","iter3389","iter3390","iter3391","iter3392","iter3393","iter3394","iter3395","iter3396","iter3397","iter3398","iter3399","iter3400","iter3401","iter3402","iter3403","iter3404","iter3405","iter3406","iter3407","iter3408","iter3409","iter3410","iter3411","iter3412","iter3413","iter3414","iter3415","iter3416","iter3417","iter3418","iter3419","iter3420","iter3421","iter3422","iter3423","iter3424","iter3425","iter3426","iter3427","iter3428","iter3429","iter3430","iter3431","iter3432","iter3433","iter3434","iter3435","iter3436","iter3437","iter3438","iter3439","iter3440","iter3441","iter3442","iter3443","iter3444","iter3445","iter3446","iter3447","iter3448","iter3449","iter3450","iter3451","iter3452","iter3453","iter3454","iter3455","iter3456","iter3457","iter3458","iter3459","iter3460","iter3461","iter3462","iter3463","iter3464","iter3465","iter3466","iter3467","iter3468","iter3469","iter3470","iter3471","iter3472","iter3473","iter3474","iter3475","iter3476","iter3477","iter3478","iter3479","iter3480","iter3481","iter3482","iter3483","iter3484","iter3485","iter3486","iter3487","iter3488","iter3489","iter3490","iter3491","iter3492","iter3493","iter3494","iter3495","iter3496","iter3497","iter3498","iter3499","iter3500","iter3501","iter3502","iter3503","iter3504","iter3505","iter3506","iter3507","iter3508","iter3509","iter3510","iter3511","iter3512","iter3513","iter3514","iter3515","iter3516","iter3517","iter3518","iter3519","iter3520","iter3521","iter3522","iter3523","iter3524","iter3525","iter3526","iter3527","iter3528","iter3529","iter3530","iter3531","iter3532","iter3533","iter3534","iter3535","iter3536","iter3537","iter3538","iter3539","iter3540","iter3541","iter3542","iter3543","iter3544","iter3545","iter3546","iter3547","iter3548","iter3549","iter3550","iter3551","iter3552","iter3553","iter3554","iter3555","iter3556","iter3557","iter3558","iter3559","iter3560","iter3561","iter3562","iter3563","iter3564","iter3565","iter3566","iter3567","iter3568","iter3569","iter3570","iter3571","iter3572","iter3573","iter3574","iter3575","iter3576","iter3577","iter3578","iter3579","iter3580","iter3581","iter3582","iter3583","iter3584","iter3585","iter3586","iter3587","iter3588","iter3589","iter3590","iter3591","iter3592","iter3593","iter3594","iter3595","iter3596","iter3597","iter3598","iter3599","iter3600","iter3601","iter3602","iter3603","iter3604","iter3605","iter3606","iter3607","iter3608","iter3609","iter3610","iter3611","iter3612","iter3613","iter3614","iter3615","iter3616","iter3617","iter3618","iter3619","iter3620","iter3621","iter3622","iter3623","iter3624","iter3625","iter3626","iter3627","iter3628","iter3629","iter3630","iter3631","iter3632","iter3633","iter3634","iter3635","iter3636","iter3637","iter3638","iter3639","iter3640","iter3641","iter3642","iter3643","iter3644","iter3645","iter3646","iter3647","iter3648","iter3649","iter3650","iter3651","iter3652","iter3653","iter3654","iter3655","iter3656","iter3657","iter3658","iter3659","iter3660","iter3661","iter3662","iter3663","iter3664","iter3665","iter3666","iter3667","iter3668","iter3669","iter3670","iter3671","iter3672","iter3673","iter3674","iter3675","iter3676","iter3677","iter3678","iter3679","iter3680","iter3681","iter3682","iter3683","iter3684","iter3685","iter3686","iter3687","iter3688","iter3689","iter3690","iter3691","iter3692","iter3693","iter3694","iter3695","iter3696","iter3697","iter3698","iter3699","iter3700","iter3701","iter3702","iter3703","iter3704","iter3705","iter3706","iter3707","iter3708","iter3709","iter3710","iter3711","iter3712","iter3713","iter3714","iter3715","iter3716","iter3717","iter3718","iter3719","iter3720","iter3721","iter3722","iter3723","iter3724","iter3725","iter3726","iter3727","iter3728","iter3729","iter3730","iter3731","iter3732","iter3733","iter3734","iter3735","iter3736","iter3737","iter3738","iter3739","iter3740","iter3741","iter3742","iter3743","iter3744","iter3745","iter3746","iter3747","iter3748","iter3749","iter3750","iter3751","iter3752","iter3753","iter3754","iter3755","iter3756","iter3757","iter3758","iter3759","iter3760","iter3761","iter3762","iter3763","iter3764","iter3765","iter3766","iter3767","iter3768","iter3769","iter3770","iter3771","iter3772","iter3773","iter3774","iter3775","iter3776","iter3777","iter3778","iter3779","iter3780","iter3781","iter3782","iter3783","iter3784","iter3785","iter3786","iter3787","iter3788","iter3789","iter3790","iter3791","iter3792","iter3793","iter3794","iter3795","iter3796","iter3797","iter3798","iter3799","iter3800","iter3801","iter3802","iter3803","iter3804","iter3805","iter3806","iter3807","iter3808","iter3809","iter3810","iter3811","iter3812","iter3813","iter3814","iter3815","iter3816","iter3817","iter3818","iter3819","iter3820","iter3821","iter3822","iter3823","iter3824","iter3825","iter3826","iter3827","iter3828","iter3829","iter3830","iter3831","iter3832","iter3833","iter3834","iter3835","iter3836","iter3837","iter3838","iter3839","iter3840","iter3841","iter3842","iter3843","iter3844","iter3845","iter3846","iter3847","iter3848","iter3849","iter3850","iter3851","iter3852","iter3853","iter3854","iter3855","iter3856","iter3857","iter3858","iter3859","iter3860","iter3861","iter3862","iter3863","iter3864","iter3865","iter3866","iter3867","iter3868","iter3869","iter3870","iter3871","iter3872","iter3873","iter3874","iter3875","iter3876","iter3877","iter3878","iter3879","iter3880","iter3881","iter3882","iter3883","iter3884","iter3885","iter3886","iter3887","iter3888","iter3889","iter3890","iter3891","iter3892","iter3893","iter3894","iter3895","iter3896","iter3897","iter3898","iter3899","iter3900","iter3901","iter3902","iter3903","iter3904","iter3905","iter3906","iter3907","iter3908","iter3909","iter3910","iter3911","iter3912","iter3913","iter3914","iter3915","iter3916","iter3917","iter3918","iter3919","iter3920","iter3921","iter3922","iter3923","iter3924","iter3925","iter3926","iter3927","iter3928","iter3929","iter3930","iter3931","iter3932","iter3933","iter3934","iter3935","iter3936","iter3937","iter3938","iter3939","iter3940","iter3941","iter3942","iter3943","iter3944","iter3945","iter3946","iter3947","iter3948","iter3949","iter3950","iter3951","iter3952","iter3953","iter3954","iter3955","iter3956","iter3957","iter3958","iter3959","iter3960","iter3961","iter3962","iter3963","iter3964","iter3965","iter3966","iter3967","iter3968","iter3969","iter3970","iter3971","iter3972","iter3973","iter3974","iter3975","iter3976","iter3977","iter3978","iter3979","iter3980","iter3981","iter3982","iter3983","iter3984","iter3985","iter3986","iter3987","iter3988","iter3989","iter3990","iter3991","iter3992","iter3993","iter3994","iter3995","iter3996","iter3997","iter3998","iter3999","iter4000","iter4001","iter4002","iter4003","iter4004","iter4005","iter4006","iter4007","iter4008","iter4009","iter4010","iter4011","iter4012","iter4013","iter4014","iter4015","iter4016","iter4017","iter4018","iter4019","iter4020","iter4021","iter4022","iter4023","iter4024","iter4025","iter4026","iter4027","iter4028","iter4029","iter4030","iter4031","iter4032","iter4033","iter4034","iter4035","iter4036","iter4037","iter4038","iter4039","iter4040","iter4041","iter4042","iter4043","iter4044","iter4045","iter4046","iter4047","iter4048","iter4049","iter4050","iter4051","iter4052","iter4053","iter4054","iter4055","iter4056","iter4057","iter4058","iter4059","iter4060","iter4061","iter4062","iter4063","iter4064","iter4065","iter4066","iter4067","iter4068","iter4069","iter4070","iter4071","iter4072","iter4073","iter4074","iter4075","iter4076","iter4077","iter4078","iter4079","iter4080","iter4081","iter4082","iter4083","iter4084","iter4085","iter4086","iter4087","iter4088","iter4089","iter4090","iter4091","iter4092","iter4093","iter4094","iter4095","iter4096","iter4097","iter4098","iter4099","iter4100","iter4101","iter4102","iter4103","iter4104","iter4105","iter4106","iter4107","iter4108","iter4109","iter4110","iter4111","iter4112","iter4113","iter4114","iter4115","iter4116","iter4117","iter4118","iter4119","iter4120","iter4121","iter4122","iter4123","iter4124","iter4125","iter4126","iter4127","iter4128","iter4129","iter4130","iter4131","iter4132","iter4133","iter4134","iter4135","iter4136","iter4137","iter4138","iter4139","iter4140","iter4141","iter4142","iter4143","iter4144","iter4145","iter4146","iter4147","iter4148","iter4149","iter4150","iter4151","iter4152","iter4153","iter4154","iter4155","iter4156","iter4157","iter4158","iter4159","iter4160","iter4161","iter4162","iter4163","iter4164","iter4165","iter4166","iter4167","iter4168","iter4169","iter4170","iter4171","iter4172","iter4173","iter4174","iter4175","iter4176","iter4177","iter4178","iter4179","iter4180","iter4181","iter4182","iter4183","iter4184","iter4185","iter4186","iter4187","iter4188","iter4189","iter4190","iter4191","iter4192","iter4193","iter4194","iter4195","iter4196","iter4197","iter4198","iter4199","iter4200","iter4201","iter4202","iter4203","iter4204","iter4205","iter4206","iter4207","iter4208","iter4209","iter4210","iter4211","iter4212","iter4213","iter4214","iter4215","iter4216","iter4217","iter4218","iter4219","iter4220","iter4221","iter4222","iter4223","iter4224","iter4225","iter4226","iter4227","iter4228","iter4229","iter4230","iter4231","iter4232","iter4233","iter4234","iter4235","iter4236","iter4237","iter4238","iter4239","iter4240","iter4241","iter4242","iter4243","iter4244","iter4245","iter4246","iter4247","iter4248","iter4249","iter4250","iter4251","iter4252","iter4253","iter4254","iter4255","iter4256","iter4257","iter4258","iter4259","iter4260","iter4261","iter4262","iter4263","iter4264","iter4265","iter4266","iter4267","iter4268","iter4269","iter4270","iter4271","iter4272","iter4273","iter4274","iter4275","iter4276","iter4277","iter4278","iter4279","iter4280","iter4281","iter4282","iter4283","iter4284","iter4285","iter4286","iter4287","iter4288","iter4289","iter4290","iter4291","iter4292","iter4293","iter4294","iter4295","iter4296","iter4297","iter4298","iter4299","iter4300","iter4301","iter4302","iter4303","iter4304","iter4305","iter4306","iter4307","iter4308","iter4309","iter4310","iter4311","iter4312","iter4313","iter4314","iter4315","iter4316","iter4317","iter4318","iter4319","iter4320","iter4321","iter4322","iter4323","iter4324","iter4325","iter4326","iter4327","iter4328","iter4329","iter4330","iter4331","iter4332","iter4333","iter4334","iter4335","iter4336","iter4337","iter4338","iter4339","iter4340","iter4341","iter4342","iter4343","iter4344","iter4345","iter4346","iter4347","iter4348","iter4349","iter4350","iter4351","iter4352","iter4353","iter4354","iter4355","iter4356","iter4357","iter4358","iter4359","iter4360","iter4361","iter4362","iter4363","iter4364","iter4365","iter4366","iter4367","iter4368","iter4369","iter4370","iter4371","iter4372","iter4373","iter4374","iter4375","iter4376","iter4377","iter4378","iter4379","iter4380","iter4381","iter4382","iter4383","iter4384","iter4385","iter4386","iter4387","iter4388","iter4389","iter4390","iter4391","iter4392","iter4393","iter4394","iter4395","iter4396","iter4397","iter4398","iter4399","iter4400","iter4401","iter4402","iter4403","iter4404","iter4405","iter4406","iter4407","iter4408","iter4409","iter4410","iter4411","iter4412","iter4413","iter4414","iter4415","iter4416","iter4417","iter4418","iter4419","iter4420","iter4421","iter4422","iter4423","iter4424","iter4425","iter4426","iter4427","iter4428","iter4429","iter4430","iter4431","iter4432","iter4433","iter4434","iter4435","iter4436","iter4437","iter4438","iter4439","iter4440","iter4441","iter4442","iter4443","iter4444","iter4445","iter4446","iter4447","iter4448","iter4449","iter4450","iter4451","iter4452","iter4453","iter4454","iter4455","iter4456","iter4457","iter4458","iter4459","iter4460","iter4461","iter4462","iter4463","iter4464","iter4465","iter4466","iter4467","iter4468","iter4469","iter4470","iter4471","iter4472","iter4473","iter4474","iter4475","iter4476","iter4477","iter4478","iter4479","iter4480","iter4481","iter4482","iter4483","iter4484","iter4485","iter4486","iter4487","iter4488","iter4489","iter4490","iter4491","iter4492","iter4493","iter4494","iter4495","iter4496","iter4497","iter4498","iter4499","iter4500","iter4501","iter4502","iter4503","iter4504","iter4505","iter4506","iter4507","iter4508","iter4509","iter4510","iter4511","iter4512","iter4513","iter4514","iter4515","iter4516","iter4517","iter4518","iter4519","iter4520","iter4521","iter4522","iter4523","iter4524","iter4525","iter4526","iter4527","iter4528","iter4529","iter4530","iter4531","iter4532","iter4533","iter4534","iter4535","iter4536","iter4537","iter4538","iter4539","iter4540","iter4541","iter4542","iter4543","iter4544","iter4545","iter4546","iter4547","iter4548","iter4549","iter4550","iter4551","iter4552","iter4553","iter4554","iter4555","iter4556","iter4557","iter4558","iter4559","iter4560","iter4561","iter4562","iter4563","iter4564","iter4565","iter4566","iter4567","iter4568","iter4569","iter4570","iter4571","iter4572","iter4573","iter4574","iter4575","iter4576","iter4577","iter4578","iter4579","iter4580","iter4581","iter4582","iter4583","iter4584","iter4585","iter4586","iter4587","iter4588","iter4589","iter4590","iter4591","iter4592","iter4593","iter4594","iter4595","iter4596","iter4597","iter4598","iter4599","iter4600","iter4601","iter4602","iter4603","iter4604","iter4605","iter4606","iter4607","iter4608","iter4609","iter4610","iter4611","iter4612","iter4613","iter4614","iter4615","iter4616","iter4617","iter4618","iter4619","iter4620","iter4621","iter4622","iter4623","iter4624","iter4625","iter4626","iter4627","iter4628","iter4629","iter4630","iter4631","iter4632","iter4633","iter4634","iter4635","iter4636","iter4637","iter4638","iter4639","iter4640","iter4641","iter4642","iter4643","iter4644","iter4645","iter4646","iter4647","iter4648","iter4649","iter4650","iter4651","iter4652","iter4653","iter4654","iter4655","iter4656","iter4657","iter4658","iter4659","iter4660","iter4661","iter4662","iter4663","iter4664","iter4665","iter4666","iter4667","iter4668","iter4669","iter4670","iter4671","iter4672","iter4673","iter4674","iter4675","iter4676","iter4677","iter4678","iter4679","iter4680","iter4681","iter4682","iter4683","iter4684","iter4685","iter4686","iter4687","iter4688","iter4689","iter4690","iter4691","iter4692","iter4693","iter4694","iter4695","iter4696","iter4697","iter4698","iter4699","iter4700","iter4701","iter4702","iter4703","iter4704","iter4705","iter4706","iter4707","iter4708","iter4709","iter4710","iter4711","iter4712","iter4713","iter4714","iter4715","iter4716","iter4717","iter4718","iter4719","iter4720","iter4721","iter4722","iter4723","iter4724","iter4725","iter4726","iter4727","iter4728","iter4729","iter4730","iter4731","iter4732","iter4733","iter4734","iter4735","iter4736","iter4737","iter4738","iter4739","iter4740","iter4741","iter4742","iter4743","iter4744","iter4745","iter4746","iter4747","iter4748","iter4749","iter4750","iter4751","iter4752","iter4753","iter4754","iter4755","iter4756","iter4757","iter4758","iter4759","iter4760","iter4761","iter4762","iter4763","iter4764","iter4765","iter4766","iter4767","iter4768","iter4769","iter4770","iter4771","iter4772","iter4773","iter4774","iter4775","iter4776","iter4777","iter4778","iter4779","iter4780","iter4781","iter4782","iter4783","iter4784","iter4785","iter4786","iter4787","iter4788","iter4789","iter4790","iter4791","iter4792","iter4793","iter4794","iter4795","iter4796","iter4797","iter4798","iter4799","iter4800","iter4801","iter4802","iter4803","iter4804","iter4805","iter4806","iter4807","iter4808","iter4809","iter4810","iter4811","iter4812","iter4813","iter4814","iter4815","iter4816","iter4817","iter4818","iter4819","iter4820","iter4821","iter4822","iter4823","iter4824","iter4825","iter4826","iter4827","iter4828","iter4829","iter4830","iter4831","iter4832","iter4833","iter4834","iter4835","iter4836","iter4837","iter4838","iter4839","iter4840","iter4841","iter4842","iter4843","iter4844","iter4845","iter4846","iter4847","iter4848","iter4849","iter4850","iter4851","iter4852","iter4853","iter4854","iter4855","iter4856","iter4857","iter4858","iter4859","iter4860","iter4861","iter4862","iter4863","iter4864","iter4865","iter4866","iter4867","iter4868","iter4869","iter4870","iter4871","iter4872","iter4873","iter4874","iter4875","iter4876","iter4877","iter4878","iter4879","iter4880","iter4881","iter4882","iter4883","iter4884","iter4885","iter4886","iter4887","iter4888","iter4889","iter4890","iter4891","iter4892","iter4893","iter4894","iter4895","iter4896","iter4897","iter4898","iter4899","iter4900","iter4901","iter4902","iter4903","iter4904","iter4905","iter4906","iter4907","iter4908","iter4909","iter4910","iter4911","iter4912","iter4913","iter4914","iter4915","iter4916","iter4917","iter4918","iter4919","iter4920","iter4921","iter4922","iter4923","iter4924","iter4925","iter4926","iter4927","iter4928","iter4929","iter4930","iter4931","iter4932","iter4933","iter4934","iter4935","iter4936","iter4937","iter4938","iter4939","iter4940","iter4941","iter4942","iter4943","iter4944","iter4945","iter4946","iter4947","iter4948","iter4949","iter4950","iter4951","iter4952","iter4953","iter4954","iter4955","iter4956","iter4957","iter4958","iter4959","iter4960","iter4961","iter4962","iter4963","iter4964","iter4965","iter4966","iter4967","iter4968","iter4969","iter4970","iter4971","iter4972","iter4973","iter4974","iter4975","iter4976","iter4977","iter4978","iter4979","iter4980","iter4981","iter4982","iter4983","iter4984","iter4985","iter4986","iter4987","iter4988","iter4989","iter4990","iter4991","iter4992","iter4993","iter4994","iter4995","iter4996","iter4997","iter4998","iter4999","iter5000"
0,-48.0353,-48.0373,-48.0373,-47.692,-48.2085,-48.2403,-48.2274,-47.0325,-47.0325,-47.0325,-44.891,-44.891,-44.891,-44.891,-44.4168,-45.9408,-45.011,-46.2763,-46.2763,-48.1883,-49.0341,-46.4228,-48.1373,-48.1373,-50.0914,-50.2554,-50.2592,-50.2592,-50.6048,-50.1953,-50.8517,-50.5858,-49.5779,-49.657,-51.0867,-51.7989,-51.2895,-51.4234,-51.9511,-52.4057,-50.9638,-50.8433,-52.8788,-54.9587,-54.1348,-54.3124,-54.5053,-54.3961,-53.8321,-56.2384,-56.6018,-59.3891,-58.6743,-60.1021,-61.1661,-61.0608,-61.0608,-60.1176,-60.1176,-62.4651,-62.1072,-61.9774,-63.4129,-63.5371,-63.5371,-63.5371,-63.5371,-63.0116,-62.6318,-61.2605,-61.2605,-59.8288,-61.947,-61.947,-61.5238,-61.5238,-61.5238,-61.3796,-61.3796,-60.5318,-60.5318,-60.5318,-58.94,-58.7332,-58.7332,-58.7332,-58.7332,-58.7332,-62.0926,-60.0137,-60.0137,-60.0137,-60.0137,-58.7156,-58.7156,-58.7156,-58.871,-58.871,-58.871,-59.4328,-57.8338,-58.7363,-58.4929,-57.9769,-57.6462,-57.5441,-55.1478,-52.6111,-52.6111,-53.2455,-52.2422,-52.7898,-52.7898,-51.1349,-51.1349,-51.1349,-51.1349,-50.5443,-50.4229,-50.4229,-50.4229,-51.4244,-53.1243,-52.5245,-52.5715,-53.4385,-52.9553,-52.8065,-52.1411,-51.6682,-50.3214,-49.4945,-49.244,-49.244,-49.244,-48.9171,-50.5633,-49.3717,-46.3072,-46.9203,-46.9494,-47.0925,-47.139,-47.139,-49.5978,-48.7634,-48.2113,-48.2113,-48.836,-47.2388,-47.2388,-47.5396,-48.9222,-49.6655,-47.7428,-49.5353,-48.7026,-49.0718,-49.2975,-49.2087,-49.1176,-49.0414,-46.5882,-45.649,-45.649,-45.649,-45.649,-45.955,-46.1911,-48.732,-47.6952,-49.4113,-48.8771,-50.2767,-50.7188,-50.4728,-50.6704,-51.221,-52.0512,-51.9448,-51.9448,-52.3001,-53.4252,-53.6495,-51.5594,-53.1479,-53.1479,-53.1479,-53.1479,-53.1479,-53.1479,-54.1193,-55.1752,-55.1752,-53.354,-53.354,-51.5072,-50.6201,-50.6201,-50.7423,-48.0804,-47.8543,-47.8543,-50,-50,-50,-50,-49.2555,-51.1441,-51.1441,-52.0358,-52.0358,-52.0358,-51.2339,-51.2339,-51.2339,-51.2339,-52.4875,-52.4875,-52.4875,-52.4875,-52.4531,-52.4531,-49.4457,-49.4457,-50.4094,-51.2281,-51.4526,-52.3091,-52.3091,-52.8428,-57.002,-52.4209,-52.7147,-53.454,-54.7264,-52.6242,-51.6026,-52.998,-52.9203,-52.9079,-53.5526,-53.3154,-53.398,-53.3676,-53.3676,-53.3207,-53.3126,-53.3137,-53.3139,-53.3134,-53.3307,-54.0301,-54.6308,-53.8097,-53.8097,-52.2953,-58.1009,-58.1009,-58.1009,-58.4545,-58.4545,-58.4545,-58.4545,-58.4545,-57.3201,-57.4777,-58.2155,-58.4213,-56.3317,-57.3102,-57.82,-56.6428,-56.4785,-56.4785,-56.8131,-56.6435,-55.5766,-55.5766,-55.8528,-55.8528,-55.1278,-54.9447,-55.0258,-55.7367,-55.7367,-56.1762,-55.9285,-56.2817,-56.6555,-56.7362,-56.6871,-55.5821,-54.5302,-55.294,-55.3274,-54.1104,-54.4062,-54.8553,-54.3749,-54.4201,-55.6884,-54.6291,-54.3637,-54.4739,-54.4881,-54.414,-56.3404,-56.3404,-57.1046,-56.7027,-55.8055,-55.8055,-55.8989,-53.2313,-53.5094,-53.8972,-52.5303,-51.6968,-51.6771,-50.8031,-51.8399,-50.8675,-49.4455,-49.4455,-50.1602,-49.6561,-49.6561,-49.4242,-50.2554,-51.3632,-52.6582,-52.6823,-52.6823,-52.6823,-51.8921,-51.7817,-52.1396,-50.9118,-49.3469,-49.5003,-49.4032,-49.4642,-49.0543,-48.9649,-49.4981,-50.242,-50.5943,-50.5536,-50.5536,-50.833,-49.9857,-49.9857,-49.9857,-49.3281,-49.4941,-54.8606,-54.1881,-54.1881,-54.1881,-53.0456,-53.0456,-41.5669,-41.5669,-41.5669,-41.5669,-41.5669,-41.5669,-41.3081,-41.3081,-41.3081,-41.5612,-41.5612,-41.6983,-41.6983,-42.4764,-42.4764,-42.4764,-42.4764,-42.7445,-42.7445,-42.7613,-42.7613,-44.1378,-44.1378,-44.5729,-44.5729,-44.8291,-44.8291,-42.7815,-42.7815,-42.7815,-42.7815,-42.2925,-42.2925,-42.2925,-42.2925,-41.8905,-41.8174,-41.8174,-42.8214,-42.8214,-42.8214,-42.8214,-42.8214,-42.33,-42.8875,-42.8875,-42.8875,-42.8875,-42.8875,-42.8875,-42.8875,-42.8875,-42.8875,-42.7858,-42.7858,-45.3056,-44.8894,-44.9307,-44.9307,-44.2091,-44.8787,-44.0528,-44.9683,-45.4009,-42.4965,-43.6942,-45.5858,-44.1765,-44.8281,-45.8208,-45.8208,-44.6141,-43.5629,-43.5629,-43.5629,-43.5629,-43.5629,-43.5629,-44.0857,-45.9062,-42.337,-43.1383,-43.1383,-41.8253,-41.8253,-41.5367,-42.2397,-42.2397,-41.8607,-41.8607,-40.8195,-40.9265,-41.7042,-43.3941,-43.3941,-43.3941,-43.4865,-43.4865,-44.1429,-46.2554,-43.8071,-41.3401,-42.9763,-42.9763,-41.7528,-41.7528,-42.5543,-43.7378,-43.7378,-47.6436,-46.3501,-45.4744,-45.8279,-46.8035,-46.3374,-46.3374,-46.3374,-44.9448,-44.9448,-46.0116,-48.2196,-48.2196,-48.2196,-47.6931,-47.6931,-46.8953,-46.8953,-46.8953,-46.8953,-46.8953,-46.8953,-46.8953,-46.8953,-46.8953,-46.8953,-45.7015,-45.7015,-45.7015,-45.7015,-45.7015,-45.7015,-45.7015,-45.7015,-44.5503,-42.5276,-41.9348,-52.5025,-54.5915,-52.3878,-51.634,-51.634,-51.634,-51.1121,-51.1121,-52.0736,-48.7452,-48.7452,-49.1001,-49.1112,-49.3,-49.263,-49.263,-48.4503,-48.4503,-48.4503,-49.5657,-49.5657,-50.2966,-52.0913,-52.5868,-52.5868,-52.5868,-51.1438,-53.6223,-51.336,-51.336,-53.6209,-53.6209,-53.6209,-50.8291,-50.4678,-50.4678,-50.4678,-50.4678,-50.4678,-50.1317,-49.6476,-49.422,-49.422,-49.9832,-48.0252,-48.0252,-46.9061,-46.9061,-46.9061,-46.9061,-47.0858,-47.0858,-47.0858,-48.8097,-51.2499,-51.2499,-52.1087,-52.3372,-52.3372,-51.6586,-51.0774,-50.6332,-51.7562,-51.7562,-51.7562,-51.4101,-51.9163,-51.6102,-51.2277,-51.6862,-52.2052,-51.7495,-51.9421,-51.9918,-51.4958,-50.7206,-51.2272,-50.7712,-53.2658,-52.9758,-51.3818,-51.3824,-52.2264,-52.8166,-53.5347,-53.9904,-52.2026,-52.937,-52.477,-53.1234,-53.5497,-53.5497,-51.8355,-51.8355,-52.08,-53.1021,-53.9447,-54.3162,-53.8489,-54.2103,-54.7152,-51.7886,-53.0503,-50.4896,-50.5608,-50.2232,-50.2232,-50.5491,-49.9257,-50.7098,-51.9621,-55.0566,-54.0016,-54.0016,-54.0016,-54.0016,-54.0016,-53.6397,-52.7389,-52.7389,-50.6112,-50.6112,-52.0074,-52.275,-52.275,-53.6874,-53.5888,-54.256,-56.88,-55.1135,-55.1135,-53.7091,-51.9684,-51.3755,-50.9069,-53.1979,-51.7452,-51.4918,-51.4382,-51.2931,-52.174,-52.3049,-52.8837,-51.9873,-52.0953,-50.3012,-49.3169,-50.4271,-49.5423,-50.3869,-48.2389,-48.5359,-47.9476,-47.8869,-47.4248,-47.5081,-46.7201,-47.2869,-47.2158,-48.1504,-48.8553,-48.1563,-50.6352,-50.6591,-50.3767,-50.3055,-51.4263,-51.7393,-51.5704,-52.1616,-51.9224,-51.9224,-52.4677,-52.4677,-51.8337,-52.2114,-52.936,-51.3782,-51.5375,-52.3331,-52.3331,-52.7201,-51.8419,-51.3946,-51.3946,-51.3946,-51.5815,-52.5819,-51.6195,-50.3087,-49.8623,-49.5798,-50.6561,-50.7587,-50.736,-49.8755,-50.7254,-50.4496,-51.1077,-51.5842,-51.5842,-53.3704,-55.3804,-55.3804,-55.8673,-52.4686,-52.4686,-53.9692,-53.9692,-54.1753,-54.3531,-54.3531,-54.6657,-54.6687,-56.4904,-57.0425,-58.8484,-58.8484,-56.4923,-56.4923,-56.4923,-56.9105,-53.7651,-55.1872,-55.1872,-55.1872,-56.0231,-56.6297,-56.6297,-56.6297,-56.6297,-56.3616,-56.3616,-56.3616,-56.3616,-56.3616,-55.9012,-57.2396,-57.2396,-57.2396,-57.2396,-57.2396,-57.2191,-52.5623,-52.5623,-52.389,-52.389,-52.389,-52.389,-50.8151,-50.8151,-50.8151,-50.8151,-50.8151,-49.9484,-49.9484,-49.9484,-49.9484,-49.9484,-49.9484,-49.9484,-49.9484,-49.9484,-49.9484,-49.9484,-49.9484,-49.9484,-49.9484,-49.9484,-49.9484,-49.9484,-49.9484,-49.9484,-49.9484,-49.9484,-49.3629,-49.3629,-49.3629,-49.3629,-49.3629,-49.3629,-49.3629,-49.3629,-50.8471,-50.8471,-50.8471,-52.3,-52.3,-52.3,-51.238,-51.238,-51.238,-51.238,-51.238,-51.238,-51.3463,-51.3463,-51.3463,-51.3463,-51.3463,-51.4957,-51.9335,-51.9335,-51.9335,-51.9335,-48.5507,-48.5507,-48.5507,-48.5507,-48.5507,-48.5507,-49.7951,-49.7951,-49.7951,-49.7951,-49.7951,-49.7951,-49.7951,-49.7951,-49.7951,-49.7951,-49.7951,-49.7951,-47.0354,-47.0354,-47.0354,-47.4899,-48.7445,-48.7445,-48.7445,-47.7485,-47.7485,-47.7485,-47.7485,-47.7485,-47.7485,-48.2227,-47.5376,-47.181,-47.181,-45.909,-44.755,-44.755,-44.755,-62.149,-62.149,-61.9751,-61.9751,-61.9751,-61.9751,-61.9751,-61.9751,-61.9751,-61.9751,-61.9751,-61.9751,-61.9751,-61.9751,-61.9751,-61.9751,-61.9751,-61.9751,-61.9751,-64.1933,-64.1933,-64.1933,-64.1933,-64.1933,-64.1933,-64.1933,-64.1933,-64.1933,-64.7858,-64.9266,-64.9266,-64.9266,-64.9266,-65.5257,-65.5257,-65.5257,-65.5257,-64.6911,-64.9824,-64.9824,-64.9824,-64.9824,-64.9824,-65.5527,-65.5527,-65.3622,-65.3622,-65.3622,-65.2354,-65.2354,-65.2354,-65.2354,-65.2354,-65.2354,-65.2354,-65.3325,-65.3325,-65.3325,-65.3325,-27.3599,-26.3311,-25.8771,-25.8771,-25.8771,-25.8771,-25.8771,-25.7751,-25.7751,-26.1828,-26.1828,-26.1828,-26.1828,-28.1028,-27.0985,-27.0985,-26.875,-26.875,-28.9197,-28.9197,-28.9197,-28.7351,-28.7351,-38.8242,-36.1347,-36.1347,-36.1347,-37.1577,-37.8365,-35.2017,-35.2017,-35.0211,-36.8004,-36.8004,-36.6033,-37.0473,-38.2559,-38.2559,-40.3654,-39.8129,-39.8129,-39.8129,-39.8129,-39.8129,-39.4924,-39.4924,-39.4924,-43.4939,-43.4939,-42.6779,-43.6201,-43.5194,-42.7178,-37.2764,-39.7075,-39.7075,-38.0466,-38.0466,-38.0466,-37.3775,-37.3775,-37.3775,-37.3775,-37.4474,-37.4474,-37.4474,-37.4474,-37.4474,-39.1809,-39.1809,-39.1809,-39.1809,-39.1809,-39.1809,-38.3661,-38.3661,-38.3661,-38.3661,-38.0376,-38.0376,-38.0376,-38.0376,-38.0376,-37.881,-37.881,-37.881,-37.881,-37.881,-38.2972,-39.4073,-39.4073,-39.4073,-39.4004,-36.8839,-36.8839,-36.8839,-38.0736,-39.3962,-38.4706,-38.4706,-38.4706,-38.4706,-36.9654,-36.9654,-36.9654,-36.9654,-36.9654,-36.9654,-36.9654,-36.9654,-36.9654,-36.9654,-36.9654,-36.9654,-36.9654,-37.3321,-33.2111,-33.2111,-33.2111,-32.6351,-32.6351,-32.6351,-32.6351,-33.7545,-33.7545,-33.7545,-33.7545,-33.7545,-32.6063,-32.6063,-32.4653,-32.4653,-32.4653,-32.4653,-32.4653,-32.4653,-32.4653,-32.4653,-32.4653,-32.4653,-32.4653,-32.4653,-32.4653,-32.4653,-32.4653,-32.4653,-32.4653,-32.4653,-32.4653,-32.4653,-32.4653,-32.4653,-32.4584,-32.4584,-33.3368,-33.3368,-33.3368,-32.9576,-32.9576,-42.2533,-40.8483,-39.4539,-39.4539,-39.4539,-39.4539,-39.4539,-39.4539,-39.2988,-39.1313,-39.1313,-39.1313,-39.1313,-39.1313,-40.1509,-39.1229,-41.1671,-39.047,-39.047,-39.3078,-39.0074,-37.9241,-37.9241,-37.9241,-37.5597,-37.5597,-37.1472,-37.1472,-37.1472,-37.1472,-37.1472,-37.1472,-37.1472,-37.1472,-37.1472,-37.1472,-37.1472,-35.4721,-35.4721,-35.4721,-35.4721,-35.4721,-35.4721,-35.4721,-35.4721,-35.4721,-36.6484,-37.9497,-37.9497,-37.9497,-46.0201,-45.746,-45.4736,-44.8745,-44.3544,-44.7526,-45.1069,-45.1069,-45.1069,-45.1069,-45.1069,-45.1069,-45.1356,-45.4154,-45.7884,-45.0441,-45.0441,-45.8694,-44.0845,-44.0845,-44.7873,-44.7873,-44.4087,-44.6287,-44.6287,-43.4059,-43.4059,-40.8504,-40.8504,-40.8504,-41.0651,-41.0651,-41.0651,-41.0651,-41.0651,-41.0651,-41.0651,-41.0651,-41.0651,-40.3931,-40.0734,-40.0734,-40.0734,-40.0734,-40.0734,-40.1185,-40.1185,-40.2615,-40.2615,-40.2615,-42.5296,-42.8956,-42.2421,-42.2421,-42.2421,-42.2421,-42.2421,-42.2421,-44.3309,-44.3309,-44.3309,-44.3309,-44.3817,-44.3817,-44.3817,-44.3817,-45.2215,-47.3173,-48.3366,-48.2833,-48.2833,-48.2833,-47.2091,-47.2091,-46.7705,-47.9018,-47.7914,-47.7914,-47.7914,-47.7914,-48.6693,-48.6693,-48.6693,-48.6693,-48.6693,-45.208,-45.208,-46.3259,-47.5013,-47.5013,-46.1749,-44.1037,-44.1037,-44.1037,-44.1037,-44.1037,-44.1037,-44.1037,-44.1037,-44.1037,-45.2578,-45.2578,-46.4945,-46.8153,-49.7662,-51.4671,-51.4671,-50.642,-50.1532,-49.273,-50.6274,-48.2336,-48.2336,-48.2336,-48.2336,-49.845,-50.9413,-53.4729,-53.6738,-53.6738,-53.6738,-53.6738,-51.1087,-50.9093,-45.0112,-45.0112,-50.1414,-46.09,-46.09,-46.09,-46.09,-46.811,-46.811,-46.811,-46.811,-46.811,-46.9281,-46.9281,-46.9281,-46.9281,-46.9281,-50.0284,-49.9702,-49.9702,-49.917,-48.7586,-48.7586,-49.2033,-47.7838,-47.7838,-47.7838,-47.7838,-47.7838,-48.3331,-48.3331,-47.7449,-47.7449,-47.0324,-50.3616,-51.327,-51.327,-52.1558,-54.0982,-56.0602,-57.0042,-57.6071,-57.2875,-57.335,-57.4295,-56.9962,-57.7312,-56.981,-56.4504,-56.2811,-55.8486,-56.8313,-57.5545,-57.5545,-61.1823,-59.942,-59.942,-60.6017,-59.2342,-55.4576,-54.3903,-53.4298,-53.1714,-52.309,-52.309,-51.5963,-51.5963,-51.3127,-51.3127,-51.3127,-51.3127,-51.0245,-51.3202,-52.172,-52.172,-52.172,-52.299,-54.9084,-54.2333,-56.3919,-53.7001,-53.8606,-55.7238,-55.6042,-55.958,-56.9351,-57.8547,-57.5835,-57.7768,-58.1321,-57.226,-57.8882,-56.7355,-55.356,-55.356,-60.7496,-57.9287,-58.249,-58.625,-57.5956,-57.5956,-56.5504,-57.045,-57.045,-56.5342,-58.6946,-59.104,-58.1241,-58.1241,-57.8945,-61.9666,-61.8897,-63.6921,-65.4394,-64.9992,-63.4808,-65.2186,-67.6616,-68.3095,-66.111,-65.4665,-67.043,-67.0005,-64.6122,-65.8334,-66.1642,-66.1642,-66.1642,-64.3857,-64.3955,-64.2399,-64.3518,-63.5868,-63.5868,-63.5868,-63.5868,-63.4119,-62.7827,-60.2625,-60.3842,-60.6682,-60.6682,-59.6284,-60.9246,-60.4194,-61.204,-61.204,-60.7303,-60.7303,-60.3388,-60.3388,-60.3388,-60.1962,-60.2036,-59.0347,-60.2431,-61.2396,-61.0224,-61.0224,-59.1492,-58.2803,-58.2803,-58.4673,-57.6202,-57.6202,-57.6202,-57.6202,-59.5397,-59.5397,-59.5397,-59.5397,-59.5397,-58.7496,-58.7496,-60.7988,-62.2479,-62.1154,-62.1154,-62.1154,-62.1154,-62.1154,-63.2305,-65.8214,-65.8214,-65.6978,-61.0993,-61.0993,-61.0993,-58.5501,-64.4283,-63.8827,-62.603,-62.603,-62.603,-62.603,-62.5701,-62.5701,-62.5701,-62.5701,-66.4614,-66.4614,-66.9373,-66.9373,-64.7104,-64.963,-60.1593,-60.1593,-58.8157,-58.1361,-58.1361,-57.7406,-55.4536,-55.152,-54.2098,-53.6532,-53.6532,-55.3007,-55.3007,-57.7371,-57.7371,-57.7371,-57.7371,-57.7371,-57.7371,-58.967,-58.967,-58.967,-57.9369,-57.9369,-57.9369,-57.9369,-57.9369,-57.9369,-57.9369,-57.9369,-57.3146,-57.3146,-57.3146,-57.3146,-57.3146,-57.6763,-57.6763,-57.6763,-60.0922,-60.0922,-60.0922,-59.6963,-59.6963,-59.6963,-59.6963,-59.1143,-58.3523,-58.3523,-58.3523,-58.3523,-58.3523,-58.3244,-58.3244,-58.3244,-58.3244,-58.3244,-58.3244,-58.3244,-58.1408,-58.1408,-57.9778,-57.9778,-57.9778,-57.9778,-56.9437,-56.9488,-54.9566,-54.9566,-57.9456,-55.2434,-53.5261,-53.5261,-52.9345,-53.4252,-54.6524,-54.7249,-54.5045,-54.2583,-55.7882,-54.5761,-51.5012,-53.4803,-53.3346,-52.8088,-52.7875,-52.7935,-53.1889,-52.4181,-52.0259,-51.8822,-54.556,-53.1813,-50.8309,-51.1319,-50.5849,-49.2105,-49.2105,-51.1775,-50.7339,-52.6408,-51.918,-53.1071,-52.8681,-52.4614,-53.1185,-51.2871,-53.6919,-55.1755,-54.9333,-53.8095,-54.8659,-54.8659,-57.3017,-57.3017,-57.6793,-56.4503,-52.9428,-53.3602,-53.649,-53.2071,-52.3517,-51.5712,-51.895,-48.5355,-49.4084,-49.4084,-49.6171,-49.7948,-50.8352,-52.8403,-53.7259,-48.461,-52.687,-52.4182,-51.2848,-50.6735,-49.5068,-50.3845,-50.3845,-49.6539,-50.8633,-52.9104,-53.5159,-53.5972,-54.6496,-54.6496,-54.6496,-54.6496,-53.2208,-53.2208,-51.067,-51.067,-51.7198,-53.6656,-53.7932,-53.7932,-53.7932,-51.3831,-51.9643,-51.476,-52.5231,-52.7024,-53.4388,-53.4388,-54.5506,-55.222,-55.6998,-55.6998,-44.0134,-42.2466,-46.3682,-45.3943,-45.3943,-46.1793,-47.2521,-47.2086,-43.0069,-46.1229,-46.0637,-46.9831,-47.1816,-47.2511,-49.2115,-48.033,-48.0749,-48.0784,-48.1541,-47.0021,-47.1792,-46.8559,-47.1584,-44.3144,-45.1388,-47.328,-49.0409,-49.0567,-49.6093,-49.3736,-48.476,-47.9503,-47.6422,-47.7118,-47.4837,-46.265,-46.265,-44.5756,-44.1106,-43.621,-57.0575,-56.765,-58.6339,-58.6339,-58.4131,-58.4131,-58.4131,-58.4131,-58.4131,-58.1913,-58.1913,-58.1913,-58.1913,-58.1913,-58.1913,-58.5449,-58.5449,-55.4942,-54.7033,-54.6213,-54.2871,-54.2871,-55.5598,-52.4931,-52.9736,-53.912,-52.4785,-52.4785,-53.3309,-52.4802,-54.8897,-55.3892,-55.3892,-54.0088,-54.0088,-54.0088,-55.0706,-55.0706,-55.0706,-55.0706,-55.0706,-55.0706,-55.0706,-53.6288,-53.6288,-53.6288,-53.6288,-53.6288,-53.6288,-53.6288,-53.6288,-53.6288,-52.8992,-52.8992,-52.8992,-52.2018,-51.7446,-51.7446,-51.6587,-51.6587,-50.925,-50.925,-50.925,-50.925,-50.925,-50.925,-50.925,-50.925,-50.925,-50.925,-50.7256,-50.7256,-50.7256,-50.7256,-54.1887,-54.1887,-54.1887,-54.1887,-54.1887,-54.1887,-54.1887,-54.1887,-54.1887,-55.182,-54.8992,-54.8905,-54.923,-54.923,-56.4229,-55.7478,-55.7478,-55.7478,-55.7478,-55.7478,-55.7478,-55.7478,-54.8886,-54.8886,-54.8886,-54.8886,-54.8886,-54.8886,-57.8181,-57.8181,-57.8181,-57.8181,-57.8181,-58.6148,-58.6148,-58.6148,-58.6148,-58.6148,-57.3678,-57.1629,-57.1629,-57.1629,-58.2205,-58.2205,-58.0522,-58.0522,-58.0522,-58.0522,-57.8281,-57.8281,-57.8281,-57.9565,-57.7465,-57.7465,-57.7465,-57.7465,-57.7465,-55.8385,-63.2193,-60.458,-60.458,-60.458,-60.458,-60.458,-61.4455,-61.4455,-61.4455,-56.2634,-56.3828,-56.3828,-55.184,-56.8119,-56.8119,-56.5774,-56.9611,-55.2253,-55.2253,-57.3202,-57.263,-55.5725,-54.9875,-53.1285,-53.7273,-54.203,-54.0709,-54.41,-54.41,-52.6964,-52.3689,-54.5354,-54.5354,-54.7039,-55.4542,-55.4542,-55.4542,-56.3698,-56.3698,-56.6025,-56.6025,-56.2978,-56.2978,-56.2978,-56.2978,-55.292,-55.292,-55.292,-55.292,-55.292,-55.292,-55.4527,-53.5283,-54.2719,-54.0222,-54.0222,-54.2759,-54.2759,-54.2759,-54.4787,-54.4787,-54.4787,-54.4787,-54.4787,-54.4787,-54.4787,-54.4787,-55.1887,-55.1887,-55.1887,-55.1887,-56.0088,-56.0088,-56.0088,-56.0088,-56.0088,-56.9728,-56.9728,-55.3828,-55.3828,-54.9597,-54.9597,-54.9597,-55.3097,-56.7092,-56.7092,-56.7092,-56.7092,-56.7092,-56.7092,-56.7092,-56.7092,-56.7258,-56.7258,-56.7258,-55.989,-53.3825,-53.3825,-53.3825,-53.991,-51.5754,-51.5754,-50.6498,-50.6498,-50.6748,-52.4393,-51.516,-50.685,-50.0033,-51.2989,-51.3822,-51.3632,-51.194,-51.5592,-50.8691,-50.8691,-50.1491,-50.5893,-50.0177,-51.1507,-52.6111,-52.6111,-51.0589,-51.2134,-51.0468,-49.8356,-50.5294,-49.9059,-48.0532,-46.9025,-47.8265,-47.849,-46.5221,-45.349,-47.5018,-47.5018,-53.8676,-53.8214,-52.7568,-54.2154,-55.218,-55.218,-55.218,-55.3394,-55.3394,-53.7652,-54.0424,-54.0424,-55.0621,-54.092,-54.7901,-54.7901,-54.7901,-58.4028,-58.4028,-56.6233,-56.6233,-55.9425,-55.9425,-56.316,-56.316,-56.316,-56.316,-56.316,-56.316,-56.316,-56.316,-56.316,-56.316,-56.316,-56.316,-56.316,-55.9696,-55.9696,-55.9696,-55.9696,-52.9448,-52.9448,-52.9555,-52.4869,-53.3129,-54.3112,-53.3842,-52.7564,-50.9811,-51.2497,-49.3951,-46.744,-47.6326,-47.4816,-46.4052,-46.4052,-43.8275,-43.8275,-43.8275,-46.3502,-47.0483,-47.0483,-47.0483,-46.2837,-46.2837,-46.2837,-44.5712,-44.5712,-44.5712,-44.5712,-44.5712,-44.5712,-42.6223,-42.6223,-42.6223,-42.6223,-42.6223,-43.8141,-43.8141,-41.0852,-41.0852,-41.0852,-40.4128,-39.71,-39.71,-39.5849,-39.5849,-40.4715,-39.8003,-39.8003,-37.4239,-37.4239,-36.2039,-38.4676,-33.9108,-34.4275,-34.6967,-34.6238,-35.6093,-36.5857,-36.5857,-36.5857,-37.0851,-37.0851,-37.3879,-37.3879,-37.3879,-38.2458,-40.4664,-40.6769,-40.4668,-38.1994,-38.2652,-40.4989,-40.4989,-41.0428,-37.7888,-38.3074,-38.3074,-36.4213,-36.4213,-36.4213,-36.4213,-36.4213,-36.4213,-36.4213,-36.4213,-35.656,-35.656,-36.3907,-36.3907,-35.3443,-35.3443,-35.3443,-35.3443,-35.3443,-35.3443,-35.3443,-35.3443,-35.3443,-35.3443,-35.7105,-35.7105,-35.7105,-36.0925,-36.0925,-36.0925,-35.3734,-36.048,-36.048,-36.048,-33.9212,-33.9212,-34.5914,-34.5914,-34.5914,-36.3227,-36.3227,-35.2324,-35.2324,-35.2324,-35.2324,-36.3881,-36.3881,-36.3881,-36.3881,-35.8912,-35.8912,-36.4889,-38.3839,-38.3839,-38.3839,-37.3582,-36.8644,-36.8644,-38.6654,-38.3402,-37.4606,-37.4606,-37.1479,-37.1246,-43.4253,-43.4253,-44.5532,-44.5532,-44.5532,-44.6684,-44.0777,-46.3141,-45.2479,-47.979,-48.8727,-49.0649,-49.0649,-48.3722,-48.3722,-46.7976,-46.7976,-47.0561,-47.0561,-47.0561,-46.8685,-46.8685,-46.1545,-46.1545,-46.1545,-47.4272,-47.4272,-47.4272,-47.4762,-45.911,-46.5407,-45.5975,-46.1817,-46.732,-45.7034,-45.7034,-45.9395,-43.8175,-44.6693,-46.0148,-45.9516,-47.4749,-47.4749,-47.7729,-47.8999,-47.4601,-47.4601,-46.9038,-49.5249,-48.7976,-51.4897,-51.3878,-52.655,-52.6943,-51.6543,-50.4323,-50.7901,-52.2731,-53.3288,-51.5694,-50.6806,-48.3953,-48.3953,-49.2749,-50.2743,-50.4809,-54.0789,-55.2518,-54.2507,-55.1734,-56.0636,-56.0636,-55.3102,-56.3802,-53.1878,-54.5162,-52.6329,-51.8515,-51.8515,-51.4738,-51.776,-49.8007,-50.5184,-50.1661,-49.6039,-49.7067,-49.6386,-50.3706,-50.2251,-50.2251,-48.6395,-48.0819,-49.7399,-50.3634,-50.6961,-50.7153,-49.6316,-48.6107,-47.7168,-47.7856,-52.2236,-52.5389,-52.5389,-52.5389,-52.5389,-52.482,-52.482,-51.3227,-51.3227,-51.9949,-52.3549,-53.3159,-54.3645,-54.3645,-51.7009,-50.584,-50.6059,-51.1079,-49.7868,-50.8405,-50.7293,-51.6935,-53.7484,-56.9496,-56.9496,-56.9496,-58.1292,-57.5518,-57.5518,-58.0727,-58.0727,-58.0727,-56.2706,-55.5798,-55.5994,-55.3838,-55.0989,-55.3733,-54.5658,-55.9575,-57.4713,-57.6942,-57.6942,-56.4411,-56.0952,-56.1112,-56.7566,-56.7688,-56.7688,-56.7688,-56.0432,-56.0432,-56.1095,-56.2924,-56.2924,-55.8694,-55.982,-56.3589,-56.052,-56.052,-56.9527,-55.2875,-54.4626,-54.5063,-54.0356,-53.5882,-53.2287,-53.4664,-52.8664,-50.2803,-51.2008,-51.2008,-51.4801,-50.8241,-51.2049,-51.2049,-52.4561,-52.8156,-51.9261,-51.8825,-52.2387,-52.319,-51.1936,-50.6323,-51.3365,-51.3719,-51.4183,-52.4652,-51.7294,-50.5593,-53.7335,-52.3672,-53.1048,-53.1048,-55.0442,-55.0442,-54.8687,-54.5212,-54.5495,-54.7296,-54.7296,-56.5012,-55.8274,-57.6225,-57.5714,-56.6801,-56.7147,-56.7084,-56.7075,-56.7062,-56.6991,-56.6931,-56.385,-56.385,-56.3633,-55.8337,-55.8337,-56.2597,-56.3134,-55.2258,-55.2258,-55.2258,-55.2678,-56.4389,-57.3337,-55.3187,-54.8251,-52.7842,-52.7842,-53.5905,-53.5905,-53.8068,-53.6328,-51.6833,-52.233,-52.7941,-52.7941,-53.691,-54.0047,-57.74,-57.74,-58.1224,-58.2812,-57.4067,-57.4067,-57.4067,-57.4067,-57.5341,-57.5341,-58.8151,-58.8151,-58.5968,-58.5968,-58.5968,-58.5968,-59.272,-59.272,-61.2048,-57.7566,-57.7444,-57.3826,-57.3826,-57.7724,-57.7724,-57.7724,-56.2442,-55.917,-55.917,-55.917,-55.917,-56.5545,-56.5545,-56.5545,-56.5545,-56.3189,-56.8302,-56.8302,-56.8302,-56.8302,-56.8302,-56.8302,-57.6352,-57.6352,-56.0469,-54.977,-54.9877,-54.9877,-54.9877,-54.9877,-54.9877,-54.9877,-54.9877,-54.9877,-54.9877,-53.5161,-53.5161,-53.5161,-53.5161,-51.8239,-52.2007,-52.2007,-51.6332,-53.1479,-52.1242,-54.2765,-54.2765,-53.4464,-53.4464,-53.4464,-53.141,-53.141,-53.141,-53.141,-53.4346,-54.5933,-52.865,-52.7789,-51.8578,-51.6021,-50.9276,-50.9276,-50.2771,-51.8025,-51.8025,-51.0084,-50.6152,-50.9915,-50.4423,-48.8664,-47.6554,-49.7681,-49.7743,-49.5209,-49.9752,-49.9326,-50.4401,-49.9831,-53.2909,-52.9656,-52.9569,-52.9569,-52.9569,-52.9569,-52.2746,-50.7213,-50.7213,-50.7596,-50.7596,-50.2045,-50.2699,-50.562,-50.562,-51.6714,-50.2564,-48.6341,-49.7012,-51.2516,-49.4591,-49.1133,-50.7091,-50.7091,-50.8543,-49.7547,-49.7547,-50.8935,-50.8935,-50.8935,-49.7294,-50.3815,-50.3815,-50.629,-51.0472,-51.0472,-51.4286,-51.4286,-51.4286,-52.1935,-52.978,-51.7118,-51.7118,-51.7118,-51.7118,-51.7118,-51.3764,-51.3764,-50.6865,-49.738,-50.0291,-51.0232,-52.1243,-53.4638,-52.7021,-52.7903,-52.6504,-52.7447,-52.7447,-52.3202,-53.2363,-53.7723,-53.3412,-53.3412,-53.3412,-53.3412,-53.3412,-53.8557,-53.2378,-52.6649,-51.7716,-51.7716,-51.1743,-50.2143,-50.2143,-50.2143,-50.3167,-50.2275,-49.4198,-50.4622,-51.3854,-51.3854,-52.4835,-51.5289,-51.5289,-51.7093,-53.0389,-53.6257,-51.7727,-51.0876,-50.5156,-50.5156,-49.0131,-49.4574,-49.8393,-46.1851,-45.206,-44.528,-44.7554,-44.7554,-44.7882,-44.7654,-45.6918,-45.1487,-45.1487,-44.8802,-45.2205,-45.2205,-44.3292,-41.8216,-42.3636,-42.148,-42.193,-42.2903,-42.2726,-42.2726,-42.2468,-42.1787,-42.2372,-42.2308,-42.502,-42.0921,-41.9593,-41.7511,-41.7389,-41.5114,-41.9464,-41.3732,-40.86,-39.8018,-39.8018,-38.6944,-38.6634,-38.6634,-41.5416,-40.9142,-41.0512,-40.7569,-40.9931,-41.6153,-41.2434,-41.8231,-42.0139,-41.8759,-41.4839,-39.3932,-40.3684,-41.0923,-41.3959,-41.6003,-41.9474,-42.1838,-44.2785,-43.8274,-45.7569,-45.152,-47.0436,-47.9231,-45.9043,-46.4562,-46.0187,-46.2356,-47.6567,-49.4513,-49.4513,-48.3249,-50.6655,-49.7839,-49.6378,-50.5154,-50.5154,-50.5821,-50.3423,-49.9253,-48.5739,-48.5322,-47.1135,-47.2977,-48.4965,-45.6639,-45.2546,-45.2546,-45.354,-45.1405,-45.1405,-45.5905,-45.5905,-48.9556,-48.3713,-46.8378,-46.0383,-46.0383,-44.8299,-44.8299,-45.181,-47.6623,-48.7455,-50.0974,-50.969,-50.8293,-51.5987,-50.5143,-50.3021,-51.4865,-50.067,-51.129,-51.2043,-51.1324,-50.3939,-51.7935,-51.7935,-51.2105,-51.2105,-50.7267,-50.6657,-50.8038,-49.9202,-51.0305,-51.7083,-46.6523,-46.6523,-46.6523,-46.6523,-46.6523,-47.2606,-47.2606,-47.4021,-46.1859,-46.1803,-46.4963,-46.4963,-46.4963,-46.5441,-46.5441,-47.5167,-44.7664,-49.7112,-51.34,-50.7411,-50.9863,-50.9863,-52.8157,-53.8038,-53.9904,-53.8207,-52.0574,-52.0574,-51.6605,-51.7655,-50.8432,-51.5974,-52.376,-54.1366,-53.4291,-52.5784,-52.5784,-55.3884,-54.7445,-54.8999,-54.0678,-54.2207,-55.1281,-55.0822,-54.863,-55.2204,-56.0034,-58.4775,-58.1887,-57.5054,-58.1903,-57.8553,-58.082,-58.082,-58.9249,-59.7163,-59.5496,-59.5496,-58.5563,-58.5563,-53.9203,-53.9203,-53.9203,-53.9203,-52.815,-52.8404,-53.2714,-53.2714,-53.2714,-53.2714,-55.8781,-52.5268,-53.7816,-52.6311,-53.4835,-53.8755,-53.7939,-53.7939,-53.3765,-52.9324,-51.9271,-51.8747,-53.2091,-49.7663,-49.3277,-49.3277,-49.3277,-49.3277,-49.3277,-48.8577,-48.2609,-48.2609,-48.2609,-48.2609,-48.2609,-48.2609,-48.2609,-48.2609,-47.3919,-47.3919,-50.4042,-50.4042,-50.4042,-51.423,-51.423,-51.423,-51.423,-53.1152,-52.3824,-52.9867,-52.9867,-53.851,-52.8178,-52.4969,-52.4969,-52.4969,-52.4969,-55.2333,-56.0603,-50.4675,-50.4675,-49.3725,-49.3725,-49.3725,-46.1425,-46.1425,-46.1425,-46.1425,-46.1425,-46.1425,-46.1425,-46.1425,-46.1425,-46.1425,-43.6419,-43.6419,-43.6419,-43.6419,-43.6419,-43.6419,-43.6419,-43.6419,-45.4244,-46.9507,-44.8461,-47.5281,-48.0156,-48.0156,-49.0788,-47.8699,-47.8699,-49.2767,-49.2377,-47.5526,-47.5526,-47.5526,-47.5526,-47.5526,-47.5526,-47.5526,-47.5526,-47.5526,-47.5526,-47.8494,-47.8494,-47.8494,-47.8494,-47.8494,-47.8494,-48.8295,-48.8295,-49.8178,-50.7989,-48.908,-48.5613,-48.5613,-46.9519,-46.9519,-46.9519,-48.9152,-48.9152,-49.7379,-49.3355,-49.5138,-51.4374,-51.3716,-51.1079,-48.0765,-48.0765,-47.7272,-48.9355,-50.0574,-53.7589,-52.5624,-52.5624,-54.4981,-53.3808,-53.7724,-53.7724,-50.7749,-50.7749,-52.29,-51.155,-50.6464,-50.1733,-51.5791,-51.5791,-51.7563,-50.818,-51.6619,-51.6619,-51.2246,-51.4815,-51.2322,-50.545,-46.0458,-46.0458,-46.0458,-46.1206,-46.1206,-46.1206,-46.1206,-46.1206,-46.1206,-46.1206,-46.1206,-46.1206,-45.9242,-45.9242,-45.9242,-45.9242,-46.7076,-46.7076,-46.7076,-46.7076,-46.7076,-46.7076,-46.7076,-46.7076,-46.7076,-46.7076,-46.7076,-46.7076,-46.7076,-47.9882,-47.9882,-46.1471,-46.1471,-46.1471,-44.5371,-44.5371,-44.5371,-44.5371,-49.0277,-48.895,-48.895,-49.6701,-49.6701,-49.6701,-49.6701,-50.4719,-49.4111,-49.4111,-49.3448,-46.3819,-44.7693,-48.2513,-48.0757,-47.3809,-47.2905,-47.2905,-47.8037,-50.1619,-50.1619,-49.5034,-50.2563,-49.8231,-49.8231,-49.8231,-49.8231,-49.932,-49.932,-51.2934,-51.2934,-49.9943,-49.9943,-49.9476,-49.9476,-50.0871,-49.4735,-50.0097,-49.7228,-49.7228,-50.2661,-50.2661,-50.7456,-49.8303,-50.5787,-50.0399,-49.4139,-49.0706,-49.1612,-49.5969,-48.9107,-47.2642,-47.3218,-47.3218,-47.3218,-46.0213,-46.0213,-46.0213,-46.0117,-46.9616,-44.3374,-45.8648,-45.8648,-45.8648,-47.3366,-45.7995,-46.0831,-48.08,-47.0445,-47.875,-47.875,-47.3758,-46.2767,-46.2767,-46.2767,-46.228,-46.261,-46.261,-46.2582,-46.8291,-46.8291,-52.3439,-51.3015,-51.805,-48.7509,-49.9018,-51.0536,-50.3013,-50.3013,-50.7996,-50.0109,-50.8496,-51.2016,-51.9478,-51.9478,-51.7944,-51.8971,-51.8233,-51.5723,-52.5328,-52.1729,-52.581,-50.9022,-52.1054,-50.974,-50.8426,-51.7986,-52.0014,-50.681,-49.6136,-48.6989,-48.6989,-48.6989,-48.6989,-48.6989,-48.9688,-49.1687,-48.1537,-48.7613,-49.6187,-49.9829,-50.3287,-47.8771,-49.4227,-49.4541,-50.0381,-50.7213,-51.2293,-51.3715,-51.2632,-51.1125,-52.4279,-52.0184,-51.5612,-52.098,-52.2464,-53.1859,-51.5011,-51.1285,-50.6362,-50.0619,-50.0619,-50.5613,-53.2674,-52.213,-52.213,-53.575,-54.5047,-53.075,-50.9561,-52.569,-52.6242,-54.0409,-53.5879,-53.5879,-54.1343,-54.1343,-52.4809,-52.4318,-52.7988,-53.5916,-53.4549,-55.189,-52.9995,-52.9134,-52.9215,-53.1447,-53.7531,-53.4233,-53.6446,-54.0376,-54.887,-53.6821,-52.4901,-53.9836,-53.9836,-53.0419,-52.9081,-53.1032,-53.2285,-53.0817,-54.1489,-55.5515,-55.5013,-56.1529,-56.1529,-56.1529,-56.1529,-53.6171,-54.4092,-54.984,-55.0948,-56.6093,-56.6093,-54.8021,-57.6898,-57.6898,-57.5071,-57.5071,-57.5071,-57.5071,-57.5071,-58.1497,-56.5521,-56.5521,-56.5521,-56.5521,-56.8699,-56.8699,-56.8699,-56.8699,-56.8699,-56.8699,-56.8699,-57.3386,-57.3386,-57.8304,-57.8304,-57.8304,-58.3989,-55.809,-55.8332,-53.6433,-53.6433,-54.6985,-53.9266,-56.0039,-56.0039,-55.2134,-52.5107,-53.7661,-51.8381,-52.2426,-51.526,-51.1118,-51.8722,-49.4449,-51.9083,-51.0743,-51.3357,-50.62,-49.4788,-49.4788,-49.2281,-50.3175,-49.9862,-48.529,-48.529,-47.6171,-49.6962,-49.0823,-49.0823,-49.0823,-49.0823,-50.7115,-52.1104,-50.7773,-50.7773,-50.7773,-49.4975,-52.8751,-52.8751,-52.7614,-53.6337,-53.8181,-51.8869,-49.9192,-50.742,-51.1403,-51.1403,-51.1403,-52.3455,-53.3702,-53.1891,-53.7064,-54.1205,-54.3867,-52.3918,-52.1035,-54.341,-55.8268,-54.5007,-56.1052,-55.3187,-56.7196,-56.4697,-56.0299,-56.7378,-57.9543,-58.127,-58.418,-58.5757,-56.5319,-57.299,-57.5199,-57.5412,-57.7731,-57.1886,-57.1886,-56.8455,-56.7371,-57.3573,-57.0372,-57.0372,-56.6261,-56.6261,-58.7756,-59.0455,-59.0455,-53.9489,-52.2297,-52.2297,-52.8164,-52.3269,-52.5271,-52.2532,-52.3348,-51.6353,-52.1113,-54.2582,-53.6852,-54.7066,-52.7299,-54.0502,-54.5393,-55.2064,-55.8147,-55.8147,-55.8147,-55.9556,-55.476,-56.408,-56.408,-56.115,-56.6686,-56.6783,-56.6783,-55.678,-56.5043,-53.8841,-54.3245,-54.5995,-54.8311,-56.1696,-57.2326,-56.6059,-58.7072,-57.4794,-57.0593,-57.8985,-57.8985,-57.9827,-58.1134,-59.2933,-62.2009,-62.5752,-62.5752,-62.5752,-62.5752,-62.5752,-62.5752,-62.5752,-62.5752,-62.5752,-56.0937,-55.6904,-56.0709,-56.0799,-56.0799,-55.6278,-56.683,-56.683,-56.3037,-56.3037,-56.3037,-55.9187,-54.9902,-54.9902,-55.4491,-58.12,-58.12,-57.8598,-57.8598,-56.8324,-57.0517,-59.8626,-59.8665,-59.9639,-58.7646,-57.3473,-57.3473,-57.3473,-57.3473,-57.6106,-57.6106,-57.6106,-57.6106,-57.6106,-57.6106,-57.6106,-56.7382,-56.7382,-57.3567,-57.3567,-56.8755,-56.8755,-56.8755,-56.8755,-56.8755,-57.0944,-53.559,-53.6151,-53.6151,-53.6151,-53.9946,-52.2866,-52.6525,-52.7336,-57.4533,-58.0105,-57.7167,-57.7167,-57.1752,-58.3858,-59.4101,-58.7665,-59.8703,-59.6632,-59.6632,-59.6632,-59.6632,-59.6632,-59.6632,-60.989,-59.0204,-59.0204,-59.1869,-59.1869,-59.1869,-59.1869,-59.2937,-59.2937,-59.2937,-56.2299,-56.2299,-56.2299,-56.2262,-56.2262,-56.2262,-56.2608,-56.2608,-56.6282,-54.457,-54.1111,-54.0564,-53.7735,-53.8446,-53.8446,-53.5707,-54.4389,-53.8696,-54.8616,-45.4353,-46.6151,-46.6151,-46.6151,-46.6151,-46.6151,-46.6151,-47.7902,-47.7902,-47.7902,-48.3874,-48.3874,-49.6485,-48.622,-50.085,-50.085,-48.4743,-46.1767,-46.1767,-46.1767,-46.5454,-46.5454,-46.5454,-46.5454,-46.8578,-45.0937,-45.0937,-45.0937,-44.9613,-45.4514,-45.4514,-44.8162,-45.3498,-46.3388,-43.4759,-43.4759,-42.6371,-42.6371,-41.2688,-41.2688,-41.2688,-41.0618,-41.0618,-41.0618,-41.2933,-41.2933,-40.3169,-40.3169,-39.4236,-39.4236,-39.4236,-39.4236,-39.4236,-39.4236,-39.4236,-39.4236,-39.4236,-39.4236,-40.8853,-40.8853,-39.8446,-39.8446,-39.8446,-39.8446,-39.8446,-39.8446,-39.7104,-39.7104,-39.7104,-39.7104,-39.7104,-39.7104,-39.7104,-38.0338,-38.0338,-38.0338,-38.0338,-38.0338,-38.0338,-40.4121,-40.4121,-40.4121,-41.3636,-41.3636,-41.3636,-41.3636,-41.3636,-41.3636,-41.3636,-41.3636,-41.3636,-52.5393,-51.7666,-51.7666,-51.7666,-51.7666,-51.7666,-52.3488,-52.3488,-52.3488,-52.3488,-52.9704,-52.9704,-52.9704,-52.9704,-52.9704,-52.9704,-52.9704,-52.9704,-52.9704,-52.9704,-52.9704,-53.324,-53.9917,-53.9917,-52.8831,-52.8831,-52.8831,-54.2505,-54.2505,-54.2505,-54.2505,-54.5607,-54.5607,-54.5607,-54.5607,-58.0906,-57.7815,-58.2089,-58.2622,-57.0374,-56.3356,-56.0149,-58.4622,-56.8234,-56.8093,-55.2037,-54.8329,-56.0743,-56.0743,-56.0743,-56.0743,-54.8592,-54.8944,-54.8944,-52.9101,-52.9101,-52.1201,-51.1792,-51.7817,-49.6081,-49.8013,-49.4832,-49.4211,-50.7325,-52.951,-52.9196,-53.2855,-53.2855,-54.5412,-55.1094,-54.5203,-54.5203,-50.4367,-50.6582,-50.8546,-50.3781,-53.6939,-52.5842,-54.2574,-52.7544,-51.7783,-52.3008,-52.4871,-52.6338,-56.0692,-56.8346,-57.1653,-56.3489,-59.8057,-59.8057,-59.8057,-61.1965,-61.1965,-61.1965,-61.1965,-61.1965,-61.1965,-62.1323,-62.1485,-62.1485,-62.1485,-62.1485,-60.2704,-59.9761,-59.4465,-59.7536,-59.7536,-61.1922,-62.0333,-65.6286,-65.6286,-66.3167,-66.3167,-66.3167,-66.6775,-66.6775,-65.9167,-65.9167,-65.9167,-65.9167,-65.4091,-65.4091,-65.4091,-65.991,-64.5336,-64.3408,-64.6026,-64.6026,-64.6026,-65.3758,-65.3758,-65.3758,-65.3758,-65.3758,-38.707,-38.707,-38.707,-38.707,-38.707,-38.707,-38.707,-38.707,-37.5723,-37.5723,-37.35,-38.771,-38.771,-38.771,-38.771,-40.0708,-40.1618,-44.662,-44.662,-44.662,-43.5586,-43.5586,-43.5586,-43.5586,-44.3842,-45.7045,-45.1536,-45.1536,-44.6267,-44.6267,-45.4077,-44.8199,-47.7177,-47.2118,-48.5034,-47.3429,-46.2032,-44.8836,-45.0661,-45.6697,-45.7565,-46.4223,-45.6006,-44.9084,-43.9819,-46.7329,-44.4977,-44.4977,-44.7467,-43.5535,-47.5351,-48.0891,-47.7885,-48.1644,-48.0743,-47.19,-47.9234,-49.4458,-54.5597,-54.5597,-54.5597,-54.5597,-53.0992,-53.7537,-53.7537,-53.7537,-53.3997,-52.1547,-52.8272,-52.2131,-51.98,-52.7811,-52.6595,-52.6595,-53.157,-52.9586,-53.0652,-53.0652,-52.8339,-53.4046,-53.4046,-53.4046,-52.7097,-51.4498,-50.3401,-49.1297,-49.0268,-48.1341,-49.0318,-49.8626,-49.8626,-49.3269,-50.342,-49.9637,-50.9928,-50.9157,-52.6411,-53.3351,-53.3296,-52.9187,-52.9187,-52.0155,-50.2951,-50.323,-51.5052,-50.4298,-50.4298,-52.5394,-50.2678,-50.7108,-51.5259,-51.0904,-49.0304,-47.8842,-47.3491,-58.0953,-59.021,-59.1282,-58.2096,-57.641,-58.7839,-59.1257,-59.0754,-58.5682,-57.8123,-58.7263,-56.9275,-57.6205,-57.6205,-57.404,-57.404,-57.9436,-58.3066,-58.3766,-59.5541,-58.8132,-57.9989,-55.3393,-54.8861,-54.869,-54.0008,-54.0007,-54.1582,-55.1061,-56.3868,-55.8369,-56.1785,-55.966,-55.442,-55.1986,-55.2976,-55.2976,-53.9593,-52.9193,-53.3805,-53.3805,-53.5489,-54.0451,-54.0451,-54.2544,-54.706,-54.4974,-55.1269,-55.0951,-55.5933,-56.4997,-55.4937,-55.9649,-54.7174,-53.9699,-53.8873,-53.9533,-54.3901,-53.8337,-52.8652,-52.7341,-51.3932,-52.0448,-51.7757,-52.3925,-52.2735,-51.2011,-52.5747,-52.9468,-52.9468,-52.3441,-53.4065,-52.7629,-50.6985,-50.7569,-50.9209,-50.4978,-48.1272,-48.1272,-48.1272,-48.1272,-48.1272,-49.3642,-49.3642,-49.9925,-49.9925,-48.0425,-48.0425,-47.8998,-47.8998,-47.8998,-47.6175,-47.6175,-44.7485,-44.7485,-40.7133,-40.7133,-40.7133,-41.2632,-40.6763,-40.6763,-42.2802,-42.991,-44.4945,-44.4945,-44.4945,-43.9022,-43.9022,-43.5514,-43.5514,-43.8148,-44.4108,-44.4108,-44.4108,-46.2621,-46.2621,-46.3825,-44.6706,-42.7529,-42.7529,-42.7529,-42.7529,-40.8998,-40.8998,-40.8998,-40.8998,-40.8998,-40.8998,-40.8998,-40.8998,-40.8998,-40.8998,-40.3403,-40.3403,-42.6357,-42.6357,-42.6357,-42.7103,-44.1629,-44.6539,-44.5667,-44.5667,-44.5667,-45.9248,-47.8056,-47.1853,-48.9308,-48.9308,-48.9308,-48.9308,-48.9308,-48.6134,-48.6134,-48.6134,-50.3957,-50.9004,-50.9004,-50.7104,-49.8131,-48.3229,-57.3434,-57.3434,-57.3434,-54.8973,-56.513,-54.9549,-54.9549,-55.7213,-55.7213,-53.5092,-52.0079,-51.9552,-52.019,-52.0293,-52.0641,-52.0269,-49.9859,-49.9859,-49.3873,-48.0142,-48.557,-48.557,-44.1406,-44.1406,-44.1406,-42.8417,-42.8417,-42.8417,-42.6922,-43.8824,-43.566,-43.566,-45.2541,-43.923,-43.923,-43.923,-43.6884,-44.3176,-44.1801,-44.5804,-44.2488,-45.71,-43.8778,-43.5964,-41.6023,-49.0435,-48.9364,-48.9364,-49.6198,-49.5773,-51.1971,-51.1971,-51.1971,-51.1466,-47.5356,-49.355,-47.6952,-46.2105,-46.2105,-44.6263,-45.648,-45.648,-45.648,-45.648,-45.648,-45.648,-46.0973,-46.0973,-44.5867,-44.5867,-57.9625,-57.9625,-58.1102,-58.1102,-59.0927,-58.8208,-58.7165,-60.2454,-61.1118,-60.0255,-59.7391,-59.7391,-56.6485,-56.6485,-56.1537,-56.3484,-56.4941,-56.1854,-55.4332,-55.6875,-55.2195,-57.2105,-57.2105,-56.48,-57.831,-58.4425,-57.5129,-56.6052,-58.078,-57.4777,-59.0478,-58.1726,-58.4243,-58.4039,-58.4039,-57.1916,-56.6514,-55.388,-54.4191,-54.901,-54.901,-54.901,-55.7357,-54.9904,-54.8261,-54.8261,-54.4353,-54.2826,-54.6331,-52.3128,-53.3855,-52.6996,-52.6996,-52.2542,-52.2216,-53.3937,-48.683,-48.683,-50.1181,-51.0228,-48.815,-48.815,-48.815,-48.815,-48.815,-48.3146,-48.3146,-48.3146,-48.5218,-46.3693,-44.358,-40.0672,-40.0672,-40.0672,-40.0672,-40.0672,-38.6106,-39.4304,-40.2023,-39.691,-39.691,-39.691,-39.691,-40.3002,-40.3002,-40.3002,-40.3002,-40.3002,-40.3002,-40.3002,-40.3002,-40.3002,-40.3002,-40.3002,-40.6789,-40.6789,-40.6789,-40.6789,-43.574,-45.0029,-46.108,-47.1193,-49.6838,-48.7921,-49.9494,-49.9359,-48.8092,-48.591,-48.4593,-47.0442,-46.8166,-47.2248,-46.9789,-47.7796,-50.3901,-49.0095,-49.0297,-48.6928,-48.9597,-48.9597,-48.6556,-48.5274,-48.5673,-49.3113,-49.9641,-49.5083,-49.4817,-49.7409,-49.5606,-49.5848,-49.0237,-48.5214,-48.3325,-48.4947,-48.5788,-49.1358,-49.1987,-49.537,-49.1874,-48.7573,-48.2402,-48.0134,-48.8916,-48.6411,-48.6794,-48.9027,-49.4046,-48.7401,-49.1786,-48.5123,-48.8529,-48.7298,-49.4695,-51.2865,-51.2391,-52.3531,-52.3531,-54.2905,-53.0043,-54.7417,-55.5399,-55.7984,-57.7988,-57.7988,-59.2032,-58.1191,-58.1191,-58.0441,-58.7698,-58.806,-56.8403,-59.3667,-58.8489,-62.8154,-62.8154,-63.4935,-61.9792,-61.9792,-61.9203,-59.9911,-59.9911,-61.3494,-59.8284,-54.0717,-54.7982,-54.7185,-53.6325,-53.3207,-52.4603,-52.4603,-54.2007,-53.5529,-53.0049,-52.3016,-51.4204,-49.1467,-48.6009,-48.9006,-49.8453,-49.8453,-49.0499,-49.0499,-49.0499,-49.7572,-49.5282,-49.5282,-49.9066,-51.4096,-50.6799,-51.6212,-53.5685,-52.6201,-52.6201,-52.6201,-52.6201,-52.4725,-52.6575,-52.4303,-53.7196,-53.6647,-52.7348,-53.3597,-53.2289,-53.6965,-53.7382,-53.2934,-54.3715,-55.1171,-53.1281,-53.7953,-54.9947,-54.4408,-53.8237,-54.1114,-55.0623,-56.0923,-55.3784,-54.5011,-55.3465,-54.8569,-54.5113,-50.6638,-49.2727,-51.4013,-50.9851,-50.9851,-50.9851,-53.5233,-50.5207,-51.2696,-51.2696,-50.9278,-50.4917,-51.2655,-51.5525,-48.1118,-48.1118,-48.4478,-49.7591,-50.5666,-48.9791,-48.9791,-47.726,-47.4155,-49.8285,-48.9776,-49.2553,-48.0565,-48.0565,-46.6208,-46.6208,-46.1198,-45.8441,-46.6892,-46.6892,-49.6874,-49.4587,-49.3463,-47.9961,-49.659,-50.5118,-50.8028,-48.968,-53.0183,-51.0364,-51.0575,-51.0575,-50.2966,-50.0048,-50.4868,-52.3066,-51.5282,-50.5791,-52.3297,-51.9542,-49.7089,-50.4096,-50.0404,-50.901,-51.4084,-51.9772,-51.9772,-53.3897,-55.2252,-55.2252,-55.2252,-55.2107,-55.2107,-54.4151,-54.4811,-53.9218,-54.3536,-54.3536,-54.3536,-53.0312,-53.6736,-53.6736,-53.6736,-54.2368,-55.5632,-55.5632,-55.4869,-55.9628,-54.1773,-54.1773,-52.4934,-52.4934,-52.3716,-49.74,-48.9801,-49.1153,-49.5193,-49.2151,-49.3331,-49.0033,-47.9178,-49.4595,-48.9091,-48.6848,-47.886,-46.1674,-43.9591,-43.9591,-43.9591,-44.5142,-43.6703,-43.6703,-43.1775,-43.2925,-43.2925,-43.2925,-43.2925,-43.1204,-43.1204,-43.1204,-43.1204,-43.1204,-42.3349,-42.0095,-42.0095,-42.0095,-42.0095,-41.3342,-41.3342,-41.3342,-41.3342,-41.0608,-41.0608,-41.0608,-41.0608,-41.0232,-41.0232,-41.0232,-41.2388,-40.4343,-42.4953,-41.8482,-38.011,-40.5217,-41.9068,-43.7304,-50.4317,-52.0629,-52.8722,-52.8722,-51.6628,-51.8778,-51.131,-52.139,-52.732,-52.732,-53.2844,-51.3239,-51.7243,-52.2826,-53.0915,-53.0915,-53.0915,-51.2886,-51.8452,-54.5677,-55.2303,-54.1445,-52.6998,-54.0658,-51.6373,-51.1412,-50.7964,-52.0662,-53.4672,-53.5172,-51.8678,-51.167,-50.61,-50.7432,-50.6316,-50.6234,-51.0542,-50.6025,-47.8636,-47.6085,-48.6094,-47.9606,-49.5956,-50.0284,-50.0284,-47.1033,-49.6222,-49.6222,-48.0955,-46.6722,-50.5849,-50.5849,-50.5849,-51.4609,-51.4609,-51.2704,-51.2704,-51.2704,-52.8403,-53.3122,-53.3122,-52.9933,-52.9331,-51.7512,-51.4887,-53.6423,-53.6423,-55.7627,-57.4397,-59.2051,-56.706,-56.6571,-56.0937,-56.7445,-57.7926,-53.9913,-55.6664,-56.0803,-56.0499,-56.0499,-55.2085,-54.6679,-55.8834,-56.3299,-55.5502,-53.9818,-53.2264,-53.5816,-53.3693,-53.6935,-54.6449,-54.6449,-54.5535,-54.8878,-55.1704,-53.2523,-53.2523,-55.2735,-55.2683,-55.2192,-56.9713,-56.8205,-57.275,-57.275,-57.0053,-57.9965,-58.5171,-59.9352,-58.8229,-58.8229,-58.5018,-59.5246,-58.9632,-59.5881,-60.051,-60.2332,-60.0999,-59.975,-60.954,-60.985,-60.1778,-60.1778,-60.1778,-59.8949,-59.1762,-59.1762,-58.9611,-58.8132,-59.4876,-59.4838,-57.6498,-57.1187,-56.0759,-56.0759,-56.0759,-57.5212,-57.5212,-57.3559,-57.3559,-57.3559,-57.4875,-57.1523,-57.298,-57.865,-58.1628,-55.1354,-55.1354,-54.3627,-52.526,-52.526,-52.526,-54.9311,-53.1844,-53.1844,-53.1844,-53.1844,-53.4238,-52.9293,-52.9293,-52.6105,-52.6105,-52.6105,-52.6105,-52.4109,-52.4109,-52.3579,-53.3099,-53.2637,-53.2637,-53.2637,-53.6945,-54.217,-54.217,-54.217,-54.217,-54.217,-54.5594,-54.5594,-54.5594,-52.6255,-52.6255,-52.6255,-53.7182,-53.7182,-53.7182,-53.862,-53.862,-53.862,-53.862,-53.862,-53.862,-53.862,-53.862,-53.862,-53.862,-53.1852,-52.573,-52.573,-52.573,-52.573,-52.4329,-52.4329,-52.4329,-52.4329,-52.4329,-51.2563,-51.2563,-51.2563,-51.2563,-51.2563,-50.9701,-50.9701,-50.9701,-50.9701,-50.9701,-51.2924,-51.2924,-51.1316,-51.1316,-51.1316,-51.0963,-51.0963,-52.0505,-52.0505,-52.0505,-53.6367,-53.6367,-53.6367,-51.654,-51.654,-51.654,-49.8837,-49.8837,-49.8837,-49.8837,-50.914,-49.4968,-49.4968,-49.4968,-49.4968,-49.4968,-49.4968,-49.5447,-49.4105,-49.4105,-49.4105,-51.9274,-51.8366,-51.8366,-51.8366,-51.8366,-51.8366,-51.8366,-51.555,-51.555,-51.555,-51.555,-51.555,-51.555,-51.555,-51.555,-51.555,-51.555,-51.555,-51.555,-52.2994,-52.2994,-48.679,-41.1272,-41.1272,-41.5378,-39.8845,-37.0652,-37.0652,-36.7609,-36.7609,-36.5873,-36.5873,-36.5873,-38.5937,-38.0078,-40.1465,-39.1007,-38.5897,-39.4522,-40.2632,-40.2632,-43.5372,-45.6354,-44.281,-43.734,-43.5386,-41.3989,-41.5558,-41.7851,-41.2224,-41.2676,-41.2862,-39.602,-40.3172,-40.9569,-40.9569,-40.3103,-39.825,-40.2559,-39.0745,-37.8537,-39.1214,-39.0621,-39.0048,-42.0692,-40.6239,-40.2866,-40.3232,-40.2735,-40.302,-40.301,-40.3486,-40.587,-40.7618,-40.891,-40.9651,-40.887,-42.466,-42.466,-40.8063,-43.4071,-41.6781,-43.6588,-43.6588,-42.5871,-42.1475,-44.2163,-44.2163,-43.3233,-42.2646,-42.1785,-42.1785,-42.1785,-38.835,-37.7388,-38.0402,-40.0828,-39.6152,-39.8213,-41.0358,-40.6425,-41.6897,-43.784,-45.8516,-46.242,-46.242,-46.242,-46.242,-45.2997,-45.8566,-46.2278,-46.2278,-46.2278,-46.2278,-44.8636,-44.6817,-44.6817,-44.6817,-44.6817,-46.7558,-51.6102,-49.2476,-51.6604,-51.6604,-51.2111,-50.1925,-49.99,-49.8196,-48.8699,-49.0327,-48.3534,-47.7785,-48.9086,-50.1772,-49.4621,-51.584,-51.4741,-51.8725,-51.6076,-50.4777,-50.085,-52.3708,-50.7712,-50.5255,-52.4736,-51.6947,-53.5986,-53.5986,-52.2038,-51.7757,-53.4758,-53.4758,-51.8431,-51.8431,-50.6136,-51.816,-51.2761,-50.5213,-50.5426,-50.8956,-50.721,-50.721,-51.6956,-51.6585,-53.3091,-54.4371,-54.4371,-54.0813,-52.3999,-51.4304,-51.4304,-52.7101,-52.7101,-53.9751,-53.9751,-53.9751,-53.9751,-53.7329,-56.2518,-56.2518,-56.2518,-56.2518,-56.4267,-57.5405,-58.2562,-58.2562,-54.9892,-54.9523,-54.5248,-53.7161,-54.2813,-54.668,-53.3306,-53.3306,-53.8194,-53.742,-52.5287,-52.5287,-51.6827,-50.8343,-50.1864,-51.3863,-48.2396,-50.1187,-51.2333,-49.3622,-49.2806,-49.1986,-49.1986,-50.6454,-49.0993,-49.0993,-48.9113,-48.9113,-48.9113,-48.9113,-51.7394,-51.2054,-51.2054,-51.2054,-52.6754,-53.9985,-53.5332,-48.0301,-46.4205,-46.149,-46.149,-46.149,-46.149,-46.149,-45.5386,-46.2543,-46.2543,-46.2543,-46.2543,-47.3955,-47.5902,-47.9197,-47.9197,-47.6135,-47.6135,-48.4554,-48.4554,-48.4554,-48.4554,-48.4554,-48.4554,-48.4554,-48.4554,-48.4554,-48.4554,-48.4554,-48.4554,-47.3408,-47.3408,-46.1782,-46.1782,-46.1782,-46.1782,-45.5687,-45.5687,-45.5687,-45.5687,-55.7797,-55.7797,-56.5374,-56.5374,-55.0755,-55.817,-55.817,-54.2431,-54.2431,-54.2431,-54.2431,-57.2409,-57.2409,-56.7291,-57.4212,-57.4212,-56.8197,-56.8197,-56.5583,-57.5699,-59.094,-59.2482,-57.3753,-57.3298,-60.3137,-60.6069,-59.7636,-59.9606,-59.18,-57.7171,-57.7171,-57.708,-57.708,-59.8581,-59.8581,-60.0705,-60.0705,-60.0705,-60.0705,-60.0705,-59.8899,-59.8899,-59.3224,-58.5205,-58.5205,-58.5205,-58.5205,-58.5205,-60.0999,-60.0999,-60.0999,-58.5622,-59.7228,-59.7228,-58.9953,-61.0925,-61.0925,-61.1522,-61.4032,-62.7977,-62.2953,-62.2953,-61.8694,-60.0607,-59.3713,-59.3713,-62.6673,-62.6673,-62.0728,-60.6699,-60.6699,-60.6687,-61.5924,-60.0696,-60.0696,-59.5,-59.5,-59.5,-62.4434,-62.4434,-62.4434,-62.1867,-60.5,-42.1327,-40.0014,-40.0014,-41.7315,-41.0187,-43.5085,-44.9286,-45.2787,-45.2843,-46.0145,-44.8579,-45.6978,-44.3034,-44.3034,-44.8558,-46.735,-46.3389,-45.898,-45.898,-45.0001,-43.2776,-43.2776,-44.1394,-42.7803,-43.623,-41.2256,-41.2256,-41.5865,-41.5865,-41.5865,-41.5865,-41.2714,-41.2714,-41.9397,-42.62,-41.3545,-41.3545,-41.1943,-41.1943,-40.577,-42.1642,-42.1642,-42.1642,-42.1642,-39.6146,-39.6146,-39.6146,-41.3765,-41.3765,-41.3765,-41.3765,-41.3765,-41.3765,-41.3765,-41.3765,-41.3765,-41.5977,-41.5977,-41.5977,-41.5977,-43.278,-44.6532,-43.3769,-43.3769,-43.8831,-43.8831,-46.5599,-46.5599,-48.9751,-48.7454,-52.8889,-51.5348,-52.8104,-51.8959,-51.8959,-50.6115,-50.6152,-49.564,-49.564,-50.9286
19.9183673469388,57.3036297959184,57.3016297959184,56.6757965306122,57.4370920408163,56.2151420408163,56.1833420408163,56.5778420408163,56.7526234693878,55.3081234693878,55.0185791836735,56.3984006122449,56.8380534693878,56.244062244898,56.244062244898,57.1103544897959,57.8454753061224,58.6944665306122,57.2969608163265,56.953216122449,57.420066122449,57.1708916326531,59.0751689795918,57.5645353061225,57.4628234693878,57.6908348979592,58.0697346938775,57.8444673469388,57.8806973469388,58.4185973469388,59.7869930612245,58.8018732653061,58.9201730612245,58.766367755102,59.5651936734694,58.3158048979592,57.8820840816327,57.5511373469388,57.1219297959184,57.0527783673469,56.5002904081633,55.9522904081633,56.4258308163265,56.1705308163265,54.5263153061224,55.6830616326531,56.6527453061225,56.2302140816327,55.9571226530612,57.4064187755102,56.4475306122449,55.4854618367347,55.5156118367347,56.2994118367347,57.6759248979592,57.2352328571429,57.8540595918367,57.684203877551,58.8335651020408,58.8560912244898,57.4380957142857,57.8014059183673,56.9816771428571,57.3778916326531,57.0696955102041,57.0844506122449,56.9564255102041,57.3115316326531,56.7940289795918,56.9391736734694,58.0638667346939,57.5974012244898,57.5517155102041,58.95603,56.95398,57.5526673469388,57.65433,57.6532479591837,57.2477220408163,58.1899828571429,58.8904285714286,57.1854906122449,56.4522906122449,57.5050867346939,57.8866502040816,58.4514755102041,58.3710602040816,58.4429814285714,58.6449295918367,54.916853877551,57.2586406122449,57.255646122449,55.8352157142857,56.6505487755102,57.328,57.83725,57.9977363265306,56.7442495918367,58.8147055102041,58.3502951020408,57.848922244898,58.1945642857143,57.6434455102041,56.9235528571429,57.4071528571429,57.731293877551,57.842543877551,56.4259085714286,58.1794028571429,56.9806120408163,56.2048089795918,56.9314016326531,56.9555618367347,57.474056122449,57.499956122449,56.982606122449,58.1276057142857,58.1276057142857,58.5002728571429,58.3092089795918,57.6232589795919,57.7112977551021,56.99826,56.1185469387755,55.6070220408163,55.5504220408163,55.5003220408163,56.6798306122449,55.9219755102041,56.352966122449,56.3260406122449,56.9655302040816,56.8520624489796,56.9306655102041,56.5105940816327,58.2239430612245,58.7522032653061,57.8747440816326,58.608173877551,60.9842471428571,59.4612491836735,59.8155183673469,60.7552210204082,59.0939297959184,59.5581253061224,59.3333102040816,57.8624602040816,60.4863873469388,58.5928657142857,57.7372830612245,58.5716967346939,58.1942734693878,58.9353793877551,57.5527793877551,56.8873863265306,58.5800706122449,56.8412653061225,58.0121614285714,58.2834593877551,57.5466314285714,57.7342379591837,55.4982806122449,57.4841306122449,56.8892448979592,58.192316122449,59.5047993877551,59.0135695918367,59.5631695918367,58.8130195918367,58.4761195918367,57.0394146938775,58.1550789795918,56.2676789795918,56.3007289795918,56.4304779591837,56.2355342857143,57.1306120408163,56.9359236734694,56.9412332653061,56.6351332653061,57.2808063265306,56.6846659183673,56.2230659183674,55.7076932653061,56.0565432653061,56.1527442857143,56.2635112244898,55.8574504081633,55.8574504081633,57.5555251020408,55.4909285714286,57.1672881632653,56.8063881632653,55.0580881632653,54.9366581632653,55.5567130612245,55.9940959183673,57.2286463265306,57.6255463265306,57.9037093877551,56.84529,58.4438724489796,57.6298953061224,58.636243877551,57.660656122449,58.0208281632653,57.822962244898,57.8242310204082,58.9816771428571,57.5088473469388,56.0966226530612,55.5036402040816,56.8831459183673,56.5674340816326,57.4904734693878,56.80323,57.3801544897959,58.1513053061224,56.6517606122449,56.7120106122449,56.6626302040816,56.4883232653061,56.3256934693878,56.1335328571429,56.9930936734694,57.6764024489796,58.9194308163265,58.1007308163265,57.5616520408163,56.4302030612245,57.0303773469388,56.8550630612245,53.9215951020408,57.6091753061224,56.949006122449,57.0014773469388,57.0859326530612,58.1742871428571,59.2075167346939,58.6381375510204,58.1077881632653,58.6003724489796,57.6150857142857,58.1573367346939,58.1829195918367,56.8204195918367,57.4261255102041,57.7690620408163,58.2876120408163,57.3093936734694,57.1419485714286,57.4753471428571,58.4321020408163,58.2662957142857,57.5558669387755,58.1992663265306,57.0899736734694,58.3180189795918,58.1516579591837,57.3111371428571,57.6051079591837,56.4211634693877,56.2507420408163,57.5486920408163,56.4042414285714,58.2756414285714,57.2652902040816,57.2962402040816,57.1737328571429,56.2327828571429,56.3982965306122,56.051712244898,55.541912244898,56.6109710204082,56.49076,57.8538108163265,57.4358363265306,58.5553504081633,58.2948512244898,57.0742257142857,57.4971646938775,57.5306944897959,57.3160824489796,57.9689981632653,57.8878981632653,56.9461773469388,57.0660910204082,57.4143763265306,58.3273271428571,57.5135420408163,58.0164920408163,58.5819920408163,58.5722920408163,57.9347691836735,59.2136191836735,58.1511979591837,57.6001930612245,56.75958,57.7658287755102,58.6572895918367,59.3400767346939,59.2324626530612,57.9923904081633,59.8486293877551,58.689123877551,58.2589151020408,57.3844651020408,57.96973,56.5924724489796,56.5385783673469,55.9399306122449,56.5284826530612,55.7644906122449,55.5575302040816,56.4732681632653,56.4398424489796,55.6751328571429,56.1942840816327,56.9060085714286,56.0825879591837,56.6130948979592,56.3803948979592,54.7918318367347,55.6481087755102,57.2941436734694,57.2218587755102,57.4609269387755,58.5395944897959,58.3528440816326,56.272403877551,57.6251516326531,56.9422359183674,55.969093877551,56.5772281632653,58.0637448979592,57.740912244898,58.5870510204082,57.2886916326531,56.2773787755102,57.5840197959184,58.5025626530612,58.7015263265306,57.4019757142857,56.4715948979592,57.6128948979592,59.1418448979592,58.3803173469388,57.5163953061225,58.1488448979592,58.8209459183674,59.1422628571429,58.6846916326531,58.0606020408163,55.5361140816326,55.3573314285714,56.9773520408163,56.8286612244898,56.4852751020408,57.0998367346939,56.804783877551,56.97673,58.9596253061225,58.9596253061225,58.8310202040816,58.267227755102,58.2012724489796,58.2012724489796,58.3201002040816,58.3851702040816,58.6439702040816,58.6439702040816,59.3871591836735,59.1340591836735,59.1340591836735,58.6807081632653,58.6807081632653,59.3401836734694,58.7660626530612,58.7660626530612,59.2834748979592,59.7067112244898,59.7067112244898,59.0899791836735,60.4536291836735,59.4309565306122,58.9204979591837,56.2923128571429,57.4768032653061,56.7239957142857,57.134777755102,58.8005157142857,58.7863508163265,58.5828779591837,58.7935808163265,59.0380395918367,58.7351173469388,58.4601314285714,58.6706867346939,59.0726867346939,59.1161289795918,59.2606306122449,58.2566306122449,58.2827471428571,58.4853346938775,58.5114020408163,57.5238469387755,57.9032065306123,56.5852963265306,57.0112336734694,57.2436757142857,57.7578910204082,57.3926530612245,57.6656224489796,57.6656224489796,57.5876663265306,57.5876663265306,58.3300328571429,58.3300328571429,56.1501412244898,56.6210179591837,56.4808095918367,55.4647428571429,56.2015897959184,55.7410204081633,57.4804059183674,56.0699379591837,55.5540377551021,55.2018910204082,55.1260410204082,55.0885967346939,56.4907520408163,56.2283920408163,55.6465597959184,55.6788385714286,57.0688953061224,58.0064920408163,58.2477248979592,58.4549357142857,58.4549357142857,58.2176244897959,57.4763846938776,57.3531846938776,56.8760846938775,59.4683346938775,56.909812244898,56.7768687755102,57.7596495918367,57.5574555102041,55.8251236734694,58.3975508163265,58.1449651020408,58.0475004081633,58.9231683673469,57.669222244898,57.8916053061225,56.7135993877551,56.1327993877551,57.4573830612245,57.68365,58.044713877551,57.0271832653061,55.9303151020408,54.2538283673469,56.717227755102,58.641376122449,56.5514075510204,56.5514075510204,57.1303063265306,57.279972244898,56.6306957142857,55.6870644897959,57.0811204081633,56.1365430612245,58.2136795918367,58.1172551020408,59.5923920408163,57.2081842857143,57.6742842857143,57.6742842857143,57.2694534693878,58.7703067346939,57.8160818367347,58.375666122449,56.7221273469388,56.6361063265306,56.6136440816327,57.0178808163265,57.2964042857143,56.8295608163265,56.967816122449,57.220128367347,57.0276765306122,57.0549734693878,57.4512955102041,57.5540893877551,57.7184893877551,57.7072975510204,57.3399475510204,58.428396122449,57.9961069387755,55.2043840816326,55.7448634693877,55.521077755102,55.754027755102,56.1980087755102,56.1980087755102,56.283436122449,57.0558624489796,57.7667032653061,56.6467897959184,55.5399183673469,55.3599565306122,57.2854065306122,57.2854065306122,57.5666563265306,56.8648563265306,56.2899646938776,54.8746808163265,57.7625426530612,57.9539655102041,57.2644689795918,58.1073451020408,58.0689248979592,58.4586171428571,57.6920895918367,58.2267855102041,58.2267855102041,58.2267855102041,57.1113855102041,57.781463877551,57.0304969387755,56.1517444897959,55.7368773469388,55.5431920408163,57.4685430612245,58.3500130612245,55.5416381632653,57.0688771428571,58.9586753061224,58.3216102040816,58.1326820408163,57.9075683673469,58.4070104081633,57.2590467346939,57.0991997959184,57.6561232653061,58.4141467346939,58.4069659183674,58.0317224489796,55.405977755102,55.631577755102,55.0916885714286,59.912466122449,60.0711851020408,60.0711851020408,60.3213079591837,60.3213079591837,59.5905340816326,60.6547918367347,60.6799289591837,61.1282430612245,61.1282430612245,59.4280479591837,59.8860093877551,59.4260542857143,58.5483751020408,58.5810332653061,58.0942859183674,58.9744869387755,57.584402244898,58.3670842857143,58.2128167346939,58.6711348979592,57.7911908163265,56.8731948979592,57.8671269387755,58.1556348979592,59.2667955102041,59.6066508163265,57.2619293877551,56.1401446938776,56.8779485714286,57.4215240816327,56.8258432653061,57.6241595918367,57.1994595918367,58.7860095918367,58.7850812244898,58.0645185714286,59.1361720408163,59.2903318367347,59.3475659183674,57.60598,56.5724318367347,56.5855224489796,59.2656920408163,59.22502,59.6724614285714,59.354168367347,57.6576683673469,57.8982683673469,58.5644183673469,58.7220426530612,58.0884665306122,57.4296893877551,57.4377228571429,56.837631632653,56.9570685714286,56.7474985714286,56.2851916326531,57.9609246938776,56.3597589795918,57.8657432653061,58.4386432653061,58.7762432653061,58.0700432653061,57.1028932653061,58.9981432653061,58.0646432653061,57.9555685714286,55.4194508163265,56.537996122449,56.4741557142857,56.5115353061225,56.4468587755102,56.1313455102041,56.8848602040816,57.8190067346939,54.6327544897959,56.7480367346939,56.7424297959184,56.7079416326531,55.5582640816327,58.1915365306122,56.8606632653061,58.113372244898,57.900706122449,57.5198457142857,56.3364457142857,56.1217548979592,57.0834579591837,58.7093632653061,57.0955197959184,58.7678046938776,56.5556006122449,56.3508724489796,56.8833863265306,56.3015636734694,56.8690620408163,58.1034781632653,57.5562226530612,56.5944259183673,57.4946720408163,57.1953224489796,57.0131571428571,57.1365910204082,56.2967934693878,57.1997510204082,57.5355010204082,60.172896122449,59.463396122449,59.3718079591837,59.4325079591837,59.2630767346939,58.9046924489796,59.6404810204082,59.3157902040816,60.0305402040816,59.3230402040816,58.2949830612245,59.1734757142857,57.595106122449,58.1467873469388,57.8777246938775,57.7041257142857,56.731516122449,58.1682163265306,58.3695283673469,57.803067755102,58.2201802040816,57.8374191836735,57.8512328571429,57.4455167346939,57.6091167346939,55.7855485714286,55.7274914285714,57.5921979591837,57.8222930612245,57.5100210204082,57.4221789795918,58.5945746938775,59.0146606122449,59.1002257142857,59.1784769387755,59.1784769387755,58.9915769387755,58.6316959183673,59.3971644897959,58.5667144897959,59.0131144897959,58.8436612244898,59.4045402040816,58.6578946938776,59.74293,57.6648644897959,58.9370667346939,59.3376948979592,58.3880536734694,57.9115536734694,58.0037018367347,56.3712310204082,57.4483206122449,56.7500904081633,56.5883436734694,58.052976122449,56.9459502040816,56.9304624489796,56.21585,57.4469720408163,57.2691720408163,58.2453048979592,58.5111565306122,59.126182244898,57.847622244898,57.9251028571429,56.2131928571429,56.1475326530612,57.6847244897959,57.3068463265306,58.0317153061225,56.2614,58.6594728571429,57.2373728571429,56.3786228571429,57.5276883673469,56.6917883673469,57.5745916326531,57.5745916326531,57.7271416326531,58.0988226530612,58.8201010204082,58.3247230612245,59.4416975510204,59.4598955102041,59.448042244898,59.808796122449,58.5632057142857,58.6708195918367,58.0938951020408,58.319402244898,58.5692553061224,58.4864204081633,59.4628553061224,59.4609863265306,59.5363697959184,59.5363697959184,59.5261887755102,58.3219773469388,59.697962244898,61.2592742857143,59.0898042857143,58.9015291836735,58.9284326530612,58.500777755102,58.3841632653061,58.243743877551,59.8760575510204,59.9259297959184,59.9221918367347,59.9518004081633,60.1697512244898,60.1446675510204,60.011133877551,59.4099618367347,60.2090489795918,60.2029993877551,59.8121859183673,60.0301679591837,60.1889820408163,59.8067536734694,59.0958528571429,59.0958528571429,59.3957257142857,59.4786985714286,59.8296908163265,59.8296908163265,59.5747718367347,59.6469159183673,59.2633324489796,59.2633324489796,59.3562895918367,59.653162244898,58.168962244898,58.168962244898,60.021612244898,58.7230014285714,58.8375010204082,58.9208181632653,59.8145608163265,59.8145608163265,59.4156320408163,59.6138914285714,59.3409220408163,59.7397032653061,59.4692532653061,59.4850412244898,59.5275359183673,59.5275359183673,59.2763548979592,59.1269548979592,59.6772548979592,58.6774867346939,58.6774867346939,58.6774867346939,59.9932936734694,59.9932936734694,58.2872359183673,59.1027504081633,58.7139534693878,58.9896771428571,58.7690353061224,57.6679581632653,58.2035528571429,58.2249969387755,58.4753418367347,56.9552828571429,58.1988791836735,58.1988791836735,57.978683877551,57.9118924489796,56.6643316326531,55.2813467346939,57.9597953061224,57.1455444897959,57.1455444897959,56.6910444897959,55.8478167346939,56.0167134693878,55.9530206122449,56.196166122449,56.196166122449,56.2149051020408,57.3941820408163,57.3720493877551,57.3699344897959,56.5911636734694,57.4084732653061,57.6967571428571,57.4040651020408,58.3178651020408,59.1425804081633,58.4635791836735,57.552053877551,57.0922881632653,57.0933210204082,56.1660351020408,56.266222244898,56.266222244898,55.8904097959184,57.8834820408163,58.1586155102041,56.7006010204082,56.7006010204082,56.7073391836735,56.3815465306123,56.3815465306123,56.3902520408163,56.2866220408163,56.6140869387755,57.4044314285714,56.8334581632653,56.7785889795918,55.5006824489796,55.6075093877551,55.3886420408163,55.3886420408163,55.3886420408163,55.3886420408163,55.4732379591837,54.8144226530612,55.0842442857143,55.2910942857143,58.2965889795918,57.9234324489796,58.1296210204082,58.3601940816327,57.9019069387755,57.7090085714286,57.658546122449,57.4240875510204,58.0747406122449,58.4208610204082,58.236323877551,58.3881046938776,58.3746775510204,58.3782187755102,58.1396134693878,58.0922987755102,57.4138216326531,57.6434602040816,58.0347655102041,58.2426202040816,58.4092053061225,58.4813085714286,58.3174777551021,58.6379093877551,57.9690606122449,58.2527520408163,58.110152244898,57.9963904081633,57.8500689795918,58.0165557142857,56.9548567346939,57.6997685714286,58.1425055102041,57.5656010204082,57.7326287755102,57.6964787755102,57.9052142857143,58.104942244898,57.92011,57.5224926530612,58.5411575510204,58.6323440816327,58.6025879591837,56.9911663265306,57.8367997959184,57.7897802040816,58.1426332653061,57.6177832653061,56.1160710204082,55.5457710204082,55.5424757142857,55.750683877551,55.4604018367347,55.1462440816327,57.9875440816327,58.2736116326531,55.4849616326531,56.5216585714286,55.6400244897959,54.3997642857143,54.5681691836735,54.2801963265306,54.2492340816326,55.0371010204082,55.2342010204082,55.0758106122449,54.7626528571429,54.4878144897959,54.2523281632653,54.6525555102041,54.6287997959184,54.4587718367347,56.3537946938775,55.9844253061224,55.8743018367347,56.09794,54.5531524489796,54.9984024489796,55.02747,55.0361691836735,54.8696379591837,54.8849551020408,54.6337471428571,59.7488971428571,57.2158393877551,58.0082375510204,56.8500375510204,56.1214755102041,56.1214755102041,55.5430091836735,55.5361234693878,55.5361234693878,55.5793067346939,55.519587755102,55.519587755102,55.519587755102,55.519587755102,55.7941310204082,54.0313667346939,55.2109,55.0527253061224,54.9623257142857,54.9623257142857,55.7067934693878,56.5215934693878,55.8507024489796,56.47263,56.47263,55.5974987755102,56.2442026530612,56.2442026530612,56.8112904081633,56.2559575510204,56.6422710204082,56.4539467346939,56.6214171428571,55.6882671428571,55.64668,55.9299210204082,54.7073379591837,54.9609289795918,54.9609289795918,54.5188312244898,56.9805406122449,56.7880357142857,56.8757793877551,57.2395512244898,57.5992542857143,55.8772320408163,57.0026036734694,57.0331467346939,58.01281,59.0771767346939,57.9203767346939,57.8218618367347,56.0482271428571,55.9302355102041,56.3862665306122,56.2384204081633,56.0889512244898,55.9139557142857,55.5405040816327,55.5792608163265,55.9003810204082,55.1488928571429,54.2728959183674,58.3938959183673,58.5817775510204,58.5304297959184,58.9296144897959,58.6211836734694,58.7031728571429,57.6309930612245,56.4807548979592,56.5340208163265,56.5111995918367,56.656143877551,56.979182244898,56.0695410204082,56.7558008163265,56.8209595918367,56.6079291836735,56.62716,56.7848920408163,56.7905481632653,56.7981926530612,56.7848146938775,56.5740134693878,56.9621430612245,55.8990873469388,55.9681344897959,55.1810428571429,54.8840226530612,55.3531857142857,55.1552706122449,56.3596206122449,55.7619406122449,55.6299808163265,55.9786665306122,55.9786665306122,55.9786665306122,56.4273691836735,56.4342691836735,57.3713165306122,56.4626165306123,55.1545546938775,55.2118044897959,54.8803004081633,55.0740348979592,56.1769348979592,56.9708769387755,58.4252810204082,57.7002153061224,58.0057934693878,57.8324702040816,57.8324702040816,57.8324702040816,58.5122424489796,58.9305746938775,58.7388567346939,58.4078014285714,58.6063067346939,58.6063067346939,57.5867067346939,58.620027755102,55.6294687755102,54.8838042857143,60.4666393877551,57.7766753061224,58.64254,57.3175934693878,58.0823026530612,57.6937516326531,59.4729446938776,58.7358781632653,58.6750736734694,58.6750736734694,59.2433910204082,59.2433910204082,59.2433910204082,59.2669975510204,59.0908708163265,59.4656012244898,59.3514951020408,55.7659018367347,56.0701520408163,56.9662318367347,57.8214867346939,57.8972295918367,57.4549795918367,56.4918295918367,56.9134812244898,56.867396122449,56.2676012244898,56.6022469387755,55.6659140816326,55.58768,55.1431579591837,55.4470146938776,56.0566153061225,55.5236104081633,54.4295667346939,54.9234136734694,55.5139446938775,55.1157446938775,54.7614446938776,54.4204542857143,56.0283042857143,55.8676212244898,56.3844924489796,57.0451124489796,57.2184097959184,56.9386097959184,56.606432244898,57.350732244898,57.350732244898,57.3919402040816,58.8207012244898,58.8207012244898,58.045207755102,58.045207755102,58.2637148979592,58.0437148979592,57.815453877551,58.6860987755102,58.9351312244898,59.7255118367347,59.1323267346939,59.24299,60.2448483673469,60.5216540816326,60.6123979591837,60.2573902040816,60.4849630612245,59.7066948979592,59.5661771428571,59.8422881632653,59.9276710204082,59.3068728571429,59.4930391836735,59.0700104081633,59.1266208163265,59.1312440816327,59.3152402040816,58.0910836734694,57.9002510204082,57.7572510204082,58.4938257142857,59.0421744897959,56.7740744897959,56.4080744897959,57.0615744897959,56.5405718367347,56.6756302040816,56.78831,55.8585418367347,55.9311418367347,56.9059197959184,56.9059197959184,56.9353808163265,56.9353808163265,57.3477434693877,57.7049153061224,57.9217169387755,58.0505669387755,57.511967755102,55.416167755102,54.396867755102,54.450167755102,54.450167755102,54.450167755102,55.1921812244898,55.1921812244898,55.6965914285714,54.7578946938775,55.6205097959184,55.8817734693878,58.0399924489796,57.0492424489796,55.6506840816326,54.93275,55.0726775510204,55.5157240816326,55.9827051020408,58.5707620408163,58.308662244898,58.178212244898,57.3621973469388,57.3621973469388,57.6218834693878,58.8125481632653,61.1327806122449,60.1473267346939,60.2447595918367,60.4981046938775,60.0290891836735,59.823452244898,60.3067655102041,60.4291344897959,59.3617453061224,59.3069055102041,59.6621826530612,59.3895606122449,59.1264889795918,57.3383371428571,58.1732371428571,59.0560295918367,58.5639104081633,59.0178355102041,58.1536,58.7809787755102,58.8309002040816,58.4299906122449,58.428957755102,58.1603883673469,58.0501883673469,58.4733369387755,57.7240067346939,57.6668553061225,58.6125704081633,58.1445385714286,58.1587385714286,58.3581385714286,57.3397385714286,57.3838563265306,57.7206926530612,58.3696426530612,59.3860434693878,59.255663877551,59.255663877551,58.7195453061224,59.2075457142857,59.3403908163265,57.9189908163265,57.6148389795918,57.4210124489796,57.4769834693877,57.4463420408163,57.4416695918367,59.7751691836735,57.02427,57.1150295918367,57.6518393877551,57.7050393877551,58.4727734693878,58.4400171428571,57.4421275510204,59.2498571428571,58.8533383673469,58.7260510204082,58.7260510204082,58.8591420408163,58.2288365306122,59.2973446938775,59.8336559183673,59.7715369387755,60.5327287755102,58.5163393877551,58.06905,58.0819765306123,57.1469163265306,57.5979128571429,57.2502036734694,58.4326024489796,58.0268302040816,58.0262163265306,57.882737755102,58.6914330612245,59.5042089795918,58.7150691836735,58.5345191836735,58.6600418367347,58.6943169387755,58.1401163265306,58.2044532653061,57.5588159183674,58.255696122449,55.50638,57.1114224489796,57.5509648979592,57.0272085714286,56.8865648979592,58.4588093877551,58.6063569387755,58.6508602040816,58.4785997959184,57.4144140816327,57.704212244898,58.5751516326531,59.2697193877551,60.4294693877551,59.2296193877551,59.2296193877551,59.3724979591837,59.2085310204082,59.2494932653061,58.2364218367347,58.8572181632653,58.1601871428571,60.6344187755102,58.7411330612245,58.1348012244898,56.6088687755102,58.0529281632653,57.4484281632653,56.3211185714286,56.7599953061225,57.4623679591837,56.7190871428572,56.6166557142857,58.9268916326531,57.8719832653061,58.7433832653061,60.2664971428571,59.1067504081633,59.1111026530612,59.2400495918367,58.8708902040816,58.883017755102,59.6405314285714,59.770016122449,58.6405644897959,57.3868097959184,56.9617153061224,58.4223346938775,55.9951483673469,57.5430251020408,58.3348114285714,57.8012508163265,55.6919124489796,56.7107659183674,58.5545559183674,58.8551279591837,56.8818528571429,57.6727510204082,56.4635553061225,57.0260524489796,56.0037524489796,57.6198779591837,56.8864604081633,58.3928340816326,56.9119706122449,58.49174,59.13624,58.0186481632653,58.1940622448979,59.0050704081633,56.8807932653061,55.9167395918367,57.2074434693878,57.1327740816327,58.5987742857143,56.7158955102041,57.3406165306122,57.5333246938776,57.9084746938776,58.2948808163265,57.9990644897959,58.0054583673469,58.2421236734694,58.4550373469388,59.5159157142857,59.6223295918367,59.6394812244898,60.2898383673469,60.9375904081633,60.113307755102,60.3583753061224,59.7209820408163,60.5703840816326,60.9623534693878,60.5006663265306,61.0097153061225,61.0097153061225,60.6883983673469,60.6164655102041,60.2583859183674,59.5458046938775,59.8423267346939,56.9428077551021,56.9651314285714,56.9765420408163,56.4684502040816,57.667766122449,56.5100832653061,56.309842244898,57.3021332653061,58.2092765306123,58.593786122449,58.3625616326531,58.1680924489796,58.4082526530612,58.2951867346939,58.8709679591837,58.8709679591837,59.7163504081633,60.7925685714286,58.9346930612245,57.3079910204082,59.4411342857143,59.3090257142857,59.3090257142857,59.5461893877551,59.1814020408163,58.0663020408163,58.4277453061225,56.89643,55.5574695918367,58.2464134693877,58.4823981632653,57.9855446938775,60.0909604081633,57.7336348979592,57.6940316326531,57.6435848979592,57.8024481632653,57.8612048979592,57.7938626530612,57.5423334693877,57.8871602040816,58.9400767346939,58.9858175510204,55.9788795918368,56.4825204081633,56.1863867346939,56.66058,58.129903877551,57.9933773469388,58.0081193877551,58.3057789795918,59.3826559183673,58.6705502040816,58.6581851020408,58.707087755102,60.9722993877551,59.3367040816327,59.0571283673469,59.4642126530612,59.0045295918367,58.8550887755102,58.6777816326531,57.3148434693878,57.8083216326531,57.7171842857143,56.8583969387755,56.3319593877551,55.9766565306123,57.7270757142857,57.7270757142857,57.2769867346939,57.8444651020408,54.7663706122449,57.9520755102041,58.5766589795918,57.8160806122449,60.5527683673469,59.4942602040816,59.7566551020408,58.2967769387755,59.3062718367347,58.4454563265306,58.0849891836735,57.75477,57.7819653061225,58.2837371428571,58.2457673469388,56.4650744897959,56.9478363265306,56.9478363265306,57.3060616326531,55.5327740816326,55.6295240816326,55.6295240816326,56.2115240816326,56.7468365306122,56.654912244898,56.6816189795918,56.0672557142857,57.1964773469388,56.9074869387755,57.0742714285714,57.0219891836735,57.0417610204082,56.3817653061224,56.3817653061224,56.3817653061224,57.2011134693877,57.048053877551,57.3041769387755,57.2349263265306,57.432693877551,57.0044024489796,57.4203522448979,56.3823481632653,58.3745481632653,58.4934063265306,58.7002144897959,60.0641759183673,61.3038504081633,61.0794224489796,61.6710224489796,61.4571283673469,61.6206767346939,61.9027910204082,62.1231910204082,62.3693910204082,62.0168189795918,63.4296375510204,65.6949765306122,63.7937265306122,64.6109765306122,64.3618351020408,63.8227363265306,64.0745863265306,63.9866826530612,64.7574826530612,64.6498781632653,64.734656122449,62.1609940816327,63.0584157142857,64.4867988979592,64.1857988979592,64.4902594489796,64.0138955102041,63.2415455102041,64.4903251020408,65.2900640816327,63.7247446938776,64.3908359183674,63.4952640816327,63.9036008163265,65.9304434693878,65.8796306122449,64.8300140816327,58.6953657142857,58.0240957142857,58.5709502040816,58.9288481632653,57.7920291836735,58.8209410204082,57.1866395918367,57.9127895918367,56.4193546938776,57.6483546938776,57.3259832653061,55.6517071428571,56.2640920408163,57.0915428571429,57.1278248979592,58.45244,55.5400263265306,58.7267736734694,57.0051681632653,57.1274465306122,58.4010269387755,59.1528769387755,58.1124769387755,57.401596122449,56.3753308163265,59.6664055102041,56.9933824489796,56.7263406122449,57.4535487755102,57.3181312244898,58.6098312244898,57.2332436734694,57.9345355102041,58.6651355102041,59.1138289795918,58.6974273469388,56.3501273469388,58.0922273469388,57.0398273469388,56.6295371428571,56.5833536734694,56.2597251020408,56.8107251020408,57.5215751020408,59.7468795918367,58.5554414285714,58.1390365306123,57.0585546938775,56.4093132653061,58.0340895918367,56.9714895918367,59.1110967346939,59.0842375510204,59.5762734693878,58.6604802040816,58.3529155102041,57.6974208163265,58.391982244898,57.6920955102041,57.243182244898,56.2766932653061,56.7456414285714,57.0760706122449,60.2913248979592,58.2059816326531,58.4375142857143,58.6552197959184,58.59179,57.34405,57.4567514285714,58.9815979591837,59.1039332653061,59.0679265306122,59.1758251020408,58.9773251020408,59.6413251020408,60.1562734693878,59.8286075510204,59.9217075510204,59.0170075510204,59.5395095918367,60.0634595918367,59.9492844897959,60.0633436734694,58.9808146938776,59.3553646938776,58.5309646938776,58.2085146938775,57.2481165306123,57.8852216326531,57.4500610204082,57.6104955102041,58.814623877551,60.0494153061225,59.67777,58.9862732653061,58.4234757142857,59.6421757142857,58.1838175510204,60.1199720408163,59.0084893877551,59.7010704081633,59.9901704081633,60.6427602040816,59.4645465306123,59.3845246938776,59.6737391836735,59.8983610204082,59.7674832653061,59.9300353061225,58.7509651020408,59.2550302040816,58.9904220408163,59.5702483673469,58.9564853061224,59.1407765306122,59.0741326530612,58.7709459183673,58.7709459183673,57.8118459183674,61.3228210204082,60.6419210204082,59.4195710204082,59.4009559183673,58.5005271428571,58.7538271428571,59.4512997959184,57.7891128571429,59.4903687755102,59.0370083673469,58.2626628571429,59.0513914285714,57.1494644897959,57.05632,57.1702293877551,59.2891871428571,59.308663877551,59.2585457142857,58.1350202040816,58.3959395918367,58.3269840816327,57.7334846938776,57.7561583673469,57.7614210204082,57.7567485714286,58.9837142857143,58.913813877551,58.913813877551,58.797396122449,58.8074295918367,59.5954995918367,56.8719371428571,57.1627310204082,56.0202434693878,58.5672059183673,58.7392504081633,58.7392504081633,59.4366504081633,58.4273408163265,59.261853877551,58.901166122449,58.6181140816327,56.6689091836735,56.7374712244898,56.5834771428571,56.8620534693877,56.95083,55.83768,57.0907816326531,56.8332559183673,56.7084769387755,57.1030775510204,55.8069775510204,57.9865226530612,58.1718959183674,57.7031755102041,56.1012348979592,56.1012348979592,55.8668448979592,55.8668448979592,55.6471414285714,55.6471414285714,58.3463993877551,58.6367306122449,58.6875865306123,58.3329365306123,57.8905232653061,58.0960308163265,58.0635308163265,58.3232697959184,57.2571697959184,57.9633197959184,57.2679610204082,58.5390610204082,58.5390610204082,58.6710208163265,57.2820059183673,57.4092440816327,58.1558169387755,58.1558169387755,58.1479475510204,58.1318153061225,58.1576859183674,58.07309,57.1152351020408,57.8143810204082,57.6835451020408,57.8509171428571,57.8509171428571,56.7115110204082,56.8192232653061,56.8485859183673,56.849077755102,56.8470120408163,56.4842728571429,56.7009277551021,56.6766310204082,56.6767293877551,55.6293104081633,55.62813,55.7912165306123,56.0192812244898,57.0540597959184,56.7320542857143,56.90647,57.1826855102041,57.1987193877551,57.1665718367347,57.5220551020408,56.1448416326531,57.0272459183674,57.7623740816327,57.4668785714286,56.0876465306122,56.9878965306122,58.2323720408163,58.4332873469388,59.7371455102041,58.9789297959184,58.5927395918367,56.7308244897959,57.1755224489796,57.4052102040816,57.6062373469388,57.2383291836735,57.0062314285714,58.4048155102041,56.5282918367347,55.9291910204082,56.7327953061225,55.5243165306122,57.1405018367347,57.1405018367347,55.4490665306122,54.3342126530612,55.8477006122449,58.82861,59.9801028571429,58.7618344897959,58.219293877551,57.6844175510204,58.2799197959184,58.64296,55.9291381632653,56.4673902040816,55.4771536734694,55.7933063265306,57.781913877551,57.4200665306122,57.9314073469388,58.3736614285714,57.4580614285714,58.802693877551,58.4381951020408,57.9975585714286,57.9309710204082,57.0441710204082,57.9489710204082,59.6619016326531,58.3739897959184,58.3739897959184,55.9399175510204,56.474317755102,57.387667755102,58.2417210204082,57.0190471428571,58.9434471428571,58.0952826530612,57.6052002040816,58.3505134693878,57.9978067346939,58.0675197959184,57.578363877551,57.1042906122449,59.2436951020408,57.8664136734694,57.8554457142857,58.1259559183673,57.9105806122449,57.64371,57.7684397959184,56.9982389795918,56.9182171428571,57.1818908163265,57.7727834693877,57.4182069387755,57.1565006122449,56.4698083673469,56.4130012244898,55.811423877551,55.0004834693878,55.7964720408163,56.8917334693878,57.1017969387755,57.6522334693878,57.6522334693878,57.6522334693878,57.5330524489796,56.1803753061224,56.74337,56.7797232653061,56.7659518367347,56.4909175510204,56.2672793877551,56.0893820408163,56.0082289795918,57.0114528571429,56.9113148979592,56.6431163265306,57.5743885714286,58.8995063265306,58.8995063265306,56.7537563265306,56.7434281632653,58.908043877551,56.773993877551,58.4989365306123,58.93554,58.6462555102041,56.9435687755102,57.6276393877551,58.4586393877551,58.8073216326531,57.751983877551,57.7343632653061,58.1046859183674,58.7816089795918,58.0218073469388,58.5069589795918,57.5948969387755,59.6059846938776,56.8621748979592,58.0550644897959,57.7400120408163,56.8613604081633,56.8486620408163,58.4008620408163,57.8783206122449,59.1130308163265,59.4011516326531,58.7073516326531,59.3308516326531,59.242336244898,61.109436244898,60.8387134693878,60.0030951020408,59.4883779591837,60.6729524489796,59.5387765306122,58.5362730612245,56.378377755102,57.374692244898,57.8521463265306,56.3093532653061,56.6863124489796,57.3454124489796,57.3454124489796,56.0278175510204,55.4763920408163,57.9392316326531,56.9057597959184,56.8391673469388,55.6096544897959,57.1770651020408,57.4382151020408,57.3548979591837,56.2883979591837,57.20205,55.4845789795918,58.7420289795918,57.6545691836735,58.1628328571428,58.5050040816326,57.8991604081633,57.3520412244898,58.7568744897959,56.4822230612245,55.7667114285714,56.3154642857143,55.9697359183673,55.5138032653061,55.4657508163265,56.5752253061225,56.0881102040816,56.2807626530612,56.341256122449,56.1165591836735,56.1931873469388,56.1931873469388,56.6301644897959,57.0532144897959,56.5890351020408,58.9037851020408,57.6722851020408,57.2297648979592,55.6345202040816,55.7235006122449,56.3339879591837,56.4993328571429,57.9235775510204,57.0381406122449,58.3031459183673,57.4021024489796,57.464612244898,58.5811953061225,59.6176046938776,58.3568046938776,59.302557755102,59.479422244898,56.1124083673469,55.3296587755102,55.3296587755102,55.3296587755102,56.1126534693878,58.2642534693878,56.0277534693877,56.8429465306122,57.0257130612245,57.2296285714286,57.5176973469388,55.6625183673469,55.460816122449,56.9418389795918,55.9520673469388,56.0789612244898,56.1770826530612,56.8293781632653,55.9589442857143,55.8652493877551,57.5487528571429,57.5384734693877,56.8991440816326,57.0974134693878,57.7615059183673,58.0461318367347,55.9883346938776,56.3862793877551,55.4996793877551,55.8374632653061,56.6163540816327,57.5335236734694,57.6821567346939,57.4530406122449,55.0209357142857,55.5011857142857,58.3008091836735,57.6870283673469,58.0089783673469,57.21618,56.7111563265306,56.0977867346939,56.7346169387755,57.6180651020408,57.6180651020408,58.0190651020408,58.1138912244898,59.5377510204082,57.3713193877551,56.5250953061225,56.9406159183673,57.2906434693878,57.8299032653061,57.7641032653061,55.7347614285714,55.7347614285714,55.1908614285714,57.5774581632653,56.9346202040816,56.5606767346939,58.240156122449,58.0543402040816,58.0766204081633,58.0431755102041,57.8594744897959,57.7858465306123,57.820816122449,57.53078,58.8105904081633,59.0613779591837,58.4834263265306,57.9147506122449,59.0245071428571,58.7647681632653,59.145433877551,59.0333704081633,58.172557755102,58.6928718367347,58.6928718367347,59.0678481632653,59.0865379591837,57.1483906122449,57.0756204081633,57.0340602040816,56.9505463265306,57.514982244898,57.640302244898,57.8791873469388,58.2730848979592,57.601927755102,58.1686712244898,57.9367712244898,58.860686122449,59.6650359183674,58.9948359183674,59.3308587755102,58.543083877551,56.5344616326531,56.5344616326531,57.9685616326531,57.8255355102041,57.8255355102041,57.9748079591837,56.7911224489796,58.4535330612245,58.4535330612245,57.9140865306122,58.4109865306122,58.4109865306122,57.7402487755102,57.9350863265306,58.931996122449,57.8527042857143,58.5750393877551,59.2564751020408,58.8548412244898,57.8702902040816,58.4651197959184,58.0515828571429,58.0418936734694,58.1127083673469,57.8559565306122,58.3502565306122,59.5541957142857,58.5768469387755,58.3489297959184,58.2772953061225,58.2124593877551,58.7941095918367,56.5715151020408,57.8108416326531,56.0353016326531,57.9441830612245,56.0045783673469,56.2596326530612,57.0999820408163,57.0999820408163,59.0193948979592,58.7406444897959,58.5355502040816,60.0269397959184,57.9098451020408,57.8745965306122,56.9925965306122,57.3208673469388,59.131042244898,58.8219489795918,57.8729759183673,58.1489430612245,58.500753877551,59.7678414285714,60.3118975510204,59.7109208163265,60.670203877551,59.5638208163265,59.0276365306122,60.0591875510204,57.7655585714286,57.6387965306122,59.7738279591837,59.0840516326531,58.68578,58.74898,57.22568,57.756716122449,57.458716122449,56.968866122449,57.1706663265306,57.4171275510204,57.8704369387755,58.0722097959184,58.6682385714286,57.4105002040816,56.8818573469388,55.1825004081632,54.7845640816327,56.8385840816327,56.7327840816327,55.9304128571429,56.3593489795918,55.3036489795918,57.0691969387755,56.6444448979592,58.8051626530612,57.8591004081633,56.736582244898,58.0179073469388,58.1993959183673,59.2935136734694,57.918547755102,58.1214640816326,58.8860967346939,57.4668087755102,57.3649089795918,57.9344353061224,58.0454567346939,59.692903877551,58.6018151020408,59.5817308163265,59.8464071428571,58.4726242857143,57.8285057142857,56.6862518367347,58.2734004081633,57.0828889795918,56.7619889795918,57.9152783673469,56.8797783673469,57.8407428571429,58.1180297959184,56.8726710204082,56.7519251020408,57.5956251020408,57.5001642857143,56.5696391836735,55.2081175510204,55.2926426530612,55.4034842857143,56.3527653061224,57.1243532653061,57.2899051020408,58.222363877551,56.9444314285714,56.5422583673469,56.2997636734694,56.9501218367347,56.8440585714286,56.2621210204082,56.5566942857143,57.6729285714286,57.4584285714286,58.4778065306122,56.7645830612245,56.1033975510204,55.4560630612245,55.5048165306123,57.5405508163265,59.7115432653061,58.7463620408163,58.5540630612245,59.8827520408163,58.2010330612245,59.6827208163265,58.5666326530612,58.1647326530612,56.4492265306123,57.2562265306122,58.1039216326531,55.0658216326531,57.1646610204082,56.9145128571429,56.8847610204082,58.1428110204082,56.8836106122449,58.5396181632653,58.3153563265306,58.2870981632653,58.127967755102,58.3627540816327,58.5504732653061,56.8349044897959,59.2164528571429,58.4893051020408,58.1461510204082,57.8191287755102,58.9411051020408,59.5160534693878,59.6191271428571,58.8833767346939,57.8952763265306,58.1591581632653,57.9661759183673,58.8804444897959,58.9857406122449,58.9194406122449,59.169822244898,59.169822244898,59.6564628571429,59.7933128571429,59.4164128571429,58.6581791836735,58.7698857142857,58.4233955102041,58.7004581632653,59.2961263265306,59.2524265306122,59.3647704081633,59.2413328571429,59.2075106122449,58.4356397959184,58.4484040816327,60.1101557142857,59.5921351020408,60.3543412244898,60.3696514285714,60.0817014285714,58.5380279591837,58.9443779591837,57.7479279591837,57.8990095918367,59.1898483673469,58.8552983673469,58.559987755102,58.3319534693878,58.2720534693878,58.436523877551,58.6904206122449,58.3420648979592,59.4958148979592,58.214313877551,58.500263877551,59.3156969387755,57.7463610204082,56.8064434693878,58.6089065306122,58.1113028571429,56.6017189795918,57.3436316326531,57.6062857142857,57.0654197959184,57.1860142857143,57.8723555102041,57.7811765306122,59.2532720408163,57.9525148979592,56.1829228571429,58.35133,59.1058334693878,58.255283877551,58.050136122449,57.3729585714286,58.7594297959184,59.0547240816327,59.2769267346939,59.0706779591837,59.4214383673469,59.2719167346939,58.5774214285714,58.8496548979592,58.4272944897959,58.258716122449,58.0918116326531,59.7285687755102,59.7969832653061,59.73831,59.0928381632653,57.4823220408163,58.2049536734694,58.6649612244898,57.7328387755102,58.8479067346939,59.1728785714286,58.3058516326531,58.9281308163265,58.0813808163265,57.7746351020408,58.9154351020408,59.1688716326531,59.0887544897959,57.4110871428571,58.5406716326531,58.2292973469388,56.9550467346939,55.95399,57.386622244898,58.5127951020408,59.75989,59.1513404081633,58.8650914285714,59.1871810204082,59.1871810204082,57.8849336734694,57.856702244898,58.0522302040816,59.6884302040816,59.55529,59.55529,58.88009,58.56194,57.2475755102041,59.25066,59.6480665306122,60.0098665306122,60.0098665306122,58.8247553061225,59.5136951020408,58.5502451020408,60.0784451020408,59.9658446938775,59.9658446938775,59.9658446938775,59.9658446938775,59.3283446938775,59.3283446938775,59.2155075510204,59.2073430612245,59.8980430612245,60.0460010204082,59.7553746938776,59.7553746938776,59.7553746938776,60.0577067346939,59.3151153061225,58.5101153061225,57.0355516326531,58.0568622448979,58.1827436734694,58.1267946938775,58.3912473469388,58.3912473469388,57.9455448979592,58.0619134693878,58.0619134693878,58.2480408163265,58.1800689795918,56.5781910204082,58.0768420408163,58.0630420408163,58.3986714285714,57.1246532653061,58.0726551020408,57.9039512244898,57.9039512244898,58.9119624489796,57.7852724489796,58.6129755102041,57.4355255102041,57.4542644897959,58.4809516326531,57.5609218367347,57.7683293877551,58.1777036734694,58.0820024489796,58.9196636734694,57.2586457142857,57.55825,57.40995,58.3733455102041,58.0445228571429,58.7015826530612,57.7755489795918,58.6651489795918,58.3214042857143,58.9719042857143,58.5215542857143,58.2347867346939,58.9199448979592,57.8721034693878,56.3141412244898,56.8557536734694,57.4913775510204,59.1247734693877,57.6278234693878,57.9137004081633,57.8451208163265,56.9496669387755,56.6484218367347,59.1032826530612,59.5391336734694,58.5897330612245,58.8505040816327,58.7620663265306,58.7620663265306,57.0915516326531,57.3697706122449,57.5987446938775,58.9535393877551,57.2506491836735,57.76178,57.7907,58.1154,58.03554,57.32509,58.17949,57.07009,58.3441787755102,59.9664787755102,59.0203732653061,57.6971526530612,59.2316351020408,58.9757220408163,59.1689720408163,59.7536720408163,59.4730693877551,59.9948595918367,59.6719095918367,59.2349959183673,59.2349959183673,59.2349959183673,60.6576544897959,60.0055544897959,57.8689548979592,59.5312318367347,58.6137565306122,58.917072244898,58.6073328571429,59.9543328571429,59.7488434693878,58.9839434693878,58.1994434693878,59.4656434693878,59.3123379591837,59.2760895918367,59.2760895918367,59.6621895918367,60.4786271428571,59.8279126530612,60.4077395918367,59.9534395918367,60.3189416326531,60.4055920408163,59.3044920408163,59.0950148979592,57.9019148979592,57.9667148979592,57.7703330612245,58.8741920408163,58.8038593877551,59.2283593877551,58.6370683673469,58.193287755102,58.2989885714286,57.8348512244898,58.243596122449,58.9070959183673,58.8638142857143,57.9215142857143,58.3687142857143,58.9679275510204,58.0923216326531,57.7616106122449,57.6596024489796,58.620487755102,57.3147953061224,56.7093385714286,57.4216169387755,55.5496404081633,56.748812244898,56.5470102040816,55.9136102040816,56.5888510204082,55.0201124489796,56.3622963265306,55.1658957142857,55.8212528571429,55.5262346938776,55.0258434693878,56.5487414285714,57.3655448979592,55.8278036734694,55.5584071428571,57.709393877551,56.3071369387755,55.9440132653061,58.3109314285714,58.6480502040816,58.7713332653061,58.9852044897959,59.0145779591837,59.3117302040816,59.2699157142857,58.1001691836735,58.7195530612245,58.7195530612245,58.9139824489796,59.2046106122449,59.1195720408163,58.0556671428571,59.8532436734694,58.1119555102041,60.2079871428571,60.1629871428572,60.0656871428572,59.6468473469388,58.9485973469388,58.0269973469388,58.9436248979592,58.7890218367347,58.5462773469388,59.0965602040816,59.889797755102,59.282797755102,59.4996910204082,59.5118910204082,58.3976636734694,57.8429997959184,58.8595997959184,58.8804220408163,57.6260197959184,57.6921226530612,58.7966253061225,58.9035648979592,59.2163397959184,58.2467716326531,58.8741716326531,58.0553544897959,57.5593928571429,58.2166030612245,56.9508887755102,56.3866142857143,56.171148367347,56.2986651020408,57.0469269387755,58.1662710204082,56.9153485714286,58.3522963265306,59.7226234693877,59.4841234693878,58.9183218367347,59.6096979591837,59.3732979591837,58.1498428571428,59.1021687755102,58.5211291836735,60.7171902040816,58.2792710204082,57.9490310204082,58.7804357142857,58.4128269387755,56.9814673469388,58.1270783673469,58.9631428571429,56.3793448979592,55.9486634693878,57.2968567346939,55.7470567346939,57.0301967346939,57.4035297959184,56.3500410204082,56.3660632653061,56.134767755102,54.8036557142857,54.7432232653061,54.7732336734694,54.9175634693878,55.1592134693878,56.0845424489796,54.7993871428571,58.1762179591837,57.4373206122449,57.4373206122449,57.5161089795918,57.3992914285714,58.2949673469388,56.9193336734694,59.4301091836735,57.2885836734694,56.4668775510204,58.3048685714286,58.555773877551,58.3104457142857,58.8427669387755,57.8599383673469,59.1192383673469,57.6821757142857,55.4673757142857,57.1320263265306,57.3747683673469,57.6640183673469,56.8028159183673,58.0620173469388,57.6274173469388,56.4430173469388,58.1532893877551,57.0696893877551,58.3403340816326,57.8639344897959,57.6141967346939,57.721486122449,57.721486122449,57.641186122449,57.7702440816327,58.2540440816327,58.2345304081633,58.1816657142857,57.1365979591837,56.3595173469388,57.3152173469388,59.3373197959184,58.179692244898,58.2408275510204,57.4972195918367,57.8718516326531,57.2057116326531,57.2057116326531,57.0642116326531,56.9270244897959,56.9326244897959,56.6446591836735,59.7277965306123,58.5814516326531,58.5751626530612,57.2293883673469,55.7501473469388,56.3003973469388,57.8967973469388,56.8639067346939,56.9517122448979,56.6362779591837,56.7101518367347,56.3279842857143,56.3487606122449,56.0528744897959,56.9735228571429,56.3917304081633,57.1707332653061,57.5676332653061,57.3119344897959,57.9469526530612,57.6587916326531,58.4620634693878,56.8178320408163,57.2323940816327,57.7187906122449,57.4552644897959,56.0873789795918,56.7312789795918,56.3391579591837,56.980147755102,56.827247755102,56.2598767346939,58.7008712244898,58.6014734693877,57.8707693877551,57.7064206122449,57.0336083673469,56.9436583673469,57.8098083673469,57.0128583673469,56.2857083673469,56.8414714285714,57.0553475510204,57.4219934693878,56.6305934693878,56.9616934693878,57.1440934693878,56.6295934693878,57.0381934693877,56.2141934693878,56.2141934693878,55.3644434693878,55.3644434693878,56.4697434693878,56.4443434693878,56.0133434693878,55.8136934693878,55.8136934693878,55.8136934693878,54.2415434693878,57.6867987755102,56.7726487755102,58.2844520408163,57.4320520408163,57.2967020408163,58.4562755102041,56.4458255102041,56.0208559183673,56.4649559183673,57.4384532653061,57.5492342857143,56.265493877551,56.3695732653061,57.1143908163265,56.9069363265306,56.6968236734694,56.7523520408163,56.9333479591837,57.5842946938775,58.0483479591837,58.0315763265306,58.0315763265306,58.0315763265306,57.1235375510204,56.7208216326531,56.9391971428572,56.5752379591837,57.2416504081633,56.8716908163265,54.3891908163265,56.7017785714286,58.17869,57.2863412244898,56.1063734693878,56.4008853061224,57.045043877551,55.6112548979592,55.7287869387755,56.1931493877551,56.9746493877551,55.3828244897959,56.4160244897959,55.7964412244898,57.3493912244898,57.6995789795918,57.3167824489796,55.6718665306122,54.8448665306123,58.6644967346939,58.2219420408163,58.9211616326531,58.8820114285714,58.6595536734694,59.0791763265306,59.1083914285714,59.168592244898,59.3735406122449,59.4142646938776,59.1103587755102,58.9537579591837,58.6587542857143,57.8468781632653,57.2012291836735,59.3872791836735,58.7234471428571,59.2254648979592,58.5037436734694,58.5585342857143,58.7795979591837,58.8187973469388,58.1291030612245,56.9329971428572,55.4066971428572,57.5188714285714,54.8426828571429,54.3551828571429,57.5906444897959,56.5274444897959,57.6691104081633,58.2252302040816,56.9681187755102,56.774483877551,58.3460483673469,58.3460483673469,57.9329483673469,58.0486775510204,57.5100371428571,56.9320797959184,57.6016663265306,57.6446528571429,57.1567508163265,57.2052459183673,57.8413030612245,57.2399642857143,56.5738206122449,56.3641997959184,55.9704497959184,57.1707497959184,56.399336122449,56.2293573469388,56.5982624489796,56.1622651020408,57.3966151020408,58.1279806122449,57.4812153061224,59.5319404081633,58.6817710204082,58.9129342857143,57.5000487755102,57.5000487755102,56.6773487755102,57.1802802040816,57.3835963265306,57.8286463265306,57.8944463265306,57.9822655102041,58.5135528571429,58.6485130612245,58.9978130612245,58.1807691836735,57.6616642857143,54.9307759183674,55.0369765306123,56.4677371428572,56.0320516326531,57.8393493877551,57.4477493877551,57.4477493877551,58.5608753061224,58.5048551020408,57.1786695918367,57.9895,58.5592463265306,58.8696467346939,56.7342069387755,57.5306532653061,57.3534532653061,58.4956687755102,57.2415351020408,57.9233191836735,57.4159975510204,57.1590975510204,55.6334569387755,57.3841265306122,59.3554897959184,59.3974312244898,59.7040914285714,58.0331763265306,59.2748763265306,59.2748763265306,59.2745320408163,59.6500514285714,59.6500514285714,59.6500514285714,59.6500514285714,60.3301514285714,60.3613434693878,60.5688985714286,61.4263175510204,59.3846442857143,58.27314,58.5299279591837,58.2655473469388,58.2649079591837,57.8446826530612,58.9905348979592,58.62933,58.8676740816327,59.2101891836735,58.4271359183674,59.1931514285714,59.608467755102,57.8237832653061,56.8212185714286,56.6626012244898,58.2106648979592,57.1619671428572,56.7417910204082,57.3587091836735,57.7304393877551,57.3799565306122,59.8369895918367,59.2504804081633,59.3744257142857,59.1528040816326,59.3110636734694,58.4731283673469,61.028262244898,60.4260053061225,61.1331667346939,61.6333220408163,60.1580089795918,59.5475416326531,58.7511357142857,59.6532159183674,56.8853628571429,58.5969042857143,60.179142244898,61.0019010204082,61.3065016326531,60.7977773469388,58.9115126530612,59.0017155102041,58.8883277551021,56.8999755102041,59.4133769387755,59.1045157142857,59.2764157142857,58.4163157142857,59.3790157142857,58.7071524489796,57.3457524489796,57.7439157142857,57.7456959183673,58.1134983673469,57.8075483673469,58.3424042857143,57.9583630612245,58.8250746938776,58.4430787755102,58.0852853061225,57.5298255102041,57.0204773469388,57.2786273469388,57.7381273469388,58.4550848979592,57.4485057142857,56.6887181632653,56.9236797959184,58.0061797959184,57.6916114285714,56.6093718367347,55.6283167346939,57.2748167346939,56.6698822448979,56.3567789795918,56.6619144897959,57.1855644897959,56.9298093877551,56.8611489795918,56.6414546938776,57.1614565306122,56.9894473469388,56.042562244898,56.042562244898,56.042562244898,56.0402534693877,54.7119714285714,54.8661553061225,55.6345567346939,55.8870034693878,55.3984775510204,55.7036195918367,55.4356034693878,57.2407383673469,55.9906785714286,56.675167755102,57.8747128571429,57.6972112244898,57.8281873469388,57.8574614285714,57.7083114285714,57.92855,56.423637755102,57.4660377551021,56.420737755102,57.8772224489796,57.3210514285714,56.9932281632653,57.897112244898,57.6288791836735,56.4940257142857,56.715047755102,55.3357369387755,56.6361359183674,56.4072989795918,55.9491989795918,56.6549336734694,56.2901555102041,56.7402448979592,57.1208448979592,57.9447448979592,57.9097157142857,57.6316573469388,58.3334071428571,57.2148348979592,59.2107491836735,58.304533877551,58.214006122449,58.414173877551,59.8402751020408,59.1440891836735,59.0210555102041,58.6563171428571,58.6747671428571,58.0199771428571,58.5957065306122,58.3307740816326,57.9105367346939,59.2281604081633,59.9026704081633,57.460723877551,57.7326597959184,56.5404595918367,58.8638263265306,58.7550267346939,58.5021816326531,58.3179055102041,59.3092236734694,58.6363865306122,58.0830989795918,58.9072802040816,59.3382893877551,57.871077755102,58.5680346938776,59.34472,58.9326989795918,57.5500512244898,56.9980012244898,58.0227071428572,58.88895,58.7155981632653,59.2898981632653,59.0345981632653,58.5351981632653,57.8160693877551,58.7700363265306,58.3969904081633,56.7127389795918,56.9459583673469,56.8249108163265,57.5623153061225,55.5734553061225,55.6338695918367,58.0874695918368,58.5506416326531,58.6303683673469,58.3311163265306,59.8132240816326,56.827926122449,57.3556226530612,57.9427465306122,55.952933877551,56.6665897959184,56.2221218367347,57.4914726530612,57.9344744897959,56.7224016326531,57.3176881632653,55.8766385714286,56.8245363265306,56.70884,55.9666744897959,55.4928744897959,56.8332969387755,57.1750830612245,56.4255163265306,56.4752340816326,57.3650340816327,57.2090965306122,56.2121587755102,58.0620657142857,57.1297969387755,56.6721428571429,56.4173793877551,58.6032,58.1575812244898,57.217357755102,58.4806548979592,57.3828846938775,57.7365040816326,59.7530165306122,58.7601665306123,57.8783565306122,57.9509404081633,58.1192514285714,58.4891444897959,55.7570185714286,58.3535489795918,58.6770644897959,58.8090193877551,58.8090193877551,59.4886885714286,58.5174893877551,58.30805,58.4609746938776,57.9104126530612,58.3870826530612,58.0678806122449,57.929158367347,58.0214053061224,57.7510269387755,57.3939534693878,57.8292040816327,57.7312302040816,57.8829618367347,57.5434181632653,57.9048197959184,57.4413495918367,56.7552585714286,56.7979997959184,56.9937491836735,57.6209165306122,57.0416295918367,58.0585685714286,57.712413877551,56.5044493877551,56.7741153061225,56.8055285714286,57.1074671428571,57.7180532653061,57.9793379591837,57.5629310204082,57.426666122449,57.425597755102,58.1908895918367,58.7558691836735,57.960007755102,60.2189781632653,57.8744059183673,58.4132546938775,58.7396487755102,58.5477318367347,59.1499279591837,59.173437755102,59.5847897959184,58.5254902040816,60.5919840816327,60.6565689795918,60.9844689795918,61.7127134693877,58.5981179591837,59.6675026530612,59.3949526530612,60.6521291836735,58.8746291836735,57.5235722448979,57.546522244898,58.751822244898,59.8603644897959,58.9728053061225,60.4141569387755,57.7902475510204,57.1139946938776,57.6543224489796,57.1858753061224,56.6928089795918,58.2130459183674,59.777247755102,57.62158,59.121286122449,57.8385612244898,56.7623389795918,58.6688220408163,57.0268720408163,57.6493028571429,57.0462028571429,55.1613775510204,57.0411502040816,58.6261540816327,58.7556614285714,58.9569485714286,57.8663724489796,58.6641036734694,56.3076942857143,58.9007951020408,58.0857677551021,58.8071016326531,59.8296828571429,58.2418548979592,58.2613104081633,58.180496122449,57.525517755102,57.412092244898,58.709826122449,57.5466181632653,57.3863181632653,57.2772681632653,56.8826389795918,56.6052402040816,56.8599132653061,57.0751357142857,57.3487569387755,56.7185259183673,57.1263844897959,58.6991344897959,58.6402353061224,58.6441208163265,57.7018220408163,57.3123073469388,55.1681353061225,58.0533808163265,59.2116902040816,58.4967071428571,59.0996824489796,59.2326991836735,59.2232826530612,59.4971826530612,58.6830108163265,58.7372108163265,58.7244108163265,58.3184416326531,58.8913924489796,57.7695953061224,59.3596987755102,60.3903653061224,60.2227297959184,59.8299846938775,60.030093877551,60.0539971428571,59.9252342857143,59.6080330612245,60.0876330612245,59.4051418367347,58.6990593877551,59.3549748979592,56.8576191836735,57.0540816326531,57.2320281632653,57.8103646938776,57.2131144897959,59.1613991836735,57.8604736734694,57.308626122449,57.5928204081633,55.6076704081633,56.1408857142857,56.9662732653061,57.6686502040816,58.5211193877551,58.5918791836735,57.6276475510204,58.16252,58.2281826530612,58.4843918367347,56.8049457142857,57.1344185714286,57.3321777551021,57.3321777551021,57.8268179591837,57.2158583673469,56.8006583673469,56.977326122449,56.471963877551,56.922732244898,56.922732244898,57.7056004081633,57.5846879591837,57.3760848979592,58.0453848979592,58.0551232653061,57.8321183673469,57.5515708163265,58.434012244898,58.2165175510204,57.9977485714286,57.39456,57.77956,58.70806,58.5344416326531,58.9878416326531,57.2102155102041,56.5951736734694,58.5758736734694,58.5758736734694,60.1007665306122,57.8640330612245,56.8573795918367,58.5050859183673,59.2005018367347,57.9519518367347,59.3692518367347,58.8564136734694,58.8564136734694,59.2308489795918,58.9675489795918,59.1586767346939,58.5991865306123,58.4041348979592,58.4632536734694,58.2114824489796,57.8834765306123,58.9614151020408,59.2662067346939,59.0566689795918,58.8548683673469,57.4791457142857,57.32507,57.1184279591837,57.4493357142857,57.4493357142857,56.7637248979592,58.1522110204082,57.3708485714286,58.2444802040816,58.7136897959184,58.243636122449,57.321536122449,57.0410681632653,56.8030632653061,57.1197985714286,56.5763967346939,56.6690355102041,58.804186122449,59.6084253061225,58.1666753061224,57.1423753061224,58.4524253061224,57.6011906122449,58.0698493877551,57.6517632653061,57.8867079591837,58.0730157142857,58.0383904081633,58.341556122449,56.9836391836735,59.5431693877551,59.4057502040816,59.2543004081633,59.052253877551,59.052253877551,59.313553877551,59.206753877551,58.8635993877551,58.8635993877551,57.839216122449,57.839216122449,58.2318985714286,57.9342010204082,58.9644010204082,58.8049826530612,58.9490326530612,58.9490326530612,57.4008326530612,59.8956120408163,58.8000853061224,58.5112865306122,58.7941865306122,58.7230865306122,57.2353865306122,59.1567365306122,58.2885365306122,58.8578365306122,58.8932834693877,57.8782875510204,57.246946122449,55.7417602040816,55.7417602040816,57.3918151020408,57.3351136734694,57.0819653061225,56.1761951020408,56.2555283673469,55.8301879591837,54.8065614285714,56.9721708163265,54.5012275510204,54.9061102040816,53.7861663265306,53.7861663265306,55.1929016326531,57.9334516326531,56.5882516326531,57.5192257142857,57.3728359183673,55.5392918367347,55.6037716326531,55.6037716326531,56.2124251020408,56.1066279591837,56.4113208163265,56.0944283673469,56.4009385714286,56.5893630612245,56.7457179591837,56.8671944897959,56.0738555102041,55.9399136734694,57.9109169387755,58.4237883673469,56.9336657142857,57.2996471428572,57.2060055102041,56.863146122449,57.806193877551,57.1414624489796,57.0889834693878,57.678302244898,57.1697014285714,57.4933548979592,58.1858175510204,57.623402244898,58.39935,58.6807789795918,58.5572787755102,58.5369659183674,58.8608895918367,59.64773,58.7265197959184,58.8224279591837,58.4601410204082,58.6462028571429,56.7746491836735,56.1934948979592,57.2341948979592,57.8719295918367,58.1138640816327,58.290876122449,58.1091916326531,57.7709063265306,58.093233877551,58.1459244897959,58.184386122449,58.1453834693878,57.8994651020408,57.8211426530612,58.6091857142857,60.2429467346939,59.9376636734694,59.5089787755102,59.7174191836735,59.7174191836735,59.8451,57.6365820408163,59.4975765306122,59.4855265306122,57.7265765306122,58.0681571428571,58.3764071428571,57.7304779591837,57.0308893877551,58.0354524489796,58.2530410204082,58.2409418367347,58.7481730612245,57.8490412244898,57.7411479591837,57.9905126530612,58.2745483673469,57.948256122449,57.7830228571429,57.1549344897959,57.1549344897959,57.2516844897959,56.9919455102041,56.3703455102041,56.1170495918367,56.1170495918367,57.2037469387755,57.619152244898,56.7908008163265,56.7908008163265,56.5696710204082,56.5696710204082,56.3520332653061,54.958836122449,54.605236122449,57.4272791836735,55.8570720408163,56.8041036734694,56.7853646938776,58.2402146938775,56.1506846938776,56.1506846938776,56.1195514285714,57.2030014285714,57.2061379591837,57.0043865306123,57.7686365306123,57.5807342857143,56.6513128571428,57.0997502040816,57.1861002040816,54.9395353061225,57.1624116326531,57.8642116326531,56.7094465306123,55.3566483673469,57.9093575510204,56.1809075510204,57.8721757142857,58.6455440816327,56.5972940816326,56.7225375510204,56.3626814285714,56.5704824489796,57.4743818367347,57.3035332653061,57.2121008163265,59.4913334693878,59.702282244898,60.4290320408163,60.6237618367347,58.2260208163265,59.7507406122449,58.7389489795918,59.0570489795918,59.1191489795918,58.8442948979592,56.8946306122449,56.8941595918367,56.4704195918367,56.2543557142857,56.890803877551,56.9569528571429,57.5919412244898,57.6442726530612,60.1819314285714,60.4217742857143,60.8076597959184,59.813943877551,56.1562642857143,57.4211387755102,56.2171630612245,56.8978630612245,57.0260767346939,56.5035767346939,56.1722040816326,56.0255040816326,56.2684387755102,57.4392418367347,57.4793418367347,58.4194879591837,57.2091346938776,57.0742730612245,56.7831057142857,56.3746020408163,57.4003055102041,57.4003055102041,57.1905863265306,57.3323336734694,57.8079889795918,57.1650285714286,57.4075346938775,58.2056142857143,58.1444789795918,56.4814281632653,58.4403389795918,58.4646389795918,58.2227479591837,58.1831087755102,58.8328389795918,56.6015316326531,57.6660742857143,55.351713877551,55.373502244898,56.6210042857143,56.6294312244898,57.3856171428572,57.1980734693878,57.4479265306122,58.3700114285714,58.4876330612245,58.169463877551,58.3722973469388,58.9160473469388,57.3813128571429,57.9449577551021,57.363057755102,57.015957755102,57.190307755102,57.6781618367347,57.6781618367347,57.6781618367347,57.5054944897959,58.5339595918367,58.2027059183674,57.9664475510204,58.456766122449,57.4272114285714,56.8811744897959,56.8578122448979,56.9643932653061,56.6939814285714,58.3900920408163,58.1255006122449,58.2653789795918,58.4205369387755,60.1119369387755,60.3342369387755,58.9132369387755,63.0434564081633,63.3253064081633,63.6713564081633,61.8374064081633,61.6148564081633,60.170422244898,59.6956867346939,58.5322024489796,57.0815375510204,56.7891406122449,57.8633689795918,58.1053189795918,57.7937867346939,58.1718540816326,58.1293530612245,58.1601030612245,58.3558030612245,58.6947687755102,58.1797779591837,58.701322244898,58.4013871428571,59.5404948979592,57.7297951020408,59.134536122449,58.2220912244898,58.7866736734694,58.2297604081633,59.2284204081633,58.3904259183674,58.8122985714286,55.8528271428572,57.6302897959184,58.4332759183673,56.679643877551,59.1057693877551,58.4358693877551,58.4137418367347,59.3099665306122,57.2321444897959,55.3063551020408,56.702578367347,57.3905404081633,56.2444904081633,59.796872244898,58.471422244898,57.198922244898,57.3556985714286,58.4967485714286,58.0108787755102,58.0548489795918,59.30879,57.9771079591837,58.3201251020408,57.4190740816327,57.3001775510204,58.3829332653061,58.0446151020408,58.0209995918367,59.0271357142857,58.7158459183674,59.7220475510204,59.2071946938775,58.7096946938776,58.9525567346939,59.0059530612245,58.1484420408163,58.8525614285714,58.709956122449,59.1960875510204,58.8902142857143,58.0303697959184,58.0695069387755,58.1314263265306,59.2782865306122,59.3811865306122,59.4857865306123,59.6581167346939,58.7890097959184,58.5155391836735,59.7180346938776,58.9834071428571,59.2548146938776,58.7865320408163,58.8977681632653,58.0439428571429,57.5857967346939,58.060072244898,58.470972244898,57.685372244898,58.0924648979592,59.8677693877551,59.5440295918367,59.9704963265306,60.1324897959184,60.2082275510204,59.0242410204082,60.4528767346939,58.9789267346939,58.4413640816327,57.6896244897959,56.0503163265306,57.9236173469388,59.0456451020408,59.2023557142857,59.044262244898,58.8945067346939,59.8066144897959,59.2021481632653,59.3690534693878,58.7077128571429,58.7707628571429,59.2728628571429,59.2709975510204,58.2293118367347,59.6972118367347,59.2121118367347,59.0594593877551,59.4453093877551,60.4663526530612,59.3082969387755,59.1501646938776,59.4535146938776,58.3595777551021,58.3569948979592,58.3626865306123,59.0063928571429,58.3796106122449,58.3967106122449,59.8174218367347,59.274217755102,59.116717755102,58.7803675510204,58.1839675510204,58.4269614285714,57.9424828571429,58.7393893877551,58.9756157142857,59.5281842857143,58.5858842857143,59.1546842857143,60.0919340816326,59.3365840816327,59.3883840816327,59.5104840816327,58.8081104081633,58.5172030612245,59.1435132653061,59.4136132653061,58.9620132653061,58.8412132653061,59.325356122449,59.875856122449,59.835006122449,58.3801475510204,59.408427755102,58.937227755102,57.767777755102,57.8159516326531,59.9362628571429,58.3965632653061,58.2119393877551,59.2142687755102,58.6646797959184,58.7293557142857,58.474,57.8224,58.6237355102041,58.2224583673469,58.851113877551,60.1397253061225,59.2759969387755,58.9038969387755,58.9038969387755,58.9800953061225,57.9176953061224,58.9714381632653,60.2155528571429,59.7707659183674,59.6067659183674,59.7364659183674,59.7774159183673,59.0646424489796,59.824587755102,59.2548687755102,58.9457187755102,57.8599585714286,57.5952867346939,57.162836122449,56.0284008163265,58.1449257142857,58.1449257142857,58.2876257142857,57.6568106122449,57.3481830612245,57.7767553061224,57.8777785714286,57.5257026530612,58.0100634693878,56.612057755102,58.6729259183673,58.5504887755102,58.0005887755102,59.8817079591837,59.7827012244898,58.7288536734694,58.0209063265306,56.9123563265306,56.5747104081633,56.4454557142857,58.0512269387755,57.914742244898,57.1669685714286,57.1669685714286,57.5162112244898,57.2887936734694,56.4983408163265,56.8382408163265,55.5535859183674,55.6969071428571,55.767192244898,56.9189755102041,58.3156728571429,58.0983302040816,59.2288802040816,56.301783877551,57.9919706122449,57.3508614285714,57.3833026530612,58.1556830612245,59.9597432653061,60.2400410204082,60.1407883673469,60.1996612244898,60.3639346938776,58.5714473469388,59.2838593877551,59.2903024489796,56.9949024489796,56.6473706122449,56.8480891836735,56.6672032653061,55.6935046938776,56.5208775510204,56.6080775510204,57.1608275510204,57.5556920408163,56.1975920408163,57.4805744897959,57.1973212244898,56.056613877551,56.056613877551,56.1062402040816,57.1345659183673,57.8089104081633,56.6878793877551,56.6925518367347,56.9617940816327,55.5218755102041,56.3214110204082,56.3219520408163,57.2328393877551,55.5481657142857,56.5749869387755,59.3771536734694,57.6736451020408,57.0422742857143,58.5144518367347,56.5925648979592,57.8059110204082,57.8059110204082,54.8494369387755,58.220986122449,56.8146212244898,57.9033587755102,57.638233877551,57.5811406122449,57.4973263265306,57.1350348979592,56.6369879591837,56.6874534693878,56.1990534693878,57.4744781632653,59.1433069387755,58.5672587755102,58.6514120408163,58.6905491836735,58.6130848979592,58.558687755102,59.0191681632653,58.9201614285714,59.3281816326531,59.4776816326531,58.2275759183673,58.5439759183673,58.9990587755102,57.8937087755102,59.2132997959184,59.272566122449,59.2405967346939,58.7495930612245,58.381726122449,56.7164012244898,56.2714012244898,57.8329004081633,60.3035340816326,59.8994428571429,59.3754285714286,61.4753226530612,56.9333002040816,57.1694248979592,57.1694248979592,57.5842606122449,57.1194802040816,56.5837606122449,56.1109632653061,56.1763775510204,55.7546775510204,57.6851420408163,55.6170202040816,55.4644008163265,56.8378208163265,57.0618032653061,57.4926532653061,56.2698032653061,56.604263877551,56.604263877551,56.6385448979592,56.8298202040816,56.0339791836735,57.3800644897959,57.5660771428571,57.3393771428571,57.77903,57.61418,55.9040304081633,56.9803083673469,57.3203340816327,56.3677189795918,58.3225944897959,57.9653289795918,57.5446218367347,56.5604851020408,57.1537826530612,56.0744326530612,55.5507581632653,56.6449773469388,55.4523273469388,56.4886534693878,56.8026034693878,54.4362844897959,57.1299179591837,58.1496481632653,57.7835981632653,58.6712981632653,58.3427732653061,59.0023089795918,57.1495497959184,55.6540330612245,56.5039251020408,57.1432032653061,57.390526122449,56.915217755102,58.018112244898,57.4010975510204,55.9527732653061,58.1060897959184,58.1804442857143,56.3439304081633,57.1415136734694,57.0172991836735,56.3512236734694,57.4842818367347,56.7934987755102,56.7253134693878,57.1456134693878,55.5065357142857,56.1096936734694,56.1948642857143,55.3251002040816,57.5263516326531,57.456207755102,57.068567755102,58.31139,55.8952571428572,57.1101820408163,56.9839767346939,57.397013877551,57.4777155102041,56.6608330612245,55.6994875510204,56.2537765306123,56.8832110204082,57.3510814285714,58.549713877551,58.549713877551,59.2188071428571,58.9781514285714,58.926557755102,59.4319744897959,59.4302379591837,59.2982289795918,58.4406732653061,60.5332675510204,59.8270181632653,59.8543887755102,59.8543887755102,60.0130553061224,59.8108120408163,59.9093620408163,61.4202116326531,60.6427587755102,58.96482,60.17261,59.6858883673469,59.478453877551,59.4022191836735,58.7759032653061,59.0529548979592,58.8837630612245,58.820316122449,59.0262481632653,59.0823175510204,59.1344030612245,59.2876102040816,59.5606779591837,59.3071853061224,59.8054853061224,59.4867893877551,59.8451018367347,59.2285030612245,59.1440546938775,58.74947,58.3467381632653,56.0927402040816,56.7805973469388,54.2160973469388,56.4989569387755,56.595982244898,56.0322671428571,56.7230091836735,56.9057969387755,57.3840067346939,58.6053402040816,58.8329402040816,59.0062879591837,58.6257846938776,57.9787046938776,59.0462614285714,59.6664208163265,59.6462208163265,59.9831208163265,59.1497724489796,60.2254055102041,58.3699044897959,59.6147726530612,60.1513330612245,59.1031444897959,58.5654342857143,59.6497830612245,59.6763830612245,59.0517795918367,59.7225883673469,57.7231865306122,58.567327755102,57.581327755102,57.796927755102,56.9997165306122,57.7565804081633,58.1294304081633,57.5358304081633,56.90286,57.5865828571429,57.6320828571429,57.6512412244898,57.8155208163265,57.1563104081633,57.5478395918367,57.2602530612245,56.9635285714286,56.6599806122449,56.386717755102,56.8047367346939,58.076566122449,56.6517408163265,55.9601032653061,55.9024332653061,55.6531834693878,58.0659912244898,56.5721912244898,58.1041955102041,57.6628769387755,59.4864351020408,57.5229816326531,56.6628102040816,56.4043102040816,55.4507428571429,57.09647,56.9098632653061,59.4588632653061,57.2717518367347,57.2239628571429,56.46502,55.7323087755102,57.8790512244898,57.1475112244898,58.2036542857143,57.1476048979592,57.9860740816327,57.0156263265306,57.5294940816327,57.9634595918367,56.2107902040816,58.5821948979592,58.4359757142857,57.7036091836735,57.2715018367347,58.6034118367347,57.4599620408163,57.7103759183673,58.2559948979592,58.3100808163265,58.4110165306122,58.9471185714286,58.268712244898,56.3311681632653,57.0325957142857,57.9429759183674,57.0920230612245,58.4474867346939,58.981876122449,58.8678444897959,56.9046040816326,57.7268642857143,58.1186646938776,57.6370555102041,57.0622751020408,57.8380495918367,57.9401042857143,57.4153697959184,57.3829091836735,57.8008475510204,58.4342542857143,56.6893491836735,55.9334146938776,56.2279646938776,57.6330959183673,57.2243228571429,58.0832046938775,58.8841875510204,58.8712553061224,59.2748553061224,58.4880553061224,58.0445724489796,58.9340902040816,59.4318295918367,57.3977579591837,58.5128787755102,57.2531320408163,58.4383012244898,57.6477512244898,55.1049255102041,57.0252120408163,57.4040536734694,56.9221308163265,57.8539304081633,56.9886885714286,57.4990773469388,55.8877963265306,58.47666,58.2713153061225,57.1777918367347,55.0488948979592,55.6184004081633,56.2225555102041,55.8211489795918,57.3276830612245,55.4049718367347,55.0453542857143,55.0257142857143,56.6978216326531,54.8026367346939,57.5633324489796,56.4307704081633,55.9758214285714,55.6010830612245,56.7531587755102,57.6961091836735,55.9047591836735,59.0319132653061,58.5165667346939,58.4675957142857,57.0242867346939,57.4072524489796,58.7422536734694,58.35118,58.99603,58.1808904081633,56.9783189795918,56.4259612244898,56.2040355102041,56.6888355102041,56.6064714285714,57.8179942857143,58.29838,58.66198,58.81693,58.3561948979592,58.3291948979592,55.9149118367347,56.8277734693878,56.4982655102041,58.9400953061225,57.0607259183673,55.8578534693877,55.7846814285714,57.2397242857143,53.8921473469388,57.6083253061225,57.4586753061225,56.2892665306123,57.2170604081633,57.5195571428571,57.6209765306122,57.0024918367347,57.412192244898,58.2253857142857,56.3880257142857,56.1210555102041,58.4024071428571,57.468133877551,57.5649369387755,59.1218016326531,58.3094628571429,57.5801765306122,59.4603885714286,57.9200489795918,59.2256806122449,59.290903877551,58.5421126530612,58.5012783673469,58.382253877551,59.1175055102041,58.8728212244898,59.4321212244898,59.1729559183674,59.1729559183674,58.7318271428571,58.9394271428572,57.95825,57.95825,58.33825,58.7608218367347,57.7002104081633,56.418716122449,56.4425751020408,56.5141516326531,57.2442240816327,58.570657755102,58.5774748979592,59.0732955102041,59.0815304081633,58.285687755102,58.9504665306122,58.7987408163265,58.3947408163265,57.9930563265306,57.8750563265306,58.2048563265306,59.1818212244898,58.9901212244898,59.017213877551,58.8448504081633,59.4839510204082,59.6346183673469,60.2212583673469,60.8911583673469,60.2241130612245,58.9037130612245,59.6333130612245,59.8359630612245,60.5590781632653,60.3833887755102,60.4259326530612,60.6254326530612,59.9627326530612,60.3382326530612,59.6894826530612,60.0934597959184,59.6193457142857,59.6193457142857,57.0984324489796,58.9679324489796,58.0458824489796,58.5725904081633,58.5230132653061,59.1983132653061,59.6166981632653,59.0162363265306,57.9873542857143,58.0415193877551,58.6178193877551,58.3594295918367,58.2483236734694,58.1198304081633,57.9786732653061,58.6172232653061,58.9034442857143,58.9450442857143,57.9546551020408,58.3053742857143,60.1079932653061,57.4142028571428,56.6800487755102,55.90111,56.9687697959184,55.8831151020408,55.7126640816327,54.7853508163265,57.0526918367347,56.6720234693878,55.9238795918367,55.5243348979592,55.3947944897959,55.0973444897959,54.9046444897959,57.0367653061224,56.0721518367347,56.613436122449,56.5449730612245,56.6081248979592,56.5454157142857,58.6231346938776,58.656542244898,55.8243512244898,55.0514989795918,55.4485412244898,56.9576848979592,55.7181457142857,58.1694951020408,57.1186591836735,58.472392244898,58.6688046938776,57.2678046938776,58.0013171428571,55.0279555102041,55.4860618367347,55.9878253061225,56.9782765306122,56.3754344897959,54.7674216326531,55.2137671428571,55.8092895918367,58.1566063265306,58.5270912244898,57.8462169387755,58.0772597959184,58.47309,57.36529,56.9748365306123,57.2707416326531,56.2622955102041,56.2622955102041,57.8540383673469,59.3852473469388,58.2581769387755,58.2581769387755,58.2581769387755,57.7540055102041,57.7540055102041,57.8545485714286,58.4980304081633,58.8421685714286,57.9361006122449,56.8201404081633,56.8201404081633,57.7150183673469,57.4273432653061,57.8144306122449,58.0522895918367,56.7660928571429,58.2366928571428,57.6779942857143,56.8943665306122,57.6277002040816,59.7482204081633,58.6475263265306,57.8075263265306,56.7602763265306,57.4322626530612,60.6431626530612,56.9206026530612,57.2542212244898,56.8894304081633,56.1096724489796,57.2096226530612,58.5225046938775,58.1034932653061,57.6569932653061,57.3295195918367,57.1936195918367,57.558206122449,59.4667081632653,59.5750108163265,58.7904130612245,59.2086630612245,58.8323587755102,58.983012244898,59.6972402040816,59.2385402040816,60.9340402040816,59.6764402040816,60.758633877551,62.4810740816327,63.3496240816327,61.9573740816327,62.1081740816327,60.8054016326531,61.4640673469388,61.7337673469388,60.5366173469388,59.7821695918367,59.0991387755102,59.6670387755102,60.7541655102041,60.0421263265306,59.6593763265306,59.4887763265306,60.3467597959184,58.4432142857143,57.8051628571429,58.7360781632653,58.5029069387755,57.5446275510204,57.1375389795918,57.6012206122449,57.6012206122449,58.5039220408163,58.7567,58.8659542857143,59.0678359183674,58.5922206122449,59.5144206122449,60.2167344897959,58.1405514285714,59.2566193877551,58.7106330612245,59.3095830612245,59.300068367347,59.357417755102,58.5347516326531,58.3039485714286,58.5048083673469,58.9801863265306,59.1425881632653,58.3019581632653,59.0866651020408,58.5827651020408,57.9286932653061,57.3754432653061,58.9572932653061,59.6867387755102,59.7154865306123,59.8871340816327,58.9883457142857,59.8675989795918,59.0799489795918,59.1784489795918,59.9345989795918,60.6158053061225,60.864543877551,60.096993877551,61.2837367346939,59.8126667346939,58.9058167346939,58.9347002040816,59.3056502040816,59.9195634693878,60.1191634693878,59.2132369387755,59.3094202040816,56.6997375510204,57.2344789795918,57.4390830612245,57.4581663265306,57.0983875510204,56.3744804081633,57.0713146938776,56.3480597959184,56.1515218367347,56.3357146938776,55.7787755102041,56.1369681632653,56.1369681632653,57.43468,58.8693095918367,58.0935355102041,57.3594336734694,56.8870736734694,56.6039724489796,58.9994979591837,58.8617344897959,58.4370826530612,58.7403983673469,58.7451691836735,59.073617755102,58.8972942857143,59.25604,58.4636418367347,58.0449904081633,58.251843877551,58.7418565306122,58.2440685714286,58.3120895918367,58.1969014285714,59.0014626530612,59.4272948979592,59.4004406122449,59.3072867346939,59.2490040816326,59.6875046938775,60.1536675510204,59.9220616326531,60.2255740816326,59.9500493877551,60.1471285714286,60.0490071428571,59.8898871428571,59.9775324489796,59.5674869387755,59.2451869387755,59.0671912244898,60.250317755102,59.3514136734694,59.1317102040816,59.1681414285714,59.0046057142857,58.5948689795918,58.4376779591837,58.5064367346939,57.5279514285714,57.7839032653061,56.760756122449,58.2516685714286,55.8207512244898,55.8207512244898,57.5910512244898,56.6732926530612,57.5595475510204,57.4649181632653,57.0020010204082,57.406612244898,57.8356414285714,57.8942191836735,57.7874904081633,57.5571632653061,58.0991673469388,57.9232914285714,57.7187634693878,57.9854373469388,58.2937206122449,56.3842389795918,56.002432244898,55.9167542857143,54.3701426530612,57.0177697959184,57.1432373469388,57.6409059183673,57.6856373469388,57.8944220408163,57.6394046938775,58.1034526530612,57.757543877551,58.3168904081633,58.3168904081633,58.5493324489796,58.5493324489796,58.2655918367347,58.5226942857143,58.6706516326531,58.6912365306123,59.0646412244898,58.2373279591837,59.0702940816327,58.1442724489796,57.7557448979592,56.7431855102041,58.8933908163265,58.2945465306122,59.4287965306122,58.8917965306123,56.4522128571429,56.9887575510204,58.6603432653061,58.2988463265306,58.3883963265306,57.1147463265306,59.0015079591837,58.868206122449,57.621406122449,58.0936155102041,58.6750379591837,58.7017308163265,56.2246808163265,58.2069808163265,58.5940808163265,57.7576685714286,58.1162248979592,57.7120785714286,57.4827785714286,56.8307785714286,58.0374406122449,57.4718310204082,58.2259408163265,56.3133024489796,56.7017808163265,55.9733620408163,55.4346632653061,56.1033987755102,56.340363877551,57.0269269387755,56.5013924489796,56.8231936734694,58.11178,57.9616648979592,56.3020063265306,57.37233,57.48268,55.6747971428571,58.14363,58.5035334693878,57.5883791836735,56.8714467346939,55.7561004081633,57.9092848979592,58.2001855102041,58.0040691836735,58.0310304081633,57.75787,58.0323210204082,59.0059773469388,56.7913124489796,57.3527124489796,57.1136820408163,56.5315932653061,57.8667702040816,58.2826702040816,56.7173836734694,56.1307336734694,56.4826442857143,56.4230724489796,56.5091724489796,55.6972381632653,54.6636953061224,57.9701744897959,57.2881169387755,57.39139,56.0633148979592,57.3289148979592,57.431491632653,56.3078695918367,56.8763214285714,56.1083371428571,57.1923871428571,56.142123877551,55.027673877551,55.2596732653061,55.7993732653061,56.784866122449,57.2168363265306,56.7692716326531,55.9091367346939,56.7146367346939,56.6308769387755,56.8659748979592,58.2039281632653,58.8299836734694,58.5932836734694,58.7359118367347,59.9977118367347,59.1841967346939,56.8686985714286,58.6856751020408,57.2873053061224,57.3564575510204,57.0298314285714,56.7693620408163,57.0809530612245,58.1974387755102,58.7596802040816,58.4926291836735,58.8500220408163,59.6127053061225,58.326002244898,59.1979871428571,58.9683130612245,56.3645197959184,56.8656393877551,57.0031706122449,58.1982204081633,58.0346704081633,58.3058704081633,56.0200704081633,58.1458820408163,58.3515510204082,58.3856089795919,58.5025995918367,55.5225995918367,55.6575042857143,56.795313877551,56.8515853061225,58.6676353061224,56.7175118367347,56.4186259183673,55.4541779591837,56.3909859183673,55.9674906122449,56.652896122449,58.6503881632653,57.6071012244898,58.1849718367347,58.8863102040816,58.2307587755102,57.101113877551,58.3924583673469,56.9471302040816,55.8923828571429,58.480976122449,56.2793644897959,56.9160412244898,57.3678830612245,56.0453402040816,57.1998324489796,56.6388944897959,55.2826944897959,56.1123091836735,56.1521479591837,56.1590336734694,58.248616122449,56.8260240816327,57.0686963265306,56.6948512244898,55.3058346938776,55.74987,55.4770448979592,56.4699383673469,56.4699383673469,58.0667906122449,55.7330679591837,56.2377304081633,57.0490624489796,56.6487881632653,55.8437063265306,57.1765814285714,56.8132785714286,55.9111389795918,55.8972048979592,56.6716389795918,56.8162881632653,57.3788918367347,58.6505173469388,58.8356475510204,57.3303671428571,59.4079124489796,58.0746342857143,56.8950134693878,58.8451075510204,59.1743334693878,57.3776526530612,57.5355814285714,56.5194824489796,57.9272779591837,57.9375573469388,58.1255573469388,57.3526771428572,57.3526771428572,57.3526771428572,55.8251410204082,56.3591410204082,56.5136269387755,56.5136269387755,56.7581830612245,56.9679814285714,56.9225840816326,58.7728753061225,60.0924883673469,59.0115420408163,59.3005944897959,59.8976006122449,59.6121385714286,59.4515046938776,60.0084420408163,59.5529728571429,59.5097404081633,59.5097404081633,59.7003763265306,58.4328871428572,58.7015465306122,58.0038083673469,58.4060816326531,58.9466418367347,59.7314985714286,58.9710959183674,58.5050806122449,58.7175048979592,58.5489524489796,58.8248236734694,57.7596171428571,56.5553314285714,56.6771942857143,56.0768583673469,56.0768583673469,56.5425293877551,56.5425293877551,57.2560857142857,57.1955589795918,58.1139128571429,58.1139128571429,58.2146902040816,58.2146902040816,58.519202244898,58.9163112244898,58.7707275510204,59.3065951020408,58.4588951020408,58.1162324489796,57.4844918367347,57.4984057142857,57.4920142857143,56.9643648979592,57.0727165306122,57.8828432653061,58.7305469387755,58.4103120408163,57.6711314285714,55.4761565306122,56.1485957142857,57.2279246938776,56.4028812244898,56.4028812244898,56.6833487755102,56.6833487755102,57.9424334693878,58.4991112244898,57.6437124489796,56.5076591836735,58.3291959183673,58.5979197959184,56.1302853061225,57.1979471428571,57.7149420408163,58.1410048979592,57.9852342857143,59.0795144897959,60.1588344897959,59.6248975510204,59.7310016326531,58.5352355102041,58.5824026530612,58.3568706122449,59.0704283673469,58.3399991836735,58.2941357142857,58.2941357142857,58.4747357142857,58.0214004081633,58.8535085714286,59.2619883673469,59.7587926530612,59.8860308163265,58.6529953061224,59.2641516326531,57.8827814285714,58.7419714285714,58.7419714285714,59.5795418367347,58.4189418367347,58.4189418367347,58.6192632653061,57.3125432653061,58.2378295918367,58.1337659183673,59.6064714285714,56.2009926530612,56.7701348979592,56.9385397959184,57.5688897959184,58.6646232653061,59.3540232653061,58.9708824489796,59.0902324489796,59.0902324489796,58.9648802040816,59.5147302040816,59.3493255102041,59.3505255102041,59.0157508163265,59.1954430612245,59.3359608163265,60.1751857142857,60.1751857142857,60.1751857142857,57.8977818367347,58.2913304081633,57.7743116326531,58.8080828571429,60.3189512244898,59.5877636734694,58.9981140816327,59.3221853061224,58.4258953061225,58.7829006122449,59.9639655102041,58.5438655102041,58.1937655102041,58.3255655102041,57.5953655102041,58.4390485714286,57.5991485714286,58.6857079591837,58.6857079591837,58.1333079591837,58.1297079591837,58.472296122449,59.2405626530612,59.2608263265306,58.9954991836735,58.9740826530612,59.6334826530612,57.8081404081633,59.9745904081633,58.3534048979592,58.9987951020408,58.7726140816327,58.6121406122449,57.8744942857143,57.8140442857143,58.9153753061225,58.6350085714286,59.0762353061225,57.4686359183674,56.7883359183674,58.0538359183674,58.0787032653061,56.9460532653061,57.4159048979592,57.2735630612245,57.0605987755102,54.7845497959184,55.2864691836735,55.4170518367347,57.9666518367347,56.9154,56.8619373469388,57.6902042857143,58.8393953061224,58.808852244898,58.9440581632653,58.302752244898,57.649802244898,57.8307489795918,57.6977563265306,57.6977563265306,57.4441128571429,57.5705640816327,57.676013877551,57.5766246938775,56.7002424489796,55.8893069387755,56.3129587755102,58.8122071428572,58.1666924489796,58.1666924489796,56.7828924489796,57.9067895918367,57.1073936734694,58.4064175510204,56.2290716326531,58.1756873469388,57.107656122449,56.96836,57.439883877551,55.5870416326531,56.6567034693878,57.5330063265306,57.4319,59.5508093877551
39.8367346938776,90.8781959183674,92.3924302040816,91.4310802040816,93.0450802040816,91.8231302040816,91.3562514285714,91.8522665306122,94.9961312244898,97.6951589795918,97.6868897959184,95.7806406122449,96.7988457142857,94.834236122449,94.2545573469388,95.9245573469388,91.3965548979592,93.5296428571429,91.8066473469388,96.1766659183673,96.456027755102,97.7324871428571,98.0181416326531,97.293383877551,95.9461953061224,96.7095259183673,98.4952546938776,96.7999763265306,97.9023185714286,100.604792040816,97.7632257142857,97.2473430612245,95.4905926530612,96.466566122449,98.7777291836735,96.267893877551,96.8056473469388,96.6704802040816,95.484346122449,93.6263673469388,98.0528626530612,92.1138402040816,95.0347312244898,96.9162651020408,97.8007459183673,99.4207604081633,96.2501232653061,97.4589585714286,97.5001777551021,98.747087755102,95.3693363265306,93.9776153061225,93.540913877551,95.7110048979592,93.8587395918367,93.4218765306123,94.8762297959184,91.791168367347,94.1342520408163,93.2807581632653,93.500856122449,93.3536140816327,95.1444012244898,96.5775879591837,95.8655804081633,95.3247044897959,95.2782451020408,95.8714740816327,95.5503485714286,95.2223679591837,94.2581487755102,93.1955648979592,94.5062653061224,92.8297593877551,93.8466032653061,95.6000081632653,95.4155655102041,94.6269989795918,95.6958751020408,95.380013877551,92.2771265306122,91.651967755102,95.3176571428572,94.7915748979592,94.1954383673469,93.8959991836735,93.8150226530612,93.5459006122449,94.1618006122449,95.8427812244898,95.8344806122449,98.3449485714286,94.8200569387755,91.1166912244898,93.2925559183673,94.5017879591837,93.6269812244898,93.7102475510204,90.7395162857143,86.7776794693877,90.1209663265306,89.1581414285714,90.2521132653061,87.7529132653061,90.7360275510204,92.8237065306122,94.2070430612245,94.3492914285715,94.1954824489796,93.8662324489796,92.5854530612245,91.484373877551,91.8931916326531,91.5138336734694,91.5397336734694,89.2017024489796,91.040013877551,91.8910881632653,92.1493230612245,95.3436534693878,94.6577034693878,94.4175459183674,95.2575334693878,94.0330595918368,95.5912363265306,96.6223824489796,98.793712244898,98.9672771428571,95.7006342857143,97.2123224489796,97.9727724489796,94.9643057142857,96.8010567346939,98.5206226530612,97.8006226530612,97.285942244898,96.4491632653061,95.4900718367347,95.2939065306122,93.7149193877551,100.248445102041,98.9576167346939,95.672857755102,93.6077387755102,92.3986044897959,95.6241330612245,101.00449,96.4646857142857,95.2279130612245,96.7553189795918,95.6857881632653,93.3421755102041,93.8681548979592,94.7805634693878,92.88149,94.8557759183674,92.7347759183673,95.6605691836735,92.8309765306122,99.7991873469388,96.8649163265306,94.9938365306122,97.1446485714286,94.1987530612245,93.0384014285714,97.0398508163265,97.9703316326531,97.7014169387755,100.575906938776,99.0763048979592,95.3624359183673,92.0382120408163,97.6819144897959,100.173459591837,98.6113293877551,95.6227995918367,97.201536122449,92.9282489795918,94.3299087755102,94.197623877551,94.871323877551,94.444396122449,94.8530197959184,92.5146830612245,90.6603012244898,94.5590495918368,96.7407728571428,96.8540704081633,96.026997755102,92.6985855102041,91.1352791836735,93.3405081632653,92.9796081632653,92.3963710204082,94.3923626530612,95.431392244898,96.6954493877551,95.9318671428571,97.0274704081633,96.2419204081633,93.8937010204082,97.0248953061225,95.2421671428571,96.0890283673469,96.59457,96.9719873469388,95.1826206122449,94.3664706122449,99.7242053061225,95.975652244898,95.2041418367347,94.2274606122449,93.9626316326531,95.0609508163265,97.0482579591837,95.3240381632653,93.4732597959184,90.3395563265306,93.5374063265306,92.9246759183674,92.7740759183674,94.2014616326531,93.6324040816326,96.3480540816327,93.7738030612245,97.6173481632653,97.7470536734694,95.3345075510204,94.9830904081633,96.5467071428571,96.0648846938775,99.917563877551,99.6421412244898,98.7350524489796,95.7454016326531,94.5073957142857,95.3998093877551,93.774763877551,94.9413330612245,96.373218367347,94.4156934693877,95.5791475510204,101.320496734694,98.5060514285714,96.033746122449,94.8140755102041,96.7565287755102,94.8257877551021,100.675356122449,98.0237618367347,97.2030240816327,95.9289993877551,95.8151595918367,96.2131063265306,95.2668375510204,97.9024757142857,100.774619387755,101.154991632653,101.459327755102,99.3646012244898,97.4452875510204,98.7756418367347,95.2719183673469,96.9621573469388,100.443442653061,90.4452483673469,97.550893877551,97.581843877551,99.7627067346939,97.6876795918367,97.4998451020408,99.9026673469388,98.8910955102041,97.8393979591837,96.9490281632653,97.5956781632653,95.9405224489796,98.2812185714286,98.5393185714286,94.9757926530612,95.6594426530612,96.7347957142857,97.6347351020408,95.8519312244898,94.9024442857143,96.5405132653061,97.7481787755102,93.7410881632653,93.3981712244898,93.3702812244898,93.7016785714286,95.869877755102,95.3247642857143,93.64021,95.7605926530612,96.314646122449,97.95226,101.024326122449,97.5009732653061,92.7165189795918,92.3250881632653,92.0895381632653,96.1321712244898,95.8095624489796,93.9820442857143,93.7306265306122,96.2296846938775,97.3814826530612,96.3448793877551,90.6655848979592,91.6570257142857,95.0352246938776,93.7206746938776,93.9663163265306,94.9409151020408,93.8321126530612,92.5290104081633,88.0124693877551,88.0542693877551,89.9210912244898,92.7112769387755,93.930183877551,98.3170824489796,96.8652871428571,94.8253416326531,92.1672759183674,94.505686122449,95.2566642857143,94.6871142857143,96.1699912244898,97.0921455102041,95.7556812244898,97.05344,95.7573253061225,92.6456142857143,92.2738048979592,91.9952171428572,95.3035442857143,96.2341534693878,96.879702244898,92.7690716326531,95.8964475510204,88.7614165306122,97.2943565306122,96.196422244898,94.6717546938776,93.2462610204082,89.8111810204082,92.0348236734694,92.8232630612245,93.8032130612245,91.8688773469388,93.4880987755102,95.1688267346939,95.8994012244898,93.9489332653061,93.4709836734694,93.7204542857143,93.4768269387755,93.3303724489796,95.3472018367347,94.1885375510204,93.3790726530612,91.5143471428572,97.335246122449,97.6921340816327,94.3714491836735,95.9423904081633,96.1408404081633,96.3996404081633,96.3996404081633,96.1288481632653,95.4298489795918,92.4168571428571,96.371732244898,97.2658914285714,99.5287502040816,96.2005781632653,96.2896006122449,95.5825271428572,96.4524753061225,97.1848202040816,95.2601424489796,97.6202536734694,96.5066997959184,99.084553877551,97.2440512244898,98.8362326530612,93.0468814285714,104.016309591837,98.324337755102,94.998816122449,93.4915828571428,94.7842926530612,96.4399506122449,98.5775875510204,97.0423,94.5941414285714,94.6392646938775,97.0040767346939,98.59656,96.7036142857143,99.8510467346939,97.5153187755102,94.7926281632653,93.8010314285714,92.1538551020408,93.032001632653,96.8907451020408,97.5996451020408,92.9291428571428,91.2508110204082,93.8700555102041,93.8700555102041,95.5034491836735,89.5626516326531,92.4689324489796,94.4081463265306,94.9092624489796,95.1037159183674,96.40173,91.5610653061225,94.016853877551,93.6367302040816,92.0236051020408,93.7505893877551,97.6406679591837,95.2028771428571,95.6506365306122,95.2885534693878,93.9600708163265,93.3039834693878,95.6095132653061,95.9423389795919,94.883522244898,94.512422244898,94.518067755102,91.7593936734694,93.789203877551,94.0298473469388,94.0958630612245,93.9726630612245,91.9472610204082,91.1686587755102,92.0507636734694,95.0634806122449,92.1449973469388,95.6712848979592,94.1501457142857,98.7590614285714,91.9927365306122,96.6327734693878,93.2139757142857,92.9568508163265,95.0535971428571,95.5455116326531,94.0816679591837,97.1902985714286,95.7804193877551,97.566546122449,95.5755220408163,94.6024510204082,93.5961120408163,92.7123306122449,97.1747887755102,97.2669332653061,96.0021259183673,98.4884373469388,99.5769959183673,98.2009867346939,97.7490367346939,98.3763044897959,98.5298295918367,93.89278,89.7521216326531,90.6113716326531,92.2049797959184,95.8744124489796,95.8744124489796,93.4078097959184,92.3663389795919,90.6771757142857,102.287461632653,96.5614689795918,97.7221018367347,96.7747571428571,94.9896395918367,96.2681708163265,95.8579281632653,97.4090320408163,97.1916124489796,96.9017736734694,95.5506310204082,96.5157734693878,93.2777204081633,95.9363228571429,96.1220473469388,95.4498569387755,92.9103871428571,93.959912244898,96.1124546938776,95.1828916326531,93.8328708163265,94.5017848979592,94.749202244898,95.2530397959184,94.5076397959184,91.5190036734694,90.7395546938776,93.1192689795918,92.6016689795918,91.8757614285714,96.1855375510204,93.1268048979592,94.4076420408163,93.7058420408163,95.0910744897959,97.5897,92.935836122449,91.31365,97.7352893877551,90.3992426530612,91.7279926530612,89.8338926530612,90.6476357142857,99.0090336734694,98.4529630612245,92.7055557142857,93.0542553061225,98.7628259183674,93.5180295918367,93.6710171428572,95.3499304081633,96.9438708163265,95.9990953061225,93.8379412244898,92.4622887755102,92.3516,92.0804079591837,91.75442,93.5669057142857,92.4182259183674,91.8588875510204,90.222642244898,89.4065953061225,90.5568375510204,93.6322442857143,92.1331618367347,97.9425612244898,94.3955728571429,98.9406797959184,97.2941297959184,98.6226297959184,97.6242797959184,97.6242797959184,98.6517144897959,98.2747708163265,97.7383708163265,101.56916122449,100.100962959184,100.749457755102,98.1752826530612,96.9870059183674,99.7635195918367,95.5476448979592,99.6463897959184,98.9650320408163,97.4241153061225,96.0450134693878,93.0351026530612,94.8656267346939,94.0751575510204,95.2685520408163,96.6780242857143,95.0152981632653,97.9571240816327,96.1543063265306,94.7915832653061,94.1595373469388,92.0335873469388,94.8576234693878,97.3721844897959,93.5946706122449,94.0487073469388,95.9741857142857,95.5253857142857,96.0904891836735,94.9136391836735,92.7217026530612,96.1411116326531,94.3943906122449,94.9301353061225,99.065792244898,100.205105306122,98.2880873469388,98.6824067346939,98.3416220408163,96.1522683673469,93.4238291836735,94.0728985714286,94.8132046938776,95.5186032653061,96.4984442857143,95.4323951020408,95.0211689795918,95.1979689795918,95.2251283673469,95.7472812244898,94.9707075510204,98.1071267346939,100.830113265306,100.510887142857,97.2699151020408,95.7813306122449,96.1189306122449,100.442941632653,98.3822418367347,99.3600195918367,97.9448146938776,96.7399955102041,95.7387671428572,95.4628732653061,96.5030769387755,93.5806736734694,94.446086122449,95.1401455102041,95.5206663265306,99.4499883673469,97.1099883673469,100.383631836735,91.0911795918367,96.3057971428571,93.3932934693878,93.8505218367347,92.6720457142857,92.9079444897959,93.2885620408163,96.2978567346939,93.2247216326531,93.5547859183674,95.011866122449,97.0821742857143,94.7150140816327,97.2611957142857,93.7356610204082,101.233876530612,97.5838365306122,102.121788979592,93.3888073469388,97.0192246938776,94.9332475510204,97.8523189795918,97.3378402040816,98.2136795918367,94.1507318367347,97.0380351020408,94.491332244898,97.930633877551,99.8201944897959,94.2403936734694,99.7312826530612,93.4307348979592,95.6602381632653,98.5020697959184,95.8662606122449,101.309531632653,99.6519289795918,97.4581532653061,101.810177755102,100.192175306122,97.1337328571429,95.8152183673469,95.2715759183674,99.2962585714286,92.6536991836735,96.6712663265306,99.5719208163265,90.3927659183673,92.15904,94.2290140816326,95.9362028571429,95.6814104081633,96.7796946938776,96.8526,98.7230293877551,95.5884881632653,96.4308934693878,93.3086069387755,94.3924287755102,93.6523655102041,93.5242085714286,94.5408773469388,94.8484983673469,98.9081295918367,95.2026316326531,100.221823469388,99.4412473469388,103.028906122449,98.7534348979592,98.0459859183674,95.7820146938776,95.206422244898,93.872672244898,90.8950520408163,105.363375918367,96.5347373469388,98.4933259183673,98.4413671428571,96.5904785714286,96.6211193877551,94.7069224489796,96.6072324489796,98.0347128571429,95.8066212244898,95.2674214285714,95.667187755102,96.597553877551,98.5880687755102,105.264290816327,90.9474634693878,91.5868844897959,92.3712344897959,89.6821891836735,91.1060193877551,95.893172244898,93.9164157142857,96.2408620408163,93.0688624489796,94.3297569387755,92.4102087755102,93.4060110204082,94.7425471428571,96.125982244898,97.6398526530612,98.4659026530612,97.4463508163265,96.5734165306122,97.2161487755102,99.2629587755102,95.7684234693878,95.9800010204082,93.5275304081633,94.5021240816327,94.7252420408163,93.5078969387755,94.828476122449,95.1104302040816,99.8678167346939,98.3327910204082,96.8412124489796,98.7890308163265,100.057044489796,98.8987944897959,103.54714877551,95.358353877551,93.8472346938775,98.8944973469388,98.4573973469388,98.154823877551,93.2673114285714,97.5702418367347,96.1237202040816,96.9805114285714,98.0137720408163,97.8870228571429,98.6440010204082,94.4399395918367,94.1223355102041,95.4405669387755,94.9866004081633,93.8365063265306,93.8474548979592,93.4423689795918,91.6089189795918,93.8531689795918,94.6583487755102,93.476383877551,95.0638695918367,100.045476326531,92.8951193877551,95.6482393877551,97.4502308163265,101.800162040816,97.5653002040816,98.6290912244898,96.221943877551,95.8144534693878,97.9278820408163,99.2780067346939,98.0065104081633,98.9770079591837,98.8184667346939,98.6265185714286,97.3948610204082,98.4503420408163,97.0809165306123,97.149376122449,97.6009977551021,98.7560857142857,99.8184530612245,97.3226340816327,97.1127040816327,98.5733436734694,100.496509795918,104.912181836735,98.1236044897959,98.2532044897959,98.2532044897959,95.0200030612245,95.8647034693877,97.4001687755102,96.493723877551,96.951623877551,95.9845744897959,98.9418087755102,101.04913244898,98.5141983673469,100.406717755102,97.8481530612245,100.258995918367,99.629462244898,96.0296765306122,89.6005014285714,91.6123944897959,91.5225577551021,92.4301824489796,95.7641991836735,97.4248367346939,97.2850606122449,94.5243997959184,101.621604693878,99.4469904081633,95.1026863265306,95.9434363265306,95.9434363265306,95.4889363265306,100.233685306122,94.2720824489796,92.1857365306122,97.0323669387755,95.702833877551,97.6408659183674,94.0251220408163,93.8274820408163,93.8825116326531,91.9188085714286,94.0347724489796,93.5130424489796,92.2864353061225,91.7594487755102,93.5594093877551,94.0900685714286,92.2299644897959,91.7883506122449,92.8076353061224,92.6065163265306,92.4316402040816,94.0012879591837,97.4077755102041,94.7791795918368,95.1963820408163,92.6904569387755,94.2567602040816,94.7046179591837,94.2188885714286,94.118652244898,94.7240940816327,95.9357873469388,95.5875432653061,94.8530171428571,96.2840140816327,95.5563053061225,95.2734795918367,94.3245371428572,92.6267375510204,93.9814526530612,97.9570673469388,97.4976918367347,98.4089493877551,95.4240920408163,93.3408271428571,92.2972314285714,94.2297187755102,96.8301197959184,94.2015744897959,93.1017993877551,90.7157363265306,98.5142363265306,98.8538453061225,97.8668095918367,95.2568691836735,95.6734851020408,106.224621428571,90.9879944897959,93.4148844897959,92.943586122449,90.1895212244898,102.316055918367,99.8563559183674,96.3186471428571,98.7801006122449,96.7526585714286,94.596133877551,94.4565012244898,92.6196455102041,97.8654481632653,94.8506793877551,96.2502108163265,97.3096028571429,97.0091806122449,100.187865714286,100.695615714286,97.9251179591837,98.0881179591837,99.0443618367347,98.5241353061225,97.0269397959184,95.8138934693878,95.2007363265306,94.893328367347,95.9156051020408,95.1534485714286,92.9682359183674,92.6219,94.9048524489796,93.4204426530612,94.3898895918367,94.2464895918367,94.5935859183674,94.8585273469388,94.7887342857143,96.6687648979592,97.1910789795919,97.0910973469388,99.0297271428572,96.6510444897959,89.7871269387755,92.8935916326531,90.1049416326531,91.1982491836735,89.9564991836735,98.5258495918367,94.1235414285714,101.914460408163,91.6603548979592,97.4032655102041,95.5783263265306,97.9026857142857,100.322161020408,99.3391642857143,95.6636893877551,96.5358755102041,96.6895720408163,96.0232742857143,96.8155106122449,93.3167836734694,96.3576051020408,96.5105371428571,97.02171,98.2617681632653,99.1655883673469,94.7893026530612,95.2705502040816,96.9540575510204,100.885034489796,89.0349648979592,90.6981981632653,92.1286171428571,96.2504812244898,95.6036812244898,93.6329897959184,95.9312279591837,95.6550630612245,95.716936122449,94.4625418367347,94.5966216326531,94.8089967346939,94.882673877551,94.1716746938776,96.5115359183674,95.9663810204082,97.340933877551,96.8638457142857,96.5881457142857,93.4009453061225,94.9139220408163,93.2665873469388,92.8168873469388,92.7592748979592,92.9130230612245,90.2501502040816,94.7825859183673,96.7120614285714,97.0670744897959,96.6398057142857,95.351772244898,94.5352418367347,94.7322983673469,95.431357755102,95.8049273469388,93.262177755102,95.4397665306122,93.9914416326531,93.1691889795918,93.430882244898,94.3793344897959,93.7922344897959,92.0949467346939,88.3179744897959,91.1050665306122,90.566156122449,91.4892502040816,91.0221981632653,93.1425981632653,87.4166231428571,85.9806408571429,91.739117755102,97.6260491836735,98.7469228571429,95.7073559183674,97.9186697959184,97.1032871428571,99.0695932653061,97.9306432653061,98.1640314285714,96.2268879591837,94.0077785714286,99.8444873469388,97.6470575510204,93.9770804081633,94.7435595918367,93.0194357142857,92.0475048979592,96.7267414285714,97.0497706122449,95.8223524489796,100.128231836735,99.1707681632653,97.3356140816327,97.8656683673469,97.510563877551,87.6511926530612,92.964407755102,92.724257755102,97.2705244897959,95.9922744897959,95.5512310204082,96.0013212244898,96.1848971428571,95.6637759183673,94.8472230612245,97.5867216326531,98.6317716326531,97.9005779591837,97.2074965306122,96.8833746938775,96.2797746938775,99.0388206122449,96.0615814285714,96.1006040816327,96.8609555102041,96.4263685714286,94.7416310204082,94.9743316326531,94.2823316326531,93.1836002040816,92.2749002040816,96.1994534693877,98.4219632653061,96.4941783673469,97.0850283673469,100.311581020408,99.7571712244898,94.1918230612245,94.4306569387755,97.2212579591837,96.9711359183674,97.7724363265306,96.0251371428571,95.2448971428571,95.2270151020408,96.2740326530612,94.0023295918367,96.3999826530612,94.0216569387755,100.172839795918,95.1238575510204,99.4858883673469,106.284179795918,89.5515565306122,92.1545153061224,93.4872542857143,93.5178914285714,94.1888414285714,95.5038475510204,102.443409591837,101.610622244898,101.982622244898,101.982622244898,96.7683832653061,97.6919542857143,97.6919542857143,96.9740493877551,97.7692851020408,94.0306555102041,96.0942293877551,99.1474075510204,100.07530755102,93.2027934693878,94.2093295918367,96.2383863265306,93.8510681632653,93.4107406122449,95.3227004081633,93.7709724489796,96.238998367347,96.9995151020408,96.3890210204082,96.0581151020408,94.0758151020408,95.0025151020408,96.8241332653061,97.1924124489796,94.5353124489796,94.8134124489796,95.8262002040816,96.2930426530612,95.9387426530612,97.9107024489796,96.9710348979592,96.4192102040816,90.6829316326531,93.5501059183674,91.9327485714286,95.7218155102041,94.1691612244898,97.5483289795918,98.8643857142857,93.012588367347,93.7113383673469,96.1847853061224,95.1440151020408,97.8688889795918,99.4425010204082,98.5370773469388,100.062864489796,103.674195102041,101.320543877551,99.8661065306123,101.629918163265,99.4773471428572,98.757163877551,95.0048544897959,95.3265583673469,94.4029183673469,97.1156630612245,92.9440495918367,92.5154995918367,94.605013877551,97.4883791836735,98.5593577551021,100.44004,98.4483340816327,97.8840159183673,97.5286481632653,99.913823877551,95.3480448979592,94.7660448979592,96.6352473469388,94.9204926530612,96.5928426530612,92.6182659183673,95.157742244898,95.1458855102041,96.1419310204082,98.5221616326531,94.6848059183673,98.061103877551,99.9010993877551,93.5866153061224,95.7825679591837,96.8397624489796,95.9713755102041,91.1834940816326,93.3370304081633,92.5834128571428,91.8879444897959,91.4088048979592,96.4656881632653,98.0588281632653,97.0424816326531,96.9913306122449,96.7727583673469,102.431845714286,95.5305893877551,96.0638546938776,95.6697681632653,95.9943889795918,90.4729559183673,92.3239202040816,91.1401734693877,92.6956306122449,94.0978659183673,95.6682346938776,96.2006248979592,95.1840467346939,95.4864967346939,94.2847259183673,93.7974975510204,97.8008842857143,100.077104693878,96.8765397959184,99.84896,99.5604304081633,99.3350059183673,95.6987408163265,95.8236418367347,94.5477769387755,98.0217583673469,98.1851924489796,99.6490895918367,94.5087897959184,93.9455128571429,97.18943,96.6428708163265,96.6221567346939,94.7007008163265,96.3941510204082,98.3587091836735,97.4560508163265,97.6598497959184,96.5010155102041,96.217713877551,97.6363451020408,96.8245636734694,97.49041,97.6490034693878,97.2805891836735,98.7968891836735,97.3710895918367,97.6779042857143,99.4245042857143,94.6986504081633,96.2101981632653,96.4095981632653,99.7098197959184,101.126194693878,101.368763265306,100.541317755102,97.4906895918367,100.335789591837,92.5132246938775,92.6540293877551,94.1423293877551,94.7618218367347,97.6057283673469,94.8791863265306,98.2684063265306,99.5912830612245,98.2496497959184,96.3343524489796,95.8887936734694,94.8663920408163,95.3472255102041,95.9792846938776,95.5356312244898,95.1912485714286,94.3794640816327,94.1712340816327,96.3743734693877,96.9261440816327,96.4931869387755,96.7613363265306,99.4382432653061,97.2638651020408,97.2068197959184,96.7253963265306,98.5171630612245,97.0801051020408,99.1288969387755,96.1179663265306,95.8660634693878,94.9594767346939,96.2896193877551,99.6600346938775,97.0829897959184,96.6197946938776,98.2894224489796,97.5413851020408,94.3961448979592,97.16636,95.2976218367347,95.9852620408163,96.3206708163265,98.4583957142857,98.2156391836735,98.5128687755102,98.7595473469388,97.4914646938776,97.7217955102041,96.4489346938776,91.9846285714286,93.5973926530612,92.8787710204082,92.4125265306122,93.5178148979592,95.041402244898,94.7897748979592,97.5273908163265,98.6959779591837,96.2717136734694,94.9079679591837,95.3851469387755,94.8585230612245,98.686488367347,90.0466702040816,90.1555967346939,93.2929087755102,90.5683165306123,92.9428295918367,90.7576157142857,91.3003865306123,93.461813877551,92.651473877551,94.8864651020408,94.1825167346939,93.6908440816327,99.9034055102041,98.1122414285715,99.2817389795919,99.7217540816327,95.8499593877551,93.058196122449,94.3909081632653,96.0198351020408,95.7766640816327,89.0273002040816,88.0125002040816,112.692315714286,113.204963265306,87.4205589795918,94.3182285714286,92.7424834693878,92.6931187755102,98.5696302040816,97.2731802040816,100.414029795918,96.6024275510204,99.15529,101.090422857143,96.1327736734694,90.67303,96.9945442857143,94.1696424489796,91.0750581632653,90.7061218367347,92.6272718367347,92.6340218367347,95.1313026530612,95.5643475510204,96.4051669387755,97.9908967346939,102.008645918367,103.408863673469,99.0062069387755,97.0511530612245,95.8503657142857,97.1585267346939,98.9295744897959,97.7567442857143,97.2308836734694,98.4655336734694,96.6835924489796,94.2888726530612,93.7585881632653,95.0383708163265,96.3664614285714,95.4008555102041,94.2356216326531,98.7239587755102,96.1201983673469,97.6993142857143,91.6028940816327,93.2218912244898,90.5769181632653,92.5586073469388,94.399632244898,95.4679826530612,94.6757559183673,93.6797544897959,94.2844963265306,83.8697018367347,91.1779183673469,91.2952508163265,91.9507197959184,91.8391712244898,95.0960012244898,98.3270255102041,94.4346553061225,95.0642181632653,90.8471324489796,94.5906497959184,95.1987,96.0623432653061,94.7008518367347,94.438552244898,99.8392946938776,98.9725197959184,99.1692716326531,100.555865510204,98.4320391836735,97.7690559183673,99.8676695918367,99.7330053061225,98.5950646938776,100.036230816327,97.3865095918367,97.5689928571429,97.5592914285714,98.4892297959184,97.058752244898,97.1902648979592,96.3641853061225,95.7432906122449,92.5679975510204,92.3621975510204,91.2470975510204,91.1137248979592,90.2554585714286,92.4058455102041,91.2194559183673,95.1337397959184,92.8346487755102,94.5640416326531,90.914083877551,94.6733410204082,96.4672624489796,97.3388379591837,97.4363134693878,95.5938757142857,93.7517489795918,93.6494516326531,93.1355559183674,93.5957334693878,95.1990351020408,96.0512836734694,96.5641226530612,93.9569469387755,93.7162059183674,94.3010814285715,93.3781051020408,92.6702214285714,92.3506742857143,92.345552244898,92.964902244898,88.2376330612245,93.4615348979592,91.5860448979592,94.1122736734694,91.0007240816327,92.6659283673469,89.8647940816327,89.3240440816327,92.8350471428571,93.9467726530612,89.7451459183673,96.4021340816327,104.461871632653,104.27971,99.491963877551,100.287263877551,100.924901020408,97.3041757142857,101.025646122449,98.9680514285714,93.8777042857143,91.1242712244898,94.8484406122449,93.2682867346939,98.0781865306123,92.0381095918367,96.1150914285714,97.9916302040816,96.779157755102,97.733896122449,97.5740808163265,97.9379408163265,97.4903477551021,97.4738275510204,95.8390546938776,95.8390546938776,99.2284628571429,94.4663246938775,94.5630746938775,96.0436016326531,97.2075428571429,96.9375467346939,94.9998053061225,97.0344373469388,96.9634830612245,98.1517830612245,95.3083493877551,95.0367473469388,95.321917755102,93.7045626530612,97.9971579591837,97.6460848979592,95.49666,95.3965497959184,94.9297497959184,96.7452997959184,93.8616557142857,93.5406444897959,94.0632902040816,93.5027155102041,92.4921395918367,90.30658,94.2393806122449,92.478283877551,94.0273330612245,95.7458989795919,95.8645489795918,91.804652244898,93.3898418367347,92.4481587755102,93.2447836734694,95.5347342857143,95.7809342857143,92.5685483673469,96.3776546938776,95.9899475510204,94.5217106122449,93.4877855102041,92.2610689795919,94.0844914285714,95.7029589795918,98.112076122449,96.8442128571428,96.6046981632653,97.6195565306122,100.163621836735,99.7178773469388,100.463579795918,98.338062244898,98.145367244898,92.7262697959184,95.4071055102041,99.5070148979592,99.4311146938776,98.3773944897959,95.9385493877551,96.5153971428571,97.5895493877551,100.150903877551,96.9311767346939,95.7045267346939,98.4693640816327,93.8245304081633,94.5771408163265,97.176458367347,97.2336181632653,98.8379267346939,97.2941118367347,95.5480936734694,94.1940240816326,97.2461644897959,96.1772269387755,96.0036712244898,103.724566734694,98.6260893877551,99.0543604081633,97.2098159183674,93.6748308163265,96.8612785714286,97.1571640816326,98.8907714285714,98.3140836734694,97.6645924489796,96.5356618367347,98.4313308163265,96.4057316326531,97.8798442857143,98.7319375510204,97.2056810204082,97.3678230612245,94.2964026530612,94.8397732653061,96.7440359183673,93.0583869387755,96.1607220408163,95.1220130612245,92.2141648979592,93.6532208163265,95.8095457142857,95.9181755102041,95.4296159183673,97.6922736734694,97.5970720408163,96.6076393877551,94.3655016326531,98.5792559183674,97.1590336734694,94.3498577551021,96.9627718367347,99.2703430612245,95.164082244898,94.146436122449,95.828326122449,94.7704048979592,95.6981906122449,94.9970357142857,95.3429195918367,94.3187926530613,96.5558577551021,89.7716069387755,95.6199614285714,98.845262244898,99.1959259183674,96.2878167346939,101.946687346939,98.1474591836735,103.006477142857,101.834458979592,99.3326655102041,98.4781116326531,96.131533877551,94.9050146938775,95.6491446938776,94.4282926530612,95.0321079591837,94.5740165306123,95.4546214285714,94.5556236734694,95.1320263265306,94.5919357142857,94.0714585714286,95.4023912244898,94.775541632653,91.5217057142857,96.7264351020408,94.9906318367347,92.1258467346939,93.1583271428571,94.1585244897959,99.633048367347,96.4218130612245,98.7396226530612,97.7255795918367,95.6144740816327,95.2737071428571,95.3780553061224,95.9393459183674,95.600602244898,97.5975846938776,96.8052677551021,101.412479795918,99.2255118367347,99.3036655102041,96.5182940816326,100.591377755102,97.2999008163265,96.5629320408163,96.3932265306123,97.771176122449,99.4626273469388,97.5196540816327,96.9786667346939,98.0613167346939,96.4096363265306,96.643062244898,95.7219326530612,95.8318863265306,95.5513195918367,97.1883814285714,98.9621414285714,97.7288916326531,97.948343877551,99.2226916326531,98.2973126530612,98.5056371428571,97.5132781632653,96.7749369387755,96.4356920408163,95.0357157142857,100.430914897959,92.7914602040816,93.8963746938776,96.8510175510204,99.6849881632653,100.424788163265,99.5682702040816,96.4731797959184,96.4092271428571,96.2124069387755,95.7758548979592,96.4040853061225,96.4807228571429,94.7027406122449,94.7635293877551,94.7770218367347,94.7654277551021,95.5578314285714,95.8282285714286,95.8545910204082,95.2083736734694,91.2456528571429,93.6491028571429,90.6986028571429,89.4719787755102,85.9876287755102,88.6445397959183,87.498991755102,87.3010274693877,92.1239736734694,93.4984657142857,95.4233293877551,90.8666783673469,92.9590720408163,94.6720585714286,97.5219283673469,96.4654187755102,97.0533616326531,96.6749855102041,93.5167783673469,96.4469751020408,91.5633946938776,93.5388410204082,95.9109934693878,96.7945171428571,91.3844875510204,91.9498375510204,93.1748787755102,89.385848367347,91.6369851020408,94.7199285714286,91.621553877551,93.0110210204082,86.1564891836735,91.74635,93.5078595918368,92.4731081632653,93.4275581632653,93.9510044897959,94.8543193877551,94.9528446938775,94.2657465306122,90.6394971428571,93.3637516326531,90.2021283673469,91.5097226530612,94.3338491836735,98.5867906122449,94.853757755102,96.1015383673469,96.8594630612245,97.9397332653061,94.0800953061225,96.2610797959184,95.9006712244898,94.416522244898,90.2563914285714,96.2635279591837,94.1945206122449,94.7049706122449,95.4496114285714,94.5616559183673,97.4967922448979,95.1160430612245,95.9068426530612,94.5244818367347,94.6453259183673,93.5963816326531,92.3529889795918,94.0163857142857,94.7115593877551,93.8776406122449,97.906796122449,98.2885542857143,99.1707369387755,97.77338,96.3529920408163,96.5105585714286,96.4930606122449,91.2471212244898,95.1132228571429,94.5862730612245,93.2439683673469,93.987968367347,94.2550773469388,88.9794195918367,89.8796695918367,90.8072251020408,93.4728032653061,93.5587410204082,92.4126493877551,91.2348493877551,100.380733469388,99.5358355102041,96.3117734693878,93.7020226530612,95.2939512244898,94.3032951020408,96.1113951020408,94.9855518367347,94.8463763265306,93.8858679591837,93.0844908163265,94.4554908163265,93.5329034693878,91.8916787755102,95.6505575510204,92.9182548979592,92.0457312244898,94.1641620408163,94.0627989795918,98.5119257142857,98.9974820408163,96.7532655102041,99.2604069387755,98.4798659183674,96.5592963265306,98.4910851020408,96.8525834693878,94.0561395918367,94.4592587755102,95.1384587755102,92.5125642857143,91.5969642857143,93.4546453061224,91.1981766938776,89.9939394693878,89.1662894693878,88.3129245306122,90.267786122449,90.186186122449,90.147086122449,93.3704857142857,92.6789653061224,96.3104757142857,92.7903110204082,91.9396610204082,92.9290169387755,97.1249157142857,95.7608214285714,94.056237755102,92.817138367347,94.2429018367347,95.2506169387755,97.8994340816326,98.642486122449,94.2503383673469,92.7441781632653,93.3012273469388,94.0099571428571,92.6757495918367,94.5556393877551,95.798917755102,95.9664063265306,97.0268057142857,99.9531328571429,93.1598940816326,94.424212244898,96.3192618367347,96.1413377551021,95.8275208163265,97.5985226530612,96.8670116326531,94.6231463265306,94.7042963265306,93.7430340816327,92.1893395918367,91.6854036734694,94.386767755102,92.521943877551,92.7099651020408,92.6181479591837,90.3324922448979,94.3643759183673,95.2369881632653,96.0389079591837,95.4963579591837,95.2488579591837,94.7330830612245,94.1634683673469,91.5669383673469,95.0992832653061,94.8538067346939,95.9366344897959,98.4403155102041,95.5233097959184,97.1734597959184,94.4999632653061,96.759056122449,96.7739591836735,96.8779591836735,95.2569095918367,95.4320181632653,96.2880034693877,96.8305824489796,95.3414071428571,94.9304375510204,95.7955275510204,93.9118506122449,98.4456151020408,101.314036122449,98.5520112244898,101.093355714286,98.33281,99.3780620408163,98.7736610204082,99.2474571428571,99.4796591836735,99.6360265306122,95.1277091836735,95.9855181632653,92.1618589795918,98.3871197959184,99.0479993877551,100.993399183673,97.3603873469388,98.6666979591837,100.32714,98.0338742857143,98.8683953061225,96.3043989795918,96.1217175510204,98.2301675510204,96.1483371428572,97.1074132653061,95.2743920408163,95.601796122449,95.1910528571429,97.2547997959184,93.5078432653061,95.8184104081633,98.1944169387755,92.8178891836735,95.2204624489796,94.3114924489796,95.5116067346939,95.1233355102041,94.8692355102041,94.9330746938776,93.8004928571429,89.6217928571429,89.8453971428571,93.1295275510204,93.3556406122449,92.3352930612245,92.4939004081633,96.6276951020408,89.5588810204082,91.0817173469388,96.4268204081633,94.4863336734694,94.0514836734694,100.005089795918,98.3198777551021,100.501354693878,97.1893681632653,98.7191789795918,97.1554508163265,96.2039334693878,94.832278367347,94.2451236734694,93.2211665306123,93.2256634693878,90.5684930612245,92.8832430612245,93.4856055102041,95.4663963265306,93.3888463265306,94.4141977551021,95.4731651020408,93.9854104081633,96.4586355102041,95.0589340816327,95.8174944897959,93.9099269387755,93.8630918367347,94.2529704081633,90.4375304081633,89.1767304081633,92.0037565306122,97.7719712244898,94.0521173469388,92.5285469387755,92.9855616326531,94.0705534693878,95.718326122449,93.4910053061225,93.2624779591837,93.2084767346939,93.7658767346939,94.6805179591837,95.1653034693878,92.7180942857143,93.8595883673469,96.8999818367347,96.5609114285714,93.518432244898,93.6163242857143,94.1922953061224,95.8286226530612,91.9953526530612,92.0463263265306,95.3625155102041,96.9084155102041,96.1160273469388,93.9295724489796,95.3878265306122,96.8405975510204,97.675962244898,96.6811581632653,97.9478473469388,96.1016128571429,95.0720289795918,96.3266293877551,97.517536122449,98.9484895918367,96.0710685714286,93.7389508163265,94.7029406122449,93.8180697959183,93.364692244898,93.5215436734694,95.682676122449,97.5579863265306,91.5782446938776,87.8485286938776,89.0839985714286,87.4457986122449,89.8564486122449,90.1163985714286,92.377596122449,94.9318902040816,87.4350393877551,95.9995224489796,95.9337224489796,94.1166026530612,93.9511487755102,92.303763877551,94.666942244898,93.769442244898,96.9168248979592,96.1817214285714,96.5501997959184,97.7188804081633,99.9499571428571,99.3451467346939,101.46419877551,101.553437755102,98.2018346938776,99.0260508163265,93.0253914285714,97.1277920408163,89.6125726530612,92.5031328571428,93.8359142857143,96.1992102040816,98.1101365306122,94.9250279591837,97.9064318367347,97.9550253061225,98.0011408163265,97.583518367347,95.3893440816327,95.8539085714286,100.92725,97.6353597959184,95.5141610204082,95.2254957142857,95.9540457142857,95.6813457142857,94.3738248979592,95.6923781632653,94.852076122449,95.6539281632653,94.2906702040816,93.7080171428571,95.9887714285714,93.2005230612245,105.555917959184,97.8051612244898,99.092693877551,98.4773669387755,98.1169489795918,96.6344606122449,97.1462183673469,96.4268183673469,95.4307506122449,93.7583028571428,96.9855853061224,96.7648489795918,96.2980295918367,95.5755667346939,98.3960308163265,96.9231863265306,99.0441516326531,100.187321632653,98.6909277551021,99.0215755102041,94.5203691836735,93.9748220408163,95.2911340816327,96.0266720408163,94.8256173469388,95.6622357142857,94.4586928571429,94.7659436734694,94.0151677551021,94.6044059183673,94.3015695918367,95.0690769387755,96.4623375510204,98.373772244898,95.8928726530612,95.3905516326531,97.8290306122449,96.3915857142857,97.4380873469388,97.4464485714286,92.8409973469388,92.142507755102,92.2383820408163,94.4924091836735,94.7260659183673,94.2991214285714,94.2277667346939,93.7313183673469,97.1422565306122,97.0545902040816,96.7691902040816,98.0662985714286,98.2810918367347,97.4231263265306,98.4120273469388,95.6927628571429,96.8226287755102,102.885696326531,93.8064206122449,97.6044051020408,102.840917346939,102.69609244898,94.8699834693878,95.5604834693878,98.0088130612245,94.4456024489796,92.9223024489796,94.4328614285714,94.8034642857143,94.3136142857143,94.0275642857143,94.3158642857143,94.5580642857143,97.3508175510204,97.2393442857143,98.1382463265306,97.5238328571429,97.5767065306122,98.3620844897959,99.9813844897959,96.678252244898,97.3156802040816,97.5751510204082,97.1169342857143,98.8896740816326,97.5754583673469,98.1840316326531,96.7065963265306,95.2539610204082,98.6652159183674,94.2892228571428,94.3706116326531,99.6167159183673,98.9157248979592,94.9772273469388,96.3385769387755,95.4711163265306,95.41433,99.7111146938776,93.6283491836735,92.3006991836735,95.0889859183673,94.8072748979592,94.6117226530612,95.9974828571429,94.7136828571429,92.9620791836735,96.1254106122449,95.8537926530612,93.268946122449,92.9253620408163,93.6807620408163,93.8943175510204,94.0641175510204,94.0795985714286,96.2989659183673,94.854143877551,93.3713918367347,94.8109016326531,94.1457883673469,94.4142957142857,95.440987755102,95.3218397959184,93.4493148979592,93.3205091836735,93.3509730612245,94.5589126530612,93.6109069387755,93.6113287755102,92.7504724489796,95.1628463265306,97.1900175510204,92.6565191836735,92.4420191836735,92.8960191836735,88.8831287755102,95.8025077551021,101.058189183673,94.3339789795918,96.1413406122449,94.5504028571428,94.8247330612245,96.9990504081633,93.4130418367347,92.2214918367347,93.1612918367347,93.5041689795918,94.7498236734694,95.6502506122449,94.6683420408163,97.5661751020408,96.6306771428572,95.5952597959184,94.656183877551,93.6123251020408,93.6189457142857,92.4095787755102,92.0452663265306,95.5362151020408,94.8482712244898,101.875398367347,96.9970744897959,97.8468806122449,97.3206306122449,92.903836122449,94.5014932653061,94.5858563265306,93.3187830612245,93.9974793877551,94.7860759183674,94.8923242857143,94.2193583673469,98.0315028571429,98.3282997959184,98.3615767346939,99.6625767346939,97.5956026530612,97.5293026530612,94.6901051020408,94.37169,93.6471583673469,98.9806569387755,97.8037353061225,99.3145106122449,99.4051759183674,98.3863951020408,96.8745369387755,98.0438014285714,97.3650636734694,97.4310802040816,98.7633859183673,99.2497248979592,100.126597346939,100.247673877551,98.6873810204082,98.7585310204082,99.0347420408163,96.5542885714286,97.9148769387755,99.8899944897959,100.296344489796,102.446548367347,104.341248367347,98.2325679591837,97.1433436734694,97.4581983673469,95.6642775510204,95.0751612244898,96.37641,92.1684708163265,93.7306632653061,93.1404585714286,96.7780342857143,96.92145,97.72045,95.4206671428571,95.967703877551,96.8056012244898,96.2840910204082,96.892903877551,93.2452389795918,94.5436575510204,93.0604251020408,91.0129355102041,93.1956297959184,94.0617063265306,94.9398875510204,93.6708875510204,94.8721510204082,98.6286842857143,96.0882991836735,93.4894418367347,94.1552973469388,99.4254553061224,94.4186840816327,95.0782906122449,96.0410765306123,95.8503220408163,95.721606122449,96.4662334693877,93.8455014285714,94.2475863265306,93.4254455102041,89.6422904081633,91.5681112244898,96.1196859183674,96.1263877551021,96.4001528571429,95.8264883673469,95.6275428571429,96.8458785714286,96.9843228571429,96.9838706122449,92.8320006122449,94.8357002040816,94.7537267346939,95.4658328571429,96.5696089795918,98.2662832653061,99.4070832653061,96.5732169387755,95.7137279591837,89.3232867346939,95.129931632653,92.4204830612245,95.6283393877551,97.0470406122449,99.3903459183674,98.9204489795918,96.2572279591837,95.5145995918367,98.338146122449,98.5747079591837,99.0977271428571,98.311342244898,96.6851046938775,97.3834346938776,94.3947955102041,93.8327348979592,95.1759410204082,98.0355716326531,96.1738412244898,100.957666530612,99.7566053061225,99.1115134693877,95.8591987755102,96.2219775510204,96.4615353061225,96.858458367347,97.4907234693877,99.0189234693877,98.0048234693877,98.532957755102,100.739238979592,97.9191455102041,100.494519795918,99.21781,98.0557157142857,99.1338087755102,98.484843877551,98.1375920408163,97.8107555102041,97.2612755102041,96.274847755102,95.7804079591837,96.6913104081633,94.6273067346939,95.8252467346939,93.8885524489796,96.3248159183673,96.7180216326531,92.556626122449,95.8204546938776,97.3085942857143,97.6634942857143,96.454067755102,94.976006122449,95.8448448979592,94.1146416326531,98.5728408163265,97.53966,97.4154114285714,96.4585614285714,96.9681689795918,96.2366402040816,96.1708324489796,98.3184714285714,97.4565279591837,96.0524518367347,94.824637755102,96.5328836734694,90.2003663265306,97.25717,99.5866551020408,92.8821648979592,94.9117277551021,94.0906718367347,92.4279163265306,92.9414965306123,94.5440369387755,94.0746936734694,93.2208767346939,95.2492851020408,94.9758604081633,96.1867281632653,96.0121753061225,96.5517169387755,96.1013669387755,98.1543920408163,92.5443208163265,95.6091777551021,97.541472244898,95.7460679591837,94.7180142857143,95.1306832653061,94.9298214285714,94.6570379591837,94.6985881632653,94.6983795918367,95.3818744897959,94.7032083673469,95.1618112244898,98.9027171428572,98.8066444897959,96.3479304081633,100.844301836735,98.9039018367347,97.5877555102041,95.6225014285714,96.5704014285714,100.61831244898,100.655914285714,97.7407624489796,94.9276424489796,98.3573995918367,98.7558446938775,97.0456112244898,93.6666797959184,93.2808857142857,94.8945293877551,92.3248797959184,94.7701118367347,92.3228212244898,101.115466530612,96.5842312244898,97.046463877551,97.662721632653,96.2547922448979,99.1575042857143,100.49711877551,99.4753771428571,99.4753771428571,96.6881965306122,99.9829879591837,95.4543818367347,97.1748693877551,95.4701193877551,94.0165485714286,94.1946397959184,96.1386312244898,97.5646610204082,96.4533112244898,95.1829748979592,96.4491748979592,96.7051167346939,94.4244846938775,94.06387,96.2176312244898,97.0510924489796,96.4722530612245,96.4415416326531,93.9520212244898,95.724212244898,93.4628083673469,94.4279144897959,100.325732040816,100.147487959184,99.4835826530612,97.3685910204082,98.8947430612245,96.7268642857143,93.7680193877551,95.2334336734694,96.3634991836735,98.9887110204082,96.9709373469388,96.7997895918367,96.8030946938776,97.184473877551,96.2203363265306,96.1230730612245,96.8143895918367,97.8741044897959,96.8234032653061,96.281866122449,97.2296142857143,96.2630916326531,96.4870165306122,102.762497755102,100.21708244898,93.9285224489796,91.9006375510204,93.8488885714286,94.6645559183674,97.2144353061225,96.4155975510204,97.7026112244898,96.0438728571428,97.1736293877551,95.369742244898,95.4499185714286,96.3039546938775,98.427733877551,97.7360895918367,95.10762,95.8653304081633,93.9346655102041,93.7515689795918,97.5984591836735,97.3370136734694,95.89636,96.4223073469388,96.9865469387755,96.7419157142857,97.6459895918367,97.3739306122449,96.4054057142857,95.7747795918367,96.6678457142857,94.3693406122449,95.3534912244898,97.0497526530612,93.3715318367347,93.6686128571429,94.2445075510204,93.2058320408163,95.9452257142857,95.0768002040816,96.5456251020408,97.2567681632653,98.5616651020408,98.5832634693878,96.807023877551,98.386023877551,97.779023877551,96.3548714285714,96.0650836734694,96.1909889795919,95.1130528571429,94.5008863265306,94.5777546938776,96.4558479591837,97.6464332653061,98.0001024489796,97.4466469387755,96.7878455102041,98.2799140816327,94.1568597959184,98.4176757142857,93.2943593877551,95.1881965306123,94.9144663265306,93.6445269387755,95.35977,94.3750597959184,93.6350146938776,94.9826065306123,93.8831636734694,95.6553955102041,95.2978148979592,93.5376704081633,94.3922993877551,94.6392416326531,99.9466285714286,96.4913297959183,97.8001397959184,101.903909183673,97.9142734693878,99.9687616326531,99.9832024489796,94.2369495918367,95.5209567346939,93.4469812244898,96.144693877551,92.2528775510204,92.6708571428572,94.8353997959184,95.6408816326531,94.84792,96.6338844897959,95.1276273469388,93.559857755102,95.4011391836735,96.6812759183673,95.2624397959184,97.8480910204081,95.8400655102041,99.0761818367347,93.2048914285714,92.9613089795918,93.0597406122449,96.6404620408163,94.1826793877551,94.5388675510204,94.7146979591837,90.2946824489796,92.6965159183674,90.2489234693878,90.1931887755102,91.2430685714286,92.9269297959184,88.8175773877551,87.9439773877551,94.726132244898,90.7868485714286,90.3046367346939,91.5639367346939,92.1661867346939,90.661303877551,92.3397430612245,89.5790010204082,89.8682510204082,86.591741755102,88.6904900816327,88.2558900816327,88.9114709795918,89.8286209795918,88.7450209795918,88.0133197142857,89.3167647755102,85.4840147755102,88.6801147755102,88.8908176326531,90.2353489795918,89.0632851020408,89.959637755102,90.3483628163265,90.4702128163265,91.5307816326531,91.0690344897959,90.2218577551021,87.9908479183673,86.1399003673469,87.8747015918367,88.1125236734694,88.0126547346939,92.0478957142857,88.0538076326531,91.7746818367347,90.3291036734694,91.076,88.3404771428572,89.7741946938776,89.0926230612245,88.1685777959184,92.9588875510204,90.927072244898,92.062116122449,92.0242410204082,93.6406430612245,94.4769187755102,94.2033346938775,97.5086146938775,95.491188367347,95.8901120408163,98.5164916326531,97.4107551020408,96.752903877551,95.1074259183674,95.3469381632653,95.0604226530612,96.7080914285714,96.5019475510204,97.5341108163266,96.6177883673469,97.6827275510204,97.4223775510204,93.9939416326531,94.4766393877551,94.8348806122449,94.6301665306123,94.7413665306123,97.3376371428571,96.3858930612245,97.2562948979592,96.4270424489796,95.4337012244898,95.4978997959184,96.799897755102,95.9053028571429,98.125676122449,96.3966955102041,95.6604957142857,97.8825106122449,95.2928385714286,96.4750885714286,93.1650910204082,93.4961910204082,91.958146122449,92.2561604081633,92.6647604081633,97.7910995918367,93.7878436734694,92.9380936734694,94.4449830612245,92.9441385714286,92.9187385714286,93.6823116326531,96.3997453061225,96.3997453061225,95.537752244898,96.5197104081633,100.396054693878,100.337995714286,94.2742234693877,95.7019785714286,94.4291085714286,96.5219191836735,96.0881010204082,98.0103024489796,96.3564236734694,97.0793651020408,94.7337710204082,96.1068016326531,95.705982244898,95.5396234693878,96.1327212244898,95.4925114285714,96.4661128571428,93.1864095918367,95.4537869387755,94.5233655102041,94.0648763265306,94.2205918367347,94.2205918367347,94.3174167346939,95.065318367347,98.2060440816327,97.0960440816327,98.0444218367347,102.530536530612,100.732083061224,93.5510189795918,97.2019312244898,95.3514853061224,95.5861355102041,99.175567755102,95.3457891836735,94.1838683673469,90.290613877551,91.6159971428572,92.3974971428571,95.2379804081633,96.6320902040816,93.4684191836735,92.3745989795919,92.9062018367347,90.3989885714286,94.3571257142857,94.6582024489796,93.343493877551,94.7742453061225,97.4160432653061,93.5977359183673,95.2400667346939,94.133173877551,94.222273877551,93.4961726530612,94.4806569387755,94.5447544897959,94.642892244898,96.8855428571429,95.6880848979592,95.6204348979592,95.5176434693877,95.0129530612245,93.0083716326531,95.7822930612245,96.1673689795918,94.4325363265306,96.6995669387755,95.9569271428572,93.0414051020408,95.3904424489796,92.2152106122449,97.3868881632653,95.9666844897959,93.8375318367347,93.8665648979592,96.812326122449,96.1514071428571,93.8295444897959,96.4010248979592,96.3486165306122,95.0368508163265,95.0368508163265,96.2148426530612,96.5677926530612,96.6886926530612,98.3385042857143,99.2344279591837,95.5574328571429,99.0114083673469,95.1565442857143,95.8960185714286,95.6970720408163,96.86969,96.23039,97.6318440816327,97.1801628571429,94.328342244898,95.7415818367347,93.4127681632653,94.0941181632653,95.3284681632653,94.1523642857143,92.9071924489796,98.7606412244898,93.5764608163265,94.2814608163265,94.8249655102041,92.4173263265306,91.9661597959184,92.8691402040816,92.8315714285714,93.9346989795918,94.0004989795918,93.70183,94.49403,92.0619004081633,90.319713877551,90.2700385714286,92.9113908163265,90.3327020408163,92.1774234693877,91.4672587755102,90.1538242857143,88.739991755102,90.5435771428571,90.5435771428571,89.8150842857143,93.1187657142857,93.178637755102,92.9650616326531,93.3994116326531,93.3763116326531,95.5260155102041,96.4937059183674,94.2328887755102,95.7731202040816,93.6670269387755,97.5825502040816,94.9687746938776,96.8933673469388,95.7344736734694,94.2538848979592,99.5619093877551,96.9164842857143,95.2158828571429,95.3337987755102,97.03694,95.4965073469388,97.1505863265306,96.8017665306122,96.8561636734694,96.128933877551,95.7046755102041,98.2284746938776,91.2115846938776,91.1751948979592,92.2039714285714,96.0453797959184,94.1867673469388,94.8963385714286,95.4588208163265,95.2945646938775,94.5673630612245,93.7583793877551,90.8120965306123,90.6331316326531,96.3576565306122,93.8408420408163,93.5920432653061,94.7710432653061,95.7869273469388,95.0755042857143,94.7797342857143,96.3105510204082,95.8614618367347,93.7593330612245,97.1231071428571,97.0266251020408,101.94514877551,95.4781528571429,97.09964,96.7843326530612,101.071753877551,96.6424628571429,87.8909087755102,93.2108455102041,87.7102755102041,91.9220969387755,92.4877853061225,93.0125171428572,95.0098102040816,93.1933985714286,92.4497175510204,91.4972824489796,94.463543877551,91.4384140816327,93.7758255102041,95.782112244898,94.7604283673469,93.075546122449,97.9271869387755,94.210733877551,99.7445326530612,96.694842244898,98.6806030612245,96.7347524489796,96.2582851020408,97.8812267346939,98.2175267346939,101.641993265306,98.0272128571429,94.9590334693877,95.0918187755102,95.6687157142857,98.1272185714286,97.2419185714286,94.8816665306123,97.6042497959184,95.4634510204082,97.4867397959184,97.4575381632653,96.2674257142857,94.4263102040816,97.5024897959184,96.8802624489796,96.3025279591837,96.5737340816327,96.7089565306123,91.7414473469388,93.62348,94.6869436734694,94.7111693877551,93.7236475510204,91.6706728571428,94.6862671428571,95.3287448979592,94.5487448979592,94.1542175510204,93.9325493877551,95.4377079591837,95.3006346938775,96.2452406122449,93.9762010204082,92.9596728571429,94.2488673469388,96.6704804081633,97.1058573469388,98.2665902040816,96.7972765306123,98.8263746938776,96.1119881632653,96.0693948979592,99.2667669387755,99.1000479591837,98.8889497959184,97.7617393877551,95.840563877551,96.2423746938776,96.44695,96.2378436734694,98.3921365306122,95.1530834693878,96.8259197959184,97.4786369387755,93.6620624489796,96.1497751020408,98.8768555102041,93.05278,95.5530424489796,94.9436836734694,99.2338330612245,99.6781842857143,94.6594359183674,96.5318124489796,95.375697755102,96.1948006122449,95.8971008163265,96.2414587755102,96.6062216326531,96.6147546938775,96.2437046938775,96.2322046938775,97.4724846938776,94.8278969387755,97.0984059183674,96.5285673469388,95.0783224489796,95.6534297959184,95.9028248979592,95.7332773469388,95.7308910204082,95.2204873469388,95.2354944897959,95.0990522448979,96.1832514285714,95.9028275510204,95.8625016326531,97.2928918367347,97.0911679591837,100.33939122449,99.11533,99.8074595918367,95.1358602040817,98.8153765306123,100.190712653061,100.348047142857,95.2638697959184,95.3862306122449,93.8989806122449,96.1655593877551,97.0543848979592,95.1263830612245,96.0571330612245,96.6562020408163,101.034293265306,97.9345944897959,97.3825444897959,97.0541944897959,96.432683877551,94.962363877551,98.8261663265306,98.5708663265306,99.2640720408163,92.4885428571429,91.5078367346939,87.5425006122449,108.24743244898,100.038526530612,92.0483565306122,94.9954973469388,98.9127793877551,98.2674793877551,97.3499320408163,97.0870106122449,94.1668634693878,96.6094146938775,92.7483575510204,88.915846122449,94.0999724489796,94.7943130612245,91.1063142857143,94.4170583673469,93.6177140816327,94.5030195918367,90.6491785714286,92.1068714285714,93.2187506122449,92.5709173469388,93.4185685714286,93.9132848979592,95.6555916326531,96.7282246938776,93.7050304081633,96.8017324489796,95.5823485714286,93.7862659183673,92.3351197959184,93.8842573469388,95.0643893877551,96.2634440816327,96.7678973469388,97.3743244897959,99.3217271428571,100.114066122449,90.1781885714286,91.2448891836735,92.5910740816327,91.4697985714286,90.9516775510204,92.6099504081633,93.1988473469388,91.7505271428572,91.7815914285714,91.1712183673469,95.0359489795918,95.3137369387755,97.5703310204082,96.7352918367347,96.7001548979592,96.7001548979592,96.3464318367347,93.7302424489796,96.1621887755102,96.0661146938776,98.052772244898,94.9459010204082,93.9724010204082,92.0639171428572,95.1578142857143,95.1194142857143,98.0954448979592,95.1692930612245,93.8986236734694,97.2344871428571,96.3605508163265,98.7918904081633,93.9325153061225,95.7815581632653,97.2051108163265,97.4669863265306,96.9556202040816,94.6098544897959,95.0040489795918,96.128267755102,95.286886122449,98.8016389795919,100.30526,100.517078163265,95.9299267346939,98.2221212244898,97.4720979591837,95.1374624489796,94.1504479591837,96.518797755102,95.3037357142857,95.6720567346939,95.8521969387755,95.9448871428572,98.5623951020408,98.8827430612245,98.7377048979592,97.5887814285714,94.2960230612245,96.0843881632653,99.682313877551,102.082642040816,97.0082608163265,97.3361608163265,98.1700608163265,93.9186620408163,94.5129989795918,93.4919718367347,93.7647630612245,97.0533781632653,95.3931395918367,95.3313953061225,95.902717755102,95.4313808163265,90.5148391836735,92.2373597959184,93.2423704081633,92.6887334693878,91.0005432653061,90.6432957142857,93.6334473469388,90.873162244898,92.0319110204082,99.3719142857143,94.7049302040816,94.8122342857143,95.5097279591837,95.4044526530612,92.0219908163265,93.8184697959184,97.7937795918368,96.1713106122449,97.5960151020408,97.0313928571429,97.0720520408163,96.1846608163265,98.2665095918368,97.4411375510204,94.4206648979592,93.7299567346939,93.5062032653061,95.5845542857143,95.8712485714286,97.4783059183673,95.6937626530612,97.1562026530612,96.6178381632653,95.5714653061224,98.5590040816327,95.9405842857143,96.698248367347,97.3413151020408,97.7030626530612,96.8088132653061,98.0270842857143,97.2034757142857,96.0319185714286,95.3152165306122,97.1674530612245,90.4635744897959,94.1407744897959,97.8692379591837,97.4484824489796,95.2946955102041,102.31503,97.0541595918367,93.4948775510204,92.426763877551,97.9468228571428,97.2593134693877,95.4700944897959,96.1651051020408,96.5072891836735,96.9115785714286,96.6578769387755,97.6241828571429,94.9597634693878,91.0675618367347,93.9887751020408,91.5221526530612,95.4565065306122,94.2401732653061,94.8785804081633,95.3641314285714,94.3224036734694,93.7209575510204,95.9934991836735,94.0082602040816,94.9652091836735,98.9755508163265,96.7220542857143,96.4552318367347,96.4938975510204,95.8950095918367,95.0524773469388,95.8978469387755,93.8335634693878,91.2717885714286,92.2790979591837,93.5104618367347,92.8021253061224,92.8907083673469,97.2254959183673,96.7898246938776,95.2338951020408,94.6813320408163,99.3386567346939,95.4700051020408,95.5916718367347,95.6121453061224,95.3413520408163,95.1929802040816,95.2624275510204,96.6857914285714,95.1921559183673,94.5053636734694,96.09394,94.5621332653061,95.4473089795918,97.7329726530612,96.9391265306123,95.4591573469388,92.1260151020408,96.4402187755102,95.9555559183674,93.4790485714286,95.1205451020408,95.6125253061224,96.6500906122449,100.762363265306,98.9227632653061,101.319375510204,97.9828640816327,97.4533640816326,96.8560040816327,97.5516444897959,98.7900079591837,92.3082634693878,91.9627973469388,93.6448640816326,94.2270559183673,95.0899897959184,97.206956122449,95.1501593877551,94.2402881632653,96.3485204081633,94.9113642857143,96.4288773469388,98.6869032653061,95.6226914285714,96.2895971428571,100.475061632653,100.354311632653,94.4866920408163,95.6096591836735,96.8388051020408,97.5623302040817,96.9305006122449,95.6656791836735,96.2054553061225,95.3821053061225,97.0494797959184,98.4830291836735,99.1445989795918,95.41205,96.0020857142857,101.98900244898,97.4723248979592,97.9595418367347,96.0913146938775,95.9057646938776,98.6571932653061,101.567195918367,99.4510102040817,99.7263651020408,97.8888853061225,97.4303889795918,97.9796783673469,97.0317979591837,102.630297346939,97.6738610204082,97.5350583673469,98.4438040816326,99.4486040816326,95.4727359183673,97.2480446938775,100.837302653061,94.5027871428571,91.1342091836735,100.822723265306,93.0910608163265,95.2482016326531,93.8027902040816,93.7644,97.0980693877551,97.3593693877551,97.2525693877551,98.7998679591837,98.2636675510204,97.6660051020408,97.6660051020408,97.3279924489796,95.8534708163265,96.8836708163265,95.4112557142857,94.5459583673469,95.1732469387755,96.4679616326531,100.354618571429,99.0317297959184,98.0388297959184,98.3217297959184,96.9139159183673,98.0790848979592,93.8570989795918,92.5996593877551,98.0760144897959,104.803596938776,93.9359953061225,94.1804453061225,97.0736381632653,94.9412308163266,96.8631873469388,93.2062479591837,92.6638857142857,98.2901334693878,95.4939095918367,95.616543877551,98.6467581632653,98.5277524489796,94.5981385714286,94.7619334693878,94.3408553061224,94.3408553061224,91.6009893877551,90.1668291836735,93.2284863265306,92.6127363265306,92.6989391836735,94.9178702040816,95.1145202040816,96.8349651020408,94.0174859183674,94.4741495918367,90.5895967346939,95.8279034693877,92.1447455102041,94.1581336734694,96.0907220408163,95.1591720408163,92.8599787755102,94.5544716326531,93.9718124489796,93.5157046938776,94.8164040816327,92.846483877551,95.9681883673469,93.6053995918367,94.59324,96.4069465306123,94.6283602040816,96.185643877551,94.3351879591837,94.0536589795918,94.23454,90.960856122449,93.9123548979592,95.1432704081633,94.840887755102,95.0925328571429,91.4130989795919,93.8127989795918,93.3893957142857,95.1896704081633,94.0847704081633,95.7164567346939,94.0500736734694,96.3466389795918,97.1337479591837,97.4650785714286,98.3264779591837,98.2034304081633,97.7339263265306,98.6528508163265,96.0784791836735,96.2496865306123,94.64664,96.2352487755102,95.4833797959184,94.5152593877551,96.7806465306122,98.0965153061224,95.9598751020408,94.366226122449,95.5477665306122,93.6746555102041,93.9084383673469,96.0003383673469,92.4752724489796,93.1203065306122,91.3613565306123,96.4473816326531,97.1632659183674,97.4877342857143,96.4392244897959,94.3379969387755,96.2277459183674,94.7722904081633,93.6226963265306,95.2900542857143,96.5856402040816,95.6933689795919,93.7711014285714,93.9633328571429,92.4942820408163,92.0911373469388,94.1492773469388,93.3516714285714,97.7295124489796,96.4215051020408,98.7539704081633,98.7539704081633,89.3377730612245,90.6046730612245,87.9271824489796,94.2213155102041,98.3441926530612,96.7302795918367,97.8652748979592,97.6696748979592,97.0424169387755,95.87628,95.0720034693878,95.6878534693878,92.9353397959184,94.3901897959184,93.2924916326531,96.1833112244898,92.3443032653061,95.2699769387755,96.6379885714286,97.3753379591837,96.098563877551,96.3132195918367,95.6149536734694,97.6471575510204,98.4420475510204,98.5144867346939,93.6021308163265,94.7962593877551,95.7015326530612,97.1111512244898,92.9494171428572,93.0411565306123,91.6586932653061,91.8974130612245,91.7838520408163,94.7400465306122,95.7448148979592,96.3785648979592,95.1315022448979,95.6675544897959,96.1267546938776,99.979593877551,96.3495712244898,93.9980116326531,94.0035753061224,95.7110481632653,95.1675495918367,95.4726179591837,94.9489885714286,95.0110885714286,95.2971928571429,98.3460130612245,97.0780657142857,96.3196526530612,97.0719789795918,100.890701836735,89.0693732653061,94.8686697959184,92.9382587755102,95.0551473469388,95.8823934693878,97.9865348979592,97.1553348979592,94.2642104081633,98.8411673469388,96.302123877551,96.6814263265306,96.6393808163265,95.1760955102041,97.0080110204082,99.2819346938776,97.9062926530612,94.0880202040816,94.2470463265306,95.5288851020408,95.8370959183674,95.9567828571429,104.254915918367,95.9542257142857,94.1641495918367,94.4408569387755,96.6874532653061,96.3765879591837,97.217852244898,97.1456420408163,95.8788934693877,93.122992244898,92.936542244898,96.7594106122449,93.2409732653061,93.8848891836735,93.0737891836735,91.978017755102,98.4951614285714,95.2186855102041,95.8392412244898,94.770053877551,95.9460875510204,97.4430381632653,98.9753128571429,94.0054971428572,98.0003746938775,94.7124926530612,96.63584,96.0105918367347,95.0630630612245,95.6887455102041,97.024972244898,93.2815610204082,97.399642244898,96.6047769387755,95.8133516326531,96.2376530612245,96.0171128571429,96.1659426530612,94.4548426530612,92.7556108163266,93.5969608163265,95.0001067346939,95.8243704081633,96.1827204081633,95.6280208163265,95.5323789795918,96.1890473469388,96.5140973469388,97.0375218367347,97.2024034693878,94.6665997959184,95.9209610204082,97.278676122449,96.4146891836735,91.9678846938776,92.6228291836735,99.4068330612245,99.6886830612245,98.1562118367347,100.588355306122,100.365805306122,98.4661042857143,96.7899312244898,98.6149657142857,97.9481412244898,97.1663659183673,95.6490502040816,95.6691818367347,93.8230418367347,93.3848957142857,98.7859085714286,97.3561002040816,96.4478234693877,96.033182244898,97.0519297959184,99.6893230612245,93.7045887755102,93.984882244898,97.4441065306123,95.1778948979592,97.9001393877551,96.9385520408163,99.500293877551,97.6639089795918,95.6508989795919,96.3914691836735,93.6190148979592,93.5860726530612,98.0247575510204,96.7476214285714,96.805432244898,95.9454865306122,95.7160463265306,94.3541583673469,96.7836469387755,97.0617383673469,98.5251808163265,98.547333877551,97.9529279591837,97.5613632653061,94.2396463265306,92.9671463265306,93.4479463265306,94.5889963265306,96.3244873469388,95.4150081632653,95.5271491836735,95.5626483673469,95.8354875510204,96.0498267346939,95.2695804081633,96.5240675510204,97.5153816326531,91.4623587755102,90.9537675510204,97.1243704081633,98.3874528571429,95.21276,96.2539220408163,94.3509502040816,94.6283065306123,95.8557885714286,83.1879197959184,98.0485675510204,99.184717755102,98.0501163265306,91.8205048979592,99.4158987755102,97.2351389795919,97.112546122449,97.2069865306123,97.2903391836735,96.7513526530612,96.9642832653061,96.4335914285714,94.2580987755102,94.0193569387755,92.1679771428572,96.4799042857143,96.4812583673469,100.584259591837,96.2603004081633,96.7623004081633,97.0236820408163,96.4669820408163,94.5699236734694,95.0503914285714,94.2256912244898,94.1144559183673,95.6382167346939,95.3373720408163,91.0358626530612,98.3792465306122,96.3135185714286,100.170903673469,100.760251836735,98.4670608163265,99.7904287755102,96.0470948979592,95.5711830612245,96.5652646938776,93.5050063265306,94.0936540816326,93.7306224489796,96.000587755102,94.8003683673469,96.5103828571429,95.4538522448979,98.8566293877551,96.2543583673469,98.7468526530612,99.3131028571429,98.6667528571429,97.330092244898,97.7185926530612,97.8223010204082,97.8040010204082,98.1073510204082,97.1847010204082,99.2070540816327,100.583289387755,96.9782548979592,96.4419048979592,97.6182640816326,97.0968924489796,96.6201491836735,96.4626491836735,99.7212871428572,96.740856122449,96.8436418367347,97.9686179591837,97.7635253061224,96.7471744897959,98.2869083673469,98.9650136734694,98.8850810204082,98.4281802040816,98.2053910204082,97.4138877551021,98.0847791836735,97.8419010204082,100.611980612245,97.6129655102041,95.4910667346939,96.1904630612245,97.2657116326531,97.6334116326531,97.2615210204082,96.3043791836735,94.4183291836735,96.0379228571429,99.936593877551,97.68107,98.3484063265306,101.233145306122,99.7029102040816,97.8959610204082,96.6172695918367,98.1030993877551,97.9051218367347,106.277348163265,97.1939942857143,94.9717118367347,95.7360971428572,97.392172244898,94.0047387755102,92.9777887755102,97.5417622448979,97.5417622448979,95.7023606122449,94.6399606122449,99.2226651020408,98.7853651020408,97.5485651020408,100.916247959184,101.419842244898,97.5216718367347,97.8604657142857,96.3750065306122,96.9019402040816,96.5647555102041,98.2305814285714,99.1378671428571,100.257076530612,98.3099628571429,96.9522326530612,98.7902265306122,98.9329265306123,94.83542,90.7457263265306,96.8694769387755,97.1775769387755,97.5226324489796,98.47701,97.7847671428571,94.7248565306122,97.2518830612245,98.0401724489796,91.7063512244898,93.3874869387755,96.2225467346939,97.07711,96.0926995918367,95.836903877551,96.445263877551,100.706397959184,97.6365904081633,95.761786122449,98.8116657142857,100.15454877551,96.1877528571429,94.8946269387755,95.6569163265306,98.2205720408163,94.421482244898,97.1535408163265,94.6314787755102,94.74687,96.3740118367347,96.0541353061224,102.326827142857,95.2407457142857,98.2009120408163,93.573622244898,95.929222244898,96.1434040816327,95.9457234693878,97.3027757142857,97.4823257142857,97.8871224489796,93.561347755102,93.0567002040816,94.398112244898,96.2282387755102,94.6344991836735,96.2088785714286,96.1178216326531,95.9799912244898,93.542686122449,89.7856902040816,92.4755691836735,91.8256589795918,90.4675589795918,96.4374406122449,95.8848212244898,93.6813636734694,94.096572244898,94.8626197959184,95.6675210204082,94.1006434693877,92.9834434693878,93.6714114285714,97.0177010204082,95.2557367346939,94.4047632653061,95.1030508163265,93.8847116326531,97.6607853061224,96.8738248979592,89.4999614285714,90.3704814285714,91.8470644897959,91.9264644897959,92.81502,94.11812,93.7504228571429,94.0303683673469,96.0520648979592,94.9993848979592,96.4156820408163,96.1769314285714,96.7106328571429,94.736217755102,96.9122148979592,94.6029459183673,94.3859334693878,93.8975334693878,91.1227736734694,94.3999428571428,93.0877302040816,93.1611218367347,97.925977755102,98.9620110204082,101.709358367347,96.0841836734694,93.7478002040816,95.1943493877551,95.858113877551,98.3192779591837,98.6326285714286,101.118615510204,98.0712973469388,99.5906895918367,95.6085334693878,95.5110334693877,97.4175926530612,95.9250457142857,95.3619836734694,95.1512946938776,99.4271167346939,100.31181122449,98.8521591836735,92.9120179591837,93.9916018367347,95.0716018367347,94.1462718367347,94.1462718367347,92.0291291836735,95.4586353061224,102.986803469388,96.3869853061225,100.514883673469,98.4065771428571,99.0039036734694,100.278904285714,100.219764081633,89.915887755102,95.3675416326531,96.2671120408163,96.1298440816326,96.72245,96.7474353061225,96.5122244897959,96.5721618367347,95.3353551020408,95.9242342857143,96.4915342857143,95.2834232653061,96.727362244898,96.562512244898,94.0432132653061,94.4553132653061,89.7570471428571,93.3611553061225,94.8629055102041,96.9675073469388,93.4206785714286,93.1421908163265,94.7978908163265,94.4668212244898,91.4215067346939,93.878602244898,97.5071326530612,97.8728208163265,96.4040593877551,96.7331689795919,99.04298,92.165433877551,90.9935585714286,92.5035304081633,91.6525769387755,93.9088820408163,93.3601820408163,95.527066122449,96.3599263265306,93.1178142857143,94.0366126530612,91.9946683673469,92.3747902040816,93.9727469387755,99.319942244898,94.8751126530612,97.8425797959184,93.678156122449,98.8568316326531,96.5042004081633,95.232273877551,96.2394859183673,91.8985134693878,92.980993877551,93.893032244898,94.15579,95.2139304081633,95.7226304081633,96.6899487755102,97.3120757142857,94.3402583673469,99.4415081632653,95.7462251020408,98.6679644897959,96.5374832653061,95.4869314285714,96.5054804081633,95.4149563265306,97.2395240816327,96.5863740816327,94.4816071428572,94.0311918367347,97.6031989795918,95.3783053061224,96.4804130612245,96.2764059183673,100.030662857143,98.995777755102,100.412719387755,101.342210612245,103.172647755102,100.981997755102,102.951797755102,98.9579402040816,97.9574802040816,97.9368230612245,99.917283877551,98.5874189795918,96.2434093877551,99.290703877551,96.5207648979592,99.6076828571429,99.8862512244898,94.0611953061225,94.5125873469388,94.2800873469388,95.4736004081633,98.234156122449,92.4970140816327,95.1847920408163,94.5923983673469,96.6986775510204,96.067637755102,96.3154302040816,96.1815742857143,96.6848889795918,89.1529706122449,93.879867755102,93.5635226530612,97.3830475510204,97.1254975510204,96.8558193877551,90.0517769387755,90.0200606122449,92.8078679591837,97.39733,95.8229716326531,97.5432451020408,94.1525642857143,93.4359540816327,96.8423455102041,99.1414434693878,97.0118826530612,95.9790034693878,96.1012369387755,94.9325083673469,97.8390214285714,94.7252104081633,95.1464591836735,95.7367269387755,95.7409485714286,93.6399667346939,97.463523877551,96.7796759183673,95.4128783673469,91.3908326530612,94.8289991836735,96.4614946938775,97.0015193877551,97.0472026530612,96.1586387755102,97.8402006122449,96.7160824489796,98.0644644897959,97.7469689795919,97.7866881632653,98.0344381632653,97.3752828571429,97.1773071428571,99.0756471428572,97.4110314285714,96.3301816326531,96.5126089795918,91.3221510204082,96.2875669387755,95.8287528571429,97.0496734693878,95.8741297959184,95.3967285714286,95.2286695918367,95.4064740816327,98.5826575510204,96.4001608163265,96.1333412244898,97.3459420408163,93.0117748979592,93.6351140816327,94.3081014285714,92.8143014285714,86.6472306122449,93.1770381632653,91.2878844897959,96.6631040816327,95.6759040816327,95.4174040816327,95.265953877551,96.716903877551,92.8605595918367,90.9563714285714,92.7609853061224,97.1570987755102,98.0378967346939,97.5797169387755,91.8368197959184,92.7898197959184,95.9276395918367,93.8831820408163,93.4930667346939,91.437923877551,96.7462777551021,95.4470428571429,93.2342608163265,91.5715332653061,90.4273332653061,91.9205536734694,93.914663877551,96.3910506122449,94.7221832653061,95.4461653061225,95.3323753061225,92.2499612244898,95.183277755102,98.8355953061225,97.8331885714286,104.071234285714,99.0968593877551,96.5025955102041,95.76107,96.3186422448979,94.9625316326531,93.8018697959184,95.8601195918367,95.5385977551021,95.7824377551021,96.735946122449,97.07188,93.1928573469388,97.6466373469388,96.2623440816327,95.2601295918368,92.985223877551,97.262406122449,96.9796369387755,97.2344869387755,94.9735516326531,96.2312967346939,93.2491534693878,94.9066932653061,94.3697667346939,92.2960508163265,93.9461618367347,96.0288357142857,95.0759267346939,95.7562106122449,92.0633246938775,94.4716808163265,95.0532844897959,87.994417755102,91.6102155102041,91.4924981632653,90.6545104081633,93.6354757142857,88.8456269795918,89.1863307755102,94.0438426530612,92.3675387755102,92.0027491836735,91.2336444897959,87.958069877551,90.9529295918367,87.3713865306122,98.2451169387755,96.7424167346939,97.0066906122449,95.2847636734694,97.0206344897959,97.4131097959184,96.7668681632653,95.3901253061225,97.7695404081633,94.707687755102,94.3260997959184,95.2788263265306,94.2528263265306,95.7945463265306,96.4433326530612,98.3696165306122,95.2175510204082,98.6763295918367,94.3508357142857,92.4138055102041,96.021382244898,95.4474353061225,96.8265663265306,94.0082632653061,96.1138683673469,97.3617324489796,95.4192814285714,101.643252653061,97.8154979591837,100.090190204082,96.6570130612245,97.9821804081633,96.3095804081633,98.8032269387755,95.2849434693878,96.4101904081633,98.6573451020408,96.4917579591837,95.6111636734694,97.3282348979592,96.4451532653061,97.9789365306122,97.9885726530612,99.6879271428572,99.426762244898,99.1287293877551,96.197386122449,93.7272504081633,90.8752893877551,96.1394151020408,97.3006583673469,95.9809528571429,95.8893640816326,97.3728653061224,98.5309844897959,96.5157844897959,97.3865734693878,94.7673867346939,95.1335069387755,95.5248883673469,92.1118657142857,91.9543232653061,92.1422891836735,92.8936281632653,93.886046122449,92.1158120408163,91.1531120408163,92.0724130612245,94.8353293877551,95.8899995918367,96.0841769387755,94.7367506122449,95.2960506122449,94.725393877551,93.7018816326531,93.9452932653061,94.6554520408163,95.3837532653061,98.1419736734694,90.7266855102041,95.9985026530612,95.708062244898,91.5968173469388,100.102984489796,99.3191344897959,101.846639591837,100.438205510204,93.814483877551,95.6006853061224,94.2272046938776,93.6774546938776,94.1472546938776,93.009753877551,92.4025269387755,98.0320526530612,98.1388220408163,98.0258706122449,98.2688069387755,97.3320726530612,97.0142726530612,94.7271344897959,94.7997534693878,92.6652983673469,96.7304632653061,96.7961910204082,100.107174285714,98.7867742857143,99.40276,98.6529189795918,102.61145244898,95.3873075510204,96.6437571428571,96.6113069387755,95.859387755102,96.2422653061224,94.6372863265306,95.9775132653061,96.6910967346939,98.7253334693877,100.391570408163,97.2306626530612,96.3086126530612,96.2389797959184,95.2003095918367,95.1327393877551,96.7993169387755,95.7045689795918,95.6722820408163,94.9465320408163,99.9282136734694,98.2267091836735,97.2022387755102,97.4931765306122,100.163903877551,96.2816873469388,96.6491614285714,94.8515871428572,90.6879612244898,91.1502265306122,95.6636642857143,97.2819224489796,100.464805510204,97.0771446938775,98.6943534693878,94.7422889795918,95.5784889795919,94.3367324489796,95.9366979591837,90.4290557142857,98.8921048979592,95.9069042857143,95.525363877551,94.707452244898,94.514752244898,95.0222693877551,94.1402134693878,97.5473973469388,98.4083775510204,99.8589975510204,95.0061189795918,93.9301465306122,93.0374912244898,94.2752320408163,95.0558259183673,94.7251759183673,96.0371342857143,95.7560951020408,95.945513877551,94.7348702040816,94.1458044897959,95.2936202040816,93.8926202040817,93.6308440816326,99.1837212244898,98.1587124489796,94.675372244898,93.7195153061224,104.316421020408,100.349696734694,94.6685124489796,95.1403544897959,93.41527,97.8255451020408,98.4346471428571,97.1228112244898,94.1007965306122,93.6411389795918,93.3796414285714,99.8345910204082,95.8178302040817,96.8424244897959,93.0080575510204,97.3549946938776,95.1589193877551,98.2014214285714,98.2014214285714,98.3221989795918,96.6354940816327,96.5516440816326,101.607985510204,92.2483028571428,92.7029528571429,97.6886191836735,97.6886191836735,100.302808571429,102.153952244898,97.702326122449,100.833220612245,97.282417755102,95.5987704081633,95.8610971428571,100.698200816327,94.9477104081633,93.6287175510204,96.8193006122449,95.9073940816326,93.0511685714286,93.7063185714286,96.6733659183673,94.8634679591837,91.0175844897959,94.0990895918367,98.8238006122449,95.5249026530612,92.9562997959184,91.9050871428572,93.8217642857143,92.8519085714286,94.3376926530612,96.5073371428571,101.389,97.8731716326531,100.719401632653,97.9717969387755,97.4429759183674,98.059972244898,98.773537755102,102.149098571429,95.7997234693878,96.6329214285714,98.7641653061225,100.351489183673,98.1078930612245,99.3540520408163,101.62683244898,101.35188244898,98.1310730612245,94.6768804081633,96.8071042857143,94.1932483673469,98.6090848979592,97.7801281632653,97.9932781632653,96.0886936734694,101.364033469388,99.0120391836735,92.670097755102,99.2098559183673,97.568847755102,100.588465918367,95.9560751020408,95.7623753061225,95.4759295918367,95.829657755102,96.1200381632653,96.3988881632653,98.1853273469388,95.8606906122449,97.1659685714286,97.8210940816327,94.3649634693878,93.4685381632653,96.6234787755102,94.1480140816327,94.46198,97.0288671428571,99.4306169387755,96.2133108163265,93.2926275510204,97.03262,97.6443602040816,97.4374308163265,95.0301004081633,103.140127142857,95.1802455102041,94.5750271428572,96.1112295918367,97.609233877551,97.6627504081633,94.7414865306123,91.7022963265306,102.171828367347,101.56424244898,98.7991340816327,100.390695102041,98.239632244898,98.0463406122449,97.3685608163265,100.810624285714,99.9657575510204,97.4290820408163,99.4199385714286,99.3614085714286,97.2059332653061,97.5768832653061,98.1212332653061,95.8092197959184,98.4337516326531,99.6092075510204,100.640559183673,93.056383877551,98.7311536734694,97.4787071428571,96.9168769387755,95.4952551020408,95.8010526530612,94.9860748979592,98.8788165306123,97.1581489795919,95.8587726530612,94.9098310204082,94.9338326530612,92.915886122449,93.834336122449,95.709986122449,94.1700116326531,95.3126365306123,100.714941428571,100.705851020408,95.8347753061225,94.6738483673469,94.8464865306123,91.8552255102041,94.7586614285714,94.2209114285714,95.85072,96.3794834693878,102.055484285714,97.7541340816327,94.8506353061224,99.5644502040816,95.4141283673469,96.7308434693878,97.5183626530612,99.3384095918367,99.2565095918367,98.1319589795918,97.4469285714286,100.182442653061,96.6771189795918,95.6701583673469,95.1694818367347,96.5685555102041,96.5117375510204,96.3045593877551,95.9910573469388,96.5654602040816,97.116386122449,100.448236326531,94.3963230612245,95.5101051020408,98.0007136734694,97.5960587755102,95.5683075510204,95.022046122449,96.1376526530612,97.2259330612245,95.8684444897959,96.5594946938776,99.3296726530612,100.812486326531,101.295336326531,98.1558973469388,95.5951002040816,95.1470197959184,96.3719497959184,96.6131936734694,96.3245936734694,89.2794455102041,92.9823306122449,94.2907806122449,95.7929632653061,96.1859177551021,96.7266342857143,96.5876763265306,97.4170379591837,101.237066326531,97.8562777551021,100.664375306122,98.3846851020408,95.9192302040816,99.4065130612245,99.7292785714286,100.098720408163,100.807163061225,101.765663061224,101.324863061224,96.9765526530612,96.1988026530612,95.3953771428571,96.0579210204082,99.9953389795918,96.3194495918367,99.0721279591837,96.8465667346939,95.4287857142857,95.0839812244898,96.1471246938776,95.4256385714286,96.9803497959184,96.7585736734694,92.9153904081633,96.2807030612245,101.618893877551,97.5349051020408,97.0483059183673,95.8599685714286,98.8617226530612,98.3247226530612,96.6026193877551,98.6551616326531,96.7703530612245,97.584522244898,95.2965334693877,92.7165651020408,95.1950830612245,95.2781330612245,95.1033404081633,94.1390779591837,95.2286930612245,94.428897755102,97.0533248979592,96.5943440816327,96.7180163265306,96.5665248979592,94.3908489795918,99.9717504081633,99.7424504081633,99.0728426530612,100.25520755102,96.700853877551,95.9251363265306,95.143993877551,95.4000595918367,95.9645987755102,96.3936387755102,95.9462644897959,92.399536122449,92.0818195918367,94.2724279591837,93.3543802040817,98.8736820408163,101.041752244898,98.371596122449,98.0877153061224,96.1656975510204,94.3289755102041,96.1777895918368,96.3363946938776,96.3592612244898,96.5844042857143,96.5114673469388,92.3559575510204,92.9370075510204,93.7375010204082,94.1373275510204,94.0932883673469,93.4852181632653,92.9712993877551,92.8515744897959,90.7579414285714,95.0764093877551,94.4495981632653,94.8215,94.766712244898,94.3714110204082,94.7464002040817,94.8607026530612,96.8931279591837,98.2864316326531,97.5004410204082,98.9339002040816,96.1539483673469,96.974177755102,95.9305646938776,95.4988104081633,97.0482985714286,95.7155055102041,95.4193671428571,95.0683087755102,94.8417714285714,95.8737851020408,97.4963259183673,95.5234240816327,93.2361802040816,97.3606814285714,94.9491616326531,93.9221155102041,95.8202524489796,97.1613334693878,98.9434244897959,98.2285006122449,97.600622244898,95.349053877551,94.0696779591837,95.8579681632653,98.2893114285714,100.646923673469,99.3289114285714,98.0463630612245,96.9437820408163,95.0142404081633,95.399152244898,93.6884689795918,96.5400689795918,95.0350685714286,96.5548795918367,97.9579108163265,97.8824108163265,97.1980004081633,98.6096183673469,93.8975483673469,94.5204095918368,94.305292244898,91.8266271428571,92.9816328571429,91.9074914285714,86.6840783673469,91.1368095918367,86.7832491020408,90.1730679591837,88.5649844897959,88.4533844897959,88.9060924489796,89.3576924489796,90.2223310204081,91.2643810204082,90.6658310204081,89.9599310204082,91.4320887755102,89.6718665306122,96.9575079591837,95.1839873469388,95.4414548979592,92.2359367346939,96.7518463265306,96.735893877551,96.5882955102041,93.0914979591837,95.3619640816327,93.1408718367347,93.5275048979592,94.9472379591837,92.6190346938776,93.0587963265306,93.5642230612245,96.1911718367347,96.3983804081633,96.2898202040816,95.539476122449,94.9040651020408,96.7302165306123,96.6880075510204,94.8169402040816,94.0784144897959,93.5426553061225,92.3453136734694,93.8336208163265,92.7771395918367,94.4767565306122,96.1924767346939,99.5358157142857,97.7194587755102,95.7214220408163,95.9659632653061,98.4703546938775,96.2525891836735,95.9648985714286,96.5356685714286,95.3674567346939,96.3267079591837,94.307883877551,98.6032802040816,97.2859095918367,97.1322710204082,96.9703316326531,96.6089024489796,93.2041097959184,95.3432597959184,96.8918393877551,93.2142234693877,93.6455720408163,93.1351555102041,91.8222555102041,93.4527875510204,96.0123351020408,95.2751571428572,98.3215389795918,97.1417175510204,98.3639914285714,98.7152320408163,99.2261720408163,95.9038179591837,95.8340755102041,94.8092844897959,95.1622695918367,94.5742916326531,92.9707759183674,90.6174355102041,98.0586165306123,97.1138418367347,98.4307987755102,97.1960748979592,96.5215075510204,89.605807755102,99.0584981632653,101.299681428571,97.0176034693878,96.4743883673469,96.5990934693878,96.6081863265306,95.7089726530612,95.1741493877551,97.73834,94.3233916326531,95.2373946938776,96.8531189795918,94.4871016326531,95.3176124489796,94.8043569387755,94.3145877551021,94.0965671428572,94.9687930612245,97.281722244898,97.43696,96.9537053061225,98.1433069387755,99.7147069387755,97.8838069387755,97.2641910204082,98.9013893877551,98.2720351020408,98.7842330612245,96.5063920408163,97.1692234693878,92.464608367347,94.9161697959184,98.3486,97.346756122449,95.8082920408163,94.2973997959184,94.6380673469388,93.7903673469388,95.5362940816326,95.4795853061225,97.2168440816327,97.1023253061225,96.9989587755102,97.3478034693878,96.614387755102,93.83352,93.7079442857143,94.7377306122449,93.2330369387755,91.9279365306123,94.0701116326531,92.8544224489796,92.7318567346939,93.7202842857143,95.788556122449,97.1949583673469,94.2507887755102,93.75261,92.69106,97.6635575510204,91.5927544897959,98.9380608163265,97.9422491836735,96.1748820408163,96.6068551020408,94.394312244898,93.5149569387755,96.5829548979592,95.233466122449,96.4887248979592,95.1191751020408,96.644496122449,98.5181579591837,95.6863006122449,97.2454036734694,97.4156018367347,94.8162446938776,98.2302777551021,103.070389387755,98.2238432653061,97.0921712244898,95.6837453061224,95.0021487755102,94.6238793877551,95.6708385714286,93.6311287755102,93.4983134693878,96.8797893877551,96.2706320408163,96.7002385714286,96.7002385714286,96.5977036734694,96.7662118367347,96.3265969387755,95.0933295918367,95.4601012244898,96.5285408163265,98.2091144897959,98.4836818367347,98.3960485714286,94.6853669387755,96.1183257142857,97.2828040816326,98.8854353061224,97.7822455102041,97.4839259183673,99.8599657142857,96.9350887755102,99.3222871428571,99.1231716326531,101.436759795918,101.865309795918,96.9490102040816,98.8351057142857,96.5414742857143,94.9844263265306,101.26669,99.68989,92.7164379591837,95.2270132653061,95.4597816326531,98.0820757142857,97.0564526530612,96.5287851020408,91.2390030612245,91.3510336734694,95.3666148979592,94.4028010204082,94.5346010204082,94.5674365306122,95.1288591836735,94.2889591836735,94.8798626530612,95.6178144897959,95.8495989795918,94.3674393877551,95.0075802040816,95.7188634693877,94.8632895918367,94.2239824489796,95.9697148979592,95.5014316326531,96.3593057142857,96.4372863265306,96.1145248979592,96.2339934693878,97.2047030612245,92.3269467346939,95.6563208163265,94.9626802040816,94.7766732653061,97.0475208163265,92.2316369387755,95.391847755102,95.6311840816327,97.1392579591837,96.3209293877551,96.8081928571429,98.2411428571428,94.7337010204081,95.3866334693878,93.0721885714286,97.1531120408163,92.0750551020408,94.6246551020408,91.3752734693877,94.2927936734694,93.681696122449,94.0727193877551,94.7190951020408,94.0593393877551,95.4448314285714,97.5985969387755,95.3464857142857,94.7388391836735,94.7501514285714,95.5531193877551,96.3616506122449,96.0560604081633,95.5385389795918,96.7987097959184,93.19064,91.86654,94.469522244898,92.2678630612245,91.8630814285714,93.5346695918367,98.7715920408163,98.0255671428572,96.7695771428571,91.1146095918367,93.3787477551021,92.0110532653061,91.8877285714286,93.0938283673469,90.2439163265306,94.6915495918367,93.3577810204082,95.6124791836735,96.5270216326531
59.7551020408163,202.762119387755,156.979144693878,118.298294489796,119.912294489796,138.421309591837,134.158128367347,118.438010204082,123.588243061224,128.462193061224,177.331370204082,235.040796938775,201.802410204082,195.156229183673,189.381995714286,172.893334285714,246.684771428571,234.741385918367,177.853215714286,185.067315714286,210.310101632653,301.103344897959,323.608198979592,289.079368367347,287.121470408163,140.737707346939,131.475739591837,129.023939591837,124.014852755102,183.335268571429,176.235920408163,159.53940755102,148.348540816327,149.638440816327,199.774467959184,172.863716938775,226.449489795918,148.126753469388,155.014979795918,160.129155714286,202.674216326531,202.047036530612,209.436633877551,207.452706938776,206.189531836735,215.777896326531,160.44545122449,201.216894897959,185.400155918367,193.967353265306,110.40718222449,138.77224244898,148.533415918367,170.94228,243.801149183673,219.546797755102,232.462280204082,223.329772040816,193.77012244898,192.43257244898,194.653007142857,159.619733877551,162.380233877551,199.440792040816,218.898296122449,113.665192326531,113.799292326531,114.135442326531,145.021014693878,160.780373469388,132.407543469388,176.573149183673,182.82740122449,285.761210204082,288.362660204082,182.322392857143,184.211617142857,207.863180612245,223.68193122449,191.472989591837,168.202026326531,165.157372857143,171.421075306122,249.678780816327,209.482168571429,220.669845102041,219.343299591837,223.768206530612,195.638364285714,183.988338163265,243.450163673469,182.203107142857,172.43505877551,126.534381020408,159.932801836735,107.926313530612,246.294624081633,230.568275714286,298.900549795918,320.683597857143,247.329157142857,248.634337755102,268.357973469388,147.167404693878,131.119645510204,135.080739795918,131.665909795918,166.132566122449,172.32661755102,171.258874693878,216.320728163265,259.330024489796,248.896668367347,202.517420816327,170.03133877551,220.17073244898,226.666952653061,247.238162040816,243.051432244898,248.358932244898,164.860857346939,170.47087755102,159.898719387755,151.378559387755,154.808496326531,130.199042857143,136.253397346939,136.307897346939,162.773884489796,149.408999591837,271.085887755102,384.906909183673,309.332640816326,299.274831632653,395.290756122449,451.765113265306,450.426413265306,330.357353061224,271.491714285714,115.441814244898,133.374168979592,135.90087,129.90297,158.746036530612,156.159136530612,161.110486530612,187.463991632653,223.578736938776,299.591844897959,284.261362244898,170.378779795918,167.254429795918,167.184929795918,339.273082653061,329.524771428571,330.012121428571,305.609441836735,315.138434693878,313.347087755102,302.734010204082,287.203723469388,344.627930612245,347.414220408163,258.873630612245,258.042230612245,267.248042857143,366.652213265306,346.776457142857,309.365719387755,239.946880204082,237.875805918367,264.68136122449,306.978368367347,310.760368367347,245.308847755102,236.204149795918,230.930583877551,204.110936734694,206.545792857143,204.151599183673,210.69827244898,190.457582857143,213.298476938776,245.484645918367,232.532250816326,234.900614897959,233.893082040816,171.835816122449,152.796046122449,146.107428571429,155.460056530612,128.73844244898,121.698497959184,121.726797959184,178.227001632653,180.78465755102,114.610376836735,112.661876836735,195.468735510204,258.386420408163,165.646274081633,173.742953877551,124.718571836735,124.599734489796,152.739073061225,116.620912183673,114.209062183673,145.222190408163,182.923535510204,180.542161020408,176.240202653061,175.03386877551,169.76812122449,193.918077142857,185.184722040816,180.295885306122,203.412781428571,156.001636734694,160.57124,130.795583061225,119.336672857143,121.792322857143,109.84672777551,404.615974489796,465.43442755102,468.919359183673,467.769659183673,445.653160204082,445.738710204082,430.186875510204,416.039346938775,371.957163265306,447.888580612245,384.571902040816,319.984814285714,201.35612755102,286.160759183673,345.605568367347,409.109775510204,262.742115306122,285.643855102041,388.069566326531,341.933359183673,378.093134693878,371.087156122449,393.972615306122,457.636735714286,415.907496938775,488.422756122449,368.964708163265,367.568008163265,375.090245918367,365.156932653061,375.307201020408,389.619354081633,393.723559183673,510.238410204082,462.349780612245,443.784794897959,318.939424489796,419.015178571429,381.709501020408,358.520235714286,323.820781632653,388.083356122449,292.695209183673,385.389970408163,401.108544897959,366.95247755102,379.444520408163,168.236850408163,184.886867142857,218.064490204082,213.683865714286,214.777427959184,240.234634489796,210.314345510204,203.190085306122,258.830132857143,271.202655102041,259.747282653061,352.551073469388,354.343173469388,350.955523469388,349.550223469388,356.072834693877,400.931629591837,334.219043877551,456.029085714286,356.563624489796,389.546545918367,367.286408163265,277.543062244898,311.752783673469,314.314883673469,374.885456122449,377.503006122449,408.164002040816,166.388014897959,226.292801020408,230.65189244898,236.427423469388,243.153973469388,236.293460816327,203.747440204082,203.352690204082,207.622490204082,231.361694081633,155.407925918367,145.529454897959,147.177404897959,150.587594081633,143.609298163265,180.574477755102,237.604708367347,237.270862857143,272.936187755102,280.620594897959,224.144009387755,242.014846734694,215.846325306122,207.112020204082,214.504920204082,275.114976530612,281.878442857143,267.009545918367,270.071845918367,368.234679591837,336.245615306122,331.105063265306,407.973783673469,325.212210204082,211.842097755102,147.686086734694,182.179285918367,161.599170204082,113.077895163265,119.562095163265,121.948745163265,108.897464877551,175.449649795918,181.879063469388,170.890321020408,170.672320612245,166.702331428571,184.222973673469,136.012733469388,107.885994959184,206.912237346939,249.878963265306,174.790312653061,204.457380408163,253.85277244898,255.095696938775,186.573584081633,234.006468367347,256.937459183673,305.60967755102,296.766713265306,290.330176530612,355.315754081633,418.777254081633,423.23542244898,392.024229591837,480.87857244898,461.408315306122,388.050625510204,173.203652857143,173.402102857143,173.660902857143,173.660902857143,194.907935102041,193.974885102041,189.380385102041,243.78293122449,245.14643122449,253.362783673469,265.836471428571,231.736105714286,321.712429591837,268.817873469388,274.340496938776,239.658857346939,161.745429387755,143.153516326531,142.119639795918,149.509926530612,206.990911020408,215.623384693878,219.522436326531,193.628409183673,188.580009183673,167.897299591837,162.459129183673,121.300948591837,201.869212040816,199.968262040816,166.784720204082,166.642520204082,233.56315755102,257.888434081633,276.330774489796,155.018374285714,151.132324285714,155.008044489796,153.459744489796,148.580287959184,165.271733673469,145.802636734694,240.909367755102,232.964167755102,230.989567755102,248.402003673469,204.394469183673,201.63680122449,204.46028,179.638065102041,235.372394489796,236.915044489796,340.633412244898,250.107703469388,263.128386734694,227.529551836735,221.670555510204,260.16526122449,287.005853061224,234.031996326531,153.156964897959,153.879564897959,267.221506122449,238.561826326531,315.643248979592,217.863269387755,223.336642040816,222.134315102041,376.678802040816,336.964263265306,304.838248979592,307.933498979592,334.579979591837,345.844823469388,262.131019387755,305.687386734694,370.052348979592,450.610329591837,497.574031632653,565.074216326531,387.170004081633,425.886715306122,344.874743877551,350.224757142857,282.839607142857,301.950026530612,236.371005918367,193.898344489796,152.934995510204,153.064949387755,168.398201632653,182.766008571429,179.620097755102,188.89659122449,224.154333061224,320.089104081633,317.432154081633,397.9145,439.703303061224,377.818721428571,381.999771428571,400.972790816327,399.051540816327,458.940580612245,410.212162244898,410.881962244898,349.255430612245,227.360530816327,175.354758571429,128.512247346939,176.535295102041,161.240451428571,144.270685102041,141.829190204082,152.601072244898,170.992159591837,162.354366122449,187.438479183673,184.534338979592,147.464316122449,137.667434081633,207.165786326531,224.924027959184,226.730291836735,290.952167346939,382.842543877551,355.381033673469,350.278783673469,373.652493877551,380.71816122449,314.630046938776,264.760975510204,266.339425510204,210.126350612245,207.843650612245,209.427146122449,162.473952653061,193.379857142857,208.537332653061,194.491536122449,188.679598979592,174.93435755102,339.003414285714,237.377657959184,127.5429,133.1042,133.07423244898,134.84408244898,194.488879183673,248.740565714286,165.477568979592,111.401242530612,108.621142530612,119.135392530612,121.45368,118.959383061224,131.267216326531,124.872071632653,143.290560612245,134.171195510204,149.0187,148.115631428571,178.457656530612,180.58480877551,174.27466244898,110.391215428571,164.255018367347,185.129271836735,148.483205918367,227.653909591837,239.680833061224,259.57527244898,345.645803061224,221.974958979592,220.583708979592,219.239099795918,186.344065102041,275.848901020408,230.762332040816,193.571317959184,254.755463265306,184.291494693878,395.207433673469,402.019833673469,336.03366122449,115.328816959184,147.79832877551,147.79832877551,245.767034897959,188.580154489796,177.521596122449,210.163742040816,188.88200622449,175.655991632653,171.730641632653,200.524236734694,216.028983061224,233.275510408163,265.007019387755,281.44625,282.633301020408,317.249945918367,321.929041836735,289.799134693878,188.376589795918,189.850039795918,194.878847959184,178.926021428571,181.270527959184,167.303458163265,133.917923877551,117.513098489796,115.387148489796,173.316295510204,188.16736755102,110.621811612245,116.397156204082,201.690641836735,220.493748163265,143.035984693878,253.287304489796,233.151356938775,367.038748979592,282.704001020408,250.593487959184,304.047031632653,280.706093877551,278.650493877551,287.371198979592,249.347193877551,213.906576530612,194.883022040816,186.881780204082,169.64987755102,176.317904693878,180.315525306122,113.937463163265,137.681062040816,134.297013265306,124.916035714286,125.700585714286,169.324300408163,177.446834693878,165.365658571429,174.872549795918,169.323649795918,170.730532653061,171.068132653061,215.881385102041,175.330499387755,165.507866326531,163.839816326531,213.44223122449,160.548124285714,165.595734285714,157.339638163265,137.033560816327,207.925846938776,158.54848755102,131.560218367347,160.376652653061,142.358766530612,146.391616530612,143.601143265306,126.47400122449,126.860234081633,135.868773673469,162.992795510204,163.767939591837,185.95003755102,172.97745244898,164.193573265306,273.673612244898,264.059110204082,260.393693877551,236.99682877551,211.90531122449,209.507453673469,210.741405918367,247.471215714286,321.55087244898,251.398775510204,235.144455102041,207.458727755102,176.266866734694,142.567721020408,144.196571020408,144.356867959184,150.230996530612,122.733305918367,128.006805918367,153.098691836735,144.501891836735,128.907502571429,138.882267959184,205.368363061224,210.257731428571,201.166152653061,285.848904081633,289.235519387755,234.658364081633,212.840989387755,195.09921244898,302.982495918367,313.520182653061,309.44197244898,297.074903061224,248.47530244898,283.293024489796,281.809148979592,185.174097959184,178.030805510204,197.804951836735,241.647789387755,219.086947142857,221.411197142857,227.140967142857,215.056811020408,126.544927142857,127.175277142857,122.993127142857,114.50054322449,270.84532244898,259.369143877551,247.151618367347,248.374118367347,208.182418571429,185.182426938776,221.610670204082,206.73555122449,219.006238163265,161.584323877551,250.276165918367,271.727920408163,298.062375510204,300.068040816327,192.627105918367,185.231329795918,154.748438163265,155.681257142857,152.538849183673,149.328391020408,171.10445122449,168.622542040816,149.351095510204,149.834501428571,134.857739183673,204.412055306122,194.008699387755,189.215858979592,187.888082857143,190.734706326531,334.573389795918,404.563747959184,309.264348979592,374.688645918367,370.070339795918,339.179858163265,355.09402755102,192.69212,118.529632857143,121.057282857143,116.969782857143,217.801189183673,246.46352877551,249.31957877551,227.560423265306,320.081612244898,372.665380612245,371.350780612245,303.102892857143,330.63451122449,324.71071122449,328.897646938775,334.929376530612,358.377171428571,310.970271428571,241.354327346939,247.690620408163,307.397613265306,331.699067346939,325.102826530612,242.720131428571,245.290381428571,194.140895306122,192.982645306122,205.360500816327,241.586519387755,207.232072040816,213.591879183673,230.200020612245,247.968447755102,334.436169387755,321.94537244898,320.04097244898,323.77737755102,310.797843877551,334.337435714286,389.33952755102,340.756012244898,383.002315306122,382.400910204082,312.093905102041,329.989557142857,245.679684693878,303.306075510204,329.216643877551,220.484102653061,268.23543877551,274.920207142857,282.680098979592,243.701164489796,276.33307244898,273.154153061224,314.54118877551,261.509263673469,240.078474693878,263.860506122449,228.542670612245,280.803382653061,291.4458,289.782125510204,235.303700816327,225.408528979592,295.672570408163,278.663795918367,365.03591122449,319.976410204082,236.721040816327,251.02025,248.246798979592,248.863417755102,249.249743673469,246.194042244898,262.642360204082,224.454504285714,276.495285714286,319.795130612245,278.948694897959,248.018067346939,220.547756122449,176.382630408163,177.749130408163,195.610892040816,243.935911428571,188.006145510204,112.429469653061,132.495896530612,171.964845510204,168.287745510204,238.425513877551,238.768003673469,236.831683061224,232.598697142857,220.12357122449,245.613739795918,302.96677244898,341.177395918367,343.293895918367,347.718445918367,297.684219387755,306.641218367347,250.081669795918,332.412868367347,330.634018367347,361.327153061224,362.167903061224,374.116584693878,355.59151122449,254.410845510204,248.720567346939,240.325246734694,233.59356755102,167.193493673469,155.460780204082,149.53720122449,165.380428979592,214.491260408163,248.607338367347,345.559734693878,217.526865306122,292.158006122449,228.000462857143,274.167457142857,217.901126122449,215.541476122449,231.393192040816,183.892062653061,174.092987346939,182.221093061225,193.496181632653,170.616823673469,175.398523061224,177.295093673469,168.461567346939,169.185051632653,166.821339387755,164.970275102041,209.838044897959,193.610179183673,308.629269387755,278.326456122449,282.778015306122,207.229323877551,217.880721632653,186.255013061224,285.719297959184,313.82013877551,250.25908122449,261.365365306122,228.077632244898,191.462665306122,177.939180816327,115.914721979592,111.321163673469,119.380629795918,123.943329795918,121.371911020408,125.504755102041,125.883998571429,145.956988163265,145.874542653061,144.259152244898,131.518525102041,131.286325102041,147.671125102041,119.909583673469,118.351130204082,114.544586938776,110.113286938776,128.680736938776,154.658987755102,148.896737755102,152.023787755102,148.735837755102,156.589480204082,157.083727142857,191.282967959184,189.695815510204,173.200613673469,194.079362244898,220.182727959184,153.179434897959,169.947318367347,231.842932653061,207.236874081633,163.739379591837,140.047354285714,150.250504285714,162.185285510204,176.708544489796,172.509473877551,136.227252857143,145.172567142857,144.208217142857,147.650943061224,147.09104755102,224.690117142857,275.759501020408,300.637736734694,277.449818367347,303.58976122449,265.09003877551,258.533087755102,264.533742857143,257.634805102041,258.441008163265,239.452892040816,228.236309387755,216.104196734694,271.41122755102,270.521559183673,222.836895918367,276.26206122449,309.407121428571,369.949720408163,382.485370408163,367.071820408163,333.58193877551,230.475001836735,256.664332040816,395.641364285714,450.762415306122,807.893658163265,809.177408163265,750.29217755102,749.54832755102,749.65947755102,703.909673469388,708.184773469388,681.738346938775,683.235496938775,636.714387755102,536.582628571429,450.623564285714,473.865806122449,531.146095918367,478.997331632653,479.706528571429,424.446245918367,341.613463265306,419.589517346939,445.262868367347,442.257768367347,527.381371428571,526.971271428571,422.958047959184,393.121416326531,393.346266326531,390.921240816327,391.033590816327,477.171225510204,377.390316326531,405.627186734694,394.65188877551,386.075562244898,408.237945918367,368.453944897959,454.951086734694,486.243223469388,558.012370408163,555.981642857143,556.216092857143,541.898926530612,385.052733673469,276.236889795918,208.666852040816,262.879940816327,260.448140816326,253.174552040816,311.47485,400.584474489796,346.546490816326,313.727244897959,317.810594897959,315.196094897959,285.191928571429,274.834036734694,275.047136734694,274.460036734694,331.802358163265,238.257947755102,290.251140816327,332.482369387755,337.869518367347,337.108418367347,369.482679591837,344.580772346939,278.944178265306,186.452112857143,196.869912857143,129.956856734694,124.591806734694,128.200506734694,127.260443877551,170.537419591837,197.233231836735,198.820514081633,156.730001632653,153.296850612245,240.763866530612,229.334005918367,109.238155857143,142.99348,117.939900204082,103.139545593878,110.143645593878,180.038192040816,149.404343877551,151.387296122449,158.847252857143,150.016129591837,145.276822653061,155.239487346939,139.106387346939,149.824455510204,171.22236755102,178.12416755102,118.695837142857,118.014237142857,217.808928571429,146.608086938776,168.164908979592,134.394998163265,139.065248163265,113.602963918367,139.534702244898,159.41479244898,204.740578367347,224.58828755102,212.651496326531,205.342042857143,137.57377122449,146.157706734694,235.092855510204,135.861656530612,138.241475102041,141.670832040816,139.221430612245,146.037616734694,150.217967959184,191.059037346939,129.070432244898,137.339542244898,143.146121428571,145.788429183673,138.055035918367,130.446527755102,126.347520612245,141.551546326531,149.977329795918,151.597761428571,234.616209795918,227.100320408163,189.274085102041,275.251376530612,287.692198979592,328.692305102041,345.189656122449,402.339173469388,409.652423469388,389.080303061225,418.611155102041,476.537660204082,477.507060204082,393.177828571429,293.013886734694,198.350125306122,229.91148122449,179.557931020408,156.824769183673,151.598069387755,139.577609387755,155.412612857143,202.385627755102,247.989454897959,251.356182244898,227.369079183673,168.547481020408,126.478506244898,180.88904755102,168.726923673469,165.727114081633,168.582661020408,176.672981428571,256.266818367347,280.974962244898,253.383414285714,283.935870408163,370.056833673469,593.309171428571,592.217871428571,589.906671428571,544.24266122449,654.935835714286,857.73316122449,859.419963265306,859.698063265306,860.856713265306,874.056809183673,758.997821428571,762.550721428571,760.273871428571,664.566429591837,654.991779591837,517.171843877551,499.401633673469,577.019998979592,574.782798979592,579.544998979592,462.191926530612,485.588666326531,296.476308163265,329.792198979592,134.996633265306,111.897106053061,154.676199183673,132.534005306122,143.898548979592,143.831663673469,123.775518897959,157.154503469388,160.140253469388,356.853679591837,355.111912244898,322.08082244898,347.993763265306,438.136523469388,402.531932653061,413.361283673469,376.35631122449,268.329721428571,255.959248367347,229.847482244898,212.366927755102,190.08744244898,222.510857755102,161.07699,144.56246877551,151.048052244898,111.484754734694,114.410154734694,194.749294897959,183.716616734694,194.607274081633,184.18201877551,132.553578979592,171.119188163265,169.436028367347,197.074335918367,256.499384081633,276.41286122449,336.152059183673,339.500659183673,291.776190816327,298.494996938776,103.596401081633,106.308551081633,134.212269795918,133.084119795918,132.312119795918,196.387769183673,199.352169183673,148.484360612245,148.406360612245,148.073060612245,156.670510612245,146.146810612245,166.033556530612,177.488398979592,173.202649795918,182.953424897959,215.788042857143,217.804446938775,221.470646938775,207.062255510204,176.592111428571,223.767175714286,194.083727142857,211.650089183673,208.343271836735,208.247762040816,216.097933673469,216.379470816327,249.468953673469,254.324003673469,201.678822040816,186.23072244898,128.809501020408,149.295809183673,138.251733469388,192.545136530612,136.415975306122,156.607347959184,176.705471428571,173.550782244898,227.024233673469,225.137635102041,256.21175,264.523255102041,266.667355102041,236.720253265306,121.501899591837,137.947755102041,145.448802857143,144.935994693878,117.046273061224,123.483047897959,151.913271632653,152.628671632653,152.124721632653,145.109178979592,162.412731020408,143.951721632653,150.443414897959,153.717499795918,167.669464693878,167.443475102041,118.885889306122,144.050858979592,141.256042653061,131.681018367347,235.380500612245,213.382914897959,180.42991755102,109.197245346939,110.685545346939,111.417545346939,140.366466326531,145.499593061224,160.476108367347,166.064646734694,164.067846734694,141.676043877551,169.575896326531,129.179082653061,117.826785040816,118.561335040816,117.856885040816,117.349085040816,116.163635040816,116.438635040816,114.444090653061,134.280397755102,191.208752857143,201.559640612245,207.413742040816,249.373913061224,249.378016326531,246.26721755102,196.091656122449,125.035882857143,134.91912244898,154.04738877551,156.743895918367,179.704425510204,153.989494081633,229.783393265306,264.435251020408,150.3532,153.26165,143.469482040816,139.910990408163,171.269192857143,199.922236326531,201.065586326531,204.036914081633,249.169973469388,207.92339877551,217.475517755102,288.983397959184,213.149765306122,164.279500408163,197.579806122449,264.373682653061,241.546264489796,200.240636734694,249.358569387755,203.120741020408,183.546308979592,213.286376938776,232.488725306122,255.250123265306,233.354778571429,233.450994081633,215.504337346939,213.255634693878,219.092884693878,167.11817,152.819125918367,130.66471877551,102.615462204082,195.416066530612,195.681327142857,120.778406938776,133.002694897959,150.691620816327,187.296762244898,186.807812244898,169.113663469388,221.036268979592,167.272076734694,168.561826734694,169.390705918367,292.882273469388,289.586237755102,176.522491632653,187.005633265306,174.367286122449,164.398936122449,119.112337755102,214.548257142857,207.908317959184,173.24002244898,169.885461632653,149.293938163265,183.276283673469,186.171729591837,229.032873469388,202.975063877551,154.106801632653,187.262459387755,184.328467755102,181.588727959184,175.96073244898,302.397125510204,262.528426530612,114.194015163265,123.239913469388,111.620321081633,111.627071081633,181.975876326531,110.542562877551,111.298962877551,131.169487755102,243.785881428571,251.236824897959,265.870597959184,266.177852040816,358.229643877551,328.756842857143,295.436243877551,346.932066326531,401.32822755102,402.56287755102,464.164696938775,491.717626530612,299.82505,297.243352040816,290.24168877551,412.660552040816,539.659891836735,638.694205102041,558.131574489796,560.769624489796,543.017821428571,545.297871428571,533.025026530612,572.40538877551,576.17158877551,613.991593877551,600.842390816327,534.617314285714,651.048919387755,633.807694387755,727.029010204082,727.947010204082,667.752986734694,667.582886734694,673.063586734694,480.788403061225,444.717262244898,445.300562244898,437.095112244898,443.951562244898,451.737526530612,453.036226530612,385.038707142857,343.158329591837,470.203205102041,672.878130612245,668.218054081633,669.936904081633,485.220646938775,557.662109183673,528.853909183674,528.672259183674,527.429659183673,383.554535714286,350.347575510204,343.999258163265,170.857582040816,173.044982040816,171.749782040816,253.569938979592,254.580963469388,176.207650816327,122.183058163265,121.977258163265,120.862158163265,118.384508163265,136.461349183673,127.57242755102,162.51625877551,432.399882653061,444.544819387755,466.078270408163,511.187559183673,517.588859183673,445.191240816327,551.012460204082,546.401059183673,397.884583673469,395.513583673469,359.706146938775,321.338914285714,414.254675510204,417.439175510204,441.965635714286,429.236802040816,428.770834693878,478.583945918367,386.03017755102,384.94832755102,383.39237755102,391.077074489796,403.436902040816,366.23745,287.070197959184,344.222333673469,372.511757142857,382.559052040816,412.921151020408,324.50978877551,320.48268877551,249.781428571429,242.63132755102,306.476136734694,245.321580612245,256.630980612245,231.843321428571,253.109731836735,245.509317142857,263.459074489796,203.260954489796,203.732900204082,331.861858163265,252.256152857143,204.320584897959,213.822091836735,219.321391836735,305.196991836735,245.529881632653,230.988016734694,241.190151020408,283.806739795918,301.965883673469,291.286079591837,337.194487755102,322.390179591837,329.414523469388,319.098053061224,311.243471428571,300.990151020408,290.971275510204,374.08246122449,374.17921122449,272.019430612245,299.649626530612,281.446012244898,278.638312244898,258.444121428571,468.021987755102,489.744963265306,529.491185714286,529.001435714286,544.934640816326,430.640233673469,439.14997244898,351.440004081633,308.581792857143,291.217226530612,315.133232653061,383.562166326531,316.47215,278.369578571429,365.284219387755,364.058719387755,406.094195918367,401.715745918367,407.430595918367,361.022390816326,309.120602040816,383.464063265306,413.39687244898,406.89542244898,342.381315306122,294.920209183673,389.081881632653,323.374743877551,302.696733673469,288.255259183673,248.478517755102,262.115692857143,243.646685714286,325.588763265306,335.774208163265,316.732556122449,328.80377244898,234.632873061224,223.857808163265,164.939653673469,181.07839,328.812444897959,235.741415510204,262.079503265306,258.996303265306,258.803608265306,258.363575510204,237.626636326531,182.73847,187.268534081633,201.699435102041,197.691835102041,198.725735102041,199.659085102041,204.218731632653,197.782680204082,201.60906244898,209.04531244898,188.981498367347,189.732198367347,191.763677142857,307.223679591837,263.231851020408,294.885598979592,289.559334693878,202.860732040816,217.914468571429,255.78441122449,222.830696734694,237.508636530612,228.884836530612,229.595486530612,157.949501632653,154.472551632653,157.610051632653,158.040801632653,171.284872857143,193.964308571429,155.266851632653,194.931360816327,217.90457244898,226.434286326531,225.258281836735,187.682744489796,181.238889591837,164.564893877551,110.14601144898,110.36141144898,113.86866144898,124.401811020408,218.251001632653,192.73172,230.469285306122,189.848116938775,164.689584285714,158.401469183673,194.33563755102,244.93441755102,231.090924285714,225.69445,193.892394693878,199.714144693878,229.34855122449,153.29753244898,248.477148163265,238.043072040816,251.344881020408,250.350831020408,256.245936734694,211.340726122449,213.031126122449,187.022333265306,232.79520755102,212.952891836735,202.602897346939,192.181797346939,200.948997346939,139.891379387755,127.954145510204,123.805045510204,132.260495510204,121.520385265306,128.693785265306,226.437619387755,223.343658979592,150.378857142857,146.666957142857,274.953135714286,237.376511632653,235.899561632653,157.783696326531,157.189346326531,188.588599795918,112.624291142857,148.556859795918,125.499523673469,124.733053877551,151.197905102041,234.537938163265,357.140745918367,247.343824693878,238.903683265306,150.946435306122,140.678520816327,121.007730612245,167.426049387755,163.737323673469,209.480105918367,220.307408163265,143.545116326531,194.636193469388,208.789976122449,210.151676122449,232.208647959184,210.018573265306,209.873523265306,215.617273265306,146.351195918367,200.274866734694,195.875716734694,141.971921836735,115.304834,114.309134,127.775558367347,261.96461122449,264.75341122449,293.801244897959,378.083382653061,379.166032653061,377.070982653061,376.498732653061,376.076632653061,333.131452040816,327.765532653061,330.366782653061,319.600174489796,377.371802040816,401.726391836735,404.027041836735,377.102647959184,274.990848979592,269.831413265306,270.049548979592,295.136766326531,281.33521122449,243.100656530612,276.478920408163,237.478300612245,192.932564693878,156.493054489796,153.843017346939,225.476131428571,278.118166326531,277.729776530612,279.408858163265,277.305559183673,247.564110816327,301.592741836735,280.611595918367,270.776175510204,297.539325510204,256.473054081633,265.252489795918,244.172005306122,270.17793877551,285.222917346939,279.164117346939,238.338807142857,188.39079877551,289.081440816327,352.058496938775,398.859733673469,394.423543979592,406.099860816326,429.444321428571,443.156109183673,417.168798979592,432.631841836735,484.831731632653,477.691432653061,494.816014285714,598.040054081633,567.460674489796,545.863105102041,541.631455102041,544.093705102041,421.08242755102,335.201745918367,268.456209183673,307.563380612245,298.895330612245,218.061356734694,367.926674489796,250.403586734694,277.125789795918,282.245589795918,326.003204081633,189.562976326531,200.133890816327,214.177380612245,223.708555714286,169.309946938776,177.833469183673,179.644169183673,162.561533673469,186.679757959184,267.102155102041,301.1987,258.748613265306,222.913296734694,187.439051632653,170.588505918367,176.862555918367,171.941932653061,188.192464285714,163.205769183673,183.285142653061,174.820163877551,215.274353265306,193.385838979592,203.173276530612,147.672211836735,155.713261836735,200.196856530612,194.304772653061,223.147550816327,221.465410612245,219.422296122449,239.583091428571,241.211515306122,250.602270204082,230.133541836735,230.202895102041,167.278951836735,181.271015510204,140.283297346939,138.206590816327,152.826239183673,156.48698244898,255.082243265306,176.131419591837,263.394689795918,233.605416530612,179.043440612245,124.450044285714,136.507993265306,157.243036938776,170.021429183673,155.643662857143,181.797879591837,189.74572755102,115.596364285714,120.490111428571,153.490955714286,119.19202244898,118.11682244898,146.64001,173.72408244898,143.594500204082,138.310450204082,134.353500204082,398.506348979592,462.884328571429,544.691640816327,544.163617346939,346.311854081633,434.694154081633,291.100455102041,254.766267346939,195.730857959184,220.671970204082,228.979339183673,188.576055510204,192.494783469388,207.469902857143,229.078809183673,210.92469755102,241.832574897959,315.488515306122,318.524065306122,318.559165306122,315.121215306122,318.503365306122,315.498715306122,309.928565306122,303.433485714286,176.692051020408,181.679553469388,182.739071428571,163.489014897959,145.493269897959,181.435984285714,179.116150816327,180.863511530612,167.026352857143,140.054907346939,201.858276326531,210.095294897959,332.874158163265,282.450243877551,204.771123265306,156.043118163265,159.336168163265,164.528420408163,163.006020408163,160.541920408163,182.629267346939,185.095067346939,197.778108571429,149.07654755102,125.173052591837,117.022202591837,243.08152,287.866933673469,311.746541836735,196.217195714286,192.835247346939,154.106599183673,122.89127,146.276645306122,150.316895306122,145.208990612245,149.599986122449,152.908686122449,154.761179387755,187.261521428571,262.751840816327,277.915479591837,372.089091836735,285.659603061224,267.432123469388,264.636973469388,261.733460204082,298.963209183673,295.933759183673,292.446201020408,199.572131836735,147.325500204082,153.495750204082,147.783961428571,132.450005102041,191.53651122449,187.154631632653,196.764396122449,150.785229795918,147.255129795918,150.208329795918,216.227353673469,202.28373877551,219.493067346939,196.030320612245,180.598636530612,123.624885918367,143.179941632653,137.628508367347,126.972940408163,191.426567346939,191.591917346939,260.392031632653,225.52405244898,225.806183061224,251.99705755102,264.872114285714,216.245702653061,223.997531632653,217.273023265306,206.932576734694,167.401354489796,188.022563265306,242.637434897959,264.918319387755,241.193206938776,216.840092857143,182.762186122449,173.682409387755,147.535433265306,142.546683265306,124.747404469388,141.299333265306,145.774423265306,143.941528979592,138.90498755102,166.35564755102,168.349408979592,195.63992244898,171.910777755102,114.374235653061,151.993214285714,162.879498571429,170.802069183673,230.666417142857,290.292275510204,250.11758755102,245.580425510204,247.785208979592,245.489119795918,223.938959795918,151.048257959184,136.830049387755,252.240168163265,164.734464693878,124.967446122449,115.103938367347,144.946680204082,170.293714897959,179.086962857143,125.808631020408,130.712581020408,158.870603877551,161.427544285714,162.237394285714,234.580981836735,222.752766734694,239.088890204082,243.338398163265,322.986018367347,321.538968367347,334.931482653061,294.602124489796,231.847757142857,165.938996326531,167.963396326531,161.514964897959,135.411176122449,128.34244755102,149.077634489796,168.44756122449,167.600400204082,252.739636734694,161.510581020408,163.075531020408,141.518349387755,140.246723061224,260.536504081633,252.907026938776,267.616686734694,188.312310408163,163.37495,197.725259183673,168.688834081633,155.33082,156.482625306122,239.564436122449,239.668483061224,205.223656734694,161.74051,141.182607142857,142.854389591837,166.622072040816,172.083831020408,210.826995306122,248.500639591837,231.74405755102,198.561756326531,211.038032653061,212.106332653061,174.877110816327,172.175610816327,140.87389122449,216.476478163265,170.046516530612,202.223582244898,244.70354122449,229.08319755102,300.54777244898,216.716632040816,251.607568367347,207.308968979592,283.373236734694,249.737933673469,246.096883673469,235.539259183673,288.808006122449,287.633025510204,367.63562755102,369.030054081633,335.945751020408,359.223016326531,360.898216326531,295.999603061224,274.446591836735,249.150336734694,210.696960408163,223.11067244898,230.855645102041,230.028563469388,230.728448979592,236.966506938775,239.31088877551,228.917802857143,223.305476326531,225.081061632653,221.596037857143,222.379642755102,190.378340204082,195.786363061225,183.759022857143,206.769713061224,279.868464285714,227.284534489796,269.428292857143,221.217189591837,144.650549183673,171.658985102041,207.432340204082,313.035386734694,225.285174897959,226.144524897959,228.874254897959,151.216437346939,150.588237346939,157.320782244898,216.671684489796,257.549493469388,257.801582244898,334.214284693878,262.233010204082,287.367423469388,163.812113673469,221.73989,165.719219795918,172.265114489796,138.142473469388,142.727309795918,142.68263122449,145.726662040816,136.973378367347,113.359561326531,177.124302244898,184.927152244898,171.867315918367,165.302018367347,159.885139387755,142.011194489796,138.839559591837,137.194309591837,138.825056938776,137.071071428571,135.869933469388,133.261600612245,134.324206122449,126.258965714286,200.416497142857,164.264595510204,181.248044897959,255.125604285714,298.05122244898,379.156357142857,285.608924489796,302.287171428571,143.253469183673,165.773728979592,119.708943877551,182.301908367347,222.921340204082,183.17821,200.348200204082,236.704415306122,269.436224489796,326.917975510204,372.048221428571,352.285629591837,352.428179591837,345.835495918367,344.780695918367,346.803445918367,443.832031632653,442.436631632653,443.452931632653,330.754120408163,375.164668367347,436.972860204082,437.534010204082,381.878307142857,296.120001020408,164.275264693878,179.51993,177.04218,174.79008,180.19723,177.90733,178.90318,178.91593,242.152160204082,286.055718367347,243.532208163265,288.271281632653,289.499331632653,271.295731632653,165.995678367347,172.127229591837,254.670261836735,223.757903061224,225.065463877551,130.929380408163,143.120034693878,141.421334693878,198.792158163265,166.859116734694,266.457237755102,284.004878571429,260.317458163265,235.977575102041,171.74967755102,190.780649591837,177.825249591837,178.515749591837,147.736528367347,217.554785510204,238.467208367347,249.151792857143,281.556973469388,281.067123469388,286.849846938775,254.675446938776,254.917646938776,193.193211428571,232.063295102041,238.665444897959,262.48042244898,231.512689795918,266.416603061224,265.899364285714,261.890325510204,241.779822040816,253.247136938775,207.290158367347,211.86264244898,195.147323673469,212.34075877551,237.854820204082,219.284345714286,172.041451836735,154.826177959184,148.07871,187.563574489796,147.048914285714,136.553879183673,130.675947755102,158.351023673469,157.938023673469,226.977513673469,211.589010816327,178.900720612245,229.299014693878,207.13108877551,205.009768571429,212.202116734694,228.026267346939,158.756519795918,167.67732755102,167.330947755102,182.482889183673,225.366945918367,226.122345918367,184.248669183673,179.819598979592,194.906690816327,308.983569387755,292.718996938775,290.448846938775,350.814174489796,316.05752755102,376.041795918367,225.429352857143,222.981003877551,260.490967346939,225.967305714286,218.567405714286,218.577507142857,212.204812244898,222.49183244898,219.786431836735,148.130308163265,154.752281020408,144.894764897959,140.973783265306,141.59909,128.220268571429,139.019118571429,165.244697755102,158.16861244898,188.676253265306,178.27241,138.566596326531,150.913876734694,192.127158367347,226.59500122449,213.535307959184,245.528204285714,267.372570408163,247.673047346939,243.0558,242.984806530612,361.925773469388,358.904826530612,253.050080612245,250.945480612245,250.295230612245,250.466830612245,103.974281102041,110.276731102041,109.319781102041,127.998157673469,120.652257673469,121.675807673469,122.161557673469,150.467242040816,223.962604897959,185.353738163265,179.018654693878,157.537728979592,218.581267959184,146.95367244898,299.278893877551,267.410502040816,267.259902040816,267.779352040816,316.128470408163,384.116784693878,367.296066326531,362.983066326531,379.389157142857,382.208195918367,382.517065306122,358.749198979592,348.663520408163,335.578726530612,352.871881632653,343.340334693878,352.219451020408,421.16157755102,430.321798979592,407.179623469388,234.563678571429,152.191626530612,149.235126530612,146.787526530612,161.11889244898,135.904867142857,173.055633469388,190.030881020408,201.532339591837,166.524821632653,137.29200755102,196.257671632653,211.864303469388,353.690242857143,306.658542857143,308.494581632653,480.833397959184,481.535642857143,488.17713877551,491.07888877551,416.765713265306,306.180039795918,364.187498979592,373.556262244898,481.347246938775,489.489965306122,518.370125510204,517.984925510204,519.243225510204,505.986476530612,507.219476530612,505.381810204082,502.763160204082,505.584860204082,435.55532755102,419.918826530612,261.413557142857,252.420742653061,213.527034693878,235.907005306122,305.152331632653,435.381021428571,452.323209183673,374.725303061225,432.342070408163,372.489857142857,322.187981632653,260.605965306122,322.340163265306,304.832385714286,277.536597959184,246.177340204082,226.238530204082,213.931522040816,207.858024489796,215.00834877551,218.619303673469,173.21382877551,236.106431428571,202.673248979592,208.056250816327,201.632015306122,291.603726530612,294.350626530612,295.067926530612,308.064903061224,290.371974489796,263.463715306122,180.148229387755,250.396954693878,249.205054693878,238.903904693878,216.571121836735,202.948911632653,284.986241836735,330.776642857143,329.670442857143,354.801678571429,429.442621428571,429.284371428571,286.061925510204,285.769975510204,304.583505102041,217.255946734694,224.54800755102,172.578991428571,167.162791428571,186.829682040816,151.360871836735,222.857218571429,132.030026122449,139.349376122449,123.75842877551,159.910722653061,158.930131632653,164.411388163265,186.43152755102,359.833710204082,372.48055,374.00875,360.209354081633,262.558334693877,288.467005102041,309.288691836735,311.551175510204,179.821841632653,163.129204285714,187.737077755102,170.538095714286,328.835944897959,264.860084693878,276.336792857143,266.969598979592,265.731648979592,267.415334693878,258.704339795918,320.09936122449,321.081471428571,205.291061836735,188.294755510204,249.699976326531,262.197209183673,257.145658571429,273.723940816326,211.240943061224,208.275293061224,209.708993061224,219.710672857143,225.693222857143,224.124972857143,223.398222857143,206.448465306122,207.528665306122,294.317820408163,294.217470408163,286.942312244898,285.801862244898,258.82717755102,157.297844285714,130.519977142857,108.510733,121.206105387755,124.426305387755,225.936951020408,144.914565510204,155.495570408163,199.28305,155.860599591837,169.914294693878,227.253789387755,211.983315510204,239.70604877551,238.77267244898,204.420774693878,239.387332244898,247.901457346939,251.34143755102,225.393776938776,249.423285306122,264.988669387755,267.651951020408,247.214443469388,245.272543469388,292.2104,112.423964897959,157.625144489796,249.45361122449,288.960128571429,346.785397959184,298.304368367347,338.446103061224,225.200345918367,234.167905714286,230.569555714286,149.53965122449,180.673550204082,147.52995244898,143.280592244898,144.228492244898,151.321542244898,179.772317346939,193.419754489796,188.959604489796,264.05437755102,270.516397959184,265.134593877551,341.701224489796,340.595774489796,365.541543877551,493.985184693877,498.164034693878,435.220342857143,449.409942857143,442.398842857143,442.796792857143,444.029492857143,450.680589795918,321.071409183673,328.737434693878,327.179384693878,346.341835714286,341.066735714286,317.657835714286,188.94130755102,171.33487755102,169.63012755102,166.92802755102,167.28507755102,169.54242755102,172.257810816327,205.455399591837,176.765021428571,178.031221428571,178.666921428571,175.247221428571,194.06973755102,197.15133755102,231.248062244898,143.787195510204,143.554445510204,139.996645510204,178.445041428571,154.077825102041,156.127475102041,165.323225102041,165.677675102041,164.631275102041,161.183025102041,162.762875102041,159.569675102041,154.834925102041,168.509156734694,170.366106734694,192.660409591837,162.748443061224,209.046631836735,194.883656938776,166.786256326531,165.810656326531,225.957904081633,214.676012040816,168.044933877551,219.192800816327,175.512144489796,247.727155102041,246.845155102041,247.057102653061,255.376152653061,251.820802653061,136.399413265306,117.619918571429,226.390967346939,244.229878979592,249.447978979592,260.637670408163,277.52721122449,274.78622244898,355.60652244898,336.201778571429,373.468030612245,343.014413265306,347.621413265306,181.431945714286,175.869295714286,188.613866938776,185.638466938776,176.174830204082,177.848438163265,201.540483877551,185.063384897959,139.417565714286,140.458121632653,177.81231,184.180923673469,137.699505510204,433.639131632653,376.967901020408,432.444875510204,436.000594897959,276.077314285714,187.708682244898,164.278128367347,166.450214489796,171.874305714286,141.080220204082,149.378989183673,148.795428571429,141.502920204082,142.577970204082,156.772561428571,176.728019795918,199.690716530612,308.671071428571,301.132124489796,243.13403122449,170.672570408163,146.952465102041,170.649834897959,185.347391836735,161.121980204082,197.766867142857,178.221990204082,143.016256326531,148.440678979592,169.181837755102,208.540839795918,239.317849795918,167.845531632653,160.218031632653,181.711819183673,171.637995510204,183.440468571429,147.592177142857,210.405907755102,181.064487346939,136.202583265306,126.75190244898,127.252683469388,156.982043061224,174.549594897959,218.727465510204,300.40777244898,308.62507244898,423.6576,457.983894897959,414.365859183673,408.601609183673,407.287744897959,360.094070408163,353.715395918367,349.395652040816,267.028382653061,234.961337959184,275.655602040816,398.491174489796,344.146985714286,195.206069387755,160.576319387755,184.694360612245,198.135751020408,153.052677755102,150.046497142857,160.526655918367,156.849318571429,148.599108571429,164.938623673469,171.968425714286,163.190512653061,180.633794081633,181.412744081633,175.667224897959,196.50760244898,179.439357755102,188.914886326531,141.354714897959,114.976096081633,155.548604489796,224.78509877551,227.911436734694,217.147311020408,213.527996326531,212.645100612245,284.70668877551,264.193392857143,263.531292857143,293.762235714286,298.34983877551,294.533635714286,266.59262244898,215.312799387755,316.155266326531,306.144276632653,325.858425918367,303.471185102041,382.776701836735,358.315076326531,313.187496734694,311.060856734694,245.607756530612,210.181972244898,190.926413877551,229.097058979592,179.02089755102,160.013799693878,179.913780918367,167.285903469388,185.816956530612,151.294617755102,149.032446938776,142.862583673469,189.307030306122,202.164997857143,179.345256326531,242.354919387755,259.54954,183.642435102041,190.877345306122,138.03276,155.663805306122,242.307834897959,259.056669387755,268.231457653061,326.271109183673,335.016449693878,323.966265306122,290.566380612245,267.994452040816,312.917770408163,265.913048979592,317.94537244898,317.76932244898,398.775956122449,403.733906122449,404.783556122449,409.061406122449,394.119169387755,378.202,373.233715306122,454.943539795918,461.789530612245,462.400981632653,458.621376530612,426.76726122449,379.174782653061,398.242380612245,261.289289795918,217.052785510204,216.955235510204,185.978627346939,218.655632653061,301.320890816327,305.360190816327,271.275154081633,231.794779387755,220.633531428571,200.644294285714,206.155853877551,208.428803877551,247.226697346939,250.157897346939,185.170460408163,184.429510408163,156.297308163265,151.802234897959,146.32580244898,142.613340408163,158.227922653061,207.219124489796,206.893651428571,204.677761428571,173.87036122449,109.751420673469,108.901670673469,108.799190183673,120.360540612245,137.157137346939,138.547737346939,150.380017142857,162.702888163265,161.054382653061,162.269169591837,171.328595306122,172.056606734694,162.001158367347,244.638692857143,242.768742857143,244.780278979592,206.95197,245.527334285714,218.488287346939,216.782815510204,237.332272244898,246.827541632653,237.843867142857,273.8161,286.982548979592,312.653946938775,233.757891020408,129.595067959184,112.346864020408,201.22047755102,199.75287755102,170.312062857143,271.353378571429,316.98031122449,255.40557755102,319.343751020408,358.090232653061,433.978343877551,431.16255,429.72315,334.789147959184,290.501770408163,148.510848367347,142.043896530612,214.011829591837,183.662753877551,184.17256122449,144.155774081633,167.407794285714,176.595423469388,187.920457142857,191.816721836735,188.180921836735,185.697821836735,194.234779795918,191.024329795918,196.749129795918,197.642329795918,155.363614897959,158.253814897959,300.781187755102,314.447905102041,316.536713265306,368.032709183673,333.583066326531,332.379466326531,203.785182653061,267.429190816327,268.065340816327,197.016299183673,263.745245918367,397.677530612245,427.216145918367,341.665702040816,426.182240816326,261.35316122449,299.126194897959,268.989869387755,159.326346734694,158.131146734694,152.945646734694,156.613846734694,152.573096734694,159.371466734694,161.859579795918,175.444906530612,209.083771836735,214.133821836735,113.763835693878,109.332985693878,149.849400816327,133.744021428571,158.453175510204,141.047466938776,251.887609795918,261.635723469388,248.333759591837,306.717005102041,221.602429795918,155.264961632653,160.536548163265,131.394923469388,154.635007346939,153.925207346939,191.783383469388,209.569812244898,204.472416734694,203.153616734694,214.170184897959,369.881155102041,259.241189795918,259.283643877551,239.657525714286,213.074529795918,178.431536938775,133.23862755102,182.419526122449,242.206315510204,240.199853469388,203.303357346939,255.961659183673,182.789462653061,143.50131122449,113.555829,113.621629,157.770479591837,140.746631632653,178.810833061224,185.080633061224,196.483399387755,157.54862877551,239.204705306122,211.933907142857,110.20200477551,134.600873673469,163.992564489796,139.245542857143,124.503425306122,146.645979387755,151.773429387755,152.357579387755,151.955079387755,152.389429387755,152.366329387755,157.550329387755,158.640079387755,189.936903673469,191.466653673469,164.045096734694,168.924446734694,166.221346734694,169.290996734694,167.592696734694,164.585846734694,174.598896734694,168.804625102041,172.544857346939,223.754025714286,321.18746122449,264.29917755102,287.930676530612,204.051168163265,202.088323265306,191.524303877551,188.595624897959,192.087174897959,190.872716530612,223.063789183673,223.259989183673,204.505668571429,182.822359591837,163.752753673469,137.68688877551,122.549540816327,133.416486734694,163.468566734694,173.964439591837,173.859174489796,182.913676530612,177.801334897959,173.035102040816,170.918845102041,173.239792040816,172.57843244898,172.099805102041,181.282535102041,170.512880408163,183.946771428571,162.801776326531,176.242770612245,126.978330183673,182.225786938776,194.810884489796,113.213341816327,144.899240612245,183.998533469388,218.932808571429,206.355735306122,198.320775306122,185.037658367347,189.020967142857,143.863246122449,139.99402,158.721942653061,172.976306326531,219.182306530612,205.801199795918,208.965912653061,212.530012653061,231.591615306122,257.586902040816,392.440669387755,457.068258163265,349.312323469388,313.403782653061,307.917082653061,175.770836326531,162.816844285714,218.51832244898,274.068762244898,291.366052040816,336.866932653061,484.54478877551,537.623010204082,235.532237346939,183.578260408163,208.65131755102,207.76601755102,142.666241836735,146.992741836735,120.165538428571,123.386188428571,123.255838428571,121.305538428571,118.256838428571,122.503788428571,132.750109183673,174.953554489796,246.653933265306,238.769929795918,231.650629795918,266.851796938775,241.401974897959,265.479959183673,166.40596877551,163.77661877551,121.452607755102,175.865291428571,126.182604285714,139.071125918367,171.829614897959,174.159914897959,169.370029387755,151.72744244898,263.327530612245,233.87877877551,222.618958367347,219.928897346939,225.267104489796,249.069433673469,290.361140816326,431.016270408163,426.090870408163,306.562403061224,311.662903061224,312.595753061224,322.543958163265,287.707069387755,331.739296938776,241.004360612245,166.255031020408,131.558138571429,134.700938571429,145.576536938776,146.413010816327,266.766420408163,400.864402040816,307.153507142857,243.262396734694,318.979102040816,322.872052040816,282.22422244898,324.940334693878,329.313283673469,292.003897959184,334.665613265306,226.786419591837,272.318736734694,227.814849591837,218.542860408163,250.32708755102,317.991662244898,317.620612244898,333.80136122449,494.427814285714,504.050340816327,486.673605102041,596.923152040816,594.848152040816,437.735458163265,393.929873469388,384.290885714286,133.535970204082,204.878332857143,149.396266122449,149.231116122449,211.326291632653,193.348844489796,118.444824020408,184.17550877551,183.77055877551,190.17105877551,499.304444897959,500.003544897959,491.940144897959,336.352292857143,330.411826530612,317.15988877551,308.66423877551,205.963595918367,182.011850612245,201.881019591837,309.911103061224,246.655195306122,300.629946938775,272.578578571429,311.269720408163,275.887067346939,332.673343877551,332.344993877551,330.705493877551,319.951271428571,285.605562244898,285.350262244898,286.669462244898,318.240410204082,275.018792857143,326.543746938775,443.823307142857,430.578307142857,356.006117346939,371.685320408163,353.319728571429,408.83382244898,269.03351122449,275.593791836735,281.715117346939,298.349343877551,334.051737755102,355.738384693878,362.384334693878,258.020106122449,366.124220408163,370.458220408163,395.964181632653,349.116823469388,156.776376122449,202.892515102041,186.250979387755,113.323358326531,105.824845612245,106.698545612245,149.277624285714,151.161974285714,131.885712653061,148.667109183673,196.562065510204,223.194020612245,202.554357959184,201.520653469388,204.181403469388,267.232706122449,268.736406122449,316.613746938775,256.984919591837,236.03791877551,236.314854285714,251.91418877551,237.743958163265,192.084566734694,201.212064693878,188.763590204082,179.364594489796,175.133618367347,185.889051020408,169.56859122449,119.95846422449,150.317926326531,152.965276326531,152.612176326531,215.109221428571,146.614414693878,135.878230816327,146.856351836735,296.879875510204,342.552208163265,363.611387755102,357.658937755102,290.666684693878,276.604194897959,358.924455102041,358.886055102041,361.596625510204,233.560081020408,231.779281020408,201.791746938776,217.612642244898,220.741642244898,192.347655306122,156.619176122449,158.828526122449,122.780847795918,147.678306122449,158.659878571429,135.955988571429,138.224438571429,137.739838571429,143.224738571429,145.719138571429,187.816810612245,162.897061428571,124.60664377551,123.77829377551,181.718512244898,141.592553265306,171.870863673469,170.303563673469,170.188069387755,138.636349387755,131.849002244898,219.637358163265,219.322108163265,302.479026530612,160.143098979592,160.75576755102,142.508000408163,150.712774285714,144.509596734694,136.354346734694,136.682246734694,137.516146734694,305.816439795918,247.806504081633,246.599618163265,277.513679591837,290.002416326531,287.882303061224,358.19482755102,289.367695918367,295.945759183673,314.499602040816,405.25098877551,445.087537755102,418.164686734694,421.088085714286,420.458785714286,298.671984693878,233.954734693878,236.316284489796,121.356115959184,181.539036938775,171.485375102041,152.195831836735,114.431684877551,223.607637142857,212.826001836735,154.841123673469,154.482673673469,165.247909591837,214.372629591837,251.13335,278.100592857143,279.742060204082,294.567091836735,348.483809183673,263.862409183673,305.45167755102,276.318692857143,191.29313122449,195.185929591837,223.300274693878,336.504874489796,369.338304081633,566.602148979592,547.476644897959,543.623894897959,544.863394897959,385.454265306122,531.927887755102,530.690487755102,570.331168367347,569.099868367347,567.171118367347,566.147718367347,569.439318367347,558.391068367347,707.93247755102,549.673740816326,355.268726530612,325.525262244898,336.511862244898,297.784453061224,225.818106734694,157.438894897959,172.965579387755,325.172283673469,263.658451020408,275.338347959184,276.114297959184,125.128053877551,173.319634081633,178.375146326531,153.097909795918,145.815300408163,166.333692040816,198.758547959184,210.90828877551,255.117466326531,255.399866326531,256.102016326531,271.462230612245,225.569811632653,213.645464693878,210.707964693878,170.940527346939,176.258827346939,173.886627346939,176.284071020408,176.058171020408,174.976621020408,173.619621020408,173.907771020408,170.472021020408,166.959121020408,125.534772653061,128.454472653061,121.088470204082,152.222449387755,172.09836755102,144.814736938776,165.82906244898,241.84062244898,220.365764693878,212.800861428571,190.682376530612,255.946406122449,233.513529591837,155.446130204082,137.302624897959,116.260808816327,167.346483673469,168.915575510204,171.055175510204,169.528325510204,195.671785714286,199.157185714286,195.556320612245,180.914528163265,174.917550612245,178.483720408163,177.729070408163,174.095320408163,195.580941836735,173.182734897959,204.047813877551,222.482928979592,131.834878163265,133.867642244898,128.292442244898,128.889494285714,132.223636938776,130.234984693878,158.746104897959,145.433603877551,139.506436530612,155.540415714286,183.379872040816,209.455008979592,154.447011428571,154.600685102041,152.927357142857,155.860091836735,155.488757346939,114.925454653061,116.260020020408,111.725620020408,143.071944897959,133.72685244898,152.503994489796,113.982891714286,158.327178163265,195.282141836735,248.480039795918,274.192387755102,271.933637755102,265.545832653061,218.73909244898,189.049613877551,146.636039387755,134.830484081633,140.408828571429,137.056402857143,169.486792040816,183.010820816327,170.223735918367,142.827854081633,125.271565102041,172.167627755102,164.53478244898,145.440616734694,207.370140612245,233.587593469388,212.402199183673,184.726308367347,207.700898571429,190.336017959184,183.315617959184,182.416317959184,253.129805102041,288.765567346939,289.610459183673,292.700180612245,300.387974489796,290.783924489796,261.026621428571,317.394470408163,293.474601020408,188.72257122449,178.324668571429,228.369446530612,253.593218163265,230.660383061224,123.284566673469,126.193366673469,226.393291428571,134.956642653061,143.772225918367,171.214267959184,170.837281428571,182.037730612245,221.665478163265,143.231629591837,138.958233673469,151.441203877551,152.540612857143,146.546339183673,146.43417122449,140.590162653061,144.981515510204,127.832546326531,134.047990408163,146.115341020408,172.523918367347,189.104437959184,169.610798571429,142.007796938775,147.635196938776,144.383496938776,132.71071244898,266.829139795918,345.291066326531,302.625782653061,247.838191428571,277.241573469388,328.433621428571,258.353612244898,249.254412244898,135.439693265306,183.025608979592,221.984980408163,198.627695510204,176.543760408163,332.215947959184,331.600197959184,354.28477755102,305.089785714286,241.137154081633,333.002462244898,322.049454081633,292.876133673469,472.598970408163,419.684517346939,412.238455102041,325.459263265306,360.431273469388,316.047423469388,305.583802040816,262.075958163265,261.112508163265,318.723201020408,289.16455,254.607556122449,258.130756122449,277.792085714286,192.086578979592,210.622294489796,207.994144489796,209.425444489796,207.168794489796,206.916644489796,213.513125102041,209.421425102041,258.057523469388,259.484023469388,239.515479795918,239.931729795918,285.319573469388,187.878432857143,190.57179,193.16349,232.126807346939,234.317107346939,183.152833877551,187.585183877551,215.990727346939,216.532977346939,217.459227346939,167.672544897959,167.247444897959,169.190244897959,238.119320204082,167.755516530612,157.844471020408,160.329371020408,131.94759244898,130.55634244898,197.361333061224,121.934471857143,119.165021857143,171.428085714286,135.295414081633,132.439114081633,165.919743469388,256.851997959184,126.016804285714,151.577210816326,149.818260816327,157.027110816327,127.509365102041,147.342164285714,154.538523265306,149.798874693878,157.971772244898,302.015735714286,304.837823469388,268.593994897959,257.490417346939,330.594297959184,342.18772755102,324.57626122449,445.206919387755,444.971219387755,456.44777755102,455.18072755102,462.27227755102,391.392220408163,487.225637755102,502.125339795918,474.137035714286,389.613345918367,386.856495918367,390.297091836735,418.093907142857,415.632857142857,390.747058163265,386.322645918367,385.551745918367,385.612571428571,384.856571428571,370.091703061225,372.117119387755,292.988455102041,292.341355102041,320.486087755102,288.869262244898,224.998220816327,257.987791836735,359.37735,282.228260204082,320.011594897959,289.82426122449,290.483951020408,267.82126122449,343.654121428571,412.091695918367,391.522256122449,387.267301020408,447.56346122449,439.62836122449,492.591337755102,403.583486734694,401.826218367347,365.424319387755,369.191869387755,372.017006122449,429.844482653061,473.597886734694,455.246502040816,400.907544897959,403.958191836735,416.822595918367,440.662887755102,467.16005,280.968892857143,238.126075510204,205.31338877551,121.241744693878,131.299245918367,142.633254897959,150.099699591837,145.131540816327,111.696405285714,113.189505285714,190.470974693878,230.835402244898,226.386665918367,208.922971632653,230.535336530612,134.312751020408,138.92710877551,164.547675306122,125.954826326531,132.103326326531,128.868326326531,161.427298163265,184.471687142857,332.788071428571,279.577855102041,262.313234693878,235.874310408163,150.541472040816,141.442714285714,142.770764285714,240.510965306122,147.17153,160.29143,144.178003877551,193.776457142857,174.442948571429,178.204498571429,214.720194897959,207.578385102041,192.493451836735,223.665726326531,276.463532653061,276.653337755102,280.392314285714,310.553189795918,231.675252653061,245.290068367347,427.227298979592,436.839148979592,433.584048979592,364.121751020408,308.879069387755,353.908331632653,395.779994897959,276.717403061225,268.912903061224,247.233567346939,296.678648979592,245.061885102041,253.970703469388,318.784035714286,222.393918163265,226.61411,222.34766,374.100343877551,275.753951020408,278.487425510204,302.056458163265,299.02682755102,216.759772653061,264.835478571429,243.838106122449,276.003062244898,182.925746734694,176.499894285714,149.419066326531,131.687530816327,131.945830816327,115.585305469388,109.78699254898,136.463418163265,143.912647142857,144.934804693878,146.623654693878,140.708534693878,141.209763061224,236.220488571429,423.234133673469,386.369826326531,456.359204897959,550.532364081633,519.633639591837,623.080436530612,618.176076530612,401.376995918367,443.166585714286,520.492957142857,519.768907142857,517.440907142857,532.946652040816,316.909883673469,315.908180612245,278.240779591837,271.073335714286,269.246218367347,266.904335714286,275.988483673469,267.885103061224,128.829967959184,128.425871836735,141.511150408163,223.550419183673,227.75505877551,248.053320612245,251.956220612245,259.195862244898,241.060064897959,255.202953673469,280.229742857143,279.396442857143,246.565288571429,191.077921020408,136.091569183673,166.78717,114.122061816327,111.923311816327,114.694711816327,116.791511816327,118.544561816327,250.132520816327,257.935304285714,227.191912653061,152.203116326531,150.930616326531,151.411416326531,172.757807959184,312.012347959184,281.844620408163,227.254905102041,294.817056122449,138.161614897959,193.892926530612,167.964228367347,126.523806122449,127.566856122449,139.266319183673,202.503106734694,322.999417346939,276.949753061224,193.331727142857,175.461218571429,137.697479591837,157.170483673469,159.537033673469,189.311856734694,211.587056734694,130.625604285714,129.385104285714,242.58000244898,239.052507346939,214.10194877551,214.34439877551,214.43439877551,218.602762653061,180.314041632653,184.400706326531,182.715947959184,201.943608979592,151.779805918367,124.441069183673,283.971266326531,243.983349795918,207.044618367347,118.821384326531,120.117208816327,120.300108816327,253.470600816327,251.426750816326,333.509113265306,281.76973877551,202.790741020408,248.492524693878,393.350067346939,456.486065306122,361.953698979592,363.676316326531,365.467548979592,384.468469387755,286.566666326531,285.843505102041,209.952269183673,161.369753877551,162.424503877551,130.203211836735,121.733801020408,139.320638163265,134.127492653061,110.38664744898,122.971584122449,121.096934122449,118.065569102041,160.605927346939,153.964553061224,166.028873061224,154.039243265306,164.345149183673,173.37001,227.981856530612,271.979648979592,272.282998979592,237.007963061224,223.056190408163,198.557201836735,185.216235714286,163.842287959184,232.087953877551,227.079224897959,235.40581755102,300.101860204082,304.589510204082,300.357710204082,282.394224489796,212.49748122449,118.445179081633,153.469200204082,155.857987142857,152.486320204082,194.600993061224,150.068612244898,134.104862653061,132.870712653061,133.829662653061,133.761612653061,137.917512653061,132.841212653061,129.463762653061,132.857963061224,147.332734285714,238.563090408163,246.144302857143,244.706202857143,204.583043673469,241.948504897959,262.99885,469.465519387755,410.713358163265,367.056025510204,243.312645102041,139.776092857143,176.823615510204,179.948996122449,145.810039387755,159.021639387755,147.156060204082,138.604994897959,139.749344897959,127.059262653061,122.982160816327,124.496629591837,137.710712244898,137.710712244898,129.060222653061,122.799452653061,179.338398163265,151.343584285714,129.569895510204,141.088675510204,148.40973,114.072819795918,198.078524693878,186.775661020408,315.32157244898,305.263766326531,319.394058163265,320.924808163265,359.237460204082,298.704889795918,278.7796,288.115909183673,239.970767142857,219.132856530612,166.072567346939,177.70740122449,178.01550122449,111.20118127551,134.958737959184,177.902242653061,175.559752653061,208.87199877551,284.424753061224,282.248763265306,244.997323673469,205.960834285714,250.278565510204,249.359315510204,246.568483469388,330.842476530612,258.162464285714,241.742722244898,241.890135102041,228.820450204082,158.87696,152.55081,151.02606,152.01006,216.753930612245,238.179164081633,242.103214081633,238.267514081633,197.346458163265,242.429646326531,241.348446326531,180.020843469388,121.837342857143,192.527270408163,185.385470408163,187.741070408163,195.541223469388,171.840692653061,138.370891428571,174.70722877551,184.725677959184,230.646446530612,248.227042857143,243.556196530612,161.110064081633,189.176281836735,225.605756938776,225.676206938776,225.461856938776,227.777815510204,282.360678571429,336.329346938775,323.653058163265,322.294958163265,577.812358163265,578.090508163265,543.797555102041,544.430705102041,548.387796938776,549.278046938775,513.072807142857,480.767747959184,481.809347959184,486.776747959184,477.237993877551,484.17036122449,485.23431122449,482.90401122449,503.918135714286,501.817485714286,594.465543877551,596.654193877551,606.026631632653,583.269560204082,585.206310204082,586.319660204082,563.033152040816,682.082536734694,683.603086734694,683.438436734694,685.275436734694,522.344182653061,522.705482653061,529.586167346939,443.885305102041,282.396881632653,258.828693877551,230.068042857143,291.952458163265,265.706994897959,275.551648979592,226.470790612245,255.039675714286,220.082556530612,240.376752653061,212.760926530612,207.885150204082,266.950967346939,288.847240816326,283.812703061224,285.12042244898,287.58132244898,285.601043877551,275.095720408163,413.321898979592,383.643370408163,410.837329591837,503.103567346939,496.053076530612,495.965376530612,446.716353061224,449.386453061224,446.987603061224,446.847337755102,447.277537755102,327.842290816327,452.418304081633,471.521734693878,467.614384693877,386.798533673469,587.410001020408,578.057801020408,608.592143877551,562.398556122449,585.470207142857,588.767607142857,555.515237755102,537.715487755102,424.405331632653,452.071752040816,438.619751020408,496.172632653061,134.94519122449,147.376105102041,147.161305102041,156.755851836735,137.512048367347,159.986691020408,160.414144693878,128.783301836735,128.618451836735,124.734501836735,209.264700816327,183.598988163265,208.43487877551,189.70778,211.860004489796,138.338673061224,165.771364897959,294.618110204082,257.077908163265,282.92857755102,255.03178877551,261.19093877551,252.211518367347,353.052893877551,292.557409183673,253.947202857143,140.117811836735,138.522961836735,142.130469183673,151.555446326531,136.354072857143,135.805372857143,208.27344122449,235.996155102041,244.614648571429,200.683928571429,190.243527959184,219.670484489796,192.926878163265,175.586790816327,169.112147346939,174.193945918367,125.288132653061,180.66282755102,180.417519795918,166.203854897959,150.427547142857,180.888550816327,221.457149183673,226.070107142857,206.748305714286,216.01138877551,216.288876326531,247.619015714286,259.079654081633,265.802445918367,289.665319387755,267.05277244898,272.75152244898,268.67867244898,255.582353061224,197.944948979592,164.066041836735,189.864204489796,207.6418,204.6916,143.022779183673,206.368420408163,154.551305714286,215.250838367347,210.389125918367,206.174490816327,165.708405510204,177.900860408163,153.67408122449,150.484947755102,136.719805510204,159.441328571429,158.326585714286,185.158030816327,146.702769591837,173.094196326531,171.390046326531,213.595949183673,218.291853061224,198.776520204082,199.315238163265,154.961490408163,162.821732857143,106.358624477551,156.416561428571,179.563991020408,129.935900816327,156.61518244898,229.221018367347,235.621127755102,238.743227755102,247.352873877551,247.485473877551,244.774230612245,245.947530612245,217.717508571429,225.028258571429,211.652107142857,200.890390204082,237.82705877551,169.47567877551,135.822120816327,184.577022040816,187.978122040816,223.517653061224,257.006015306122,502.858086734694,416.209726530612,369.572615306122,310.955320408163,278.40126122449,201.125908163265,254.382949387755,198.779231020408,197.870731020408,144.38660244898,135.473186938776,175.880971836735,223.462354693878,178.505645918367,194.150481428571,265.397240816327,274.852044897959,348.48147244898,206.693204081633,262.957209183673,195.775751020408,136.168708979592,134.091706530612,157.246744897959,161.777501632653,178.792860204082,202.245226938776,179.736077142857,155.083180816327,145.068609795918,158.842804081633,131.970901836735,223.122234081633,220.824034081633,151.45409755102,149.704654693878,144.628983877551,173.594806734694,150.110387142857,114.811519959184,240.26442877551,249.733023673469,283.371578571429,266.308319387755,270.476469387755,162.982176938775,289.419483673469,296.685415306122,299.969829591837,284.720592857143,435.811402040816,430.079936734694,420.891215306122,306.857352040816,371.282041836735,362.494605102041,361.507405102041,361.248905102041,325.766980612245,324.466104081633,270.586340816326,371.74481122449,408.650783673469,327.73901122449,457.917594897959,457.988494897959,507.495393877551,490.627181632653,360.602326530612,342.668193877551,302.543714285714,340.512241836735,308.05076122449,291.010323469388,251.863144897959,266.564624489796,310.258228571429,265.704269387755,197.998669591837,140.028879183673,138.068029183673,112.316229306122,112.437729306122,113.809259959184,224.881291428571,207.710822653061,199.68365877551,225.978321020408,145.696182857143,159.544407142857,155.478185918367,155.543285918367,129.545854285714,117.236776408163,120.994876408163,120.119026408163,163.430032857143,166.405388163265,186.254585102041,179.778285102041,223.480351836735,222.268201836735,222.74402244898,134.624582244898,141.174582244898,192.107803673469,192.362653673469,176.707205918367,178.003055918367,204.559894081633,239.395993265306,192.46879755102,267.185748979592,251.006875306122,271.91777244898,211.701624285714,212.276474285714,131.724235918367,117.635601510204,219.19541,148.074743673469,184.668166122449,156.711927959184,156.82720122449,166.051769591837,148.728903265306,149.655498265306,305.015970408163,297.346785714286,326.42942244898,445.628905102041,439.538535102041,444.531155102041,440.079705102041,457.911555102041,309.091902040816,359.459642857143,323.587047959184,358.100508163265,355.749632653061,369.091256122449,388.590429591837,391.250829591837,369.148383673469,297.122875510204,216.601330612245,249.19837122449,219.919839591837,185.880666938776,140.373186734694,136.506886734694,140.477086734694,134.706136734694,130.878886734694,147.246463061224,146.297663061224,195.726254285714,228.824847755102,173.309931020408,175.216731020408,172.070981020408,182.013381020408,176.232931020408,175.290028571429,170.515228571429,194.099204285714,163.102887142857,142.125357142857,183.701451632653,185.138301632653,188.579151632653,185.861301632653,485.445282653061,553.19251122449,488.278435714286,521.125001020408,413.177806122449,406.573814285714,346.224779591837,318.848613265306,312.193213265306,308.505063265306,305.492163265306,313.181113265306,233.452917755102,458.251066326531,332.716066326531,334.601166326531,344.486620408163,322.183155102041,306.235437755102,247.525172857143,248.825172857143,320.131044897959,285.312018367347,285.826268367347,404.418509183673,417.016494897959,419.108894897959,284.658557142857,246.637680612245,247.710330612245,233.204130204082,269.794575510204,285.696332653061,361.230375510204,389.245969387755,268.918930612245,258.944821428571,164.96874755102,222.740397142857,210.334386734694,278.649091836735,147.287384081633,139.121120612245,144.156931428571,122.040771632653,192.408061632653,191.624211632653,188.034124897959,182.857441836735,172.935707755102,179.388048979592,150.584952857143,134.781083265306,139.890772653061,124.956767346939,170.937896122449,297.347569387755,209.654929183673,209.309579183673,297.017678571429,318.088123469388,367.16302755102,368.831062244898,377.569252040816,350.478695918367,324.772856122449,315.030974489796,305.324569387755,322.613304081633,341.579594897959,358.428403061224,363.872253061224,352.962053061224,307.54931122449,372.112464285714,322.741393877551,275.563596938776,484.277594897959,485.952194897959,458.988917346939,462.090917346939,465.490617346939,440.745191836735,439.823141836735,438.873791836735,437.369291836735,403.751175510204,405.598725510204,403.887225510204,416.566220408163,292.819807142857,265.640036734694,213.720715510204,221.981480612245,281.788334693878,140.169844285714,119.093194285714,154.332849387755,113.379224510204,106.276874510204,180.762136530612,182.26780755102,186.02365755102,290.982628571429,283.426974489796,219.373394285714,225.777936122449,234.493213061224,239.272896326531,208.932474897959,129.436991020408,154.431027755102,172.993697959184,136.767642653061,167.516429795918,200.577008163265,216.26256877551,204.774733265306,179.117484285714,142.779679183673,223.30957,182.532706734694,179.967906734694,146.655114897959,135.361407346939,112.516022693878,151.03948122449,149.40224755102,220.304993673469,227.564592653061,169.02046122449,200.162783061225,373.382543877551,416.255703061224,474.107864285714,484.177514285714,318.734132653061,257.162112244898,275.180032653061,292.424332653061,286.632032653061,303.617157142857,308.629294897959,321.232354081633,278.272809183673,159.541728163265,157.105178163265,293.507702040816,293.388252040816,173.646433265306,184.070333265306,178.192783265306,181.807322857143,280.466896938776,189.509416530612,186.763866530612,191.403366530612,191.403366530612,206.629509591837,159.306563061224,204.529729387755,201.346068163265,190.224378163265,137.287543877551,146.168893877551,232.362297959184,176.748721020408,179.341671020408,186.155974285714,254.339801632653,230.35582244898,222.991478163265,194.910298979592,183.030718367347,174.122168367347,148.640864693878,225.78818755102,272.702170408163,268.896420408163,270.259815306122,217.933375102041,219.373048979592,212.637698979592,270.199689795918,251.246218163265,143.526581428571,138.089681428571,137.004081428571,140.161181428571,140.045381428571,166.087485714286,169.625085714286,230.007833673469,199.948917142857,164.884698163265,122.572648612245,118.990054857143,119.580680081633,171.782510612245,147.640832244898,218.624902857143,250.076380612245,252.767580612245,224.22280122449,128.092916938776,155.350674897959,146.397287959184,139.206621632653,141.95703755102,184.317387755102,187.567045918367,231.368684693878,276.409763265306,274.519366326531,272.860093877551,240.991046326531,138.567719183673,182.160594489796,246.165879795918,252.810175714286,381.743119387755,372.496123469388,309.867663265306,318.866794897959,325.2644,350.199684693878,350.642484693878,307.989889795918,251.02822,229.339422244898,230.892072244898,163.514015510204,189.026662040816,165.83276755102,255.886540204082,252.032690204082,229.348431632653,256.271671428571,134.285436326531,194.46958244898,190.23593244898,221.724890612245,191.868726530612,125.569775306122,181.265415102041,194.496265102041,144.797702040816,144.139302040816,197.033666122449,184.718845102041,186.534729387755,223.228035510204,215.465292244898,154.542630204082,203.468409387755,203.306815918367,120.920477591837,115.042251102041,119.392994918367,122.305294142857,130.334094346939,126.86718022449,121.571036265306,127.569579367347,127.590196265306,113.504374020408,132.596317142857,133.236870408163,151.531716734694,142.806015306122,162.288200612245,213.305179795918,159.815146734694,118.723716387755,135.538659387755,134.794359387755,237.316617959184,277.606776530612,175.515594285714,181.766244285714,164.887152040816,163.428902040816,204.156299591837,182.415401836735,178.962482857143,206.324731632653,187.793930612245,184.447095510204,157.562040204082,154.733144285714,201.89405877551,184.502294693878,145.138535510204,110.240107897959,132.371512653061,144.147075306122,174.527313673469,148.915769387755,141.175032857143,136.668214897959,129.828964897959,124.619964897959,202.852480204082,260.717367346939,245.874852040816,329.500825510204,300.717998979592,298.208884693878,296.643184693878,295.691884693878,402.212355102041,396.120855102041,394.956105102041,375.847179591837,309.665413265306,269.14961122449,243.369411836735,248.016468163265,203.677444693878,195.976725102041,225.732783877551,309.83898877551,256.305103061224,250.025196326531,231.354332040816,235.411533673469,244.983876122449,218.958514489796,311.87883877551,200.784838367347,141.403026122449,140.369294693878,147.531604285714,184.982919795918,180.929169795918,119.658507795918,149.628654489796,193.127584897959,226.573400204082,206.204876938775,216.170317142857,228.813054897959,255.386223469388,219.700579387755,234.544846326531,211.633276326531,197.343483469388,201.991938979592,229.061269183673,224.476168979592,258.279695102041,263.310683673469,278.358846938776,315.751165306122,288.258681632653,349.114110204082,349.993560204082,223.214338367347,188.250140816327,232.44231,231.66456,226.053082653061,262.148497959184,272.286104081633,305.694719387755,144.498222857143,140.219609387755,145.780960408163,145.237060408163,146.262460408163,156.886185714286,170.497605102041,141.129130816327,123.747507142857,160.195727959184,228.520426326531,190.027114693878,188.876364693878,223.49182244898,227.47382244898,226.93682244898,196.674077959184,262.782436734694,232.562773061224,328.702156122449,340.161816326531,422.124586734694,425.222386734694,336.984346938776,316.957087755102,315.219987755102,278.182269387755,113.556608693878,155.570377959184,133.366274489796,133.351674489796,134.012674489796,159.779647755102,168.768097755102,168.538797755102,198.965178367347,160.482238367347,113.805124979592,112.562168102041,167.37262244898,199.988214489796,205.860525306122,206.661475306122,300.560556122449,249.260404081633,275.61485,274.34963877551,319.092081632653,345.582544897959,346.975518367347,344.136990816326,343.324414285714,340.568744897959,331.734675510204,300.989565306122,307.797070408163,202.100521428571,204.461845510204,167.60996877551,184.562277755102,208.026572857143,130.407856938775,143.877635510204,143.898085510204,143.368135510204,141.026885510204,141.334885510204,137.847635510204,112.298888367347,110.166192469388,109.748992469388,319.469095918367,356.957708163265,314.855845918367,296.745208163265,297.963223469388,291.223548979592,340.130109183673,298.543224489796,300.291348979592,304.050924489796,326.547626530612,326.016196938775,329.244801020408,347.46007244898,447.820585714286,441.39921122449,389.622791836735,433.595824489796,535.123198979592,532.699698979592,528.840498979592,400.517675510204,416.162390816326,287.121701020408,244.699835918367,213.192053469388,240.58665755102,181.870530204082,192.499724285714,176.650483877551,300.970698979592,303.821898979592,285.904001020408,297.717896938775,273.614432653061,236.142348979592,145.886127755102,148.021966326531,198.25124,183.660649183673,215.337987959184,150.71092755102,162.288631632653,168.07312,201.680124285714,141.015813673469,142.566013673469,154.400103877551,164.868711836735,196.457263061224,175.753742653061,176.864292653061,148.93165755102,194.555459795918,201.431259795918,151.320937346939,131.458099387755,132.320578571429,100.579912326531,132.613841326531,114.060279693878,215.632307142857,129.300102244898,134.266143877551,133.560243877551,134.851893877551,132.888393877551,144.07774877551,106.997831544898,107.213631544898,129.05459755102,134.090818571429,116.048790714286,245.993805102041,222.743875714286,235.72227,232.13157,260.096720408163,300.704776530612,307.612879591837,308.743279591837,259.378858163265,199.657165714286,206.434685918367,207.145941020408,208.589716122449,203.057787346939,208.514337346939,242.836521428571,236.735300816327,188.213196734694,123.968210816327,221.106838367347,175.435162040816,165.601440612245,215.960013061224,235.918408163265,240.808558163265,295.350641836735,311.431439795918,311.804339795918,166.491073877551,164.381323877551,164.090173877551,112.065228755102,110.502078755102,112.229778755102,108.456528755102,129.029716122449,174.091452244898,114.169339040816,113.988089040816,113.205389040816,108.023039040816,109.529268938776,109.163312920408,103.996662920408,132.307341020408,140.204031836735,124.446772244898,125.432722244898,180.038741836735,171.325957142857,180.619611836735,194.388263877551,341.88118877551,194.464652857143,128.043620408163,173.019463061224,186.747054081633,165.924076734694,152.456865510204,193.385272244898,250.625340816327,247.036740816327,370.690743877551,353.423501020408,261.060991836735,269.082579591837,259.62732244898,270.409187755102,283.348637755102,144.508686734694,144.744480612245,202.42362,211.753771632653,191.510756326531,137.311715510204,122.382615306122,134.729668163265,138.475245306122,128.025896326531,148.085061836735,143.833161836735,154.05153755102,229.64110122449,184.237314489796,124.512167142857,125.502167142857,132.774383877551,132.569483877551,129.562749183673,131.536599183673,121.688140408163,131.575594897959,139.696132040816,164.235601836735,139.39344122449,140.23144122449,136.71994122449,310.837559183673,295.135060204082,298.712110204082,293.087930612245,188.126614489796,153.107899183673,200.462459591837,197.322322244898,212.111489183673,219.700670612245,229.909695306122,234.332566530612,233.781271836735,233.736477142857,234.345813877551,213.208804693878,246.586775306122,241.509181020408,226.756846326531,388.156959183673,385.090359183673,512.855017346939,511.577317346939,407.058566326531,458.17268877551,428.592394897959,337.981,336.568128571429,354.940937755102,466.443110204082,402.308063265306,358.06738877551,370.09773877551,367.74083877551,357.048823469388,352.888808163265,257.018536734694,327.160641836735,273.993095918367,237.797005102041,239.733505102041,248.96177877551,252.91482,146.587165102041,141.421615102041,113.637668571429,196.008608571429,173.818176122449,179.995482244898,157.339308367347,154.166776326531,124.808426734694,149.661825714286,222.732552040816,172.757328163265,175.773034693878,115.729303836735,127.621905918367,155.69106122449,150.003154693878,224.853509387755,166.369006530612,186.850498163265,202.537072857143,244.578511428571,232.337566122449,233.365840204082,215.00269122449,319.82483877551,242.181056938775,273.891089795918,268.424639795918,227.147498979592,229.536548979592,231.917748979592,317.242646938775,235.116778571429,189.019573469388,234.064359795918,238.308623877551,237.547073877551,263.068654285714,263.497204285714,206.777258979592,207.436109795918,206.429368571429,188.471316938775,154.893524897959,155.006036530612,130.718468571429,133.942968571429,134.886718571429,134.13138,152.854799387755,209.335534285714,201.464584285714,248.578173469388,255.446923469388,278.24867755102,223.955988571429,221.655218163265,244.193405306122,146.8032,188.111767346939,159.647185714286,162.306870408163,177.701772040816,135.718512244898,137.123014081633,140.835995306122,180.057512857143,246.730548571429,245.670348571429,242.055603469388,240.168703469388,240.959503469388,240.646703469388,222.781296326531,214.774446326531,160.706871632653,391.832187755102,390.985437755102,355.952104081633,347.902054081633,356.000574489796,169.162407142857,206.821503469388,168.950389387755,117.827826653061,218.022104489796,168.269261836735,169.343361836735,146.322950612245,147.641565102041,137.667123469388,169.337687959184,140.966716734694,115.337833795918,154.142113061225,154.497613061224,118.538672897959,131.337739795918,134.477089795918,138.104089795918,117.809442938776,114.160746571429,128.49333755102,138.009421836735,139.039921836735,138.405121836735,217.817280612245,225.100425918367,325.198833673469,344.254480612245,290.274054081633,288.058454081633,384.624208163265,206.208035102041,227.008805102041,226.070655102041,223.338663877551,226.255303265306,224.797611632653,213.566304081633,273.163935714286,267.255842857143,300.262674489796,267.422235714286,297.043675510204,314.376842857143,369.241163265306
79.6734693877551,354.472578367347,331.777798979592,292.470898979592,315.712013265306,360.454752040816,367.077192857143,386.756742857143,386.023692857143,515.6306,531.7034,579.702074489796,517.682924489796,458.775824489796,544.898474489796,528.108424489796,620.030240816327,582.505443877551,532.376143877551,510.713682653061,524.623082653061,576.492581632653,558.586131632653,520.644381632653,427.36672,309.82985,300.36855,325.622409183674,417.570384183674,594.055212244898,545.142963265306,484.022854081633,574.991959183674,589.005932653061,640.972241836735,703.941441836735,732.746383673469,654.830993877551,656.206680612245,540.456252040816,559.054476326531,555.570190816327,576.704494897959,558.561127346939,575.476565714286,614.067052857143,590.29888122449,473.898093469388,462.103108979592,470.250211428571,383.674006428571,480.21300877551,573.24900877551,612.258795102041,674.747457755102,650.101357755102,663.208957755102,650.361157755102,622.768572040816,640.901022040816,656.066419387755,620.458669387755,591.490308367347,627.145499183673,590.994460612245,508.022095918367,507.811434081633,490.119084081633,473.814614081633,559.310414081633,549.219464081633,618.580366326531,570.597587755102,626.948824489796,637.578399183673,507.67148877551,493.216591836735,593.340482653061,747.192444285714,636.125649387755,590.719920204082,636.110354081633,620.377354081633,572.224804081633,534.251508163265,573.026882653061,450.015653061225,500.082283673469,512.783803061224,419.803266326531,473.445367346939,386.453017346939,306.760567346939,260.878490408163,293.767849183673,272.947347653061,446.782806122449,400.642206122449,476.100111836735,493.460428673469,429.964000816327,432.314510612245,420.322810612245,381.301749183674,379.503849183673,417.03432877551,383.49877877551,422.44977877551,453.675288163265,439.214790612245,500.770988367347,636.375605918367,385.420855918367,362.915819387755,340.597717346939,385.550583673469,391.148838163265,513.240134693878,467.61437755102,472.92187755102,488.288876530612,458.674336734694,485.065501020408,690.96346755102,644.171189795918,619.126689795918,585.642523469388,492.997023469388,551.028708163265,434.652393877551,499.397206122449,606.652785510204,511.307978163265,409.609016734694,469.645100612245,526.548503265306,514.470695306122,470.648258163265,464.764198979592,269.259414489796,310.236382653061,330.123437755102,332.614531632653,373.504681632653,448.333831632653,404.602154081633,399.820263265306,465.288378571429,547.041902040816,533.636302040816,413.667652040816,416.288452040816,363.996280612245,446.741065102041,400.903974081633,411.467998571429,423.272056326531,407.174491632653,409.174258571429,399.953745918367,381.82364877551,382.832534897959,374.968919591837,325.931259591837,402.127550816326,408.652058163265,525.769384693878,513.154966734694,478.970264081633,386.926964081633,533.264321428571,551.960644897959,619.117792857143,653.04151122449,514.647014285714,476.961946326531,465.581638367347,429.124299591837,667.393025510204,624.150993877551,536.554309183674,504.901159183673,505.961843877551,545.861745918367,537.095845918367,693.46747244898,668.148314285714,540.446321428572,462.790779183673,323.254020204082,363.877924489796,378.317331428571,521.126370204082,520.937774489796,576.503329183673,570.224516122449,500.96402255102,476.10380622449,566.566927142857,604.244544285714,535.405941836735,543.567291836735,639.094085918367,624.914858408163,656.25613544898,618.049239979592,644.985955204082,389.22684244898,417.413824897959,378.656208163265,319.491011632653,319.231179387755,301.230814897959,307.441802653061,298.934163265306,303.315123469388,292.983783673469,245.571266734694,246.504918163265,215.368241836735,208.458936734694,250.324296326531,221.384339081633,544.207376530612,517.109507857143,524.684268673469,530.813712622449,519.834997316327,543.08272894898,622.489008163265,620.236516326531,656.159810204082,689.866792857143,600.863814285714,565.096826938776,445.531276938776,552.239188163265,514.975137959184,529.48373877551,398.639727959184,390.678495918367,488.44305,427.309477346939,472.139731836735,465.075981836735,493.774839795918,550.551570408163,484.139627142857,555.56646877551,435.133750204082,475.916146938776,456.681794897959,432.904031020408,491.056558571429,492.676399183674,456.160891836735,588.886979591837,616.631434489796,637.309684489796,549.703389183673,658.046869591837,596.902147755102,559.905985510204,491.458435510204,596.490841632653,549.768963265306,640.986315306122,660.741755714286,622.397683673469,616.155930612245,593.990682653061,689.757842857143,712.961960408163,629.69918,621.301435918367,527.43099755102,485.569580612245,444.989964285714,484.291915306122,625.481397959184,696.576384693878,625.391528367347,698.195113877551,700.775951632653,701.221791632653,707.263383265306,749.533574591837,685.282533877551,677.746534081633,587.518511020408,644.794442040816,531.625607346939,501.327667142857,633.032379795918,612.137995918367,638.369833061225,557.681721428571,666.840018367347,427.604105102041,507.021582653061,465.172598979592,451.363398979592,445.532710612245,370.813782653061,299.46613622449,351.074658163265,361.981943877551,381.293529591837,303.488706122449,297.789728571429,284.891924489796,276.998443877551,268.159442857143,442.485227551021,492.262251020408,421.099792857143,457.228975510204,448.716209183673,437.074125510204,487.341468367347,437.808344897959,436.310654081633,441.309047959184,522.754870408163,397.152455510204,394.313027346939,431.548315306123,478.82433877551,463.056726326531,451.594500408163,473.426328979592,538.801506326531,425.360550612245,444.997182040816,434.720713265306,373.901951020408,226.779096632653,228.381016632653,235.236344591837,223.189109285714,294.588258163265,339.917718979592,316.070322244898,353.307675510204,366.776348979592,386.960613877551,334.1625,324.237865,441.646404285714,472.510333265306,409.44423755102,375.880171836735,403.686916326531,403.573045714286,377.842345714286,454.050572857143,653.041822857143,681.913063265306,672.224971428572,659.187030204082,640.986290816327,699.955413265306,716.862063265306,685.080709183674,680.250756122449,830.93903367347,738.981686734694,623.871686734694,670.070728979592,660.667262857143,572.471275510204,564.999902040816,579.008401020408,622.893080612245,652.684880612245,713.491798979592,690.654695918367,741.918395918367,707.249795918367,731.411366326531,611.234016326531,585.254316326531,512.387273469388,436.956207142857,531.430457142857,432.206057142857,492.462757142857,745.494457142857,721.716931632653,577.200753061225,622.674703061225,555.316337755102,534.323087755102,547.165584693878,436.298349734694,450.541794693877,373.567344693878,325.751668979592,286.239578571429,285.857685102041,474.733315306122,461.338669591837,385.08175122449,377.947826938776,394.637954693878,306.24636122449,315.799703061225,265.836288163265,221.026408979592,306.059323469388,327.482363061224,281.979753265306,386.521284489796,353.590297959184,418.271253061225,456.099485714286,362.132160204082,442.561560204082,405.870790816327,567.029446938776,543.860252040816,524.836261632653,488.591111632653,468.079913061224,409.405994897959,415.113083061224,346.607576734694,248.095027346939,183.058377346939,375.126042040816,325.407138163265,467.697313877551,456.849684489796,439.675049591837,404.093295102041,533.20475,529.171074489796,552.462614285714,499.300521428572,480.788062040816,494.040982040816,332.01202877551,372.815057346939,502.842134489796,604.745467755102,580.545685714286,673.884109183674,502.051669387755,509.802556530612,495.984794081633,543.279044081633,687.184790816327,506.39808877551,439.017966326531,343.514042857143,258.248678571429,294.098268367347,313.707003061225,364.695906122449,359.995613265306,296.340850816327,283.955989591837,382.156912040816,403.507060204082,597.837237142857,574.356248367347,535.998550612245,545.576128571429,583.751113265306,525.659429183674,563.140793265306,523.401189795918,523.383184897959,454.187641020408,321.974192244898,243.180853673469,194.206254897959,236.871765510204,226.598692653061,215.542311632653,276.648246938776,273.44797244898,299.57204,262.856238693878,280.874656714286,345.265113877551,306.05315877551,333.818912857143,379.350454081633,393.703455102041,388.250279591837,504.887749183673,617.600528571429,586.288707142857,500.796041836735,523.469558163265,563.860478571429,498.638115306123,481.660415306123,483.238865306123,364.166120408163,356.497220408163,319.398702040816,228.908022040816,263.140473265306,314.858228367347,250.593506326531,224.218058571429,226.898521020408,416.563416326531,303.537709795918,357.765141857143,375.046740816327,433.032425510204,437.285094489796,422.97250877551,449.536370204082,438.825493673469,339.118402040816,408.580094081633,407.605958571429,418.157013061224,375.632270204082,388.175820204082,352.160070204082,382.375510204082,394.634898367347,400.219491020408,359.089754489796,359.799704489796,400.363399387755,407.58232877551,394.312091428571,389.441068979592,427.143364081633,418.149243877551,509.736438163265,522.753301428571,553.426435714286,648.186781020408,531.246178979592,389.800825102041,427.971277142857,377.391196326531,497.96593877551,367.639705306122,441.865823877551,393.901125306123,306.033526122449,439.249440918367,565.296647346939,541.282306122449,342.863614183674,383.241354081633,383.241354081633,573.531454081633,468.625654081633,456.052570408163,468.943870408163,404.790016632653,259.312629183673,260.074462244898,335.389095918367,377.736920408163,401.911669387755,436.918890816326,440.924626530612,396.905269183674,415.029976530612,467.463695102041,457.150495102041,217.883052244898,219.356502244898,224.422902244898,208.231202244898,223.151757979592,195.685744897959,154.498195,184.840340612245,165.060966530612,215.164179795918,245.527860714286,173.494994444898,289.591183061225,399.230441632653,266.99523,207.086536530612,431.424969183674,288.524258367347,454.105445510204,458.389292040816,445.329235714286,499.606507142857,404.646454081633,421.579522857143,566.25453244898,482.206986326531,524.118436326531,524.596286326531,536.360036326531,613.759103877551,605.206253877551,573.486607755102,507.079559897959,555.349107755102,493.552957755102,491.022662183673,561.722201836735,612.306870408163,581.192873959184,556.166202244898,602.092452040816,643.267732653061,552.42664877551,607.030278367347,639.457644897959,553.30265,478.436703061225,537.751283673469,558.865815510204,347.587515510204,335.631082857143,337.35437755102,389.639246938775,536.351546938776,566.997059183674,569.345836734694,605.992804081633,601.547251020408,568.480601020408,546.295046938775,458.678184897959,455.302464897959,653.489485102041,637.388538979592,686.46856877551,710.184381428571,719.432417346939,747.224160204082,580.621767346939,527.569182653061,623.690510204082,582.040703061225,556.842694897959,568.697801020408,677.929209183674,724.869631632653,625.190480612245,560.154642653061,565.910916326531,623.749833673469,674.769113469388,654.5515,678.921685714286,609.102758163265,560.707523469388,510.964692857143,449.055962244898,498.108412244898,527.058962244898,451.909592244898,222.177814285714,294.594484693878,469.509375102041,346.244727346939,360.772500612245,415.962875918367,341.343804693878,338.720183673469,321.671086734694,458.386174489796,442.979773469388,501.544833673469,476.365068367347,439.368098979592,464.828853061225,473.995975510204,378.450871428571,345.133859183674,367.998609183673,414.809409183674,364.004701020408,383.483855102041,387.692505102041,429.175305102041,330.611476530612,400.623126530612,531.949070408163,528.068445102041,338.056600918367,394.554988979592,334.407842040816,302.027576326531,287.105346326531,244.25921877551,275.037622040816,303.516767346939,293.289694081633,221.611204081633,299.98103877551,325.810968367347,410.789101632653,413.080373877551,318.070023673469,289.154122857143,307.479856612245,319.250281836735,322.420568979592,377.766211020408,376.932615102041,341.954314489796,295.556059387755,289.829059387755,346.108656530612,431.291861020408,420.697661020408,396.353861020408,352.691229591837,357.815829591837,445.74423,504.842793061225,391.849901836735,474.686591020408,506.418963265306,479.938211020408,506.445896326531,375.729336938776,383.919446326531,293.871526530612,271.053551836735,360.468053469388,363.724136938776,366.580186938776,356.805557346939,450.400284693878,490.642945510204,545.934961428571,532.173129183673,579.381008979592,572.473350204082,591.986619020408,591.401497,631.162046530612,540.450438163265,494.585538163265,499.744360408163,556.849015469388,618.065792040816,547.455150612245,471.612834489796,409.546000204082,435.702503061225,564.814753061225,553.919303469388,618.899746530612,630.373846530612,614.120289142857,620.509602795918,518.392679367347,623.162169387755,765.91994122449,793.402730816327,791.441314285714,752.435202857143,754.258503673469,813.451194693877,761.910487959184,835.353208163265,874.080438163265,801.429857551021,796.168288367347,690.062366734694,726.94068844898,839.678203816327,741.776707551021,710.826439387755,719.143882653061,689.01200122449,662.413618163265,717.122376326531,727.772107755102,837.092605102041,776.204616326531,806.538848979592,828.881253061225,776.075936122449,744.787586122449,758.993245306123,361.661698979592,314.910173877551,313.664428163265,395.202178163265,558.529832653061,646.366682653061,653.408570204082,569.151470204082,583.689320204082,540.680819387755,529.146937755102,418.116121632653,538.962305102041,440.631896734694,424.030884204082,480.738834204082,557.679615918367,344.825415918367,382.058585510204,295.333664693878,320.854838653061,334.129688653061,368.495488653061,444.562818979592,403.452168979592,386.513583979592,277.453912244898,229.812432040816,228.294565306122,291.20615122449,362.81450122449,359.364138979592,351.614862244898,271.380924897959,302.196924897959,387.133165510204,370.539801938776,379.283466938776,425.531166938776,388.617672040816,422.236728163265,453.263925510204,498.593147959184,531.757521428572,552.658834693878,580.136884693878,596.431730612245,545.028803061225,505.892453061225,545.665969387755,382.723369387755,389.940565102041,369.082105102041,390.972957142857,187.286869163265,406.506270408163,494.586270408163,445.901020408163,565.129431632653,476.819936734694,577.684218367347,531.88523877551,529.252286734694,462.522889795918,403.010593877551,329.41787244898,302.362120408163,316.032420408163,305.140710204082,325.401798979592,265.301705102041,222.598067142857,272.073843265306,285.653189591837,286.349039591837,365.252351428571,369.79915877551,353.26045877551,277.076557959184,408.910532040816,383.464284693878,357.387724285714,240.004009285714,229.808702367347,254.244058571429,462.023881632653,450.965241428571,427.444754081633,422.886878571429,414.44483877551,420.754885714286,313.92007755102,241.38066255102,229.21087755102,186.65287755102,143.240491938776,234.933083673469,219.03308744898,340.408666326531,382.656028571429,398.42261122449,321.83883877551,315.531343061225,341.046968367347,395.188012244898,367.355362244898,365.709262244898,401.120062244898,395.57825244898,397.968394693878,560.399361836735,557.568638979592,557.884129795918,554.596179795918,555.661596530612,560.639623265306,519.377492653061,477.382606938776,396.029869795918,339.420115918367,403.280269795918,320.713420816327,342.488181836735,415.651079591837,279.909199183673,321.704961020408,217.639027755102,191.982966836735,203.364205714286,237.76451,240.146638163265,204.892422244898,219.748467959184,208.093603469388,209.088940204082,290.966258244898,357.551558244898,391.352736510204,421.812268571429,437.812796530612,472.817164693878,415.68875122449,401.691949183674,410.577005918367,384.603911428571,380.342620081633,335.606946530612,481.437527755102,381.652284081633,430.020975102041,516.452601632653,531.406694693878,542.644906122449,629.949584693878,702.522410204082,641.175229591837,740.856679591837,706.676479591837,542.043860204082,486.897970408163,488.213570408163,519.617043061225,890.121064285714,896.043372857143,841.633155918367,840.889305918368,840.917408367347,841.490208163265,977.254673469388,780.334045510204,847.696321020408,775.576004081633,694.1613,618.375694897959,651.398287755102,722.688293877551,673.577277551021,671.957352040816,607.297451020408,513.359145918367,602.413404081633,588.720520306123,587.181487653061,689.19252744898,862.853193877551,757.112043877551,688.38362244898,618.348341020408,550.764996530612,561.732589591837,741.204589591837,658.60077755102,592.891580612245,594.782545918367,636.91555,672.29785,629.152240204082,700.038190204082,791.141233061225,857.791033061225,803.838336734694,789.593286734694,715.301944897959,529.744144897959,370.130944897959,309.669593673469,360.132143673469,342.348694081633,417.665794081633,377.400994081633,469.227994081633,429.636094081633,401.636694081633,424.620794081633,409.678415510204,379.197065510204,309.225500510204,352.448452857143,324.607552857143,384.434302857143,289.441352857143,342.233052857143,494.509102857143,422.992765102041,405.333565102041,423.769878163265,391.316179081633,504.737612755102,410.562047755102,404.283130612245,411.076480612245,427.110078571429,344.367619387755,340.607853469388,305.247724489796,306.774274489796,237.256167755102,196.140236122449,201.5136,324.574941020408,302.909640204082,181.116436836735,207.977313469388,181.402563877551,177.196869887755,260.1907505,262.96655,231.84475,307.792203061225,315.399603061225,343.123503061224,340.772424489796,350.901874489796,345.656556122449,352.355543877551,350.157143877551,341.352143877551,346.583728571429,361.939218367347,396.959929591837,323.932575510204,322.682397346939,363.542423469388,385.942881632653,211.472625102041,229.044699183674,272.521166734694,298.43041244898,372.697358979592,360.503108979592,481.168444897959,347.375341836735,288.754392857143,364.200971428572,258.471671428571,276.660721428571,346.429794285714,339.829073469388,311.728983673469,322.975360244898,417.208793265306,360.188213877551,362.639690204082,368.470590204082,281.265085306122,300.199421428571,256.983821428571,243.720735510204,231.339575102041,239.884925102041,347.029773061224,466.547694081633,369.330094081633,311.614060816327,382.592053061225,397.334543469388,407.440609183673,424.047209183673,480.983425918367,488.296675918367,465.434499795918,495.939849795918,629.739876938776,649.086760612245,497.052791836735,395.283007142857,318.840051020408,321.889969387755,278.042413877551,239.633902040816,243.665474693878,222.34995,235.41855,285.8463,341.030967346939,326.736838163265,327.077765102041,267.224615102041,209.939140816327,262.996789795918,246.435292244898,263.666273061225,300.557313265306,259.36608877551,336.900562244898,351.263384081633,312.79049,347.068211836735,441.838850816326,651.956426530612,640.771448979592,620.862561714286,722.680911714286,781.098372040816,892.597679081633,916.934156428571,914.604944693878,909.205663673469,950.501202040816,823.192929795918,824.487716530612,889.910043265306,816.938265918367,823.769968367347,625.292307142857,649.170112653061,705.760536530612,708.192319387755,668.164086734694,558.058169387755,599.802206122449,362.364225918367,396.170475918367,285.286973265306,252.442827081633,289.91062122449,267.42192122449,217.59192122449,203.888559387755,210.771908571429,296.693478571429,294.662131632653,494.697931632653,553.601268367347,539.760018367347,506.972971428571,605.378984693878,490.708695918367,516.367948979592,518.510958163265,461.658007142857,300.67857377551,316.392065918367,303.990076530612,308.905742857143,366.402270408163,289.16132755102,326.31588877551,331.593279591837,330.737807959184,325.954107959184,424.312135714286,422.528244897959,402.876638571429,400.33760122449,363.553184693878,390.141939591837,355.560639591837,443.467893877551,468.581826530612,413.050205102041,440.382736734694,445.341455306122,443.398006122449,435.335782653061,336.431346632653,272.245762959184,265.94847755102,261.30042755102,296.172001020408,397.482169387755,412.780496938776,269.90112244898,297.006181632653,294.089387755102,289.03021122449,276.519352040816,303.955934081633,318.010821020408,340.675648979592,534.440630612245,637.164114285714,618.194814285714,682.015391836735,673.193275510204,754.018375510204,816.797466326531,713.057076530612,824.619358163265,796.040436734694,767.019375510204,716.775119387755,386.665769387755,460.762269387755,491.031928571429,468.636579591837,430.820587755102,364.874138979592,382.047792857143,398.672644897959,465.863805102041,280.189875510204,252.238950612245,249.636205306122,270.736503061225,323.747091632653,334.68050122449,345.060544081633,377.353248367347,493.375825714286,470.702566734694,356.165944489796,382.248016326531,412.357292040816,383.419469387755,508.134442857143,486.568600510204,514.404201020408,533.081865714286,532.475706938776,393.009870408163,330.887944693878,328.676806122449,273.19080877551,256.39502244898,307.171463265306,304.303725102041,243.579505102041,295.236156326531,321.018367346939,320.73396122449,440.40471122449,397.786180612245,358.175352040816,267.589680408163,283.250743673469,240.338334693878,204.45387244898,251.727804285714,281.819930612245,284.494396081633,253.333846081633,208.063546081633,200.310046081633,185.587719183673,218.370311938776,156.327236938776,186.817311938776,192.046623571429,159.784981836735,140.844872244898,207.508819795918,369.284896510204,355.104196510204,350.481496510204,320.541196510204,416.575846510204,425.160002040816,396.441449591837,350.454299591837,256.758798163265,273.546436530612,189.31854255102,249.58663755102,288.763071632653,257.606120408163,411.142132653061,368.120993877551,252.934316122449,252.574192244898,218.413914489796,159.51421744898,189.08977255102,365.25884755102,361.61614755102,355.064955714286,434.081874285714,368.046922040816,370.431094897959,424.924207142857,375.366592857143,369.882917346939,306.400967346939,361.276191632653,271.716681326531,243.543826326531,290.364899183673,270.848383469388,254.546791836735,270.411570816327,272.218478428571,404.373909183674,360.177346938776,393.322875510204,368.289475510204,424.999675510204,436.180825510204,287.186095510204,314.370874489796,226.939531632653,198.488271632653,338.307766326531,333.490066326531,287.298851020408,237.795619387755,304.117901020408,308.760126530612,255.562278163265,253.383756938776,305.312206938776,239.200265918367,299.574777346939,346.386552040816,465.913024489796,418.90218244898,349.197210204082,365.5572,316.441223469388,253.925195918367,209.750751020408,286.365586734694,390.182057142857,352.558416326531,389.181171428571,384.983996938776,553.739134693878,627.649062244898,672.599781632653,519.565676530612,346.249437755102,390.202882653061,375.27145,379.18905,323.8342,477.790570408163,427.657280612245,269.631195612245,237.276141836735,225.431806836735,210.903599693878,262.045645918367,233.518989693878,181.000573979592,226.858503877551,339.121254081633,343.860510204082,334.874297959184,352.184041428571,528.499709183674,577.315765306123,580.549315306122,616.133315306123,653.491547959184,641.60963877551,696.90098877551,752.866551020408,586.470714897959,594.447029591837,544.528933877551,565.469668979592,600.084256122449,747.317719387755,718.29955877551,731.27275755102,711.366623673469,648.209501836735,552.377853571429,602.202017857143,635.232754693878,686.311019183673,674.116500612245,638.526156938776,780.658513673469,803.075788673469,767.926106122449,759.536901061225,811.738101061224,733.989097346939,742.908165102041,688.513034285714,712.297856122449,722.350431632653,596.047209183674,572.222134693878,847.003457142857,848.302157142857,700.815870408163,733.832745918367,862.833645918367,1010.00421857143,977.963629183674,982.479036530612,717.5149,763.164245510204,735.818087142857,677.201942183674,670.23928122449,509.906283061225,534.083183877551,446.330504285714,213.78170122449,239.428360612245,277.961160204082,337.557340612245,332.45448244898,271.936865714286,229.85747244898,240.632157346939,240.516676530612,288.365526530612,364.982196938776,318.567898367347,414.949836938775,647.491754081633,614.021354081633,598.173491836735,681.473591836735,583.771744285714,523.569024693878,715.424494285714,686.840855510204,557.021640204082,484.473890204082,430.520104285714,391.535704285714,473.549953061225,480.137720204082,529.807688571429,518.503758163265,525.652109387755,602.244542040816,541.431730612245,554.029592857143,542.858961020408,515.356173877551,480.553629183673,478.354346938776,458.261321428571,453.692894897959,448.168343265306,474.243989795918,511.400491428571,414.15630755102,430.200308979592,343.750508979592,282.026270204082,410.01805,349.427337755102,358.444585306123,381.012087346939,486.842388571429,423.292152857143,473.928620612245,473.014694897959,473.582794897959,607.198155510204,535.355955510204,515.499283673469,579.771751020408,548.428869387755,551.389532653061,560.905451428571,443.496594897959,460.054446938776,448.927750469388,507.959013469388,573.458013469388,590.103613469388,578.928514489796,543.314764489796,524.510811428571,473.742837755102,456.307051632653,495.617370408163,575.845760204082,566.041096122449,410.169496122449,517.500172653061,443.810125102041,382.733425102041,364.526603061224,607.851075510204,624.330825510204,619.847378571429,604.373644489796,620.562694489796,524.613025918367,544.840006326531,471.708529591837,431.327875510204,385.477343469388,423.443312244898,486.432014081633,423.772620612245,368.115241836735,427.943931428571,439.187201020408,525.516352244898,521.566412653061,531.629224897959,510.618990612245,515.806392857143,509.523145918367,549.051325102041,575.156920204082,570.776925510204,529.822941020408,678.021091020408,606.468775102041,598.344353673469,605.535403877551,582.450953877551,438.153012857143,448.584776734694,529.272471428572,639.672610204082,534.875460816327,537.781260816327,522.611448979592,524.404611428571,534.937000204082,599.565747959184,901.851673877551,803.611574285714,839.067503265306,851.338519591837,876.263951122449,865.56672244898,818.296516734694,859.060740612245,863.681240612245,835.294879387755,839.842345510204,840.876245510204,530.140004285714,585.670676326531,481.642059387755,554.06791122449,568.539274897959,419.272516938776,471.326132653061,482.7163,500.688361836735,446.143566122449,441.028804693878,505.615204693878,366.547313673469,366.816414081633,409.89501122449,380.560632653061,423.225433673469,430.159808163265,441.169908163265,376.062631632653,394.205525510204,398.053418367347,271.784287755102,404.53731122449,389.90748877551,292.914974897959,330.350987755102,360.482280612245,299.507248163265,316.610697959184,316.772929591837,288.929096326531,285.524145714286,188.121590714286,203.353855,189.252974183673,201.966375306122,292.583207959184,273.417848979592,305.993238571429,374.227985714286,284.036837346939,283.723697959184,321.403314693878,456.566149387755,578.109878571429,555.559678571429,432.184634571429,387.285096122449,378.71191755102,284.40378,311.788620612245,304.549069387755,342.064089591837,322.119639591837,317.236872653061,270.119522653061,260.34604755102,341.39457755102,307.555753265306,294.687949591837,273.598822653061,324.583672653061,250.469278571429,227.921152040816,183.888261632653,215.287511632653,188.875418367347,189.080809387755,174.209186326531,282.566011428571,321.589633673469,269.702362244898,230.185471020408,446.773482244898,345.036189795918,366.372776530612,287.195926734694,372.158765510204,297.321211020408,162.284891020408,230.550200612245,256.190883265306,243.899498367347,253.412265918367,452.191389387755,510.491253061225,543.906231632653,587.050577346939,495.292562857143,487.890980204082,480.943186530612,577.592704693878,551.44968755102,559.004983673469,630.927454081633,338.115942857143,356.515629387755,408.265457346939,376.250142040816,395.715158571429,368.669032857143,339.780993265306,349.692283469388,266.625059591837,319.008288571429,331.719897346939,363.097740408163,237.101214693878,264.766837142857,252.052059183673,392.676843877551,395.465643877551,410.640243877551,519.481412857143,478.924962857143,489.162012857143,492.888123061224,544.833873061224,454.872423061224,424.484986734694,429.472017959184,469.116305102041,500.045792857143,515.704455510204,476.964355510204,428.893255510204,370.764205510204,365.543055510204,443.905105510204,466.096595897959,475.490437755102,436.504337755102,483.785198571429,488.080948571429,399.205903265306,509.263137959184,501.147064897959,505.178264285714,477.273635102041,482.67486877551,464.37742122449,464.654332857143,409.617907959184,394.004467346939,388.669428571429,371.396835306122,427.610562040816,498.731462040816,522.623097755102,465.687415918367,492.986010204082,530.787854489796,524.523554489796,604.21097122449,530.067282857143,544.301982857143,587.477625918367,688.253795306122,688.191985142857,748.783556326531,784.868283469388,719.40002877551,615.240439795918,638.688574285714,699.396384693878,678.659563265306,660.263062244898,833.872196938775,797.227064285714,787.828170408163,769.756645918367,692.118506326531,658.293904897959,590.514907959184,524.588605102041,582.225547959184,552.018997959184,562.348565306123,650.39098,608.131031632653,635.239781632653,631.968367346939,676.530667346939,441.485514285714,432.443667959184,512.859242244898,431.809742244898,441.571304081633,599.585580408163,485.014853877551,527.224535102041,412.103739387755,535.952885102041,495.764856530612,369.822441020408,374.025759183673,380.777129591837,385.005929591837,411.216216734694,396.110689183673,446.006239183674,406.678339183673,427.063639183673,369.804139183673,483.679639183673,373.281139183674,325.865689183673,271.703449387755,252.384649387755,292.730120204082,279.635608163265,287.929695102041,295.330350612245,294.263340204082,288.224499387755,313.193041836735,429.188791836735,409.684522857143,407.511172857143,428.879731836735,332.455681836735,314.069276530612,326.486789795918,323.419289795918,315.49183877551,410.728075510204,407.699095918367,503.838104693878,413.545293265306,358.078593265306,277.38821877551,381.566887142857,270.503413061224,235.563013061224,217.875258061225,268.663443061225,264.914551020408,197.766572040816,241.443672040816,248.493404693878,201.400133469388,215.211683469388,294.211583469388,355.927126530612,385.829776530612,483.025726530612,340.063962244898,496.79775,532.830329795918,622.158929795918,610.292349591837,409.028137708163,472.744895510204,410.588083673469,384.343881632653,291.782615306122,294.078223571429,363.684235714286,331.760292857143,357.959404081633,378.150209183674,383.327045918367,347.513524489796,395.219629183673,470.01306244898,463.786062285714,463.920762285714,493.595012285714,496.977162285714,462.755322040816,549.646072040816,479.820772040816,384.120472040816,309.497915510204,307.546432040816,287.965582040816,282.479194387755,295.294273469388,326.872773469388,296.010258469388,243.412686734694,218.284686734694,294.916305102041,268.309950102041,393.130650102041,303.928371346939,225.057021346939,194.199371530612,203.946576530612,259.35099877551,238.17964877551,203.548194693878,245.487444693878,272.526244693878,280.088416734694,217.906478081633,222.213848959184,209.207328526531,348.986288571429,306.175072346939,333.585610714286,223.684880714286,226.671896020408,187.272296020408,255.718801428571,270.821033673469,289.432733673469,235.825561836735,237.535225102041,235.175293061224,254.784451836735,298.146307346939,379.04650122449,415.536681428571,471.484233673469,393.167970408163,424.881274489796,348.077509183673,328.072892040816,363.71323,383.029453673469,387.952264693878,302.361214693878,254.752564693878,170.886254510204,253.906577346939,259.648124693878,310.537478367347,298.460296938776,305.282545306122,253.337995306122,312.992258979592,459.364850204082,526.047526530612,493.492735306122,406.729717959184,367.234485918367,327.255644693878,193.783726734694,236.053768367347,220.022209795918,263.857059795918,329.406259795918,306.281109795918,388.366623061224,310.163923061224,319.529273061225,346.154523061225,355.830829591837,306.459979591837,336.698379591837,374.685558163265,409.568657142857,291.636198979592,308.739698979592,450.798798979592,425.061086530612,401.769636530612,375.542049387755,342.37277755102,347.036124897959,367.163739387755,454.284032653061,475.156964387755,490.017837755102,523.425474693878,536.107656326531,490.585545918367,521.290578571429,454.631963265306,542.776863265306,526.246713265306,484.94917377551,523.51303877551,534.62968877551,644.41038877551,734.099946938776,598.255569387755,459.514719387755,449.307519387755,444.556701020408,451.950787755102,395.028096938776,318.858628367347,277.932166938775,303.695116938775,231.042617836735,225.228156734694,226.973256734694,264.862734489796,293.700284897959,297.678057346939,243.538157346939,230.521457346939,320.217427755102,204.852074897959,370.944867346939,432.719763265306,472.814994897959,480.260501220408,427.504846163265,505.922296163265,429.590446163265,449.965648163265,439.62322755102,295.924763061224,279.586268367347,371.005756122449,328.891702653061,297.276206122449,258.892360612245,323.72714244898,329.792534285714,251.032684285714,285.632179285714,181.82795877551,237.71777877551,240.94297877551,240.63617877551,367.65512877551,402.890031632653,400.303631632653,301.981353061225,274.267503061225,308.141103061224,292.532803265306,287.863103265306,302.093003265306,377.793938163265,379.394538163265,308.397888163265,257.096713673469,236.255113673469,206.236363673469,265.062068163265,264.691718163265,304.043368163265,297.67726,309.80161,304.58351,450.03431,473.438989591837,438.304815306122,453.139574489796,502.816574489796,588.820794489796,558.507294489796,587.644982653061,421.907132653061,331.889882653061,378.140599183674,320.723319387755,384.24516122449,355.518997959184,473.626297959184,436.565594897959,520.919514285714,514.378391836735,583.171771428571,566.292256122449,652.544494897959,596.112494897959,566.719424489796,550.576140408163,530.583860408163,497.914941836735,519.419755102041,426.932282653061,380.690270204082,498.960343877551,317.795946938776,375.337475510204,333.234902040816,364.098710204082,438.229383673469,376.263547142857,305.162594489796,310.739311632653,311.865011530612,344.772183367347,288.400669183673,319.81323122449,315.68281877551,274.753540408163,333.849469387755,428.543469387755,434.588209591837,381.571609591837,303.771109591837,393.700481020408,450.314738163265,639.302017959184,459.881917959184,476.567723877551,478.484273877551,392.794308571429,417.93579122449,451.283117755102,516.275440816327,528.150854693878,360.664304693878,441.386410816327,410.678826734694,382.374126734694,324.743992653061,407.102108571429,351.727911428571,377.850217346939,352.600469387755,301.178388367347,333.574020408163,279.164520408163,262.104720408163,244.955938265306,334.067363265306,337.313653469388,356.745834693878,378.476036734694,595.563245918367,639.716008163265,645.935030612245,913.916280612245,890.546737346939,724.011233061225,737.120574897959,783.901187755102,606.966708979592,579.125887959184,652.774977346939,570.423417346939,624.034431836735,758.309527755102,844.955525306122,752.433186122449,645.471486122449,659.899862857143,506.066949183674,454.358853469388,434.885255714286,545.689627346939,577.73049755102,557.50589755102,589.68464122449,637.572830204082,710.427711632653,743.510640408163,717.518407142857,622.323688367347,520.95018755102,483.737518163265,419.615296530612,404.582982857143,589.448548163265,610.252507142857,624.907710408163,725.357385102041,582.350588979592,550.550334285714,531.850313469388,460.377946938775,371.845368367347,229.353868469388,260.9389,264.139372306122,298.898654489796,322.608105102041,360.454543469388,361.450393469388,356.513425306122,474.285153673469,490.583371428571,502.622660816327,508.601784081633,528.679247755102,524.698800408163,329.58076122449,337.95931122449,353.536015102041,333.002433265306,327.746183265306,245.773704081633,217.047636734694,206.679494897959,254.268237142857,226.134949591837,431.18352755102,399.014217346939,358.024731632653,333.123343061224,278.385183673469,306.648872857143,302.630127755102,228.095454285714,223.507374693878,244.739487857143,266.611560693878,280.143213877551,311.030247265306,310.540397265306,328.609694897959,298.280805510204,363.619724693878,322.662525510204,381.455967959184,353.318947346939,395.667918163265,382.957368163265,374.911968163265,374.359268163265,388.737545918367,289.480855102041,311.006505102041,264.289155102041,288.581591836735,271.297024693878,314.260225714286,335.089161836735,301.916987346939,263.087222040816,221.955053061224,183.737464489796,268.665892857143,236.790442857143,246.115473061225,250.28457755102,286.448508163265,277.157219591837,391.145641632653,355.40466755102,437.595210408163,367.649894489796,322.959403673469,367.850664489796,276.461263265306,280.168316530612,203.255530020408,210.265526938776,222.910112040816,251.242230408163,273.672730408163,320.403605102041,257.088826938776,271.008670408163,287.551864285714,385.717597142857,353.047947142857,336.672051020408,401.698751020408,336.588436428571,397.564786428571,265.463831428571,302.113752653061,428.362513265306,372.152580612245,359.610328571429,389.501241836735,381.37322244898,380.69267244898,362.630445918367,245.149423469388,309.562986734694,430.562806122449,388.756306122449,513.194343877551,527.511748979592,463.909731632653,482.438252040816,477.345094897959,481.741545918367,430.155794897959,362.602716326531,384.573332653061,439.356106122449,463.42336122449,429.865278571429,622.013098979592,574.351192857143,374.747932653061,380.169832653061,343.283052040816,480.118342857143,593.563483673469,464.097084693878,407.934796938776,412.334016326531,389.29357755102,312.687365918367,318.091765918367,280.23310877551,293.23941877551,259.273937142857,297.008523877551,324.060623877551,308.843256122449,361.55645,323.355402040816,287.042352040816,244.356830612245,362.01206122449,394.927884693878,479.717014285714,540.851631632653,520.876581632653,533.42367244898,553.040829387755,691.895783469388,664.215454285714,639.900285714286,673.443617142857,714.895817142857,746.031395918367,686.787211632653,684.90536877551,648.09785122449,526.126443877551,694.698293877551,636.248283061224,674.885426734694,674.798371020408,599.943309387755,464.075931632653,276.865247959184,291.045096326531,323.5958,306.834859183674,281.190259183674,316.181068367347,315.910892857143,249.497869183674,234.624031428571,277.929206122449,351.920356122449,323.636356122449,545.741096938776,461.143547755102,429.784901632653,573.340475510204,542.883582244898,547.092019387755,570.574546938775,604.536421020408,503.354313265306,688.011919795919,689.969378163265,756.541299183673,770.97210244898,764.747012448979,759.760266122449,692.465995734694,678.878126102041,690.266861632653,762.729662244898,724.617124285714,722.208370816326,650.992870816327,672.328920816327,544.406495510204,521.816683,493.609912857143,540.475912857143,614.636562857143,546.934335306122,498.054837959184,419.532734897959,466.521199387755,432.417948571429,407.522833265306,319.776554285714,414.177035714286,389.518499795918,313.055051020408,292.36674,292.144011632653,310.572446938775,251.860825102041,254.650526938775,257.887592040816,195.51767744898,292.107758061225,273.24493244898,296.542956122449,291.874435918367,410.500405714286,473.074235714286,453.964039795918,485.239290204082,430.559915510204,404.041250204082,361.152560816327,610.009255510204,607.830101020408,586.863439591837,417.030334897959,463.744235714286,471.688046938776,462.141102040816,477.108336734694,504.840160204082,561.125921428571,556.694612244898,449.648539795918,478.286039795918,519.205465306123,381.008502040816,375.397452040816,386.634902040816,402.163753061225,398.519675510204,393.632375510204,487.796498979592,360.453548979592,273.738835714286,252.907135714286,302.524635714286,373.269135714286,357.992535714286,396.017456122449,443.302395918367,470.729314285714,472.396316326531,431.98674755102,332.70159755102,374.050310816327,419.936568367347,434.498577551021,286.741765102041,313.537528571429,353.340766326531,342.271742857143,494.84248877551,449.85385,501.018084693878,520.741284693878,380.823186734694,382.510986734694,353.430865306123,498.751992857143,544.378728571429,380.471275510204,381.204392857143,372.768882346939,364.405652755102,338.319358469388,364.852118469388,306.407678673469,301.786685816327,352.386290816327,360.099420408163,379.440233673469,284.120512653061,279.406311836735,261.67062755102,268.354180204082,339.91131244898,391.087923265306,444.762464285714,432.48167244898,438.080229591837,364.758979591837,317.817009183674,275.683556428571,306.526835306123,323.245353673469,410.236736938776,325.522314285714,344.716614285714,435.451753265306,357.853165102041,372.098265102041,521.154589795918,517.834189795918,553.550133673469,557.706733673469,493.240926326531,535.55784755102,554.231678571429,506.050759183673,452.959909183674,439.123009183674,500.275655102041,529.301740816327,433.557148979592,437.783431632653,417.472190816327,346.564920408163,454.26339122449,502.049633673469,535.697337755102,732.427737755102,665.130022857143,632.773838367347,678.113423469388,698.900689795918,490.038917755102,436.534264489796,493.609114489796,472.956890816327,438.541610204082,439.489510204082,437.562305102041,506.094596938776,525.048413265306,444.567106122449,594.138573469388,588.243593877551,522.691255102041,632.788869387755,617.198425510204,626.977628571429,749.786973469388,774.190273469388,932.40153877551,944.617532653061,937.606432653061,816.899780612245,722.840441836735,727.300197959184,513.973987755102,506.651863265306,524.902663265306,413.653524897959,400.991651020408,386.624400612245,285.61094755102,280.996428163265,336.636662244898,383.074862244898,379.054236734694,333.555786734694,292.407911020408,265.238598367347,237.394282857143,314.484466122449,247.073078367347,255.647378367347,291.811028367347,340.532823061224,378.646773061224,294.274323061224,271.923173061224,274.063576734694,275.356626734694,232.516876734694,234.566526734694,199.146366734694,468.791222857143,464.189822857143,377.264051020408,404.6986,297.6826,297.95722122449,276.085015102041,489.736308510204,440.368308510204,301.661358510204,493.612458510204,479.222208510204,533.947158510204,532.971558510204,594.123458510204,544.451008510204,552.297258510204,596.591358510204,554.710602244898,628.108602244898,579.935328571428,580.143678571429,475.674728571429,483.579958571429,372.746258571429,360.603324489796,438.099081428571,464.612656734694,426.217850204082,406.540337959184,463.728225510204,359.085370408163,461.903785918367,561.667621428571,612.313728571429,550.752428571429,599.270878571429,566.85243877551,555.340433673469,499.174849795918,388.378169387755,431.758369387755,444.826119387755,336.870814285714,308.225235714286,202.368050408163,194.913752785714,275.145313061224,227.061193061224,180.786623061225,528.826654693878,437.971047755102,508.198247755102,554.009447755102,350.044697755102,290.135008244898,289.942188367347,337.639238367347,354.146346326531,201.39402755102,272.61952122449,280.982521428571,299.431797959184,295.860014285714,277.296514897959,294.274814897959,308.015563469388,400.744908306122,402.831758306122,412.957958306122,295.704208306122,362.172758306122,323.380958306122,455.191108306122,430.553058306122,411.983105510204,386.740353673469,385.975880816327,424.603907346939,510.339397346939,537.910268163265,387.534493061225,341.13482877551,426.072468979592,439.048621020408,411.854528163265,382.186500816327,372.861750408163,435.406782244898,428.802882244898,383.169182244898,386.368267959184,391.492517959184,433.620317959184,481.414597755102,508.37404755102,591.06394755102,616.629443877551,734.388940816327,944.291790816327,1077.03604081633,1092.38579081633,1088.06238571429,1022.73526959184,1015.07583428571,911.116484285714,772.062138408163,759.93168,808.080728367347,969.174955714286,831.743858571429,573.663924489796,454.381974489796,534.096305102041,429.769673469388,379.993819387755,390.984469387755,301.288237346939,342.288585918367,347.07764755102,355.278588571429,360.857813673469,323.485380204082,358.99501877551,362.21596877551,428.323776,533.989803061225,429.977556938776,405.869486938776,367.350452142857,250.156152244898,404.300090204082,304.038721836735,382.967821836735,481.706241428571,467.949281428571,438.317635306122,564.663983061224,558.479483061224,614.376825714286,525.795374081633,505.888687142857,502.027937142857,555.124640816327,398.495227755102,519.133077755102,616.833622755102,478.531535306122,441.111083265306,486.94828,408.81813,362.95953,358.652151040816,292.065761040816,256.115611040816,218.916411040816,257.715261040816,206.773231040816,187.483756040816,200.079336040816,234.957854489796,241.242754489796,247.074494489796,236.728396326531,262.563996326531,379.255081326531,404.350136632653,361.201453877551,381.812893877551,442.297334897959,297.749487755102,362.049454081633,337.032068367347,362.401523469388,420.539323469388,430.645880612245,363.107655816327,423.50040877551,402.47737377551,421.18805877551,398.36450877551,361.366263877551,402.775663877551,346.159399387755,407.83779244898,419.775119591837,442.733995510204,435.078171428571,512.578201428571,547.705801428571,652.101525510204,581.446025510204,561.475361020408,651.129761020408,604.207674897959,612.923215102041,609.084565102041,537.564915102041,506.433781020408,525.789281020408,426.146881020408,442.539931020408,446.498381020408,503.366181020408,480.850581020408,485.636531020408,549.941582857143,486.788382857143,434.964882857143,500.757857142857,447.080105306123,397.989324489796,400.262274489796,458.595987346939,406.688854897959,351.812979795918,308.902444897959,254.539883673469,234.000720408163,205.651694081633,210.809981632653,233.300781836735,304.895480612245,314.977875918367,271.741901428571,243.063186530612,165.012201530612,170.93015377551,197.350969285714,202.868184897959,212.462223265306,212.782816122449,225.477963673469,224.521088163265,286.927974285714,336.119371632653,298.237395510204,252.797352040816,246.403011836735,322.016835306122,296.903035306122,299.04440122449,285.23765122449,357.661526122449,323.547126122449,349.613203061225,424.04167877551,397.984996938776,331.530531632653,319.56389877551,378.09299877551,382.885322653061,367.144363877551,212.776844489796,240.95157377551,321.432868571429,330.967918571429,319.434612244898,388.682288979592,416.95902,390.735268163265,414.479368163265,526.448668163265,552.894003673469,549.908103673469,556.819398979592,499.12153122449,458.685085714286,317.852446938776,248.110580612245,310.447984081633,265.325766530612,258.791355102041,263.660775306123,279.335825306123,348.324875306122,346.695851428571,456.035753469388,408.729409183673,397.485163061225,361.007917755102,382.927717755102,388.652517755102,396.028845918367,327.417595102041,315.898794285714,659.014553877551,625.718767959184,632.411828571429,696.412050816327,665.724167551021,568.036556122449,394.964271428571,490.591257142857,436.888557142857,369.167896938776,416.598224285714,522.39128877551,577.281472244898,529.602937755102,573.564220408163,423.799846938776,489.20315,393.30865,369.15247244898,369.33727244898,353.829283061225,295.500694081633,292.740274489796,345.101520408163,406.609968367347,370.060606122449,448.208341632653,424.209228571429,296.597426020408,386.530295,260.808362244898,277.456291836735,277.03669,257.8955,426.721017346939,380.75901122449,603.54816122449,690.944882653061,585.295008163265,506.534979591837,447.817059183673,366.595543877551,354.968383673469,418.822368367347,441.565518367347,428.857479795918,465.177579795918,467.352169591837,489.344314897959,594.085336734694,452.498107142857,458.619487755102,388.230016326531,401.173630612245,278.108908163265,206.363121938776,239.890783163265,315.878997755102,497.690897755102,373.212347755102,409.016062857143,349.217656938776,350.532456938776,303.610647673469,320.137067857143,365.023862857143,347.704312857143,412.107562857143,418.528562857143,428.858065714286,403.215679591837,541.088384897959,471.500518571429,414.515338571429,339.761418571429,371.073789387755,377.786969387755,263.368258367347,290.966140816327,270.244031612245,311.851500612245,328.735772244898,307.298285714286,305.915049387755,310.919349387755,313.597149387755,319.013078367347,320.542828367347,300.903533061224,304.150433061224,272.424023061224,286.235923061225,268.014573265306,262.320473265306,380.67409877551,301.987575510204,314.170114285714,361.749806122449,411.50807244898,357.984254081633,388.540273469388,316.865298979592,359.824937755102,295.3778,311.43741122449,297.408341836735,296.348641836735,335.123705102041,383.1816,382.582778571429,403.378078571429,471.849090816327,359.347263265306,320.108575510204,324.867953061225,345.270245918367,377.498496938776,369.361408163265,394.553056122449,398.604907142857,472.800379591837,551.895556122449,562.827615306122,450.084462244898,444.487452040816,433.128134693878,439.714334693878,456.709678367347,422.290578367347,432.432978367347,240.207423367347,223.911552244898,236.669452244898,144.508397244898,176.605802244898,291.224952244898,408.733998897959,427.48929,488.94339,513.378814489796,446.641497142857,341.262432040816,341.990337346939,340.748031020408,302.300434693878,387.635445918367,386.145205306122,406.564542244898,421.377215714286,510.825903469388,474.443870408163,613.555746326531,713.561306530612,618.756759183673,514.808669183673,388.952424489796,251.37814122449,238.25989122449,337.61314122449,402.364745918367,378.792844897959,539.882771428571,625.389183673469,606.46631122449,299.56259122449,303.458020408163,258.634562102041,275.891642040816,217.302885510204,209.661447142857,175.630498469388,207.828326836735,268.029110714286,255.668158265306,251.646858265306,243.942388673469,254.626964285714,315.791857142857,460.366974489796,300.361700816327,311.459219387755,359.5252,321.067372857143,361.233959591837,283.587059591837,311.616981632653,352.032981632653,395.235959183674,315.14426,326.541379183673,389.660794489796,322.052784285714,244.246657755102,260.352612244898,406.804017959184,410.953167959184,367.161531938776,355.914623265306,491.646918979592,434.193068979592,521.048518979592,631.464993877551,555.948668367347,385.15714744898,466.947944897959,500.836143877551,517.527325510204,555.255316326531,530.249758163265,663.378195918368,564.260816326531,618.333566326531,505.661366326531,518.184001612245,519.001101612245,666.564303265306,797.983882653061,657.958756938776,607.430428571429,685.473033877551,722.900276530612,635.101324489796,636.58557755102,645.1176,514.2482,535.511668367347,404.403718367347,421.404564081633,368.285605714286,393.388421428571,393.031414285714,538.883601020408,511.34497244898,494.27757244898,576.189858571429,603.698008571429,583.990358571429,714.391553469388,768.634537551021,666.96768877551,695.280146938775,690.621446938776,484.314746938776,553.862996938775,581.783846938776,544.43517244898,478.051335714286,533.045430612245,474.552989081633,565.961641836735,441.689691836735,425.459851020408,633.519997346939,610.033019591837,624.419605306122,494.461622857143,607.57848122449,676.59032244898,673.935681632653,521.421306122449,510.785952244898,491.525496530612,590.064897755102,504.836487346939,558.279964489796,479.623365510204,537.410713877551,442.625767142857,397.500237346939,435.685968367347,435.886218367347,444.891592857143,405.773916326531,385.139166326531,366.226805102041,416.612987755102,448.69902755102,516.666427551021,661.25817755102,675.852201020408,578.634892857143,645.086242857143,616.489913265306,672.60666122449,519.607729591837,561.646528571429,555.932948979592,549.229637755102,602.624429591837,713.426313265306,703.092632653061,508.91677755102,496.632691836735,444.531931204082,505.297439795918,436.963344489796,387.759294489796,570.950687142857,496.534170408163,398.665410408163,224.486827244898,223.797298469388,258.352105714286,258.306780204082,243.928271836735,247.504545510204,372.121792244898,357.35413,333.93715244898,307.767666530612,298.180145306122,347.25756122449,356.98253877551,358.729107897959,295.489411367347,290.988948306122,329.69477244898,329.828369387755,360.751962244898,333.060762244898,357.882804081633,369.02511122449,350.580485714286,376.002830612245,364.55177755102,336.072064285714,341.162867653061,306.739954081633,268.470437755102,267.791001632653,322.285935102041,284.408874489796,282.371136734694,248.037777142857,344.814298265306,427.852103265306,487.051928163265,479.233408571429,411.145408571429,396.899808571429,492.173297755102,486.994642244898,483.842576530612,353.753576530612,478.553145918367,452.717881632653,431.165664285714,417.881346326531,359.201576530612,357.393407142857,339.971242857143,262.313143877551,293.148195918367,412.595545918367,489.259216326531,374.837716326531,350.140806122449,330.330697959184,383.839747959184,459.158293877551,505.679233673469,474.354508673469,517.486987244898,509.918783673469,454.920141836735,491.678926530612,560.046620408163,453.685352530612,548.058403795918,491.526753795918,683.017410816326,708.8763,854.24566122449,660.00875,663.920615306122,614.394565306123,654.248134693878,613.441120408163,539.732160204082,437.389560204082,417.722505102041,483.84228877551,392.8308,395.663458367347,357.63684755102,334.09607,335.706474897959,389.977817346939,415.796193877551,390.15370244898,413.75830244898,501.22075244898,558.33080244898,534.38345244898,603.186967755102,648.131985714286,524.239135714286,422.493976530612,488.509426530612,296.22979877551,457.839123469388,445.203334693878,382.405917346939,210.002444489796,326.71678877551,358.445051020408,331.911127551021,356.415892857143,377.093751632653,401.869257959184,478.225196938775,570.274235714286,548.102074489796,565.480742857143,557.590439795918,465.135509183673,532.050487755102,507.623064285714,439.593892857143,447.727141428571,494.129954897959,602.248166938776,722.14097122449,922.69017122449,926.965819591837,842.860069591837,853.039449183673,699.525655306123,781.60900755102,797.051886938776,815.488039795918,961.517529591837,960.372520408163,959.421559183673,832.951448979592,746.084254081633,944.707212244898,720.103632653061,595.050537755102,682.365692857143,682.125217346939,786.159442857143,708.923329591837,660.986292857143,572.292684693878,727.037834693878,662.988826530612,740.934721428571,612.587908571429,397.943860204082,500.650340612245,527.667593673469,459.095856938775,402.367208163265,408.299904897959,517.143783265306,515.780879387755,559.356879387755,559.545015510204,585.717265306122,518.245824285714,416.386081632653,546.590481632653,448.697399591837,354.661200816327,410.017384081633,433.917653061225,427.93256755102,372.182181020408,416.843154081633,362.011646530612,412.146573877551,351.702527755102,382.463161428571,367.233339387755,369.395703673469,478.488703897959,522.741103897959,423.884253897959,384.564090204082,363.385912040816,635.192112244898,673.470813265306,690.014374489796,615.063247959184,600.161914285714,551.205836530612,477.289767346939,480.679640816327,483.593321836735,509.685996326531,529.207141020408,613.335183061224,636.053859183673,665.185751836735,651.202218979592,705.53428877551,671.655143877551,692.682418367347,250.861743673469,253.637525918367,241.991075918367,250.086948979592,244.021494693878,283.904642244898,374.975142857143,300.839407142857,397.013484693878,391.438284693878,361.208484693878,283.918534693878,309.183784693878,305.091334693878,291.739184693878,289.391384693878,332.233010204082,383.379110204082,550.815546938776,476.184546938776,475.166976530612,552.414026530612,593.796426530612,437.568613265306,396.149243061225,348.081217244898,458.448872346939,429.965687755102,454.327230612245,492.030633673469,461.936041428572,507.03831122449,443.304493265306,452.334244693878,475.853191020408,527.185046122449,508.456301836735,429.90540522449,432.00852584898,272.05017584898,271.091972244898,253.468470326531,251.392725510204,284.217875510204,293.312825510204,283.766789795918,272.109467959184,253.884727959184,294.386857959184,324.200104081633,304.834704081633,308.781672897959,413.422172897959,563.319285714286,517.239417346939,494.798139795918,527.105336734694,523.716436734694,603.269636734694,730.508845918367,775.109208163265,785.516932653061,800.684347959184,811.009894897959,747.610442857143,717.447392857143,719.084539795918,648.893309183674,584.849209183673,503.695348979592,559.093336734694,605.705386734694,589.361805102041,482.103018673469,516.146869693878,472.080973469388,379.932723469388,405.873190816327,456.98765,527.26725,538.6365,575.946531632653,365.995616326531,299.675547346939,285.496062244898,485.643298979592,554.264548979592,436.373868367347,391.635247959184,473.272815306122,477.994109183674,498.970890816327,540.266460204082,488.536859183674,344.623571428571,344.10408367347,343.991082653061,372.657106122449,335.549356122449,366.599656122449,503.035156122449,583.921705102041,516.288834693878,473.461678571429,401.692843571429,410.115548673469,405.286133673469,397.94157244898,257.832525510204,324.198430612245,363.287105102041,258.589259183674,303.05451,436.244851836735,437.900730591837,460.962330591837,403.511280591837,417.468828571429,517.689314285714,526.427637755102,527.637458163265,652.737512244898,649.424201836735,656.526046938776,652.10303877551,807.404165306123,710.182527551021,675.569844897959,606.63918877551,675.816779591837,821.286780612245,781.920527551021,746.847827551021,759.482890816327,764.305826530612,514.132627551021,577.427998979592,558.969063265306,513.247591836735,435.100841836735,452.367191836735,453.947641836735,427.295767346939,486.030567346939,487.087253061224,538.318403061225,556.103653061225,616.616030612245,392.50136122449,316.11480622449,324.651626632653,647.013581632653,711.227930612245,706.111814285714,622.836362244898,617.403453061225,590.224357142857,549.945607142857,559.865841632653,489.864981326531,354.630095714286,444.795278571429,351.523560408163,368.114192857143,451.902080653061,451.471199591837,569.648307346939,665.174873469388,599.405186632653,584.413913163265,619.949463265306,468.09647244898,479.778868367347,510.147266326531,756.428616326531,619.903290816327,642.958784693878,730.332893877551,596.217352040816,452.244125510204,475.428725510204,428.481575510204,402.391925510204,403.920425510204,514.464725510204,521.71158877551,513.60038877551,498.830751020408,527.909294897959,547.131454081633,634.270569387755,680.450769387755,633.451969387755,671.000719387755,662.231278571429,740.738165306122,707.862152857143,855.799550204082,886.53225244898,696.074896938776,613.100744489796,642.229784489796,619.902790204082,649.188449591837,654.742866938776,679.743606530612,709.237933673469,783.665890816327,798.9595,570.966636102041,620.921482040816,543.678777571428,528.838245510204,476.925415306122,426.109915306123,442.644715306122,416.715353469388,410.103343673469,543.827596326531,480.860806122449,505.844607959184,488.797824285714,479.138490204082,464.735582081633,555.33916122449,568.879527959184,477.362820612245,497.01795,559.279137755102,661.139637959184,688.757152040816,667.061194897959,814.697894285714,770.264254489796,777.396328571429,719.742328571429,813.22332755102,835.922927551021,802.641614285714,694.137318571429,703.047918571429,763.571873469388,776.009073469388,624.571535714286,391.957502040816,348.419052040816,350.673969387755,279.944865306122,410.43745,422.467239795918,458.821734693878,480.492134693878,244.905879693878,212.296629693878,528.136783673469,579.04062755102,565.548976530612,403.593992857143,404.993808571429,233.695003265306,268.810714081633,289.267363265306,280.778692040816,244.496502857143,251.939212040816,426.005473673469,254.383832653061,363.164033469388,328.877128571429,310.575383061225,291.984917959184,197.946399387755,163.246934387755,174.186849387755,273.538699387755,207.100849387755,206.082199387755,189.286629591837,235.853944693878,216.192544693878,241.745297959184,235.703972959184,302.996297959184,297.115147959184,297.928325306122,317.177189591837,328.213305102041,350.269755102041,355.370550816326,300.399658163265,281.607398163265,471.259779387755,509.754939387755,590.948789387755,543.193839387755,474.609819387755,470.724441836735,565.631556326531,464.549078163265,470.048078163265,446.907643469388,488.826360408163,391.520160408163,347.897010408163,386.519160408163,328.663801020408,339.69341122449,338.223253061225,497.679413265306,444.004108163265,431.478174489796,447.798619387755,435.072853061225,327.990741836735,358.678831632653,329.82392877551,352.624718163265,276.189565714286,220.046924693878,248.241144693878,233.018640816327,252.974021755102,297.959635306122,265.848490010204,254.434295510204,225.168687959184,242.410607755102,250.758732857143,225.911866122449,225.250607142857,317.890157142857,512.314563061224,482.40736877551,582.129723061224,681.442123265306,639.322991836735,780.180110612245,816.068398367347,689.973600204082,733.797244489796,762.041027142857,866.854078571429,877.17295,952.055058163265,678.357012244898,640.699133673469,673.743808163265,838.846858163265,735.219418367347,850.554568367347,860.548755102041,852.251905102041,720.978743877551,709.727812244898,733.937621428572,710.608955102041,570.366830612245,558.803684693878,561.916476530612,509.872125510204,467.167742857143,472.000462244898,429.24467244898,375.923068367347,397.838044897959,342.921407142857,409.764784693878,441.203101020408,351.24816744898,358.980761326531,339.151263367347,295.348876632653,297.101926632653,393.410490612245,387.603634489796,245.374597244898,232.406530816327,199.672286938776,208.29288,249.730868571429,365.232968061224,329.431684795918,333.591373061224,452.247157142857,319.371102040816,373.608473877551,350.894664897959,239.875714285714,234.99327244898,288.123426530612,382.915033673469,587.826333673469,586.931383673469,487.24238877551,471.462170816327,416.272470612245,446.44014122449,456.493108367347,557.046277959184,532.298714489796,481.108229591837,463.398143061224,553.792439387755,480.151414693878,459.225301020408,378.789517959184,388.744417346939,358.152983673469,301.272690816327,337.515376530612,336.843706122449,399.72395122449,299.634448979592,364.713898979592,517.462325918367,367.012617346939,372.358967346939,321.002527346939,304.035618979592,304.306661836735,432.931304285714,482.235454285714,439.07200755102,359.339493265306,279.683686122449,339.816939387755,413.631814693878,477.913714693878,381.206399387755,377.986664918367,485.568124020408,584.838761632653,462.390013673469,458.37501122449,387.946485102041,324.034048714286,338.162001857143,290.576894632653,261.239294632653,277.156951653061,305.346956081633,265.355189734694,280.419576714286,292.630865408163,310.187124489796,471.961233795918,596.662121836735,446.16891122449,524.916834489796,488.85170755102,573.885901020408,653.240603061225,684.735557142857,617.085678571429,586.706568367347,402.983618367347,409.270279591837,390.351329591837,314.678029591837,341.94495244898,341.310270816327,349.774870816327,390.797561632653,499.476512244898,543.501618367347,550.30156122449,455.46723877551,406.491183163265,405.271358163265,321.493468367347,318.040468367347,319.032568367347,267.682205102041,251.452555102041,428.967116326531,429.926066326531,410.185981632653,363.83686244898,218.672298163265,215.143754897959,303.656729387755,261.905859183673,388.995515306122,402.164628571429,401.612618367347,418.250081632653,443.522657142857,450.283618367347,665.348546326531,608.41531877551,630.87251877551,503.835687755102,421.628115918367,457.603099795918,397.013549795918,337.503595918367,432.087839795918,431.051039795918,423.972886938776,407.058736938775,386.507286938776,287.535386938776,289.836093877551,290.431643877551,251.815,243.814032040816,126.379773979592,224.104161428571,233.785471428571,212.997485306122,250.057785306122,201.677125510204,134.832670510204,247.408375510204,315.573018571429,544.833735714286,589.261443877551,603.577343877551,624.838797959184,702.282337755102,590.522671428571,572.452333469388,582.272596734694,567.093848367347,552.897636122449,547.680930612245,547.914436734694,610.367536734694,555.130836989796,579.271424489796,508.945660204082,477.288046938776,409.547428571429,500.578928571429,530.114328571429,509.655087755102,558.035324489796,441.817549489796,444.359470918367,469.757395918367,536.999458163265,481.275375510204,507.146925510204,487.237967346939,476.260817346939,371.555225510204,357.791325510204,361.990875510204,331.740356122449,380.730307346939,442.288902040816,436.931745510204,459.400733673469,461.546709183673,490.661262244898,468.091643877551,380.848386734694,428.642585714286,479.867305102041,373.978405102041,457.092955102041,461.068348979592,441.343507142857,344.592157142857,327.897741836735,370.6525,525.264628571429,454.861742857143,414.1205,235.093219489796,252.404991938776,286.213079693878,310.71667244898,313.991067346939,317.659768367347,513.947868367347,473.796746734694,458.83386244898,461.982108571429,696.062558571429,670.183393877551,641.679910612245,661.250572040816,673.704646326531,747.861230408163,703.694846122449,672.823646122449,653.214446122449,713.342001428571,656.292929795918,626.09533755102,628.138674693878,640.964428571429,735.760180408163,634.201438163265,736.31773244898,693.121503265306,703.299543673469,663.335913877551,665.98532122449,712.560523122449,633.809905510204,744.450529795918,891.18577122449,921.160285918367,1002.59446734694,793.67056244898,739.536877346939,633.069211632653,554.764374897959,342.367018979592,318.414218979592,322.891623469388,409.277320612245,350.422870612245,344.305865918367,268.279942244898,288.046053877551,256.987650204082,277.547700204082,264.70700244898,263.689427346939,331.024512653061,396.812710204082,424.089016734694,431.51798122449,448.789595306122,415.058090816327,421.229220408163,531.122315306123,492.741216326531,538.739766326531,616.903239795918,643.456299795919,689.288740816327,614.535636734694,567.473465306122,564.116086734694,552.537455102041,546.00904744898,472.595782142857,601.705377551021,784.075659183673,645.845862244898,563.588762244898,755.799295918368,699.942867346939,758.434246938776,706.853915306123,774.474187755102,777.771587755102,759.185832653061,716.738525510204,601.415675510204,601.914908163265,605.250896938776,685.256623469388,363.845401020408,383.593641836735,369.072884693878,392.417002040816,295.955618367347,330.623941836735,428.847041836735,338.399254693878,237.592501020408,313.400125102041,332.410462244898,258.785512244898,255.13933244898,266.906643265306,231.674466530612,197.69799122449,231.800465306122,343.157220612245,304.992920612245,370.130418571429,356.717157142857,361.291898979592,410.845957142857,473.702107142857,413.591759183674,506.923859183673,377.890577142857,412.457517346939,375.411229591837,435.986601020408,488.829674489796,437.032507142857,460.335669387755,427.931892857143,377.277289795918,314.479633673469,445.229105102041,427.37111122449,376.60686122449,385.383517346939,378.937867346939,384.030517346939,335.817930612245,384.518052040816,384.290001020408,419.790185714286,428.304535714286,424.328685714286,557.466735714286,604.199005102041,479.322551020408,401.666162244898,482.064326530612,494.628159183674,639.790105102041,797.100009183674,742.587833673469,560.499898979592,576.085263265306,498.895017346939,504.373438979592,376.002877142857,299.050180204082,358.103298979592,418.330806122449,415.444165306123,325.88358877551,466.561387755102,454.727926530612,542.085526530612,572.857276530612,476.518569795918,406.156105918367,402.396376734694,380.953840612245,366.824814489796,367.28657477551,264.56612477551,266.187014897959,293.487664897959,254.394664897959,362.344114897959,360.639964897959,341.639675306122,318.987428367347,302.678964489796,295.52946877551,254.20190877551,298.119878163265,163.783004142857,196.717877755102,236.885849387755,171.667646326531,438.483175510204,553.867375510204,547.084116326531,550.206216326531,560.197897959184,549.237633877551,532.075982857143,523.659856938776,455.539549387755,469.119805306122,352.053513673469,332.379714081633,383.909724285714,328.721842857143,297.592891836735,438.380179591837,426.834334693878,465.168979591837,498.271031632653,704.212915306123,648.243216122449,630.402785918367,541.97900755102,469.171372346939,412.583604693878,413.378804693878,315.744309183674,340.011047755102,269.06649122449,192.819684693878,249.978417346939,306.637069387755,269.808611632653,299.686472244898,402.527628979592,403.042445918367,506.283983469388,329.766796938776,478.464293469388,388.869293061224,391.690734693878,349.47783122449,430.877405918367,452.333765306122,529.439997142857,649.572946938776,607.2611,561.695146530612,594.15182244898,588.878669387755,603.116019387755,692.90912755102,665.281870408163,468.149720408163,482.5195,461.945780612245,378.997703061224,287.53536877551,256.492307755102,412.176651836735,459.803253673469,507.042956122449,417.286604081633,419.963447959184,322.704130612245,457.856709183674,465.209359183674,473.57166122449,489.7492,598.528244897959,592.726444897959,695.522644897959,536.873494897959,592.489166326531,580.062894897959,579.075694897959,680.398025510204,644.323325510204,626.502328571429,550.241628571429,639.668528571429,671.570721428571,654.600021428571,786.906621428572,786.977521428572,837.462371428571,791.660285714286,659.400785714286,621.385234693878,553.821034693878,653.965431632653,616.03876122449,548.692366326531,534.555525102041,545.404823061225,591.906614081633,554.555953061224,480.174566326531,410.081732653061,427.345741836735,250.595352857143,283.895354285714,280.709247142857,380.328450204082,362.794800204082,354.352205918367,313.643680204082,290.800182244898,322.729914285714,330.348112244898,253.151666938776,187.334316938775,190.268888163265,212.627863673469,194.013013673469,322.556843673469,284.496099653061,322.871949653061,286.247957346939,350.153588979592,429.40305755102,513.776473469388,503.935825510204,510.485825510204,367.005840816327,382.112892857143,421.226692857143,433.380030816327,464.272346530612,478.958083469388,387.841396938776,438.527336326531,403.965182857143,381.51176,321.149775102041,340.286724489796,266.677633673469,243.276265918367,319.769595918367,256.841120204082,330.335478367347,320.506442040816,253.168104081633,256.138039183673,376.942814489796,417.020710510204,526.022356122449,505.953267346939,493.947828571429,654.274978571429,687.656360612245,682.786030612245,576.599565306122,608.552298979592,443.178798979592,523.69753877551,478.013186734694,455.774591632653,424.644772040816,463.132535510204,449.860356938776,441.970306326531,431.903253469388,363.723061020408,303.209533469388,330.422914285714,343.890164285714,313.185202040816,279.241452040816,247.716051469388,243.676056938776,266.322497306122,194.540621836735,220.392319387755,223.611389591837,272.689747959184,304.374501020408,260.997704081633,242.144696122449,227.853315102041,249.618313877551,246.282899387755,267.627947959184,262.874751020408,282.034094081633,264.324426530612,239.110335714286,289.104797346939,281.138114489796,283.168231020408,247.835919285714,590.24769755102,747.944400204082,686.924246938776,759.192074693878,684.70981244898,719.599920816327,669.791471020408,687.013545918367,654.207280612245,655.405710204082,622.460594081633,606.558430204082,553.76674877551,789.203984489796,665.810707959184,662.264909387755,619.853057142857,597.016291020408,582.466709591837,447.465921632653,454.114455510204,507.150283469388,469.80063122449,478.200895306123,528.446032653061,534.194672857143,609.909322857143,458.583939387755,394.90583877551,409.492155102041,412.978516326531,450.146416326531,470.741474489796,528.053602040816,822.23501122449,664.808460204082,707.580858163265,601.705892857143,566.02053877551,614.05785,681.790136734694,569.552987755102,622.544437755102,655.791246938776,618.775470408163,653.360365510204,666.524015306122,673.214953673469,680.829703673469,620.573232653061,576.162008163265,513.021647142857,433.05453877551,435.780179591837,409.637979591837,376.6373,430.658818367347,346.455783673469,359.607097959184,438.720756122449,457.869395918367,512.567923469388,510.162310204082,493.469634693878,443.824743877551,412.50786244898,523.757801836735,447.187314081633,351.482318979592,404.057140612245,397.272375510204,402.393101836735,378.643759795918,371.717319387755,467.625750408163,429.644880408163,455.358601020408,709.608669795918,667.345886734694,642.221962244898,755.237997959184,717.375796938776,678.037090408163,624.076120204082,629.909237020408,628.404737020408,583.416737020408,603.889902040816,469.913249591837,485.907764489796,370.877311428571,312.055977142857,244.279117959184,275.852794693878,330.732548959184,282.424010204082,171.908489591837,196.284618163265,166.754275612245,177.421078469388,297.542173469388,298.223973469388,226.267473469388,359.145474326531,351.562024326531,407.936024326531,465.515658979592,484.962060816327,452.404221428571,468.190676326531,245.066412040816,199.479675612245,265.705139183674,293.13816877551,324.41541877551,372.460054081633,506.463662244898,360.633744897959,337.189780612245,385.97775,431.01986122449,337.19891122449,313.12051122449,281.41611122449,286.666263265306,263.414623265306,305.681006122449,288.852045918367,391.693356122449,394.312371428571,317.503517142857,339.842272244898,483.431222244898,527.039222244898,585.877122244898,578.823647755102,536.023608367347,586.333208367347,636.769030816326,684.657606326531,666.930106734694,650.723089795918,602.336496938776,552.145274489796,431.116946938776,317.702147959184,274.851397959184,425.90072122449,412.048886734694,295.698692857143,263.834074489796,257.732874489796,301.330991632653,353.476153265306,283.820723469388,394.925951020408,367.284863265306,367.085306122449,357.324662244898,305.994768367347,372.893508163265,369.081842857143,358.021592857143,338.109286734694,311.770436734694,363.921869387755,341.937435714286,344.530385714286,368.975732653061,438.213632653061,430.295532653061,389.56077244898,391.27612244898,452.859667346939,351.912845918367,393.181507142857,459.934008163265,646.174462244898,617.086212244898,515.376048979592,444.150348979592,499.486830612245,446.841305102041,543.538455102041,628.262623469388,584.125305102041,540.099996938776,522.797376530612,287.309631632653,287.193831632653,290.206536734694,295.03962244898,373.638716326531,348.722086734694,314.137286734694,282.297925306123,213.317893061225,181.944017755102,261.977347755102,269.182375510204,324.621136734694,367.675162244898,306.900794704082,287.783369193878,266.277437561225,293.943937561225,284.785737561225,362.222919387755,255.454012244898,309.345442857143,309.817064285714,420.100853061225,407.351483061225,451.494387755102,444.273270408163,436.40387755102,357.976906122449,304.075228571429,353.613318367347,480.497843877551,548.198560204082,548.351827551021,493.507237346939,544.923805102041,510.535005102041,544.923532653061,540.693532653061,509.96965,437.922601020408,433.724804081633,420.294710204082,384.336110204082,356.681660204082,371.823484693878,452.677387755102,446.355620408163,394.133529591837,420.393283673469,300.810584693878,356.854562244898,347.729659183674,384.738797959184,327.856280612245,262.193680612245,357.352503061225,331.734204081633,331.351959183674,330.693559183674,429.599751020408,412.764007142857,259.743318367347,313.231668367347,281.896823367347,245.907059183674,314.726092857143,319.251292857143,232.175733469388,277.388289387755,190.811919693878,236.968893979592,196.661050714286,182.781113367347,228.252416632653,177.986944591837,284.789184591837,276.366234591837,300.120025714286,282.522025714286,368.024422040816,309.790372040816,351.049272040816,386.923381836735,383.701893265306,257.618107244898,241.594263265306,155.519628265306,352.384825306122,327.077627755102,227.515196530612,266.665345102041,222.542610071429,237.994,284.230114285714,274.832866326531,266.92329877551,308.798614081633,253.024719387755,220.073281530612,199.621051734694,252.323749183673,289.278510204082,348.806006122449,289.152594897959,254.752378877551,260.572509387755,362.738863469388,287.993242857143,223.694968163265,220.723001632653,218.202926122449,224.883208163265,206.254066938776,327.036822244898,402.119716938776,379.864327755102,472.664330816327,631.688774489796,623.468960612245,621.563546122449,631.84433122449,631.475326734694,589.538326734694,614.577076326531,621.226726326531,542.328676326531,511.43214244898,447.703397959184,432.260366326531,377.484689795918,304.180965102041,346.043047959184,432.106782653061,373.060147959184,354.822763265306,339.863518163265,356.822444081633,363.726030102041,275.860480102041,363.238956530612,396.566688816327,366.154244489796,375.023214489796,382.272264489796,456.167664489796,477.174414489796,464.801405102041,449.084460204082,595.219110204082,634.048139795918,467.097839795918,422.407361632653,422.832096938776,373.61035,331.042661020408,359.236811020408,326.403444285714,310.459452244898,303.35912755102,325.90497755102,319.71567755102,380.534938367347,419.585279591837,476.186723469388,585.090173469388,513.967871428571,503.025485510204,638.863535510204,624.99343755102,602.806895714286,639.397344693878,638.619594693878,632.947644693878,649.733694693878,659.939994693878,693.996144693878,516.113694693878,679.254894693878,735.516894693878,691.883994693878,692.909394693878,630.893905102041,643.548655102041,670.951901020408,643.767413265306,573.313854081633,653.566141836735,635.293332653061,626.145809183674,658.861691836735,670.191273469388,601.375824489796,492.884681632653,549.309581632653,513.721485714286,406.977519795918,389.011269795918,488.601953265306,548.198189591837,527.938574285714,606.704864285714,532.120264285714,521.869864285714,345.171294285714,388.886301632653,341.841932857143,348.290333877551,394.974333877551,372.603344897959,345.675314285714,416.839103061225,447.781753061225,390.115553061225,401.674073061225,451.061756428571,428.954171428571,509.359184693878,468.565334693878,449.658764285714,523.568670408163,472.756426530612,433.041829591837,416.632575510204,465.220799387755,473.086697959184,512.623267346939,504.755717346939,486.99342755102,467.38967755102,516.990012244898,470.29179122449,471.513390408163,311.663751428571,324.284810612245,278.069693877551,248.843739510204,253.460158285714,180.35227122449,182.480952040816,200.061542244898,201.706786734694,202.584836734694,190.861466326531,234.492753061225,233.37339122449,260.914465816327,236.431732734694,402.520577734694,434.710127734694,400.525175102041,362.473075102041,434.758875714286,393.998706326531,452.301533469388,338.312986122449,314.748751122449,336.229458877551,367.79605622449,350.666220918367,368.231615918367,381.402087346939,471.926778979592,487.442124897959,446.786084489796,576.090579591837,665.059989795918,679.935816326531,694.548971428571,485.452376530612,567.13388877551,501.143382653061,433.640176530612,406.694734693878,534.576079591837,489.656616326531,448.894976530612,411.69473,491.066095918367,489.753935714286,589.91218122449,549.061354285714,512.136071428571,417.733775714286,382.732240816327,394.016525510204,463.921948979592,506.242664285714,537.191498979592,501.539192857143,476.769145918367,533.403495918367,593.255545918367,528.462680612245,384.773341632653,447.189122857143,327.742572857143,381.523570612245,353.565336326531,366.486886326531,463.81586755102,511.22669244898,533.570180612245,563.885774081633,457.554152040816,505.566664285714,383.307866530612,385.682710306122,353.069713979592,580.710943469388,490.944982857143,530.049562653061,561.046936734694,523.275189795918,540.95106122449,505.158762755102,477.974297683673,399.200480744898,344.98437122449,349.99472122449,471.32819255102,578.916217551021,588.41611755102,643.772598979592,717.83731122449,655.796004897959,656.656359795918,673.471446326531,686.736846326531,663.212447959184,533.524714285714,308.967107142857,306.20648,318.386356122449,338.618505102041,353.858328571429,345.590176530612,363.464948979592,287.106429591837,251.008240816327,292.412551020408,258.40991122449,296.81771122449,399.801568367347,420.037168367347,398.301453061224,406.724729591837,388.016070510204,370.042799081633,283.648825510204,293.039425510204,296.918725510204,242.818554183673,307.849152142857,320.358495,302.425999081633,297.853602040816,421.320525510204,336.69540377551,352.567482346939,313.527885408163,308.345535408163,332.599327755102,340.492697540816,425.071575091837,487.179229591837,646.686179591837,668.580432653061,641.544882653061,681.868782653061,673.006732653061,620.216957142857,315.277355102041,481.860877551021,317.444673469388,246.23377244898,314.832069387755,454.519774489796,447.407940816327,437.23965,469.660632653061,524.416191836735,524.622916326531,636.247274489796,614.639658367347,479.590740816327,477.086485510204,443.138636734694,442.767709183674,496.258478571429,389.897443877551,459.829543877551,475.058443877551,378.345144897959,407.24342244898,352.16642244898,363.98012244898,329.98292244898,355.523413265306,317.688913265306,413.029563265306,588.643315306123,524.562263265306,613.005687755102,567.351860204082,534.642737755102,612.069737755102,588.561282653061,543.143158163265,552.397186734694,539.696536734694,452.893687755102,453.024637755102,333.574237755102,332.452837755102,325.319017346939,315.389117346939,337.510217346939,490.482334693878,440.174167346939,433.201537755102,432.412046938776,339.763246938776,372.759760204082,356.801047959184,365.541941836735,387.263421428571,392.930634693878,341.041094897959,325.260566938776,337.792003265306,365.286301020408,399.921145102041,366.241680408163,504.165376734694,470.856525510204,512.786925510204,668.365775102041,666.711871428571,777.264721428571,796.010289183673,687.80135,659.1494,651.83871122449,557.89576122449,526.426932653061,508.962173469388,556.686511428572,527.878789795918,487.911090816327,501.92438877551,536.963503061225,526.142353061225,535.953984693878,506.139684693878,474.138112244898,388.12468744898,361.079670102041,363.016170102041,367.111358877551,371.092658877551,276.270593877551,364.580543877551,387.127826530612,425.165576530612,447.695276530612,450.677726530612,466.648947959184,468.24643877551,438.324229591837,420.647479591837,496.720070408163,419.957570408163,395.933336734694,323.278995102041,303.126138163265,318.706909795918,326.164340612245,433.140591836735,375.225773469388,339.179622653061,372.726595102041,361.014219591837,355.419552040816,351.088045,326.438895,463.859958979592,384.925008979592,414.627906734694,415.672160408163,282.965660408163,363.143060408163,362.238413265306,444.048087755102,295.281680102041,306.63318,346.640416326531,382.541874489796,385.202124489796,411.898989795918,390.821439795918,418.87426122449,449.395491836735,380.066773469388,336.412136734694,324.747079795918,335.234013877551,255.471297959184,381.231868979592,381.956620204082,297.758444285714,301.837670408163,347.225287755102,273.886932244898,321.814082244898,298.278371836735,317.179943469388,268.115574591837,264.891195510204,305.238770816327,294.033112653061,301.003462591837,256.346662591837,273.129856122449,262.035064857143,226.022715918367,220.912820612245,236.106938571429,281.337747142857,377.639650408163,383.349765306122,407.874889795918,405.987989795918,462.391313265306,432.667863265306,465.631177551021,512.84112755102,388.35492755102,547.835192857143,546.988442857143,554.023112244898,524.711113265306,533.33437244898,367.667921428572,428.90041122449,367.321517346939,205.705139183674,360.527126530612,307.226807142857,308.656383673469,341.465457142857,246.102433061224,226.663815510204,267.467465510204,253.273579591837,240.157110816327,248.397309183673,278.022309183673,162.684069183673,191.676972244898,194.594893265306,174.433993265306,309.979213265306,277.987289387755,234.484829387755,196.216427142857,269.402957142857,237.05277244898,307.426871632653,313.956809795918,410.839109795918,438.109509795918,389.870207959184,381.906007959184,469.367246122449,257.830787755102,326.98982755102,294.004511428571,273.869771326531,323.776725918367,357.600545306122,321.35793122449,364.064242857143,320.805800918367,349.317618163265,329.112831020408,380.840931020408,419.822409387755,469.412876734694
99.5918367346939,450.743957142857,468.718298979592,432.905513265306,495.585713265306,535.95538877551,595.638492857143,615.318042857143,614.584992857143,877.891820408163,893.964620408163,934.344790816327,865.862085714286,812.011514285714,898.134164285714,906.674716326531,1113.70199795918,1055.38140102041,1005.25210102041,922.409863061224,969.383168367347,994.605704081633,976.425503061224,938.483753061224,729.595530204082,616.836258163265,607.374958163265,636.991674489796,710.352971938776,887.822736734694,866.37613877551,828.096809183673,785.144393673469,784.292293673469,838.574843673469,894.409443673469,866.529993673469,792.374493673469,866.400358163266,758.449558163265,655.663557142857,645.567607142857,696.941607142857,635.463057142857,639.493257142857,672.535701020408,708.451471428572,634.892595918367,655.904895918367,662.856495918367,576.280290918367,508.196278571429,601.232278571429,676.208028571429,713.000978571429,688.354878571428,701.462478571429,726.015647959184,703.985447959184,744.682885714286,787.562935714286,751.955185714286,700.956752040816,697.404173469388,647.907023469388,608.134801632653,627.381943469388,641.002624081633,590.277847959184,675.773647959184,633.274759183673,828.61623367347,751.493739530612,794.698718367347,751.329942857143,629.381792857143,566.116490612245,700.113294897959,820.225623469388,698.187863877551,690.985201020408,806.022301020408,921.006145918367,836.465524489796,846.466479591837,848.46918877551,698.97892244898,736.937930612245,775.398980612245,592.712784693878,619.105548979592,537.567405102041,505.452,352.167664285714,375.160860204082,382.477780306122,554.019257142857,507.878657142857,545.841949795918,580.24786622449,653.52072244898,657.54072244898,645.54902244898,541.921247959184,536.324021428572,513.474952040816,479.939402040816,518.967904081633,608.625653061225,583.916734693878,643.714454081633,805.96746632653,543.152314285714,555.088578571429,533.642854081633,506.994055102041,527.522680612245,711.962657142857,665.649420408163,648.349344897959,677.049292857143,641.184430612245,677.970337755102,846.231205102041,822.125744897959,836.963526530612,814.687515306123,727.842198979592,726.289336734694,608.111848979592,713.736532653061,730.126415306123,603.092168367347,531.512987755102,594.042896938776,656.233879591837,582.172354081633,739.994619387755,673.622886285714,606.094483877551,664.316284693878,650.071145918367,677.258805102041,718.888581632653,793.717731632653,699.217731632653,678.855924489796,819.14101122449,890.24973877551,876.84413877551,763.909182653061,760.161962244898,598.196929591837,609.729029591837,474.390986734694,507.281486734694,519.613436734694,446.038192857143,469.196756122449,597.610821428571,611.957401836735,482.052934489796,430.201868163265,381.164208163265,503.024994897959,510.226301020408,632.643815306123,630.215719387755,615.257987755102,502.530371428571,694.385480612245,711.177402040816,786.139476530612,826.613707142857,658.337204081633,569.577384081633,547.127890816326,501.921491836735,841.494364285714,746.730087755102,693.845323469388,671.470453061224,647.967658163265,706.677370408163,690.882476530612,827.66942755102,785.531183673469,682.498498979592,593.433134693877,422.496980612245,495.663026530612,460.539414285714,628.901332653061,623.775964285714,718.573378571429,728.121480612245,648.953808673469,630.420229081633,764.006947959184,803.516735714286,816.398762244898,828.177193877551,847.275047959184,868.384429183674,937.028168469388,874.049630102041,831.95132377551,574.513193877551,671.181891836735,596.228785714286,560.714756122449,493.045305102041,492.913805102041,484.214113265306,602.44552244898,637.454209183674,582.855179591837,549.53051122449,539.80491122449,544.784747959184,546.313373469388,536.822812244898,414.110330510204,745.317845918367,675.132347857143,671.834176428571,700.635857520408,690.800727928572,879.716133030612,930.967126530612,895.548757142857,948.363157142857,925.560031632653,800.052367346939,631.616830612245,512.051280612245,611.062902040816,569.325502040816,639.728102040816,508.312643877551,478.613269387755,560.471215918367,555.658766326531,621.285940816327,637.155121428571,734.745901020408,787.043092857143,693.025825510204,721.304854081633,527.555730612245,625.45203877551,586.497623469388,540.946420408163,717.057709183674,711.483159183674,679.034859183674,805.720959183674,857.708545918367,800.136591836735,723.232180612245,822.635796938776,755.651471428572,723.980752040816,633.020202040816,764.044767346939,737.130908163265,858.715764285714,881.350335714286,865.201385714286,906.844248979592,812.653666326531,883.615669387755,925.107969387755,782.116840816327,752.658240816327,610.505091836735,612.098829591837,562.29467244898,643.256998979592,763.603136734694,810.293345918367,720.743268367347,798.351632653061,817.658431632653,820.520207142857,782.851904081633,797.457812755102,740.871587755102,742.598713265306,714.91262244898,760.520991836735,631.056891836735,594.028841836735,726.830541836735,808.607791836735,828.181004081633,833.240133673469,965.9543,746.10335,739.823484693878,661.788868367347,671.623545918367,573.25343877551,671.894545918367,606.611670918367,643.07552755102,655.443917346939,666.846358163265,583.918708163265,533.543032653061,526.952873469388,530.223270408163,503.938010204082,719.296462244898,792.714012244898,629.348790816327,616.236344897959,608.767921428571,635.454821428571,678.096021428571,599.558771428571,615.309784693878,610.528958163265,679.821260204082,456.047357142857,463.80733877551,502.458166326531,544.971,671.159133673469,644.242106122449,692.600469387755,788.424815306123,679.063665306123,691.63322244898,717.804847959184,792.879097959184,538.530712959184,529.344712959184,545.69422622449,545.089162346939,603.918533673469,619.195866326531,589.326782653061,609.840742857143,581.475965306122,641.673732653061,604.622687755102,594.698052755102,686.762915306123,550.306380612245,532.714540816327,502.982340816327,540.910840816327,636.543891836735,605.003416326531,736.925056122449,905.429612244898,983.713046938776,908.232046938776,894.736846938776,932.530996938776,1057.22281326531,1074.12946326531,980.694660204082,932.56917244898,1125.72149489796,959.181484693878,781.318139795918,781.158208163265,739.390630612245,696.055579591837,783.302434693878,874.522574489796,979.248074489796,994.752929591837,1040.05127244898,1063.13093877551,1094.72456326531,1082.46824897959,1182.76055408163,1071.82570612245,1038.43794285714,922.546442857143,891.021990816327,985.496240816327,847.945546938776,908.202246938776,1119.49315102041,1035.72827857143,965.303691836735,945.814433673469,708.398001020408,687.404751020408,834.972503061225,581.077400510204,593.898787755102,516.924337755102,484.798718367347,447.141133673469,504.660477755102,597.156923469388,588.282184693878,521.113554081633,491.416934693878,518.750226530612,478.875795918367,527.50217244898,461.457048979592,309.968597959184,357.107543061224,390.158921428571,327.508494897959,489.384934693878,536.595579591837,581.986167346939,691.929544897959,705.181862244898,861.475976530612,734.156476530612,781.154487755102,727.786858163265,562.447352040816,554.110562244898,536.161865306122,554.468258163265,598.48928877551,427.886267346939,344.726281632653,304.784754081633,495.684426530612,412.884871836735,546.571175795918,577.980424489796,562.942686734694,615.120653061225,748.645717346939,762.125894897959,898.457442857143,788.710092857143,676.932642857143,676.90787755102,577.149123469388,519.538878571429,677.03381122449,788.631251020408,799.79066122449,958.829766326531,676.205234693878,661.290170408163,643.386662244898,691.056144897959,912.104752040816,757.207880612245,683.587858163265,620.958104081633,585.864564285714,673.158864285714,677.891831632653,701.464832653061,793.199641836735,646.319341836735,623.417941836735,782.478790816327,783.877476530613,908.015985714286,886.418862244898,846.727351020408,827.996904081633,871.140439795918,712.363739795918,769.074239795919,796.794259183674,799.687504081633,703.088735714286,574.489985714286,455.961274489796,392.511874489796,404.805456122449,436.218481632653,415.654735714286,524.886065306123,526.450164285714,486.4318,400.64416,436.277260918367,502.369818367347,467.308165306123,499.341547959184,602.137874489796,555.851697959184,547.121397959184,702.821270408163,739.272297959184,790.645425510204,756.13218877551,771.900019387755,832.854682653061,707.976182653061,791.072645918367,792.651095918367,668.563051020408,660.894151020408,538.203151020408,469.952103673469,490.556409183674,526.266617346939,494.46165,359.574507142857,279.090535714286,511.521351020408,341.256626938775,410.883925816327,507.8159,640.897792857143,596.092958163265,505.639764285714,513.473836734694,530.868076530612,458.302101632653,565.671351632653,507.699865918367,487.485073469388,451.643528571429,510.144445918367,465.863410204082,521.965810204082,483.609279591837,496.550079591837,476.756578571429,413.208704081633,449.803564285714,470.734164285714,515.819151428571,505.720412244898,482.094234693878,483.690384693878,599.799784693878,609.969139795918,676.733019387755,790.14585,691.57898877551,526.679119387755,586.440148979592,489.31257755102,571.683332653061,454.949342857143,617.583896938776,482.024516326531,418.372208163265,550.547688673469,714.360081632653,797.575746938776,804.401855,915.182921428572,912.012819387755,1023.23069489796,863.240607142857,861.473398979592,871.396984693878,761.201763571429,479.348441836735,429.968417346939,520.540846938776,537.845873469388,567.003173469388,576.692654081633,584.674104081633,548.743270408163,599.435170408163,668.862655102041,676.7797,344.731218367347,346.204668367347,414.376721428572,379.709225510204,334.005263571429,319.713912244898,234.774008673469,250.760750408163,208.873100408163,252.883970408163,272.883441326531,223.456469530612,379.555855714286,534.984944897959,402.147215306123,441.061858163265,522.141698979592,364.834916326531,543.094201020408,557.327825510204,558.98161122449,584.231703061224,475.657937755102,500.552281632653,634.619260204082,539.121760204082,572.875736734694,587.686860204082,579.172987755102,672.355537755102,673.307910204082,667.425881632653,554.718603571429,620.570928571429,529.838777755102,565.949487857143,591.305986734694,655.626386734694,606.208676734694,626.827107142857,713.09661122449,767.769508163265,653.606058163265,691.198058979592,731.311358979592,680.520247959184,660.129847959184,659.732297959184,615.970297959184,404.691997959184,409.055097959184,515.340297959184,525.530097959184,679.773332653061,668.717732653061,719.829557959184,796.073012244898,791.700467346939,758.633817346939,725.966026530612,556.194118367347,562.352740816327,848.758890816327,767.551007142857,784.447747959184,810.128052040816,852.012507142857,894.469925510204,839.829785714286,821.344141836735,803.697346938775,705.672482653061,682.462317346939,681.656774489796,873.734523469388,938.364162244898,857.054231632653,646.890005102041,713.882008163265,774.849935714286,741.59533877551,764.944508163265,827.353220408163,836.236852040816,802.026466326531,756.027017346939,620.411215306122,669.463665306122,678.13937244898,603.749867755102,398.003079591837,457.204317346939,565.024051020408,436.629995918367,434.659080612245,530.426640816327,475.57408877551,493.5746,498.386984693878,654.046703061224,619.056642857143,782.80055,728.866115306123,725.13518877551,730.764591836735,769.253844897959,675.870344897959,627.411108163265,650.850601020408,697.201376530612,704.533894897959,755.71387755102,759.92252755102,805.92998877551,597.033574489796,654.419969387755,793.568015306123,817.935073673469,553.759319285714,492.101651020408,449.758230612245,418.047330612245,367.481703061224,315.630344897959,376.300953061225,431.899257142857,433.502901020408,339.960151020408,436.87056122449,425.991107142857,494.679273469388,540.297216326531,501.529951020408,382.536416326531,395.794706326531,434.594176530612,504.178353061225,559.532153061225,580.336253061225,558.528203061225,459.541931632653,488.992033673469,570.712390816327,584.121717346939,573.527517346939,640.591043877551,626.248943877551,618.741094897959,704.180594897959,677.374336734694,535.082674489796,583.26043877551,619.350504081633,686.2746,678.039820408163,692.166984693878,598.247035714286,504.359471428572,434.388659183674,533.126159183674,509.585684693878,478.477712244898,512.952813265306,688.856160204082,658.580394897959,641.629376530612,631.439180612245,777.072169387755,767.990569387755,780.678534285714,798.306830510204,873.293375510204,740.860686734694,683.778133673469,671.871602040816,713.972564693878,851.071415306123,772.204859183674,607.131603061225,557.096731632653,626.006454081633,726.164402040816,674.147713265306,766.235871428571,760.396610204082,697.602131020408,703.099346020408,608.257859897959,696.55092244898,885.191459183673,958.375621428572,1000.44393061225,881.826336734694,855.218340816327,868.553371428571,837.163929183674,926.227179183674,955.097529183673,879.819879183673,892.360629183673,804.668394897959,815.99492877551,844.892705,809.945513265306,792.890225510204,822.545574489796,754.260371428571,791.001982653061,824.501428571429,868.996346938775,1058.98439693878,983.067275510204,1001.09973877551,1014.20477959184,930.24208877551,892.860620408163,916.744820408163,479.692493673469,405.307193877551,413.884732653061,502.370713265306,762.553559183674,868.311796938776,900.959573469388,868.212555102041,859.887303061225,814.975101020408,789.483031632653,646.729955102041,827.066970408163,605.783551020408,521.197391632653,574.084625306122,668.956610204082,504.928695918367,529.416401020408,489.140529591837,486.150179795918,500.324744081633,534.395115510204,661.040468367347,621.540287755102,610.462315,442.748779591837,386.719454081633,295.658755102041,382.401805102041,454.010155102041,459.317258163265,512.581358163265,357.702024489796,406.1107,539.79085,470.930588061225,479.674253061225,500.788942857143,472.568023469388,549.943981632653,620.600586734694,643.794978571428,770.756778571429,817.3462,788.831423469388,820.301234693878,826.143478571429,790.909183673469,839.305357142857,687.423679591837,751.691628367347,729.591025510204,762.927716326531,245.086333367347,748.519868367347,841.355596938776,791.509255102041,931.383476530612,932.794491836735,1086.11777346939,981.754973469388,945.723527551021,902.264665306123,786.284557142857,549.30373367347,566.16568367347,575.833118367347,508.167457142857,519.051931632653,440.538033673469,319.612762244898,371.061112244898,364.464917346939,379.248969387755,465.126467346939,688.56176122449,542.356775510204,473.659606122449,618.664586734694,619.672717346939,512.936278571429,410.152298265306,366.295906734694,456.781913265306,784.960016326531,601.229009183674,643.947745918367,562.873564285714,641.972128571429,635.951881632653,456.800832653061,419.83974622449,392.386328571429,322.559546938776,270.247280102041,522.377695918368,549.173789489796,543.106705102041,630.042353061225,649.607815306122,500.080981632653,393.906174489796,562.670352040816,563.277489795918,599.457017346939,597.810917346939,584.924037755102,567.701762244898,540.106981632653,713.109313265306,716.022145918367,710.080881632653,709.610437755102,682.694270408163,686.116146938776,635.243206122449,571.331510204082,470.475828571429,407.531959183673,474.212171428571,426.004271428571,429.126498979592,504.846348979592,368.203473469388,390.165313265306,298.329173469388,258.566316836735,304.045853061225,382.456786734694,297.608052040816,252.712398979592,376.369656122449,368.161119387755,376.540874489796,449.86209,419.439198163265,442.185847653061,504.187379591837,593.025113265306,635.343413265306,567.791425510204,563.159852040816,572.933331632653,557.906953061225,542.408393061225,508.396553061225,632.760671428572,573.673108163265,630.926169387755,729.525514285715,776.888314285714,800.405179591837,942.401229591837,1105.86507959184,970.724678571429,1026.1933244898,936.48607755102,736.221992857143,645.969582653061,641.449509183674,573.489349591837,988.60732755102,1044.21576836735,1001.86311836735,1025.80059897959,1034.93182346939,1136.49568163265,1102.84770816327,862.323919387755,939.775117346939,939.790834693878,875.321792653061,895.597841836735,902.533785714286,997.751602040816,971.234002040816,963.680452040816,918.209104081633,785.937441836735,886.913967346939,882.071495816327,882.48687744898,1023.64917438776,1184.06987755102,1077.84021530612,926.9065,730.505296938776,691.635543877551,675.238905102041,862.625992857143,800.845420408163,794.567878571429,808.743990816326,827.505990816327,857.443676530612,748.192219387755,816.354759183673,886.535312244898,953.944018367347,944.171236734694,930.140468367347,847.950351020408,664.721544897959,505.325216326531,427.887705102041,477.859344897959,458.431235714286,530.490852040816,495.002786734694,584.187715306122,530.094109183673,522.510166326531,542.468425510204,562.574342857143,555.574768367347,464.082958469388,435.258384693878,405.212705102041,460.559875510204,362.925717346939,423.988362244898,572.741810204082,522.316219387755,584.008845918368,619.370445918367,679.531889693878,710.25184255102,620.376297959184,574.697851020408,592.164037755102,793.628584693878,734.831284693878,718.007734693878,372.420736734694,365.638837755102,294.587828571429,257.041778571429,281.902028571429,397.354678571429,379.882878571429,239.130989081633,283.471610204082,271.223166326531,274.064202540816,411.281393357143,414.057192857143,382.935392857143,467.275490816327,541.701160204082,569.425060204082,572.226567346939,591.021090816326,621.894170408163,609.423207142857,607.224807142857,600.070466326531,578.682434693878,643.275179591837,625.779352040816,500.880802040816,441.438352040816,517.717552040816,579.294802040816,329.604265102041,355.356204081633,386.899480612245,396.835003061225,407.226973061224,395.032723061224,527.006023061224,484.662594897959,453.945523469388,551.173655102041,487.199251020408,488.487901020408,483.428267346939,478.399967346939,455.122367346939,451.061087346939,572.775917346939,522.966767346939,540.27766122449,546.10856122449,450.005830612245,527.807380612245,480.685984693878,418.721930612245,368.695030612245,387.511319387755,522.124295918367,617.843141836735,538.736847959184,494.79383877551,458.723989795918,480.96247244898,481.751556122449,543.294376530612,596.159221428572,603.472471428572,554.49585,581.576530612245,699.945986734694,808.828037755102,695.659016326531,598.602954081633,497.180675510204,441.132116326531,433.003053061225,405.335212244898,430.015612244898,426.211737755102,439.280337755102,481.271108163265,562.465208163266,505.460858163265,544.237958163265,447.074289795918,357.909369795918,430.481889795918,404.274689795918,356.178963265306,447.517345918367,424.963929591837,504.886929591837,495.566679591837,421.846478571429,463.408328571429,562.619452040816,751.696102040816,763.04652244898,770.646342040816,806.116134897959,872.748494897959,1009.53118765306,1056.26666418367,1045.11270918367,1024.95185918367,1109.16346326531,940.978169387755,927.893845918367,1059.2180877551,987.338237755102,956.061737755102,768.781713265306,748.122584897959,815.516934897959,835.569729591837,819.076354081633,727.973169387755,712.656987755102,457.805396938776,493.55802244898,390.027086734694,389.660081367347,477.650063265306,455.161363265306,415.555973469388,370.186486734694,422.985143265306,523.895780612245,583.474580612245,788.414686734694,837.211639795918,879.974695918367,806.899983673469,890.278282653061,771.151953061225,802.391255102041,853.947880612245,740.250823469388,630.515070510204,642.784170408164,649.762786734694,655.688281632653,661.256417346939,591.43411122449,590.17501122449,593.261285714286,685.864116122449,697.838601836735,684.033321428571,668.459444897959,576.124345918367,544.400506122449,552.650154081633,584.52213877551,507.147818367347,612.058118367347,679.890424489796,588.830813265306,622.252108163265,663.596164285714,701.399789795918,701.412468367347,577.441522142857,495.347881326531,486.301140816327,481.653090816327,539.511503061225,597.012865306123,627.741531632653,466.598332653061,485.815487755102,482.363448979592,488.848833673469,458.798547959184,504.031852040816,509.979925510204,531.673046938776,762.174287755102,836.081314285714,819.216655102041,913.214959183673,939.482785714286,1052.3962244898,1175.65651530612,1035.92099897959,1198.35621530612,1175.9436,1113.5293877551,1030.59585204082,664.501191836735,699.320942857143,708.272944897959,734.618565306122,674.048767346939,520.026258163265,630.664854081633,663.990804081633,699.99937244898,526.192326530612,500.807373469388,467.530667346939,484.679596938776,521.637696938776,543.543818367347,519.690867346939,481.36738877551,580.4665,591.607945918367,480.288314285714,508.686787755102,511.606923469388,513.234040816327,725.127420408163,625.287995204082,641.230076530612,666.626914285714,729.797404081633,617.671139795918,545.55398877551,469.34676122449,424.792825510204,395.578089795918,444.352718367347,403.423970408163,352.599581020408,428.726414285714,527.57062244898,556.487263265306,594.751039795918,620.568047959184,546.583178571429,439.439615102041,486.416915102041,391.080041632653,331.082723469388,298.432305102041,325.381655102041,349.783994285714,291.553074897959,246.282774897959,234.559981020408,311.278883673469,350.924652346939,275.582016122449,335.638160510204,347.973090102041,328.497969591837,225.946244081633,278.832836530612,476.863133367347,490.36639255102,492.702570102041,462.762270102041,469.004571122449,505.276653061225,468.586576530612,439.313585714286,337.662815306122,383.209296938776,381.811372346939,399.617365306123,425.013703061224,412.32826122449,615.484679591837,567.645551020408,371.07397244898,382.892148979592,321.061464285714,285.122627040816,334.351377040816,451.348123469388,410.910370408163,392.222292857143,512.926764489796,439.865620408163,528.727778571429,709.711754081633,661.144454081633,602.078735714286,545.213575510204,540.498625510204,413.592498877551,401.654786734694,449.538597959184,402.888023469388,431.802240816327,385.517009183674,387.059770306123,780.554215306123,652.670128571429,705.11073877551,737.738377551021,776.306577551021,753.161709183674,598.929260816327,661.184601020408,544.542601020408,516.091341020408,630.885537755102,643.632409183674,627.008467346939,506.667817346939,701.760068367347,634.04168367347,609.34967244898,637.963356122449,751.275724489796,676.605774489796,736.182974489796,804.492576530612,743.025551020408,666.224255102041,662.662124489796,662.915824489796,719.932745918368,614.685702040817,556.208587755102,570.892637755102,671.397481632653,627.7396,618.780669387755,650.845837755102,765.414214285714,893.991098979592,984.173006122449,852.68841122449,685.48651122449,748.959654081633,620.563864285714,590.961735714286,558.008428571429,791.505509183674,805.81415,647.788065,557.13355,545.289215,468.967322142857,514.476776530612,496.085646836735,435.33222744898,486.77877244898,561.731584693878,560.357534693878,491.753724489796,465.496841836735,723.289958163265,814.441802040816,807.536780612245,843.120780612245,872.922133673469,823.690965306122,871.80733367347,969.271067346939,730.149307142857,750.244509183673,666.604344897959,700.160644897959,789.070325510204,914.147347959184,936.026797959184,898.49032244898,805.000673469388,768.713182653061,619.266368673469,699.171419897959,726.740144897959,754.695736734694,733.185607142857,665.464862653061,803.495447959184,818.016953163265,892.564575510204,873.677295510204,925.878495510204,907.902960204082,935.650268367347,836.346067346939,1015.1275622449,939.984096938776,822.350086734694,776.16053877551,1076.52783673469,1067.72422244898,815.685878571429,859.443378571429,1007.29300510204,1129.47120510204,1102.3687255102,1100.90347040816,778.698112244898,828.261545918367,805.309945918367,703.336240918367,736.240291836735,581.126941836735,626.359741836735,531.759184693878,339.75613755102,495.85095,576.08765,587.708401020408,574.193551020408,556.114051020408,538.491860204082,513.312560204082,475.590015306123,499.677008163265,585.372503061225,549.677453061225,667.577403061225,786.038566326531,752.568166326531,741.616834693878,824.916934693877,711.340524693878,680.840624693878,818.60097755102,791.81026122449,660.27945,587.7317,549.521941836735,525.133631632653,553.831132653061,568.722531632653,645.906985714286,615.091325510204,602.579657142857,657.026255102041,710.245446938776,760.775315306122,722.318117346939,673.267671428571,625.562660204082,651.223179591837,656.127023469388,591.127696938775,591.722483673469,563.717504081633,585.292359183674,454.170364693878,494.634704081633,455.816334693878,432.792082040816,540.767856122449,522.416374489796,513.493020408163,513.988297959184,653.951806122449,581.230580612245,647.985498979592,707.260556122449,750.384374489796,835.802093877551,745.213608163265,678.218955102041,735.635853061224,717.387393877551,715.252791836735,767.433053061224,625.053303061225,668.508153061225,536.320048877551,555.246581632653,613.009189795918,639.550879591837,632.399847959184,582.608212244898,643.048373469388,642.730798979592,551.081464285714,691.637152040816,726.003221428571,660.505794897959,527.888164285714,614.867314285714,533.454364285714,472.377664285714,476.394241836735,678.90938367347,731.517841836735,762.73207244898,714.14962244898,730.33867244898,588.886162244898,634.970362244898,613.352684693877,579.898034693878,471.695084693878,530.677044897959,579.201994897959,537.78631122449,490.106201020408,473.957334693878,517.347229591837,633.069630612245,630.417208163265,650.087308163265,603.160479591837,613.01597244898,590.402696938776,624.849184693878,655.155880612245,636.610880612245,574.488568367347,722.686718367347,669.006420408163,689.387870408163,702.289436489796,695.906432653061,536.345184693878,594.127002040816,692.295763265306,809.130363265306,740.744673469388,769.958963265306,745.814457142857,734.718457142857,685.804127551021,815.506127551021,1074.36134897959,1045.94870408163,1100.63614408163,1146.83394408163,1151.35724908163,1093.02867755102,973.119653061225,935.645482653061,924.329433673469,889.202443877551,912.653243877551,948.283268367347,619.665439795918,683.107989795918,638.71521122449,660.042576530612,706.39568877551,499.775558571429,663.333008163265,631.302537346939,605.824129591837,560.515279591837,495.108890816326,559.695290816327,481.93465,486.394725510204,600.172082653061,570.139051020408,611.262101020408,601.687451020408,612.697551020408,563.557262244898,612.810907142857,611.765057142857,459.797802040816,704.118107142857,599.694292857143,508.746735714286,582.763008163265,522.707986734694,416.652748979592,420.32346122449,415.778568367347,401.106018367347,413.907318367347,300.975623367347,328.600163163265,305.754363163265,321.192019387755,401.384219387755,381.820669387755,450.305784693878,471.141418367347,422.877176530612,418.496726530612,451.283426530612,554.2874,703.671156122449,681.120956122449,533.12801244898,560.173215306123,534.977828571429,602.637791836735,649.727670408163,619.332624489796,601.176947959184,571.885253061225,584.014069387755,536.896719387755,541.72718877551,669.854406122449,630.407656122449,621.694582653061,622.21621122449,673.20106122449,600.66931122449,653.641347959184,513.143997959184,459.926941836735,439.521812244898,476.771991020408,379.819141020408,515.436871020408,592.26031122449,522.776374489796,421.594953061225,626.630431632653,510.377951020408,521.370317346939,392.76358877551,450.357358163265,318.439209387755,218.21034122449,364.565135714286,438.054657142857,369.593997959184,402.30078877551,613.205602040816,698.941973469388,735.888215306122,739.023807142857,673.305551020408,660.520215306123,673.965891836735,753.186323469388,712.312923469388,722.883363265306,797.670413265306,504.437063265306,571.960816326531,633.53597244898,580.44782244898,681.533794897959,664.142668367347,670.343005102041,680.229305102041,557.389281632653,600.694220408163,621.744874489796,618.793185714286,498.80506367347,530.255469795919,426.159324489796,541.506352040816,544.295152040816,559.469752040816,646.288252040816,605.731802040816,596.208056938775,634.971456122449,711.935497959184,703.977537755102,658.803798979592,631.995659183674,701.866617346939,606.740586734694,567.707728571429,528.967628571429,475.166748979592,404.881964285714,449.665840816327,570.594256122449,586.338893571429,672.473098979592,659.558570408163,630.250321428572,621.626826530612,533.463434693878,651.719934693878,698.208293877551,715.731070408163,669.122328571429,688.929633673469,690.001165306122,694.970217346939,612.761592857143,597.795271428572,597.721648979592,561.912537755102,562.725675510204,573.6634,650.01645,592.2279,621.4305,613.97715,569.128919387755,714.965819387755,685.875230612245,659.161036734694,634.104143877551,769.81567244898,736.852349183673,782.436095510204,845.051125510204,836.374333673469,735.762847959184,753.390348979592,859.404070408163,885.826634693878,853.814486734694,1027.03917653061,950.449101020408,929.325923469388,872.266409183674,770.565880612245,755.990097959184,723.211035714286,698.387339795918,768.612578571429,752.905432653061,799.570010204082,747.641510204082,865.083584693878,870.137536734694,848.324836734694,889.958940816327,622.904640816327,533.997777142857,650.324305102041,561.139584693878,624.684432653061,690.219687755102,585.092379591837,655.585136734694,556.915213265306,683.141113265306,624.139958163265,537.509576530612,551.547765306123,529.288719387755,564.618378571429,574.036728571429,504.195609183674,552.982246938776,528.679095918367,546.06426122449,492.613487755102,605.798951020408,491.465495918367,455.911694897959,370.717224489796,363.635689795918,403.527645918367,450.221789795918,434.836583673469,451.311579591837,479.59587244898,414.217382653061,414.625301020408,521.008975510204,503.426908163265,447.296917428571,503.350418367347,436.564760204082,560.51638877551,562.21676122449,526.296979591837,487.807334693878,572.019181632653,587.942718367347,626.230180612245,534.703543877551,546.496529591837,444.830626530612,514.77207244898,412.234169387755,387.390712244898,405.414593571429,417.65548877551,444.292751020408,297.981482653061,360.209290816327,376.806541836735,312.294693877551,268.71205,347.71195,595.040175510204,638.295813265306,731.593065306123,679.371368367347,748.743301020408,718.814591836735,808.143191836735,776.866141836735,552.574493989796,577.43003877551,643.66793877551,641.10143877551,508.68162755102,479.498846020408,552.328801020408,520.339801020408,551.624869387755,625.620196938776,604.871760204082,548.613418367347,504.770198979592,623.488077551021,562.279868979592,604.772695510204,634.446945510204,637.829095510204,628.658571428572,703.745607142857,579.521260204082,483.448892857143,457.669175510204,432.868180612245,405.161126530612,366.332438061225,434.558626938776,426.52140244898,392.295413979592,365.784052040816,352.837109183673,414.859743877551,383.758558265306,493.666062346939,320.851197346939,330.643524897959,341.028189897959,327.47241122449,323.340891836735,320.063784693878,327.196014285714,369.135264285714,415.036986734694,396.548991836735,323.721434489796,423.560199489796,314.712304428571,453.684742857143,383.354899285714,428.431591122449,341.034435,359.511499285714,321.734358469388,408.061280612245,408.942780612245,417.458880612245,452.514837755102,445.111284693878,392.192285714286,430.962785714286,465.658783673469,513.171679591837,577.507345918367,619.861056122449,509.647171428571,601.205968367347,550.048660204082,489.576213265306,554.088764285714,544.609992857143,490.91881122449,429.175177551021,411.966894897959,301.020527653061,442.936980612245,431.846839795918,527.612865306123,544.106817346939,588.09953877551,524.741662244898,579.846827551021,737.725785714286,756.209667346939,724.159017346939,605.344381632653,579.497931632653,526.901494897959,370.394494897959,376.159864285714,437.712277551021,492.375352040816,560.728245918367,537.603095918367,510.452490816327,461.241692857143,470.607042857143,473.00715,575.49752755102,564.513208163265,529.982826530612,595.551541836735,564.804630612245,384.81955,427.323001020408,549.873552040816,530.199904081633,498.864517346939,469.402867346939,415.981328571429,467.568755102041,472.608878571429,720.877048979592,785.861795,801.748758163265,797.164660408163,804.67770122449,764.171839795918,803.442215306123,759.392593877551,860.321302040816,909.523296938776,892.315141122449,930.879006122449,910.636776530612,1020.41747653061,1001.88602653061,770.745326530612,664.423254081633,562.889644285714,619.235744285714,607.609394285714,475.154844285714,429.812809183673,356.009359183673,380.007698979592,271.537434897959,276.384744897959,278.129844897959,332.729094897959,368.211044897959,322.200645510204,286.632805102041,290.465317346939,419.887967346939,285.913845918367,446.92153877551,608.36593877551,642.10828877551,554.177258306123,495.25757,591.475262857143,569.843163877551,599.485267346939,675.840441836735,592.000192857143,623.532292857143,720.347392857143,675.099639795919,689.348189795919,576.059439795919,667.916657142857,643.786757142857,565.026907142857,599.626402142857,394.774745306123,421.514973469388,468.576785714286,465.153597959184,556.606976530612,621.958276530612,611.604407142857,498.337057142857,478.239125510204,519.019807142857,507.213767346939,521.341189795919,377.235830408163,409.595180408163,437.23285,351.186320408163,365.36615,318.008684693878,304.999042857143,432.475063265306,432.104713265306,428.741995918367,466.535877551021,444.93628877551,500.51125,638.55523367347,700.76447244898,590.96858877551,644.029313265306,691.553905102041,713.373123469388,678.329696938776,699.393896938776,532.018816326531,428.310466326531,522.50607755102,541.578147959184,627.921210204082,575.700512244898,694.478953061225,654.301703061224,729.208863265306,725.889842857143,873.744369387755,808.06941122449,895.326678571429,906.964107142857,885.704971428572,787.520616326531,701.807287755102,678.273837755102,695.717042857143,613.624596938776,590.43707755102,704.634080612245,537.920630612245,597.580130612245,527.131230612245,610.557555102041,676.636951020408,491.722684693878,441.490204693878,483.015790816327,501.658434387755,645.287162959184,511.209303061225,485.453384693878,402.736451020408,496.361797959184,558.355744897959,653.049744897959,582.890231632653,514.162203061225,480.358498979592,633.595698979592,681.947698979592,828.278320408163,639.133057142857,696.83051122449,690.292816326531,581.658430612245,615.095980612245,613.186364285714,702.02453877551,712.96973877551,566.895045918367,641.968770408163,643.536323469388,627.856398979592,495.369914285714,641.493295918367,632.292116326531,698.35198877551,643.445065306123,555.124115306123,687.158346938776,615.471071428572,598.411271428572,507.090011734694,566.089648979592,472.546634693878,536.181736734694,559.61572244898,754.990631020408,729.234804081633,756.309804081633,1054.97227040816,956.391933673469,791.743697959184,829.066009183674,836.527226530612,719.545291836735,705.828190816327,737.103640612245,654.175240612245,721.60272244898,864.969495918367,954.357997959184,867.807697959184,762.667597959184,761.653821428572,613.847476530612,578.056751020408,540.623668367347,628.998336734694,653.901832653061,662.676424489796,719.913757142857,762.195010204082,840.491560204082,865.320932653061,850.785121428571,751.645915306123,650.589735714286,629.176462244898,607.91208877551,635.048087755102,815.256387755102,839.239517346939,883.445017346939,916.479376530612,763.251653061225,661.679687755102,632.307316326531,650.980606122449,581.188054081633,313.887684183674,377.435379591837,369.012484591837,471.144743877551,392.921713265306,419.721939795918,414.676851020408,396.919306122449,523.020545918367,550.935657142857,611.72421632653,577.571787755102,612.416710204082,640.604881632653,464.875620408163,459.366245918367,457.986897959184,464.105874489796,458.849624489796,388.41586,382.419216326531,392.889829591837,463.155434693878,445.533380612245,639.687625510204,581.617052040816,561.600192857143,495.355235714286,397.007602040816,437.190841836735,416.680248979592,286.196948979592,295.013826530612,287.957470918367,311.127185918367,303.987777346939,347.066866122449,346.577016122449,419.212339795919,361.699778571429,461.199664285714,464.596037755102,519.388864285714,496.80507755102,493.413337755102,520.33903877551,512.29363877551,525.566612244898,599.917160204082,465.904342857143,457.985643877551,411.268293877551,479.031293877551,446.936970408163,487.346420408163,529.923476530612,451.351226530612,449.30142244898,359.851189795918,298.319289795918,385.082876530612,341.36313877551,348.156436734694,360.847514285714,421.55197755102,394.99307755102,477.208612244898,438.50072755102,512.23022755102,423.35152755102,384.67107755102,428.98167755102,337.22707755102,330.96582755102,251.20146255102,270.63717755102,303.16012755102,343.94242755102,372.74852755102,425.45732755102,366.643677551021,427.449605102041,439.634064285714,496.00633877551,463.33668877551,414.747253061225,488.197024489796,374.861007040816,441.991287653061,313.178702040816,431.317428571429,655.440037755102,540.220509183673,554.910012244898,607.363362244898,595.117804081633,590.21962755102,588.86572755102,470.33862755102,549.322666326531,668.4143,676.077314285714,841.583964285714,896.680606122449,843.770894897959,818.410701020408,822.317890816327,799.686101020408,663.230001020408,594.061342857143,626.675732653061,723.840995918367,730.502430612245,685.967931632653,882.218886734694,824.472143877551,666.412295918367,659.145155102041,550.387007142857,717.856481632653,831.430671428571,665.825619387755,619.198143877551,610.89556122449,602.733704081633,794.900937346939,767.27009244898,714.050537346939,707.276561632653,566.728163673469,682.875774897959,678.967248367347,558.590541836735,595.465509183674,446.842434285714,415.064932244898,391.315016326531,612.257812244898,604.131531632653,653.666812244898,668.215323469388,625.867083469388,674.342123469388,646.916720408163,802.171543877551,792.161144897959,683.893951020408,744.451967346939,815.81093877551,915.34573877551,804.309729591837,827.138017346939,769.509786734694,635.641286734694,796.256132653061,717.134782653061,759.258782653061,805.856732653061,774.734932653061,661.401466326531,352.519956122449,361.851453061224,471.734653061225,514.723610204082,440.909573469388,469.614623469388,430.697923469388,400.217591632653,431.130041632653,490.123281632653,564.114431632653,530.121466326531,629.14265,557.60223877551,543.418426530612,696.567181632653,663.711419387755,676.374370408163,712.118620408163,768.714719387755,698.341037755102,874.194037755102,859.461137755102,878.879610204082,896.884553061225,803.256147959184,810.251997959184,727.182082959184,713.130262959184,791.029375510204,908.975894897959,828.367856122449,806.653762244898,750.728609183673,787.629908163265,696.380183673469,607.687549081633,587.022417346939,629.492478571428,720.787602040816,622.332076530612,566.280610204082,464.18617244898,497.879648163265,583.044759183674,579.044323469388,520.946287755102,473.41185,447.13525,366.555506122449,345.288806122449,344.815556122449,364.167906122449,311.479956122449,318.780906122449,320.148456122449,241.592221122449,417.286211122449,440.805016122449,430.606196938776,336.592946938776,464.093846938776,512.610996938776,511.655033673469,536.039183673469,543.12266122449,590.448791836735,539.04806122449,776.322510204082,766.149405102041,744.285502040816,572.839707142857,726.585052040816,740.218169387755,759.020191836735,836.81602244898,895.210613265306,953.861141836735,959.008836734694,876.773286734694,905.410786734694,994.514836734694,809.53246122449,803.92141122449,779.597126530612,856.207344897959,851.332344897959,876.086697959184,788.872931632653,661.529981632653,546.351268367347,562.551731632653,612.169231632653,654.916119387755,594.14553367347,690.474501020408,616.771175510204,634.379469387755,633.899289795918,600.725804693878,543.255595510204,554.119165918367,585.546000204082,649.435905918367,480.963784693878,575.541279591837,657.725554081633,669.562665306123,812.153223469388,777.809701020408,840.522682653061,835.761184693878,647.978584693878,649.666384693878,639.297048979592,758.629996938776,772.812446938776,640.702446938776,671.736884693878,692.939549693878,638.207099693878,564.585719693878,606.804479693878,526.143284795918,517.864634795918,574.498176530612,561.272342857143,558.799392857143,353.776695918367,340.251795918367,321.366045918367,316.274368367347,353.734677755102,491.055753061225,618.870203061225,645.191968367347,627.753068367347,645.764818367347,530.97032755102,435.003987040816,481.475590408163,488.524896530612,548.491778571429,461.684706122449,493.645836734694,601.118519387755,444.667737755102,455.344770408163,720.95452244898,776.309785714286,787.786790816327,855.292676530612,725.597376530612,733.983639795918,783.222009183673,757.496334693878,745.352076530612,697.678054081633,716.235975510204,699.425071428571,551.903117142857,593.98612755102,633.582131632653,565.675430612245,637.87287244898,651.153054081633,716.699854081633,897.107825510204,763.280063265306,696.458463265306,823.158676530612,879.881963265306,605.810958163265,563.832571428572,682.387545918368,690.445245918367,618.210740816327,619.158640816327,730.947190816327,779.641437755102,914.058960204082,792.410208163265,782.611660204082,908.350353061225,752.034144897959,933.246444897959,939.777494897959,961.032940816327,1028.19276122449,1112.43673061224,1317.43753877551,1295.72695306122,1288.71585306122,1045.17160102041,948.575954081633,947.883804081633,768.823624489796,703.704930612245,699.055028571429,475.664663265306,470.559104489796,511.61607244898,416.29047244898,426.348491836735,525.815023469388,575.979460204082,484.121265306122,425.01602755102,408.497034693878,350.857551020408,359.469755102041,403.380032653061,343.938912244898,402.649551020408,451.552407142857,472.761982653061,555.830953061225,453.63878877551,545.111087755102,531.258581632653,591.779305102041,590.560453061225,592.610103061225,529.759208367347,829.145918367347,833.579069387755,727.675502040817,840.741306122449,728.687673469388,681.966873469388,576.48498367347,675.900390918368,641.56471744898,502.85776744898,654.574949081633,652.380719489796,639.583934795918,589.649010306122,647.383051122449,600.223950102041,606.270196020408,649.892004183674,599.967213265306,668.034166326531,628.472659183673,611.569153265306,508.972357142857,564.009385510204,454.487263673469,462.388926530612,498.757712653061,524.769142857143,458.359953061224,471.765936734694,702.485319387755,577.417619387755,631.400219387755,820.658286734694,866.349553061224,781.099102040816,829.617552040816,820.108936734694,813.101213265306,737.518742857143,747.351842857143,707.506010204082,713.996733673469,662.681618367347,603.586537755102,406.680003469388,377.67026094898,546.223453061225,418.505026938776,355.465844693878,796.40686122449,624.184693877551,715.636710204082,652.223363265306,473.466343877551,397.736684897959,403.424229591837,388.5215,410.813507142857,266.817543877551,335.949069387755,384.814975714286,518.578171428572,541.395181632653,403.603831632653,420.582131632653,381.014136938776,542.867438877551,569.480615408163,585.803141938776,427.781208265306,485.220003163265,431.878346020408,546.810891938776,491.053086836735,507.287641836735,480.853331632653,439.913181632653,577.353789795918,631.087903061225,617.970969795918,453.631969795918,431.140721428572,520.152142857143,561.214392857143,546.923514285714,494.574504081633,442.936978571429,558.902301020408,529.289982653061,479.26907244898,522.895664285714,513.81306122449,543.31013877551,605.093739795918,583.626133673469,669.867315306122,800.286747959184,883.110068979592,1093.01291897959,1226.08328183673,1262.93454387755,1223.25350204082,1119.59265204082,1125.70734897959,1154.85612346939,949.328743469388,986.923408163265,1049.75915816327,1221.22235816327,1049.47771530612,777.064606122449,640.872919387755,772.493084693878,671.393740816327,591.842137755102,620.696624489796,353.219609183673,389.596498979592,415.826339795918,489.891126530612,542.601876530612,455.459754081633,488.148804081633,491.369754081633,562.396570612245,655.926184693878,593.254007142857,494.596957142857,388.213490306123,321.371405306122,446.047865306123,339.774470408163,418.703570408163,538.743970408163,518.832226122449,484.176826122449,622.365056122449,640.509962244898,710.468012244898,663.138262244898,582.802496938775,622.0301,790.923389795918,585.212389795918,661.34948877551,749.886184795918,650.320203469388,555.852639183674,613.986406938776,532.331256938775,418.762538571429,385.652003979592,328.506379285714,292.556229285714,255.357029285714,294.155879285714,243.213849285714,223.924374285714,236.519954285714,347.02071,353.30561,359.13735,330.9879,356.8235,473.514585,525.051135,516.38976,547.916614285714,627.099304285714,511.677618367347,567.307215714286,605.665896938776,608.227964285714,666.365764285714,581.797468367347,454.499983163265,562.452209183674,533.296351734694,529.889508163265,549.37881122449,585.169064285715,665.402382653062,571.818070408163,493.100205102041,494.327295918367,485.501802040816,535.992277142857,639.022707142857,678.044209183674,710.349884693878,684.737745918367,663.771021428572,769.639558163265,752.399343877551,787.750091836735,772.638156122449,747.239893877551,641.825543877551,698.96041122449,537.362898979592,553.755948979592,550.628045918367,625.411862244898,577.435307142857,584.326281632653,686.259406122449,628.577773469388,560.220632653061,769.791514285714,600.858653061225,489.59046122449,446.985029591837,506.309779591837,453.361629591837,423.130329591837,380.168175510204,306.195320408163,293.226020408163,278.457705102041,272.796912244898,287.089209183673,409.957964285714,447.86867755102,452.352296938776,414.583446938776,282.852898673469,281.526041530612,337.934054183673,303.504612244898,311.708630612245,345.211980612245,393.523044897959,407.50761877551,475.714487755102,543.953576530612,506.131893877551,440.746407142857,412.216171428571,461.705421428571,395.318235714286,372.472185714286,341.671098979592,435.387887755102,419.047257142857,532.96518877551,575.01363877551,550.606509183674,424.263671020408,352.80543122449,426.499906122449,453.632956122449,423.150650612245,290.564246938776,327.776132959184,419.396520408163,442.389301020408,455.055932653061,551.345567346939,581.253093877551,555.614559183674,555.711616326531,687.382357142857,722.434057142857,711.135008163265,736.498058163265,695.912852040816,651.81503877551,554.133806122449,428.089682653061,469.020928571429,410.388187755102,374.664671428572,425.12371122449,440.48712244898,500.909990816327,447.778628571429,563.08197755102,536.31272755102,509.69702755102,460.118578571429,454.862498979592,442.017407142857,498.26581122449,370.993304081633,364.932810204082,710.861310204082,722.398668367347,730.566485714286,820.234435714286,907.555098979592,918.937613265306,666.707365306123,701.940920408163,611.467434693878,500.448623469388,653.92817244898,753.59027244898,800.997651020408,856.839901020408,855.791051020408,777.152855102041,840.372435714286,609.609170408163,568.434764285714,575.974105102041,522.016833673469,441.49663367347,428.541174489796,513.306453061224,674.968898979592,631.61048367347,688.94468367347,708.090355102041,507.956450102041,694.80683377551,571.608007142857,613.878626530612,498.639776530612,538.265426530612,656.080854081633,465.625141836735,705.865487755102,872.869947959184,854.778236734694,759.802334693878,712.025279591837,610.693176530612,585.982612244898,628.218084693878,665.583989795919,632.97185,635.794378571429,631.78458877551,636.16832755102,755.363155102041,665.823705102041,685.400555102041,613.384655102041,637.583155102041,453.16507755102,405.202860714286,419.797860714286,431.859507142857,625.165305102041,500.686755102041,505.905455102041,433.088805102041,424.186668367347,388.87151244898,435.90292744898,480.78972244898,450.428631632653,514.831881632653,550.196920408163,570.484748979592,532.425948979592,649.656848979592,578.981598979592,476.927351632653,390.69977244898,419.41254244898,441.267491836735,374.137991836735,418.083391836735,320.797606836735,394.744041836735,435.969391836735,416.697791836735,373.054369387755,391.931630612245,431.362087755102,395.311095918367,509.43682755102,416.638671428572,365.399891020408,354.475141020408,373.356422653061,313.891322653061,313.848464285714,425.299130612245,359.006485714286,416.851965510204,439.441403265306,542.733953265306,498.644453265306,557.122014285714,496.023937346939,638.319637346939,497.023051020408,562.088113265306,634.279656122449,649.15871122449,665.451909183674,716.715159183674,755.602525510204,714.828784693878,817.058403061224,642.119612244898,692.811512244898,665.34548367347,662.178858163265,663.381080612245,635.4439,651.804015306123,642.682341836735,727.015420408163,781.832266326531,776.015690816327,691.024139795918,715.053329591837,782.290673469388,783.435424489796,710.864224489796,640.732797959184,628.131993877551,470.271112346939,515.928853061225,488.208242857143,396.047187857143,428.144592857143,445.972518367347,662.368383469388,715.379523469388,766.619276530612,798.757776530612,656.219532653061,609.41441122449,616.003447959184,574.817234693878,592.222434693878,680.799707142857,624.949212244898,627.393529591837,615.727537755102,681.942403061225,642.707366326531,794.227835714286,974.492318367347,822.772475510204,703.678774489796,654.736387755102,493.424540816327,497.809474489796,638.834459183674,721.389209183674,719.272620408163,881.653571428571,965.406795918367,891.643135714286,585.179635714286,608.386832653061,472.174541734694,387.037932653061,357.92868877551,389.556862244898,287.096132346939,401.717957857143,469.958544591837,476.549986428572,469.278972142857,482.825550714286,494.082835714286,650.676510204082,771.318860204082,641.688884489796,657.133015306123,666.5742,607.24315,495.722812244898,424.190995918367,515.008495918367,555.424495918367,559.3561,416.380183673469,398.458606326531,447.635656326531,373.965456326531,279.901756326531,292.345448979592,445.039448979592,449.188598979592,390.612623979592,382.667944897959,537.471339795918,505.588846938776,555.59792755102,792.052891836735,753.766362244898,586.786171938776,721.982779591837,778.996496938776,826.854931632653,788.002876734694,702.315526734694,736.659880612245,610.037955102041,664.110705102041,550.147731632653,530.30270744898,523.954868469388,739.473195918367,889.221174489796,728.90041122449,824.441185714286,916.657148979592,1085.89320306122,1039.37270816327,995.408446938776,956.511746938776,812.279,809.540521428572,600.831351020408,526.396491836735,458.511950612245,581.611517346939,601.502020408163,728.956023469388,675.211801020408,635.769907142857,653.81638877551,706.270987755102,686.563337755102,825.672824489796,927.414095918367,840.760819387755,1022.31718163265,1048.41393877551,838.131326530612,907.773768367347,944.56016122449,848.816205102041,728.259964285714,764.03342244898,744.56390744898,882.96137244898,821.212851020408,669.800463265306,759.583307142857,674.714806122449,661.516167959184,538.511967959184,729.590659183673,792.585569387755,810.962118367347,662.992924489796,609.549391836735,600.475013265306,635.256780612245,544.073512244898,613.303434693878,558.009735714286,637.512142857143,534.103682653061,494.48361122449,569.89731122449,570.09756122449,575.687922040816,555.284408163265,534.649658163265,491.912958163265,578.427891836735,805.720970408163,867.409745918367,1015.4321122449,1123.92241530612,978.926315306122,1063.76866938776,992.395719387755,993.788775510204,826.295525510204,901.602275510204,900.929075510204,930.539313265306,876.877464285714,1021.04526836735,1111.20335102041,917.461753061225,948.56303877551,823.51354344898,843.76807244898,716.233612244898,710.640766326531,823.665054081633,805.475154081633,724.150394081633,547.935589285715,543.791939285715,559.177814285714,554.868664285715,547.642908163265,484.140056122449,557.234240816327,517.585094897959,511.716303061225,422.771334693878,417.55283877551,474.76053877551,551.152944897959,583.662917693878,497.218249326531,535.237340142857,564.097074489796,511.978653061225,660.877296938776,597.829627551021,519.714404081633,520.924654081633,566.003779591837,611.584226530612,558.330808163265,558.860113265306,532.297059489796,471.143903061225,399.656003061225,493.056981632653,546.366251020408,574.556058163265,562.669908163266,481.705571428572,527.736164387755,610.773969387755,614.076526530612,648.684389795918,592.403940816327,606.183769387755,727.211419387755,705.665962244898,613.09771122449,501.276843877551,725.934447959184,733.758848979592,770.041309183674,725.529560204082,699.743339795918,742.256639795919,737.478316326531,442.639763061225,485.642153061225,570.009566326531,729.024526530612,603.854510204082,525.657910204082,510.040044897959,545.15221122449,657.935416326531,698.638931632653,641.202253571429,678.007246428571,674.921785714286,626.96465,652.147902040816,855.734220408163,546.200961428572,587.719197755102,538.318406938776,795.652492857143,879.345942857143,1013.34447959184,836.655541836735,847.649341836735,798.123291836735,791.35026122449,777.54196122449,696.07571122449,613.003878571429,582.564047959184,617.872898979592,506.04327755102,498.935475510204,504.653645918367,527.367358163265,513.683384693878,516.92287244898,654.430091836735,548.617163265306,572.459640816327,650.902886734694,665.353242857143,694.723076530612,801.578140816327,1089.69505102041,942.056074489796,850.847703061225,917.545804081633,596.608964081633,721.573805102041,635.416242857143,578.711782653061,410.255340408163,554.098617346939,576.990467346939,629.675627551021,503.257686734694,501.725645918367,595.576597959184,676.598196938776,839.089660204082,808.019678571429,830.435628571429,756.568337755102,688.705117346939,701.599051020408,684.776719387755,594.612676530612,612.982576530612,659.906776530612,788.987097959184,848.842229591837,1041.56257244898,1037.13443265306,974.982670408163,1004.91567040816,878.482390816327,960.554145918367,988.497963265306,1023.23605612245,1162.23076428571,1170.06050204082,1171.52013469388,1053.52462040816,949.403066326531,1108.26814693878,945.579346938776,860.58231755102,910.047347959184,884.999447959184,978.247624489796,903.732237755102,961.770664285714,834.366296938776,991.925691836735,924.423491836735,1010.09062346939,869.21866122449,681.655445918367,683.143947959184,733.669547959184,679.813294897959,647.655089795918,652.64506122449,746.013253061225,694.762070408163,724.75411122449,751.833777551021,803.526485714286,612.047343877551,455.768071428571,576.851996734694,497.971296734694,690.556306122449,820.667442857143,902.619542857143,830.815790816327,750.464654081633,831.522562244898,727.304112244898,746.402942857143,748.875540816327,780.977590816327,786.225964285715,745.808608163266,781.117936020408,759.444682959184,679.369608469388,625.935567346939,635.324505102041,911.524630612245,944.603139795918,1024.76288061224,950.961031632653,812.986769387755,725.364925510204,677.612975510204,661.597044897959,673.705685510204,644.896006122449,670.941556122449,745.216827551021,850.865420408163,902.154020408163,892.502570408163,990.281917346939,885.467468367347,884.849818367347,446.311018367347,456.887668367347,366.678416326531,303.87306122449,311.501622244898,485.87157244898,652.904906122449,693.967958163266,836.185468367347,828.010880612245,797.781080612245,720.491130612245,745.756380612245,674.019516326531,606.003776530612,611.571160204082,684.274663265306,746.795434693878,952.758806122449,881.896726530612,834.241603061225,866.272897755102,907.655297755102,706.095047755102,738.262773673469,550.562809081633,672.480368265306,623.957283673469,676.274448979592,825.873009183674,798.904833265306,825.09178877551,781.823764285714,785.406064285714,655.319604081633,681.71492244898,635.37737244898,532.448302857143,509.818063653061,349.859713653061,309.215463265306,281.167473265306,281.571913265306,314.133671428571,323.228621428571,336.499571428571,311.612621428571,292.547921428571,319.193379591837,350.387179591837,331.021779591837,371.316644489796,572.773691428572,916.170318367347,916.259947959184,830.754547959184,876.437095918367,866.047114285714,914.323444897959,1008.02117040816,1058.35701632653,1093.69034897959,1097.23320102041,1146.26881326531,1092.3853244898,1066.45419285714,951.229013265306,868.858974489796,844.670278571429,884.438818367347,913.292002040816,948.50607244898,911.960296938776,807.251192142857,906.46085744898,784.774463265306,672.033498979592,731.45788877551,844.467674489796,914.747274489796,926.116524489796,964.670870408163,745.816420408163,596.513879591837,693.216466326531,888.631809183674,920.151834693878,891.456223469388,693.197390816327,814.976054081633,868.744754081633,856.219760204082,867.551394897959,868.221410204082,720.764608163265,723.957508163266,729.541274489796,789.539024489796,753.668621428571,784.718921428572,867.591974489796,885.201674489796,795.522889795918,799.145109183674,711.128470102041,625.12940377551,676.563496938776,673.224596938776,539.396986734694,582.85043877551,590.70548877551,413.311044897959,466.520715306122,491.782685714286,474.687350714286,608.25122622449,531.435217040816,690.963551020408,758.898089795919,775.742001020408,788.347486734694,899.495828571429,901.300103061224,860.84542244898,794.83106122449,1103.1522877551,1026.04806428571,950.113028571429,882.173082653061,927.080789795918,1062.89141530612,1003.05281530612,967.980115306123,1039.57129489796,1010.77414489796,748.491337755102,830.039115306123,844.542465306122,785.731653061225,707.584903061225,762.065557142857,762.433119387755,797.61452244898,856.34932244898,803.19172244898,854.42287244898,842.10112244898,875.060051020408,704.729051020408,628.342496020408,650.015696020408,972.377651020408,1006.10395102041,1015.74748163265,949.442970408163,755.817708163265,711.516708163265,656.039213265306,654.328165306122,535.04415255102,453.959198979592,531.352837755102,412.943485714286,421.134703061225,472.190587346939,646.146669387755,718.066826530612,793.420889795918,755.395198877551,726.411264183674,761.157979591837,620.551062244898,698.656847959184,717.860309183674,1016.85522857143,899.671429591837,907.050845918367,978.373395918367,855.623176530612,749.876482653061,773.53981122449,726.503073469388,709.49411122449,727.335064285714,814.117890816327,852.630390816327,868.454852040816,815.663266326531,795.701116326531,803.889107142857,867.759416326531,889.217712244898,849.295289795919,883.530156122449,844.873756122449,911.659797959184,816.375745918367,951.816704081633,974.067578571429,819.081880612245,730.016830612245,806.463951020408,783.599151020408,767.186292857143,788.765593877551,813.292269387755,827.238765102041,910.557865102041,959.387915102041,599.291215,668.4851,568.847135,586.91675,608.74805,583.221907142857,615.96978877551,513.902040816327,441.030931836735,590.202331836735,548.512531836735,552.631681836735,570.935447959184,607.240879591837,690.601494489796,818.658081632653,828.667054081633,754.623325510204,813.02401122449,845.36028877551,949.234218367347,980.217768367347,923.851386734694,1060.95349591837,964.055496938776,1019.87345918367,858.214981632653,959.715606734694,1031.19886632653,962.203065306123,866.444196938776,858.793001020408,1022.07621632653,946.978985714286,822.687286734694,572.388036734694,528.849586734694,536.779289795918,488.531285714286,623.083003061225,710.582668367347,718.062118367347,686.66616122449,451.07990622449,363.050078673469,735.696197959184,806.172947959184,773.173447959184,575.216047959184,509.732426530612,303.035926530612,307.766858367347,362.709842857143,366.226692857143,301.60497755102,353.654543877551,496.642619387755,317.221969387755,461.311371428572,492.533642857143,460.958674489796,453.339204081633,413.556890816327,398.230058469388,350.935055102041,450.286905102041,438.966626530612,497.350221428572,399.044670408163,468.76393367347,516.794043877551,539.690193877551,533.648868877551,568.846908163265,551.102574489796,569.628655102041,570.260168367347,605.248568367347,617.40816122449,577.487252040816,504.484794897959,545.67029,764.785424693878,781.219360204082,843.751332653061,668.337380612245,566.560284693878,517.056552040816,663.901640816327,527.631635714286,527.097168979592,559.278425510204,604.555985714286,491.910616326531,403.983252040816,442.605402040816,453.227952040816,535.011852040816,556.400502040816,727.510152040816,695.821546938776,678.794341836735,677.877741836735,706.922791836735,548.034541836735,565.57898877551,504.675121428572,493.769001020408,408.232251020408,346.705223469388,391.744135714286,342.453687755102,317.89364877551,419.233502244898,329.234010826531,310.167832653061,302.940629591837,333.536955102041,347.828205102041,333.445514285714,357.824182653061,450.463732653061,605.224429591837,571.543534489796,665.068834489796,743.807584489796,781.231272244898,940.525172244898,877.437626530612,741.584876530612,802.337128571429,830.142562244898,1019.16931938776,1062.08880306122,1188.84665816327,999.76106122449,1013.29332142857,1074.6476122449,1187.32734183673,1129.24363469388,1252.07192755102,1287.0552244898,1266.82075816327,1138.77879693878,1128.49228163265,1176.55290510204,1099.82991836735,869.717587755102,791.082729591837,745.576474489796,708.142741836735,716.685195918367,751.831445918367,689.566582653061,563.136823469388,588.825916326531,510.854266326531,742.332580612245,768.906787346939,713.621017653061,630.264317653061,598.361718469388,504.677588877551,510.193708265306,481.561518367347,474.907890816327,362.378051530612,405.684480612245,296.046044897959,297.074583673469,362.475242857143,503.041277857143,456.194792142857,439.135587755102,573.52549244898,436.520845102041,489.117724489796,514.043328571429,431.427548979592,385.826937755102,441.846765306122,607.054513265306,823.547092857143,795.795959183674,734.462882653061,659.947837755102,547.724271428571,560.996793877551,613.874641836735,737.668687755102,799.402374489796,800.661474489796,773.995605102041,870.116713265306,716.736889795919,628.556794897959,603.02807755102,634.780527551021,622.207481632653,551.494462244898,637.293678571429,624.064685714286,638.982860204082,481.561493877551,551.010984693878,715.377584693878,434.299601020408,439.645951020408,379.190311020408,362.222851632653,342.123540204082,489.022384693878,536.677506122449,504.368754081633,444.772419387755,399.863528571429,455.261809183674,538.543281632653,543.737069387755,445.731060204082,426.150735,529.070046020408,682.735493877551,560.370131632653,552.789260204082,458.724658163265,374.459361326531,392.389495204082,366.927801122449,351.786215408163,368.177999285714,350.874820816327,303.913989897959,321.63088622449,341.926400306123,372.171745306122,521.094425306123,777.856198979592,503.801341428571,583.070341428571,616.437701020408,798.100741836735,963.079317346939,920.170216326531,800.960409183674,782.659209183674,591.60473877551,612.40533877551,599.922607142857,524.97157244898,651.066597346939,646.109866734694,684.471166734694,704.705414693878,767.402402040816,941.587993877551,946.81156122449,905.020851020408,887.442179081633,921.292986734694,780.224015306123,776.771015306123,756.192992857143,719.056805102041,651.962604081633,802.264851020408,803.223801020408,740.016251020408,666.591720408163,604.267923469388,640.668217346939,728.990667346939,709.670467346939,906.757858163266,931.964608163266,933.370508163266,964.474408163266,950.341302040817,908.109553061225,926.856482653061,787.618493877551,810.075693877551,673.468159183674,672.51856122449,705.309745918368,678.667624489796,690.7142,766.56715,758.69328877551,702.473138775511,675.409866326531,621.245742857143,374.197081632653,424.962881632653,450.134156122449,320.67277755102,319.78388877551,296.800100714286,400.338830816327,392.69402244898,310.032042857143,352.815408163265,258.284974489796,194.326990918367,329.030775510204,466.397384693878,811.044374489796,830.76942755102,845.08532755102,954.461210204082,982.756660204082,837.48916122449,828.87982244898,786.048618367347,752.539935714286,751.442654081633,853.676804081633,828.619604081633,873.661602040817,846.489314540817,853.081924489796,725.375115306122,731.875065306122,611.608940816327,710.432840816327,739.968240816327,777.264714285714,982.463440816327,914.672835204082,931.883330102041,924.888567346939,916.711121428571,786.394503346939,826.910954081633,815.744814285714,816.906805102041,594.144154081633,565.130768367347,565.013320408163,569.215001020408,514.338087755102,585.629708163265,602.055658163265,687.543594897959,699.654480612245,782.446752040816,712.943052040816,564.553394897959,815.604453061225,827.567703061225,721.678803061224,804.793353061224,815.674781632653,788.056745918367,686.22747755102,576.449733673469,558.910734693877,658.124437959184,715.172765306123,720.703112244898,465.358513367347,494.189849081633,490.912949081633,537.806794897959,484.683959183674,508.260431632653,757.598007142857,650.97227244898,662.483242857143,718.883416326531,922.422498979592,891.811826530612,885.682320408163,914.525070408163,908.703870408163,1031.77512142857,968.267971428572,919.911812244898,910.33087755102,955.53442755102,1006.4075,985.1374,970.5037,979.1153,1051.28273265306,881.237190816327,983.537090816327,916.609740816327,902.077089795918,849.806077551021,858.223728571429,817.533542755102,780.168054081633,977.824953061225,1133.68839081633,1240.21943571429,1159.75232244898,922.053289795918,861.526139795918,817.372194897959,756.984409183674,526.769115306122,625.436437755102,692.929574489796,688.894417346939,608.68566122449,575.393294897959,480.487994897959,544.224965306123,492.334765306123,512.894815306123,507.849646938776,515.411146938776,598.926046938776,591.27222244898,613.905048979592,725.594685714286,777.680235714286,743.359245918367,797.899465306123,879.625915306123,886.638085714286,875.870227551021,889.305664285714,860.090619387755,941.779769387755,853.423204081633,829.651930612245,823.358396938776,844.045304081633,816.745461734694,806.376841326531,924.876695918367,1150.29830816327,1008.2202744898,936.799647959184,1106.65494081633,944.438412244898,1069.6908122449,1014.86478061225,1025.03341836735,1028.33081836735,1051.2976877551,990.901837755102,857.528206122449,857.028471428572,902.921745918367,1072.43392142857,744.562421428571,780.008021428572,733.876721428571,791.764610204082,670.886034693878,713.913684693878,830.701784693878,611.506634693878,407.379121428572,407.245921428571,395.371939795918,321.746989795918,368.562103877551,321.871336938776,251.842094693878,276.453223469388,388.723626530612,462.615617346939,453.963480612245,541.437276530612,641.212267346939,614.019925510204,697.433589795919,760.289739795919,842.341853061225,935.673953061225,776.824053061225,859.638403061225,813.553303061225,918.259103061225,790.774923469388,725.739886734694,753.772853061225,708.379382653061,622.708240816327,606.485315306123,754.55947244898,727.256062244898,676.035240816327,854.784774489796,823.638226530612,850.314427551021,789.556020408163,792.66441122449,751.10518877551,843.53243877551,852.04678877551,832.05842244898,974.83905,1069.24065,935.163993877551,723.641323469388,892.357202040816,969.982481632653,1160.77022755102,1270.22932346939,1310.6730377551,931.996943877551,980.342193877551,887.067343877551,833.219743877551,658.683695918368,585.125845918368,746.800462244898,818.145512244898,797.650577551021,730.151364285714,668.200367346939,713.806167346939,798.459636734694,829.231386734694,529.713336734694,491.425386734694,548.966759183674,531.927352040816,482.922858163265,443.200380816327,383.996655306123,391.494415306123,352.689853061224,312.082302040816,420.031752040816,403.558859183674,446.959109183673,430.778682653061,464.375559183674,423.985237755102,384.265194897959,424.771794897959,258.721579244898,273.530294897959,318.505510204082,301.371862244898,612.098018367347,700.442159183674,713.798073469388,679.073222040816,685.798622040816,625.642685714286,599.760280612245,582.856576326531,515.544526326531,603.515873469388,443.201260204082,404.467060204082,534.466827551021,540.449187755102,548.731716326531,607.551755102041,595.735355102041,639.248755102041,700.631419387755,964.14623367347,819.163168367347,759.71347244898,662.184941836735,567.519060714286,527.610123469388,528.405323469388,431.05305,437.546034693878,556.777478571429,426.795305102041,383.193223469388,456.438042857143,414.233605102041,383.830648979592,458.179048979592,444.345953265306,527.991453265306,348.251253265306,555.250916326531,451.421516326531,459.879714897959,424.097864897959,522.379664897959,581.694014897959,599.135514897959,832.853606122449,875.812287755102,785.907663265306,861.339157142857,838.558591836735,819.257605102041,1049.98410510204,928.558905102041,800.48462244898,801.171442857143,772.000903061225,519.162970408163,409.903170408163,383.54446244898,558.01772244898,629.094758163265,770.386392857143,635.723804081633,658.732554081633,579.674848979592,758.35118877551,764.311967346939,790.49898367347,858.840316326531,943.399516326531,951.370346938775,1083.43267959184,924.783529591837,958.446029591837,951.489021428572,964.512041836735,1157.73023367347,1153.50043163265,1042.91757142857,976.222042857143,1085.29005102041,1064.57113979592,1089.63004591837,1168.74578673469,1220.46326020408,1220.16202040816,1099.67738163265,981.912297959184,914.097881632653,846.533681632653,925.454876530612,896.846948979592,826.850460204082,721.852974489796,723.489974489796,758.611413265306,726.545467346939,651.236937755102,632.808742857143,683.169370408163,315.53463,378.778968979592,435.570610408163,466.655687755102,488.90907244898,474.85738877551,380.918990816327,383.088419387755,418.928702040816,412.696963265306,375.538710204082,350.428156122449,284.855171020408,383.759197551021,321.578033265306,429.359181632653,345.773586632653,399.903357040816,433.729425510204,500.305912244898,575.907295918367,647.958514285714,687.84712755102,694.39712755102,551.917430612245,624.035419387755,698.792484693878,677.501184693878,694.626571428572,667.196396938776,630.773619387755,778.722628571429,749.572053061225,713.507953061225,602.678936734694,654.374573469388,588.951323469388,506.888706734694,507.259912244898,457.980107142857,564.281520408163,541.931657142857,516.021912244898,448.124169387755,601.199559387755,655.796643163265,900.933670408163,884.162181632653,771.074275510204,948.472592857143,1042.78064632653,1019.16086530612,865.549869387755,900.21411122449,737.10275,737.506216326531,614.913486734694,580.950213265306,488.033733673469,560.404504081633,534.939798571429,517.253792857143,473.686475510204,402.57122755102,326.380040816327,376.752273469388,390.219523469388,349.566073469388,315.622323469388,266.570798571429,338.49017244898,328.727008571429,333.173647959184,371.771441836735,316.183670408163,357.957970408163,461.864374489796,381.689355102041,317.203305102041,277.623804081633,366.433273469388,356.328166326531,407.527545918367,401.782781632653,437.345431632653,464.857840816327,429.39421122449,463.275990816327,432.063478571429,398.788142857143,289.654156632653,628.513208163265,775.904693469388,736.783618367347,807.089818367347,747.235309183674,928.779771428572,853.379779591837,938.552086734694,888.448390816327,898.230444897959,799.146894897959,817.058055102041,830.664013265306,1141.53982244898,1082.42502142857,983.314030612245,957.981330612245,932.783230612245,921.950580612245,785.429830612245,785.521430612245,781.082680612245,777.333080612245,821.177562244898,818.450920408163,809.804170408163,885.518820408163,751.75071122449,669.094918367347,678.162640816327,622.529271428572,656.982681632653,757.58785,813.773287755102,1027.2616377551,920.880156122449,1111.06687040816,1014.40757040816,987.013848979592,1013.86347040816,1072.06737346939,978.396816326531,978.917082653061,953.129802040816,929.335523469388,889.374123469388,965.694158163265,1035.87067244898,1043.48542244898,999.72353877551,911.70012244898,817.49487244898,745.796885714286,893.156167346939,914.136742857143,934.719691836735,861.322214285714,889.514081632653,885.938481632653,937.985637755102,845.497991836735,919.538637755102,950.95218367347,914.79038367347,809.252980612245,765.511630612245,743.565278571429,717.330468367347,451.66663244898,519.369915306122,642.02590367347,635.826000612245,586.885935306123,644.658252040816,751.457352040816,692.133402040816,657.012319387755,878.906053061225,867.798103061225,799.581666326531,907.210485714286,808.727935714286,812.551809183674,748.308609183674,735.503175714286,689.353567551021,644.36556755102,781.849618367347,649.628017346939,680.259853061225,567.400553061225,499.662053061225,398.652353061225,455.911930612245,495.881324183674,612.202646938776,392.560180612245,433.293627551021,412.440574387755,405.695637653061,429.745855102041,430.427655102041,378.570848979592,586.788390408163,544.868083265306,584.863062857143,663.883494897959,683.856659183674,702.217815306122,703.722265306123,496.186415306123,457.364302959184,570.081263265306,577.07223367347,577.953912244898,637.447262244898,732.495805102041,618.711348979592,560.815774489796,604.800719387755,642.918851020408,568.536045918367,552.668258163265,588.041682653061,614.138367346939,580.543562040816,630.96766122449,598.679433673469,592.473276530612,530.12033877551,417.392626530612,420.233069387755,580.486876530612,626.885525510204,685.025331632653,659.240734693878,662.042594897959,709.371339795919,834.96977244898,933.740123469388,920.802482653061,968.691995918367,897.779921428572,812.026670408163,661.677453061225,550.002225510204,534.945740816327,662.238197959184,662.53591122449,628.810652040816,533.985017346939,528.03345,512.626143877551,589.422509183674,598.693617346939,808.65506122449,701.820295918367,728.874306122449,673.254792857143,669.800992857143,767.495540816327,763.912246938776,774.398139795918,828.957609183674,718.786673469388,702.214734693878,727.416296938776,736.730246938776,854.931295918367,881.190093877551,864.912708163265,854.502262244898,817.192681632653,818.738606122449,778.847784693878,833.627282653061,932.871102040817,1160.28881734694,1131.20056734694,994.959885714286,880.211226530613,846.79056122449,796.45921122449,845.665259183674,940.502280612245,872.129062244898,760.945162244898,788.901019387755,583.730562244898,478.290447959184,542.570028571429,557.315244897959,581.398071428571,580.209909183674,565.62878877551,534.13639877551,438.47571755102,325.489576122449,420.47427755102,551.724353061225,554.201206122449,641.204541836735,509.02122327551,524.905263071429,706.459886540816,728.679182459184,757.066308989796,779.87958877551,524.918951020408,588.890385714286,625.969635714286,735.728975510204,682.206125510204,794.02632244898,868.438090816327,914.696240816327,715.906257142857,606.835216326531,589.521236734694,681.584474489796,836.823009183674,841.758686734694,600.41402755102,742.793966326531,718.921752040816,747.260430612245,743.030430612245,818.767531632653,710.602145918367,735.573077551021,694.13126122449,654.488340816327,615.824764285714,675.53922755102,770.716473469388,889.669857142857,777.189741836735,801.128091836735,706.424662244898,764.488782653061,711.993765306122,766.822365306122,629.41708877551,501.581405102041,645.885117346939,545.412685714286,553.785106122449,609.608236734694,730.448093877551,588.068817346939,450.537744897959,504.026094897959,523.465541734694,481.768320408163,510.244694897959,596.126798979592,519.167108979592,604.043868979592,369.027368265306,309.888471122449,316.534001734694,251.591842755102,393.115339081633,239.865649081633,346.667889081633,338.244939081633,357.07060244898,339.47260244898,382.96130244898,324.72725244898,414.668215306123,500.414458163265,541.18378877551,416.46465377551,368.65543877551,282.58080377551,445.766387755102,408.283487755102,356.452533673469,366.546470408163,380.138301908163,386.893720408163,443.726920408163,401.113870408163,350.451020408163,428.528570408163,352.947770408163,311.764435408163,315.734304795918,377.305839795918,461.243483673469,581.914883673469,554.067043877551,499.76960744898,468.56902244898,553.305664285714,422.667755102041,322.638755102041,454.316220408163,496.484563265306,485.935016326531,325.534948979592,407.702068367347,499.606468367347,471.887518367347,567.109380612245,707.30205,686.55285,683.8968,664.209329591837,690.550501020408,648.613501020408,685.451551020408,692.101201020408,649.759463265306,627.385424489796,608.435924489796,602.837174489796,643.809220408163,535.645429591837,576.646023469388,620.689466326531,578.144201020408,519.895287755102,488.084321428571,535.459414285714,462.854239285714,374.988689285714,493.709464285714,522.399634285714,500.372855102041,516.548552040816,479.099546938776,550.701251020408,572.940935714286,594.384591632653,604.467164285714,714.131042040816,763.605692040816,630.254752040816,551.837644897959,567.303694897959,480.089658163265,467.91305,519.420159183674,462.195017346939,460.556693877551,454.352815306123,462.94446122449,440.633202040816,571.789906122449,654.02203877551,733.296374489796,842.199824489796,796.125583673469,645.697641836735,766.121802040816,677.177665306122,751.384374489796,759.750131632653,795.543944897959,767.321490816327,778.091636734694,827.991834693878,845.573333673469,643.68433877551,826.935208163265,926.952673469388,888.890712244898,889.253316326531,912.829547959184,925.484297959184,1002.03601530612,965.812715306123,931.847882653061,1036.26838265306,963.409728571429,934.809356122449,1000.94112040816,1047.45664081633,884.934008163266,764.478893877551,846.092916326531,822.326542857143,658.395592857143,664.001281632653,717.467176530613,734.436552040816,727.073148979592,757.602654081633,690.377870408163,657.071476530612,474.568214693878,466.405224489796,430.546492857143,396.708071428571,440.048069387755,496.685469387755,570.552393877551,641.389241632653,681.241202040816,658.654842857143,686.440544489796,728.566933979592,695.5894,799.203609183674,779.938732653061,751.151964285714,818.225233673469,808.821193877551,845.499017346939,713.867367346939,717.017617346939,700.718481632653,793.287981632653,731.769164285714,688.598184693878,660.088834693878,736.781142857143,531.363663877551,519.979563877551,386.893813877551,436.889434693878,442.549334693878,409.196898693878,380.749568081633,267.087982653061,360.56909122449,375.238366326531,420.422266326531,421.300316326531,534.167636938776,617.150646938776,524.315996938776,489.930002959184,463.138098571429,600.663412959184,632.852962959184,619.471532653061,581.419432653061,676.334482653062,664.175590816327,737.62033877551,630.640591836735,632.825642551021,712.055909081633,731.029342755102,677.226692755102,727.228802040817,728.515502040817,818.400052040816,812.9466,781.6813,956.501648979592,996.133691836735,948.391142857143,952.979265306123,718.518478571429,805.694545918367,742.944954081633,663.771441836735,607.685916326531,794.615610204082,740.692514285714,757.569601020408,673.635401020408,682.148579591837,628.047886734694,782.84087755102,698.102516326531,684.183757142857,583.941652040817,637.077518367347,661.841798979592,748.486246938776,797.938235714286,832.026045918367,798.700984693878,771.492415306123,742.193979591837,763.927303061225,692.204303061225,476.619318367347,544.045393877551,424.423313265306,539.190591836735,459.659391836735,460.715647959184,545.680190816327,628.303552040816,684.824552040816,714.695072040816,623.906691020408,772.378791020408,451.270461020408,486.288410714286,497.044984183674,719.72428877551,696.316002040816,716.172752040816,822.651840816327,794.478046938776,814.921526530612,667.572690306123,663.514079316327,610.180482377551,605.639270408163,615.920334693878,660.730828061225,738.722281632653,730.039895918367,828.139801020408,882.226482653061,786.36973877551,772.64448877551,782.828852040816,794.014741836735,822.718923469388,695.525044897959,409.919029591837,390.318936734694,421.214745918367,502.36753244898,508.106590204082,512.562857755102,534.556597959184,419.38592755102,387.761265306122,420.6007,403.96935,527.31572755102,650.06972755102,715.688623469388,638.462093877551,627.570503061225,551.039241938776,543.793631734694,565.903878571429,541.209886734694,488.128543877551,431.372388877551,490.463215408163,522.208903163265,544.78196377551,504.661997959184,811.42377244898,782.183840510204,764.758627244898,650.486567040816,649.798472142857,661.472484897959,704.1066955,809.768744479592,812.450845918367,971.957795918367,1044.57244081633,1017.53689081633,1056.57788265306,1038.72175918367,883.048759183673,676.043636734694,879.447436734694,687.994016326531,538.916103061225,583.449453061225,678.276141836735,664.054491836735,726.478707142857,734.757171428571,743.472930612245,752.065830612245,833.038980612245,743.854818367347,618.044118367347,695.622527551021,657.777020408163,714.503337755102,787.58592755102,864.498966326531,857.592780612245,868.406462244898,800.540226530612,887.953002040817,875.66902244898,904.33078367347,857.469971428572,870.494886734694,826.083264285714,869.5198,1037.0480377551,929.925634693878,1025.18215918367,1012.1087744898,1041.2999744898,1122.54356632653,1007.16359081633,915.419043877551,909.738843877551,897.038193877551,793.058193877551,793.189143877551,654.267794897959,653.146394897959,650.203535714286,624.390896938775,646.511996938775,734.927391836735,624.311975510204,640.089725510204,735.462965306122,642.814165306123,690.14157244898,600.376603061225,571.411180612245,607.876880612245,609.136730612245,594.403080612245,503.874697959184,486.91798367347,579.890413265306,622.870637755102,499.784248979592,672.110051020408,609.904843877551,620.08098877551,795.107357142857,760.592524489796,871.145374489796,955.827774489796,903.492123469388,867.612053061225,884.87425,763.944091836735,706.701951020408,696.749232653061,691.200363265306,753.879310204082,704.400698979592,778.936678571429,806.383854081633,815.278244897959,867.235919387755,846.358909183674,713.252393877551,642.083989489796,654.095041530612,656.031541530612,674.102009897959,645.482862959184,540.760008163265,613.023966326531,661.923513877551,708.330390816327,739.402676530612,738.736583673469,768.381462244898,730.198495918367,680.710792857143,648.263381632653,727.852597142857,650.965988367347,627.89706122449,531.443837959184,423.026709183674,427.459167346939,470.403617346939,593.002075510204,603.543297959184,458.365203061225,539.70666122449,478.752167346939,459.222821428571,382.288809693878,336.105727244898,487.913352244898,446.118540816327,461.505256122449,488.599663265306,454.020242857143,527.582153061225,569.354609183674,687.029697959184,556.305931938776,531.465424489796,604.342640816327,720.862082653061,703.254781632653,662.499781632653,641.422231632653,687.597081632653,662.09342244898,602.73032244898,552.75457755102,523.03675,432.7768,363.123873469388,497.7069,470.616482653061,396.814541020408,463.480992857143,512.549734693878,353.650055102041,421.450339795918,353.69906122449,380.788386734694,345.461277857143,332.055042857143,402.300707142857,398.362165306123,402.348728673469,350.371151122449,378.025841836735,430.692815714286,407.267289795918,436.321935714286,476.094435714286,521.189996938776,675.221156122449,665.959679591837,686.376489795918,684.489589795919,853.538925510204,740.364769387755,810.349681632653,838.218268367347,702.193376530612,697.836978571429,760.665540816327,796.206493877551,657.335937755102,667.010437755102,542.264752244898,587.896952244898,522.228752244898,369.606782244898,520.230002244898,520.85295,478.256293877551,526.888824489796,348.682779591837,278.747647959184,319.551297959184,361.879151020408,371.264413673469,314.936533673469,321.822262244898,239.932675306122,304.193365306122,307.668005102041,287.507105102041,437.706061836735,369.68628244898,326.18382244898,354.269096530612,420.465863265306,378.484986734694,424.24211122449,373.972881632653,469.979255102041,497.249655102041,421.400205102041,468.481158163265,609.780106122449,399.707795918367,583.818590816327,552.569644897959,521.278827653061,559.047698979592,589.22406122449,575.101394897959,593.169728571429,565.010831938776,478.245760204082,503.66043877551,547.321995918367,599.052195918367,543.810732653061
119.510204081633,588.900255510204,544.396230408163,524.216048367347,586.896248367347,671.905259387755,834.415310204082,810.681780612245,804.561091836735,1036.49723265306,1050.26291020408,992.620896326531,920.493846326531,859.48501244898,945.955907346939,968.778607346939,1191.05612020408,1115.46043918367,1065.33113918367,943.316725510204,1077.43236204082,1163.33840204082,1129.11372755102,1025.54769326531,826.349763265306,731.097275306122,718.208955306122,839.383676530612,902.265251530612,992.030823265306,1007.85372816327,954.929038979592,866.604658265306,952.041694795918,916.773794795918,980.78170255102,941.167995612245,911.702763367347,1070.76262755102,843.514733673469,711.327005714286,737.56562244898,719.57634877551,658.09779877551,699.296902244898,836.402318367347,862.86728,926.67067755102,883.897571428571,936.649179591837,932.120923571429,882.460841836735,1055.36971122449,1130.34546122449,1025.08641530612,1019.15992959184,963.805484693877,956.283948979592,940.126028571428,982.038235714286,1009.99308979592,974.385339795918,775.986381836735,826.067468979592,776.570318979592,756.108785918367,746.483409591837,840.59632877551,759.24826122449,840.740115510204,710.182419387755,879.161424081633,779.580234255102,853.928022857143,842.761648163265,765.089934897959,649.576407346939,768.755676530612,936.807531632653,792.516342755102,773.761295102041,875.81002122449,1000.64117163265,919.010596122449,905.71111877551,975.378927346939,796.86830122449,927.412333877551,985.916183673469,746.619032244898,761.678835510204,642.983782857143,636.808175102041,461.408815306122,464.221660612245,455.20544744898,654.047812244898,676.443694489796,565.244434,644.960701122449,781.009512040816,785.029512040816,773.037812040816,681.399938367347,643.874862040816,618.904594897959,582.746180408163,622.155162244898,683.084426734694,665.10847877551,732.740439795918,950.994597755102,705.662715306122,762.614507142857,855.256348979592,725.569394897959,760.095644897959,944.765291836735,1037.73071938776,991.414978571428,1003.00940918367,1028.45596326531,1030.79438469388,1200.79896122449,1162.80987755102,1133.99551632653,1177.01968877551,1093.44468877551,1053.04563877551,866.765576530612,989.789728571429,901.165274693878,789.406355102041,682.522958163265,803.941697959184,833.165609591837,811.330083673469,952.638126530612,883.895628346939,918.15136755102,1130.24874795918,1110.40599795918,1132.55124795918,1141.84996836735,1102.73048571429,1008.23048571429,1073.89655102041,1052.22995612245,1097.50280612245,1185.75424489796,970.868585714286,917.498859387755,704.065459387755,762.912432857143,564.077760816327,529.537876918367,544.989825510204,511.165364081633,515.378560612245,685.765035918367,682.173293265306,554.229068979592,453.186353857143,435.709417959184,558.707573673469,534.994430795918,713.531227142857,721.501617346939,714.019240204082,581.473875102041,757.487953469388,785.449503673469,830.702281632653,870.032631632653,694.720146122449,647.019269897959,564.872919693878,531.404156734694,880.83538244898,779.314384285714,738.123634693878,720.980134693878,745.721668979592,846.674782653061,866.660181632653,951.324138571429,933.083962244898,705.007938142857,618.170088142857,451.693938142857,565.663013469388,532.882260816326,717.698668979592,710.898273469388,877.955670408163,986.469482653061,881.828767857143,865.592467857143,966.528322857143,949.074286734694,964.260026938776,985.569495306122,1031.15589897959,1096.17486897959,1114.37148602041,1076.00335520408,965.666663163265,695.602584081633,844.254442653061,771.019778979592,740.70881122449,641.993533061224,652.783789795918,639.473929183673,772.599948571429,819.251080612245,746.882972040816,728.762127755102,719.075705306122,730.769172040816,730.883022040816,707.220690408163,612.994325408163,878.243902857143,724.492153102041,715.673132142857,821.514266704082,845.368677316327,1094.46105568367,1145.71204918367,1111.50023653061,1240.36131020408,1162.59374285714,1014.93627653061,920.311639795918,707.586226530612,724.825690204082,659.08826755102,717.875739387755,585.719859183673,554.342775306122,641.297761734694,657.244876734694,737.916686326531,775.52179877551,892.782548571429,956.415427959184,932.428713265306,955.812813265306,625.272534897959,702.555811836735,676.435393877551,646.822710612245,907.54145122449,862.882360612245,814.440188163265,954.905177959184,1039.37740428571,937.981227142857,869.010123265306,959.392923265306,888.575232040816,836.401190612245,731.961848367347,848.959689591837,862.461345102041,994.694946734694,1100.33176387755,1008.6186044898,1045.01108285714,900.368193469388,1001.39949183673,1042.89179183673,868.763541836735,819.382286530612,675.10245877551,676.02590877551,626.49810877551,699.39764122449,810.84524122449,858.17994122449,768.803903877551,853.881103877551,860.365463877551,877.542208571429,853.884607959184,842.303642142857,785.717417142857,814.756325918367,823.902265918367,1009.5057877551,880.041687755102,690.822926938775,841.769782244898,881.507198367347,922.33394244898,945.446448571429,1262.37817959184,980.632938367347,922.040256122449,801.572053061224,824.737853061225,694.069390408163,748.978235326531,683.695360326531,698.469514061224,712.721774081633,794.691844285714,792.815266326531,686.519487346939,682.462187346939,689.738764285714,665.357664285714,899.662835918367,973.080385918367,878.312163265306,852.752729591837,836.912802040816,893.254206122449,960.439416326531,892.256647959184,773.148917346939,783.049058163265,993.251820408163,791.361555102041,725.542993877551,751.72077755102,799.032478571429,821.26451,894.715271428571,959.289471428571,959.842074693878,833.9435,787.750838653061,943.46458244898,964.736446734694,698.959534795918,816.910927244898,822.799171122449,790.936887244898,871.626268979592,921.596103061225,863.213307346939,907.365332653061,961.226618367347,1043.28201836735,985.670218367347,1033.22630581633,1123.41129081633,938.34606122449,949.08921122449,753.280470408163,836.268958163265,984.273312244898,949.457112244898,942.894253469388,1092.64907612245,1256.70761836735,1092.3009777551,1078.8057777551,1094.19225489796,1139.81301216327,1183.43344122449,1098.06329122449,1112.91296918367,1220.80114326531,1049.48334285714,836.237792857143,807.310413469388,757.91918322449,706.734413102041,867.242505510204,983.382055510204,1033.76539020408,1038.50505959184,1101.18393285714,1180.33250204082,1187.34875265306,1139.09863897959,1251.06028346939,1163.75254918367,1126.18789918367,1064.28117816327,1008.79941142857,1069.87030102041,911.485816530612,1058.2302977551,1146.43039142857,1069.56244142857,1047.18947091837,1012.89253836735,839.556664897959,840.113244489796,1078.80799285714,845.799659693877,832.974251020408,797.317607142857,738.946380612245,681.973224489796,813.085881836735,876.290829591837,839.514101020408,847.447705102041,798.849113265306,870.177691836735,806.357029591837,887.447017346939,821.423440816327,591.068532653061,615.847902653061,642.32467755102,580.47283877551,721.677925510204,758.826193877551,824.801453061224,885.956394897959,770.627283285714,969.696183285714,842.376683285714,883.324930816327,810.510167755102,573.188815959184,580.587590959184,581.319914897959,647.664825510204,718.85225,507.51920244898,468.080981020408,489.331347959184,664.956515714286,531.488362346939,630.72927177551,644.329155918367,682.425535714286,772.194801020408,936.211276734694,1005.13570918367,1162.95689591837,1080.40311938776,951.374487755102,938.182728571428,846.016041836735,738.579470408163,873.221784897959,983.354313469388,985.37384,1088.4441522449,712.334234610204,711.366726326531,888.619732653061,989.468831632653,1054.69850285714,845.297246530612,777.564496530612,726.001196530612,750.904846530612,934.41297244898,886.723092244898,876.370487755102,1034.01110326531,1013.4811622449,954.472570408163,1011.11078836735,1009.2860855102,1075.61038020408,1105.34433102041,1049.02488102041,980.932493265306,1009.22120387755,878.443974081633,916.142188979592,938.886208979592,1164.18230204082,1054.43845204082,925.839702040816,810.267005102041,733.681517346939,736.407517346939,725.603534693877,724.738839795918,792.829637755102,827.314037755102,835.692734693878,799.299280408163,817.342824183673,886.132004081633,874.572410204082,791.713209183673,942.392570408163,861.316220408163,852.585920408163,1131.20627653061,1087.31065306122,1218.18875408163,1200.23585408163,1215.51965408163,1290.30515408163,1175.01190612245,1267.25930612245,1268.83775612245,1152.34520612245,1115.47887346939,992.787873469388,937.076193469388,1007.6910377551,997.088945918367,987.034601020408,893.483503061224,689.852313265306,639.408885714286,462.533525714286,451.411454571429,532.152469571429,726.020365510204,715.667193469388,546.609571428571,556.058521428571,589.849771428571,533.332791428571,1040.60326591837,976.861215918367,947.591173469388,897.031375510204,981.444425510204,895.480389795918,924.09756122449,1016.09171632653,1029.03251632653,998.648470408163,898.870120408163,933.203070408163,997.778913265306,955.295660612245,899.512170408163,846.40487244898,785.611497959184,975.7389,951.730432653061,870.356623469388,933.602773877551,752.84894,593.521761836735,659.71202122449,557.905608367347,636.296658367347,512.448234489796,675.670398367347,586.601210204082,555.143124693878,700.562186632653,801.824526122449,888.737807142857,974.64122255102,1123.4707444898,1133.60588816327,1287.44579897959,1021.98936755102,1027.83843510204,1051.52614122449,991.080265612245,686.590145714286,660.998147959184,756.592597959184,762.256187755102,775.263630612245,806.492717346939,864.911636734694,797.054456122449,796.209303469388,796.194888979592,814.390688979592,440.950288979592,442.423738979592,528.825191836735,534.384296326531,430.541746632653,397.700174693878,297.186599693878,270.833225,306.928562857143,350.939432857143,359.658710918367,258.500027204082,456.815283877551,631.107232857143,560.441187959184,585.443202040816,570.132273265306,588.346763265306,821.13777755102,900.249889795918,901.805635714286,950.997539795918,842.567739795918,795.886475510204,998.554018367347,903.056518367347,860.091001020408,764.217630612245,716.050750408163,769.371012857143,803.639813265306,807.369713265306,690.738488265306,731.340591428571,678.07509755102,773.638165408163,754.716294897959,838.571782653061,789.154072653061,881.752881632653,906.690928571429,938.075432653061,793.792136326531,845.806717244898,885.920017244898,849.920785714286,864.772769387755,873.335270408163,823.348392857143,628.796005102041,593.819039795918,700.104239795918,721.271009183673,879.760409183673,957.861307142857,743.408816938776,832.705186938776,826.279486938775,821.508460408163,797.056210408163,614.270260408163,638.826305510204,961.900505510204,849.183905510204,861.278305510204,888.309603469388,913.617022040816,955.177172040816,865.48224455102,921.588278979592,959.647160204082,828.889200816327,765.413002244898,791.340425918367,985.985994489796,1077.90761795918,970.522151836735,754.823524897959,811.111441020408,886.657017755102,797.360733673469,839.907667346939,900.130356734694,860.129685204082,875.163357755102,827.764625306122,667.770365510204,759.441026122449,736.278880816326,662.317810816326,456.926230816327,512.139380816326,587.044527142857,456.272827142857,562.223786530612,671.694585918367,557.140867346939,585.84269244898,581.898209387755,759.523362244898,735.126845510204,1024.62837142857,844.44449244898,854.250574285714,816.431845102041,857.493541020408,749.584005102041,701.581613265306,725.345163265306,771.436563265306,797.228431632653,811.816994489796,816.025644489796,967.715955306122,770.006198979592,683.503382040816,835.140932040816,894.120722040816,662.956475408163,562.419262244898,510.183392857143,478.472492857143,408.372092857143,403.280093673469,510.096845918367,560.492376122449,566.128214693878,484.240350816326,625.516252857143,603.845583061224,643.444547346939,724.854959591837,799.752508163265,565.755767959184,588.145573673469,588.54727877551,716.754004285714,762.102728367347,835.336693877551,813.528643877551,719.495523469388,763.904094897959,924.504490816327,930.038584693878,898.435060204082,1028.14577244898,1017.07572346939,961.365484693878,1087.87756836735,1010.8998244898,852.972290816327,860.077212244898,900.19228877551,995.43772244898,885.079632653061,1005.86633979592,778.278035714286,716.301901428571,623.412797346939,730.987011632653,733.442543877551,682.772554081633,692.683535918367,901.816290408163,835.991877755102,747.728906530612,745.377356530612,956.924606530612,964.737092040816,970.885188367347,949.750797857143,1112.4106077551,933.98247,870.57507,852.54812,887.458191020408,1036.68701102041,967.642761020408,772.087697346939,772.220662244898,764.354503265306,836.30881,821.465429591837,957.000024489796,933.568252653061,858.433816530612,875.563862142857,811.639679285714,873.272013265306,1043.84601204082,1093.60119265306,1138.45254265306,1002.89957346939,987.803123469388,1003.18002387755,1061.75145081633,1189.58016204082,1215.76467326531,1077.5272477551,1039.93959571429,992.79207755102,961.843022653061,901.339086632653,834.873266530612,880.890261020408,869.894470440816,777.473770440816,886.267179387755,959.408514693877,965.377816734694,1143.52829714286,1048.15971510204,1063.47906510204,1090.84731061225,1064.62195163265,1052.18144693878,1023.6021177551,497.323838632653,443.81037122449,476.28897,551.400614693878,917.707184489796,997.298442040816,1072.87324510204,1086.56441306122,1071.57197979592,1016.02564816327,1122.88238673469,959.809491836735,985.489334489796,746.87195,677.260197346939,695.976722244898,791.749112244898,675.800263265306,700.479913265306,665.193613265306,644.449295918367,659.131145918367,693.034945918367,844.501098571429,858.16773877551,890.744129285714,687.189614285714,728.153852040816,616.989574489796,665.418430612245,795.217052040816,807.241202040816,860.505302040816,715.336701020408,792.713646938776,912.301486734694,915.314518673469,889.946144897959,921.332533673469,903.471262244898,1032.24158469388,1095.39398469388,814.367744285714,936.516799795918,948.095372040816,888.010172040816,862.90845877551,866.51550877551,819.287717346939,860.549117346939,714.903917346939,784.204793469388,807.313393673469,960.215206122449,485.890318061224,822.30516877551,917.82231877551,912.873057346939,1055.29165734694,1079.41855469388,1238.95235693878,1133.89553387755,1127.99188387755,1095.33746795918,933.279267959184,661.716542857143,685.867838979592,641.441070204082,594.014485306123,656.920402244898,577.574735102041,453.159035102041,504.607385102041,523.490684285714,553.023515102041,640.168529591837,975.946679591837,762.974389795918,622.91952755102,725.883830408163,726.407930408163,663.392214693877,575.284416632653,543.440128367347,601.154370204082,993.655165306122,883.23607244898,887.773376530612,720.624268367347,878.360248979592,809.876460204082,618.491181632653,727.937818673469,691.867033673469,653.197383673469,600.164208673469,865.358583673469,831.044999693878,761.315234693878,872.666684693878,742.974092448979,580.44084244898,457.21404244898,674.66829244898,658.77669244898,731.04819244898,729.40209244898,689.28354244898,666.85899244898,642.51219244898,814.93839244898,768.536408571429,806.473392857143,865.840580612245,831.840530612245,828.815930612245,851.262913265306,780.559213265306,689.745463265306,616.446313265306,710.858473469388,551.64968877551,582.310231836735,658.030081836735,525.701081836735,890.225021428571,731.401879591837,685.737234183673,780.747465306122,862.831515306122,731.447341836734,688.224541836735,968.855366326531,975.908666326531,991.658666326531,980.724849183673,878.540398163265,942.448863979592,1015.61289897959,1086.39174285714,1065.23358469388,1032.51983367347,1042.29993367347,1049.46313163265,937.923869387755,877.482854285714,762.524389795918,873.444869387755,795.286060408163,866.201556734694,914.56047244898,955.322052244898,933.066483265306,1043.68639346939,1196.16794883673,1092.5985355102,1120.20196530612,997.300153469388,812.422602857143,743.785215918367,735.974815918367,629.445744693878,1013.68088067347,1114.80810571429,1134.70466653061,1124.74883530612,1119.62370755102,1239.7919677551,1137.6716177551,1035.1357755102,1088.59565918367,1023.14091510204,958.933098571429,1021.90649959184,1018.70996918367,1139.39484081633,1152.97401326531,1099.16048163265,1055.82507653061,898.878581428571,976.227045306122,968.346398877551,996.00073377551,1095.93053071429,1274.17423612245,1147.66449816327,968.97631122449,770.752318979592,733.820701428571,765.785755918367,930.653301020408,868.415901020408,865.570038367347,870.383538367347,889.145538367347,916.013388367347,808.971691836735,911.020276530612,971.578585102041,987.074992653061,976.042225102041,944.938147591837,1008.53913367347,873.180924489796,820.32471122449,756.189306122449,805.884156122449,780.470369387755,809.082407142857,853.87947244898,941.574722448979,879.304622448979,874.178606122449,1030.996,1092.9697,1089.42707040816,985.801505408163,936.958020408163,923.550144897959,1088.9475622449,989.824212244898,1055.5502622449,1202.3175622449,1163.8016122449,1268.05572959184,1359.0813744898,1456.5158794898,1467.0919772449,1379.6409122449,1234.72151632653,1258.20536632653,1537.56206632653,1550.02582959184,1533.20227959184,1036.85542959184,1025.38897959184,963.527629591837,925.981579591837,912.595833673469,1104.6812244898,1087.2094244898,935.521309489796,993.921424489796,991.182424489796,987.527174989796,1113.3806249898,1116.1564244898,1085.0346244898,1148.24444693878,1260.34424693878,1275.0786122449,1239.78461020408,1263.46476020408,1286.00096530612,1267.78166530612,1273.23594693878,1267.01229693878,1254.92154693878,1329.79569693878,1316.21119795918,1191.31264795918,1067.13872653061,1143.41792653061,1204.99517653061,965.713136530612,786.543853061224,809.891653061224,794.674116326531,742.358286020408,741.21500744898,760.597829897959,623.622405510204,548.43789755102,730.311289183673,679.765201428571,585.00631244898,586.05736244898,597.653983673469,529.16112222449,565.079822040816,693.458898571429,611.490783265306,669.33711877551,655.108387142857,556.654695306122,663.401780816326,609.342195306122,514.197377142857,490.126836122449,532.16094122449,651.944996938775,705.58457877551,643.782856734694,618.368477346939,492.923530061225,568.034485306122,619.684241836735,699.695036734694,749.959399795918,762.032286938776,690.851628571429,764.883934489796,857.973759183673,936.851668979592,872.829406122449,778.346656122449,647.481209591837,577.191934285714,548.986824489796,634.767918367347,633.158585510204,599.377152857143,593.450444693878,762.919457142857,766.816394081633,700.603868571429,681.362497959184,541.207093469388,503.746964081633,589.175524897959,565.336245102041,474.380798367347,489.995300612245,457.601232897959,550.835865102041,541.515615102041,469.616881632653,514.989691632653,673.193137755102,874.536569183673,885.214809795918,924.73361632653,899.031625714286,936.119323877551,1069.82958767347,1101.06618767347,1089.91223267347,1093.41446387755,1185.82246387755,1007.47831387755,980.877313877551,1138.01266387755,1202.42454897959,1171.14804897959,890.526886938776,833.208052040816,943.837876734694,926.503973877551,880.872685714286,788.089864897959,913.73522755102,585.456541020408,608.225743877551,465.041597142857,561.444743816327,631.79643122449,538.20250755102,491.954672244898,444.393499387755,506.096724285714,615.615934897959,681.348222244898,886.784126326531,951.916491632653,1024.13366591837,1011.24199061224,1086.22201979592,967.041134285714,996.854135714286,1103.04410102041,1136.81461122449,1054.14965622449,1058.35951122449,1093.52571734694,1012.45183469388,875.898664897959,805.497337959184,823.831221428571,793.922021428571,843.399201836735,864.822451836735,838.170241836735,813.943141836735,768.712014285714,817.528262244898,907.248918367347,673.97823122449,572.47593122449,677.38623122449,758.54928122449,721.285282040816,841.183991836735,861.674436938775,889.503786938776,898.269036938775,760.069365612245,656.986617857143,735.451962244898,739.166142857143,818.595392857143,687.460409183673,722.200959183673,636.722405306122,670.488335306122,669.953135306122,682.913335306122,645.449485306122,591.689626122449,644.861216530612,627.375404897959,863.730180204082,963.628802653061,896.133122653061,1012.32585306122,1039.65075857143,1145.84265857143,1272.12870857143,1147.03140428571,1299.12559510204,1265.35286183673,1183.35387632653,1217.05429122449,845.190837755102,831.787884285714,864.574729387755,932.805105102041,873.070982857143,697.17086,896.014047959184,827.267241836735,829.174317346939,748.457377755102,752.318734693878,641.66126,667.47925877551,672.951231632653,671.363153265306,615.482521632653,609.781224489796,709.825057959184,740.677265714286,705.818391836735,625.9241,655.645434489796,577.252145102041,811.917003265306,737.495322755102,801.984303877551,832.803203877551,932.060203877551,764.084720204082,778.306156122449,746.367240816326,726.684690816326,693.245285714286,758.658885714286,698.28985,652.758526938776,623.440029591837,649.433152653061,684.069292448979,685.218740612245,656.831195,587.169395,481.857955,546.792865918367,475.131934489796,444.135540204082,417.314273469388,598.143612244898,624.621538163265,466.714425918367,346.098004897959,387.832591836735,434.49076755102,471.71730255102,410.413038163265,457.135503367347,425.686517653061,411.448928163265,355.225650612245,361.859227755102,593.551630510204,650.26785255102,684.424680714286,623.484345408163,551.856717653061,540.414619387755,519.724349591837,499.378470204082,413.167575510204,471.719516326531,510.460871326531,469.841676122449,461.817245102041,455.045659387755,658.302421632653,608.031633673469,424.750963061224,451.930938163265,380.940625918367,395.989668877551,451.413840714286,527.873185510204,465.107092857143,425.530803061224,531.682894795918,469.822824795918,709.845892244898,950.896917346939,878.477743877551,811.128244897959,787.641112244898,903.20995,898.597600918367,901.268131632653,883.015844897959,806.175459183673,815.805879591837,746.78835,753.216305,1131.07890714286,786.87208122449,937.435468367347,982.683530612245,1011.02273061224,1006.11976938776,848.934139387755,1028.94929897959,904.418101020408,959.993981836735,1081.23525204082,1103.88555204082,1092.29120204082,971.950552040816,1013.99524795918,847.996659183674,827.169521428571,866.447021428571,987.211883265306,920.405738367347,979.982938367347,1043.61531142857,854.865397346939,909.487263061224,880.665860612245,948.303932653061,1020.99274387755,849.708428163265,789.779646530612,783.349173061225,889.252299795918,787.406309591837,730.418199387755,779.304153469388,838.133781020408,1155.94787857143,1127.2044555102,1019.27267,867.198673469388,945.947173469388,769.451252857143,753.340686326531,760.159663265306,1034.67689081633,1040.35796326531,869.884299693878,813.382452040816,739.170938265306,669.072491938775,679.102197959184,656.405989285714,601.271148265306,653.151403265306,717.294695714286,716.77457122449,641.88668877551,592.99128877551,779.152548571428,850.023424285714,849.686022857143,894.840082857143,941.082544693877,896.548744693878,922.934607959184,1014.08625795918,792.114107959184,906.242754489796,877.052295918367,880.445245102041,1007.22784714286,1138.50964591837,1160.38909591837,1089.09394591837,969.078501020408,932.733251020408,745.636109285714,828.041949285714,855.610674285714,873.400974285714,844.454674285714,745.959734693878,887.600344693878,897.669979693878,1092.05874591837,1056.69280755102,1045.90027816327,1052.17144265306,1123.46316346939,1004.82372918367,1206.55573,1050.36350183673,1028.53399693878,970.326360612245,1150.0763155102,1120.48533422449,919.790535306122,963.548035306122,1122.02513530612,1172.01985836735,1146.59985836735,1132.84772428571,840.62119755102,935.176575714286,897.675594081633,837.91178255102,870.89538755102,719.663372040816,790.678918367347,639.716872653061,433.508910612245,744.070964285714,836.629729591837,862.168929591837,784.764780408163,766.685280408163,748.533630408163,723.354330408163,644.295030408163,654.984380408163,780.559130408163,702.531430612245,820.431380612245,855.865880612245,822.395480612245,816.697530612245,899.997630612245,772.643926938776,742.144026938776,913.702621428571,882.521071428571,738.027271428571,611.243541795918,628.961725714286,612.803125714286,626.928925714286,726.727574693878,740.042273877551,736.592164081633,714.035924489796,726.964411632653,762.747811877551,847.075330408163,785.867396938775,733.623646938775,725.208022653061,744.428122653061,731.419847346939,692.312426122449,738.645726122449,696.765293061224,726.151961020408,481.01030755102,551.49336877551,704.769305102041,629.861370612245,700.37457244898,563.162796122449,570.324996122449,604.718414081633,834.753815510204,745.970936530612,822.84994,865.033598163265,922.093850204082,934.178344285714,864.188352857143,764.555846326531,854.77982877551,771.79542122449,769.315046326531,906.808363469388,815.514543877551,796.145143673469,648.648685,650.675728979592,676.139397755102,725.639524081633,738.228741836735,680.443191836735,804.520359591837,728.954725510204,611.338603265306,779.587594489796,786.637045918367,780.76231122449,661.25596122449,748.71336755102,626.133952857143,563.197625102041,580.72816122449,759.741944285714,830.351908367347,873.594752653061,826.875122653061,850.313470612245,753.375748979592,775.828775714286,763.291025714286,729.836375714286,645.772456122449,699.604006122449,720.577270816327,759.402230612245,726.977333673469,703.501433673469,771.147619387755,919.759543877551,954.736817346939,974.406917346939,965.490563265306,1038.96827959184,1009.54152959184,1027.89269183673,1033.53088877551,1032.50550918367,968.750959183673,984.932370408163,947.182520408163,1037.63809897959,1026.58747997959,1029.62124897959,837.139462244898,773.933573469388,903.747682653061,970.162370612245,977.644295918367,982.481461632653,972.547418367347,927.985954285714,878.120695918367,893.275227142857,1155.40814,1176.82496204082,1231.51240204082,1277.71020204082,1310.94034969388,1185.40688387755,1132.16504877551,1094.18100816327,1098.64329795918,1081.56383367347,1100.89083367347,1162.6090122449,834.650553061224,946.626833673469,879.791080612245,914.650083673469,937.533101020408,748.767586938775,1071.5527377551,1003.3426227551,866.59235,790.754030612245,662.873147959184,699.558311836735,535.853283469388,539.158283469388,688.747267959184,631.144486326531,720.470144081633,723.121356734694,719.50009244898,633.83882755102,673.425385510204,641.46801244898,560.395525306122,865.336484285714,716.617430612245,649.634583265306,681.339225204082,561.952975204082,473.342704693877,485.909830612245,498.486416122449,494.810279183673,507.611579183673,443.656321122449,394.170255204082,344.205899489796,358.792094489796,438.984294489796,419.420744489796,505.504447591837,539.253133265306,492.714866734694,499.826208163265,548.893647346939,634.417148367347,785.703476734694,813.91983755102,672.724834489796,678.267376326531,642.303490816327,809.587295306122,855.486959183673,803.547434897959,794.547120816326,786.585276938775,810.112514693878,834.514219387755,796.98397122449,893.645179591837,906.082276122449,821.396405918367,837.392133469388,875.551268979592,806.48179877551,813.912646346939,681.749261081633,594.869280408163,603.458688979592,608.746311265306,466.637461265306,602.255191265306,674.527121265306,665.403375306122,545.952873673469,739.564154489796,574.672387469388,627.819167959184,518.903795918367,579.149295918367,420.97917755102,273.406987755102,442.353575510204,650.993451020408,562.157743265306,497.077514897959,712.181239795918,779.365968367347,830.106868571429,899.333522653061,801.212719183673,735.741080408163,747.667444897959,821.724602653061,819.048008979592,839.293177755102,964.50928122449,690.461903469388,793.666853061224,867.172862244898,816.493406122449,970.042601020408,929.711965306122,874.405168979592,901.166981428571,782.017060816327,843.302652653061,908.059670408163,846.679519795918,729.304708571429,753.864441836735,582.012311428571,726.494165306122,727.045491836735,741.998085714286,825.618536734694,793.747894897959,773.082424897959,806.045946122449,892.228428979592,954.630854081633,897.591419387755,861.076495918367,908.676663265306,852.945895918367,794.411795918367,834.347473469388,733.2717,647.717231632653,739.751682653061,897.125684693878,933.411173163265,1046.72003163265,1021.17401122449,952.593674489796,920.933646938775,796.14068877551,911.882570408163,973.942165306122,970.309645918367,936.433106122449,921.751366326531,951.673987755102,896.824905510204,793.062746530612,776.672996530612,724.909771428571,661.067890612245,670.731018571429,680.245368571429,789.845778571429,732.057228571429,758.673529795918,751.968325918367,685.365325918367,831.503602857143,826.822104693877,778.274547142857,752.000547142857,893.415050408163,856.441790408163,911.485746938776,990.614114693878,965.132385918367,872.606426938775,881.252269183673,934.742932857143,948.741800816327,924.06989877551,1136.43350693878,1047.83032285714,1095.70994081633,944.053124081633,927.159555918367,926.171112244898,894.807312244898,887.535639795918,942.540089795919,845.006277346939,910.937618367347,878.041302653061,984.509385306122,945.08298,923.27028,1017.44870204082,750.62975755102,641.46916744898,756.673007755102,664.095017142857,714.890120204082,800.008398979592,712.828063877551,796.824463877551,667.19070877551,782.638864489796,687.444248979592,608.746973020408,704.296451632653,670.617214897959,717.218845102041,766.383954489796,678.343554489796,716.39700122449,700.56525122449,724.627756530612,774.661980612245,834.496135714286,684.075768367347,714.343353061224,577.662942857143,543.268983673469,529.703454489796,524.135652857143,521.436999183673,525.084125102041,539.743385408163,478.110045020408,469.429952653061,571.888168367347,545.84853477551,461.383838387755,524.243872653061,465.418307204082,638.148312040816,615.155926326531,589.741580612245,543.096290612245,589.433798061224,604.328648061224,699.374463469388,644.263946122449,751.02013877551,627.343228571429,698.965861020408,638.589680612245,617.069664285714,643.315136428571,637.707754081633,667.586710204082,515.908714285714,590.662217346939,630.808967346939,564.839830612245,488.896630612245,514.274071428571,764.294255918367,816.188156122449,885.650170204082,889.738710204081,973.494445918367,958.304683673469,1047.39966938776,985.004035714286,931.965542969388,895.40441122449,925.099813265306,870.306735714286,634.899763877551,604.53864255102,731.178528571429,699.189528571429,699.772467755102,807.196315714286,766.667979183674,720.516314897959,668.713896530612,836.425432857143,775.146611836735,841.522211836735,869.028637346939,872.410787346939,811.972861428571,861.269424897959,752.955237959184,624.456662244898,741.155116326531,684.298605102041,623.489948979592,584.474081938775,570.202103265306,646.024328979592,606.252597653061,468.596556530612,501.764711428571,536.803472040816,443.735477040816,594.521432346939,405.934120612245,490.45423122449,502.512648265306,541.789176530612,503.350648979592,512.172512244898,536.408112244898,517.515653265306,538.505465102041,498.758161428571,457.374631428571,620.738205204082,418.971411571429,584.301654081633,468.047995,616.173458469388,538.249033979592,607.559016632653,570.696666632653,613.379119387755,614.711119387755,659.459352040816,782.074856122449,570.176682244898,497.574132244898,556.041268163265,515.712550469388,567.589972346939,655.704103877551,736.19015,550.418130102041,693.674247959184,682.218527142857,604.395827142857,703.607914285714,703.845178979592,628.187869795918,740.910289795918,837.659074489796,589.507390918367,734.547433673469,702.350937755102,869.352479591837,892.016558163265,936.015263265306,804.310654897959,771.137376734694,891.617443469388,882.795477755102,850.744827755102,751.191915510204,711.514629183674,626.705709183674,491.243148367347,547.742439387755,597.908962857143,633.712506734694,671.082696938775,688.487594081633,571.717632244898,587.744594285714,603.526501632653,597.997976326531,717.003714693877,745.903206938775,653.468392653061,709.010163877551,666.176825102041,481.866325918367,536.695727755102,648.246777755102,706.911585714286,691.455934693878,703.90991122449,658.784826530612,703.926420408163,697.589008163265,913.45096122449,964.532485816327,958.657706938775,986.363035510204,962.153710612245,956.366956122449,1077.86541938776,1000.45588673469,927.72047122449,1036.77892081633,962.693585612245,1020.37232285714,1087.59228326531,1098.95636326531,1183.16673489796,952.026034897959,863.982634897959,699.685673877551,746.737843061224,729.834131836735,600.878427346939,576.138305918367,503.044985306122,543.25951877551,428.643851836735,430.916326122449,431.384528163265,493.622965306122,525.58677122449,452.536222040816,417.012829387755,518.5103,663.899978571429,537.537697959184,694.616831632653,855.964193877551,939.91185,857.705793,776.23722,889.685379183673,866.567345510204,887.371512244898,1012.84255408163,957.638452040816,979.969631632653,1101.92220918367,1056.51315612245,1079.08040612245,1043.70744591837,1031.05316122449,992.283916326531,905.527492857143,991.139061326531,709.015824897959,670.283410204082,684.553028163265,667.183866530612,755.180652653061,780.47044,813.287994489796,676.337234489796,652.001384489796,696.318953061224,722.220488367347,657.222731632653,433.567395,429.776893163265,472.095038163265,419.287755510204,474.545505510204,381.917808571429,378.498408571429,539.533758571429,539.163408571429,511.717058571429,648.033522244898,607.419372244898,685.835780408163,816.369280612245,823.24315,667.9651,697.393369918367,762.96295122449,839.78954122449,766.492530408163,844.626233673469,699.119501428571,618.779523469388,671.428758367347,755.50232755102,805.976861836735,671.808398163265,809.794269387755,850.535348979592,896.942725306122,890.161020816327,1015.23666204082,927.917534897959,1028.21653959184,1032.04552857143,1025.90402897959,916.621230408163,771.405180408163,747.871730408163,749.704380408163,826.399570408163,819.242820408163,1060.37564285714,941.180209183673,941.81365,941.248794897959,1061.36600612245,1178.27225918367,985.209459183673,934.976979183673,992.038109183673,1014.79582418367,811.403442959184,701.971637755102,680.958137755102,488.165785918367,638.909228367347,734.958923061224,885.390679795918,930.231576530612,889.825923469388,906.539554081633,886.880417346939,948.327876530612,989.754069591837,842.875213877551,921.489776122449,877.258335714286,809.060036734694,800.510145714286,816.921050612245,807.164896326531,794.757323091837,670.197607020408,995.18111122449,1111.27295612245,1105.97895408163,859.130783673469,1041.11802040816,1057.69019183673,1028.42768061224,922.163195918367,717.028873265306,840.59390244898,809.371079183673,793.675093265306,775.957542346939,846.052567346939,681.156404081633,687.69060244898,718.542847755102,905.219812755102,851.820526938776,878.895526938776,1194.85697693878,1110.81149387755,941.831080408163,991.856542857143,954.019916530612,842.905942857143,844.971029591837,840.202306122449,776.217267755102,926.542116326531,1075.10986632653,1179.72356122449,1017.77591918367,847.553636122449,860.915805816327,689.60676877551,676.972873673469,630.270523673469,720.904073673469,753.317723673469,697.532342530612,897.427519387755,985.993767346939,1077.29871530612,1089.04491836735,1064.71681938776,973.368943877551,846.533089795918,720.023606530612,762.254406326531,807.596088571429,956.150523469388,1004.18825346939,1056.88381897959,1105.50050571429,949.321011632653,897.717109183673,866.123956122449,908.185783673469,806.369372040816,566.328425,691.649642857143,687.777147857143,806.926530612245,636.790364285714,689.70387755102,736.317501020408,714.785943877551,861.953136734694,885.750214285714,937.479041836734,892.331845918367,874.225906122449,975.214112244898,890.629096938776,877.289296938776,922.702314285714,983.819082653061,978.562832653061,881.210986122449,857.771842857143,1010.67665204082,838.221742857143,817.643833673469,1038.16212142857,927.389351020408,921.239401020408,912.870831632653,818.777781632653,776.254247959184,713.544640816326,594.515695918367,557.069279591837,535.755004591837,479.674337959184,348.798023163265,386.761991020408,386.272141020408,468.742796795918,414.289887346939,531.994513469388,506.726799183673,622.277163877551,617.908450816327,533.999842857143,583.273642857143,577.270263877551,598.338563877551,676.026813877551,769.705764285714,522.229068571429,534.753834693877,645.120825306122,525.303831836735,542.660282163265,614.402032857143,554.001056530612,572.285971836735,491.161654489796,410.517203877551,425.188405306122,385.917945510204,392.521795510204,442.731270204082,491.043405510204,485.463503673469,503.292643836735,468.972293836735,606.131003469388,517.282049387755,516.143995510204,559.321783877551,432.008249183673,443.679289795918,349.254830306122,360.74998122449,368.397798163265,438.701398571429,467.507498571429,558.55907755102,512.464056734694,482.027646122449,507.667373877551,541.591173877551,542.018573877551,456.572353673469,534.771303673469,402.646324591837,473.246374591837,346.287869591837,482.08657244898,716.578223265306,601.780423265306,625.394389183673,687.249771020408,672.656421020408,665.380221020408,692.694856734694,604.427046122449,697.16270877551,810.652353877551,802.217023061224,967.723673061224,1034.87224387755,1059.56638979592,1019.42838979592,1079.19491938776,1059.67457244898,947.404473469388,907.172701020408,832.8319,832.589656530612,813.69452,788.21947,1003.46695795918,932.324476938776,779.898026938776,811.821873673469,717.968264693878,810.886908367347,919.692421020408,811.228655306122,744.595324489796,750.146631632653,826.959632653061,1037.80173938776,1005.98954755102,831.537327346939,801.734311,619.648461,818.968167142857,797.603117142857,677.665337142857,715.486787142857,547.568597142857,518.348372142857,511.070537142857,756.843887142857,810.780604081633,751.313290612245,726.442788163265,671.351493163265,725.099238163265,703.122938163265,856.879538163265,870.014888163265,739.332588163265,801.398238163265,912.704257142857,1032.36267877551,952.321309591837,947.728806122449,881.725656122449,778.672911836735,882.626440612245,817.209833265306,859.333833265306,928.138054489796,921.675275306123,864.307374489796,602.73227244898,663.78061632653,784.027004081633,881.733414285714,771.598271428571,791.777125510204,757.925937755102,759.417041632653,785.525163061224,844.518403061224,914.327712244898,864.326568367347,960.682682653061,914.777617346939,915.048684693877,1141.26158673469,1083.00591530612,1056.61757040816,1098.68246530612,1139.64732959184,1066.19968163265,1254.51694693878,1239.86675510204,1221.74579591837,1235.38959591837,1136.77594591837,1173.00550408163,1129.78641357143,1099.51653846939,1154.54038367347,1290.77955102041,1061.03396530612,1006.88417755102,959.58017755102,972.770876734694,894.508384081633,822.156323571429,788.488128571429,1007.36432653061,1108.32037653061,1072.52526734694,943.071186734694,855.808462244898,911.291830714286,1011.65828571429,979.628035714286,961.29756122449,694.691001020408,694.950662244898,625.010462244898,637.819525510204,637.346275510204,596.514652040816,543.826702040816,571.833713265306,573.201263265306,587.121460918367,734.327567244898,778.207090612245,885.111582653061,791.098332653061,757.644793877551,789.203868367347,786.771829591837,811.155979591837,780.12276122449,911.247644897959,801.469346938776,1047.39746122449,1036.63811122449,1004.44400816327,835.184001020408,997.15272755102,995.106357142857,1118.4310755102,1035.96703367347,1043.1006222449,1115.96701918367,1092.08259057143,1016.09118767347,1048.05941795918,1131.79570816327,926.365608163265,1028.52053795918,1024.6825,1109.14756122449,1104.42056530612,1159.33582244898,1045.73591734694,930.005483673469,791.031866326531,760.385933877551,792.502386530612,805.923334693878,719.501884693878,729.031930489796,692.795481632653,811.721475510204,787.585432857143,693.177616530612,729.68147755102,707.231122040816,818.898906734694,786.401757244898,667.426771836735,721.511987142857,784.059191020408,786.464852653061,985.717565510204,943.360362857143,1022.78115673469,1022.2248122449,833.853097959184,837.369183673469,876.952834693878,893.969018979592,875.880484897959,782.941216122449,802.381603265306,780.040306632653,774.483373571429,715.710575612245,732.156601326531,598.593522959184,604.118720306122,685.192284897959,645.69500244898,621.03711122449,514.214126326531,495.370946326531,353.651675510204,560.814108163265,584.928941428571,726.798671428571,944.628005102041,957.844655102041,940.405755102041,906.076296938775,763.247613265306,665.181290102041,688.795557755102,708.864774081633,756.769,682.454441836735,721.613891836735,742.49178755102,610.636027755102,639.938995918367,800.408264285714,881.080172653061,896.457073265306,968.640944693878,838.945644693878,876.643576122449,921.783213469388,909.347861020408,892.332685102041,825.580285102041,813.625677346939,753.081109183673,640.273072653061,680.039104285714,773.955447959184,690.383943877551,774.160056530612,734.351961020408,857.198255510204,1069.99955755102,931.184487142857,930.75476122449,1058.55521122449,1162.11206938776,906.982744897959,855.069994897959,949.067347959184,1016.65461122449,780.356886326531,758.346306122449,870.134856122449,832.16236,1019.00056,907.388375918367,788.479991428572,1021.7328544898,790.203405183673,971.415705183673,977.946755183674,1063.3503755102,1138.96535714286,1227.09624571429,1468.89652,1439.86571510204,1561.91214285714,1307.68179285714,1138.37244836735,1085.34184714286,1041.31804285714,979.406993877551,993.787757142857,729.317957142857,719.429397142857,742.282219387755,626.487074489796,620.676291836735,665.114489183673,716.821971836735,635.743184285714,563.865117142857,534.744540816327,414.076439795918,499.951614897959,504.943598163265,413.864433877551,535.165870612245,570.88930122449,550.822485510204,649.847503979592,538.496934571429,721.575155510204,681.787215102041,774.966017346939,790.201630816327,783.291229795918,690.132394612245,997.128212102041,1047.21332040816,969.537120408163,1036.02700122449,921.13300122449,885.391782448979,761.606244285714,823.760715612245,781.434681122449,637.971431326531,781.649260714286,777.719849693878,726.852299693878,628.181802244898,714.504944795918,644.888145204082,645.239548102041,688.482298102041,630.885703102041,718.114643265306,655.024310204082,628.472630204082,534.94757244898,637.437847346939,556.034826632653,569.437020408163,621.990446836735,639.055511836735,525.232231836735,568.873075714286,827.529154897959,705.433870204082,783.144571632653,989.721576530612,1026.63307857143,928.025978571429,934.108466122449,900.001925918367,933.291850408163,879.3408,875.371938979592,809.015559591837,783.247972244898,906.908193877551,915.670229591837,695.071559591837,653.111929316326,860.781036734694,745.512547346939,676.005726326531,1150.91541632653,974.935116326531,1078.35431632653,967.620446938776,795.169686734694,719.233976734694,775.27947244898,799.717259183673,829.770089795918,759.185931632653,739.360223469388,755.855904693878,863.052690816327,857.06433877551,719.27298877551,769.156078571429,711.551848571429,783.824016428571,805.443229693877,818.567758877551,671.137136836735,730.665786836735,649.779835816326,789.124045,670.221678673469,684.154915306123,656.67832244898,630.750429591837,791.620423469388,875.936240816327,855.315080816326,744.202411428571,693.166559183673,851.958806122449,885.853015306122,861.66873877551,590.82638877551,623.36068877551,872.014341836735,838.120804081633,822.310952040816,844.966731632653,850.618626530612,791.176889795918,711.624721632653,653.685935102041,771.957722040816,861.150894081633,926.889254081633,1136.79210408163,1266.67097540816,1315.64543040816,1272.28078040816,1168.61993040816,1278.16785285714,1483.05122755102,1291.70321897959,1349.39560612245,1412.23135612245,1527.70548265306,1424.75266428571,1069.62702244898,879.282244897959,932.094515306122,835.024415306122,754.232636530612,821.953915918367,604.311208163265,614.966187755102,559.445135714286,747.969508163265,892.138074489796,747.349683673469,680.02425,683.091391836735,795.501276734694,859.705539387755,799.043934693877,664.217879387755,534.192685816327,458.924525306122,583.332546530612,388.210837755102,745.700306122449,625.962485714286,602.580490714286,562.326473571429,744.366075306123,759.284914897959,884.615644897959,858.977198979592,774.322204081633,837.844304081633,1026.71790102041,839.942717346939,777.058037142857,891.249441938776,883.900921836735,676.10398244898,718.708282244898,633.206875102041,649.755020204082,630.095734591837,578.273094591837,542.322944591837,454.503446632653,493.302296632653,435.360544183673,416.071069183673,407.377277755102,565.993252857143,651.119346734694,642.719478571429,613.222030612245,764.238612244898,880.929697244898,1076.79489418367,1055.99573346939,1113.36591938776,1276.10561959184,1203.19360204082,1267.96815040816,1306.18027040816,1286.62057040816,1248.91266836735,1152.29741836735,1020.40894336735,1140.82110204082,1055.23040479592,1039.35303979592,979.585726530612,1081.30850918367,1020.2806255102,923.992403061224,740.458022448979,945.032976530612,861.248217346939,930.050787346939,908.449398979592,966.065831632653,1027.40468979592,1013.16958061224,1090.33954795918,1115.84390408163,1089.56785,1040.84951428571,970.36429877551,1084.10105102041,999.217360204082,1072.35858673469,954.583069387755,920.988466326531,917.174843877551,1002.06024387755,828.85992755102,849.090073469388,904.568481632653,952.933387755102,795.165016326531,938.100268979592,807.310946938775,688.065113265306,619.875866326531,679.200616326531,680.269603061224,650.038303061224,614.777103061224,598.551485714286,737.110795918367,734.019245918367,662.125084693878,743.802044897959,753.501929591837,834.982508163265,885.636158163265,891.522708163265,729.526023163265,726.811323163265,717.887920510204,715.195974489796,729.196624489796,762.699974489796,831.645074489796,843.768104489796,810.637485714286,826.735096938776,644.017515102041,576.059365102041,509.266586326531,536.505744285714,458.221653061225,427.602486734694,419.813613061225,632.01603877551,585.745553673469,786.771683673469,757.489782448979,718.97173244898,555.35171744898,484.254733979592,545.260007346939,686.868990816326,619.995779897959,511.307998979592,502.814290102041,583.813767755102,594.87006755102,603.744930204082,700.769845918367,704.321029183673,689.133050408163,637.208498163265,805.226256938776,836.997645306122,821.011395306122,839.147638163265,872.059777346939,789.75017877551,697.41707877551,527.68113,661.319777755102,717.608430612245,675.642152040816,468.364627102041,509.335827959184,559.477489387755,504.534449795918,633.915731428571,640.913757755102,584.772839591837,536.514598367347,515.935948367347,482.681543877551,608.206703469388,472.904616734694,474.461466734694,781.771058571429,760.628250857143,763.875450857143,904.602458367347,1011.17700040816,1076.51730040816,775.368615102041,788.901915102041,672.163369387755,550.515884489796,787.017601632653,874.318168571428,908.443641591837,1024.22916979592,997.32462244898,946.603883265306,1039.5488222449,859.158906122449,788.605365306122,778.550776530612,722.368542857143,615.578779183674,612.18140244898,726.089755102041,851.20275,881.99706122449,917.80392244898,953.128793877551,680.920240510204,883.760332755102,743.534277142857,875.130253061224,857.501545918367,809.601644897959,789.582864693878,518.805693877551,732.81558522449,965.560639795918,1017.99372877551,967.774492244898,930.971848979592,789.361003061224,728.885753877551,830.010055102041,877.797816122449,854.255166122449,825.555280408163,857.249562244898,842.53728122449,937.373054081633,801.743246734694,852.295174489796,727.356352244898,708.939543673469,526.718977959184,577.796184591837,662.947487244898,594.968181836735,794.934943673469,652.045266326531,785.606721428571,712.790071428571,665.062919387755,688.759700204082,751.382329489796,750.326916326531,674.240381632653,686.878623673469,734.675599795918,670.142832653061,618.800811428571,736.031711428571,668.212795102041,527.932433265306,450.16027877551,500.107136326531,518.364727755102,487.457485510204,531.402885510204,458.388028673469,496.196074897959,476.539510612245,488.508234897959,405.755077142857,432.454327142857,477.844345510204,450.760602244898,634.542201836735,543.553138571429,461.593708571429,411.209038979592,433.594147959184,361.788119387755,364.931599387755,639.932375510204,601.995655102041,672.254515408163,768.313030204082,667.423502244898,531.216552040816,596.035565306122,512.020223061224,679.42234877551,566.53768877551,616.841616530612,757.061224693878,780.927024693878,777.015324693878,874.625037142857,1108.41565,1041.14457857143,1061.45735510204,886.554382653061,912.912670408163,898.680826530612,831.240374693878,872.006224897959,771.664649387755,781.820249387755,777.816830204082,829.516361020408,950.254307755102,924.273557755102,856.800507755102,897.621644285714,1011.17179428571,988.05996877551,877.969588979592,825.070327346939,750.979728367347,594.48800344898,744.365831020408,627.229521204082,535.068466204082,567.165871204082,568.537035918367,852.495990612245,886.026746326531,926.143504285714,948.211487346939,777.931288244898,768.748196530612,842.857817346939,777.203132857143,794.608332857143,868.306227142857,767.883339591837,773.270315306122,790.315615102041,853.632202040816,879.81985,1039.46248877551,1125.23820897959,972.188489795918,845.271339795918,821.448789795918,706.624005306123,739.079210204082,903.599960204082,933.125428163265,864.187907142857,1020.79780714286,1136.95654040816,1074.44422612245,775.179093265306,820.970705510204,712.040850918367,508.606072040816,495.048272040816,643.664635714286,497.39933744898,618.294690510204,700.060789489796,727.961417040816,716.053294591837,733.520975204082,838.509825510204,967.572504081633,1067.43479081633,954.689100816327,933.760998571429,940.785930612245,878.72551122449,720.792313265306,652.708363265306,743.525863265306,751.048681632653,744.639931632653,603.378781632653,598.366478673469,647.543528673469,591.540953163265,497.477253163265,568.861976530612,721.555976530612,684.507755102041,572.394931122449,449.177082857143,611.224982857143,593.760382857143,569.628783306122,822.141233306122,783.056783306122,630.689558306122,788.628381020408,849.258298979592,922.891468367347,894.463840204082,830.364771836735,871.130994591837,821.840651020408,869.875705102041,755.184955102041,695.300033163265,683.946008571428,818.176561020408,1146.22352755102,976.81807755102,1104.87402755102,1205.2881122449,1408.61315204082,1388.32916326531,1346.35640204082,1298.78405102041,1025.15545897959,960.436832857143,707.973782857143,667.505862244898,578.92033755102,721.474567142857,728.994944285714,845.787294285714,777.001765306122,792.17444877551,888.6411,920.09298877551,931.799930612245,1015.56332734694,1134.30125510204,1040.38070510204,1094.77246734694,1153.5422744898,1028.42304081633,1045.53810938776,1076.51697510204,981.992234285714,881.782701632653,901.323923061224,901.337549285714,994.87729877551,951.060953469388,791.753615102041,867.286202653061,741.824352653061,754.601504183674,605.276229285714,846.522398571429,876.390380408163,944.449427142857,825.48497122449,730.85027122449,665.911653469388,723.043092244898,588.230441836735,670.782941836735,631.166130816326,753.763747959184,779.355069387755,757.379523469388,832.793223469388,833.012336734694,815.324526836735,828.725176530612,808.090426530612,765.353726530612,849.701176530612,1015.43076836735,1073.57946836735,1221.67736122449,1241.05632469388,1088.86621061224,1210.38365469388,1212.51606122449,1078.43338897959,934.320866122449,972.387612653061,987.504271632653,1040.06211571429,986.810415510204,1129.3775655102,1249.71064281633,1087.51896734694,1119.38937914286,962.227805571429,990.224921428572,884.872853877551,932.639265918367,1020.03576612245,947.29272244898,953.481875510204,794.619368469388,843.677671938775,859.632346938776,790.595207959184,790.273488163265,695.934050204082,690.077532653061,650.841141836735,703.973122448979,689.935546938776,631.330896938775,565.705366326531,742.637758163265,822.285450346939,813.622951367347,697.775944632653,681.644955714286,622.748846122449,849.350610408163,838.739584693878,768.160067346939,775.167143877551,796.158942857143,903.004002040816,876.531996938775,905.459496938775,866.274945204082,802.328168367347,730.178603061225,865.5929,901.031808163265,964.422258163265,952.536108163265,861.102108163265,878.184352142857,961.222157142857,1013.09429081633,876.751665306122,830.280281632653,875.235242857143,1070.49129285714,1025.85964387755,861.466736734694,773.81338877551,923.323741632653,974.139536734694,1013.81483163265,955.836658367347,900.31823755102,944.571311020408,1040.22524081633,760.564406938776,803.566796938775,818.579533673469,993.67253877551,840.894535714286,762.288747959184,721.107236734694,753.264436734694,857.589436734694,880.491641836735,808.332266836735,916.151035204082,917.272260204082,748.987998367347,813.31067,978.519434897959,663.326424897959,675.752486734694,612.005995918367,941.89110877551,1053.83839285714,1067.88316081633,924.637927755102,909.088211428571,859.562161428571,836.989602857143,889.096661836735,832.635266122449,693.503161632653,662.285961632653,808.992783673469,705.56341122449,690.39301122449,700.910395918367,796.514754081633,796.583915306122,717.929896326531,1031.75602857143,927.558032653061,996.69183877551,1070.04978877551,1060.44733877551,991.611686734694,1066.09905714286,1259.92196142857,1098.26998244898,1055.73713367347,1111.50696285714,716.314153469388,861.89602,751.69252,651.526176938776,506.01290877551,735.058401020408,746.867212040816,806.557180816327,672.107282653061,624.180432244898,741.070723265306,852.610855510204,983.857243673469,936.972156530612,955.465708163265,907.510853061224,804.661571836735,803.876421836735,788.409321836735,753.673301428571,717.70872244898,783.483128571429,909.589620816327,917.047631959184,1097.45791577551,1084.57467271429,1042.5021217551,1081.09327346939,946.473108979592,1035.45208408163,1065.51034306122,1111.48551938776,1245.8286477551,1238.47787040816,1274.99546204082,1148.30890163265,1066.7305144898,1206.9378644898,1097.0493755102,995.145571122449,1052.66678673469,993.081263673469,1102.63062877551,1024.59675122449,1120.76569469388,967.048427959184,1134.41547918367,1062.25637428571,1134.69432653061,994.607066122449,841.815409795918,828.840700204082,881.918064693877,817.134761836735,786.626394897959,828.005370408163,966.85021877551,967.166441836735,915.110849183673,957.470199183673,967.595652244898,685.162697142857,533.493256734694,612.604551428571,637.022284489796,954.44955755102,1094.51047714286,1197.54662918367,1285.25886632653,1222.9679622449,1279.87408265306,1187.52207755102,1275.72553673469,1314.55700408163,1402.0749744898,1419.6501744898,1335.95445918367,1361.33764418367,1302.49354418367,1215.65399010204,1120.9611244898,1081.95269285714,1244.16533265306,1232.11093163265,1350.65194183673,1261.54954387755,1063.66954387755,982.826725510204,941.387075510204,834.193788367347,851.833522040816,825.890158163265,846.43329367347,917.885665102041,1030.10624816327,1049.41566428571,984.025093591837,1083.32359359184,1157.33810714286,1136.49903673469,608.593340816327,619.169990816327,484.664690816327,463.698466326531,504.643471326531,728.018439795918,895.195089795918,912.871364693878,1009.79131367347,1000.15111367347,1004.91281591837,957.226148979592,981.263835714286,731.096288367347,814.679262244898,824.709462244898,860.936312244898,954.970213265306,1074.34885714286,1012.6753744898,949.198421836735,933.432817653061,996.776991938775,795.216741938775,793.757537653061,664.131964183673,779.602192755102,774.825037755102,805.443719795918,1110.74577653061,1067.75021489796,1070.78093795918,1088.80053163265,1057.53657653061,922.350585714286,937.277785714286,890.940235714286,790.697995714286,793.562563653061,599.566176918367,527.900871428571,430.454638163265,363.88186244898,414.273545510204,382.834820816327,412.102255102041,347.884236122449,328.819536122449,340.096752632653,390.630492653061,371.701414489796,466.283722040816,705.607843265306,1018.77483777551,1094.78313918367,972.39047877551,984.040223673469,992.642585714286,1025.31856142857,1136.49589795918,1179.61319795918,1197.3381377551,1235.53070244898,1288.68433265306,1234.41900714286,1361.29761530612,1249.21241530612,1095.36036020408,1067.90946020408,1140.78365102041,1307.94896530612,1336.73651530612,1273.45553469388,1167.82011969388,1327.12296969388,1193.98647142857,864.200993265306,951.444869387755,980.376991836735,1087.4734777551,1065.59549714286,1142.62415591837,953.553060612245,806.923995918367,949.329461836735,1096.34066183673,1147.68148632653,1185.34700510204,1010.74732959184,1187.63392346939,1135.3029955102,1143.53871122449,1003.9774744898,1022.6691977551,854.490704081633,847.301698163265,831.349622040816,894.217490408163,837.458025877551,870.455856448979,990.960876326531,995.664765510204,893.778330816327,909.319046530612,820.568938061224,734.725339081633,838.694604897959,823.740431632653,702.783244081633,731.66592244898,727.524225918367,556.25031,609.640873877551,617.531186734694,678.621184387755,808.904862959184,737.288828061224,910.812560612245,857.407494285714,883.186607346939,857.363276122449,984.967025306123,1034.93490530612,940.678809183674,896.227641632653,1190.85027816327,1122.4308677551,1095.0888177551,1008.08847938776,1048.22312897959,1149.86642714286,1064.59027857143,1057.98384204082,1150.32408020408,1087.79462346939,847.334669591837,892.800153877551,934.116184489796,879.333658979592,819.12340755102,825.076423877551,823.404725714286,888.04713755102,946.781937551021,908.717271428571,996.443035714286,1021.10997244898,1058.71882653061,881.881160816327,854.294163367347,806.603073979592,1100.69421795918,1174.25813816327,1146.12179612245,1109.11178612245,898.859277346939,813.838001428571,839.153254081633,775.539541632653,675.967020102041,580.844844897959,648.002344897959,575.649097959184,592.625497959184,668.218727142857,754.131626938776,813.638426938775,821.574472653061,785.575977653061,763.920756836735,813.450293673469,707.405611632653,801.628406122449,819.103256122449,1171.28018938776,980.78960877551,956.133749387755,1027.45629938776,931.031490204082,888.852889183674,912.786139183673,833.501181632653,867.413640816327,915.340930612245,1016.28411020408,1070.04393265306,1141.14761632653,1141.14321683673,1115.44663418367,1178.41680102041,1205.45062755102,1186.23637755102,1150.30382755102,1025.78401469388,1112.15763367347,1127.9411755102,1072.06344183673,1171.15529387755,1248.51431020408,1107.40796020408,1071.50974897959,1064.6327755102,948.173241428571,848.068978163265,868.697578163265,882.820678163265,873.346850816327,955.939424897959,1110.88695040816,757.229685408163,868.852858163265,770.967725816326,796.788691836735,814.510702040816,804.234498979592,848.676143877551,738.790959183673,712.944484285714,894.713057755102,922.837653673469,964.319128163265,1007.94700816327,887.139042857143,932.657299183673,1028.87729183673,1074.71988020408,993.131493469388,1092.37588265306,1095.22526632653,1222.60453265306,1204.12424795918,1151.35946673469,1285.28957918367,1062.25946673469,1306.45489387755,1149.98162857143,1170.40684877551,1243.34707040816,1215.1692377551,1134.81966530612,1161.95982857143,1318.76490612245,1210.22939897959,1117.4949622449,900.206426530612,880.081641836735,890.411541836735,836.497891836735,913.270089795918,1042.27585204082,954.118546938776,831.120915510204,556.601606428571,450.984347857143,904.455205102041,962.935063469388,946.98926122449,741.770955102041,664.131405102041,505.398384693878,493.953774591837,514.090361632653,507.538000612245,488.353557142857,557.554536734694,692.815536734694,557.310019387755,729.321119387755,713.11932244898,750.045639795918,746.202689795918,746.225539795918,761.073713571429,680.944128571429,610.334765918367,610.433716938775,701.085260612245,553.022814285714,607.631978979592,705.106635102041,721.830289387755,713.098482346939,727.640772040816,727.580121632653,767.56252244898,752.418074897959,802.185553061224,777.923128979592,778.040888979592,724.803975714286,807.726965510204,1023.53246653061,902.527819306122,996.070719795918,748.678819795918,641.347269795918,550.047104081633,745.463465102041,606.012963265306,596.542891734694,665.931825102041,678.877472857143,545.159249244898,456.793349183674,495.043022244898,506.894586530612,576.865148979592,598.253798979592,778.812493877551,767.171486326531,810.191510204082,893.069162244898,883.181303265306,727.748513265306,659.79830755102,614.29565122449,587.594123673469,478.409223469388,403.161109387755,515.364833673469,449.495785510204,424.325203265306,475.050983061224,385.737418785714,351.750590612245,576.4055,456.331225510204,473.073684285714,525.432492857143,667.287780612245,729.846226530612,703.566333265306,646.931896122449,740.457196122449,811.294704693878,818.857326163265,978.151226163265,925.569930408163,775.750238367347,928.330879387755,882.173006122449,1049.55590612245,1149.58508857143,1257.00853816327,1139.11680163265,1170.47426857143,1287.76070204082,1365.82797244898,1317.57296285714,1444.62611285714,1563.74812653061,1536.78287653061,1268.20885897959,1195.61768089796,1247.7860455102,1148.79121795918,927.142067959184,814.108767061224,783.00848,760.672527346939,909.412094285714,862.280843877551,770.892751836735,620.506451836735,756.898433673469,724.416273469388,792.372853061225,815.933788061225,763.016518061224,792.552833367347,786.401158265306,783.227971530612,790.865821530612,758.537476530612,768.529526530612,648.278220918367,711.883407142857,562.643710204082,545.79595,562.866234693878,682.536124795918,640.860972755102,613.327237755102,661.992160102041,639.923842959184,695.862247959184,666.723187346939,541.061383469388,460.764207142857,512.91246755102,692.28148244898,957.650221836735,925.959810204082,885.036060204082,899.065466326531,742.489079591837,736.136686530612,786.959221836735,883.376709183674,990.78875244898,1005.30655142857,964.73258244898,1064.85401326531,902.487293061224,793.823997959184,748.667966530612,780.420416530612,751.400551836735,675.407001836735,769.50591877551,749.063860612245,853.490164285714,652.611388979592,764.609858163265,831.123559591837,504.636944693878,473.399079897959,402.322030428571,380.807522673469,414.256795918367,617.806539387755,586.573931632653,552.525481632653,685.086597959184,675.774551020408,853.268397959184,991.049012244898,962.927162244898,864.729812244898,842.167047244898,946.016193979592,951.765432653061,993.710640816327,984.857390816326,794.582903061224,716.953098061224,868.144992142857,854.417552142857,859.348238877551,878.441778877551,841.488505510204,913.889312346939,933.427899489796,967.975718673469,882.124920816326,1048.55851510204,1214.00177244898,691.691139591837,670.689695918367,692.682568367347,949.570483673469,1131.86978367347,1113.79043734694,917.576733877551,897.78577122449,681.665150816326,735.828772857143,706.350894285714,602.451065102041,871.454021836735,786.056760204082,841.274710204082,824.651609795918,889.013229795918,1073.64522979592,1083.43467612245,1073.19500469388,1063.16017969388,1145.82731836735,1002.85407897959,1008.1897644898,1112.11842959184,1090.58262959184,1055.33444285714,988.411076326531,989.370026326531,926.162476326531,831.200476326531,951.485358163265,1020.20287040816,1102.35993469388,998.933948571429,1115.73949326531,1143.6370155102,1149.13464795918,1176.96794795918,1186.28738571429,1157.48342897959,1081.55047081633,934.978256530612,953.597797755102,903.15176122449,889.04330122449,917.862423877551,1012.41375102041,1025.29734285714,1136.48409081633,1145.16824591837,1151.74245510204,1124.91759693878,1137.82394081633,807.285190816327,832.476756122449,912.301445918367,706.14665,708.005,555.831408877551,691.91596755102,677.526104081633,643.760151020408,701.03462244898,609.606094897959,474.84790622449,626.923904081633,773.164043877551,1078.19747142857,1106.6047744898,985.69282755102,1090.25458632653,1058.47609373469,940.113134897959,1019.32047938776,894.124508163265,917.044550204082,941.010323265306,1144.76090816327,1052.14274693878,1073.45647897959,1092.25730637755,1153.84982959184,990.521179591837,997.021129591837,946.65777244898,837.615018367347,794.627837959184,836.872849183673,1069.96180714286,1033.6400205102,1031.83153193878,974.519766122449,979.68200877551,825.647131061225,858.446239183673,860.40697755102,868.41337755102,651.559124489796,634.484496734694,783.326081632653,813.146231632653,756.740375510204,831.443084693877,834.16025,901.771337755102,924.764392857143,988.087644693878,845.922501632653,660.631186122449,904.023791836735,879.658859591837,773.96599244898,859.248947346939,873.66655122449,863.895388367347,863.281394897959,748.74240755102,677.894401428571,783.063275714286,884.691084693878,843.616074081633,681.442211326531,713.16196744898,654.789440510204,681.178693673469,591.910993673469,625.184843673469,904.433293673469,795.962293673469,825.002743673469,905.813743673469,1066.51449306122,1065.82394306122,1064.45524306122,1155.7724022449,1051.86367367347,1194.14568693878,1133.33714469388,1075.12244469388,1071.19574469388,1147.03918673469,1212.31616836735,1191.04606836735,1176.41236836735,1187.06671489796,1268.25749285714,1048.82946285714,1151.12936285714,1071.69401285714,1191.60807755102,1168.54813469388,1185.79162857143,1109.45948357143,1040.42869897959,1167.09057204082,1332.05045346939,1436.56042040816,1324.49392367347,1075.91379673469,1042.60866020408,1022.81518591837,1021.01458469388,818.312592857143,1007.56722755102,1068.59652755102,1045.53313571429,878.55707,838.324609183673,695.869225306122,792.054862448979,787.451324489796,874.26496632653,772.090581632653,871.76866122449,823.884086530612,789.190196122449,711.009779591837,892.53300122449,984.263766122449,1069.15039897959,1106.68673265306,1100.54620653061,1118.33035653061,1071.53701530612,1058.16469938776,1014.92486326531,1078.9687344898,1010.73885734694,1020.72903204082,1013.52233428571,1110.61474693878,1028.23395255102,987.471954591837,1099.5301755102,1316.07414959184,1221.63641734694,1092.73677938776,1209.25432591837,1044.19753530612,1169.44993530612,1146.34630857143,1144.9996077551,1148.14131326531,1160.64529346939,1128.05708877551,933.710597755102,972.004005102041,1020.69005510204,1213.85645510204,931.17422877551,928.830468979592,836.051880979592,931.332797142857,814.436998367347,840.117554285714,1025.0938755102,821.490520204082,566.226272244898,537.298562244898,521.465293673469,375.371305918367,437.362915918367,371.365400918367,301.419265918367,373.532366326531,489.965216326531,548.812513469388,556.800213469388,641.149713469388,828.969968979592,757.708277551021,852.936813061225,915.792963061225,1036.8084455102,1130.1405455102,959.236293469388,1047.02643912245,1039.14878142857,1095.66781881633,946.637196938776,904.033083265306,940.781748367347,892.195298367347,783.516748367347,791.975775918367,941.167227346939,909.84454877551,815.376917142857,1066.68861326531,985.503563469388,1077.94686020408,1010.61530408163,954.250099795918,880.015563673469,976.052372040816,956.575667755102,1039.38229081633,1222.94945,1266.61321938776,1144.69881938776,976.289667346939,1167.35773367347,1121.20429979592,1270.70759902041,1351.81586326531,1541.06534061224,1135.91023530612,1188.45546387755,1095.18061387755,1222.44749489796,960.178269387755,908.996605102041,1139.71852959184,1211.06357959184,1074.23495714286,1096.53014795918,1001.22374081633,1046.82954081633,1135.1791122449,1092.33914591837,862.943108163265,824.655158163265,900.514358163265,769.743494897959,842.280341836735,856.962094081633,822.294394081633,774.606945918367,642.432395918367,623.418181632653,737.997343877551,744.092520408163,787.492770408163,772.881085714286,850.743464285714,801.096314285714,757.615164285714,751.623815306122,691.482448632653,723.561380612245,731.689619387755,759.986219387755,1064.79881938775,1137.89696938776,1034.89165408163,978.827564081633,985.552964081633,927.658754081633,881.202883163265,871.780458061225,713.984226428571,809.868732653061,622.640232653061,583.906032653061,775.027996938775,783.45102755102,824.974514285714,816.550871428571,804.734471428571,884.72362244898,901.750605102041,1087.1716977551,973.174686734694,872.050651632653,752.718312244898,702.949521122449,623.413363469388,597.42026,479.239182857143,528.896630612245,702.38543122449,542.71893122449,506.668386122449,578.921186122449,539.475236122449,540.398008163265,642.685806122449,616.073028163265,695.070909795918,507.567750612245,666.060806326531,486.570558979592,489.309943979592,453.528093979592,628.15315622449,695.237140102041,696.353064387755,887.200545102041,1068.60858061224,1043.23800408163,1076.40560204082,1067.79280204082,929.846594693877,1160.57309469388,1039.14789469388,1061.68334693878,1171.88124897959,1064.84600714286,742.879655102041,650.132467346939,629.137626734694,803.326486734694,849.290320408163,921.751583265306,773.040533265306,791.133516326531,702.085367346939,943.821251020408,918.104010816326,982.303534693878,1059.77799489796,1052.32334755102,1068.05959755102,1176.02596326531,1017.37681326531,1051.03931326531,1047.55120204082,1068.47360204082,1263.18120204082,1276.90650204082,1242.61322346939,1057.91807938776,1178.06032938776,1134.56812938776,1187.47986653061,1236.60501653061,1299.52574693878,1423.18563265306,1343.19728265306,1142.44379020408,1288.61886020408,1221.05466020408,1302.59282142857,1215.87645714286,1150.26563367347,1040.07172346939,995.141125510204,918.797129795918,915.60953877551,942.013086734694,863.857325510204,903.546770408163,505.371672857143,533.39922244898,616.67785244898,628.584657142857,675.521109387755,692.776616326531,619.784059183673,615.927009183673,577.201945918367,535.994996734694,500.75299755102,603.921107142857,545.738694489796,648.586313877551,443.893954285714,539.598183877551,437.642670510204,500.654970510204,557.788888571429,572.353042040816,648.638982244898,761.167352244898,768.810338367347,795.415471836735,686.850786938776,823.446028979592,900.695904285714,850.81993755102,805.764094693877,780.364144693878,846.032974081633,1017.03621918367,985.532694081633,938.045000612245,785.250800612245,850.247391020408,746.223805918367,710.956814285714,731.434112244898,735.73192755102,811.945551632653,790.748624489796,691.768637346939,584.978444285714,728.18979755102,740.708165408163,1012.42060877551,1013.22997755102,824.433162653061,1005.86593102041,1109.82002857143,1075.0011822449,901.711923591837,940.946253530612,787.035057959184,794.247604693878,648.359269387755,610.532632081633,506.83094922449,578.55832455102,619.882677959184,596.576186122449,601.178111020408,532.01758877551,394.043642040816,448.819742040816,489.602161020408,450.340466530612,416.396716530612,313.97523755102,489.004629387755,556.046508571429,703.067004081633,800.137713265306,727.335163265306,769.109463265306,890.638615306122,794.620165306122,730.134115306122,689.440965306122,774.168525510204,757.203325510204,657.598712244898,675.324601020408,724.823601020408,748.41822755102,649.288355102041,703.193135714286,687.294096938776,658.269448979592,533.673276020408,861.795723469388,963.088937040816,939.846498979592,840.425826122449,809.000479183674,1020.63809977551,943.586910204082,1055.15613938776,961.263069897959,996.254463265306,900.084562244898,926.858479387755,989.586107346939,1315.86214944898,1285.1127495102,1153.70724081633,1135.82001673469,1113.19401959184,1086.45978204082,982.740073877551,937.944502653061,965.023076734694,967.820771020408,1035.1025055102,1011.92643897959,1000.84415122449,1091.88389836735,969.880813469388,873.754998979592,812.852107959184,764.058719591837,790.985567959184,900.13210122449,965.704933673469,1174.3753155102,1068.22883897959,1275.64433897959,1187.14703897959,1125.5768677551,1128.08671806122,1186.30103993878,1188.55907142857,1158.75348530612,1149.89757877551,1019.76761365306,1052.7748522449,1166.3706522449,1242.80530653061,1250.42005653061,1222.20420795918,1302.43906530612,1216.72228469388,1226.6339877551,1336.00268571429,1286.63012653061,1315.34455510204,1257.66226326531,1315.10526326531,1408.87572040816,1379.53454387755,1238.73532040816,1263.71673163265,1423.59354693878,1250.50475510204,1202.42532959184,1158.68397959184,1079.11408877551,1070.99898469388,785.698145714286,799.147725510204,986.565495510204,1056.91058020408,997.314476122449,1053.77516428571,1019.84879122449,896.389448979592,803.72091877551,1004.87049755102,987.788116122449,893.187463061225,1038.45388,1044.22540510204,1068.40560510204,969.182656122449,836.560413265306,765.238563265306,813.129073673469,944.231343265306,836.725727346939,938.807095918367,792.848569387755,783.814002040816,682.804302040816,801.702463265306,997.136754795918,1056.26138571429,840.234805102041,857.828717346939,836.636572346939,823.078972346939,826.506257142857,827.188057142857,650.121585714286,861.353729183674,789.990138367347,783.282469795918,837.301089795918,883.610234285714,870.887199387755,837.345008367347,649.301441020408,607.884492142857,743.161709591837,732.114012040816,709.812956122449,784.265601020408,839.632563265306,855.066108163265,760.520085714286,848.568320408163,899.705447959184,836.282447959184,855.200605102041,928.394505102041,945.331005102041,879.366702857143,924.816574489796,911.398056122449,793.006332653061,682.392481632653,590.22106122449,687.285671428571,790.754580612245,838.726680612245,855.79207244898,871.507281632653,930.238615306122,905.194402040816,1082.39359897959,1149.57212204082,1070.63111530612,1219.46065306122,1149.15002755102,1023.95334163265,893.718648979592,861.208268367347,861.823018367347,993.158457142857,774.322326530612,756.149644081633,664.934364489796,665.075694897959,639.491733469388,838.327745918367,920.304070408163,1113.07234081633,1001.80234081633,1142.85632857143,1015.50387040816,1017.27057040816,1046.16721020408,982.481017755102,1002.66812183673,985.577966734694,976.920046938775,880.696939387755,985.950215306122,941.999687959184,1021.59034836735,1006.7433477551,929.313712857143,1023.60476591837,1021.28256387755,1024.48773938776,1113.68221326531,1118.91894979592,1208.84385734694,1399.89797020408,1380.35337163265,1253.91818571429,1103.51038102041,1044.48718918367,1012.44130816327,1028.17254795918,1046.60692897959,959.865615714286,827.856815918367,858.729714489796,672.191562408163,538.724348367347,693.142884285714,691.110390408163,702.692989387755,734.039820204082,697.523948367347,681.120284285714,536.500719387755,399.012299387755,473.823165653061,599.397650422449,600.119500422449,698.058250422449,603.108946132653,610.508063071429,811.677013071429,823.664227357143,888.97585205102,901.704871428572,892.404032653061,983.669187755102,777.193176326531,913.64843877551,852.546618979592,1002.33298142857,1141.33194591837,1121.09694061224,872.03966244898,698.59907877551,663.17207877551,738.19067877551,963.388987142857,998.560495714286,746.373930204082,880.84935122449,812.568481632653,831.809331632653,827.579331632653,947.593281632653,890.274545102041,876.118730204082,837.188981632653,810.661495714286,806.714644897959,988.383970408163,1065.57546530612,1216.91456938775,1084.70192959184,1146.8848244898,1183.09877040816,1231.73120102041,1160.87655102041,1099.34202040816,910.20628877551,748.269934693878,799.453050408163,666.086558571428,759.725867346939,789.80948122449,913.532124897959,714.186186734694,689.345374489796,695.311355102041,876.871286632653,780.630944897959,716.207212244898,736.385563673469,691.360946530612,704.394929183673,466.175714183673,349.826742959184,408.27822622449,277.226994346939,428.406874346939,276.806733367347,400.125358265306,398.917607244898,400.653623673469,483.030204285714,515.178309183673,364.254526530612,460.03267877551,553.287404285714,609.69027755102,519.294740102041,486.044773673469,406.709402959184,542.535966530612,475.212396530612,431.619990408163,479.438623265306,595.126572316326,577.599164285714,618.948525510204,589.158142857143,556.69108877551,603.573151020408,380.315909795918,340.301386244898,403.357618061225,429.499587755102,625.952381632653,724.885464489796,706.631726326531,609.127857244898,588.278851836735,667.535401836735,490.062772040816,390.033772040816,683.097709591837,692.353413061225,638.187248571429,446.582517346939,506.319117346939,550.795754489796,554.604285714286,655.630478979592,793.505925714286,772.756725714286,717.463169183673,689.142269183673,850.476117346939,822.75041122449,859.58846122449,862.507537755102,781.768690816326,758.425110408163,690.692159183673,685.093409183673,816.374284693877,705.720034693878,731.659434693878,781.628645102041,675.054136122449,650.452649591837,547.210206204082,598.494806204082,525.889631204082,480.082575204082,613.434000204082,642.124170204082,625.71138122449,636.38373122449,528.760285102041,714.267712040816,723.403503061224,806.181831428572,637.207405346939,754.56294122449,804.03759122449,693.545243877551,584.145134795918,632.397208571429,556.411708571429,647.47804877551,805.103251020408,726.00838877551,783.628081632653,757.480368367347,771.938126530612,740.983740816327,895.868212244898,978.700920408163,1053.01862040816,1161.92207040816,1116.42077040816,1050.74823571429,1163.31737346939,843.393846938775,876.257404897959,846.213396122449,902.627346122449,966.956553061224,981.063134693878,1064.87374285714,1027.27927346939,811.854673469388,1006.44397346939,1131.20201265306,1091.6139055102,1074.83162142857,1157.49414653061,1049.09836057143,1175.97386183673,1155.74545,1138.59829489796,1242.35887081633,1102.01699306122,1094.96140612245,1196.12407918367,1258.57277673469,1090.62274265306,910.671496122449,989.084792653061,969.237485102041,819.083103265306,816.57361,849.466265102041,836.478867142857,836.280044489796,854.61002,794.669559387755,737.569513673469,599.274699183673,548.218196938776,566.774219183673,514.313442857143,535.693415714286,619.893818979592,665.631223877551,729.003978877551,773.879273877551,771.071973877551,779.568349795918,847.914759693877,869.954279591837,833.880084673469,826.753884673469,811.669141428571,878.960885510204,902.125411020408,947.507350816327,815.875700816327,819.025950816326,910.285469387755,928.715662040816,841.004150408163,938.50691632653,892.879878571429,918.751887755102,859.196906938776,865.618278367347,793.357852857143,783.903297959184,775.21986122449,669.738651755102,646.603651755102,598.078620408163,717.158350408163,717.175476530612,744.312601020408,656.012677959184,736.993623469388,799.583412244898,706.748762244898,616.453016428571,607.066195714286,728.486540714286,764.183061938775,760.801700408163,722.749600408163,817.664650408163,813.503350408163,901.034200408163,810.979300408163,827.682565408163,1002.45976928571,915.167901326531,951.433135204082,1019.72403020408,974.174258163265,1065.88404673469,1050.71039265306,1019.44509265306,1151.99199265306,1181.48589265306,1109.47062367347,1046.89760804082,930.511149795919,999.31377244898,882.114077755102,745.299656734694,735.544054489796,953.208358979592,891.067558979592,908.835448367347,855.971803265306,842.534345510204,726.07715755102,863.417696938775,822.84885,805.93014755102,708.29415244898,747.022743877551,770.608840204082,890.084706530612,918.537292857143,950.856092857143,864.528360040816,944.222599387755,855.415923877551,855.656773877551,806.4243,577.5646,612.083478571428,597.625398163265,700.827819387755,587.943754489796,680.558306122449,683.056599591837,692.382356734694,748.903356734694,792.671605102041,645.431476632653,865.240528265306,522.028659285714,530.877268897959,569.000618530612,778.385143530612,804.153623877551,826.435847346939,938.510124081633,920.615294285714,957.084306326531,786.088451122449,772.804859520408,748.299038295918,749.079999795918,762.332849795918,803.434424795918,891.874562857143,872.940462857143,942.558762857143,1082.13723979592,956.867515918367,891.833894081633,908.611530612245,918.624930612245,910.08840122449,778.473797142857,565.048490612245,556.775203061224,604.176268367347,625.021483265306,711.856220612245,839.191535510204,960.889218367347,600.77582755102,570.76517755102,659.558386734694,648.182632653061,782.851154081633,909.802956122449,1001.01030612245,928.956306122449,906.381406122449,682.205128877551,707.256869489796,709.74292877551,721.487818571429,535.065733877551,478.309578877551,531.799278877551,635.818370102041,644.632833877551,716.499657142857,1001.58157959184,805.575892530612,832.392460306122,843.270571122449,869.425416020408,724.149309387755,844.619810602041,973.292870806122,912.551936530612,1059.99626367347,1112.05684367347,1062.94488877551,1088.09805455102,1068.82393706122,913.150937061224,760.167687061224,1005.27256571429,803.591516122449,615.189766122449,643.197009387755,753.980956734694,735.99390877551,834.96075877551,841.09650877551,813.709745836735,825.66196122449,906.63511122449,817.895322857143,921.835276530612,985.995166326531,934.142516326531,959.154860204082,1001.43925408163,1081.40873938776,951.605605714286,1093.13454489796,1007.98111571429,1065.33700836735,987.593571857143,1068.14312632653,1015.0261322449,1251.58203367347,1136.95741530612,1111.3622,1283.75078673469,1065.55987612245,1108.95780755102,1102.24684836735,1134.10603959184,1217.56335306122,1068.8499602449,1025.90254836735,1072.13898795918,1005.44688428571,892.757279387755,864.707816938775,716.817249795918,709.847076734694,714.220326734694,693.531632653061,739.706878367347,828.237073265306,715.616114489796,777.537474285714,960.773624489796,868.124824489796,896.19972755102,846.466535714286,763.21216122449,799.67786122449,812.99278877551,906.989902040816,851.365102040816,834.563602040816,831.778976530612,867.004976530612,764.473041836735,800.152430612245,697.440199387755,683.992717142857,853.994018571429,799.191218571429,915.814267346939,1118.42958244898,1092.79463693878,1018.62131877551,1070.71143979592,891.579625918367,846.933475918367,871.176262653061,919.985791836735,977.368852040816,954.94241122449,938.726972040816,897.54137877551,897.644123877551,984.385116326531,935.363250204082,822.835006938776,733.438171938776,764.218756836735,766.155256836735,798.719656836735,723.035925612245,612.730710612245,675.947460612245,764.318504081633,717.773899959184,753.662749959184,758.501173591837,798.417660612245,763.589810612245,711.651560612245,670.876010612245,750.244805612245,673.288220612245,667.308250816327,572.563041428571,560.587284489796,580.622507755102,609.287320816327,744.256024897959,692.54786755102,585.614598367347,707.473584081633,649.282453673469,565.28508877551,457.053140918367,398.728585918367,550.536210918367,649.276959183673,659.757659183673,554.693065510204,575.440615510204,645.272515510204,705.710165510204,823.743815510204,688.111600510204,652.195715510204,760.05251755102,919.151756938776,944.06681632653,787.878064285714,774.942915306122,848.513756122449,815.104807755102,728.276938571428,677.721438571429,608.495730204081,489.623106938775,404.260153469388,547.617624693877,505.117024693878,473.326616326531,552.458246326531,605.676620204082,446.268668571429,508.602954897959,410.877904897959,480.200965714286,464.609809489796,482.255701428571,555.860887142857,568.969147959184,575.111242959184,498.424284183673,530.859626734694,678.221225918367,679.2654,707.732352040816,731.209602653061,782.440146530612,903.216047959184,828.908728367347,879.005475714286,998.564485714286,1101.42558673469,1057.76280816327,1070.0426622449,1010.77520408163,845.762924285714,844.977374285714,998.294781632653,1019.85760510204,809.793561836735,732.910776734694,663.561934795918,685.982741734694,564.109556428571,466.894510510204,640.101267040816,695.586963265306,649.935108163265,717.031295918367,552.949972448979,546.762734183673,497.99924744898,588.312742857143,577.983169795918,450.78135877551,450.918529183673,379.970215918367,382.860287959184,426.604727346939,406.443827346939,593.302192244898,456.194875918367,411.492857346939,479.206062857143,541.461792857143,505.259903265306,560.350376326531,521.457996734694,616.970496734694,634.600317142857,556.954648979592,618.393235102041,761.148385102041,560.689604285714,831.456407959184,757.002042653061,669.762364795918,725.665404285714,808.270312244898,783.730030612245,679.069981877551,752.291120918367,576.286553265306,593.935452040816,638.520504897959,660.635088163265,609.919622448979
139.428571428571,766.46773,716.247085714286,785.685778571429,721.464065714286,742.614358571429,883.761209285714,856.718025,927.387444285714,1126.57781428571,1179.68145,1211.2804,1131.91086428571,1024.67721428571,1121.87565,1140.45785,1335.21519142857,1334.80923,1354.9768,1201.62140142857,1341.90930285714,1393.38800728571,1359.55335685714,1253.02227571429,1269.063072,1178.16720571429,1091.822138,1198.54399857143,1270.16704214286,1354.80701714286,1307.64761714286,1205.18036428571,1077.75316928571,1238.42721928571,1117.71856785714,1271.12883785714,1173.07815785714,1185.25072642857,1294.45874428571,1108.65026285714,994.708534285714,1050.29339,961.997852857143,896.469241428572,834.10906,974.064777142857,1122.37364428571,1071.89971714286,1029.14596428571,989.655441428571,1010.45379357143,945.904188571429,1144.29673857143,1213.29277285714,1071.50030914286,1046.12115914286,1033.23573428571,994.905268571429,978.945568571429,1069.97141857143,1097.42246857143,1080.52569857143,1025.52074285714,1072.54322857143,1057.56295857143,1060.89279857143,874.948448571429,946.329077142857,930.4344,1075.56655,949.685642857143,1025.12467142857,953.335020785715,1007.28212857143,986.165371428572,955.856457142857,787.910337142857,900.713192857143,1044.40195,947.786077857143,933.989114285715,1025.78512857143,1156.81032142857,1086.53310714286,1057.37087142857,1087.45622142857,944.489814285715,994.517688571429,1074.26623857143,989.143638571429,1132.70932857143,960.303795714286,1030.77972857143,867.44005,816.364192857143,814.143573571429,996.668497142857,1046.55677,937.790064285714,975.004013571429,1099.86931142857,1103.88931142857,1090.38477285714,940.934855714286,903.370271428572,807.767321428571,786.659885714286,848.82375,889.673577142857,867.047772857143,1015.03899714286,1218.06390428571,923.847641428571,921.291981428571,1192.80573142857,1058.80690714286,1093.33315714286,1220.21445714286,1418.09355,1263.11745,1244.89170714286,1272.27285714286,1241.98605,1353.95947142857,1272.05795714286,1212.61294285714,1248.77307285714,1284.30244285714,1255.31803571429,1133.21121571429,1240.13867714286,1141.22736285714,1000.84246285714,874.312135714286,1007.70043714286,995.257187142857,1033.28554428571,1236.57073428571,1105.99745542857,1121.61974285714,1338.97694285714,1299.54921714286,1353.82346142857,1249.66455714286,1190.79213857143,1110.55944714286,1138.46132428571,1164.36033,1233.15453571429,1325.2665,1103.23099285714,1079.64217142857,862.026178571429,946.681585714286,747.09615,821.238827857143,826.497521428572,843.008071428572,848.074178571429,791.909878571429,789.737188571429,673.673001428572,584.874205,586.318964285714,708.237071428572,673.852799285714,832.789541428572,798.836525714286,847.430621428572,701.799992857143,887.616935714286,915.627935714286,900.125935714286,934.100371428572,942.707228571429,885.483393571429,889.964443571429,851.517295714286,1133.1753,1019.13336428571,906.528485714286,923.227242857143,982.46225,1123.5079,1127.74924285714,1215.1816,1142.39316428571,988.972185000001,806.559263571429,593.787863571429,699.954935714286,699.4618,828.842878571429,800.775878571429,973.023128571429,1038.99307428571,933.599249285714,924.819379285714,1020.92430428571,997.862392857143,1005.84214285714,1053.39987285714,1110.73382285714,1176.39930857143,1209.87283357143,1153.43548642857,1111.81368928571,874.612171428572,1012.86962142857,935.87915,1016.42643571429,900.529771428572,922.37697,877.168544285714,1014.81254857143,1024.17168528571,936.74357,910.239908571429,875.834515714286,787.24814,771.35684,797.368492857143,748.836352142857,1045.22303142857,961.820917142857,1049.425955,1131.48957078571,1192.97159364286,1341.96829364286,1364.92811142857,1330.37441142857,1496.69096142857,1382.73453,1348.30108,1408.6671,1185.22481285714,1206.80770285714,1143.71465285714,1202.11005285714,1083.02256571429,940.51651,990.845963571429,1006.33107857143,1164.95792857143,1202.86027857143,1320.46907857143,1404.57437,1371.95780571429,1318.32601142857,993.040098571429,935.213814285714,827.869564285714,774.995152857143,962.85219,936.766297142857,912.665832857143,1087.72534428571,1137.56012428571,1045.76593714286,979.309757142857,1156.28491,1084.65515142857,1025.08070142857,985.403997142857,1178.89137857143,958.107157142857,1093.47102857143,1212.77711428571,1117.32375,1136.50464857143,944.819111428572,1036.68676428571,1076.66467,890.674386428571,929.372784285714,898.403048571428,907.120174285714,874.404717142857,935.133972857143,1066.82222285714,1125.45927,1007.26469142857,1112.53221142857,972.628887142857,976.766597142857,958.192947142857,971.589222142857,940.243347142857,950.952147142857,1043.45422428571,1129.91538857143,1004.04106571429,881.454843,1063.24683714286,1132.27792285714,1179.28187428571,1204.13632714286,1355.74918571429,1403.16556142857,1286.57503428571,1184.82235714286,1212.80954285714,1089.21382142857,1188.85404357143,1113.75258285714,1065.42599928571,1048.32835142857,1132.71115142857,1132.18239857143,1037.84021142857,1034.93628857143,1177.21103857143,910.333938571429,1239.01318857143,1399.99773857143,1308.49582857143,1267.89024857143,1247.90353142857,1312.75997714286,1384.36638571429,1328.44997857143,1170.17370714286,1164.88890714286,1065.57033214286,941.118292857143,843.085228571429,845.392314285714,894.876858571429,867.469642857143,1026.45889428571,1099.01785285714,1004.75249635714,889.473187142857,877.916907142857,1039.94462857143,1096.60086428571,918.368393571429,1074.87374357143,1044.27603642857,1024.25996642857,1120.65865714286,1221.74194714286,1189.42269714286,1225.97379428571,1435.20860571429,1321.52907571429,1213.79255714286,1263.28892214286,1341.66309285714,1157.04805857143,1184.25597285714,1087.70456857143,1198.31912857143,1324.27151428571,1252.54871714286,1245.56187714286,1383.64223,1550.90296428571,1539.79461428571,1448.48541428571,1478.81019428571,1516.83616571429,1499.58532571429,1444.57073714286,1375.67293,1483.04209714286,1372.16477,1206.10975,1173.3283,1095.68675571429,1005.52038428571,1081.61038571429,1194.71993571429,1246.05219285714,1205.79481285714,1233.46162428571,1241.11862428571,1331.08132285714,1281.18967285714,1389.79654142857,1304.17817,1295.02922,1259.71647142857,1182.99417142857,1292.82503571429,1028.59795857143,1182.34789714286,1279.83107714286,1203.90767714286,1176.896675,1153.93068857143,1018.05882857143,1045.58262857143,1286.40812142857,1010.08856785714,1028.37736571429,1144.91693571429,1117.08595,1051.99322857143,1136.65601614286,1139.29517614286,1112.00111285714,1140.72047571429,1100.21518571429,1097.15596285714,1086.40321285714,1174.28022571429,1207.69509142857,1022.78557,1095.21461428571,1206.47534428571,1008.21643571429,1178.92974,1006.75151,1091.13172857143,1155.80407857143,961.507586428572,1126.42662014286,1037.868895,1016.31824428571,935.761032857143,800.111562857143,793.293010714286,788.782255714286,934.56605,1051.20382142857,930.188471428572,968.255735714286,987.236035714286,1161.08754,1001.25956928571,1092.04357442857,1020.68603857143,888.529721428572,980.777727142857,1149.08753857143,1188.95012571429,1248.18732857143,1162.80932285714,1029.81892714286,1003.59676857143,909.313022857143,834.439407142857,943.818492857143,1105.91289285714,1110.0692,1158.74335,848.801410642857,858.5274,1038.59878142857,1050.44400428571,1158.10566428571,1003.12283857143,919.954514285714,935.966978571429,1004.29748571429,1076.83187857143,1032.21950714286,1020.15692142857,1185.43560714286,1181.15141857143,1117.48445,1173.39355,1129.75545285714,1194.16775214286,1271.62550214286,1214.97447171429,1149.83931285714,1179.49553857143,1045.92424957143,1135.16443428571,1142.76644342857,1288.23921285714,1241.81142942857,1116.67160714286,1004.01926714286,891.590228571429,884.482585714286,874.373957142857,866.613292857143,921.627017142857,934.9601,1032.64574857143,1088.82806428571,1115.241575,1155.02290028571,1213.85749,1177.93892142857,1345.23292142857,1258.47431428571,1207.4039,1333.39147857143,1301.7274,1444.78280714286,1398.28280714286,1419.53270714286,1493.29539285714,1380.13355,1466.18667142857,1467.76512142857,1345.42292857143,1307.57102857143,1197.26452857143,1158.40668428571,1200.86675714286,1199.02480714286,1205.77322857143,1245.79622142857,1074.74425,1072.04962714286,927.432025714286,804.169098571429,881.956470714286,1068.56599857143,1204.05562857143,1005.66096,1046.38196,1080.95348,1021.76306285714,1098.98583857143,1035.52509142857,1068.80104428571,1028.78641,1141.89479857143,1097.52194857143,1028.41318,1062.13064071429,1240.55254285714,1327.42861285714,1223.1821,1168.17168428571,1230.40896142857,1176.806009,1109.22266571429,1114.37284142857,1158.81127857143,1126.24026571429,1032.49146857143,968.800104285714,992.928428571429,806.100217142857,718.403527142857,788.678351428572,683.162451428571,755.281865714286,651.524187142857,809.005745714286,724.936614285715,668.05775,849.709583571429,928.878607142857,984.636275714286,1063.85843785714,1174.43956471429,1149.70661642857,1322.66318142857,1054.59960142857,1051.19730951429,1115.42067714286,1035.64871214286,763.227577142857,738.955927142857,843.114502857143,864.376964285715,854.958827857143,898.376507142857,981.799478571429,941.1918,883.3205,923.173107142857,992.210207142857,705.5098,654.800871428572,766.892121428572,808.211285714286,656.084377857143,606.142664285715,500.058146428572,482.590890714286,548.787465714286,497.572287142857,477.108727341429,386.333840142857,644.636074285714,880.816537142857,799.722834285714,809.324854285714,801.400444285714,830.046434285714,1035.54858285714,1039.46394285714,1055.89352142857,1104.45067142857,971.974800000001,949.7865,1087.68577428571,1028.7511,972.9665,1000.18964428571,1028.90324428571,1111.25144428571,1180.17308,1183.90298,1076.46520357143,1165.17318571429,1073.93130571429,1144.907445,1125.28873571429,1207.53080428571,1136.58158285714,1194.70367142857,1170.18231428571,1201.20701428571,1111.72351428571,1163.30871928571,1194.66651928571,1211.61884285714,1174.94984285714,1183.81479285714,1127.51899285714,866.605707142857,918.016521428572,1012.96540714286,972.398264285714,1211.75807,1140.95434857143,860.49615,940.53527,928.964455714286,909.687667142857,866.42619,815.10894,835.399827142857,1131.15450857143,1012.87832428571,1035.03461571429,1089.83127714286,1131.49675714286,1237.28377571429,1145.22540642857,1262.24454285714,1323.98344285714,1084.30938428571,1038.07968714286,1064.02518428571,1192.14265785714,1203.40935857143,1057.10435142857,781.400156428572,845.72922,911.598951428571,903.119254285714,957.290041428571,967.27128,979.853315,967.44579,884.99299,854.29454,947.86879,981.970645714286,908.009575714286,716.885655714286,731.929604285715,785.00416,772.619778571429,791.2038,852.744428571429,735.915578571429,830.49975,838.9708,962.596085714286,836.165635714286,1175.68502142857,986.490128571429,992.94495,962.646907142857,1003.91826428571,945.8692,917.732378571429,898.363521428572,963.690621428572,990.735942857143,957.262242857143,923.282707142857,1100.38734285714,927.668985714286,831.085214285715,941.3071,944.841972142857,869.891237857143,768.494364285714,970.287112857143,938.576212857143,868.233924285714,686.225432857143,817.143407142857,831.729807142857,837.746285714286,772.484764285715,902.692564285715,928.052177142857,874.215128571429,892.377685714286,955.448652857143,794.011642857143,860.301675714286,932.659285714286,1057.77401571429,1141.70701571429,1217.8925,1168.98647857143,1102.42237857143,1105.23780714286,1249.26930714286,1285.68480714286,1238.05323571429,1209.15517142857,1163.70892142857,1056.69287857143,1230.71413571429,1254.47935714286,1101.51133571429,1119.24942857143,1098.41177857143,1131.03270714286,1023.18247142857,1104.42532857143,906.557235714286,935.114678571429,820.551828571429,854.687814285714,902.29145,851.60755,775.408014285714,969.65365,912.683407142857,852.8354,869.224235714286,1080.38132857143,1068.33817857143,1168.65485571429,1111.81283357143,1291.63017857143,1112.33796428571,1073.57282857143,1006.21259285714,1047.21684428571,1171.15387142857,1049.99433142857,977.226778571429,955.064807142858,969.927864285715,1044.00181428571,1094.75071428571,1196.22035714286,1140.84238571429,1153.23574428571,1116.58535928571,1036.18310785714,1196.01642142857,1348.12680714286,1312.42441428571,1373.85082142857,1392.60124285714,1433.07406428571,1247.63402857143,1357.66131,1443.67898142857,1409.03948142857,1262.45593142857,1163.71552428571,1107.49940714286,1102.73744,1029.98896785714,959.303778571429,1006.91362857143,991.104484,1019.23689114286,1109.45790714286,1204.63172857143,1210.97192857143,1367.68082857143,1255.49952857143,1248.29588428571,1277.82990428571,1256.26883285714,1198.96689142857,1132.70189571429,935.223422142857,788.445347142857,811.71776,886.857258571429,981.637208571429,1041.24690857143,1194.10940142857,1147.97675142857,1125.96439571429,1098.97687142857,1236.69230857143,1188.77705857143,1200.38690857143,981.17755,928.95261,990.133052857143,1068.93072857143,958.529528571429,983.177978571429,928.745458571429,955.531948571429,1005.32289142857,1010.61536428571,1128.51242428571,1108.65107428571,1133.73648928571,963.48145,1069.1326,977.440821428572,1020.5994,1152.01106428571,1165.46165714286,1220.83254285714,1096.95287857143,1174.97282857143,1272.50410714286,1312.60584928571,1241.60787142857,1268.73975,1158.64200714286,1340.61722142857,1265.10995,1012.79482142857,1210.92527142857,1202.18027142857,1145.07283714286,1154.60715857143,1157.86200428571,1105.47242142857,1110.19759714286,840.130784285714,1023.99905142857,995.840834285714,1102.66261714286,649.443536428572,929.132291428572,1019.68452571429,1016.00689714286,1159.26462285714,1196.6118,1342.30179142857,1251.82945,1318.9782,1380.63135,1222.24975,1087.61555714286,1128.86419285714,1062.07283285714,1050.8669,1150.11160714286,1004.84814285714,884.418514285715,976.895308571429,1115.67617857143,1128.38562857143,1215.78117857143,1150.31412857143,974.596628571429,844.362378571429,900.628887142857,960.325737142857,923.980814285714,840.374692142857,904.349598571429,813.049942857143,1196.39502857143,975.059785714286,984.324242857143,809.679092857143,1011.28096428571,925.767541428572,751.166607142857,847.641863571429,782.232767142857,748.971731428572,688.668746428571,923.492831428572,889.324839285714,853.713142857143,933.230072857143,860.833094285714,913.496597142857,773.099514285714,1003.39712714286,1016.22081,1081.01324428571,1074.17127857143,1125.78822857143,1102.48744142857,1078.64563142857,1186.41338428571,1158.49857428571,1151.11655857143,1269.01400714286,1177.43729571429,1176.01523857143,1205.30828857143,1118.44632571429,1057.78896857143,982.513938571429,1041.65429957143,918.528149571429,688.108121428572,764.012142857143,695.246128571429,1053.29153571429,926.504185714286,865.297003571429,941.290614285715,1014.84997857143,919.067421428572,852.041228571429,1057.88151,1061.38442428571,1076.06935285714,1092.58992571429,954.701952857143,1077.92381785714,1142.51734285714,1306.6304,1329.94179428571,1279.16526142857,1266.32903714286,1228.21131714286,1118.34784714286,1158.95228714286,1070.20002428571,1147.09772428571,1062.14713285714,1150.67795714286,1195.05580857143,1207.24024857143,1182.71131285714,1351.74950428571,1496.46202071429,1404.74811142857,1446.24920714286,1364.86448571429,1196.15075285714,1105.00434714286,1144.15894714286,941.777212857143,1249.22512214286,1354.88285571429,1375.22583142857,1325.77078,1246.94537714286,1323.16404142857,1207.01629285714,1106.41459285714,1148.20852428571,1108.62008,1068.38917428571,1126.37769142857,1080.85940714286,1193.56454571429,1249.96664571429,1238.36369,1177.50870571429,1089.90522857143,1203.65017142857,1163.54596928571,1199.80471928571,1223.37195928571,1398.44855428571,1270.29440428571,1023.78875428571,826.859064285714,824.885388571429,930.503985714286,1059.16669,982.197832857143,975.42848,988.911878571429,1044.58024285714,1152.18611571429,1052.31261857143,1000.85340714286,1065.28352142857,1124.62773571429,1056.05876428571,1076.56271571429,1137.74923571429,1081.23665,1050.32135,883.265978571429,917.30175,888.935057142857,910.908778571429,943.751278571429,1041.40877857143,1011.59747142857,989.4458,1130.1571,1255.39429285714,1170.14125857143,1180.83738928571,1213.45796942857,1179.63566942857,1328.30411942857,1234.01488285714,1270.57439142857,1417.34169142857,1389.42007857143,1398.02917857143,1496.52172857143,1534.59974557143,1562.01727214286,1455.69666285714,1304.21486714286,1306.72811714286,1594.06324285714,1594.52100485714,1583.16495485714,1084.01055142857,1098.50926285714,1101.55947428571,1064.01342428571,1095.96087428571,1223.29866,1172.60216,1019.55143071429,1078.94424571429,1087.61336714286,1088.1466605,1231.2425705,1199.12208,1235.79847857143,1293.23743571429,1428.08563571429,1433.60311,1415.80574857143,1429.50755285714,1461.53352857143,1346.23257285714,1423.04212428571,1422.29439285714,1375.16737357143,1489.75713571429,1462.76619285714,1356.1935,1242.81135,1303.65567142857,1362.47802142857,1210.07886,1075.67708571429,1038.78225714286,1099.89075714286,1127.04906357143,1135.431785,1208.80391357143,962.785707142858,1030.24074285714,1346.56659285714,1300.96636428571,1206.54497857143,1205.26217142857,1217.41997142857,1147.40085642857,1184.66909142857,1313.27312142857,1230.21947142857,1291.4694,1276.56355,1138.35335,1117.68225714286,1083.30085,987.987328571429,930.804178571429,922.748871428572,968.642721428572,1009.94267142857,930.999342857143,906.673692857143,790.725716428572,879.889128571429,976.458192857143,1055.43651428571,1087.89605,1086.1031,1018.29378571429,1100.42093571429,1144.43518142857,1247.07453,1201.85642857143,1118.12642142857,1061.10302142857,968.380285714286,980.269214285714,1096.8496,1110.31082142857,1054.95607857143,1019.91667857143,1147.17082857143,1132.04472142857,1112.97237142857,1154.81307142857,826.929485714286,791.224851428572,817.706071428572,838.498301428572,716.453338571429,643.349492857143,605.772097142857,695.178967142857,682.487682857143,665.336742857143,702.598092857143,844.53,1052.24940714286,1038.69380142857,1050.01265571429,1038.20060571429,1016.62903857143,1154.92419571429,1173.50789571429,1151.24569071429,1164.11513871429,1280.24263871429,1114.55416285714,1033.07684142857,1206.38945142857,1314.2209,1263.70997571429,1013.04454285714,1008.88887,1142.10107714286,1104.79345714286,1069.9931,964.344964285715,1091.16875,791.243778571429,826.214121428572,704.5315,965.849663,1044.70672142857,954.168235714286,905.828028571429,953.678764285715,979.429701428572,998.32755,848.428724285714,1046.07647142857,1136.56143714286,1203.19091142857,1297.65869428571,1369.41245714286,1242.9226,1273.19335,1279.37395,1191.23275,1125.88015928571,1127.16169428571,1299.97852571429,1213.66084285714,1157.86065571429,1109.51964857143,1159.19497857143,1096.72036428571,1131.86551,1179.73388857143,1335.07988285714,1340.64128285714,1296.48667714286,1324.85536714286,1333.22667471429,1097.82745,986.406654285714,1044.32938571429,978.62783,1055.49960285714,1109.00950571429,1030.38338857143,1090.28513285714,1069.27358285714,990.053843571429,880.392986428572,945.666492857143,1039.92214285714,1115.50252142857,977.048692857143,1014.0239,883.4177,905.3057,870.52495,870.569664285714,872.040214285714,740.819278571429,739.115878571429,722.584228571429,958.986778571429,1086.07921428571,1073.50576428571,1156.45885714286,1169.84721428571,1269.2188,1385.36645714286,1231.95506428571,1386.23162857143,1381.39317571429,1235.97394857143,1269.92102428571,915.019761428572,872.486735,904.045451428571,1036.30239285714,986.43361,832.33021,1338.34876,1389.20844142857,1390.73634142857,1312.23774142857,1316.32479142857,1217.17268428571,1208.40248428571,1212.81163428571,1188.90503714286,875.800612857143,895.875212857143,1000.25686571429,1041.74676,1108.69275714286,1025.14125714286,1106.16250714286,1076.78205,1070.91024285714,972.517077857143,1115.97962142857,1146.79852142857,1040.67392142857,899.836635714286,868.148892857143,845.209328571429,820.18004,786.79559,844.35894,813.745624285714,833.32838,886.744471428572,935.411378571429,969.436257142858,986.878964285715,913.970910714286,894.410010714286,896.896149285715,933.564224285715,826.478324285715,803.025464285715,789.331414285715,924.415814285715,950.211944285715,914.767844285715,791.608094285715,858.754794285715,824.617092857143,764.591713571429,741.013738571429,853.183913571429,820.718013571429,927.969468571429,860.612254285715,788.286402857143,999.914343571429,1034.285415,1000.484115,997.611165000001,936.322722142858,932.568807142858,994.823264285715,1043.78011428571,929.368557142858,1030.26925714286,992.144612142858,865.564121428572,803.565607142858,764.350035714286,885.440357142857,798.415805714286,681.922264285715,732.348764285715,620.332864285715,695.403475,727.381703571429,811.174978571429,680.087978571429,626.183778571429,731.773623571429,681.706172142857,917.707428571429,1121.93345714286,1094.88547142857,1019.64694285714,991.658114285715,1146.81365,1114.98971214286,1017.56393571429,1015.44641428571,1009.89492142857,1057.84759285714,972.843035714286,1007.37212642857,1251.15489571429,878.041821428572,1024.23488857143,1092.55178285714,1101.93709285714,1106.54122571429,938.732984285715,1107.72611857143,1065.83017714286,1059.78785142857,1146.03507428571,1178.43297,1170.54715,1145.72750428571,1175.04347571429,1073.73502285714,1052.22207285714,1153.51872142857,1358.20331428571,1187.31731428571,1201.10131428571,1231.21500428571,1043.19729285714,1114.46700285714,1086.05109814286,1172.02084571429,1223.08169571429,1256.88933,1139.44028,1142.00358,1114.91313,1098.54127857143,949.2114,929.996164285714,987.442014285714,1310.15155,1279.82235714286,1209.89435,1063.56165,1145.79090714286,973.331157142857,969.324707142858,973.9138,1188.78787142857,1215.67337714286,1084.57844214286,1013.84851142857,1005.59612928571,871.077822142857,868.429215714286,830.532019285714,828.691862142857,859.68634,964.684121428572,972.419342857143,793.06245,741.490864285715,812.702672857143,946.58615,970.2653,1058.09486142857,1088.59232142857,1011.06119285714,1041.17972142857,1179.06032857143,1010.56325714286,1032.94709285714,986.403992857143,1024.69629285714,1168.16320714286,1297.14605,1317.53886285714,1334.37733428571,1333.93823742857,1297.59298742857,1105.06760785714,1208.49609785714,1228.87084285714,1248.50125857143,1219.55495857143,1135.65926,1093.37141714286,1143.86534357143,1309.92457428571,1275.22904714286,1227.36949428571,1251.90157428571,1340.78186428571,1210.60326428571,1383.80063714286,1170.17086142857,1159.11389714286,1027.67367571429,1212.89040714286,1170.49264571429,992.68085,1035.2775,1188.35435571429,1266.05619285714,1334.51369285714,1411.15742142857,1001.29338571429,1136.78703571429,1080.58777142857,1009.78807214286,1042.77167714286,855.415187142857,962.283137142857,828.638592857143,656.976824285714,924.160537142857,1123.44444571429,1122.59777814286,1044.58378642857,1054.20492285714,1036.80378285714,1108.99998285714,1037.42173571429,989.707752857143,1059.16743857143,888.492854285715,1013.75641142857,1100.29141142857,1060.69182428571,1016.88050428571,1100.18060428571,1074.13776714286,1029.03726571429,1135.61705,1088.64249285714,913.258038571429,784.643558571429,836.048677142857,817.690697142857,775.192138571429,869.492764285714,898.756144285714,834.6958,861.733164285714,873.657801428571,922.801417142857,1038.11539285714,976.254492857143,891.524794285714,901.6339,872.651051428571,859.139001428571,822.808801428571,857.88185,809.168077142857,912.060015714286,718.475955714286,861.389664285715,1054.18526428571,986.294208571429,1029.03043571429,900.792864285715,913.884035714286,948.082307142857,1149.03649571429,1148.25884571429,1240.49639571429,1267.70527514286,1324.42602514286,1344.99374571429,1297.942722,1189.24129285714,1248.61976,1145.23116,1155.03006428571,1323.67849285714,1233.33375,1269.01924285714,1087.36484785714,1031.77392857143,1136.44407857143,1183.48582857143,1153.67382142857,996.690271428572,1138.07427142857,1109.99727857143,996.577871428572,1098.75822142857,1105.95783571429,1095.16560714286,1009.13415714286,1093.19692142857,1118.49080714286,1018.14025,1063.96774285714,1251.04236428571,1310.10958285714,1342.11386142857,1294.64371571429,1276.13587428571,1187.82942571429,1306.23027571429,1284.23478,1261.37035,1189.75776428571,1244.26905571429,1264.58280285714,1076.39104285714,1083.69950714286,1023.85240714286,1088.42713571429,1236.14523142857,1371.81006142857,1352.68582142857,1281.80997142857,1321.85615142857,1430.04815428571,1380.07658857143,1280.20853428571,1324.96012857143,1134.08634,1164.85107285714,1083.87592,1191.29997,1242.997051,1246.03082,1048.44007,1006.53952857143,1078.83537857143,1138.14172857143,1079.20205,1093.78441571429,1067.28772,1081.70363285714,1038.85024571429,1036.10048142857,1290.03414428571,1306.85132142857,1340.87551714286,1334.07651714286,1347.936415,1262.55538571429,1247.9261,1180.87248571429,1247.08741428571,1185.15147285714,1194.98348428571,1265.8986,990.8386,1100.81105714286,1031.10370714286,1086.87682857143,1087.70453571429,1044.16752571429,1482.99745857143,1419.44478357143,1310.22895,1194.09947142857,1017.37976428571,1053.12311428571,879.421864285714,878.598692857143,990.830664285715,1074.57125,1165.524,1168.5879,1165.16657857143,1044.09720714286,1083.61070714286,979.925407142858,906.965442857143,1139.79405,1030.5805,1015.11277142857,953.237189285715,788.373489285715,703.817192857143,681.50925,694.980757142858,701.558528571429,723.464528571429,700.349683571429,674.020405000001,611.400455000001,646.295600000001,669.932935714286,663.813257142858,749.972037142858,736.609471428572,636.633135714286,687.889907142858,721.829078571429,756.741135714286,898.380571428572,983.901135714286,826.861075714286,811.214114285714,850.832735714286,970.69135,1062.91955714286,947.280807142857,969.87105,1002.51522285714,999.276831428571,983.978808571429,977.660212857143,1034.93537285714,1091.90133285714,996.886397142857,1017.26028814286,1087.71340142857,1018.76080142857,1089.377725,915.458802142857,847.048572857143,854.0489,888.798862857143,763.613012857143,818.394842857143,845.977422857143,791.793214285714,777.778535714286,970.954735714286,814.35849,863.251992857143,817.576642857143,875.287142857143,644.841867142857,499.648922857143,628.779907428571,820.799737142857,766.594587142857,695.286911428571,873.094334285714,971.873594285714,1030.21131142857,1110.35006142857,1023.35538857143,908.559051428571,862.19363,897.67308,919.24828,937.80978,1081.23143,921.099102857143,1069.47245285714,1125.02722714286,994.356875714286,1175.03935714286,1111.23744857143,1085.88864571429,1029.65568428571,1061.07359571429,1112.64894,1184.67565142857,1116.39111428571,1096.89549428571,1099.85604428571,895.148214285715,953.107085714286,958.068142857143,984.763128571429,1079.02081428571,1071.23613571429,971.768615714286,995.240857142857,1067.17372857143,1131.63638571429,1081.43212857143,1033.14390714286,1016.56596857143,919.593567142857,862.289675714286,897.487531428572,793.529819285715,755.6336,852.161025714286,1020.35017142857,1006.94371642857,1153.94990142857,1077.31899571429,1022.12824428571,989.329254285714,899.689437142857,981.604268571429,1042.53397857143,1126.70381857143,1102.13374285714,1039.21489285714,1079.59927428571,1059.50339285714,1217.01655714286,1173.43330714286,1091.07197142857,1011.94577142857,939.77405,919.434957142857,907.721271428572,1003.18638142857,977.862517,909.849067,826.699717,975.321041428571,1007.60713142857,875.606081428571,847.284391428572,967.876001428572,951.954668571429,994.88117,1057.97554571429,1031.59219571429,900.716130714286,909.275005714286,1005.91649571429,1017.72319571429,963.621345714286,1164.65884571429,1076.03194571429,1211.92609571429,1089.44314571429,980.684601428571,1001.57750142857,980.007051428572,930.219402857143,1037.94405285714,975.141752857143,1045.08960285714,1044.07195,1137.19650714286,1097.99503571429,1117.40195,1225.25232142857,969.3257,901.548799285715,1054.94695714286,937.607042857143,988.432478571429,1094.55340714286,1017.34626428571,1111.62816428571,968.252207142858,1031.08900714286,945.264478571429,934.373827142857,938.951407142857,948.069407142858,994.459607142858,1055.68107857143,975.586178571429,852.214722142858,929.723985714286,954.068985714286,989.436221428572,966.732114285715,817.511671428572,872.972285714286,768.203728571429,784.079585714286,872.891121428572,891.77055,813.6816,816.400135714286,700.224989285715,600.434868571429,585.143021428572,708.987434285715,670.251649285715,714.215161571429,726.112478571429,740.924702142858,923.961235714286,848.590642857143,839.790292857143,794.564328571429,833.394103571429,839.872917857143,899.175991428571,888.346025714286,1029.52369714286,920.7099,980.048222857143,884.884292857143,848.07308,905.297613571429,900.368898571429,899.732967142857,750.560488285714,741.128588285714,847.606114285714,742.700314285714,666.757114285714,599.804014285714,919.479764285714,936.036278571429,1080.68149285714,1061.3635,1047.773455,1083.52341428571,1133.72091428571,1069.51775857143,1018.77714521429,993.836791428572,978.01893,907.65057,1061.09230714286,1045.42731642857,1145.80338571429,1059.12721857143,992.720014285714,1035.92930714286,860.605621428572,813.414942857143,761.391257142857,929.9796,899.728548571429,965.581577142857,992.325741428572,972.295097142857,932.702975714286,969.983755714286,863.241955714286,772.320805714286,909.149068571429,896.832535714286,739.5742,760.857099285715,808.095937142857,861.01068,898.492436428572,884.827164285715,907.562814285715,943.255607142858,912.298452142858,1112.48088785714,937.228030000001,989.321801428572,956.138216428572,824.220557142858,772.588921428572,781.227371428572,805.462971428572,795.588764285715,790.878035714286,750.685835714286,761.097245714286,947.032303571429,1080.74464014286,1197.81810714286,1073.81424928571,1218.78967071429,1141.07287071429,1217.85767785714,1140.31314214286,1176.72056428571,1287.64212142857,1365.61525,1488.90915,1271.71695,1184.10198571429,1243.18821428571,1200.92575928571,1245.28146071429,1333.83498571429,1424.58858571429,1249.10491642857,1376.52033857143,1273.99464571429,1196.63676857143,1308.91228571429,1304.99666714286,1220.29886571429,1332.27786714286,1432.29471714286,1182.05574071429,1397.84343285714,1237.58329142857,1391.50181571429,1395.64883857143,1369.94548857143,1236.15103857143,1201.58698857143,1322.20430571429,1399.07280571429,1389.24765571429,1372.61635,1325.35198571429,1240.01218571429,1127.07593571429,1155.52967,1195.79924285714,1198.24609285714,1255.79505,1285.53900714286,1217.23728571429,1178.05258571429,1171.24172857143,1154.62794285714,1239.41438857143,1135.22888571429,1143.94402857143,1170.43123571429,1075.20746428571,959.108978571429,944.741342857143,906.480992857143,981.633342857143,1003.38457142857,988.580921428572,885.312607142857,939.635728571429,852.434714285715,1114.43438571429,1143.21463071429,1154.59149285714,1072.33894714286,1060.74264714286,1082.07753571429,1238.57268571429,1165.03202142857,1306.77126428571,1279.64021428571,1083.86499928571,1142.18896428571,1238.80621428571,1224.50982142857,1393.13723571429,1053.18476428571,998.787878571429,832.675611428572,859.612397142857,864.36434,749.475425714286,713.234978571429,667.486321428572,772.261,705.52634,724.572171428572,767.2447,800.564714285715,846.212764285715,795.673331428572,741.268471428572,764.364571428572,881.692178571429,632.641371428572,788.108751428572,944.965884285714,983.129531428571,942.619271571429,873.223398571429,1001.75365571429,979.472162857143,1018.52874285714,1123.99653571429,1062.13975714286,1079.64232857143,1197.57461285714,1145.69908785714,1179.53453857143,1205.95312857143,1183.70197857143,1144.42912857143,1051.53987857143,1179.32892357143,898.487458571429,826.197985714286,818.782935714286,844.054428571429,921.020621428572,996.393657142857,1042.15548428571,939.207378571429,877.928542857143,946.434271428572,964.33425,937.388687142857,698.901255,666.331412142857,677.75155,671.18816,660.08741,639.042458571429,768.368578571429,776.88425,741.64419,764.282438571429,852.286938571429,852.638512857143,868.582515714286,1022.16063285714,965.993735714286,810.715685714286,817.609502857143,888.100728571429,1061.36552857143,989.954675714286,1080.60158571429,916.845321428571,885.165335714286,982.891085714286,1078.06862142857,1135.51810714286,917.985378571429,1134.75812857143,1159.62414285714,1189.98557142857,1209.26117142857,1147.81689642857,1123.56707142857,1224.49342142857,1225.92990714286,1199.41050714286,1162.10017857143,1052.04044285714,1027.70449285714,931.169757142858,1012.15605714286,994.982428571429,1216.62783571429,1114.17822142857,1094.60172142857,1124.81812142857,1275.98332142857,1383.49031428571,1161.12096428571,1115.03868428571,1215.02341428571,1185.44212214286,966.104086428572,956.774407142857,839.073721428572,620.545271428572,773.610721428572,883.252821428572,996.647213571429,1068.48538571429,1038.22846428571,1073.61751428571,1047.10335,1108.99285,1121.12347142857,1033.44819285714,1051.08250714286,1047.73824285714,978.333121428572,971.679292857143,1017.16184285714,1018.95314285714,1048.47759035714,973.013602857143,1260.68986428571,1334.87181428571,1397.22593571429,1193.25219571429,1372.7402,1323.5177,1217.34524285714,1166.45465285714,983.069497142857,1167.49068571429,1088.08008571429,1094.15582142857,1052.46316071429,1187.0062,1012.3858,1008.70054285714,978.342871428572,1236.66213642857,1112.66545142857,1185.99145142857,1501.95290142857,1395.15527142857,1231.84989571429,1304.57089571429,1203.93762142857,1062.08844285714,1004.49125428571,1012.79997285714,1025.16115142857,1192.83280285714,1234.86494142857,1334.18172714286,1209.10093,1076.61705571429,1106.17592214286,896.567824285714,940.461377142857,877.04978,1001.78791857143,1020.43157714286,957.297914285714,1254.12599142857,1328.65394142857,1419.97049142857,1453.36454142857,1428.69809142857,1341.01586428571,1199.36424,1072.16282857143,1056.44285,1062.81951428571,1179.06791428571,1252.09585128571,1263.7396,1282.55845,1137.52371571429,961.931615714286,992.082121428571,1134.63567142857,1062.64236428571,862.344482142857,1069.63998571429,1015.263305,1008.07507428571,799.47956,801.807387142857,845.912014285714,845.731972857143,1067.53296857143,1076.67389428571,1183.69667571429,1121.29680714286,1096.43145714286,1364.00836857143,1293.48410428571,1215.96467857143,1381.35077,1440.33051428571,1422.82109571429,1196.64828,1135.88974857143,1292.63019857143,1113.44631,1187.51209714286,1374.92481714286,1225.29264428571,1228.85137142857,1205.04629857143,1102.999,1058.70869428571,1217.77834285714,1099.13604285714,1085.39061428571,1070.90209642857,933.570482857143,883.606897857143,915.48116,923.911338571429,996.152223571429,518.974728571429,621.477807142857,621.299857142857,865.781402857143,888.003384285714,795.719422857143,842.796011428572,848.979602857143,886.928281428572,952.737684285714,1108.17974571429,869.910454285714,877.08171,919.443345,808.189145,825.116955714286,836.892017142857,795.485795714286,818.025414285714,724.895807142857,690.151502857143,689.622354285714,606.50854,516.661392857143,546.134724714286,586.05805,614.3621,679.564208571429,590.807877142857,697.220307142857,615.428807142857,563.269737142857,595.251501428571,515.107251428571,539.25359,409.692331428572,569.070785714286,588.231671428572,653.422035714286,708.799371428572,790.704107142858,739.765185714286,703.777814285714,756.649514285714,686.554671428572,654.283042857143,563.683521428572,630.213792857143,498.177880714286,545.035047857143,417.190042857143,594.511642857143,827.231021428572,740.093071428572,763.469721428572,865.855621428572,851.262271428572,843.873571428572,859.531771428572,772.285371428572,821.676071428572,945.199392857143,986.743114285715,1086.57096428571,1173.27379285714,1147.61024714286,1113.73911857143,1209.50731428571,1173.83092857143,1082.49548571429,1029.33506428571,946.5927,1189.12845,1158.80513428571,1092.98908428571,1287.32402828571,1241.25087828571,1045.61659142857,1064.07718428571,896.108797142857,1034.54049714286,1086.32795285714,893.28218,863.820137142857,848.762391428572,919.577445714286,1135.69741571429,1105.77193857143,881.301471428572,891.469780714286,749.857007857143,932.06793,932.941987142858,821.738592857143,857.589857142858,675.382138571429,690.632020714286,634.9008,877.393875,930.958971428572,830.191066571429,837.231128571429,947.629419285715,996.236035714286,974.259735714286,1220.35379285714,1174.11791428571,1050.31407142857,1109.47236428571,1260.56421428571,1314.63808571429,1252.57573571429,1250.55268571429,1102.73141428571,963.731407142857,1062.71872857143,987.206747142857,1004.78258571429,1094.55635714286,1115.19659285714,1041.55395,964.790092857143,992.448885714286,1120.35178571429,1262.83737142857,1091.36107142857,1189.60807857143,1183.90703571429,1185.76504571429,1217.93668142857,1311.57092142857,1341.41557142857,1280.64599285714,1432.05792142857,1335.94252142857,1268.52091714286,1489.04913,1429.56563285714,1290.48889428571,1312.19710285714,1294.16563857143,1227.36270714286,1375.45897142857,1360.07169285714,1391.77339285714,1405.70442428571,1353.58275,1401.50828,1468.69087357143,1432.99951214286,1447.11692,1514.39122714286,1389.13460428571,1341.31660285714,1293.95667,1264.07696285714,1088.45849857143,1007.15092357143,926.344928571429,1192.32372857143,1355.59301,1258.84150571429,1168.13507,1203.16151142857,1167.44332357143,1301.19887857143,1084.49886428571,1057.71355285714,981.341649,904.894549,841.548254285714,871.86387,874.13939,813.588007142857,775.726617142857,761.822999,718.162020857143,822.284727857143,944.090782142857,1023.51766571429,1109.83100857143,885.061621428572,1053.30504285714,912.432942857143,886.568742857143,920.92515,826.576424285715,1079.01737142857,872.465811428572,1073.09004071429,1067.71919928571,1046.67524642857,943.36945,1172.51006428571,1125.22396714286,1253.21197285714,1113.46104285714,1121.25063571429,1220.68135714286,1212.64808428571,1161.54140428571,1184.90857142857,1244.38197142857,1027.63310714286,1121.88523571429,1119.76007857143,1249.54806428571,1206.23950714286,1273.8878,1218.45367142857,1173.58190714286,1027.74497714286,1124.61507142857,1119.34438142857,1063.92667571429,977.183571428572,1078.07744428571,978.696294285714,1113.79439428571,1046.05116428571,962.542454285714,945.910977142857,916.747645714286,964.899448571429,928.320293571429,800.784065714286,819.104414285714,894.6954,883.5696,1030.58134142857,995.125842857143,1070.07538128571,1055.93185142857,868.870358714286,880.932608714286,931.476815714286,945.70809,897.89584,859.652612857143,861.805212857143,873.240825,854.663982142857,810.368619285714,827.817345,787.047752142857,814.542645,968.5173,931.672885714286,864.99085,787.158635714286,748.795478571429,478.8178,665.126984285715,688.631062857143,808.032614285715,1017.67354142857,1017.69945857143,1007.66513857143,974.18003,878.079712857143,793.694770714286,780.523621428572,806.98532,887.857519857143,809.287519857143,839.981033085714,833.668541428571,697.396644714286,694.584211428572,851.232809142857,937.705984285715,986.774121428572,1057.91022142857,902.603518571429,933.155204285714,970.199961428571,981.250384285714,958.875312857143,914.507135714286,965.019654285714,870.391661428572,750.148444285715,897.390035714286,973.159178571429,984.503635714286,1055.21335714286,1047.63550857143,1118.24704142857,1294.60852714286,1114.93127714286,1182.43115714286,1286.08460714286,1411.89855714286,1278.97635714286,1224.33117857143,1326.59397857143,1389.77083571429,1137.48109285714,1082.0401,1159.29393571429,1103.31281428571,1192.22047142857,1172.06254142857,945.191915714286,1163.95527428571,819.998008571428,981.511198571429,1069.90960857143,1194.72189857143,1292.92634857143,1398.27782285714,1573.93697285714,1544.23762285714,1724.49711,1486.07490285714,1398.83459428571,1295.38079142857,1155.63958428571,1123.13796142857,1177.56029714286,977.291285714286,974.179354285714,1066.79109285714,971.939892857143,860.050842857143,905.652435714286,1016.66338571429,899.24355,803.052571428572,682.103521428572,568.197521428572,656.430771428572,671.643378571429,591.848328571429,669.217121428572,754.125657142857,731.795757142857,802.532032142857,691.211467142857,882.999985714286,811.526942857143,904.680892857143,891.395392857143,872.789112857143,803.873685714286,1161.78147785714,1200.68853714286,1075.52505714286,1147.10388,1076.79273,1104.01979142857,992.579805714286,1025.31967642857,921.383026428571,1020.75428785714,1176.67482357143,1142.11428071429,1084.58810785714,1048.76498,1100.483795,970.213552142857,959.720425,1020.02816071429,1066.91056571429,1152.78288571429,1097.72082857143,981.938834285714,854.618021428572,852.964551428572,795.284836428572,869.172228571429,894.757457857143,925.856242857143,808.730542857143,758.03765,1014.53459285714,853.183107142857,916.092592857143,1141.80449285714,1191.86083571429,1081.24026428571,1088.2466,1092.65058428571,1130.81724428571,1122.19285857143,1125.75243285714,1138.12778428571,1015.66059571429,1144.67890571429,1231.30944428571,1003.47564428571,960.891437071429,1162.61675571429,934.624365714286,843.056098571429,1283.25981857143,1105.57682428571,1177.59607,1107.00893571429,1011.21705714286,949.14844,1138.81732142857,1152.51747142857,1205.78855714286,1123.03510714286,1090.18342142857,1084.97494142857,1191.82676428571,1206.09521428571,1060.08487857143,1144.44538714286,968.647591428572,992.404787857143,982.905665,1023.81780214286,874.079452142857,885.208052142857,800.058809285714,941.335459285714,869.934530714286,856.709742857143,781.394742857143,762.5716,930.925142857143,1005.33337857143,1068.60996857143,1137.05806857143,1008.00279,1117.82274428571,1170.41376142857,1146.78114285714,955.458235714286,929.87785,1063.88994285714,1048.51030428571,1018.38494,1042.29454142857,1072.5023,864.435754285714,787.683937142857,747.40628,863.293507428572,908.195114285714,990.960087142857,1167.58612285714,1354.54111485714,1403.18389,1368.94329,1310.56924,1560.72073285714,1733.98994142857,1482.34279285714,1564.22745714286,1607.52120714286,1637.63745714286,1566.85886857143,1256.28599142857,1108.76934285714,1158.74819285714,1064.42159285714,978.469692857143,1033.39719285714,893.8872,1019.3314,936.65755,983.015615714286,1131.83080571429,938.218225714286,890.305882857143,1004.59774428571,1023.76188,1063.99934857143,967.054367142857,800.03748,682.713632142857,625.094554285715,742.014664285715,616.975578571429,970.132537142857,911.871634285714,835.684877857143,866.349377857143,1018.60043,1004.90633,1132.10618,1107.19993,1042.36798285714,1105.89008285714,1250.08084571429,1013.28036857143,1025.64474285714,1108.89330642857,1206.94144142857,1029.46610714286,1071.54503714286,1035.08338714286,1128.41672714286,1109.66797214286,1057.84533214286,873.311252142857,814.628577857143,835.304606428571,756.549747857143,684.182105714286,678.002185714286,783.005198571429,888.95631,874.59205,866.007971428572,1013.72527142857,1082.948255,1269.58269071429,1256.46466285714,1313.38977857143,1315.40294357143,1283.42628,1347.51051,1378.72272142857,1350.33102142857,1299.15812428571,1227.26903571429,1121.74117357143,1217.87205571429,1119.44018928571,1121.93645571429,1097.49037,1239.32947428571,1220.98861714286,1068.51287142857,907.820528571429,1119.79168571429,1049.42863571429,1124.01049142857,1049.46339285714,1107.63339285714,1096.60196142857,1088.14321142857,1243.46789571429,1244.45489571429,1239.38729285714,1185.70499142857,1102.11218,1279.27987857143,1247.82863428571,1313.70200571429,1147.9069,1107.72510714286,1228.45640714286,1207.45170714286,987.813271428572,1016.9882,1055.55378571429,1120.67752142857,971.614885714286,1097.24046428571,932.327814285715,775.528435714286,746.211678571429,856.665728571429,887.444135714286,919.244292857143,799.115242857143,929.676185714286,1023.0179,1054.05823571429,955.374228571429,1029.87255285714,1069.23748428571,1141.15618285714,1176.88890142857,1212.883368,990.863992142857,988.149292142857,864.657042142857,848.612197142857,881.989097142857,946.097048571429,986.883452857143,990.697217142857,1026.26713714286,1072.50830428571,809.350404285714,794.543568571429,764.336518571429,794.949345714286,670.342885714286,639.461335714286,655.883628571429,853.7638,758.035971428572,957.564542857143,919.162574285714,871.929907142857,764.739392142857,763.276342142857,782.993442857143,817.645712857143,770.858259285714,622.419261428571,646.256613571429,852.666186285714,870.243284285714,936.746651428572,1003.45690142857,921.528307142857,1084.53361714286,989.545032857143,1148.85003714286,936.327985714286,1019.72117857143,1088.34467857143,1067.68636428571,1019.63552857143,909.784078571429,756.014128571429,892.609228571429,909.328228571429,867.749378571429,648.668648571429,690.510178571429,740.467828571429,669.829557142858,749.588964285715,838.848935714286,781.711385714286,818.756050000001,800.844850000001,851.853178571429,979.532078571429,937.104028571429,926.159878571429,1173.95570714286,1147.97965142857,1129.00660857143,1244.42654285714,1338.46912857143,1408.04564285714,1167.30008571429,1242.40688571429,1116.68558571429,1041.58718571429,1158.0455,1312.56788571429,1214.46324142857,1283.71033042857,1199.85509142857,1086.81512285714,1127.72842571429,1037.83177142857,970.518971428572,970.215464285715,841.50325,747.794085714286,763.783678571429,861.533742857143,979.39255,990.233392857143,1016.2437,1047.9021,764.074399285714,1044.00702357143,1037.02438571429,1186.62094285714,1171.83626428571,1105.51841428571,1033.37400714286,709.898647142857,790.344128571429,1074.7676,1237.69087857143,1157.00903,1138.41687142857,1045.03843571429,987.769071428572,1071.75817142857,1050.27153571429,1013.72256428571,975.170635714286,955.789378571429,965.322271428572,1121.04312142857,926.227471428572,990.755514285715,907.651707142857,851.834692857143,765.658785714286,857.793410714286,929.285217857143,826.053764285715,1026.65591428571,955.276378571429,1024.69792142857,1003.35007142857,1087.27666428571,1112.67460428571,1175.82351928571,1173.21731428571,1076.93747142857,1108.97972714286,1097.35797714286,1031.72272714286,926.034585714286,1014.63562,1086.50354714286,952.692692857143,915.764628571429,973.121291428572,896.737485714286,876.996792857143,854.79251,799.894836428572,778.785307142857,643.52135,668.20165,541.079057142857,529.24365,561.810678571429,542.589235714286,758.404185714286,655.986114285715,635.273384285715,581.267677142858,592.755934285715,520.533334285715,535.123785714286,819.116914285715,799.746964285715,877.913359285715,923.873270000001,881.76707,717.327748571429,792.125442857143,731.293401428572,1011.57728571429,894.85456,887.376905714286,1040.78539142857,1002.07869142857,1009.12944,1098.39309,1186.76812,1061.65618728571,1151.61147271429,957.129697,995.579597857143,1054.83765714286,1145.55960714286,1198.99860714286,1105.62870714286,1109.30352571429,1112.92069714286,1162.55867571429,1196.99550285714,1202.04525285714,1098.50644714286,1145.29016428571,1201.22426428571,1177.39721428571,1056.94142857143,930.462828571429,966.444514285714,778.602912142857,927.41735,845.999792142857,824.320208571429,838.704570714286,865.050385714286,1172.60933142857,1197.58233571429,1317.03142142857,1194.33938571429,1086.38820285714,1067.53059285714,1025.67744285714,1010.61319285714,906.300564285715,926.58941,844.98951,857.37561,894.686785714286,906.636457142857,932.479307142857,1202.07494428571,1433.81624428571,1168.87710714286,1077.54429285714,1053.83507142857,851.351185714286,900.517435714286,1118.54487857143,1051.15803428571,1005.41733428571,1115.48199571429,1257.78224285714,1168.83010571429,869.807955714286,917.474852857143,942.050155,835.999178571429,789.766135714286,940.872192857143,811.903443571429,932.553343571429,1059.05039357143,1089.44347214286,1075.841515,1093.022665,1191.94059428571,1084.47472571429,1235.93583857143,1119.40182285714,1102.34022857143,1156.49801857143,1036.57394285714,816.178093,763.616458571429,885.048358571429,957.71077,1026.17121571429,895.048881428571,899.483192142857,950.871073571429,881.593170714286,781.714535,937.504340714286,1090.19834071429,1051.75949071429,1004.12168785714,764.993782857143,912.500512857143,862.853892857143,772.185624285714,981.976037142857,962.500305714286,750.585679285714,903.082974285714,964.156074285715,1037.01342142857,1187.63421285714,1021.40977714286,1039.51592357143,910.082268571429,1000.49461857143,837.664702857143,744.202497857143,723.569702857143,944.1275,1306.23758571429,1110.15524285714,1263.41704285714,1399.47071428571,1608.31471428571,1496.73527142857,1440.75812285714,1419.30123571429,1264.76910714286,1217.97039285714,1001.56804285714,992.720292857143,865.757502857143,1005.50275,931.7868,951.64045,856.532084285715,859.462148571429,1032.78776428571,1092.89917142857,1098.65742142857,1136.2105,1310.91997857143,1238.64479285714,1283.93347857143,1332.35861428571,1212.90222142857,1291.57051428571,1357.64842285714,1294.86426142857,1245.90961428571,1400.8605,1269.84360785714,1409.70249714286,1352.47349714286,1167.00831142857,1270.47881857143,1105.73548285714,1109.84115642857,1117.656035,1223.48438714286,1259.41952857143,1258.40940714286,1144.76117857143,1050.12647857143,975.571814285715,859.862064285714,727.988657142858,784.915307142857,852.058292857143,964.203164285714,1022.20851428571,1018.84783571429,1095.38595,929.036871428572,961.949656428572,964.4886,947.265178571429,892.410135714286,948.840257142857,1100.22928571429,1161.33300714286,1297.44458285714,1384.18181857143,1247.96576428571,1372.95736714286,1382.28437,1217.26148,1137.05099857143,1015.02804571429,1033.74687285714,1180.27352,1194.60112714286,1324.71379242857,1493.25118428571,1238.78081942857,1320.0642,1288.93957242857,1313.83849714286,1173.30546285714,1192.08051285714,1321.46353714286,1188.34253714286,1191.16300857143,916.149493571429,975.016966428572,1011.50083571429,930.297312857143,880.691012857143,790.480614285714,783.613814285714,764.681714285714,819.679964285714,876.251264285714,774.640201428571,653.685047142857,847.493421428571,942.957760142857,941.614040142857,767.221318714286,763.05225,689.450564285714,894.636981428572,976.524922857143,958.13083,916.30818,876.75333,930.71524,923.329931428571,972.404425714286,986.254210714286,826.959875714286,1042.34022571429,1106.28567571429,1110.47025857143,1166.50920857143,1164.09663571429,1005.17775714286,1056.75241814286,1149.29725,1190.43567857143,1105.83246857143,1059.46746857143,1065.72465,1199.56830142857,1199.57815857143,1102.07705714286,951.855951428572,1172.89820142857,1224.95346714286,1242.74349857143,1171.64420142857,1161.48579285714,1110.80522714286,1235.86140571429,1122.80619714286,1143.86571,1000.97109814286,1133.85104,926.04176,908.593754285714,920.27796,950.116161428572,1028.69389857143,1143.54094857143,1104.72357357143,973.393699285714,997.718874285714,859.889984285714,908.590208571429,1076.61350857143,870.120561428572,893.663888571429,831.673931428572,1134.90491857143,1235.00392571429,1307.27118857143,1164.71028857143,1069.86431714286,1020.33826714286,940.580464285715,1044.30286428571,1024.96925714286,820.368935714286,881.292071428572,870.557732857143,793.439082857143,778.268682857143,789.721234285714,880.818511428571,916.62775,854.4184,1164.16084285714,1027.34779285714,1092.26846428571,1179.48305,1171.64475714286,1065.56385714286,1175.59800714286,1336.43347142857,1192.77585428571,1152.01255428571,1216.30445,805.68246,983.895652857143,857.523598571429,768.786194285714,657.540567142857,997.534127142857,1067.42871285714,1127.53236,1013.07518714286,908.591177142857,1025.49207714286,920.8082,1065.5507,1024.82456428571,1043.18571428571,1145.81135714286,1129.86031428571,1085.61039285714,960.285757142857,891.963385714286,839.940092857143,891.875664285714,1074.9572,1111.75138714286,1312.20750785714,1288.40436642857,1177.22405857143,1188.51331857143,1022.82064,1124.87907857143,1186.51639,1170.20798,1328.07763,1331.95568,1363.96963,1245.92368,1188.76633,1242.87563,1164.60038,1062.193325,1081.49803857143,1033.60274357143,1245.12040857143,1121.53246985714,1194.53731985714,1102.31004857143,1269.95459857143,1205.35864857143,1270.67346428571,1133.55549285714,942.340571428572,922.769501428572,954.479764285714,1002.70547857143,872.464557142857,916.168764285714,1078.59843857143,1039.0174,1054.78795714286,1085.3187,1081.28540285714,836.8914,699.592428571429,843.642551428572,792.35528,1001.80901571429,1196.39952,1227.62565,1314.39221828571,1251.87737828571,1381.42889285714,1291.089799,1302.06672785714,1350.42826642857,1436.69937285714,1444.783954,1358.43087385714,1412.39901357143,1368.76408357143,1325.45769928571,1229.84728,1230.80448571429,1383.71191428571,1357.50328,1486.10491428571,1375.04081428571,1208.88311428571,1079.85875714286,1066.02036428571,1046.2194,994.279802857143,947.862092857143,939.289842857143,1000.93410285714,1114.85781142857,1135.86022428571,1155.77810428571,1226.14302,1306.63807857143,1284.79255428571,1189.88537428571,1261.44686428571,1065.22355,956.93515,922.922869285715,1071.84259285714,1180.83574285714,1196.28649285714,1249.84798571429,1240.20778571429,1253.82265714286,1153.03464285714,1183.05834285714,932.650292857143,972.858792857143,958.576031428571,966.634752857143,1152.29871142857,1254.62341142857,1195.06465857143,1146.20179285714,1141.71931928571,1236.77549071429,1076.99499785714,945.645979285715,820.138419285715,948.478669285714,908.29185,901.520084285714,1203.42508428571,1170.34065857143,1173.07848857143,1278.10114285714,1207.90227857143,1072.83017285714,1050.04063571429,1065.54020571429,986.566952857143,967.177945285714,832.173471,669.04235,598.39926,510.930985714286,631.119014285715,597.234614285715,627.042014285715,575.164707142858,575.615157142858,592.651342142858,688.547657142858,561.382264285715,639.139105714286,1096.42536285714,1360.61377642857,1381.66483428571,1235.37403428571,1245.95041428571,1238.30484142857,1292.42149142857,1321.77072142857,1369.93504,1382.95216714286,1335.82893,1432.81690714286,1400.36761714286,1502.68607714286,1436.94442714286,1366.90623571429,1298.69461714286,1427.38816714286,1565.40316714286,1579.14421714286,1516.54902285714,1415.76310785714,1560.92154071429,1436.08810571429,1183.90215571429,1274.05950571429,1270.60650571429,1370.45875571429,1410.22450571429,1490.83750571429,1292.32094,1135.21889,1250.74134,1309.86904,1362.73326428571,1257.68728714286,1085.24158714286,1262.85508714286,1206.94273714286,1209.36178714286,1065.33718714286,1085.27148714286,883.416437142857,966.94534,971.257414285715,961.722071428572,973.835155714286,947.883482857143,1103.67995714286,1108.1607,1014.96556428571,1109.13001428571,1043.81105071429,1004.87740071429,1111.33301428571,1061.78528714286,943.748071428572,1077.9393,1113.46462142857,948.414850000001,971.862457142858,1030.39533571429,1046.75517214286,1166.77730785714,1055.19987214286,1113.97010142857,1034.52178,1079.53936571429,1019.70959285714,1163.98436857143,1226.37143571429,1170.37532142857,1098.61297142857,1409.94406428571,1341.72262142857,1277.13823142857,1223.48847857143,1274.00847142857,1330.6533,1233.42443571429,1272.99118571429,1272.90643571429,1173.64083071429,958.008287857143,969.708064285715,1036.677,981.58605,963.994028571429,922.600341428572,851.350894285714,901.012518571429,1007.25341857143,970.012351428571,1047.77110857143,1064.60425857143,1097.25449285714,990.077414285715,1003.76420928571,964.698045,1257.8349,1315.40987857143,1432.82677857143,1298.78036285714,1405.78782857143,1312.07554142857,1359.77719285714,1232.56244285714,1151.70331071429,1092.58708571429,1161.99784285714,969.645185714286,1003.17108571429,1019.00148428571,1064.22321428571,1083.04092857143,1041.59657142857,1018.27296214286,998.759462142858,1048.37567857143,929.515878571429,1009.83317142857,1030.36669285714,1384.81428571429,1195.75661428571,1163.79488571429,1253.77943571429,1155.65941285714,1198.19861714286,1349.22591142857,1470.02970428571,1167.63175285714,1287.99149857143,1361.71802285714,1383.51902285714,1416.53883571429,1434.98611214286,1401.88565642857,1456.59727857143,1454.23800857143,1339.79312714286,1356.10313714286,1134.14029714286,1223.98543428571,1294.07241571429,1304.22102142857,1288.36742857143,1366.21995,1344.75600428571,1274.32448,1277.12378571429,1154.59530714286,1098.86882428571,1164.80904285714,924.336931428571,975.35921,1057.08051,1282.22221,921.751945,1104.48360714286,1010.42259214286,938.830848571429,1010.01613428571,1000.018115,988.884735714286,993.457728571429,966.155305714286,1123.96746857143,1068.68662714286,1129.18429857143,1287.19953485714,1176.13284,1201.33366,1214.51704285714,1210.18029285714,1129.69984285714,1193.34154285714,1191.34994285714,1282.49007857143,1257.64509285714,1209.95595,1492.47949714286,1206.28529285714,1492.74392857143,1300.79492857143,1258.95503857143,1383.79887857143,1283.70560714286,1204.12514714286,1213.36714142857,1472.59358428571,1315.72453857143,1279.33857142857,1073.25880714286,1035.84332857143,1125.89363571429,926.827101428572,1161.94104285714,1266.54657857143,1162.86526571429,1040.86956571429,778.131309285715,662.607630714286,1011.17462142857,1050.65961857143,1055.67796142857,873.798564285715,863.736414285715,747.634152857143,736.983109285714,772.971071428572,757.333821428572,634.865242857143,704.245242857143,815.813828571429,676.196064285714,816.105914285715,836.243778571429,872.093414285715,876.038328571429,879.982685714286,941.798513571429,965.363385714286,956.954935714286,956.390335714286,1026.77475,854.042842857143,654.447691428571,748.806077142857,773.490494285714,829.204880714286,798.80674,946.880717142857,865.79818,804.636242857143,852.254012857143,844.857595714286,862.589064285714,861.815004285714,942.33341,1301.62490285714,1164.17728714286,1290.37439,1041.62710714286,926.97318,817.649757142858,910.849357142857,743.9307,803.115985,852.738235714286,864.563935714286,734.684402142858,643.531864285715,699.320985714286,635.526735714286,675.370864285715,714.016328571429,910.796535714286,910.469035714286,960.3135,1026.0962,1036.08176428571,880.765614285715,902.894364285715,929.837564285715,880.341971428572,759.495535714286,677.551157142858,870.382092857143,737.629492857143,735.70496,806.127361428572,683.908915928572,728.130257142858,1054.89655714286,778.609207142858,701.805814285715,694.958985714286,853.799857142858,880.770207142858,793.630107142857,763.966624285715,894.762095714286,966.34936,1006.36112571429,1200.82171857143,1082.94975714286,958.585678571429,1068.23022857143,1083.62412857143,1136.33615,1300.90250714286,1395.33507142857,1221.8118,1235.82605857143,1372.72431428571,1445.37310714286,1414.45605,1575.56853571429,1694.18712857143,1673.64995,1380.81905857143,1316.35176714286,1405.64884285714,1326.97696428571,1115.22882142857,990.727011428572,894.559721428572,888.15555,1135.62755,1107.2615,1062.98778571429,846.9205,1004.90285,973.9562,1077.5585,1020.93064928571,1011.119865,1044.71757214286,1045.96395214286,1045.388545,1053.026395,1068.00279285714,1078.97621428571,1063.42365357143,1110.28342142857,839.347371428572,925.93725,925.7883,1221.53400642857,1176.76422785714,1149.23049285714,1180.071085,1156.79357357143,1212.73197857143,1184.29815714286,1122.63294857143,1041.80633285714,983.130532857143,931.370978571429,1229.88062857143,1005.72582857143,1103.39724142857,1177.52061445714,1107.83446445714,1081.32197428571,1287.44162428571,1340.64133857143,1330.71828,1338.13863,1303.9036,1397.86352571429,1241.27677571429,1133.38627571429,1087.48257571429,1119.23502571429,1110.07122857143,1057.11677285714,1131.06660428571,1240.74525428571,1244.95552571429,1042.03417714286,1051.80472714286,1182.75261,826.977474285714,840.758632142857,785.641637857143,892.844217857143,941.433508571429,1155.20485957143,1142.79405714286,1120.59823571429,1257.28443714286,1252.17971,1401.35555285714,1371.47917428571,1337.24802142857,1228.81895146,1190.92468646,1282.45152657143,1169.77503714286,1240.21471714286,1226.64627571429,1026.76139771429,952.770045,1060.110165,1131.11987785714,1138.15743642857,1227.58254885714,1224.35348714286,1175.90729357143,1314.31132357143,1300.37358357143,1210.60392857143,1397.80219571429,1532.85602571429,1047.11993571429,988.361335714286,995.768952857143,1244.70867285714,1366.01797285714,1258.91497285714,1083.38577857143,1069.23499428571,873.8491,941.4353,846.608402857143,810.654742857143,1053.58367714286,960.167792857143,1048.03342428571,1023.64452257143,1088.00614257143,1263.09221442857,1198.13763714286,1221.35806285714,1133.04938928571,1211.72551,1114.5599,1120.19225,1217.72356285714,1168.59075,1177.93370714286,1158.59371428571,1125.45400714286,1071.17006571429,1044.70921428571,1143.03619285714,1269.30275714286,1327.8305,1277.55515714286,1511.76160714286,1531.92068571429,1543.58949285714,1596.67942142857,1610.79548571429,1487.29877142857,1376.59520285714,1272.33636428571,1219.05375571429,1058.07865285714,983.153575714286,953.470335714286,1120.84275285714,1117.3519,1207.93159428571,1201.77528285714,1224.02656571429,1171.34364428571,1198.78233,1207.00383857143,1248.90973428571,1336.11511142857,1128.73174571429,1042.79006142857,897.690423571429,995.354412857143,916.36323,888.167857142857,900.286171428572,780.182471428572,833.497916428572,833.512364285715,956.477542857143,1259.87069285714,1323.2716,1178.19377142857,1280.92435714286,1234.91285214286,1104.45720714286,1265.11906428571,1143.99982857143,1131.09612857143,1144.3747,1348.006039,1242.27791371429,1223.87306371429,1274.70488821429,1346.05770714286,1166.76953571429,1166.45885,1204.16626428571,1064.25507857143,1066.76930571429,1154.07974,1334.39061857143,1334.33463642857,1273.85808642857,1213.47907714286,1247.46930285714,1067.40470371429,1066.97345714286,1109.38475714286,1187.89168571429,1164.2274,994.757228571429,1049.3241,1163.98036428571,1092.46618571429,1118.86175,1119.81872142857,1070.36014285714,1140.52695,1245.16575,1085.94686428571,845.037807142858,1045.66565,1013.61467142857,907.928421428572,964.890785714286,946.138219285715,959.147457142857,960.479342857143,889.365415714286,831.421628571429,934.159462857143,977.735194285714,1007.81297285714,988.688691428571,1036.86489214286,961.485155,1006.18919571429,918.392534285714,849.274955714286,1164.24962142857,1003.41194857143,960.16536,1103.37483571429,1207.13727714286,1163.40446857143,1163.72896857143,1256.25931857143,1149.03961857143,1267.99216857143,1207.41601857143,1111.42762857143,1085.52034857143,1172.77021714286,1232.42668414286,1209.26827914286,1199.96095928571,1497.63606142857,1381.09150285714,1133.32230428571,1306.58043285714,1159.35693285714,1356.02820285714,1207.82690285714,1375.11900714286,1349.48381357143,1315.91388714286,1483.90277714286,1631.43196285714,1644.18650428571,1579.38491857143,1374.73077142857,1306.65099142857,1553.35662857143,1459.11439857143,1339.64903,1446.84885142857,1549.24343571429,1528.52670857143,1314.38536571429,1362.99540142857,1221.4032,1331.8267,1370.25898285714,1395.84099285714,1257.14499857143,1334.27466391429,1339.39716391429,1260.65043857143,866.062677142857,954.094237142857,1048.04248571429,1133.80579142857,1170.79654142857,1211.30141242857,1224.33926142857,1198.86163,1246.16738571429,1128.33966571429,1173.68306571429,1135.25796571429,1157.78174,1098.63294,1214.29428285714,1125.80748071429,1073.09607071429,1178.42068857143,1397.04223857143,1305.040367,1157.96970657143,1309.22270657143,1177.40765657143,1281.61409142857,1221.94659142857,1225.05322857143,1248.09938714286,1239.43303142857,1177.18903142857,961.881281428571,1007.36043142857,1056.04648142857,1247.72683142857,966.569981428571,971.201015714286,891.43245,997.229378571429,937.863814285715,927.077564285714,1078.57612142857,1016.79586428571,912.623414285714,892.193292857143,879.457635714286,772.146435714286,871.26576,800.653516428572,740.206767142857,767.863878571429,866.8889,925.1171,933.1048,1012.43964142857,1060.38355714286,959.578214285714,1084.79501428571,1087.04927457143,1116.16635714286,1196.87580714286,1153.59761,1138.648965,1132.06101,1327.50574,1156.34776,1072.74147571429,1003.62470571429,920.088491428572,853.258478571429,874.112471428571,1027.82097142857,996.757321428571,961.891027142857,1197.986454,1128.45011428571,1207.87002571429,1152.29076571429,1068.69636571429,1076.38511571429,1223.70426571429,1112.37487285714,1182.57796714286,1316.21051,1358.80113,1246.23874428571,1026.35955,1270.68548857143,1257.79615714286,1388.01956571429,1436.84444285714,1589.56638585714,1261.04491428571,1317.59350714286,1217.44082142857,1349.30350714286,1106.64942142857,1023.34401428571,1238.48493571429,1305.60388571429,1161.88438571429,1173.67167,1172.56775714286,1206.67185714286,1288.28406428571,1250.03367142857,1127.05561428571,1082.90643571429,1152.12886428571,967.105165714286,1049.36568857143,1149.39532857143,1170.10488714286,1047.85941428571,913.753754285714,894.683902857143,1033.09980285714,941.116477142857,975.667882857143,976.638681428572,1010.43010142857,926.194335714286,887.605607142857,901.845325714286,799.859549857143,923.704114285714,913.064542857143,939.651785714286,1198.07277,1213.52986428571,1120.74100428571,1061.50282571429,1102.29430428571,1041.51333,1004.08473785714,1065.305705,936.203583571429,1000.2978,872.224428571429,836.720871428572,988.4792,1082.63116428571,1121.38591428571,1139.09881428571,1121.98741428571,1182.92965714286,1151.62089285714,1239.65021142857,1053.56943285714,1007.94473857143,999.300114285714,1005.34069928571,1034.70877285714,1052.20716428571,940.104661428572,1002.44742857143,1011.18590714286,836.454735714286,783.096557142857,912.738828571429,957.834378571429,978.435928571429,1085.02832857143,1191.59850571429,1245.79149142857,1094.10724857143,1269.51846714286,1089.46993857143,1153.15874071429,1085.61289071429,1269.12844071429,1343.78249785714,1375.32192928571,1436.7715,1527.86946,1452.80986142857,1398.24286571429,1407.24708142857,1238.12159,1414.72959,1329.64378571429,1328.81132857143,1392.29634285714,1396.53029285714,1047.35781714286,968.9833,944.45869,1018.49266428571,1039.50635714286,1161.13982857143,1009.91227142857,1003.58955714286,892.423607142857,1086.61754142857,1089.61696857143,1183.66649,1158.38999714286,1133.79616714286,1223.05812714286,1372.74783857143,1250.36851857143,1188.45485571429,1137.01123571429,1173.88304714286,1343.11240142857,1339.33541142857,1307.97391142857,1136.87166142857,1257.60720271429,1203.87240271429,1306.51992428571,1348.02510714286,1362.27315285714,1484.52580142857,1443.99339842857,1209.01061857143,1362.14256857143,1256.99061857143,1360.58801571429,1277.87562842857,1177.21532342857,1107.87618142857,1063.30245714286,1049.44748,1063.40960428571,1101.96884285714,936.881521428572,938.099048,636.592108571429,678.778362857143,785.06029,790.294157142857,848.4336,852.227985714286,798.898692857143,779.997442857143,781.567507142857,751.399578571429,714.452478571429,820.176628571429,785.543270000001,902.579570000001,693.728420000001,759.444000000001,605.458785,649.304366428572,707.374911428572,724.224811428572,761.376118571429,875.592168571429,959.329128571429,1034.80757857143,996.8652,1097.7765,1051.28043571429,986.560757142857,971.190407142858,1011.51745714286,1103.39089285714,1234.31142857143,1184.47950285714,1153.08150714286,959.403135714286,1005.03766428571,904.957428571429,938.510148571429,1013.22002857143,942.865721428572,983.044064285714,1019.18380857143,1045.50909928571,987.379392857143,1013.40268285714,1022.17635642857,1177.69493571429,1203.75836714286,936.48454,1119.62367285714,1228.05640728571,1271.42829285714,1096.91135585714,1139.30047214286,1083.03677714286,1096.09663571429,930.819755714286,890.215398571429,797.246677142857,683.935113571428,690.213678571429,673.267885714286,675.064128571428,605.728789,645.601757142857,668.565544285714,714.894494285714,651.300447142857,692.333232857143,593.455532857143,619.925358571429,649.855295714286,827.155245714286,905.453401428571,832.910444285714,811.542324285714,963.117425714286,883.350282857143,810.35336,766.40924,975.859872857143,950.550624285714,892.942171428572,965.079492857143,853.330385714286,877.419371428572,804.154657142857,845.010922857143,941.895608571429,908.53097,910.729839285714,1247.35236428571,1253.487355,1311.83498857143,1241.18357,1143.92915857143,1346.20877928571,1230.27777285714,1347.10345857143,1214.76692071429,1422.63708857143,1393.19784857143,1404.94908285714,1419.17844,1590.69782357143,1410.0528,1307.15247857143,1284.32275,1311.00192142857,1277.03049285714,1177.11986428571,1133.55128571429,1148.52360714286,1188.40234285714,1260.67603571429,1234.96424142857,1289.15312142857,1306.72364285714,1219.14632857143,1151.24327857143,1045.38145,956.979735714286,878.096428571429,1011.97779285714,1073.2502,1229.36765771429,1267.80698714286,1433.11829714286,1341.10705857143,1264.75575528571,1291.09265214286,1360.18637642857,1371.45374,1451.56927285714,1438.31352428571,1297.68666214286,1312.06125142857,1439.59478428571,1432.85892285714,1346.92725,1346.06992857143,1419.16811428571,1336.79003571429,1325.11844714286,1370.54411285714,1317.89991285714,1349.99349,1296.78456428571,1364.86511428571,1461.92151428571,1467.36563,1326.94928,1350.12163,1521.95636714286,1345.15674571429,1297.20158714286,1261.66186285714,1163.61790285714,1155.68260285714,847.668938571429,852.313102857143,1037.91595285714,1108.06661142857,1023.00166664286,1137.60434714286,1083.07470142857,979.668612857143,877.909535714286,1088.15439142857,1072.27183,976.462044285714,1260.68237142857,1269.97302142857,1261.62762142857,1135.75724428571,1025.84984714286,953.370368571429,1004.39601857143,1185.65802857143,1142.44302857143,1104.46512857143,957.389328571429,966.955871428572,865.946171428572,986.212871428572,1215.16398642857,1337.99837142857,1195.62872142857,1191.06155,1169.869405,1157.205505,1244.08211142857,1206.52591142857,1173.53391571429,1384.94837714286,1178.22071142857,1042.9147,1069.62327857143,1136.37194142857,1064.21297285714,1117.60354,883.23071,893.297425,1074.55871714286,1023.01534428571,984.766805714286,1009.93487857143,1167.53102857143,1064.87263142857,966.27032,1059.59773285714,1109.07076,1023.33768,1006.84111857143,1072.56880142857,1093.84950857143,1067.67053714286,1157.93117,1201.26452,1023.62423571429,899.365854285714,890.930152857143,991.153652857143,1111.01957,1146.32870142857,1080.70590142857,979.969758571429,1033.07707571429,992.9172,1153.16445428571,1223.56247571429,1196.87827857143,1312.23398714286,1242.88093714286,1149.018,1003.60652142857,990.678771428572,1064.42535,1173.98763571429,950.482292857143,921.341042857143,868.988785714286,822.329235714286,866.406457142857,976.835557142857,1124.60205714286,1209.62004285714,1156.46297857143,1222.67787714286,1111.38612,1108.50082714286,1141.52672857143,1077.32953571429,1069.38009857143,1120.65105571429,1135.43384,1008.49454,1177.8186,1098.72397285714,1177.07736142857,1186.72107857143,1134.89482142857,1231.29889857143,1193.91275285714,1186.72525571429,1305.59682285714,1255.21512857143,1300.37809428571,1525.43352285714,1538.89728428571,1361.84261285714,1215.30812571429,1173.71783857143,1172.86785,1234.86866142857,1323.1292,1190.99275,1034.97464285714,1079.21037142857,961.344084285715,840.608364285715,1008.47085,985.24935,843.121957142858,879.350685714286,865.000435714286,835.62791,889.30469,793.160112857143,908.228447857143,1009.61159835714,969.089276928572,1054.34946978571,1106.59145592857,1135.72876307143,967.6075845,990.8472845,1066.07639164286,1082.45287857143,1082.18962857143,1176.40727857143,933.322534285714,1052.59178428571,1012.99922,1162.08825285714,1263.47539714286,1216.35162857143,1134.68095857143,878.333658571429,988.978951428572,1058.30032714286,1203.54964428571,1221.51685285714,1037.17501571429,1047.57223428571,966.727304285714,964.799581428572,949.127931428572,1063.50803142857,996.556748571428,972.878128571429,939.007141428572,968.339304285714,980.668787142857,1047.54958142857,1168.81642714286,1284.80946142857,1135.50924714286,1198.98309714286,1249.11024571429,1387.79439714286,1325.89436285714,1240.72114428571,1142.89076142857,1081.15013428571,1060.41606285714,926.650375714286,1007.28055285714,992.701425714286,1140.58852571429,935.900174285714,914.824074285714,881.643610428571,1088.81421071429,939.692831428572,924.392044285714,969.664144285714,891.246004285714,838.817794285714,662.322919285714,499.964636428572,614.971436428572,503.639546428572,645.653683571429,461.082687857143,632.591777857143,648.414077857143,650.441282857143,673.469282857143,833.850004285715,641.784597142858,744.603485714286,837.924235714286,896.176785714286,803.373079285715,758.674692857143,672.397450714286,790.755085714286,693.111821428572,636.814192857143,648.607642857143,750.468024357143,846.55095,1074.77432142857,1045.41677142857,1020.48913571429,1066.31818571429,835.920057142857,791.966801428572,942.770679285715,967.5564,1195.06894285714,1270.00097142857,1172.34239285714,1066.32444928571,1077.57332857143,1179.66352142857,1017.55597857143,949.726878571429,1269.16296428571,1125.63897142857,1054.25474285714,858.06795,1041.40049285714,1098.37125,1108.14244285714,1293.38137857143,1419.72311428571,1416.5766,1359.50625,1221.99435,1373.37075,1343.39925,1380.2373,1381.45395,1322.95063571429,1303.17243571429,1348.47282857143,1252.49623571429,1460.43650714286,1375.03972857143,1403.58578571429,1454.57213571429,1294.24763571429,1278.21419285714,1221.00164571429,1281.65785714286,1221.52570928571,1178.21980642857,1037.96890714286,1012.76855285714,968.993029428572,1002.23181428571,1044.51681428571,1233.91281428571,1196.56131428571,1298.19522428571,1132.71105285714,1251.02034285714,1171.765868,1067.88116714286,1001.203925,1024.53042857143,1007.88768571429,1101.59763571429,1036.56248571429,950.441092857143,982.170142857143,1016.89869285714,1037.20917142857,1002.39912857143,1130.7215,1085.18018857143,1095.08863642857,1183.03355321429,1189.26475428571,1128.33119857143,1221.57593142857,894.426424285714,930.182244285714,896.34548,931.703527142857,1000.32121428571,1111.08167571429,1230.43490857143,1194.73263285714,984.072032857143,1218.99295428571,1412.04853571429,1330.27612571429,1225.02480428571,1202.24332071429,1101.792585,1332.93994285714,1313.25144285714,1288.82792857143,1392.56622857143,1175.48344928571,1242.96101428571,1328.27132142857,1385.58667142857,1237.64505,1099.38568571429,1145.86704285714,1140.95692142857,1026.25613571429,1023.02408571429,1059.42488571429,1027.08638571429,1039.74645714286,1103.02827142857,938.512721428572,886.735871428572,737.696701428572,680.609971428572,701.298021428572,682.9639,699.80765,715.234038571429,778.57615,841.948905,851.734542857143,819.484638571429,840.019624285714,959.126827857143,942.510188571429,894.597117857143,963.079123571429,952.195922857143,995.40228,997.198592857143,1041.37284285714,867.31985,874.612488571429,949.772698571429,985.300661428572,987.635,983.651885714286,975.537107142857,1046.99511142857,1018.28301857143,1030.50618142857,1012.73708857143,1058.4682,1083.08425714286,975.168321142857,941.339206857143,924.454228571429,1036.90261571429,1077.55713571429,1132.34103571429,1068.72668571429,1113.39127571429,1188.99518571429,1086.38579285714,1037.56679071429,1019.29541285714,1027.29794357143,1044.92007214286,1120.92758571429,1128.73498571429,1156.98697857143,1126.52483571429,1185.81034571429,1130.29628571429,918.849690714286,1109.97005357143,1013.866305,1036.92270214286,1141.58357857143,1116.17243714286,1191.65844,1247.70290571429,1203.26601857143,1269.86060714286,1385.67950714286,1348.87892285714,1275.65374714286,1143.19978142857,1158.14585,1148.18849285714,1055.88145714286,1025.20933571429,1242.81553571429,1180.67473571429,1174.19883571429,1161.07427428571,1162.76200714286,1045.50341428571,1134.75887857143,949.96835,955.327321428572,1017.18899285714,1014.56585,993.385381428572,1106.04785285714,1048.56281,1105.05721428571,1056.90764428571,1105.26792142857,1008.94007142857,996.413671428572,996.846821428572,787.955671428572,889.360621428572,901.489721428572,1014.09762142857,875.920592857143,1071.02332857143,994.665585714286,980.689035714286,1061.82038571429,1183.48475571429,1063.67118071429,1215.75573071429,868.494007857143,982.550282857143,1037.53782,1078.96140214286,1078.26856428571,1065.35681428571,1148.78954285714,996.819742857143,1052.58002142857,967.632232142857,1029.47993135714,964.199302785715,868.992885714286,866.259035714286,909.218839285715,1023.93254285714,974.3401,1024.45297857143,1148.93891857143,1018.00374428571,949.72132,973.134118571429,986.095972857143,1152.12749571429,873.656094285714,665.377311428572,664.641678571429,771.141502857143,760.387444285714,786.234444285714,914.698647142857,1108.51807714286,739.498088571429,708.918197142857,871.090278571429,841.934685714286,869.990288571429,997.963524285714,1079.50985714286,1022.54041285714,1004.02943571429,851.310986428571,876.577986428572,881.221444285714,887.367261428572,739.945802857143,675.139612142857,680.144630714286,846.996037857143,873.426188571429,932.256757142858,1204.04191428571,1068.25576428571,1157.28552928571,1104.54122214286,1124.93023642857,973.794397142857,1138.25835978571,1182.98021121429,1150.84902857143,1171.23656714286,1149.48712428571,1097.79163,1117.42683957143,1099.01493285714,1030.73516428571,857.607162857143,1259.37811285714,1130.11425,940.549642857143,968.464928571429,1088.56195714286,1033.11968857143,1131.00379714286,1142.66317142857,1122.55033571429,1139.35217,1212.48325,1128.71551857143,1325.25526857143,1260.80615428571,1203.54967285714,1199.68703,1289.09382285714,1405.58779428571,1327.45320857143,1499.46950714286,1387.12891428571,1455.07671,1363.717205,1473.42097857143,1440.09747142857,1664.68865,1371.261431,1368.299881,1321.35475142857,1270.44562,1358.53403857143,1336.14476428571,1409.80151428571,1494.63076,1337.42927714286,1296.43604714286,1344.42494714286,1355.39084714286,1290.53774714286,1274.60722285714,1109.13397285714,1107.86096428571,987.048714285714,1024.34076428571,1072.06715714286,1097.00910714286,974.332915714286,1007.40255285714,1184.77298857143,1092.05581142857,1035.925722,1067.12759285714,1011.9326,1023.12154285714,1054.10997857143,1149.783,1029.90436,975.784507142857,977.008127142857,971.504308571429,874.753012857143,992.88047,905.353807142857,879.01703,1035.04588571429,966.500201428572,1064.58861,1305.07929,1266.76844571429,1296.85912571429,1308.72127571429,1127.06165,1166.5021,1137.23676428571,1216.40395714286,1269.71045,1208.48301428571,1203.26876571429,1164.81309571429,1149.68219285714,1207.44081285714,1115.95685714286,984.436507142858,882.650722142858,881.945622142857,872.192279285715,956.499193571429,843.777000714286,803.503185714286,909.426392857143,918.130288571429,877.657762857143,911.57457,893.987275714286,927.526078571429,950.453488571429,910.882538571429,870.106988571429,963.294697857143,979.636612857143,951.073705714286,921.00829,814.740955714286,870.044348571429,886.903802857143,1027.22268571429,922.571864285714,839.780197142857,872.262878571429,1014.92430714286,910.428964285715,766.560610714286,711.179055714286,850.638495,975.6074,956.295714285715,660.060814285715,669.836557142857,739.668457142857,801.657407142857,977.523314285715,824.936749285715,833.032664285715,847.094601428572,1076.26457142857,1123.99015714286,954.55955,956.370935714286,1053.68460714286,1026.40080714286,905.767057142857,870.194457142857,849.344457142857,895.812057142857,906.566728571429,907.300478571429,902.404807142858,845.352691428572,887.64595,841.472685714286,654.825335714286,963.440335714286,780.861700000001,849.262271428572,793.572270714286,838.857535714286,967.166478571429,1021.79573571429,1019.23608785714,924.452887857143,954.058092857143,1024.52518714286,1028.63401428571,1022.00109285714,981.312842857143,1067.99004285714,1191.28529285714,1107.86726428571,1159.68036428571,1300.62732857143,1270.3303,1229.84377142857,1334.64283428571,1253.49427714286,1086.36896714286,991.135264285714,1055.39812857143,1066.49042285714,848.806068571429,797.408608571429,752.147822142857,746.223393571429,600.651843571429,540.822327857143,706.608566428572,740.113147142857,694.44441,785.099261428571,684.489461428571,669.597843571428,610.382928571429,633.255527142857,615.798635714286,513.612378571429,631.563814285714,545.955724285714,566.081098571429,612.535812857143,588.349084285714,832.324791428572,624.092931428572,556.342664285714,648.084167142857,710.339897142857,693.717971428572,711.476565714286,673.968612857143,767.882904285714,805.876394285714,731.148387142857,760.6379,875.018205714286,739.730455714286,983.318914285714,899.92421,839.080555,877.60078,1094.84614857143,1072.68454857143,948.111923,900.682178,733.898187142857,676.857277142857,721.627027142857,741.462974285714,696.932732857143
159.34693877551,1064.76941530612,1061.60526530612,1051.49292020408,981.484142857143,923.783229591837,1111.86956112245,1046.50116622449,1078.29938591837,1256.93201265306,1357.55661734694,1404.40350897959,1339.99452795918,1157.13725016327,1273.59260016327,1319.19258469388,1395.8948315102,1445.96087571429,1529.5758122449,1328.49945857143,1479.9972,1502.67726193878,1445.08747326531,1359.05581122449,1369.75519428571,1284.53619714286,1206.27239612245,1270.07472306122,1377.52670377551,1455.32907877551,1431.87753469388,1388.51815612245,1211.80922642857,1276.03296989796,1161.73599683673,1334.20293459184,1247.44081010204,1253.14590153061,1322.46498020408,1171.83174734694,1097.14491918367,1130.8953822449,1109.50727693878,1038.53774306122,986.684202040816,1111.9494755102,1299.76431734694,1288.74885918367,1252.13215612245,1173.49278265306,1207.81234091837,1083.4027122449,1237.81408306122,1301.75004183673,1165.52956326531,1135.05801408163,1120.35302,1119.37758,1136.94544285714,1227.97129285714,1236.363,1183.27573653061,1177.14747346939,1233.66335265306,1184.88608061224,1244.98280061225,1076.83558285714,1158.99369102041,1175.09027102041,1389.33842102041,1290.61602897959,1347.71642040816,1297.72736405102,1318.69305510204,1270.92255510204,1268.55526530612,1124.11482693878,1223.85879693878,1247.85104918367,1152.08853908163,1113.32581183673,1223.73811183674,1371.40696183673,1326.34366183673,1323.28088734694,1301.44295489796,1114.9584077551,1118.51919714286,1168.47138877551,1083.34878877551,1267.26593877551,1147.28420102041,1273.09762653061,1145.74480918367,930.918517346939,960.07232622449,1106.16865265306,1158.05648428571,1065.49958428571,1079.29294214286,1178.83353714286,1170.61788020408,1192.09425742857,1028.33301081633,993.074160816327,924.103810816326,983.055350204082,1106.13265612245,1067.96191387755,1042.74382142857,1215.53668163265,1377.17022346939,1073.55199326531,1128.53568673469,1400.04943673469,1279.6729822449,1239.98313632653,1411.45928816327,1634.97320918367,1541.57080755102,1445.34510265306,1478.2974955102,1480.82374387755,1522.57337428571,1455.24197591837,1332.40031061224,1350.44934142857,1358.14838938776,1371.12298632653,1283.07603693878,1361.54872163265,1209.28187959184,1069.07073918367,977.019878571429,1090.84348693878,1053.42446877551,1134.16505040816,1313.46368163265,1113.62431322449,1141.82172722449,1368.19966653061,1347.76276163265,1415.94541163265,1328.20996163265,1262.23111163265,1177.37881163265,1246.91097734694,1266.01888877551,1391.80049122449,1485.43350816327,1341.13796795918,1363.18029020408,1177.61075408163,1251.57210408163,1216.13604795918,1320.35112173469,1318.88638673469,1326.17711632653,1334.67576632653,1233.19376836735,1211.71591102041,1090.71167734694,1034.17561234694,1078.24521734694,1222.62866734694,1184.78965234694,1292.93321734694,1240.36856734694,1355.50785612245,1192.20715612245,1323.87433571429,1341.64763367347,1324.83583367347,1231.15691428571,1267.00951428571,1220.88610377551,1209.54922193878,1089.59889693878,1469.86150816327,1325.82525816327,1360.30424489796,1457.78774489796,1487.86324183673,1604.19745510204,1592.16300204082,1701.28792653061,1600.07416428571,1534.92644622449,1135.2280227551,921.143377857143,1009.37544183673,1049.11066938776,1058.29498469388,1047.13379285714,1156.19611061224,1089.18017481633,1023.16447010204,1008.55980622449,1107.03203040816,1044.03928836735,1052.91662489796,1148.03565938776,1208.33520612245,1273.56056857143,1319.36794010204,1212.7827305102,1211.16019622449,1117.28551591837,1318.34729081633,1197.20419081633,1318.6969744898,1232.27688979592,1108.50181938776,1061.76666836735,1228.8357877551,1217.9188927551,1130.82605408163,1120.67588571429,1073.47317040816,1046.5376,1015.20889591837,1063.08043163265,972.662940714286,1229.09334408163,1164.8611355102,1259.87835908163,1341.06900343878,1302.33075976531,1484.25046262245,1465.04188816327,1437.38146204082,1604.35781244898,1503.56577938776,1460.9131922449,1532.85662938775,1256.85576591837,1279.48474857143,1254.89996469388,1313.29536469388,1267.32531020408,1140.22166836735,1133.94785132653,1171.23657040816,1324.89365306122,1332.41471326531,1425.03232265306,1557.68362265306,1492.00967265306,1445.15987265306,1231.70389285714,1216.08044285714,1066.87069285714,995.362776530612,1215.67492959184,1167.55077959184,1177.37439285714,1260.40839612245,1288.93813653061,1198.68361591837,1159.50584489796,1242.96989355102,1169.51064355102,1125.20794183673,1116.5417,1316.05196020408,1104.92051020408,1264.64325591837,1380.88571959184,1282.59286959184,1221.79921959184,1030.42582897959,1098.46727897959,1233.96250306122,982.390291734694,977.566470408163,967.906620408163,958.687520408163,964.934926938775,970.847118163265,1105.2750844898,1214.77459244898,1058.28184244898,1257.91605142857,1131.79660142857,1138.38075142857,1195.47159897959,1250.66458010204,1219.31870510204,1035.86022755102,1196.00129693878,1333.34213061225,1150.52318367347,1070.06677316327,1227.03502040816,1295.40638571429,1377.66483265306,1430.67606632653,1605.20988367347,1588.27262142857,1432.08637591837,1316.56077346939,1357.12626979592,1255.42103816327,1351.48419540816,1245.07507183673,1199.69535357143,1110.71394612245,1184.28177714286,1181.62788102041,1094.55642693878,1095.23788489796,1233.1017677551,1009.16782265306,1316.01869918367,1467.42179571429,1483.38364816327,1401.9978955102,1407.5093155102,1503.58629142857,1563.62898897959,1531.88740755102,1391.19095693878,1353.3207655102,1249.26628357143,1156.56806673469,1038.41050571429,984.002405714286,998.890178571429,975.405670612245,1052.81243693878,1188.02857326531,1175.27282778571,1077.07189816327,1098.10044877551,1292.43450612245,1386.14621530612,1222.14378540816,1368.78998438776,1300.99004867347,1277.14079908163,1393.16668163265,1401.16914673469,1374.20176693878,1339.63385755102,1524.81526734694,1433.94327163265,1421.75594,1477.81021071429,1522.26605693878,1288.81712673469,1382.77839693878,1317.42223265306,1398.76759591837,1542.78756326531,1467.06699795918,1401.15099795918,1470.5550822449,1672.43348061224,1616.61021673469,1514.72093632653,1594.39310612245,1594.37616857143,1570.74781877551,1554.15011877551,1445.3355022449,1579.61785428571,1481.55807081633,1481.35610510204,1435.05412122449,1318.03929122449,1157.71306469388,1198.12532653061,1301.60164102041,1328.00797987755,1289.5831177551,1335.64218918367,1346.14065857143,1438.52829632653,1423.31294795918,1455.75526469388,1385.57182183673,1364.81004816327,1393.82898285714,1374.51072040816,1452.21784591837,1141.19517571429,1269.96458857143,1417.74678244898,1343.61079755102,1299.82566928571,1291.4528844898,1315.56127346939,1372.25448571429,1512.60123612245,1232.58918418367,1193.28810204082,1401.06854102041,1291.19656265306,1192.69609265306,1176.30358214286,1278.73514704082,1251.27430306122,1290.60442061224,1219.97689020408,1162.28214326531,1187.23769040816,1263.28094040816,1346.94590326531,1197.55403163265,1190.37807591837,1317.9334177551,1177.66825,1423.47443673469,1206.85972755102,1325.84130408163,1390.51365408163,1052.95542234694,1237.44842642857,1157.09032357143,1249.01593571429,1168.44940714286,1016.75124326531,997.453315204081,1067.49000510204,1258.32729897959,1381.62102142857,1272.67724285714,1224.61828265306,1243.59858265306,1323.99732734694,1101.53257908163,1166.6196552449,1123.2848622449,1022.75629938776,1092.31949938776,1273.85588102041,1345.33613102041,1428.06036244898,1324.21157142857,1192.11097612245,1131.07926816327,1039.92567469388,1001.10181163265,1089.00182306122,1291.97644836735,1273.88359836735,1354.81132346939,1159.5973290102,1237.98442857143,1207.34307857143,1214.32977857143,1309.61806673469,1119.44481040816,1137.0915877551,1130.38704387755,1386.24390612245,1324.64759285714,1287.64453571429,1320.49999897959,1421.41063571429,1356.30844795918,1330.86582142857,1414.91550918367,1267.86598673469,1348.3071005102,1411.22101377551,1382.68574632653,1322.57855204082,1423.88525204082,1275.15374887755,1366.08067755102,1369.95883755102,1532.44902755102,1470.78577163265,1442.71196020408,1316.59717653061,1223.46712653061,1192.88562653061,1222.17882653061,1195.32087653061,1221.11802653061,1104.02617346939,1224.0891755102,1240.82166020408,1210.473255,1232.83499122449,1370.96514673469,1380.69543,1530.45398877551,1453.29834163265,1441.55373102041,1582.03208959184,1556.24557795918,1644.73628755102,1609.04022714286,1631.66627693878,1674.15232142857,1574.4532055102,1598.67218244898,1600.25063244898,1522.43318244898,1484.58128244898,1412.22965102041,1367.82245244898,1450.85134122449,1463.68199530612,1435.90973102041,1524.20592755102,1361.50263938776,1214.27820346939,1162.29500081633,1092.46112714286,1118.65464214286,1229.68602142857,1410.63251346939,1191.45448938776,1207.56961877551,1265.51205306122,1200.94539346939,1253.45724346939,1214.55129142857,1216.17255,1249.29744387755,1334.80774387755,1305.11893469388,1419.89498571429,1450.45180071429,1624.21508571429,1594.60075408163,1541.5577122449,1444.57989081633,1450.94759081633,1375.70466683673,1401.94592653061,1388.21889693878,1397.17228877551,1370.7446755102,1286.8922,1208.05510102041,1212.83475102041,1050.77484285714,934.112080612245,1049.20238163265,997.333236734694,1049.21523673469,982.006686734694,1109.20173673469,1100.96959795918,1038.27644795918,1161.85375908163,1165.14010795918,1146.12820265306,1212.18959377551,1263.42148377551,1300.66474826531,1437.78094387755,1172.01358469388,1161.81900042857,1363.00990816327,1440.08144520408,1167.66031020408,1082.01759489796,1315.87187755102,1446.18960510204,1450.19084010204,1487.26431530612,1496.47099693878,1521.69611020408,1403.41121020408,1464.54516020408,1505.3937622449,1321.2880122449,1242.66394081633,1354.75519081633,1391.79504081633,1289.78604316327,1280.97523979592,1200.32233010204,1236.55476010204,1258.30103306122,969.337703061225,926.416600145919,860.592972795919,1023.01425265306,1222.1083,1092.1247,1126.0187,1137.92185,1162.97043673469,1296.60905306122,1347.89184081633,1438.31966428571,1502.33417755102,1374.78352653061,1318.97241836735,1414.20286816327,1367.15843061224,1248.13679795918,1209.13319081633,1239.25075204082,1323.92820918367,1366.51138571429,1370.24128571429,1286.89521785714,1390.92778163265,1325.67470163265,1356.08535520408,1336.03216020408,1412.84876020408,1355.84135020408,1420.52277714286,1410.13112857143,1441.15582857143,1351.67232857143,1403.25753357143,1434.61533357143,1436.97181306122,1361.24522612245,1370.11017612245,1355.25216632653,1158.12002102041,1209.81367244898,1261.38654591837,1086.09187081633,1325.10517285714,1325.28485918367,1101.32259734694,1181.36171734694,1124.92652346939,1139.55699897959,1131.85099081633,1084.79968367347,1097.49490714286,1388.48357959184,1256.93612959184,1267.21140714286,1276.27964081633,1347.6481244898,1417.32478755102,1301.70817418367,1410.33840204082,1472.7026122449,1274.12734795918,1212.86070918367,1232.04866836735,1335.83774336735,1372.06062959184,1223.65435918367,945.03952744898,1028.23226530612,1070.10493877551,1060.40984285714,1175.87988673469,1115.93136530612,1092.29390602041,1102.91450714286,1020.46170714286,965.952678367347,1059.52692836735,1145.37687836735,1114.00438714286,965.704935714286,1023.16450102041,1054.77463061225,1060.45360714286,1057.71410204082,1092.38149510204,997.563844693878,1069.64408836735,1080.27979591837,1256.62312653061,1215.86307244898,1438.75707653061,1409.0813244898,1409.0431744898,1388.12026632653,1390.2317377551,1331.01192653061,1257.86597857143,1192.53401938776,1277.83926632653,1306.53901632653,1278.56131632653,1233.54973571429,1460.65140408163,1283.78270408163,1146.75134897959,1191.00681836735,1135.71045459184,1154.35670806122,1089.22015204082,1213.42244183673,1181.71154183673,1110.79184183673,1010.63254795918,1134.45720714286,1168.53520714286,1187.45660816327,1160.94465816327,1262.42565816327,1250.15513265306,1087.71089959184,1094.92125428571,1135.49176428571,1078.05009591837,1083.17303612245,1165.43541020408,1247.12419612245,1326.04162877551,1403.48269102041,1332.0210255102,1296.33807408163,1310.96233367347,1456.51504795918,1492.96382306122,1408.73387163265,1352.65969061225,1296.63850102041,1175.89569938776,1334.82555285714,1526.48533673469,1325.08782959184,1346.64642734694,1366.72994183673,1409.64348673469,1286.25154,1326.09834571429,1242.25669693878,1292.49537653061,1187.81892653061,1259.41766326531,1188.55202959184,1128.47726020408,1058.71885102041,1221.02536020408,1164.87077857143,1192.52110204082,1230.08328877551,1451.86933265306,1366.24585204082,1413.02323122449,1459.17516418367,1676.47373367347,1437.48314387755,1357.28907346939,1271.18316428571,1335.21695244898,1533.21944285714,1358.71459591837,1370.56689693878,1446.25089693878,1428.66160877551,1496.3282322449,1502.02544816327,1550.34934816327,1492.57418938776,1579.76832387755,1496.38670336735,1396.75054459184,1524.55486632653,1603.01024387755,1568.37239387755,1626.61574387755,1640.46921959184,1798.35575938775,1620.62438081633,1725.22345081633,1833.62668346939,1741.09046877551,1573.51175714286,1327.89651489796,1261.67071489796,1291.29343673469,1205.53183234694,1110.00397857143,1147.40762571429,1140.26336767347,1247.62390257143,1315.01932020408,1419.18220081633,1442.70469142857,1616.91218244898,1467.06488244898,1417.79338877551,1409.61630306122,1370.65199816327,1332.57473632653,1245.50918632653,1002.46277887755,929.15463367347,957.107459183674,1004.55305816327,1059.82704979592,1123.08864979592,1253.59920959184,1237.72260040816,1195.68994102041,1207.02053102041,1339.21135183673,1298.51773367347,1333.84459959184,1247.8337744898,1208.06185897959,1287.42294265306,1357.21260204082,1246.81140204082,1271.45985204082,1135.4545744898,1155.18599510204,1174.30559306122,1204.32849408163,1342.22987244898,1330.79665714286,1355.88207214286,1142.74713367347,1214.29971632653,1246.33340510204,1291.99531836735,1431.50434183673,1399.03339183673,1453.39999183673,1303.51392183673,1372.01700571429,1445.95990673469,1457.37045581633,1397.47258979592,1481.4921622449,1372.97299979592,1504.57429979592,1471.60964795918,1202.48560918367,1384.80595918367,1407.14607346939,1368.81550612245,1406.29645612245,1412.12592755102,1360.59905408163,1334.07365306122,1166.88096836735,1366.5957355102,1318.8692755102,1401.57146530612,986.438585408163,1057.16115714286,1146.48520081633,1152.44086081633,1318.69516571429,1333.83875836735,1457.49725836735,1403.18537938776,1470.33412938776,1527.55612938775,1435.05002306122,1340.04285836735,1341.17820836735,1190.46299734694,1214.51774734694,1347.84313367347,1229.05214571429,1125.79622163265,1113.07548530612,1340.27457857143,1301.60392,1407.11346346939,1352.79899387755,1120.43764285714,972.503818979592,1019.20751897959,1078.90436897959,1132.31939877551,1106.40476969388,1188.39573734694,1126.02255918367,1422.11758571429,1161.9414,1223.82307959184,1044.47174591837,1238.24864591837,1113.3251377551,894.087394897959,1137.98212887755,986.890998979592,947.76752244898,873.013956632653,949.518033265306,942.113393163265,978.451890204082,976.410264285714,912.041664897959,1000.28536337959,856.034143673469,1148.88628142857,1173.94784020408,1241.54012591837,1241.55972755102,1293.17667755102,1258.84902142857,1236.21267142857,1329.36156183673,1303.70090530612,1301.37255612245,1407.91788673469,1316.47502102041,1309.95542102041,1318.55958285714,1206.2742477551,1164.68528734694,1116.95663979592,1160.31718255102,1097.65077132653,1081.45119081633,1175.03064081633,1126.92803469388,1239.42842208163,1259.00062612245,1155.52551663265,1227.04856285714,1280.94727938776,1206.59162591837,1094.45655714286,1271.65145122449,1270.8683622449,1271.1638977551,1315.5687277551,1102.97248836735,1282.12425581633,1369.95311877551,1492.64317469388,1474.95297673469,1392.11496020408,1397.88808571429,1363.72048571429,1236.44953285714,1269.46659530612,1237.72384591837,1314.62154591837,1225.65444591837,1364.02899387755,1354.74078081633,1343.24006653061,1347.22201122449,1492.39822265306,1568.38884846939,1464.05069591837,1506.40493816327,1451.90376653061,1358.84517040816,1274.29587367347,1337.84719897959,1072.83829163265,1343.72969071429,1436.21563163265,1458.84400489796,1441.36771306122,1341.91997428571,1410.77936959184,1320.51641938776,1270.90133571429,1345.87782959184,1297.20947959184,1299.30892081633,1392.71491836735,1343.2115744898,1456.1019244898,1433.31488979592,1487.45150918367,1355.58347959184,1402.45998367347,1436.04364897959,1319.20620397959,1325.31883316327,1422.53042744898,1597.60702244898,1493.73061122449,1246.4874877551,1078.94737734694,1137.50241306122,1271.45982653061,1296.40497653061,1197.59693979592,1284.03685510204,1306.07324183673,1359.19973673469,1430.22844795918,1346.16941326531,1310.92751326531,1374.00758265306,1483.63656428571,1317.71811530612,1381.08327081633,1430.39860306122,1413.1658744898,1399.94900306122,1184.98601938776,1241.97341938776,1171.43066938776,1168.13021938776,1200.97271938776,1297.79740714286,1354.09102653061,1298.4604244898,1416.17451632653,1513.95876632653,1373.74681938776,1408.06274316327,1391.13231040816,1356.83518591837,1361.17213306122,1278.42239306122,1331.22230122449,1437.57044693878,1509.44939571429,1474.79590918367,1575.02297061224,1559.858285,1677.84414806122,1554.5346477551,1354.03731122449,1356.55056122449,1651.02389591837,1612.63111685714,1601.27506685714,1315.30961306122,1311.33845306122,1389.95816530612,1352.41211530612,1429.92776122449,1530.52036122449,1464.63788979592,1325.03312785714,1384.42594285714,1396.75489285714,1401.04382294898,1426.07248927551,1388.23926122449,1503.70116836735,1536.03689081633,1607.98139081633,1640.90882959184,1631.21028163265,1646.83040510204,1658.80745510204,1522.10255204082,1594.96428061225,1497.97332183673,1445.32233255102,1695.2719022449,1667.60823897959,1651.33123877551,1536.34421938776,1545.79976938776,1579.10011612245,1531.3266722449,1382.16083836735,1305.03830204082,1366.14680204082,1371.78592316327,1401.45564173469,1509.90398132653,1308.03838061224,1340.8526077551,1666.61568795918,1643.93991204082,1537.07859979592,1532.71056163265,1505.29447906122,1479.90537969388,1527.52562979592,1642.02886795918,1548.72405632653,1630.33049061224,1600.68891122449,1471.6501144898,1422.82727346939,1419.52388673469,1289.77456693878,1265.71079897959,1241.22330408163,1262.4571255102,1262.05616632653,1189.69408530612,1168.44441938776,1068.92256336735,1136.10776163265,1249.47705612245,1311.48400612245,1268.8427544898,1269.14482734694,1189.57162734694,1274.31424183673,1253.53373653061,1350.65580183673,1375.50653510204,1336.92683612245,1273.11487040816,1154.42004530612,1129.62906746939,1243.35516746939,1309.92732510204,1308.10983367347,1283.40497,1435.02182244898,1370.40491244898,1339.35773183673,1403.08316734694,1047.6018,1020.95585714286,1031.55753428571,1035.41116142857,949.30057244898,929.819803061225,805.923733061225,913.033705102041,888.569524489796,1001.20864897959,1038.46999897959,1099.63814489796,1192.71221204082,1256.52600918367,1207.12303285714,1153.0546877551,1156.32176346939,1259.39615653061,1274.42942306122,1285.15490173469,1251.62327989796,1371.61835622449,1314.27670204082,1220.40621530612,1369.21021714286,1498.92923591837,1470.85457122449,1283.3779522449,1316.13299816327,1469.17614816327,1348.97428204082,1269.76837061224,1137.38932061225,1248.15331040816,985.57078755102,994.289206163265,924.058251836735,1162.81927034694,1242.71587285714,1157.57431244898,1138.39424979592,1172.78387653061,1180.98267897959,1159.18369897959,1003.8536455102,1199.14040285714,1274.77701836735,1328.34652163265,1438.26299959184,1501.70944653061,1329.57432122449,1359.86479326531,1366.65574836735,1274.22505122449,1257.61784622449,1283.41681510204,1391.10811102041,1274.01895673469,1248.43212877551,1252.67149755102,1377.9878344898,1315.04388632653,1346.90049938776,1360.54484571429,1510.16904122449,1515.73044122449,1536.45294897959,1504.98819897959,1472.51912153061,1349.23715204082,1234.53530204082,1305.73490204082,1255.82135204082,1385.08100204082,1397.13420204082,1285.47480204082,1361.31255204082,1339.77196530612,1401.48068030612,1276.55468030612,1314.35610102041,1368.83585306122,1485.18705612245,1316.93845612245,1305.01145918367,1209.19132857143,1223.76161020408,1203.76088469388,1206.85680306122,1141.28319795918,1035.32443367347,1074.68499285714,1058.15334285714,1211.09137489796,1375.5297477551,1362.9562977551,1393.2890477551,1347.70464081633,1399.38229591837,1551.4488922449,1400.39724102041,1553.26538326531,1489.74863146939,1369.45615428571,1458.76302346939,1075.18509897959,1029.98366969388,1010.72577918367,1135.73705326531,1134.15390632653,969.881410816327,1436.19771673469,1502.29297816326,1484.76069408163,1404.29989122449,1381.66310857143,1392.93143979592,1424.46150102041,1469.77285510204,1448.88025306122,1138.93736428571,1169.10385408163,1260.26350408163,1323.16235510204,1424.50545510204,1326.13999183673,1391.02749081633,1313.42256428571,1255.26776285714,1200.14796765306,1357.06688265306,1379.85115408163,1316.1211622449,1263.25298265306,1113.37745204082,1076.52994693878,1078.3102755102,1042.67134387755,1082.07826530612,1061.56596632653,1236.60559632653,1285.58716938776,1383.78741530612,1494.4048,1568.10329081633,1495.24449030612,1475.68359030612,1445.36018602041,1501.62916714286,1441.82756102041,1418.37470102041,1304.31958571429,1449.89718571429,1505.3044177551,1543.8529177551,1420.6931677551,1532.47634122449,1470.76688061225,1333.65055846939,1301.19018755102,1394.4000972449,1381.88523806122,1375.32780571429,1371.62315346939,1372.71766816327,1592.4914905102,1520.14880030612,1486.34750030612,1504.13352826531,1476.69457928571,1410.19298183673,1412.48713489796,1468.78787469388,1391.77253183673,1484.87788489796,1467.09414153061,1192.29415408163,1089.93500591837,1070.8841655102,1145.7163244898,988.58464,931.486443469388,977.181803469388,845.462182653061,837.986721938775,874.593088061225,1021.59932714286,830.282275142857,802.251329591837,856.237355693877,779.656609204082,1033.87304612245,1264.33155265306,1228.54314285714,1198.43403510204,1158.09883510204,1379.12454387755,1371.32067540816,1284.72473163265,1272.10867959184,1316.41034020408,1485.25745816327,1401.15773367347,1459.5993427551,1465.2413377551,1235.94461326531,1333.49685102041,1405.39915102041,1432.36390102041,1420.85935306122,1289.23732306122,1372.99528877551,1357.86683877551,1351.01093387755,1424.40689387755,1480.07324387755,1439.05452959184,1380.12655204082,1392.38975204082,1302.09070204082,1280.57775204082,1379.32580306122,1497.41438122449,1374.60728734694,1368.55338653061,1351.09763326531,1203.6641622449,1194.38170897959,1170.3483505102,1276.5083955102,1306.17372877551,1396.46225285714,1256.80688571429,1273.09149183674,1244.93829489796,1376.6922622449,1346.7559755102,1258.62237653061,1316.06822653061,1576.08468061224,1572.76443061224,1619.64224387755,1447.22784591837,1426.26675693878,1265.83576938776,1250.60084183673,1261.02648571429,1409.56035959184,1303.9716555102,1183.95312336735,1062.98617673469,1192.06607214286,972.915022142857,1006.65268510204,978.666456020408,977.883212346939,975.056307346939,1062.48775734694,1072.68770734694,955.375057346939,940.43836877551,886.973632857143,1016.79724836735,1034.40182285714,1141.96935489796,1239.76444591837,1164.74614591837,1180.80784591837,1372.42202489796,1212.14343795918,1222.80038795918,1130.40158265306,1168.69388265306,1350.16032346939,1499.09999897959,1462.97166938776,1468.42646204082,1379.20575897959,1342.86050897959,1252.88563602041,1401.15077704082,1346.40882653061,1379.75254387755,1378.87603571429,1316.63862571429,1269.32883469388,1382.9549105102,1524.60825714286,1451.86243326531,1396.80674040816,1421.54725714286,1553.20772959184,1396.49167489796,1577.41306530612,1392.05079693878,1369.88170612245,1314.00933979592,1470.15520306122,1423.95553306122,1289.9730622449,1332.5697122449,1456.72940102041,1564.38191122449,1654.92621938776,1749.41451938776,1288.81572040816,1469.73208061225,1334.03673061225,1203.53002561225,1249.59373673469,1063.50388061224,1201.7864877551,1114.1772377551,865.258769183674,1118.86305918367,1217.83275632653,1203.58509622449,1129.26336622449,1156.73201877551,1147.36439795918,1213.05503510204,1106.13733734694,1038.74168102041,1115.92770510204,1081.57106326531,1187.42706326531,1273.96206326531,1215.03121816327,1085.38244306122,1178.82060673469,1185.77637653061,1102.78899714286,1188.42998755102,1195.73283285714,1016.22593163265,904.435754489796,1007.76626163265,992.332761632653,971.84537244898,1052.47328306122,1033.34625489796,986.089105714286,994.589178163265,999.54541244898,1035.80882938775,1091.22465612245,1025.4749622449,975.128189387755,1074.27742693878,1057.2224755102,1039.23324183673,1002.90304183673,1008.8639377551,962.890632653061,1086.01687857143,891.131724693878,1134.76877040816,1352.90579081633,1278.25678326531,1277.50449897959,1230.46159081633,1275.75753367347,1277.78200510204,1259.65300346939,1258.87535346939,1351.11290346939,1333.57813857143,1390.29888857143,1445.70187673469,1387.58287653061,1367.84736632653,1395.8387444898,1280.7993555102,1357.02191734694,1646.59920714286,1602.81079081633,1661.06123061225,1527.82210908163,1464.0996877551,1503.80020102041,1516.36015918367,1569.60657244898,1472.36585102041,1528.46361469388,1527.40818061225,1429.3663677551,1294.75961204082,1334.96409122449,1280.07553204082,1195.1893277551,1327.95091612245,1363.79191612245,1158.04698755102,1287.89687387755,1424.12731612245,1455.83176612245,1451.29502591837,1443.63899244898,1378.58454857143,1311.61999469388,1424.88582346939,1358.33388612245,1391.50169938776,1356.55114510204,1362.39113040816,1463.37271428571,1298.47945102041,1317.20724183673,1255.12153367347,1344.22934387755,1380.42126040816,1453.41218632653,1491.46869081633,1395.72643183673,1451.39993183673,1570.1322,1547.63213755102,1418.79753061225,1478.51139265306,1334.82772040816,1215.81059326531,1150.68814326531,1258.11219326531,1330.54685997959,1389.19454081633,1231.85451326531,1297.62381020408,1382.26883571429,1416.98497755102,1302.75262959184,1305.72280918367,1263.79505510204,1247.40739489796,1247.88025306122,1218.00704755102,1457.75583,1450.00483979592,1447.84662979592,1441.04762979592,1427.10276602041,1465.27038204082,1493.21631632653,1328.61090204082,1398.78800204082,1306.09195204082,1322.65775204082,1395.39999061224,1249.43876326531,1396.11397959184,1284.06752061225,1294.78627061224,1325.04623367347,1271.05352163265,1570.41401367347,1527.84161459184,1509.90295326531,1399.78378,1267.88740510204,1289.94571510204,1136.21625612245,1101.52975122449,1161.9586455102,1413.38706632653,1511.15504326531,1514.21894326531,1514.7933577551,1350.47796714286,1372.61036714286,1253.65469408163,1093.50264408163,1344.20589204082,1254.61857673469,1314.48707673469,1247.58055173469,1118.34205459184,1049.34961122449,1029.50161897959,1128.40641836735,1158.60615714286,1260.24247959184,1237.12763459184,1186.62250704082,1094.96507663265,1129.86022163265,1048.10859,1122.51242244898,1200.59675591837,1208.65274081633,993.904658163265,1066.78845816327,1068.05401326531,1069.43879816327,1170.90767714286,1285.07365734694,1104.70438183673,1036.16584734694,1041.58026061224,1110.37255159184,1193.88824404082,1076.83609404082,1111.68919404082,1130.94360285714,1123.79949387755,1043.73241387755,1113.67387204082,1108.18391938776,1164.95481285714,1023.49383366939,1024.56193866939,1149.61968366939,1080.66708366939,1142.05049866939,1104.80116255102,1071.42850306122,1103.30729183673,1132.43863673469,1023.21474102041,1075.18585306122,1092.2292922449,1136.40394489796,1137.3810377551,1328.92713163265,1211.64029816327,1169.59074795918,1171.01836122449,1228.72886122449,1052.15119244898,915.387559591837,933.643533061225,1142.94625306122,1107.58520306122,1028.60605306122,1206.36142857143,1292.25333673469,1297.1067122449,1372.53460510204,1345.69495510204,1166.27695510204,1242.71559081633,1090.03368571429,1153.49345306122,1160.27435306122,1303.69600306122,1079.88817673469,1283.68775204082,1390.22756428571,1193.00692755102,1389.83630612245,1261.51590816327,1228.92079183673,1058.81277040816,1143.90267040816,1174.20398244898,1258.30503632653,1176.04443632653,1238.20411632653,1241.16466632653,1067.8801955102,1143.66086244898,1159.32866244898,1214.07176244898,1289.80769469388,1305.84905571429,1206.22740469388,1179.4984922449,1219.00125959184,1308.73610408163,1243.57707632653,1170.09750142857,1114.51716285714,1161.43870918367,1083.68660918367,1096.20764081633,1027.18415438776,982.017130612245,999.041747755102,1171.86777346939,1137.71636295918,1290.26514795918,1200.86325040816,1145.67015857143,1106.70465918367,1048.42351632653,1131.59147142857,1245.04351530612,1328.78200918367,1326.3329,1263.41405,1293.77129795918,1342.25730306122,1340.00821591837,1296.42496591837,1265.57414040816,1186.44794040816,1168.77627653061,1054.48854530612,1078.30232081633,1093.87418265306,1013.57820561224,967.44154622449,924.850059081633,1068.46341204082,1124.51482816327,942.254447142857,941.101652653061,1088.79020510204,1135.70136979592,1101.15720346939,1102.35713346939,1075.97378346939,945.331578877551,975.720229387755,1084.52928387755,1096.33598387755,1042.23413387755,1217.41603836735,1128.78913836735,1241.89520861224,1180.10077306122,1078.63475408163,1138.14126020408,1187.01541632653,1125.85219591837,1229.59878877551,1147.63900306122,1208.45115510204,1312.18524387755,1448.26991938776,1423.14641938776,1521.28738265306,1680.57790102041,1391.37269183673,1321.76773397959,1459.92521836735,1300.06243469388,1351.7792377551,1439.44888469388,1332.35947326531,1404.40313653061,1256.08849040816,1353.01413693878,1296.34129408163,1211.16979326531,1176.65492346939,1245.56913040816,1301.5808822449,1360.4037257551,1291.05262714286,1194.68754867347,1260.40635959184,1282.53118122449,1274.96743204082,1211.4968922449,1067.17942734694,1120.17769673469,1031.68824081633,1027.50106979592,1143.49603285714,1191.97599897959,1172.35495510204,1201.54515204082,1096.20616071429,945.505033061224,948.928441836735,1117.50344653061,1082.76908602041,1065.23952891837,1147.24933979592,1201.26500010204,1322.99746020408,1277.14131632653,1253.79996632653,1191.54443469388,1142.40871744898,1056.71395132653,1110.57382040816,1168.37556938776,1266.98365714286,1266.07414081633,1348.68098979592,1285.94903979592,1192.3676755102,1234.1878405102,1229.2591255102,1155.8836255102,1032.2063944898,1022.7744944898,1135.1014244898,1030.1956244898,954.252424489796,887.299324489796,1189.08690306122,1233.13230306122,1350.53926020408,1330.31001020408,1247.89378153061,1290.57805183673,1335.30996081633,1223.88839938776,1172.47248358163,1205.1972,1175.41575,1076.98870102041,1323.14614795918,1302.20723561224,1274.70774244898,1216.86842102041,1202.39502081633,1248.68173,1035.85071693878,1023.61675877551,959.356939183674,1128.10173918367,1089.84217591837,1142.63670367347,1232.0587822449,1129.11510204082,1124.25985,1134.39965,1027.65785,950.169185714286,1071.98421020408,1141.83960918367,981.323618367347,1112.46124214286,1172.98638612245,1187.9078677551,1309.3394527551,1268.64735204082,1313.24492040816,1385.04577040816,1325.09065622449,1476.36708581633,1355.16797897959,1425.36180959184,1368.83461887755,1321.35933673469,1263.76118673469,1262.67405346939,1293.9635077551,1292.1711577551,1233.08285040816,1244.12645612245,1254.53786612245,1281.93506846939,1444.61464259184,1547.94386608163,1463.10058683673,1636.46660540816,1567.6378094898,1641.88687173469,1500.67477071429,1472.97211163265,1477.17357285714,1566.29155122449,1697.53144102041,1491.79906959184,1358.5669155102,1449.44388,1407.181425,1396.7816994898,1476.84353061225,1530.9353522449,1388.93480173469,1489.30702877551,1413.78953959184,1372.03303265306,1460.94716693878,1423.7789144898,1329.04090204082,1400.23176959184,1500.24861959184,1345.14745418367,1563.93530061225,1414.42795265306,1533.62800265306,1450.39505244898,1424.69170244898,1345.67470673469,1311.11065673469,1376.26894163265,1494.67804163265,1416.14969497959,1447.78499497959,1427.56234497959,1410.66776612245,1377.81495326531,1346.81426428571,1320.7127477551,1292.44667857143,1400.78817857143,1458.81582020408,1451.98325346939,1583.47889183673,1531.10602653061,1487.56892653061,1512.46251020408,1414.64762857143,1424.84812244898,1382.34407244898,1291.86455734694,1209.36345244898,1212.6233122449,1178.82550714286,1223.61787836735,1332.45547836735,1330.31122877551,1159.3503744898,1252.0158877551,1148.83495510204,1343.36787959184,1363.23519397959,1420.40060306122,1363.11257979592,1352.59208795918,1414.74854795918,1572.40178367347,1495.27936632653,1579.29349204082,1475.81618938776,1328.76864255102,1387.86232795918,1484.51014244898,1479.5144055102,1576.90979081633,1216.37369081633,1197.1595144898,1030.24597714286,1051.47599877551,1067.84498244898,961.471268163265,953.030313265306,967.969015306122,963.84022,938.331907346939,969.804642040816,1079.47111836735,1104.47928285714,1167.75640714286,1086.3409077551,1031.7322844898,1087.6213755102,1136.6755255102,851.566636734694,1002.88483673469,1121.80895408163,1157.46446938776,1224.66468381633,1151.24064755102,1254.58248836735,1229.7628922449,1300.81348285714,1362.79910755102,1259.33413306122,1295.08248367347,1394.11425285714,1449.04590418367,1374.90375816327,1516.99470816327,1437.28783204082,1427.78040204082,1369.81505408163,1603.33384602041,1445.13169530612,1226.02516530612,1218.61011530612,1258.13506530612,1356.03691530612,1313.82860408163,1369.28485408163,1283.13855408163,1275.37164489796,1353.64684693878,1348.39152755102,1245.9835255102,1030.8530305102,953.280769285714,980.023664285714,860.447318367347,849.16243367347,855.85591122449,967.928486734694,942.972017346939,912.252617346939,930.244829591837,1004.81942346939,1017.57326836735,1039.6692377551,1169.29076428571,1128.77392755102,960.875640816326,929.256173061224,994.912133061224,1198.65926326531,1147.59191734694,1208.73965591837,1094.71902265306,1127.08464918367,1236.12207306122,1378.26211326531,1455.89837326531,1183.66632714286,1369.45998,1480.41964653061,1518.23099469388,1537.50659469388,1473.71773357143,1479.41570857143,1560.56187979592,1575.87547979592,1539.59516510204,1381.41006510204,1357.38801510204,1359.65149,1262.05721061225,1373.03951959184,1320.89215428571,1508.77071938776,1426.96843122449,1425.13578591837,1423.27910020408,1560.06562387755,1713.57701714286,1510.10614918367,1464.02386918367,1580.78439918367,1441.48436418367,1274.19449867347,1333.91809693878,1172.82169693878,919.847908163265,1055.06277040816,1171.02402306122,1331.65155806122,1325.72118530612,1326.40658020408,1373.96898979592,1404.45173979592,1467.96779408163,1393.57141020408,1290.47439693878,1313.23479693878,1328.48449183673,1386.68155816327,1348.51547244898,1369.08076612245,1353.45825183673,1382.98269933673,1315.60119673469,1471.20299204082,1539.76094204082,1592.53417326531,1336.75302061224,1550.12277061224,1479.23307061225,1313.33574163265,1251.44368591837,1202.67814897959,1454.28922653061,1378.41747102041,1434.31688836735,1363.12837704082,1402.07828571429,1342.59293469388,1426.77454693878,1384.18044693878,1503.72144663265,1367.14579591837,1421.0722244898,1737.0336744898,1623.8291244898,1472.79472959184,1427.1902144898,1381.91640061225,1263.60658408163,1132.08159877551,1223.49976673469,1183.14914489796,1323.1382844898,1357.89101734694,1413.2252744898,1322.32535979592,1185.15976836735,1257.10146581633,1029.96279612245,1000.38952571429,936.538450244898,1062.01042073469,1069.6646077551,1063.70267755102,1325.27130204082,1358.25897918367,1508.36669918367,1522.69411571429,1481.97018571429,1549.17125204082,1389.90377142857,1450.11793469388,1424.77798469388,1373.63817959184,1305.70930204082,1385.35840846939,1459.49897346939,1462.69721938776,1344.59541938776,1308.72322959184,1360.77863571429,1503.33218571429,1354.24829897959,1186.56484540816,1421.11032040816,1334.63436622449,1219.29520408163,1042.37576734694,1040.33801734694,1074.01646734694,1088.87861734694,1291.92346734694,1284.03873673469,1398.16678673469,1306.96108061225,1280.08613877551,1509.09916816327,1443.1353144898,1344.64022102041,1515.97460918367,1573.49230734694,1579.79242673469,1360.28405346939,1286.91317346939,1444.34024959184,1310.68793979592,1390.97365918367,1558.76701020408,1382.36697040816,1384.32102653061,1340.49929530612,1300.84705714286,1258.57884897959,1400.95157142857,1260.47575714286,1256.46579346939,1223.29150214286,1089.70004693878,1080.14455459184,1110.75343918367,1140.47658918367,1210.29951459184,765.5716,836.181568367347,878.123902040816,1107.30510204082,1149.42325204082,1077.11230612245,1092.8663877551,1098.90766530612,1029.68619897959,1110.81232142857,1279.6644122449,1140.18322653061,1058.17411530612,1119.28887704082,1008.03467704082,1028.48589204082,1130.9843122449,1111.23078265306,1137.95821836735,1034.20276632653,1016.47889183673,1021.7006122449,963.686012244898,847.037862244898,801.910191938776,860.567178571429,873.517012244898,960.049832244898,867.798683265306,974.211113265306,907.218621428572,873.813371428572,810.410882653061,750.214869387755,802.696019387755,715.700829387755,819.616981632653,919.684181632653,999.061443877551,1093.94985714286,1144.86096428571,1021.12710816327,991.929116326531,1047.42076326531,980.677332653061,947.494357142857,880.833035714286,924.829405102041,751.245261122449,752.162105,642.381928571429,807.628218367347,1075.15177244898,1017.60996938776,1111.76350918367,1168.62517244898,1154.03182244898,1095.95747755102,1102.34538367347,1015.09898367347,1092.53088367347,1240.95196020408,1359.00694693878,1349.79911938775,1447.62908020408,1387.59103367347,1357.69977816327,1367.73799918367,1320.52411673469,1358.70609061224,1314.38556632653,1180.64808285714,1378.88708591837,1379.55173673469,1231.26792632653,1303.51324877551,1257.44009877551,1126.24676163265,1179.70301163265,1020.49999591837,1161.06457387755,1185.88191163265,1021.68739836735,1030.41875102041,991.577257142857,1024.66419755102,1240.78416755102,1221.58826755102,953.417146122449,939.344605612245,858.82946977551,1123.10466714286,1176.33385530612,1156.78095408163,1185.52619959184,1047.99500387755,1145.46522887755,1092.28051020408,1280.04445459184,1266.98831428571,1159.12819718367,1141.67834489796,1159.36995928571,1186.65113326531,1167.65884346939,1351.86974155102,1307.7268955102,1205.99394163265,1259.38821693878,1412.52246693878,1467.90195959184,1436.77171285714,1500.91186122449,1380.97132285714,1169.13097122449,1258.12512122449,1239.81639489796,1271.41174489796,1408.00470408163,1449.75413571429,1303.11018265306,1213.77496632653,1255.15729387755,1403.20325918367,1640.96179183673,1431.86389183673,1529.34841734694,1503.11871734694,1479.87926204082,1528.2534977551,1606.63446836735,1633.88347346939,1564.39341326531,1622.76784265306,1573.67984183673,1398.04905591837,1561.95289204082,1501.78669204082,1332.83964204082,1411.84404204082,1395.64249204082,1408.95637530612,1567.64723469388,1540.54998469388,1533.89872142857,1569.10087081633,1492.5069744898,1547.82812897959,1555.36917561224,1524.60522030612,1545.87802204082,1599.76162469388,1570.22899489796,1464.56344897959,1404.39470877551,1355.56132285714,1239.55971571429,1076.64650642857,984.332373469388,1244.00273755102,1399.35252020408,1330.88074326531,1243.65320795918,1286.01781469388,1247.20693377551,1381.55816918367,1196.32573857143,1154.41328306122,1102.58675826531,1045.93834397959,1031.03320816327,1075.45015816327,1085.25092755102,1098.75703163265,1062.02488163265,1036.12832663265,1007.33124306122,1089.16838744898,1208.18767642857,1369.29853346939,1461.85187346939,1295.82516428571,1464.00621428571,1379.00824489796,1290.44182040816,1371.85815408163,1270.54302591837,1461.21514285714,1173.11999183673,1211.90761785714,1222.61781887755,1210.82495989796,1077.41908714286,1300.85739163265,1264.14997122449,1373.0946622449,1285.45690408163,1318.87929734694,1488.90579469388,1574.65151693878,1523.54483693878,1473.35738367347,1531.18384897959,1325.65549897959,1423.22599897959,1421.92329897959,1546.5115255102,1557.24600102041,1549.90235510204,1610.2809244898,1519.10537244898,1256.2932877551,1338.15469183673,1336.19780714286,1314.69820918367,1231.56720612245,1310.35678142857,1167.86357346939,1207.48063755102,1184.06488755102,1093.57575755102,1074.30463836735,1013.72733102041,1086.61173102041,1048.05751602041,904.645070612245,947.086670612245,1060.20977102041,1056.02517102041,1066.76688428571,1050.05077469388,1085.68431438776,1082.52947673469,923.897057448979,902.53820622449,993.61437122449,999.44157122449,970.960846938776,991.193136122449,995.045944285714,1024.69169520408,968.205479285714,957.272699285714,993.470884183673,1006.83288030612,1052.8903527551,1179.81412571429,1147.30881265306,1057.07310387755,992.039228367347,910.502302244898,629.007052244898,825.28083,840.137932204082,969.080532653061,1185.45101163265,1128.65954102041,1127.58144102041,1106.68574102041,971.797761020408,851.840128265306,872.548298979592,899.506748979592,921.854663979592,861.774404387755,883.868080122449,867.501825918367,716.588320918367,763.888911836735,904.085949387755,1008.51544963265,1141.90123816327,1194.85427081633,1005.8174177551,1014.15194306122,1055.41929367347,1083.00676877551,1080.82568795918,1035.59498795918,1099.02504489796,1018.74218061224,981.66251122449,1087.7713777551,1129.94141938776,1118.58621816327,1165.2624355102,1149.5621355102,1229.08556714286,1378.97183163265,1258.76120816327,1476.99468367347,1584.10837040816,1728.29746734694,1592.62633265306,1538.13323163265,1588.30086836735,1676.09366836735,1425.98923571429,1427.44005102041,1516.38060102041,1507.17914897959,1430.13074897959,1341.8741344898,1142.5423744898,1322.04469591837,1035.59436204082,1204.10560510204,1136.48425877551,1261.29654877551,1368.29819755102,1494.07021918367,1668.68933530612,1677.88792653061,1777.41562469388,1554.85267469388,1475.07727469388,1367.60717469388,1299.87072632653,1269.85265816327,1348.38024,1223.95405714286,1198.89761959184,1322.1147744898,1286.06419081633,1176.45953265306,1313.00285612245,1348.79618571429,1233.00268102041,1162.47778367347,1055.75664387755,920.800403061225,1019.03105306122,1043.61100306122,932.627087755102,993.587704693878,1104.54204489796,1072.94372040816,1146.68190561224,1054.78521408163,1262.12638979592,1138.34342857143,1193.47683571429,1010.36074183673,976.63657122449,913.170357959184,1226.45759295918,1261.7925122449,1123.76793387755,1207.81611673469,1129.10169489796,1199.05588040816,1137.89557469388,1204.49652459184,1141.89203785714,1248.54098785714,1432.50593785714,1414.82148887755,1341.40053887755,1265.31221387755,1372.62771336735,1259.99801336735,1235.49539234694,1156.64005459184,1214.02739877551,1294.87511877551,1240.35431877551,1153.69636612245,1047.10958061224,1001.15336122449,996.678800510204,1045.50697306122,1080.13679214286,1145.28613183673,1076.83322040816,1045.24845816327,1180.82946183673,1039.07846183673,1051.73666183674,1304.63899367347,1307.37575828571,1169.85565828571,1171.64340828571,1240.05797489796,1256.46567489796,1213.22898020408,1235.87178020408,1221.48038020408,1194.99125408163,1231.5000444898,1302.1837944898,1078.9209744898,1035.0966329898,1231.44662632653,1004.06201632653,948.38737122449,1374.51455040816,1225.11661938776,1338.56738959184,1362.45820102041,1320.20976734694,1252.67737469388,1409.17628469388,1406.96448653061,1502.37557877551,1420.73497530612,1361.67843734694,1356.92272306122,1390.46867367347,1413.77476489796,1233.4175977551,1304.74041040816,1181.42285673469,1186.25392785714,1215.74904704082,1295.11644704082,1187.92068887755,1199.04928887755,1126.74538887755,1268.02203887755,1216.47521642857,1181.01391428571,1134.33691428571,1112.26207755102,1233.38904081633,1265.73047653061,1377.71214816327,1424.15334816327,1183.88953571429,1343.71113979592,1442.46581530612,1470.27926530612,1276.36926836735,1287.15198877551,1433.50833877551,1340.24718877551,1264.1585877551,1273.73899693878,1351.69792040816,1100.89286326531,971.344879591837,908.994612244898,979.434792244898,1067.1508244898,1166.85288346939,1328.80297714286,1417.37725367347,1487.30140346939,1465.48223081633,1409.22040204082,1600.05388020408,1807.1640055102,1546.48807612245,1589.85061959184,1633.14436959184,1663.26061959184,1650.62985795918,1418.27734489796,1323.57098897959,1373.54983897959,1279.22323897959,1277.9900177551,1304.4719177551,1160.20242285714,1214.80495877551,1092.58136959184,1100.67356918367,1259.51305061225,1091.33119469388,1035.2339922449,1163.59096020408,1159.84836244898,1215.56712653061,1084.27377653061,928.877426530612,875.090401530612,768.579204081633,898.530816122449,756.861816122449,1128.54492530612,1208.61425714286,1182.79579989796,1213.46029989796,1334.51559489796,1320.82149489796,1448.02134489796,1423.11509489796,1365.06867755102,1435.21962653061,1569.98162653061,1455.21261020408,1487.68511020408,1495.03619295918,1511.98280959184,1314.52149122449,1312.62961714286,1267.60991,1349.11763244898,1330.36887744898,1278.54623744898,1118.680615,1048.21930479592,1089.98340479592,1027.32037479592,957.217266122449,962.157399183674,1066.11436918367,1223.20599163265,1172.69665,1153.16297469388,1293.07934979592,1190.81299744898,1305.39969683673,1297.88000081633,1359.95584183673,1362.12902642857,1323.11502857143,1387.92981530612,1448.9755344898,1422.17290755102,1370.50674755102,1312.08383481633,1246.50262581633,1323.12830061224,1210.72111826531,1242.57198346939,1177.74224183673,1319.44159183673,1356.93588571429,1229.28959265306,1058.10988489796,1238.10029061225,1208.72057612245,1319.95402857143,1178.45875,1309.89052346939,1338.26397653061,1344.57874897959,1429.52520714286,1461.85249285714,1518.29929285714,1345.95320408163,1230.83660408163,1468.75184061224,1378.63090326531,1402.82431102041,1294.60131102041,1271.90466102041,1463.30596102041,1435.90766102041,1174.80491102041,1287.62521102041,1328.40551102041,1345.09836102041,1258.64466040816,1346.56468020408,1181.65203020408,1025.76235816327,990.186258163265,1100.64030816327,1087.11197653061,1139.43420306122,1038.56735306122,1270.29875510204,1284.80682653061,1271.00527653061,1068.32306408163,1119.86566877551,1144.33936877551,1237.33051877551,1250.98036877551,1232.83940040816,1114.21543255102,1087.1009227551,935.679291530612,922.828949795918,937.771256326531,1057.0226555102,1091.35333204082,1089.80557959184,1150.75935510204,1207.48462714286,913.243575714286,931.338797551021,959.758678571429,986.535579591837,930.291126530612,771.978825142857,861.207325306122,1093.58694163265,994.606564081633,1154.03682530612,1082.3174044898,1019.68337163265,926.823406428571,973.559876836735,958.814935102041,916.009138571429,867.440693571429,816.171054081633,875.917350306122,1068.98969877551,1103.70578877551,1142.53766122449,1206.35316428571,1263.34698061225,1283.6849244898,1223.91280510204,1351.69423673469,1160.16197755102,1289.22733367347,1334.86502877551,1326.01076877551,1437.17621877551,1314.86258877551,1212.77860408163,1318.49590489796,1315.90895240816,1317.46046714286,1125.91298530612,1093.64618959184,1143.60383959184,1057.93291959184,964.833573265306,1123.70280591837,1106.22534530612,1240.00887122449,1246.78405816327,1277.86139285714,1411.84723326531,1389.06747673469,1380.85842795918,1532.16712346939,1460.68668,1388.61100693878,1501.43464897959,1607.89293265306,1669.4963122449,1533.8540122449,1594.04029387755,1461.14334897959,1388.90137346939,1485.5650877551,1583.97096734694,1473.35220877551,1478.3903572449,1437.73202040816,1338.23162040816,1369.67118367347,1433.56055510204,1375.63835510204,1424.53850510204,1267.32145408163,1226.32460408163,1190.18726632653,1267.45306530612,1379.39821530612,1333.27135204082,1330.00148367347,1297.58661428571,934.519761326531,1296.83468479592,1253.51467379592,1385.52037379592,1369.65952379592,1327.21411061224,1220.80814820408,852.042148367347,902.560196734694,1270.77365673469,1405.06670061224,1276.73497693878,1285.32294612245,1237.06468142857,1176.55247714286,1226.33482857143,1195.75117979592,1163.85844673469,1185.46780959184,1166.20600959184,1184.32903061225,1371.18715816327,1259.37633673469,1386.42331020408,1218.46002959184,1116.99452959184,1090.56713265306,1182.70175765306,1296.58803826531,1115.32781326531,1271.41811836735,1270.76526428571,1350.02246428571,1462.1707,1385.62936632653,1395.61532591837,1458.76424091837,1469.83896326531,1349.91010408163,1341.35863367347,1290.38870163265,1224.75345163265,1070.00299714286,1127.39994,1152.16825979592,1042.98039285714,1098.60804612245,1192.03806938776,1102.21223265306,1113.78274387755,1114.46003979592,1045.03236704082,1030.21277653061,949.248864285714,1088.9050377551,895.070995918368,873.750103061225,864.097825510204,948.663582653061,1192.14360204082,1066.04130204082,1245.85010673469,1178.37510571429,1163.79950571429,986.461232244898,1056.25582653061,1350.70832653061,1331.33837653061,1400.25317153061,1359.84239653061,1268.56288632653,1078.01953632653,1123.82191632653,971.846265102041,1325.25196204082,1200.42360612245,1124.32726938776,1250.23433061225,1213.31102653061,1189.72606326531,1282.14150102041,1293.46373632653,1149.64086132653,1219.02177397959,1056.60049091837,1083.6611572449,1123.42899102041,1253.44294795918,1284.80457204082,1190.82394306122,1275.14387346939,1279.65040530612,1292.24187408163,1279.46448816327,1336.72913571429,1254.83425408163,1347.23680918367,1403.51581122449,1371.71348571429,1262.32598571429,1163.98120408163,1256.70715510204,1039.56550806122,1144.89690102041,1084.43066887755,1126.82743183673,1107.47796295918,1093.33994285714,1339.73557391837,1416.39165734694,1537.21185734694,1349.64097428571,1278.09673428571,1294.34641326531,1243.47253265306,1219.10405938776,1212.35898061224,1248.24510306122,1133.54208469388,1166.69334387755,1206.07165918367,1155.41877959184,1181.26162959184,1421.25842959184,1610.83755816327,1389.17344795918,1368.26291734694,1370.04211632653,1173.9315755102,1230.28281734694,1462.67841734694,1355.47967755102,1280.05777346939,1365.79484795918,1516.45597755102,1370.65297346939,1096.28804795918,1195.33504795918,1269.59544887755,1289.83225204082,1218.66820510204,1338.59700510204,1197.00786806122,1293.02316806122,1356.72410377551,1393.14395377551,1335.4795394898,1339.96287316327,1416.83630816327,1258.98140816327,1372.91887163265,1234.34197061224,1214.23220285714,1298.8522577551,1203.73743469388,1069.4798905102,1018.96256632653,1134.38999285714,1237.42289285714,1240.51831938776,1133.59831938776,1203.98118887755,1296.59299602041,1159.31548173469,1083.30551336735,1141.04408010204,1351.90875357143,1316.63103826531,1284.10038826531,1062.08438367347,1167.5921255102,1160.0944255102,1007.58069938776,1227.66704938776,1170.96163714286,985.004319285714,1137.50161428571,1239.64796734694,1289.11421734694,1403.81223734694,1254.93052408163,1297.68435255102,1120.91920612245,1338.15736428571,1202.22211428571,1019.60734438776,998.974549387755,1231.12098571429,1596.02481428571,1343.46173265306,1475.56393265306,1633.88103265306,1814.7221677551,1682.73363714286,1575.68772204082,1488.28347489796,1402.74947489796,1416.32744346939,1206.96989346939,1277.60529653061,1106.54297510204,1243.0301022449,1169.3141522449,1163.55033869388,1028.90165869388,1054.14534081633,1178.8771577551,1333.02009836735,1308.36181489796,1367.84513428571,1551.00398061225,1476.73435081633,1504.1967777551,1505.05286204082,1351.51841204082,1430.95736204082,1462.88622408163,1384.2085944898,1309.7109444898,1502.3995922449,1322.08454663265,1455.31166163265,1398.08266163265,1295.16740204082,1449.61367693878,1263.77082693878,1295.41211193878,1328.39730234694,1401.88321081633,1451.28163020408,1434.90948714286,1385.06576102041,1282.95210795918,1208.74879265306,1086.93502428571,910.476539591837,973.072388367347,1010.79563244898,1132.46522836735,1147.10659918367,1202.39450061224,1281.61670061225,1060.55284081633,1103.19662581633,1117.13911918367,1170.76056469388,1098.31037367347,1172.2672755102,1295.5320755102,1351.2824255102,1458.9312755102,1533.00188755102,1404.78692836735,1576.91316020408,1591.29337244898,1378.02732040816,1289.48193367347,1159.09518367347,1244.89541326531,1365.62024693878,1326.00864102041,1443.09029989796,1604.81047408163,1405.91364816327,1442.47087306122,1461.48473406122,1499.34883061224,1326.00113061225,1280.36464959184,1466.80399959184,1286.1819922449,1343.94238897959,1070.69282826531,1139.05807295918,1171.41913408163,1070.20419204082,968.054777755102,902.561920816327,945.483553061224,904.182733061224,988.131817346939,1087.51396632653,919.593352040816,800.52557244898,1026.39146020408,1209.32375646939,1252.80021565306,1072.01950442857,1120.34656428571,1005.64715816327,1086.05956428571,1170.09181428571,1172.03578673469,1206.19345306122,1166.63860306122,1153.46103469388,1162.82393469388,1300.78632653061,1257.802985,1098.50865,1323.6126,1387.55805,1312.57982142857,1369.91332244898,1364.49560510204,1229.86428571429,1228.49942295918,1343.73844795918,1356.11842142857,1274.89808571429,1228.53308571429,1229.2055377551,1346.48923571429,1299.81070265306,1262.27376326531,1108.61916326531,1286.10981938776,1357.9582944898,1374.24258265306,1356.99234795918,1316.65565979592,1225.38429979592,1381.72391020408,1248.3416155102,1319.59397040816,1219.03862030612,1442.15176122449,1300.74637755102,1160.31408163265,1208.90568163265,1177.54158877551,1249.20118061224,1358.59335714286,1319.77598214286,1180.62198214286,1204.94715714286,1129.03850714286,1200.75614285714,1345.87944285714,1331.25253285714,1258.59617428571,1064.78003755102,1238.10572673469,1337.24394408163,1359.87033685714,1411.42799795918,1315.74899795918,1294.07962959184,1343.51444795918,1399.0711377551,1368.64713469388,1183.34178469388,1264.60223469388,1177.8079255102,1017.19961428571,993.975891836735,1035.83833265306,1104.14773265306,1220.99416632653,1089.61186122449,1392.60443020408,1281.00745816327,1330.34580714286,1362.40367897959,1390.68696530612,1279.5774122449,1378.41065816327,1455.94038979592,1304.40598408163,1281.71190571429,1405.74127653061,1004.54006612245,1192.30020306122,1047.30737653061,987.847226530612,850.559180204082,1117.71931244898,1193.92501530612,1249.52939102041,1127.75404102041,996.673481632653,1113.57438163265,1126.29459591837,1270.04781632653,1242.84633938776,1265.64532244898,1391.94417061224,1448.55649836735,1425.36385408163,1194.22433265306,1129.42819387755,1095.73364387755,1092.85317040816,1182.13656938776,1279.85089530612,1451.36476459184,1417.65598969388,1275.47768714286,1284.56864061224,1182.56459061224,1267.39016714286,1281.05676714286,1238.64896857143,1423.3683544898,1381.40882979592,1413.42277979592,1342.52914489796,1285.37179489796,1315.12147693878,1220.08361387755,1145.0409372449,1141.00995816327,1156.71909459184,1352.07064081633,1174.55212581633,1247.55697581633,1211.30194081633,1377.40873244898,1320.23612122449,1409.8499577551,1241.37846306122,1102.12211306122,1085.49994265306,1059.59484918367,1216.01754469388,1031.42004530612,1074.52202346939,1269.53051653061,1177.46696693878,1225.50588408163,1219.74573306122,1193.32041020408,1027.04996220408,982.333771428571,1176.69755142857,1088.13225142857,1138.62541122449,1353.20559387755,1290.13802306122,1354.55206857143,1292.03722857143,1461.07261285714,1355.80136459184,1397.50624663265,1445.28946928571,1500.2740744898,1500.0621244898,1417.2052694898,1463.57813520408,1437.18930193878,1404.52647846939,1359.72294163265,1435.84924163265,1575.04747755102,1463.52663469388,1611.32323469388,1495.74933020408,1474.04050612245,1356.96820612245,1340.61858877551,1248.35910653061,1194.58629795918,1153.72730591837,1107.11538244898,1214.82007346939,1315.20144489796,1291.16968959184,1318.12866632653,1283.59454612245,1403.42323653061,1362.2589044898,1284.84176816327,1436.61136428571,1291.79056428571,1204.72186510204,1202.05625577551,1370.57501040816,1476.15811673469,1491.95937693878,1499.94488489796,1498.54279632653,1518.44603714286,1419.12472857143,1449.14842857143,1259.36649285714,1312.53358877551,1199.29453877551,1241.95530306122,1419.6142755102,1494.0093877551,1462.95677857143,1434.72447857143,1426.3685805102,1517.99614785714,1350.31072438776,1259.04002418367,1151.63621112245,1279.97646112245,1200.81595612245,1150.3123255102,1353.44644755102,1333.16783408163,1300.1666155102,1434.95879061224,1356.61724673469,1251.50042142857,1307.17932142857,1311.40958571429,1212.72135285714,1226.03924936735,1066.58587385714,923.863745918367,905.329692653061,812.693267346939,1127.68206734694,1050.46114653061,1082.24981714286,1066.79764142857,1047.88170163265,1066.82008214286,1206.32014693878,975.88107244898,893.747571020408,1393.66417102041,1410.07927071429,1450.18963836735,1303.99221428571,1339.56751632653,1316.97839612245,1359.13348816327,1375.50968183673,1449.9093044898,1493.4370544898,1421.27996877551,1491.70677326531,1491.2959877551,1648.09256408163,1575.43847897959,1555.55724183674,1430.93346653061,1557.78912795918,1636.37261787755,1662.10469673469,1590.59198857143,1501.52255479592,1613.42754071429,1579.49439387755,1323.77436632653,1422.30937755102,1447.43090408163,1514.23705204082,1554.00280204082,1572.2248922449,1399.78333387755,1241.95138142857,1358.6239722449,1414.70185959184,1419.27787938776,1286.79078265306,1105.02663334694,1292.26936836735,1221.42032044898,1223.83937044898,1080.93449632653,1100.86879632653,918.455425714286,1071.76442571429,1245.85621428571,1209.86209591837,1232.57444959184,1193.81659714286,1267.51235714286,1258.79482857143,1261.1930744898,1327.50177755102,1238.73724663265,1204.16194806122,1344.70564693878,1276.99199081633,1211.97514081633,1448.02636938776,1497.41944469388,1398.56471530612,1412.60442979592,1483.03966918367,1411.59817622449,1490.33977765306,1471.9967194898,1292.33631938776,1277.75457755102,1394.844,1369.14618265306,1410.04838979592,1453.67020102041,1408.86704795918,1349.92124081633,1558.60070918367,1512.92044795918,1437.37096326531,1493.08264183673,1527.14326612245,1551.19892489796,1515.22303367347,1506.23476693878,1480.80925081633,1387.38884744898,1206.8795805102,1137.36606061225,1206.17700040816,1152.47192102041,1079.66727755102,1037.09158020408,941.198758367347,968.09159,1116.14841653061,1070.27959142857,1122.55591183673,1160.15123,1177.60818836735,1179.01274530612,1192.66551744898,1182.14613112245,1475.55470163265,1470.76804714286,1591.76089897959,1324.8802722449,1546.46752734694,1442.94447244898,1496.2122797551,1423.09355265306,1418.34236255102,1446.61670367347,1552.05518979592,1297.72428734694,1331.09026122449,1392.78205122449,1435.54002163265,1412.09325510204,1232.49474244898,1256.26235969388,1289.72581316327,1330.29505,1166.9505422449,1211.02181306122,1287.52586836735,1639.30848979592,1446.10876816327,1395.26859591837,1473.27254387755,1316.28751979592,1352.17121714286,1456.5051122449,1556.14194142857,1282.28201734694,1373.64445040816,1542.4056122449,1552.09297959184,1599.15593163265,1658.714275,1632.701825,1657.92843367347,1625.99630612245,1499.57684795918,1569.19944285714,1305.78197755102,1377.53428571429,1456.25519530612,1503.67365897959,1487.18114244898,1543.81469244898,1500.43758469388,1451.78136326531,1468.38900612245,1304.41987857143,1284.80897857143,1411.43496326531,1155.02632653061,1190.56280755102,1272.28410755102,1369.03046142857,1115.24353846939,1298.05702346939,1212.98330846939,1175.21238979592,1144.41481836735,1117.06554336735,1077.39019244898,1171.99339387755,1175.86981387755,1278.00436571429,1271.61663,1320.68998142857,1311.31468938776,1201.46852938776,1360.84530979592,1393.74941836735,1407.72799489796,1298.47673265306,1325.89811020408,1287.47588163265,1383.83407040816,1394.39910918367,1339.29891326531,1545.68273102041,1357.6916577551,1651.01979183673,1483.02961306122,1453.84781489796,1561.39879,1375.14936306122,1359.85325285714,1371.41673367347,1620.29862306122,1452.1554144898,1425.2639644898,1273.60291938776,1271.16784285714,1413.33225612245,1173.43639897959,1315.79364612245,1409.56416877551,1323.41948816327,1199.23931510204,1041.52134602041,967.710332755102,1216.03656020408,1247.25662346939,1238.94862346939,1164.85507040816,1198.66012040816,1085.15641326531,1090.51875826531,1164.79326326531,1108.94454795918,1039.69359795918,1109.07359795918,1108.70828979592,948.679635714286,1033.18299591837,991.559809183673,1006.59535918367,1010.01835061224,1040.73712122449,1196.46551153061,1178.91751583673,1174.72039453061,1177.82700102041,1251.09414795918,1022.11288040816,762.552153469388,855.594195102041,862.303695102041,913.888000714286,894.027325714286,1041.51660938776,936.554464938776,886.920754285714,942.743086734694,955.303151632653,1049.66566877551,1013.77964265306,1090.54775530612,1448.96927469388,1287.0691977551,1422.4285577551,1190.04756836735,1057.91441836735,1119.69323061225,1115.31714571429,1013.54788040816,1156.7767294898,1159.7351453551,1181.33374469388,1123.35825479592,977.367050816327,978.185438367347,906.811531387755,906.618430816327,1002.02565510204,1327.14702959184,1358.26450102041,1440.34784693878,1469.32294693878,1489.11124591837,1309.38369591837,1333.5594255102,1360.5026255102,1260.3435755102,1153.41472346939,1056.79297346939,1243.36169285714,1123.00875,1149.85527306122,1197.00562795918,1097.24627184694,1145.67292734694,1458.27244612245,1180.15759653061,1005.88330285714,994.005429591837,1124.90953110204,1165.88194591837,1133.80175612245,1103.24080387755,1244.13034387755,1313.53369346939,1316.77892979592,1507.52361,1385.58420530612,1283.01866538776,1308.28345795918,1293.28846408163,1320.14518306122,1565.41349040816,1651.27623469388,1462.47513469388,1437.43654795918,1597.5842877551,1661.30936959184,1653.1520055102,1916.53774387755,1994.08691469388,2016.20367653061,1737.01769938776,1598.42184755102,1725.01001061224,1607.64719571429,1560.33713571429,1435.83532571429,1248.30641938776,1296.86381122449,1470.18265857143,1419.87839510204,1410.61202897959,1191.37596938776,1263.51726428571,1230.56550897959,1400.41418571429,1268.07947377551,1214.95314622449,1310.208915,1320.71250316327,1320.96560622449,1303.01434193878,1221.42897367347,1232.73010408163,1224.5014805102,1240.72845571429,1008.57144530612,1129.51040795918,1156.40308653061,1420.52625295918,1367.96850295918,1337.92604959184,1332.77198459184,1310.47485071429,1394.47370061224,1386.48919265306,1326.12781428571,1193.11967897959,1158.15425857143,1017.89909244898,1300.29948040816,1076.14468040816,1261.25292632653,1229.04105065306,1159.35490065306,1200.4901244898,1387.17029163265,1433.91177979592,1389.5559155102,1397.94460836735,1383.84475591837,1460.71412857143,1337.47678877551,1195.27919122449,1159.82994877551,1167.62423183673,1190.73878195918,1224.9510944898,1232.9070544898,1318.11635346939,1306.73513836735,1102.91138612245,1103.68345122449,1336.68426469388,985.380465714286,1028.34014071429,931.091134183674,999.652441122449,1043.62012653061,1201.66451316327,1240.46480816327,1236.76882265306,1367.92627265306,1376.4104055102,1487.85882306122,1453.41717306122,1456.70320102041,1324.66694776939,1280.43517787143,1362.92571959184,1255.27085959184,1326.73765959184,1333.34786142857,1126.18597142857,1065.31442459184,1173.64836459184,1204.04377785714,1215.13822785714,1298.58622285714,1309.54151285714,1263.43202785714,1387.80976112245,1373.87202112245,1331.59004938776,1481.51544836735,1625.67423836735,1139.93814836735,1098.47568469388,1106.07242469388,1364.74832469388,1487.31207734694,1388.20743979592,1274.76921979592,1274.44622653061,1190.02196530612,1257.60816530612,1174.81268163265,1137.47423469388,1376.16011469388,1269.44336469388,1278.69652183673,1240.27984183673,1274.6770455102,1412.28370377551,1379.34902653061,1443.06371428571,1372.07136479592,1452.96663979592,1433.37998979592,1472.32856836735,1526.1692244898,1446.47402346939,1424.46952346939,1480.69968163265,1409.79720102041,1321.77859183673,1303.78635306122,1389.49247040816,1621.56032040816,1629.19192040816,1549.04949714286,1734.96676387755,1759.64571714286,1753.37865367347,1761.00809081633,1774.18693061224,1634.55293061224,1531.7021955102,1420.71253979592,1312.19412346939,1147.48392346939,1120.59847244898,1087.33437244898,1252.16827244898,1235.42442,1338.27774244898,1321.53474122449,1339.63113387755,1320.2036022449,1286.42624183673,1304.09811979592,1392.13377918367,1466.57123346939,1248.87017346939,1148.26766632653,1035.20823132653,1096.20555571429,1021.17601571429,990.731631428572,1042.09743142857,936.805357959184,1021.77009846939,1097.2904744898,1205.07432244898,1479.88724428571,1531.77269428571,1465.73650612245,1563.46671795918,1517.45521295918,1386.99956795918,1499.08676795918,1410.08141795918,1387.42400040816,1221.27038204082,1383.4790327551,1293.88046285714,1275.47561285714,1420.59098535714,1512.14755857143,1353.90075857143,1344.33795857143,1385.89125857143,1203.61665857143,1222.24480857143,1286.11510857143,1474.61315979592,1395.80681887755,1369.18896887755,1327.80753836735,1373.06332693878,1317.84403840816,1301.67797959184,1369.85180612245,1433.31770612245,1465.40507755102,1254.56548163265,1336.80894489796,1525.10930306122,1492.01474081633,1516.42499081633,1461.44901938776,1402.41322040816,1480.01488469388,1616.20502346939,1482.45482346939,1237.78768469388,1389.24358469388,1338.26023469388,1203.87075081633,1193.05440081633,1146.03915806122,1171.68348326531,1135.47586204082,1048.51441204082,996.170239183673,1053.18719877551,1051.19394530612,1065.57312632653,1005.56964102041,1109.6661627551,1050.3765627551,1096.41708306122,1009.53077346939,937.955330408163,1330.81532387755,1132.50926530612,1069.53599020408,1254.80247326531,1258.41671428571,1240.85681142857,1263.20307306122,1347.2186422449,1237.00184632653,1325.55824489796,1264.92965857143,1183.58978489796,1126.73880979592,1257.74936040816,1333.47450132653,1285.82618204082,1295.93473479592,1675.99691530612,1525.94428489796,1286.8818622449,1465.63457653061,1292.7303622449,1477.3307244898,1325.42803673469,1575.82555530612,1508.98324010204,1454.57221489796,1590.39458326531,1700.97398326531,1718.42985244898,1669.37335244898,1542.01578408163,1461.27238408163,1710.11735346939,1599.01943857143,1496.75429163265,1640.48113265306,1772.46194591837,1791.62134489796,1534.65015306122,1521.51633204082,1428.02366938776,1516.4483077551,1494.73249877551,1577.63478714286,1387.95408795918,1417.98223691837,1403.53804222449,1334.32361081633,1019.76925510204,1086.53616938776,1170.37551306122,1225.75046734694,1245.83783938775,1270.02070112245,1297.87919612245,1291.82328673469,1361.03051877551,1165.77632530612,1211.11972530612,1172.69462530612,1222.00872530612,1185.24266571429,1297.56256897959,1205.62200071429,1191.49558622449,1261.74424938776,1453.2175222449,1332.86089806122,1231.3485455102,1331.26068020408,1221.74275265306,1334.87000979592,1269.73455061224,1324.43885061224,1334.89429081633,1301.09740857143,1299.04031020408,1107.24291530612,1160.94643673469,1209.63248673469,1297.59266122449,1226.20355,1279.49801734694,1219.14805979592,1352.36538469388,1353.46829591837,1359.17492755102,1450.79872428571,1500.13971326531,1395.96726326531,1365.40332142857,1398.23792142857,1226.35246020408,1300.10212326531,1292.01786336735,1293.19764877551,1324.49978877551,1381.97063877551,1426.46631632653,1434.45401632653,1365.68833163265,1445.4663244898,1261.38270408163,1374.75973673469,1280.77978510204,1315.45716938776,1392.19510510204,1352.25575816327,1337.30711316327,1308.79310918367,1478.24774122449,1387.62205102041,1387.84054795918,1352.05929795918,1257.92765795918,1196.40904795918,1191.30344897959,1272.78254489796,1168.97353979592,1176.1762744898,1325.34596387755,1261.53919591837,1347.4729755102,1295.3746755102,1174.71620489796,1180.41358959184,1298.03667387755,1182.50681204082,1294.93042755102,1411.81042755102,1443.26848306122,1360.6629177551,1111.85538959184,1343.00601591837,1460.46216571429,1587.44698367347,1539.64795469388,1650.54683602041,1565.99857591837,1583.85405285714,1517.04899122449,1599.62814918367,1343.12978469388,1277.69479387755,1409.27075081633,1444.28633102041,1286.63101265306,1232.36502714286,1392.21543510204,1392.74907632653,1475.48127783673,1437.53322783673,1291.9935444898,1259.21952346939,1315.28548755102,1055.94086857143,1104.59173265306,1201.73924408163,1236.96486959184,1176.51282979592,1024.56704530612,1010.82952653061,1193.17786040816,1159.3227122449,1193.3745122449,1143.62623,1129.07850306122,1033.74210306122,1067.82807653061,1008.27910244898,967.517209857143,1137.32818326531,1083.40178326531,1075.81688326531,1305.72503326531,1287.90280432653,1223.95589828571,1165.86619293878,1216.89992306122,1150.51718632653,1123.87214112245,1247.95727112245,1254.70860806122,1252.74401632653,1207.99875510204,1169.93103061225,1312.67911428571,1448.35579285714,1449.22328734694,1451.16888204082,1427.9685122449,1451.3864122449,1343.10953489796,1400.76122367347,1219.35376836735,1212.73239489796,1194.0332277551,1147.74225030612,1188.5375544898,1250.05888061224,1139.80088061225,1242.95652244898,1296.24238877551,1215.5342744898,1181.57359795918,1351.61247755102,1342.58551326531,1344.15015306122,1432.89363877551,1469.78995918367,1506.57547959184,1355.00117918367,1399.67133367347,1224.74916632653,1290.04861704082,1215.42704091837,1377.59502397959,1492.87626887755,1541.82992357143,1605.46978857143,1662.72930244898,1586.14805244898,1526.74521673469,1515.72865326531,1374.06669163265,1544.25119489796,1505.97080906122,1488.05280906122,1529.38010906122,1533.61405906122,1334.73128571429,1243.4678877551,1224.0027022449,1310.90243571429,1359.99632040816,1549.2642,1333.60837346939,1169.48254697959,1057.63579697959,1198.71543326531,1192.92435836735,1293.77500836735,1268.55665836735,1280.24381979592,1328.25341326531,1480.28046714286,1358.70996714286,1291.75066714286,1194.01260428571,1253.31080265306,1416.19759693878,1370.64094693878,1320.92374693878,1149.82149693878,1271.97328193878,1237.26791459184,1378.48392959184,1408.74882959184,1433.35590265306,1517.03237510204,1477.78531765306,1282.26097653061,1435.39292653061,1330.24097653061,1387.67640346939,1320.72324928571,1219.68887428571,1203.50526428571,1163.53571428571,1197.36632204082,1204.85459081633,1289.10383591837,1082.89132591837,1040.37600734694,951.416926938776,982.6851,1082.22675530612,1070.51465918367,1186.15002040816,1179.93795714286,1207.26364387755,1160.11744693878,1308.78249081633,1296.80863979592,1259.04013979592,1323.98546530612,1281.5452455102,1423.6675455102,1228.44329755102,1295.08515918367,1153.264985,1151.68142765306,1210.09126653061,1262.03397877551,1147.83692673469,1265.0131522449,1307.93670408163,1401.06404387755,1313.24191306122,1414.15321306122,1328.8743977551,1242.4991477551,1237.75626714286,1322.66877591837,1291.53492673469,1441.52225877551,1340.49936408163,1341.66560183673,1241.58356714286,1237.83401734694,1142.68680408163,1189.49815673469,1262.96956734694,1162.87551734694,1105.78884183673,1133.0091355102,1107.0187105102,1091.16112469388,1236.27066408163,1243.77681561225,1335.8508544898,1385.9858622449,1164.43584897959,1303.86355612245,1363.88180112245,1393.3003255102,1197.68603785714,1286.00446846939,1220.43524163265,1231.56275204082,1021.67489122449,975.156142244898,883.72446122449,767.068233163265,787.488155714286,771.10084122449,769.243244489796,714.910280714286,762.274277959184,772.389378979592,875.560428571429,845.427278571429,860.684278571429,774.891998571429,765.746943877551,791.724456530612,967.688181632653,1049.76229081633,964.548858163265,964.282886734694,1096.21267755102,1094.66903877551,1018.63272040816,966.928220408163,1173.41473979592,1189.36502346939,1280.15807346939,1390.33562346939,1233.39577346939,1259.54407346939,1185.53407346939,1156.58677346939,1256.83687346939,1216.33102346939,1166.10976581633,1375.3604344898,1361.10417173469,1404.12338612245,1326.65783612245,1214.90703612245,1421.99507112245,1283.09646836735,1410.05856836735,1273.81599336735,1494.65571836735,1487.50312530612,1473.27114734694,1521.83172081633,1772.80511581633,1560.56498326531,1541.30116061224,1486.97737122449,1486.13064632653,1428.52249571429,1349.9524777551,1314.02032857143,1386.73295408163,1445.43874693878,1548.49749693878,1490.99889693878,1589.67594183673,1622.25260612245,1539.71680612245,1409.19580918367,1345.00186632653,1227.34849489796,1111.75481632653,1254.23611938776,1303.40724081633,1316.33673469388,1398.94676959184,1565.05387469388,1464.23353857143,1351.11677867347,1409.75541336735,1491.78707887755,1517.50352612245,1599.1630377551,1570.28730918367,1397.38387969388,1381.292,1530.87581081633,1562.01154816327,1518.3923977551,1509.04344897959,1605.81193673469,1530.11615489796,1465.46870387755,1426.73582795918,1387.49467081633,1393.98882673469,1356.32005244898,1426.78023959184,1540.63280816327,1535.16333285714,1385.20375836735,1412.82282102041,1568.09816742857,1467.48050081633,1455.85583367347,1435.23753877551,1294.90923877551,1286.97393877551,1158.98474265306,1094.09021836735,1315.39733530612,1332.2349955102,1230.19446827551,1362.19272959184,1221.85090510204,1228.11416632653,1058.6776744898,1287.48868571429,1254.47630714286,1222.67985612245,1495.23746122449,1504.52811122449,1516.04769081633,1329.38589081633,1366.43962673469,1291.19677673469,1328.33754918367,1433.72111020408,1432.63743673469,1394.65953673469,1277.10230408163,1326.34130408163,1223.02291020408,1347.04240612245,1575.99352112245,1673.94168163265,1517.11044795918,1455.65994183673,1409.94703765306,1377.57298214286,1339.24113525714,1325.55372489796,1252.16297653061,1572.81355877551,1394.35191795918,1242.12685673469,1284.84310918367,1324.87641530612,1250.00520714286,1282.56713061224,1042.04410510204,1051.11256010204,1237.10538367347,1216.16154183673,1140.91887959184,1275.23849081633,1429.81744897959,1285.73841836735,1204.89961632653,1237.54222142857,1276.31974081633,1329.00109591837,1313.05336836735,1377.64555816327,1397.27521020408,1377.30561714286,1382.06611122449,1345.54679510204,1199.08305408163,1054.47933306122,1047.22118306122,1126.64120142857,1194.13231571429,1205.54738836735,1143.63270591837,1037.06430591837,1107.12840591837,1105.94730489796,1315.6873877551,1398.1146377551,1392.7072377551,1523.31259489796,1453.87074489796,1444.47994285714,1194.12694428571,1354.1315755102,1408.79079897959,1531.86759897959,1354.79165612245,1325.65040612245,1285.01340612245,1261.13234591837,1248.10799591837,1358.53709591837,1526.89779591837,1566.76945510204,1555.42450510204,1635.87277510204,1479.29185510204,1465.30180510204,1513.02685510204,1482.77980510204,1407.86290510204,1477.90940918367,1413.30625714286,1347.89692040816,1569.44824489796,1404.41282142857,1490.61805408163,1530.61309081633,1514.20896020408,1578.18666020408,1552.74126020408,1550.24346020408,1668.03061020408,1565.96962244898,1566.43267346939,1686.50427795918,1705.29299489796,1551.61809489796,1383.52254489796,1427.96912346939,1341.97050918367,1411.98179897959,1492.03422530612,1399.99146918367,1258.29195387755,1335.05784122449,1279.08958795918,1208.4024255102,1331.85054632653,1308.62904632653,1115.50336204082,1135.07897918367,1132.47745734694,1101.22190559184,1172.06912428571,1108.14520428571,1232.03686255102,1333.42001305102,1178.80269570408,1220.5190115,1254.78041429592,1367.46050470408,1183.61711511225,1157.37309307143,1227.30387368367,1254.11342795918,1206.57639342857,1319.43725081633,1031.09087306122,1141.27031857143,1148.4282722449,1286.69865571429,1441.52165877551,1379.5133644898,1328.78967244898,1027.45539285714,1201.05754081633,1346.05731122449,1402.76527857143,1412.1631255102,1290.88510510204,1364.66592857143,1211.75740102041,1224.04633571429,1215.72658571429,1330.10668571429,1228.60078571429,1238.84410204082,1244.15418265306,1357.51853163265,1229.25140306122,1234.7496255102,1356.89749489796,1424.74448469388,1304.03168469388,1324.48166897959,1449.92004081633,1479.23222530612,1438.70772530612,1304.79089244898,1208.12939244898,1160.45756326531,1159.54106979592,999.615219795918,1085.60243285714,1048.24938285714,1196.13648285714,988.598373469388,990.930186122449,897.677487857143,1231.72497112245,1064.87247632653,1030.06648061224,1075.23333408163,957.97025122449,937.772066938776,838.076442142857,656.868590306123,816.346255612245,739.136019897959,1066.09712438776,902.429855204082,1044.92230846939,1060.74460846939,1020.07967061225,1043.10767061225,1283.15231040816,1204.19696040816,1223.5184,1306.44815816327,1330.68290816327,1220.4199527551,1154.68440306122,1010.32863846939,1183.09172244898,1053.50300102041,892.013139795918,899.153683673469,1024.85717129592,1011.48688346939,1298.53708346939,1285.13017795918,1259.21411816327,1305.04316816327,1134.98124979592,1090.80122591837,1310.6653405102,1335.0683755102,1481.85990204082,1501.25070204082,1406.61555204082,1273.52893704082,1336.96662244898,1541.31582346939,1352.21717040816,1239.42238102041,1561.21378102041,1341.08913142857,1357.79596530612,1240.70526306122,1400.07466265306,1455.05421612245,1458.07930040816,1612.48019546939,1745.13397306122,1782.48686734694,1726.43570755102,1592.61444632653,1744.33144877551,1709.08070428571,1745.91875428571,1737.95367265306,1735.51371391837,1665.42291391837,1738.48176391837,1426.76451391837,1637.90928183673,1620.76438489796,1666.87576244898,1724.06801244898,1586.62098632653,1627.07665,1544.63462122449,1409.11065632653,1465.13966969388,1467.92157091837,1241.75651489796,1166.46563530612,1028.48925,1046.63160171429,1154.75468122449,1336.20269877551,1276.2215122449,1343.1504722449,1196.8083155102,1315.1176055102,1219.51480408163,1174.21139163265,1244.91176663265,1309.58766734694,1311.21247020408,1405.38266346939,1326.78897877551,1253.82619897959,1266.423,1269.11996469388,1360.3408,1261.07934938776,1325.81407877551,1255.15974326531,1291.52205887755,1294.19339076531,1373.51323061225,1330.94654387755,1401.16796938775,1062.94664795918,1111.57892755102,1078.99471632653,1125.67915816327,1184.27279591837,1281.39373367347,1410.78933265306,1311.72994183673,1074.99054142857,1337.65794693878,1565.8039744898,1474.21523102041,1340.9415022449,1356.43772153061,1273.618405,1535.41047877551,1516.14193673469,1457.20936816327,1550.8255877551,1332.94604520408,1402.37655959184,1520.50420265306,1544.16895955102,1461.32405853061,1326.98327795918,1376.9147477551,1438.66010122449,1384.53548963265,1380.42905220408,1416.82985220408,1384.16123702041,1334.76684693878,1437.83634693878,1263.31771244898,1206.57894653061,1058.93686346939,1021.16576938776,979.32663122449,1029.35980204082,1028.83918306122,906.796529591837,1033.5123622449,1096.8851172449,1061.88317673469,985.634798979592,1026.85062306122,1128.77303806122,1072.39004122449,1025.68697622449,1079.59762438776,1079.40976163265,1083.96172897959,1133.37433163265,1177.54858163265,1003.71081734694,1021.4612,1145.13394795918,1241.30374795918,1182.94443469388,1191.23179387755,1117.78137244898,1163.56286489796,1150.0304777551,1247.7873177551,1244.99788897959,1310.84626122449,1313.33496693878,1207.55181542857,1148.19481542857,1200.63515142857,1297.25388142857,1349.43934591837,1391.05845653061,1369.05430653061,1397.14752183673,1472.75143183673,1333.14369755102,1242.93755255102,1203.35311755102,1261.28331908163,1235.3486594898,1413.1685444898,1432.18862571429,1434.69812714286,1341.45332714286,1379.35039387755,1310.7642244898,1077.317565,1277.86280091837,1222.76851112245,1242.37192744898,1331.52005204082,1260.49776326531,1325.03237142857,1325.08861714286,1272.25968755102,1328.0646622449,1409.62433971429,1454.59353591837,1393.36020918367,1299.21094836735,1369.03095367347,1381.11540346939,1241.64605346939,1284.51771040816,1464.14813938776,1381.42051979592,1318.72270836735,1370.18476326531,1412.02409285714,1273.8976877551,1367.62625,1212.03826020408,1222.54901122449,1230.42668673469,1267.11237653061,1167.58552428571,1253.40323367347,1284.28898673469,1381.73930816327,1370.7865544898,1495.25343163265,1407.86873265306,1395.34233265306,1478.44167857143,1229.66201020408,1389.23296020408,1436.94679081633,1531.79831122449,1316.27199693878,1534.10015714286,1500.84438571429,1479.43761530612,1551.09677755102,1673.56778836735,1536.84653581633,1616.94320663265,1304.32515316327,1349.6979722449,1362.98981102041,1350.30384295918,1314.30187408163,1373.38295714286,1366.73466693878,1254.62432653061,1328.92886632653,1188.34526887755,1330.24580482653,1328.78190686735,1278.4424122449,1226.02292142857,1180.5389005102,1270.13752653061,1234.66322653061,1238.21477653061,1323.17009081633,1214.28736020408,1142.38401020408,1163.41403979592,1061.36349571429,1233.71753040816,948.833344897959,976.070508163266,1013.52225816327,1090.43746122449,1020.92393,1098.40218387755,1179.94677734694,1313.62244693878,1015.52318367347,985.59248367347,1128.96243367347,1031.17901632653,1047.40948367347,1129.83456346939,1148.93382408163,1113.37527938776,1091.44180346939,972.741806836735,973.352987653061,1009.87858265306,1038.92287897959,855.098283673469,788.059172959184,964.926698877551,1164.64218397959,1239.06106081633,1176.94347918367,1464.27380938776,1330.30386306122,1425.40242765306,1407.31870255102,1401.3660894898,1247.87125836735,1341.54403529592,1346.34550264286,1279.98604734694,1280.17170591837,1233.81248673469,1177.72868673469,1231.22580969388,1275.75530836735,1213.09340836735,1154.02154816327,1553.20915816327,1495.61545816327,1368.28820204082,1397.31560204082,1535.08700204082,1312.67796734694,1407.97746734694,1432.82226734694,1431.14145734694,1459.24911734694,1521.28845408163,1400.61935408163,1597.15910408163,1527.76571632653,1487.25638673469,1501.80758673469,1498.81673265306,1605.95952040816,1475.87027959184,1665.70460306122,1519.69670040816,1531.08620318367,1418.64261818367,1593.42020065306,1607.26535065306,1816.57417244898,1472.5539927551,1524.06079377551,1494.97823877551,1433.57129795918,1513.08814795918,1482.61522142857,1556.27197142857,1564.33959714286,1430.01923795918,1427.18320306122,1480.58585,1516.90064795918,1436.49050306122,1442.53245510204,1276.90124183673,1247.48705612245,1075.72782081633,1114.73746428571,1166.74385959184,1209.71689571429,1091.08589204082,1156.99049204082,1309.33994204082,1155.82537069388,1088.68010877551,1281.16587122449,1238.21222408163,1254.23001061224,1216.48858836735,1303.35743632653,1157.7314677551,1137.26393530612,1093.52203408163,1100.07380979592,1008.88813653061,1157.60234959184,1083.62235816327,1034.34225693878,1136.68397632653,1096.63710836735,1188.98034673469,1447.38598755102,1418.50322897959,1461.98857877551,1478.63374428571,1387.51581122449,1454.96783918367,1395.77873244898,1450.91918244898,1454.0378622449,1268.18296,1286.42071008163,1258.26805885714,1268.6298964898,1286.48763081633,1370.22432081633,1288.8742255102,1124.28252663265,1078.865245,1039.92671846939,1107.72082418367,1017.89317418367,977.619359183673,1072.88433938776,1077.71274938776,1066.4629922449,1095.6723422449,1034.34598795918,1052.10904795918,1000.72700489796,962.584254897959,966.881232653061,1071.04557581633,1047.45400346939,1042.51677102041,1057.11209816327,901.16203122449,967.12618122449,983.19468122449,1116.78110897959,1003.06997816327,979.103124081633,1019.63457408163,1190.05287408163,1142.37347081633,1053.40833153061,987.44538755102,1097.42851255102,1223.73348204082,1232.93401591837,1027.65054897959,1019.78574897959,1062.58723673469,1152.61980714286,1484.31112244898,1331.72455744898,1348.65146020408,1297.79954020408,1526.96951020408,1538.54138571429,1409.98943571429,1446.34613571429,1522.29283571429,1495.00903571429,1374.37528571429,1365.82748979592,1344.97748979592,1391.44508979592,1422.28456530612,1327.52157653061,1353.71647653061,1164.75599510204,1171.83048591837,1282.85775714286,1097.67550510204,1389.65949693878,1254.3963722449,1341.79510979592,1171.2959494898,1179.76607857143,1314.42236591837,1406.49456591837,1459.08514581633,1366.62568826531,1396.23089326531,1363.08330387755,1394.17770612245,1295.77207734694,1293.75061755102,1380.42781755102,1506.79344346939,1405.50864346939,1457.32174346939,1577.58980367347,1557.12787959184,1485.90474693878,1558.63104693878,1533.52197346939,1289.3861377551,1301.07068673469,1339.0364244898,1358.3946244898,1054.72102040816,1092.52239183673,1079.64176336735,1089.47616336735,942.431535816327,1006.84504540816,1119.16501540816,1148.37527040816,1102.15407040816,1227.07312755102,1126.46332755102,1144.73493418367,1067.78850918367,1111.36170918367,1107.77040918367,1008.16410918367,1116.29934693878,1104.56665693878,1136.50549693878,1186.23259693878,1146.83569693878,1402.08466081633,1193.85280081633,1071.18079081633,1069.14981081633,1131.40554081633,1104.85457142857,1121.70677142857,1129.76610102041,1188.19200102041,1235.17955510204,1022.09345408163,1096.64410408163,1115.78260408163,949.764923469388,1196.26697346939,1130.52661734694,1014.44348887755,988.592142857143,1211.6277155102,1137.60303673469,1005.49698336735,961.66908122449,816.871702244898,763.49322122449,807.469976938775,818.447303265306,854.206054081633
179.265306122449,1213.13385816327,1211.14245897959,1254.5762244898,1228.3553244898,1206.0097255102,1396.9742794898,1311.0892294898,1315.6395244898,1463.9088244898,1517.79241530612,1434.23562308163,1372.21477122449,1183.81464173469,1294.80338377551,1369.5315244898,1524.93715469388,1549.79926734694,1644.78776734694,1433.51872020408,1609.59167346939,1636.1531427551,1570.20247734694,1496.89250040816,1489.99507673469,1402.20935795918,1381.31388612245,1379.4999044898,1485.69168540816,1548.72419040816,1496.01405406122,1511.23823714286,1277.39894740816,1410.95663928571,1225.73819704082,1393.82620867347,1313.57725867347,1330.15740459184,1352.42538285714,1264.77894714286,1195.12392142857,1200.21932612245,1201.73375163265,1153.60981857143,1118.26977938776,1228.70032142857,1389.65486428571,1387.02306285714,1343.21001285714,1271.62973795918,1300.39369406122,1168.92284132653,1299.6557617551,1374.95693387755,1283.23548040816,1202.57556734694,1196.21860714286,1221.67875,1264.35400469388,1355.58370591837,1353.47550061225,1255.97161285714,1268.23813081633,1292.79453285714,1212.46881518367,1272.56553518367,1158.91885755102,1237.16080755102,1253.25738755102,1434.39547673469,1361.12011367347,1437.50280938776,1352.52781978571,1392.60696802041,1344.83646802041,1391.59232612245,1250.82158,1352.17424857143,1351.61314734694,1174.63677357143,1153.98476591837,1266.49962938776,1418.22467653061,1455.74109387755,1373.94201891837,1392.31538673469,1186.35338673469,1236.95824510204,1268.88949510204,1183.76689510204,1352.84427510204,1288.97397510204,1451.10854530612,1264.53158959184,1008.80963959184,1046.49250459184,1182.68528959184,1228.99778959184,1123.42864795918,1112.32920295918,1211.86979795918,1196.25397295918,1262.43076673469,1114.90229673469,1079.64344673469,1010.67309673469,1098.86246959184,1246.09801959184,1187.82306959184,1168.05531959184,1381.27374489796,1520.93779489796,1252.95015428571,1356.12299081633,1578.02699897959,1532.06144591837,1398.17170918367,1565.67505918367,1743.66440816326,1681.16993122449,1492.21251591837,1528.53441591837,1567.46670938776,1603.74242693878,1502.14683326531,1377.25911285714,1381.03024902041,1390.43199902041,1412.30394902041,1325.90124902041,1435.22807673469,1300.41289102041,1160.30684102041,1148.39666285714,1247.62114673469,1287.19765,1386.21954489796,1555.52729489796,1399.6851587551,1447.44886663265,1660.20779387755,1640.46689387755,1724.46263571429,1649.50462040816,1653.99067653061,1581.99712346939,1653.91071326531,1671.3060377551,1635.6733877551,1717.74292244898,1607.96842244898,1493.64662102041,1339.24812102041,1413.20947102041,1484.09732102041,1609.86525602041,1608.40052102041,1610.11507102041,1618.61372102041,1534.1040722449,1419.61103326531,1461.5667855102,1405.0307205102,1449.1003255102,1593.4837755102,1555.6447605102,1663.7883255102,1611.2236755102,1755.3117255102,1566.73223979592,1675.28913979592,1686.87063979592,1670.05883979592,1540.56475306122,1540.64567142857,1505.40843846939,1504.87794846939,1437.95319285714,1653.56076081633,1624.53397653061,1577.8499844898,1610.26333197959,1650.18535428571,1726.42298571429,1744.75481530612,1796.28626469388,1706.66393530612,1646.97877030612,1607.96765744898,1454.63927377551,1535.85588877551,1584.45963877551,1574.44728877551,1573.51078877551,1644.35863877551,1666.97069071429,1646.45570255102,1579.09960765306,1679.00358265306,1570.24204795918,1579.66224795918,1676.09889795918,1518.96852959184,1512.55197408163,1620.20537867347,1506.54575867347,1506.17486867347,1417.86568367347,1656.91173367347,1535.76863367347,1614.57788673469,1570.5664244898,1359.27531938776,1273.09295714286,1384.82126591837,1348.10984438775,1252.81678979592,1266.31708428571,1215.03698795918,1241.96683938776,1190.04107734694,1212.76937428571,1230.94503785714,1417.54680877551,1359.71195571429,1450.56606091837,1525.95841445918,1437.61283058163,1564.36817160204,1543.06086632653,1519.56951632653,1779.35243102041,1700.15862142857,1606.05813346939,1701.03251346939,1595.81153571429,1658.29229183673,1686.87184591837,1745.26724591837,1724.94829591837,1581.86089285714,1572.33147785714,1527.21955612245,1678.81669591837,1667.96304591837,1745.46589591837,1878.11719591837,1781.65300918367,1712.93449489796,1659.92908877551,1645.72931632653,1539.42104795918,1368.3922255102,1650.46040918367,1602.33625918367,1579.84739285714,1518.85412653061,1531.61582959184,1508.46192755102,1514.51687959184,1605.65003989796,1532.19078989796,1407.22881530612,1319.06247653061,1517.59362653061,1306.0185255102,1436.63538061224,1484.53773591837,1407.19434387755,1385.04041530612,1283.47484489796,1365.82725,1463.02575408163,1245.44375581633,1288.52300408163,1162.81774183673,1072.5669955102,999.776773673469,1052.10740061224,1236.05142285714,1335.3753,1178.88255,1307.21494730612,1237.0350122449,1243.6191622449,1346.4721622449,1426.9439372449,1351.74251693878,1180.68086795918,1329.69669571429,1508.96701795918,1396.69161632653,1419.37752214286,1550.53445714286,1567.51198571429,1679.83057755102,1633.3574922449,1760.86215122449,1666.81896,1496.45064306122,1344.72574979592,1385.93789979592,1322.64416816327,1429.9010194898,1318.85720857143,1281.29982357143,1179.07788,1243.27026367347,1290.01912816327,1135.77869795918,1143.88953938776,1262.34751744898,1064.38574244898,1358.03474244898,1511.63650673469,1574.33443122449,1556.28367857143,1582.62272857143,1583.16865469388,1633.10587428571,1674.3017755102,1519.78309734694,1463.86605693878,1565.07082295918,1465.96164591837,1480.83784387755,1426.42974387755,1449.92509387755,1428.66574387755,1463.53901887755,1631.47641122449,1647.92592635714,1559.55318285714,1489.87283040816,1695.77192040816,1711.57099489796,1548.40553438776,1683.59959459184,1581.13635479592,1535.91461540816,1661.51041428571,1659.94331020408,1515.24110979592,1469.7055722449,1617.2616922449,1559.6427977551,1538.45889020408,1582.3327905102,1632.15598489796,1371.08686102041,1457.10803571429,1486.31589469388,1477.65613040816,1618.56013040816,1568.94644877551,1513.26181163265,1623.21271081633,1842.40354612245,1706.8288077551,1598.5406577551,1728.45605326531,1712.53479326531,1678.5942522449,1645.63010918367,1542.14225918367,1713.62478959184,1584.56912306122,1812.95573979592,1743.4579755102,1668.84248836735,1511.54669836735,1549.72571836735,1648.84371836735,1566.28921693878,1490.44067857143,1526.13643816327,1513.82153387755,1618.25908408163,1624.01608408163,1814.11012346939,1643.15416122449,1615.36891122449,1656.57228571429,1671.97218571429,1890.32128163265,1576.94818163265,1649.38201632653,1811.42716632653,1738.37221632653,1692.96199540816,1677.78202040816,1637.58248571429,1656.81802653061,1738.16875102041,1506.93792704082,1396.90658510204,1637.40412040816,1488.66559591837,1380.6427255102,1426.69603602041,1586.15287357143,1484.36298061224,1431.87246918367,1338.06625836735,1339.5723244898,1311.75890571429,1378.02000734694,1501.23471836735,1412.08288877551,1344.33967938776,1503.54787510204,1424.21368265306,1654.52396122449,1362.32774612245,1496.48122755102,1572.80876061224,1154.40820908163,1355.67884704082,1262.3434994898,1395.56489857143,1299.30011883673,1260.74180326531,1239.67672826531,1382.73058673469,1596.82893571429,1705.31670714286,1533.36586938776,1373.66913673469,1336.49206204082,1436.43220367347,1395.23555785714,1393.04165014286,1342.47577346939,1233.38085612245,1196.18707,1378.60036734694,1488.31934102041,1597.10244755102,1475.71638693878,1362.95529816327,1270.64904142857,1222.87288571429,1168.58534959184,1245.21234836735,1424.86448979592,1356.22395408163,1454.51482122449,1280.55622982653,1425.45402265306,1325.03644346939,1332.22029,1388.06872979592,1200.6894944898,1272.44362530612,1261.90575938776,1562.23760877551,1454.92906469388,1418.45192938776,1474.39354469388,1527.37774408163,1461.17956469388,1415.45387326531,1520.32672979592,1371.71923244898,1469.65636234694,1501.73422865306,1521.69052265306,1449.1513322449,1634.19372,1469.61889642857,1558.54464142857,1602.62799755102,1707.22130142857,1645.39354142857,1697.23826795918,1573.23492326531,1552.53254285714,1523.50596122449,1517.96057326531,1470.68583183673,1559.70553469388,1465.39763265306,1492.77348367347,1528.22626408163,1491.12866908163,1525.29388408163,1544.39978081633,1575.66112959184,1643.71910469388,1566.97648061224,1555.45748346939,1679.0207555102,1642.8018577551,1746.81611469388,1659.88167938776,1683.34002938776,1751.92763163265,1743.08268265306,1733.30289959184,1734.88134959184,1615.80178693878,1577.94988693878,1522.67551693878,1468.32205877551,1584.03643877551,1591.21798877551,1633.56200510204,1662.16207734694,1572.33047653061,1326.35939061224,1246.54910163265,1309.04478,1327.84358826531,1408.17391816327,1483.82330367347,1305.5063977551,1310.6312977551,1381.5820477551,1288.85196306122,1358.12711693878,1300.34917316327,1308.20110769388,1368.73260769388,1449.76815220408,1428.96030220408,1624.48920220408,1655.04601720408,1828.80930220408,1719.758805,1662.176355,1564.794905,1571.162605,1512.43526030612,1558.20558530612,1559.76409081633,1582.39114571429,1538.38969530612,1448.14012346939,1749.88256632653,1694.4398,1525.9778,1367.53835,1436.08858571429,1536.59076122449,1547.3259122449,1450.9804744898,1578.1755244898,1565.5368244898,1586.21582959184,1590.641955,1554.7635,1534.19265,1622.96885193878,1674.20074193878,1643.00733397959,1677.90808367347,1413.66733367347,1430.94602695918,1669.52518367347,1804.78867581633,1650.8794244898,1425.40764387755,1608.3345655102,1773.9743155102,1781.18709887755,1832.48007877551,1759.91341326531,1799.65655918367,1668.03916142857,1749.01857734694,1771.10955102041,1584.98340571429,1513.90560571429,1625.99685571429,1676.97833204082,1612.71086704082,1596.64682877551,1521.40655479592,1604.72376744898,1578.98823897959,1329.99929244898,1312.37562279898,1225.03435034694,1316.56447795918,1448.79398346939,1359.96336653061,1405.54150816327,1333.68177632653,1342.5135422449,1421.67729020408,1490.24629489796,1582.92991346939,1665.02087857143,1588.00909408163,1461.98272469388,1533.07690306122,1509.21478734694,1452.53497020408,1423.22984632653,1532.01311938776,1618.09931938775,1595.47934693878,1599.20924693878,1559.34933826531,1496.67511714286,1440.5438444898,1588.01062867347,1562.16429285714,1581.55347795918,1658.09458285714,1622.90133571429,1480.68975040816,1511.71445040816,1423.57788061224,1436.15092557143,1487.68882704082,1548.28290979592,1465.59841530612,1480.46477959184,1462.50814346939,1279.79862183673,1339.68290918367,1366.04768367347,1224.65704693878,1395.85139367347,1441.71010265306,1234.25667183673,1293.69512061224,1242.14188755102,1273.33496265306,1342.50909,1298.03784,1313.11809,1594.40724,1481.3781544898,1497.77875816327,1489.86010816327,1502.97337959184,1624.23908163265,1495.97532663265,1644.87703877551,1707.61943877551,1460.72842244898,1387.04992244898,1413.67935469388,1517.46842969388,1569.68007408163,1454.87624285714,1538.66720908163,1357.92340204082,1391.21190204082,1316.34622040816,1274.46693183673,1183.32930122449,1181.30314336735,1208.6244344898,1200.9539355102,1035.22212918367,1107.50519581633,1265.60913530612,1259.99436530612,1134.67008530612,1217.77065244898,1288.61711469388,1308.67441326531,1386.77145510204,1404.07222346939,1322.56702346939,1325.95807142857,1410.35360816327,1492.76708571429,1440.99640959184,1589.25871244898,1620.18150897959,1687.91012510204,1713.70687653061,1702.45903571429,1697.88703877551,1632.08904795918,1530.31485204082,1636.17226428571,1626.45126530612,1601.79756530612,1550.45557040816,1694.39961673469,1532.38666387755,1392.21608163265,1374.11471591837,1282.99549826531,1276.28346253061,1253.60990163265,1390.79369857143,1300.25400279592,1310.40784632653,1224.81951469388,1340.53699816327,1443.32184795918,1535.19484897959,1648.00358469388,1749.48458469388,1716.6971877551,1477.8038377551,1482.1727377551,1529.6599377551,1476.4902877551,1439.7849277551,1442.64704183673,1513.74774795918,1619.28503979592,1594.22968571429,1541.41500102041,1525.44227244898,1573.33492142857,1743.93743673469,1741.47916938776,1645.0038255102,1621.13123673469,1567.27204387755,1334.75399183673,1490.84089897959,1772.19904897959,1591.84505816327,1597.35671938775,1641.94392959184,1596.49431326531,1469.23126326531,1529.23816938776,1558.36049897959,1542.2960622449,1437.6196122449,1537.8462822449,1435.79446836735,1445.53920102041,1351.79285306122,1463.69588061224,1367.99592387755,1451.75838571429,1462.58106020408,1660.78540612245,1637.80855612245,1627.55068653061,1634.88649622449,1871.49322040816,1662.01681714286,1563.79741040816,1455.41320877551,1507.63718530612,1805.04946306122,1527.23299918367,1503.97877408163,1573.93482571429,1630.72920102041,1683.31953265306,1587.46820040816,1661.91116265306,1633.45191673469,1675.19108693878,1563.54625193878,1551.44961969388,1606.98302273469,1704.6905744898,1739.71634836735,1748.21472142857,1738.37322142857,1913.96975285714,1746.86330285714,1858.00511285714,1945.32996632653,1820.31470102041,1655.48315102041,1612.29001306122,1555.64451326531,1578.00090326531,1483.88938826531,1388.00603163265,1430.57499693878,1491.30108093878,1512.58881767347,1602.73693367347,1605.67840306122,1614.03251285714,1714.79984653061,1556.53558795918,1519.32868795918,1498.57494918367,1440.65349918367,1467.74503836735,1375.88477632653,1167.32828234694,1182.11554591837,1238.27840204082,1289.57167040816,1275.90248367347,1338.92014693878,1410.86034102041,1427.98608469388,1382.97832755102,1373.64908367347,1615.12771938775,1521.45809183673,1598.42004897959,1542.26487040816,1509.76053040816,1538.53485285714,1627.38324285714,1457.05449040816,1490.58665979592,1332.88775979592,1393.92961755102,1419.01771755102,1506.46410632653,1604.30450102041,1658.31945510204,1692.66020071429,1462.18314387755,1513.11279387755,1612.46312959184,1564.64208571429,1642.39893938776,1592.01318204082,1619.37541489796,1453.94055877551,1495.9794344898,1588.86004857143,1544.53136928571,1540.69720367347,1653.42408326531,1540.49477653061,1669.77824959184,1747.49773979592,1555.51746020408,1737.83781020408,1771.0696244898,1668.55989387755,1721.77262346939,1729.66772346939,1670.74127040816,1694.77856530612,1482.26191306122,1649.42017306122,1565.63487081633,1656.53368979592,1304.65096704082,1223.29274285714,1320.27446530612,1327.03896530612,1522.61357653061,1363.80707693878,1518.55367326531,1447.75310693878,1498.18420204082,1573.04687030612,1480.665236,1419.65593632653,1472.00430591837,1446.31521326531,1470.36996326531,1721.75995612245,1621.81135612245,1509.55308877551,1385.59030612245,1592.60326428571,1540.61895510204,1606.28800306122,1510.52388693878,1308.23581734694,1147.0708122449,1212.6246877551,1190.98404326531,1270.64889326531,1267.21942826531,1346.14926326531,1294.00578387755,1586.92323387755,1345.2694722449,1430.7846222449,1262.83216428571,1408.83398346939,1285.36846306122,1029.95704857143,1360.83708602041,1356.36402142857,1191.22612040816,1155.25114438775,1046.53880173469,1068.15833969388,1166.30612142857,1122.88368367347,1053.41151795918,1130.45210595918,947.270876938776,1236.86821102041,1303.10762816327,1448.80833979592,1460.47923979592,1517.51557959184,1488.20040612245,1465.56405612245,1578.25084897959,1527.66719081633,1546.15019081633,1641.79444081633,1571.2404377551,1552.10602755102,1545.04484489796,1550.2376122449,1514.4765622449,1558.83508265306,1613.15973765306,1587.05958765306,1599.81668265306,1693.39613265306,1862.74562653061,1618.98941,1364.44858163265,1255.61165663265,1326.23773163265,1413.68970612245,1345.13160612245,1215.57146755102,1387.52859918367,1389.27909918367,1457.49598653061,1428.32507510204,1295.01014204082,1389.0847772449,1468.5086122449,1582.7955622449,1573.4577622449,1498.4672122449,1542.2301844898,1498.97872285714,1434.58714285714,1508.84548183673,1504.12742346939,1592.59286020408,1442.1317344898,1575.0900844898,1569.21171734694,1504.88507632653,1448.68397408163,1593.6059222449,1689.15143540816,1611.26350469388,1621.04039326531,1570.80434326531,1610.54170714286,1522.46115918367,1498.78689020408,1245.12650530612,1507.82594030612,1577.16594877551,1563.16672979592,1604.69849285714,1589.32943469388,1629.35005918367,1390.86701061224,1344.14398889796,1498.00092836735,1477.00327795918,1504.6946022449,1616.82265,1548.52908530612,1670.00886142857,1590.43753734694,1694.8954177551,1474.01207734694,1539.80819918367,1622.10928163265,1594.77379377551,1629.21875602041,1623.9688394898,1813.63014081633,1742.36990714286,1416.42571,1307.84032183673,1394.87345591837,1519.77052244898,1511.89776510204,1385.35976897959,1514.41263061225,1528.06768530612,1566.52461857143,1563.48507863265,1490.5326544898,1455.2907544898,1573.10375142857,1693.39664081633,1440.31567163265,1542.16970693878,1589.38289632653,1595.5279077551,1622.57496183673,1478.1001255102,1541.04757040816,1443.66352040816,1440.36307040816,1466.09859489796,1510.29117061224,1548.43048530612,1486.9929022449,1523.50376040816,1661.65369122449,1530.41089122449,1624.2900905102,1630.82743387755,1596.24313387755,1541.5795522449,1459.86119387755,1526.626,1452.69008765306,1561.05773765306,1572.3179844898,1654.97871591837,1607.950455,1757.87098316327,1714.16059897959,1453.24148938776,1455.75473938776,1760.51091183673,1718.92665183673,1707.57060183673,1537.01922183673,1533.04806183673,1614.52596183673,1576.97991183673,1682.05536183673,1726.27118673469,1651.32586979592,1542.93908193878,1602.33189693878,1587.1981355102,1569.26021111224,1541.13724621429,1557.68142510204,1655.09165877551,1717.98271285714,1729.8729844898,1736.6965555102,1738.2312055102,1795.38664489796,1838.17105,1626.91033673469,1717.02379244898,1618.72323571429,1572.45116071429,1827.03273571429,1725.60208918367,1738.61654836735,1622.65889836735,1632.11444836735,1659.7846844898,1645.9545944898,1480.45679102041,1409.35499102041,1460.34211367347,1450.50224867347,1479.83204867347,1596.29372989796,1491.05717408163,1485.36167408163,1730.39066040816,1713.94631040816,1594.39331040816,1607.94841306122,1557.9213005102,1516.46193944898,1579.72110816327,1685.69613816327,1589.89023938775,1667.1462222449,1676.54139714286,1553.04949714286,1545.84409714286,1589.65067326531,1394.62633346939,1385.04992816327,1331.97756183673,1338.29691183673,1519.26781989796,1454.89475408163,1530.0644622449,1421.26024397959,1443.9746377551,1532.03556326531,1605.36060714286,1542.91040714286,1466.96616326531,1399.87938571429,1514.45458061224,1491.36723061224,1594.07938367347,1633.35763367347,1551.03248469388,1484.51035,1480.67021326531,1452.03965602041,1565.76575602041,1651.87180102041,1632.55735408163,1614.10285408163,1607.65784510204,1478.71083979592,1432.61954387755,1463.02939836735,1298.38218367347,1296.45272081633,1365.62081020408,1306.2482122449,1249.7202622449,1219.8816255102,1141.10243918367,1287.80940714286,1345.31193469388,1411.10290816327,1448.36425816327,1514.88234285714,1440.24788673469,1514.2021744898,1518.59091857143,1414.44661040816,1442.83152959184,1561.88039959184,1561.33141183673,1512.37188540816,1435.55243357143,1529.93804581633,1474.81107163265,1385.02565306122,1516.40077693878,1622.48287693878,1579.44045163265,1419.4189044898,1438.04896163265,1591.09211163265,1518.28861530612,1523.34424591837,1349.78125714286,1400.45577428571,1275.97399081633,1353.40841,1289.1993,1495.70561810204,1651.1205,1565.57435,1566.4466,1590.6662,1606.94888,1585.1499,1447.01595,1626.52728367347,1441.68492081633,1510.04663530612,1528.46011183673,1583.62039795918,1389.17808632653,1442.35875632653,1437.60361673469,1322.49761634694,1305.96735840816,1333.67231340816,1427.28860614286,1339.4235777551,1310.8293777551,1315.6139277551,1442.3846277551,1367.58305489796,1406.40056489796,1424.23716489796,1582.75950489796,1588.32090489796,1648.70195489796,1625.88283632653,1589.31868132653,1523.08853632653,1408.38668632653,1479.58628632653,1429.67273632653,1578.29597020408,1590.34917020408,1477.33299693878,1533.55980265306,1537.37195346939,1701.97518030612,1522.74187316327,1541.54900816327,1555.90799693878,1617.37723087755,1572.93238265306,1546.84198163265,1466.5511,1506.59425510204,1489.36386836735,1660.49192346939,1679.78638979592,1586.6093622449,1643.9579622449,1627.4263122449,1688.93329795918,1746.38228469388,1733.80883469388,1633.61973979592,1570.14805102041,1586.55880102041,1764.97765102041,1765.11828979592,1913.63153979592,1780.35674367347,1723.88269795918,1654.74658367347,1258.11178367347,1260.31455744898,1205.51290510204,1340.97563673469,1321.41653122449,1127.01132653061,1499.95965530612,1588.57455530612,1546.91948122449,1463.94811081633,1425.14866081633,1575.80822857143,1623.26083326531,1698.45876020408,1677.17190795918,1451.44020102041,1562.65451326531,1667.88831428571,1629.11451632653,1752.55314897959,1521.02469346939,1558.80212510204,1471.37306959184,1450.06045918367,1421.75850234694,1578.17527857143,1537.63539061224,1492.37066183673,1454.31013653061,1340.86390306122,1350.4129,1382.7028,1370.04552142857,1460.32859183673,1429.77023163265,1550.75433714286,1413.36327836735,1501.78372836735,1659.07617836735,1729.49532836735,1719.23043316327,1699.66953316327,1700.55591785714,1658.70751673469,1627.50361673469,1604.05075673469,1488.02950673469,1633.60710673469,1706.92323673469,1745.47173673469,1618.49116714286,1723.29676714286,1688.82820938776,1452.28201663265,1414.44954163265,1496.19221663265,1492.15124193878,1448.04846632653,1569.87354918367,1558.21914408163,1780.69399908163,1847.69469255102,1820.52818642857,1847.33095479592,1824.10975479592,1720.51976428571,1701.04500204082,1759.20675816327,1689.1867244898,1827.93966122449,1822.45816622449,1609.07915204082,1581.97395510204,1532.75815204082,1434.95284081633,1102.9719,1141.76633469388,1184.60028469388,1086.39165204082,989.617487653061,979.164762959184,1128.03413795918,975.087082857143,926.069025918367,932.394743469388,856.200208469388,1113.91178836735,1368.67698836735,1353.38446326531,1292.65885469388,1296.64296510204,1618.98467040816,1586.51522438776,1483.47301265306,1430.38349040816,1444.98810183673,1627.98095,1506.74230102041,1644.48051377551,1681.25482755102,1501.95114020408,1744.26107959184,1816.16337959184,1676.98567265306,1631.74079183673,1537.40442040816,1606.43390040816,1591.30545040816,1619.48167673469,1617.01345489796,1715.64505244898,1665.48224938776,1558.97859673469,1571.24179673469,1476.99296877551,1455.48001877551,1486.23864469388,1592.28483367347,1439.07971244898,1472.44739591837,1441.06757897959,1303.82597142857,1357.94921816326,1320.32832377551,1450.02241489796,1413.30497795918,1448.24463669388,1314.48026710204,1372.87987469388,1310.95644593878,1469.44659326531,1563.74481816327,1476.24600408163,1520.02512020408,1715.57152816327,1663.23768346939,1732.03863346939,1554.84577408163,1481.89026857143,1406.98151979592,1431.28742959184,1449.78507959184,1548.09608387755,1482.70640816326,1358.84058234694,1207.21279632653,1274.76967867347,1090.87048255102,1170.62237061224,1160.08267561224,1136.73902561224,1186.54838979592,1282.38638469388,1195.32105530612,1174.96270102041,1186.04660102041,1151.62502346939,1307.75850918367,1321.68915918367,1399.98840816327,1453.07630612245,1378.05800612245,1330.43852367347,1538.60435204082,1238.85979165306,1323.55811693878,1258.18565142857,1320.74166795918,1385.92246591837,1545.10096591837,1523.14966591837,1529.84236591837,1474.67611244898,1438.33086244898,1361.06634846939,1485.7834007551,1420.7472257551,1459.7281757551,1538.42627938776,1452.3639777551,1416.2344455102,1542.43737255102,1742.70254673469,1711.07977816327,1689.04764653061,1624.13452387755,1701.54882040816,1524.54759367347,1739.83855244898,1518.39792285714,1559.52260979592,1456.08568346939,1569.21599755102,1552.15592571429,1454.40355714286,1491.74058877551,1687.63062510204,1722.79424755102,1807.39062469388,1950.6363144898,1495.48441081633,1608.3032655102,1472.6079155102,1290.51225730612,1429.23238122449,1277.15836612245,1415.16001612245,1574.48021938775,1202.66032836735,1359.24056530612,1378.10364857143,1450.20267132653,1375.88094132653,1448.38669693878,1442.79424693878,1483.98400510204,1377.68824387755,1299.69609387755,1339.70973265306,1466.39616326531,1624.54734897959,1711.08234897959,1649.30874897959,1511.94832040816,1532.26425918367,1548.65594918367,1462.00631346939,1430.40003877551,1433.45759285714,1265.24476122449,1193.55431387755,1310.88723061225,1287.03862653061,1234.33075408163,1282.07103673469,1249.63353673469,1221.80618673469,1222.39801020408,1129.13228795918,1144.7944644898,1195.47130285714,1124.03542285714,1059.33373632653,1164.31030469388,1215.48955469388,1201.37194918367,1165.04174918367,1261.15964387755,1291.71733265306,1418.38748265306,1260.01491857143,1452.88152142857,1628.3666377551,1502.97016163265,1555.00215306122,1512.55792346939,1372.41310836735,1439.87572408163,1331.22563387755,1330.44798387755,1422.68553387755,1399.44807387755,1456.16882387755,1515.97673387755,1462.51452489796,1452.75231489796,1451.92428183673,1376.31123734694,1550.66636265306,1856.9802177551,1818.74269857143,1865.38829714286,1755.86700479592,1648.78921367347,1638.0364,1643.40752795918,1689.51977795918,1628.41172795918,1632.92807795918,1571.69806804082,1486.85654857143,1348.42204857143,1393.24605571429,1323.15162510204,1275.8606322449,1437.46717122449,1443.67256836735,1294.57830632653,1328.57231861224,1463.17631861225,1492.82391118367,1533.81135510204,1551.40935510204,1471.33631591837,1389.82922836735,1511.32330673469,1497.35347122449,1544.6361222449,1531.34624285714,1506.76829285714,1682.75376530612,1462.25024673469,1488.55709673469,1452.17034591837,1539.03721081633,1517.68339020408,1578.42728530612,1737.85418469388,1469.05612408163,1527.12034673469,1626.79070244898,1608.02110938776,1447.80941006122,1529.2643944898,1423.24415157143,1268.90134816327,1203.77889816327,1311.20294816327,1396.17977916327,1607.98567142857,1480.51580102041,1534.08303877551,1634.12126632653,1648.60934489796,1467.55758836735,1470.1932077551,1441.1116577551,1478.96997857143,1508.00614489796,1497.89523877551,1737.95581938775,1719.45292346939,1719.06075836735,1712.26175836735,1697.22101459184,1821.60120918367,2051.23362857143,1634.13955918367,1699.6718755102,1606.9758255102,1624.18641734694,1642.73433571429,1676.5464244898,1780.98583877551,1611.40963673469,1515.6478622449,1666.02405,1606.50434,1851.47157244898,1814.86405744898,1831.52598469388,1781.98180816327,1661.46255816327,1598.68078367347,1629.3495255102,1616.42308367347,1757.61761326531,2021.04601326531,2122.93586326531,2013.49927959184,2225.64297755102,2051.58662755102,2063.20687755102,1943.60867755102,1783.45662755102,1763.54989183673,1685.83259183673,1745.70109183673,1419.2287627551,1275.25955397959,1211.77084755102,1178.17698204082,1244.97411163265,1276.97999673469,1379.64996108163,1368.17807377551,1280.68892377551,1171.46952377551,1218.32298959184,1189.76244612245,1225.05803612245,1317.18241530612,1358.26962346939,1158.56213673469,1210.74055816327,1221.25245530612,1166.18905816327,1257.44590816327,1483.0676744898,1295.85973489796,1222.9093877551,1207.02388816327,1386.29706193878,1508.21346193878,1423.26110377551,1448.734765,1487.6374,1505.4793255102,1515.58280306122,1680.90518163265,1683.75598163265,1735.76419489796,1572.57926945918,1573.64737445918,1698.70511945918,1629.75251945918,1691.13593445918,1680.29279295918,1695.70904795918,1725.81729795918,1769.26293632653,1669.69288632653,1719.96406632653,1620.31407795918,1705.66449795918,1734.67794795918,1769.50950714286,1705.45071244898,1579.03948673469,1575.41740204082,1633.12790204082,1498.25490877551,1450.37084734694,1366.56878204082,1544.0070877551,1539.95125204082,1479.31157959184,1522.84023387755,1489.45083734694,1460.04164918367,1564.48766653061,1700.72057959184,1560.69622244898,1654.83289285714,1560.44984897959,1649.24154897959,1482.5501122449,1633.0430744898,1266.93350408163,1382.95901061224,1518.36200428571,1293.45380428571,1492.57482857143,1352.07861755102,1318.89501755102,1336.59064387755,1418.64346020408,1423.43104693878,1440.92895510204,1344.3459877551,1407.90224122449,1453.71862387755,1283.51959387755,1463.18115408163,1478.84895408163,1533.59205408163,1536.98983571429,1491.08241122449,1421.21769428571,1377.44221836735,1367.88753857143,1506.77142244898,1442.73102244898,1416.2664755102,1318.28676632653,1544.43700918367,1410.16433979592,1273.76443102041,1229.37172255102,1197.10090040816,1194.09919632653,1354.94178306122,1313.57207806122,1455.00490857143,1425.94970306122,1391.98564693878,1399.23274795918,1195.27184755102,1260.34178714286,1407.40523714286,1477.36043714286,1482.57348714286,1435.0909822449,1460.8353322449,1497.6132822449,1371.52090795918,1335.73108,1424.77796530612,1345.65176530612,1252.23374408163,1106.84898204082,1154.30838204082,1145.55348204082,1069.69696704082,1131.96103030612,1179.21378295918,1166.37224836735,1311.14961632653,1090.29251836735,1136.87919693878,1273.28648469388,1395.91246244898,1331.17101693878,1307.92449183673,1263.91635612245,1241.2427605102,1235.3449355102,1217.91210693878,1229.71880693878,1130.01048795918,1241.37202616326,1253.04409408163,1300.33472204082,1352.44133081633,1176.65268122449,1312.54182428571,1396.60986979592,1305.52679816327,1406.86744816327,1350.6303444898,1427.2856244898,1585.05707244898,1606.49650714286,1581.37300714286,1660.71121530612,1844.41052387755,1523.47183591837,1474.52712091837,1579.79603571429,1430.02283571429,1502.86833428571,1563.14999938775,1427.10379938776,1539.42469387755,1394.54720285714,1558.39066428571,1479.63524489796,1409.38675469388,1281.90680755102,1360.65185755102,1422.48275755102,1456.66901755102,1393.39640755102,1313.90987357143,1366.01438265306,1386.79643265306,1374.89243265306,1307.75588265306,1163.02088265306,1226.31083265306,1157.81693265306,1145.56448265306,1267.00238265306,1330.25453265306,1478.21663877551,1483.53140102041,1400.12310357143,1297.83904306122,1267.61000102041,1431.55967102041,1511.74301663265,1480.97413095918,1514.65493571429,1534.00483071429,1667.88923367347,1610.91124081633,1608.41292959184,1527.67527959184,1389.23955255102,1305.13154642857,1330.55893204082,1423.27801020408,1459.46058163265,1458.58313979592,1554.67537693878,1492.04585183673,1383.31219081633,1454.85440642857,1447.24395653061,1369.82923510204,1320.83997306122,1270.49474714286,1343.38295591837,1233.77031816327,1167.55491571429,1103.89852795918,1370.68173530612,1426.1923044898,1448.33470571429,1428.10545571429,1304.06291071429,1345.02841122449,1402.02961122449,1286.14807163265,1279.58745296939,1348.88105122449,1329.56548571429,1240.96017102041,1543.92614795918,1563.01635928571,1449.85866326531,1440.51895306122,1379.64575102041,1448.12167040816,1288.60772755102,1250.73208673469,1128.86852979592,1292.94172734694,1281.86623122449,1344.43746081633,1363.91264693878,1244.84247081633,1251.89460081633,1279.25119877551,1149.76821836735,1230.6250877551,1352.5333877551,1451.0778622449,1291.55811836735,1290.04616418367,1394.39265918367,1518.33721877551,1578.6048772449,1447.64245632653,1529.40807836735,1575.82491142857,1593.77853173469,1704.92471744898,1543.83933877551,1632.9349544898,1511.70840295918,1504.80450102041,1422.75889734694,1373.24570428571,1436.58503510204,1434.79268510204,1356.79310836735,1400.67894081633,1412.62101816327,1370.60016846939,1559.45202810204,1614.14137795918,1593.33372540816,1811.56309153061,1794.06290744898,1825.02894663265,1713.31137479592,1553.68727979592,1561.11962979592,1602.06194612245,1740.13949612245,1533.44752591837,1390.89071718367,1518.02154122449,1475.75908622449,1494.34096622449,1560.04817979592,1604.94654653061,1490.31354132653,1606.64442653061,1532.65696163265,1511.76121163265,1530.76530979592,1480.69060979592,1378.57276918367,1434.01516918367,1559.60671734694,1498.7280427551,1693.7347955102,1549.21425510204,1616.97047285714,1511.17220469388,1508.11688265306,1482.21489122449,1444.28893653061,1465.56167510204,1548.86606763265,1441.23988489796,1482.95490755102,1446.77394489796,1457.46665828571,1445.95612897959,1505.81796020408,1426.07044673469,1417.92630734694,1578.56670204082,1562.99489204082,1543.86442346939,1710.91787346939,1662.13763673469,1647.5170255102,1680.64993244898,1558.18919408163,1644.08273877551,1617.96381938775,1475.51864591837,1517.91524897959,1523.47405408163,1571.68539693878,1551.99906530612,1660.7753244898,1667.25899183673,1496.04461734694,1610.3456,1505.64074693878,1679.00233673469,1611.2366205102,1593.10007326531,1541.84608938775,1539.95581,1534.62981142857,1740.61203755102,1612.97522714286,1764.34577734694,1615.87386653061,1529.69022989796,1605.44484693878,1702.11114693878,1636.40802244898,1671.03706040816,1452.59781734694,1447.45749489796,1440.83812163265,1470.32342163265,1461.8805522449,1360.0021522449,1385.3808622449,1389.40602959184,1340.23482959184,1401.71433387755,1417.65599897959,1501.57379897959,1527.20483163265,1601.14408163265,1510.0413355102,1525.17238571429,1662.93624897959,1711.99039897959,1432.09185306122,1583.41005306122,1688.01752142857,1728.71387142857,1728.32428585714,1634.30671285714,1723.87654346939,1667.38216591837,1736.73581326531,1729.31264693878,1656.5989744898,1531.98975306122,1626.61965306122,1716.04763479592,1623.50424591837,1763.32986530612,1651.12463061225,1659.61943061224,1647.94873979592,1775.66124969388,1731.64197408163,1494.63091571429,1463.47311816327,1469.21283040816,1600.19892102041,1540.20715795918,1594.01904612245,1534.4055022449,1546.84988367347,1650.62033061224,1654.85599693878,1557.06821938776,1338.50691826531,1298.31060397959,1294.01219285714,1086.24109183673,1117.21280102041,1212.07439285714,1309.88533979592,1263.98731734694,1233.26791734694,1188.00609489796,1249.90361326531,1270.19355612245,1164.7656522449,1260.13925591837,1214.28857040816,1199.29499591837,1167.35482673469,1259.2004622449,1481.3834122449,1344.85214734694,1370.14928857143,1319.0748622449,1363.99396632653,1424.37660918367,1465.62450244898,1556.79775244898,1259.81875244898,1433.54470244898,1536.02751959184,1562.82596959184,1582.10156959184,1516.89469459184,1572.7670322449,1641.9500822449,1640.86385836735,1566.28588061224,1427.21101265306,1561.92144897959,1518.24251836735,1445.42676836735,1611.14413163265,1545.24070816327,1658.20186918367,1572.6858222449,1581.5847222449,1497.62083510204,1621.25289163265,1750.04719761224,1558.00619761224,1511.92391761224,1622.76541546939,1500.4075427551,1379.04205234694,1478.92307571429,1290.29977040816,1088.18903714286,1201.73662693878,1281.31901857143,1471.26760642857,1417.16447244898,1430.43047244898,1433.82680428571,1464.30955428571,1522.9216344898,1525.4009955102,1414.1200455102,1488.49703061224,1438.83810285714,1517.04135285714,1510.03548040816,1502.84145530612,1454.11301428571,1493.93102137755,1417.95569306122,1533.22071591837,1627.04865714286,1664.80360632653,1437.09778693878,1659.71502163265,1653.31249387755,1526.87574591837,1440.88176836735,1488.43514489796,1634.35283367347,1574.32606326531,1654.86467244898,1581.99405867347,1659.0923755102,1686.05406734694,1792.66034693878,1676.81375734694,1735.5852405102,1637.96415714286,1614.12911857143,1930.09056857143,1832.94033673469,1680.36378673469,1532.66797428571,1626.05853265306,1498.1988755102,1360.67389489796,1475.22394734694,1435.65933510204,1544.58550612245,1581.80161020408,1651.90682244898,1586.18305204082,1480.05638061224,1483.5108127551,1262.40362040816,1255.28011734694,1185.59010234694,1260.69029581633,1260.49329285714,1271.13050285714,1550.96994285714,1556.13206887755,1666.54483632653,1634.33020142857,1550.37360714286,1702.37878632653,1515.15532857143,1594.97061265306,1578.82548693878,1494.4007022449,1384.45023897959,1477.29446316327,1558.35270306122,1557.77572408163,1439.67392408163,1478.76547122449,1544.27042469388,1682.88346918367,1468.39697346939,1306.29783071429,1534.96514367347,1429.47632497959,1337.79551020408,1159.12663587755,1157.58600326531,1234.06850285714,1265.50907836735,1517.20432836735,1447.97770530612,1616.42433204082,1536.09535,1519.45148163265,1714.91294183673,1623.6599122449,1471.85894979592,1666.85602326531,1751.28688877551,1726.19436632653,1529.33191122449,1604.85487857143,1605.74334061224,1602.73311326531,1631.98581632653,1795.92214489796,1565.25386938776,1624.78893469388,1567.99478469388,1429.08290714286,1395.77456469388,1503.08614877551,1345.88039163265,1345.80319122449,1359.58215704082,1258.27648489796,1334.93516622449,1379.93496,1409.65811,1477.74332459184,973.130492857143,1122.33135612245,1174.01379795918,1355.37911836735,1397.49726836735,1335.77442816327,1306.35070734694,1294.30742469388,1228.55003387755,1330.38658673469,1489.87472122449,1414.68660326531,1352.66438469388,1471.11944846939,1359.86524846939,1380.31646346939,1368.95874877551,1342.67478816327,1392.17967612245,1313.44122142857,1225.01991795918,1210.14168938776,1267.95681020408,1206.27145816327,1216.80771846939,1159.84450306122,1144.55402612245,1165.92093061224,1070.09268204082,1175.04833897959,1173.68240020408,1172.46196326531,1090.82183367347,1028.7262755102,1163.71225,1095.80118653061,1164.76502653061,1456.64495918367,1540.90250918367,1698.68164897959,1737.62239897959,1619.30134897959,1632.29843877551,1639.35191632653,1679.79767959184,1642.52527959184,1560.47462959184,1613.55772959184,1441.03353459184,1446.91998459184,1348.06547959184,1506.00857959184,1717.47381122449,1677.83186122449,1813.90991530612,1761.09302959184,1746.49967959184,1689.35672040816,1690.13792040816,1602.89152040816,1641.05760612245,1723.18663979592,1735.85547755102,1682.73163571429,1771.49226836735,1667.50437265306,1630.97252265306,1567.66147346939,1475.62069693878,1584.57349387755,1462.80410918367,1351.13961571429,1522.70902285714,1549.27773469388,1447.23391428571,1407.70844040816,1364.14241795918,1389.53403979592,1367.00471020408,1184.32680244898,1311.15698938776,1279.40471244898,1131.20262591837,1106.65858918367,1049.89893693878,1187.64031734694,1284.44926122449,1292.25958285714,1046.0167522449,1277.93583540816,1191.31228653061,1470.39377285714,1438.96426163265,1418.43130408163,1449.67784387755,1357.87824061225,1442.75220030612,1430.80614489796,1576.31852602041,1555.94260204082,1413.94393391837,1456.88633673469,1398.19131010204,1419.99715510204,1402.80960510204,1565.49150602041,1533.40558979592,1433.1662,1470.24045102041,1623.37470102041,1669.29208673469,1614.25077857143,1728.03172040816,1622.17577755102,1359.26273367347,1428.41598265306,1553.34973163265,1584.94508163265,1654.89361428571,1687.25583163265,1542.74301122449,1545.24459285714,1484.76841265306,1566.86051877551,1773.20697836735,1564.10907836735,1686.39597408163,1664.76227040816,1616.25392938775,1662.0129955102,1708.40244816327,1807.76846632653,1727.30768693878,1739.70396632653,1696.08517163265,1547.39877204082,1671.19429387755,1631.06328836735,1477.56456632653,1579.52184387755,1575.85093877551,1622.3126755102,1793.45576428571,1761.61957959184,1747.8310122449,1783.28842142857,1714.39725,1673.45843632653,1686.9166627551,1623.60177663265,1650.08636163265,1690.46316163265,1699.80341163265,1548.64231163265,1579.38819489796,1520.50696938776,1485.16939387755,1304.83248887755,1236.53102653061,1510.23763061224,1700.17075408163,1611.34467244898,1529.78835,1504.25964081633,1412.60131438776,1630.66571632653,1467.89892857143,1421.63675204082,1419.66197867347,1461.94062561224,1467.59963061224,1512.10930510204,1454.52300102041,1479.42623571429,1419.52580204082,1435.800345,1411.97739,1562.19122622449,1786.38152336735,1920.57866408163,1738.98363346939,1492.7817977551,1657.06442489796,1594.22482653061,1469.18061704082,1586.52613040816,1519.44481040816,1637.9697554898,1379.63869469388,1369.67944846939,1430.855015,1408.049025,1208.0299,1493.27130204082,1501.83431836735,1626.5307622449,1515.84079795918,1555.03999795918,1722.77848367347,1794.18687816327,1670.07093204082,1623.69364204082,1640.01091920408,1434.48256920408,1532.05306920408,1698.57086836735,1664.9689,1719.09325673469,1669.86884959184,1824.87767612245,1692.1453344898,1406.50245979592,1497.68759142857,1463.6092222449,1456.39128040816,1419.32763102041,1441.22414885714,1287.52449877551,1423.73692244898,1439.06431734694,1481.74609959184,1423.45987102041,1315.47707204082,1368.75666183673,1406.55749785714,1297.30983367347,1442.85250714286,1558.27210714286,1554.08750714286,1551.84596020408,1536.40976020408,1564.92219520408,1569.99731020408,1427.42772520408,1385.85567520408,1410.51743367347,1361.52020918367,1344.73125918367,1374.10146938775,1186.0871,1169.96429030612,1055.3302494898,1025.34044704082,1070.17475704082,1074.4795972449,1109.559257,1227.69127693878,1206.31172979592,1119.52791673469,1092.64915714286,1103.94188265306,822.446632653061,1038.51263979592,969.625635408163,1194.77251632653,1448.73902040816,1341.05550204082,1394.3695877551,1396.88610816327,1267.44527959184,1152.86340234694,1182.14707,1188.50213836735,1182.85581663265,1133.16221255102,1148.81656012245,1111.33014387755,961.710502142857,1016.17437142857,1163.22796,1261.51390030612,1420.19262959184,1517.39943673469,1429.9773755102,1448.50611326531,1503.77191326531,1508.06996326531,1514.16419693878,1537.49541122449,1614.30191122449,1527.86371122449,1446.00049530612,1561.06471530612,1575.54651530612,1479.80565510204,1587.7809377551,1484.34044591837,1592.22894489796,1760.46726122449,1671.63596530612,1655.89918387755,1695.28252387755,1850.58497387755,1713.25127387755,1662.79502387755,1654.31505116327,1779.26164897959,1537.35093081633,1569.50123081633,1664.95446367347,1713.27739673469,1587.88672612245,1626.22007244898,1449.70757244898,1564.81098367347,1365.97697632653,1482.58953979592,1320.60689979592,1379.58351816327,1489.23831816327,1540.17204308163,1721.13018877551,1759.37273877551,1845.20729979592,1622.64434979592,1556.72826530612,1449.25816530612,1415.19451530612,1375.14364836735,1454.80831653061,1341.53296653061,1322.34440653061,1476.66591653061,1590.81406020408,1460.47407959184,1612.56597040816,1609.78609387755,1458.28949591837,1427.04771020408,1392.36805,1244.68055,1298.6759122449,1323.2558622449,1200.92092244898,1240.63852244898,1339.4134,1323.84568979592,1438.13799540816,1393.02737530612,1599.57316530612,1518.47799591837,1544.80190714286,1430.39830204082,1403.97975204082,1346.82982489796,1649.97608989796,1653.53955510204,1543.63684693878,1647.48723571429,1563.69048571429,1710.26880816327,1726.76002755102,1683.66808989796,1658.17268479592,1764.82163479592,1828.09924193878,1762.33183989796,1664.01222459184,1598.63429142857,1683.82412153061,1571.19442153061,1539.73388418367,1405.4667505102,1502.7222544898,1604.71258469388,1550.19178469388,1539.09936795918,1413.72510102041,1438.30299428571,1465.04154663265,1511.02668163265,1540.40904663265,1605.25148163265,1512.94654285714,1497.16404183673,1585.40734285714,1465.18268979592,1554.23303061224,1823.58023061224,1707.74050397959,1601.86798561224,1633.06081112245,1726.24231632653,1638.65736122449,1568.90586734694,1580.21202857143,1618.38685510204,1618.59247857143,1520.05903673469,1644.99089285714,1404.09044836735,1269.50309666327,1463.22458877551,1280.6285044898,1237.1217344898,1695.81127857143,1544.58512653061,1676.02297653061,1602.6031744898,1537.29461020408,1469.38855020408,1625.88746020408,1515.98521326531,1603.57891326531,1522.61136326531,1459.55856326531,1455.07668326531,1475.20902938775,1498.54332938776,1309.27902938776,1376.77823673469,1276.64405673469,1248.80444204082,1317.52519204082,1395.53944216327,1345.60292867347,1339.00474602041,1258.94708153061,1400.22373153061,1347.52455826531,1351.24187408163,1345.61001142857,1376.63587755102,1399.08754591837,1415.77162102041,1507.37859428571,1656.00557163265,1467.58105816327,1571.25676938775,1744.50250918367,1738.63271836735,1475.51627081633,1494.42550204082,1618.97775959184,1588.87425530612,1488.73905571429,1587.59407857143,1672.73012857143,1429.54652857143,1407.87069591837,1335.94979591837,1376.83308816327,1473.99990816327,1468.00262632653,1615.09873632653,1493.03259244898,1563.57960632653,1532.61721285714,1473.01509767347,1626.26029767347,1831.43639767347,1695.54759142857,1629.87650653061,1743.40278081633,1825.99838163265,1793.57441040816,1648.75735102041,1521.98440102041,1571.96325102041,1477.63665102041,1491.51050102041,1542.49021122449,1421.99628979592,1396.49683979592,1399.00049897959,1402.81564897959,1498.5322622449,1475.97506938775,1527.3241744898,1652.36852755102,1642.03841755102,1673.00892755102,1557.40313469388,1378.48900102041,1326.76616581633,1196.07751142857,1289.81228061224,1148.14328061224,1307.28181326531,1450.87294,1479.89184459184,1511.48344683673,1661.88818265306,1510.57482,1637.77467,1612.86842,1534.10089755102,1671.58868571429,1735.39262795918,1687.29866653061,1735.26970836735,1742.89270336735,1795.48181816327,1554.99235612245,1639.39357428571,1616.22354673469,1654.74131816327,1603.38349989796,1551.56085989796,1403.20115377551,1351.68273336735,1403.14000071429,1403.53818295918,1331.75215795918,1302.91425428571,1387.83559979592,1491.32319979592,1418.74999489796,1332.22188081633,1471.01166367347,1271.83195520408,1382.92222030612,1313.19123834694,1474.59689163265,1439.36793173469,1518.42375102041,1457.59690081633,1529.66204938776,1501.36629612245,1408.02461489796,1359.18395285714,1313.51072561225,1371.28654612245,1260.20039785714,1326.40496693878,1220.08330163265,1460.49186530612,1467.99765367347,1334.58908306122,1149.75907959184,1313.08133734694,1310.63655714286,1393.06987632653,1239.64895632653,1410.39185632653,1469.44279877551,1469.5828,1558.7600022449,1647.24178367347,1708.26004367347,1502.1027622449,1386.9861622449,1586.44433346939,1461.40129632653,1427.01558477551,1347.42824673469,1324.73159673469,1525.70206408163,1503.53670632653,1314.73694714286,1427.29333897959,1446.29436816327,1472.04811265306,1416.11223653061,1494.96296346939,1326.07171959184,1198.44049163265,1162.94827163265,1278.28319612245,1269.28072489796,1311.10945795918,1215.50636326531,1369.2787655102,1408.7742155102,1365.00824734694,1328.19463877551,1334.48964081633,1406.52387142857,1511.83881938775,1517.76543265306,1433.12137571429,1306.41282622449,1264.54122622449,1248.03368887755,1237.11539387755,1185.16528367347,1297.80158367347,1385.74913367347,1407.54334326531,1483.84936326531,1514.32696326531,1193.69899693878,1245.49064693878,1272.64369897959,1237.84903877551,1201.22183877551,932.901808469388,1045.48833979592,1305.25714795918,1222.04366734694,1314.41685408163,1230.43430408163,1164.05849469388,1072.55712969388,1183.58002581633,1167.86694081633,1108.55754081633,1072.86682581633,1105.80609081633,1179.62172581633,1250.44045612245,1285.15654612245,1305.12019612245,1338.65404857143,1420.00294857143,1396.28149857143,1391.13189693878,1449.22867557143,1221.48177557143,1354.38612557143,1415.49195122449,1381.49159265306,1513.66341918367,1478.72283918367,1343.96983653061,1468.67254469388,1412.96058183673,1479.88343163265,1196.60931183673,1142.24817163265,1192.20582163265,1131.44571591837,1031.94592877551,1155.31830510204,1140.28091555102,1267.52541853061,1323.51665469388,1330.59250469388,1471.07824857143,1469.68425428571,1474.30284795918,1640.05726959184,1540.70779959184,1473.97787081633,1660.9707077551,1737.77777367347,1818.82127857143,1683.17897857143,1703.18898836735,1556.46989673469,1485.95549673469,1583.23829183673,1703.23149836735,1577.24524693878,1620.43597010204,1657.62758755102,1588.49317408163,1612.7593555102,1790.28132244898,1739.50746734694,1788.40761734694,1618.0534255102,1577.0565755102,1464.2811622449,1529.00572040816,1656.64983979592,1603.08693979592,1607.57928979592,1546.32830204082,1142.06402887755,1405.30872255102,1282.0220677551,1429.92274244898,1384.32086897959,1371.50471346939,1253.62036367347,941.210981836735,968.95024122449,1379.41083326531,1698.40787040816,1625.48891836735,1609.15863571429,1571.78313571429,1414.34165510204,1447.60704489796,1408.02045,1306.94585755102,1462.77123367347,1392.10012346939,1354.15238510204,1472.89213408163,1382.85591469388,1529.04641469388,1304.80594581633,1309.05028714286,1343.45344285714,1422.39408622449,1526.04196112245,1365.87755612245,1478.27010755102,1515.78305408163,1590.64368673469,1831.82564285714,1622.73547653061,1621.98081857143,1690.08550091837,1709.43449591837,1602.4205755102,1686.10284183673,1668.07382040816,1677.09890306122,1499.76246122449,1535.65839591837,1582.73864693878,1409.55679959184,1485.8580744898,1587.75393428571,1539.56540612245,1547.12811530612,1537.58973571429,1423.65051602041,1392.5755622449,1327.3955622449,1605.47109897959,1434.38214897959,1388.15499897959,1356.59117857143,1387.69610510204,1647.90805510204,1421.76744285714,1630.50177408163,1530.66342816327,1521.94801591837,1281.03541591837,1324.5018977551,1625.45823612245,1558.97639938776,1573.6415427551,1557.78834959184,1541.03519857143,1274.46932183673,1351.8876144898,1266.74065693878,1590.03411653061,1531.49734693878,1462.11005918367,1447.86953306122,1457.7549822449,1424.18431428571,1479.88435979592,1509.70758877551,1433.57216479592,1457.60356561224,1388.55654214286,1394.31123520408,1421.94596020408,1515.54138673469,1543.0227,1395.67423469388,1586.06226122449,1518.38598673469,1498.79508673469,1610.93786326531,1614.05633265306,1559.89079897959,1601.23180918367,1676.9804255102,1617.02657040816,1521.95715816327,1513.07416530612,1495.90015714286,1274.45031214286,1223.92718816327,1182.70879581633,1223.80732877551,1203.21650091837,1127.75570265306,1373.47284765306,1505.71321653061,1626.53341653061,1524.08352693878,1413.29428857143,1414.34253081633,1381.60584265306,1351.61014265306,1439.4892377551,1522.91278857143,1383.5229922449,1473.87879285714,1399.45805142857,1332.08496795918,1358.3975744898,1585.8200777551,1714.57634,1592.35623163265,1606.78330714286,1722.30137142857,1608.73777346939,1640.64998877551,1853.74890918367,1808.21597142857,1751.74283877551,1604.56834897959,1712.98286938776,1580.76307734694,1376.55888877551,1421.41712632653,1446.66304928571,1522.55541428571,1412.71195428571,1487.94312795918,1368.03031642857,1501.58006193878,1503.69289459184,1543.57793010204,1461.57313010204,1481.44007112245,1519.18148897959,1377.72712612245,1450.59126734694,1304.06542734694,1285.39006734694,1357.11605387755,1393.11363387755,1321.2349905102,1260.87077857143,1357.95857734694,1431.13372632653,1435.4392755102,1317.52514673469,1410.75804255102,1637.09775316327,1417.6979105102,1378.53904602041,1445.48098826531,1691.52748826531,1658.16163826531,1701.83910663265,1588.71691836735,1673.31771530612,1665.82001530612,1476.14419530612,1629.17504734694,1566.64754734694,1388.88547234694,1541.38276734694,1563.26644489796,1498.55305,1594.13641571429,1476.46116897959,1553.26158928571,1362.6230877551,1610.70069612245,1476.25160571429,1300.05815010204,1323.36934530612,1500.07863959184,1723.73903020408,1490.52058938776,1609.82538938775,1723.17553408163,1884.69980020408,1791.62921387755,1682.86875183673,1610.99486469388,1577.45747755102,1593.90535816327,1540.80711836735,1648.55379795918,1520.60322836735,1659.59601836735,1430.9417255102,1409.65870295918,1223.54650459184,1201.98922653061,1321.8867955102,1434.47121387755,1413.02981367347,1485.8840055102,1688.59655693878,1592.63978020408,1556.21332061224,1566.15309938776,1468.02324387755,1536.21357204082,1544.41815571429,1475.97030571429,1417.51513367347,1560.54081346939,1406.73330663265,1497.17349040816,1439.94449040816,1384.67894040816,1534.19730510204,1351.01193897959,1382.65322397959,1420.28387397959,1489.33783897959,1512.53262816327,1493.51099877551,1457.22664877551,1358.84203571429,1396.82621734694,1226.96232,1031.61187,1097.63647,1072.32269102041,1201.59424102041,1211.03584795918,1294.12544795918,1334.33396153061,1220.5914622449,1198.06761989796,1228.47812510204,1314.34703632653,1366.62971836735,1394.55929081633,1567.79688469388,1548.79275102041,1621.29145877551,1690.6506077551,1540.99328102041,1801.81172346939,1805.52604530612,1544.35728857143,1450.36166061224,1292.37910387755,1393.94321857143,1520.51687346939,1432.99865163265,1557.92575295918,1744.09981734694,1604.49813795918,1639.62224653061,1565.919321,1612.20039653061,1474.5885722449,1548.08018571429,1634.06738693878,1632.16194795918,1685.10575020408,1485.38080459184,1436.80027602041,1457.47725102041,1348.96805102041,1334.2649,1298.86660714286,1371.90045714286,1317.07095714286,1319.04050918367,1493.01228469388,1200.69509285714,1084.01799285714,1232.4046977551,1710.76834014286,1565.32257687755,1447.74748197959,1613.21841530612,1422.30789285714,1459.10919285714,1505.99173265306,1389.66086285714,1497.01785306122,1431.63937530612,1365.47690122449,1390.08313673469,1590.75098959184,1559.1591605102,1499.38816020408,1510.54475795918,1557.30836,1440.2054777551,1509.26698387755,1515.67892244898,1397.03174428571,1399.06551193878,1503.3724622449,1472.65941612245,1393.98198979592,1347.61698979592,1336.64243979592,1520.81163346939,1472.24790530612,1470.91650530612,1402.26686734694,1575.30034693878,1617.65306428571,1622.13469489796,1564.50127244898,1553.28473265306,1399.86805102041,1591.04335102041,1508.59897530612,1538.99387204082,1347.62378181633,1649.92281918367,1603.24620244898,1383.46780265306,1436.86895061224,1340.25591816327,1426.0615844898,1593.47234102041,1521.43392112245,1433.07596581633,1424.22702877551,1379.24984204082,1488.14767142857,1747.37791428571,1762.74095734694,1626.43208244898,1433.36737428571,1646.39185,1551.19640204082,1578.84011214286,1732.80994693878,1551.29060857143,1478.31470408163,1549.1015522449,1604.14337102041,1574.84999489796,1378.72483816327,1421.19135877551,1321.8241744898,1199.83924489796,1091.27810469388,1150.10990469388,1251.02380306122,1383.59705306122,1159.40599681633,1491.93400673469,1386.83104857143,1413.06158836735,1460.54007510204,1490.63454346939,1376.48364346939,1437.74657208163,1509.47937208163,1365.97987489796,1395.89506693878,1535.41252571429,1179.29682979592,1345.51810795918,1252.38606632653,1130.58681387755,1024.29061102041,1232.57848979592,1328.82446020408,1498.98256326531,1469.31401530612,1376.53241020408,1522.45892857143,1476.09908367347,1557.36101530612,1463.04252653061,1498.51837346939,1571.3482344898,1622.65597183673,1585.14024285714,1352.53445367347,1326.56220285714,1274.97995755102,1272.81249306122,1362.07422387755,1423.47592367347,1563.00826540816,1494.85036581633,1373.57976204082,1365.62237387755,1263.61832387755,1364.77772020408,1341.11287,1327.50880122449,1559.70730836735,1487.78226693878,1615.86634897959,1594.33506428571,1446.35864142857,1397.94143408163,1416.38106632653,1250.67027785714,1277.2686255102,1309.2978105102,1473.05372040816,1309.22433581633,1389.926745,1356.26328816327,1554.75123979592,1543.42198571429,1641.35670408163,1451.68150204082,1362.16970102041,1566.19029285714,1527.22179693878,1690.48356020408,1486.25671020408,1548.77701020408,1682.81128571429,1606.28478877551,1676.79684591837,1604.48825816327,1589.83345102041,1414.97434102041,1406.40605102041,1600.76983102041,1527.77083306122,1673.97091122449,1875.82666530612,1803.10688673469,1614.96095163265,1552.44611163265,1716.24533367347,1734.2551205102,1762.84027153061,1702.12125357143,1715.06386816327,1747.23131,1664.374455,1705.201385,1661.44254316327,1636.32179010204,1547.2370755102,1606.65271061224,1689.8070655102,1549.0172155102,1731.3061844898,1603.45582387755,1651.21514795918,1513.9012344898,1610.93299897959,1435.35038877551,1385.64815693878,1349.93426020408,1340.15895918367,1498.86470816327,1665.53601428571,1610.26476428571,1557.82814510204,1463.16357979592,1606.4908,1553.46725204082,1499.23380306122,1649.25440816327,1519.56481836735,1411.73079285714,1389.68751285714,1408.85579510204,1509.28235020408,1541.35220081633,1543.05585571429,1560.47341,1650.14672714286,1524.55919734694,1625.43439326531,1532.71822142857,1478.07573918367,1350.84584755102,1378.40850040816,1546.89614795918,1630.91313122449,1607.97631714286,1626.29399346939,1602.89882234694,1693.6314794898,1507.86048112245,1410.79930459184,1336.09432336735,1460.94371030612,1396.68089244898,1382.73583693878,1531.07919653061,1503.95031653061,1493.64959795918,1617.62896632653,1533.94200714286,1488.29997040816,1554.16429897959,1510.19706183673,1398.83189326531,1406.22951936735,1240.50248712245,1059.90798918367,1043.69216020408,930.761875918367,1267.32424102041,1219.41980387755,1242.90606,1247.52118714286,1187.2266844898,1153.59922397959,1356.79972877551,1146.09085367347,1138.36042408163,1638.27702408163,1612.58376091837,1691.10421836735,1510.62525,1431.74702061224,1400.43211306122,1411.07839755102,1531.55095367347,1543.39551714286,1565.49492285714,1488.95984979592,1558.27176346939,1544.43611306122,1730.63566571429,1673.94295734694,1640.49552326531,1524.63160612245,1649.84560734694,1707.4269072449,1767.80287244898,1735.88749,1675.07265540816,1764.45939173469,1820.37573877551,1460.7615777551,1565.01421102041,1606.86978061224,1641.55717306122,1677.35517081633,1644.26316265306,1456.81570022449,1309.42075163265,1557.78055306122,1564.57405693878,1518.69629979592,1403.62364571429,1197.59303326531,1445.50638428571,1359.06609336735,1343.15208520408,1246.5521494898,1266.4864494898,1095.8314744898,1220.93882020408,1459.2586,1443.36580612245,1369.1572477551,1382.13481795918,1457.38177795918,1458.77895265306,1441.35252081633,1517.94858020408,1460.23220989796,1466.71194867347,1617.54654285714,1547.56638061224,1480.67792244898,1716.7380244898,1732.74036734694,1571.01274591837,1545.49664122449,1616.97649755102,1579.96903295918,1614.18110030612,1628.24822091837,1466.05495510204,1516.40870795918,1655.56002816327,1650.84670510204,1644.51665734694,1689.36352632653,1624.5534722449,1541.0073755102,1695.83628877551,1671.89165122449,1590.30300122449,1650.73555122449,1660.07155122449,1651.73155122449,1632.77680122449,1624.43530122449,1674.36615510204,1510.33844806122,1333.19749642857,1289.50206632653,1347.40606734694,1363.09608877551,1217.69680387755,1163.25736204082,1102.53339693878,1078.12494755102,1243.24948163265,1172.25838897959,1217.31905816327,1254.94646938776,1269.63593326531,1267.01241122449,1284.98596683673,1274.50411683673,1615.84810836735,1605.35779469388,1672.02192653061,1404.21583265306,1603.43868102041,1512.89394408163,1626.82675846939,1599.27053857143,1610.20267969388,1664.6495122449,1788.6246122449,1477.95304591837,1489.98239632653,1600.18175877551,1587.0590222449,1569.7700222449,1369.74480306122,1359.4317172449,1424.9358172449,1454.67669530612,1286.14159571429,1330.77964387755,1378.40393612245,1729.43960142857,1533.97401979592,1478.85532591837,1566.38615836735,1472.54910938776,1437.61947755102,1529.39650795918,1619.34735081633,1380.05067510204,1440.85285857143,1667.68370530612,1689.15308285714,1727.06849081633,1807.4777572449,1756.71810132653,1790.58182306122,1753.57092714286,1637.73148693878,1733.97244285714,1461.41775367347,1515.62578469388,1609.05166897959,1693.29807857143,1659.28544204082,1742.1687244898,1582.64685612245,1587.04716795918,1596.29297693878,1467.60828979592,1402.11378,1534.31288326531,1302.15860877551,1347.19510836735,1405.6104644898,1418.19383355102,1229.99313242857,1412.80661742857,1327.73290242857,1397.89305612245,1302.00272510204,1254.1188272449,1174.96178326531,1275.07154204082,1312.84361326531,1387.62656326531,1338.14685612245,1392.42529346939,1350.69593122449,1268.51091306122,1517.42064755102,1567.31398693878,1624.45783122449,1471.37483673469,1428.48799571429,1413.01860918367,1534.95561163265,1560.07926163265,1478.14899714286,1601.08293653061,1509.89543918367,1727.78364408163,1574.28384408163,1552.75770408163,1649.84989408163,1437.06042897959,1499.81012979592,1454.04447795918,1674.18491559184,1500.33471559184,1473.44326559184,1345.5288344898,1443.8212577551,1696.69732755102,1425.49537653061,1469.18416714286,1500.39715142857,1416.51002306122,1291.00867306122,1155.52656806122,1121.27909030612,1347.88399530612,1385.22130285714,1376.91330285714,1285.13951789796,1318.94456789796,1298.32459857143,1303.68694357143,1377.96144857143,1297.79269857143,1170.89209446939,1240.27209446939,1206.41409446939,1042.11794446939,1102.93746857143,1087.30076265306,1102.33631265306,1089.3908122449,1124.4656622449,1281.9607472449,1249.4480922449,1247.7979972449,1253.1249622449,1327.2149122449,1099.6058122449,991.070942857143,1107.09945102041,1104.92023877551,1140.64809438776,1103.46864591837,1237.96874285714,1103.57372071429,1094.55190306122,1138.53962346939,1119.42077346939,1147.40360183673,1131.68003857143,1192.62816857143,1546.49984530612,1414.10117959184,1482.46481326531,1264.84956326531,1132.71641326531,1214.71293428571,1150.5892122449,1063.19215673469,1200.22344173469,1230.34900332653,1301.68430244898,1268.06101418367,1157.6833877551,1199.59024387755,1104.01591142857,1106.81206020408,1212.95587755102,1505.72401326531,1593.63318795918,1631.33274489796,1622.28153163265,1591.21672481633,1425.52852530612,1468.79173959184,1461.42545183673,1354.78460183673,1357.25318306122,1273.51756938775,1422.34596836735,1293.71436102041,1210.80944795918,1270.09997795918,1286.25752817347,1426.8979755102,1828.22446938776,1535.70301938775,1432.15943979592,1417.63901479592,1544.82030979592,1590.30483979592,1699.83928673469,1586.22730795918,1641.54762020408,1684.87881816327,1529.93179510204,1761.09522877551,1615.10993673469,1445.01574295918,1405.34422510204,1410.53122510204,1428.84622510204,1689.77362510204,1786.51732510204,1597.71622510204,1574.01967510204,1687.46880306122,1753.37325306122,1770.72551040816,2063.0806055102,2083.21153836735,2133.01420979592,1857.03240734694,1694.92084918367,1873.96154877551,1660.5907177551,1714.19584183673,1598.80556816327,1436.78025897959,1527.87328326531,1576.4770055102,1510.94613,1516.37488163265,1355.52800408163,1397.31659918367,1310.67365428571,1503.81223428571,1373.79866928571,1296.71959826531,1428.90449826531,1445.00687826531,1435.0218327551,1401.5941827551,1369.60973632653,1379.69223632653,1259.40044785714,1304.44061163265,1074.92601163265,1173.68407061224,1206.97400897959,1454.08398357143,1414.35074377551,1369.81928061224,1382.06945969388,1378.68497234694,1488.40978102041,1471.46466795918,1473.41130183673,1485.80260918367,1465.17730918367,1266.95689489796,1532.6286244898,1352.54078163265,1551.16493163265,1585.58231779592,1469.2243657551,1399.09846285714,1502.95965367347,1512.34746857143,1467.7450877551,1537.14570530612,1486.69820734694,1537.54440367347,1492.15952489796,1361.37457816327,1401.48603265306,1394.79033265306,1407.37256265306,1443.16108265306,1420.20678265306,1541.87788367347,1492.85471632653,1382.67959591837,1335.14495408163,1603.7601244898,1302.87673469388,1304.82793418367,1252.92220765306,1425.76194989796,1447.75816489796,1553.40205704082,1592.20235204082,1575.34355918367,1557.67677653061,1630.50398571429,1801.93595306122,1731.5742622449,1776.22400918367,1652.08838042245,1712.97922052449,1758.73153653061,1651.07667653061,1695.81029285714,1681.58100612245,1517.67865693878,1479.18234704082,1500.91018704082,1509.02784704082,1520.12229704082,1609.94831040816,1620.90360040816,1560.18216234694,1676.07674234694,1627.3473472449,1401.77467042857,1572.43728163265,1741.7517977551,1311.67878959184,1321.51866102041,1319.12398061224,1577.79988061224,1701.12233061224,1606.85513061224,1499.13973061224,1725.71607142857,1639.5255244898,1707.1117244898,1644.87323673469,1616.42083673469,1848.31643102041,1741.59968102041,1728.79968102041,1690.38300102041,1706.65762102041,1656.28032826531,1627.96646326531,1682.89074755102,1627.40022255102,1630.93887938776,1576.40866938776,1705.04696306122,1775.64806244898,1662.05594,1630.75673714286,1651.04369020408,1597.83836204082,1507.67611204082,1491.5983455102,1534.02162653061,1791.05418244898,1751.07318346939,1662.28423346939,1758.69821073469,1797.20866179592,1789.73936179592,1797.29836179592,1804.11581179592,1664.48181179592,1600.13277591837,1699.69572142857,1557.67297142857,1401.48914489796,1419.09936836735,1387.51714795918,1518.44098877551,1471.5276744898,1503.91053571429,1461.39164530612,1541.16021326531,1447.93389632653,1385.64024244898,1397.80342571429,1554.42128571429,1530.02020326531,1304.26675326531,1201.00900326531,1107.33540602041,1174.39644959184,1090.20002387755,1043.05053265306,1117.27933877551,1070.25798428571,1163.23325357143,1239.65122163265,1338.89689346939,1638.82987040816,1686.29906693878,1621.6539322449,1625.25902489796,1658.23651704082,1479.49823163265,1588.39699306122,1499.0437122449,1465.95712163265,1295.33617163265,1423.90719642857,1394.59063285714,1380.46451877551,1498.64642270408,1559.39200979592,1446.04469020408,1421.49960979592,1509.39161693878,1412.37333367347,1431.00148367347,1537.44516326531,1756.80411122449,1730.42614846939,1703.80829846939,1626.53047959184,1629.22859387755,1589.78959759184,1563.46832653061,1599.44162857143,1594.75431530612,1718.44297755102,1503.78546122449,1612.35636122449,1652.37497938776,1650.70471836735,1697.49623510204,1614.32606122449,1603.69841571429,1671.56795653061,1807.78805653061,1730.81548673469,1526.61108265306,1734.95702346939,1625.58006938776,1469.81936530612,1459.00301530612,1317.50461091837,1315.95191102041,1327.69534489796,1248.7067744898,1194.6523244898,1222.5951944898,1203.23297346939,1267.99471122449,1239.24804857143,1300.40680316327,1299.85460112245,1438.86168265306,1352.4449744898,1258.59584489796,1577.87121632653,1427.3747377551,1402.9063,1490.14745408163,1486.63075408163,1488.20205408163,1346.05852979592,1494.63574244898,1422.02176122449,1442.68600306122,1342.14818102041,1257.09130061225,1193.07979795918,1355.6011244898,1403.80523316327,1341.34532816327,1377.25201989796,1787.60454142857,1784.11468061224,1561.51247244898,1727.09982142857,1534.24442959184,1722.7243,1658.70549795918,1911.03733061224,1699.25290561224,1591.26197142857,1619.75551367347,1730.33491367347,1734.98196367347,1712.54766326531,1608.89366326531,1528.15026326531,1781.12366326531,1656.28175020408,1563.17671102041,1742.83386755102,1912.49592877551,1951.97977877551,1677.67177877551,1651.39504306122,1619.58361489796,1769.58371122449,1684.00011836735,1767.68286836735,1683.50807040816,1711.55982589796,1685.28162589796,1588.53599489796,1289.52382244898,1355.08694693878,1501.99791734694,1589.9185622449,1596.16217755102,1518.61051928571,1470.74876938775,1469.24100918367,1566.67614591837,1373.15826428571,1418.50166428571,1449.60851938775,1473.05248673469,1449.82358673469,1485.03213163265,1438.8010005102,1375.44667357143,1397.54925714286,1488.34455591837,1383.808475,1396.07223081633,1489.41178285714,1412.64595530612,1469.75992530612,1331.10801081633,1391.6060222449,1391.21643632653,1350.23889918367,1375.28620653061,1217.10292408163,1270.86474959184,1363.80991040816,1386.5320622449,1385.91346653061,1456.72846653061,1469.34878693878,1617.13880204082,1615.77384571429,1622.54276285714,1645.25285857143,1747.22566020408,1643.05321020408,1601.27416020408,1656.72626040816,1572.40363367347,1557.47086673469,1569.19087418367,1587.18815163265,1621.9096855102,1682.22004469388,1714.13364857143,1720.2871155102,1572.9359655102,1652.18633244898,1481.05588632653,1607.00039142857,1566.6750055102,1573.58872244898,1580.67616489796,1603.00167163265,1544.6107472449,1470.75782632653,1613.52995530612,1566.04443816327,1606.43358816327,1569.08985918367,1491.79541734694,1533.7175377551,1529.2286877551,1593.27848367347,1445.47283367347,1400.96870081633,1527.61595102041,1389.79325897959,1443.22906673469,1382.55318081633,1241.75796938776,1258.76150020408,1373.93667938776,1250.12401959184,1341.30604510204,1458.18604510204,1490.01064510204,1408.75574102041,1171.27979244898,1398.62296183673,1527.7419755102,1660.4820055102,1641.55728734694,1738.480205,1673.05237163265,1674.23179061224,1608.11024061224,1672.6668622449,1467.54451061224,1464.81908877551,1542.56658061225,1565.59102244898,1401.43622714286,1348.83458122449,1485.91904816327,1444.63012918367,1489.96507459184,1531.24132795918,1411.64185795918,1383.64150795918,1427.27740795918,1222.67177959184,1254.96994244898,1370.85260734694,1348.89597897959,1294.65574959184,1131.97434959184,1099.49135367347,1311.29072918367,1241.13354965306,1290.30718755102,1249.71837612245,1221.99712244898,1208.60492040816,1259.60925408163,1213.18474693878,1342.89928332653,1462.67474795918,1493.33876020408,1485.75386020408,1517.8935122449,1402.67761010204,1336.40638010204,1278.92413010204,1338.5058477551,1303.54614183673,1280.61573030612,1404.70086030612,1446.61695397959,1449.31839897959,1445.69931836735,1450.28813061225,1618.43033061224,1561.42022653061,1541.9887777551,1645.95643265306,1689.23876734694,1712.65666734694,1561.72553061224,1629.93318061224,1444.98341326531,1480.97097040816,1435.73573877551,1349.76324030612,1404.21364285714,1454.57982285714,1344.32182285714,1462.12414081633,1561.46214591837,1524.03533571429,1423.81019877551,1558.10056877551,1518.79817367347,1520.42181061224,1658.87964489796,1747.82746387755,1772.80107,1642.96002,1677.6822,1551.48610102041,1553.05189520408,1499.08237071429,1643.97551357143,1606.52018663265,1654.03275969388,1737.88656346939,1718.85689571429,1640.65853061224,1602.70863979592,1569.42480591837,1475.1335044898,1785.79039183673,1554.69073265306,1510.32799346939,1544.83349569388,1621.55045040816,1528.14797469388,1354.82515530612,1564.16258387755,1497.85358285714,1548.61003285714,1727.34343285714,1463.76943285714,1323.97938295918,1207.74747785714,1300.01724122449,1300.14798632653,1340.54336740816,1431.0624844898,1515.32576326531,1545.81925510204,1633.25555122449,1439.47022,1441.4786822449,1298.07593918367,1289.56404,1448.17892714286,1425.05518428571,1372.18278387755,1252.09540836735,1332.71632234694,1304.14257255102,1475.59090816327,1569.63884489796,1617.39572142857,1681.37953826531,1749.48237887755,1503.24331836735,1636.3082622449,1532.54004693878,1617.58706326531,1593.38665846939,1492.35228346939,1484.26994081633,1444.30039081633,1463.55172142857,1450.40694489796,1563.89757857143,1395.14692040816,1350.46766040816,1336.72489836735,1410.9395877551,1426.56519204082,1405.58490204082,1500.98181020408,1509.69483673469,1452.01725510204,1356.28432285714,1637.16563163265,1724.06981122449,1633.22866632653,1742.16830816327,1558.12087408163,1633.67940122449,1488.34188734694,1474.52658632653,1328.54135561224,1371.92666561224,1372.07820653061,1439.56570653061,1337.52907040816,1429.37370714286,1442.66852673469,1565.52756979592,1484.78008061224,1614.83540102041,1578.61617346939,1492.24092346939,1493.92557346939,1557.74228061224,1501.5143,1653.0426,1517.74859897959,1557.31178673469,1458.64720204082,1463.44938571429,1402.93776326531,1439.23449755102,1582.95102653061,1529.75006428571,1449.61776020408,1482.20834183673,1344.51283520408,1317.57536530612,1301.48921591837,1370.8382172449,1424.6714777551,1505.51601040816,1295.91996040816,1443.29016428571,1481.70460173469,1464.96912932653,1487.19029887755,1572.96473887755,1501.76749387755,1419.80689387755,1339.23932857143,1405.86828408163,1324.74726877551,1141.36265214286,1187.55782122449,1169.60636122449,1178.37861122449,1170.86757255102,1222.3483,1145.24017857143,1206.02221020408,1124.82497040816,1142.56556020408,1064.46798632653,1010.73269897959,1041.36971163265,1122.38126040816,1225.1105022449,1171.01618061224,1181.03878061224,1240.5058477551,1262.8096477551,1209.39160979592,1207.51839183673,1328.30672408163,1379.40307693878,1463.41967857143,1546.93808183673,1534.59793673469,1547.13713469388,1525.97010816327,1497.02280816327,1513.42457714286,1506.32493571429,1440.16115561224,1491.35892897959,1517.61221989796,1547.05298693878,1430.85984122449,1314.53529877551,1504.69241255102,1336.1988822449,1499.18216408163,1366.02759989796,1585.46147897959,1585.31283204082,1588.57632102041,1687.28639591837,1943.59943765306,1669.04286836735,1687.71520183673,1621.25927142857,1595.48942795918,1515.68741653061,1497.69573653061,1479.47621877551,1603.75908836735,1649.60911653061,1642.92082374286,1675.68785122449,1762.00424,1806.81134714286,1681.42099836735,1520.59091510204,1603.63721326531,1552.92882142857,1489.06806938775,1538.13049489796,1587.06814489796,1543.1027722449,1631.98920816327,1776.04398877551,1703.01035102041,1651.76722336735,1701.12969336735,1804.04240908163,1725.39474183673,1809.12689183673,1754.20172959184,1609.05480846939,1597.92897346939,1724.46988061225,1740.6326755102,1686.94530979592,1621.23931591837,1710.70229816327,1665.07367571429,1662.91800918367,1560.10285285714,1502.01046857143,1493.43479367347,1399.58752326531,1471.48692326531,1595.49787326531,1679.3740977551,1540.32773510204,1554.21738836735,1705.55904785714,1633.86380265306,1705.7694622449,1655.89834693878,1521.16347346939,1505.92576326531,1628.90884673469,1489.05313061225,1703.98041081633,1660.34164040816,1565.61770909184,1722.35503571429,1553.7129744898,1526.06765,1292.12538265306,1572.57670612245,1548.02169081633,1612.56381938776,1685.68688591837,1719.8934622449,1696.55264897959,1509.89084897959,1551.85230877551,1476.60945877551,1537.38207265306,1588.20676795918,1612.60426795918,1564.70869918367,1521.7520722449,1513.4957544898,1418.82982142857,1536.27481693878,1782.76426989796,1863.38655183673,1695.81732244898,1616.02838530612,1558.322895,1522.5673172449,1391.91691585714,1417.70518204082,1305.76692530612,1720.18671469388,1579.73846755102,1378.11768877551,1477.24758489796,1531.20726877551,1442.63134612245,1438.34684673469,1192.06501530612,1200.71934846939,1353.07328591837,1363.72944897959,1255.57382122449,1396.04593,1533.14975530612,1403.89718489796,1376.24749265306,1304.98511891837,1340.30126891837,1488.36141938776,1512.29714816327,1572.54240530612,1616.87933612245,1596.03436836735,1526.98035204082,1464.71842163265,1567.11689489796,1382.23306632653,1403.12036530612,1453.67879795918,1494.68079795918,1466.80961020408,1407.13761020408,1249.58072653061,1261.97575734694,1255.23934163265,1487.35474285714,1582.83118163265,1583.24088816327,1732.22420285714,1631.83733755102,1626.03283755102,1345.84218,1586.13023,1607.13420387755,1730.21100387755,1594.22361530612,1587.5111355102,1595.58502040816,1585.48047040816,1572.45612040816,1662.93390591837,1751.8917722449,1810.8926777551,1797.95743142857,1808.76500189796,1716.39069836735,1705.54942938776,1739.87650387755,1758.04262183673,1687.24982183673,1721.83037795918,1622.77711938776,1658.10643938776,1819.95635183673,1620.14617244898,1713.2810522449,1755.7592155102,1763.55012938776,1775.43307122449,1744.17584285714,1778.42975102041,1845.49760367347,1700.46247530612,1689.56682789796,1751.03817789796,1819.44896183673,1699.68783,1524.1174022449,1551.06229306122,1424.10329306122,1494.69204306122,1671.6411122449,1584.19242346939,1473.2318122449,1611.29929897959,1450.94786734694,1414.03309326531,1503.36151326531,1480.89464795918,1437.98419387755,1537.97816836735,1273.32309591837,1218.20370081633,1538.42190632653,1427.61791081633,1534.37666214286,1635.75981264286,1474.20191570408,1521.86137958163,1569.94249062245,1726.8392722551,1658.47521511224,1599.34036103061,1667.71881103061,1700.94317653061,1549.64687316327,1612.0673377551,1431.31983877551,1495.1673,1511.76157346939,1640.02677346939,1727.41016122449,1659.72394285714,1663.9764744898,1349.39127244898,1511.66830408163,1670.20173979592,1636.55607530612,1645.42879163265,1546.71779163265,1611.36404265306,1469.59067918367,1548.43112346939,1528.58500612245,1689.0349122449,1559.43491836735,1629.62709795918,1648.64754795918,1764.5821255102,1518.75300918367,1524.67826632653,1647.40475612245,1658.04229591837,1534.87873979592,1553.73279693878,1709.14194693878,1640.80249183673,1623.2708122449,1489.55319897959,1385.28401122449,1342.54711938776,1339.3421122449,1234.49603571429,1292.13046122449,1229.94151326531,1381.52475408163,1206.78790102041,1154.62483,1089.94437357143,1372.32479234694,1234.96262959184,1169.62458877551,1214.72778877551,1102.7692355102,1218.48366897959,1102.60899377551,1032.79366602041,1219.16746602041,1162.59412602041,1599.47900602041,1401.7944205102,1456.78615540816,1472.60845540816,1387.78368285714,1410.81168285714,1612.40953285714,1508.74809918367,1535.86891020408,1612.51416020408,1588.88424326531,1475.69304357143,1504.78354183673,1357.58315683673,1429.98365612245,1305.25430612245,1087.54976979592,1075.03174632653,1185.03742966327,1124.33441959184,1449.72419897959,1489.63967346939,1461.55617346939,1507.38522346939,1454.90423061224,1414.45885244898,1791.92061602041,1687.41093265306,1807.40765510204,1815.7842122449,1730.08485,1640.21783295918,1722.72776326531,1762.05040040816,1518.6719755102,1384.68425510204,1686.66157285714,1430.89175938776,1494.18559714286,1419.80020571429,1526.87035816327,1653.76669387755,1563.29564061225,1699.76732918367,1782.16879938776,1818.60244938776,1805.01340571429,1642.62916877551,1794.55216877551,1783.38321346939,1836.27600959184,1822.75778459184,1760.74873020408,1705.11367816327,1832.9320455102,1543.57666142857,1760.05817306122,1729.53387959184,1782.50552959184,1843.45112959184,1719.84047959184,1753.32888571429,1671.46629571429,1640.75652734694,1713.72511377551,1649.19626438776,1338.84078938775,1329.12244367347,1160.00748673469,1068.13086122449,1233.23734285714,1466.70766346939,1451.21973061224,1587.05326867347,1428.96400193878,1575.79677153061,1523.68313755102,1504.46102755102,1575.16140255102,1642.71852959184,1474.30584408163,1568.30546489796,1542.49082857143,1472.18458265306,1526.36408979592,1531.22029285714,1547.74334469388,1454.74777244898,1588.30582244898,1520.25992244898,1506.26699744898,1482.8170730102,1556.62392816327,1514.0388155102,1615.58501102041,1270.22030408163,1340.41734244898,1293.14385428571,1325.46266510204,1399.9899,1483.56045,1621.86939428571,1479.96081367347,1239.79134918367,1523.37293387755,1849.12063163265,1731.04467857143,1562.69748673469,1536.19255295918,1460.68435540816,1656.22982061225,1637.05920816327,1594.65721244898,1684.63700673469,1461.65008663265,1514.20330061224,1629.39446591837,1630.83600071429,1538.20685397959,1351.09413632653,1421.25867632653,1478.65082316327,1450.43048255102,1509.45185867347,1580.29467112245,1510.35515010204,1467.56080510204,1568.84271959184,1405.23295244898,1440.69443469388,1293.89731469388,1263.17216020408,1226.09687244898,1337.92498163265,1376.85800714286,1061.06187040816,1187.14042510204,1245.212335,1277.93600510204,1217.58420510204,1339.56702510204,1478.58612173469,1507.4835755102,1600.50633091837,1650.59223091837,1651.88309591837,1633.08424591837,1711.26024591837,1647.90689795918,1475.46204795918,1471.5835122449,1467.90048061224,1434.71348326531,1304.40091673469,1357.41530204082,1287.19430346939,1267.87549489796,1284.39876,1306.36973614286,1376.36240469388,1444.83587979592,1447.94528081633,1308.42187379592,1258.64516808163,1314.56866387755,1411.20294306122,1486.67787897959,1467.14525857143,1400.47907418367,1482.33340020408,1557.93731020408,1409.00597153061,1327.5193522449,1299.45386663265,1323.52439622449,1278.04726397959,1450.230898,1472.51984461224,1503.78278020408,1409.08891040816,1473.90455387755,1455.81813489796,1259.53452336735,1412.26867132653,1408.66909214286,1406.25388357143,1541.08324367347,1436.05853591837,1408.20477612245,1374.88212612245,1317.69892612245,1383.9916244898,1548.74939469388,1547.92501959184,1596.40346510204,1511.56746428571,1600.15985204082,1604.62294285714,1474.6086377551,1456.91732836735,1552.49498163265,1457.31638163265,1386.78276387755,1487.5061122449,1547.35581795918,1385.61212081633,1477.29694469388,1331.7185577551,1377.43631591837,1303.48046387755,1341.99734493878,1306.88958530612,1438.4136855102,1561.38771938775,1589.43225959184,1569.56688959184,1678.24520122449,1596.26935122449,1584.50372,1712.1108655102,1340.76736483673,1533.85540667347,1711.5299722449,1760.86298530612,1517.95517469388,1682.58618040816,1665.96477102041,1629.2754144898,1695.2057644898,1834.19541489796,1685.7670305102,1737.94811581633,1382.38481642857,1402.41233020408,1482.50557244898,1627.73949397959,1508.7285,1611.3511,1569.35702653061,1507.45791020408,1580.79091734694,1429.05826479592,1548.34402421429,1562.19193258163,1482.97981653061,1406.98627816327,1297.84534418367,1384.18886183673,1375.39895816327,1335.11193857143,1448.05099346939,1405.92573632653,1367.42345938775,1416.49566428571,1230.06357857143,1391.76756428571,1147.95730408163,1332.47040408163,1400.36574387755,1450.04619387755,1425.2996055102,1520.29664918367,1577.66196918367,1649.13410204082,1548.35016122449,1518.41946122449,1661.78941122449,1466.11061632653,1463.21154489796,1470.24119387755,1431.69277346939,1369.23438367347,1401.9628,1450.81602255102,1436.36982255102,1429.78713469388,1499.93770204082,1295.66830204082,1227.12616336735,1417.33231336735,1617.58591336735,1490.69623857143,1400.96107857143,1686.12990306122,1512.91469081633,1608.97150581633,1641.7633394898,1643.8022894898,1554.48013183673,1639.26273529592,1670.61281692857,1584.5735255102,1583.39758877551,1635.98074183673,1562.47187040816,1612.3564994898,1639.46141857143,1494.87671857143,1478.9957522449,1699.22038938776,1641.62668938775,1606.68944653061,1655.8701577551,1748.09371918367,1483.89938653061,1692.5943755102,1717.4391755102,1595.15804102041,1623.26570102041,1739.65463346939,1596.95490795918,1793.49465795918,1672.88586261224,1645.81231408163,1696.12249959184,1618.28646391837,1720.47374491837,1564.38200632653,1816.57735959184,1658.24462857143,1681.22980806122,1568.78622306122,1677.75621336735,1691.60136336735,1921.05187836735,1618.98106193878,1691.73139173469,1697.15447244898,1705.78415102041,1732.07525408163,1707.75477244898,1774.29456122449,1709.67683510204,1575.95913979592,1596.75049469388,1668.55404,1728.74714081633,1644.51447734694,1664.51976734694,1498.79301734694,1465.43751734694,1262.86536734694,1302.91381734694,1373.89962142857,1363.05380244898,1295.66179693878,1361.56639693878,1550.25956734694,1347.35429040816,1266.70564673469,1414.18358714286,1331.03402714286,1366.53681836735,1271.77951326531,1349.27441204082,1197.64340632653,1254.86229428571,1233.36486020408,1164.46332510204,1048.98107869388,1319.11244244898,1142.46015714286,1097.63370714286,1203.96535714286,1162.37295244898,1255.71825244898,1553.40886959184,1518.99916959184,1539.32010367347,1548.37519346939,1476.34635693878,1559.55313612245,1530.49126530612,1586.11160020408,1575.05540938775,1450.03681632653,1462.01246132653,1445.82004193878,1458.66226193878,1440.13123795918,1515.50738040816,1466.31497734694,1263.73804234694,1274.46541806122,1315.83739561224,1375.24835173469,1285.42070173469,1258.34229489796,1424.11693469388,1430.11082020408,1328.28517714286,1366.4702577551,1324.43351755102,1355.55033061224,1300.38458061224,1442.48397346939,1364.70025510204,1455.55260010204,1407.80911510204,1420.79830510204,1480.26644510204,1198.09638673469,1264.06053673469,1280.12903673469,1455.35853367347,1343.98882040816,1292.73847040816,1216.04904693878,1346.46928306122,1235.67543204082,1183.96612112245,1069.33997897959,1182.54249826531,1277.56616020408,1438.30740714286,1287.39615714286,1372.98623061224,1416.14287755102,1523.13632755102,1914.38207755102,1604.01880173469,1662.30618673469,1611.45426673469,1840.62423673469,1839.2561755102,1710.7042255102,1747.0609255102,1823.0076255102,1783.58832959184,1662.95457959184,1663.26133795918,1581.51645510204,1627.98405510204,1623.51714244898,1486.31119857143,1469.88764061224,1219.07205569388,1278.04204836735,1387.03886938776,1162.46117510204,1452.85998163265,1339.81173489796,1434.33517346939,1270.97187479592,1272.77116489796,1474.45011836735,1566.52231836735,1561.10355826531,1520.1505472449,1584.8036122449,1523.25065428571,1517.62895693878,1405.29647061224,1406.27598346939,1452.58236714286,1567.81612061224,1534.42747306122,1586.24057306122,1711.35749693878,1717.81284306122,1621.08364795918,1732.3384,1759.76299673469,1613.51881122449,1664.91781122449,1623.74736877551,1694.05510816327,1380.29075918367,1419.1224244898,1418.33120010204,1405.09560438775,1249.40015581633,1321.57166091837,1510.42442765306,1510.39408612245,1473.93278061224,1612.96208673469,1612.78146836735,1654.96439336735,1550.20204795918,1593.77524795918,1560.30669081633,1456.7717255102,1558.45616530612,1594.75021612245,1624.65054387755,1690.02383163265,1697.16036020408,1785.1882955102,1703.92479265306,1578.22568469388,1576.19470469388,1638.45043469388,1639.71343469388,1644.23898367347,1682.06733367347,1700.31357244898,1663.38081632653,1368.05471530612,1444.71663061224,1409.16194693878,1416.27014591837,1604.9221,1528.88945612245,1576.13299091837,1537.1681244898,1749.8657744898,1673.20873061224,1481.68216234694,1436.7316755102,1324.71973469388,1415.4291744898,1458.9263244898,1467.4091244898,1543.9093744898
199.183673469388,1451.87377857143,1408.22657857143,1469.12236428571,1438.39690306122,1465.79914387755,1597.5632927551,1500.75759989796,1470.21584489796,1571.32229489796,1627.81625102041,1533.61393602041,1472.25015102041,1445.43790377551,1525.22474459184,1603.5716377551,1681.81000571429,1695.06685,1745.76337346939,1541.55230857143,1714.58469285714,1705.25164561224,1644.13050367347,1627.25547346939,1618.83803102041,1545.63287040816,1591.88556346939,1588.41682346939,1697.24665561225,1736.75436020408,1724.32387520408,1730.87138367347,1580.33110030612,1707.47783255102,1531.3308672449,1785.00891826531,1702.28390295918,1680.1915427551,1701.3662377551,1731.69037653061,1739.17238877551,1803.00861428571,1811.27799693878,1759.66146836735,1733.51344183673,1691.31385479592,1847.92224204082,1849.02110510204,1821.71134826531,1756.51130714286,1777.23998193878,1629.50580765306,1719.43377938775,1796.61251530612,1711.18278244898,1673.37432122449,1676.26450306122,1584.92170306122,1638.08984591837,1699.30340306122,1756.71860306122,1776.05420306122,1774.96011938776,1772.40648265306,1699.13258081633,1755.76943142857,1727.06546693878,1771.74570979592,1762.42956938776,1941.56608979592,1869.14953979592,1942.89545816327,1860.84789966327,1911.39157540816,1824.42907540816,1893.45238979592,1750.15846979592,1760.42248979592,1781.70226734694,1545.22425234694,1645.38061734694,1603.3342877551,1723.97193163265,1716.63284081633,1634.08723581633,1702.39690918367,1438.56864387755,1615.36829693878,1635.36896530612,1499.61649795918,1587.46139183673,1441.97684183673,1607.24221734694,1540.32708265306,1373.99964285714,1418.83716091837,1595.04154795918,1616.18883367347,1531.30575816327,1553.1631805102,1761.45219387755,1729.00084846939,1818.79726183673,1672.91883265306,1650.12230918367,1574.28495918367,1644.40852755102,1765.34924081633,1604.00479081633,1584.23704081633,1763.93643367347,1847.50281020408,1633.35955918367,1659.33195306122,1871.56507040816,1860.17427653061,1712.04199591837,1873.25569489796,1926.01119489796,1925.1156244898,1770.45002755102,1806.77192755102,1745.35599387755,1795.35410510204,1728.82893163265,1621.89327040816,1638.73877510204,1602.59752510204,1618.85013938776,1563.88937816327,1682.14279183673,1640.11442857143,1500.88820510204,1541.49041428571,1479.24725408163,1534.74090918367,1539.53615918367,1725.52225918367,1553.60593018367,1604.50958193878,1764.41422857143,1722.05579183673,1802.24533265306,1747.3771255102,1790.0774877551,1711.21032857143,1763.63263163265,1769.43234387755,1723.06408673469,1775.38090510204,1717.04218469388,1615.06844387755,1546.31965102041,1573.70997244898,1641.41299081633,1730.69281765306,1737.46393673469,1765.57507857143,1748.78219795918,1662.54529795918,1566.30014877551,1567.21339877551,1490.54293877551,1549.71218877551,1665.43079591837,1642.74103091837,1750.20889081633,1677.1859377551,1828.2638377551,1635.56341734694,1778.69105281633,1770.72640214286,1753.91460214286,1629.12050214286,1641.5462122449,1635.3869405102,1615.94721683673,1577.39417959184,1702.61074846939,1681.37717918367,1740.38209285714,1790.39117459184,1828.02792142857,1808.93130612245,1827.77744081633,1803.09338938775,1722.25545581633,1699.73697581633,1685.85402581633,1529.32997989796,1617.73272142857,1634.44647091837,1699.81385408163,1705.61656530612,1758.70339591837,1775.21352438776,1790.59740867347,1728.26805867347,1836.24568469388,1675.12099183673,1653.45723887755,1731.89041234694,1644.59401938776,1633.69024357143,1739.49270836735,1627.32514642857,1662.05125642857,1628.04500102041,1818.31684285714,1661.12912755102,1719.57642142857,1676.17154183673,1537.19504183674,1521.10187653061,1589.84282653061,1615.63156010204,1499.27420510204,1492.17217244898,1505.8513377551,1514.53163367347,1493.13975408163,1529.05556734694,1561.2632427551,1721.30521938776,1618.58341,1696.53936316327,1741.93262792857,1663.44962588776,1789.80032384694,1719.50304897959,1750.41879183673,1849.15295408163,1834.70977346939,1708.67037244898,1798.91237653061,1682.77620408163,1708.28677653061,1836.22998571429,1904.86214183673,1859.15466428571,1703.36055612245,1783.64494010204,1653.68890510204,1807.37825510204,1790.22110102041,1836.92954897959,1912.38956489796,1808.12259040816,1741.27110040816,1736.20987244898,1736.95789183673,1631.2660255102,1520.5130255102,1741.61202040816,1678.58478877551,1671.25277244898,1623.05974693878,1669.02050612245,1719.21460714286,1737.97314081633,1778.75550622449,1712.04364295918,1598.99706326531,1527.34688571429,1713.49957142857,1535.76297346939,1635.17707346939,1717.79097346939,1626.17821836735,1610.17054489796,1426.84409489796,1511.91039489796,1570.40607686735,1479.9758894898,1427.4062044898,1448.60475204082,1359.87260204082,1248.62888673469,1308.34013571429,1458.78310102041,1492.12221602041,1334.29571091837,1523.59051163265,1543.96440408163,1449.81540612245,1505.97082755102,1559.83904132653,1482.37896632653,1381.32322959184,1518.35022653061,1641.05922653061,1502.72351122449,1522.99424153061,1690.48822244898,1650.8487622449,1758.83729285714,1686.5805494898,1950.6708755102,1864.65930918367,1700.49948163265,1716.39452857143,1691.39414795918,1630.06982244898,1739.90794969388,1655.63496244898,1642.33688193878,1544.37455510204,1591.80887346939,1674.7879877551,1528.84706734694,1556.66175,1593.844175,1369.0557877551,1482.40783469388,1650.99498469388,1666.81565816327,1652.18867244898,1686.27915816327,1669.22299489796,1735.38705510204,1814.95400612245,1689.41846734694,1618.94496428571,1706.65118928571,1615.14783265306,1658.29821326531,1659.06611326531,1672.98929693878,1598.17499693878,1623.35632602041,1767.05193061225,1753.93608247959,1662.31904102041,1640.71334571429,1836.05632346939,1846.94362142857,1691.01594969388,1764.95322826531,1650.44458744898,1647.85784091837,1800.10498877551,1800.15378877551,1693.27949285714,1641.67566326531,1809.50293571429,1699.33547142857,1776.11002142857,1819.15233642857,1934.63521020408,1702.76188979592,1749.34708979592,1749.57933979592,1643.58303061225,1842.84513061224,1799.9465255102,1667.68960306122,1723.5108377551,1886.35356428571,1739.84262632653,1648.70871734694,1845.88558571429,1842.72455326531,1795.63392142857,1775.28091020408,1674.63824795918,1818.26555081633,1650.25501122449,1896.29911122449,1826.55780714286,1922.43222479592,1689.76946061224,1703.56850306122,1740.84864795918,1727.42945061224,1632.56210112245,1761.04490112245,1705.78209285714,1655.79976367347,1697.42146367347,1864.12651367347,1717.09653367347,1727.50338367347,1774.26104183673,1747.74820816327,1960.79475816327,1646.907735,1704.28941969388,1862.48985744898,1789.43490744898,1775.99169744898,1770.03203673469,1712.04835714286,1810.13786836735,1889.11340612245,1691.79172806122,1580.84053673469,1815.22959489796,1685.5789622449,1559.7867122449,1599.1467472449,1737.89608489796,1595.07454693878,1590.36379591837,1664.04269897959,1809.71358163265,1521.61677346939,1641.40671632653,1751.10211122449,1673.55813673469,1541.56785673469,1776.22443979592,1662.62249489796,1892.04974489796,1737.38804489796,1894.74615510204,1987.32230510204,1477.90043540816,1663.46537540816,1627.26958540816,1935.5250114898,1810.04549785714,1772.00602285714,1745.16802438776,1894.26111326531,1793.43231530612,1823.19801632653,1690.49873979592,1751.93432857143,1540.29334693878,1669.5687244898,1650.6413394898,1679.58376238776,1641.23832653061,1651.48089285714,1608.90561734694,1667.7701877551,1770.68333979592,1865.36781020408,1783.77343979592,1684.92829285714,1549.98502857143,1533.88105918367,1471.42530918367,1549.41617857143,1703.87162857143,1632.62777857143,1746.30176938776,1654.5765157449,1800.3464122449,1732.27178469388,1699.79523061225,1647.15793979592,1491.54185102041,1666.50602040816,1679.48228061225,1841.10399795918,1578.31824795918,1535.01205714286,1616.8656255102,1727.3879822449,1632.27631938776,1522.01105612245,1592.99944897959,1481.46723979592,1582.34600561225,1550.01866346939,1571.09652081633,1498.02079081633,1719.99874081633,1602.85235295918,1632.22593061224,1732.49085795918,1734.331965,1693.49521755102,1734.7662494898,1688.52483265306,1683.43572959184,1654.48922959184,1625.92043163265,1616.50599183673,1632.75669183673,1539.4058744898,1657.26623061224,1703.13665897959,1634.2907394898,1700.96368612245,1690.06525612245,1717.76312755102,1874.84355510204,1779.71903265306,1700.57968061225,1885.41388061225,1835.21965306122,1890.82587857143,1744.40247857143,1767.86082857143,1838.38437857143,1838.36502857143,1792.29779520408,1793.87624520408,1690.18653163265,1703.43993163265,1646.92803163265,1600.3181822449,1713.70669081633,1751.40675102041,1775.68140918367,1825.06555918367,1744.25744489796,1503.65137959184,1513.01039306122,1546.59995061225,1499.88780642857,1514.30524081633,1676.24518265306,1433.79152040816,1425.61235714286,1526.01121632653,1447.96842714286,1465.82401081633,1462.82256642857,1433.80142459184,1499.61575928571,1555.51928408163,1536.44216469388,1786.91942387755,1743.94818173469,1917.71146673469,1806.53231683673,1829.55911683673,1803.90093622449,1806.40769540816,1788.66253214286,1742.24736020408,1776.60029183674,1788.40124183673,1726.26768061224,1635.97635,1909.64408367347,1813.22765102041,1673.27450102041,1529.06645102041,1642.78985102041,1752.67095102041,1752.22318979592,1552.37458979592,1700.19277244898,1696.84552244898,1769.3467877551,1670.7953427551,1640.54673163265,1672.4874744898,1769.31587744898,1793.94223071429,1747.68776765306,1744.71525612245,1464.59502040816,1627.25474022449,1851.15360714286,1907.18374316327,1762.79709285714,1574.05560408163,1769.4443377551,1913.61197040816,1831.55592479592,1891.32480408163,1800.50317653061,1848.15462755102,1839.05398673469,1883.76866122449,1872.72219387755,1753.53982346939,1655.96905408163,1817.99438704082,1881.71271632653,1699.19755132653,1695.93439183673,1673.57349030612,1772.83726826531,1781.62839326531,1748.47578367347,1771.46609912551,1630.64568402041,1708.88278020408,1787.48694693878,1707.29149591837,1837.61051632653,1730.16220510204,1723.39053877551,1648.24620612245,1600.8732255102,1721.4086755102,1776.39689081633,1836.78421020408,1699.52394795918,1677.03340795918,1643.66674795918,1589.37713673469,1525.71280102041,1681.39032244898,1775.51796938776,1706.08305102041,1714.77090714286,1677.08378214286,1623.10021734694,1636.75433734694,1695.52311030612,1747.57101530612,1764.00256530612,1822.53304418367,1807.77965418367,1711.8776744898,1727.66959489796,1630.74236428571,1632.5962094898,1651.34979989796,1804.76527346939,1752.9692,1768.5043622449,1754.98438469388,1561.97288979592,1622.08229387755,1659.91618979592,1468.60903877551,1647.8143622449,1691.2771255102,1526.37396163265,1585.79176836735,1535.50486836735,1566.76826836735,1620.54356836735,1573.21779795918,1588.29804795918,1852.07024897959,1738.07628673469,1730.48594285714,1768.77784285714,1704.87704285714,1839.1030744898,1721.8239327551,1877.99137142857,1956.32517244898,1704.05701326531,1683.04552346939,1661.94048673469,1732.85946887755,1801.00208877551,1670.25873265306,1740.63361520408,1866.21104183673,1872.27085918367,1911.24673163265,1810.37814795918,1764.96787857143,1753.71469132653,1633.97765,1639.48906326531,1498.39016326531,1520.09525969388,1604.80678877551,1599.19201877551,1416.63223877551,1478.51438877551,1554.01815510204,1573.63295,1645.33181530612,1650.30443673469,1584.85414897959,1615.9328,1744.03975102041,1765.8153255102,1753.60769489796,1651.50651122449,1738.34673816327,1809.66600867347,1765.50420867347,1746.59975867347,1745.06791,1681.25396,1578.53076,1696.49610612245,1699.65105306122,1684.89778163265,1623.16278265306,1760.87662755102,1697.51414122449,1598.46495510204,1762.38105510204,1586.99608112245,1689.06805265306,1643.69933061224,1673.52881530612,1570.5512327551,1588.83163571429,1493.67276530612,1486.01244285714,1559.09617285714,1642.35876102041,1730.14233142857,1890.77963979592,1866.6963755102,1627.8030255102,1606.44037040816,1661.14984591837,1624.98791428571,1560.07432979592,1539.60488979592,1606.10751836735,1706.83249795918,1672.79018469388,1608.80409897959,1692.16858571429,1671.43469795918,1823.72616938776,1767.79078989796,1667.42029908163,1688.30973367347,1645.38777040816,1469.53864693878,1610.18503163265,1895.9685877551,1756.7732377551,1751.89662316327,1794.86107122449,1724.98196122449,1590.52098469388,1695.09526428571,1678.75034387755,1626.15970612245,1543.74534591837,1695.30056938775,1586.71795102041,1643.71125102041,1491.4423122449,1587.80540714286,1541.31662346939,1617.65967653061,1636.78710102041,1824.98713061224,1801.71269081633,1813.38505367347,1736.02230908163,1914.37190408163,1778.11281938776,1707.14511938776,1658.87336530612,1714.30792387755,1961.15006530612,1669.53561428571,1675.65966632653,1732.86817040816,1769.81169897959,1820.11739897959,1719.40900816327,1833.28797346939,1800.36113163265,1769.11507591837,1674.17385112245,1695.84210989796,1714.32768897959,1799.57417857143,1849.06031530612,1853.21618571429,1781.08836428571,1960.15653387755,1785.51220408163,1884.66410377551,1971.23120377551,1876.74409163265,1797.50751510204,1764.23083040816,1663.97169693878,1705.33814816327,1633.33708418367,1532.17635816327,1588.54505510204,1622.65918910204,1606.01842991837,1696.36594081633,1725.71644081633,1723.46060918367,1806.33768571429,1632.57603571429,1605.75999387755,1574.31306938776,1539.40712040816,1571.96117040816,1485.29400102041,1291.70110561225,1298.34243061225,1399.83924183674,1437.06069183674,1408.26595408163,1429.89688061225,1512.09350306122,1524.52266632653,1534.95500510204,1572.83531530612,1793.18291530612,1711.78715612245,1777.41218469388,1757.92604183673,1652.04887632653,1743.36027938776,1837.31883571429,1667.28281734694,1701.27251734694,1557.27491326531,1606.94789918367,1579.74910734694,1761.7820022449,1782.96629285714,1847.34958673469,1872.07309459184,1667.59125612245,1643.50521020408,1734.82251326531,1652.28884081633,1745.53024591837,1689.28155102041,1758.25742040816,1599.78849387755,1664.84349387755,1757.55129387755,1658.45552887755,1614.20203979592,1732.18029387755,1624.26540204082,1730.62982040816,1812.33277377551,1623.14446020408,1779.66041428571,1826.26526530612,1748.88774489796,1846.65514897959,1853.94004183673,1854.19687755102,1787.96258163265,1614.95049285714,1757.55536816327,1650.37240714286,1736.45580816327,1543.77552010204,1359.74386122449,1453.54294897959,1459.94486326531,1595.52462408163,1427.6830777551,1546.20585122449,1565.90379591837,1611.57704591837,1681.10952193878,1589.91464510204,1523.55602244898,1589.51889693878,1568.12429387755,1584.16255816327,1889.56863469388,1722.72972857143,1621.02732755102,1505.97773877551,1763.91956428571,1736.72262040816,1731.68608061225,1649.48551734694,1653.22230510204,1597.4317877551,1548.16493571429,1521.06699693878,1606.19928061225,1613.05526357143,1713.9126444898,1653.42959897959,1644.23375,1638.23465,1737.10429489796,1439.66126632653,1680.18292755102,1700.62282755102,1505.81287755102,1799.24465030612,1802.81016530612,1647.57987857143,1613.51165357143,1580.98249438776,1602.93722826531,1735.72645204082,1663.32530408163,1655.86623673469,1709.20971330612,1666.96553877551,1614.13900204082,1671.45844387755,1821.03611428571,1828.24140306122,1813.09057653061,1784.31187653061,1796.30061020408,1898.45903469388,2002.52755204082,1797.85209387755,1883.30151020408,1818.1530877551,1814.98438571429,1737.36883571429,1715.31331428571,1774.8662622449,1822.36722857143,1850.78223153061,1808.32870081633,1766.26195612245,1875.69578061225,2108.81572653061,1733.90573653061,1556.41725,1397.594925,1447.22888061225,1536.29573061225,1492.19039591837,1383.96111122449,1578.97483653061,1628.40378653061,1669.57068653061,1660.85472979592,1548.58491142857,1590.79845989796,1666.22269489796,1732.05016836735,1725.09636836735,1644.36534387755,1706.60942142857,1689.01192244898,1645.81666020408,1706.47663591837,1689.26763877551,1782.97742755102,1627.82102755102,1751.8715,1729.82856632653,1628.25771632653,1569.35032040816,1709.01313571429,1775.34648071429,1749.14889183673,1708.7807744898,1697.34218061224,1684.12044561225,1612.9042877551,1636.1026744898,1397.69502020408,1594.98731438776,1664.50286938776,1655.53646938776,1793.88474387755,1768.727,1777.17077653061,1593.20549183673,1574.27248653061,1737.7119744898,1711.29250612245,1707.9695544898,1725.01370612245,1685.05703163265,1756.19728571429,1715.48838877551,1825.99243571429,1584.44496122449,1600.02669387755,1882.38405306122,1785.45836316327,1820.62385602041,1818.37639887755,2036.9898755102,1956.49722857143,1621.38656326531,1530.68398653061,1625.13751,1701.56935306122,1777.22607346939,1718.16141530612,1784.08889897959,1752.1932755102,1833.6856755102,1825.76343867347,1741.75494795918,1718.87768571429,1720.55195714286,1835.32160714286,1577.40370612245,1749.18588,1702.53524387755,1692.63323061224,1699.68793571429,1612.57025612245,1661.28636632653,1658.83667142857,1657.79205816327,1676.32330204082,1714.37937040816,1630.2146122449,1758.6646255102,1794.85441734694,1928.02746020408,1797.92801632653,1861.25413377551,1874.90414438776,1840.31984438775,1841.61877979592,1686.95276632653,1752.67793877551,1655.33188520408,1711.16192193878,1720.8573755102,1758.10565306122,1768.67373336735,1906.61045377551,1781.87942653061,1576.29724183673,1573.54441122449,1861.90805612245,1820.32379612245,1812.26969612245,1785.29702428571,1783.7883744898,1767.23850612245,1736.79549693878,1837.16054897959,1783.22211357143,1722.12683908163,1617.85812510204,1690.79014418367,1674.24199418367,1655.35379468367,1648.12118652041,1672.79852989796,1719.26706153061,1767.07057173469,1775.86792173469,1786.4915472449,1827.33288571429,1808.59313704082,1848.98814928571,1689.54665306122,1811.84687755102,1739.33137959184,1726.58759846939,1978.17562346939,1859.76955,1852.51858367347,1696.12227653061,1705.57782653061,1721.24310653061,1752.52305734694,1603.9097755102,1533.41780510204,1542.98255612245,1533.14269112245,1562.47249112245,1660.52960265306,1633.7189877551,1642.03321122449,1802.28947653061,1779.26295306122,1655.16355510204,1682.98458346939,1633.02562846939,1626.37828846939,1693.08816081633,1777.19680306122,1675.52624489796,1752.11504489796,1748.3202055102,1681.11809795918,1662.02765306122,1722.63875816327,1576.24526020408,1554.5887377551,1523.07167346939,1519.39347959184,1695.16287908163,1624.56769897959,1714.2383255102,1591.44336132653,1601.49443061224,1692.92841326531,1750.94696530612,1693.16498163265,1625.84485510204,1600.50595714286,1639.17387244898,1617.97155,1704.48055408163,1744.02668469388,1627.18086734694,1549.9608377551,1596.68160102041,1565.9394794898,1669.26249887755,1742.55685510204,1782.41604285714,1714.1861755102,1714.8162122449,1639.06806122449,1655.93721122449,1729.92182653061,1569.43712653061,1521.54972693878,1598.45769591837,1572.03724285714,1493.09254285714,1375.29829285714,1317.09020857143,1420.55679183674,1473.10923979592,1549.55493979592,1587.31498367347,1624.84766010204,1544.48891010204,1652.01323571429,1648.78093693878,1534.28757459184,1593.33925,1779.36603836735,1766.90553836735,1688.09139459184,1650.21953540816,1754.83160785714,1664.51655102041,1548.56504918367,1682.14340918367,1791.84115918367,1782.21266142857,1582.76259081633,1582.10299142857,1689.54531693878,1607.53079020408,1759.95108265306,1633.61753877551,1681.58256734694,1585.45120714286,1694.80045081633,1596.08065714286,1740.50100993878,1895.57171428571,1804.46937040816,1723.79487346939,1831.35232244898,1794.33995040816,1802.59397653061,1559.35776530612,1776.79331326531,1578.70701326531,1645.4651244898,1647.6987744898,1706.55665,1530.6713,1569.4031,1626.99242244898,1494.28561969388,1513.64157469388,1520.15797969388,1637.6661605102,1492.8771755102,1492.6685255102,1494.81271357143,1585.8972877551,1543.1518377551,1559.39198857143,1561.4477722449,1710.55601020408,1683.08920204082,1729.16961938776,1715.96901326531,1672.30775826531,1656.40037346939,1608.75026020408,1689.82024387755,1670.42086734694,1784.64258367347,1658.35157010204,1581.89021020408,1632.03608673469,1643.92977959184,1736.59569867347,1689.38028234694,1726.3614622449,1721.8481122449,1740.8784672449,1705.5981622449,1695.3665622449,1624.88346326531,1629.1198755102,1607.71069693878,1788.14003877551,1798.45391428571,1711.39373163265,1762.30688163265,1753.55487142857,1811.86668673469,1806.1718144898,1786.1280644898,1702.0369144898,1645.17443265306,1751.90275306122,1906.23820306122,1928.84404489796,2011.82950959184,1866.76501959184,1825.72515959184,1765.91014183674,1383.21602959184,1462.06625132653,1357.3639377551,1490.8235755102,1408.67849653061,1345.94520918367,1740.46107142857,1780.66462612245,1778.95075102041,1703.68902653061,1684.78880102041,1771.39814795918,1844.75549795918,1894.50109795918,1816.98011530612,1635.27455510204,1650.81331530612,1815.74565408163,1761.00440102041,1880.59725102041,1655.41592040816,1693.61390714286,1610.71854897959,1670.76431734694,1698.31270744898,1826.89816020408,1770.16337346939,1787.35132346939,1648.46254897959,1491.24727857143,1528.5131755102,1714.85896530612,1589.44216530612,1659.15967142857,1592.34301020408,1662.37406367347,1531.5226755102,1649.15863163265,1812.45719897959,1881.80519081633,1840.10441785714,1804.33464540816,1860.1641594898,1844.65340285714,1773.75188244898,1770.19047959184,1582.29042959184,1728.01748367347,1791.10606938775,1844.03735346939,1710.11270346939,1865.28378714286,1833.82007346939,1773.8802605102,1743.0872855102,1833.60350030612,1827.57150030612,1818.44747571429,1746.18859204082,1722.15842122449,1812.5507272449,1988.90668071429,1923.11855153061,1936.85720153061,1873.55829387755,1744.12807795918,1749.15385214286,1803.44329295918,1746.29157357143,1891.8315694898,1891.66785816327,1672.43512459184,1652.86107959184,1592.22846428571,1562.64577857143,1378.69231428571,1489.13951428571,1598.14896428572,1644.61496428571,1426.85418928571,1409.73583928571,1540.41602040816,1408.25296408163,1518.49935816327,1522.17821244898,1461.54652438776,1610.94027040816,1817.68783877551,1802.93338877551,1794.64020816327,1800.90685816327,1899.50965816326,1759.89030091837,1635.96083163265,1616.85959591837,1639.21083163265,1813.96390918367,1669.73462040816,1808.59907540816,1800.62002040816,1617.58658673469,1940.01091530612,1980.93550540816,1866.85739979592,1825.34806734694,1805.63268122449,1729.8475,1637.96245938776,1676.84909612245,1677.7498877551,1791.39533673469,1752.03098367347,1641.53243367347,1685.03981020408,1660.21959081633,1625.31471020408,1589.78991020408,1681.89136663265,1582.91181663265,1639.74120714286,1607.4240622449,1524.60299387755,1541.53097040816,1555.18882132653,1520.39176632653,1526.13281632653,1629.51694632653,1485.08264632653,1663.32381632653,1599.03251969388,1766.80747040816,1865.88277040816,1778.17232040816,1755.18457040816,1949.69312040816,1852.78997040816,1921.59092040816,1745.11587040816,1736.62812040816,1613.13077040816,1682.73305020408,1710.37470020408,1792.90765020408,1730.03350020408,1605.62451520408,1592.87430020408,1658.04581520408,1515.67835479592,1605.28893061225,1685.73023561224,1488.10652438776,1548.93076938776,1689.88008673469,1597.80538673469,1441.55745918367,1403.18785918367,1370.24455918367,1428.83685918367,1427.39325918367,1538.49107346939,1526.21892346939,1451.20062346939,1477.26234897959,1682.39949081633,1398.34874214286,1485.72226122449,1481.09963469388,1528.39330510204,1549.17002653061,1710.25671428571,1683.20200408163,1739.97208469388,1693.51698918367,1681.32773918367,1587.35666765306,1731.08001846939,1691.18459857143,1753.65091591837,1785.04544591837,1683.01485938776,1613.1036122449,1670.99937071429,1858.50063877551,1808.27303836735,1739.90813836735,1667.21591632653,1893.86295918367,1788.07124081633,1981.04364081633,1682.63787857143,1762.44237857143,1695.72292857143,1697.02207857143,1712.00585653061,1595.52903979592,1654.09936632653,1855.48315204082,1842.19366428571,1933.48963163265,2072.52870714286,1703.91384387755,1834.66230714286,1658.14867142857,1422.52117142857,1600.78241938775,1399.56285816327,1529.70464081633,1765.33162142857,1410.85646102041,1660.56738571429,1554.46327959184,1582.44398357143,1549.09339438775,1608.88946428571,1609.17476428571,1607.87936428571,1514.45816428571,1392.46726428571,1440.39435612245,1542.65075204082,1682.35189795918,1758.58012653061,1694.70469193878,1576.49253877551,1592.70262755102,1589.99480408163,1528.10434306122,1555.11171091837,1560.99822755102,1400.90301530612,1351.88423122449,1503.02830510204,1411.68974591837,1311.19084693878,1390.67464693878,1386.24627244898,1314.33782346939,1350.10271020408,1237.95545612245,1271.60790755102,1324.07304183673,1393.92607346939,1228.09474591837,1306.85071734694,1282.05508061224,1266.73297346939,1258.48258877551,1360.98458877551,1365.23120102041,1512.05118265306,1312.37489816327,1505.98603010204,1674.81779530612,1653.82414530612,1663.66884183673,1671.39395204082,1513.73951734694,1560.56923265306,1507.0770122449,1470.31125408163,1559.66507765306,1512.71665734694,1644.64693122449,1736.92084122449,1683.13660122449,1690.51688877551,1672.18056836735,1651.28175612245,1628.36629183673,1895.92294183673,1858.13714183674,1904.00339183673,1804.97477642857,1721.89717142857,1737.61715408163,1716.59955510204,1785.0964244898,1717.42632040816,1828.5920755102,1783.0782655102,1725.40204285714,1557.01238367347,1636.48821326531,1595.29124183673,1562.96404081633,1728.98306020408,1687.89915,1582.43310918367,1615.18733020408,1801.01783020408,1817.08340755102,1830.13862755102,1817.96912755102,1764.24202653061,1680.79470102041,1730.09385102041,1781.99112244898,1836.82625408163,1826.05913265306,1780.28849897959,1933.18544591837,1679.40337244898,1631.64841326531,1615.5939755102,1619.1988805102,1591.18055091837,1652.57545091837,1809.8169255102,1558.77512755102,1632.16592040816,1746.39420612245,1672.18583979592,1573.51921928571,1648.19387142857,1575.46125010204,1470.42015306122,1411.42893571429,1537.02231020408,1503.10929732653,1717.03194795918,1603.28842244898,1647.92072142857,1724.89052653061,1748.78113265306,1565.01279081633,1650.01999591837,1675.61307040816,1667.77816530612,1645.24209285714,1622.97591326531,1863.07572142857,1781.14552142857,1782.36482571429,1797.61117571429,1786.89646969388,1933.17118877551,2139.00259285714,1713.78329489796,1775.21907755102,1652.35742755102,1687.9812172449,1682.82107755102,1711.29234795918,1815.43495295918,1653.85350408163,1558.66245612245,1718.3058377551,1658.34534408163,1885.99360816326,1853.99143806122,1872.92675306122,1826.78044693878,1727.61797857143,1683.96585,1733.74115816327,1713.77341326531,1936.91128979592,2232.78135102041,2277.71699489796,2199.55901428571,2373.26196428571,2209.91242142857,2227.21616938776,2073.90825714286,1863.45548632653,1832.27415469388,1872.67687040816,1967.68272040816,1791.92959744898,1639.41674540816,1618.79523673469,1577.85234387755,1711.63404183673,1818.89378571429,1857.49772234694,1962.02627030612,1985.34102336735,1873.61271622449,1803.76288979592,1801.05010612245,1837.38482244898,1918.38549734694,1804.79678367347,1766.24880510204,1754.81284897959,1799.35953163265,1667.23383163265,1627.46568163265,1792.7428744898,1649.99317367347,1555.35098367347,1556.9428122449,1580.44002928571,1736.12359561225,1645.43924459184,1658.63622520408,1654.49805,1737.24346530612,1747.30673061224,1794.1884244898,1776.1349244898,1828.0333744898,1671.44600823469,1684.10406017347,1796.66998272449,1695.60730211224,1742.76827456122,1768.82289806122,1752.72715765306,1771.78261214286,1879.66642367347,1793.32247367347,1824.96182755102,1707.55621163265,1803.04917153061,1858.9049744898,1838.21997244898,1771.52208795918,1669.79085,1714.78652857143,1759.30618571429,1661.09251285714,1639.80071265306,1601.31411265306,1780.62994489796,1920.31324183673,1847.12941734694,1717.33355306122,1739.14871326531,1678.7565377551,1709.14741530612,1814.49551836735,1651.89557040816,1770.13147346939,1715.6985,1727.14640918367,1652.63724387755,1689.16879469388,1542.57404285714,1618.0267255102,1641.04951326531,1411.09099795918,1606.76334693878,1457.36336428571,1435.25081428571,1502.13898673469,1611.94948673469,1613.13847653061,1625.53407142857,1469.92547142857,1559.64580346939,1649.58357693878,1490.98327959184,1687.81987653061,1670.49950408163,1698.76396632653,1679.99838673469,1634.21308061225,1637.12043204082,1566.22280102041,1530.36706836735,1597.51533867347,1529.92132642857,1545.20460408163,1471.94381122449,1781.04547653061,1699.32359285714,1563.99959387755,1524.13317887755,1437.30539387755,1430.20204081633,1613.68634081633,1632.48132214286,1669.74170612245,1607.83656122449,1727.31246326531,1754.63715612245,1584.78888265306,1544.71868877551,1649.37822346939,1699.04143571429,1742.60278877551,1712.89548061224,1688.88724591837,1745.96754591837,1600.58028265306,1532.68698265306,1617.69868673469,1577.33532142857,1482.91995408163,1372.80733673469,1440.35055408163,1431.59565408163,1364.32018908163,1450.75618908163,1525.66078908163,1435.08885408163,1634.47050408163,1330.66200408163,1372.30007959184,1498.45645714286,1708.72321142857,1642.39091489796,1627.61991632653,1595.38923979592,1620.58516867347,1615.89882938776,1591.58526938776,1608.20863265306,1460.41798265306,1563.61573734694,1523.36030510204,1567.79411510204,1638.39188265306,1591.46190408163,1588.94105204082,1683.7079122449,1558.74949897959,1597.46336020408,1516.32205408163,1588.12031530612,1652.7891122449,1689.3227622449,1693.24971632653,1827.98501122449,2000.29679387755,1558.24331469388,1538.1755972449,1625.03094081633,1548.75704183673,1626.06108979592,1691.05126938775,1580.16405612245,1651.18280714286,1469.3064755102,1675.01227142857,1626.64611734694,1563.92145469388,1447.03569693878,1523.91797857143,1595.05578367347,1620.05229367347,1554.68223367347,1469.07059255102,1526.82627755102,1543.38245612245,1535.33561020408,1521.09887857143,1481.24679489796,1544.53674489796,1433.62884489796,1348.84689489796,1434.32250714286,1534.84868061225,1695.41869285714,1593.92624897959,1544.27783928571,1389.95929918367,1352.60407346939,1517.95204346939,1597.31568806122,1548.52761769388,1570.97428469388,1579.26955316327,1694.55799816327,1638.04262581633,1638.51218040816,1569.99681142857,1448.97765765306,1393.01073336735,1435.49089183673,1517.46988367347,1576.70170102041,1595.1443255102,1674.00189081633,1624.51599183673,1602.72001938775,1704.19216704082,1705.01860306122,1697.3498755102,1665.84215163265,1601.09917612245,1725.20813469388,1740.36773979592,1674.65333979592,1632.58622755102,1726.11299081633,1801.35854081633,1817.3921622449,1769.04766020408,1654.38214989796,1704.27119897959,1699.11507755102,1708.48793571429,1680.29106439796,1736.25058877551,1739.1900244898,1619.7194122449,1652.33071326531,1714.72015418367,1756.12240204082,1701.25858163265,1662.55983265306,1727.37913571429,1696.94901938776,1656.56101938776,1546.03870816327,1670.40443367347,1698.56029959184,1769.23294959184,1768.84099142857,1648.57747816327,1641.1219255102,1732.8084377551,1591.8017377551,1603.71936326531,1655.8712755102,1767.02779285714,1648.75104081633,1534.53884826531,1547.41024326531,1652.3547422449,1674.6546905102,1607.58444183673,1677.28051530612,1719.78880102041,1774.76564602041,1864.59891642857,1674.66576265306,1725.62873204082,1627.35595826531,1639.13851326531,1644.68191734694,1599.43833571429,1667.46181020408,1657.11196020408,1664.04893979592,1710.36059591837,1739.33427122449,1703.53173214286,1823.32030034694,1784.01535326531,1733.83602785714,1849.79973295918,1806.05600918367,1843.79255255102,1760.97128173469,1652.58949183673,1701.95244591837,1645.08740673469,1851.16125408163,1668.85902244898,1608.88894959184,1659.43540102041,1606.60559602041,1609.72420153061,1671.96801836735,1717.14665306122,1564.80443653061,1681.76079928571,1606.65600408163,1673.96198469388,1675.40911632653,1628.10062040816,1663.34533367347,1574.76517653061,1691.56342653061,1665.51338989796,1836.55103979592,1760.67488979592,1859.01113979592,1748.26643979592,1785.57962755102,1789.62374387755,1744.35218469388,1752.88873979592,1832.49572979592,1702.80529142857,1722.41479142857,1668.48718020408,1640.53833346939,1557.72302755102,1540.05196459184,1475.58382040816,1456.707435,1690.84381020408,1667.70717857143,1641.10402,1817.54230306122,1718.33013571429,1751.23357857143,1776.2434622449,1754.33721530612,1740.35548571429,1702.6855877551,1531.28465714286,1613.85316632653,1596.49611632653,1642.7335877551,1623.15818632653,1728.73007428571,1733.27216806122,1619.39559795918,1681.00399897959,1600.1983877551,1785.11069693878,1713.49216744898,1702.7465255102,1638.31467061224,1651.38420428571,1632.24804795918,1837.53095714286,1707.16618571429,1789.96602408163,1668.74640408163,1584.95578204082,1680.71596326531,1780.76161836735,1710.2973377551,1742.78239489796,1646.55686836735,1656.78959897959,1733.63622979592,1662.16493489796,1673.10537163265,1570.26159,1533.41288571429,1565.76346020408,1409.25393265306,1478.57559306122,1531.49860714286,1679.4055,1714.89591836735,1781.92548979592,1691.52051612245,1741.78702346939,1869.71241020408,1959.00837857143,1671.74683673469,1692.81744693878,1820.9240477551,1854.8588477551,1824.51109810204,1723.83483020408,1808.93218734694,1749.86218632653,1883.88695714286,1881.26375714286,1761.49318163265,1640.23361326531,1727.55605816327,1817.79940826531,1713.82596632653,1785.53648877551,1676.82960510204,1676.4075744898,1722.49179591837,1850.60152867347,1786.89984408163,1759.92711408163,1752.14995306122,1751.24584897959,1747.03011632653,1690.26283469388,1714.45993530612,1599.41972244898,1620.76109387755,1731.50926326531,1757.71465714286,1686.43458163265,1483.98321826531,1471.15814989796,1499.87063979592,1242.07208979592,1308.56931326531,1418.07001530612,1464.21047040816,1485.70894183673,1441.34848061225,1414.15173061225,1476.37331326531,1497.67315204082,1462.5038755102,1579.48330816327,1445.9455744898,1500.04719795918,1498.61503081633,1589.65699081633,1807.52573673469,1710.81534081633,1713.00739591837,1638.61532346939,1668.43288673469,1703.62036938776,1748.77488163265,1864.19477857143,1641.74875408163,1810.28130102041,1831.55069897959,1854.57572653061,1865.97321836735,1806.53947806122,1787.23583367347,1847.83584897959,1904.12944183673,1815.1278377551,1641.9231122449,1769.25315102041,1717.40959795918,1614.74984081633,1819.13081938776,1759.61437755102,1836.24266836735,1804.87268265306,1813.77158265306,1733.24006530612,1771.4102377551,1848.43723234694,1686.53412744898,1653.27619234694,1759.62833714286,1636.28149663265,1579.1694272449,1669.81543469388,1519.24800408163,1443.66705408163,1572.02374693878,1579.42189693878,1822.99691867347,1656.51864795918,1680.05514795918,1657.45086734694,1664.81082959184,1728.17970714286,1691.49209387755,1580.21114387755,1641.82924591837,1748.90582244898,1726.27457244898,1778.13237142857,1729.39526734694,1796.83945306122,1808.41877913265,1771.41282836735,1677.86731734694,1776.16642142857,1736.43724897959,1512.56116122449,1760.43454897959,1767.07966428571,1674.95795306122,1603.17528367347,1689.93378367347,1779.09886530612,1726.15006632653,1778.16895408163,1700.88289336735,1775.27220816327,1805.92128265306,1906.95432969388,1788.61358520408,1811.59682418367,1740.51069081633,1711.12743571429,2027.03830510204,1913.81212795918,1776.79192795918,1716.79987653061,1782.07014795918,1653.5379622449,1472.99364795918,1694.17768,1680.05098,1718.0971,1770.08827346939,1788.6089877551,1668.86966142857,1626.55458265306,1592.57005255102,1327.01512346939,1464.44934795918,1504.61119622449,1506.78161622449,1517.22554795918,1437.5909722449,1704.02446428571,1695.27705357143,1752.30561632653,1719.43806428571,1646.65261836735,1785.64279387755,1588.82679387755,1743.27564387755,1712.2405122449,1627.8452622449,1475.69356938776,1570.55526357143,1698.19177653061,1661.96660918367,1553.48242142857,1544.80795969388,1618.99879846939,1740.85410255102,1533.03527908163,1424.21904234694,1703.56455306122,1550.91927204082,1652.64713061225,1430.12500142857,1441.77917142857,1529.36926122449,1499.76072755102,1657.24955816327,1645.85517755102,1801.29133367347,1751.12700510204,1677.94009285714,1860.14594387755,1774.69576530612,1688.50266632653,1831.53154489796,1955.89759489796,1928.96139489796,1720.98867489796,1827.76149489796,1779.67649489796,1895.43686530612,1857.16691530612,2054.23001530612,1795.9715744898,1864.84334081633,1899.83569081633,1709.87779081633,1771.85904183673,1918.9390255102,1806.1719122449,1754.41590714286,1699.0668872449,1614.38584,1665.85408867347,1794.49461306123,1752.24794673469,1816.55283887755,1735.91728877551,1736.42024693878,1704.45115918367,1819.81714693878,1855.85661530612,1720.50513061225,1692.20052346939,1682.3906744898,1700.49563163265,1674.31045918367,1826.28993979592,1782.16606734694,1713.68334908163,1844.45289510204,1741.91541173469,1674.34389918367,1650.10874183673,1675.76049897959,1709.39858061225,1681.90870510204,1682.59695510204,1514.37515204082,1520.75868469388,1617.23251530612,1570.52139704082,1498.96371836735,1513.77491530612,1590.71463530612,1495.11010163265,1531.21659897959,1603.26260612245,1603.69975612245,1613.23441020408,1541.3027244898,1584.9023744898,1551.4301844898,1576.03139489796,1689.39459489796,1757.15162244898,1887.05055918367,1935.44879285714,1820.6621244898,1716.3497244898,1790.34421020408,1870.55120295918,1769.21407142857,1753.7321244898,1787.58223163265,1637.14281214286,1663.50156214286,1553.42920612245,1698.68067244898,1900.53872244898,1860.98153367347,1948.55954489796,1891.58414489796,1877.99014897959,1808.05709693878,1809.69783265306,1749.80558673469,1774.04650714286,1802.91453469388,1813.60870408163,1762.50111734694,1852.29531632653,1738.83053795918,1701.74100428571,1701.87269183673,1703.35960306122,1848.53717142857,1670.11052142857,1575.46201734694,1691.11389591837,1709.03817755102,1632.07155612245,1587.79977612245,1544.36287612245,1567.09835918367,1676.92595918367,1504.26293877551,1646.77037959184,1610.09501122449,1450.32101020408,1423.56121020408,1367.36941020408,1463.82871530612,1604.17813530612,1677.00117714286,1510.77210979592,1513.12572928572,1425.66862428571,1645.49957591837,1615.3651422449,1570.6321122449,1588.22150408163,1543.92011408163,1626.03813908163,1564.50625102041,1693.60167295918,1696.6063744898,1680.4532257551,1608.53318571429,1594.01974887755,1568.46879387755,1573.05809387755,1715.48861520408,1686.70969693878,1586.37119693878,1604.44462346939,1746.43992653061,1782.1031377551,1746.27560204082,1868.91267040816,1757.40649081633,1612.19573469388,1657.03464081633,1696.48614489796,1759.21196020408,1752.36521020408,1726.41507647959,1656.75429387755,1744.10414387755,1655.68034387755,1757.38029387755,1940.31354897959,1705.15457755102,1835.08573163265,1738.54546326531,1667.26576091837,1745.37427122449,1791.84351020408,1887.34215306122,1781.67564591837,1844.02912142857,1810.28526938776,1696.43627142857,1804.72284081633,1762.95705918367,1625.90784285714,1676.88619489796,1644.00143265306,1667.40892857143,1826.35488571429,1801.78633571429,1787.46533571429,1822.88718571429,1752.86373979592,1760.79087040816,1766.99978193878,1784.41157622449,1789.34863979592,1746.6889255102,1768.11295714286,1619.77052346939,1655.59352346939,1602.92255918367,1579.1450244898,1481.75356030612,1396.76079387755,1589.3489744898,1779.8544244898,1686.97721734694,1623.54260306122,1574.49943979592,1595.33457255102,1853.34892244898,1690.70469387755,1634.5867255102,1634.1521705102,1699.86186438776,1705.52086938776,1748.13781938776,1683.62796326531,1655.04342142857,1595.5611255102,1629.79817663265,1622.18733285714,1779.18158846939,2022.45548357143,2090.65408959184,1878.13851571429,1666.49790204082,1790.39071632653,1859.6087244898,1643.662175,1770.5685377551,1674.06104428571,1790.65792418367,1535.36950918367,1541.93759846939,1605.61199846939,1529.00244602041,1344.55605204082,1633.16595204082,1672.48755204082,1712.88421061225,1659.76054183673,1670.02830102041,1823.79520918367,1896.66559346939,1765.01466857143,1741.11375816327,1767.90779316327,1596.87207581633,1584.45612581633,1759.7790744898,1731.28358081633,1796.64792244898,1754.44279285714,1875.40514285714,1763.17004285714,1556.30549795918,1627.36482755102,1591.50808061225,1675.56313061225,1564.40226632653,1592.40656632653,1436.58206020408,1575.22436020408,1607.14602959184,1622.87324755102,1591.46815469388,1565.06270571429,1617.59367408163,1646.14945908163,1542.04647653061,1623.34167653061,1736.38142653061,1704.13018163265,1786.41575,1737.04244795918,1759.6707972449,1788.20586326531,1618.41699459184,1681.50989969388,1692.59958469388,1632.06573469388,1616.32740714286,1594.18015714286,1402.00401122449,1390.62637622449,1273.75627622449,1245.87124622449,1309.20539091837,1286.83649091837,1325.38727091837,1432.94229591837,1488.64839591837,1466.40889591837,1508.59588979592,1571.7103255102,1317.0575755102,1314.46921530612,1237.13366561225,1440.7933744898,1665.55702755102,1566.58313469388,1562.74743469388,1599.58392857143,1446.6634255102,1349.4668605102,1422.8543455102,1447.2036955102,1380.2545105102,1312.19323806122,1386.77330706123,1304.80605306123,1196.03324806123,1218.15765306123,1364.59855285714,1379.72475132653,1562.31666938775,1653.61366938776,1563.35972040816,1534.22895959184,1595.27810408163,1616.17514693878,1627.66465510204,1628.51716826531,1735.58596938776,1638.06495714286,1624.5857044898,1730.1850744898,1729.09132755102,1609.99649387755,1686.4793255102,1582.5015622449,1650.71956734694,1820.50431632653,1720.15851122449,1741.29657857143,1777.08387857143,1922.57603683673,1891.27085306122,1852.33747346939,1892.40370316327,1943.52766734694,1688.31718163265,1737.69390816327,1845.82414387755,1876.73306428571,1763.99517653061,1788.62572653061,1575.89717755102,1695.62971122449,1480.63318755102,1571.21482755102,1425.90573755102,1524.24272755102,1664.51627755102,1661.91050438776,1806.36455,1799.18659897959,1886.53584897959,1739.52408061224,1679.58426938776,1622.07143571429,1683.4794244898,1652.93560102041,1661.48469693878,1498.68491938776,1478.21268285714,1577.52987346939,1711.21647346939,1588.37038265306,1776.6229122449,1802.25021734694,1680.36154489796,1674.7367,1633.59457857143,1537.81607857143,1648.83872857143,1627.20611530612,1539.14595510204,1549.98705510204,1650.42797755102,1605.82007755102,1642.59925255102,1582.38756816327,1788.93335816327,1686.36490306122,1632.79443571429,1662.33423367347,1662.99460816327,1601.31355857143,1905.36939602041,1784.72511326531,1622.76045816327,1717.58330816327,1634.2909622449,1798.41686632653,1803.34369795918,1751.81685418367,1725.15312765306,1824.52552867347,1880.96720622449,1813.86141540816,1757.58302346939,1691.82238795918,1841.13686295918,1706.31827561224,1689.77512397959,1598.29583010204,1753.89027183673,1749.13391428571,1733.23270204082,1822.79691387755,1521.61929489796,1556.15704632653,1581.04848030612,1664.94930816327,1691.81059153061,1756.65302653061,1654.94452653061,1655.80830204082,1750.67223061224,1631.55623061224,1792.7896744898,1876.98372857143,1774.90244785714,1647.89677336735,1682.63996622449,1786.2961622449,1808.26937653061,1730.27995408163,1701.57765918367,1774.04300918367,1845.24550918367,1845.45376938776,1976.09801510204,1798.04895755102,1655.86171911225,1831.30520306122,1721.21265755102,1685.83162734694,1776.87312346939,1678.45291122449,1805.49275816327,1784.44280408163,1644.24034591837,1621.53650122449,1759.09733367347,1696.2955372449,1763.15378367347,1656.64434183673,1536.76396428571,1591.28818428571,1663.22551734694,1718.77316428571,1557.67291428571,1651.0029,1525.5566077551,1521.35959755102,1543.60667408163,1628.63586673469,1580.32318173469,1564.01766132653,1483.56066132653,1601.35142357143,1549.30597357143,1557.78562040816,1522.43033571429,1545.4353744898,1572.43769285714,1597.39389489796,1591.27055020408,1733.06693693878,1661.67280102041,1714.58605102041,1783.91627397959,1817.48935408163,1663.85767755102,1695.08346326531,1760.20461632653,1777.72011632653,1689.69116836735,1729.62034489796,1802.57328163265,1545.49584183673,1520.51344897959,1506.27118163265,1572.39772387755,1625.36270306122,1620.66390693878,1743.14214142857,1627.06645244898,1711.30918367347,1693.42406326531,1613.19068142857,1742.88376612245,1965.12273755102,1853.82858428571,1790.14888469388,1823.28955,1842.00727969388,1853.38050918367,1724.49861122449,1602.38040714286,1712.57578367347,1592.5700122449,1625.15274591837,1675.4456244898,1649.88118163265,1562.0730122449,1555.39774693878,1562.75541326531,1657.66071326531,1609.42686326531,1664.25396326531,1724.23003979592,1717.38823489796,1772.48331836735,1727.52476530612,1674.4165,1619.34801377551,1488.67463897959,1562.5401122449,1459.69626632653,1536.51662755102,1643.49654693878,1610.72704173469,1696.77968561224,1797.72395918367,1645.16654081633,1730.3640622449,1747.95535816327,1702.64181530612,1773.42032040816,1794.9300122449,1740.03182755102,1768.11142755102,1807.8307827551,1906.10110857143,1694.75546265306,1757.55770387755,1720.07984265306,1774.57585081633,1748.00324173469,1712.58269357143,1563.16653744898,1485.12668744898,1571.21050683673,1607.60620234694,1509.61700387755,1505.05378591837,1543.92488755102,1680.36439979592,1625.09780816327,1552.85495204082,1664.6454255102,1530.71959112245,1713.86600846939,1621.45464030612,1704.32343163265,1737.03566602041,1686.52025102041,1630.60236265306,1635.54501530612,1626.26911632653,1552.27049510204,1487.08528510204,1492.87510255102,1521.37772653061,1514.56306806123,1539.6534,1490.2164,1770.3247,1791.1619622449,1668.14046428571,1466.94361428571,1557.91031734694,1557.30643979592,1530.23607918367,1376.81515918367,1519.64170918367,1545.75005204082,1625.85881938776,1696.64083469388,1779.63421938775,1787.52804489796,1591.75205612245,1476.63545612245,1664.79425,1776.53465918367,1739.18775938776,1685.60788061224,1661.84661122449,1662.81988673469,1654.61018571429,1461.47259489796,1674.6793622449,1672.40566428571,1699.60127857143,1721.43769795918,1757.57019795918,1661.27233163265,1713.12925612245,1723.76410918367,1844.26961428571,1835.59756428571,1829.97850510204,1790.07300510204,1916.79330759184,1956.28875759184,1920.96599285714,1851.46769285714,1834.42478979592,1799.08870408163,1775.84057857143,1743.00915306122,1664.14907469388,1554.69954969388,1579.11250581633,1518.26198683674,1604.96819183673,1539.41351836735,1571.69720612245,1657.91032346939,1601.83917693878,1649.27975918367,1729.22708061225,1581.19838061225,1665.98348979592,1686.77458673469,1527.08885306122,1517.21263877551,1557.9223727551,1672.32262040816,1929.25766632653,1739.64988979592,1827.05621428571,1709.55961428571,1644.98517959184,1550.23494112245,1663.10554214286,1665.59620612245,1643.12346530612,1498.06774010204,1530.25268877551,1484.56972173469,1534.60965693878,1569.32574693878,1579.11931530612,1632.17868367347,1726.47768571429,1651.68157244898,1642.67548877551,1698.65355295918,1411.01623867347,1543.92058867347,1528.74360612245,1540.21486020408,1650.32204489796,1682.80684489796,1543.32214795918,1648.08560204082,1682.72279510204,1733.92473979592,1480.2431077551,1434.46674387755,1490.92989387755,1477.29549387755,1405.17579693878,1460.92964387755,1444.78256387755,1549.01657387755,1499.09669387755,1506.17254387755,1633.95839387755,1633.05379387755,1692.83254387755,1708.41599897959,1616.33987897959,1565.37827897959,1798.35318163265,1970.48156632653,2024.52605204082,1871.51275510204,1808.48191020408,1681.10479897959,1722.06229897959,1862.52881326531,1940.14655816327,1788.41816897959,1830.12367561224,1937.05470102041,1872.06420102041,1761.58440102041,1926.09198265306,1820.58663265306,1872.43606326531,1762.32848163265,1794.8277255102,1704.58864387755,1736.5944622449,1859.80291938776,1725.56786122449,1817.14642653061,1781.60622959184,1481.6318072449,1721.5408572449,1637.39066571429,1705.45903714286,1657.62174326531,1696.50779795918,1635.39636816327,1267.90509387755,1326.03724918367,1518.48238061225,1821.42688061224,1665.63961397959,1674.73930816327,1630.65459316327,1478.34724591837,1495.72767091837,1575.52804591837,1472.46603469388,1619.40385714286,1645.37459795918,1657.1070244898,1765.0328622449,1647.96088673469,1720.24882959184,1505.33188826531,1504.47077142857,1532.45516836735,1617.06249234694,1713.41508112245,1593.40465612245,1635.91189489796,1674.58879489796,1695.20704897959,1897.04204897959,1700.00029897959,1719.15313897959,1753.02115397959,1769.67299897959,1668.77959897959,1773.59166326531,1744.88116326531,1799.00846326531,1598.3349755102,1636.77770204082,1723.16752653061,1544.96120673469,1590.8617755102,1697.61739244898,1837.66262040816,1843.06430510204,1846.32618061224,1693.23520071429,1619.81983163265,1569.38109489796,1834.50352346939,1664.13458367347,1604.11639387755,1542.64688673469,1491.64986938776,1793.58000918367,1593.16053979592,1804.64570877551,1729.85789653061,1748.51149653061,1558.89289653061,1580.38902653061,1818.0769122449,1681.46464183673,1778.89378479592,1726.36126081633,1816.42922204082,1626.31802204082,1711.74474653061,1619.68412530612,1932.67929673469,1877.52378673469,1772.96286734694,1708.30017755102,1709.10182755102,1598.8132244898,1660.60070102041,1656.70021122449,1625.30766989796,1630.83867989796,1565.64590846939,1533.59369846939,1541.78977346939,1679.7240744898,1646.42900612245,1574.16680612245,1750.15115612245,1696.14920612245,1698.81856530612,1679.49382346939,1721.29954693878,1677.1436377551,1707.5963377551,1839.0368377551,1680.94553653061,1670.7285744898,1610.75882959184,1688.14968265306,1584.240455,1657.87121020408,1643.57556765306,1712.54204836735,1592.41623806122,1405.01515204082,1714.18713377551,1846.18373061225,1870.07291632653,1776.04167244898,1599.91773244898,1631.93756836735,1596.21034591837,1623.95106428571,1649.75756428571,1698.36486938776,1551.30732040816,1631.83817040816,1561.19794489796,1507.05612142857,1520.13509591837,1692.15160918367,1817.87931020408,1682.85842244898,1674.21364346939,1887.03126734694,1779.81048367347,1713.91901785714,1926.33449387755,1884.86744387755,1938.07873571429,1776.52444081633,1803.18656020408,1715.37035510204,1607.35540918367,1641.62432857143,1584.83248357143,1680.13079081633,1543.36913265306,1611.07829489796,1535.75503336735,1719.67354255102,1650.91675479592,1693.09196397959,1668.900515,1734.30939459184,1767.76892959184,1630.18172959184,1705.37456020408,1611.48711714286,1608.03991020408,1622.92444489796,1538.95717755102,1528.08699867347,1482.83382755102,1549.79095714286,1571.11254183674,1569.4629377551,1407.0688877551,1528.65390826531,1696.96340204082,1466.59622704082,1453.25574704082,1542.19586989796,1775.34849744898,1738.75929438776,1771.86788112245,1662.39877653061,1763.19657653061,1753.47969571429,1684.44573918367,1827.48659122449,1871.04059122449,1697.94651622449,1851.95155306122,1892.25050306122,1648.29706734694,1758.12882612245,1673.50065367347,1622.27181479592,1407.4748877551,1694.02668571429,1627.35907346939,1504.98166173469,1536.23385040816,1698.32131530612,1953.90420408163,1742.0198122449,1868.33845714286,1820.95341122449,1939.38273163265,1826.93927469388,1758.75495306122,1712.29027653061,1678.39763469388,1686.48536020408,1671.47254183673,1756.21754183673,1641.9493477551,1801.79981122449,1606.15448979592,1629.62600602041,1555.58608010204,1537.37247714286,1645.66250816327,1661.10054693878,1634.38851530612,1644.01821530612,1796.79003061225,1704.7979872449,1624.99005887755,1633.85099959184,1545.83797755102,1631.90308571429,1719.83027959184,1619.04641020408,1571.85349285714,1726.65717142857,1610.31585642857,1677.46399183673,1623.48566122449,1641.84446122449,1785.91480102041,1741.58442346939,1671.15517785714,1663.41966459184,1749.9069122449,1755.65119591837,1787.03019591837,1802.59334591837,1704.63374591837,1761.43939285714,1676.41844285714,1513.93150306122,1510.46710306122,1477.75892244898,1490.35222755102,1490.39702755102,1598.97075,1606.392975,1476.24405,1357.68810642857,1389.19002142857,1452.59278367347,1555.02403163265,1553.13785102041,1865.15797653061,1657.11629489796,1761.09088061224,1774.12583163265,1603.5275122449,1869.8952622449,1884.91100918367,1647.976,1575.44685204082,1420.63930612245,1458.25950408163,1609.39180102041,1594.6621622449,1690.54059887755,1944.95913734694,1849.80988183674,1974.67259040816,1887.40991773469,1889.23770714286,1776.39474591837,1848.51207142857,1918.3478122449,1776.97856020408,1851.96643897959,1715.53860561224,1703.39410561225,1743.5489255102,1603.49414693878,1758.84517959184,1756.58765408163,1704.87928979592,1635.65953469388,1889.77813367347,1914.4022655102,1687.55698367347,1581.55247653061,1722.53663469388,1962.17510442857,1844.25302585714,1748.28204218367,1980.00384591837,1702.9346255102,1739.96309897959,1670.60419591837,1618.8273244898,1769.39440408163,1663.8161377551,1618.52786122449,1621.36824285714,1831.00083265306,1843.15088908163,1734.86968469388,1647.35277857143,1648.01002653061,1525.65570367347,1595.28090367347,1659.18003367347,1566.33264897959,1538.26099744898,1638.57285204082,1589.99540112245,1550.59695612245,1476.91065612245,1514.72029591837,1694.60959591837,1647.73759591837,1604.27515,1557.45960714286,1671.55136530612,1729.00285612245,1698.20552142857,1699.13528469388,1668.19483469388,1668.91204489796,1720.00361326531,1722.16752734694,1761.9766377551,1568.40735928571,1828.97831020408,1839.16005306122,1576.87579591837,1653.73860204082,1548.28445714286,1551.98630714286,1710.9789755102,1735.2389005102,1684.28831071429,1729.51283571429,1582.72580816327,1713.45039081633,1868.72550714286,1890.74069408163,1743.07379469388,1497.33831102041,1744.34558061224,1671.68616428571,1698.58714479592,1868.82234795918,1715.39906530612,1597.51649489796,1650.26261020408,1721.9234377551,1691.39437142857,1534.90325,1634.46616428571,1543.88479693878,1458.59793265306,1363.83614387755,1490.78726020408,1538.48579897959,1671.72705918367,1465.89736040816,1791.66627040816,1695.55869795918,1739.46080918367,1841.11361326531,1792.51226428571,1676.53823163265,1693.63978020408,1631.85861795918,1591.12074795918,1556.98183163265,1612.91462663265,1418.86417938776,1613.28584591837,1506.01571734694,1399.17826530612,1299.64428530612,1415.10410306122,1578.5348255102,1735.22829285714,1681.77785816327,1538.00174285714,1647.94565,1655.33847755102,1634.24853265306,1608.22451020408,1652.59122653061,1710.7880122449,1719.40293061224,1688.85080816327,1497.46661326531,1516.7124244898,1498.5916244898,1434.10179387755,1527.19314183673,1502.35786632653,1651.36299397959,1604.61583071429,1543.79342571429,1539.55740408163,1571.99468469388,1672.20863571429,1608.73413571429,1638.61325102041,1745.98740918367,1580.75642959184,1706.68700204082,1670.28521831633,1638.85942346939,1560.48988673469,1662.17528877551,1524.39813581633,1553.60577081633,1571.00424153061,1711.45932653061,1584.76249622449,1689.99594826531,1584.96861632653,1714.3532877551,1710.63172755102,1823.43124897959,1731.17720204082,1575.1587244898,1647.43825612245,1610.94304489796,1797.25288673469,1599.81503367347,1663.35931836735,1776.39523959184,1704.51198959184,1785.17381530612,1717.19035408163,1701.47836693878,1600.34281959184,1553.83532959184,1736.79106877551,1723.24433612245,1832.36815204082,1999.9929,1946.18363877551,1831.21621081633,1806.36270346939,1886.27486428571,1864.92354908163,1853.90672459184,1810.07735459184,1814.97539469388,1869.70471510204,1783.03166622449,1752.65164989796,1712.46850846939,1692.93240744898,1625.0246744898,1686.7161744898,1797.70286632653,1666.60006122449,1888.55853367347,1763.44965714286,1717.92462142857,1701.78987040816,1789.84902346939,1715.23454795918,1651.92088142857,1547.52982142857,1549.33042857143,1706.11266020408,1869.2370622449,1751.82170306122,1754.97665632653,1613.73994306122,1801.89061530612,1766.33368877551,1663.38333367347,1812.46985408163,1713.97497959184,1701.12839591837,1685.69770469388,1690.11715612245,1712.60959285714,1735.99639285714,1712.91396326531,1714.51956938776,1786.81848163265,1620.97303979592,1865.4189622449,1789.40728571429,1759.99874897959,1679.89388469388,1708.70837244898,1813.36357040816,1830.47651428571,1734.42879387755,1755.28203877551,1764.35347030612,1797.07335193878,1617.19761826531,1536.03623438776,1452.91052336735,1535.72195908163,1497.03936938776,1480.76792857143,1587.09558979592,1557.51913530612,1543.87778306122,1663.14706571429,1602.05327346939,1529.07121622449,1589.39814071429,1541.14083357143,1448.94433857143,1483.43182487755,1361.73453508163,1244.80185510204,1242.81472020408,1230.62986122449,1596.29400510204,1563.05007040816,1572.74419387755,1605.65667653061,1505.38089795918,1481.0187594898,1636.1679377551,1425.46762346939,1396.2082322449,1785.4300322449,1713.85693336735,1784.06041734694,1636.88851734694,1677.94539285714,1638.43786020408,1612.26770612245,1716.77600306122,1725.23865306122,1639.89360510204,1586.73485102041,1667.88005102041,1645.08710102041,1769.5024122449,1731.2308622449,1747.9616,1639.09162622449,1790.54937857143,1813.14521520408,1862.37766020408,1890.32716020408,1849.67248193878,1799.18711581633,1887.5033244898,1669.18074897959,1773.38904081633,1777.87115204082,1810.19220204082,1856.23635204082,1906.0694622449,1676.39631765306,1534.97384183673,1736.74002346939,1672.87243673469,1627.5684,1569.51367959184,1356.75469959184,1630.67853265306,1540.39051765306,1542.81401765306,1461.63965765306,1505.28745765306,1455.12778265306,1558.7291622449,1607.77394591837,1609.27994591837,1484.58993132653,1510.58185632653,1565.6957244898,1537.46180061225,1496.23972,1643.46387346939,1629.10453438776,1648.07969867347,1755.12670408163,1687.72248673469,1630.74700816327,1869.69080816327,1901.49949489796,1755.27304489796,1707.89022244898,1808.05164897959,1772.03036397959,1793.27158438775,1821.37164765306,1701.51232244898,1697.02090204082,1735.8690622449,1736.53939387755,1724.09226326531,1916.69843673469,1940.74370408163,1769.3523744898,1861.22759489796,1800.7826744898,1766.34209795918,1760.90328469388,1746.71688469388,1745.82884387755,1735.88949183673,1782.07476122449,1811.68941122449,1662.27061438776,1484.23279193878,1500.49424693878,1581.01859693878,1635.51230510204,1486.49550510204,1548.89063469388,1533.90816714286,1447.50384061225,1741.20175306122,1669.41145306122,1670.76580714286,1781.64265714286,1680.48051938776,1691.97751632653,1710.17466132653,1696.16271132653,1898.65446938776,1825.67780918367,1920.55900918367,1694.98390918367,1861.68356734694,1714.89025816327,1769.97556908163,1779.43325306122,1759.24671887755,1774.13263469388,1913.88033265306,1678.28914387755,1752.70465510204,1879.58510571429,1847.32313571429,1862.91596632653,1732.85207857143,1686.67983357143,1742.15783153061,1741.4776744898,1581.35888979592,1621.06237346939,1671.62077346939,1958.66518673469,1806.72557142857,1770.44926326531,1848.44722755102,1739.48989591837,1758.36337244898,1822.25636326531,1799.01617653061,1645.90908061224,1676.89359285714,1865.48448469388,1877.11151632653,1889.50516734694,1946.24876071429,1886.68083520408,1917.18090204082,1885.85473061225,1718.58555204082,1804.03905816327,1617.58979387755,1640.8108755102,1733.81905510204,1792.82892653061,1716.9367377551,1846.6210377551,1690.69458061225,1697.88094387755,1692.39860204082,1589.65821836735,1608.61958367347,1750.52123367347,1668.98513367347,1650.43364020408,1713.78369020408,1748.65978938776,1535.83110908163,1758.93909408163,1659.73237908163,1739.40315408163,1644.10059081633,1633.54171785714,1542.14454285714,1600.29229183674,1626.13684755102,1675.13779755102,1642.34176591837,1729.16985877551,1678.46378346939,1620.32461836735,1708.62569755102,1802.97477040816,1812.59973979592,1664.91036530612,1600.73542346939,1591.06862346939,1664.32314285714,1648.01127244898,1603.21453163265,1683.61873469388,1592.38223163265,1842.26670612245,1687.08645,1645.43931,1722.84928265306,1543.5490377551,1650.1856244898,1560.41654183673,1709.36612163265,1749.83117265306,1712.99588387755,1659.44236122449,1742.93029489796,1942.88429285714,1672.25336530612,1778.26165102041,1851.66800408163,1846.34723979592,1746.00400204082,1635.51728479592,1660.57756336735,1840.51785816327,1934.91765204082,1954.23404346939,1859.94588846939,1893.75093846939,1876.17829346939,1881.54063846939,1963.49249387755,1889.54147755102,1769.21675989796,1838.32657826531,1805.38919561224,1646.97190173469,1724.13057653061,1678.08102244898,1703.4912877551,1696.17299795918,1679.38064591837,1836.50702377551,1799.32262795918,1694.32391153061,1703.32970612245,1755.15521020408,1537.57897755102,1471.92563673469,1593.71034693878,1592.56608163265,1616.36808826531,1576.63019387755,1709.91355204082,1560.00633806122,1576.73806020408,1640.57033877551,1611.65544591837,1637.47964897959,1602.25369693878,1588.93163387755,1892.43928183673,1736.23278183673,1786.81034183673,1683.18654897959,1628.99910306122,1710.20775306122,1654.08434489796,1615.23579795918,1747.09313397959,1799.44663230612,1873.03906530612,1833.93936030612,1744.88705918367,1789.21340918367,1687.01970632653,1666.54345306122,1768.18150204082,2050.42910306122,2014.81770306122,1900.01145306122,1844.60346734694,1812.18967734694,1719.27291326531,1747.70991326531,1709.24744183673,1558.62365,1700.47911836735,1627.60413877551,1795.39815540816,1629.32832142857,1565.55558959184,1602.04259918367,1597.01545266327,1646.26448265306,1974.09208857143,1746.46217510204,1698.71597510204,1719.6467005102,1679.48928428571,1842.36381836735,1957.21856428571,1665.38281204082,1729.61046,1774.68534265306,1657.31553693878,1889.89390938776,1759.83482346939,1681.94000622449,1633.31228265306,1765.22092040816,1749.22317244898,1962.06726632653,1911.32055204082,1694.99171938775,1659.49469489796,1736.37828061224,1785.78887722449,1822.82223173469,2116.08112122449,2129.13052346939,2185.67478163265,1929.23622693878,1765.76498959184,1913.27859755102,1701.03760755102,1822.77175918367,1726.48713285714,1606.41622244898,1715.32041122449,1795.31047244898,1672.81683163265,1700.33059489796,1635.6370255102,1704.25039183673,1618.9343122449,1731.26408163265,1640.41202377551,1630.77775071429,1740.70562316327,1745.93242357143,1722.90755928571,1724.25793989796,1728.63161122449,1730.57766122449,1692.4272994898,1730.63749897959,1617.93884081633,1688.93683673469,1720.14560306122,1797.38393397959,1728.35165438776,1704.71121122449,1634.66064010204,1611.78420010204,1731.7231622449,1671.07280510204,1741.43187959184,1798.35122244898,1776.8017122449,1602.33618571429,1615.48023979592,1485.56589489796,1665.59899387755,1685.8801657551,1567.1185157551,1482.98224489796,1595.31356734694,1592.90912959184,1511.90604591837,1574.77269591837,1505.71845591837,1642.26744897959,1619.45939183673,1469.06400204082,1448.41508877551,1437.72032877551,1452.60550367347,1626.93232346939,1605.40539795918,1629.13503469388,1585.63685204082,1486.30671020408,1500.09816632653,1768.54868877551,1437.46206020408,1489.12208418367,1479.54307295918,1509.09753765306,1520.29288836735,1620.31114479592,1633.89137755102,1697.97472755102,1686.95617755102,1764.09347755102,1909.02095204082,1809.85324591837,1839.03059234694,1724.47639827959,1776.78373021837,1830.35860591837,1796.72593265306,1826.50286326531,1792.93462346939,1704.82228653061,1673.13311846939,1678.11814418367,1658.40888071429,1669.26273071429,1738.93209918367,1785.59302387755,1876.37878173469,1890.28622704082,1845.99636765306,1588.96590785714,1747.97421357143,1991.72195408163,1568.11961408163,1680.2943977551,1635.77884183673,1762.98118877551,1794.01001836735,1712.65948061225,1621.30627142857,1841.50945408163,1793.41073367347,1806.53273571429,1738.87320306122,1700.16137040816,1915.11462591837,1806.3570177551,1798.24231367347,1759.52750510204,1761.50593428571,1726.286815,1696.4499255102,1749.93806530612,1731.55500663265,1749.5223377551,1653.81844081633,1759.72715204082,1876.57452438776,1765.65222438776,1700.02582673469,1783.64918571429,1765.70026938776,1665.07126326531,1755.00676326531,1732.52448571429,1880.42163132653,1783.08097033674,1743.71954795918,1835.44814265306,1891.06268204082,1852.14941061224,1894.01221163265,1907.54651163265,1773.38361673469,1748.16019489796,1832.38674693878,1715.21734693878,1543.55209693878,1610.40855204082,1604.4536744898,1649.23081938776,1576.58865612245,1559.5195377551,1594.15671428571,1656.13631938776,1551.57720816327,1504.75134959184,1510.52391938776,1723.91767959184,1630.8450622449,1591.15849489796,1500.09097857143,1524.81029357143,1533.74086857143,1536.46803163265,1501.24405204082,1589.45964897959,1548.90709591837,1656.58608989796,1782.01422346939,1735.60219183673,2014.70971734694,1866.03523265306,1827.9693255102,1743.79782040816,1814.82096540816,1688.43811734694,1728.05431734694,1688.09286836735,1701.58943469388,1527.37178061225,1613.51022561225,1552.78581755102,1585.63172571429,1703.24043188776,1767.44284693878,1683.54078163265,1647.38942244898,1744.69645816327,1660.38588469388,1610.09415714286,1682.94083979592,1863.2789,1880.648975,1833.7372005102,1748.8248255102,1794.9642255102,1776.02789555102,1755.08120816327,1765.49433673469,1704.34980306122,1896.58102857143,1664.38336020408,1772.86947653061,1823.05191530612,1729.98409387755,1757.48751122449,1677.50340510204,1658.20410102041,1709.08781571429,1847.35862755102,1773.31022755102,1586.10484693878,1780.02606938776,1716.50037653061,1529.35572653061,1498.40436020408,1374.03455183673,1420.67460408163,1458.68225510204,1374.87941479592,1336.59709714286,1375.90027714286,1369.47878163265,1437.05303163265,1408.29730163265,1450.88832765306,1500.68942867347,1639.14083367347,1444.92113469388,1334.23651836735,1635.67121428571,1680.79967653061,1650.85605816327,1765.70789081633,1757.70328061224,1761.0466622449,1625.30581632653,1789.2806377551,1784.21988877551,1780.10263265306,1748.14141326531,1704.67252346939,1641.77867612245,1759.2815122449,1801.81282214286,1756.20402122449,1706.60211683673,1852.96194183673,1903.39854183673,1717.87710306122,1860.5096122449,1682.49025,1902.5488,1807.53788163265,1986.66724693878,1843.30676826531,1729.11921632653,1686.67787142857,1757.64604459184,1763.14405540816,1734.47413081633,1635.97985816327,1576.81641510204,1805.95483785714,1681.53835306122,1603.21669081633,1763.27644867347,1941.85181163265,1994.84164387755,1779.12493469388,1721.0851377551,1710.48245408163,1850.13753265306,1771.70895714286,1889.96940714286,1782.25065204082,1807.34094120408,1830.27208304082,1634.08278367347,1427.74391836735,1498.59188244898,1650.59869387755,1755.92999387755,1780.3682427551,1629.17766959184,1626.49208673469,1604.67503673469,1619.73010510204,1459.88819591837,1459.32586591837,1478.25194346939,1589.00787959184,1556.04791826531,1595.54965408163,1549.00670969388,1647.22213316327,1684.49906193878,1705.75136193878,1666.89841255102,1604.27862367347,1693.53255734694,1618.87513081633,1626.72642755102,1555.95812755102,1604.58036530612,1643.80576530612,1540.84550816327,1593.86305204082,1571.45261428571,1606.48072346939,1701.70532346939,1666.93493061225,1612.16269591837,1670.84915510204,1748.69567510204,1781.68833367347,1749.40118979592,1730.70429193878,1740.96516714286,1870.5401377551,1716.69471122449,1666.29890714286,1825.03729897959,1761.49201020408,1897.55965489796,1921.41187969388,1755.84999061225,1796.71482653061,1833.30189897959,1819.11201530612,1821.08653673469,1673.07621020408,1796.48566428571,1648.75447244898,1749.72646122449,1723.70535857143,1725.96310408163,1718.86811428571,1734.52918061224,1664.77947336735,1633.93966836735,1758.33899836735,1734.55265408163,1778.63761122449,1800.50521020408,1598.97836510204,1597.87779010204,1589.98192377551,1659.35270602041,1642.88052040816,1595.38237040816,1691.08433122449,1510.51972959184,1558.2465905102,1502.20206295918,1512.32866428572,1517.07605612245,1541.76525612245,1420.71817112245,1491.12634387755,1538.5108855102,1650.57505612245,1595.32507857143,1359.68152653061,1584.27239285714,1801.7389755102,1889.61576877551,1770.01969591837,1784.16634969388,1722.56198673469,1811.19419591837,1782.84967346939,1913.5748622449,1817.13659081633,1813.99999387755,1791.99070612245,1817.91675918367,1584.80792040816,1589.06762653061,1666.03263367347,1606.89913367347,1633.32995214286,1710.17417204082,1550.40455714286,1550.48395408163,1523.87654897959,1394.08111530612,1436.92605,1518.81164,1566.42719,1553.56621938776,1401.33708469388,1370.44908469388,1566.21997244898,1525.60592132653,1578.3844377551,1631.40245612245,1604.93480612245,1561.98099795918,1637.84321938776,1616.20280612245,1633.74915781633,1683.4635377551,1710.04707346939,1685.24360010204,1616.97168091837,1488.72935438776,1479.88953561225,1445.07993561225,1502.03693959184,1465.69263571429,1426.08967397959,1502.65446418367,1548.76234887755,1551.46379387755,1518.84948061224,1602.35452755102,1770.89049489796,1705.64387857143,1688.68970204082,1739.85374693878,1786.78379693878,1805.07686428571,1657.28053571429,1793.34078469388,1589.89462142857,1657.44145,1656.03435918367,1577.24683826531,1683.86057755102,1731.24028979592,1735.86844183674,1837.77694285714,1813.89621632653,1742.8338122449,1713.48196632653,1804.00581632653,1744.5252622449,1760.9589122449,1831.18208877551,1837.33424857143,1859.88270979592,1758.20826183673,1880.47078969388,1765.91429591837,1796.21482173469,1763.17632173469,1904.39611969388,1797.04628091837,1791.95401663265,1857.1343244898,1841.89704285714,1755.70942142857,1693.0209744898,1661.56657346939,1568.64015204082,1893.91831020408,1696.88215673469,1689.57065673469,1711.03410846939,1784.79724346939,1715.07763673469,1539.87976326531,1762.96132979592,1657.10349795918,1717.42184795918,1956.12729591837,1728.00935612245,1605.7103727551,1471.76576561224,1756.79244285714,1765.5829622449,1801.44130806122,1830.87224795918,1916.66301632653,1942.30331632653,1921.12496632653,1698.71630918367,1677.19747142857,1683.26744285714,1758.21044591837,1891.4023744898,1870.02504387755,1908.73652857143,1776.84758265306,1848.43391153061,1779.35612173469,1805.92331734694,1895.46993663265,1950.44630306122,1776.5661277551,1849.57045642857,1695.98422755102,1829.97012244898,1750.17982959184,1829.3273622449,1791.92126255102,1712.12652734694,1726.29419489796,1742.76514489796,1723.80493061224,1720.51638979592,1784.06035408163,1659.76743673469,1727.3179155102,1691.39021367347,1771.67908673469,1731.83802979592,1734.73279897959,1660.34988979592,1662.2634755102,1732.44591020408,1728.14809591837,1869.90648469388,1914.61738673469,1810.6355244898,1852.82710102041,1709.46962,1796.61538326531,1676.95422,1630.77553979592,1493.50867581633,1486.63334091837,1495.03168591837,1550.01792418367,1499.13937061225,1571.19399102041,1574.23989183673,1664.89228673469,1587.03983673469,1789.21554183674,1758.1123877551,1695.30080816327,1670.62595816327,1741.52555816327,1640.70424183674,1814.77017755102,1729.40752755102,1769.65742755102,1722.48317755102,1614.91541734694,1533.43391734694,1536.05573734694,1665.46287755102,1622.49963061225,1570.18069387755,1673.29994387755,1587.218075,1503.302,1474.27679,1493.69830642857,1544.27527142857,1621.33319795918,1426.61239693878,1575.22214693878,1583.37668479592,1555.75204193878,1582.09513459184,1660.81402459184,1612.63514693878,1485.93863163265,1443.23828163265,1492.57031163265,1405.56885040816,1309.48961540816,1369.30429061225,1351.97285102041,1413.77947244898,1350.85692459184,1381.52877959184,1298.19685,1361.85704081633,1307.10443673469,1371.59065816327,1292.94407816327,1243.34200306122,1261.59649122449,1336.26521938776,1433.44996938776,1388.23283163265,1407.95569693878,1431.72078877551,1488.66717959184,1452.84237959184,1405.81337959184,1512.63108877551,1542.21908163265,1568.85714795918,1602.89514795918,1588.1574,1627.30704081633,1697.5317877551,1683.62334387755,1702.40874387755,1697.02959387755,1688.49052295918,1668.55963061225,1698.85238602041,1760.23898877551,1575.80408877551,1487.71605,1657.3690105102,1507.18125204082,1679.07190204082,1531.09707704082,1737.02046122449,1728.84546122449,1741.89185,1736.94691836735,2064.05116336735,1776.64686142857,1796.75012142857,1716.15710306122,1703.42110306122,1689.14166020408,1641.35482857143,1612.63615408163,1680.60306326531,1725.08176326531,1709.78934389796,1731.95999489796,1810.07699489796,1885.60289489796,1758.00544489796,1675.26941938776,1691.6163622449,1686.25769897959,1651.03740306122,1706.48573367347,1742.29309183673,1674.77167836735,1759.84136938776,1895.83469795918,1835.31884591837,1803.80728765306,1828.57864336735,1929.27347846939,1844.22670510204,1909.21926734694,1844.31759897959,1701.62167377551,1691.98056734694,1841.02715102041,1787.98217979592,1754.79526530612,1693.0133377551,1773.1278877551,1737.46355816327,1740.03352857143,1634.79290510204,1548.03988979592,1567.37136836735,1641.06015,1716.26480204082,1731.64488061224,1881.39713367347,1735.06687653061,1650.07618061224,1826.36105846939,1709.98131346939,1812.23545102041,1823.01295102041,1706.76337346939,1673.63034591837,1819.70561306122,1677.4841255102,1753.91916,1788.21274040816,1671.05684888776,1828.75926938776,1681.12669285714,1718.05941938776,1480.69353571429,1735.85194387755,1689.4453244898,1761.4699744898,1823.98751938775,1808.33921632653,1786.56043877551,1599.0353377551,1638.6432277551,1575.58250836735,1637.29683387755,1683.01222346939,1677.45762244898,1721.50438877551,1716.82103877551,1713.38605816327,1608.0806377551,1645.21522346939,1913.55775887755,1974.27415918367,1820.43593367347,1763.58341428571,1687.05914377551,1678.23384377551,1720.0617085102,1755.32443061224,1706.22061428571,1774.66511704082,1770.75136183673,1575.73976795918,1701.89096734694,1728.4212655102,1676.61925306122,1651.01441938776,1478.23724795918,1398.87774581633,1500.58049081633,1470.91963673469,1443.7547377551,1535.45592755102,1710.12434183673,1607.61411530612,1558.64637653061,1453.36084193878,1474.70394091837,1654.73988163265,1702.0701122449,1755.1212377551,1811.53588877551,1752.06485795918,1695.3179755102,1636.22160714286,1743.00520612245,1596.57822040816,1613.10158163265,1639.37300306122,1757.59515306122,1785.18743979592,1725.51543979592,1572.74541632653,1561.62811734694,1410.18330102041,1603.36442142857,1709.66042142857,1692.10453163265,1856.5643744898,1758.54355918367,1798.63815918367,1542.97989591837,1798.26827959184,1795.63978367347,1926.64153367347,1784.20561326531,1733.39884081633,1785.86546938776,1719.83851530612,1752.0347377551,1716.83729673469,1789.13466071429,1826.45568091837,1816.87362806122,1843.72092806122,1800.64699285714,1771.61660714286,1834.14382142857,1850.11944489796,1799.63807346939,1769.13518346939,1675.30860183673,1711.59151204082,1850.52141612245,1666.94557244898,1818.98058265306,1791.49543673469,1801.28385510204,1849.12208265306,1802.26761020408,1798.61361357143,1862.36190765306,1785.50196734694,1784.90870744898,1788.31539918367,1865.84145816327,1790.56161020408,1662.33396020408,1678.79851938776,1529.95953673469,1620.48044897959,1827.02098979592,1720.27194183674,1577.09415306122,1697.44958163265,1545.24850163265,1601.30658265306,1747.44108265306,1654.63458265306,1667.80031836735,1759.74693326531,1577.02198061224,1461.03243,1736.33994,1622.14352,1797.91950602041,1733.96823713265,1572.54008713265,1650.73370713265,1698.86771613265,1851.04727939796,1787.42287939796,1760.56195388776,1878.55307633673,1908.97554387755,1748.15375989796,1749.19853061225,1694.48180408163,1755.57248979592,1769.90729387755,1932.52921020408,1847.75040306122,1797.54865306122,1741.57425306122,1516.85380306122,1710.34244591837,1822.04442142857,1872.42647142857,1839.12116020408,1747.66094795918,1835.75074795918,1621.81464795918,1704.51629795918,1634.54999795918,1797.37259795918,1705.78634795918,1809.24019795918,1795.42209408163,1891.52814408163,1737.27075102041,1681.95021122449,1731.97816122449,1749.17114285714,1680.09981836735,1665.45726836735,1766.38985510204,1692.16605918367,1728.50218061224,1711.43056428571,1583.20719489796,1636.03320102041,1635.93874897959,1454.2523744898,1512.79831938776,1440.69836938776,1553.59604489796,1486.94867857143,1453.63437857143,1421.01587357143,1669.66816214286,1488.07034183674,1435.62015408163,1569.57781326531,1453.93492326531,1618.04189959184,1500.99193459184,1358.99059459184,1505.80639459184,1525.962575,1826.881155,1620.15681438776,1630.29995438776,1626.75561153061,1649.51251653061,1648.65243897959,1830.55901346939,1683.63952979592,1681.78530714286,1757.93931632653,1758.24860408163,1653.48485581633,1797.16530918367,1637.42992418367,1665.41608571429,1540.79023571429,1381.81811836735,1416.03591530612,1476.88664068367,1417.03785918367,1722.70804489796,1667.14682653061,1633.16260612245,1648.1434255102,1591.2206877551,1549.43427489796,1920.63095479592,1853.66325102041,1970.58873979592,1920.47268979592,1823.90165612245,1720.03909969388,1825.87215408163,1861.21180510204,1651.86940306122,1520.21478877551,1896.87072857143,1625.20017857143,1569.16821938776,1536.32256734694,1634.54664897959,1777.58162040816,1676.30462755102,1804.94821040816,1871.39505408163,1900.21572959184,1889.93966122449,1755.67154591837,1890.6154377551,1849.13414285714,1870.94167591837,1869.6285177551,1795.62049867347,1731.81964459184,1920.59627122449,1582.88366653061,1807.61293897959,1777.72660204082,1826.67937704082,1873.75302612245,1826.03205612245,1851.65240102041,1737.18957530612,1710.56043653061,1784.81119418367,1750.31168520408,1455.98246530612,1470.88240061225,1295.2832022449,1228.90415061225,1361.00897346939,1618.4462755102,1569.81562653061,1756.55896459184,1585.50724377551,1727.36998377551,1649.32109877551,1661.75347142857,1726.90383520408,1741.83176326531,1578.93427653061,1673.90565408163,1648.36617857143,1625.91694591837,1714.94102142857,1722.58600306122,1777.54484285714,1608.49244285714,1757.98133989796,1750.89117346939,1649.97488336735,1619.30329790816,1689.71455102041,1681.88081020408,1812.61321122449,1548.13120612245,1664.31319387755,1559.76045102041,1536.1422622449,1576.1361622449,1614.89625377551,1753.72740377551,1753.67004489796,1559.84986020408,1704.92667653061,1932.54616214286,1901.20372755102,1705.34213265306,1690.70922214286,1667.67203908163,1846.64918163265,1853.3858622449,1795.67109081633,1823.53336836735,1639.12910846939,1715.94748163265,1723.48313163265,1699.17933122449,1707.68467622449,1533.71286020408,1580.41765306122,1550.15687367347,1523.15258367347,1590.35244867347,1662.96909867347,1571.36510622449,1556.76251122449,1676.5897122449,1590.92389693878,1618.2533755102,1524.3360555102,1483.50367653061,1397.90107142857,1644.90924693878,1728.48109693878,1461.19230714286,1647.52380714286,1689.56153969388,1710.6273244898,1653.57553979592,1673.54735979592,1598.96382581633,1574.08627265306,1670.60278214286,1709.23499744898,1710.52586244898,1694.05225632653,1772.22825632653,1726.90451755102,1546.43747367347,1573.15656632653,1679.19776734694,1713.89076326531,1661.23162244898,1705.82129387755,1637.36556428571,1674.89605102041,1664.28179877551,1667.50450520408,1681.20774163265,1531.22730408163,1597.51268367347,1549.76654767347,1504.17199257143,1552.9176377551,1656.16777489796,1736.25583163265,1677.47946428571,1653.03883214286,1662.49411857143,1774.74590612245,1620.90852091837,1596.81012897959,1604.5545572449,1613.11187826531,1503.72944969388,1628.08878530612,1638.13980591837,1719.24574387755,1745.01349285714,1752.7813255102,1742.01418061224,1686.94343846939,1801.68969173469,1794.47323255102,1779.24686316327,1825.83200816327,1738.944,1691.30864387755,1729.29423877551,1548.83372244898,1660.82693265306,1752.44866673469,1732.9832244898,1713.30700285714,1654.65068367347,1744.12386632653,1734.46545306122,1615.24000306122,1589.25975204082,1676.23254489796,1593.02971020408,1516.08283571429,1573.40086734694,1638.33048061225,1571.29307959184,1698.54775612245,1543.19391530612,1558.23198265306,1449.08575306122,1548.38113020408,1519.57603265306,1627.44956122449,1693.02502857143,1763.04779795918,1743.18242795918,1792.85900714286,1697.2550877551,1730.21680816327,1915.94096530612,1539.16854091837,1754.29392765306,1873.13164183673,1888.35613469388,1625.20805408163,1799.3790255102,1841.41760306122,1807.95032653061,1865.40355,1949.48262204082,1831.45113071429,1808.30755418367,1509.37741602041,1523.15590530612,1586.35598530612,1721.77094397959,1648.49942857143,1751.33581428571,1765.69716122449,1684.94208877551,1686.93037040816,1609.22095765306,1656.25857115306,1648.10260788776,1571.02948367347,1455.68519214286,1381.35904336735,1491.82928673469,1504.37666836735,1456.54077653061,1569.18490183674,1515.76889163265,1533.44210102041,1591.35895612245,1405.69045612245,1580.13745612245,1342.08520612245,1465.91552112245,1565.52818571429,1562.93315102041,1528.8761422449,1605.88566755102,1683.18535489796,1728.85635918367,1648.55231428571,1612.15841428571,1739.1103744898,1637.7259744898,1635.29015204082,1661.3178377551,1657.35935816327,1675.22696020408,1707.57249387755,1753.45331234694,1692.24373683674,1660.06156938776,1862.34616938775,1659.62054489796,1524.91448989796,1524.10867663265,1715.52825010204,1766.19607428571,1585.81751204082,1952.50802040816,1794.39180306122,1884.18989795918,1809.08325887755,1804.83958132653,1683.59052367347,1731.03849754082,1764.49125978571,1730.97797755102,1671.37150408163,1694.0708122449,1726.85175510204,1792.15716887755,1826.58698897959,1693.57233795918,1671.84517673469,1908.29274693878,1793.76720612245,1712.78526632653,1747.18306734694,1782.5711622449,1560.32280408163,1769.55844489796,1773.75575989796,1688.93050020408,1717.03816020408,1803.58346530612,1683.1657877551,1939.89453571429,1849.10775244898,1828.43710816327,1882.09516428571,1737.26859142857,1788.36357887755,1736.67841530612,1851.49382244898,1750.89457653061,1811.91709377551,1802.15477306122,1734.37347683673,1765.62742377551,1984.66996326531,1680.76422540816,1761.77759785714,1899.80262959184,1823.99236632653,1850.49022040816,1801.27737040816,1806.24628163265,1765.57318163265,1690.57487489796,1750.47476122449,1820.21648061225,1947.32348887755,1863.37853887755,1916.79004897959,1767.84555918367,1769.87372959184,1552.07807959184,1607.82990714286,1639.04339081633,1672.96541632653,1550.13804183673,1663.86414183673,1662.89604183674,1447.84249285714,1366.52473285714,1542.59044489796,1505.9554755102,1541.6563255102,1452.5210755102,1534.6935755102,1455.26129081633,1435.20903163265,1431.31093163265,1462.97893163265,1339.10174163265,1555.86247142857,1393.82986632653,1349.00341632653,1444.46253571429,1402.80318571429,1405.99563571429,1705.64943571429,1689.89926020408,1690.65851836735,1758.37591836735,1692.40719387755,1677.61948367347,1619.33753979592,1727.42306836735,1748.90705918367,1660.37455510204,1667.86819704082,1676.97188887755,1681.05475173469,1665.41394285714,1686.88771938776,1637.25435816327,1713.07120887755,1674.16034663265,1730.41240785714,1742.55925785714,1634.62847520408,1595.78849795918,1740.16403571429,1700.28098244898,1586.5823444898,1612.76041897959,1566.64736040816,1748.21076734694,1588.1580377551,1605.12234795918,1504.54712826531,1589.75862632653,1542.01514132653,1559.30361326531,1651.44696142857,1365.26567857143,1435.02615612245,1518.91580612245,1682.27855612245,1568.74998571429,1521.19622142857,1518.2024122449,1646.9781622449,1548.54900510204,1539.82983010204,1419.09702510204,1532.46535010204,1575.19116836735,1742.15516836735,1549.90366326531,1605.54852857143,1639.82006938776,1639.2887,2013.49648163265,1738.923335,1845.12297857143,1745.85192795918,1964.53136632653,1910.23847469388,1773.83192857143,1810.81726734694,1886.0166377551,1832.88256326531,1728.71857755102,1729.133,1706.5157,1757.16651326531,1741.48051632653,1643.96651632653,1771.07691632653,1513.43128397959,1588.65674897959,1624.08959897959,1426.5715255102,1777.63020559184,1590.81295559184,1671.63220559184,1521.47459520408,1519.47510612245,1724.25790612245,1862.16410612245,1786.12600112245,1685.75590112245,1682.37176836735,1627.06064836735,1627.39560816327,1491.27034693878,1515.3579622449,1554.22503979592,1728.91463979592,1699.02278979592,1785.44705204082,1834.69119081633,1783.17624183674,1659.44111836735,1814.15491428571,1902.40417142857,1753.72984693878,1802.60164693878,1773.75393877551,1878.30112653061,1713.15576785714,1762.83173163265,1663.67628581633,1677.68955010204,1534.84498071429,1646.49376377551,1566.23303153061,1575.42264081633,1519.04659459184,1658.90582959184,1686.18249387755,1771.09270459184,1674.06019183673,1709.97001938776,1701.82453571429,1578.11165510204,1678.57282346939,1732.63641306122,1696.06045806122,1738.43307540816,1749.89970193878,1862.32828326531,1790.70962020408,1664.77754183673,1663.33650163265,1729.48296428571,1766.20236122449,1764.10789285714,1874.58918367347,1892.23758367347,1845.45169693878,1497.64202244898,1619.78159897959,1584.77276836735,1501.92503061225,1711.07412061224,1632.58878979592,1715.55608377551,1707.89146632653,1884.99561632653,1816.58144285714,1661.48949602041,1554.63904285714,1481.51601020408,1562.81467857143,1587.53603571429,1638.98043061224,1724.41571020408
219.102040816327,1910.88889285714,1808.29050510204,1791.90549897959,1758.53328673469,1780.22882959184,1851.71344377551,1807.68387744898,1836.4837877551,1911.98073571429,1981.97238571429,1893.49707479592,1892.20948979592,1908.62685479592,1859.14838540816,1881.03268469388,1870.63099142857,1896.2072255102,1941.45631020408,1815.38359632653,1949.3418255102,1919.31438030612,1869.70148530612,1837.45980612245,1865.35408204082,1881.24352346939,1912.75088795918,1909.28214795918,2026.30502295918,1978.85113571429,1883.65943438776,1864.35786938776,1766.97521867347,1865.98076112245,1752.4840427551,2002.1294427551,1913.0028927551,1869.57991214286,1910.07915,1939.44060918367,1994.0728377551,1896.10211061225,1923.3855822449,1832.64793,1835.38728428571,1727.77538928571,1876.26992081633,1900.18120428571,1884.57819785714,1844.38623,1939.35470234694,1800.16564234694,1825.88348632653,1902.37181285714,1818.70156040816,1894.22143387755,1874.43773,1781.51618102041,1864.91485285714,1854.8568744898,1909.7154022449,1945.1437744898,1960.87504020408,1876.91435122449,1848.82737306122,1872.52935918367,1874.46129306122,1889.2815122449,1814.32881673469,1992.32594204082,1919.90939204082,1986.90563408163,1904.08312782653,1981.68521663265,1899.16915459184,2037.0966477551,1884.36482163265,1894.62884163265,1962.45446,1731.60988010204,1835.32414183673,1759.95379183674,1947.16194836735,1988.01661183673,1988.40306846939,1889.30294591837,1649.03898877551,1881.75875816327,1851.47537061224,1882.96115102041,2017.01628979592,1871.53173979592,2049.92691938775,2017.8434377551,1911.5184877551,1972.30028336735,1927.54846142857,1849.52720306122,1781.45824346939,1764.47796908163,1980.20497877551,1904.22765377551,2041.77794428571,1922.88671673469,1932.30986673469,1835.57441306122,1858.63506306122,1971.04177795918,1843.22278387755,1825.37429020408,1920.37681367347,1942.94011918367,1792.35100816327,1802.38286530612,2001.04311530612,1965.02382836735,1786.63557836735,1931.58822836735,1984.34372836735,2030.61243959184,1897.7971777551,1970.74923979592,1863.74674489796,1886.21282836735,1839.31035326531,1769.48976795918,1840.84406693878,1790.6428944898,1844.87431489796,1849.37806387755,1908.4546477551,1978.35276326531,1874.62184183673,1879.23474081633,1807.97448673469,1898.87071734694,1839.80968979592,1911.08376587918,1759.95431834694,1801.14249373469,1841.84031632653,1775.43891632653,1859.54059142857,1946.42661938776,1975.72517755102,1876.84649591837,1899.35964387755,1908.75399285714,1892.26484795918,1921.95748102041,1872.93033571429,1787.20733163265,1720.54583265306,1779.8871255102,1811.57125612245,1885.93813316327,1908.59124,1989.69445408163,2047.55478571429,1954.14911836735,1922.30429163265,1865.9984722449,1826.64364897959,1838.81087040816,1836.71426530612,1868.99172479592,1976.60040306122,1868.70150306122,2008.58844387755,1792.82004387755,1892.22240604082,1923.33002928571,1962.08618846939,1873.9278027551,1834.66274693878,1845.06025683673,1878.36808622449,1832.75296122449,1788.86548581633,1730.8744522449,1826.78544346939,1911.74870030612,1939.39921122449,1952.01211142857,1920.11745677551,1966.37165857143,1929.0273905102,1922.03426153061,1899.12663806122,1818.39682887755,1888.41807244898,1867.28258928571,1879.83139693878,1854.53288979592,1938.19898979592,1975.27906520408,1924.87341438776,1862.54406438776,1964.85133938776,1880.17928979592,1847.58660826531,1868.62366540816,1788.52492959184,1824.99169112245,1900.08591510204,1845.97409744898,1862.24308908163,1869.97348469388,1971.37585510204,1848.81809693878,1886.46965204082,1865.42056632653,1779.87486632653,1802.60536428571,1866.23824897959,1958.23824377551,1811.75040306122,1856.8738377551,1893.95558673469,1911.82405408163,1794.25997857143,1821.17917959184,1872.21558969388,1976.2771377551,1756.93353693878,1814.56553377551,1854.72553527551,1803.77473527551,1939.07583527551,1899.46447877551,1859.30119142857,1968.02218795918,1916.98743959184,1815.29820061224,1945.74300387755,1839.03495102041,1783.01290306122,1933.32838816327,2012.33977677551,1978.13697677551,1852.88574795918,1907.42744781633,1812.59348265306,1965.56108,1922.3462744898,1922.7473244898,1975.70858122449,1871.95728714286,1826.07580693878,1968.30450510204,1987.53703469388,1865.91952755102,1811.67017653061,1922.69537387755,1852.13276632653,1840.60292142857,1856.46877142857,1920.18076326531,1924.19391244898,1965.42424285714,1992.53135112245,1914.90290214286,1839.61016122449,1832.40298367347,1991.36178122449,1764.03804244898,1863.45214244898,1910.51574653061,1835.38274653061,1881.41123102041,1769.47327040816,1769.29408857143,1829.96709707143,1796.28260357143,1806.82778938776,1916.45250714286,1893.71925510204,1767.09580510204,1829.51205,1998.42005612245,1981.47676704082,1891.08780071429,2027.46698918367,2119.42120408163,1912.31427142857,1981.32848877551,1928.69244540816,1841.61424387755,1802.55476428571,1792.29378693878,1913.70552612245,1770.62617122449,1772.52838397959,1929.60845714286,1867.05021530612,1971.12902755102,1885.84380255102,2125.75281632653,2081.65253979592,1932.95538571429,1908.29292897959,1865.83120265306,1804.91465265306,1902.74016765306,1813.57279265306,1848.29479826531,1768.71806326531,1783.25873387755,1883.33413387755,1819.94105510204,1886.06193367347,1898.50573989796,1751.75330857143,1813.73568367347,1982.32283367347,1918.03409897959,1903.49039897959,1929.01908673469,1863.24545,1901.78687306122,1969.52333877551,1855.1246844898,1737.51862795918,1866.88016071429,1850.37288571429,1887.45038469388,1910.0267744898,1925.56094142857,1850.74664142857,1846.27484438775,1963.56346938776,1937.86617227551,1828.27655734694,1796.76720204082,1920.08025493878,1949.70016755102,1790.01065206122,1916.88658785714,1766.167465,1755.39930418367,1887.75217816327,1899.79328102041,1835.28095938776,1762.6891555102,1917.62116142857,1786.35871183673,1859.37912510204,1918.98487887755,2000.89582163265,1847.10451061225,1893.68971061225,1893.92196061225,1752.47756979592,1932.77101673469,1905.59774142857,1827.24131816327,1814.40396428571,1966.20575244898,1788.89938755102,1745.28224959184,1987.3594277551,1954.4407422449,1911.3619222449,1885.00956408163,1765.16849816327,1891.56714469388,1738.90152632653,1914.58596791837,1869.25446346939,1973.02558255102,1831.61078755102,1842.48506265306,1883.57816836735,1882.22194653061,1765.27320989796,1889.50353642857,1861.29918469388,1809.35336408163,1834.55225183673,1944.92012918367,1849.71449693878,1860.12134693878,1850.68421040816,1854.88175877551,2067.92830877551,1805.94429377551,1829.09414377551,1964.11185255102,1910.90599602041,1860.59788234694,1862.44140612245,1814.24294244898,1931.8520422449,2008.4718922449,2056.61778928571,1870.47715714286,2035.49356020408,1907.68937653061,1781.89712653061,1831.14834928571,1965.43412428571,1819.68831428571,1841.24828571429,1880.80748061224,1973.13134897959,1773.14003061225,1849.89555306122,1924.94219081633,1886.5672,1758.83212408163,1955.8624255102,1781.86848673469,1977.53080612245,1829.03846938776,1938.51094367347,2053.93376795918,1748.19305785714,1811.24598479592,1766.93918418367,2002.25368287755,1922.01710193878,1840.65864816327,1827.78491377551,1991.87704183673,1921.69130673469,1885.40978612245,1903.64512428571,2037.50288530612,1741.44810734694,1872.98325836735,1853.88821377551,1858.55542197959,1837.59366285714,1829.69345816327,1800.93985653061,1841.52654734694,1923.43179734694,1932.75703632653,1898.72346795918,1897.50096795918,1752.07914081633,1816.8286877551,1744.2933377551,1846.6447377551,1979.5338122449,1945.00122346939,1945.71158857143,1806.31272554082,1955.56533591837,1983.20854265306,1850.05312408163,1808.35489,1646.44954,1846.99487510204,1839.0126822449,2023.24953061225,1781.85539693878,1745.50334693878,1861.21439693878,1886.14073693878,1974.37946632653,1859.98766632653,1928.05814897959,1794.65759897959,1927.99151173469,1914.65102265306,1871.73841061224,1884.9363744898,1963.37332040816,1881.99057540816,1921.64911428571,1991.07907428571,1898.79926928571,1892.59275428571,1902.89128928571,1840.48852040816,1866.12157040816,1849.65760918367,1812.50102959184,1781.27424081633,1869.92803469388,1728.67842959184,1743.77972530612,1786.59053612245,1741.128975,1813.27044,1795.06685767347,1810.87985767347,1953.92220767347,1844.07060767347,1818.2420055102,1972.1906144898,1913.0430644898,1942.9976144898,1851.99180795918,1855.93429020408,1913.76768387755,1913.74833387755,1844.44322887755,1846.02167887755,1787.61448387755,1800.86788387755,1744.35598387755,1725.05335897959,1873.87186918367,1918.05823061225,1869.77794020408,1908.49349714286,1929.41488816327,1894.39724081633,1910.97743795918,1919.77373020408,1855.32555744898,1842.75459183673,2014.61046428571,1872.93254081633,1867.35254081633,1953.15044081633,1915.98352510204,1927.75492510204,1863.13833377551,1719.93677561224,1744.54367846939,1742.19289428571,1761.93124428571,1967.02536714286,1787.62911806122,1961.32850673469,1885.1060372449,1892.7659527551,1891.59375377551,1873.81255989796,1881.73745989796,1767.78785946939,1861.64810946939,1869.39136057143,1849.05103653061,1811.7096055102,1988.41141346939,1886.05941346939,1829.31111326531,1710.89460612245,1828.47545102041,1900.19624489796,1917.49634489796,1717.64774489796,1842.06599489796,1838.71874489796,1993.46437306122,1931.12097132653,1872.87461530612,1947.9684744898,2020.81081214286,2054.07334704082,1990.61486357143,1979.10273367347,1756.12296122449,1724.53631491837,1911.57080387755,2002.29661785714,1815.19063612245,1675.08994204082,1871.95244469388,1999.31540020408,1907.87719744898,1952.64573387755,1848.12588265306,1895.10644428571,1886.47253979592,1917.9888062449,1922.1476062449,1854.1184562449,1760.26578836735,1871.38421377551,1962.83766571429,1809.41453459184,1892.99915714286,1872.68308214286,1915.26857438776,1885.13181816327,1838.89488865306,1923.66262075816,1725.91611708163,1814.75905408163,1909.59606081633,1825.19063959184,1988.62989673469,1866.5194422449,1861.83027346939,1809.27940204082,1791.75972959184,1880.44022244898,1896.49187040816,1990.10923265306,1891.68834061224,1864.35678918367,1834.29244061224,1751.01764081633,1649.10106714286,1784.8834155102,1896.79819061224,1897.66567306122,1900.55101489796,1862.86388989796,1847.92371693878,1864.42559244898,1842.23752826531,1893.41882795918,1912.62258653061,1878.3969505102,1883.02499112245,1869.97629367347,1874.62706020408,1774.52324510204,1753.85858010204,1753.80070397959,1924.14137469388,1920.04099469388,1953.08332755102,1944.6632822449,1714.93246,1788.7145355102,1913.22681673469,1753.26321673469,1884.22840714286,1943.83710673469,1749.92563673469,1811.43599285714,1761.14909285714,1792.41249285714,1891.91143979592,1804.46195102041,1764.96123983673,1964.26488983673,1867.95869938775,1785.30418167347,1896.35144040816,1833.76687061224,1904.6956177551,1808.23181642857,1972.67807142857,2086.2679022449,1841.11048591837,1859.87304387755,1827.60940306122,1897.8724672449,1913.48157489796,1837.32518204082,1861.58840744898,1963.42716591837,1982.31042163265,2017.60407734694,1884.31227346939,1905.09429938776,1903.17641989796,1848.13142142857,1826.4102877551,1761.50013265306,1839.01755561225,1920.48278061225,1914.86801061225,1732.30823061225,1794.19038061225,1875.05273469388,1849.34928469388,1896.70984591837,1814.4091,1865.62573469388,1874.36066530612,1970.99764897959,1963.09845,1954.40397653061,1877.80087653061,1920.62616510204,1887.96883704082,1817.43724153061,1877.54888214286,1962.40750469388,1897.20276285714,1766.35607714286,1888.54541836735,1892.43894693878,1852.18108979592,1788.88121326531,1926.58408877551,1851.4204477551,1789.47667346939,1993.77761836735,1840.43701989796,1917.61555877551,1845.28740408163,1810.76375489796,1720.58424908163,1891.56695408163,1761.61399795918,1853.78254489796,1924.25763,1895.01706142857,1927.75228367347,2105.98996836735,2105.46141836735,1866.56806836735,1789.13816918367,1822.76297408163,1808.06712408163,1756.03216530612,1727.17018857143,1786.41938857143,1870.75438857143,1823.57023857143,1795.05873816327,1846.88508816327,1758.83913020408,1860.57693020408,1835.96584622449,1727.15299622449,1804.11681204082,1795.20359204082,1639.9951244898,1753.82708877551,2051.05193877551,1884.91272755102,1836.32699887755,1940.51940673469,1905.05645510204,1751.98620510204,1878.16696836735,1840.17174387755,1769.3625644898,1641.48140306122,1794.49537183673,1768.70005918367,1819.38173102041,1669.99204571429,1764.56584346939,1770.06299530612,1803.9930902449,1852.69377163265,1922.46001755102,1877.05876510204,1884.98478510204,1813.92441438776,1984.33948734694,1897.66048469388,1814.99520591837,1740.77878979592,1777.94797653061,1998.14464244898,1780.64234857143,1819.3222544898,1865.03414020408,1854.24154591837,1909.91544755102,1814.7827,1937.14081673469,1880.94098673469,1819.69522934694,1750.82589434694,1843.14611030612,1784.47241689796,1850.72449783673,1892.62849783673,1892.18104783673,1827.65569783673,2088.63473387755,1870.66409387755,1946.25897132653,1987.04326112245,1969.62127653061,1879.3925242449,1844.4030742449,1829.6848744898,1880.8952644898,1857.73766867347,1742.54150836735,1794.94385836735,1829.05799236735,1832.84214134694,1919.0906755102,1913.71197469388,1926.50922469388,2100.94563673469,1927.18398673469,1926.73374489796,1861.20968571429,1891.52032040816,1924.07437040816,1881.4064622449,1718.2225872449,1766.09979795918,1906.11354795918,1927.13154489796,1885.65153367347,1826.61213367347,1914.98163367347,1913.31063367347,1943.29071530612,1892.34514591837,1961.74067816327,1921.12404959184,1976.5957577551,1986.27913489796,1875.67542204082,1915.2417055102,1981.07011244898,1826.37249979592,1852.74570306122,1732.1086022449,1802.30570367347,1767.81647469388,1860.15323653061,1884.05592918367,1978.86587857143,1977.49294357143,1770.83719489796,1760.33623346939,1868.60488346939,1835.73382938775,1964.74969857143,1892.52218530612,2013.42484408163,1821.39256,1886.25332244898,1980.15631142857,1835.10867377551,1845.47917653061,1901.42488571429,1822.79570244898,1892.87950326531,1987.73813826531,1801.49347122449,1830.06508220408,1912.29718220408,1909.77448220408,1987.49487008163,2044.21362008163,1929.58917008163,1919.39967008163,1792.14762346939,1904.33852163265,1813.08396061224,1874.3160884898,1980.63031602041,1761.12053061225,1846.52723061224,1853.80743061224,1969.96206081633,1820.42149816327,1841.15299816327,1828.43769795918,1863.09747857143,1913.44140357143,1807.42186142857,1752.40855102041,1873.41719897959,1833.06469387755,1836.29868877551,2140.14156734694,1912.98414897959,1707.87265122449,1638.73334326531,1885.43501897959,1834.22671428571,1827.34701816327,1801.73688918367,1771.90333367347,1794.46834693878,1755.27590102041,1727.7689744898,1827.0365744898,1919.87780846939,2031.60289346939,1950.98482346939,1916.15528673469,1845.32599081633,1984.93858469388,1723.32393571429,1971.14553571429,1991.58543571429,1799.41962857143,1995.36071357143,1994.59820816327,1842.47648877551,1808.40826377551,1825.88186581633,1846.24471397959,1959.07647285714,1836.43274816327,1800.75600673469,1815.69657697959,1819.87985714286,1779.0841922449,1741.74134102041,1886.49965632653,1888.76833408163,1877.65513408163,1848.87643408163,1887.17980244898,1940.11582816327,2035.54675204082,1880.15088326531,1994.96495795918,1931.79230244898,1939.59728612245,1872.79477857143,1841.47866734694,1835.48578061224,1871.63271795918,1907.42842173469,1903.43977530612,1875.96476591837,1971.97592346939,2245.35162530612,1869.94402673469,1885.01258959184,1778.75782704082,1850.18359897959,1927.12926122449,1749.36880816327,1613.33025204082,1773.8542222449,1876.31613591837,1877.49076204082,1829.71126897959,1746.44587020408,1883.42774520408,1916.84587979592,1841.20219367347,1869.49488265306,1745.01660142857,1872.05482142857,1971.9729755102,1890.39895,1903.16610938776,1878.78696938776,1947.76373122449,1826.25903244898,1913.34333877551,1828.48458877551,1765.29476938775,1771.91916938776,1921.56940510204,1947.35597989796,1932.83572938776,1913.59297938775,1851.36778795918,1838.14605295918,1771.45003795918,1896.06250020408,1727.57426959184,1778.91782908163,1845.70195265306,1833.80114571429,1972.50419571429,1880.18356285714,1898.15742959184,1805.2813077551,1894.98473714286,1973.00130714286,1901.07532040816,1873.91544959184,1887.70384408163,1834.14344306122,1881.72970653061,1910.0825622449,1940.43156306122,1739.64713265306,1755.0670244898,1979.03941102041,1901.09096602041,1904.62151602041,1899.90501602041,2147.23811102041,2060.09591102041,1736.68549020408,1737.25810693878,1731.16491530612,1789.22874612245,1851.22061918367,1785.88616918367,1919.87829,1827.46637632653,1860.99442991837,1849.38858491837,1824.27363489796,1833.36348489796,1793.40763020408,1884.10493081633,1777.45087142857,1958.8216,1827.54350020408,1855.74421020408,1858.03551530612,1830.93741530612,1851.7288544898,1825.38468,1819.60812836735,1840.99218,1876.59959489796,1716.03429102041,1826.84221612245,1884.7012377551,2034.47186428571,1926.30161836735,1951.86548969388,1969.31707234694,1922.07620255102,1915.63704673469,1760.28109285714,1887.62577591837,1829.51205744898,1890.56143336735,1877.03194653061,1871.24584653061,1893.49426153061,2006.82484765306,1881.8869122449,1729.05042755102,1757.96682755102,1911.96953816327,1870.38527816327,1878.26184306122,1926.73986306122,1939.44957857143,1914.25962857143,1902.18057857143,1990.36752857143,1987.49382663265,1962.18977663265,1858.83327979592,1966.76909479592,1950.22094479592,1910.24804978571,1954.90784978571,1992.37549928571,1908.19794928571,1911.92784928571,1920.72519928571,1945.76514928571,1914.22871428571,1888.05814928571,1878.4671794898,1722.0872444898,1853.09850081633,1842.91230081633,1916.85142581633,2160.27919816327,2030.10373693878,2042.75427142857,1913.46656387755,1924.35859795918,1942.38858816327,2098.79307367347,1940.86106122449,1861.46654795918,1762.35079693878,1757.25036459184,1785.10381357143,1921.61161081633,1803.73949591837,1760.35354142857,1961.88004142857,1921.83619142857,1785.98269142857,1889.38609612245,1876.40308969388,1877.59715785714,1970.39140163265,1969.27443122449,1875.87984163265,1935.5467644898,1931.14646673469,1879.53817857143,1845.98197857143,1984.51700673469,1756.91125036735,1792.14935530612,1848.24910612245,1779.3348122449,1909.16352602041,1829.77510510204,1933.96299326531,1756.38920867347,1781.51830204082,1848.97074428571,1880.2001277551,1870.48125510204,1828.62953673469,1835.98784285714,1835.87412959184,1852.22286632653,1914.81729285714,1910.4678255102,1753.02744285714,1638.91040387755,1775.60710387755,1743.05202602041,1813.73628744898,1922.59282163265,1983.29643387755,1860.10815510204,1856.48660979592,1784.28023591837,1845.02914142857,1993.63971836735,1847.76606938775,1751.33488204082,1849.40858163265,1932.54778163265,1873.19249387755,1793.99544795918,1749.19795959184,1831.35637959184,1805.54796632653,1855.28918877551,1864.85702857143,1960.88440704082,1858.47050193878,1973.96101857143,1938.01264102041,1881.50334602041,1885.0964622449,1971.145614,1957.71231518367,1887.22295789796,1850.57696602041,1918.74991602041,1844.91087387755,1722.26400265306,1864.09627530612,1985.80537918367,2065.40684102041,1985.98766836735,1961.02053836735,2052.47308836735,1982.60701469388,1945.66873163265,1776.91527918367,1837.86795591837,1801.88510591837,1859.2231222449,1836.69657020408,1988.65931402041,2053.02329346939,1978.80560102041,1891.86845102041,1978.52904979592,1968.14552183673,1953.31795,1721.15960816327,2080.55494591837,1823.00637857143,1859.90884122449,1869.71457,1943.7451777551,1788.65089142857,1790.7039244898,1971.7551244898,1884.91612622449,1884.87208244898,1890.63556663265,2016.72269479592,1858.03289102041,1868.87020469388,1955.11362295918,1957.68600367347,1880.02594428571,1876.30045387755,1840.47698857143,1962.61219795918,1906.28806326531,1910.56347571429,1805.79864755102,1752.51280357143,1911.50302163265,1846.05090102041,1892.41339489796,1933.01434489796,2045.30989714286,1872.78878071429,1768.0711522449,1816.97651489796,1743.70073183673,1884.05511908163,1883.97362112245,1934.45949897959,1905.48441428571,1925.77276234694,1877.11759857143,1865.58853816327,1827.34426122449,1811.59156122449,1758.16762265306,1922.02086530612,1876.37515755102,1827.51457653061,1860.53839346939,1838.45626530612,1858.79628591837,1828.78912020408,1834.26257755102,1781.30896306122,1699.45156734694,1856.36288653061,2010.69833653061,2062.22108653061,2063.27407040816,1918.20958040816,1877.16972040816,2021.66873163265,1738.11248673469,1886.66612887755,1780.91068877551,1926.08897959184,1846.95463530612,1663.58135816327,1953.65390612245,1906.95104612245,1882.28079306122,1827.12759306122,1897.73969693878,1989.24853367347,2062.60588367347,2112.35148367347,2037.04836836735,1821.19760938776,1802.16009938775,1961.27649938775,1861.82779938776,1981.42064938776,1754.41784938776,1799.34041,1708.55346,1753.31511,1803.179745,1978.87302183673,1869.0471477551,1886.2350977551,1727.74485102041,1791.35170102041,1737.83725102041,1934.86511714286,1848.53639428571,1865.23659428571,1721.9809077551,1759.72522693878,1644.10508612245,1696.58941257143,1866.92151257143,1935.79791257143,1882.01847091837,1877.42677642857,1919.85094030612,1927.33796530612,1832.18862408163,1871.43696367347,1721.25558877551,1834.82294489796,1892.14346489796,2000.63459102041,1870.92109122449,1971.93723693878,1919.79514693878,1873.94520377551,1830.75042510204,1929.42304806122,1927.99522438776,1992.13876959184,1874.02679571429,1812.65640816327,1886.87707091837,2078.7160394898,1977.22301561225,1985.16703336735,2012.74961632653,1838.30379081633,1902.11592030612,1898.40514642857,1885.59732744898,2041.63902132653,2020.90338918367,1877.5926205102,1854.6477755102,1784.48351326531,1849.9497455102,1767.4079955102,1882.07963469388,1991.08908469388,2037.55508469388,1844.11259622449,1861.31813316327,1957.26600816327,1854.80870693878,1892.81901530612,1847.38763081633,1853.00586561224,1772.34729204082,1926.60272122449,1901.09475612245,1958.33176326531,1958.23699693878,2065.8280622449,1959.79863357143,1831.0032255102,1788.50878571429,1738.91219938776,1895.56337979592,1753.07768,1877.37996193878,1882.74449877551,1833.12478061225,2118.7069377551,1995.179315,1879.16579,1843.83923383673,1898.44715383673,1819.67286285714,1714.46005285714,1847.01965122449,1798.91036938776,1984.82996122449,1868.82758244898,1842.61356632653,1987.58437755102,1879.09712142857,1855.96647346939,1899.51474285714,1937.29793785714,1855.66869806122,1904.76395204082,1866.21559693878,1821.50522244898,1876.79319489796,1836.36807438776,1801.57101938776,1807.31206938776,1910.69619938776,1751.4474177551,1912.18718367347,1850.53493397959,1973.3562377551,2064.86592142857,1954.86366326531,1892.65157857143,2090.67533673469,1963.68812142857,2030.58146571429,1894.9634744898,1880.38736938776,1757.6609622449,1808.11979428571,1868.92381979592,1946.18395755102,1883.75489734694,1855.88397765306,1790.41747285714,1855.58898785714,1815.90240785714,1993.66846122449,2074.10976622449,1874.00911622449,1934.83336122449,2051.97885816327,1944.12850102041,1923.66129387755,1818.07039183673,1761.16687959184,1813.11013877551,1758.20934285714,1884.77202857143,1872.49987857143,1797.48157857143,1783.91576326531,1958.8744377551,1772.58585642857,1855.63717142857,1791.82617346939,1834.24627244898,1831.27747959184,1992.39877959184,1911.82493755102,1916.50881571429,1868.60146587755,1863.06195755102,1794.42998438775,1950.65417602041,1899.86336918367,1929.96046693878,1962.05403367347,1913.50115326531,1898.71479591837,1832.93385887755,2011.52103755102,1921.96570693878,1853.60080693878,1835.44940408163,1992.75129387755,1885.20988693878,2043.14316163265,1760.55541163265,1922.00276020408,1855.28331020408,1848.36058673469,1912.29916673469,1851.29544795918,1860.67318183673,2075.63972755102,2143.19390306122,2276.14587816327,2323.97719061224,1980.2146437551,2122.55792102041,1892.49157102041,1656.86407102041,1849.63990061224,1735.02669,1854.88047346939,1969.84592346939,1646.9755744898,1903.26217959184,1855.21236530612,1865.11130193878,1828.60499030612,1847.65660714286,1847.94190714286,1887.81321734694,1836.33968265306,1747.14161530612,1796.82311530612,1808.46281530612,1943.72526530612,2042.15328571429,1982.67923071429,1876.46638571429,1916.84859081633,1893.05834081633,1855.79359408163,1880.92962744898,1948.83319081633,1783.34539081633,1911.10539040816,2007.00058265306,1883.6532377551,1830.13576326531,1876.60646122449,1869.51251122449,1836.55661734694,1880.41676734694,1731.89831734694,1812.27329734694,1888.87311734694,1989.67176734694,1856.92867244898,1873.79957244898,1836.10157244898,1816.78932244898,1806.24847244898,1908.75047244898,1898.07568469388,1971.53075816327,1792.28099816327,1917.06494438776,1972.05223,2049.60009632653,2029.71276632653,2059.11606632653,1884.78499489796,1919.73124489796,1852.31083469388,1738.19168469388,1805.25587010204,1799.97158795918,1919.72704795918,2012.00095795918,1958.21671795918,1911.55059897959,1905.13689897959,1845.77349897959,1735.97755591837,1992.90211204082,1928.31344142857,1974.17969142857,1845.19993928571,1753.38245457143,1851.61924632653,1762.69119673469,1889.06049673469,1802.48703836735,1975.09893836735,1929.58512836735,1930.15902612245,1626.86029367347,1774.11765163265,1796.29147163265,1801.3433355102,1945.90438469388,1903.19920510204,1843.07401122449,1772.61220816327,1998.04960163265,1950.4583344898,1948.25316387755,1926.3357422449,1896.28487918367,1888.49911840816,1941.95560734694,1911.77682204082,1970.11327110204,1961.29569008163,1929.13426571429,2095.4091344898,1826.41089938775,1907.56624183673,1938.59419183673,1942.19909683673,1854.58182846939,1900.27752846939,1970.88441530612,1620.79297244898,1703.26561391837,1943.9804755102,1859.71640510204,1759.40216214286,1793.69188244898,1808.43597744898,1797.09515714286,1762.62130714286,1908.8114522449,1741.00761691837,1896.27294632653,1838.35342204082,1846.79924102041,1922.82076163265,1951.70960693878,1779.65058877551,1828.28046734694,1866.40712281633,1894.72592326531,1821.76197326531,1752.88372346939,1979.79231816327,1912.01269693878,1883.37091391837,1987.51774306122,1927.42706969388,2041.1267377551,2209.62462510204,1775.92091816327,1844.86457714286,1720.45621734694,1822.62149765306,1769.53999510204,1757.53888020408,1897.85954887755,1781.18973469388,1738.27186632653,1919.79791122449,1800.17792040816,1937.33566122449,1917.88064622449,1936.81596122449,1878.01756040816,1791.96255530612,1740.33116387755,1805.40128061224,1791.03946387755,1979.42335632653,2273.97082897959,2342.74161612245,2275.8223955102,2445.57149530612,2293.47407163265,2303.59269334694,2111.35909334694,1943.79446334694,1919.01955564898,2049.36656877551,2144.16389102041,1945.18746602041,1776.30542132653,1772.46173755102,1725.02826102041,1836.39215857143,1925.04560734694,1955.43362846939,2076.29181806122,2089.39336418367,1971.46259785714,1889.37532408163,1881.47919469388,1927.91320285714,1974.54728346939,1884.27496326531,1827.38847897959,1820.00119510204,1974.35736142857,1839.65669408163,1796.55838040816,1948.36960836735,1840.80382346939,1751.88581591837,1754.61275755102,1776.09894193878,1995.44556295918,1801.29723520408,1829.85701010204,1727.08464510204,1806.22063102041,1831.39863102041,1853.03783102041,1830.00442244898,1893.01873979592,1779.91506129592,1831.73233894898,1899.54830843878,1752.72494823469,1794.01245129592,1875.26330663265,1845.07793357143,1815.79028887755,1918.12385387755,1831.77990387755,1881.96324387755,1761.23182387755,1850.9237794898,1930.8037144898,1882.62837,1915.23671489796,1874.61737081633,1853.95066244898,1931.23946244898,1948.44956183673,1922.16927183673,1883.68267183673,1923.80621469388,2085.75816469388,1983.05765,1860.79257632653,1922.91429857143,1869.67247122449,1928.31747612245,1928.7380555102,1753.45351285714,1887.10381061224,1902.72220897959,1841.59775897959,1816.52726795918,1825.62547795918,1742.74038571429,1750.53331938776,1783.35402142857,1558.16500612245,1737.22524040816,1635.14890918367,1659.75576938776,1746.49081938776,1833.7710377551,1813.5373055102,1870.34517183673,1734.3429044898,1853.55051367347,1930.26947897959,1819.40054897959,1892.73141240816,1912.30349604082,1978.71087122449,1909.76727122449,1929.89142346939,2023.37892591837,1879.71168673469,1891.62647244898,1874.07180806122,1773.17518806122,1732.04103183673,1730.62425693878,2097.11081897959,2020.79544510204,1968.23689510204,1950.61532173469,1869.21508367347,1869.80538367347,2024.13921469388,1846.24037969388,1758.92273795918,1747.19771346939,1935.49973918367,1987.15040959184,1822.30084183673,1748.36040183673,1758.06488510204,1754.30461857143,1909.25791530612,1939.39557040816,1919.83217040816,1976.91247040816,1894.86809897959,1826.92701326531,1919.52497979592,1830.4691422449,1775.72358673469,1772.01801836735,1878.29056959184,1879.90780918367,1810.49118010204,1891.86817479592,1966.77277479592,1829.60121244898,2028.98286244898,1725.71411346939,1721.50840081633,1833.39261918367,1930.62710571429,1851.07287367347,1898.49112653061,2002.7161622449,1988.38908989796,1964.17915265306,1947.09097469388,1962.51830040816,1829.92414469388,1891.51897857143,1840.89955489796,1870.46254163265,1909.34143163265,1861.3372044898,1835.58029938776,1967.35778,1852.08055204082,1896.49655408163,1845.29900714286,1928.23405163265,1803.04731836735,1861.16554795918,1865.61908163265,1999.0222622449,2142.06698571429,1742.21037591837,1751.45129520408,1791.88565346939,1753.26741122449,1849.17143469388,1926.92730816327,1856.09435816327,1934.2134744898,1781.8168244898,1943.85142244898,1992.21730102041,1988.13227102041,1882.23590102041,1855.52162755102,1942.12407346939,1967.12058346939,1948.45218469388,1831.85284969388,1860.26719591837,1856.36590102041,1892.1422755102,1858.1800255102,1807.8337255102,1871.1236755102,1760.2157755102,1648.16593163265,1745.58493163265,1797.77413163265,1966.20276836735,1886.33642244898,1873.78331479592,1833.63448285714,1773.21214285714,1938.56011285714,1994.93527785714,1916.82018708163,1937.6546744898,1870.60509806122,1950.02149,1895.911885,1899.95939673469,1861.51157673469,1768.12309846939,1772.58697418367,1800.22018163265,1814.38444693878,1884.78718673469,1816.93793571429,1864.50995816327,1788.08740204082,1754.63305204082,1796.7632327551,1814.8418177551,1806.5643077551,1845.52809612245,1786.08971408163,1881.59884734694,1840.96435081633,1767.44039979592,1835.49517938776,1913.68936877551,1989.77203346939,1917.30327710204,1868.09912102041,1831.38973030612,1883.74994061225,1845.66197020408,1979.07592020408,1768.7288239898,1879.89063938776,1885.70176081633,1749.76882285714,1866.28813367347,1898.91617336735,1990.95331469388,1913.62414979592,1861.99693918367,1891.0447022449,1857.67135204082,1876.18675408163,1753.26590408163,1870.98211326531,1907.01118326531,1973.85733530612,1982.28577918367,1851.51444142857,1782.65945653061,1849.54237571429,1637.59615971429,1788.39281110204,1825.45811110204,1915.22426110204,1793.91461110204,1733.23665561225,1854.52373306122,1896.90446877551,1935.42560887755,1811.25594795918,1875.24294795918,1915.21160510204,1970.18845010204,2103.84226132653,1880.67617489796,1947.46461163265,1858.52044806122,1822.78598102041,1777.82285693878,1754.37294877551,1833.02418285714,1824.82259653061,1848.05201612245,1906.88968081633,1981.08744755102,1895.07510520408,2060.28040279592,1884.68061204082,1808.68440459184,1896.54015459184,1827.40295102041,1863.91888565306,1849.54765565306,1748.38732244898,1839.11815204082,1821.47257204082,2017.27772795918,1856.92104857143,1807.51087081633,1886.21461734694,1827.44218091837,1790.24401091837,1853.41877102041,1914.27660285714,1752.60904346939,1850.46682744898,1760.88993673469,1826.55336836735,1896.02300979592,1870.04733673469,1850.03763816327,1760.06433816327,1871.02390204082,1865.54822826531,1966.88109163265,1889.3051355102,2003.45144836735,1869.30986142857,1954.96186142857,1973.37786795918,1919.55787204082,1863.86586795918,1930.14666922449,1766.48674326531,1809.85398081633,1845.33027204082,1836.45604367347,1750.26962959184,1840.25043806122,1853.51523469388,1835.55336969388,1868.32385918367,1837.70470918367,1796.95039918367,1935.92541816327,1834.81282183673,1857.20848020408,1875.12490265306,1949.14563979592,1949.86889591837,1914.9610877551,1733.50851836735,1844.35671530612,1808.20586530612,1869.20692244898,1827.96899040816,1919.06786816327,1910.06215010204,1802.17133510204,1805.81146265306,1726.59905469388,1963.63783081633,1861.28749806122,1854.62278265306,1784.64507265306,1837.61743285714,1853.74535408163,2048.85902653061,1943.36472040816,1957.93716897959,1892.98909591837,1790.04244591837,1841.01614897959,1939.51498367347,1855.77491326531,1887.55847653061,1807.40801938776,1830.06712142857,1882.01174408163,1908.03558387755,1962.30532265306,1875.25986142857,1877.65917142857,1878.06102142857,1749.86676734694,1830.69710734694,1841.91365612245,1955.50168367347,1827.8708355102,1914.2728755102,1813.4197777551,1858.39206306122,1971.40011306122,2043.30256306122,1773.7938955102,1837.53921632653,1945.90346897959,1978.35918734694,1936.41133157143,1832.89573877551,1915.79741387755,1853.71106387755,1978.24829387755,2026.59925306122,1938.08204081633,1864.66576428571,1839.53752510204,1923.00075683673,1863.25555612245,1920.86972959184,1822.24745,1775.74826469388,1859.84544979592,1965.68119193878,1840.6761677551,1790.61328959184,1872.51517591837,1844.94445102041,1868.35229346939,1855.76181020408,1803.61280020408,1731.1897122449,1758.24639142857,1858.90482081633,1868.70868653061,1826.59418653061,1832.88478765306,1793.03658663265,1900.02734591837,1744.10611836735,1760.41666836735,1837.23166836735,1895.35336836735,1974.13726836735,1911.97057857143,1884.77382857143,1882.84377857143,1856.98767857143,1892.84164285714,1933.21444285714,1747.16255408163,1803.75950408163,1768.8474022449,1842.32515408163,1922.34914383673,1831.71832530612,1902.54862530612,1847.72766265306,1835.26602183673,1780.29725836735,1831.8587244898,2015.62299408163,1756.80064918367,1889.5810455102,1904.0333455102,1936.69641387755,1927.72611387755,1893.41696663265,1843.68020387755,1912.52624653061,1965.82463897959,1905.11498346939,1737.15505510204,1849.52702571429,1855.36065387755,1713.81539877551,1923.77424877551,1871.41799877551,1932.17553857143,1887.51988959184,1895.58822836735,1833.33279061224,1865.61904755102,1926.06490744898,1845.69461806122,1820.70361683673,1916.23727183673,1765.07502928571,1795.60489459184,1887.99297959184,1678.77919387755,1565.24811734694,1775.46111020408,1779.42688061224,2047.31016765306,1883.11854102041,1895.67925408163,1856.35655918367,1844.32615367347,1911.7091455102,1958.98256734694,1831.56096836735,1834.07676020408,1891.30799795918,1902.85309081633,1923.2264244898,1868.78388857143,1954.05906163265,1886.41061872449,1868.6503622449,1816.10435734694,1887.47563530612,1926.76403632653,1719.47656367347,1975.92389959184,1985.30100632653,1914.09585510204,1837.98326734694,2003.0812122449,1922.99292367347,1916.66486020408,1911.69890918367,1856.19120765306,1912.35824081633,1867.33731163265,1939.35418091837,1855.1924172449,1914.0427572449,1818.8561377551,1774.9938022449,2090.7739022449,1933.8478622449,1796.8276622449,1902.2795022449,1952.4902022449,1823.4053022449,1612.25324946939,1866.85743673469,1832.87017469388,1870.91629469388,1899.08880489796,1919.49480489796,1851.51262183673,1860.59462469388,1846.6845505102,1730.22199897959,1866.31677653061,1889.71611459184,1869.82864887755,1864.36264183673,1751.72190285714,1946.6690744898,1938.95344540816,1966.51152040816,1947.56458877551,1880.16712040816,1982.33039387755,1838.41454489796,1992.86339489796,1930.62673469388,1866.24323163265,1811.08048367347,1912.35571867347,2074.00414795918,2091.51701734694,1959.99621734694,1953.76828622449,2048.43118622449,2055.96791071429,1866.85376071429,1737.93275867347,1959.67966938775,1890.54164959184,1942.34839591837,1729.76157285714,1761.1882122449,1850.01571428571,1814.66977857143,1882.98710306122,1846.47016938776,1929.99437734694,1850.23840689796,1778.68207530612,1965.47837530612,1880.12132530612,1739.62273530612,1841.93624330612,1964.83833016327,1937.90213016327,1789.28593,1878.34281081633,1830.25781081633,1969.98186081633,1928.4959777551,2097.86630061224,1827.16825934694,1936.90955918367,1989.8994655102,1885.16797857143,1899.29964673469,2034.62267326531,1905.96382122449,1970.11895489796,1909.35894520408,1864.19751020408,1881.11590744898,1981.6988644898,1922.2380144898,1976.8060494898,1934.21078061225,1840.09136971429,1768.13096971429,1916.0108922449,2031.96958673469,1910.73068571429,1889.28503571429,1906.90600510204,1932.03454387755,1884.57971020408,1967.96736428571,1916.29125510204,1835.13257010204,1928.65477040816,1885.8944994898,1832.71214204082,1813.19832795918,1838.04690102041,1868.12579285714,1953.99513367347,1929.95495918367,1753.44082755102,1769.58652755102,1842.28810306122,1847.31642357143,1751.86612857143,1826.10122346939,1839.28660877551,1754.80726081633,1755.47839081633,1828.6784122449,1872.05443979592,1919.15285714286,1788.65685102041,1787.29879081633,1753.82660081633,1653.54393081633,1788.23567,1872.12902081633,1986.69672163265,2076.72538673469,1942.45665469388,1838.14425469388,1903.14589387755,1919.32913989796,1844.63064122449,1837.89472326531,1841.77082510204,1820.75362846939,1847.11237846939,1666.96863714286,1779.40758714286,1966.77637142857,1901.5338222449,1978.99216669388,1921.78133330612,1908.90111004082,1847.95372106122,1856.71687306122,1870.16450836735,1882.418332,1858.83093755102,1877.89677918367,1867.32693897959,1970.65280204082,1799.8303677551,1745.11504306122,1763.16235306122,1839.97512142857,2061.87400326531,1929.57003367347,1853.06293163265,1945.95897604082,1940.10670726531,1901.62236306122,1857.51150714286,1815.22901897959,1810.53914530612,1919.50887795918,1776.58719265306,1960.66104816327,1918.40869612245,1918.57894612245,1891.40008816327,1837.1856155102,1996.76009408163,2115.65394681633,2193.71893363265,2015.88212204082,1928.27257459184,1840.50235938775,1899.97814322449,1876.45139870204,1856.17128897959,1935.5943122449,1897.58516306122,1902.22370397959,1725.26646897959,1813.13654397959,1866.56137612245,1888.46006412245,1846.35312408163,1841.27740642857,1840.10836122449,1871.32750204082,1906.94218255102,1886.80442755102,1786.46592755102,1843.66090510204,1858.50394163265,1894.79727734694,1875.43532734694,1993.89657408163,1842.10491081633,1774.33801102041,1846.08017939592,1860.92618979592,1952.47804771429,1965.0394155102,1849.06908586735,1873.13638122449,1945.13063326531,1919.20845408163,2029.94591142857,2188.34630408163,1962.51278571429,2059.66073571429,1946.32595714286,1875.54402214286,1876.30270387755,1926.00959387755,1978.37721077551,1917.10688306122,1967.44308755102,1956.35543755102,1885.55433755102,1942.29746530612,1910.37930408163,1831.45396612245,1859.88272061224,1749.80097061224,1778.12671183673,1893.08757142857,1868.51902142857,1841.81150918367,1884.27952204082,1830.92717204082,1888.43820510204,1890.40340561224,1871.70370479592,1974.20523122449,1903.91660061225,1939.56489673469,1842.13136836735,1855.05017489796,1858.24407755102,1812.53427755102,1734.70873581633,1621.73648979592,1771.34591326531,1999.2907877551,1941.13775408163,1879.38591326531,1936.29832959184,1950.98581336735,2204.84171836735,1907.39407346939,1826.88442346939,1820.22862357143,1864.46009704082,1870.11910204082,1910.60071326531,1853.44380612245,1850.87538469388,1746.70156836735,1808.52055418367,1845.02209204082,1873.35119295918,2083.73598683673,2145.00814183673,1922.31462142857,1768.48110653061,1839.96549632653,1953.49489191837,1744.40771540816,1902.01888142857,1879.57724428571,1947.82417030612,1711.76099489796,1759.89386704082,1852.59977234694,1804.75134846939,1655.94462346939,1888.13980142857,1927.46140142857,1891.11086653061,1888.20086183673,1876.56786428571,1906.11818795918,1967.73894367347,1945.37689510204,1921.2328255102,1977.48197479592,1823.95172479592,1739.70792989796,1867.08701122449,1763.8459722449,1833.80092922449,1811.89717922449,1959.86672244898,1838.30849306122,1800.25602187755,1886.94166469388,1818.92665693878,1902.98170693878,1787.39155693878,1822.35045326531,1760.60118918367,1848.68151591837,1913.76171591837,1877.21903591837,1860.38013755102,1847.68113755102,1882.39163734694,1846.31018969388,1749.59908469388,1809.14259163265,1926.10434163265,1919.42207428571,2037.43072428571,1960.26018714286,1972.81211846939,2011.43492816327,1846.40524316326,1940.66539316327,2049.69907816327,1989.16522816327,1968.99977816327,1978.92784693878,1865.88785204082,1906.55295581633,1839.42277826531,1855.14562581633,1838.56673377551,1747.44192765306,1746.3158194898,1827.63230040816,1883.33840040816,1864.36671510204,1901.25384204082,1969.78873326531,1778.32480816327,1768.79808061225,1770.66889826531,1869.26945408163,2040.97043530612,1875.39604163265,1858.4194522449,1991.09102734694,1792.12783122449,1770.31637071429,1832.42278632653,1896.41243428571,1848.45101663265,1866.33086663265,1943.04991522449,1871.43168163265,1767.3446072449,1823.21573877551,1881.72314877551,1829.33167377551,1920.35586530612,1995.35475102041,1884.19825102041,1801.80825755102,1909.94706734694,1918.49531020408,1920.06855306122,1869.67964173469,1927.2505922449,1829.82438979592,1772.64483428571,1902.83500591837,1904.27057897959,1839.43643020408,1878.25575938776,1760.35458795918,1771.20335918367,1944.19925918367,1796.59277040816,1827.71140632653,1852.32558714286,1972.45455214286,1945.91113714286,1925.47183714286,1935.60972153061,2136.14043142857,1827.11105918367,1893.92956612245,2117.56951612245,2097.55841612245,1960.56491612245,1985.19546612245,1779.36671428571,1967.62619285714,1843.66825285714,1900.93824387755,1755.62915387755,1823.88298877551,1961.44048979592,1874.01526153061,2092.86795,1967.86505,1990.02075061224,1862.78220061225,1834.30665061224,1857.4384622449,1991.02943061225,1967.40972755102,1932.03534183673,1768.26562142857,1744.47461142857,1869.27663673469,1898.30615102041,1791.33186020408,1938.12017510204,1943.57825816327,1863.39160816327,1831.54635183673,1829.08313857143,1762.69658469388,1914.87320204082,1836.59635204082,1871.21105306122,1882.05215306122,1920.71904693878,1936.72709795918,1913.40367704082,1790.88876204082,1997.43455204082,1849.05062346939,1789.08700510204,1896.68852142857,1885.21687142857,1844.96080142857,2084.72580418367,1942.60840918367,1762.91947244898,1887.33760816327,1807.28833979592,1957.28173979592,1956.99164489796,1933.13866846939,1928.466095,1999.2047327551,2034.3791327551,1969.2507827551,1876.93505142857,1777.27055326531,1926.02279520408,1843.53194377551,1833.49759091837,1726.09039091837,1836.89217510204,1832.22429510204,1853.22772,1979.55044653061,1846.30739897959,1874.69819734694,1894.31205581633,1923.55826122449,1828.78520336735,1932.47232693878,1821.88296571429,1791.89760040816,1868.58270653061,1749.46670653061,1945.09382591837,1979.96106816327,1947.16746010204,1755.92140969388,1793.10526173469,1932.4695255102,1995.48598061224,1876.1941255102,1824.5672755102,1929.4122255102,2000.6147255102,1960.94427306122,2052.95470897959,1924.54276897959,1742.87566890816,1916.83883040816,1840.97352571429,1830.81657102041,1939.01332469388,1839.81197816327,1921.36465367347,1890.06190367347,1767.06793489796,1738.01611306122,1869.88951163265,1763.91432765306,1894.0857877551,1834.8787377551,1743.75779897959,1812.81069653061,1836.83589897959,1958.36342755102,1800.66047755102,1915.89047142857,1740.43893142857,1822.26823020408,1888.81443897959,1992.15999897959,1943.84731397959,1912.68881397959,1863.94714704082,1922.05410928571,1872.41159806122,1900.7632,1900.44819285714,1905.81161122449,1909.12401122449,1946.23100102041,1855.71268081633,1924.66598591837,1784.96107938776,1835.61838857143,1901.68424418367,1906.83168142857,1793.73577183673,1818.62099510204,1842.77869510204,1861.54836530612,1799.24209693878,1877.04146244898,1964.29840530612,1792.76890714286,1730.4283877551,1831.15026040816,1932.37743204082,1851.59745204082,1879.88472489796,1933.45163653061,1870.69196918367,1928.54193102041,1984.87243469388,1851.91454469388,1895.71439877551,2050.78085510204,1943.66291122449,1894.34638469388,1894.74009489796,1946.56320214286,2012.81656632653,1907.18282959184,1825.63479897959,1914.51945306122,1878.40055102041,1888.41610102041,1905.21724979592,1946.70299795918,1831.52006122449,1876.84455102041,1762.56170102041,1817.60097244898,1786.83848979592,1806.01171265306,1873.50946265306,1889.76733285714,1911.25215306122,1912.37099795918,1941.25968163265,1876.62285663265,1755.81081653061,1875.70583673469,1817.45348673469,1836.71509693878,1876.3019877551,1861.7579927551,1916.84090928571,1964.79239673469,1801.97298571429,1849.34877897959,1889.26930428571,1848.67936061224,1891.74475755102,1906.41286979592,1795.53763285714,1821.09378306122,1851.51118887755,1946.06713183673,1805.01869244898,1861.92432020408,1832.92363653061,1923.23221,1919.87771030612,1933.25065561224,1794.86383704082,1724.74185234694,1795.20392397959,1874.78446520408,1736.30020877551,1848.54254469388,1841.28403040816,1983.79850183674,1930.56551020408,1879.86796428571,1874.27097653061,1755.87492581633,1887.95557785714,1836.14408806122,1884.87947571429,1917.30724071429,1873.21101918367,1852.80204918367,1834.4932944898,1838.96142285714,1828.08393061225,1754.60739857143,1785.33209357143,1803.52026857143,1747.62328357143,1816.72806734694,1659.25095673469,1969.72213795918,2082.47978795918,1981.20653285714,1765.8207844898,1844.93102755102,1869.44867734694,1808.22991142857,1651.77910408163,1793.4791855102,1753.4262622449,1887.96273163265,1890.45866734694,1958.62796265306,1926.66668040816,1745.70457816327,1636.90352020408,1830.57927244898,1963.37306816327,1839.25319653061,1774.52852428571,1748.01482428571,1745.01693408163,1763.20455020408,1563.77621693878,1810.16402306122,1760.27299081633,1816.73469040816,1829.20130040816,1872.03026285714,1764.09259326531,1746.81664795918,1759.52044795918,1921.27497306122,1907.07598183673,1893.49413979592,1848.56613367347,1932.13038130612,1971.62583130612,1962.12165530612,1920.14273857143,1916.56440122449,1933.32375346939,1885.04340346939,1900.95041632653,1752.90949306122,1654.59640602041,1796.83615887755,1805.42973785714,1829.3776444898,1753.41632163265,1855.55510408163,1946.27559285714,1882.06466673469,1883.30316122449,2036.50352714286,1841.54415857143,1939.92430857143,1856.89705857143,1730.37339428571,1822.53092857143,1773.88537071429,1828.9533,2028.76282591837,1922.94366938775,1984.67646938775,1893.93755714286,1889.19676326531,1786.04699826531,1850.09744418367,1863.7275244898,1950.55094693878,1832.90461765306,1832.62297040816,1774.15510540816,1869.72853040816,1886.85856734694,1792.60981489796,1914.11418979592,1948.85454571429,1868.17760346939,1843.20770346939,1902.28680846939,1742.936055,1835.50380091837,1827.55969591837,1801.62043367347,1919.75032857143,1938.19371428571,1797.85236428571,1857.44044693878,1894.51228693878,1990.27093163265,1888.92130367347,1802.77445408163,1874.12308163265,1834.46139591837,1730.44762510204,1814.39578142857,1798.24870142857,1906.09877020408,1816.32442122449,1872.54637653061,1973.34995469388,1983.89381061224,2043.67256061224,1932.11506387755,1865.41060959184,1766.61032142857,2103.07600489796,2288.83095653061,2284.12028183674,2152.45733183674,1985.84947469388,1802.71621816327,1847.81469163265,1914.65145326531,1998.37380428571,1868.38847387755,1901.84095887755,1987.02915326531,1924.23115285714,1822.99556755102,1971.0700222449,1868.53594244898,1928.01034244898,1853.95619469388,1922.42694918367,1853.91644306122,1851.49288346939,1956.73533816327,1835.54446081633,1923.58149020408,1908.79226959184,1748.90736316327,1878.51502459184,1925.0637555102,1953.35096408163,1910.09155142857,1899.93223877551,1811.67400081633,1646.15957346939,1715.9255655102,1770.0600622449,2052.68243571429,1802.86445908163,1908.82996530612,1864.74525030612,1750.58608061225,1767.96650561224,1826.36707244898,1765.08823061225,1864.38321836735,1912.68231836735,1909.95201836735,1976.81787040816,1810.50858673469,1921.10377857143,1741.60003112245,1728.41089387755,1719.69095,1788.021325,1877.89567704082,1757.88525204082,1841.09850306122,1902.46406020408,1885.73581020408,2088.98344693878,1864.79121938776,1878.51378183673,1901.42384989796,1908.76248673469,1760.53838346939,1886.01535469388,1845.62356857143,1935.78502897959,1796.17171510204,1910.29762857143,1971.32026897959,1764.82674102041,1804.11453510204,1878.79149857143,1995.27319510204,2028.97180877551,1988.61606632653,1907.79577010204,1882.19414591837,1787.33387040816,1970.82735612245,1901.93537142857,1843.40237142857,1803.44102142857,1774.68237142857,2033.98688877551,1863.22947244898,2024.37151489796,1930.58212306122,1955.90751897959,1749.07304591837,1743.59819061224,1915.89430489796,1812.97463979592,1915.26289622449,1816.49452244898,1932.32209346939,1740.64898326531,1817.23742367347,1769.21568489796,1993.72737673469,1938.13050877551,1837.73895877551,1905.36015877551,1906.16180877551,1829.45350204082,1885.80199489796,1893.57297244898,1868.24521887755,1824.97199622449,1738.99451459184,1730.55572908163,1735.94473469388,1901.0174377551,1875.5724755102,1803.42860204082,1937.28379204082,1848.95112857143,1924.12970612245,1873.01015612245,1923.22916244898,1830.39865163265,1874.84583040816,1947.81773285714,1819.21339612245,1818.69529122449,1803.06748061225,1831.29644755102,1745.56423785714,1806.37265232653,1819.29088732653,1960.30708232653,1753.12280226531,1553.87026726531,1911.96094357143,1968.01733387755,1980.03842408163,1898.81093,1784.1959422449,1830.3694822449,1819.4743822449,1869.65450510204,1848.25680061225,1982.16679183673,1884.43169183673,1987.10327244898,1908.12582244898,1841.64351734694,1878.98026734694,1909.42631734694,1983.00328979592,1838.78957795918,1699.34468959184,1937.02919959184,1893.86588204082,1804.18590704082,1948.71279387755,1907.24574387755,1991.59464387755,1810.97696408163,1842.50621408163,1834.25774285714,1814.51542959184,1823.97160816327,1849.21281622449,1891.08103979592,1850.04705102041,1905.90576428571,1807.64312928571,1986.99887928571,1917.11567928571,1913.64793132653,1877.07756806122,1900.82852316327,1927.92573163265,1777.07685816327,1868.84681938776,1909.86678653061,1951.7472122449,1969.83,1889.61687959184,1918.00239459184,1892.32383571429,1960.48698571429,1962.81269285714,1954.97258673469,1792.57853673469,1801.78624295918,1996.37129795918,1766.00412295918,1752.66364295918,1749.67809234694,1904.01317255102,1856.18050010204,1908.55675010204,1766.70459285714,1828.11403938775,1777.13295938776,1790.50136938775,1869.62551938776,1928.46812632653,1844.12240806122,1917.37481877551,1937.51786877551,1718.83331877551,1914.29154938775,1912.58645163265,1754.34284336735,1451.54361346939,1745.53868163265,1701.35285591837,1574.19195806122,1585.01003530612,1714.54165530612,2065.74530530612,1844.0625955102,1991.08099783673,1873.38518689796,1984.74419734694,1878.77695338775,1830.28745306122,1821.44015163265,1795.17009632653,1776.00577693878,1840.46933612245,1915.66702346939,1760.33084,1894.914508,1801.79995387755,1809.97567826531,1803.74903153061,1774.77181428571,1891.83159387755,1902.59054040816,1860.72159040816,1870.35129040816,1980.90072857143,1967.93060357143,1821.71791806122,1840.0175322449,1759.1476122449,1871.52105265306,1987.42015632653,1830.61116326531,1806.17683897959,2013.22598285714,1900.53312989796,1909.31306734694,1845.31771346939,1870.23853877551,1979.54824020408,1960.84820306122,1836.89548846939,1804.78213846939,1866.37550367347,1920.94642326531,1951.12886897959,1970.64840306122,1857.40684061224,1965.89614061224,1940.02917183673,1815.18060510204,1848.88165816327,1830.5025755102,1814.92250102041,1791.57141530612,1932.45109693878,1939.87332193878,1855.11900510204,1776.19949010204,1752.27270714286,1726.3177755102,1916.9821255102,1857.6244755102,2104.00114918367,1871.26360959184,1941.33184102041,1937.20513244898,1761.05085510204,2027.0044622449,2095.30914591837,2024.15482857143,1958.97227244898,1854.16369387755,1729.17859387755,1919.46976428571,1967.33452959184,1970.61557030612,2089.34489897959,1971.32450428571,2064.74113832653,1924.83468385714,1978.19039204082,1872.9626577551,1897.80334081633,1935.64099114286,1892.1282855102,1943.02387285714,1814.25785908163,1798.72603459184,1877.65467938776,1765.91817714286,1903.16687632653,1936.19906836735,1878.09522938775,1810.33336897959,2106.31151653061,2001.58289653061,1873.28914081633,1775.93429653061,1904.02664081633,2055.94620442857,1920.54227381633,1861.13020136735,2144.2477055102,1835.92064877551,1863.35579791837,1795.75454791837,1776.06475918367,1937.64285918367,1892.25861,1827.31166,1755.47257510204,1905.69017591837,1906.65306336735,1937.30027285714,1927.38993163265,1981.7215244898,1801.35002857143,1849.78749795918,1919.67167489796,1880.01527183673,1879.36254683673,1990.31442183673,1924.80076683673,1861.64408387755,1787.95778387755,1838.05693387755,2022.34461306122,1975.47261306122,1901.61081857143,1843.62741857143,1905.93276857143,1933.66911734694,1887.45851734694,1910.48711734694,1846.04498595918,1844.91368595918,1985.95570306122,1924.39457387755,1964.21666387755,1746.07531071429,2055.76775632653,2103.60979836735,1769.9569524898,1832.9164524898,1839.64955591837,1796.59258387755,1944.56233387755,1978.53367495918,1886.732357,1931.956882,1782.438732,1923.052682,1967.77966791837,1992.58070791837,1876.54504285714,1632.4550722449,1873.55827326531,1749.16661408163,1866.73538357143,2056.00883163265,1913.19008571429,1782.79183571429,1811.1433877551,1941.8719622449,1894.56376122449,1790.88469489796,1916.70759489796,1906.35173571429,1978.22725510204,1776.60340510204,1914.88570510204,1914.43044387755,1995.60737346939,1781.86661346939,2064.7840255102,1914.26035306122,1890.54160306122,2028.99582346939,2001.11758265306,1865.86131734694,1845.9115822449,1866.40851591837,1877.87329081633,1795.4228455102,1871.67885928571,1745.18102959184,1911.65011040816,1741.89211938776,1623.38321387755,1513.62691387755,1567.29850387755,1741.57309530612,1968.49474387755,1942.90981734694,1812.24108367347,1832.70225204082,1857.62910204082,1725.87912530612,1708.80996204082,1769.56873387755,1896.7899755102,1904.13229795918,1916.74984489796,1755.24378061225,1775.0932244898,1777.3100244898,1633.34117591837,1767.99297040816,1778.86420102041,1840.63668663265,1809.20992826531,1770.1801755102,1775.89790081633,1830.16925285714,1855.24643122449,1802.03957938776,1848.99123183673,1916.45901122449,1720.06928102041,1929.89680897959,1909.67408647959,1909.09013,1796.58619734694,1952.23516836735,1816.09843581633,1841.55584795918,1883.73311255102,2033.43851061224,1881.58419418367,1956.41449642857,1868.45073469388,1853.94826,1882.30641,1976.25819020408,1975.20343469388,1770.29669795918,1844.04324795918,1872.05625102041,2096.51808673469,1879.88698673469,1885.36243469388,1924.80876489796,1850.87300469388,1872.95845367347,1820.65055367347,1769.64344367347,1894.49455428571,1866.13562346939,2000.57413816327,1919.96153612245,2018.64944591837,2061.91911142857,2009.14151142857,1900.93216428571,1880.10622428571,1964.46904469388,1939.45423969388,1914.24433969388,1917.75468397959,1923.46366367347,1986.73366367347,1876.97171479592,1889.11901071429,1831.45874071429,1824.58369071429,1738.13309489796,1732.02912795918,1850.02872183673,1725.71660204082,1925.73675204082,1789.89970204082,1761.77927408163,1793.88800061225,1877.74620061225,1807.36080061224,1748.02738755102,1642.45069571429,1643.31743836735,1832.12970102041,1939.26283204082,1810.32062714286,1807.14521714286,1741.29216795918,1931.60850795918,1875.55586673469,1786.83252102041,1942.19607204082,1873.21043632653,1847.10762163265,1850.03088469388,1846.15616387755,1861.61610102041,1875.80437857143,1813.91978530612,1833.26345591837,1854.05588163265,1762.88714387755,2004.93584387755,1924.12394489796,1907.31810408163,1803.08743530612,1794.94826346939,1894.55126346939,1910.99756857143,1821.28653673469,1842.49693673469,1924.43030091837,1966.1277172449,1776.19065091837,1789.5646527551,1737.47310908163,1833.69734479592,1794.04398979592,1782.02228367347,1891.25618367347,1855.35185367347,1847.98274020408,1956.14279020408,1871.06855918367,1801.34881418367,1888.1885427551,1835.5329927551,1743.3364977551,1851.8429187551,1859.40558814286,1746.3406877551,1754.62233244898,1735.40388163265,2102.16645408163,2037.19567857143,1993.83703469388,1934.56478265306,1873.81979591837,1878.57280438776,1971.2821377551,1865.72494183673,1713.2488322449,1954.27993020408,1915.4088905102,1988.8076255102,1877.39218265306,1921.75128265306,1858.25832346939,1854.34013061225,1914.97020714286,1977.68739183673,1866.84540510204,1801.07263673469,1907.91562857143,1867.34730306122,1888.45108979592,1835.38644795918,1821.71836612245,1748.88032846939,1847.23153612245,1854.50205602041,1909.08932265306,1932.29456591837,1924.9180347551,1894.31932520408,1924.21755142857,1737.06463102041,1855.48917265306,1823.80675163265,1856.12780163265,1910.93430428571,2014.99290428571,1835.67890336735,1718.82918061225,1937.96585408163,1864.1726122449,1808.72251469388,1886.61888081633,1664.62824693878,1926.33512693878,1849.78263765306,1871.65713765306,1791.75524295918,1853.00247602041,1777.58618510204,1892.74891734694,1859.23947693878,1871.23102795918,1781.92750030612,1821.52515591837,1802.00017346939,1746.02080142857,1631.04701795918,1807.47189918367,1765.60829520408,1794.57774520408,1877.25773020408,1816.24488020408,1777.22610040816,2025.08762489796,2115.8825622449,1930.5739122449,1856.6184522449,1929.82464979592,1880.96966928571,1919.57222397959,1911.69902397959,1915.4227477551,1853.28860489796,1882.74223571429,1949.71876326531,1821.01740040816,1977.14778040816,1985.42405265306,1876.89743653061,1969.16508265306,1887.30870673469,1903.53009061224,1946.82196183673,1944.97319612245,1923.09414387755,1926.92613959184,1983.40397665306,2034.68798265306,1935.980805,1774.96003520408,1791.43293061224,1869.19899816327,1930.14096795918,1788.42500591837,1807.80716404082,1839.68246142857,1744.24983979592,2008.47575265306,1959.10377918367,1879.97876877551,1982.18346734694,1853.38431734694,1838.35845346939,1856.55559846939,1833.41704846939,1964.30602571429,1893.60187571429,1981.22392510204,1755.64882510204,1918.27267510204,1815.68007122449,1908.08234214286,1973.02485714286,1908.82406459184,1906.92963959184,2000.84635510204,1778.33740510204,1908.28285510204,1983.49717510204,1951.23520510204,1981.66630510204,1960.56052346939,1924.95119683674,1985.78387234694,1910.99461734694,1734.14380040816,1727.49158693878,1778.04998693878,2066.30629367347,1935.49864367347,1868.92077020408,1927.15882020408,1824.49979387755,1885.76214306123,1946.47861714286,1902.45513367347,1781.01317938775,1794.41197367347,1976.97157367347,1968.27223306122,1925.44032930612,2018.042155,1924.09866793878,1944.58184293878,1944.81196285714,1804.47511285714,1859.06531285714,1783.0126322449,1756.19911428571,1845.38724816327,1910.74306326531,1832.9880422449,1963.55423897959,1829.81867,1824.3838177551,1793.33228408163,1763.86020530612,1903.53089102041,1987.60231510204,1916.79483612245,1865.99504346939,1944.13199591837,2034.67697795918,1793.09762785714,1975.50053995918,1899.29515540816,1954.23789730612,1875.88847612245,1896.57491132653,1803.33903306122,1824.77768897959,1874.27418918367,1923.27513918367,1900.41568469388,1937.21784530612,1907.01771734694,1882.13942489796,1854.55170367347,1938.65407,1977.08465408163,1862.41146897959,1857.87678142857,1848.20998142857,1922.04180938775,1798.56372836735,1856.60312632653,1863.77178122449,1748.02268183673,1992.51240938776,1905.88662346939,1916.54163040816,1914.01670714286,1790.20274183673,1841.99082244898,1756.03166632653,1814.46820653061,1896.27169061225,1856.85213040816,1840.98382040816,1881.9022344898,2107.35159081633,1878.46360816327,2021.78184897959,2025.07948979592,2041.45824836735,1971.73954326531,1873.05542071429,1910.50792255102,1959.66927938776,2029.34067938776,2043.29861938776,1942.33775826531,1961.66055112245,1951.9792844898,2027.22136459184,2101.06779183673,2043.19189183673,1944.04103132653,1984.78340153061,1944.4151527551,1782.64825887755,1844.61031693878,1835.74698693878,1881.5686644898,1890.8988644898,1824.25860387755,2004.204085,1921.18879612245,1858.49993765306,1879.14409061225,1955.30449061225,1778.02636122449,1724.58113877551,1876.46053877551,1821.1363755102,1895.17604744898,1850.32192244898,1920.93348877551,1816.08364622449,1882.5317622449,1922.5693122449,1889.43824795918,1893.59799795918,1770.01204795918,1770.13148693878,2023.27679979592,1834.10769204082,1927.62555408163,1949.02296938775,1861.84031938776,1920.09676285714,1860.30267632653,1860.62516367347,1969.55763479592,1865.71892618367,1928.26284693878,1900.31141255102,1891.59173877551,1937.21157979592,1838.52461653061,1779.13701836735,1868.95011836735,2135.58456836735,2112.81642102041,1992.21335428571,1904.0383244898,1931.54281408163,1848.00445408163,1910.09078877551,1863.74664387755,1735.77342959184,1858.57345102041,1759.98347755102,1944.04919397959,1759.61072142857,1791.12120591837,1777.08082367347,1831.87217511224,1835.34784795918,2077.9213955102,1868.04834612245,1790.8454844898,1798.34292908163,1806.10429285714,1984.80088,2098.68318142857,1853.14955979592,1892.97640734694,1913.0475055102,1783.9825822449,1993.92613836735,1833.31949,1800.94716091837,1785.9390577551,1909.40826244898,1898.80697979592,2097.42950469388,2046.90871816327,1837.80065244898,1868.2082744898,1941.15291734694,1924.60603934694,1977.44768540816,2218.00263632653,2269.01368673469,2254.1601477551,1984.23953428571,1868.51556428571,2025.83387795918,1838.03459816327,1983.35787102041,1917.45836102041,1823.98444285714,1876.0532622449,1944.15710102041,1832.20100714286,1853.58431938775,1850.14641938776,1933.21706530612,1828.30327959184,1867.40470897959,1833.78648295918,1788.45636908163,1909.63858030612,1911.1510905102,1915.20164255102,1840.29807744898,1834.79409367347,1829.78921469388,1842.70278887755,1859.73555,1772.60674367347,1894.59063673469,1943.47034795918,2018.76628295918,1979.15668295918,1958.01264795918,1871.09358295918,1864.20851846939,1893.98960591837,1823.02565693878,1908.88408040816,1964.36866530612,1931.24259061224,1800.79046938776,1889.91519081633,1802.30869081633,1924.71117755102,1931.70946779592,1812.94781779592,1741.10019795918,1949.07842857143,1923.78662346939,1842.25466632653,1905.12131632653,1836.06707632653,1968.46745918367,1906.09873061224,1837.54350612245,1772.98625612245,1753.48618183673,1774.32531183673,1905.45730102041,1857.47775102041,1972.77022244898,1864.89001326531,1744.00466326531,1759.88755204082,1986.4371622449,1753.56828469388,1878.0203005102,1801.26170153061,1840.34750908163,1823.61867408163,1913.77256112245,1843.66255102041,1879.40942755102,1800.27939591837,1885.1061,1984.67503816327,1872.89436591837,1988.88344091837,1898.11456521837,1913.72275021837,1995.20266265306,1903.06339265306,1926.84165591837,1930.41615816327,1916.61331102041,1905.36773030612,1918.53326908163,1765.07205418367,1775.92590418367,1793.53769918367,1880.75508918367,1974.52395357143,1990.10707234694,1894.88778234694,1745.26533071429,1783.10920071429,2091.42850142857,1647.32937163265,1775.81148918367,1766.28675653061,1846.76235653061,1844.81258530612,1778.37134469388,1756.64117306122,1897.24699489796,1865.83718673469,1873.45829571429,1841.7568455102,1841.57168918367,1987.45369530612,1868.19494306122,1898.78050428571,1862.54253244898,1878.45280244898,1845.77785989796,1802.73997489796,1881.14119387755,1891.06188010204,1924.14139081633,1843.72994081633,1850.76344142857,1953.18358663265,1840.17136704082,1787.34283816327,1897.53306571429,1859.05407265306,1754.82936979592,1859.22364367347,1809.23501632653,1911.05702295918,1814.12985582653,1795.50772020408,1889.56449857143,1930.06021322449,1919.45740489796,1943.12689195918,1962.6215177551,1842.66571959184,1876.97036755102,1973.90636816327,1864.15904530612,1711.57504061225,1898.13654387755,1876.75880918367,1874.50428469388,1822.45260714286,1833.49843571429,1873.3894244898,1981.18860102041,1886.35390204082,1836.90284755102,1854.24944591837,2109.04269591837,1975.03244591837,1918.18787857143,1853.34561734694,1808.78292826531,1835.77286244898,1807.70367244898,1805.55937244898,1908.9576,1873.61351020408,1907.61384908163,1888.71602959184,1830.28517632653,2092.78717244898,1965.18414571429,1912.52093857143,1803.6475284898,1874.6706734898,1826.57834795918,1875.21585367347,1825.70484322449,1909.04459322449,1725.52814322449,1830.6966072449,1755.3528522449,1800.34195726531,1912.99737103061,1959.91615077551,1885.22978612245,1872.39086285714,1967.01761285714,1880.84771285714,1844.36118326531,1782.48796142857,1919.14740693878,1943.37918642857,1926.1182405102,1806.99193122449,1853.13133122449,1868.36265342857,1861.46983542857,1908.3112722449,1839.38012387755,2012.15131632653,1791.70094836735,1890.75326142857,1938.69826795918,1838.10740285714,1895.50107979592,1881.95041938776,1815.34601122449,1869.16877285714,1956.38906673469,1903.36983979592,1729.01101428571,1972.3537877551,1985.66467244898,1810.2043122449,1741.24101122449,1742.71150489796,1879.81384897959,1928.08294897959,1819.63933316327,1799.39195428571,1822.50260367347,1847.33388367347,1892.94581938776,1852.13261591837,1855.46236438776,1864.76093479592,1903.14973326531,1531.61451155102,1458.99716571429,1748.01598244898,1854.71028877551,1771.21256959184,1872.65967979592,1853.05217979592,1855.65247979592,1778.29805959184,1912.1723177551,1921.37723081633,1855.95046653061,1857.03644714286,1836.57278877551,1775.03000877551,1862.69623795918,1927.71433438776,1893.38920530612,1734.46273928571,1883.70944946939,1955.47914877551,1832.71189693878,1918.85889183673,1771.87287857143,1972.02095093878,1829.74885093878,2006.47115093878,1965.1261805102,1850.5218755102,1795.16801918367,1862.01510295918,1922.94307581633,1890.98953081633,1808.44374591837,1790.83036816327,1965.92750316327,1835.5055877551,1748.3092377551,1833.4550872449,2034.71466142857,2091.36937693878,1896.55652653061,1805.86445897959,1825.42470428571,1920.55282897959,1877.19762204082,1995.28340387755,1832.99399081633,1895.605891,1903.91595855102,1756.9877,1632.4554122449,1649.90399142857,1762.43847142857,1865.73657959184,1894.00903193878,1807.72556122449,1846.70411122449,2004.4412,2055.57820714286,1906.37285714286,1905.81052714286,1883.98652714286,2041.13326530612,1850.04232581633,1913.49369081633,1860.62611581633,1794.17801071429,1829.309105,1821.6260172449,1877.31998846939,1876.16289346939,1910.37059040816,1982.59823693878,1942.43407653061,1848.72551816327,2047.30277346939,2100.63542653061,2027.07502653061,2031.22556632653,1939.06877755102,1824.8292622449,1944.86693571429,1887.87818571429,1880.63018571429,1895.79384081633,1941.71640897959,1914.89553897959,1901.89188408163,1832.09840071429,1904.6639977551,1974.39636591837,1825.62258755102,1805.95300918367,1977.66566020408,1902.27832979592,2097.59751285714,2072.32365683673,1917.94747183673,1969.33551183673,1949.45074387755,1953.69934387755,1976.72310612245,1777.10749959184,1899.46715979592,1809.20375979592,1918.98780979592,1924.36876142857,1918.32173142857,1883.51423142857,1906.91010673469,1827.11121704082,1770.54312836735,1888.88277469388,1860.33844836735,1888.84424265306,1932.72739265306,1716.28320510204,1732.49352846939,1730.09668540816,1809.97638438776,1936.55908938776,1884.93698673469,2024.91212183673,1836.15078877551,1888.26189010204,1845.33324010204,1891.51517285714,1940.5897777551,1969.38072142857,1840.3951094898,1836.99294469388,1726.07358510204,1860.79564795918,1766.10145122449,1594.20500122449,1748.5445744898,1882.4398382449,1925.66839040816,1847.22900040816,1858.32968438775,1831.22799489796,1919.49067714286,1879.16592122449,1983.39987122449,1899.02582795918,1890.98341877551,1925.05788734694,1974.47711959184,1804.0656644898,1824.35373918367,1939.31208959184,1921.43340755102,1880.59517663265,2031.46192714286,1845.75546326531,1888.03541530612,1921.26022653061,1769.79896020408,1755.64557244898,1851.02032979592,1912.21157367347,1861.61150510204,1755.11328061224,1724.22528061225,1825.61465816327,1848.58857438775,1864.03802142857,1954.97970061224,1938.35159346939,1808.4818922449,1929.77090795918,1856.93625387755,1815.59718842857,1900.81432142857,1858.25830816327,1804.76333132653,1833.13833785714,1873.09420744898,1907.21272744898,1884.19391112245,1984.31935795918,1940.31514795918,1879.17010459184,1883.27946826531,1918.48611826531,1921.18756326531,1757.15791122449,1782.95454387755,1890.87716918367,1831.38464877551,1826.8585877551,1833.77358612245,1865.63238591837,1860.66282183673,1749.91242795918,1922.55980265306,1727.34894142857,1857.04907040816,1872.8664122449,1828.99570765306,1881.00799265306,1917.78696204082,1847.13142102041,1925.88287428571,1970.29130285714,1904.95830408163,1804.94687734694,1881.89339510204,1815.20098714286,1831.3374555102,1996.8365377551,1917.32997346939,1891.9781137551,1824.55737530612,1904.96044540816,1797.98006040816,1844.91078581633,1811.95429520408,1925.8287652449,1853.77523520408,1908.43668520408,1929.97772391837,1999.08529959184,1906.50821489796,1836.95823489796,1795.03058693878,1704.03284306122,2019.97306653061,1823.58043755102,1803.56940612245,1844.83633989796,1918.59947489796,1892.21979469388,1804.71429387755,1994.81658693878,1830.13924693878,1827.83291653061,2040.2516755102,1885.77369122449,1772.07596540816,1617.00575173469,1930.40729836735,1950.71456183673,1989.88486683673,1920.81167408163,2098.25642408163,2125.50104979592,2096.27323718367,1868.62294714286,1768.17576530612,1852.50941673469,1924.8582344898,2035.80666836735,1962.75995367347,1989.12860367347,1845.25406346939,1931.78304010204,1985.71493193878,1907.58046183673,1916.74546459184,1980.27221808163,1784.96010510204,1887.15016010204,1728.40562510204,1879.94103102041,1831.1633977551,1863.74703285714,1890.75060826531,1813.82033428571,1830.08562102041,1868.43896938775,1796.81199591837,1790.90698979592,1908.38426265306,1881.17922979592,1926.44878081633,1830.36696918367,1873.45213204082,1844.91035346939,1839.92380836735,1758.77837673469,1765.27872367347,1882.84603387755,1905.7431755102,1981.36669897959,2002.13327979592,1868.81317346939,1918.52937285714,1844.06178326531,2005.17086285714,1915.72837918367,1958.4192377551,1869.47519826531,1853.59310826531,1821.41182469388,1828.68465642857,1792.95653142857,1843.66513142857,1780.48699142857,1842.54364877551,1754.60013020408,1955.18828387755,1917.48160122449,1843.2336922449,1804.68860632653,1888.50873530612,1751.43294469388,1904.84629469388,1819.48364469388,1859.73354469388,1848.11678122449,1801.06117571429,1740.01421244898,1748.37432306122,1854.01528367347,1838.41020408163,1781.50544693878,1890.43817040816,1842.03639540816,1746.31588367347,1839.88788183673,1867.01916765306,1878.02774081633,1910.59844081633,1739.94959081633,1891.24080204082,1932.43843377551,1849.0900705102,1882.9269305102,1924.03163683673,1921.38992857143,1929.80215,1937.42789387755,1986.75992387755,1928.54092387755,1845.88128887755,1906.59573959184,1890.86727959184,1938.64252959184,1898.07992459184,1924.61777959184,1836.47582959184,1911.34497959184,1901.93657959184,1993.37631530612,1914.72973530612,1881.23641530612,1877.33149530612,1862.37467653061,1938.99542653061,1887.70167653061,1924.71227653061,1884.07383571429,1902.94662040816,1867.12182040816,1820.09282040816,1934.78157040816,1975.69642040816,1919.29387040816,1896.48871530612,1867.12097755102,1826.84236734694,1915.12643265306,1866.24319081633,1863.58964387755,1866.09559183673,1840.1014372449,1842.23424285714,1905.05837785714,1989.37160306122,1795.0418744898,1740.87682142857,1885.85796153061,1751.01956183673,1971.96486204082,1862.12813418367,1976.1908355102,1974.91236081633,1944.40944265306,1909.62556530612,2238.31538581633,1957.13047163265,1977.35569897959,1887.65016632653,1875.07254183674,1852.90793367347,1758.52215836735,1752.93698795918,1828.59771591837,1835.00030367347,1807.62722430612,1829.79787530612,1891.52197530612,1929.99384918367,1799.03428734694,1759.89043734694,1848.65448795918,1743.3630577551,1772.10886428571,1854.8179655102,1857.45939755102,1789.4670077551,1851.95135673469,1961.59524489796,1929.64925857143,1923.5001554898,1944.50012214286,1984.87711887755,1894.9029862449,1968.5317362449,1877.85255118367,1750.65182112245,1729.09858612245,1898.81492367347,1884.71251367347,1875.34307346939,1849.95326428571,1905.49975306122,1879.65392755102,1877.02697755102,1809.57231530612,1820.31205510204,1839.66170510204,1825.40654795918,1891.52299795918,1884.84297857143,1955.23431693878,1852.16331938776,1779.12820714286,1931.64506989796,1785.54488612245,1894.67576081633,1906.70866816327,1833.79803387755,1827.24318877551,1954.83748326531,1800.92278306122,1845.94931795918,1878.66474563265,1787.37888276531,1948.91586563265,1772.98511408163,1847.39292877551,1651.6248255102,1861.2281255102,1771.86608163265,1866.91891489796,1924.00203816327,1940.17901346939,1918.73915836735,1711.53122061224,1751.13911061225,1744.68554346939,1842.36814530612,1878.45999653061,1850.77194653061,1873.99300306122,1875.00279755102,1902.43904102041,1745.34594591837,1766.04680265306,2042.52237234694,2100.66459714286,1935.76768061224,1884.43073061224,1793.05553561224,1801.84937071429,1873.08079014286,1929.77905673469,1866.72340244898,1939.323675,1898.62490755102,1782.47522102041,1963.23832653061,1870.93085653061,1878.91634693878,1919.80094183673,1896.91088877551,1779.11027642857,1880.81302142857,1739.31892244898,1744.15875816327,1769.62782959184,1861.86604795918,1875.43891530612,1833.7878377551,1801.57239295918,1766.00280214286,1826.9759322449,1927.4578695102,1933.94770718367,1985.54631318367,1936.34988857143,1868.81379714286,1774.15011081633,1869.38562612245,1778.12330204082,1749.98115469388,1761.65659979592,1878.87661510204,1900.57557897959,1844.00801204082,1727.69543591837,1747.87979122449,1617.43063489796,1770.06218673469,1894.85900061224,1863.72198591837,1979.42113367347,1865.54288653061,1907.56475265306,1649.70625102041,1876.12060122449,1898.12484489796,2018.63441489796,1837.15131285714,1869.54395387755,1936.79519102041,1810.47117938776,1860.89247938776,1830.05628938776,1891.29896642857,1870.48123642857,1869.78016642857,1901.12979091837,1904.29120755102,1881.43365734694,1951.5011255102,1964.58016734694,1925.07021306122,1923.50407612245,1844.72527612245,1870.95083285714,1982.62570795918,1827.84326020408,1869.75618469388,1905.34755714286,1870.52403183673,1901.69507204082,1963.49991020408,1888.34091193878,1919.61982887755,1895.37561020408,1911.22429438776,1915.8944855102,1960.12999326531,1946.71479591837,1789.4785777551,1809.7649777551,1628.34347102041,1721.61481020408,1935.61557755102,1858.53339571429,1872.49205102041,1938.75795102041,1749.86745469388,1785.20531326531,1901.46600510204,1791.52855408163,1829.39869795918,1905.42012673469,1752.29226428571,1652.97900346939,1916.12345632653,1802.87455877551,1975.25016928571,1909.35494529592,1747.92679529592,1808.05559488776,1856.18960388776,1984.66468307143,1883.41854470408,1839.11013715306,1964.82173715306,2000.41446714286,1875.74090234694,1820.87660755102,1887.21213469388,2008.37453469388,1997.05327346939,2074.62568122449,1880.05595,1921.57546530612,1851.83695918367,1640.94615,1856.42447612245,1873.29917612245,1915.7675477551,1867.44375653061,1827.46872959184,1915.55852959184,1725.26015653061,1807.96180653061,1730.80962734694,1861.24625591837,1769.66000591837,1894.62125020408,1850.84923204082,1905.18101061224,1903.50816122449,1779.36798102041,1853.96275142857,1895.14660081633,1832.1515844898,1806.0610344898,1849.81481755102,1795.84243755102,1848.80808346939,1926.77789816327,1756.94694183673,1836.42739204082,1853.85494734694,1808.82166836735,1879.55239693878,1807.45244693878,1871.73781061225,1782.41726061225,1778.51329285714,1681.71293030612,1905.51059846939,1764.61664959184,1698.43444183673,1853.49947897959,1737.25048408163,1888.18356408163,1753.98471704082,1608.88136512245,1751.39569536735,1835.57555932653,2139.56378438776,1978.13301683673,2033.00367642857,1968.69940255102,1994.90224918367,1935.72822183673,2063.96523469388,1928.30785877551,1849.36026877551,1913.72231877551,1925.23005918367,1818.47244887755,2023.92249734694,1902.17314867347,1936.48795877551,1808.09340877551,1692.74609918367,1825.6948377551,1808.82461619388,1761.73607673469,1911.13727673469,1851.37590816327,1873.92970816327,1906.09850306122,1787.60854653061,1733.78831285714,2121.82663438776,2093.92729755102,2138.42246877551,2100.3081877551,1948.07773979592,1929.8712372449,2079.61602346939,2112.04062142857,2038.9895744898,1898.1356744898,2175.2913522449,1883.8150344898,1800.11898265306,1735.75795714286,1853.50357142857,1894.07728244898,1781.78313,1825.04020077959,1909.47016077959,1961.29846077959,1954.01581077959,1843.58266077959,1985.86364714286,1920.97019714286,1931.48537714286,1989.28990346939,1892.04938846939,1805.21213846939,1986.9556464898,1641.92886673469,1898.28442179592,1867.04323179592,1923.99039295918,1940.87529959184,1950.90932714286,1975.36247571429,1873.53610877551,1905.15053653061,1986.84856357143,1987.74896806122,1805.33573877551,1881.71499653061,1733.52732061225,1825.8450322449,1754.29087142857,1934.29136938776,1742.06322734694,2000.77566663265,1841.78896622449,1956.58569561224,1877.66255959184,1885.02318693878,1841.71357193878,1926.04694693878,1764.19352346939,1848.51412469388,1831.84017204082,1781.7071977551,1840.56619163265,1784.14313285714,1878.61129591837,1768.2584122449,1868.25690377551,1838.49040612245,1757.6693772449,1828.71354076531,1865.29475510204,1887.35885510204,1928.83728714286,1710.90094285714,1880.54739387755,1732.07391836735,1766.84437244898,1841.5061255102,1776.2986805102,1915.1298305102,2047.29809183673,1803.23157857143,1965.78493163265,2113.22265744898,1988.34065367347,1877.67518693878,1905.44954459184,1855.84156153061,1981.24545306122,2089.68842755102,2058.2480622449,2051.40505816327,1863.88419418367,1881.18687755102,1845.71241163265,1929.12484591837,1898.18595091837,1738.22772142857,1785.65937142857,1781.72776142857,1749.16849591837,1803.08311316327,1865.76761622449,1723.08914622449,1763.57818795918,1878.68488857143,1905.0954455102,1919.20190285714,1843.41439183673,1848.21656632653,1653.32285306122,1820.96618979592,1931.77043571429,1742.1816622449,1911.21018265306,1894.18936622449,1927.45869795918,1813.15499693878,1888.93355163265,1813.54282581633,1707.19605918367,1809.43879030612,1787.44365418367,1786.82180722449,1776.35980722449,1854.53580722449,1870.14270722449,1685.09813326531,1761.30244428571,1900.40214,1886.89320326531,1875.31809632653,1916.2751844898,1841.99673571429,1870.79816326531,1920.58687510204,1852.10554234694,1880.2899477551,1707.82692244898,1884.98802244898,1858.44327012245,1822.38547012245,1846.57318469388,1907.43563612245,1988.4889255102,1958.81487653061,1920.99669336735,1912.6155655102,2076.9573755102,1855.34988826531,1785.4680844898,1885.81106744898,1972.97528642857,1851.10044153061,1901.05327918367,1924.20314469388,1992.58121734694,1968.65606020408,1913.61476020408,1827.25059285714,1931.08654010204,2012.28952357143,1983.53452969388,1976.98366520408,2024.73469061224,1935.56067306122,1884.50905693878,1924.02289918367,1719.18603387755,1942.36413591837,1950.49235367347,1894.29770040816,1883.70878857143,1853.43368163265,1906.29016183673,1928.24722285714,1843.73671693878,1761.39195326531,1873.44317061224,1874.72653061224,1760.07912959184,1851.00634897959,1876.38245612245,1794.95823346939,1946.87177244898,1755.48150673469,1837.20665612245,1734.64540612245,1870.83630693878,1788.68432285714,1876.00142285714,1945.28346040816,1968.25385510204,1914.88805979592,1911.50975734694,1892.16106367347,1928.72418612245,2092.92804897959,1795.14142744898,1921.86893908163,1968.89629897959,2040.57618897959,1787.59187653061,1908.99568918367,1913.53156555102,1944.28768612245,1997.77156714286,2036.9991155102,1999.33985316327,1953.31664806122,1807.56191806122,1815.47822367347,1881.20685061225,1973.43762561224,1871.78342857143,1946.66448163265,1942.21067591837,1864.74180183674,1867.53972510204,1790.135199,1858.55586380612,1913.30402421429,1854.67959387755,1771.30093091837,1707.13672091837,1806.70452346939,1932.88282346939,1804.70818142857,1978.01219979592,1811.27089122449,1874.95852306122,1924.70785122449,1787.58972795918,1967.65641897959,1750.84623877551,1867.31063622449,1889.91799959184,1838.08797673469,1783.41766591837,1824.11216510204,1951.98057285714,1926.94582326531,1845.05045632653,1855.59851142857,1917.56384959184,1787.34168020408,1757.13018020408,1776.98175367347,1857.33174387755,1870.87584387755,1873.56193469388,1963.9697572449,1876.85491234694,1772.57601142857,1971.59306979592,1848.81956938776,1729.38764908163,1773.87779908163,1907.73045826531,1927.07582326531,1727.27252918367,2117.08977346939,2003.38182346939,1969.36091122449,1938.75558336735,1928.30069234694,1786.44881428571,1833.83041672449,1851.83842305102,1829.1335444898,1828.8282877551,1830.25113632653,1836.49730816327,1885.16107826531,1945.31675836735,1914.28500734694,1836.67944408163,2003.56643755102,1889.65822285714,1765.09141126531,1809.36494816327,1838.61496346939,1725.83606693878,1951.67664,1925.15920928571,1906.22268428571,1936.74821040816,1937.24148979592,1843.41960938776,2041.41719408163,1904.52553938776,1901.00720938776,1958.55935938776,1911.98066081633,1963.48745561224,1876.59742061224,1953.1780077551,1859.1904577551,1912.77218642857,1920.28105142857,1839.91412744898,1875.6856805102,2070.18232122449,1805.89942132653,1904.5835794898,1985.71341857143,1908.70109612245,1937.12280081633,1869.04242142857,1839.46170204082,1845.89139020408,1781.38363734694,1845.43592163265,1887.21418346939,1984.2561294898,1897.71054438776,2022.42132938775,1873.19881428571,1971.36951367347,1763.66192857143,1851.93277122449,1807.14774836735,1872.58203673469,1816.23711530612,1919.13715693878,1947.07449897959,1738.77959040816,1626.5767855102,1782.86979428571,1885.38216938776,1921.08301938776,1843.98430816327,1883.35746489796,1789.6194255102,1960.30524795918,1952.1892622449,1979.42547857143,1847.55578653061,2063.10375714286,1879.11422959184,1845.11920816327,1914.86360510204,1873.20425510204,1866.83046020408,2051.09040714286,1966.01055244898,1929.77040244898,1936.21980244898,2057.34339510204,1904.84559795918,1815.71185816327,1844.22958346939,1922.65030734694,1854.23400734694,1862.42530234694,1877.27633132653,1851.7740194898,1848.1999044898,1936.20227040816,1897.07697040816,1974.98353540816,1930.96470581633,1981.25277561224,1969.31380520408,1814.39899153061,1723.22432653061,1918.37725,1876.04293142857,1792.40091591837,1760.8733222449,1765.24885428571,1972.91695428571,1859.46514591837,1924.76389897959,1897.10606295918,1976.1478344898,1934.50544744898,1967.18512346939,2074.95072061224,1792.26036836735,1848.22969897959,1931.99465102041,1973.62459285714,1884.17784285714,1842.77800918367,1840.30011020408,1968.96208469388,1914.26364183673,1906.85334030612,1787.64057612245,1900.97886438776,1849.14813571429,2027.63258877551,1855.29787959184,1875.64387959184,1817.82410857143,1809.13620204082,2121.39343632653,1840.82177132653,1995.88017367347,1909.33439693878,2106.62655530612,1985.41408734694,1858.01470734694,1896.62530734694,1969.89255734694,1923.01774367347,1942.0147877551,1943.7048877551,1921.0875877551,1979.2285622449,1908.55359591837,1811.03959591837,1970.35756734694,1750.32046969388,1760.04491836735,1777.29735204082,1752.79748673469,1908.52253791837,1766.96154506122,1847.78079506122,1728.24868908163,1765.22280408163,1956.63834693878,2050.53554244898,1974.0528027551,1879.22848520408,1913.35208673469,1854.16231408163,1890.84878408163,1754.94958408163,1780.57076102041,1815.10997979592,1916.38466665306,1886.49281665306,1935.261996,1984.66824778775,1871.22044877551,1777.33192081633,1915.85692081633,1944.56729959184,1817.59160857143,1833.65732334694,1832.67040693878,1947.00909673469,1765.51037173469,1869.86369204082,1782.69750132653,1884.69026234694,1782.55223132653,1854.47429683673,1793.48443561225,1834.29669387755,1698.8003027551,1871.42506428571,1958.16968979592,1980.31470459184,1886.7305355102,1909.63812306122,1902.93159897959,1754.71185306122,1861.04324877551,1923.40223387755,1881.19375397959,1878.99967255102,1889.35397132653,2023.28604653061,1941.14591816327,1816.72325816327,1803.26359142857,1912.71149489796,1944.2708755102,1950.21832755102,2065.39823877551,2049.90155714286,1979.80410714286,1727.48800612245,1833.48501734694,1842.09262755102,1805.28523673469,1907.41672795918,1770.91083265306,1850.09440010204,1861.17273367347,2030.1366555102,2079.76219591837,1917.9273205102,1802.45533061225,1724.63360204082,1768.86981122449,1763.79860918367,1845.36749591837,1930.24507142857
239.020408163265,2143.78154163265,2005.4734455102,2017.0950744898,1878.7776677551,1939.33472265306,1983.12655989796,1984.87297255102,2077.74723306122,2123.74109326531,2208.50029897959,2052.15847746939,2129.61837142857,2169.73120765306,2119.9584427551,2123.37381857143,2063.72311285714,2171.46255816326,2191.14338367347,2141.80695346939,2163.83037632653,2134.7028694898,2096.36224244898,2044.91190204082,2121.34877836735,2148.46097918367,2156.08101918367,2168.93539918367,2270.78496785714,2216.26087306122,2091.68421602041,2010.47441714286,1864.77668520408,2036.88475520408,2002.49928377551,2210.56463969388,2121.43808969388,2041.05023969388,2097.71702122449,2186.75997040816,2184.43448530612,1937.30212191837,1966.33587191837,1857.85002191837,1866.85622897959,1856.41767989796,1928.24390489796,1997.94655816326,1962.99454295918,1927.51079795918,2087.70463540816,1948.51557540816,1913.52391122449,1988.28555122449,1946.82052265306,2032.21900102041,1947.11022244898,1890.05322612245,1933.15673938775,1930.96312959184,1945.64783387755,2025.05697367347,1998.99954420408,1923.32101204082,1980.5402844898,2004.2773044898,2137.60756693878,2147.26952918367,2067.60298673469,2260.01096530612,2206.95379489796,2290.40908673469,2138.34937721429,2199.60735091837,2096.75750908163,2160.95360612245,1950.36162653061,1953.58529857143,2030.83091408163,1792.04238234694,1909.85676571429,1841.25154306122,2000.74098797959,2053.43733797959,2137.90184336735,1938.85825283673,1783.61174428571,2083.25668693878,2005.90819387755,2093.45867244898,2212.11796244898,2176.29852142857,2366.62101326531,2364.77927040816,2225.8849122449,2307.1007772449,2157.46833571429,2071.81805102041,1849.8117277551,1839.83403479592,2065.44686612245,1977.31244520408,2109.98589020408,2005.81762020408,2015.24077020408,1939.05378183673,1971.95619755102,1998.57993183673,1940.45047081633,1923.84562081633,1999.76487734694,2118.1221755102,1987.78166265306,1997.97866265306,2180.38743693877,2092.07919081633,1913.69094081633,2137.6037255102,2190.3592255102,2266.74051836735,2203.17582653061,2291.34057040816,2170.39412040816,2177.49832040816,2105.49576938775,2016.30819591837,2203.14685265306,2088.32830673469,2038.58070938776,2084.48102102041,2116.53339285714,2216.26073877551,2209.8659377551,2215.3893877551,1998.90091857143,2073.57207693878,1973.13332693878,2105.30486873061,1997.77200059184,2027.86860959184,2012.08140918367,1926.43559693878,1990.49947469388,2157.67073693878,2146.1185922449,2088.18584632653,2118.79304591837,2111.09255857143,2037.19691734694,2012.64935163265,1991.13703734694,1937.66863,1862.36660734694,1974.89781795918,2107.93208469388,2129.10231969388,2169.06408265306,2260.59041326531,2309.86593265306,2143.78212367347,2116.01157489796,2015.38097489796,2000.20601489796,1949.68034142857,1940.19949142857,2031.24802846939,2137.19286102041,2025.97224591837,2149.86213591837,1892.05028930612,2040.70449440816,2086.34581193878,2115.85744357143,2083.89558846939,1971.80322428571,2090.6608027551,2046.64550561224,2091.30456408163,2026.74804234694,1944.19378285714,2041.37124285714,2100.47544806122,2166.35028571429,2016.20845102041,1942.47506622449,2077.36916579592,2069.60965079592,2249.32200846939,2220.56655846939,2121.78637153061,2232.24334795918,2212.65607091837,2195.76344591837,2137.31487959184,2183.24364897959,2151.60526397959,2058.93800071429,1894.78923595918,1997.09651095918,2041.43436693878,2025.38708234694,1954.59354765306,1949.4558444898,2001.51970295918,2072.88718183673,2085.6535694898,2089.9626794898,2089.65080836735,2175.54293326531,2040.19263530612,2067.94112,2005.40156714286,1954.47806714286,1993.61786714286,2029.92157263265,2126.24650287755,2006.59077204082,2048.08450061224,2066.21278283673,2082.42628283674,1926.72718283673,1967.39916346939,2034.00004887755,2143.27468673469,1891.60415020408,1994.24725989796,2070.33357588776,2016.30529629592,2099.66695303061,2060.30614122449,1930.53061183673,2036.47815081633,1971.85085469388,1903.17816102041,2065.78919897959,1940.51275897959,1877.74845897959,1994.94858244898,2075.64925489796,2054.04827816327,1924.04034122449,1965.21379244898,1956.96117326531,2117.06807326531,2079.2253377551,2069.04027857143,2148.24081795918,2091.92178938775,2025.25887081633,2069.83987755102,2075.40152755102,1961.26752469388,1972.83084734694,2023.88954734694,2026.46056673469,2037.08473061225,2071.2894755102,2113.86322489796,2094.08228102041,2184.85721897959,2223.99244704082,2122.51718581633,2090.38650408163,2089.89120408163,2176.22950755102,2046.63565816327,2179.20101326531,2196.36006530612,1926.53617244898,1943.23139897959,1958.17401285714,1980.81675153061,1858.49132676531,1829.57461326531,1893.12681020408,2013.21553489796,2076.97593489796,1926.13573489796,1977.03503489796,2145.92893877551,2096.40355377551,2087.90179928571,2223.24011306122,2306.60149285714,2028.97089285714,2247.25563979592,2352.92252295918,2291.78457857143,2284.01153979592,2213.61509897959,2449.63945306122,2310.70465306122,2279.96609357143,2416.41990510204,2398.03000510204,2297.91845612245,2212.63323112245,2322.6918955102,2333.02979081633,2234.14342040816,2137.65754183673,2095.7394377551,2034.8228877551,2056.7745805102,1968.99915163265,1897.69690642857,1818.12017142857,1909.53081857143,1911.68611767347,1907.03162122449,1972.45644914286,1963.48737306122,1808.71788702041,1934.60585489796,2103.19300489796,2080.42998755102,2065.88628755102,2323.09215408163,2265.98985612245,2226.27012142857,2295.44812346939,2171.73035714286,2089.62680714286,2226.61244030612,2210.10516530612,2201.26411938776,2237.97201938776,2294.15416938775,2219.33986938775,2150.91490357143,2196.98966938776,2142.14589268367,1973.34117653061,2034.46793040816,2039.50944908163,2070.08493510204,1907.4430205102,2094.49333336735,2017.50611193878,2048.72743989796,2203.56571122449,2149.58119285714,2078.18927857143,2012.725,2077.23277081633,1954.60521836735,1987.22126653061,1977.1778872449,2093.92083387755,2027.71757755102,2029.19169367347,2029.42394367347,1821.72795244898,1989.88287489796,2009.83682265306,1954.28588755102,1942.13155510204,2092.7312077551,1902.8864344898,1861.3213144898,2118.7448644898,2095.00714489796,2087.04522755102,2055.04822755102,2000.0389877551,2137.28723734694,1961.08123265306,2091.17387765306,2060.77168265306,2131.2786372449,1989.8638422449,1975.46868326531,2018.89512897959,1997.27302204082,1896.034745,2008.49288030612,1964.78986408163,1914.48719069388,1929.04439069388,2012.36436918367,1985.24985571429,1956.59038061224,1982.01674346939,2003.64494346939,2172.38868612245,1874.36086561224,1897.51071561225,2062.09787765306,2021.75387765306,1953.27072316326,1911.99999489796,1897.63729530612,2010.29443897959,2096.05335183673,2222.82868071429,2027.53952938775,2175.67680857143,2102.39184367347,2032.97509408163,2073.79783112245,2207.43109632653,2073.02601857143,2119.09738408163,2114.83648102041,2105.80793326531,2028.3154677551,2081.9002677551,2107.52514959184,2158.20329183673,2033.22551183673,2094.84385693878,1931.80166244898,2088.80066122449,1992.96462897959,2072.39637897959,2257.24637857143,2052.56932112245,2055.56239173469,1981.31827520408,2133.74282655102,2102.31098357143,1959.07211387755,1914.47462683673,2096.24968306122,2032.5058844898,2018.18444918367,1967.70916265306,2091.3884577551,1806.1891522449,1937.84640510204,1933.36961663265,1931.25613708163,1883.58952408163,1897.45742877551,1922.43031122449,1967.50698510204,2040.20895877551,2024.29149510204,2024.4546755102,2026.31862816326,1927.86025795918,1999.40768061224,1882.36455204082,1966.73898469388,2067.40363020408,2095.30947959184,2034.03435326531,1897.09045676531,2043.23447346939,2078.82483244898,2091.23776530612,1978.68295183673,1816.85275122449,2031.83675081633,1985.44397346939,2170.99078653061,1912.14219306122,1915.01798326531,2036.62924163265,2073.39343285714,2227.59882122449,2084.4170944898,2109.33507804082,2065.80489571429,2224.23615010204,2276.98502061225,2236.62211877551,2264.70998877551,2250.13493877551,2139.94572295918,2187.99646795918,2281.48699061224,2135.38615622449,2148.14672979592,2245.98869336735,2148.4972,2160.59775204082,2103.2545744898,2076.92211122449,2027.71582653061,2085.6363,1934.54595,1907.08667938775,1927.27403938776,1793.2098505102,1924.22511244898,1892.63018020408,1945.22361795918,2013.33333571429,1903.48173571429,1905.81744571429,2112.0296322449,2070.89073571429,2093.76021265306,1993.99246857143,1959.98666836735,2077.69881755102,2108.44262653061,1985.32957846939,1986.90802846939,1928.50083346939,1947.45058510204,1878.86402918367,1984.42293836735,2012.0660655102,2020.69663938776,1983.12362265306,1933.43599128571,1998.57150265306,2012.7236477551,2041.58112571429,2118.29772857143,1999.07224540816,2003.78516612245,2165.92654693878,2125.14389653061,2100.99400612245,2099.12734122449,2134.02719142857,2163.94674795918,2202.61551336735,2129.76486336735,2172.19316336735,2146.86634836735,2165.15498816326,2256.60780857143,2064.49532357143,2120.19400653061,2053.77300153061,1961.50396867347,2086.86487295918,2022.08067602041,2011.12064704082,1903.29770673469,2005.08257183674,2032.90690418367,1983.40946020408,1921.33502632653,2032.82612877551,2011.3089322449,2000.13780530612,1934.94710428571,2166.85245714286,2177.40982040816,2155.78926734694,2007.32406122449,2138.01924795918,2194.51670816327,2334.00360816326,2378.1020672449,2292.2821622449,2214.74114387755,2260.23320255102,2258.97837091837,2188.92636581633,2273.54323979592,2047.88551428571,1925.29398002041,2093.94789387755,2139.22843704082,1952.01366204082,1863.65376938776,2058.24759795918,2040.56564571429,1973.77963255102,2004.51044836735,1902.76769244898,1940.52880693878,1942.19710387755,1938.05147785714,1953.71079806122,1918.79967479592,1846.39069918367,1969.98157887755,2063.34803387755,1968.84171867347,2072.67164632653,2045.30975540816,2055.81630683673,1965.91794959184,1948.12084510204,2033.62668769694,1912.90947177551,2038.01058632653,2082.33099387755,1993.3081877551,2128.74102469388,1955.5442377551,1951.5724377551,1920.5334877551,1913.4107377551,1998.1155122449,2024.60707693877,2099.06039387755,2001.84176755102,1971.37332755102,1895.70175673469,1888.15263163265,1820.73368571429,1936.56671877551,2047.83731877551,2047.38536877551,2063.63639081633,2025.94926581633,2064.64243163265,2099.23364653061,1989.78942765306,1949.89244612245,1970.89254612245,1949.10830112245,1974.41886602041,2131.28168367347,2086.64117040816,1936.41603979592,1900.51399520408,1937.60767642857,2122.58537142857,2165.99081020408,2212.40789285714,2189.43194081633,1948.2197755102,2040.69339897959,2176.9252755102,2031.91444081633,2114.90657244898,2117.6589255102,1930.85860653061,2013.46295612245,1978.71627653061,2009.44690102041,2138.57395102041,2019.80004183673,1994.93002438776,2132.95607846939,2051.05123469388,1962.34963969388,2033.6514855102,2003.90686346939,2070.85566632653,2012.54109908163,2240.4465255102,2371.1012755102,2060.18458367347,2007.14220510204,1956.0729144898,2048.0808694898,1992.78398612245,1927.65913612245,1912.43120785714,2085.48713306122,2160.41922265306,2198.50723163265,2008.81829234694,2066.20953795918,2117.93067295918,2074.86628183673,2100.0833,2024.85971632653,2140.23024132653,2228.27384183673,2214.02670653061,2031.67302653061,2017.31177632653,2045.39163693878,2051.85591040816,2190.5513622449,2075.8398244898,2144.06988367347,2155.20534897959,2148.17081693878,2059.79647163265,2065.74427163265,2144.18613571429,2228.2443855102,2253.65091887755,2141.5707627551,2252.8834127551,2237.05271857143,2257.64420571429,2071.36945061224,2190.19651428571,2173.16170816326,2115.84603469388,2067.54054183673,2221.6636255102,2148.74706408163,2107.64348163265,2174.00953183673,2025.77350642857,2082.37204306122,2014.43516897959,2116.78230102041,1989.63156744898,2096.44160244898,1958.58125244898,1964.14671285714,2032.93144285714,1941.06292285714,2026.26473346939,2181.39478,2181.7265222449,2012.02500816327,1931.8335755102,1883.95667020408,1869.46958408163,1831.0964977551,1788.4401444898,1843.83401265306,1888.51826085714,1912.30393081633,1900.1938044898,1939.1480177551,1898.56541061224,1963.61530755102,1998.72233153061,1974.11296846939,2059.03242346939,2081.13171836735,1824.33764918367,1946.04279918367,2350.18826326531,2119.27103571429,2060.36283765306,2111.82113428571,2057.54287244898,1925.74480632653,1978.7333177551,1980.23522653061,1927.76989428571,1863.22351734694,2009.79594387755,1926.63984428571,1973.23169428571,1791.84571387755,1895.05387877551,1954.95504081633,1961.30552591837,1981.4001644898,2084.44277346939,2009.57769632653,1993.31458653061,2004.01474377551,2153.0035444898,2120.48599591837,1996.75455306122,1942.85070714286,1977.60308714286,2083.0604144898,1905.7757144898,2054.50356020408,2057.51191122449,1920.07587040816,1993.59792693878,1842.53574204082,1976.79393918367,1942.9169755102,1893.50242010204,1821.0815755102,1946.42871785714,1860.88141734694,1941.16976530612,1924.29712979592,1923.84967979592,1913.73318755102,2165.15309530612,1934.4387455102,2009.98110540816,2034.89840193878,2128.08717938775,2074.11145244898,2039.12200244898,2067.91575510204,2098.49791857143,2115.48699234694,1988.16061734694,2088.17066530612,2177.21255236735,2206.37194930612,2277.14165714286,2249.25905714286,2294.28361734694,2627.69055510204,2453.92890510204,2504.37921632653,2375.12120204082,2390.49432244898,2389.77093367347,2369.73333979592,2203.57293214286,2265.18175102041,2389.84595816327,2394.96935510204,2400.63176428571,2339.18926632653,2399.58805204082,2351.60063367347,2323.50061326531,2270.8464622449,2222.85246836735,2242.47346938775,2314.23742142857,2276.24351734694,2187.97132632653,2196.48357530612,2278.29620612245,2156.58074795918,2101.52605510204,1930.80960102041,2002.16394102041,1989.05633795918,2026.73021591837,1954.79962918367,2061.07117,2059.698235,1808.65509510204,1860.62966714286,1968.89831714286,2014.16229387755,2134.62429387755,2108.29818571429,2219.19717142857,2011.4340877551,2071.98109183674,2144.22308469388,2040.96006969388,2060.18110183673,2086.8274722449,2022.80451020408,2044.55022142857,2139.65014765306,1969.42238346939,1958.31770346939,2040.54980346939,2058.52816489796,2079.96518806123,2136.68393806122,2010.45073030612,2007.18773255102,1870.18588489796,1987.08525204082,1871.88051081633,1979.17121714286,2260.09384214286,2004.42746408163,2095.42311938775,2190.03714285714,2217.86314244898,2069.4039122449,2101.08394897959,2188.76043061224,2224.5150622449,2221.05775663265,1961.63379591837,1907.16840591837,2075.33434326531,2052.44292204082,2148.64144183673,2406.67369183673,2200.50024081633,1920.96039081633,1801.9100977551,2009.87892265306,1880.21464183673,1889.78031020408,1867.29976930612,1820.74226181633,1895.91878285714,1858.78907469388,1838.01414693878,1988.00085387755,2154.72411785714,2205.15324020408,2129.68108061224,2099.86845571429,2015.88701959184,2131.91023918367,1967.24835387755,2149.26671040816,2232.6049655102,2027.36449,2271.30822785714,2239.80333632653,2063.20508632653,1976.92261806122,1987.63951806122,2065.63823112245,2220.81425510204,2077.35185510204,1989.24785969388,2024.74190106122,2092.69339897959,2028.70425306122,2044.56274897959,2185.83949897959,2192.39044897959,2088.09200816327,2083.83219795918,2055.00290816326,2027.37766530612,2147.18981142857,2030.72082244898,2054.22246102041,1986.12666102041,1995.58956102041,1918.9549905102,1932.53704081633,1911.52298734694,1915.30499122449,1964.41622663265,2077.80465,2049.78185081633,2124.29396081633,2365.37939469388,2059.39639877551,2073.00239938775,2004.07821091837,2086.2336,2105.4937555102,1926.46537408163,1830.00493285714,1926.51275020408,1959.62817183673,1934.88852183673,2055.80139,1997.81262673469,2126.31355683673,2084.19956734694,2002.76396734694,2070.45596734694,1937.22781326531,2097.27721836735,2282.11124081633,2154.44523367347,2171.97560530612,2147.59646530612,2155.40651938776,2061.9886622449,2094.03048673469,1994.29902795918,2042.29452857143,2048.91892857143,2086.40547367347,2065.51036255102,2078.99318020408,2117.8483377551,1996.4992977551,1956.68421336735,1880.35463571429,2057.88569591837,1867.06767387755,1951.33598887755,1963.79273102041,1967.74186,2094.7490855102,2056.93186122449,2071.01791122449,2078.29789693878,2189.42890693878,2251.73254693878,2311.91521734694,2188.1031044898,2064.97140571429,2001.48785979592,1985.88425040816,2036.74928346939,2057.51047183673,1898.33879979592,1974.25177326531,2247.61713367347,2187.47460704082,2170.92232438775,2191.24066520408,2447.4458744898,2360.3036744898,2117.85328367347,2274.50542122449,2226.08467122449,2145.77372346939,2163.46325102041,2089.36604591837,2186.14776122449,2082.00901530612,2105.94179969388,2103.21087306122,2049.68896530612,2076.45574591837,2043.80869897959,2123.26649387755,2069.31077142857,2248.83592285714,2119.21151938776,2107.65783061224,2031.69383326531,2021.43816918367,2022.93365571429,2100.31251734694,2087.69061734694,2122.37916734694,2162.18256734694,1991.43036734694,2057.97927959184,2124.61127959184,2229.4772855102,2163.36638163265,2161.80222234694,2132.10565357143,2062.92705867347,2041.55291367347,1885.40670061225,2005.79410734694,1949.51548663265,2021.39036765306,2030.63239081633,2068.02844693878,2078.65941153061,2141.27353561224,2012.08258469388,1872.95013428571,1896.82157081633,1997.28972612245,1962.35085918367,1980.55020918367,2014.36330285714,2028.19732346939,2003.47158918367,1981.31593163265,2080.11731204082,2108.32070520408,2090.24768071429,2007.03237204082,2109.12714479592,2092.57899479592,2049.74884345918,2075.71004570408,2065.81535438776,1991.32590642857,1998.89010765306,2033.7863072449,2003.13481255102,2032.28347102041,2012.82251255102,1997.12991234694,1824.90972020408,1911.61153673469,1865.21796914286,1939.15709414286,2177.29716914286,2104.63845816327,2140.88413367347,2009.73728346939,2009.02687,2051.27879714286,2228.32663979592,2061.43561428571,1969.9031022449,1958.41110632653,2026.75325438776,2049.92062581633,2104.28625816327,1909.01737489796,1867.16573897959,1997.02832469388,1980.92586387755,1834.13910938775,1961.41459979592,1980.60520091837,2004.97215540816,2131.45890571429,2108.26587510204,1986.56401183673,2060.94508061224,1947.98952836735,1973.11326459184,1976.21959071429,2094.6152277551,1835.57373397959,1919.37071938776,2083.20671020408,1989.75997040816,2145.51916377551,2077.71434285714,2191.30367653061,1997.72504193878,2033.2438,2083.49844387755,2108.42114183673,2122.17433673469,2095.84907346939,2048.36677306122,2013.26679510204,2015.07459673469,2080.90403040816,2120.43782285714,1946.4067777551,1768.39882122449,1938.79315163265,1863.13673908163,1958.21215193878,2044.26634714286,2194.1781,2070.73825102041,1974.63263510204,1870.2497944898,1944.73692428571,2086.04793061224,1946.77887306122,1856.61158938776,1948.24635857143,2001.27531597959,2030.50792204082,1994.15260755102,2034.54779795918,2126.96579183673,2158.08751326531,2190.52471326531,2113.59155918367,2128.51675846939,2011.81150846939,2097.09760102041,2058.29809102041,2003.55139193878,2019.86404693878,2086.71301336735,2072.64935836735,1920.37618612245,1892.81873112245,1960.99168112245,1922.73101612245,1797.34955612245,1965.60274938776,2043.47420134694,2154.30164134694,2110.19060134694,2087.83203838775,2179.28458838775,2112.58689838775,2206.64520918367,2040.93169591837,2086.2389755102,2050.2561255102,2084.58981714286,2078.32209489796,2195.99862728571,2177.61671081633,2110.26436081633,1970.39315979592,2085.67219755102,2114.35453387755,2174.56515,1855.40353285714,2409.70771530612,2261.48087959184,2282.99597959184,2297.70827959184,2374.65707959184,2233.03502959184,2075.01867755102,2179.67267346939,2113.23630846939,2093.67289918367,2098.94850418367,2168.94074540816,2016.87579489796,2003.14405346939,2077.93535357143,2124.73133755102,2046.66944428571,2096.12203755102,2062.19063755102,2182.61897755102,2152.18153469388,2115.88398469388,2079.79126326531,1960.21103785714,2078.34610346939,2010.34136142857,2001.18995632653,2098.70254714286,2196.60375734694,1991.28276295918,1885.59241918367,1936.04581918367,1849.05391918367,2056.42745112245,2040.92226765306,2102.06964183673,1989.92171755102,2025.00917765306,1927.50983446939,1935.49254673469,1900.35401985714,1884.60131985714,1938.75510102041,2038.20561020408,2036.03992918367,1931.05622469388,1958.87479122449,1934.65895897959,1953.00285142857,1886.7003755102,1908.7085255102,1902.38588265306,1711.46945553061,1887.99418904082,2040.4065297551,2128.41537306122,2116.38827979592,1971.32378979592,1930.28392979592,2058.00044065306,2021.05547040816,2203.48752071429,2226.7980377551,2351.70335918367,2267.2687577551,2056.3620377551,2041.38004895918,2013.10257102041,2063.37760755102,2008.22440755102,2077.32662612245,2183.51496346939,2176.11700571429,2225.86260571429,2131.87475571429,2032.79982346939,1911.88350673469,2089.19839653061,1968.30478122449,2087.89763122449,1860.89483122449,1926.39018122449,1853.66502204082,1857.35458734694,1910.08134846939,2088.42170102041,2097.15165612245,2064.74381428571,1907.86618469388,2045.74614693878,2034.83551122449,2085.30128102041,2024.30093102041,2034.96366285714,1958.49349183673,2013.41497387755,1868.54047755102,1886.02549255102,2067.14489459184,2140.61718438776,2094.64212806122,2113.92632704082,2130.09080438775,2133.83578244898,2047.85375591837,2115.24343061224,1991.79121122449,2027.26220387755,2010.37971367347,2183.09257408163,2034.43409571429,2075.87286979592,2008.06788530612,1989.65424316327,1938.42331816327,1989.37709479592,2012.6954527551,2176.62459816327,2097.19156653061,2028.99918653061,2079.35946806122,2303.60263112245,2156.92431867347,2196.35241255102,2234.56539591837,2061.89544591837,2140.66120520408,2085.12140010204,1996.549975,2144.86795255102,2101.89335755102,2089.80199867347,2138.55345510204,1957.13618061224,1922.62160612245,1901.58640530612,1955.90581183673,2064.91526183673,2111.38126183673,1956.4983972449,1963.96899255102,2059.91686755102,1931.52460918367,2024.22919102041,1915.54014326531,1971.63918153061,1868.94015877551,2016.68882367347,1998.54135040816,2094.7638244898,2064.2814222449,2180.57973877551,2123.1800227551,2016.74043530612,1978.94209244898,1920.96409591837,2090.37297346939,1995.03106836735,2106.7160927551,2067.72428673469,2024.61437836735,2238.0473255102,2052.8738205102,1936.8602955102,1895.6454705102,1945.17225438776,1875.53400755102,1770.32119755102,1920.86810218367,1843.20326218367,2094.72314469388,1974.93570183673,2089.90738469388,2468.66493265306,2180.19531734694,2178.30761428571,2317.49644693878,2357.74723377551,2127.44306704082,2083.8042644898,2042.5245644898,1971.5311144898,2064.23934673469,2054.93474581633,2036.64293591837,2170.02676326531,2295.67670346939,2126.82840346939,2325.12374693878,2117.94860540816,2281.82706020408,2285.33806489796,2209.55749387755,2121.92874387755,2300.99876918367,2133.55094,2199.20819,2002.96978408163,2018.35408714286,1944.6329422449,2100.76936979592,2183.06201979592,2210.97601469388,2121.03429734694,2144.597605,2029.24758163265,2070.13476826531,2037.52975622449,2256.12874938776,2334.0804505102,2138.68911540816,2199.02138428571,2276.83200632653,2171.26438877551,2277.62426020408,2142.65890612245,2075.79823183673,2123.43303183673,2059.6304755102,2133.07149387755,2161.10184836735,2065.80050428571,2146.46465918367,2281.12830918367,2213.91058704082,2154.01837285714,2096.93259795918,1972.98728510204,2004.21207061224,2160.54876612245,2072.60241612245,2043.21366612245,1975.86489112245,1974.63429612245,1912.28760112245,2079.96091112245,2015.68583612245,1966.2909144898,1998.8374444898,1967.2476844898,2003.6797944898,1916.66604622449,2088.69558897959,2007.78825897959,1939.42335897959,2020.84325489796,2150.64620489796,2056.01460489796,2199.69858265306,1863.79598734694,2011.90183142857,1967.38341734694,1961.92805816327,2021.15115428571,1951.72123346939,1976.17495,2194.53607061224,2285.10425265306,2452.55488571429,2429.59509316326,2078.34226602041,2160.65286836735,1930.58651836735,1694.95901836735,1912.60211836735,1854.93013795918,1982.27108346939,2178.73478265306,1837.50159428571,2081.24569489796,2156.80248367347,2177.5720427551,2097.00507193878,2193.7866255102,2160.98796836735,2227.53456836735,2203.24236836735,2199.59666836735,2269.33296020408,2326.13519897959,2461.39764897959,2549.43529387755,2369.38993479592,2209.79298367347,2267.09643367347,2254.82114489796,2235.68892265306,2221.20861173469,2275.94009897959,2162.01795816327,2365.06127816326,2536.29040102041,2371.43830714286,2150.55904040816,2130.20870357143,2151.82623612245,2191.24666693878,2202.10207510204,2119.73695816327,2237.13801346939,2225.30298734694,2326.10163734694,2424.0066255102,2426.85992142857,2384.00942142857,2369.39961632653,2386.95846836735,2474.44180714286,2399.92972755102,2484.56707653061,2332.24771653061,2377.14801173469,2315.61303816327,2395.78827795918,2385.74607857143,2349.0296944898,2151.08497469388,2126.1750177551,2043.5526177551,1929.4334677551,1995.2272327551,2065.55003408163,2215.42371428571,2266.34429020408,2218.76912816327,2081.52998510204,2086.99367387755,2030.56390408163,1939.62363979592,2187.08324081633,2113.84888673469,2188.09805102041,2102.01882846939,2095.81371969388,2202.20798469388,2087.3732122449,2146.51605714286,2028.51335918367,2018.1059355102,1988.0351844898,2014.2513444898,1689.21279295918,1850.34227714286,1891.70882285714,1901.20219061224,2021.62594795918,2004.27528938776,1947.27453938775,1829.48082693878,2067.70377020408,2024.89438857143,2044.02392714286,2034.05946020408,1962.80519836735,1947.52862836735,2002.52624040816,1979.46464040816,2043.24919336735,2032.87384336735,2021.01379520408,2283.87050918367,1987.96788285714,2137.35189530612,2158.90821836735,2162.51312336735,2069.65852846939,2111.39246928571,2183.15235204082,1824.33029387755,1971.5453172449,2058.6397277551,1958.39959510204,1995.36415602041,2015.83833673469,2042.20675214286,2051.23665714286,2016.76280714286,2147.63335714286,1858.42662957143,1943.19416857143,1966.90154959184,2007.02703755102,2024.46344510204,2011.22434204082,1871.08810938775,1905.45944122449,1950.23189489796,1988.64324673469,1892.28442306122,1863.29802571429,2046.15408469388,1998.2081277551,1947.6696227551,2079.02023428571,2045.09281295918,2120.92094142857,2298.65926530612,1884.16486122449,1942.89036244898,1974.94114387755,2076.60444887755,2052.36692653061,2050.78971122449,2214.55311622449,2182.94912040816,2084.52079285714,2271.15959693878,2156.83405938776,2172.44349489796,2083.64073704082,2125.16292959184,2061.05084795918,1917.56485428571,1859.78230428571,1984.59552346939,1947.83179612245,2161.46064795918,2458.86318163265,2537.09553367347,2467.63211326531,2610.34385408163,2477.44422244898,2475.91560744898,2298.71609112245,2044.23937153061,1964.21455863265,2140.6933822449,2214.98126530612,2014.45614602041,2035.41663316327,1887.99002183673,1946.96773367347,2021.29542346939,2058.10881040816,2047.23394785714,2116.8498727551,2129.7783727551,2012.0316227551,1940.36829285714,1932.42769285714,1979.83899285714,2024.47207285714,1998.70023836735,1876.84001612245,1870.26522530612,2060.15122326531,1898.57613346939,1836.75720469388,1994.76429326531,1865.74286469388,1853.56857408163,1841.91079265306,1868.46860153061,2123.486405,1920.55571806122,1937.11257112245,1819.62158163265,1842.96974938776,1877.92375938775,1898.18265020408,1860.0092935102,1930.2264935102,1843.3703370102,1890.51159282653,1947.86428782653,1869.16539190816,1912.53751313265,1993.90905091837,2009.07066683673,1952.69165234694,2076.48022734694,2033.34787632653,2090.34513469388,2004.15579428571,2102.18422928571,2181.2818255102,2098.3301244898,2092.18183897959,2021.09784081633,1953.81706142857,2031.10586142857,2107.15513673469,2009.41422836735,2015.71091510204,2023.33093244898,2168.67346571429,2051.27308918367,1895.92031040816,1972.54016877551,1917.45051928571,2002.33451959184,2043.48134530612,1879.79674122449,2010.76416612245,1934.63026985714,1873.50581985714,1857.06191985714,2016.14934877551,1913.44470938775,1942.13127408163,1962.73317408163,1747.31029693878,1961.80020306122,1841.46984081633,1847.97416469388,1881.28543081633,1899.93748406122,1940.13539612245,1971.00143959184,1838.98058959184,2013.64822020408,2074.68982020408,1961.19865326531,1963.93874826531,1968.715355,2026.31891918367,1957.37531918367,2037.67845428571,2181.16059489796,2017.09454142857,2066.56657102041,2017.54157602041,1934.74930438776,1852.77879938775,1862.29988530612,2185.69461571429,2260.4211744898,2169.66121836735,2322.18558704082,2245.91745306122,2259.84957346939,2395.29442346939,2320.27594153061,2202.42332653061,2202.38982653061,2369.73852653061,2345.08444489796,2067.33859897959,2011.27189795918,2030.48524795918,1933.00939183673,2136.57142755102,2227.65199693878,2081.83136734694,2122.54830877551,2146.07086428571,2048.6167,2128.98000510204,1925.55931122449,1905.89251979592,1897.76726653061,1998.96851653061,2076.51453571429,1989.08927683673,2005.86496459184,2047.00603826531,1910.28680469388,2066.95292579592,1764.03392579592,1894.68137653061,1904.91954938776,2056.69180795918,1955.12223816327,2026.52996816327,2164.55875653061,2103.29568397959,2094.91545510204,2143.08885510204,2149.67195510204,2043.13384897959,2087.29006897959,2087.49829897959,1930.3486255102,1986.33227326531,1942.47321612245,1920.15435673469,2046.11094979592,1943.21279265306,1940.7413544898,1904.10403632653,2064.0204555102,2172.29315306122,2180.65682142857,2152.36557244898,2300.00381326531,2374.69861836735,1977.09311877551,1983.19368214286,2046.12353571429,2085.18486428571,1993.61904673469,2085.34920979592,2015.7133222449,2097.70213571429,2031.11865571429,2116.56284897959,2174.88226632653,2295.3307077551,2146.8319255102,2101.06232816327,2139.99233877551,2166.94427510204,2170.36087285714,2133.54943744898,2145.73978163265,2119.17121346939,2179.9647655102,2062.70026040816,1997.75380836735,2085.41150816326,1978.63766571429,1814.23460938775,1934.3234877551,1986.5126877551,2141.85315306122,2059.36870306122,2122.928785,2143.07175142857,2100.58922469388,2227.15296020408,2273.69617377551,2136.64864585714,2291.71848061225,2176.97029928571,2168.64962857143,2100.0490905102,2121.22253122449,2017.34269451429,1939.93998132653,1931.45425112245,1980.60312653061,1928.31055044898,2008.30750044898,1914.09850044898,1958.55640044898,1872.43865,1868.23493734694,1860.89905234694,1878.97763734694,1912.28671081633,1957.00877510204,1952.35800816327,2057.57926734694,2018.20607959184,1907.82115061224,2011.34950061224,2115.74384183673,2198.72018673469,2079.88086591837,2063.88537142857,2032.00824785714,2032.57948612245,1997.85718612245,2080.21652081633,1878.60974990816,1950.87616877551,1990.30075938775,1799.06672367347,2016.58857836735,2153.85152765306,2129.33579469388,2044.68757795918,2069.65471122449,1964.11756591837,2018.96152469388,2042.89864857143,1900.56289816327,2019.80844816327,2044.29886244898,2070.9665977551,2129.34809755102,1972.21306612245,1887.87664612245,1928.05649612245,1811.82976142857,1794.37158555102,1849.57247979592,1963.3921822449,1857.44595530612,1832.01043622449,2110.38531061224,2071.31007163265,2084.84172561224,1992.65595836735,2046.27430571429,2093.31989408163,2145.08578520408,2333.86668663265,2107.36449693878,2187.28441979592,2072.62338479592,2006.09873979592,1976.84219285714,1930.16199285714,2003.32371122449,1963.49007122449,2019.1353877551,2010.84252020408,2092.83963020408,2000.85119622449,2318.65786667347,2101.19460938776,2089.3487594898,2116.70364418367,2089.59606387755,2082.09922489796,2123.71709285714,2053.30374285714,2090.0478377551,2052.21847816326,2174.05438265306,1953.64757204082,1896.81253959184,2003.62306959184,1940.99991459184,1913.93387295918,1983.79354326531,1993.59184142857,1903.97939489796,1925.25594438775,1803.80680163265,1868.01550163265,1967.20625938775,1977.57250734694,1936.59187183673,1846.61857183673,1898.12054420408,1920.29703920408,2008.82522883265,1948.89319306122,2076.30441938776,1920.67788387755,2016.82542122449,2017.69603836735,1970.32555714286,1902.58106081633,1960.15831122449,1811.88227959184,1882.68603816327,1947.91586632653,1946.43208408163,1864.01111387755,2018.70046520408,2081.58355673469,2063.81699602041,1983.51479285714,1999.85027020408,1978.10679244898,2047.18394959184,2005.68510591837,1912.25745820408,1937.66605820408,2051.96739081633,2048.39629787755,2025.67384918367,1873.40984346939,2081.89287938776,2040.70884306122,2073.8865155102,2007.16962530612,2083.89484142857,2098.9906905102,1961.5238244898,1943.47166183673,1879.54932612245,2107.13957469388,2044.03401683673,2068.49650102041,2027.19613387755,2086.0369655102,2090.9123255102,2261.00481632653,2155.15406040816,2217.0741322449,2188.5890122449,2200.76253163265,2209.81118163265,2197.90707142857,2179.82929897959,2143.17019897959,2062.89482755102,2160.68614591837,2205.70243591837,2272.44578591837,2319.74708591837,2268.38958591837,2281.78229795918,2194.34909489796,2218.84915510204,2250.56179918367,2246.6267377551,2367.7228244898,1928.06878367347,2017.63248367347,1961.8529877551,1945.38640081633,2036.95444265306,2108.85689265306,1865.23814265306,1964.39631061225,2038.97437102041,2070.47167102041,1997.21476677551,1992.8066044898,2141.96243632653,2050.43322918367,2084.33090387755,2165.71220387755,2116.09323979592,2321.73550102041,2209.18459285714,2264.67866846939,2179.14076632653,2158.17802755102,1908.40050163265,1883.79283326531,1991.50172530612,2044.38470071429,1919.59811428571,1819.65707618367,2101.60659081633,2073.43504081633,1954.11081530612,1964.23496530612,1912.08595530612,1841.30187530612,1857.62562530612,1943.77737530612,1939.38762530612,1911.63927673469,2068.65935602041,2029.28473867347,2129.39667265306,2023.14386897959,2036.54294102041,2038.45609820408,2132.75891959184,2205.83370938776,2117.03905122449,2113.68246306122,2100.63142530612,2077.21123102041,2042.58389959184,2082.95669959184,1985.68965204082,2019.97831,1969.426,1998.1105655102,2039.75966244898,1942.6396755102,2013.4699755102,1960.82268346939,1987.90950408163,1887.35638163265,1936.00013938776,2148.96755102041,2014.74327142857,2174.79742857143,2189.24972857143,2282.69856632653,2273.72826632653,2187.34121683673,2065.94084591837,2016.10038061224,2071.03479326531,1966.98327938776,1803.07117938776,1927.87235795918,1955.50563326531,1843.39488346939,2000.02935428571,1999.16838102041,2021.69618897959,2024.81343877551,2032.34358877551,1930.14834040816,1932.58656285714,2069.96296418367,2045.79039581633,2048.54230255102,2132.87281020408,1915.33590622449,2042.70399928571,2141.56362428571,1885.40910489796,1772.8678722449,1943.1475222449,1979.06616040816,2185.51369030612,2003.20860530612,1988.34612040816,1976.25448510204,1938.79638510204,2010.17446326531,2111.74809163265,1997.02627142857,2014.21272469388,2044.25216857143,2074.41566428571,2047.8242955102,1962.28319857143,2213.11726632653,2092.0784730102,2050.33736612245,1989.72364693878,2039.57309244898,2109.72840102041,1869.48305367347,2032.96644120408,2079.99171591837,2029.95516591837,1955.83256183673,2179.76657367347,2062.73683387755,2074.62360285714,2054.43692918367,1988.22503153061,2165.26927959184,2025.06474795918,2066.51632806122,2002.36008806122,2082.23473112245,1964.90351612245,1791.13931618367,2106.91941618367,1949.99337618367,1812.97317618367,1964.60839489796,1999.09829163265,1870.01339163265,1649.28192663265,1921.55027163265,1874.69372163265,2006.95684428571,2007.53805653061,2052.59403714286,1958.07979142857,2009.26499734694,2027.39701091837,2082.54936632653,2203.76811938776,2199.75618602041,2235.74073867347,2176.06981326531,2040.16752326531,2302.05942959184,2257.73764540816,2364.67506530612,2412.29286836735,2329.01186734694,2428.78646734694,2253.89658571429,2420.55580918367,2229.65861836735,2166.51990510204,2192.26080408163,2171.43833316327,2366.54768938776,2344.46250489796,2339.93758061224,2288.35512908163,2340.44786377551,2346.74141071429,2149.59356683673,2049.33546683673,2238.90486530612,2255.04121285714,2269.63795102041,2041.69250959184,2090.66237959184,2158.68382857143,2092.87053081633,2169.17577244898,2058.08840693878,2106.54650653061,2060.1111944898,1999.04181938776,2083.64827142857,1955.36087183674,1824.13432632653,1927.71295418367,2054.54580163265,2078.0854544898,1981.24821877551,2035.14992653061,1951.45785673469,2028.17909959184,1984.17738081633,2141.86535591837,1872.23146928571,1981.07805530612,2054.95239938776,2019.49595040816,1980.55624183673,2097.59043836735,1942.71848408163,2028.50405346939,1941.08037030612,1891.70355938776,1953.89776030612,2017.18778632653,1957.72693632653,2012.29497132653,2100.89366,2087.92712265306,1933.34025122449,2143.08696938775,2291.38154795918,2222.01025918367,2168.16765204082,2207.97385,2236.88475,2201.93283265306,2277.0506,2139.0874122449,2043.3574572449,2182.72329122449,2138.27160255102,2068.62687265306,2040.51803163265,2075.0783377551,2008.46683591837,2145.83111102041,2039.22524204082,1963.81497265306,1954.18162857143,1951.24819571429,1977.55442255102,2021.08913469388,2287.86616020408,2259.73988020408,2233.23875469388,2233.90988469388,2311.47793469388,2376.91099081633,2438.82217142857,2344.17345714286,2313.68360714286,2280.21141714286,2214.32146428571,2362.83371428571,2428.29329489796,2448.14667244898,2553.55332244898,2377.85540510204,2374.43246020408,2451.91076020408,2440.37029520408,2324.56601326531,2314.75236326531,2304.46260918367,2444.50273255102,2470.86148255102,2264.10567755102,2376.54462755102,2392.05894183673,2179.44045408163,2248.73642408163,2230.97367693878,2228.34065653061,2167.11733153061,2112.28072857143,2001.71379183673,1893.69601604082,1879.08742104082,1894.94248502041,1922.02517183673,2079.52670122449,1823.10814293878,1783.80800816327,1801.85531816327,1957.17762408163,2165.27841959184,2070.12887857143,1994.7394544898,2098.17564153061,2127.95646346939,2095.19466326531,2038.41969755102,2002.48920469388,2027.83161428571,2202.92932959184,2059.16287959184,2323.16393265306,2282.55298265306,2279.81878265306,2252.36838265306,2199.43518265306,2139.13984795918,2350.31163510204,2428.60578795918,2234.83004857143,1944.484612,1856.511507,1913.73895361224,1882.28918510204,1877.85412910204,2019.28197734694,1985.35008734694,1961.26986826531,1878.68764591837,1971.96048520408,2035.54367857143,2015.87269759184,1976.35842102041,1934.03998908163,1948.66998408163,2013.71508387755,2000.20855030612,1964.94361612245,1880.30755265306,1980.94539346939,1969.25826408163,2006.59406408163,1935.40819897959,2073.46294653061,1906.85059653061,1989.50229591837,1975.76028865306,1988.07925408163,2264.0628944898,2273.69240102041,2170.25379178571,2206.25507755102,2194.2475877551,2093.94926367347,2183.06174204082,2292.52715673469,2106.71102367347,2148.45284428571,2030.96059428571,1960.17865928571,1914.60120428571,1964.30809428571,1997.00376428571,1961.50959428571,2071.97449489796,1991.63326310204,1943.11219,2014.84937489796,2011.96942204082,1884.28171306122,1928.53213612245,1818.45038612245,1850.81988612245,1959.44468612245,1934.87613612245,1949.88931795918,1986.54128612245,1933.18893612245,1971.82250265306,1949.74461357143,1904.70309357143,2034.445789,1987.40482571429,2022.13409346939,1923.02095046939,1921.09825046939,1990.99889673469,1966.82822918367,1912.27993928571,1891.28695918367,1978.91829510204,2191.2225655102,2146.06595326531,2103.66400530612,2259.60562244898,2207.95719336735,2459.23530612245,2183.8917122449,2069.93918265306,2100.26742969388,2065.61494663265,2071.27395163265,2125.84636632653,2060.88337142857,2106.99095204082,1971.15335204082,2094.16956642857,2190.12032265306,2060.78325785714,2183.7158394898,2212.34119367347,1986.02849306122,1887.32603734694,1945.70248816327,2053.51673632653,1909.75982908163,2073.13660408163,1918.84648040816,2121.19823744898,1913.80447040816,1918.90348173469,2012.45454928571,2013.28263887755,1839.41361938776,2003.40592367347,2057.47376836735,2030.23731714286,2077.13497244898,2115.61332142857,2121.21145918367,2126.1517122449,2180.9307822449,2172.18894591837,2259.88907887755,2106.35882887755,1939.31973010204,1933.73647061224,1861.22894102041,1868.8831355102,1846.9793855102,2027.42318183673,1904.04611795918,1945.62507795918,2064.6263877551,1993.97708061224,2066.36855306122,1852.36158714286,1888.78605081633,1833.35335734694,1960.83487520408,2012.18208540816,1930.72979479592,1954.91469612245,1918.11938142857,2059.33502265306,1918.97408418367,1825.96815244898,1891.44160040816,2010.93922163265,2047.88901693878,2172.98007612245,2091.30212510204,2144.42341071429,2163.06855428571,2009.86087744898,2105.88619683673,2222.61302,2156.76389306122,2058.79835693878,2089.51065693877,2001.09770673469,2051.42276581633,2045.85512153061,2077.14662214286,2003.83218806122,2006.96832561225,1963.89527091837,2090.36632142857,2086.06367244898,2100.23242959184,1992.69808836735,2121.04675714286,1948.44156795918,1941.10132081633,1898.13346540816,1948.80573040816,2153.72364020408,2050.1832155102,2080.3332377551,2148.50948591837,1992.51249693878,2044.97664418367,2106.09072510204,2193.18962408163,2311.29375540816,2358.98660132653,2437.09167032653,2372.17941632653,2271.12861132653,2268.39828571429,2244.84144265306,2110.43156132653,2184.21004877551,2243.35492408163,2140.2007122449,2006.48813346939,2147.64025326531,2124.28557857143,2111.85833816327,2045.36955459184,2056.6174522449,2045.70204693878,1801.18626704082,2000.15340489796,2077.29622755102,1996.17787183673,2010.51552040816,1885.17150081633,2021.3929255102,2234.43671938776,2296.93547346939,2349.71442346939,2308.75671530612,2250.72274561225,2186.08728367347,2188.43535306122,2041.51778479592,2297.19036857143,1912.9383277551,1987.04754428571,2210.52878326531,2209.72648367347,2106.11179,2130.74234,1988.33370714286,2101.76547979592,2059.43415795918,2044.76590408163,1893.2007677551,2004.70833265306,2172.93382489796,2070.61335602041,2312.38089571429,2187.37799571429,2176.16702795918,2048.92847795918,2063.09445714286,2162.09655,2232.79554489796,2175.19876285714,2180.67492979592,2089.87409081633,2027.18177591837,2158.91237367347,2090.39976408163,2000.24401816327,2099.01764122449,2070.65915183673,2025.84360816327,1999.54156122449,2003.7580844898,1940.95079183673,2130.31717877551,2077.33482755102,2128.26859183673,2145.43429795918,2159.58494897959,2215.03929387755,2152.77046887755,2030.25555387755,2178.97837653061,2015.74388918367,1948.76528836735,2176.41309897959,2197.58937142857,2087.81773428571,2390.65709806122,2248.53970306122,2024.43065612245,2161.0228122449,2055.82209081633,2205.81549081633,2188.24808979592,2106.68110438776,2130.67357316327,2203.2368194898,2244.35124581633,2160.62552540816,2104.47777183673,1984.68981,2126.30167173469,2019.9813372449,2017.72666806122,1924.93742602041,2052.78167387755,2027.56408163265,2067.66433163265,2055.20192485714,2018.83319428571,2034.9314644898,2051.98268744898,2054.1028822449,1891.426285,2031.83141836735,1915.48741836735,1866.95991244898,1923.89548040816,1804.77948040816,2062.49530755102,2101.22126428571,2094.23461581633,1927.16189602041,1901.50584867347,2036.39782387755,2175.5222344898,2055.47290897959,2003.84605897959,2126.99409040816,2202.18806040816,2113.90361285714,2203.22324285714,2071.92884714286,1891.99393196939,2046.00997836735,2014.11628714286,2003.13232673469,2217.62624897959,2094.19301530612,2073.00112897959,2069.84771326531,1935.24004408163,1926.1233022449,2030.56585285714,1929.88826214286,2089.92801714286,1968.06586612245,1879.70381836735,1932.16790610204,2017.08403612245,2160.52507,2002.82212,2146.28537734694,2050.70331897959,2186.72959959184,2214.58302714286,2236.96633816326,2178.61223683673,2160.65114704082,2127.51124295918,2186.21228071429,2065.78250602041,2107.15000734694,2135.40423204082,2163.58514367347,2210.22242755102,2196.21467142857,2108.08665428571,2132.10494102041,2139.92159489796,2211.40673979592,2331.30809438775,2123.7983744898,2012.63327142857,2110.76603367347,2112.57012653061,2189.71466428571,2123.42491428571,2058.30057938776,2133.07596285714,1954.55708244898,1822.53908061224,1901.12833061224,2078.38383571429,1997.60385571429,2024.16168857143,2040.38152142857,2053.27124020408,2148.92543163265,2216.34414734694,2092.13457142857,2158.06469673469,2269.4589477551,2172.82001897959,2176.8712,2166.80009591837,2049.92683214286,2164.05271612245,2068.52493244898,1959.58883142857,1985.76608244898,1969.53401244898,2078.23907530612,2085.53390408163,2102.01261367347,1973.75803,2034.6332622449,1900.5510722449,1929.7578722449,1906.36052387755,1902.43067387755,1991.2189744898,1990.60256081633,1985.43272959184,2034.87242102041,2101.28970483673,2088.94239867347,1886.78200510204,2060.09764326531,1988.12300104082,1961.31860104082,2081.8050455102,2140.62437846939,2342.00239377551,2346.91448571429,2250.50408571429,2301.30818571429,2360.02647346939,2363.21047755102,2408.74205510204,2410.9509255102,2327.74670408163,2387.29075714286,2478.9706572449,2469.39453612245,2346.92487693878,2400.63345693878,2400.92675693878,2471.84496,2521.02965602041,2538.54196602041,2398.05246602041,2295.82992214286,2287.70815377551,2392.85717377551,2240.73954877551,2367.39407877551,2392.63853040816,2479.32300183673,2448.42499183673,2387.23245204082,2369.99525204082,2263.22938704082,2353.48318704082,2322.58432704082,2352.60885204082,2385.03661704082,2316.76690204082,2296.2275422449,2282.3731622449,2283.0535622449,2168.03027367347,2089.18111367347,2136.07975153061,2050.89265306122,1927.32757010204,2003.11377244898,1856.61262040816,2077.39385489796,2171.3227977551,2045.48419326531,1804.13798816327,2066.8104377551,2151.96556632653,2076.27406387755,1946.21201326531,2114.31585918367,2028.26716326531,2137.06041632653,2148.20888163265,2257.58548979592,2222.31733979592,2153.38677346939,2066.37883877551,2203.51029387755,2311.64952040816,2176.82326040816,2110.23672040816,2137.29920612245,2112.21942857143,2145.39778061224,1991.08627244898,2146.76182040816,2066.45792040816,2140.24977040816,2144.51321122449,2223.80071428571,2141.25267244898,2035.68037653061,1956.34720714286,2136.58935714286,2120.39471530612,2112.51284591837,2045.99305408163,2151.17106987755,2190.66651987755,2181.16234387755,2114.94445510204,1999.5441755102,2036.38790469388,1988.50054673469,2049.04177428571,1888.66556428571,1797.56868928571,1910.98558418367,1955.18101418367,1964.25208836735,1942.61311428571,2091.00163265306,2144.07812979592,2005.91298469388,1984.55237814286,2102.34422814286,1884.14106163265,1987.73343857143,1914.15678489796,1805.53002653061,1969.3605304898,1881.78551130612,1893.92489491837,2080.41464102041,2017.19924673469,2085.61557530612,2014.78922285714,2014.44342718367,2017.82863091837,1969.60686602041,1964.81653183673,2065.32272714286,1943.04421385714,1984.55290428571,1915.95515418367,1992.74361571429,2011.44469979592,1874.30242183673,2014.02217183673,2014.42042183673,1917.19068571429,1892.22078571429,2045.79870357143,1996.91111785714,2134.12153561225,2074.68607959184,2031.35278714286,2168.35149795918,2170.34573142857,2058.42346836735,2048.81678877551,2037.0949444898,2170.35654571429,2111.64580897959,1988.58173979592,2069.57588979592,2013.04898979592,1879.25606734694,1932.66062714286,1905.61548387755,2112.47253816327,1996.87320816327,2084.94095816327,2134.29564877551,2126.57797897959,2192.62581428571,2105.54901857143,2077.15215857143,2021.45952795918,2268.47839387755,2414.87546244898,2493.64586122449,2281.95301938776,2153.1830655102,1924.67835836735,1990.98905918367,2071.91305510204,2133.85240632653,1987.5163755102,2050.11169683673,2173.64568061224,2130.78513367347,2123.08166020408,2240.79448163265,2184.21261734694,2243.68701734694,2206.57298265306,2261.97934489796,2159.86231326531,2174.60065102041,2191.19882755102,2054.1225,2070.50624510204,2088.3295077551,2022.47583989796,2177.78220622449,2198.75917183673,2295.20585653061,2256.09170653061,2206.5948877551,2066.92086204082,1895.92686571429,1977.77895571429,2013.55497142857,2283.00897142857,1998.39067642857,2128.15664714286,2004.80909683673,1892.61117789796,1909.99160289796,1948.18243493878,1971.71861816327,2080.7643055102,2063.93454367347,2061.20424367347,2114.26179367347,1957.5432922449,2063.75829632653,1884.55630887755,1888.61025428571,1841.12146959184,1916.34231438776,1978.51766642857,1941.66438530612,2021.74349163265,2085.3025844898,2086.40324632653,2388.37247346939,2146.77790102041,2144.83445938776,2165.6029927551,2178.66575408163,1976.14080612245,2078.97293877551,2022.59263367347,2085.84995428571,1949.17368918367,2117.00704142857,2105.81401469388,1906.40555938776,1979.23338346939,2132.19193530612,2211.92834489796,2095.49825857143,2097.52786367347,2231.065615,2261.21584591837,2137.47115612245,2285.81138673469,2263.35967755102,2200.36958979592,2140.61703163265,2107.56533265306,2196.73096020408,2033.51873183673,2167.29806857143,2053.33037897959,2107.17624061224,2169.10672408163,1919.89941530612,2094.6571377551,1982.97663306122,2002.2750394898,1878.5088144898,2044.8486555102,1942.82894857143,1941.60873530612,1875.24583510204,2076.24182061224,2022.40453816326,1951.16870734694,2013.32909857143,2002.63625714286,2026.70074612245,2083.92571244898,2113.65616795918,2075.75018295918,2075.63446561224,1967.15334520408,1971.68824744898,2052.58648163265,2222.75851530612,2263.90146734694,2122.31126938775,2228.86751938776,1969.48609102041,2112.68487183673,2089.76428836735,2146.27424081633,2034.70516428571,2092.1097755102,2126.94691428571,2004.15667122449,1881.41179857143,1896.57200020408,1874.75480571429,1804.73641071429,2010.6873722449,2026.73075622449,2152.38198591837,1895.48763959184,1731.76954867347,2045.11254642857,2051.44237591837,2026.88179408163,1974.08572367347,1905.43963061225,2004.94259714286,1996.27856469388,2057.41689836735,1943.48783204082,2128.10489285714,2065.72407469388,2267.77353163265,2197.73829795918,2116.53114795918,2214.63515102041,2242.59398061225,2134.31335755102,1965.32125755102,1788.88619755102,2088.69990306122,2028.16227428571,1938.48229928571,1973.14004816327,1931.67299816327,2076.26647040816,1944.76581061224,2019.49530306122,2027.14776938775,2070.0050255102,2059.93979326531,2222.56721418367,2361.39349897959,2267.28396326531,2312.71551734694,2263.83977010204,2434.638865,2383.27802622449,2346.69677622449,2259.34408438775,2165.1809905102,2187.94381734694,2052.80459285714,2164.49259489796,2232.71074979592,2203.9242277551,2240.98850816326,2038.61143734694,2080.1860905102,2155.37157836735,2275.33775306122,2277.10610306122,2344.10105612245,2193.66220816326,2160.41138581633,2354.99644081633,2114.40278010204,1980.7345305102,1930.21110785714,2073.20042193878,1924.23086132653,1976.60711132653,1812.29868673469,1848.18518673469,1797.20410673469,1810.57251673469,1961.31150959184,2047.57865857143,2021.56608561224,2033.14942061224,2046.95931204082,1831.39360183673,2069.53643612245,2129.39140571429,1887.27633683673,1585.05401142857,1803.95509836735,1741.04674469388,1652.05974234694,1619.40976469388,1734.75707795918,2119.92068020408,1898.35166428571,2054.06302214286,1980.02891938776,2109.13831591837,1994.25699673469,2005.9399744898,2052.62649693878,1909.43767102041,1932.00885285714,2057.68165816327,2099.59000714286,1930.38627836735,2076.79372846939,2018.01920714286,2022.13607030612,1989.41081989796,1885.62995020408,1979.70174306122,1944.23638661224,1915.42994244898,2088.49988673469,2164.04777142857,2054.79543765306,1949.65555459184,1993.85290734694,1838.20836510204,1959.83676510204,2070.24625183673,1911.20970877551,1950.56053244898,2319.91783265306,2070.58770663265,2125.57523367347,2080.3866877551,2135.78476122449,2168.80084795918,2129.11152959184,1940.8441727551,1956.20953295918,2044.63343265306,2056.46986428571,1985.79745414286,2007.88065414286,1884.73665414286,1993.22595414286,2005.68970414286,1900.62395414286,1958.40755414286,1955.16440414286,1931.59495414286,1893.08375414286,2042.00235414286,2119.1647672449,2063.8253422449,1984.9058272449,1943.63746040816,1896.92761040816,2041.3237722449,1981.9661222449,2196.8206222449,1935.1669222449,2000.64910693878,2003.98338285714,1887.53822469388,2170.14526612245,2262.36236755102,2291.64243183673,2194.58797326531,2099.11822326531,1875.27957163265,2129.21074306122,2165.70424306122,2162.42313377551,2155.00922469388,2029.72866244898,2116.17113959184,1989.35495467347,2076.60146918367,1954.45669959184,1935.83926836735,1980.37568479592,1988.82987918367,1988.35167428571,1872.9372794898,1883.63466377551,2054.99345612245,1946.57855714286,2050.76905938776,2089.07192204082,2003.64772938775,1891.36207204082,2259.95165734694,2121.32014816327,2045.77540734694,1896.89591489796,2010.75528857143,2091.2582385102,1967.99509697959,1939.35020483673,2252.41728102041,1993.01948367347,2051.85586387755,2003.74438326531,2009.61481122449,2081.0492577551,2033.56146734694,1947.41425816327,1820.63374918367,1944.88726189796,1972.81733683673,2131.59243714286,2108.31459285714,2208.72654040816,1987.43914877551,2055.52531387755,2117.19649387755,2070.20509387755,2068.91322806122,2088.72600061225,2073.37652479592,1956.74536102041,1859.14304877551,1892.5367422449,2079.6744922449,2032.8024922449,1959.0795622449,1927.58337714286,1988.22408408163,2008.14799204082,1955.6240022449,1964.71435367347,1902.5069455102,1877.55441122449,2155.27746612245,2096.52646408163,2212.38122755102,1948.01861744898,2234.84020591837,2268.9842644898,1901.13822408163,1971.41960183673,1985.9661455102,1904.73559306122,2006.1277244898,2048.63959459184,2016.220235,2112.11759959184,1953.6305944898,1953.45651285714,2028.00846785714,2041.18925336735,1972.79592836735,1740.55607836735,1972.86284836735,1820.65729836735,1995.54485336735,2189.74014836735,2079.09162469388,1948.69337469388,2083.39598571429,2191.1168622449,2130.03098367347,2084.43342346939,2210.25632346939,2320.50053571429,2430.49338571429,2228.86953571429,2333.02195612245,2241.66972755102,2121.07685367347,1940.39944081633,2195.54985081633,2123.63199081633,2050.77563591837,2130.76198734694,2135.01818734694,2057.33720367347,2028.67382367347,2029.30985693878,1999.11498693878,1900.87558693878,1990.30068193878,1841.64899693878,1994.06058693878,1868.05301959184,1665.57150871429,1631.31108857143,1668.84172367347,1859.61370836735,2126.43345836735,2147.60151510204,2050.23392081633,1997.93044877551,1988.04140061224,1867.71847918367,1937.21636122449,1958.04690612245,2057.3510177551,2013.45588632653,1995.79717216327,1884.46651204082,1890.59689510204,2051.38821428571,1856.36745918367,2118.22070102041,2128.37120102041,2098.57291540816,2102.85949704082,2086.35622673469,2087.65110918367,2118.40625204082,2111.95556938776,2065.40196938776,1923.05786714286,2033.24695408163,1792.01403326531,2003.35579714286,1976.02500811224,1984.55328061224,1917.21953836735,2098.65794102041,1941.25694989796,1934.93284081633,1985.01909377551,2082.87453081633,1913.52291581633,2008.46525479592,2038.5836255102,1936.37746408163,1948.32033793878,2045.71758793878,2121.18186714286,1925.5489,2061.20662816327,2104.51640714286,2390.41774183673,2253.68614387755,2207.9030244898,2224.70934040816,2149.44359040816,2115.89937040816,2076.92628061224,1817.27370942857,2030.55634346939,2041.37075653061,2163.33434081633,2164.08939938775,2186.50975979592,2183.25159857143,2130.47399857143,2048.62038816327,2154.43841163265,2193.60496326531,2124.8619072449,2135.62276642857,2169.80839642857,2220.1475477551,2301.03419061224,2164.98389173469,2333.90255704082,2366.98377071429,2360.10872071429,2283.36038571429,2154.54305714286,2307.78697653061,2188.82167653061,2359.77611836735,2223.93906836735,2196.16266836735,2227.46661836735,2080.25306938776,2090.06861020408,2186.92984469388,2027.30733367347,1916.28143265306,2045.81962040816,2154.07702040816,1948.66597102041,1940.67651367347,1839.85682816327,1995.16875510204,1907.22690771429,1925.27521408163,2109.08924816327,2034.95672938776,1993.30145612245,1928.41782959184,1940.27305040816,1949.11945040816,1945.1427655102,1843.13640632653,1874.34240632653,1911.02325204082,1851.4748777551,2108.28804897959,2046.40718244898,2050.26816673469,1963.87888653061,1862.93163897959,1971.38263816327,2012.6778955102,1926.12374265306,1930.21157897959,2075.32791336735,2137.26669908163,1976.67012112245,2052.82023112245,2004.61266663265,2077.35291132653,1989.93146489796,1997.64894653061,2106.88284653061,2075.98366204082,2038.79424285714,2126.7011122449,2017.76702857143,1955.27508438775,2134.55917744898,2080.59622438775,2049.41444265306,2121.42349793878,2035.21698881633,1949.13953816326,2031.65831387755,1930.5665977551,2295.6600477551,2272.56118040816,2217.11113040816,2120.40748040816,2052.24463040816,2029.05913642857,2103.95188326531,2066.95728326531,1969.84467306122,2196.33317306122,2185.04806806122,2258.44680306122,2170.20090306122,2214.56000306122,2147.77480306122,2146.10255306122,2211.56325204082,2309.43640204082,2136.46874795918,2206.70719387755,2368.26029183673,2326.71999285714,2255.33731020408,2204.47536938776,2132.47994591837,2036.85933663265,2080.11729387755,2103.86146826531,2141.00992857143,2107.43580510204,2092.46146520408,2035.74416316327,2007.8247455102,1854.17946,2018.90705020408,2027.60382857143,2059.92487857143,2120.40922857143,2155.38058489796,2148.31235234694,2038.31841734694,2165.27958265306,2033.02069693878,1957.09485591837,2005.7051455102,1706.33955355102,1973.63332102041,1927.12229908163,1915.5561627551,1881.14291602041,2095.57592397959,2009.46225,2289.73702346939,2261.91914285714,2313.08948163265,2224.00659663265,2272.42052163265,2301.07491632653,2256.86928632653,2057.55792510204,2230.47210510204,2183.30252010204,2212.27197010204,2276.93012244898,2239.47296020408,2132.31537959184,2237.80878673469,2358.51333673469,2267.80598877551,2192.37373877551,2167.11147959184,2110.19706806122,2193.83441397959,2196.68262010204,2325.85631428571,2240.20366020408,2249.96513163265,2109.21082755102,1898.64193755102,2033.28475693878,2043.55817632653,1972.49768040816,2075.74799959184,1962.18931938775,1974.63311938775,2026.60182693878,2034.33249387755,2126.83946530612,2139.22866632653,2081.10291510204,2084.09368061224,2117.82310520408,1949.69457969388,1999.79222959184,2083.78083877551,2149.55718877551,2012.57203877551,1962.82857561224,1968.12782530612,1875.49667530612,2140.34137530612,2142.45919897959,2043.96642,2086.98801244898,2057.24052244898,2079.6178255102,2208.08127459184,2184.94272459184,2316.88147959184,2213.54062346939,2202.17162857143,1960.51512040816,2123.13897040816,1970.19849591837,2082.15716091837,2171.25781632653,2099.45184132653,2091.0899422449,2166.67661265306,2038.72325816327,2168.66870816327,2062.04127857143,2032.11665081633,2097.08296040816,2103.95862122449,2075.19387622449,2132.06353479592,2056.11827979592,1858.14815061224,1868.25693653061,1870.81226306122,2155.83747061224,2014.42296122449,1970.36870510204,2054.10356836735,1951.64791183673,2087.63410612245,2115.24848346939,2037.42692714286,1847.69208510204,1828.87259591837,2039.31990938775,2030.13150877551,1982.21522142857,2078.60566969388,1991.37471010204,1967.99503816326,1979.94502816327,1886.25533795918,2166.41105204082,2035.82976122449,1954.78820510204,1999.66472142857,2057.84207142857,1990.10887285714,2038.43147693878,1932.74357816327,1972.62642979592,1889.49542387755,1900.15320306122,2029.01957510204,2066.60362867347,1980.08116959184,2045.19567489796,2100.94956693878,2251.53905061224,2000.74608561224,2215.57303040816,2198.13073622449,2201.13267459184,2113.88709183673,2144.50636071429,2110.61495204082,2130.26735204082,2196.79232204082,2180.25487408163,2169.64718938776,2154.76603530612,2105.22131612245,2063.79027183673,2132.04936387755,2179.38389183673,2208.6971622449,2175.2723,2155.1936,2201.06303877551,2213.16772142857,2143.52156734694,2170.50397142857,2192.23796122449,2043.04020408163,2285.56812346939,2246.17962346939,2244.97969571429,2215.25844795918,2152.46299081633,2180.03707142857,2158.88747755102,1973.42457918367,2063.98091653061,2105.01371244898,2075.18882040816,2064.92951244898,2269.78799,2072.23062061225,2220.52219285714,2121.01512591837,2119.23616081633,2103.98457877551,2022.67932377551,2098.9382505102,2132.36539102041,2202.03679102041,2210.19000163265,2071.85938479592,2074.94700255102,2027.22537265306,2224.92542704082,2190.47050469388,2135.43037244898,2056.6084627551,2079.4218627551,2078.73016989796,1904.94411989796,1922.69886612245,1934.66376612245,1976.33121612245,2066.98707408163,1926.62561591837,2121.97515091837,1984.63944265306,1945.38134765306,2001.0345255102,2048.42532836735,1880.45187836735,1834.98448632653,2033.02128163265,1921.12912387755,2054.24386908163,2015.20484857143,2124.16519673469,2073.71223173469,2131.23319673469,2171.27074673469,2123.49418367347,2137.72409183673,1950.79008836735,2031.58039102041,2339.08076959184,2142.70181959184,2320.85070306122,2283.14084285714,2149.96985204082,2259.27866326531,2148.9633877551,2299.00716326531,2217.44301663265,2127.64156087755,2217.52065408163,2196.79309908163,2170.39305408163,2216.85105408163,2182.01289714286,2112.64275102041,2081.06855918367,2409.51898877551,2355.26629591837,2197.39541632653,2092.77976632653,2137.53842632653,1994.65686612245,2046.44161285714,2022.97791408163,1923.31343,2012.56313979592,1965.48144346939,2164.55038846939,2052.49861326531,2092.26429163265,2026.27545836735,2115.53566286735,2107.75766428571,2364.5072955102,2131.48722163265,2081.96064102041,2099.17784540816,2105.28259040816,2369.62729591837,2471.42774591837,2268.34253959184,2256.3478477551,2263.7236477551,2096.07926244898,2199.58207979592,2098.22768367347,2127.98194602041,2174.86052857143,2298.52247857143,2339.15318061224,2538.13088061224,2490.42053061224,2294.23036938775,2277.09038673469,2355.52596428571,2190.04169240816,2297.79325887755,2503.59861387755,2610.05518469388,2565.5905122449,2215.67428102041,2104.96400897959,2191.05792122449,1994.19520489796,2149.1613155102,2054.31863571429,1946.29173897959,2040.38047326531,2036.7304122449,2046.98851959184,2029.76534755102,2035.66644142857,2126.33928163265,1968.40832244898,1952.43563040816,1944.61926540816,1930.88425397959,1948.77179318367,2016.01941622449,2012.29928295918,1922.34221295918,1904.17099163265,1916.96581612245,1992.5504005102,1995.73535714286,1956.36531346939,2039.69970142857,2062.78503326531,2138.08096826531,2102.74548969388,2096.65054020408,2116.82411969388,2035.95608663265,1961.55598959184,1919.16270428571,2007.22755428571,2055.95032489796,2005.59417632653,1892.50452632653,2017.78727632653,1937.38698571429,2016.83463571429,2027.93369461224,1924.18450881633,1911.33787469388,2123.29577816327,2091.08850918367,2092.82418653061,2151.68772959184,2086.29057285714,2247.31540408163,2210.34067142857,2144.0673744898,2031.63421612245,2051.25043918367,2072.08956918367,2089.37324795918,2041.39369795918,2204.54869795918,2042.83014795918,1987.06356510204,2092.37931326531,2163.35259857143,1989.88029857143,2155.86327377551,2057.46152377551,2021.09454193878,2004.36570693878,2110.68912173469,2002.58616122449,2074.79999979592,1890.29941510204,1980.10871510204,2159.3138244898,2077.87063265306,2219.27029540816,2111.35586256531,2143.71142511633,2223.35030081633,2186.9793744898,2147.37576326531,2093.42519326531,2044.2552744898,2122.69521336735,2143.89430336735,1961.06295214286,1971.91680214286,1991.4984644898,2078.7158544898,2123.49856336735,2146.01296989796,2025.01856153061,1832.66743704082,1915.29361234694,2178.59356693878,1715.32960142857,1855.89640142857,1856.59749142857,1937.07309142857,2013.84815612245,2014.77304693878,1941.58975857143,2135.42133265306,2095.93865816327,2069.1836377551,2067.40214795918,2053.94649693877,2171.58782591837,2165.79372387755,2267.56336265306,1956.23846183673,1935.02378332653,1943.738385,1900.28846755102,2010.86853938776,2041.14782336735,1999.81781297959,1985.31352571429,1972.35577571429,2142.39257581633,2095.1950972449,2061.99609326531,2120.10453673469,2041.96198163265,1926.52304612245,2016.86315122449,1905.67099693878,1977.52457540816,1860.70763664286,1840.80487714286,1935.03033714286,1960.56987714286,1956.19060714286,1973.48319714286,2079.01530183673,2006.50588918367,1974.63637326531,2057.48901632653,1966.91679714286,1826.69709714286,1983.08408979592,1963.02811361224,1955.99537465306,1917.21587465306,2077.27458265306,2024.60846040816,2199.6496355102,2144.48170734694,2041.70459081633,2013.74075918367,2281.22009510204,2216.26077591837,2273.81231734694,2153.88449673469,2076.25494663265,2070.86349346939,2136.76945408163,2065.87944755102,2306.71568367347,2155.06207163265,2144.18454091837,1988.77451510204,1926.76618653061,2250.62963265306,2143.4139244898,2090.0798244898,1833.08658285714,1944.54696846939,1889.5215755102,1944.0047255102,1857.38443244898,1970.98597163265,1802.98983306122,1920.48940806122,1859.21190795918,1891.82486295918,2021.27450484694,2085.64894734694,1943.61502408163,1924.18415510204,2051.45448122449,1961.2823155102,1932.03963204082,1863.12707346939,1991.76635142857,2009.86219785714,2008.5138872449,1869.92882877551,1935.86350285714,1957.82360126531,2038.89748795918,1981.1265622449,1934.0543122449,2143.49166163265,2024.27383469388,1969.53713387755,2058.40986183673,1975.15581183673,2014.71017204082,2061.64755408163,1968.1123622449,1991.03259326531,2175.36349489796,2135.97079489796,1955.06464489796,2245.14874489796,2275.43749489796,2093.49148367347,2041.16610510204,2065.94061510204,2214.64365510204,2262.91275510204,2032.99022193878,1967.37094612245,1979.98912612245,1960.69403530612,2007.58724530612,1958.96101530612,2002.01761867347,2072.77321561224,2060.74732061224,1910.65679561224,1828.09430612245,2123.48987346939,2232.58382346939,2152.6166255102,2212.06780612245,2188.14903061224,2170.95251428571,2140.40719795918,2169.87768571429,2125.57094285714,2055.20446734694,2066.88406734694,2038.41205612245,1976.86927612245,2291.6220755102,2324.63869459184,2269.66138959184,2241.30400255102,2392.42136255102,2478.01452755102,2283.79374897959,2370.59069897959,2223.14729897959,2383.47455530612,2192.10018183673,2343.83671244898,2347.02973867347,2232.42543367347,2114.58189081633,2180.59600581633,2232.7279594898,2204.67909816326,2051.08108469388,1984.12266632653,2159.21980132653,2059.82128469388,1910.19682408163,2026.84945459184,2197.91241081633,2247.16771265306,2012.22759836735,1906.7782055102,1859.41332938776,1949.48017938776,1897.88986357143,2015.86246357143,1866.34956357143,1954.17958067347,1952.11903067347,1868.09543734694,1791.71817632653,1775.86091755102,1845.52683367347,1973.44941612245,2047.84926642857,2003.30978142857,2030.53838816327,2297.75053408163,2359.90095285714,2210.73948673469,2210.07536857143,2187.02402204082,2314.08891418367,2036.83409918367,2123.78850530612,2062.57444112245,1900.16359112245,1935.62497112245,1913.58542581633,1951.89380581633,2011.7501622449,1980.94600346939,2121.23872530612,2067.60861122449,1989.14423102041,2246.00486265306,2308.47876265306,2328.00111428571,2317.44096428571,2099.5117922449,1989.28901367347,2124.60763285714,2071.32391591837,2075.75687877551,2071.25539163265,2096.49181163265,2050.0109644898,2030.46167285714,1909.14984663265,2080.73450918367,2230.31832040816,2076.71271836735,2025.19612755102,2211.01731326531,2105.29994897959,2443.83444265306,2393.99552765306,2223.29117530612,2274.67921530612,2238.72616530612,2221.43941836735,2187.55827346939,1961.43738163265,2136.04737653061,2004.17420918367,2174.2880755102,2183.3122555102,2075.67054387755,2040.86304387755,2041.51087081633,2013.00067744898,1942.26376530612,2180.31581469388,1952.57004387755,2146.06187959184,2148.14598673469,1993.76887938776,2011.82371153061,1991.60757887755,2061.98226316327,2030.4473177551,1977.80204816327,2099.96490755102,1961.81458795918,1998.14844908163,1981.64013663265,1993.72696244898,2009.33149836735,2031.84789632653,1884.91903071429,1872.43996571429,1832.63267,1964.06261,2002.4812244898,1850.79939897959,1932.01792857143,2096.69638091837,2159.2720677551,2089.2683877551,2119.9227527551,2114.0062377551,2092.94855102041,1980.11202959184,2069.01690653061,1990.0123655102,1980.09327428571,1989.74316857143,2038.13537897959,1869.09384142857,1943.3072955102,2085.53623040816,2094.38993040816,2075.3328127551,2181.25279612245,1988.07892612245,2022.73267612245,2110.87102612245,1914.00359897959,1964.81123591837,2064.92107571429,2134.90912571429,1973.83549279592,2002.76557877551,1942.3664422449,2028.89896510204,2112.70641316327,2099.23285816327,2190.45654489796,2193.21748673469,2139.14401734694,2260.81946734694,2192.82821734694,2155.48314353061,2168.37600102041,2077.45640204082,2032.84582316327,2014.27458826531,2099.16370806122,2163.27216153061,2192.16832806122,2314.25531938776,2268.96810183673,2220.25477683673,2249.26798316327,2292.60240397959,2300.76199387755,2056.99240510204,1947.04841244898,2015.03501244898,1958.18566244898,1960.18516244898,1980.97081081633,2003.06371081633,2004.81981510204,1881.03469877551,1972.92024979592,1820.87323285714,1956.98043285714,2072.54437959184,2075.95511785714,2094.89558265306,2181.92098877551,2108.16236020408,2202.17941632653,2212.38597040816,2215.28174693878,2034.26590408163,2135.94856632653,1923.84941306122,1923.56398959184,2092.97499244898,2018.21876244898,1942.95005602041,1845.78261422449,1957.3156894898,1841.79306979592,1889.97345479592,1839.75644295918,1938.295908,1979.31903704082,2262.69330234694,2288.98409734694,2324.76948673469,2241.29678673469,2164.32528673469,2050.76636122449,1969.20771122449,2253.96369081633,2052.09074244898,1960.96069959184,2018.48186887755,2137.41343122449,2104.9760377551,2076.61080612245,2260.79458285714,2213.53816122449,2167.75554489796,2439.0289744898,2297.75238367347,2185.67936867347,2030.66861867347,2262.95516326531,2278.99236326531,2251.28812540816,2173.76703061225,2351.21178061224,2379.49598061225,2265.95192183673,1952.89203102041,1827.0472084898,1922.27686816327,2006.36126816327,2107.86771816327,2366.18980612245,2302.92598673469,2160.91682142857,2177.48190744898,2199.25298581633,2086.2147677551,2044.54478642857,1992.40951089796,1855.45284571429,1957.64290071429,1798.89836571429,2045.92809081633,2017.6533755102,2294.45231938775,2366.85030438775,2179.2185477551,2187.0095877551,2150.26178061224,1968.18487081633,1961.17449979592,2095.14873367347,2046.2118355102,2152.67850938776,2026.73658306122,2035.5337744898,1999.5961844898,2069.28134591837,2065.53243571429,2006.16882857143,2134.05649489796,2116.67427857143,2191.61064081633,2249.61075408163,2119.27934183673,2092.18874693878,2074.95081183673,2217.46848306122,2076.33327061224,2054.85433036735,1961.24441536735,1945.36232536735,1909.5923055102,1881.1410805102,1829.55552336735,1878.03092471429,1821.04780020408,1883.40312697959,1832.88813204082,2030.37862183673,1983.04385183673,1965.65207244898,1910.33421040816,2020.97101816327,1859.86021816327,2049.10818918367,1938.28658102041,1954.30276632653,1969.97017326531,1925.7742844898,1899.33886122449,1903.80560163265,2118.98222857143,2131.67814285714,2026.90565102041,2084.20502,2073.95061357143,2146.90071020408,2215.38434714286,2262.95037785714,2288.39667959184,2240.90383877551,2061.5637377551,2199.51942734694,2148.8221127551,2164.25360928571,2289.86946316327,2290.93444908163,2269.52693061224,2404.50445816326,2465.59736734694,2457.07418306122,2432.38078306122,2385.07781336735,2447.97907020408,2432.25061020408,2375.78833163265,2269.5573594898,2277.61407326531,2255.20862959184,2329.71324897959,2308.44568673469,2422.50074510204,2316.12011530612,2280.89078836735,2254.27673285714,2175.9671377551,2245.77032408163,2209.30497836735,2246.31557836735,2244.15210142857,2199.52760653061,2191.26468571429,2144.23568571429,2258.92443571429,2278.07919163265,2173.3641377551,2113.7256377551,2098.3230877551,1944.94815816327,2091.04015612245,2020.77858081633,2009.33416612245,2016.94951612245,1933.70352418367,1992.51030959184,2145.61934928571,2115.45497632653,1898.02214020408,1872.05354040816,2088.804565,1936.09412591837,2118.66907673469,2022.37341010204,2069.0937577551,2072.2841077551,2083.42045510204,2155.25603469388,2446.77229418367,2165.61863918367,2157.56017428571,2020.06576959184,2003.78072367347,1984.74262367347,1810.34699673469,1905.24050938776,2014.44222530612,1996.17217530612,1893.78692777551,1915.95757877551,2011.77833,2050.81918,1859.09086591837,1859.08961204082,1928.99903632653,1778.31880502041,1806.64420502041,1956.30647591837,1970.00329183673,1915.98907877551,1886.89803736735,2030.94435020408,2067.17264102041,2009.98844071429,2075.42878806123,2007.39825153061,1921.8696544898,2067.28822204082,1943.69497397959,1852.95088887755,1878.71653142857,1936.20297020408,1995.35621142857,1981.75208877551,1978.7116622449,2002.8586377551,1980.03288061224,1973.25687122449,1930.93872122449,2000.77837122449,2087.82359918367,2043.84108653061,2060.6776244898,2104.06168142857,2176.14149387755,2018.25283714286,2018.03955408163,2128.1709905102,1962.8124955102,2006.79069346939,2006.14836591837,1930.83531591837,1926.29692938775,2050.12552306122,1948.98197959184,2006.10144571429,1908.58404673469,1817.49826623469,1971.35588183673,1856.22761244898,1933.21219326531,1775.04514,2043.74916204082,1965.59333469388,2079.46018367347,2163.47124387755,2192.74369387755,2242.38683469388,2074.57584081633,2114.18373081633,2107.77517979592,2166.96789204082,2208.30285204082,1960.03494510204,1957.40539918367,2001.88827897959,2042.39792857143,2034.44,2064.78641122449,2274.89428438775,2283.09641326531,2111.99891326531,2238.67908571429,2147.30389071429,2163.67849071429,2249.36981871429,2277.92065510204,2098.86064387755,2176.38401397959,1993.70643183673,1910.48098183673,2106.51921183673,2002.90372183673,2065.91033285714,2109.04706306122,1982.70819728571,1942.56425377551,2137.8662622449,2022.07420204082,2126.57475408163,2088.97952959184,2222.03049081633,2182.1556744898,2242.1112622449,2240.64369295918,2194.93979806122,2159.77228367347,2248.57056704082,2229.41166316327,2283.46489510204,2290.76773346939,2198.64650714286,2056.85515408163,2020.42053408163,1878.0941055102,1802.75738408163,1894.28171612245,1999.72745265306,2000.60293897959,1941.59158367347,2006.20960612245,2003.29020204082,1825.31407653061,1934.11252653061,2053.89772653061,2024.60252653061,2109.86734857143,2042.6030755102,2100.26852857143,1891.36211020408,2167.70029693878,2082.00581530612,2180.23647755102,1895.62004061225,2017.1838744898,2005.89892591837,1916.84272510204,1967.26402510204,1936.3456755102,1984.69003316327,1935.00680642857,1922.85611030612,1957.12316030612,1973.52548244898,1932.31964857143,2020.41625326531,2044.00990081633,2043.01459510204,2052.04678877551,2003.69606,2013.08146081633,2053.67628916327,1973.94111081633,1988.44962428571,2233.85799795918,2081.01884285714,2087.40366632653,2129.65882918367,2031.6452705102,2053.29031173469,2055.35667795918,2033.60937459184,2127.91116244898,2175.88894387755,2140.46295918367,2006.22594795918,1985.04839285714,1785.3460577551,1844.44653489796,1975.14392326531,1901.46952326531,2013.4854322449,2087.25154959184,1862.22269410204,1895.64902410204,2003.27745408163,1871.75865218367,1965.53574469388,2039.87476122449,1910.70856387755,1835.82478734694,2072.6467544898,1960.0118344898,2112.99751540816,1999.1278055,1841.92919203061,1933.75206488776,1950.88428756122,2081.98401715306,1935.75289184694,1875.94467135714,2053.31729735714,2128.64660897959,1962.65892234694,1899.85387826531,2065.85243653061,2197.64482959184,2135.59304632653,2171.85277387755,1952.99874469388,2049.95099081633,1977.37298,1895.54430918367,2059.42841326531,2093.76833571429,2042.13219102041,1931.18564204082,1911.45996387755,2023.03955571429,1775.7799695102,1858.4816195102,1776.6731195102,1921.33439959184,1837.08418795918,1975.98183795918,1956.55837714286,1974.54247102041,1955.19216606122,1812.65076606122,1933.67785204082,1981.77809142857,1892.80455571429,1864.39026326531,1904.47177244898,1857.68591653061,1919.65656653061,1973.91499118367,1880.57142163265,1900.51052685714,1975.85964591837,1934.26410306122,2019.81791102041,1947.71796102041,1980.21816102041,1954.03851918367,1969.19191918367,1782.17770520408,2030.63432295918,1937.52345142857,1724.21101795918,1882.15201795918,1809.33639142857,1965.47725142857,1786.64624459184,1657.65562418367,1797.38267918367,1873.30689071429,2202.52568112245,2078.077095,2095.87140928571,2035.34740479592,2117.67059857143,2023.14970081633,2156.45825081633,1999.41077632653,1907.86444755102,1968.59423040816,2001.20699959184,1858.83391520408,2114.70519326531,1990.65845806122,2020.31183489796,1910.32904979592,1824.13226306122,1973.17706306122,1939.79609456122,1932.92819285714,2082.32939285714,1997.83664285714,2026.39902897959,2069.40536306122,1992.57206122449,1902.11022081633,2174.94638169388,2143.42056669388,2206.13134102041,2237.76111061224,2083.1937544898,2056.04629683673,2192.2651444898,2234.54525816327,2239.27295816327,2099.19634959184,2365.90446734694,2096.53602857143,2081.51888265306,1935.15436877551,1957.85881938776,2010.65812387755,1853.32253,1923.79189152041,2066.72340662245,2122.16897192857,2067.25605111224,1870.70296458163,1996.7935072449,2022.14739163265,2032.66257163265,2099.15591979592,1998.23967438776,1983.30777010204,2041.51925795918,1663.97490438775,1919.85147438775,1888.61028438776,1950.73766438776,2019.20850387755,2066.66673387755,2088.26043387755,1987.72029387755,2002.65029571429,2087.24422071429,2143.67948377551,1981.62800897959,2045.99637204082,1903.86059204082,2049.04112204082,1903.1957277551,2050.9379277551,1925.80052816327,2180.36027295918,2018.42459295918,2099.52479295918,1948.2466022449,1948.9005422449,1928.1069172449,2017.34897734694,1831.97537734694,1907.72777734694,1943.47937183673,1852.08271755102,1890.38332246939,1901.71628265306,2040.04764020408,1948.82236673469,2071.85349357143,1909.01461204082,1843.18147704082,2003.36352341837,1986.5883044898,2003.8303655102,2060.98584081633,1960.91344183673,2049.43951102041,1913.46259653061,1974.02810387755,2049.56692163265,1981.7530827551,2144.11692704082,2269.44663979592,2001.48724285714,2196.81257326531,2309.54885112245,2114.98364265306,2029.2223744898,2026.65678255102,1973.97203397959,2067.47139714286,2210.89373040816,2168.89263877551,2150.47934367347,1981.14625663265,1941.42452163265,1902.76262163265,2003.31657653061,2003.26272193878,1831.94785673469,1879.37950673469,1930.11744816327,1918.29289918367,1962.65968704082,2075.95821908163,1891.87538071429,1937.93868469388,2015.9737277551,2020.11024387755,2049.19996918367,1998.89337918367,2049.79824918367,1879.51518346939,1953.65769061224,2115.89161612245,1880.57720918367,2051.95649122449,2099.16368928571,2182.91747142857,2077.02175,2075.01609387755,1966.25324438776,1832.40237020408,1975.62653846939,1979.95513928571,1978.09388928571,1905.3005194898,2016.00610969388,2020.60698928571,1840.37037795918,1886.28076734694,2000.47105714286,1976.81840571429,1989.97006489796,2053.98437020408,1997.35566142857,1992.80634204082,2103.40840897959,2023.26167540816,2168.0752722449,2228.0005877551,2256.4718755102,2243.6652395102,2185.93329053061,2141.40147040816,2058.37928265306,2115.75240346939,2109.48447408163,2072.4593194898,2074.63555755102,2274.41324816327,1978.3268272449,1862.90383142857,2028.45931622449,2135.63595418367,2027.83985132653,2097.35245367347,2083.19535,2183.93101408163,2146.61422469388,2095.21432469388,1946.49698204082,1987.72026214286,2095.21722826531,2075.4001272449,2110.3681672449,2124.07979469388,2026.25724755102,2018.02027530612,2110.3254,1874.49257897959,2095.90071571429,2100.55827265306,2042.89259326531,2067.44046244898,2008.04717142857,1954.84127081633,2069.69362959184,1946.63422142857,1815.53323673469,2003.5056522449,2039.4719022449,1937.2485522449,2043.45449244898,2071.17350877551,2044.00961938776,2211.87011938776,1986.69189795918,2199.69390510204,2097.13265510204,2033.03033897959,1863.39805387755,1952.43083122449,2083.32272040816,2091.01736183673,2000.10125122449,2009.7847277551,2006.1096522449,2122.67735306122,2255.29764183673,2019.46222459184,2043.01889193878,2048.27767693878,2116.8111044898,1928.63881122449,2085.43805612245,2015.07616479592,2086.96105387755,2146.2291055102,2174.44525591837,2191.39367459184,2164.16865622449,2041.867265,1993.45683979592,2063.42414469388,2158.85423663265,2028.55628326531,2084.96463326531,2035.55560367347,1952.54677,1950.71857,1894.63128163265,1974.84692033673,2075.71336258163,2047.30803673469,1976.51635908163,1869.03385479592,1976.58668857143,2104.69391632653,1940.0313177551,2152.84138653061,1913.70341530612,1944.5589544898,1988.49033918367,1866.0865744898,2050.77867673469,1854.18516857143,1970.96487010204,2063.38009122449,2054.94887653061,1983.25370857143,1926.07919061224,2012.14252285714,1994.05629795918,1907.72947530612,1923.56784,1970.92759,1852.40445061225,1859.72894816327,1879.27752489796,1990.81371673469,2003.70348428571,1988.30053428571,2127.727685,2052.61688826531,1924.21265489796,2048.2030577551,1971.97338040816,1862.43882540816,1906.92897540816,2026.8760927551,2072.11799285714,1944.38984102041,2341.73347102041,2249.72434591837,2152.70197857143,2184.09577520408,2147.35851602041,2097.18796244898,2096.06955468367,2104.41145468367,2028.79564795918,2131.79843061224,2131.90798061224,2135.66346632653,2029.12495642857,2089.65952142857,2144.60710938775,1985.77636897959,2112.04287897959,2016.1517477551,1958.36057438776,1965.43814591837,1936.61078163265,1842.51998163265,2028.05374612245,2001.525025,1988.22274122449,2018.93665489796,2078.26986632653,2032.21849897959,2131.16325183673,1949.78163285714,1985.95143306122,2023.34097428571,2012.25006244898,2073.02430091837,1959.83450387755,2005.8364075102,1904.21682028571,1976.51951969388,1996.84135530612,2224.38161663265,2218.63194826531,2115.1001374898,1880.1192424898,1999.41680336735,2051.05795693878,1995.7997255102,2009.23672489796,1945.28210632653,1893.37790632653,1936.02360489796,1858.89804306122,1886.23871479592,1909.87886479592,2077.95793806122,1979.38489377551,2074.82852510204,1909.93809428571,2013.17319428571,1812.00249428571,1892.3128122449,2052.02613571429,2096.53717142857,2043.77389081633,2063.87867489796,2111.09203938775,1870.17689591837,1746.31968265306,1967.72070204082,2065.2390455102,2100.9398955102,2056.92112387755,2119.60923979592,2171.95404183673,2316.40529693878,2316.87487244898,2366.74249489796,2276.7392844898,2425.83848367347,2320.45317040816,2309.90583469388,2381.20198469388,2339.54263469388,2326.97008469388,2449.87161122449,2339.54034183673,2290.67201020408,2237.52906734694,2352.83481938775,2232.02256938776,2161.60330714286,2111.61798367347,2250.33214897959,2181.91584897959,2065.79098887755,2155.35697867347,2125.35829867347,2179.46414285714,2346.55360918367,2167.49482142857,2195.50836193878,2182.79843846939,2211.30398846939,2067.55024622449,1955.08641030612,1903.23324183673,2065.48659122449,2091.63853346939,2021.04438122449,1935.31164244898,1894.82715061224,2105.59911061225,2034.18790387755,2028.70062163265,2023.56977520408,2102.67375469388,2065.31551112245,2105.66740510204,2240.33805367347,1978.5871744898,2093.58288061224,2262.80554081633,2271.40955816327,2270.86583877551,2269.35817040816,2264.31242040816,2405.53305816327,2350.71075816326,2344.14858316327,2178.73789857143,2292.05672357143,2245.27287857143,2402.51559285714,2253.56334285714,2247.21027959184,1976.43415632653,1960.75355020408,2213.90790428571,1936.94200785714,2116.63945714286,2082.38672142857,2256.99344142857,2166.63257020408,2004.71186081633,2061.8587022449,2157.7061,2174.17797959184,2191.18636326531,2192.03944489796,2172.8431244898,2228.8295744898,2105.49817530612,2108.86563877551,2289.05353877551,2042.65951867347,1963.36524857143,1968.83709857143,2075.44959367347,2077.17087506122,1964.61181444898,2034.70250791837,1874.76119806122,1898.62749326531,2102.6676377551,2169.15890510204,2163.69023785714,2073.25304295918,2123.14223367347,2111.34200244898,2105.80881734694,2006.70617857143,2165.58716122449,2206.30166122449,2260.00480122449,2230.11295122449,2201.03707479592,2248.2960934898,2344.24420714286,2268.45875714286,2406.98375714286,2420.87645714286,2306.99240714286,2355.96120387755,2366.21409693878,2442.41335816327,2260.91463316327,2351.03300510204,2257.78130010204,2369.14350010204,2392.89411132653,2420.41027602041,2387.05105602041,2444.86595102041,2283.94876602041,2477.80500102041,2509.60712857143,2476.36728010204,2405.93604693878,2431.25259693878,2427.70749693878,2179.28757755102,2191.17606632653,2253.25212632653,2207.39387132653,2216.20367132653,2222.59802132653,2387.03463632653,2303.77212632653,2206.09339489796,2220.81115469388,2281.38769285714,2311.87439387755,2346.41920714286,2434.92011020408,2417.83676326531,2332.09113571429,2167.18319591837,2269.36768469388,2311.71575816327,2273.39683061225,2333.70408510204,2148.71755510204,1944.08686459184,1971.82191959184,2135.51111959184,2224.37451755102,2051.26746255102,1939.22041755102,1852.2332944898,1918.58015367347,1885.48178612245,1951.45467040816,2086.63768959184
258.938775510204,2191.99669734694,2051.72552530612,2065.00898285714,1908.6271777551,1979.80760428571,2035.96010989796,2078.19963418367,2177.87384714286,2224.66372061225,2382.56340326531,2239.37908408163,2278.81377857143,2372.40084561225,2291.22604663265,2199.39457469388,2138.70439469388,2258.55892755102,2277.73457755102,2300.59183489796,2331.10692979592,2372.47546010204,2353.02561816327,2312.64212040816,2365.78619122449,2289.63276877551,2304.03006285714,2412.39729489796,2526.39571989796,2532.3346077551,2284.68628438776,2185.91342510204,2045.65219112245,2203.98480602041,2138.35849806122,2309.51414295918,2219.24936561224,2148.85427561225,2211.59984102041,2300.97125673469,2265.16156183674,2114.78541897959,2206.86171122449,2120.33922183673,2278.2903244898,2330.88997336735,2350.64800816327,2375.01453326531,2321.245245,2285.56381285714,2412.87764377551,2284.7424027551,2326.89226142857,2377.34932871429,2243.07708871429,2212.36363285714,2180.63452285714,2127.20163122449,2249.12190571429,2241.45075530612,2179.37632612245,2216.76778489796,2168.89315346939,2150.70958877551,2228.19426857143,2235.45087938776,2378.86923938776,2337.87111285714,2259.86670612245,2408.13181938776,2348.17230816327,2377.00275204082,2319.84012619388,2363.11511602041,2274.54790316327,2366.99940244898,2192.49823306122,2176.5958022449,2132.82297040816,1944.64320336735,1985.59036336735,1922.9270022449,2132.06094908163,2133.78756510204,2263.31406438776,2094.73127540816,1962.01982040816,2312.03092653061,2215.26966122449,2304.13337040816,2419.92570102041,2390.29553265306,2499.25628877551,2557.27897857143,2421.69049183673,2474.17383234694,2295.17644081633,2216.37298061225,2020.89129591837,1995.2535927551,2252.34075693878,2144.77503193878,2278.1480822449,2181.89825653061,2222.67119489796,2107.96281857143,2129.43319122449,2145.83702591837,2106.55545714286,2109.3591755102,2125.32379,2249.02283020408,2104.24663020408,2104.48190816326,2292.11869387755,2267.71444387755,2057.31477959184,2250.82197428571,2374.14534142857,2394.70100571429,2306.46965918367,2459.04997755102,2279.74242755102,2273.93887244898,2172.42536530612,2079.19491693878,2268.50390183673,2149.45691591837,2164.63097387755,2251.71716346939,2335.1762044898,2429.25153469388,2420.18249489796,2402.6138855102,2167.9652677551,2279.6123677551,2205.81948571429,2261.91374648571,2110.13178936735,2257.58464836735,2230.51181938776,2123.53661938775,2158.53744612245,2339.88535510204,2324.02661326531,2161.03202816327,2293.39365,2343.14686693878,2173.20259632653,2073.97100693878,2092.17059489796,2075.98718469388,2011.11853061225,2091.69837755102,2242.67645816327,2261.79020132653,2367.36330102041,2458.17110102041,2504.55238367347,2317.9411755102,2370.9285855102,2286.50550591837,2240.97204591837,2192.44804591837,2164.55769591837,2257.22393091837,2364.60400102041,2282.41700918367,2406.58759795918,2100.10558836735,2244.02542440816,2293.6682272449,2313.69297826531,2287.56594153061,2258.51866020408,2367.91275785714,2228.38873112245,2236.29383877551,2123.61375785714,2085.16836979592,2205.40878367347,2218.65070561225,2260.92861714286,2129.78899387755,2073.3678172449,2148.36703408163,2172.31638357143,2360.14332704082,2344.95122357143,2166.834145,2322.51680306122,2285.26980112245,2359.58012918367,2318.83413346939,2361.74362714286,2322.34011540816,2269.34433540816,2189.23586571429,2174.55546908163,2289.44073469388,2325.23172969388,2167.26656540816,2177.30071836735,2183.18024520408,2272.89920591837,2295.40742704082,2274.15924397959,2311.76811938776,2408.25173979592,2292.78536632653,2286.78508959184,2214.9914744898,2155.35960591837,2192.08517285714,2209.28550214286,2296.57168908163,2182.63754244898,2199.88557959184,2185.55678969388,2225.80733969388,2098.19172234694,2112.64684081633,2229.79533704082,2423.28429897959,2080.87828857143,2196.53111826531,2183.19560547959,2188.73328507143,2238.45676262245,2165.54207959184,2065.21301020408,2146.26100510204,2201.9491,2382.62761938776,2531.04756428571,2510.97935816327,2475.54165816327,2484.00621632653,2503.03255653061,2435.12798918367,2305.54665918367,2449.8139055102,2436.11769285714,2345.0846744898,2386.30981918367,2389.70493163265,2492.2852244898,2407.3175544898,2299.01575734694,2424.34628081633,2471.86830469388,2342.4671244898,2244.4000744898,2101.82692428571,2119.84092244898,2134.14927244898,2168.49500061224,2267.3245422449,2335.53318265306,2439.26088265306,2269.25874336735,2175.01420867347,2129.98255867347,2129.48725867347,2203.7440602551,2158.32273183673,2291.78434102041,2308.57194102041,2078.40591530612,2054.27915959184,2126.46133571429,2105.27063928571,1983.54617941837,1993.4283522449,2020.16391673469,2114.36987346939,2182.42894489796,2079.26840918367,2160.41514183674,2296.97724897959,2304.70782826531,2266.72892520408,2437.16718102041,2455.74202755102,2182.76237306122,2342.19221367347,2461.31073867347,2506.27272355102,2631.58389163265,2574.69006469388,2616.87016979592,2488.4251455102,2471.88291418367,2468.18432918367,2483.61279918367,2334.11571316327,2269.2727672449,2335.38223184694,2373.68708534694,2308.44158163265,2218.00128346939,2189.80206530612,2148.49125469388,2170.89879867347,2151.62774510204,2053.95285234694,1990.77954183674,2014.69659285714,2111.06831285714,2111.19047346939,2177.88744163265,2121.41553571429,2085.38660857143,2062.55983122449,2240.98913244898,2235.28423714286,2197.61358408163,2433.73091240816,2355.78954159184,2272.45793867347,2353.23698306122,2309.36471081633,2197.97777755102,2352.53444336735,2316.78821122449,2308.55826938776,2371.87846734694,2470.64552244898,2375.46112755102,2304.33347704082,2333.52693673469,2248.83474268367,2065.54504918367,2148.94334469388,2142.55820704082,2162.34504612245,1944.05904259184,2149.95210259184,2082.64603887755,2098.4192744898,2388.63008571429,2368.73098571429,2280.75507020408,2188.8181477551,2260.62397836735,2196.21398367347,2253.54663061224,2250.4831027551,2326.85287142857,2267.01946530612,2275.65293979592,2304.87435510204,2045.95614387755,2234.07909387755,2264.4947,2117.66784897959,2143.98551122449,2227.95796285714,2030.96032,2016.15895,2307.47335,2309.51965938776,2259.77216122449,2374.48474122449,2381.62736938776,2597.71673938776,2413.80876326531,2422.69200622449,2216.3698255102,2263.37641071429,2130.04993632653,2010.00124632653,2082.92709387755,2079.78468428571,2113.63953132653,2147.60248153061,2151.99012653061,2133.13026653061,2176.80216653061,2243.37798653061,2171.66929591837,2109.79414591837,2160.19355204082,2181.92573571429,2381.28739081633,2080.74122581633,2104.59127581633,2178.51610030612,2118.99420234694,2105.72776581633,2029.34729897959,2006.22825836735,2082.21004428571,2195.31334428571,2335.72526928571,2184.29633469388,2331.3840255102,2258.9250255102,2261.87226591837,2122.98424897959,2349.21518265306,2191.83646265306,2223.39736734694,2207.98688428571,2340.54768061225,2279.08794469388,2313.83804285714,2363.73600714286,2420.1457877551,2316.97543428571,2435.46355408163,2203.8401755102,2354.22248571429,2262.99249387755,2248.23044265306,2383.31279265306,2218.74455520408,2308.6497427551,2241.47509765306,2384.62286430612,2265.79865397959,2131.63587897959,2101.13898357143,2313.15292102041,2256.57367102041,2256.89911530612,2222.45247653061,2421.0146255102,2137.3937755102,2262.80526020408,2194.61142520408,2137.32435830612,2178.20886530612,2103.06196408163,2165.77331795918,2145.58234081633,2069.39910530612,2051.84311836735,2065.21366836735,2099.71950469388,1997.79701081633,2065.73063428571,2019.76532387755,2097.39255877551,2165.81009346939,2125.06453714286,2069.37685571429,2021.23080758163,2160.96054489796,2203.95476836735,2239.63355612245,2129.73167346939,1945.37080714286,2168.88965102041,2159.19593265306,2214.35344591837,1956.60697653061,2013.21309591837,2132.01525795918,2211.93549795918,2369.99983346939,2232.56796469388,2268.42680857143,2183.43882244898,2323.58801683673,2391.12335938776,2346.89371265306,2335.27504489796,2320.97479489796,2197.18205438776,2295.35241163265,2362.38460142857,2213.16226132653,2258.39717469388,2370.0646327551,2284.79509285714,2248.77319285714,2185.92274081633,2160.01603193878,2147.05888061225,2288.14178938776,2108.2212244898,2114.61321938776,2023.7392522449,1903.47385887755,2102.85387183673,2047.85763183673,2041.49535938776,2219.3397655102,2247.9891655102,2326.09560204082,2522.98668571429,2342.39956020408,2352.72842653061,2058.20189632653,2041.0248877551,2162.28767959184,2213.65964489796,2066.7050277551,2122.70120622449,2063.0653755102,2084.9778255102,2033.31229081633,2172.36514653061,2148.94047755102,2134.33059897959,2075.07885102041,2105.65467989796,2369.31398673469,2383.61133673469,2265.89317061224,2360.3540877551,2189.73980622449,2039.84196428571,2303.2399777551,2251.81683183673,2225.8378544898,2234.53292183673,2369.84114040816,2430.40880469388,2430.37377663265,2381.39145010204,2427.5455172449,2390.19623265306,2284.92077571429,2368.19800489796,2190.81630397959,2263.07608346939,2183.77583397959,2160.22002112245,2318.08793663265,2288.12532561224,2315.7125105102,2213.97156489796,2304.5642044898,2411.4735927551,2360.31508061224,2315.85604,2508.54236510204,2415.48914971429,2429.45996653061,2351.86179040816,2451.94894244898,2412.74571367347,2446.3186522449,2298.64369653061,2327.89340734694,2399.61833163265,2480.19913061224,2484.25531744898,2429.55465061225,2262.61622122449,2285.46678857143,2282.66147857143,2246.68446979592,2373.78094816327,2282.85209836735,2175.05074614286,2346.54042387755,2352.91135193878,2171.72527938776,2214.37203163265,2406.85139142857,2235.02037061224,2181.36905030612,2208.91975938776,2165.15842040816,2199.30146244898,2179.30032412245,2185.30589153061,2150.75672153061,2167.75384622449,2137.77911816327,2243.37751173469,2371.94817285714,2293.87156989796,2275.17612346939,2238.42138716327,2350.90007520408,2506.23736981633,2424.35451816327,2308.93145851327,2139.84918034694,2287.46128665306,2385.49242,2158.09537979592,2405.03913693878,2120.95760142857,2166.21197142857,2167.78852393878,2187.37426061225,2163.57330469388,2219.68279571429,2336.990458,2284.95809877551,2156.38875632653,2071.99614632653,2047.29334632653,1986.67244632653,2101.99949632653,2222.72753795918,2221.14563795918,2235.78248795918,2198.11291295918,2247.41378795918,2284.62105795918,2187.27985479592,2141.05855979592,2242.93715979592,2229.99844581633,2262.50489540816,2431.18644693878,2276.07131632653,2176.08002142857,2145.78670989796,2172.88105683673,2272.38916816326,2329.18576816327,2364.72746204082,2313.97100204082,2067.7311795102,2171.03903571429,2324.31013367347,2186.83584571429,2303.6077944898,2341.8944677551,2241.28655183673,2336.22455285714,2317.1332622449,2347.8266622449,2352.41595612245,2285.59412959184,2273.31442234694,2376.29230459184,2253.23042102041,2200.85571928571,2141.16714081633,2139.38824387755,2251.98713061225,2195.92797561225,2451.39723428571,2597.30292244898,2348.31988163265,2335.10850918367,2237.74799285714,2320.08708622449,2310.97445102041,2136.43313367347,2053.7812794898,2217.8678755102,2291.1717255102,2280.7846877551,2174.5427627551,2178.33889306122,2263.3020994898,2237.84224591837,2298.0237755102,2168.63424387755,2342.34179132653,2377.02586428571,2339.91748102041,2214.25884591837,2165.32046326531,2125.39124979592,2212.03109897959,2446.48439897959,2423.05414897959,2494.21254081633,2446.01054081633,2380.20008469388,2314.80551122449,2300.06473530612,2308.29518346939,2411.60241346939,2467.70683234694,2386.2563005102,2492.27844071429,2483.14009693878,2561.16181510204,2341.84511510204,2495.20469510204,2510.17466979592,2452.43685632653,2400.75446346939,2491.79456346939,2416.39867346939,2382.78964,2358.20372204082,2293.43366887755,2279.13446469388,2146.97294285714,2312.13132693878,2174.65445989796,2398.95853469388,2265.53403367347,2263.03493367347,2361.50070040816,2287.92030897959,2344.45026,2422.3295122449,2462.1918622449,2443.8173755102,2383.34857959184,2400.54117959184,2407.91746122449,2376.70448795918,2333.46429795918,2281.03502244898,2334.64529,2360.06798061224,2340.25996734694,2393.5550377551,2153.99938979592,2158.46008693878,2242.82586581633,2227.85296418367,2328.28205204082,2390.4429,1943.47700102041,2042.77130612245,2420.31806408163,2181.41454285714,2219.87221295918,2125.59096046939,2086.61573046939,2066.20413046939,2160.62287265306,2187.93894326531,2242.28879163265,2079.73184163265,2169.30833979592,2147.60900306122,2162.00830306122,1981.10387040816,2076.48801632653,2145.76414693878,2079.16732693878,2203.22505306122,2297.67985714286,2277.67969795918,2164.82316795918,2203.4015305102,2339.9375755102,2284.7734255102,2141.26615408163,2131.95112755102,2239.45088306122,2298.69529,2102.5876355102,2283.11486346939,2317.31036346939,2070.08876591837,2146.89119183673,1988.56245795918,2144.46935632653,2091.72849367347,2029.42652157143,1964.98948285714,1991.88686479592,1949.08781408163,2047.04476612245,1990.38981102041,1989.94236102041,2041.31994469388,2253.35068612245,2133.17962755102,2198.55130234694,2120.53983377551,2234.13212408163,2312.60106265306,2250.23636836735,2198.79607326531,2201.28475722449,2185.52049336735,2082.29907489796,2197.14358163265,2273.38362216327,2299.05543930612,2374.95623632653,2358.82682428571,2398.9680544898,2741.24376510204,2581.57651122449,2653.34008714286,2549.32383510204,2534.76459612245,2529.96869306122,2555.60678163265,2367.46023928571,2396.92603469388,2470.62777346939,2450.65993520408,2558.49321510204,2459.28636510204,2482.40706510204,2478.69153938776,2477.99698346939,2429.85420877551,2394.9068122449,2366.95574346939,2647.45079346939,2552.42699346939,2466.15743877551,2474.07203877551,2499.55892877551,2380.36307877551,2333.48767510204,2114.2318355102,2167.47265489796,2076.06348930612,2150.4179577551,2071.50939346939,2171.98659536735,2170.61366036735,1856.37324536735,1943.90944163265,2107.54786387755,2149.59999897959,2214.43554897959,2284.53796122449,2396.67972040816,2140.94695612245,2190.15405714286,2252.39637653061,2304.72582887755,2375.57525,2446.8284,2216.97843367347,2233.33923163265,2343.32396459184,2170.93755367347,2033.17830204082,2121.51530795918,2160.20063040816,2251.96866112245,2392.62312173469,2222.54134010204,2246.06348295918,2111.50213367347,2160.53261102041,2046.41945102041,2059.3784777551,2356.00382071429,2096.64718061224,2196.72584387755,2301.98373673469,2303.67160469388,2238.1231155102,2277.9413655102,2423.7217755102,2468.73851530612,2426.44189030612,2192.2857155102,2127.3491255102,2271.61818163265,2286.80028571429,2363.37911836735,2625.65367346939,2504.66694489796,2367.33976836735,2260.10810306122,2394.43139897959,2260.32212959184,2230.82533673469,2311.21001795918,2357.41473357143,2382.57877142857,2308.08824489796,2287.65374489796,2419.75523673469,2425.20935132653,2345.09841183674,2395.94250306122,2380.66338877551,2273.22401428571,2395.73028367347,2244.70346530612,2369.08655612245,2434.63317040816,2228.35947040816,2518.67453397959,2445.96389693878,2285.17795408163,2255.37626785714,2197.997805,2331.900945,2544.97998,2430.43520326531,2547.83848642857,2585.22526963265,2674.6483544898,2600.15849897959,2544.20510142857,2519.78135142857,2533.12152938775,2500.49982938776,2489.60800632653,2455.21120632653,2435.93426204082,2539.44201612245,2422.83096469388,2303.98506142857,2285.53759816327,2261.1700744898,2129.92134030612,2150.03054081633,2134.75052857143,2134.98720081633,2240.73993846939,2356.09203265306,2345.86168857143,2275.62584408163,2537.89614020408,2224.4013222449,2192.92573367347,2161.35287602041,2327.21847734694,2268.8775744898,1996.28168653061,2102.76450102041,2179.62387040816,2202.64433285714,2158.44936693878,2313.15604959184,2158.57399061224,2317.74446806122,2269.49164897959,2181.14968428571,2262.66329816327,2127.31904816327,2299.22146163265,2487.47233102041,2344.55594387755,2346.4863144898,2325.5380477551,2399.91230510204,2419.52330510204,2448.10885204082,2346.73640714286,2445.18119183674,2454.99718163265,2587.5085255102,2563.88417969388,2577.07176632653,2585.94759285714,2469.01622959184,2433.10009459184,2464.32714387755,2552.67632653061,2359.86753142857,2495.97123785714,2472.87021122449,2471.94694673469,2576.05284632653,2326.12333836735,2312.84038836735,2318.46952938775,2263.68819163265,2373.79334734694,2386.38151244898,2273.97883714286,2250.46263877551,2230.79129897959,2208.84429795918,2292.69554387755,2264.22974285714,2069.92871836735,2068.67468163265,2378.93979795918,2339.57323357143,2304.01888357143,2414.42388969388,2603.57520510204,2481.03906510204,2264.23835510204,2436.57263959184,2395.91738959184,2263.2781377551,2252.43227265306,2162.29136979592,2266.68760122449,2269.17978836735,2291.87014867347,2291.09355265306,2291.65870612245,2204.41490816327,2152.45833683674,2211.34753989796,2213.3634244898,2377.67662183673,2269.24564795918,2270.51151530612,2190.37116530612,2118.24450816327,2147.30402653061,2192.84405132653,2188.52886632653,2234.54679591837,2327.64866836735,2141.52982591837,2226.07467591837,2292.81270102041,2343.67830102041,2289.23566163265,2387.84804989796,2356.79426826531,2287.00599663265,2107.02435326531,1939.03351081633,2102.60361938775,2063.80380540816,2138.7503272449,2109.24528938776,2298.0040144898,2285.23002806122,2343.50922806122,2231.94761306122,2032.6124777551,2148.83814612245,2218.22968244898,2183.75512244898,2186.37397244898,2228.97590061224,2241.33749061224,2217.99873367347,2207.50653367347,2303.75348795918,2360.55401091837,2342.98621091837,2261.48624591837,2363.17291091837,2361.88790989796,2318.76104060204,2269.76462243878,2291.42557706122,2213.11152706122,2143.94232706122,2189.13852706122,2181.01016683673,2187.78658183673,2146.98899785714,2131.18034785714,1861.76878306122,1972.23151306122,1934.80762306122,2102.99144806122,2426.77707714286,2261.30858163265,2295.65445408163,2202.19328163265,2336.62201530612,2316.51160653061,2528.42507387755,2346.83258387755,2305.18133387755,2332.57704367347,2398.86741826531,2385.76229642857,2442.97976836735,2271.82311938776,2347.3082522449,2413.28928714286,2253.72899734694,2152.07090142857,2323.38618061224,2373.97417561224,2414.78212540816,2339.67885455102,2305.69703897959,2126.00156244898,2159.62362040816,2117.34790653061,2106.20307704082,2095.63333418367,2203.30250918367,1971.76375418367,2020.46608367347,2177.74211530612,2138.13903673469,2282.34104642857,2144.56482102041,2248.72251755102,2065.06259989796,2104.76755489796,2156.87631734694,2169.06895204082,2201.31490061224,2179.52695061225,2141.30093163265,2092.85943510204,2084.76788510204,2149.95798979592,2219.32494306122,2097.83132306122,1937.88499285714,2073.03985306122,2003.05850806122,2110.13345806122,2223.72535306122,2363.10265102041,2284.94425102041,2095.62835102041,2072.28256632653,2115.67834591837,2177.29454081633,2051.15988265306,2121.59588816327,2237.5977744898,2219.6848094898,2267.26067142857,2193.90853469388,2200.54378163265,2160.90610489796,2194.31590530612,2237.99204673469,2151.69346173469,2307.33280989796,2089.05418010204,2139.10109306122,2137.05829204082,2154.04199704082,2133.2827033898,2304.40964846939,2316.68126510204,2173.86445285714,2142.31839683674,2180.50946867347,2092.52699183673,1997.16058183673,2080.7738522449,2185.08307081633,2377.44490387755,2274.89686387755,2339.35005887755,2333.17997173469,2267.1038205102,2356.64493612245,2133.89523612245,2228.64783612245,2187.68615102041,2178.4168555102,2172.15814530612,2333.91760565306,2239.25664632653,2182.75129020408,2090.44580408163,2188.13144591837,2229.45074938775,2264.63310306122,1935.13951122449,2470.30249091837,2352.98071897959,2371.28879591837,2402.46825102041,2453.00013336735,2367.69396734694,2258.19817244898,2276.00853265306,2182.2217072449,2191.79133653061,2200.84244153061,2337.45069826531,2160.36080734694,2224.20453979592,2285.47232479592,2198.79551173469,2109.74086785714,2170.00043295918,2144.58939214286,2281.85463673469,2261.67941632653,2354.03956632653,2308.1647744898,2197.1148194898,2343.87419693878,2239.60107857143,2329.26469183673,2396.33914183673,2440.48591938776,2218.70092928571,2112.01386428571,2184.44247142857,2097.45057142857,2306.52316602041,2301.15166602041,2325.98151836735,2250.59451836735,2290.87627336735,2190.10717336735,2198.17536836735,2188.18030336735,2241.96310336735,2296.88636836735,2407.21111836735,2359.49476836735,2317.02105612245,2319.28935612245,2137.78285102041,2165.68915102041,2097.34783102041,2119.35598102041,2114.88168102041,1919.51329602041,2222.60038602041,2391.43086102041,2441.51199591837,2285.43836714286,2115.04046510204,2098.02590632653,2204.1154355102,2262.89074408163,2394.59412908163,2467.39417632653,2528.59782571429,2425.02000061224,2246.53389897959,2209.17493561225,2185.12253306122,2180.22809897959,2167.19281632653,2234.46616632653,2339.03412653061,2317.28532653061,2365.63817653061,2307.65302142857,2242.66311836735,2087.7083122449,2285.51846632653,2155.38096632653,2334.26641632653,2217.44656632653,2266.55897346939,2306.76180816327,2268.38001836735,2255.02484520408,2253.73736632653,2340.27181632653,2304.41481632653,2128.99936632653,2283.00416632653,2278.88643367347,2302.63128367347,2241.63093367347,2278.98493367347,2190.66303367347,2246.63581367347,2045.85061428572,2082.73542928571,2227.67688336735,2373.40863336735,2356.00779336735,2486.54334336735,2443.89639010204,2530.10491510204,2450.27401510204,2425.83655510204,2332.75870510204,2342.98065204082,2310.83967204082,2382.81188714286,2224.40192591837,2262.77417591837,2281.99181428571,2291.67597173469,2266.00204673469,2243.48595826531,2307.63794112245,2311.11289387755,2265.10932306122,2177.46439877551,2226.59394928571,2434.77435214286,2304.89401030612,2357.82107010204,2481.73609,2356.12535204082,2322.45502683673,2264.5031205102,2170.1133705102,2364.3890705102,2361.24830081633,2333.52699581633,2343.53014985714,2174.83591918367,2183.28602244898,2151.14550306122,2072.07235306122,2182.63550306122,2180.30537367347,2235.28299867347,2305.99087295918,2391.17624081633,2245.7743944898,2313.20345102041,2139.55346469388,2206.31633785714,2095.87268,2088.06067081633,2069.0632144898,2245.07834020408,2185.74962040816,2396.48867040816,2364.78737785714,2275.83178469388,2194.87001816327,2069.98753163265,2197.44920816327,2110.30335816327,2195.71754071429,2235.24838163265,2236.36856122449,2325.72531428571,2179.45165765306,2063.43813265306,2083.56090316327,2144.92362316327,2050.08090816327,1916.03350428571,2074.75760806122,1970.91857418367,2329.36839693878,2205.58955408163,2413.92801693878,2567.38923469388,2283.05538571429,2335.91014081633,2472.60946122449,2549.63982357143,2348.02650826531,2209.44958469388,2164.17694897959,2108.13418591837,2253.38156346939,2307.44864581633,2287.70004081633,2387.8296755102,2511.3261055102,2378.16278306122,2558.24891020408,2401.89750704082,2516.40402142857,2465.14930408163,2385.50249591837,2279.77909591837,2420.45920510204,2235.85010408163,2326.23869387755,2169.75451326531,2170.04710510204,2277.11820918367,2398.19359632653,2424.58706632653,2441.23620081633,2381.79555081633,2417.82386581633,2229.00170081633,2281.89220316327,2214.39097316327,2320.73374244898,2383.86039479592,2213.55439479592,2276.87433979592,2335.74878979592,2333.24808877551,2503.85448040816,2235.96673040816,2153.37358040816,2192.19258040816,2147.53045306122,2200.33291836735,2315.68975612245,2199.22330612245,2296.31045571429,2463.6624155102,2332.95470336735,2290.13227857143,2222.57973979592,2091.74450612245,2279.36668163265,2480.31411428571,2392.59993163265,2377.299,2266.7545372449,2231.84827816327,2197.94928826531,2318.65597357143,2299.26055163265,2246.79779938775,2289.30485673469,2303.40686122449,2455.35826714286,2443.58788479592,2365.88878632653,2290.62534693878,2257.63755653061,2280.24372693878,2333.3810655102,2205.44493902041,2346.66778902041,1970.79714122449,2144.79998387755,2153.62801040816,2158.6859477551,2193.23206755102,2070.20593755102,2182.61040959184,2443.83593530612,2432.77719816327,2563.85972026531,2515.14219526531,2261.41530526531,2353.04088653061,2191.29053653061,1977.55821816327,2188.26533142857,2122.02528122449,2249.43513122449,2451.00343591837,2103.93461938775,2245.55371,2365.62564877551,2371.35009704082,2306.17479132653,2384.00102102041,2364.93278195918,2405.07742469388,2391.44452469388,2314.30542469388,2415.36807469388,2470.28426020408,2563.71996,2649.79176,2490.875505,2330.83234897959,2362.82734591837,2382.92507591837,2394.55517493878,2256.83343993878,2312.30565806122,2257.20253061225,2462.86907510204,2672.15427673469,2557.16817673469,2238.48371857143,2225.95923010204,2307.76052714286,2244.02359704082,2213.30528316327,2213.5599622449,2309.81322244898,2329.2397055102,2480.78896081633,2534.78144346939,2540.12552285714,2478.95676673469,2449.34566673469,2492.29490938776,2587.79100938775,2583.16520938776,2676.26550938776,2533.99873918367,2559.9825894898,2565.79638795918,2572.91819306122,2549.55644530612,2514.30374530612,2331.48159285714,2300.0203644898,2167.22426530612,2186.35884285714,2239.6095772449,2269.4322022449,2325.15024387755,2364.13994571429,2318.76769755102,2210.65173163265,2202.07408673469,2190.70255918367,2084.17919387755,2453.57976326531,2317.11842183674,2387.44638530612,2342.80786357143,2469.46259112245,2559.33625306122,2469.64430306122,2566.43510306122,2457.92912857143,2427.14863061224,2393.96719510204,2432.38564693878,2129.5060872449,2131.07245918367,2128.69705918367,2067.74261734694,2179.4505277551,2126.39127612245,2062.00866102041,1955.6467577551,2138.65565857143,2059.16583020408,2060.7527844898,2101.53647326531,2035.91445673469,2035.82371755102,2087.11002979592,2048.71437102041,2149.34890602041,2107.63468295918,2128.37761887755,2389.15344122449,2028.72496755102,2212.01623959184,2278.00603959184,2271.20982744898,2212.56847234694,2213.07813397959,2244.7602655102,1894.32317244898,2043.43642744898,2134.30977755102,2023.38111020408,2065.88074785714,2092.52412346939,2122.48684663265,2117.70411265306,2119.29027602041,2245.12509326531,2070.27569630612,2122.16716530612,2174.57421530612,2218.15393061225,2235.93580714286,2183.08027142857,2047.34767142857,2081.82757142857,2117.6511455102,2139.0846255102,2022.6926755102,2028.7033255102,2146.4629327551,2119.00521428571,2058.9062094898,2190.86249510204,2273.21528193878,2308.01756020408,2487.41831020408,2042.59506020408,2096.67626020408,2139.72871020408,2249.22348255102,2227.18592755102,2226.83917755102,2424.46913765306,2348.87823265306,2246.83322244898,2372.94186938776,2344.56877469388,2387.8015744898,2253.3018094898,2296.4021244898,2240.16883877551,2061.33303877551,1980.47414836735,2085.40285,2023.76377326531,2252.93332755102,2523.54677857143,2575.12277357143,2520.7363705102,2680.62902734694,2568.9254922449,2547.74455969388,2373.50150438776,2204.65830377551,2100.57030271429,2252.33273489796,2331.68746877551,2193.44325989796,2226.45556071429,2175.28550244898,2184.71380244898,2213.32233306122,2135.00058306122,2115.53997071429,2217.15958785714,2230.52773785714,2086.95732153061,1987.21400510204,2003.89023183673,2051.30153183673,2049.05200367347,2043.78267367347,1934.29557367347,1933.63160693878,2126.03510693878,2087.35550693878,2021.95006734694,2062.32379387755,1939.58241142857,1978.06822653061,1950.75446632653,2006.57806193878,2340.71471806122,2076.06071295918,2084.79149867347,1966.27213367347,1974.15279897959,2058.85265,2097.16655306122,2087.63252061225,2125.4161022449,2085.7421337449,2122.3371387449,2161.9929837449,2079.00934190816,2122.70178476531,2491.86319704082,2407.95745255102,2312.10169602041,2385.46381102041,2386.57447632653,2423.07143265306,2492.41251265306,2379.09123336735,2413.96508061225,2408.25713469388,2216.21290734694,2179.09211020408,2122.61481020408,2142.44002653061,2199.70710142857,2129.49822285714,2147.11888918367,2140.09138979592,2250.62924653061,2151.84083673469,2051.73728673469,2167.50497571429,2166.91044132653,2273.18677346939,2337.32509183674,2198.40258979592,2312.62926530612,2221.62690030612,2251.57195030612,2091.07044112245,2135.73304061224,2042.11165102041,2077.83665612245,2124.49445612245,1907.48465612245,2164.77313061225,2051.06963061225,2136.5330255102,2094.3970755102,2338.5997305102,2401.53908673469,2431.55953673469,2301.24693367347,2501.69603204082,2420.35913204082,2325.00083163265,2317.90063214286,2317.93136561224,2372.03574244898,2312.80433346939,2398.94865367347,2532.64811857143,2406.26864591837,2407.98467,2346.74261112245,2369.68583765306,2245.49134755102,2181.35059755102,2376.21383816327,2379.40697204082,2283.61709714286,2395.92898602041,2544.07440938776,2537.4147,2661.8101144898,2606.99164255102,2624.66524240816,2629.98720489796,2631.72221653061,2601.45301653061,2310.74500183673,2169.39023571429,2192.88724040816,2141.58733979592,2282.45273979592,2389.62783163265,2260.40868163265,2308.42058163265,2328.0218244898,2200.43255510204,2316.43933979592,2130.46633979592,2129.51648163265,2136.81616530612,2326.12748061225,2334.96392346939,2157.59681561224,2147.11902683673,2165.30307683673,2038.36296734694,2146.90464734694,1934.14397387755,2037.04733367347,2115.1111122449,2227.62467979592,2084.29057510204,2135.34011367347,2283.72663367347,2217.78776642857,2230.93797428571,2240.24437857143,2244.67454387755,2139.26894387755,2165.21195081633,2119.30285130612,2084.45792081633,2128.0723844898,2084.33301489796,2030.5274255102,2154.7667255102,2082.21558061225,2029.28811938776,1994.96174489796,2153.40102244898,2323.17566326531,2260.03195,2256.71343489796,2395.70739061224,2487.42492693878,2129.86159979592,2096.17998642857,2156.67995142857,2180.60932938776,2106.12583557143,2371.74903183673,2350.42850102041,2366.33321693878,2215.99848020408,2229.31335523469,2314.95918432653,2445.67570432653,2228.90113432653,2179.89298432653,2210.64688432653,2271.89791979592,2273.76903244898,2291.92359622449,2284.10475346939,2248.10355346939,2296.48200571429,2168.72838877551,2039.93148877551,2153.47177489796,2056.82817857143,1899.00177857143,2013.52137857143,2078.27797408163,2204.60277857143,2137.43669897959,2195.12179397959,2232.33404571429,2173.34950397959,2322.86811081633,2369.90172581633,2214.38387381633,2365.72391938776,2239.12079785714,2204.95006795918,2187.09096295918,2237.79868795918,2129.34718195918,2096.68511357143,2033.08010357143,2072.20209387755,2119.46667877551,2207.04917469388,2083.89503795918,2269.52635122449,2166.06494183673,2212.45957653061,2206.81407581633,2186.73355346939,2366.15362469388,2462.29739469388,2460.73253816327,2572.51102530612,2543.89748163265,2467.9961177551,2451.06074306122,2555.09406673469,2642.96308244898,2590.77293857143,2579.68424571429,2545.0799927551,2385.78689591837,2358.03504693878,2428.68871265306,2168.60777194898,2248.71893183674,2271.25127102041,2103.46996571429,2118.79188673469,2280.43126193878,2297.39777673469,2356.53625306123,2393.83809285714,2254.57838061225,2347.40930081633,2362.53319959184,2280.66856061224,2412.47041489796,2391.19038714286,2431.14263734694,2477.27488734694,2375.53508734694,2227.55698959184,2199.68057755102,2106.86252673469,2102.58925714286,2146.01703857143,2179.45729265306,2048.9682722449,2062.04276969388,2346.48481469388,2302.46226469388,2306.95920132653,2304.28245510204,2329.23400714286,2369.00316489796,2332.75424091837,2525.12609091837,2300.83300795918,2304.15108102041,2231.39231540816,2068.80318112245,2085.44619693878,2055.84356346939,2172.90406326531,2092.74995306122,2170.83852959184,2122.41903367347,2251.95634367347,2146.1387127551,2412.98234973469,2213.55233367347,2222.58263091837,2233.69103091837,2221.66592306122,2222.4687177551,2251.27133571429,2221.28982959184,2303.64462959184,2334.00196897959,2428.90324897959,2274.9643122449,2289.12559755102,2289.36202755102,2216.56895520408,2169.40268520408,2265.36156020408,2274.48863265306,2157.19769265306,2174.00901765306,2105.42891836735,2336.27861836735,2448.84746836735,2420.31531836735,2379.02961836735,2303.29881836735,2368.07388836735,2325.91838336735,2414.17033436735,2330.86551836735,2435.29326836735,2279.22486836735,2257.46301632653,2242.61242857143,2211.67129387755,2151.32731326531,2169.51413326531,2021.16458326531,2090.05643326531,2155.27033326531,2223.09592326531,2142.499,2339.803535,2296.85706020408,2419.62704826531,2259.41619591837,2237.55070612245,2203.9579022449,2312.29151428571,2228.32909693878,2138.85123081633,2082.45319918367,2140.9940744898,2206.2964655102,2174.61656571429,2066.85803877551,2243.47403877551,2206.50704428571,2204.79519402041,2052.80645326531,2129.49404326531,2193.42837132653,2066.82760632653,2181.69430632653,2121.80084326531,2135.51978520408,2154.31834214286,2266.70026857143,2213.06027938776,2294.95012938776,2323.50588408163,2377.39710755102,2256.8854377551,2325.24837918367,2314.68840918367,2345.93198489796,2326.43199591837,2306.70819591837,2310.91697653061,2305.89116428571,2218.81608469388,2266.76044183674,2332.25813489796,2514.08410428572,2549.44124102041,2505.59233489796,2530.10861897959,2299.08144326531,2334.97048183673,2334.10292132653,2324.91236193878,2504.14779693878,2237.96274693878,2342.20613877551,2292.5732722449,2292.93046122449,2355.62866020408,2418.65506326531,2223.60156632653,2360.51364081633,2339.07638122449,2169.54205306123,2044.68496830612,2160.93800612245,2361.08966244898,2296.5196777551,2181.20636428571,2233.72924081633,2178.89067693878,2406.51650408163,2392.15205816327,2461.02265316327,2408.83463571429,2407.81328877551,2113.31798265306,2070.37225816327,2127.40221938776,2175.59862459184,2029.11774632653,1920.37178867347,2219.47661938776,2155.86317510204,2043.09344306122,2023.42773693878,1983.28050510204,1927.32378877551,1914.80197040816,1975.53872857143,2032.33846428571,2129.5393755102,2285.85700506122,2199.66584112245,2207.14461187755,2219.53899489796,2238.58980183674,2280.2204822449,2396.01732244898,2503.42067510204,2431.08338183673,2421.47432991837,2448.11217122449,2490.27556387755,2457.17453244898,2465.84092755102,2008.42175863265,2131.09313938775,2075.36307306122,2101.8629577551,2131.00208632653,1999.61016591837,2069.54738795918,2063.54225081633,2119.2533255102,1948.6087755102,1997.8236255102,2297.91228469388,2203.50741102041,2347.83848918367,2443.63660204082,2541.85395204082,2467.67022959184,2276.93525357143,2180.39350408163,2168.38398061224,2317.17080979592,2298.45215408163,2153.7293744898,2321.08509081633,2335.98271755102,2195.43357877551,2249.80516714286,2290.99615183673,2318.07326122449,2322.47006122449,2330.00021122449,2349.08499183673,2356.02496530612,2455.97292091837,2539.4484127551,2473.56036826531,2516.09362326531,2336.9233772449,2466.8725772449,2391.99843061225,2148.62793061225,2088.55099387755,2278.54130714286,2248.88565510204,2328.23970540816,2137.61292040816,2229.09883061225,2238.56778877551,2181.68074387755,2154.31046632653,2215.30878183673,2213.2463877551,2319.8074377551,2303.59983714286,2303.21688714286,2277.65044938776,2134.94959040816,2398.49880122449,2297.6929752551,2220.7422722449,2072.78401020408,2142.37154693878,2197.94441530612,1972.71412755102,2165.07269173469,2224.20584081633,2211.79595714286,2150.06519285714,2445.78608244898,2136.34975938776,2192.54435510204,2193.1747222449,2129.93886071429,2274.04064653061,2154.07171489796,2173.69952989796,2124.80794602041,2199.10014255102,2082.72283367347,1919.70404418367,2206.20269112245,2051.08139806122,1927.58438377551,2091.08272959184,2128.62488163265,2041.2004377551,1882.87213397959,2212.31041979592,2016.86620959184,2287.47762142857,2212.43174306122,2282.58193836735,2214.22581428571,2298.90555753061,2262.51523989796,2295.63983612245,2359.76543612245,2359.60822112245,2460.64754112245,2378.81305808163,2269.16378816327,2512.40332530612,2457.60270030612,2411.96005265306,2460.7843854898,2393.14863244898,2572.23549816327,2453.24989857143,2637.09682367347,2462.32875469388,2389.00228408163,2422.46884979592,2382.39521214286,2548.23238020408,2519.27415771429,2555.95807693878,2495.19963479592,2528.29090418367,2500.53775418367,2572.72881744898,2466.75586928571,2639.0870144898,2640.11247090816,2607.12690090816,2394.26979857143,2421.42000408163,2519.45539673469,2499.85432,2580.48741632653,2404.4594122449,2525.8556155102,2476.64470061225,2426.15007285714,2381.78891857143,2280.42626653061,2140.08226040816,2135.82407602041,2252.59589795918,2319.89701102041,2253.00695173469,2325.16864693878,2049.67856612245,2092.48165822449,2057.65237183673,2224.93263897959,1945.58158704082,2086.96056979592,2172.0250444898,2178.17527081633,2192.24243591837,2357.82580653061,2269.9366244898,2355.90900204082,2291.89824744898,2339.59941244898,2381.10124683673,2436.12946306123,2380.16661306123,2409.58674806122,2420.80865306122,2395.79824530612,2223.32313489796,2314.6171877551,2456.62343163265,2454.58222653061,2368.43362653061,2516.80237653061,2531.83377653061,2476.11632857143,2555.34825387755,2227.79271530612,2105.25886663265,2283.10804428572,2250.31756785714,2152.6220144898,2119.23837265306,2157.25251816326,2070.91944489796,2276.73707346939,2172.03086734694,2185.70036734694,2357.30786979592,2189.15189489796,2213.77148989796,2277.86194489796,2574.62141530612,2572.45058183673,2549.56983183673,2290.11118612245,2388.38133612245,2465.97758612245,2486.08133734694,2424.48239734694,2389.47949734694,2357.65160734694,2291.2836977551,2439.7959477551,2506.5157977551,2530.81994612245,2667.88499612245,2548.7283355102,2524.64034204082,2596.86759530612,2555.1737194898,2446.3379377551,2453.11283469388,2430.38128469388,2541.37528173469,2567.73403173469,2359.57039020408,2471.55854734694,2602.84384959184,2435.18858693878,2394.37372693878,2426.6823677551,2413.38844612245,2272.5359472449,2213.0338422449,2208.91343755102,2098.01090306122,2096.6036627551,2016.43538653061,2055.8406677551,2124.98634530612,1956.85421714286,1931.66238795918,2088.29184795918,2198.28740612245,2335.04040204082,2202.23846734694,2085.25310510204,2190.95476704082,2266.35419204082,2211.78106734694,2152.27891183674,2096.73106489796,2137.75775326531,2280.20061346939,2134.83108183674,2469.53460040816,2425.77302387755,2406.59865061224,2350.18101693878,2296.03668285714,2221.03064,2490.34844367347,2577.80470510204,2405.91381469388,2070.73705204082,1915.99367316327,1967.87167336735,1948.45282987755,1955.82676142857,2080.56982040816,2040.59990571429,2015.71163295918,1938.16438510204,2049.04177193878,2196.43375918367,2160.67255840816,2098.73977040816,1969.84642663265,2512.26447163265,2583.96502510204,2494.89085561224,2462.58273102041,2368.45794897959,2468.23854897959,2351.07864897959,2285.01704530612,2192.28264102041,2379.86672918367,2232.33240755102,2265.56373816327,2242.75040702041,2144.05862163265,2431.96004816327,2465.84497244898,2362.63516729592,2483.7261422449,2461.99343918367,2357.81633632653,2390.2423144898,2506.73490591837,2383.5535,2370.77984469388,2257.63009469388,2230.87846132653,2216.26809959184,2268.82229102041,2080.23435591837,2006.73294602041,2134.08519408163,2065.27010857143,2018.30571857143,2073.28835755102,2084.46733,2053.26165,2104.12957959184,1941.82086938776,2018.23975714286,2076.8938722449,2052.31029836735,2121.57938591837,2120.61665467347,2097.15660693877,2137.5469422449,2086.97941846939,2044.25461345918,2177.58717989796,2133.88537102041,2117.09238653061,2042.92051887755,2000.87680969388,2074.46975061224,2058.38222918367,2061.4065327551,2008.2096877551,2068.04055,2234.32520367347,2212.74713571429,2175.45158571429,2357.8528077551,2376.25304908163,2570.62163979592,2349.40637040816,2232.70780714286,2290.21267459184,2247.8510572449,2254.81071020408,2315.17908877551,2241.05661918367,2293.62769591837,2129.45102979592,2192.38544112245,2233.46934326531,2399.69636826531,2378.80375806122,2446.24305693878,2328.11910693878,2203.95380102041,2170.88798571429,2248.30056102041,2098.00226071429,2208.4160122449,2090.47500653061,2189.21706153061,1977.45584153061,2088.47601377551,2184.84649112245,2166.3941072449,1966.26706714286,2143.70416714286,2212.36276714286,2114.38574714286,2261.70001714286,2321.15071714286,2344.89346714286,2289.68925430612,2265.68204163265,2255.94601530612,2334.60690030612,2305.92510030612,2146.16760030612,2295.71546734694,2256.06039938776,2364.3043444898,2203.04698714286,2075.32485,1983.7007755102,2018.80277102041,2162.30774285714,2098.74732755102,2167.91690102041,1928.43790408163,1997.19180408163,1918.28547142857,2029.20706846939,2111.34810765306,2026.75802765306,2077.60791489796,2041.25134530612,2167.73419530612,2029.83234153061,1950.0320022449,2089.96810102041,2206.52484816327,2238.35994142857,2330.62861081633,2250.75096918367,2302.32890153061,2336.11290306122,2182.77775867347,2271.88059908163,2386.90857612245,2318.6500355102,2215.5358222449,2245.22518285714,2157.22151918367,2206.96322846939,2211.13322928571,2245.38815540816,2247.02683969388,2243.61101377551,2206.79769153061,2329.03567,2304.95715510204,2340.53864387755,2262.6302377551,2378.33452653061,2223.58287346939,2240.35788571429,2201.51445438776,2250.21260510204,2342.17329591837,2256.30449918367,2299.21219285714,2278.16036285714,2173.93149265306,2222.09754581633,2177.60866163265,2270.04031163265,2391.53038785714,2445.50808418367,2509.64875991837,2443.3000344898,2354.05791479592,2345.14664387755,2330.66469979592,2196.88219010204,2257.99014755102,2360.10769183673,2379.86076020408,2407.11039469388,2546.43278530612,2456.94648530612,2399.17191877551,2232.89713540816,2235.04833265306,2268.5381077551,2170.28262520408,2391.20255897959,2384.72839755102,2296.64343040816,2252.63749877551,2141.00268346939,2292.61421959184,2397.94661959184,2504.82716836735,2546.5382022449,2545.31777755102,2452.01148377551,2331.45106877551,2354.1215877551,2152.52899091837,2386.3041,2017.1956,2127.42249204082,2347.88364204082,2326.89443210204,2250.64073210204,2262.99318210204,2177.81182040816,2260.2368244898,2108.46323438775,2121.68846122449,1951.04709081633,2066.93873081633,2239.10632428571,2141.47198520408,2384.97763326531,2257.08848653061,2248.98788346939,2111.53603959184,2142.13856306122,2241.58013122449,2308.96167857143,2313.49990959184,2321.85160959184,2293.05892326531,2215.47791326531,2314.65911897959,2264.60308408163,2191.55473408163,2272.09046,2218.82016877551,2176.47596877551,2120.64370938776,2130.5951255102,2065.97180163265,2227.91533040816,2219.09973040816,2179.05251877551,2330.06599755102,2353.04732132653,2436.44739755102,2386.98611785714,2243.31432081633,2342.62919673469,2171.54482653061,2070.61992653061,2282.85359734694,2351.72949877551,2331.42237877551,2599.14134377551,2457.02394877551,2188.03859081633,2349.1491122449,2237.18916836735,2362.53681836735,2293.37026836735,2214.64141336735,2344.16116336735,2345.02094397959,2365.73099397959,2280.70589397959,2223.42513102041,2189.79140795918,2287.92710030612,2181.57421030612,2120.71749683673,2036.52894846939,2159.31766061225,2129.53019693878,2169.63044693878,2138.84051367347,2125.59673367347,2135.00463714286,2145.9470405102,2209.08801020408,2043.26105989796,2090.34437295918,1981.69437704082,1940.39649234694,2000.91602142857,1867.47623102041,2122.53337653061,2139.35391153061,2133.22821653061,1988.60338183673,1968.58193693878,2267.21010918367,2246.94639826531,2132.59095030612,2123.70031530612,2329.12257653061,2409.68818571429,2326.32501836735,2360.28727408163,2283.27228408163,2115.57007421429,2187.98740816327,2214.78670755102,2180.44095897959,2394.61965510204,2268.73742346939,2244.16524081633,2217.82646122449,2185.86415510204,2154.36157571429,2264.16067795918,2317.53918010204,2512.45885510204,2232.84572857143,2245.05662857143,2295.70390357143,2365.70129285714,2511.42009081633,2353.71714081633,2524.36900714286,2493.69607612245,2636.26307020408,2647.56536081633,2675.55063489796,2622.95855928571,2611.88156561224,2577.16042928571,2630.15143255102,2542.96973377551,2522.67793877551,2536.78940306122,2551.8558,2622.31986428571,2533.26895306123,2505.47209306122,2358.7389155102,2427.95418693878,2471.6016922449,2510.00837785714,2301.08180510204,2149.4123277551,2271.99621428571,2275.38775816327,2376.88843061225,2256.23769693878,2154.17114081633,2216.26832346939,2029.08320918367,1894.87596530612,1978.80689795918,2150.05845244898,2100.50461326531,2095.33432979592,2183.63004081633,2191.06877285714,2217.66118734694,2352.89528877551,2219.18072020408,2289.93552020408,2336.24115612245,2270.06690061225,2304.5882622449,2290.94979693878,2126.23439561224,2235.09522244898,2197.40354469388,2082.51217938776,2123.7947744898,2044.7863244898,2330.06364795918,2338.33089795918,2350.24583367347,2192.78245816327,2232.18714387755,2062.12689183674,2130.84630612245,2105.21775612245,2196.84715693878,2362.00676836735,2480.12984938775,2402.03748979592,2470.29958510204,2528.32778071429,2528.00572602041,2328.51758265306,2427.43469040816,2312.92330520408,2306.84639622449,2357.90340734694,2397.18556234694,2590.11010602041,2617.53253877551,2532.20516183673,2582.74288244898,2562.22595857143,2517.46355857143,2544.72489510204,2527.33502653061,2626.50867102041,2632.34673612245,2780.16892997959,2729.37791326531,2649.39043469388,2703.09901469388,2603.70231469388,2596.72392632653,2633.03042132653,2632.16962132653,2541.76998132653,2436.94613132653,2421.32391397959,2578.49026765306,2391.07161408163,2484.00632632653,2545.78580408163,2539.50923534694,2513.78872693878,2450.0640555102,2456.05448428571,2365.86101561225,2467.11186214286,2456.79038010204,2541.97356428571,2580.67932622449,2492.98007755102,2462.50121673469,2433.85920408163,2426.1481755102,2288.32410359184,2223.29941897959,2313.23364336735,2221.55386836735,2114.92590071429,2166.66756530612,2064.71193469388,2200.28700040816,2228.42247285714,2109.8564077551,1866.07110969388,2147.01016326531,2249.66320918367,2167.30499755102,2005.05298918367,2152.18263571429,2121.61222632653,2178.23471163265,2212.01199326531,2329.24042653061,2274.00434122449,2252.62690591837,2195.12036816327,2380.23178367347,2465.30116897959,2343.40430183674,2296.81766142857,2385.81896142857,2260.34390918367,2293.01445918367,2145.16454265306,2300.07644836735,2200.10946591837,2215.23341536735,2186.56164653061,2368.75022632653,2222.05854122449,2089.36273683674,1989.51885969388,2191.1611855102,2202.27597081633,2195.40500530612,2145.91499693878,2222.58566538776,2254.68581538776,2270.07761326531,2245.27153367347,2175.84528367347,2268.98814183673,2257.48959608163,2284.24164608163,2084.12959163265,2132.01205826531,2284.46649765306,2174.80687255102,2145.94572857143,2139.45590040816,2207.66499591837,2255.83102306122,2114.29990040816,2138.70269418367,2355.77159561225,2211.47047755102,2315.42702755102,2252.69280612245,2226.3913877551,2333.44719734694,2168.36354204082,2110.90843581633,2324.88729428571,2300.30048653061,2233.84817469388,2217.65138428571,2162.03327428571,2165.95431928571,2152.04761365306,2254.19671489796,2233.72816489796,2139.47094928571,2315.97671408163,2286.82107397959,2320.07243857143,2230.37297857143,1967.17769081633,2077.48216714286,2091.55916734694,2044.81006836735,2044.77300918367,2138.55386418367,2068.625555,2211.34053418367,2116.87263612245,2098.01618673469,2251.16333142857,2399.70489306122,2320.56087244898,2274.89097244898,2213.73691,2299.87921020408,2270.4110277551,2127.83986163265,2185.48310306122,2165.69475061225,2135.86845061224,2199.36115163265,2124.50107163265,2287.73105530612,2174.44662244898,2229.88769530612,2271.98209612245,2234.96049612245,2305.57274897959,2208.88204306122,2200.94715244898,2198.45981367347,2422.74721530612,2500.94952030612,2621.40844071429,2416.42449591837,2519.99664591837,2309.89539591837,2368.08072040816,2394.38832040816,2393.5150377551,2227.1213577551,2315.26586744898,2541.50141734694,2417.6757744898,2350.56794755102,2546.75282510204,2469.2300022449,2535.93445795918,2452.40835857143,2414.96657077551,2320.82903510204,2316.06903510204,2324.48344408163,2104.80835530612,2238.23931142857,2253.98761306122,2187.86603377551,2312.42472377551,2332.02283979592,2402.98700142857,2359.02768489796,2326.14737183674,2330.48462102041,2098.70033163265,2156.55470632653,2166.80387857143,2406.59626122449,2187.37334071429,2332.22776632653,2171.13217397959,2061.07052785714,2058.67317816327,2103.02380285714,2094.57796020408,2215.11478367347,2186.42968367347,2238.99358367347,2296.62101530612,2162.10246469388,2231.63063428571,1982.33625928571,1996.75693428571,1952.09706897959,2023.87821334694,2134.91001334694,2147.96329387755,2243.32722346939,2312.13575489796,2243.59375489796,2561.24365489796,2265.96690489796,2260.91214489796,2257.59122683673,2311.62229571429,2170.45889897959,2294.21368102041,2233.28363102041,2297.10596283673,2065.71981346939,2221.1569155102,2243.63769408163,2118.95935510204,2061.99990918367,2240.0933655102,2317.8175955102,2429.3616455102,2440.58425693878,2526.29504908163,2503.75031346939,2457.37805040816,2556.58505244898,2577.71060244898,2495.83297428571,2457.24712428571,2446.15503591837,2525.64278591837,2379.59375918367,2485.83953285714,2383.26583836735,2476.68873530612,2558.17698530612,2350.77110510204,2482.03172897959,2289.25645714286,2304.25703581633,2222.30331081633,2270.52327102041,2199.86602612245,2166.85339612245,2010.27139673469,2227.9972355102,2212.3136255102,2123.8325255102,2227.89179693878,2235.11494693878,2233.74970408163,2298.22658061225,2294.06203367347,2274.10210867347,2318.46350438776,2188.76755336735,2188.24661785714,2264.62713061225,2386.28929693878,2500.06081122449,2358.22897959184,2430.92341734694,2245.88372653061,2332.33040306122,2282.3645477551,2326.22316836735,2206.89618265306,2274.70869591837,2343.65113244898,2195.66155142857,2075.14035,2296.89979265306,2273.9289055102,2005.61873683673,2188.31261673469,2220.58365969388,2294.92740816327,2094.4754622449,1998.19321336735,2214.75269377551,2280.60344122449,2191.68453163265,2118.96392755102,2054.86594877551,2141.63563367347,2207.55878571429,2327.45478571429,2180.87923571429,2426.54575,2363.43983877551,2533.84198469388,2431.88186428571,2385.80545469388,2423.49170469388,2529.31213489796,2360.28914897959,2186.03052959184,2091.97330326531,2446.55247244898,2354.91701836735,2265.13204336735,2321.18891836735,2278.65226836735,2434.63514183674,2271.43995102041,2190.02097857143,2209.94557857143,2205.89645816327,2204.83164183673,2438.29318765306,2476.82479285714,2370.07725102041,2427.68069693878,2388.88688438776,2551.42170173469,2501.35500173469,2465.85660173469,2332.87279979592,2294.3642527551,2300.35995408163,2163.04425408163,2277.18222959184,2314.49173959184,2295.35632244898,2363.05447755102,2146.72806836735,2288.18373336735,2336.29906836735,2424.63506938776,2401.34241734694,2488.30356734694,2288.32640204082,2275.49874704082,2467.13519489796,2238.73961989796,2118.29463989796,2052.01796132653,2220.63206132653,2066.25236132653,2097.39701132653,1938.89873632653,1985.31070061225,1934.32962061225,1965.40134755102,2103.56644102041,2190.62173755102,2155.27193112245,2202.66963387755,2185.38080877551,1953.4018522449,2171.92121673469,2232.45056673469,2057.01742173469,1763.44440897959,2068.56990897959,2034.32209897959,1982.40477704082,1927.49720693878,2044.3325422449,2192.84700653061,1967.14035428571,2128.39263581633,2153.01937408163,2267.9625677551,2217.18707795918,2258.08303367347,2266.72704897959,2129.72011326531,2144.22878163265,2243.16330510204,2291.70466632653,2183.99020489796,2331.71534989796,2224.35200612245,2344.78612132653,2295.12669132653,2148.43536693878,2294.68089693878,2255.43292693878,2179.08692653061,2380.71977653061,2446.97453061225,2363.45194336735,2239.28931091837,2424.96426693878,2236.88107040816,2336.32297040816,2378.90441428571,2220.39716428571,2395.54552142857,2620.12459387755,2370.60874112245,2435.56611816327,2375.79715326531,2412.67200612245,2499.11657367347,2270.24248163265,2142.91865030612,2236.38967153061,2363.38230857143,2381.15442755102,2297.13848744898,2314.69162295918,2188.90364112245,2263.76431479592,2369.99674132653,2284.09926744898,2293.79620071429,2088.65828785714,2092.01446112245,2066.41079826531,2302.69937683674,2427.04627846939,2363.08593734694,2307.36716377551,2155.45151428571,2173.22453979592,2289.69279795918,2110.49399795918,2326.67514081633,2093.62164795918,2347.98132857143,2360.67182244898,2246.22547244898,2494.22386734694,2508.50339489796,2494.23930408163,2503.5789022449,2414.36708326531,2183.62163326531,2444.78950510204,2400.92401073673,2486.40741573674,2477.82643073673,2441.99790073673,2493.89630285714,2322.38443406122,2412.45819489796,2300.00909795918,2205.42865040816,2257.85831540816,2285.20027346939,2293.15579918367,2169.66066622449,2137.04701622449,2303.40827653061,2189.96324285714,2307.44020918367,2254.29933061225,2192.42954591837,2116.39664591837,2491.00301326531,2402.51852040816,2356.68454040816,2293.42138673469,2353.96138367347,2329.06012789796,2309.68216922449,2242.64269422449,2592.66118265306,2413.41234897959,2482.40061897959,2449.6189955102,2492.48508877551,2567.48243163265,2510.20648163265,2483.32459081633,2343.75838877551,2327.97993663265,2352.89712255102,2423.68640867347,2408.84824204082,2501.48792693878,2294.83988428571,2366.88252408163,2367.50752306123,2371.71496959184,2435.478735,2413.4606577551,2421.94920071429,2308.00391020408,2224.19443979592,2274.66180306122,2445.84475510204,2477.16525306122,2434.85800102041,2374.25564489796,2411.18903285714,2309.0887655102,2257.31884755102,2311.36226428571,2324.69731979592,2298.08041979592,2570.01177836735,2615.95798489796,2733.14324857143,2466.11399357143,2749.47254857143,2777.41592653061,2427.92426938776,2310.3332544898,2282.92047163265,2214.24197959184,2246.76090204082,2222.78727357143,2139.38682663265,2204.42127571429,2074.17913326531,2058.40077102041,2093.60264979592,2116.44488102041,2044.62947102041,1855.64352938776,2115.38884081633,1963.18329081633,2105.80869581633,2244.50286122449,2254.97757346939,2114.66644285714,2346.7794244898,2446.21795,2414.5991,2337.41526489796,2423.09654877551,2546.68299489796,2670.37244020408,2456.15437857143,2720.04022142857,2654.67444387755,2237.99891428571,2066.50265428571,2233.16212132653,2168.86247469388,2128.32619897959,2214.12160571429,2205.77949081633,2127.69024081633,2158.78021061224,2070.84401469388,2129.51730959184,2042.05353510204,2164.13933010204,1963.90909510204,2098.31708510204,1967.78567285714,1839.61777928571,1773.41068632653,1809.45596632653,1966.05227653061,2271.60318122449,2243.31885142857,2166.64886387755,2140.08716142857,2160.20219122449,2053.14903877551,2156.91089795918,2180.88549795918,2280.71878979592,2228.86073367347,2090.45386285714,1987.89175408163,2080.42645979592,2148.16803612245,1921.12923612245,2173.22188612245,2300.51323612245,2294.65070520408,2409.5686494898,2417.5521444898,2407.9045122449,2463.2515122449,2555.3551807551,2495.63101836735,2312.14275122449,2430.9388577551,2206.9808255102,2423.65587755102,2297.00193586735,2296.27180632653,2118.09415979592,2303.16482959184,2173.05100214286,2158.26535244898,2134.75225683673,2242.06474081633,2082.46499214286,2205.64814214286,2239.69138877551,2113.67253877551,2080.86664377551,2218.4292172449,2319.0459622449,2209.56261020408,2387.81910612245,2376.02403367347,2604.29576020408,2553.00366020408,2453.45794489796,2487.52833428571,2238.07992081633,2186.57484897959,2189.86574795918,1947.06808816327,2142.88379816327,2225.45925816327,2329.15088918367,2321.82775959184,2334.66442959184,2260.43539693877,2239.85184897959,2177.70071897959,2277.72242897959,2371.30269897959,2288.71294397959,2291.76244397959,2322.72866173469,2432.81893142857,2448.83344877551,2316.97359479592,2445.43538642857,2515.54186214286,2423.94615602041,2381.72518204082,2251.45262122449,2396.22476571429,2345.07399346939,2559.27615244898,2478.85802367347,2453.74703244898,2500.89124938776,2344.7773022449,2370.32605816327,2517.76997673469,2338.09934265306,2320.87649265306,2412.18029265306,2413.86881020408,2221.14980204082,2166.49868591837,2108.28507877551,2246.15790816327,2227.87015489796,2155.01390612245,2341.65666122449,2272.03892244898,2304.78797040816,2201.16344040816,2213.71422040816,2222.04702040816,2329.75347040816,2226.32827040816,2257.53427040816,2296.99747244898,2207.61416428571,2326.60706428572,2216.43506428571,2286.85401428571,2166.64349489796,2088.83614489796,2285.74669489796,2275.70339489796,2200.85802959184,2210.99648265306,2324.36729683674,2416.43829683674,2252.83674683674,2251.97985683674,2201.64759683673,2272.68934683674,2155.95141020408,2171.72091020408,2309.54121020408,2242.42767816327,2232.74648408163,2356.40461673469,2287.09393673469,2108.12889173469,2258.15676316327,2221.51261826531,2192.67804204082,2221.58932263265,2146.02137110204,2100.35818081633,2200.37638469388,2155.96283306122,2429.30609408163,2398.51531591837,2321.74042653061,2267.24557142857,2146.96620102041,2088.53851010204,2163.97326428571,2127.97543653061,2052.86703061224,2326.32105408163,2330.26457316327,2463.09037244898,2408.79477244898,2461.41305204082,2394.62785204082,2414.15460816327,2296.14138673469,2409.10508877551,2260.91438877551,2350.47371836735,2539.48501428571,2506.98879795918,2391.69439387755,2350.09150816327,2318.47251938776,2165.49359989796,2221.5611244898,2241.04264887755,2253.51667653061,2240.51383061225,2235.17781520408,2222.46722193878,2207.61384387755,1970.03008061225,2080.09461612245,2103.90636612245,2135.32177346939,2193.02497346939,2346.78052346939,2428.94965418367,2350.30164102041,2418.66724102041,2117.74521938775,2048.46203938775,2083.55360714286,1862.51754897959,2121.26505,2039.71209622449,1997.44517989796,1995.66772193878,2182.78698765306,2115.53715816327,2388.66582755102,2382.85464612245,2390.18523418367,2340.0112272449,2391.21071571429,2422.9774744898,2428.27953102041,2218.00427142857,2364.8445822449,2332.90188193878,2376.23773193878,2379.01144306122,2365.06626387755,2255.19416387755,2313.28216428571,2450.20989163265,2379.54676612245,2253.21985693878,2187.924881,2138.993141,2295.476096,2384.621696,2528.699831,2385.62162,2394.09642163265,2231.86881428571,2106.20339183673,2218.18989142857,2165.63028755102,2103.49538244898,2220.52429244898,2119.34224183673,2048.53977142857,2114.7950644898,2146.51932632653,2402.29354408163,2438.80152489796,2390.45414367347,2386.5793077551,2415.34108193878,2244.74540887755,2304.80391122449,2380.82786326531,2516.59193061225,2474.9288244898,2362.35685418367,2252.09039632653,2179.00170387755,2334.50206795918,2328.4235755102,2391.43294918367,2421.79770489796,2341.37989946939,2206.24767653061,2317.63297928572,2255.84058969388,2402.29027265306,2299.43497265306,2328.00593183673,2047.41848183673,2186.05906357143,2036.34885204082,2191.40822867347,2251.18078632653,2203.41147887755,2262.99988163265,2292.32912714286,2145.37677959184,2328.38923428571,2087.99209471429,2067.53347642857,2213.73886265306,2178.51154489796,2156.77593867347,2197.86411234694,2141.49246204082,2087.90839367347,2076.09480428571,2041.07670428571,2310.51701979592,2142.88325755102,2037.58677255102,2208.34415408163,2112.07784489796,2310.69325612245,2346.48280612245,2298.96412959184,2137.80902959184,2164.10924081633,2374.94617755102,2397.68327040816,2277.78166755102,2338.56233418367,2252.59049418367,2314.11186102041,2223.0639622449,2270.20258367347,2523.68633367347,2345.06178367347,2469.75592857143,2492.18655734694,2389.97295061225,2349.13770061224,2391.67410061224,2251.16880061224,2307.86193265306,2217.82127653061,2243.23711326531,2131.92690571429,2138.24725091837,2061.62406183673,2168.50484632653,2214.80464469388,2344.48409897959,2174.04698867347,2304.11243346939,2291.25722908163,2319.30952561225,2250.73474489796,2243.90738418367,2265.47730918367,2346.01043979592,2445.89833530612,2303.21463816327,2320.00518989796,2303.74452765306,2323.56243142857,2282.86764489796,2359.96561489796,2369.94911836735,2398.00441428571,2384.96951428571,2367.96521428571,2429.59363571429,2338.08553530612,2299.59311938775,2298.68786081633,2305.62226061225,2174.33492571429,2410.10556367347,2362.36506367347,2397.48192367347,2351.80821346939,2336.34326346939,2363.09411346939,2369.27582142857,2295.00896693878,2409.01719387755,2323.2938355102,2149.4674255102,2191.8611455102,2326.92302489796,2138.00847489796,2322.08774428571,2163.59533877551,2195.54210591837,2180.4238144898,2105.71519765306,2176.8549027551,2194.61192897959,2243.58543255102,2278.09652877551,2135.41587153061,2138.27863622449,2184.9927677551,2378.4023027551,2331.39373428571,2367.86929632653,2251.23486132653,2245.17900336735,2284.67808846939,2117.13532418367,2131.97700918367,2204.86847122449,2167.31599632653,2215.52627938776,2069.68432306122,2270.52929642857,2226.30585959184,2190.81475479592,2255.52965836735,2347.60535408163,2179.63190408163,1960.29920816327,2162.95700816327,2056.25849285714,2174.22411785714,2122.46684285714,2273.70911632653,2252.27986255102,2260.18173979592,2301.93455306122,2212.62360204082,2374.79394714286,2132.25009714286,2229.52972904082,2574.53342259184,2554.60796530612,2735.64037530612,2699.52676108163,2623.71939897959,2691.46176306122,2589.93105489796,2764.04770408163,2716.07768193878,2452.55906291837,2495.28021530612,2381.12465397959,2399.74909877551,2450.19195081633,2414.50122285714,2325.58523510204,2285.52983510204,2620.7600744898,2562.66170979592,2467.31758795918,2437.99825836735,2469.06911428571,2324.13401510204,2401.90205142857,2300.70382346939,2159.73634489796,2247.83846306122,2205.40526306122,2409.29370806122,2308.54316306122,2251.83693979592,2193.13071040816,2282.39091490816,2269.25702040816,2509.21821285714,2443.54927469388,2465.8418777551,2558.45026785714,2529.68359653061,2799.68031428571,2781.2884255102,2570.86802326531,2481.63567428571,2476.52792020408,2283.2471155102,2381.6827644898,2462.53344285714,2470.84996642857,2524.59154489796,2649.97999897959,2696.63296367347,2871.52427897959,2813.86395183673,2763.38705653061,2759.96663367347,2578.92158877551,2526.21341036735,2553.920825,2705.4953455102,2789.30598530612,2737.55009204082,2405.90090306122,2333.06696816327,2549.23153387755,2382.25711469388,2402.36776918367,2299.36185918367,2194.82838877551,2289.37980102041,2253.81526938776,2290.04215673469,2252.41473979592,2199.89233367347,2436.39913673469,2397.05555265306,2367.32502489796,2355.872855,2338.8976572449,2352.27400408163,2429.81959704082,2424.82548581633,2371.11307132653,2352.32009265306,2361.48820571429,2497.45797520408,2519.76375020408,2481.2577755102,2541.44671693878,2561.74621693878,2647.03541622449,2596.11931004082,2614.90928081633,2632.51982336735,2566.79768336735,2491.23506306122,2229.28686244898,2250.8470055102,2194.46526244898,2090.41090387755,2056.40121734694,2293.50780816327,2148.33843673469,2194.35755510204,2168.67591310204,2189.65288718367,2099.6792755102,2191.79994877551,2150.77584346939,2140.69547581633,2233.43057755102,2187.23257061224,2360.82205693877,2324.65455693877,2245.89475346939,2159.72070346939,2188.09084979592,2195.82913020408,2212.36430142857,2180.24800142857,2410.43242367347,2311.98365,2215.40080102041,2371.79199693878,2430.14182346939,2290.25307653061,2437.7724994898,2373.43346581633,2270.60544581633,2245.27081081633,2345.5291305102,2268.67792857143,2245.88435306122,2018.99142653061,2127.95054285714,2307.58119489796,2252.77909387755,2389.09646887755,2280.40042174898,2287.83846185102,2368.92156204082,2354.86634897959,2326.06884591837,2284.14440918367,2389.71275081633,2342.99647663265,2379.70106663265,2329.25868193878,2340.11253193878,2338.20003244898,2363.47642244898,2298.16783744898,2290.12645214286,2209.16867683673,2208.25520316327,2182.34511153061,2432.51254183674,2033.44465285714,2153.27465489796,2015.90008979592,2173.12439591837,2178.51144591837,2242.58407959184,2148.86683306122,2307.51976612245,2143.31017183673,2134.43696591837,2207.68467857143,2289.69767857143,2410.98834632653,2343.06024632653,2401.16370755102,2318.35889897959,2293.96880397959,2445.82181397959,2405.90327857143,2549.37349693878,2542.44697193878,2494.21134653061,2462.12283469388,2409.69580714286,2579.77907377551,2537.27462377551,2526.74810346939,2644.16184693878,2547.65276489796,2559.56201632653,2643.42244795918,2525.56172244898,2634.8183227551,2383.39191745918,2333.8176155102,2486.69563040816,2636.30398755102,2651.86346877551,2557.08531163265,2681.97845897959,2620.45163122449,2580.70423081633,2660.12221836735,2573.42217102041,2469.87735510204,2615.79902040816,2550.05047418367,2537.74626918367,2408.17850387755,2586.76813571429,2620.21618571429,2657.30004857143,2517.54714857143,2395.51907204082,2327.22467346939,2539.77533469388,2482.3326877551,2493.10201326531,2238.81195918367,2159.60007418367,2135.30727571429,2240.71558571429,2165.02238571429,2414.50975306122,2414.62685306123,2400.46133765306,2279.39449265306,2216.02999265306,2520.03882277551,2431.58379061224,2372.20816612245,2104.88771183673,2215.91885744898,2162.87671387755,2243.54746489796,2184.51974142857,2273.60921285714,2055.71731795918,2113.56955316327,2028.27064877551,2064.73851377551,2196.26454178571,2253.7433622449,2112.5547422449,2108.28821734694,2234.23545387755,2174.00070387755,2132.57455387755,2042.28484693878,2148.15949653061,2165.53487479592,2165.50727112245,1948.30843632653,1990.16517653061,2029.6665202449,2134.90229510204,2089.19088571429,2075.90375510204,2268.47296734694,2221.88021734694,2111.39036734694,2273.22818734694,2203.84961632653,2187.7503755102,2275.18509897959,2254.86035061225,2285.89766489796,2456.08186122449,2371.87366122449,2195.30551122449,2396.51230673469,2445.79668326531,2311.40989387755,2203.27982714286,2223.56258714286,2321.29732244898,2401.41841326531,2196.3818627551,2199.12362979592,2196.40812408163,2170.46289428571,2294.32929877551,2249.96008857143,2280.31920928571,2334.49630540816,2330.03597061224,2232.10066908163,2166.80342020408,2218.15287326531,2328.46827693878,2222.94102887755,2320.90068877551,2334.37232387755,2212.97407816327,2288.63370040816,2252.16435040816,2194.54415816327,2159.84831653061,2209.30033285714,2169.89293285714,2092.47235285714,2426.65331897959,2557.77166561224,2492.64720836735,2538.27884459184,2689.39620459184,2662.28864612245,2557.20187755102,2651.49278122449,2492.07634795918,2650.95644714286,2574.53766734694,2719.64546938776,2768.83748479592,2634.45194020408,2546.09856163265,2504.28001112245,2584.82657295918,2547.88912632653,2384.073956,2353.67304367347,2281.73912010204,2165.00622510204,2003.40273204082,2178.53889479592,2263.52143204082,2307.96733428571,2065.4959522449,2017.17730163265,1983.30668428571,2092.00831489796,2065.64301173469,2204.25171173469,1997.58709867347,2033.39843467347,2107.156911,2241.51064183673,2158.3275877551,2008.64758061224,2065.83091061224,2171.41626040816,2254.15307479592,2252.6750055102,2228.4666555102,2509.57931795918,2626.35890183673,2541.08987040816,2540.41864040816,2496.83954040816,2579.94829540816,2327.81998040816,2221.78329122449,2133.88628010204,1992.23739704082,2015.91463418367,1997.80504173469,2031.74612316327,2088.34142816326,2048.17117816327,2189.43349469388,2169.16558061224,2084.57453061224,2362.97708714286,2398.54142102041,2538.54097714286,2477.11602142857,2273.01855571429,2099.13163163265,2218.0107287551,2171.68464979592,2177.26234061224,2182.57576326531,2252.84468285714,2175.66390489796,2128.94589163265,1988.91609473469,2173.63033571429,2333.66219673469,2341.3419222449,2165.4032722449,2297.59263428571,2265.78643163265,2506.58642938776,2486.45200908163,2384.07353755102,2513.41312755102,2374.10884387755,2355.31744387755,2293.04844387755,2050.95084357143,2209.53021193878,2085.19766244898,2261.8531244898,2315.28137734694,2166.45253142857,2160.40262346939,2134.27992816327,2165.50374030612,2156.59411734694,2430.16808918367,2141.73592755102,2306.98722040816,2348.03136489796,2389.04632469388,2317.78938622449,2355.74267336735,2489.45917642857,2433.77275530612,2372.20652408163,2503.54047653061,2482.18572836735,2372.3233405102,2435.66426642857,2430.33543081633,2311.15881918367,2230.8651577551,2083.4994327551,2004.81578265306,1962.39632040816,2106.01401346939,2199.62672367347,2350.79171938776,2336.6337844898,2253.3855194898,2232.9215677551,2187.0972877551,2280.78653846939,2202.63802040816,2131.9680255102,2037.2614255102,2147.42637673469,2062.21975,2201.0613,2179.38199620408,2284.00298020408,2137.26528265306,2221.93424204082,2251.01227346939,2237.65501285714,2220.0652872449,2313.03169204082,2135.0668522449,2072.52077857143,2166.93040510204,2075.15403693878,2049.2440922449,2184.0695322449,2272.02042653061,2106.33969153061,2135.35258897959,2084.10760918367,2164.04705408163,2252.54490908163,2227.48625408163,2291.68872755102,2268.44862591837,2233.9043622449,2355.0729622449,2322.82818897959,2280.04732353061,2260.3447544898,2171.64471265306,2069.3767005102,2074.473695,2368.67920785714,2401.67107561224,2446.6411072449,2555.07499346939,2624.86844367347,2576.73277561225,2617.60250234694,2723.03930234694,2723.85733061224,2449.96619489796,2321.9152377551,2385.89452755102,2362.41156122449,2359.54273469388,2401.7590622449,2419.46173163265,2435.62472795918,2422.15224285714,2240.12245510204,2170.96203367347,2240.82589693878,2264.86384489796,2254.98037704082,2249.05185204082,2380.48302653061,2337.45559387755,2358.70981122449,2381.75700510204,2281.26443163265,2078.77967438776,2188.75206244898,1966.84333326531,1965.42398326531,2123.78571826531,2113.05225693878,2110.88259193878,2054.45259357143,2223.85497010204,2188.24504061225,2236.42542561224,2284.81949402041,2306.06412061225,2325.09398436735,2443.85562859184,2470.08598702041,2428.37317132653,2338.15474877551,2283.17575632653,2237.50504897959,2046.85006142857,2328.21288673469,2171.91457836735,2086.60532836735,2096.21698744898,2230.85430653061,2212.86997142857,2251.22022142857,2395.91269918367,2509.60613877551,2462.53836938776,2700.13336822041,2572.4786722449,2265.09195744898,2133.22178887755,2337.65290285714,2344.69433346939,2333.24888234694,2295.67139183674,2484.32448326531,2586.05753653061,2533.17286977551,2150.20186489796,2005.58517510204,2195.96003061225,2183.20772346939,2259.55029530612,2549.54214530612,2460.15077428571,2344.28235714286,2458.63551765306,2422.32779316327,2263.74746020408,2220.82352663265,2073.54382918367,1986.95367795918,2113.87228255102,1961.39654510204,2237.28402326531,2209.5108955102,2524.22002734694,2552.76313806122,2372.04678183673,2376.17948714286,2335.63708714286,2152.72324020408,2225.04351122449,2341.55451122449,2291.75775918367,2281.97254918367,2123.86273020408,2142.67398469388,2100.45983897959,2170.9670255102,2136.44999612245,2046.12202612245,2191.03895530612,2150.18239295918,2343.21902183673,2452.99429673469,2561.53736244898,2473.49749326531,2448.41733612245,2488.35765612245,2314.2283822449,2287.1072222449,2199.1425572449,2217.06384887755,2149.37185428572,2193.41622214286,2178.08752214286,2139.21654214286,2083.08711428571,2144.51905428572,2086.60241428571,2317.56806428572,2261.31347346939,2254.77617346939,2356.14248061225,2418.6820377551,2278.16748877551,2256.57956122449,2149.24671122449,2151.58519897959,2222.96542959184,2169.41223469388,2184.45650204082,2152.21581183674,2300.01547122449,2332.50162183674,2398.91776632653,2402.28620632653,2330.62532214286,2417.74132938776,2303.70484265306,2443.06187887755,2482.25335612245,2412.39056938776,2187.50554081633,2306.64974081633,2205.887385,2244.80415061224,2391.85829173469,2382.27006132653,2368.75809510204,2500.26294510204,2546.19543918367,2538.46040897959,2483.7072077551,2460.97556622449,2591.35759938776,2565.07749102041,2469.93720204082,2337.70332173469,2351.31097693878,2338.48369673469,2428.68490285714,2385.96406693878,2513.76546693878,2468.72175571429,2467.01982244898,2438.81910244898,2217.42942387755,2302.49062918367,2251.30836367347,2268.12576867347,2325.88638571429,2262.47723632653,2372.87650163265,2265.22509346939,2376.85533367347,2436.82172918367,2339.68445,2284.2341,2243.60821142857,2136.26597367347,2243.47470261224,2193.88899957143,2245.71113673469,2245.61229959184,2207.57823520408,2252.9944377551,2390.10048397959,2361.42725265306,2177.50670265306,1996.22159183673,2190.64845846939,2036.18799183673,2182.00265071429,2120.94847704082,2228.0677755102,2218.5130755102,2206.74224285714,2324.21719285714,2593.49016438776,2335.02994918367,2303.19263061225,2169.75788367347,2146.25114489796,2109.78087959184,1964.19395204082,2033.63244591837,2170.58562040816,2201.32359795918,2127.07009491837,2133.42236326531,2302.11424183673,2305.89159183673,2262.23025408163,2219.3254255102,2240.89094081633,2134.52931081633,2175.27170061225,2315.49737755102,2300.9143755102,2235.9117955102,2374.14246846939,2534.64401979592,2569.69190040816,2397.91976255102,2464.66279989796,2403.58762132653,2281.23512959184,2389.0464844898,2282.45703887755,2100.93312887755,2140.21690204082,2222.62980204082,2218.80296,2213.98438530612,2159.39388040816,2137.90003102041,2282.98161306122,2309.25079897959,2250.25414897959,2339.38674857143,2419.95009795918,2382.08550204082,2323.20590204082,2359.56225204082,2391.88103163265,2305.24790816327,2224.89173367347,2441.08167295918,2198.69069285714,2215.39540326531,2291.43320367347,2210.56256285714,2181.25895857143,2312.44078244898,2270.8003922449,2324.05136,2218.05481,2087.25587745918,2242.88870897959,2115.96441326531,2174.57325734694,2197.04777367347,2526.12947285714,2461.48449714286,2495.30041914082,2531.25061285714,2464.44056285714,2519.43286285714,2355.16456285714,2418.73382734694,2412.78842734694,2473.59587183673,2490.79627693878,2241.05623530612,2204.92812183674,2252.65978,2247.24613,2226.7467722449,2208.7673222449,2367.4905372449,2344.79385040816,2199.72622102041,2345.47693265306,2312.48782234694,2329.43866520408,2415.69363197959,2436.26997653061,2219.91072653061,2428.72347112245,2077.80145061225,1991.99649653061,2137.30605510204,2055.08983510204,2120.99351673469,2158.33748693878,2022.81230622449,2033.92105112245,2186.88299612245,2071.14846,2186.36307020408,2229.38397163265,2368.5231822449,2418.63281326531,2455.15613510204,2381.66778683673,2262.10683010204,2240.66345530612,2343.380135,2286.81584285714,2409.78637530612,2383.62596204082,2366.40035306122,2205.28099795918,2128.82308183673,1998.41625836735,1973.39311632653,2081.50416632653,2168.89310816327,2127.55475816327,2074.41540816327,2170.33219387755,2131.23526836735,2021.82232877551,2244.97525510204,2312.62215040816,2302.75979183673,2191.64102979592,2127.68332979592,2197.03157142857,2004.1049122449,2327.91076938776,2231.45827346939,2349.53275612245,2070.51695102041,2195.28551204082,2139.50682,2051.01120326531,2144.06244387755,2060.64302938776,2090.71034438776,2010.62628173469,1990.01784438776,2037.15734540816,2032.80437020408,1996.73286520408,2074.90984989796,2128.07698755102,2157.35011142857,2190.63894571429,2096.18311918367,2119.63867122449,2301.06443112245,2258.91499489796,2296.89362142857,2435.51415102041,2402.27126530612,2359.95366428571,2400.04929081633,2337.4665227551,2347.92372030612,2263.20126122449,2276.05188173469,2354.16960979592,2432.58139183673,2261.89915428571,2149.41000510204,2067.99413265306,1909.95349489796,1999.6670877551,2109.78958061225,2065.91872857143,2215.45587755102,2287.7124377551,2053.94002520408,2100.7836827551,2176.4058377551,2024.92732928571,2073.28255,2152.34398591837,2071.92170510204,2107.86890857143,2194.62746346939,2064.11674387755,2334.38197887755,2287.60897958163,2147.80702937755,2272.40757815306,2287.94316592857,2374.59105643878,2447.00165643878,2393.03317643878,2599.8703600102,2566.4188255102,2334.79788071429,2272.7931794898,2400.1024544898,2395.38725857143,2340.35075857143,2314.43291183673,2093.71811183673,2218.62501632653,2087.02667265306,2020.27287265306,2204.10503163265,2208.00785938776,2134.81390877551,2056.57480163265,2034.47536979592,2121.19947367347,1857.1795577551,1985.96693918367,1906.92984040816,2048.58702040816,1907.10940510204,2113.82247265306,2065.55880918367,2079.94980918367,2056.77059418367,1912.98299418367,2020.20452918367,2055.24822918367,1953.11394612245,1921.31915897959,1999.72151265306,1952.01281265306,2114.76111265306,2106.25302265306,1918.6434777551,1985.88428428571,2057.74997595918,1949.78432095918,2093.42826489796,2065.94821489796,2110.77851530612,2104.05140387755,2139.03479285714,2017.30964193878,2199.32904581633,2114.46661530612,1912.86064387755,1996.52331122449,1936.28637122449,2099.40297816327,1888.95844479592,1740.27311490816,1881.69530765306,1970.50567642857,2385.99038867347,2223.86774908163,2141.72836908163,2087.44406744898,2203.97730836735,2146.31548081633,2351.39931653061,2212.4485522449,2182.18597142857,2238.08944693878,2252.63727653061,2110.77974153061,2324.6358877551,2132.5354627551,2163.67340612245,2067.86330612245,1991.54675612245,2090.08454489796,2056.34361241837,2089.90694489796,2262.41804489796,2192.22960510204,2200.86220510204,2305.82706020408,2307.80768163265,2271.90242081633,2245.08688928571,2255.03859163265,2296.65276734694,2374.74810918367,2256.66525918367,2133.43632479592,2277.23800979592,2297.11468612245,2352.37942959184,2197.11201204082,2481.18941489796,2228.0060655102,2283.27912632653,2174.49643530612,2194.36190510204,2324.89462244898,2265.11449979592,2364.85336090816,2496.94199845918,2552.64029845918,2400.34939437755,2205.93797396939,2378.61584846939,2440.5618622449,2447.2130422449,2486.40679571429,2385.23373071429,2377.98465112245,2420.31779897959,1973.32276397959,2072.83965336735,2136.03481744898,2196.2199872449,2276.55751285714,2290.51996938776,2173.50626734694,2062.16053142857,2074.1913844898,2194.57688397959,2233.4847872449,2120.15078571429,2185.46793530612,2029.35134612245,2137.60652612245,1988.05453265306,2133.89143571429,2009.25613571429,2236.06146602041,2079.29388602041,2219.40117071429,2076.91530204082,2081.11254938776,2059.61875459184,2201.42790673469,2079.45664489796,2145.69426306122,2195.46781795918,2101.56524285714,2072.50722704082,2121.55519897959,2257.46307489796,2162.34792367347,2245.69603867347,2110.62515285714,2015.79589336735,2184.26845464286,2163.74348571429,2140.91772816327,2202.54160285714,2119.19291061225,2105.85953306122,2043.93093081633,2072.31322,2163.40577081633,2182.65802744898,2302.33282744898,2359.9010677551,2136.3509677551,2277.43903530612,2404.0138375102,2199.46610306122,2197.64674795918,2109.17535204082,2100.69512071429,2294.86109489796,2437.66309489796,2383.31852346939,2352.24687346939,2227.09915846939,2172.51302346939,2148.19212959184,2228.83032204082,2197.51229969388,2083.27008469388,2112.87865102041,2211.76639102041,2210.12302244898,2215.08980581633,2283.308065,2214.173695,2161.83052959184,2202.11047959184,2286.45580102041,2266.58894795918,2209.71247795918,2241.11413571429,2197.80636428571,2136.16848469388,2356.07834591837,2229.12504387755,2367.02116836735,2265.05612336735,2315.55962653061,2213.53270714286,2325.28616489796,2259.14337989796,2119.72076040816,2280.63087602041,2244.26037602041,2202.96690561225,2078.259375,2200.09656071429,2231.10719336735,2099.77300836735,2195.03345306122,2175.73253979592,2193.57825306122,2178.68964387755,2249.04695816327,2209.77675816327,2259.51400938776,2252.39145183674,2163.02522887755,2313.78126408163,2351.22022428571,2370.15447142857,2415.65328542857,2345.39009881633,2312.13085306122,2218.72669204082,2223.88746204082,2240.12828571429,2223.52571683673,2137.05196244898,2336.02142244898,2086.20000765306,1971.05921265306,2154.40811336735,2273.39523336735,2107.49787336735,2144.3725555102,2108.6275905102,2265.0239077551,2230.5569077551,2195.90269285714,2084.15984428571,2285.76745655102,2381.5945672449,2334.6313172449,2373.54091112245,2430.04773693878,2395.00832408163,2294.07472061225,2303.10412653061,2128.91290714286,2277.64193265306,2281.43088183673,2179.48833367347,2178.56072795918,2123.62739591837,2113.96655,2260.01285102041,2160.69324693878,1997.62769693878,2173.89044693878,2213.54354693878,2098.53769081633,2179.31255408163,2261.24609183674,2211.47055979592,2383.01351857143,2266.81159183673,2478.81401326531,2320.00942040816,2187.1554822449,1979.43880306122,2058.99035583674,2164.60604734694,2193.32010489796,2129.23681795918,2060.51530346939,2051.62975183673,2173.87998959184,2311.76375530612,2081.26092683673,2064.18650785714,2220.77384204082,2150.63307714286,2064.51223408163,2224.14295408163,2239.54551969388,2301.24665918367,2360.05585163265,2462.28816591837,2401.41403091837,2362.82682336735,2121.77404030612,2048.99334673469,2279.98630510204,2367.14037030612,2237.70994489796,2259.44870755102,2141.01378979592,2128.4496377551,2129.7235877551,2038.94172020408,2105.6483129898,2290.22775135714,2304.41587040816,2196.76437969388,2223.45950295918,2334.08667795918,2373.97761918367,2204.32389285714,2360.54653653061,2196.17758755102,2049.78900102041,2097.40828979592,1983.94695204082,2158.31534285714,2028.10142346939,2142.99114255102,2259.03712244898,2218.29156428571,2145.34849428571,2190.22197163265,2123.90313346939,2096.63261632653,1971.13038102041,1967.75316836735,2022.0117722449,1920.89409673469,1904.99244673469,1937.44304,2041.43165714286,2050.42768102041,2029.25887571429,2262.32416744898,2200.22113071429,2129.85173061225,2342.63311530612,2290.95886530612,2276.24376540816,2306.14311540816,2247.33698377551,2261.91444877551,2186.69226387755,2507.55478265306,2484.50060714286,2369.26078387755,2393.31926867347,2340.55819153061,2279.81009489796,2213.08675039796,2256.33285570408,2154.90156755102,2326.46819183673,2316.70774489796,2284.49555408163,2225.08793928571,2341.51759408163,2345.88216244898,2178.24704612245,2335.06208061225,2370.10820204082,2170.75614581633,2256.28979081633,2299.82579836735,2232.1730687551,2354.2865687551,2292.6676337551,2279.7590087551,2310.3766187551,2332.82199,2397.86554795918,2374.02576530612,2155.20313653061,2214.10112102041,2248.20462183673,2252.4734155102,2331.40824214286,2201.74601020408,2394.22563938776,2334.60380142857,2429.62430091837,2360.24905571429,2594.64047989796,2484.54405663265,2362.14586112245,2112.40117510204,2210.85130132653,2203.86404632653,2186.52347387755,2276.64062387755,2320.21779142857,2196.04913428571,2186.73403897959,2209.87966897959,2175.5022294898,2227.2163794898,2393.17803132653,2310.17351132653,2393.48651244898,2198.87546244898,2339.52506244898,2148.64394081633,2200.67314081633,2275.05289081633,2393.70134081633,2336.2850622449,2378.66856020408,2416.90956020408,2171.66428979592,2113.29070632653,2375.0908244898,2311.99105,2348.7869,2271.7133255102,2383.66578265306,2383.43618571429,2530.49539081633,2525.54108367347,2549.28064285714,2553.91397836735,2603.57469489796,2455.08129489796,2473.89264489796,2525.64403285714,2469.50664081633,2467.38671816327,2571.20682387755,2467.68178857143,2388.70993510204,2467.75773510204,2505.49632795918,2381.91597795918,2267.47520510204,2265.7929177551,2385.64090204082,2298.36752489796,2225.98934030612,2233.01940214286,2380.28650479592,2415.57388081633,2584.93453081633,2478.10321204082,2366.62359795918,2353.69786093878,2386.37957295918,2238.74692418367,2154.6578405102,2104.7735255102,2263.4865877551,2289.19756387755,2234.86448306122,2192.79252755102,2121.5867177551,2181.09182795918,2219.31718367347,2158.84027346939,2155.52183846939,2258.70418346939,2178.57328520408,2211.86817755102,2321.99098795918,2108.92722857143,2284.55697857143,2398.62632857143,2387.33520204082,2355.08768979592,2370.0707255102,2357.63941632653,2510.63920612245,2454.72822857143,2436.63018520408,2284.14099755102,2440.41967234694,2415.76155714286,2594.28891571429,2385.35826571429,2377.39720408163,2162.31370408163,2145.97251163265,2271.86572,2072.169555,2267.92402,2175.61135,2406.04361428571,2361.29973938776,2171.31555938776,2265.84450938776,2343.48548489796,2378.89128061225,2331.77923571429,2422.71993877551,2462.22386530612,2528.28131530612,2357.17982959184,2298.42748877551,2436.50348877551,2216.16407377551,2150.20681326531,2116.36472244898,2293.93599489796,2352.60183383674,2246.09062465306,2281.12729546939,2169.57365704082,1985.56288469388,2177.10054183673,2219.66413183673,2238.64394642857,2175.59025214286,2205.35503244898,2176.58077214286,2186.68619183673,2116.95694183673,2229.54307867347,2279.57367367347,2339.80538938776,2336.37113938776,2304.73371153061,2345.64133328571,2471.77051061225,2460.06158163265,2514.9988755102,2563.14786428571,2353.51057814286,2418.78682714286,2469.12882265306,2499.77679408163,2369.65924908163,2433.65417589796,2368.89379122449,2487.05504122449,2485.35639132653,2514.14681622449,2435.12401122449,2529.29904122449,2382.8213194898,2542.39696622449,2555.36835346939,2583.07408846939,2522.21099897959,2568.98792,2564.57262632653,2303.57703812245,2301.09290530612,2475.71716693878,2446.77741193878,2531.97082744898,2538.36517744898,2562.54527959184,2482.98494285714,2349.63909306122,2344.15517734694,2397.10254489796,2392.83725734694,2427.80452244898,2581.57417510204,2572.32915714286,2426.27941265306,2282.07863816327,2313.34012816327,2356.46452816327,2367.81445040816,2420.52301857143,2384.01616938776,2147.68992255102,2157.10742755102,2239.29431836735,2338.93511836735,2166.9943694898,2048.50230612245,1960.87855612245,2022.56335346939,1972.34326714286,2041.30084,2175.10891530612
278.857142857143,2332.93743571429,2194.7426,2175.34668,2000.43843,2056.87735,2113.948065,2176.63879785714,2290.38189285714,2311.90317857143,2442.38982857143,2405.99200857143,2423.36287857143,2554.57270642857,2511.16661357143,2308.28164285714,2331.00449142857,2487.07130714286,2541.61707142857,2548.61680142857,2607.53421428571,2545.884865,2569.94389857143,2555.54501428572,2561.93920142857,2510.20186428571,2541.51479714286,2596.48083571429,2719.16014642857,2747.14527142857,2439.21417214286,2336.14889285714,2230.15189928571,2323.62070928571,2261.53363071429,2393.635665,2323.44354642857,2246.77834785714,2327.43021285714,2389.53474571429,2368.21784714286,2275.32887285714,2373.12574428571,2348.28274428571,2618.52894,2615.466295,2531.02645142857,2543.29642142857,2443.80821642857,2416.51999285714,2525.73737928571,2542.80923214286,2599.27806714286,2548.82367071429,2423.22257357143,2411.30203857143,2379.57292857143,2329.07977857143,2454.84382857143,2431.05547857143,2373.59512857143,2409.79905714286,2384.19229142857,2408.46082142857,2477.00182285714,2473.37913,2649.56192142857,2540.74667285714,2488.54017142857,2598.10563571429,2543.36073428572,2504.88189857143,2558.5151915,2552.58429071429,2390.34534071429,2493.66858571429,2465.79395142857,2423.91837857143,2419.25117857143,2256.69031357143,2276.22730214286,2192.81491571429,2400.14367071429,2414.77873571429,2538.569095,2345.31026071429,2200.13280571429,2527.86660571429,2420.14188857143,2494.49497857143,2599.60437857143,2562.62833714286,2642.76045285714,2692.19439085714,2594.52336285714,2640.36630785714,2554.80077428571,2518.46716428571,2357.99555714286,2242.95457642857,2493.27839285714,2360.94635357143,2496.28409857143,2360.28549,2407.98729,2240.06621857143,2224.79031857143,2267.38774714286,2275.63376857143,2313.07494571429,2249.09962714286,2338.52934857143,2214.21368,2248.61179142857,2435.84379428571,2409.88998714286,2196.178296,2307.93694285714,2474.411598,2482.03205914286,2366.93846857143,2602.90122857143,2531.12697285714,2453.84663571429,2274.71485714286,2180.21993857143,2387.78186428571,2267.42386571429,2258.37562,2366.28394714286,2456.30837428571,2587.74179142857,2588.35177571429,2458.83872428571,2293.98364285714,2424.64437142857,2393.23562857143,2468.76607791429,2384.53055671429,2533.36601571429,2484.20449285714,2432.02489285714,2425.9387,2535.17358571429,2438.16866142857,2309.6655,2439.38725,2512.45855714286,2378.94361428571,2290.08614285714,2510.48769285714,2550.85479285714,2443.1498,2406.61732857143,2542.16070714286,2560.605585,2780.91195,2857.51377857143,2834.50749714286,2582.92128828571,2680.18813285714,2527.25215857143,2481.71869857143,2433.19469857143,2402.64428285714,2456.219695,2568.19681,2500.96819285714,2609.46641428571,2311.04814428571,2428.50661257143,2493.06674071429,2492.82411214286,2442.07482357143,2471.52575857143,2608.964675,2487.42938785714,2460.11666285714,2281.87869214286,2206.55421428571,2309.06218571429,2353.05152928571,2370.45804571429,2244.98780285714,2283.03880785714,2257.56929571429,2261.22555214286,2408.49046785714,2374.98661785714,2325.36147071429,2585.20480714286,2470.70468928571,2612.40420714286,2606.7345,2535.59720714286,2461.10162642857,2430.37624642857,2450.05798285714,2442.38635071429,2691.69671428571,2767.689395,2600.850345,2605.79822857143,2557.62582071429,2570.76366714286,2649.90546785714,2580.13257785714,2615.74122142857,2670.65313571429,2564.16355,2535.34950714286,2614.03427857143,2539.78722142857,2569.73292142857,2563.89353357143,2661.21651071429,2618.52024285714,2660.88968571429,2641.34774071429,2674.41957642857,2563.52401214286,2540.97131428572,2529.95438357143,2915.52153571429,2566.62726,2562.92709785714,2570.38889935714,2585.50559935714,2419.31169935714,2346.81734285714,2290.34597428571,2295.93597,2399.86455714286,2569.38199428571,2668.056068,2721.10553571429,2641.35409571429,2662.51192285714,2702.50133,2660.68466142857,2620.6772,2735.20721857143,2684.01328714286,2563.35604714286,2556.17107142857,2583.12729857143,2648.19262285714,2597.75287,2444.84297285714,2603.31457142857,2623.09279285714,2529.09894285714,2431.86269285714,2288.62950714286,2339.56654285714,2349.92992142857,2323.91845,2398.66705,2458.70835,2546.14138714286,2409.29158785714,2344.58538785714,2296.39616642857,2324.04975214286,2386.23366964286,2409.12662857143,2518.67580714286,2535.46340714286,2473.41056428572,2439.34182857143,2521.82259285714,2487.16706785714,2446.42072635714,2472.10485428572,2499.01876571429,2552.72482857143,2624.27592857143,2491.98687857143,2608.43555,2629.7242,2670.207065,2586.54117214286,2727.45685857143,2576.71772428571,2404.25062857143,2503.06223571429,2607.28570357143,2640.22289857143,2751.15269571429,2749.04467571429,2732.82942571429,2675.02389285714,2643.36904357143,2645.15834428571,2618.60307142857,2472.07210785714,2401.135375,2414.50606792857,2438.29149571429,2476.35081714286,2352.48456142857,2343.77512857143,2314.71362857143,2324.24870071429,2304.66172142857,2316.12190214286,2296.03657285714,2273.12594714286,2367.22306428571,2311.98539142857,2420.94225142857,2329.97692714286,2307.53038,2296.10579285714,2459.03579285714,2465.60145714286,2431.91505714286,2612.01409714286,2533.00874714286,2482.20869214286,2535.88205,2518.69847857143,2423.20887142857,2565.58257928571,2551.99640428571,2551.69625428571,2637.12114,2710.33306,2689.44691,2626.173835,2652.82004,2505.7355435,2291.88101285714,2389.72296428571,2387.884505,2318.10418571429,2194.43532928571,2340.28316071429,2297.70889357143,2375.38514714286,2572.06824285714,2534.6568,2428.54327142857,2501.17112857143,2566.25315714286,2457.74268571429,2609.18127142857,2593.71368642857,2632.94258571429,2519.46466571429,2548.51982142857,2632.71959428571,2402.21172714286,2574.49810571429,2611.73418,2516.03910285714,2573.79090142857,2601.09958,2335.64775142857,2305.87896142857,2599.42040142857,2693.25247571429,2638.48659142857,2492.06899142857,2678.24539142857,2835.00182428571,2634.67235428571,2669.746905,2475.16339571429,2529.13166785714,2326.88746571429,2208.41180428571,2353.67725714286,2361.92054142857,2588.90062928571,2629.61232642857,2600.08154285714,2544.24178285714,2577.90254285714,2650.71228571429,2537.47690571429,2493.19319285714,2608.55549,2589.67598714286,2878.96227714286,2640.59949928571,2652.29188071429,2525.29288071429,2431.878855,2335.05741642857,2241.36799285714,2187.7468,2215.60100714286,2307.85485857143,2466.96040357143,2447.31882857143,2481.66132714286,2400.30284714286,2407.27892714286,2225.13880857143,2460.49093857143,2327.62793285714,2344.08984571429,2340.24257857143,2520.38772142857,2583.92360714286,2547.26581428571,2620.47749285714,2696.74385714286,2620.88452,2790.37275,2572.36914285714,2694.92694285714,2564.96802857143,2322.19396142857,2451.83696285714,2324.54409928572,2487.07450928571,2417.54804214286,2556.94958757143,2493.50257642857,2364.33345857143,2363.36381214286,2530.03156428571,2460.47748571429,2494.99876428571,2516.67406428571,2759.70387857143,2490.9524,2600.43695,2525.49397214286,2441.62335014286,2434.5916,2301.18192857143,2329.67817142857,2250.27811428571,2169.47444,2156.09655714286,2103.00673857143,2166.07663857143,2083.62605285714,2178.73100285714,2130.34983,2199.44040571429,2260.00302571429,2196.64104285714,2147.67111285714,2170.93948064286,2297.4218,2328.31615,2405.08075,2327.5241,2165.47810428571,2379.46184857143,2409.82188,2326.98620714286,2092.04789857143,2287.35052857143,2330.18081428571,2410.10105428571,2516.0298,2402.73895571429,2507.65375142857,2412.13565428571,2544.33381642857,2634.77882428571,2541.47563142857,2444.97874,2523.51073571429,2420.08166214286,2561.05829285714,2626.98845285714,2505.90186214286,2568.28388285714,2701.32726785714,2649.25069285714,2613.22879285714,2535.68824285714,2540.29502785714,2414.97235,2586.08722857143,2406.13837142857,2427.85495,2276.72950285714,2220.051565,2469.52025142857,2439.55784,2361.53659,2524.37127571429,2477.47039857143,2538.19491142857,2678.57355714286,2532.42760428571,2564.24164285714,2216.46184285714,2228.35384285714,2385.37204285714,2522.91045714286,2378.07264,2417.849745,2370.06951428571,2401.80542142857,2394.49605,2620.20173428571,2519.00511428572,2510.79020714286,2456.34784285714,2364.24371785714,2609.20273,2627.1556,2514.98455428571,2487.24186571429,2394.11735642857,2239.15126142857,2450.98176714286,2308.19923428571,2271.87697285714,2257.89363228571,2439.81230228571,2582.88785228571,2560.38747728571,2508.01742071429,2542.67257071429,2538.88617428571,2473.02354428572,2553.88179428571,2452.56095214286,2527.03010142857,2445.34853928572,2426.52128928572,2492.25886071429,2521.25008928572,2456.87964642857,2351.87794571429,2418.60608857143,2500.09147357143,2474.79986428571,2418.62915714286,2534.121652,2494.48056,2555.236,2496.30882142857,2669.43935714286,2673.02117857143,2694.52085714286,2545.63646428572,2532.74598571429,2539.66266428571,2611.69526571429,2584.72861785714,2529.54495142857,2298.111944,2334.635844,2331.830534,2395.559624,2535.89645142857,2466.13231714286,2302.04361471429,2431.15531285714,2453.66812214286,2319.00723571429,2357.79273571429,2552.23778571429,2376.06368571429,2380.99911357143,2424.87930714286,2380.18915714286,2392.79295714286,2323.65126714286,2403.70457928572,2379.64852928571,2349.55417928571,2318.59356428571,2437.89700928571,2460.27423,2366.62258214286,2333.49943857143,2259.50939214286,2385.63274214286,2556.205955,2515.20863,2514.55928177857,2376.05127585714,2473.76380714286,2560.99672857143,2413.01140714286,2651.88592142857,2342.27157857143,2463.93272857143,2516.09347214286,2568.85490714286,2524.20320714286,2493.05135,2532.51731,2533.7009,2339.33496,2255.03623571429,2279.32317857143,2259.64796428572,2299.56264285714,2452.0732,2485.51775714286,2500.15460714286,2462.48503214286,2635.94179285714,2673.14906285714,2509.88571642857,2463.66442142857,2565.54302142857,2560.28787642857,2611.40848642857,2797.30601428572,2654.7093,2551.60122142857,2510.21615642857,2535.234305,2606.24221428571,2663.03881428572,2685.51941428571,2621.66281428572,2367.51169428572,2427.40617857143,2544.84532142857,2356.09705714286,2431.85293571429,2471.76347142857,2469.02985142857,2543.40447857143,2591.44425,2622.13765,2658.75239285714,2630.18677857143,2563.009455,2654.62991928571,2494.98219285714,2525.61474785714,2463.62141428572,2433.97763571429,2525.82705714286,2417.97841642857,2614.38375714286,2780.19867714286,2619.01197142857,2726.05663285714,2563.02025,2628.538305,2583.22117428571,2306.83756714286,2195.12961785714,2372.10076285714,2445.40461285714,2463.40155142857,2333.209735,2363.59952571429,2454.351115,2460.05404428572,2458.34676571429,2364.19573571429,2600.28096928571,2623.55125857143,2553.64460142857,2439.48632142857,2358.23118285714,2368.26321428571,2404.79035457143,2613.28185457143,2622.36426285714,2709.80836,2607.64749428571,2517.06874428571,2522.74747857143,2426.56949285714,2463.14117857143,2515.89570571429,2579.49089928571,2507.84719928571,2609.16480357143,2575.94208428571,2626.63605142857,2407.31935142857,2536.20529057143,2528.36173971429,2468.04643971429,2423.32229571429,2518.08248428571,2442.68659428571,2436.44704571429,2445.33185714286,2489.39613214286,2349.87571,2199.04804,2362.91084285714,2267.24646071429,2583.66166571429,2670.79439285714,2690.67989285714,2850.50545142857,2849.41746,2957.34797428572,2900.51061428571,2842.71245,2799.39737142857,2792.51357142857,2809.70617142857,2754.37657714286,2768.27187571429,2697.60492285714,2646.73152857143,2701.41183285714,2757.79242142857,2721.66357142857,2749.87842142857,2614.06738571429,2519.20348571429,2667.84991642857,2635.53511642857,2787.50840714286,2701.43021428572,2408.13230714286,2444.49045714286,2757.28845714286,2496.67325714286,2443.95989785714,2331.08670214286,2287.10364357143,2276.80690071429,2388.2803,2437.99652857143,2561.53910714286,2390.9567,2574.51785,2575.15555,2589.55485,2537.44225,2589.00345714286,2670.52325714286,2528.84443714286,2574.31105714286,2619.9684,2638.8042,2486.62284142857,2569.46584071429,2724.82508571429,2671.79196428571,2478.04697857143,2377.82176428571,2536.05714428571,2500.45527857143,2300.44422857143,2446.09175,2431.62300714286,2245.30577857143,2360.87467142857,2261.83215714286,2408.25738571429,2355.46692142857,2255.580785,2211.91606857143,2240.37855785714,2257.11242428572,2301.86097428571,2252.56304571429,2243.82708142857,2389.56078142857,2498.65101142857,2455.28832142857,2460.20125214286,2434.10908071429,2500.27870285714,2542.09534428571,2414.34454428571,2418.01220714286,2399.81720285714,2429.57473214286,2339.48840714286,2449.50784285714,2432.07887685714,2458.201834,2579.06035714286,2557.52122142857,2575.30953571429,2887.41893285714,2765.46202714286,2802.55797571429,2642.89884571429,2633.13951285714,2640.67754,2773.73624285714,2554.65366785714,2613.65205142857,2618.63258285714,2568.57168785714,2702.33878285714,2513.21413285714,2536.33483285714,2549.90833285714,2553.57433285714,2513.73481857143,2551.90961428571,2475.13496428571,2755.63001428571,2733.35878571429,2559.90665142857,2582.61161714286,2574.56881857143,2454.99689428571,2446.10009428571,2233.01096857143,2255.88183571429,2149.63132571429,2284.70823,2164.33396,2210.485075,2204.60084285714,1902.19693642857,1991.63127428571,2156.13217285714,2293.66639571429,2352.06377714286,2510.99777714286,2678.05138,2403.89964714286,2431.13191142857,2463.37656142857,2538.905755,2568.33499,2618.18281714286,2409.11543857143,2479.42589,2559.92086214286,2290.62387285714,2226.74744857143,2274.89195571429,2311.20593,2379.86582071429,2592.28691642857,2421.94557642857,2549.23912785714,2488.60778428571,2445.70289428571,2311.38251714286,2239.06293285714,2488.31053214286,2234.03696714286,2359.11673,2495.9041,2530.48691285714,2640.06663428571,2678.02417571429,2823.80458571429,2756.91919571429,2698.68725985714,2492.22769142857,2419.73631285714,2570.25402571429,2458.84214,2572.97631428571,2794.6826,2694.5861,2647.41568428571,2570.88585,2681.86603571429,2520.28391285714,2501.47018571429,2583.29671428571,2590.43413642857,2616.13136571429,2551.54616571429,2531.11166571429,2594.48388,2568.704415,2553.56133428571,2559.72802428571,2580.36802428571,2520.41227428571,2656.69087428571,2588.39926,2589.34351,2629.75681,2416.79499285714,2751.73367528571,2617.65094028571,2542.28049285714,2515.19986785714,2301.898725,2473.01072214286,2618.29072,2584.95502,2588.82129785714,2672.09447657143,2804.56108714286,2638.01533,2626.51633,2602.09258,2634.49888,2616.93715714286,2582.60980714286,2625.51770714286,2607.89996857143,2594.58197428571,2491.39803857143,2342.28563857143,2486.81337857143,2509.26447857143,2397.12290357143,2465.49904285714,2404.09755714286,2296.39432,2380.31849928571,2431.17618285714,2451.19282571429,2404.76062571429,2673.49577571429,2474.85825285714,2382.14415571429,2352.08562214286,2439.86505857143,2419.67083285714,2121.00367714286,2254.13060428571,2279.30599857143,2304.61179857143,2242.95236285714,2414.04745,2287.38967142857,2508.58460071429,2463.52862857143,2361.03227857143,2430.64072142857,2296.56215714286,2372.06436857143,2558.29176,2511.77483057143,2545.75880142857,2441.62980857143,2593.05614142857,2612.66714142857,2702.47214142857,2599.17119571429,2682.88746285714,2727.19450857143,2829.39131285714,2781.57993642857,2819.57299571429,2869.69360428571,2811.41709,2788.478175,2779.65985571429,2900.76151428572,2707.80007428571,2779.73923785714,2646.24453571429,2626.59273571429,2733.30680714286,2495.97827142857,2474.78235,2479.4674,2430.58081,2555.06698571429,2555.91375,2475.55732285714,2549.63584285714,2573.53416428572,2599.47197142857,2676.30027857143,2628.65748571429,2385.13617142857,2391.33294285714,2574.04984,2525.12560214286,2502.90445214286,2682.15997785714,2855.64822874286,2762.56707,2551.51934285714,2769.81080285714,2730.31123285714,2495.13533,2421.11239714286,2279.83696,2372.69898,2339.85929257143,2509.49709328571,2563.43541428571,2490.81738,2456.18116571429,2489.19403071429,2493.079095,2482.65608571429,2608.41113285714,2607.20012142857,2683.65747857143,2666.36298571429,2465.90661428572,2552.35955714286,2530.28546357143,2544.84750714286,2621.36565714286,2422.14608142857,2227.63282714286,2296.60336571429,2420.06029571429,2458.76415285714,2421.70516285714,2535.53019071429,2505.81881357143,2437.01366357143,2256.76904714286,2089.06590714286,2250.99220714286,2155.25101357143,2221.88519214286,2226.1051,2437.77505,2394.71497214286,2464.94600071429,2337.31221428572,2142.93980142857,2255.98824285714,2320.66921142857,2249.25965714286,2242.59666428571,2285.39537857143,2293.72971428571,2262.753172,2257.89715285714,2371.85189571429,2401.95834071429,2467.75822071429,2373.50397,2417.21337214286,2458.79172214286,2400.80652835714,2342.13507835714,2346.33633285714,2293.64032857143,2224.47112857143,2269.66732857143,2347.59570642857,2366.94837857143,2387.52052071429,2370.768585,2116.06932714286,2229.02268571429,2191.59879571429,2359.78262071429,2586.27513142857,2470.79504,2542.55090714286,2429.23044285714,2535.22590428571,2482.38668571429,2645.24783714286,2463.95232714286,2471.0701,2489.85654285714,2513.59838357143,2503.80325642857,2583.68867571429,2479.06799285714,2532.32855714286,2595.48937857143,2434.42746428571,2346.41955,2478.43123857143,2496.71014785714,2538.05290785714,2440.65239214286,2425.08309,2304.32346285714,2341.65682285714,2367.40100285714,2351.91854071429,2363.19914071429,2466.09599857143,2253.72587214286,2208.02490857143,2285.94678057143,2321.32426285714,2447.77853785714,2390.17707,2474.00071142857,2259.26986642857,2307.72656428572,2348.12437857143,2314.32420714286,2395.52497857143,2360.77814285714,2359.60409,2326.44378571429,2301.80177857143,2415.0197,2418.98117857143,2265.38637,2126.12185857143,2409.62883714286,2339.64749214286,2461.53052214286,2557.47916571429,2682.97098571429,2604.81258571429,2446.17889142857,2437.32767857143,2396.10287857143,2364.21149142857,2250.79724142857,2346.48012857143,2474.00559857143,2456.64089071429,2486.59474571429,2386.90804571429,2291.12752571429,2356.04405142857,2312.74616571429,2395.02417285714,2308.72558785714,2500.35967642857,2208.23923357143,2289.21097142857,2185.32089,2195.27804642857,2175.77036692857,2384.51193214286,2387.13187,2302.32527857143,2260.06025642857,2307.05159928571,2253.17336857143,2131.86861,2165.20527428571,2302.10640428571,2455.56439,2344.62615571429,2464.69645071429,2499.793215,2392.90607928571,2467.37288142857,2227.68123857143,2313.92673,2241.56968,2261.60179428571,2254.92036571429,2407.97397871429,2359.213836,2349.70493428571,2293.06415428571,2335.28796342857,2395.04390571429,2393.06607571429,2096.62406714286,2590.53659785714,2482.49873285714,2510.08812857143,2547.47782,2651.01219214286,2597.85171428571,2529.05016428571,2485.48705714286,2350.84812357143,2333.30071857143,2336.38503214286,2530.02784642857,2345.11931428571,2307.93725857143,2389.50295785714,2488.41273214286,2330.72333071429,2397.06113785714,2365.70436642857,2426.96235371429,2428.77795371429,2534.97625571429,2510.41591571429,2384.73573214286,2508.60058714286,2469.71606142857,2524.13344571429,2591.20789571429,2614.99446428571,2490.02278928571,2383.33572428571,2516.09667428571,2429.10477428571,2694.14546928571,2753.72348642857,2762.55325714286,2700.4998,2737.22984071429,2590.23770357143,2671.02153571429,2638.03332785714,2634.13203642857,2677.45085,2805.37164285714,2757.65529285714,2772.31999857143,2770.66121857143,2646.44119714286,2665.27695914286,2596.93563914286,2621.54037571429,2628.41260714286,2431.28129642857,2730.91436642857,2903.88688428571,2874.63327142857,2429.57281285714,2205.27020428571,2234.80360714286,2356.71645142857,2432.22799142857,2563.93137642857,2647.81261142857,2729.38387142857,2673.18878428571,2482.23285,2478.578405,2360.38668571429,2436.77125857143,2439.91830857143,2540.18460428571,2682.3956,2660.6468,2683.69125,2620.25461571429,2615.22385714286,2510.51035714286,2700.77022142857,2566.75152142857,2716.74762857143,2658.58155,2636.26944285714,2667.68008571429,2757.8993,2598.73875785714,2639.45179,2726.83094571429,2717.32713428571,2544.87590428571,2704.74333571429,2782.72143,2767.87632857143,2692.27657285714,2726.06777828571,2648.86115857143,2704.70967285714,2487.91162857143,2524.79644357143,2623.61410785714,2764.69266928572,2731.56482071429,2884.94196785714,2845.22074928571,2916.66804857143,2790.63102857143,2749.62858571429,2658.19612714286,2633.10732714286,2586.91689028571,2578.39215028571,2396.84985028571,2435.22210028571,2526.25142028571,2534.69364071429,2499.35524428571,2308.58558642857,2384.09019785714,2370.50964857143,2317.44059857143,2396.18945428571,2360.32862642857,2523.541755,2447.991605,2480.41444928571,2641.84103857143,2458.66793285714,2409.88366928571,2307.35701928571,2201.048655,2404.33339785714,2409.59265142857,2365.300943,2370.23123928571,2264.69404857143,2416.37094,2351.64957857143,2272.57642857143,2383.13957857143,2347.45625571429,2398.28873785714,2464.60563785714,2548.04584285714,2348.37321,2498.46784285714,2326.04753285714,2469.71038357143,2359.28448571429,2346.05413571429,2321.85823571429,2473.53833571429,2423.42767142857,2673.38615,2541.714855,2488.53528714286,2350.64057285714,2293.30942428571,2462.44022857143,2360.82712142857,2401.15454357143,2457.63282857143,2539.94428571429,2571.33865714286,2407.82167357143,2327.15700571429,2475.66335214286,2551.92732928572,2457.08461428571,2295.76747571429,2426.00761214286,2367.92098642857,2595.27716428572,2440.03855,2535.31995571429,2671.65160285714,2540.78018,2571.92278285714,2692.91848285714,2740.56027785714,2512.15758214286,2367.79698142857,2336.70815142857,2326.85642142857,2490.89385,2651.57774785714,2631.82914285714,2761.1817,2768.79304428572,2666.00384428571,2809.08891428571,2633.10725642857,2755.75625,2713.28518571429,2621.83081428571,2560.73555714286,2617.98056142857,2482.46898571429,2602.45528571429,2537.96672428571,2456.40639285714,2601.99630714286,2634.48320857143,2530.71049,2536.77326857143,2462.72178714286,2519.48130785714,2369.08966571429,2456.71098071429,2394.32475071429,2503.82118571429,2523.02214785714,2287.64785642857,2350.27960142857,2374.79878857143,2406.43523857143,2601.21783428571,2362.80692142857,2241.38713942857,2283.00253428571,2351.94228285714,2390.10279428571,2514.28271285714,2430.41037142857,2470.99336428571,2612.64918571429,2509.20717071429,2580.50830714286,2486.40050142857,2281.12195142857,2502.32938571429,2669.62034,2594.90235571429,2627.53516857143,2493.21143928571,2366.24160142857,2476.55144214286,2632.56243071429,2599.23307,2544.65874142857,2575.51147142857,2623.41901142857,2715.56850714286,2691.95807785714,2578.89049285714,2550.76367714286,2515.54809857143,2504.5116,2544.41175,2379.83326,2505.49056714286,2182.02211428572,2288.11652142857,2356.07877857143,2348.99961428571,2333.87124428571,2219.00962857143,2349.13963571429,2624.40373571429,2559.12052142857,2754.89710071429,2679.32914714286,2454.61648571429,2625.91675714286,2513.55117857143,2316.08217857143,2507.31102857143,2395.49944285714,2472.01437857143,2632.02018571429,2296.84112428571,2376.90500428571,2516.65933857143,2451.24878071429,2424.50713214286,2505.59233857143,2423.00878857143,2537.77585857143,2495.43155571429,2420.30116714286,2507.10806857143,2566.69836428571,2624.14891428571,2720.71704857143,2559.64735642857,2394.47349142857,2472.98879571429,2495.31601428571,2457.36040285714,2296.53605071429,2481.38386785714,2528.83888571429,2627.07344857143,2872.67507142857,2699.5281,2363.51002142857,2390.61526928571,2443.11376428571,2366.80428214286,2325.39012071429,2371.63072142857,2419.48436285714,2489.96745,2581.05671142857,2640.40291571428,2658.48677714286,2571.37159857143,2536.09104142857,2606.59038571429,2702.08648571429,2633.32257142857,2729.96971428571,2600.32707428571,2589.55016785714,2630.97440714286,2698.04066571429,2671.43194285714,2624.15655714286,2626.39615,2581.95758571429,2526.13311428571,2561.81592857143,2558.92782214286,2554.67081857143,2623.83072142857,2625.96773142857,2645.67102,2497.70587857143,2469.24256428571,2490.00265714286,2377.82781428571,2727.74041428571,2496.09163571429,2589.11745714286,2586.17621214286,2640.86135071429,2703.70402857143,2651.45166428571,2716.49253,2680.70747142857,2708.68895714286,2663.74169714286,2776.59804285714,2419.02661785714,2401.25187142857,2390.14244285714,2324.42473571429,2387.45078571429,2305.67908428571,2240.65634428571,2145.30935,2240.87124142857,2166.05852571429,2171.85062571429,2212.31483571429,2182.57616,2157.81407714286,2255.80988571429,2204.7102,2273.86290642857,2261.09745642857,2318.225125,2578.40941428571,2303.80967857143,2486.0139,2552.0037,2558.142705,2552.193705,2470.734605,2471.93502142857,2145.45089285714,2262.58809071429,2427.09504285714,2355.1824,2465.17729071429,2515.47696428572,2509.55890214286,2444.58737142857,2590.02078214286,2642.56333,2533.32303957143,2576.44965714286,2662.26381285714,2706.28468,2749.69588142857,2615.81514,2507.54907142857,2539.25225714286,2527.25661,2548.69009,2423.52266,2390.31104714286,2436.14504214286,2402.41638285714,2349.61446785714,2505.19413428571,2645.72014357143,2673.26625857143,2842.3805,2510.43932142857,2542.40777857143,2595.97897142857,2626.05204785714,2623.97920142857,2623.63245142857,2723.34472785714,2681.34055142857,2435.75492571429,2577.55502571429,2573.56163142857,2614.80894142857,2480.30917642857,2575.24264285714,2478.39171428571,2352.58407142857,2225.88769285714,2356.98593571429,2303.81953571429,2579.20865,2729.27722142857,2720.57415928571,2696.966795,2858.9105,2759.10962857143,2686.07431642857,2477.51701214286,2431.54061928572,2297.20494271429,2417.53466428571,2494.46776428571,2315.623155,2338.02578071429,2281.54117142857,2278.49882685714,2275.07966285714,2203.94194142857,2202.80343271429,2299.69913271429,2313.06728271429,2163.027215,2071.94478142857,2120.09529142857,2198.34459428571,2136.65382,2129.70659285714,2094.12615,2109.6963,2309.16514285714,2266.18008571429,2309.82858571429,2314.22678571429,2192.09038285714,2378.26852857143,2303.17027857143,2321.43537214286,2682.193865,2428.78858642857,2473.60854357143,2369.23137857143,2434.72412142857,2565.38096428571,2626.25392857143,2672.21490428571,2723.82280428571,2617.66269292857,2641.02955507143,2649.62844864286,2619.09129292857,2550.73151007143,2858.42122928571,2811.06432642857,2669.59301928571,2751.89146,2695.49268857143,2688.01817142857,2749.46488,2539.93072071429,2543.95963,2581.43028,2389.35178457143,2494.99509714286,2438.51779714286,2296.96859714286,2302.11606714286,2366.86915714286,2422.80000428571,2362.17951142857,2386.33722571429,2352.31828857143,2228.42418714286,2356.04862142857,2465.49057642857,2589.63523428571,2697.90069714286,2643.13176285714,2727.42343714286,2593.83415785714,2620.38647928571,2506.51345214286,2405.10839857143,2408.17012857143,2495.83280714286,2548.77740714286,2383.16472142857,2607.10057142857,2453.49387142857,2584.80370714286,2545.4675,2759.90342357143,2745.35344428571,2764.83150285714,2639.31615285714,2749.03106428571,2680.43950428571,2618.25977857143,2565.290195,2552.96694357143,2615.92295714286,2575.28015714286,2656.40190714286,2758.36638714286,2721.63970714286,2669.20573571429,2565.73036214286,2562.944505,2424.28315,2333.57628571429,2491.34155,2460.94608428571,2376.70574285714,2507.97762357143,2638.75323142857,2647.17417714286,2732.71554428571,2716.38575642857,2690.00800142857,2697.04151142857,2773.15035285714,2716.82494428571,2458.92951,2365.73222142857,2460.5168,2497.43839285714,2656.38122142857,2801.40755,2678.72231428571,2709.2325,2681.39928571429,2543.07288571429,2777.98650714286,2552.57247285714,2452.32346285714,2488.04263428571,2620.57795,2572.98445,2409.33177071429,2363.17932071429,2387.06825642857,2309.14462857143,2416.42859428571,2262.94833714286,2343.52323571429,2342.73572857143,2478.63161857143,2281.38284,2250.64436714286,2432.71076714286,2351.06695214286,2417.85657714286,2374.01697571429,2370.08705857143,2264.68145857143,2250.82327571429,2230.21389742857,2157.74194285714,2163.26398285714,2215.14894142857,2238.76314714286,2386.31409285714,2430.01694142857,2267.15917571429,2233.24574857143,2364.78306571429,2544.04480285714,2451.76189857143,2452.88730714286,2521.02214571429,2622.12111142857,2253.04317,2188.823175,2249.32314,2271.90474,2149.765505,2496.23828571429,2488.82923571429,2559.31797857143,2411.37467857143,2308.6698575,2359.32175714286,2475.67163714286,2277.90910142857,2228.90095142857,2255.42290857143,2367.01813571429,2367.26575571429,2413.15122071429,2353.06052857143,2333.38614285714,2374.58846,2243.82169285714,2125.54575,2225.43249085714,2156.22957285714,1991.73649,2094.71231,2147.48871857143,2405.77293857143,2359.14358142857,2406.31409642857,2486.20499142857,2408.93005785714,2507.44007285714,2554.47368785714,2396.90275014286,2544.51396428571,2364.44234928571,2321.55779857143,2293.14957071429,2345.74005857143,2212.14135257143,2231.35596214286,2141.397055,2236.51131428571,2291.11041428571,2409.18246,2261.52474571429,2470.52255857143,2353.19259285714,2403.63565285714,2297.19398614286,2290.46672285714,2443.81558714286,2514.9986,2532.46707857143,2635.88269428571,2626.58151142857,2541.63306142857,2576.55959571429,2640.09487571429,2725.35553428571,2676.96370428571,2714.25812285714,2669.02277642857,2555.0221,2518.42184285714,2590.65168571429,2389.5083695,2511.83325714286,2527.3249,2358.92985714286,2339.95843571429,2471.80266642857,2528.78372857143,2592.72011428572,2735.13940714286,2541.63230714286,2552.3828,2550.61055714286,2504.61489285714,2675.60132142857,2574.56315571429,2610.85532714286,2669.37694857143,2567.63714857143,2497.03817857143,2690.40347142857,2594.68929,2637.55857142857,2691.43952428571,2609.14397428571,2552.68820285714,2462.08406357143,2722.62245142857,2670.51953,2653.767965,2561.0273,2518.22427857143,2646.03812857143,2616.47131642857,2768.22430928571,2559.40665857143,2528.95007285714,2558.12235214286,2403.92976071429,2398.00867857143,2329.38273571429,2484.19598571429,2339.74411714286,2443.00216142857,2358.14146142857,2551.16092,2397.41631642857,2488.30503014286,2383.30551285714,2465.29748071429,2515.74877785714,2535.19344142857,2610.94344428571,2601.84302142857,2669.39076428571,2880.92922142857,2908.94503714286,3005.45211714286,2914.59393428571,2939.27954,2920.21811571429,2842.11015071429,2794.94388071429,2922.20150714286,2947.28714285714,2829.72694571429,2835.32867071429,2732.35017142857,2971.65233142857,3032.13572542857,3003.60357542857,2968.68869428571,2945.80793428571,2967.86553571429,2906.07704871429,3021.38754457143,2916.71563314286,3018.00527971429,2861.93687971429,2823.62632971429,2793.64793142857,2738.24764285714,2601.54139285714,2627.67714428571,2507.76150285714,2546.93259,2612.14649,2682.26138571429,2644.25985142857,2821.47505785714,2737.45703571429,2841.582405,2710.73404857143,2835.91071428572,2764.76600428571,2918.79867714286,2811.53203571429,2698.80636142857,2674.28364,2540.76405,2461.54992714286,2466.83611428572,2438.42041428572,2615.03641428572,2531.50267857143,2361.77031357143,2229.78405571429,2292.49861714286,2356.04757214286,2253.78712142857,2354.50719285714,2316.73142857143,2353.09867214286,2402.948945,2481.10427142857,2420.91316142857,2502.80301142857,2524.3973,2583.52462142857,2452.16912142857,2496.41533428571,2465.89269285714,2556.38278571429,2501.29308571429,2538.27537142857,2585.92327857143,2668.53710714286,2563.37360714286,2609.42870714286,2656.37483285714,2741.75621857143,2787.78253,2731.79731857143,2766.91963571429,2493.13462857143,2479.58746428571,2522.68465928571,2521.19214642857,2663.97990714286,2445.03868,2574.62051142857,2532.23717142857,2547.49051142857,2579.77414142857,2674.32069714286,2599.20977,2746.58302857143,2695.98301342857,2266.38820542857,2142.93268842857,2205.10734857143,2405.63160285714,2411.38842428571,2296.37997857143,2357.41191714286,2315.24345,2550.23346,2540.00067285714,2609.59923642857,2602.72109857143,2606.28213857143,2318.43512428571,2216.76812428571,2364.97852428571,2366.978621,2141.01359314286,2055.09463357143,2345.31422142857,2192.58586857143,2123.13529857143,2067.69464428571,2048.40420428571,2006.07537571429,1959.01982714286,2019.03856,2072.41998142857,2151.52905428571,2345.92661571429,2264.46645785714,2252.39007285714,2326.32935857143,2359.13593571429,2403.70237571429,2479.54316857143,2535.56669142857,2471.10344142857,2499.98825,2499.38277285714,2549.10297285714,2538.99644428571,2560.82136342857,2023.84705842857,2182.49781,2137.0968,2150.42960428571,2185.54002428571,2049.94476142857,2116.48266714286,2162.95905,2289.09495,2247.92411428572,2284.15350714286,2563.87835,2427.28798571429,2549.87320714286,2709.71335714286,2805.04150714286,2688.19225,2495.469585,2384.62096285714,2402.80745,2514.01715714286,2527.09986428571,2446.34923571429,2559.45146428571,2504.94398571429,2378.96358571429,2424.73573571429,2472.27644285714,2478.57670571429,2472.17292857143,2479.57704142857,2510.51336485714,2536.02440857143,2643.50748785714,2625.79712785714,2574.75959642857,2615.85710857143,2557.57203642857,2693.69732214286,2678.29690857143,2477.59294857143,2407.32773142857,2547.26820714286,2486.97337428571,2513.34415928571,2322.71737428571,2437.21837428571,2512.01899285714,2341.23161,2333.78481,2410.64811571429,2401.50548571429,2508.06653571429,2459.32304285714,2458.94009285714,2412.29076285714,2216.51579,2434.41997342857,2400.29342092857,2338.49803342857,2232.96067342857,2326.24995714286,2425.37462714286,2194.74227857143,2363.85284642857,2448.23268571429,2430.27678571429,2410.74707857143,2605.44883142857,2329.64552142857,2437.57315714286,2456.09092142857,2359.62786071429,2420.56310571429,2356.95860714286,2343.91950785714,2364.234175,2483.23572214286,2351.24770714286,2252.23834214286,2461.40435642857,2307.30625928571,2204.78021642857,2343.71496428571,2367.46530571429,2250.99895857143,2155.56771357143,2432.32825285714,2203.17807,2492.18113,2271.51273285714,2399.557,2316.46838,2359.00601642857,2422.62284642857,2437.55753571429,2521.67459285714,2505.102435,2612.48169785714,2517.46594428571,2360.75002485714,2665.35791428571,2607.51131785714,2500.75031714286,2577.157795,2533.04162142857,2701.17002142857,2588.87356428571,2783.10541428571,2626.99715714286,2545.74164285714,2589.66757142857,2588.05402071429,2733.45462142857,2657.02475428572,2788.19856428571,2627.67661642857,2653.48062785714,2621.655495,2686.048395,2569.56708071429,2694.11185571429,2691.28242892857,2618.27851607143,2452.85839857143,2458.50646857143,2555.48086857143,2591.96716857143,2655.96189714286,2557.43422285714,2685.95478285714,2564.98821571429,2524.93029571429,2458.51610314286,2391.71452,2316.99341428571,2307.01701928571,2380.79608571429,2437.60463428571,2342.89274214286,2616.03217142857,2147.31773142857,2138.86610928571,2126.72352171429,2320.90557171429,2135.55363071429,2262.04608571429,2351.9104,2382.81373571429,2409.40198571429,2526.29845714286,2505.98408571429,2506.32693142857,2565.79813928571,2596.73795857143,2725.12792357143,2740.23250428572,2684.26965428571,2657.86455214286,2644.75331714286,2610.94695428571,2504.74389,2656.82462857143,2704.33758714286,2721.07827714286,2645.04258571429,2770.97920428571,2771.39933,2601.55809314286,2687.14204571429,2394.61543571429,2286.62869928571,2482.39772428571,2444.83690214286,2341.19875285714,2232.99536857143,2266.14055571429,2154.35555142857,2472.23206857143,2364.03345142857,2392.88453714286,2517.28380857143,2418.68189,2393.06120214286,2457.32809142857,2709.11594142857,2696.65441571429,2706.21640571429,2343.73126571429,2467.74966142857,2543.96915714286,2550.37634714286,2488.77740714286,2477.43716142857,2445.60927142857,2403.41962142857,2583.51511428571,2641.65425285714,2605.90672285714,2742.97177285714,2624.96408771429,2569.19760571429,2703.68049571429,2692.611895,2630.40612714286,2687.16992285714,2664.30613571429,2672.67668785714,2715.08785785714,2527.63322857143,2603.78591142857,2690.57859571429,2586.82018285714,2543.86894285714,2547.09713428571,2512.00926,2415.65234071429,2356.15023571429,2401.69094285714,2324.58803285714,2322.94148071429,2247.13110571429,2276.53554285714,2335.83894285714,2268.07164857143,2255.94977571429,2458.24046428572,2582.30938571429,2651.85204285714,2633.47715714286,2503.47000714286,2609.74132214286,2685.14074714286,2627.55675714286,2530.10406285714,2492.57716285714,2600.45659,2638.11094,2459.61054714286,2725.1599,2618.07016428571,2579.73952857143,2487.81885,2428.88804285714,2367.95238571429,2664.74712285714,2801.17463285714,2658.51697714286,2421.86729285714,2196.07368785714,2314.05612928572,2252.47759028571,2224.27202714286,2329.68935714286,2247.68391714286,2241.71762071429,2143.84696428571,2232.043145,2500.30895428571,2447.76402657143,2387.54801857143,2025.81667357143,2618.51459285714,2666.02593,2635.10247928571,2653.49603714286,2590.13373714286,2689.91433714286,2587.21877142857,2532.41692857143,2407.40767857143,2599.51237857143,2469.30247857143,2433.50335,2422.188936,2430.10131428571,2573.88377142857,2673.48989571429,2638.14326321429,2654.96697,2629.1388,2551.896,2537.11915,2588.83106428571,2568.26026285714,2501.91439,2383.48755428571,2351.84185071429,2391.58031714286,2429.23121142857,2370.24727714286,2332.48836642857,2497.70919,2475.97436571429,2429.00997571429,2412.81916571429,2459.91061571429,2428.70493571429,2494.08408571429,2356.20897142857,2417.61667142857,2443.70134285714,2373.93554285714,2444.45709285714,2313.89061642857,2312.7522,2347.32373571429,2302.30367071429,2211.81704821429,2357.12918071429,2336.29854285714,2328.08984285714,2287.66621357143,2260.23106357143,2272.12362857143,2232.07876428571,2361.27863071429,2308.90372857143,2362.53357857143,2395.74834285714,2410.19063571429,2389.74402857143,2558.13305714286,2614.189465,2703.54689571429,2551.46325571429,2432.75265571429,2469.03534357143,2515.02295928571,2494.58318285714,2568.42413285714,2421.76846285714,2499.95907714286,2300.55179428572,2345.348295,2329.86248571429,2496.97717357143,2530.60006214286,2609.16078142857,2611.90584571429,2422.98490714286,2425.03161428572,2524.78155285714,2440.54363214286,2455.16402857143,2317.88596571429,2408.64330642857,2244.25185785714,2336.097875,2388.60331071429,2428.07535214286,2264.14760714286,2441.58470714286,2504.04065,2389.80191571429,2537.11618571429,2634.53834285714,2658.28109285714,2550.33681785714,2544.76748285714,2478.84863571429,2542.10872071429,2477.794635,2323.67470642857,2489.89118571429,2536.52915857143,2589.63819428571,2546.95290142857,2486.70422142857,2425.48708571429,2353.15102285714,2556.16037142857,2511.38302142857,2591.59612142857,2299.89487142857,2373.41657142857,2272.76387142857,2201.97470357143,2285.79278928571,2232.817395,2273.48459857143,2243.08814857143,2369.57099857143,2250.81778357143,2103.43390714286,2220.06520142857,2333.06770571429,2310.18781571429,2400.26691571429,2326.75181285714,2368.07919785714,2398.33575857143,2302.93307214286,2390.71306071429,2487.40674428571,2364.75048085714,2262.44263085714,2334.94882571429,2246.02442571429,2285.925795,2259.03494071429,2304.10166071429,2326.54392214286,2415.03802928571,2388.28073642857,2492.80653571429,2457.1378,2429.60011857143,2302.91281857143,2422.80923142857,2346.51383142857,2409.53634857143,2425.79555357143,2463.63420428571,2472.90382285714,2410.76038285714,2477.41239857143,2414.10012,2283.93117142857,2321.31578214286,2300.86322,2409.83611571429,2509.830145,2536.02173071429,2591.83064971429,2529.92940714286,2503.00960785714,2527.64470714286,2556.95083857143,2389.17834357143,2453.92593571429,2593.7173,2489.54570142857,2491.15973142857,2630.98857428571,2549.92391142857,2476.70095142857,2298.656595,2316.45854,2403.71395142857,2281.58933214286,2509.45705571429,2487.15099028571,2384.14244028571,2417.03868571429,2287.27537857143,2426.12712857143,2553.91327142857,2757.59256428571,2770.24839285714,2833.31724285714,2689.916065,2566.66927857143,2604.18685714286,2420.551795,2476.0112,2112.10343714286,2172.55929571429,2424.37446571429,2390.90366071429,2314.242975,2326.853965,2373.1108,2431.96558285714,2252.70086785714,2262.99931428571,2183.04203857143,2298.93367857143,2506.60376428572,2425.57884928572,2624.77363571429,2539.09524285714,2547.72162142857,2439.63423142857,2522.62662142857,2649.24350714286,2661.21236428572,2624.11962142857,2632.47132142857,2614.43667142857,2536.85566142857,2604.68340714286,2570.40045714286,2447.45450714286,2447.15758571429,2482.50069285714,2452.47589285714,2386.4928,2414.06895,2357.29402857143,2464.01146428572,2459.03809285714,2390.67195714286,2520.00022857143,2491.64103214286,2560.3674,2545.23423214286,2394.86838857143,2450.99827142857,2430.13564285714,2342.46457142857,2452.63386428571,2461.51609142857,2387.99614285714,2682.67979357143,2545.37554714286,2305.96824428571,2554.63499428571,2438.20009,2576.42212857143,2510.68240714286,2386.81702071429,2521.00413071429,2526.002355,2524.17646785714,2447.16105928571,2432.45689714286,2443.66565,2478.81869214286,2354.19936214286,2241.05834214286,2177.64480842857,2352.06359857143,2313.47471857143,2374.53362571429,2340.91039,2332.11945,2325.4129,2373.126365,2481.94864285714,2332.19858642857,2300.55584642857,2227.67630357143,2229.31958214286,2193.03369857143,2077.19444285714,2305.73483571429,2279.342345,2270.69785571429,2199.19610428571,2213.45007571429,2422.70863285714,2428.65891785714,2327.76276785714,2318.87213285714,2541.21896142857,2677.44579142857,2702.23777714286,2710.26287,2588.42582285714,2477.79235992857,2551.18057428572,2542.52466428571,2432.63683571429,2657.1567,2552.65021,2534.40726,2392.25267142857,2457.97311428571,2347.40193,2398.35145714286,2700.98325071429,2930.30415714286,2749.68101428571,2766.45157142857,2840.08756071429,2784.62303571429,2865.61657,2699.13362285714,2791.92495285714,2646.93537285714,2712.99652285714,2681.83842285714,2741.44143285714,2707.00104785714,2730.10061214286,2704.44278071429,2715.62201214286,2736.00541214286,2715.71361714286,2695.74876714286,2685.42301714286,2813.30036714286,2687.18771714286,2677.46713428571,2588.97683428571,2559.40368571429,2584.31148571429,2585.26190642857,2402.49983285714,2289.68862571429,2474.01653142857,2485.75598142857,2622.21936,2512.06241,2394.05297428571,2404.73521285714,2159.72190657143,2018.57595657143,2129.29385657143,2265.03998657143,2280.39454428571,2272.44580571429,2305.36338571429,2277.32451428571,2300.14018428571,2509.73823428571,2476.83960428571,2547.59440428571,2461.60580428571,2480.96556428572,2533.48464428571,2470.60824428571,2339.11709071429,2490.10164285714,2380.36483285714,2263.85023285714,2399.18052142857,2287.1367,2599.35835,2607.6256,2607.06473571429,2447.32053571429,2492.78013571429,2296.3014,2347.46045428571,2352.89930714286,2279.67014714286,2417.49501857143,2531.03343142857,2447.13979142857,2538.12165,2624.38556928571,2653.52510071429,2506.07156142857,2600.25129,2420.87741785714,2467.52169785714,2528.40962,2581.07279214286,2759.63278071429,2849.84937142857,2787.46092142857,2812.97845714286,2745.33220714286,2705.36417857143,2838.21492857143,2802.18722857143,2728.13877142857,2697.85212428571,2815.86700214286,2805.29817857143,2724.22282857143,2789.59892285714,2690.20222285714,2800.61685857143,2799.65205357143,2798.79125357143,2690.68485642857,2593.34901214286,2601.609685,2712.43823042857,2557.24437285714,2557.56946714286,2609.30162285714,2550.89742885714,2550.03178228571,2476.44259571429,2548.15794485714,2484.10037985714,2577.21023014286,2653.73067357143,2750.29039571429,2750.635665,2684.13819714286,2623.66641428571,2548.90596,2548.04251142857,2351.50363428571,2288.46441571429,2515.890885,2424.21111,2360.62792642857,2447.43812857143,2467.22625714286,2383.33864285714,2468.06695,2347.17194285714,2177.97794642857,2457.70137142857,2477.33476428571,2426.30083428571,2166.84986428571,2255.39438142857,2333.77165,2380.66273571429,2388.41802142857,2526.04535714286,2461.68754285714,2416.81087857143,2449.8382,2531.16054285714,2544.04313714286,2406.01551,2383.65043857143,2472.65173857143,2413.31289285714,2454.14175714286,2339.66165,2450.57496428571,2342.86069285714,2399.20294357143,2457.06933428571,2624.16229285714,2498.43467142857,2398.33755357143,2254.22451071429,2492.82699285714,2459.51743571429,2430.2581,2434.92223571429,2534.15944742857,2543.95996885714,2562.01409285714,2551.91263571429,2475.02955714286,2548.88777857143,2410.50796857143,2547.66341857143,2410.44727571429,2413.51567214286,2584.61540785714,2434.47833785714,2422.86164285714,2329.39674285714,2398.03464285714,2421.76199285714,2285.18342285714,2299.54661214286,2485.14807642857,2444.0732,2526.90564142857,2471.06836,2383.34449142857,2580.96463857143,2316.03868285714,2267.95082357143,2442.49996571429,2460.06911714286,2308.19774571429,2271.05920714286,2218.02339714286,2221.94444214286,2311.62156214286,2456.27799285714,2490.11878571429,2331.14082928571,2534.09572142857,2545.80217071429,2562.03658142857,2378.43989285714,2249.50513571429,2275.44546428571,2380.5682,2364.45003571429,2376.85353571429,2411.30393357143,2291.53664071429,2234.41784928571,2145.47408057143,2148.85711571429,2348.0251,2495.99452,2400.41982714286,2345.73911285714,2388.26077571429,2448.79361428571,2526.11310571429,2420.11178571429,2400.11546428572,2367.76481428571,2394.71457142857,2474.23440714286,2399.37432714286,2522.50257285714,2400.68227142857,2397.52922428571,2456.45471285714,2389.31679,2441.71834,2331.55777285714,2366.32569571429,2414.90856428571,2663.69768428571,2756.30081785714,2961.25665785714,2765.59067142857,2888.17786714286,2675.76127142857,2690.42645142857,2688.87576857143,2688.54587571429,2523.58306714286,2591.65983928571,2733.96739571429,2614.75887857143,2475.61820714286,2636.37018714286,2535.95946428571,2608.74745514286,2522.52483,2442.17577428571,2408.84578571429,2405.78936857143,2401.31706,2171.96220428571,2319.69020285714,2326.22094285714,2273.34515214286,2417.53187071429,2459.76334714286,2502.55701571429,2463.08877714286,2442.37149714286,2464.95803,2349.58983,2400.78323,2429.47682714286,2607.10895428571,2312.40120928571,2467.74162428571,2264.65443357143,2117.48325585714,2131.62023,2200.00226571429,2218.78517571429,2371.28721714286,2329.99459428571,2382.63989142857,2454.43839571429,2295.43759,2340.08863428571,2127.62119642857,2219.41875714286,2179.46,2235.22883428572,2328.94049142857,2372.56662857143,2505.92063571429,2477.59615,2456.11702142857,2672.85156428571,2390.10625428571,2416.37664,2434.88131214286,2471.68730714286,2358.00200714286,2475.75729285714,2363.1777,2415.08610214286,2245.74220571429,2328.19599428571,2364.73737571429,2241.40704857143,2252.31112142857,2439.13535571429,2517.30244285714,2553.91896142857,2543.58547571429,2650.48609357143,2660.3401,2578.05131285714,2629.25481285714,2666.69256285714,2620.11710857143,2593.29327857143,2642.14648571429,2695.93257857143,2567.67674857143,2598.43751857143,2525.25099428571,2621.01911571429,2717.63713714286,2491.72449285714,2606.70210285714,2491.86955142857,2499.516455,2441.52705857143,2485.65141428571,2446.42595714286,2433.65367,2306.99634285714,2597.84904285714,2606.05545,2564.64652142857,2764.77142142857,2739.8334,2730.31164285714,2733.35502142857,2702.34495285714,2645.97411071429,2606.36203785714,2556.954315,2612.22366928571,2617.00374857143,2657.93408428571,2768.23054257143,2601.19735142857,2616.59551514286,2457.01872428571,2430.23526714286,2526.75547142857,2542.70833571429,2482.47122142857,2537.12912857143,2617.75075,2475.34576,2373.84643571429,2648.21998571429,2626.45543571429,2426.59919071429,2614.91814571429,2678.430345,2772.12565428572,2551.86106428572,2427.92505785714,2646.34713785714,2660.76164285714,2616.16019285714,2656.84479285714,2669.48295285714,2635.56445,2622.3847,2742.2807,2482.79340714286,2782.29077857143,2693.60215714286,2919.42216428571,2745.73532142857,2572.69851714286,2699.64209285714,2810.22225,2644.7685,2581.72275,2558.53711142857,2872.81512142857,2771.38827142857,2681.60329642857,2737.66017142857,2728.11303571429,2936.15377857143,2664.24917142857,2557.95680714286,2620.00952142857,2579.96727857143,2597.87765,2910.12772357143,2765.81232142857,2610.5907,2690.12624714286,2675.782935,2816.76931928571,2766.87630785714,2723.15901071429,2576.97411,2543.82792214286,2479.75595571429,2401.48445,2557.93287857143,2568.37867428572,2556.81371428571,2669.48791428571,2444.77343571429,2572.991215,2592.34041,2676.05324857143,2654.39841,2679.90718828571,2494.27370857143,2504.35381357143,2591.45099942857,2380.951875,2298.83077785714,2207.103825,2414.213725,2259.834025,2290.978675,2077.09181428571,2100.43006428571,2049.44898428571,2085.52705,2232.50805,2347.80236571429,2261.76859071429,2305.42520285714,2235.52355285714,2021.00540285714,2201.35812285714,2261.88747285714,2153.88313642857,1833.34496857143,2178.55639142857,2093.00177,2140.40012642857,2003.44797714286,2134.30855285714,2226.5098,2096.47408857143,2271.90752357143,2365.61890428571,2404.39985428571,2453.84698942857,2481.43578457143,2692.50555714286,2578.59933857143,2576.53262285714,2594.91232714286,2666.55485285714,2584.84132285714,2726.52793357143,2533.87284857143,2593.114725,2543.455295,2493.84150857143,2610.42402428571,2620.73380571429,2545.42622,2747.05907,2816.65542,2717.50385928571,2516.491435,2628.50968857143,2484.58621857143,2584.02811857143,2552.19406857143,2413.61760428571,2591.80631571429,2732.66032571429,2494.28306357143,2555.84392714286,2469.87320714286,2528.4584,2667.48807285714,2374.21492571429,2270.30066214286,2381.91767071429,2457.61104285714,2483.67230428571,2350.97303928571,2343.60230785714,2235.85239214286,2327.38974214286,2480.79599071429,2450.48084214286,2423.06936928571,2269.672885,2289.28357785714,2272.31087785714,2472.847365,2512.01763357143,2439.78692714286,2417.567365,2264.12228,2450.30443571429,2501.28879714286,2335.31450857143,2533.44344285714,2313.59132428571,2593.27857142857,2639.29726571429,2553.09262428571,2746.32931714286,2759.38116142857,2615.76711142857,2658.47170428571,2592.85563142857,2362.03002428571,2655.31795,2523.53564407143,2604.61704907143,2597.00592121429,2627.74059121429,2679.41878285714,2552.17382385714,2677.65823571429,2580.58822857143,2431.50249285714,2478.770215,2535.58322857143,2441.47719142857,2244.23463471429,2230.74803785714,2480.25597371429,2408.79596,2543.45506428571,2499.86834571429,2409.93629,2343.56706428571,2631.15807571429,2565.12529428571,2501.07438571429,2518.61564714286,2700.27357142857,2669.77796871429,2678.95036514286,2576.51393871429,2864.75551857143,2706.24642571429,2720.69223285714,2643.18935285714,2650.83141,2733.04126485714,2651.16375142857,2672.81630142857,2572.51547857143,2421.72368642857,2423.24125928571,2469.18331785714,2475.45668857143,2586.87326,2414.58608142857,2504.85983142857,2464.95302428571,2491.11441571429,2573.68761785714,2548.48479285714,2568.01603785714,2525.45687142857,2485.07432142857,2586.76732142857,2699.51608571429,2726.5066,2827.33005,2703.53268571429,2644.60597857143,2525.98060714286,2525.87042142857,2627.47808714286,2617.99207,2609.27474714286,2768.53178571429,2802.38251714286,2908.38565714286,2701.94723071429,2948.98352857143,2962.38902857143,2710.30048,2644.22203,2587.97175,2507.28534285714,2494.72454,2455.381085,2360.896185,2336.87065571429,2199.47231,2254.83653714286,2319.96490857143,2353.14827857143,2278.40673428571,2032.24200857143,2412.30159428571,2249.94868142857,2346.81720071429,2354.03679428572,2460.00112,2410.4233,2497.77884857143,2582.08634428571,2555.05939142857,2408.74854285714,2496.51856428572,2680.70653857143,2791.67288428571,2575.44263571429,2859.42893571429,2857.98863,2468.48952571429,2286.06714742857,2312.66995928571,2243.19873428571,2260.65051,2314.93012571429,2318.17687285714,2237.81355142857,2245.26125428571,2179.30256857143,2214.28931,2152.66984,2234.747221,2083.26111142857,2198.21128714286,2091.55562714286,2288.29489357143,2124.50821285714,2160.55349285714,2273.68180714286,2473.12581428572,2473.14947142857,2397.73646428572,2414.76826428571,2461.15033571429,2328.12498571429,2441.39728571429,2423.77254285714,2594.99774285714,2596.44649285714,2446.24946285714,2345.51909285714,2390.77049285714,2404.91540714286,2177.87660714286,2447.85891428571,2542.81283571429,2531.56028071429,2657.77273071429,2566.22408285714,2553.67354285714,2611.62631428572,2668.02056357143,2718.91292857143,2473.65813571429,2593.37749285714,2442.33225,2687.61648571429,2512.03786321429,2540.20700714286,2312.53267857143,2576.53405,2526.70911642857,2450.14814428571,2423.35743642857,2533.43112857143,2425.13776357143,2555.663485,2572.55943,2452.92365714286,2420.11776214286,2551.04909071429,2609.11009857143,2691.49092857143,2761.51552857143,2562.13622142857,2777.24154714286,2810.74029285714,2748.13464285714,2783.34876285714,2605.06013714286,2488.3048,2608.70619285714,2430.85599428572,2503.67373285714,2586.24919285714,2682.95787285714,2629.89006571429,2578.49624142857,2428.26664142857,2453.51149142857,2391.36036142857,2491.38207142857,2554.26534428571,2495.94841214286,2675.63848071429,2661.24151071429,2728.72793142857,2800.58005285714,2653.71564785714,2510.67650071429,2592.59393071429,2465.63383071429,2418.77134571429,2368.8355,2516.34447142857,2467.14312857143,2629.19703,2578.63233428571,2547.42362428571,2551.69430857143,2453.54476714286,2494.04074428571,2645.25109714286,2481.60669,2508.7901,2559.59868857143,2606.41896857143,2470.38437142857,2441.26423,2433.68976,2508.10597714286,2553.62431,2517.30276857143,2642.85216857143,2558.51319428571,2676.33854428571,2572.71401428571,2629.64891142857,2632.63527428571,2719.64036714286,2623.56411571429,2654.77011571429,2664.39754428571,2647.63138428571,2773.75906714286,2660.71389857143,2668.15661428571,2552.08729571429,2472.11074285714,2639.62142428571,2614.98545,2584.47014428571,2598.03947628571,2755.22481642857,2826.92370585714,2699.50966928571,2698.65277928571,2659.72081357143,2713.094955,2528.65181142857,2532.83501714286,2711.32917714286,2545.21105571429,2529.58666571429,2576.90112285714,2507.59044285714,2414.70088357143,2411.32590071429,2500.97771214286,2354.64010285714,2407.26976671429,2326.15948457143,2277.57898285714,2364.64015285714,2318.08177142857,2528.28341571429,2494.31305142857,2430.98856571429,2408.00413714286,2253.51502142857,2167.03576928571,2211.90953285714,2203.82936428571,2119.345488,2426.18784428571,2481.496845,2635.90777571429,2610.44802428571,2600.19059571429,2547.55113857143,2585.95963142857,2470.50935285714,2611.67475285714,2463.48405285714,2562.08426457143,2750.66219057143,2727.76038285714,2574.50758285714,2555.47626857143,2522.97073,2361.90222642857,2445.31745714286,2521.10786357143,2463.43854428571,2415.638694,2468.661699,2454.19895785714,2454.00691,2223.73955285714,2182.06655857143,2183.86786571429,2181.42234857143,2234.49349314286,2406.76219,2494.11989785714,2425.00119,2497.17890428571,2308.89730142857,2177.99723857143,2234.63058714286,2101.76133714286,2398.34928714286,2278.24907214286,2217.18984357143,2206.88500357143,2283.73052071429,2345.84636428571,2676.69437857143,2615.32122857143,2626.630655,2595.82567214286,2601.81387571429,2606.72212142857,2598.93826285714,2379.50253428571,2523.17172142857,2477.90517214286,2526.991965,2534.27895,2548.35569285714,2422.78607857143,2474.58249285714,2621.69849285714,2606.55495714286,2510.58177857143,2300.83185214286,2276.05974071429,2410.49638142857,2502.38592428571,2667.72828785714,2497.35062,2466.16817428571,2333.81278571429,2253.85482571429,2443.3265,2251.80069571429,2193.70605428571,2321.34010428571,2246.66537285714,2221.28320857143,2207.74762,2241.16234142857,2542.41656,2594.15787714286,2556.46101714286,2604.49261428571,2578.77615214286,2411.91320928571,2483.18293571429,2521.05628,2679.21668,2673.81524,2455.43750071429,2400.93471714286,2265.29175285714,2433.05713571429,2387.11362,2458.77177285714,2464.10232285714,2391.10235571429,2349.47337857143,2408.47334214286,2340.76024928571,2475.62595428571,2399.00055142857,2509.97654857143,2252.12476428571,2429.36509214286,2256.86550714286,2378.04733642857,2356.72623,2365.28628214286,2432.61915714286,2462.11000714286,2359.68927142857,2538.49857142857,2293.75234642857,2330.09989642857,2474.98135,2545.30221428572,2543.30646928572,2503.480105,2422.785,2370.63895,2243.48859285714,2208.47049285714,2510.93779285714,2331.12221428571,2302.54012357143,2418.55235857143,2284.63178857143,2592.28516428572,2617.16448571429,2556.07777285714,2386.44728714286,2470.1072,2689.40071428571,2696.77286971429,2596.51446428571,2679.09578357143,2619.12807214286,2732.09595857143,2642.93177857143,2804.64602857143,2864.36516428571,2648.17974285714,2745.94842857143,2711.79655,2629.9463,2602.27187857143,2644.80827857143,2495.22706428571,2544.69787142857,2498.61489285714,2489.92383571429,2347.31201428571,2341.79933214286,2269.60140714286,2379.20481571429,2350.62446428571,2404.35345,2318.85575928571,2522.93178285714,2514.35284785714,2595.10081785714,2563.20678571429,2524.32388214286,2484.83160142857,2582.81581571429,2727.56119,2602.55603285714,2711.604725,2699.194475,2679.40324,2670.29378,2732.11645571429,2679.26888571429,2686.96378571429,2703.40598857143,2705.70654,2687.42925857143,2447.90825857143,2460.91955857143,2368.05470857143,2370.76119857143,2339.02376857143,2566.84405428571,2519.10355428571,2554.22041428571,2462.99525428571,2467.56347857143,2465.30275714286,2540.27284428571,2431.38357142857,2507.06463771429,2467.2828,2343.96176428571,2301.87936428571,2484.97881428571,2296.06426428571,2473.61635,2374.07678571429,2441.59733571429,2391.06917857143,2312.45008785714,2300.30328928571,2297.10054,2309.80019214286,2379.08036714286,2254.24616214286,2255.30203214286,2307.4704,2466.43733785714,2417.61973142857,2447.52494,2332.097645,2320.56211928571,2438.150995,2385.07446214286,2404.41725857143,2369.50324142857,2267.24268857143,2283.83213857143,2177.94723,2315.78662785714,2363.16852857143,2326.49038785714,2410.05450285714,2561.23065285714,2393.25720285714,2297.3608,2500.0186,2420.07055,2516.01908928572,2425.58984571429,2603.32264571429,2658.35853071429,2679.81819285714,2725.26324285714,2530.71852857143,2575.04606428572,2307.72524285714,2318.46001928571,2659.99643928571,2666.28775428571,2847.32016428571,2817.05862928571,2852.07334714286,2782.39926428571,2720.02936714286,2934.07891714286,2982.31856642857,2688.52662442857,2668.75522142857,2457.74233157143,2479.80711142857,2517.72036142857,2467.22430571429,2381.16786571429,2341.11246571429,2683.25331571429,2657.07734571429,2562.23219571429,2507.14860571429,2514.53823142857,2375.48007142857,2545.03779142857,2440.03515342857,2285.79514285714,2386.41779285714,2343.98459285714,2547.87303785714,2447.12249285714,2375.32407,2378.21041285714,2467.47061735714,2457.53452285714,2710.10077,2620.24204,2673.88879,2763.343625,2731.99637,3000.9113,3031.85762142857,2842.02840285714,2770.78513142857,2751.44158142857,2519.88992571429,2595.70118285714,2756.86145714286,2708.52582642857,2761.44206571429,2840.35165,2822.09636,3021.32296428571,2926.98609714286,2918.96230714286,2985.36610428571,2714.43995,2623.96065771429,2702.19449928571,2849.34554142857,2938.26934857143,2808.87829285714,2577.37882142857,2530.65865428571,2675.74797428571,2577.99403428571,2499.71215571429,2429.98518857143,2349.41372428571,2463.31232428571,2397.57115428571,2393.86215428571,2415.10080428571,2422.36210428571,2585.99645428571,2505.87069714286,2466.55450571429,2444.89194071429,2479.263545,2513.84008571429,2554.96577785714,2523.28828214286,2461.46113214286,2476.56193714286,2473.84343714286,2582.416745,2587.08396285714,2550.42724857143,2604.79804142857,2613.24030714286,2714.55566071429,2628.27522714286,2713.90345714286,2696.13525642857,2625.15091071429,2597.18567,2348.19942571429,2367.63057,2287.57284,2216.99813,2264.83057857143,2518.331,2383.74663714286,2346.02063428571,2344.59170942857,2413.03141371429,2383.19701428571,2418.51273571429,2373.51896428571,2411.55562071429,2495.7705,2398.96686,2542.62235,2532.13790714286,2386.60652857143,2305.50407857143,2321.75888285714,2349.02199142857,2383.24413571429,2383.30583571429,2682.57791428572,2624.66056428571,2640.39565,2752.30385,2806.14003571429,2753.42986428571,2826.04244642857,2781.92105928571,2700.16621928571,2657.84199,2743.00494928571,2670.56987142857,2608.16512857143,2431.66492857143,2473.64511428571,2607.54866428571,2568.5024,2675.83521785714,2550.74285644286,2558.95254144286,2661.13429428571,2640.82640285714,2660.72815285714,2606.78937857143,2748.46644428571,2632.88188071429,2610.49515642857,2507.54924071429,2518.461105,2467.10851857143,2491.92079428571,2397.893455,2376.196075,2280.02088214286,2411.54494357143,2426.73347071429,2642.36470714286,2425.69739571429,2437.92661,2321.35994285714,2454.93431428571,2548.34630714286,2601.11407142857,2480.75862857143,2523.36891428572,2399.99129142857,2413.16952142857,2557.05742142857,2659.46753571429,2678.01168428571,2586.73403,2649.76496142857,2542.57020142857,2456.801435,2608.654445,2568.03248714286,2783.79810885714,2807.89163642857,2754.4598,2644.12954857143,2630.91628142857,2777.980515,2735.476065,2690.23721,2811.10648,2692.89811714286,2745.48959428571,2787.54162428571,2667.34254571429,2781.48055785714,2544.99591092857,2501.57703714286,2669.49899571429,2815.84276428571,2937.38221571429,2757.13877,2902.73264428571,2817.66358714286,2787.58283571429,2736.25053428571,2657.60593428571,2682.23338857143,2790.79022,2756.651335,2725.88672742857,2621.57417857143,2808.69470971429,2837.75987342857,2797.31699714286,2669.34826,2546.65628428572,2498.85240857143,2734.48171428571,2704.43321428571,2702.27206142857,2455.58249714286,2344.65864071429,2267.39762714286,2356.84191142857,2279.96238571429,2526.54613142857,2533.73335714286,2526.55446214286,2471.03658571429,2404.62257142857,2542.01079428571,2502.33651428571,2424.97091428571,2155.00085428571,2271.13227214286,2289.47101428571,2431.99064285714,2440.25415285714,2460.90061,2426.97410571429,2431.90723071429,2278.99789,2252.244355,2344.34231892857,2362.18224142857,2287.31369285714,2317.03540714286,2416.08207142857,2375.78120714286,2341.77291428572,2243.57121428572,2326.96016428571,2354.72519642857,2364.88268214286,2152.157,2140.93745,2204.77735085714,2285.66774,2306.36127428571,2349.89596857143,2588.91554,2504.03707257143,2434.1412,2411.26929428571,2382.78325714286,2442.9738,2476.50436428571,2308.68430542857,2380.78232857143,2588.0068,2513.81124571429,2390.27603571429,2623.72543571429,2722.12828571429,2599.96348571429,2530.00423571429,2542.44399571429,2647.41708571429,2754.97487857143,2555.77630357143,2536.94294,2443.09277714286,2410.04428571429,2483.28114285714,2448.06586285714,2450.07623785714,2512.51090214286,2531.24521428571,2463.33743642857,2370.51105,2354.93890142857,2468.68450142857,2371.77459785714,2404.51451285714,2435.03909285714,2296.25854714286,2327.87054,2289.10019285714,2278.48341857143,2264.67900428571,2278.21667571429,2316.28279285714,2200.88898428571,2542.37557857143,2699.29644357143,2606.22321,2689.49688214286,2821.10195642857,2830.86041428571,2728.06128571429,2843.39738571429,2679.62440714286,2825.44507571429,2737.59462857143,2784.48325142857,2921.03921785714,2735.76231,2653.25866,2634.25426785714,2712.92924357143,2605.47385571429,2442.94416571429,2400.62859142857,2325.51950785714,2254.96501285714,2098.88027571429,2237.84015071429,2314.41214428571,2421.64071142857,2173.66420857143,2188.71630857143,2121.29148714286,2233.60295571429,2258.71648071429,2397.32518071429,2161.303275,2167.95769385714,2322.13879385714,2437.25359857143,2328.92862571429,2128.45951857143,2185.64284857143,2298.18787142857,2331.04343357143,2340.24866428571,2299.32422857143,2592.60156,2762.90687,2723.55762142857,2714.07371142857,2664.08496285714,2748.48234357143,2520.27504571429,2432.42872142857,2325.18681071429,2236.78861785714,2199.830755,2152.09941928571,2225.40646357143,2259.81196857143,2197.27920428571,2367.64048285714,2314.91680714286,2246.06312857143,2522.45927857143,2575.57467857143,2715.7436,2675.04395,2526.59285,2359.81537857143,2455.513495,2447.52031428572,2453.96686428572,2472.32955714286,2553.68967714286,2480.58075714286,2422.52830714286,2240.69005714286,2372.13635285714,2461.76105714286,2428.18439857143,2291.42121428571,2394.54531428571,2353.72378428571,2597.06600285714,2593.34777357143,2593.28408285714,2726.87979571429,2591.18589571429,2595.84714714286,2528.29185,2290.75474357143,2437.84111071429,2229.68243714286,2396.24292857143,2418.00789857143,2306.09517142857,2273.14182142857,2269.06612857143,2332.32928357143,2496.55757857143,2806.86255857143,2519.50870714286,2575.37665714286,2513.59487142857,2608.90616714286,2539.02834214286,2598.62604928571,2782.85207642857,2758.27576428572,2671.33331428572,2752.42632714286,2799.62582142857,2689.08207928572,2719.95432928571,2714.45216428572,2595.97141428572,2520.50660714286,2370.36442214286,2294.80180714286,2224.94851714286,2402.79295714286,2418.24487142857,2628.80147857143,2590.77554285714,2475.69489214286,2533.14986571429,2482.98824285714,2593.68692214286,2483.53357142857,2412.39676428572,2320.14270714286,2216.52380857143,2136.37525857143,2242.81144571429,2205.66631571429,2317.81740485714,2200.34588714286,2339.34541714286,2337.89099142857,2459.31243571429,2403.55615214286,2528.73119857143,2362.13318571429,2236.21609285714,2303.05314428572,2240.10512142857,2260.56564285714,2394.80651142857,2496.97871142857,2351.24430785714,2356.02394285714,2307.10702142857,2523.59422142857,2609.790105,2553.88946142857,2509.58343285714,2379.27849285714,2344.62099857143,2452.94054142857,2385.71428857143,2388.437757,2339.88210428571,2265.74374285714,2232.38258785714,2285.98320928571,2606.36499928571,2674.51694785714,2658.69722642857,2730.85483142857,2823.32277142857,2785.76275357143,2768.31748357143,2873.75428357143,2952.38885714286,2824.62009285714,2661.29456428571,2685.67907857143,2681.93992857143,2648.93045714286,2621.38816428571,2597.00777,2585.83491571429,2633.05979428571,2450.75679428571,2370.89574428571,2574.20350714286,2576.29662857143,2548.58687214286,2468.75633285714,2613.86715714286,2610.99079142857,2630.06484142857,2594.25543285714,2443.89817857143,2222.719205,2401.07688571429,2192.30157857143,2149.73902857143,2299.86982071429,2281.06387,2278.894205,2170.30242785714,2359.29297785714,2373.19716428572,2297.99179214286,2302.68010071429,2368.93103571429,2339.07308571429,2457.19007071429,2502.76724285714,2463.599225,2399.02633285714,2438.41191428572,2426.8929,2200.82552142857,2484.66563571429,2383.91699142857,2300.36234142857,2303.37651357143,2388.93446285714,2518.72034285714,2580.19393571429,2607.13330285714,2698.03522571429,2656.56385714286,2792.43106542857,2780.67475714286,2512.084435,2443.797835,2535.71935714286,2523.29948571429,2624.92224071429,2471.37454285714,2631.07586857143,2704.20055285714,2598.83665642857,2232.88254285714,2194.56466285714,2342.13553142857,2318.75228142857,2333.37401,2623.36586,2516.97863142857,2458.41790571429,2675.78475357143,2591.02665357143,2435.36530428571,2349.50303357143,2279.98700714286,2160.97380857143,2225.75941357143,2096.43090142857,2314.21534828571,2268.26674828571,2620.31934828571,2680.47272214286,2505.11391,2498.97295,2503.55813571429,2355.95527857143,2508.96473571429,2627.88399285714,2536.33554285714,2525.13053285714,2396.15299428572,2423.96122142857,2406.69093285714,2474.28459285714,2340.18579285714,2249.85782285714,2357.19199285714,2302.55994071429,2452.87926428571,2576.10735714286,2684.80348285714,2602.45444142857,2584.39710714286,2631.77353571429,2643.67529285714,2616.69637857143,2535.95621928571,2591.32406928571,2496.02374285714,2651.03423071429,2735.40253128571,2712.26970214286,2677.66257342857,2746.43401142857,2688.51737142857,2919.43297857143,2804.15514285714,2811.97713142857,2712.50065571429,2621.53534428571,2529.87342685714,2514.13814857143,2398.19571285714,2360.81576428571,2391.67462142857,2310.03380571429,2385.28205142857,2411.56109142857,2469.29170714286,2482.96335857143,2599.54756428571,2569.70039285714,2455.23336785714,2542.11884285714,2477.64049,2665.52609928571,2694.43923571429,2623.35227142857,2380.49169142857,2499.49497428571,2395.577325,2481.38105428571,2642.04508357143,2542.40456214286,2426.69871714286,2558.20356714286,2644.02471714286,2624.65927428571,2563.65725142857,2607.01871642857,2708.51513571429,2699.35708571429,2612.65577142857,2506.72928785714,2524.15269285714,2555.27485714286,2645.73992857143,2525.36731428571,2693.37571428571,2780.60952714286,2759.01227142857,2750.85438,2501.56373571429,2621.17462142857,2548.86564285714,2557.910905,2728.02687142857,2738.87681428572,2801.20115714286,2697.67945714286,2609.79762142857,2705.55146428572,2676.04392142857,2605.09711428572,2657.87551428571,2568.03766428572,2591.24995428572,2541.37175928572,2625.21721428572,2638.2571,2659.886925,2592.15545,2739.440035,2673.8451,2435.67632142857,2283.82557142857,2459.71687071429,2338.46234285714,2424.324165,2389.52282928572,2619.07914571429,2627.42331428571,2504.81908857143,2603.17188428571,2796.244775,2654.98487,2573.64324285714,2413.18716285714,2381.81036285714,2299.40836285714,2286.71060714286,2387.36940714286,2565.16686285714,2524.91910285714,2397.14224814286,2423.15694914286,2550.30172142857,2558.25122857143,2493.07036428571,2372.07239571429,2435.59587428571,2369.50696428571,2482.94934142857,2533.83654457143,2433.82528571429,2335.22954571429,2507.862695,2648.07785,2666.4266,2540.88407928571,2613.76952642857,2597.89529357143,2486.18884714286,2570.72398857143,2519.301665,2349.30957785714,2348.33934285714,2429.47592857143,2352.68887428571,2322.81221428571,2257.51636571429,2264.55008285714,2502.55961428571,2500.65266428572,2427.25961428572,2530.08464285714,2828.6648,2794.23997142857,2746.13508571429,2798.98520714286,2818.72652142857,2763.59024285714,2675.46346428571,2854.85054642857,2527.22344428571,2540.20542857143,2615.17902857143,2518.31772857143,2523.78455,2621.82573142857,2551.4205,2596.23038857143,2450.51486714286,2286.56376521429,2434.22238285714,2227.02971,2335.31985,2283.65329857143,2568.47120714286,2558.38152285714,2512.20730735714,2584.04785285714,2517.23780285714,2572.23010285714,2416.01170571429,2473.9834,2468.038,2544.4723,2607.77790714286,2400.09822142857,2320.54657857143,2369.50174285714,2359.89928428571,2336.61854285714,2318.30340714286,2494.49290785714,2466.34798714286,2383.26983,2541.37001142857,2549.534075,2602.14321214286,2656.66011442857,2664.02379857143,2564.50762857143,2780.402325,2343.85588,2186.88900428571,2189.73773428571,2107.52151428571,2200.75343142857,2184.38239771429,2056.84843928571,2122.14605357143,2240.86433571429,2154.57832285714,2283.05953428572,2310.64949857143,2458.93663571429,2519.09864714286,2548.45932571429,2473.19982071429,2316.11213214286,2334.20972714286,2452.95706071429,2395.11419142857,2535.61976428571,2543.74360285714,2492.1199,2311.50754,2272.24387857143,2112.78646285714,2156.51740857143,2261.49625285714,2345.70692,2298.53531771429,2283.04301428571,2267.00135714286,2198.87584531429,2137.02969857143,2309.310886,2377.21366142857,2429.61646571429,2293.96873714286,2291.91059714286,2358.29721428571,2191.64390571429,2518.61158285714,2418.06506,2538.58871285714,2271.76457714286,2329.74465,2260.09805142857,2165.66382857143,2323.71077571429,2286.67426285714,2314.57954928571,2204.51345071429,2162.39978071429,2178.488005,2197.90275714286,2152.40432928571,2240.46301357143,2284.43626142857,2298.92655142857,2395.09958571429,2283.98711142857,2349.95738142857,2472.00387357143,2491.20949285714,2589.52599285714,2655.6509,2599.51296285714,2573.82591285714,2686.78891,2691.43080642857,2646.51772642857,2426.38095428571,2416.48695928571,2448.64501142857,2514.65815428571,2358.33305428571,2299.67981,2253.51606,2182.89781,2265.88286,2321.79761,2317.65158571429,2500.88774285714,2571.03116428571,2289.15462928571,2353.82936357143,2409.57741857143,2317.18438357143,2271.05351857143,2425.67210428571,2394.71929285714,2489.02662285714,2402.44663285714,2248.62261285714,2472.46401928571,2499.11886978572,2399.58609835714,2429.07861121429,2439.25869164286,2490.95471664286,2630.6016595,2487.75440807143,2744.98791307143,2711.53637857143,2472.47554357143,2409.56050357143,2517.17406142857,2509.89266142857,2471.79792714286,2439.15547142857,2218.44067142857,2360.23187142857,2210.38764285714,2150.16952857143,2456.19029285714,2384.29086428571,2311.35176428572,2292.70838571429,2290.59807142857,2341.56976428571,2025.33487,2166.16742,2094.91322,2225.522,2115.69032142857,2251.71926571429,2204.83750142857,2219.22850142857,2208.30314357143,2004.65959214286,2091.64760428571,2166.81673,2114.21902285714,2091.26261285714,2146.57031428571,2109.51852857143,2297.61154285714,2314.10451,2132.69091,2219.61362714286,2145.35118428571,2033.89864928571,2211.75192857143,2184.27187857143,2254.87197857143,2272.54392428571,2360.03148428571,2240.44767785714,2392.77265357143,2335.10516428571,2107.96883571429,2224.30193571429,2166.67209571429,2292.36415571429,2147.47732357143,2060.18615164286,2193.31353214286,2204.30376214286,2589.81001357143,2576.49051642857,2480.98541642857,2406.42085928572,2443.73313285714,2442.33126857143,2658.37690428572,2594.99542571429,2549.43504771429,2592.49754771429,2653.99931571429,2530.533815,2718.46139142857,2526.36096642857,2477.68500114286,2433.91651428571,2405.84482142857,2418.77576857143,2413.81219078571,2284.22050857143,2463.90598285714,2550.55156428571,2573.15542142857,2703.73635,2556.01190285714,2518.61088857143,2356.22392071429,2473.14745,2462.60574,2591.39898457143,2501.28228857143,2265.46313785714,2414.22721428571,2396.01502857143,2446.08245,2292.45600714286,2609.83759285714,2381.39341,2409.98350428571,2308.58022428571,2384.43324142857,2454.49444857143,2406.75693285714,2583.49822335714,2712.66654621429,2725.75543478571,2560.7907405,2381.97731192857,2550.38418357143,2620.79211314286,2627.44329314286,2589.58389314286,2513.93099357143,2538.57271928571,2509.87276142857,2186.279915,2286.95064357143,2328.24552357143,2379.323895,2455.15962142857,2463.802762,2436.01224285714,2262.10738857143,2283.28916,2434.26104928571,2512.43166071429,2405.55458571429,2492.19535571429,2348.41092571429,2458.16827714286,2403.0801,2426.38597857143,2301.75067857143,2496.79746357143,2340.02988357143,2504.80551642857,2368.44413142857,2428.05438571429,2358.55691785714,2410.86689285714,2333.91987142857,2358.11347857143,2412.46051428571,2354.93552857143,2277.68338785714,2311.60463571429,2411.44415,2305.66711428571,2411.05800071429,2240.46396428572,2178.65692928571,2314.15606321429,2331.05077142857,2296.3181,2327.72771428571,2279.7628,2269.29344285714,2206.05213571429,2234.3829,2309.86542142857,2367.700605,2495.35303357143,2523.91258571429,2404.3108,2449.75547857143,2527.99371428572,2340.83946428571,2448.64156428572,2374.28569571429,2418.04218928571,2709.73613571429,2802.22061857143,2801.76696142857,2767.09249142857,2633.21251928571,2596.02057285714,2566.36228428571,2598.27367142857,2548.52796785714,2444.70644714286,2489.19293428571,2577.90390571429,2562.40858,2551.166245,2627.539945,2558.405575,2489.73253857143,2523.87254,2587.57499857143,2535.69431,2478.17534285714,2503.38112428572,2516.54930714286,2499.34386714286,2685.56584714286,2560.28843285714,2575.56104428571,2473.59599928571,2459.8578,2385.87525,2490.06016571429,2423.91738071429,2302.52748571429,2482.41603928571,2446.04553928571,2391.62128928571,2352.29618642857,2678.12668642857,2812.53582928571,2696.79163285714,2659.60413142857,2420.74671171429,2445.02827428571,2392.49942428571,2420.81302428571,2323.193216,2370.03646428571,2410.30312,2297.187595,2482.36119428572,2519.36892142857,2517.64572285714,2522.892454,2366.39194257143,2382.43223714286,2347.25225857143,2412.56188571429,2491.41388571429,2491.28701071429,2366.52995428571,2535.99627142857,2369.98646071429,2254.84566571429,2497.79996642857,2578.11680071429,2390.38038357143,2297.95484857143,2287.61128357143,2435.42227142857,2395.0573,2316.34556428571,2242.62146428571,2385.72843785714,2521.02594071429,2411.02755642857,2453.51545642857,2484.18680142857,2448.47372571429,2409.85871285714,2470.84136285714,2350.77498142857,2458.47903142857,2385.90724885714,2385.47739,2339.59212714286,2291.86901142857,2360.23736142857,2439.62651142857,2422.97682285714,2317.38943571429,2460.61743428571,2452.85399714286,2293.62087,2318.52217,2402.05617142857,2358.54433571429,2532.79179285714,2754.36928571429,2878.58873571429,2764.21211428572,2595.10598428571,2335.01052142857,2308.04363714286,2440.11207142857,2473.0087,2389.94812285714,2210.29813571429,2242.64262857143,2330.81837857143,2459.28070714286,2300.58293785714,2268.21691071429,2491.21834285714,2419.39284285714,2407.39319285714,2491.81503571429,2486.29866214286,2498.0575,2520.76885,2654.92421285714,2659.54142357143,2655.63727357143,2430.28087214286,2271.71284714286,2546.87555571429,2564.12527357143,2441.98978571429,2451.03623571429,2335.14152857143,2337.03647857143,2373.25982857143,2181.88770428571,2287.63664564286,2426.9619885,2505.27289285714,2428.27072785714,2422.49069642857,2533.11787142857,2601.29144285714,2531.32169285714,2597.71364714286,2394.22913,2229.47960428571,2272.17504285714,2198.64774714286,2340.23049142857,2274.42748142857,2403.24755357143,2515.32042857143,2603.63649285714,2514.32790285714,2599.70455,2425.34004,2423.35834285714,2183.30486428572,2198.69036428571,2224.73364285714,2079.10565714286,2063.20400714286,2090.72204857143,2204.23358857143,2220.69587857143,2183.33487857143,2442.91064785714,2451.07273071429,2407.71017142857,2686.85865,2649.85094285714,2692.30688785714,2724.94103785714,2660.40533071429,2625.58651,2602.22285857143,2744.40210257143,2635.25759,2473.11625,2470.71055357143,2476.287825,2345.81895,2291.63475121429,2377.5572855,2256.42839,2477.32954,2472.31104,2468.83651,2444.52557642857,2621.50558142857,2659.15826857143,2569.58696857143,2589.04532142857,2570.75040857143,2350.35620214286,2435.88984714286,2451.16211142857,2318.12318071429,2421.88840071429,2347.09287142857,2324.967415,2355.585025,2453.41269857143,2555.52779857143,2529.13877714286,2318.51890142857,2373.44537857143,2402.27687857143,2413.58926285714,2534.180485,2356.49839142857,2535.49687285714,2492.35495857143,2641.06237071429,2577.43253571429,2810.095415,2577.61289785714,2498.32756642857,2245.56072,2418.48991928571,2404.79869285714,2358.70517428571,2489.00266428571,2497.28062857143,2269.2738,2266.21879571429,2372.48773714286,2274.69279071429,2325.88791214286,2450.83972071429,2411.98103785714,2459.19312285714,2296.57456,2435.83553714286,2276.74150857143,2352.20776571429,2469.64368142857,2641.12401428572,2692.63336428571,2729.56954142857,2777.50176142857,2537.8404,2473.34643285714,2703.61346857143,2567.83689857143,2603.33269714286,2513.14202428571,2645.19557571429,2675.56078571429,2736.58831571429,2728.09490571429,2801.74955428571,2832.38569714286,2735.98293285714,2587.48953285714,2595.35441971429,2590.03176971429,2576.40741971429,2522.85036971429,2599.71216971429,2501.04621971429,2449.58871971429,2574.365462,2593.749612,2472.32057342857,2368.21397571429,2387.47561285714,2659.94764285714,2608.17437142857,2548.29775214286,2476.44480214286,2442.496935,2491.13389714286,2657.37408714286,2564.25542428571,2433.48013857143,2425.48443142857,2481.12774357143,2333.29169071429,2302.88676214286,2255.17917857143,2386.56458285714,2459.30203857143,2393.49487285714,2333.18116142857,2261.36107571429,2331.90385,2522.59814285714,2501.50725714286,2474.65362214286,2509.53455285714,2394.48628642857,2368.13341714286,2480.77582142857,2319.94251714286,2483.50954714286,2604.10599142857,2657.55480571429,2555.01540571429,2617.88180714286,2630.84577142857,2785.92507142857,2747.46105714286,2703.51676071429,2496.85869714286,2579.131005,2590.70728571429,2700.74450714286,2495.76006857143,2488.52196857143,2284.42061714286,2270.43756714286,2375.89226,2276.70287785714,2429.85891428571,2329.11690142857,2499.18531428571,2484.06790142857,2294.25289285714,2390.72775714286,2488.90657142857,2773.06886428571,2630.88740714286,2663.89992,2702.67497428571,2772.36048714286,2605.12549571429,2590.40097571429,2669.60424685714,2435.26861785714,2335.20602142857,2243.65258571429,2442.44416142857,2530.18885342857,2475.52792914286,2459.32709914286,2359.93664928571,2158.05579285714,2303.17451,2345.27859142857,2285.31983814286,2234.08793814286,2247.41107514286,2298.32202071429,2345.19205428571,2274.25628428571,2316.83091871429,2384.24664142857,2466.34883142857,2462.91458142857,2472.35453357143,2509.15551328571,2589.40167428571,2676.37644028571,2669.20164028571,2706.79269028571,2503.31848357143,2585.87344142857,2665.61439285714,2644.93651285714,2497.47048214286,2586.42407357143,2524.09684857143,2625.93615571429,2523.39657214286,2562.54915214286,2480.30934428571,2573.84418,2451.78658071429,2642.35623642857,2632.36208,2694.56558928571,2736.08939285714,2781.89414285714,2775.03509285714,2408.83785428571,2397.31266285714,2579.5896,2543.655005,2626.53137357143,2639.42518357143,2602.29464571429,2516.33608285714,2435.21583142857,2458.77046714286,2489.66959428571,2486.93075857143,2530.96838857143,2739.92234285714,2870.60064285714,2604.39934285714,2465.06222142857,2496.32371142857,2539.44811142857,2591.48736428572,2618.17733,2633.23824285714,2496.84655928571,2456.23449285714,2524.81746285714,2578.80438571429,2437.548945,2316.59433142857,2243.07416428571,2237.88344285714,2182.27100714286,2264.85755714286,2372.17507857143
298.775510204082,2466.88679897959,2347.89095306122,2282.04327040816,2185.5386122449,2141.67680510204,2294.45370091837,2345.70995295918,2451.0568744898,2467.93901326531,2663.30900510204,2440.34172234694,2457.71259234694,2619.88490989796,2591.57795989796,2430.64045408163,2585.47102408163,2672.51431734694,2672.22102346939,2726.71425346939,2776.03652346939,2745.82802112245,2742.19348122449,2736.88637040816,2723.36338,2693.41567755102,2751.82798285714,2763.15209285714,2799.69516326531,2941.8866377551,2533.78274561224,2515.91227857143,2459.5461594898,2555.89178255102,2558.5717672449,2741.22713357143,2687.17328357143,2503.4477794898,2532.37354387755,2634.99803979592,2676.00525510204,2630.82238510204,2729.65248510204,2704.80948510204,2862.26005918367,2859.19741418367,2809.9545922449,2714.67474591837,2692.79941846939,2789.75140510204,2868.46949214286,2814.24251989796,2899.40381408163,2815.54003806122,2771.47427765306,2660.61913040816,2584.02373469388,2524.56699795918,2672.6614255102,2607.66969795918,2552.88565408163,2513.78009081633,2530.83352204082,2542.04562346939,2521.66216755102,2562.47654979592,2745.1684577551,2692.78385979592,2697.34384489796,2651.49385,2610.6952,2592.17175510204,2676.13437313265,2631.49242642857,2466.94483867347,2569.87010918367,2589.80993918367,2582.21509081633,2659.37635,2530.76247479592,2520.71312867347,2436.21494714286,2663.72757969388,2720.97580795918,2687.12514193878,2441.62851316327,2358.86031836735,2703.83141428571,2592.38621122449,2638.76081428571,2743.87021428571,2711.91269897959,2724.73065816326,2731.07142969388,2676.24745306122,2720.095165,2682.8444744898,2692.95174081633,2549.68659081633,2499.25409683673,2717.53053469388,2561.21800969388,2683.24943836735,2468.37446428571,2516.07626428571,2383.44990306122,2368.17400306122,2394.24198367347,2427.34172857143,2363.83107346939,2383.54234897959,2442.80132653061,2332.67602653061,2282.12954693878,2467.59582142857,2440.56732142857,2226.81511857143,2369.34908163265,2532.73405163265,2641.61502438775,2502.41119693878,2769.17800510204,2712.89130510204,2628.97435408163,2316.54811734694,2227.26731734694,2436.64058734694,2316.05548734694,2297.67433734694,2430.48261693878,2485.87151428571,2620.57086122449,2639.58837142857,2508.5280755102,2399.91683469388,2630.76036326531,2480.70659693878,2599.06594526122,2507.1866332449,2709.54034938775,2656.92971020408,2638.57470918367,2659.32774795918,2753.92331632653,2580.03473571429,2470.62846122449,2601.07618061224,2700.2595744898,2608.09938163265,2494.23077653061,2748.78558265306,2789.15268265306,2630.52463265306,2579.13443265306,2685.14418265306,2737.37100846939,2963.89504795918,3066.02757244898,2980.00912857143,2802.60632173469,2891.6424844898,2639.33065081633,2593.79719081633,2597.13550714286,2556.23493163265,2566.11683397959,2702.85749489796,2608.01859897959,2703.91044897959,2425.65931081633,2503.42406522449,2564.20762622449,2559.71352622449,2516.88047622449,2536.03886326531,2671.85189255102,2545.5822127551,2535.85792142857,2378.26102704082,2286.48912979592,2359.35547142857,2481.32600826531,2488.00613469388,2359.06989489796,2389.15514989796,2362.35478857143,2426.50894397959,2529.32977581633,2495.82592581633,2490.08892173469,2784.54598673469,2721.77735867347,2866.69562346939,2875.10157346939,2726.84697040816,2619.597655,2600.0044872449,2644.70124816327,2608.26077316327,2859.78020102041,2989.28224193878,2815.12789806122,2788.42840816327,2746.56792683673,2700.13941204082,2865.99128928571,2819.19787887755,2794.16840102041,2782.62065816327,2688.35658469388,2665.76498979592,2789.67359897959,2786.54544387755,2819.53718469388,2811.31002540816,2894.77732704082,2906.56429489796,2899.11632346939,2884.67641418367,2964.1723672449,2815.87982030612,2813.59753877551,2676.2036294898,3057.99966326531,2750.07611204082,2764.87902642857,2775.71017996939,2792.61755854082,2476.88470854082,2479.73454081633,2553.07461020408,2513.26671938776,2613.10642857143,2673.02583010204,2733.82840826531,2776.50092755102,2693.93693061224,2735.82571836735,2767.14931673469,2791.26907897959,2736.17147142857,2842.87386877551,2779.93752755102,2663.66804693878,2657.15614387755,2724.08238061224,2723.67462306122,2724.0543822449,2583.82018918367,2725.59912346939,2831.62315408163,2707.57748061224,2664.73215,2580.68025408163,2632.2781244898,2593.61700510204,2598.3209255102,2737.92574795918,2867.84442755102,2984.32755204082,2862.47074704082,2803.42334704082,2753.04419704082,2800.22039704082,2862.40431454082,2858.08064489796,2960.83749489796,2977.62509489796,2895.2849622449,2911.50903877551,2847.03901326531,2812.38348826531,2771.63714676531,2735.00931040816,2733.81965040816,2813.55751734694,2846.34956632653,2699.72087040816,2814.40006326531,2815.19596632653,2802.61680581633,2704.48358846939,2913.75146979592,2751.03794387755,2639.22259387755,2676.56761530612,2758.15814540816,2791.23047816327,2855.75621734694,2887.23669387755,2840.79196122449,2849.14595408163,2848.20089969388,2799.15699326531,2743.48396326531,2639.22933132653,2562.20305459184,2537.6962065,2579.83637326531,2751.89666632653,2740.43265204082,2742.74080204082,2713.67930204082,2747.8359272449,2619.81038795918,2598.48798908163,2628.04806428571,2655.86823367347,2688.79907918367,2633.66300918367,2716.57913959184,2552.46318367347,2671.55506571429,2709.77409897959,2825.94103979592,2814.76740816326,2781.08100816327,2908.20907877551,2693.59994816327,2658.18025030612,2654.13948979592,2727.03360816326,2599.7381622449,2770.23112602041,2755.02770612245,2722.90805612245,2721.84947346939,2800.46262346939,2749.11821428571,2702.82764336735,2741.65551428571,2648.70782839796,2414.44840326531,2522.64297326531,2605.24709683673,2547.44295510204,2474.38685989796,2522.9260627551,2498.34967520408,2589.84819918367,2717.60511632653,2713.41490408163,2603.89505918367,2780.22640612245,2792.28899183673,2622.65502040816,2764.87502040816,2805.12179765306,2844.63182040816,2784.09456428571,2689.45752244898,2742.83131938776,2507.38620612245,2659.85850306122,2709.57211530612,2599.41516734694,2630.97739081633,2661.08586081633,2425.30312408163,2385.15370408163,2680.23970408163,2800.69934408163,2736.71315408163,2590.29555408163,2770.50509183674,2886.11126183674,2685.78179183674,2820.32265010204,2646.42490510204,2741.05883010204,2531.14837183673,2393.38088591837,2549.94489591837,2568.63963836735,2795.27020173469,2816.89408663265,2840.82738979592,2760.49053489796,2770.59068693878,2853.29890591837,2651.27399285714,2627.97006326531,2828.8631255102,2781.31186428571,3068.56601785714,2917.65313193878,2957.6349594898,2823.0291227551,2743.4617727551,2654.21972704082,2564.22695204082,2471.6552755102,2435.82788877551,2492.09657755102,2685.85879744898,2679.02728163265,2667.58776734694,2550.70379693878,2585.36401836735,2351.59936877551,2588.83185591837,2480.75761530612,2522.23778877551,2580.7993622449,2829.29891326531,2889.77455408163,2793.76222040816,2884.55289897959,2939.44764897959,2878.04736897959,3043.21992346939,2799.69833673469,2994.72771836735,2894.65935714286,2492.35374897959,2549.89914591837,2429.46386091837,2597.5621672449,2588.73278744898,2693.21592695918,2659.39880295918,2567.98178816326,2537.68329173469,2698.50058673469,2564.07285204082,2619.06087653061,2636.36307653061,2875.39327653061,2616.95442653061,2719.45536938776,2715.85430479592,2590.0695685102,2549.8055755102,2417.17805816327,2454.26385816327,2426.68630306122,2338.50607857143,2433.11176734694,2333.92846734694,2466.01505102041,2384.02610102041,2450.49961020408,2441.50054183673,2547.68018367347,2552.72056632653,2503.49876122449,2461.95108571429,2469.29120043878,2587.03615,2657.03917346939,2733.80377346939,2541.12518469388,2365.01054591837,2598.29839591837,2600.46907857143,2561.52482142857,2339.45807142857,2545.24367142857,2616.23957142857,2651.35083183673,2727.18879183673,2611.50171122449,2730.91414122449,2609.56070102041,2730.90277602041,2831.24454102041,2734.56514020408,2642.97461020408,2677.84672959184,2589.43337744898,2756.37832244898,2822.30848244898,2714.02237744898,2799.62501244898,2932.66839744898,2906.44680204082,2804.90347857143,2700.79752857143,2705.40431357143,2562.74438877551,2751.73313877551,2613.18428877551,2639.16953877551,2492.62604877551,2417.62984561224,2677.64069938776,2647.14193897959,2552.77468897959,2656.35949918367,2565.26788489796,2605.96847959184,2715.4646377551,2555.48745204082,2648.87522346939,2487.0252755102,2487.45329591837,2644.96328163265,2803.61143061224,2673.51647061224,2713.29357561224,2684.87802653061,2723.42697653061,2643.60021530612,2814.48352204082,2739.05232346939,2822.82440306122,2838.17313061224,2641.32401561224,2804.30872857143,2847.01126632653,2767.33094408163,2703.37705469388,2655.02275234694,2532.23211653061,2529.29101020408,2418.5956244898,2449.90872142857,2336.03827306122,2563.18855530612,2706.26410530612,2614.66329153061,2577.51927459184,2668.5746694898,2720.56649632653,2714.18838612245,2799.6874677551,2743.98074602041,2720.91903612245,2694.3047127551,2695.17051887755,2715.6211005102,2795.77044846939,2684.36004438776,2566.73148653061,2563.37471612245,2631.83246336735,2628.68940306122,2571.04826020408,2581.10045602041,2611.57043612245,2621.97480102041,2627.96489183673,2770.2812244898,2838.2137744898,2957.83697755102,2849.19713571429,2826.14340612245,2871.90834795918,2932.99824387755,2977.81433969388,2938.95580714286,2608.6430222449,2627.2794222449,2624.4741122449,2625.31799816327,2805.18285816326,2758.51227142857,2611.55663512245,2715.95113673469,2740.83107683673,2663.52917653061,2593.21814591837,2749.42444591837,2554.94710102041,2572.60520846939,2592.65764183673,2600.52147653061,2574.93300714286,2511.37398040816,2564.47690683673,2706.85753540816,2647.15338540816,2608.73057653061,2730.51082153061,2556.79975714286,2476.31766255102,2436.87266020408,2377.96034479592,2552.88164887755,2742.45046357143,2752.33849571429,2811.21193075816,2705.9910085102,2848.10421938776,2962.56232857143,2836.10573979592,2923.40327857143,2708.25314591837,2763.5039755102,2818.2880272449,2871.0494622449,2810.87453571429,2735.52515612245,2735.50851612245,2736.69210612245,2543.37515285714,2459.84381836735,2512.13611020408,2533.79019489796,2514.90139285714,2663.11914795918,2661.76440612245,2670.69103163265,2618.10173877551,2896.56345918367,2960.60418326531,2742.03521540816,2699.03738979592,2779.32439285714,2795.17456928571,2840.53219459184,2998.34136530612,2846.39438469388,2814.15307040816,2700.60788806122,2775.94434785714,2829.19063163265,2882.91033367347,2891.06754387755,2870.99174693878,2619.16262693878,2607.87755306123,2689.76160408163,2499.26385408163,2537.27310408163,2590.30785408163,2710.72808816327,2773.01363673469,2845.10230204082,2940.29443163265,2913.18841530612,2837.15427244898,2690.69582234694,2794.87825040816,2718.08904795918,2719.72241520408,2651.81347142857,2538.79414897959,2713.63617142857,2596.50823581633,2732.20515102041,2870.7338877551,2732.06856938775,2828.27990714286,2688.33507959184,2763.58037908163,2693.61826020408,2431.84409897959,2350.83737540816,2478.43120816327,2544.03633877551,2567.28578877551,2531.37297704082,2598.63545204082,2579.85539132653,2570.75822346939,2544.47682959184,2491.72552959184,2623.74085969388,2725.89487755102,2676.78086979592,2790.3392122449,2670.8161622449,2788.46511816326,2785.85854816326,2797.31754816326,2727.69575204082,2843.01279795918,2720.3316744898,2616.77171020408,2664.40619387755,2478.87046530612,2558.05336122449,2582.88158244898,2636.26831071429,2572.95481683673,2668.8424372449,2638.4518822449,2694.80602408163,2458.63416081633,2591.58881316327,2569.08867989796,2506.54574214286,2508.16680306122,2665.13021632653,2537.70449979592,2641.25624285714,2633.25559489796,2602.04025357143,2455.32753632653,2276.30415204082,2410.66077040816,2325.74626540816,2642.16147040816,2883.67724183673,2912.43113979592,3043.31436979592,3056.88384979592,3186.26060897959,3097.33656632653,3066.94721632653,3074.00646938775,3108.62001632653,3115.25782040816,2938.99502346939,2909.99497367347,2820.30623367347,2793.72716632653,2855.71255632653,2945.33413265306,2909.20528265306,2937.42013265306,2863.84895612245,2768.98505612245,2930.98313887755,2927.39909397959,3172.15825204082,2946.3702255102,2734.6519755102,2745.50945204082,3059.06606938776,2770.12058571429,2706.72706622449,2649.39724908163,2742.27627418367,2738.99467418367,2738.43961632653,2825.38814285714,2899.61968061224,2742.56959795918,2859.67933061224,2830.85025,2848.97665204082,2908.73296632653,2936.05261632653,2894.91238061225,2701.16056061224,2721.64033367347,2797.49637755102,2886.50517755102,2713.24485673469,2774.16911418367,2943.19603163265,2888.2149122449,2682.60859285714,2573.94281428571,2732.17819428571,2732.75559081633,2529.68389795918,2635.93160714286,2589.73065816326,2381.98073979592,2506.60074693878,2499.80291530612,2599.82148061225,2533.3684255102,2443.32895438776,2394.94693591837,2551.04056397959,2609.98609979592,2630.01042938775,2552.13387020408,2534.86125693878,2685.62164061224,2762.26365632653,2735.90642040816,2688.44763785714,2710.21630214286,2734.34161306122,2764.4392055102,2713.24993612245,2709.26609285714,2637.52454469388,2647.48550561224,2563.60615,2737.43987959184,2687.45561359184,2719.5963095102,2846.22693877551,2725.7711744898,2752.7522744898,2989.88622755102,2812.29260561225,2861.33960561224,2835.21955408163,2824.39994693878,2857.54579285714,2969.71024285714,2656.98436683673,2708.62846530612,2667.22070510204,2617.15981010204,2736.64367091837,2547.51902091837,2570.778275,2582.09131020408,2587.84523673469,2647.65633469388,2698.1647877551,2654.28550510204,2920.70694285714,2923.56728061224,2627.08738755102,2687.15364163265,2633.63000918367,2536.63512653061,2527.73832653061,2369.76993469388,2365.51437469388,2320.84852204082,2485.11489204082,2423.63085204082,2469.64145683673,2460.62842183674,2213.17263540816,2293.41947040816,2460.97472040816,2601.67577040816,2579.81098061225,2659.17846020408,2823.62571020408,2547.04761020408,2642.0291377551,2617.23657755102,2706.49616255102,2636.63448265306,2671.63668265306,2476.29183265306,2627.79330510204,2720.43387785714,2486.75835816327,2446.96903734694,2492.07630877551,2615.64142612245,2661.34003091837,2830.10866765306,2623.24625744898,2729.7366605102,2689.01463571429,2639.67796,2502.20213469388,2322.67692265306,2542.70359153061,2288.43002653061,2434.74094183673,2553.22150204082,2637.11902612245,2764.08459612245,2732.28667163265,2876.24265306122,2802.65394591837,2828.04876928571,2650.70163285714,2438.60620357143,2621.04784387755,2506.22530612245,2683.77120510204,2894.77277346939,2849.84057959184,2905.19862142857,2843.27895816327,2908.18486428571,2739.51692653061,2706.70230816327,2735.05238836735,2724.72202030612,2748.61128571429,2674.44136122449,2610.66772857143,2618.03378928571,2618.77872479592,2662.43205571429,2645.51441836735,2694.22918367347,2608.39737755102,2722.8791255102,2660.5049255102,2692.25631326531,2717.34573571429,2492.7464622449,2782.54822704082,2659.45187469388,2677.78425612245,2629.04894234694,2374.79650867347,2591.31499561224,2707.78953979592,2704.56779387755,2616.69824081633,2725.07643728571,2915.72194591837,2734.67721122449,2692.7634,2734.71446632653,2736.57439897959,2713.34648877551,2646.3684244898,2733.88293061224,2709.77996326531,2615.29764642857,2535.01714285714,2422.2236,2669.17831326531,2689.88460714286,2605.10505255102,2631.03931326531,2633.7739877551,2489.1882377551,2574.28928663265,2586.84607163265,2645.26933163265,2598.83713163265,2871.0831755102,2674.0132222449,2532.11783877551,2510.87261479592,2669.40076530612,2639.11987346939,2359.60689183673,2478.82814693878,2499.00336,2489.14675285714,2461.18017734694,2492.67024918367,2371.22846142857,2634.32779255102,2582.81137755102,2592.77939489796,2520.31347346939,2387.11272346939,2413.22486020408,2626.8337744898,2581.84423102041,2673.84802979592,2500.9914755102,2635.32276428571,2692.45357040816,2756.14268265306,2658.38707040816,2699.2489744898,2761.2610244898,3019.00544693878,2894.57226336735,2956.94656836735,2995.47916836735,2876.77597040816,2938.63905887755,2957.61020204082,3120.69554897959,3047.25319061224,3173.67097663265,3030.77033163265,3010.03493163265,3168.30550918367,2939.48605918367,2902.53935408163,2891.4350244898,2696.78287326531,2849.28602244898,2809.44710714286,2803.80948816327,2870.69694081633,2891.09430714286,2914.65289795918,2965.90861734694,3006.7681244898,2804.3260877551,2843.24145714286,2786.03913367347,2650.40351112245,2586.57081520408,2765.60186316327,2930.48864665306,2837.82081510204,2759.53534489796,3010.66348857143,2955.18135693878,2713.89251836735,2721.9149622449,2668.96632142857,2608.65965510204,2540.8100972449,2639.34612244898,2729.17980673469,2693.84641530612,2694.17201326531,2679.31646540816,2685.70781540816,2611.24064693878,2723.90747693878,2712.3686877551,2805.40017244898,2882.55977142857,2843.97792244898,2939.53381836735,2891.24752071429,2901.69484591837,2959.75518979592,2676.09840918367,2518.37702755102,2564.35332346939,2701.12378979592,2702.33482857143,2668.39197755102,2797.00414581633,2786.67479520408,2708.09867581633,2589.11549,2472.60214591837,2619.56548673469,2657.66546887755,2689.9628872449,2751.74894489796,2963.41889489796,2939.0544272449,3017.5746272449,2766.42304285714,2511.13296428571,2642.69241428571,2713.37352857143,2636.25062571429,2624.18338897959,2650.91428346939,2656.45552346939,2677.72095704082,2676.77390204082,2805.08919183674,2832.11382683673,2955.73322683673,2852.63326183673,2856.13262683673,2897.71097683673,2829.26922733673,2770.59777733673,2769.52659816327,2708.62422367347,2545.95925836735,2591.15545836735,2619.80121459184,2522.42586428571,2581.84575540816,2571.27887071429,2442.20167612245,2552.5458755102,2531.97081204082,2751.40917785714,2720.17992020408,2580.59709081633,2671.48067346939,2506.63018367347,2692.22616938775,2657.76094122449,2755.90706346939,2675.79201326531,2739.52917755102,2735.43777755102,2743.24271255102,2618.12827581633,2723.43019857143,2652.03410408163,2712.18755408163,2819.19898673469,2696.94726632653,2622.64836632653,2784.72702020408,2780.59801520408,2872.97628540816,2784.84376765306,2729.61103367347,2606.99193265306,2664.31877346939,2722.90376979592,2757.71600357143,2794.57497091837,2920.67572040816,2714.05787357143,2657.09595612245,2701.13298153061,2689.04533469388,2826.90022193877,2739.10860265306,2814.60605836735,2699.93776642857,2754.46422142857,2781.97002142857,2705.30990306122,2789.71540306122,2682.13146326531,2549.70090816327,2443.54104387755,2407.42049387755,2526.86604387755,2520.74709387755,2343.15564387755,2195.15574387755,2459.24699387755,2389.26564887755,2521.41879887755,2605.13099387755,2719.42604387755,2641.26764387755,2536.68713571429,2594.26185,2570.95444285714,2443.70087142857,2330.28662142857,2427.85546163265,2586.69431938776,2616.33926765306,2601.81124693878,2474.2958122449,2395.69486877551,2664.32245142857,2579.68092285714,2655.07836469388,2509.408295,2731.55364989796,2401.96587438775,2428.97808122449,2333.86602979592,2338.94993479592,2237.08518080612,2447.50745438776,2447.14134938775,2421.29344857143,2384.76422112245,2417.49277112245,2345.56645510204,2238.1798277551,2268.29895102041,2503.67289040816,2680.87871306122,2583.74606489796,2702.46808132653,2761.92803132653,2625.52594132653,2635.56383265306,2400.43770918367,2506.83893571429,2385.83464081633,2405.52085081633,2395.14179081633,2531.68132218367,2562.26524193878,2580.2298922449,2495.84247959184,2552.30100193878,2598.82035653061,2585.50941428571,2384.88369795918,2730.89298030612,2623.47556428571,2532.48850612245,2577.08665612245,2719.29481857143,2728.00930306122,2671.24286530612,2564.50146632653,2471.9445605102,2448.29542367347,2455.75116234694,2655.34790846939,2566.51298571429,2564.81578469388,2697.35401867347,2759.89066071429,2683.23216989796,2736.72642989796,2725.78745846939,2762.94694346939,2764.76254346939,2891.85419183673,2946.21975408163,2810.39279908163,2888.68964387755,2881.54494795918,2825.95655816327,2960.20315102041,2935.03313265306,2766.25667316327,2563.32700612245,2697.69969081633,2610.70779081633,2876.26194459184,2985.62712520408,2944.28962346939,2895.46075102041,2940.2905672449,2856.35407846939,2987.56972346939,2895.0572094898,2845.45579112245,2839.99602959184,2975.8723,2925.92583265306,2837.27444591837,2832.89204591837,2752.43511020408,2764.98001520408,2696.63869520408,2727.92440244898,2810.7746044898,2665.27174193877,2895.26275132653,3060.49256816327,2902.7904872449,2463.1935472449,2282.29168938776,2342.47881204082,2509.18069,2585.7754,2690.47947377551,2786.91928877551,2955.18594285714,2910.63771285714,2701.14939285714,2667.24911826531,2558.25892571429,2579.17773163265,2504.5041377551,2634.59191326531,2778.19779897959,2753.35643826531,2821.21546428571,2717.95997142857,2758.58519489796,2676.87829285714,2864.12427857143,2730.67802346939,2840.39389693878,2846.26204693878,2847.79770306122,2894.23562040816,3007.6938877551,2776.945435,2818.18329081633,2906.14829081633,2990.68148673469,2820.28608673469,2806.29201632653,2871.89526326531,2879.30686734694,2757.53547755102,2743.06201816326,2693.85781734694,2900.96809632653,2659.02816836735,2722.33716704082,2884.81074867347,2952.17171091837,2907.75952295918,3014.542025,2938.62228602041,3021.1207722449,2818.2758977551,2802.46579795918,2762.81837040816,2776.89982040816,2720.96540540816,2653.79818071429,2518.84865112245,2525.17589602041,2645.76911397959,2636.20257377551,2576.52406204082,2404.62626663265,2484.03966357143,2418.3789155102,2385.04637877551,2463.53985591837,2490.46365377551,2679.83476785714,2589.39504928571,2641.07577683673,2765.30222857143,2567.81176020408,2465.45682969388,2346.5564705102,2232.5422205102,2442.59202765306,2440.73093265306,2420.58877622449,2452.22089153061,2351.02946122449,2567.32294081633,2522.64523469388,2467.60855918367,2473.48168877551,2470.49971734694,2533.93770969388,2612.92229336735,2804.16194489796,2614.82882836735,2758.44781836735,2625.99715122449,2739.55456316327,2657.77105918367,2509.64691836735,2497.19285,2637.04433265306,2593.24366122449,2891.57387959184,2710.92582234694,2637.18888469388,2469.8675622449,2426.91065510204,2630.19445510204,2564.91225306122,2554.14411928571,2610.87777653061,2706.98893061225,2729.3411622449,2535.22849602041,2486.65843020408,2638.68770520408,2718.83879765306,2703.56949081633,2579.50018081633,2675.18387744898,2612.76543540816,2753.6928877551,2551.71511377551,2599.61099387755,2841.4393122449,2910.32240816327,2847.49426632653,2989.75108877551,3012.5997205102,2804.88662153061,2620.19648469388,2599.46033469388,2661.12425816327,2786.70815204082,2911.90683561225,2923.50027142857,3068.66668571429,2918.09018714286,2911.18349734694,2975.61435612245,2829.40592173469,2950.31234591837,2872.24833265306,2823.30719489796,2693.41920510204,2672.09585612245,2643.54093469388,2769.41823469388,2674.27098979592,2598.54108979592,2713.09902040816,2773.57725142857,2703.93553816327,2792.31093306122,2804.33016367347,2804.08446234694,2720.18089020408,2807.80650520408,2791.93359153061,2822.77048571429,2840.04259071429,2704.06605602041,2766.22050102041,2624.2507122449,2666.19124387755,2748.91453163265,2672.79765510204,2613.62686795918,2657.18169795918,2744.21934795918,2600.24721020408,2767.3914744898,2716.7291122449,2740.08717653061,2842.85514489796,2707.78690030612,2794.42840102041,2595.3057244898,2384.3238,2666.2315377551,2818.09655816326,2709.93566326531,2749.17553469388,2627.94680255102,2534.3319055102,2652.08647581633,2809.74813377551,2757.54508938775,2788.27501693878,2819.12774693878,2846.76558795918,2887.05197857143,2877.52590438775,2712.71295714286,2698.47882714286,2791.76937408163,2745.34914897959,2825.73414591837,2924.38361510204,2908.22658755102,2768.91670204082,2848.38134795918,2926.74938265306,2928.63553469388,2924.60116469388,2712.23861632653,2771.9531622449,2878.92323163265,2792.79324795918,2976.34283030612,2888.99785632653,2674.35377244898,2916.57515612245,2867.99623979592,2865.62428061225,3001.21108979592,2898.48810816326,2939.70495816327,2979.97452857143,2745.74916918367,2705.99596122449,2922.10045102041,2711.11317438776,2694.78864438775,2786.85837653061,2694.97650653061,2809.74357653061,2839.39535306122,2765.65810306122,2775.3934122449,2696.65419693878,2791.21500714286,2896.91153061224,2798.94444806122,2749.60860918367,2835.93510918367,2859.48530918367,2783.29677142857,2455.31989153061,2683.20668316327,2760.97485816327,2848.76203530612,2977.54462193878,2764.06027193878,2629.94204081633,2703.47026071429,2745.00979285714,2680.28933520408,2623.06250642857,2652.98324183674,2663.60312183673,2634.92080408163,2690.36515408163,2780.98894081633,2845.30221734694,2775.16896734694,2735.95636734694,2832.98996734694,2912.49407755102,2811.25263469388,2954.6617255102,2813.66950530612,2797.87776785714,2858.19826979592,2942.12125346939,2892.03939795918,2880.39437142857,2981.32678469388,2894.15933877551,2740.32408979592,2758.14931122449,2747.27657622449,2717.13884408163,2770.18086122449,2752.61730489796,2790.15576489796,2650.74656326531,2648.61756122449,2662.9577755102,2629.14702244898,2911.17709591837,2689.83552142857,2715.80901938775,2712.86777438775,2727.43004928571,2803.70236428571,2777.41616428571,2820.43691428571,2795.25731428571,2868.67260102041,2824.93910122449,2941.16726122449,2801.47451377551,2749.6447122449,2615.03194489796,2575.05649489796,2619.54094489796,2555.44256836735,2560.43084897959,2571.66015265306,2750.35115163265,2544.24210755102,2746.36277897959,2804.99319081633,2785.55799081633,2714.10792081633,2760.41593673469,2618.8455755102,2666.1641105102,2653.3986605102,2594.60359642857,2718.31170714286,2555.6067622449,2684.95598979592,2755.51953469388,2755.65145295918,2703.21520295918,2615.47378153061,2598.63692653061,2404.84383979592,2422.96829377551,2627.75653571429,2637.88871734694,2775.32940193878,2789.22937653061,2777.02057153061,2678.59722653061,2813.38015153061,2817.99963612245,2674.02884426531,2658.01720510204,2755.36008571429,2808.99726632653,2855.12480816326,2818.17846530612,2691.67008163265,2691.20679285714,2670.82508734694,2678.63706734694,2493.33244795918,2432.91829795918,2544.67155316326,2452.72362857143,2449.08086153061,2593.40490326531,2746.56586969388,2779.77743877551,2902.76508061224,2649.11308061224,2666.58751530612,2773.63057755102,2737.2946172449,2657.13216020408,2673.62404285714,2767.87009785714,2781.57909081633,2582.96266530612,2724.76276530612,2772.83181040816,2818.51070204082,2680.86598806122,2818.02024285714,2730.11123979592,2653.51221020408,2592.97203571429,2651.26638469388,2617.24940102041,2780.78721734694,2853.27180714286,2802.76230214286,2762.06520214286,2945.56411122449,2850.93276122449,2791.69914010204,2644.61847581633,2736.69256826531,2635.86707536735,2725.97088469388,2802.90398469388,2858.45436173469,2857.89001173469,2882.6225,2870.93116,2869.09775,2802.9425,2773.6240222449,2890.16084469388,2856.19220897959,2710.37150397959,2625.32319897959,2663.92684897959,2829.59670714286,2776.49923714286,2716.24800102041,2755.18948265306,2627.18851020408,2829.54904081633,2705.54380816326,2749.19230816327,2753.59050816326,2661.6987155102,2874.8341755102,2814.95786428571,2773.01550683673,3013.82143234694,2725.20718642857,2727.2836394898,2624.06099897959,2699.26789285714,2814.41508469388,2834.65374387755,2830.48660530612,2882.09450530612,2732.99264394898,2798.43293976531,2769.75381435714,2746.93528170408,2636.94589190816,2913.83481642857,2889.55364336735,2801.2565072449,2862.89764061224,2808.88831816327,2807.85069897959,2839.66003408163,2599.09899153061,2576.07453061225,2613.54518061224,2518.9693677551,2665.64195714286,2599.36751428571,2494.26280408163,2480.23751897959,2573.11528510204,2575.2771422449,2546.38604285714,2547.77976836735,2493.59449183673,2351.01872653061,2505.01748571429,2583.6700005102,2707.81695204082,2817.9032377551,2799.32563673469,2837.17152857143,2765.6892605102,2789.8885605102,2735.11684418367,2634.39241918367,2772.24512040816,2788.45026836735,2844.87343571429,2790.65177857143,2967.92526734694,2820.25463469388,2874.33208673469,2815.3045755102,3061.65491214286,3032.57670714286,2896.76037755102,2771.24502755102,2860.69870755102,2800.94665755102,2846.88582653061,2735.37560826531,2721.36122826531,2795.80561326531,2812.47361938775,2893.59536938775,2995.55984938775,3107.75299285714,3129.42869081633,3025.40084173469,2998.08627642857,2901.3575744898,2760.45949795918,2599.65729387755,2538.84678469388,2453.9227622449,2584.1884472449,2697.7020122449,2751.40306020408,2878.44901836735,2876.332315,2868.56610326531,2854.73150612245,2891.39890204082,2811.8646755102,2603.75182959184,2566.22632244898,2702.10907244898,2658.1117244898,2789.98147142857,2936.79967142857,2803.81379183673,2843.77439591837,2818.33221632653,2683.60714795918,2925.89204285714,2654.53190102041,2615.40405204082,2674.84110204082,2775.98477653061,2718.88906734694,2513.39371459184,2467.24126459184,2511.42677377551,2470.15471734694,2578.24453,2438.57833,2541.96478673469,2546.31365102041,2712.6313777551,2534.48118632653,2486.67011632653,2657.3744755102,2575.7306605102,2680.77487734694,2582.97849387755,2668.17746938775,2548.90819591837,2592.11466795918,2599.40731395918,2509.94962836735,2445.60779081633,2435.51646428571,2533.80232346939,2633.22382959184,2605.75495714286,2498.60682346939,2462.27022346939,2523.58508367347,2701.74447653061,2619.75249795918,2638.13214795918,2690.79679897959,2763.48721530612,2447.46764020408,2535.40642071429,2660.12368163265,2569.88692959184,2509.45767826531,2699.1132122449,2668.90431530612,2758.65362244898,2607.98717959184,2429.59159321429,2439.07202428571,2511.55076571429,2387.87139367347,2296.68456,2320.27146,2419.79886,2420.8179,2494.4049272449,2397.80711938775,2389.45616938775,2453.18616734694,2329.42311734694,2218.44396734694,2278.01546234694,2277.54514897959,2073.97212857143,2168.94177857143,2282.15016734694,2464.58257653061,2425.11947653061,2537.57499908163,2647.98958244898,2572.53435295918,2648.42206795918,2605.83813704082,2446.84328504082,2603.27435204082,2442.01824704082,2395.86379204082,2360.13923704082,2393.1804227551,2294.17549583674,2328.78846683673,2216.85974459184,2345.68294081633,2408.06848081633,2585.98086346939,2508.73881959184,2607.06969408163,2513.43514387755,2567.1739877551,2409.0120377551,2425.21795510204,2617.72322244898,2676.02976795918,2706.77928938775,2787.0365744898,2707.77753877551,2648.76272653061,2667.10745408163,2695.07571530612,2799.77286530612,2867.40058632653,2957.28111326531,2792.02649989796,2708.67499489796,2640.91865408163,2730.09295408163,2589.08077154082,2790.90338367347,2768.75746020408,2708.51768367347,2679.96893367347,2648.04892663265,2747.25233469388,2693.36610204082,2830.50366173469,2690.3137255102,2712.61909591837,2806.96172653061,2766.01917653061,2825.76051632653,2752.88878122449,2816.86328530612,2857.46022918367,2761.39662816327,2702.61690816327,2906.00318979592,2862.25723081633,2919.11491632653,2926.73052836735,2790.65139163265,2835.43359163265,2774.29825438776,3060.27815142857,2987.53926469388,2934.73581193878,2849.87363673469,2740.33007244898,2951.11326938775,2928.37553683673,2905.64011642857,2703.81795142857,2754.00169734694,2978.3709072449,2790.6950872449,2838.6941377551,2810.50625,2863.85943673469,2620.07910612245,2715.00503163265,2587.64688265306,2800.18539265306,2776.68176683673,2831.18660646939,2828.54107061224,2873.02717581633,2899.11615540816,2912.67719040816,2989.92676673469,2964.99053163265,2825.73244387755,3036.77961836735,3049.19679040816,3161.0964377551,2995.85619183673,3048.26172306122,3017.03529795918,2913.09908173469,2863.34604642857,3019.73587142857,3034.86177959184,3159.7544722449,3113.73021561224,3046.42397142857,3196.69020918367,3114.99836510204,3070.62203653061,3032.01267755102,3039.79115102041,3032.22212102041,3016.40813959184,3149.42708640816,2958.72645326531,3094.2283722449,2964.27241612245,2930.52211102041,2916.10584489796,2833.94517244898,2712.22474897959,2743.87346897959,2652.91638938776,2658.3689444898,2710.66072714286,2788.35970897959,2847.14205306122,2902.1595727551,2812.47853979592,2953.46072173469,2823.15279081633,2911.27723010204,2850.20722622449,2991.82868622449,3037.11458061224,2927.01512877551,2904.77846653061,2782.7264377551,2692.55196183673,2691.40217040816,2677.41190918367,2862.80359795918,2765.01148469388,2534.82997581633,2408.54619653061,2475.80870489796,2539.35765989796,2471.17147142857,2571.18027346939,2540.06432755102,2855.17726397959,2853.32913071429,2849.70072244898,2799.13180632653,2881.02165632653,2877.38129591837,2923.04413979592,2874.8669377551,2870.57181591837,2834.96669795918,2653.38990714286,2595.45735510204,2711.00208571429,2755.10003571429,2866.99043877551,2761.82693877551,2781.19529387755,2784.56935530612,2845.42826040816,2899.64816040816,2890.46335632653,2929.73999489796,2695.76320816327,2684.29425714286,2687.60215091837,2716.24590479592,2813.24274081633,2615.45477346939,2720.42587346939,2679.75689571429,2694.46899591837,2722.06700612245,2790.37163877551,2812.12635918367,2939.42985918367,2867.04431173469,2443.16473255102,2316.70753187755,2366.59990469388,2573.29669346939,2543.54229244898,2415.74001428571,2472.18070408163,2408.42989897959,2644.62576428571,2565.8690877551,2635.9725327551,2667.98172040816,2716.06946734694,2418.97193979592,2327.23102142857,2501.02846734694,2563.60611357143,2299.21320377551,2364.70391520408,2658.91348367347,2467.13700714286,2575.36651326531,2542.67402959184,2458.55579510204,2495.81473877551,2449.03303877551,2509.08733877551,2518.24793367347,2500.83414795918,2751.03392510204,2658.876105,2643.66606510204,2738.44963979592,2732.51194795918,2734.2572144898,2730.6911377551,2754.05417346939,2677.41337244898,2723.98673510204,2721.58207959184,2733.15651428571,2640.08383979592,2608.43768255102,2648.0197244898,2665.93111734694,2630.99845734694,2613.23448571429,2594.83806897959,2383.16037040816,2423.4797122449,2520.51958877551,2562.80671326531,2392.25456632653,2519.18753877551,2865.44137857143,2780.16837142857,2841.51314591837,2944.68474591837,2968.57652959184,2862.0713255102,2773.3224372449,2649.5410122449,2704.07299285714,2764.42531428571,2756.70822755102,2707.17623979592,2854.85783979592,2693.22200102041,2645.12682040816,2675.30784795918,2713.96229795918,2617.08649795918,2588.79163061224,2551.43848367347,2550.30141622449,2578.2762622449,2688.95969642857,2670.82162438775,2593.06520357143,2631.7307927551,2614.53255683673,2755.89576193878,2735.45236530612,2585.07006734694,2508.53195102041,2680.71555714286,2526.97090510204,2546.5217105102,2357.70805816327,2478.79058367347,2604.10529795918,2404.4288377551,2404.25771122449,2604.81886632653,2660.78288367347,2696.94460204082,2693.17244489796,2687.6691377551,2621.9260877551,2401.9357877551,2594.4067427551,2560.2801902551,2471.53921602041,2346.37698867347,2427.33894285714,2508.3555622449,2390.17817244898,2482.08339071429,2539.58604591837,2634.09689795918,2575.49383571429,2724.60629795918,2517.1428377551,2676.93719183674,2658.31107959184,2542.12700153061,2563.52612755102,2545.79983163265,2522.3254527551,2596.99621785714,2724.2541894898,2679.54091938775,2739.74304010204,2790.02055642857,2633.11701642857,2531.08731642857,2549.15613265306,2533.68878469388,2422.5719622449,2368.34962581633,2562.54337489796,2385.1550677551,2577.99772857143,2413.30292857143,2498.90257142857,2503.97364408163,2571.83651030612,2689.62784642857,2693.35321122449,2727.7173877551,2639.4221472449,2771.59448765306,2693.86437285714,2540.70957112245,2937.42191428571,2677.52799591837,2554.63622091837,2666.52896642857,2617.93342142857,2786.06182142857,2753.75734795918,2870.10244489796,2715.38554489796,2679.42960204082,2721.81916632653,2793.87638806122,2890.01209285714,2824.37939510204,2931.26532755102,2712.42905255102,2703.57019642857,2668.92094642857,2786.52450969388,2623.07957397959,2747.62434897959,2751.89741647959,2646.0029230102,2486.49222387755,2509.84086020408,2602.83744387755,2639.32374387755,2761.70675510204,2640.9990244898,2780.1397244898,2630.37655367347,2622.19750612245,2541.78829816327,2516.35134285714,2497.03984081633,2570.89210908163,2637.16421795918,2694.50731795918,2661.82941112245,2822.60947244898,2300.49019897959,2286.24721397959,2369.61820428571,2506.85367265306,2404.83237765306,2499.48274081633,2584.0021,2599.34955510204,2584.59763673469,2655.56834489796,2636.3044244898,2591.48298571429,2689.29631071429,2728.71475428571,2854.6601172449,2806.76555081633,2750.80270081633,2734.66028581633,2850.8082744898,2850.0608644898,2750.66233285714,2783.2260877551,2775.0136877551,2810.7504877551,2726.28596530612,2836.66481530612,2849.0424122449,2636.41723489796,2744.38799489796,2515.58128367347,2414.59328867347,2621.40531367347,2583.18345867347,2480.54536244898,2348.55507142857,2372.92587755102,2263.70788163265,2578.4747255102,2475.39613469388,2542.04010816327,2629.74786632653,2555.83436428571,2498.83897153061,2612.78135408163,2759.84915306122,2839.64248530612,2971.20532,2657.74795612245,2799.62400612245,2954.95329897959,2961.36048897959,2779.86777346939,2708.33448877551,2648.30399673469,2593.74376734694,2801.39585918367,2793.65171122449,2771.40202040816,2935.63375408163,2816.91823255102,2850.71407653061,2977.0921622449,3006.09229826531,2901.83943979592,2960.96368979592,3002.03676122449,2941.34776622449,2994.89206622449,2824.54216122449,2876.71921122449,2887.39211326531,2732.82785,2683.07104244898,2672.41819122449,2680.25008612245,2642.17882030612,2625.55574591837,2624.78512040816,2545.43794408163,2595.01431540816,2547.7591955102,2618.71057142857,2660.30830816326,2662.76101183673,2579.65758183673,2782.37092959184,2916.49595306122,2949.18571020408,2985.21574081633,2840.5211255102,2960.70846091837,3020.77849816327,2905.04739081633,2797.84371387755,2761.17530367347,2954.33036755102,2991.98471755102,2793.62876755102,3054.3255244898,2913.18837040816,2869.63936326531,2809.80795816327,2645.6247755102,2614.91673265306,2901.63909938775,3038.55894612245,2859.78175877551,2634.58004591837,2461.43808581633,2625.27658642857,2523.1948137551,2531.5511577551,2535.03329387755,2451.04405285714,2423.82879826531,2395.71957244898,2422.70688826531,2721.29489795918,2661.50057371429,2697.19013367347,2351.65465602041,2896.00348877551,2897.94339387755,2851.07449887755,2896.81464387755,2901.61632346939,2995.44728061224,2847.93899183673,2830.30611632653,2709.58792346939,2822.33314897959,2644.63851428571,2590.35111530612,2602.94010436735,2676.27851938775,2709.58314755102,2801.76362346939,2827.10524892857,2848.4900877551,2798.07366836735,2720.83086836735,2687.78456632653,2855.80943061224,2797.06325612245,2839.66602346939,2719.63595714286,2699.33192418367,2776.38559469388,2793.4985622449,2831.63224040816,2726.41114806122,2868.22824510204,2936.25662081633,2862.46855734694,2857.31193102041,2918.68445244898,2812.06749693878,2878.3255244898,2777.22483469388,2753.95034081633,2785.08608367347,2698.09263061225,2778.54907857143,2573.8048194898,2577.93835408163,2604.55766938776,2652.79021153061,2581.89204617347,2705.69509704082,2769.713,2722.21792244898,2726.18869316327,2697.38701255102,2631.53743265306,2596.27508061224,2789.37515112245,2699.89566326531,2730.24561938775,2747.72755102041,2792.07880102041,2780.88086326531,2723.80058163265,2772.81041540816,2728.89416938776,2593.73769030612,2548.55906938776,2592.561445,2659.66676030612,2633.88171530612,2694.15695612245,2599.51664795918,2669.15905408163,2468.34203265306,2466.40177867347,2531.61924,2702.65568744898,2789.4728927551,2802.9670844898,2746.0100477551,2543.25811326531,2526.5728372449,2602.08455540816,2541.7655494898,2540.54334795918,2405.44891010204,2498.39629214286,2445.98102112245,2441.68408112245,2560.6783127551,2632.06318071429,2468.13543571429,2677.72044387755,2745.37317142857,2648.05393204082,2784.93600816327,2905.56203469388,3042.19178469388,2876.80776479592,2871.23842979592,2821.17292142857,2770.42363295918,2693.90830234694,2543.69830234694,2651.91302959184,2673.06842285714,2716.29597693878,2766.10337591837,2747.13039591837,2668.10538163265,2542.13923408163,2735.77148877551,2697.23155204082,2777.44465204082,2522.96937653061,2579.55976122449,2532.72756632653,2396.28863316326,2471.69603622449,2429.20350214286,2464.4677077551,2487.06275265306,2608.55239346939,2489.79917846939,2293.20936122449,2386.28653469388,2509.68665816327,2506.15789489796,2685.67173979592,2613.64713979592,2654.97452479592,2682.07248979592,2628.70580479592,2715.80645479592,2804.14013979592,2647.72588479592,2635.29497357143,2739.48907857143,2624.79345408163,2711.73605581633,2692.55658744898,2737.62330744898,2697.770795,2674.62618683673,2654.51466683673,2725.3429755102,2695.5474255102,2627.3270755102,2500.6397755102,2619.6769255102,2547.88260612245,2610.48470612245,2671.77533091837,2705.92734591837,2729.03295510204,2662.01460510204,2727.85840510204,2596.51303061225,2479.95108877551,2516.52691765306,2403.45858326531,2523.90363326531,2571.86455030612,2632.10518397959,2656.51599583674,2658.2613877551,2651.5655327551,2600.56640408163,2672.09045591837,2473.13878091837,2608.88625408163,2717.42890408163,2586.60587959184,2588.21990959184,2670.93880816327,2628.75028469388,2622.19642653061,2547.84198153061,2589.19591632653,2744.40781734694,2596.11767234694,2787.00779081633,2760.52051142857,2758.1090022449,2701.56626734694,2577.9989622449,2576.73710510204,2679.62644897959,2914.27648061224,2909.7446122449,2958.90777346939,2852.69722622449,2754.08808673469,2807.86703571429,2679.87489091837,2671.20289285714,2437.79520510204,2413.37779591837,2699.50451632653,2601.75264357143,2513.15285683673,2549.08739153061,2571.13238979592,2643.94102653061,2494.78957683673,2359.6066744898,2338.7264844898,2436.55713571429,2657.00313571429,2571.33205795918,2736.95367295918,2711.66624693878,2733.50959693878,2625.42220693878,2747.06299693878,2892.13961020408,2881.52320408163,2851.4562122449,2798.04695510204,2783.97573979592,2706.39472979592,2859.05469285714,2824.77174285714,2749.89614795918,2667.0374122449,2679.00145204082,2585.41280255102,2542.64166326531,2563.15552244898,2522.45170357143,2627.63035357143,2695.80984081633,2646.99069693878,2774.51791428571,2700.52899846939,2744.74352346939,2686.07693622449,2574.37352836735,2615.21024081633,2593.78685306122,2527.57876428571,2651.76079693878,2600.05835408163,2497.70532081633,2803.53166336735,2663.0352877551,2508.58251836735,2678.69207959184,2557.86256122449,2705.01361122449,2632.97502040816,2434.42159653061,2572.90622663265,2566.68212663265,2536.23519244898,2464.77489244898,2482.16003510204,2498.25279367347,2525.81946867347,2450.60103479592,2373.32069846939,2264.68406571429,2444.44590244898,2521.34001734694,2668.04119591837,2633.05897591837,2506.88945918367,2511.11991673469,2527.1162405102,2662.71900714286,2540.68516397959,2538.69696479592,2453.18362806122,2486.43188418367,2409.97026734694,2293.57392959184,2437.00411020408,2338.82669826531,2439.07510428571,2378.33115428571,2389.9708644898,2503.07551020408,2452.78768806122,2391.04525744898,2375.70837244898,2605.31592040816,2743.15299387755,2791.43496938776,2792.60241693878,2671.05129938776,2603.65935278571,2655.81276734694,2631.30512693878,2514.04230693878,2739.70578571429,2685.9424122449,2667.6994622449,2670.42978367347,2695.00716122449,2593.09674714286,2567.5365,2861.02938928571,3033.9234744898,2947.62066020408,2900.57179489796,2990.15156989796,2898.74090408163,2933.17035204082,2842.14080714286,2996.11395714286,2888.14055061225,2946.82629244898,2928.59513122449,2969.74722285714,2935.30683785714,2946.75942867347,2929.79367867347,2923.08527867347,2863.39632153061,2904.19836326531,2884.23351326531,2837.82432959184,2965.70167959184,2794.06317244898,2813.56054102041,2725.07024102041,2695.24261326531,2720.15041326531,2769.91124438775,2558.75796020408,2411.82040714286,2619.66625510204,2616.24672040816,2664.4925,2608.83717142857,2506.13369897959,2463.55635408163,2186.48874040816,2055.98809142857,2227.01104244898,2413.20267755102,2474.02860204082,2436.04301755102,2490.12115877551,2466.77761316326,2477.57690561224,2688.28250663265,2688.64573857143,2781.75681408163,2828.35749979592,2730.62129040816,2747.22761530612,2630.83377142857,2479.16737520408,2712.72047346939,2534.69835918367,2434.94125408163,2598.56130408163,2447.74679795918,2770.84890816326,2770.95017346939,2780.22223469388,2562.04851938775,2653.52355816327,2428.13973061224,2544.48629081633,2576.01367653061,2396.53997755102,2531.76887755102,2659.25768693877,2540.00837346939,2686.42525612245,2732.15214459184,2774.51474642857,2614.68070938776,2769.70470102041,2706.89056234694,2635.66934091837,2694.79187959184,2735.43753153061,2811.96896265306,2930.48304489796,2928.32211428571,2983.60445816326,2871.36899795918,2784.66364846939,2999.67596020408,3008.78708061225,2802.55218877551,2755.41142653061,2874.31235071429,2877.72491571429,2846.62215755102,2920.09023755102,2820.69353755102,2900.77969163265,2900.16039581633,2884.21045295918,2809.93749663265,2756.5632272449,2739.61542214286,2822.22305928571,2658.46030489796,2666.28758693878,2730.42008959184,2614.59192581633,2575.33765979592,2497.78196071429,2563.20887846939,2583.82310683673,2655.7438805102,2735.91408112245,2843.82934795918,2800.38225173469,2796.42323673469,2692.31807489796,2742.50216938776,2816.04765612245,2699.05527102041,2611.21058102041,2768.72273316327,2680.19892755102,2608.01767316327,2737.7838122449,2757.58250816327,2712.7291755102,2778.67138469388,2679.40062653061,2616.39151377551,2874.19396938776,2820.2241377551,2812.01551387755,2505.13959489796,2594.07155142857,2711.54269693878,2741.66131734694,2750.79360510204,2839.78653265306,2850.00876938776,2590.06318265306,2684.39683265306,2665.05847244898,2726.25848061224,2615.41245734694,2610.95006734694,2699.95136734694,2664.76371734694,2678.24877755102,2572.16003163265,2602.65160102041,2473.17837142857,2591.69454561224,2727.70452102041,2877.29771530612,2924.22483061225,2776.46146377551,2658.39880255102,2887.27561938776,2864.63760510204,2770.74164285714,2638.14948673469,2725.39031273469,2719.72496273469,2737.77908673469,2662.79889591837,2580.74414591837,2690.63162346939,2572.32570632653,2799.08178693878,2624.87004102041,2625.02278846939,2743.66862214286,2677.70487867347,2657.16798979592,2563.70308979592,2551.61665816327,2595.74078673469,2446.43653816327,2500.23698765306,2645.40296520408,2566.87801938775,2607.0907622449,2525.86785765306,2401.42268520408,2682.23562183673,2461.09638183673,2408.07901438776,2560.54332142857,2624.84762244898,2451.7648877551,2484.34577959184,2405.25648081633,2348.25794928571,2439.24459173469,2585.57863673469,2657.08558673469,2509.84770479592,2737.41763979592,2757.98147479592,2784.01189979592,2672.38929693878,2498.36781020408,2452.74784489796,2582.06731428571,2590.37259081633,2638.75593265306,2632.05778765306,2485.33481112245,2333.93725806122,2304.79518765306,2321.55201122449,2444.63816326531,2682.85934081633,2587.86914081633,2544.06608265306,2637.39212265306,2667.06171020408,2791.47695571429,2628.38551326531,2698.44653979592,2660.5472122449,2741.77212653061,2775.00278469388,2700.14270469388,2807.48083,2680.35766734694,2682.76066836735,2789.33728061224,2649.95024081633,2654.16189795918,2503.34862244898,2559.7189677551,2574.89774326531,2823.68686326531,2926.27766826531,3118.81811826531,2988.08986938776,3113.71374591837,2941.00134591837,3012.25055,2916.23476938776,2929.93546938775,2738.25009040816,2786.94371540816,2902.90567959184,2709.04432653061,2554.40741020408,2703.9522244898,2625.58679693878,2670.30711642857,2621.5490877551,2543.43098591837,2557.34628469388,2581.67722653061,2574.86825204082,2470.42871938775,2618.58161938776,2626.57736938775,2583.44864091837,2939.14399295918,2996.38627795918,2857.35467285714,2785.62358306122,2762.8799255102,2777.0512355102,2586.71443673469,2647.40137673469,2690.48215612245,2975.99417959184,2766.3373927551,2919.4250377551,2736.9269227551,2563.9763727551,2496.57526959184,2561.55661959184,2578.14095816327,2730.04956734694,2680.01301734694,2632.82165510204,2719.40810510204,2575.93570510204,2625.47265510204,2544.45398010204,2693.16579795918,2656.35279795918,2722.27331795918,2631.86690367347,2571.09937755102,2699.58838673469,2637.40232346939,2663.79970102041,2869.24311632653,2553.22421632653,2599.96405530612,2625.97837030612,2665.65906020408,2577.34231530612,2666.06047959184,2517.65942959184,2644.193045,2484.85508571429,2638.5563122449,2668.5513122449,2598.46470367347,2614.21110714286,2590.55003020408,2678.30826530612,2664.71763469388,2662.63081122449,2826.84736091837,2823.89028061224,2771.25999387755,2786.25649387755,2835.00754387755,2812.37854387755,2789.74159081633,2853.98204081633,2882.35496428572,2732.40821428571,2808.62017816327,2781.91304959184,2855.47504959184,2962.58629959184,2713.83509489796,2822.66499489796,2728.27599489796,2729.72455316327,2642.26960877551,2659.3174944898,2697.69879040816,2698.96416040816,2611.86439265306,2759.90238346939,2784.67767346939,2775.91557346939,2976.04047346939,2928.79712346939,2915.30462346939,2909.55508367347,2870.20768367347,2785.99114438775,2674.18221459184,2694.79660744898,2809.0158505102,2772.3448255102,2894.86482857143,2945.86158244898,2848.56678673469,2865.26940061224,2679.73096071429,2685.05483571429,2866.50358163265,2944.73786020408,2787.72114387755,2831.69109387755,2854.92346122449,2737.56400183673,2642.39059183673,2954.14429591837,2913.54187346939,2755.33344887755,2995.67630693878,2959.06764602041,3062.71254102041,2842.44795102041,2704.83671602041,3047.03712765306,3007.66625510204,2965.48681530612,3000.5001755102,2991.3694477551,2892.03438571429,2841.93716836735,2956.51182653061,2617.41615918367,2944.30937959184,2853.52808673469,3086.43792040816,2911.36413367347,2646.04333469388,2837.17020510204,2998.43422142857,2869.68697142857,2773.50409387755,2763.21968387755,3010.91133979592,3001.69444897959,2938.10305561224,2994.15993061224,2993.65938061225,3256.62968265306,2860.49658367347,2733.43664693878,2787.58913469388,2747.29073469388,2757.29170102041,3081.36939581633,2953.4513755102,2818.76269795918,2869.37294081633,2816.20115377551,2987.32394867347,2937.78503132653,2888.36753132653,2759.58497632653,2721.65845377551,2603.69178571429,2566.37028571429,2759.68351836735,2802.18736,2748.48415918367,2857.24046632653,2654.43212040816,2786.92263744898,2802.83933673469,2838.33918163265,2771.92752346939,2762.36123091837,2685.84679081633,2711.81453581633,2798.38683377551,2624.20991683673,2753.72573581633,2674.12576581633,2907.93436581633,2753.55466581633,2790.96992806122,2529.58620918367,2592.27833673469,2541.29725673469,2550.29892489796,2604.36410857143,2738.05400857143,2652.02023357143,2639.53702857143,2562.1952255102,2347.6770755102,2622.7929077551,2683.3222577551,2674.81571581633,2377.71423367347,2750.72718367347,2637.71583367347,2686.57655867347,2533.87326367347,2649.96804285714,2688.13597653061,2582.73717653061,2654.03601969388,2645.95426897959,2760.81078979592,2625.46183316327,2572.33000071429,2853.44287857143,2842.33165408163,2779.19922959184,2776.1565744898,2814.16190510204,2783.66093857143,2891.50168663265,2649.82884081633,2657.17966112245,2607.52023112245,2581.63347612245,2677.64325612245,2722.32373612245,2649.13715612245,2859.00238877551,2928.59873877551,2795.01991683673,2684.94579663265,2810.64155163265,2909.42604081633,2916.50452244898,2917.11730918367,2910.43783979592,2944.68499489796,3004.38264591837,2807.54186255102,2814.85565,2712.29003469388,2784.63338469388,2756.74885612245,2510.03012244898,2411.14840540816,2527.75423602041,2499.4789744898,2537.48102346939,2393.76713602041,2421.7065594898,2309.6521972449,2394.99497581633,2556.75179112245,2532.39939112245,2498.12094112245,2451.572635,2409.76674520408,2392.79404520408,2547.96209214286,2606.06450153061,2544.88872653061,2539.38701153061,2385.94192653061,2527.42355510204,2575.72035510204,2516.26006836735,2678.54855918367,2404.06626836735,2701.69814183673,2711.17706122449,2670.98869183673,2816.27211326531,2824.09230306122,2732.99347346939,2772.38845510204,2732.21044693878,2551.78577244898,2788.25522959184,2652.23747876531,2720.42824090816,2731.70593958163,2773.0845677449,2821.38039816327,2651.78752334694,2787.27619234694,2770.72732959184,2644.44049591837,2648.91066091837,2642.01026020408,2535.32015020408,2355.33615540816,2324.92813112245,2572.56400418367,2515.01672653061,2657.92684693878,2566.58790306123,2427.70921785714,2396.87225306122,2752.38282346939,2737.13233816327,2639.92738367347,2621.97459591837,2824.23904897959,2760.83098504082,2792.14961004082,2688.58163912245,2940.59457959184,2803.61769285714,2774.30709653061,2655.16903938776,2690.13678571429,2771.41496571429,2690.89433571429,2725.73128877551,2703.63932653061,2531.77202989796,2527.83553397959,2564.63086173469,2560.11069285714,2634.16485102041,2472.05846183674,2562.33221183674,2561.28780714286,2614.00335714286,2685.12976785714,2664.04485612245,2760.89711234694,2830.36752857143,2749.83074387755,2851.52374387755,2999.43523877551,2928.45990714286,3026.44335102041,2919.11130102041,2840.46304693878,2757.45208571429,2777.5934377551,2754.62925816326,2766.17855142857,2825.74602795918,2962.38067959184,2988.32087326531,3076.87774285714,2912.46198785714,3098.1105122449,3104.94096122449,2890.49874836735,2926.55014020408,2910.18133979592,2775.77523877551,2768.87419489796,2832.87838581633,2826.8501694898,2785.00169959184,2631.08330571429,2712.84744346939,2687.97633755102,2719.39919734694,2678.22415571429,2420.10954571429,2735.94243877551,2566.55183877551,2702.2631927551,2713.4487377551,2821.2678377551,2769.71657959184,2817.40994387755,2784.31684795918,2789.34255714286,2725.7864122449,2756.89769897959,2782.02843673469,2869.40439387755,2709.90316428571,2990.07199489796,2975.02398877551,3010.55626326531,2729.66114428571,2745.33778030612,2658.08753897959,2544.03990510204,2562.94883163265,2484.33626428571,2415.88887653061,2451.2074577551,2453.48785469388,2491.83436428571,2432.74286428571,2583.10017836735,2337.09884571429,2348.63430510204,2265.43823469388,2404.66239663265,2248.5575944898,2233.93361377551,2421.75044693878,2605.66744387755,2621.16879081633,2565.22004081633,2582.25184081633,2656.73134081633,2523.70599081633,2629.73381887755,2583.25791887755,2754.48311887755,2755.93186887755,2633.05573938775,2571.05521632653,2616.30661632653,2635.67797959184,2409.63198061224,2699.06697755102,2794.42306734694,2779.98685418367,2902.99360520408,2762.17928897959,2785.58696326531,2845.34696326531,2904.39369826531,2938.22705714286,2716.56928673469,2826.86058673469,2769.76566020408,2941.67816938776,2704.75651117347,2735.2439877551,2548.74917653061,2775.31290204082,2695.47343581633,2601.26309122449,2574.67632622449,2661.45296836735,2553.15960336735,2774.55110540816,2732.266,2575.0788122449,2533.35396316327,2673.85249479592,2836.97723367347,2856.17214693878,2940.69714591837,2708.47728265306,2881.23013061224,2944.87437959184,2844.05050510204,2876.15156642857,2749.00611265306,2674.96780816327,2831.67244897959,2582.65182030612,2582.53173030612,2708.09373877551,2809.65594428571,2735.2741422449,2654.07329591837,2473.11204795918,2515.93445612245,2453.86157102041,2553.88328102041,2634.24608367347,2572.14778887755,2874.34663887755,2839.89652091837,2855.44815591837,2975.69260693878,2828.82820193878,2538.42215704082,2622.97415336735,2630.00816561224,2545.38259897959,2561.15139693878,2696.70963673469,2568.00622040816,2730.26289693878,2676.15739693878,2684.7033744898,2694.5146877551,2685.67649693878,2604.77257653061,2693.72381816327,2584.15445510204,2652.20771938775,2683.25311836735,2670.7649877551,2623.05398265306,2512.59311755102,2507.29076755102,2611.43632244898,2694.98660081633,2638.21874693878,2720.4281877551,2615.6248377551,2727.62962142857,2589.84365826531,2823.14601122449,2868.3050755102,2925.99119387755,2838.00934489796,2869.21534489796,2720.26221632653,2740.67686632653,2871.75286632653,2752.02073571429,2715.78638571429,2630.52263571429,2549.04163571429,2696.16208571429,2661.40538571429,2635.67708571429,2637.51111571429,2878.87982234694,2952.16435612245,2875.08498357143,2862.62787418367,2736.93298765306,2769.95034377551,2608.26634081633,2556.41475102041,2769.54738316327,2622.73645265306,2607.11206265306,2647.69174632653,2569.92014795918,2570.35550091837,2521.8896672449,2724.4598672449,2567.90219877551,2673.49778712245,2490.63309355102,2583.24751836735,2651.98065489796,2647.69707755102,2785.11641938776,2616.97669591837,2516.09047959184,2635.30623673469,2500.05810918367,2402.56889622449,2428.63151122449,2412.69933265306,2301.63152571429,2595.4764077551,2604.88152826531,2765.08001326531,2725.44826530612,2686.42949795918,2637.18154795918,2688.93147653061,2553.58823469388,2672.92964489796,2524.73894489796,2610.28210938776,2848.24222540816,2844.72826632653,2690.3949744898,2651.55786938776,2560.40477040816,2401.31592540816,2477.35727040816,2607.78567234694,2511.5855377551,2474.71397989796,2547.97624,2547.32275765306,2501.49515408163,2425.82831632653,2371.97812653061,2333.18151428571,2367.21944897959,2397.19033489796,2615.09690714286,2738.3746105102,2618.03870816326,2737.37173673469,2623.12939387755,2641.71128673469,2637.03606734694,2422.28242959184,2598.28094081633,2576.53235846939,2533.48975132653,2410.80781377551,2479.04892193878,2416.76658979592,2779.66950612245,2743.06747857143,2744.51027438776,2699.18508540816,2754.66136244898,2767.48124591837,2709.26999959184,2472.51161285714,2598.2491280102,2595.62737826531,2647.1635905102,2637.82632806122,2666.91024183673,2534.02824897959,2585.24509285714,2738.95706326531,2726.65458673469,2660.64848367347,2488.095845,2481.348605,2536.65796816326,2591.09732428571,2769.26687765306,2651.15934897959,2609.73948265306,2468.09060306122,2390.37268877551,2745.60236734694,2486.7511255102,2455.11099081633,2346.07747244898,2331.05989693877,2269.2176755102,2232.3029255102,2287.43687653061,2605.61777346939,2681.35373163265,2617.31051959184,2755.06525,2774.26113173469,2647.6052827551,2702.28678265306,2689.09941632653,2744.3152,2750.32295,2520.623495,2515.65751,2424.64365387755,2632.37643367347,2565.33623877551,2604.03863571429,2579.55333367347,2547.9683944898,2426.78339387755,2522.77523785714,2440.17641846939,2579.82318979592,2506.60492346939,2617.20237959184,2370.47983877551,2562.74311663265,2383.18946122449,2494.14258132653,2448.22370918367,2531.005625,2580.73582142857,2628.45277346939,2555.90911836735,2709.76835204082,2458.68401479592,2495.03156479592,2640.90078979592,2823.04227857143,2820.33144683673,2723.80114479592,2614.4415377551,2568.0832877551,2394.63472142857,2401.15061122449,2707.71683571429,2518.11127346939,2512.35112255102,2621.20964285714,2511.06980408163,2687.73298367347,2695.99075306122,2704.04018469388,2543.52463979592,2639.44441428571,2834.05687244898,2847.4160472449,2904.32478795918,2837.01486989796,2795.08227989796,2921.67401918367,2864.45220102041,2986.17173979592,2911.50573979592,2814.11246020408,2912.85209081633,2897.92254183674,2772.82377244898,2754.27702244898,2816.52796836735,2643.49242857143,2665.67937244898,2620.24103877551,2702.07101632653,2621.29179795918,2595.35187704082,2382.33242142857,2489.19980142857,2417.55630142857,2454.64834142857,2383.32026520408,2579.11767887755,2570.53874387755,2710.0344572449,2693.4577622449,2722.58669234694,2620.90532755102,2688.6534244898,2893.20968632653,2800.49414326531,2763.64939193877,2734.08560112245,2709.01301459184,2706.56369693878,2827.29972204082,2836.33932040816,2808.64259285714,2834.12894489796,2823.52640612245,2775.78945612245,2586.74261428571,2586.69101122449,2450.67148265306,2422.86373877551,2399.41563622449,2617.58273061225,2587.21865918367,2623.01231,2528.04406836735,2625.78308979592,2653.10499591837,2690.46679285714,2541.17433183673,2586.72612510204,2537.74567877551,2398.97818673469,2414.53932653061,2585.33090918367,2396.41635918367,2638.83000612245,2642.99437755102,2706.50900918367,2674.27962755102,2573.21920418367,2467.5484072449,2444.88260204082,2464.92089357143,2401.12426755102,2283.26535285714,2347.41744010204,2417.22370734694,2515.28821969388,2520.27559591837,2549.46221530612,2396.96633438776,2469.77803132653,2520.43609561225,2458.030115,2527.80112959184,2505.52482857143,2384.99388061224,2377.26556020408,2261.16923469388,2387.28126153061,2530.46376265306,2392.19714826531,2504.93986020408,2654.31816836735,2520.45205510204,2531.03927244898,2751.53429183673,2549.7060377551,2611.80404795918,2559.52646122449,2764.37704183673,2805.69706459184,2869.92708265306,2922.04085714286,2685.15266530612,2777.83436122449,2653.51734285714,2471.88664377551,2776.0749005102,2738.35111857143,2920.49025306122,2951.37853336735,2907.34275918367,2827.45702040816,2814.54318265306,3028.59273265306,3125.34226153061,2755.76295444898,2819.58907755102,2585.92513387755,2629.58959387755,2647.52132857143,2559.30145020408,2435.67919387755,2395.62379387755,2745.81684285714,2723.83971734694,2666.70957244898,2625.91513877551,2654.39067122449,2447.50424081633,2617.13613367347,2481.75937693878,2343.80314693878,2448.53274897959,2457.44583469388,2579.65750265306,2476.49694591837,2428.07917632653,2492.77844612245,2609.85677817347,2613.52276020408,2840.84580163265,2762.26191346939,2816.21117367347,2905.41749846939,2862.2719322449,3134.16967346939,3197.00958265306,3018.05778755102,2947.11030693878,2964.34845081633,2705.17156755102,2738.02826959184,2923.97656020408,2889.56306030612,2921.56915510204,2986.69829795918,2970.87809795918,3166.07006122449,3058.05987040816,3046.73368571429,3034.53911122449,2734.49094336735,2641.5840092449,2737.15974204082,2892.29267408163,2978.61849336735,2879.09219897959,2730.84983204082,2644.57938755102,2765.74047306122,2603.42927132653,2529.80939132653,2517.51357979592,2415.0220877551,2760.73979489796,2651.58478367347,2624.43124285714,2575.62968877551,2647.40445816327,2811.03880816327,2675.42385102041,2683.57340714286,2583.73826561224,2652.73366091837,2602.06009571429,2619.67953071429,2662.87358785714,2620.48547357143,2649.8161744898,2769.16343469388,2876.5088494898,2807.8622622449,2727.36125,2744.72495102041,2786.38424285714,2812.75031867347,2732.87080367347,2770.4307377551,2837.34228091837,2767.21513683673,2776.92761632653,2682.11318265306,2720.47331326531,2660.01756326531,2631.51739183673,2724.69087142857,2952.61785306122,2676.41031938775,2618.90923061224,2628.43650391837,2644.86596065306,2656.11652040816,2631.9844377551,2532.80254285714,2577.00626153061,2696.08505,2601.07211612245,2721.86053469388,2702.10753469388,2579.63859285714,2541.43510918367,2632.1715644898,2682.3223444898,2664.07455408163,2719.01580510204,2866.70929183673,2831.93452346939,2934.22378979592,2931.63073367347,2946.55940510204,2928.12355408163,2937.0757005102,2849.88212806122,2812.21319581633,2839.63470265306,2918.44531214286,2889.94020612245,2755.67630306122,2571.67092959184,2566.87458061225,2691.80159489796,2670.15325510204,2760.61396173469,2635.35876970816,2644.26751695306,2792.40617938775,2717.00455204082,2733.53419489796,2760.74547857143,2822.82614367347,2791.03798683673,2727.54955642857,2605.33948377551,2610.28463479592,2566.60433897959,2611.82797387755,2490.64114091837,2441.85909336735,2343.8269972449,2512.67380581633,2588.00049010204,2755.36133673469,2540.18489673469,2521.88455540816,2432.25984540816,2589.51691734694,2743.97846734694,2808.17501734694,2830.44419591837,2772.47061632653,2657.34049040816,2617.24689387755,2761.13479387755,2843.58257959184,2779.21585244898,2653.60015244898,2726.82245244898,2625.02462244898,2565.21704785714,2657.15223642857,2609.92517142857,2949.12606142857,2994.73349642857,2942.63214142857,2926.01344387755,2930.51165612245,3070.48009112245,2993.40599826531,2948.16714326531,3043.1494744898,2896.57055204082,2960.46040204082,3022.53308061225,2922.2057,2977.51784479592,2934.67567378571,2898.30726428571,3017.22419367347,3105.80393367347,3218.44203,3085.46996795918,3066.24600857143,2966.26728204082,2955.01602653061,2812.09688163265,2765.28996530612,2795.79586326531,2906.36740816327,2919.5351405102,2878.18245255102,2846.23046,2911.96342887755,2908.84510397959,2875.62581836735,2771.0348255102,2635.74363734694,2553.19748673469,2798.12659897959,2782.62616632653,2774.75787959184,2533.49427346939,2449.12769255102,2372.74703795918,2406.88619693878,2327.24513163265,2591.77276938775,2676.60642857143,2664.3165205102,2646.00270918367,2577.47370918367,2622.49602795918,2630.47316632653,2538.40124489796,2244.55726142857,2355.27974010204,2439.06260408163,2603.84041734694,2595.86141591837,2574.68497408163,2608.45489959184,2616.26848377551,2605.24533489796,2596.43612846939,2642.09374933673,2601.70303428571,2572.83066428571,2588.45187244898,2584.56849489796,2658.57916836735,2629.71551836735,2537.49941836735,2607.04535816327,2572.66140561224,2566.02370561225,2361.61668061224,2374.19639081633,2387.33959881633,2517.49285428571,2577.53955714286,2528.52791122449,2683.44583571429,2608.94100336735,2546.36383469388,2504.64774795918,2477.49759795918,2542.23999795918,2677.30478061224,2528.0429972449,2654.7445422449,2759.50546428571,2677.5923377551,2578.38208367347,2824.64044795918,2923.04329795918,2800.87849795918,2766.18784795918,2813.31176102041,2863.32235612245,2909.78383061224,2710.31435561224,2681.16652061225,2549.43520061224,2547.2577877551,2616.56964693878,2683.02990979592,2789.62844602041,2886.69742867347,2928.33974285714,2862.55800785714,2807.4588622449,2814.25590816326,2932.03773265306,2767.77040030612,2800.51031530612,2846.62411530612,2736.28322122449,2750.21002244898,2749.31203673469,2775.35638673469,2754.96283673469,2767.34503673469,2715.90640918367,2545.57837,2635.37569183673,2781.98269459184,2692.67938040816,2816.96969846939,2918.72682632653,2967.79291428571,2863.92638061225,2943.48940918367,2739.24241122449,2889.53838081633,2789.45543693877,2831.29862010204,2990.90246112245,2830.56362755102,2759.68885,2752.82961908163,2821.7627605102,2686.33487163265,2533.91662102041,2450.93757020408,2455.76202153061,2442.82924591837,2347.97947040816,2371.44491683673,2517.33693204082,2615.84923571429,2409.59510306122,2424.64720306122,2550.30565918367,2637.55205918367,2639.36430867347,2757.2257127551,2374.96183826531,2278.46843242857,2378.26519569388,2482.75488469388,2387.46548469388,2183.33416897959,2253.03117244898,2455.96188367347,2471.43756153061,2415.1914122449,2361.60389387755,2663.47411530612,2839.55798673469,2819.7795,2804.18357,2785.66396591837,3002.38859132653,2804.85989061224,2727.97058061225,2528.08991887755,2529.36039132653,2463.99712846939,2389.87594173469,2523.82576969388,2544.04555428571,2411.70106959184,2563.63047061225,2490.37179183673,2440.67642040816,2606.41230765306,2659.52770765306,2862.00508163265,2820.02692653061,2718.06183673469,2567.50169489796,2723.02044397959,2708.97242755102,2708.63880918367,2691.16475510204,2825.88458938775,2796.93141428571,2738.8238622449,2604.64474489796,2686.65245489796,2865.62545510204,2835.76828265306,2636.02529183673,2740.88659183673,2671.7408377551,2871.02101918367,2869.00201234694,2864.22623346939,2919.87295714286,2723.78460306122,2744.71140306122,2673.48980306122,2431.08816806122,2607.94656806122,2499.55294081633,2542.3847755102,2540.60123510204,2545.31646326531,2512.36311326531,2522.47770408163,2539.95298561224,2704.18128061224,3015.53264836735,2684.3243744898,2740.1923244898,2668.4124244898,2808.3325344898,2738.4547094898,2861.74342989796,2980.147505,2947.55495612245,2860.61250612245,2938.18328530612,3031.56416530612,2910.21268030612,2941.08493030612,2935.58276530612,2817.10201530612,2737.44355612245,2578.30999867347,2502.74738367347,2435.29874673469,2613.14318673469,2554.34106938775,2776.32031938776,2744.21916938776,2693.51720132653,2768.11952081633,2770.88189387755,2856.54965887755,2892.46611428571,2918.07235,2871.70144387755,2728.73603673469,2590.9094255102,2674.8709255102,2684.4826322449,2612.4829055102,2514.9633755102,2526.14250714286,2513.0793122449,2819.90301938776,2810.8299194898,2864.26383938775,2675.92686938775,2536.15701938775,2530.64485,2415.14324591837,2440.08529795918,2545.53409510204,2650.16536142857,2534.02229357143,2510.54367346939,2528.55802755102,2759.78882551021,2815.81157336735,2762.3445744898,2708.11720102041,2590.16401122449,2579.00443061224,2762.79992857143,2926.55953877551,2930.42630679592,2871.88973979592,2803.02753979592,2723.65854091837,2564.25693581633,2923.93887887755,2975.38757234694,2838.74931520408,2910.90692020408,2965.45034081633,2903.223675,2876.05055295918,2963.34321520408,3022.11326734694,2905.92085663265,2768.64984285714,2762.78935969388,2789.58526122449,2761.53201632653,2714.40413673469,2687.57714795918,2688.6991,2819.53077653061,2625.61915408163,2600.86703265306,2734.35965,2759.74966530612,2782.54218826531,2706.15008877551,2831.67823877551,2978.22070408163,2930.73286632653,2916.72826632653,2848.39683979592,2617.10033479592,2776.04385102041,2577.91350102041,2506.81615102041,2682.38619214286,2681.80302714286,2703.47326010204,2462.56291561224,2679.77306357143,2723.92939285714,2673.367885,2628.33345520408,2700.36734938775,2670.50939938775,2761.91842520408,2781.04370918367,2670.98200561224,2669.59362653061,2731.59112653061,2776.04087244898,2566.12767244898,2704.60622959184,2659.58173020408,2588.35392918367,2585.41258908163,2605.77421795918,2633.60420408163,2821.1713622449,2730.71504510204,2825.26846734694,2790.92398469388,2930.66735522449,2985.76266734694,2740.08146255102,2761.25481663265,2901.18186122449,2875.78520408163,3015.45962642857,2711.37493469388,2835.92953469388,2911.20618469388,2894.98152193878,2596.48973367347,2595.99113938775,2726.05217244898,2765.83790204082,2784.21660204082,2794.82732959184,2637.03632346939,2585.84350408163,2782.51107683673,2697.75297683673,2545.99450816327,2468.01309316327,2497.65754346939,2378.69971061224,2492.34705030612,2538.0949622449,2631.09464928571,2585.14604928571,2852.34839418367,2857.06542377551,2698.46436408163,2581.34169489796,2617.22504489796,2539.50642040816,2670.65733673469,2822.06527040816,2717.47416734694,2754.28463591837,2637.51755142857,2670.94237040816,2682.38857979592,2664.85606122449,2669.04726632653,2538.99485755102,2595.62953367347,2540.09445091837,2656.56509591837,2730.76040918367,2824.66292857143,2685.36824693878,2667.88029857143,2720.81674653061,2701.35343530612,2746.78564979592,2675.23428479592,2829.04810397959,2720.9627655102,2853.75291704082,2863.03816438776,2892.39981561224,3025.28285091837,2988.50244306122,3161.71957857143,3224.31471326531,3144.54886938775,3133.17798469388,3034.68903469388,2959.15954693878,2861.26428193878,2823.86187857143,2678.06154387755,2636.47699387755,2667.51612959184,2622.99560102041,2636.60002244898,2658.64837,2613.88315204082,2586.33932244898,2731.97481326531,2649.13806836735,2569.53449744898,2676.2551244898,2612.49557163265,2772.74939928571,2853.00689183674,2853.10314897959,2647.83279897959,2779.47380816326,2648.13302887755,2730.61626081633,2883.69289785714,2716.14536642857,2599.23829693877,2678.68563163265,2825.10786836735,2784.9975922449,2672.01491163265,2758.13121132653,2783.9059222449,2788.73846122449,2703.47826122449,2608.90500622449,2638.19796938776,2684.29641938776,2772.38911938776,2640.28671938776,2800.42928571429,2907.04995571429,2973.25474183673,3003.5788177551,2815.25162653061,2980.01342346939,2783.05511428571,2786.71001928571,2968.00479387755,3055.26819387755,3063.00424489796,3013.93038673469,2791.8824744898,2911.33529795918,2903.48711428571,2850.84476428571,2951.31016428571,2859.91072244898,2897.12526755102,2833.26740928571,2904.45881836735,2920.22981836735,2889.90274336735,2920.35148877551,3056.60051255102,2991.00557755102,2715.21302755102,2580.50452244898,2613.33803806122,2519.32585306122,2570.68354765306,2537.66067806122,2763.20313571429,2723.56506632653,2681.16829081633,2764.34184081633,2963.55843989796,2807.75875938775,2792.70346122449,2782.25658367347,2750.87978367347,2658.97405918367,2660.67144285714,2792.9037122449,2883.18291836735,2814.77880918367,2671.28208818367,2723.54051367347,2791.79804489796,2776.36986938775,2710.83409285714,2519.80419489796,2582.22564489796,2618.5502077551,2755.96308632653,2740.71724,2641.58059183674,2523.45668857143,2565.53626030612,2704.20566530612,2729.61408877551,2609.9986394898,2732.89721479592,2720.65970295918,2728.5681655102,2793.1137022449,2882.19201846939,2731.59153295918,2749.67833877551,2829.92973877551,2671.36508081633,2698.42644489796,2631.54684489796,2645.59269489796,2927.36154489796,2924.79669489796,2841.41904489796,2902.08802857143,3082.26839795918,3059.20189693878,3031.51615918367,3125.5413255102,3130.41494387755,3043.75121632653,2912.60416632653,3096.15166581633,2834.08610142857,2757.84488367347,2827.76865714286,2706.59964285714,2743.63253673469,2836.95982122449,2762.86398571429,2756.25061,2582.98806,2444.59403970408,2592.98712469388,2422.57401836735,2624.69453979592,2463.56356428571,2719.21341632653,2713.80062959184,2634.92335756122,2710.38562244898,2628.61647040816,2701.08658673469,2605.61838571429,2665.29312571429,2680.63915428571,2742.70697469388,2764.1981255102,2627.37737653061,2556.23844387755,2587.10599387755,2634.2449755102,2635.29001632653,2639.93038265306,2752.88982214286,2532.42810306122,2441.194125,2623.22104183673,2608.06491367347,2762.84760091837,2760.33676769388,2778.84015714286,2907.03037755102,3081.15954255102,2669.47139755102,2468.17434755102,2285.14901632653,2174.94812285714,2288.18012040816,2258.81809632653,2146.29710173469,2233.22563459184,2315.98614693878,2315.03583163265,2451.27185918367,2435.91128163265,2583.72038163265,2559.36636836735,2642.61279591837,2721.24358581633,2567.81728581633,2527.98232857143,2549.78788744898,2505.72890918367,2583.17682163265,2700.97309163265,2690.77743571429,2507.37744795918,2508.91786326531,2294.56217244898,2359.13247142857,2438.58290306122,2507.52875204082,2438.02603255102,2448.64377755102,2362.20838061224,2236.73761257143,2178.03523469388,2380.63957316327,2462.4711122449,2537.12072346939,2450.60504897959,2454.91828469388,2580.94947653061,2485.72540408163,2744.90086632653,2675.68681122449,2838.07011938776,2600.31149795918,2618.20103979592,2462.03966020408,2320.2038122449,2503.2515122449,2596.68346816327,2623.08928316327,2606.34640418367,2596.81181581633,2563.5037494898,2583.14969061224,2480.61083765306,2596.70318765306,2568.52993265306,2572.49228061224,2666.04299061224,2561.99474061224,2535.33504163265,2605.65052112245,2662.59962959184,2762.09173163265,2756.91025408163,2698.52979387755,2672.84274387755,2773.40006530612,2792.56242479592,2747.85542642857,2533.68848571428,2517.84552091837,2539.28234571429,2551.05834285714,2367.04906836735,2412.13785612245,2380.29333571429,2405.55084591837,2559.41778367347,2530.68202346939,2523.87074489796,2810.50838367347,2893.62468673469,2576.3201394898,2623.79547867347,2666.73656734694,2600.42115071429,2544.37880612245,2743.17805122449,2725.29019081633,2803.00629632653,2710.92183081633,2556.75342306122,2756.57342336735,2773.2713432551,2674.91872896939,2682.20419896939,2703.15340796939,2755.40596358163,2908.70599215306,2674.53946623469,2942.5463845,2946.32041122449,2733.12171908163,2688.97030153061,2734.69724285714,2703.00150612245,2778.52660408163,2751.62483061224,2530.91003061225,2463.92634795918,2289.55805918367,2269.6426622449,2633.08647857143,2553.47273571429,2556.08156428571,2497.58749897959,2506.99600306122,2540.11587244898,2218.74665979592,2319.44519040816,2291.89930673469,2398.38003265306,2292.60419897959,2425.2617755102,2384.84428102041,2414.94473510204,2356.98838744898,2094.68298030612,2183.76670816327,2276.41480408163,2199.75230408163,2189.19365408163,2262.17300408163,2230.68016122449,2397.48160969388,2431.31401969388,2250.93155795918,2347.36767714286,2273.09085591837,2136.60598561225,2308.75186428571,2281.77420714286,2330.69711428571,2351.87562244898,2445.58015306122,2335.36536234694,2455.68622744898,2450.05008265306,2210.37745306122,2273.09097755102,2224.06976102041,2382.04720877551,2204.89362744898,2153.94611694898,2278.19821173469,2289.18844173469,2697.5582794898,2757.76538479592,2700.76572867347,2607.07521438776,2573.6905155102,2626.04342367347,2789.62888897959,2901.79656244898,2780.15668969388,2743.56505704082,2815.66818265306,2817.09110071429,2915.72111836735,2779.28064234694,2677.65814265306,2671.2476244898,2621.14831938776,2609.21806938775,2575.30783690816,2377.46893673469,2562.13018673469,2805.95858469388,2892.14804183673,2999.53285816327,2764.22393061224,2762.48867591837,2640.51805459184,2672.43389469388,2623.58249081633,2727.48046806122,2701.713,2491.977465,2535.25789897959,2545.68746938775,2548.88295612245,2389.81637142857,2735.1520255102,2633.57087142857,2572.72320306122,2468.14856428571,2529.45043571429,2490.70576173469,2440.77721173469,2621.46590223469,2830.92881682653,2814.46601682653,2664.30585356122,2516.46079641837,2644.22454132653,2702.29983132653,2711.56932255102,2754.78775418367,2607.27435989796,2654.44122928571,2550.13871673469,2249.4383027551,2360.65591663265,2384.53272867347,2431.56880153061,2625.98470673469,2692.75238255102,2685.00343061224,2496.76298040816,2542.89901714286,2663.06496459184,2772.84367091837,2677.06495918367,2776.70032918367,2584.48313387755,2697.12451285714,2758.32131632653,2766.75070102041,2647.19167653061,2948.34708397959,2853.69878969388,3041.40017969388,2888.72029469388,2837.37131632653,2611.70680357143,2657.40767857143,2551.91733163265,2506.13800816327,2542.25365816326,2482.63825816327,2386.13010316326,2483.10390918367,2607.06097244898,2480.28056836735,2600.95918336735,2371.44887244898,2354.54665581633,2455.56531831633,2450.10145306122,2447.94923163265,2492.2026877551,2442.25865714286,2432.33169795918,2392.37484795918,2522.72486938776,2602.87841938776,2643.18562132653,2665.69241112245,2688.66804183673,2659.26211530612,2594.89188673469,2631.4481877551,2622.47543571429,2600.06780816327,2558.69078979592,2589.83645642857,3133.9212622449,3161.99545918367,3159.92747959184,3115.4146877551,3014.26066663265,2989.13243163265,2975.10269591837,2932.29412816326,2957.02735785714,2783.44314387755,2842.81119387755,2924.46408387755,2994.29701428571,2993.266465,3148.39200173469,3034.44589704082,2924.27907040816,2954.16072040816,3004.24806020408,3015.44942653061,2907.83929530612,2851.54882346939,2915.55492346939,2880.45510612245,2976.52553163265,2833.16311632653,2788.31502959184,2765.45309683673,2637.72847040816,2579.36567040816,2609.15919755102,2606.55843295918,2505.05906959184,2676.53268214286,2627.57549846939,2656.93252397959,2560.27609132653,2886.10659132653,3039.29199132653,2934.36020632653,2845.45064897959,2795.26966959184,2697.74869591837,2661.1112744898,2709.39523163265,2698.49918744898,2676.5620872449,2716.14767938775,2595.8979694898,2804.8353344898,2845.4220744898,2793.82987346939,2748.66718440816,2627.44085012245,2710.38995,2702.95953,2774.04223877551,2750.83010612245,2807.15251683673,2694.07733183673,2843.08179183673,2707.73466683673,2592.59387183673,2732.88295010204,2750.56704969388,2550.74662336735,2460.62655877551,2462.85963459184,2612.9167377551,2567.62272244898,2477.38980612245,2396.06717142857,2491.59118989796,2631.15089173469,2474.12116826531,2513.77751214286,2539.7945255102,2528.43544795918,2496.20295,2608.4245744898,2403.86549897959,2518.15451836735,2494.96436285714,2634.55980306122,2592.97251306122,2677.75609591837,2683.49271122449,2649.60721836735,2722.12186020408,2647.84101326531,2794.21419081633,2776.20789693878,2511.45207142857,2401.00182040816,2468.01824081633,2504.53639285714,2634.29917959184,2980.75823265306,3065.14431938776,3000.57993367347,2839.76997816326,2682.94121734694,2663.56874734694,2755.83955306122,2715.26282244898,2605.07173510204,2370.66206122449,2437.5608255102,2510.37092244898,2597.24286428571,2475.93168785714,2438.60329336735,2703.41624183673,2660.22575714286,2723.15751326531,2762.14467040816,2712.46728255102,2632.82264030612,2630.91219030612,2781.70326183674,2871.60593581633,2800.97837459184,2598.17844255102,2440.90834102041,2709.29732102041,2767.94097459184,2680.64178367347,2676.0010244898,2590.82013265306,2569.98538061225,2628.19966734694,2388.99550020408,2498.38157829592,2560.24731707143,2615.45195816327,2631.27951255102,2608.38855255102,2719.01572755102,2812.98684795918,2744.93575102041,2778.73556510204,2569.79546408163,2480.1874744898,2610.29264387755,2551.2223255102,2639.01751836735,2544.2065255102,2545.82655683673,2742.21207142857,2821.97697142857,2787.76978510204,2863.69019918367,2724.56338959184,2681.64048367347,2346.07601632653,2371.12090408163,2316.76905663265,2152.03985663265,2220.37312346939,2250.72374387755,2365.56555306122,2405.22446632653,2397.99932346939,2580.5847827551,2656.0817327551,2709.11343469388,2913.45454387755,2878.66894693878,2929.20560622449,2982.03939908163,2904.62334908163,2821.66202836735,2728.26859857143,2821.78045897959,2718.00004897959,2571.92069469388,2731.66758540816,2672.21578336735,2541.74690836735,2484.58309141837,2550.01121080612,2395.62534081633,2620.70824081633,2602.63413877551,2645.89933673469,2587.17763214286,2744.74859918367,2811.11165734694,2766.66349408163,2744.59116836735,2739.51755306122,2499.14839581633,2570.89495918367,2579.30184081633,2500.45084091837,2591.49064091837,2494.55008244898,2470.93997071429,2389.36426030612,2506.87729795918,2629.61333571429,2689.29902755102,2567.48233204082,2601.53364183674,2578.83564183673,2644.78856081633,2734.04196153061,2514.21828367347,2665.13464469388,2675.06998816326,2731.98884785714,2710.30335673469,2871.22015438775,2642.68967785714,2565.2553777551,2406.09565163265,2545.10381520408,2512.10412653061,2500.43391326531,2636.88696938776,2657.00006326531,2361.74634795918,2372.92950918367,2536.84848918367,2410.41694132653,2447.96698928571,2557.98667928571,2564.94224357143,2548.43036173469,2428.89069795918,2563.98179693878,2406.89279693878,2479.18878877551,2606.53131020408,2888.56561020408,2951.06146020408,2899.41136020408,2952.31170102041,2737.86140714286,2667.67890632653,2800.36493163265,2721.83540102041,2756.42955102041,2697.31668469388,2775.50287040816,2827.68246734694,2881.99775510204,2835.31172346939,2838.21503163265,2885.79219163265,2892.69275918367,2767.00471632653,2780.55178295918,2773.15867377551,2759.53432377551,2681.3191105102,2715.62767071429,2624.77298602041,2585.34963397959,2720.69422438776,2744.38873153061,2692.21484377551,2580.33990306122,2582.71149183673,2898.20238367347,2853.87327346939,2790.7377072449,2767.10262459184,2632.5804027551,2645.95794387755,2856.19085714286,2798.78147857143,2635.4497522449,2603.09892918367,2666.34347418367,2484.93944663265,2455.9078527551,2415.01474897959,2534.40149387755,2642.25729979592,2592.04299857143,2527.07860469388,2390.69850428571,2512.29889897959,2687.32910612245,2699.44220612245,2629.93539867347,2627.88879469388,2579.84919132653,2513.15135918367,2628.50859918367,2569.67749897959,2550.46354591837,2675.58684591837,2764.43479591837,2660.88274591837,2733.36259591837,2777.97824591837,2933.05754591837,3004.68532244898,2920.56609132653,2567.23218326531,2626.19938836735,2710.49711938775,2782.55581938776,2580.30826938775,2573.07016938775,2376.58546938775,2358.26148061225,2456.71995918367,2427.23689418367,2550.84885918367,2444.26068918367,2666.6548377551,2704.28848714286,2601.66442959184,2588.35756836735,2649.63090408163,2936.16065,2835.36983367347,2748.51737346939,2857.35603571429,2929.55778571429,2823.6343744898,2893.72798979592,3004.79491969388,2812.81486867347,2722.19804387755,2648.2375622449,2857.02211530612,2880.66798077551,2870.04040016327,2869.66615016327,2764.15004316327,2476.91349387755,2588.99640102041,2630.78179102041,2577.17424979592,2525.94234979592,2539.32185979592,2555.93328744898,2590.15538877551,2510.56523673469,2533.34980816327,2664.99357040816,2693.37815836735,2708.78467367347,2740.09626867347,2635.20527614286,2665.35671632653,2779.57339765306,2765.833465,2867.73947928571,2808.25163255102,2832.6432822449,2892.21160306122,2888.93219244898,2700.41190255102,2710.98541132653,2648.65818632653,2739.17743632653,2582.67199602041,2621.01071887755,2542.5367944898,2611.28120102041,2461.09802030612,2683.50293734694,2742.72643081633,2827.94318826531,2909.91390816327,2982.76053571429,2975.90148571429,2683.00100530612,2594.30102959184,2742.3787477551,2762.268505,2828.30418969388,2810.79992438776,2778.63525265306,2607.24553244898,2530.11553367347,2523.58003836735,2544.46501836735,2512.76285357143,2637.97345714286,2905.90652755102,3016.44720612245,2767.86629897959,2645.07958979592,2634.06500326531,2677.18940326531,2682.84245408163,2881.69428510204,2962.60130612245,2758.02910214286,2694.66109693878,2651.02359081633,2677.69172346939,2540.35004397959,2416.07573061224,2359.99309591837,2384.17014591837,2439.78819897959,2474.35276938775,2611.76868061224
318.69387755102,3026.30582346939,2918.93456938776,3015.71894387755,2924.61359591837,2942.36271938776,2945.90654581633,2970.55209377551,3033.06519095918,2996.39589095918,3187.30179095918,3116.5296527551,3133.9005227551,3300.07835561224,3220.50885785714,3030.10705714286,3051.52134836735,3137.60033346939,3150.68313142857,3215.38188285714,3253.36886163265,3160.78673438776,3118.57811591837,3115.38188183674,3099.20145408163,2969.3038244898,2908.04167693878,2893.19833081633,2920.55463632653,3031.49749938776,2644.15013397959,2671.45520102041,2626.45516806122,2616.80813459184,2614.6264094898,2798.40508234694,2746.23378010204,2612.799715,2586.23932877551,2690.17347020408,2767.36859428571,2810.78532755102,2811.49891653061,2797.50542591837,2941.73036571429,2955.81787397959,3065.79478795918,2961.08527795918,2946.08423479592,3061.80874204082,3063.95359602041,2987.07111377551,3078.21124734694,3020.90402234694,2992.36978234694,2878.02840163265,2863.16713755102,2778.77321857143,2928.85256857143,2860.19831857143,2844.96038877551,2801.89058877551,2857.19246489796,2827.65587040816,2823.02565734694,2839.52514163265,3002.57236,2952.11273591837,2959.96154816326,2943.2808655102,2885.45706,2830.03402673469,2897.88076905102,2819.57309479592,2718.94885969388,2821.83875469388,2872.08063489796,2888.73110795918,2963.82101489796,2847.45092173469,2938.40477459184,2812.34723693878,3025.38160540816,2984.81395938776,2930.52820357143,2713.5105927551,2640.43410204082,2975.63526530612,2869.43421530612,2921.2485122449,2982.75497755102,2810.94140469388,2817.94809204082,2841.36160418367,2766.37577387755,2766.4853744898,2765.14834489796,2782.65652244898,2646.71370918367,2612.32519581633,2839.07911632653,2711.22478826531,2794.7364455102,2556.6621255102,2681.8009755102,2598.2351755102,2639.77272142857,2667.21259591837,2709.67017142857,2705.91024816327,2798.48320612245,2874.49426510204,2850.51790877551,2760.83676571429,2904.63230612245,2822.70080612245,2631.57489,2600.16492877551,2689.82909877551,2800.94905010204,2596.3466255102,2892.61946142857,2827.85146367347,2792.49987061225,2441.53645734694,2347.70487,2544.55475795918,2449.03021285714,2524.40172163265,2669.9264455102,2696.4840755102,2667.44998438776,2763.90445,2628.75044469388,2783.71721040816,2802.10720530612,2642.09327632653,2851.49545077143,2803.18962712245,3007.9897577551,2965.4133777551,2934.63574244898,2935.42178897959,2980.74653897959,2738.08498489796,2749.49083489796,2701.36641632653,2890.66679183674,2744.69999183674,2628.45049183674,2914.22106020408,2909.6554622449,2739.53280408163,2648.37187959184,2739.09109510204,2812.09428010204,3031.06419204082,3144.86652959184,3070.53964346939,2881.18042173469,2959.68897755102,2703.99582285714,2700.34210326531,2709.48138326531,2675.68208326531,2697.95631969388,2814.56757142857,2735.54642693878,2783.70557693878,2596.4427822449,2669.29810563265,2738.98207214286,2752.54680540816,2730.68225540816,2855.98682326531,3018.7225027551,2911.97113642857,3060.06381530612,2938.19610867347,2857.83642367347,2929.77668367347,3046.06413071429,2968.61542040816,2839.95453163265,2871.30653316327,2835.82105346939,2912.26107663265,2992.21946622449,3003.51011622449,2942.55725928571,3184.50828612245,3126.70631112245,3051.93761285714,3069.96126285714,2924.36995346939,2825.41950969388,2802.9542905102,2806.5892555102,2699.81666989796,2930.90910061224,3059.18251071429,2881.70783591837,2875.31775622449,2915.59497581633,2868.10735081633,2979.72307908163,3010.8221672449,2960.39473469388,3054.54798469388,2968.31943163265,2947.91304897959,3071.20724795918,3069.02411938776,3039.0073377551,3014.89919887755,3023.13671887755,3035.80474387755,3035.29952142857,2998.33486928571,3092.07634989796,2941.83301520408,2998.00327857143,2891.21419683673,3149.93701081633,2859.15043244898,2872.39129826531,2995.19743772449,2984.85434731633,2706.81243507143,2714.56514897959,2782.95373877551,2738.80447857143,2879.96570612245,3024.49648357143,3004.63278316326,3029.37408816326,2961.43424755102,3015.72454204082,3016.1514944898,3055.44943918367,3038.17587040816,3192.84932183673,3190.76846591837,3100.36226571429,3011.55488367347,3100.75016979592,3028.75700734694,3109.42291530612,3037.27045428572,3197.21477122449,3165.48708571429,3063.57587612245,2852.54642285714,2792.88300836735,2858.07433734694,2716.57811755102,2776.52597755102,2793.00868938775,2935.68543816327,3058.77977428571,2931.31082418367,2873.6575305102,2823.2783805102,2879.8788072449,2940.87274209184,3001.96149795918,3099.23504938776,3116.02264938775,3049.04244938775,3010.67286734694,2926.16781659184,3006.139404,2977.62116023469,2863.48041204082,2819.74640204082,2907.02541510204,2934.96742510204,2827.92409061224,2892.88380204082,2892.6804255102,2875.31630377551,2774.55172520408,2990.90944938776,2833.16573367347,2748.45236326531,2773.61472346939,2854.11169846939,2876.94489346939,2969.37654591837,2911.27717102041,3009.51143571429,3023.12657346939,3077.84885071429,3060.36967897959,2971.98948122449,2858.67247928571,2877.42259071429,2875.86942221429,2911.71996326531,3077.38266755102,3052.23933959184,3094.19248959184,3075.59498959184,3111.99010459184,2976.47827959184,3106.17330683673,3149.00025204082,2929.00245204082,2946.81125102041,2887.02054183673,3004.59965183673,2789.04586938776,2998.77818204082,3016.03529081633,3062.96062346939,3048.27920714286,3010.42191020408,3015.95238714286,2952.66061755102,2823.84230438776,2804.10290387755,2896.44192959184,2773.14959183673,2958.3922494898,2970.33264122449,2898.51226693878,2881.67256693878,2983.19079897959,2953.55666040816,2940.04009438775,3035.46761836735,3109.61490594898,2873.96916244898,2795.78105081633,2879.14419071429,2785.20663265306,2727.31951704082,2748.77371173469,2689.39396295918,2801.65828795918,2873.7459744898,2858.56433979592,2758.27897653061,2926.68937428571,3020.03106142857,2852.75685938776,2992.4917355102,3042.93746255102,2996.49674755102,2875.21802918367,2793.27887918367,2816.81257918367,2564.30814273469,2795.05838326531,2811.79988326531,2719.53834040816,2754.9547844898,2791.10388244898,2597.63530163265,2555.97035,2825.61520346939,2937.94757979592,2884.53246836735,2744.52911734694,2903.69051734694,3035.53226693878,2854.23493469388,2986.34627969388,2807.17774081633,2878.09264540816,2858.34930040816,2759.84084510204,2895.33320204082,2950.07166285714,3178.74887153061,3309.11568255102,3250.83544734694,3178.46181510204,3187.29663510204,3260.57682326531,3288.93011285714,3276.79973061224,3382.8451244898,3262.07093183673,3462.42037846939,3316.63047438776,3303.23933867347,3166.90541173469,3048.04023969388,3096.70516602041,3025.26271163265,2971.50751836735,2914.97274795918,2932.47261836735,3022.10442602041,3041.65769387755,3016.89154081633,2863.11539081633,2909.47897346939,2787.34300265306,2796.89847816326,2696.11955081633,2711.22037653061,2717.84231836735,2978.05347857143,3048.45597612245,2981.07827653061,3130.20826979592,3218.16950612245,3193.69123428571,3349.35793469388,3143.4489904898,3035.00592938776,2940.47205938776,2766.74595938776,2854.43551510204,2814.98931153061,2815.6610705102,2870.4900805102,2948.31331716327,2890.54419602041,2836.62355918367,2816.38843418367,2960.45569142857,2823.95779142857,2968.64893918367,2796.27678204082,3014.29378204082,2759.04198204082,2853.81899204082,2782.25315316327,2649.43573116327,2662.93635510204,2526.51177428572,2597.15409979592,2583.94089673469,2466.34501653061,2590.62504795918,2467.29338469388,2683.89933163265,2592.77324408163,2648.37735571429,2631.89870571429,2672.23479897959,2681.06577938775,2705.81866020408,2607.58253326531,2616.60405839796,2734.48900285714,2815.25992653061,2910.7545244898,2655.4575122449,2470.73348265306,2734.32515204082,2765.55353367347,2746.04963877551,2566.60736326531,2788.31062040816,2838.56687755102,2820.69005285714,2934.09024795918,2838.72855612245,2982.23312081633,2879.68792755102,2968.54477642857,3024.51608387755,2928.17305653061,2804.59994387755,2828.38569387755,2687.05223744898,2876.63736734694,2930.24401306122,2809.66635357143,2863.57676489796,2983.99680357143,3004.91846020408,2945.30173571429,2804.89475959184,2774.42430540816,2642.8312094898,2800.63061612245,2670.33393204082,2684.29295102041,2575.3369122449,2572.27876602041,2823.7179555102,2775.42342061224,2843.81746653061,2942.41827061225,2979.88027265306,3012.23734897959,2929.57760510204,2783.60663510204,2843.96399183673,2635.22085306122,2644.64730306122,2812.95176755102,2864.70520342857,2736.33019210204,2776.10729710204,2765.74739469388,2797.71596040816,2736.84843387755,2880.97827591837,2769.04768581633,2854.7347827551,2929.65506346939,2927.39959846939,3060.77608489796,3155.66211326531,3201.48206244898,3005.29768938776,3128.10575438776,3001.52644714286,2858.57126122449,2803.82518979592,2903.56963979592,2717.08558122449,2693.00866142857,2845.70041142857,2759.94604683674,2740.48702091837,2818.71815479592,2838.07881142857,2827.39838877551,2836.5352822449,2895.35508520408,2864.04212020408,2799.1852472449,2822.2132472449,2839.6491472449,2831.2398972449,2775.62735989796,2713.65306065306,2752.98670755102,2787.27570928571,2782.74302693878,2754.83198632653,2762.82138479592,2716.86803387755,2704.77665877551,2716.52354285714,2838.85925897959,2932.93684714286,3016.54776591837,2918.17850061225,2903.68719734694,2938.77234285714,3003.41884061224,3089.18138091837,3056.02702530612,2717.38648530612,2834.41055591837,2916.69649591837,2911.95058591837,2948.03174591837,2904.79589591837,2727.57859022449,2838.20951326531,2810.79882438775,2732.87714285714,2692.01676857143,2850.7853655102,2675.01975040816,2694.16664336735,2737.70653469388,2706.01404591837,2684.58815408163,2697.05561530612,2730.30977030612,2806.73934989796,2713.46615581633,2675.33948857143,2795.50972010204,2659.85467857143,2602.86600438776,2646.39836836735,2621.95371826531,2748.41311010204,2933.4031825102,2893.23842734694,2948.96901871735,2808.59756197959,2908.35675285714,3031.94567285714,3019.39177367347,3205.68432918367,2990.75807428571,2897.74808265306,2923.66931397959,3018.26061081633,2950.20206081633,2959.3005277551,2939.12432816327,2884.69173081633,2691.54094081633,2646.80329877551,2722.79168571429,2754.68380204082,2759.28475204082,2755.73012704082,2842.94609387755,2922.96869714286,2868.78503163265,3137.1177522449,3122.02040897959,2896.50149969388,2859.15788816327,2925.13679673469,2924.17628316326,2958.04629432857,3118.92666755102,3040.57446877551,3033.58297081633,2866.51945602041,2954.60416091837,2945.48035591837,3001.49291489796,3000.48047755102,2992.36427591837,2754.85100591837,2812.60793122449,3014.00770104082,2980.32810857143,2751.01901979592,2743.4102477551,2802.60246102041,2870.86686938776,2904.89282438775,3016.69722857143,3031.09406122449,3038.90771122449,2959.38573255102,3097.96078183673,3030.63078061224,3020.35817010204,2909.93043408163,2788.35023102041,2942.35505306122,2918.01268132653,3051.48991673469,3140.21043673469,3077.01477020408,3179.38602836735,3039.16551591837,3062.71409704082,2988.71206632653,2860.22150714286,2761.39839989796,2874.27925510204,2831.2068244898,2843.9472744898,2809.16375663265,2853.36749653061,2822.45248622449,2743.04008285714,2757.02838530612,2772.32189163265,2947.60900112245,3042.04308142857,2974.17890244898,3115.39458795918,2991.27543081633,2916.31579081633,2899.82653189796,2917.28305428571,2800.7746377551,2924.14868510204,2844.09919673469,2753.46254489796,2774.54698510204,2594.10105857143,2677.48915571429,2943.74064832653,2951.93556785714,2883.02757234694,2967.07763887755,2839.19196979592,2853.71712367347,2697.09560163265,2675.76510010204,2659.83442683674,2647.40514826531,2651.5714377551,2792.90056020408,2677.48580918367,2796.17335367347,2790.1200644898,2771.15682553061,2509.16720836735,2411.83672816326,2607.25015612245,2522.00516418367,2836.36923285714,3118.42471938775,3127.12938469388,3202.64701367347,3194.48151693878,3337.12055204082,3211.55099795918,3175.60808979592,3144.50467612245,3166.63928397959,3193.33516530612,3054.85439693878,3058.11573428572,2995.26538530612,2970.60726408163,3029.8278907551,3169.4386507551,3103.6398007551,3154.5245855102,3092.52572244898,3007.58677244898,3029.85611744898,3128.70078989796,3371.2097344898,3032.2868344898,2841.28022244898,2856.73308877551,3167.88122693878,2882.44895959184,2869.29519867347,2793.21331295918,2850.98158683673,2817.49056230612,2882.31277302041,2948.74752302041,3053.9343344898,2915.43134938776,3015.92144428571,2866.22637244898,2884.91785795918,2983.80744959184,3016.15893653061,2972.23180183673,2800.17153714286,2858.35486102041,2920.21414020408,2988.91924265306,2814.13510612245,2862.391395,3026.38465632653,2991.57219714286,2804.62391163265,2671.57121428572,3009.2311637551,3087.4683044898,2886.40467428571,2953.12531510204,2901.5478077551,2954.61377367347,3031.78414938775,2902.45408979592,3041.17445714286,2870.34195,2917.105485,2895.56180122449,3053.48230887755,3118.89705326531,3001.07355897959,2925.87517877551,2917.90395632653,3071.23439979592,3011.68555122449,2975.93879734694,2928.53047765306,2921.87842785714,2961.62292857143,2998.75118836735,3033.19988836735,3014.34170836735,2954.15897714286,2970.29679295918,2922.22759387755,3092.14118938775,3064.837174,3097.33543787755,3218.29379,3098.7531422449,3102.76673877551,3229.13212142857,3038.74083336735,3103.82509602041,3009.54998163265,3000.09403897959,3012.93176714286,3124.29590163265,2763.54729704082,2794.46983591837,2775.03820469388,2726.20487969388,2851.82741214286,2660.20202846939,2700.86797010204,2692.16087510204,2818.26057183673,2986.66206938776,2945.31383489796,2840.40105795918,3068.49959020408,3028.93683285714,2727.25603773469,2821.65150244898,2762.40054244898,3095.1413722449,3171.54611122449,3034.30147755102,3034.03161142857,2973.46976408163,2971.84447571429,2949.20228265306,2967.8611527551,2959.92414428571,2851.34842928571,2900.61098244898,2834.22228571429,3095.45863591837,3066.45189326531,3156.25532959184,3118.04320612245,2899.43104285714,2994.83010510204,2972.06144285714,3053.71036867347,3033.71884795918,3067.2885622449,2802.48481020408,2913.59973979592,3056.11135336735,2808.14503979592,2764.90975979592,2875.88782102041,2980.79330897959,3047.9102672449,3186.13014663265,2975.70278642857,3123.36866030612,3139.45266163265,3053.22918979592,2929.24044489796,2807.26585938776,2915.68863642857,2707.48614285714,2839.84095204082,2891.06492877551,2892.73930204082,2937.32857816326,2829.38542816327,2955.3259322449,2870.07947530612,2905.57968602041,2783.33754326531,2602.23379887755,2747.16871489796,2715.86419183673,2854.84222469388,3046.37282714286,2918.75344612245,2974.95879142857,2916.17755714286,3066.12858693878,2899.06092163265,2794.45294344898,2801.68184306122,2788.38947826531,2819.40304836735,2752.85489877551,2683.24177734694,2653.2901027551,2669.35299683673,2741.9095844898,2795.40538959184,2814.18930857143,2675.87721653061,2817.80824367347,2765.79773428571,2741.56494520408,2790.60136734694,2826.47878877551,2841.69122377551,2714.25328938776,2757.24499979592,2725.91262479592,2480.95679234694,2705.68440173469,2822.79913918367,2830.7402455102,2704.30116142857,2864.80211197959,3029.07422693878,2836.98877979592,2805.10813673469,2890.35369428571,2894.12450204082,2875.99297040816,2843.03623979592,2949.28019183673,2888.5062122449,2717.5662994898,2604.7317244898,2534.12079183674,2738.56080020408,2743.23866346939,2667.06684255102,2710.56405102041,2753.25915102041,2601.64793061225,2710.94713561225,2693.96248897959,2739.62486887755,2752.15024387755,3005.96249387755,2752.71581714286,2774.46513877551,2738.86335867347,2957.14956326531,3004.73280938776,2720.4670877551,2830.66231563265,2851.91628571429,2898.80266102041,2884.44307734694,2884.92072673469,2680.01526959184,2894.29770602041,2852.26003714286,2877.82957061224,2791.76611653061,2820.92258061224,2844.36476020408,2914.71358469388,2907.06100244898,2982.49769102041,2915.12349795918,3053.88753367347,2953.37609102041,2967.7432255102,2920.0130622449,2975.03708755102,2982.86517265306,3152.00332346939,3019.25247867347,3070.39180102041,3136.70485102041,2953.78709897959,3093.11971397959,3026.48410428571,3183.38642020408,3109.83634571429,3253.25909193878,3153.81787289796,3127.38962857143,3238.39928714286,3038.4587277551,3028.45184102041,3085.21250265306,2911.58032632653,3002.72669591837,2942.22552755102,2973.06322693878,3028.94658061224,3035.1456244898,3073.92560653061,3094.27667693878,3125.97456306122,2942.60615204082,2968.14699367347,2890.49878204082,2754.16883704082,2686.63733704082,2876.14827071429,3044.54978277551,2968.52552877551,2900.35867897959,3143.22048306122,3116.31119734694,2797.99508734694,2836.69223734694,2746.59683734694,2766.1155777551,2730.03092765306,2702.69719265306,2759.17810132653,2722.10282632653,2725.80317530612,2726.44342091837,2757.33336316327,2682.32201714286,2770.13218081633,2744.26995693878,2841.07648612245,2913.90016102041,3002.06785061224,3074.34730061224,3037.52451765306,3046.44233265306,3092.78877857143,2834.00301836735,2686.65408571429,2675.67152755102,2788.92898204082,2797.87954897959,2760.28116122449,2881.12641581633,2864.27336438776,2778.91725438776,2691.2002777551,2600.94983285714,2723.20582102041,2870.95393193878,2901.32743193878,2979.66706612245,3120.39931612245,3080.43797336735,3197.19182336735,2949.5614744898,2760.61406530612,2916.46413632653,2996.37400142857,2880.43712020408,2868.02972122449,2976.67709469388,2984.65315408163,3022.81302438776,2995.71578163265,3124.10258163265,3179.69701663265,3206.69024418367,3099.32429387755,3102.82365887755,3144.40200887755,3054.9089532551,3030.05755468367,3022.9672255102,2958.42731387755,2724.95891857143,2741.84541244898,2740.69721765306,2607.56728265306,2667.70121255102,2660.53873908163,2534.9846955102,2644.70627857143,2673.44536714286,2974.80939214286,2878.25326959184,2784.80599693878,2899.7463877551,2733.1903122449,2944.16612918367,2910.44750918367,3061.68011918367,2968.90545081633,3025.01190081633,3037.18630591837,2996.22231071429,2883.41884520408,3062.35052918367,2804.33075918367,2994.03579897959,3180.95421326531,2962.01274428571,2881.75353163265,3037.09537673469,3053.25987173469,3140.26876030612,3092.25613030612,2957.80668265306,2860.17748081633,2924.06081428571,3011.17939367347,2975.92331642857,2955.36497642857,3019.89673959184,2865.60192377551,2836.18059571429,2873.29148683673,2865.2747022449,3014.18374173469,2964.0620225102,2993.91016732653,2873.32377232653,2909.70502732653,2936.16073920408,2858.31679061224,2950.12023673469,2859.36764693878,2703.70026367347,2579.05716367347,2549.00848163265,2654.3783822449,2699.23186061224,2809.97954408163,2634.59155061225,2691.17827142857,2688.95656316327,2826.3016427551,2911.99072714286,3083.34729530612,3000.47632020408,2906.72477816327,2898.26551061224,2893.91053979592,2823.88573469388,2747.47105346939,2854.20467591837,2978.95170510204,2937.92990663265,2881.94893530612,2752.67995673469,2773.13295857143,2882.83276244898,2852.07324979592,2871.0832555102,2685.68016132653,2912.66384704082,2622.05811418367,2614.23884142857,2552.49795918367,2555.28560214286,2432.03974815306,2603.69123295918,2718.45725408163,2632.75939142857,2627.95678642857,2633.45459540816,2661.87023612245,2569.72457612245,2612.31733469388,2869.06009836735,2919.94528836735,2745.52752816327,2861.144355,2890.26247765306,2819.99358459184,2912.08915959184,2677.57391285714,2765.96801816327,2700.88787755102,2717.97285897959,2655.63291938776,2715.70707312245,2746.47790512245,2729.68040673469,2606.84660204082,2638.81442479592,2686.02939714286,2667.4637382449,2448.0411882449,2810.92521295918,2718.32430346939,2666.22449163265,2642.32119142857,2767.13061959184,2867.27354510204,2790.76316979592,2636.57188673469,2544.0595327551,2562.93450428571,2589.55157887755,2793.39562785714,2815.81400632653,2810.0938677551,2936.16266030612,2980.28999744898,2900.45714234694,2947.66734989796,2940.38494989796,2987.16843489796,3023.94606,3146.12118857143,3209.87081979592,3066.92373459184,3137.62457836735,3169.22278428571,3045.66030020408,3179.07160653061,3219.10450653061,3050.5860927551,2783.92659897959,2967.46086346939,2877.50529163265,3097.50944887755,3173.48459887755,3078.26721342857,3071.70771342857,3087.09216842857,3045.54146112245,3164.82760612245,3084.47954112245,3086.964495,3091.15776,3173.72239979592,3125.45249040816,3193.14732306122,3166.92935836735,3101.2598855102,3063.719605,2972.3826094898,3001.81596367347,3068.22090040816,2931.97905622449,3060.57079214286,3181.72696306122,2997.4747805102,2633.29649663265,2466.23395163265,2528.20284163265,2704.50392061225,2735.55538061225,2820.24151357143,2934.86491632653,3035.74976530612,3012.40734755102,2812.42331734694,2865.79446826531,2774.60813387755,2743.33787244898,2629.54191530612,2785.6063255102,2926.7136055102,2888.92848622449,2880.64174816327,2772.63238102041,2806.06466408163,2786.27862285714,2979.96231142857,2829.66675032653,2973.03403061224,2994.61466795918,2989.35074265306,3029.062215,3179.64002510204,3049.22509295918,3150.20942408163,3197.50342408163,3293.26604063265,3127.03631795918,3060.33459693878,3099.70020816326,3013.12871734694,2897.04002346939,3016.46791081633,2900.55515346939,3034.11764326531,2806.4686755102,2779.05053265306,2943.35203265306,2993.29924489796,2930.53869142857,3032.22824993878,3018.29884993878,3102.68967493878,3000.59769040816,2998.86586632653,2940.55597959184,2998.88176836735,2930.75100336735,2854.91676336735,2767.34137153061,2784.18096642857,2950.40453642857,2930.24614112245,2901.47036612245,2757.89189112245,2850.14154112245,2772.5665277551,2631.4581277551,2732.61157632653,2833.84085377551,2914.05592908163,2818.70844826531,2842.76289826531,2945.39299693878,2764.24792857143,2710.78862357143,2638.23392357143,2542.85895928572,2656.92655214286,2633.70077959184,2781.30356806123,2726.1082772449,2730.34653265306,2854.56928061225,2834.45337959184,2728.12522653061,2709.68972653061,2671.59952653061,2715.67299540816,2778.3695627551,2946.39825306122,2813.88479061225,2992.02869081633,2803.23213897959,2908.44046418367,2777.74320255102,2643.16654122449,2674.6669867347,2765.78387959184,2728.60565918367,3007.84805408163,2905.45671928572,2881.24644591837,2794.9101744898,2788.8649244898,2915.45007428571,2655.16923204082,2608.68054030612,2668.13890836735,2824.65692040816,2848.89318469388,2682.9641705102,2602.5832955102,2740.2448205102,2800.79023234694,2793.22835612245,2705.26293591837,2764.71045397959,2682.19843071429,2851.04996326531,2643.8503505102,2698.37347551021,2889.63849938776,3004.70415102041,2943.06965408163,3092.00555408163,3118.21342887755,2988.30189908163,2916.57630306123,2863.05140612245,2885.8685744898,3006.3974377551,3209.21348336735,3079.36650081633,3128.10775081633,3049.98504469388,3050.06895081633,3081.70402836735,2897.55028602041,3095.28189204082,2981.56114469388,2928.64467653061,2867.31679795918,2824.32176530612,2767.31834489796,2869.90548306122,2785.06663306122,2726.36081734694,2803.90377616326,2872.59519979592,2955.65599979592,2962.61705428571,2977.83974728571,2960.01886234694,2864.09273306123,2973.35401540816,2953.52799765306,2938.7897922449,2955.97660561224,2992.10420846939,3109.51024020408,2906.90682653061,2932.46936714286,3054.91897832653,2991.41102832653,2935.78821877551,3019.3917022449,3131.8153522449,2969.5606022449,3147.28815204082,3100.6553755102,3071.7370622449,3165.6339755102,3035.02788602041,3123.3435144898,2951.11066734694,2631.95639591837,2724.43127928571,2909.06449979592,2811.79818367347,2807.47367142857,2682.04791969388,2628.23421061224,2736.56444826531,2893.52250826531,2855.44504857143,2887.90425040816,2929.77538367347,2964.38637469388,2994.45025714286,2963.10254989796,2816.7082522449,2773.3256722449,2879.71175836735,2866.79256877551,2868.76019693878,3074.25198693878,3098.75691387755,2985.6323577551,3046.89478612245,3105.69825918367,3050.84632755102,3046.81195755102,2843.5687122449,2880.5054722449,2947.03422734694,2895.2968122449,3074.65780683673,2965.21937530612,2752.10592653061,3082.69388265306,3085.77285734694,3104.08978469388,3247.29613469388,3124.28273408163,3183.67019591837,3216.42211836735,3000.15975571429,2973.41176122449,3137.04495510204,3121.67580091837,3056.85639336735,3148.93126836735,3122.46951836735,3229.16738673469,3073.37191532653,3002.3545455102,2972.8823955102,2935.03198142857,2985.44649857143,2995.26497816327,2913.4346072449,2992.7936744898,3047.32153,3044.65329714286,2971.08259755102,2788.49232418367,2848.25971765306,2948.66316591837,3031.29169816327,3097.39850969388,2904.86838193878,2767.31334795918,2832.68732295918,2846.25001428571,2845.18701071429,2924.47113173469,2883.48757904082,2894.10745904082,2871.39392904082,2944.59832040816,2958.79815714286,3005.89706428571,2931.63971428571,2884.08438102041,2951.79988102041,2993.86853102041,2944.40954918367,3088.08624918367,2900.61415306122,2963.17698806122,3028.90659040816,3014.78277469388,2964.58777040816,2952.03847040816,3018.30640040816,2926.61956040816,2890.43652918367,3017.19877918367,2975.09664418367,2932.73236918367,2952.33402918367,2895.9597044898,2916.7607144898,2757.8219444898,2740.86545836735,2802.42246989796,2782.31511989796,3063.34801755102,2848.15697244898,2916.87999006122,2848.68633843673,2924.49009561225,3022.86969346939,2999.24262816327,3081.75087816327,3041.28226040816,3031.32206938776,2986.52943693878,3156.70659795918,3014.47259908163,2840.49997408163,2682.75727408163,2680.16662408163,2760.00067408163,2753.56934061224,2729.84684061224,2735.11031061225,2918.68406061225,2644.33839632653,2877.01404632653,2914.46653632653,2935.55350469388,2868.10018469388,2934.27693081633,2837.14913673469,2789.33677173469,2819.75313357143,2770.93737357143,2823.18734857143,2677.87765979592,2797.93462267347,2821.52647267347,2821.12442767347,2806.82084704082,2669.2432127551,2761.51478285714,2606.86726632653,2622.5546305102,2848.42119081633,2745.22873061224,2881.20218561225,2883.35410306122,2960.30602357143,2793.40204693878,2884.98138010204,2887.37829530612,2743.9726065102,2725.75578428571,2839.25172122449,2900.18229387755,2937.48150326531,2945.31728816326,2736.32433367347,2743.10709959184,2737.46112040816,2750.42357530612,2593.32466734694,2553.83802346939,2632.23330010204,2519.53875408163,2527.09830642857,2682.2752644898,2853.82343193878,2878.31627755102,3016.75695653061,2737.60630653061,2870.42567897959,2901.99840061225,2858.33511091837,2783.67270489796,2762.50021571428,2844.628855,2866.49869204082,2676.26456285714,2779.20744877551,2902.26381,2988.88492,2852.08624622449,2979.05053038776,2852.62220142857,2803.97352061225,2777.82361020408,2754.43436020408,2797.45920408163,2913.54368755102,2906.60518755102,2870.14260397959,2837.72276704082,3015.64473979592,2897.54637489796,2930.94930765306,2788.82547316327,2888.68972173469,2803.66130557143,2891.64574653061,2922.56373020408,2943.42219377551,2963.05614704082,2948.28461653061,2998.00448387755,3013.61241959184,2983.2111377551,2941.19005285714,3048.18583795918,3017.90022673469,2889.54897846939,2824.95511428571,2873.78877040816,3066.28817040816,3037.64580040816,3047.62577040816,3107.74909897959,2959.73265102041,3096.17565102041,3035.11611836735,2885.10844285714,2930.64445,2879.20787571429,3068.59277755102,3013.25754285714,3034.04468438775,3252.93739357143,3087.69496193878,3085.65076193878,2993.51255,3047.6578622449,3132.01976632653,3192.1789255102,2917.31268591837,2968.92058591837,2836.06139292857,2868.63749996939,2866.13273905102,2866.04836945918,2716.82303782653,2993.69280316327,3036.83605765306,2933.7159772449,2940.41686061224,2886.68846061225,2886.28280061225,2953.21465061224,2659.55412316327,2705.31985816327,2757.91350816327,2802.55198816327,2899.40318122449,2832.86079591837,2761.66197204082,2745.93244204082,2822.70760530612,2806.65064244898,2885.83022283673,2897.25702040816,2958.24419408163,2814.64754571429,2971.62642571429,2958.08242153061,3062.52197673469,3181.59862612245,3149.87079022449,3182.57369022449,3175.48147522449,3199.68077522449,3109.93994283673,2961.08872189796,3077.26937183673,3020.85912183673,3089.62001469388,3024.33931938776,3090.51855428571,2973.62289755102,3054.36924755102,2949.13046183674,3153.83673826531,3073.37460826531,2964.60714591837,2943.00237877551,2946.20088408163,2898.81616612245,2915.05367653061,2771.87627806122,2757.57713704082,2822.9290055102,2843.7218214898,2925.3439714898,3027.3084514898,3168.8809714898,3203.8914214898,3118.8794764898,3125.6142172449,2987.5909622449,3088.73380612245,2887.34942653061,2751.08529285714,2720.64646918367,2868.42943989796,2991.84750489796,2916.92980918367,2976.6402072449,2979.79360540816,2953.34478510204,2889.47149510204,2994.3257022449,2957.5221055102,2763.15351826531,2864.55863428571,2883.89488571429,2802.18945612245,2920.5689977551,3057.4932355102,2944.2788955102,2882.22907755102,2886.54046755102,2757.68742734694,2999.95777795918,2788.2476244898,2702.36133591837,2755.54165918367,2856.76895408163,2844.97385408163,2788.38918908163,2751.58236418367,2814.51416234694,2884.94281326531,3054.82359938776,2915.15739938776,3021.91577244898,3027.52487959184,3098.64869,2989.20968020408,2948.01693061224,2962.04310408163,2884.90542989796,3052.40187122449,3059.48824897959,3101.73594897959,3035.69419591837,3083.27356591837,3180.09821191837,3098.34311612245,3027.79115612245,2908.21766428571,2997.91126020408,3091.61746020408,3001.00227816327,2902.78549428571,2866.44889428571,2865.95018591837,2877.80100163265,2824.22482122449,2837.03964469388,2948.98572816326,3006.42461959184,2699.10633693878,2779.35734193878,2935.19748469388,2898.30333469388,2767.47057193878,2939.01925693878,2877.40020693878,2906.83080693878,2786.38789571429,2663.58709096939,2623.69699346939,2632.56499714286,2681.81701061225,2479.37174571429,2513.8023355102,2661.04739714286,2662.06643714286,2721.23440397959,2633.19449061224,2628.75854061224,2708.83244469388,2590.1174477551,2541.66904102041,2581.61862153061,2595.59902653061,2384.00600591837,2482.63518036735,2643.93993036735,2662.30401020408,2612.02738204082,2823.01007255102,2866.37845285714,2823.48349989796,2955.01765714286,2932.60922214286,2827.14446993878,2978.85660918367,2930.51315316327,2835.30646653061,2740.43315765306,2693.90555765306,2664.57103195918,2739.36504806122,2595.97902561224,2757.76779122449,2797.29218163265,2777.94066816326,2651.7817922449,2818.99593069388,2821.55989597959,2878.25823081633,2678.79189306122,2713.72731673469,2861.56852714286,2923.84001204082,2966.88205387755,3047.99506755102,3015.31038795918,3048.92688938776,3107.87657836735,3081.68449326531,3198.50960367347,3176.36727102041,3285.96735693878,3127.87106193878,3084.50976632653,3051.76476632653,3107.79161285714,2927.68058113265,3110.69408469388,3107.84249632653,3057.4232455102,2919.86661061225,2872.81102030612,2966.53606816327,2903.64689163265,3077.07963887755,2890.73233306122,2979.89679673469,3098.61956795918,2983.53619489796,3026.11842387755,2973.71105285714,3054.36524938775,3073.76509938776,2961.12704938776,2905.52043142857,3075.26219089796,3034.57568089796,3018.26380204082,3013.00179489796,2844.2165744898,2877.3226094898,2820.5090844898,3102.45021520408,3037.43638020408,2980.58033959184,3054.53755102041,2913.99135918367,3116.89033265306,3105.851495,3027.83721234694,2819.89620857143,2894.63536979592,3042.81127112245,2865.51346316327,3001.17016387755,2982.01711769388,2968.77746769388,2711.19236769388,2835.05811769388,2692.33425571429,2848.59975795918,2907.24232091837,2926.41138830612,2930.37455469388,2971.11114969388,3081.59454969388,3072.61568469388,3061.45516244898,3081.90673244898,2911.33627204082,3122.4626077551,3149.9617777551,3230.27373755102,3083.01991020408,3145.62789244898,3082.84579326531,2983.76176704082,2979.65683010204,3085.24468306122,3083.19680204082,3235.33746714286,3253.73140459184,3147.33259836735,3310.98865142857,3254.64136142857,3175.53265265306,3189.17374040816,3223.06299326531,3276.84676673469,3117.3844822449,3248.32302763265,3063.56903204082,3175.37954122449,3056.53057755102,3048.93664612245,2966.49097591837,2881.22791,2759.22902938775,2824.69231612245,2810.14167408163,2791.2100655102,2845.87904714286,2917.94333714286,3001.53928285714,3101.64982581633,3048.26093571429,3068.96880540816,2911.13592040816,3023.83067438776,2991.08378785714,3175.28292642857,3209.59571938775,3059.9690255102,3133.86175122449,2972.31649795918,2863.47995612245,2870.89666142857,2835.84777244898,3096.97548367347,2997.06240714286,2774.59053091837,2759.67617408163,2850.30565387755,2984.27579459184,2934.21387959184,3025.66977959184,2866.52212959184,3124.60531295918,3097.29205132653,3025.42122102041,3091.92788918367,3161.36966734694,3160.29267653061,3177.07090632653,3033.58330979592,3051.75859061224,3001.50584102041,2755.99695816327,2704.16064387755,2823.19284387755,2858.10419693878,2994.08453571429,2875.91254765306,2907.69787755102,2860.35718795918,2912.59518061224,2965.19708836735,2976.10207346939,2997.01093346939,2867.48858061225,2847.16706836735,2801.20348520408,2845.81420357143,2937.13730142857,2683.28189306122,2944.74529306122,2886.67828244898,2964.04024306122,3014.27732959184,3069.26082959184,3036.7894755102,3116.84159755102,3023.5999994898,3019.81396520408,2912.1688257551,2765.91227816327,2969.99243632653,3029.19062714286,2934.12335714286,2983.99084081633,2931.85464183674,3132.14035246939,3051.62436428571,3118.19379132653,3155.00290163265,3094.77385510204,2817.52150938776,2755.98154367347,2812.68527959184,2801.45844397959,2469.35696459184,2541.01439459184,2836.59300122449,2630.22422346939,2655.45005571429,2632.64192040816,2547.49937918367,2657.92710097959,2609.00322810204,2707.51587810204,2758.88772810204,2754.29614387755,2917.7921944898,2826.41431153061,2805.25496122449,2892.71432142857,2930.16439681633,2970.34092244898,2914.95553346939,2929.55743346939,2864.66448,2946.44258020408,2938.87945285714,2896.13789387755,2763.62028081633,2815.37799555102,2844.09569055102,2855.44333877551,2802.86977877551,2850.86008877551,2838.45088285714,2591.3445477551,2639.67422857143,2758.51612387755,2885.36497306122,2625.67629465306,2681.44247040816,3063.82362040816,2951.8739755102,2973.1945255102,3046.65294469388,3034.43465263265,2931.11135263265,2850.26172763265,2721.28871387755,2771.39540859184,2812.29424428571,2806.56079428571,2766.39983102041,2918.4098644898,2742.73306448979,2754.0124,2761.0773622449,2808.9047622449,2719.0170122449,2646.77391826531,2611.05342744898,2604.25283255102,2678.96383265306,2892.19153479592,2823.83726479592,2775.06845785714,2773.84282418367,2782.58068969388,2962.74014520408,2950.59071571429,2820.77537,2907.15012142857,3028.31674887755,2866.67299887755,2821.17758387755,2632.52509887755,2737.84264887755,2890.53737183673,2752.58693489796,2860.67273734694,3067.92113734694,3069.70972612245,3072.78772612245,3093.54922612245,3102.06785795918,3036.32480795918,2819.73945040816,2989.09700193878,2970.73388719388,2929.60750989796,2806.27834377551,2924.81538571429,2993.56594714286,2871.31307408163,2844.12436561225,2900.92394387755,2959.75240816327,2900.62015816326,3054.56514897959,2830.77394244898,2924.5381555102,2849.4523555102,2830.4408305102,2894.22494183673,2874.06804387755,2899.84862214286,2863.14637908163,2991.70576908163,3017.47575408163,2986.405035,3022.15842377551,2896.56701846939,2801.13511030612,2805.73686530612,2771.90958571429,2723.96616632653,2591.39900132653,2776.13556469388,2675.35356163265,2856.33498163265,2606.79876428571,2685.58777653061,2814.19286653061,2800.81072153061,2958.42093622449,2934.62330510204,2986.52349591837,2938.33353091837,3034.62780438776,2933.68109530612,2917.40573520408,3248.53902591837,3155.6622277551,3016.02687010204,2943.88491928572,2909.43266897959,3013.08788918367,2961.4800744898,3061.55812979592,2952.25530040816,2912.07275653061,2940.10310673469,3025.8567227551,3126.8580377551,3015.32407061225,3185.31988938775,2968.0740872449,2906.11360867347,2924.61385867347,2958.53263010204,2817.63800459184,2877.36221612245,2863.99648607143,2810.24202709184,2823.21639530612,2866.49070714286,2999.94870714286,3111.45780714286,3188.8466244898,3130.1995855102,3252.55463102041,3285.89738877551,3289.78235387755,3075.24484244898,2988.53379816327,2858.3636844898,2952.0376172449,2976.83195346939,3026.94929714286,3013.89176622449,3138.79380714286,2671.81370714286,2577.52499969388,2638.11140857143,2649.41762632653,2538.84127377551,2575.83460387755,2718.69407979592,2679.6394744898,2678.4316955102,2833.85913571429,2841.43699387755,2797.44030918367,2803.50367704082,2905.06366959184,3015.9401305102,2936.0172855102,2955.5596355102,2958.29399806123,3146.03967122449,3145.29226122449,3035.62462571429,2999.56220632653,3023.67878979592,3145.19885489796,3028.68962061224,3171.91407020408,3194.86063122449,3003.77010632653,2977.3205255102,2710.2482755102,2586.66150704082,2850.46526265306,2787.8805872449,2654.80081040816,2602.74786938776,2545.70021734694,2467.46272244898,2780.41347244898,2529.75896704082,2756.65354836735,2763.06419387755,2738.92700169388,2683.39799669388,2827.07241530612,2919.94610306122,3003.24694142857,3148.62663428571,2913.76628877551,3011.88259387755,3094.22534489796,3070.90692265306,3000.36966081633,2922.02711081633,2840.4902,2824.99402979592,3045.76352795918,3088.24355877551,3096.54232346939,3145.91998795918,2896.56767989796,2970.08462693878,3133.35030387755,3159.54469704082,3085.88555510204,3163.53049285714,3197.80602346939,3098.53833867347,3152.08263867347,3004.33704183673,3032.41674183673,3006.91757755102,2859.96172653061,2808.86259653061,2798.53995653061,2809.54620653061,2847.32003153061,2932.35837653061,2934.17463877551,2912.29638897959,2902.60044397959,2803.14047306122,2858.86514285714,2894.57902653061,2876.42775367347,2803.55079204082,3002.20989938776,3147.1928055102,3081.76336612245,3139.06635040816,2990.60136959184,3037.30513459184,3101.13582,3048.34571122449,2937.13844244898,2894.12200163265,3066.83573693878,3092.11190326531,2918.71949795918,3169.74537346939,3024.51297265306,3013.64458183673,2949.19462734694,2834.40081040816,2758.70946326531,3011.78412285714,3120.08658714286,2934.19926387755,2766.29596428571,2684.07023683673,2847.98820683673,2866.54311579592,2871.51339857143,2911.28451020408,2816.04499836735,2798.49868193878,2766.13770714286,2752.61542704082,2909.29416428571,2883.74285738776,2946.72058469388,2596.42760704082,3128.13633163265,3061.29309795918,3063.36904377551,3088.76659897959,3054.41043163265,3153.52038163265,2967.83493163265,2975.52169285714,2843.25062244898,2972.9544622449,2750.62434897959,2712.84895714286,2743.70567885714,2822.38592857143,2849.71359857143,2939.83992857143,2934.50805862245,3005.31941632653,2948.21168265306,2861.12432959184,2814.37317959184,2978.71215612245,2905.99725,2987.61348265306,2891.1539255102,2822.58198336735,2901.52875387755,2933.98069387755,3012.16787938776,3014.12423173469,3004.18677571429,3090.53107204082,3050.04398204082,3033.50977591837,3175.00702591837,3093.21806836735,3152.18086938776,3185.88704510204,3204.75324510204,3164.44761755102,3085.08514836735,3084.08519836735,2985.19660479592,2988.4114222449,3014.66686387755,3016.18744479592,2965.0820547449,3083.95787283673,3223.66815489796,3175.33408244898,3086.32377173469,3057.40062173469,3010.25873836735,2942.78348836735,3028.27454010204,2961.53710591837,2980.41396142857,2937.62814693878,3019.7649622449,2948.86383673469,2920.72777244898,2929.06274704082,2898.40735204082,2758.16567663265,2713.22878163265,2741.39140010204,2800.29695010204,2795.06334387755,2854.13274387755,2764.18524387755,2851.95485408163,2746.15048163265,2805.23652561225,2901.76321959184,3087.37589357143,3089.59089479592,3083.33730693878,3031.22008244898,2835.06700918367,2777.15970704082,2858.62218479592,2815.61916785714,2808.48126918367,2769.04761867347,2846.20352234694,2800.46520173469,2782.70031459184,2860.87274255102,2896.1717294898,2823.46615020408,2905.0188222449,2967.31790306122,2839.4317022449,2859.03337469388,3030.99307469388,3129.36862469388,2989.0903705102,2999.60894346939,2964.14259836735,2898.05768336735,2822.65448336735,2645.58730969388,2778.25760408163,2752.18759210204,2798.77308918367,2856.79008918367,2819.79397857143,2735.36956285714,2609.84911816327,2831.67625857143,2931.21150571429,3043.78260571429,2829.15180571429,2845.13632244898,2817.4717622449,2680.69837193878,2779.66402193878,2682.59322255102,2783.54059755102,2787.19705469388,2912.50327306123,2844.03305806123,2785.51520816327,2734.95375306123,2789.69216020408,2794.3627377551,2974.32925612245,2870.97282346939,2868.46154622449,2837.59905612245,2745.73071091837,2852.4350905102,2900.46892857143,2817.30627561224,2830.32280112245,2897.41760795918,2821.7319255102,2851.62812928571,2774.41518612245,2802.05204938776,2817.73803173469,2800.76482459184,2887.81225459184,2912.14862959184,2828.74802142857,2760.52767142857,2629.92707755102,2730.20597755102,2865.79608979592,2762.94297959184,2828.34911459184,2869.00377959184,2883.31511632653,2814.08107346939,2873.13467346939,2792.12824387755,2753.90211632653,2848.30462377551,2672.73770877551,2828.30090877551,2799.04372377551,2858.36262581633,2808.35661216327,2815.23660816327,2798.77866540816,2738.89168040816,2845.81165489796,2666.99299112245,2757.41745612245,2861.45115714286,2733.75339795918,2733.05025857143,2809.58170204082,2886.18911530612,2797.19059387755,2785.16930397959,2838.91749591837,2877.07701530612,2731.54923397959,2924.10104387755,2898.4926644898,2903.10919204082,2847.1536244898,2837.51508265306,2806.23758265306,2846.29962959184,3021.58435816327,3000.34973244898,3033.8336622449,2933.03163540816,2893.4800744898,2945.94973571429,2811.51128479592,2943.25263979592,2751.25412755102,2720.33617755102,2997.47511836735,2900.44735377551,2829.09523234694,2796.40253234694,2796.39889183673,2825.50389387755,2667.86591153061,2518.75567142857,2464.69998142857,2560.51444306122,2773.72310265306,2663.21943612245,2846.13249826531,2806.10975408163,2828.75393673469,2707.7822984898,2797.58038820408,2942.29343820408,3023.01477020408,2992.68407836735,2959.50509877551,2955.97718877551,2885.86050795918,3044.06929795918,3109.03384795918,3037.30994489796,2964.06467163265,2957.54333673469,2770.8248794898,2866.73524693878,2842.67223591837,2811.10749091837,2917.54314091837,2991.98823591837,2986.63623632653,3066.2921822449,3002.50878469388,2894.38724259184,2842.25256759184,2701.69850259184,2695.5496044898,2649.18003183673,2609.78608795918,2734.77264306122,2653.0121922449,2566.50042408163,2911.92971051021,2776.9669177551,2626.2750677551,2948.8210177551,2837.39326081633,2970.16764204082,2891.79272306122,2771.70568020408,2916.27131642857,2877.98284010204,2820.16412510204,2704.69532510204,2800.49410408163,2762.33774673469,2834.1861194898,2745.67731397959,2745.14549642857,2628.0131677551,2765.75691367347,2835.63784979592,2890.46183612245,2848.79261612245,2726.37546938776,2731.45804938776,2744.66683438775,2806.41795408163,2684.72151112245,2692.41349540816,2567.02637683673,2645.26002826531,2585.04037959184,2454.96221632653,2553.14168469388,2416.3167227551,2513.22229214286,2460.97093602041,2552.90159102041,2642.01905102041,2614.5421472449,2564.73759214286,2548.82770714286,2818.00857755102,2945.70831020408,2986.71771632653,2923.91556693878,2755.49707,2677.98958054082,2752.2332744898,2732.67581571429,2612.82691204082,2798.4732677551,2746.98699693878,2734.25834122449,2814.05749673469,2828.39321285714,2725.04205183673,2786.89218632653,3032.81232397959,3165.64216836735,3063.25587265306,2992.15257265306,3086.74556479592,3051.52904612245,3022.20866489796,2914.70696489796,3072.41771285714,2962.82731653061,3025.06124693878,2985.2859277551,3011.97394571429,2995.40928112245,2986.21493693878,2974.83185489796,2960.63908428571,2900.83528959184,2959.35378938776,2992.96820285714,2979.96201816327,3091.86286938775,2895.28149387755,2899.31997571429,2919.41736653061,2849.82675,2884.47219897959,2982.89156622449,2784.65444244898,2707.16898061225,2820.1167122449,2803.71537244898,2820.54181755102,2743.12427244898,2598.37347244898,2579.18985102041,2377.63078632653,2296.73976591837,2471.21591591837,2662.77569591837,2758.42319591837,2706.36745530612,2762.32653530612,2790.02337030612,2807.89654030612,2904.69679132653,2899.56237632653,2957.48947632653,3039.64232632653,2978.39058632653,2947.05375,2836.3626,2688.60113642857,2911.44853877551,2696.39209591837,2616.21093877551,2771.79290102041,2648.84930795918,2811.49488591837,2844.66967346939,2916.83947204082,2691.53263979592,2764.99628183673,2524.20292857143,2646.33817857143,2691.26643632653,2506.1161777551,2634.11874510204,2880.8559855102,2725.5929455102,2851.67702040816,2842.95383540816,2830.35349540816,2751.42065122449,2901.08456102041,2949.39360602041,2852.90625602041,2893.21318408163,2914.84484438776,2866.77012938776,3176.48154,3152.25141387755,3228.25775408163,3115.04740408163,3114.88897336735,3359.48707326531,3374.58771816327,3257.64461816327,3188.46045081633,3288.07362377551,3217.56371244898,3100.38119959184,3154.64350897959,3030.4759977551,3145.53402632653,3173.73234683673,3208.49564683673,3135.83002112245,3082.82038846939,3122.72044459184,3188.79250010204,2997.41908040816,3050.29201408163,3053.4113344898,2913.67932153061,2915.77070653061,2840.74278561224,2894.91096744898,2970.36157744898,3041.88796744898,3133.49833744898,3165.72879163265,3072.54415663265,3056.37244163265,2923.08493367347,2874.87072204082,2909.46991183673,2782.4079955102,2777.1947755102,2958.2182705102,2879.59296387755,2835.49649969388,2999.11410102041,2970.40587489796,2919.80867489796,2988.03942489796,2869.83257489796,2866.9073005102,3019.6596255102,2968.33620816327,3068.89745183673,2757.80598183673,2836.17840857143,2958.29005714286,3019.52349081633,2963.02445591837,3029.65999897959,2997.54554204082,2713.60567632653,2801.10439693878,2762.35239816327,2761.15489816326,2656.31102755102,2664.62736408163,2753.42376469388,2768.73755285714,2792.9282555102,2757.12624081633,2825.52514795918,2621.42464387755,2749.31292010204,2919.62704918367,3011.3389677551,3124.9735922449,2955.83875112245,2815.30339336735,3015.77302591837,3002.78003918367,2896.60911020408,2780.5776877551,2834.83078028572,2838.00178028572,2858.62063673469,2773.75666673469,2699.04846673469,2794.26431387755,2693.20264183673,2895.53096632653,2701.35346265306,2726.12944765306,2823.32391295918,2824.19431132653,2848.0982622449,2869.09588367347,2836.41417040816,2877.65419285714,2730.19381979592,2833.54898561225,2973.95711214286,2909.75622755102,2902.60149897959,2848.21771602041,2688.13361581633,2903.15223938776,2804.01362122449,2751.86148418367,2830.1474477551,2892.37898795918,2958.19490265306,3138.66843285714,3055.06553265306,2991.08132785714,2867.601835,3008.56106653061,3025.60601653061,2883.28542438775,3102.85194571429,3022.13548459184,2988.39616183673,2903.22340183673,2744.21091836735,2778.03841020408,2832.96784897959,2812.85278122449,2830.20692183673,2828.39666336735,2722.75941928572,2678.72340295918,2625.69840193878,2644.91384387755,2759.12497346939,2968.25888163265,2906.45468163265,2847.78836632653,2928.54999408163,2986.70837755102,2958.56377510204,2815.99064489796,2863.15504183673,2809.70512040816,2916.38756836735,2949.54903163265,2817.29679163265,2964.87348714286,2803.83743673469,2801.98366734694,2914.77306734694,2784.74149877551,2770.93099877551,2597.84840285714,2672.29910040816,2787.50220755102,2990.33144673469,3099.70583255102,3289.07648622449,3174.06607636735,3409.8941287551,3266.27412979592,3250.84817306122,3106.1220955102,3091.9873977551,2959.36496795918,3025.37824397959,3051.44969897959,2983.20775918367,2800.74064081633,2949.92683265306,2867.29814591837,2910.40024091837,2851.42835918367,2846.34547571429,2789.50894795918,2780.00799795918,2695.5995377551,2583.06855714286,2734.75937326531,2741.52546836735,2736.15659602041,3055.06828928571,3107.9472257551,2963.5675757551,3017.9097257551,2907.72181530612,2850.26909326531,2716.5699677551,2900.94629102041,2856.60031938776,3088.45540489796,2971.06328663265,3101.20718061224,2997.49341561224,2723.80300030612,2663.88991244898,2711.38593489796,2780.92951020408,2844.30582918367,2843.06652918367,2714.43895591837,2791.41370591837,2712.24470897959,2747.37985897959,2658.58458438775,2785.16834104082,2772.9615487551,2838.5964687551,2748.29415635918,2721.24553408163,2871.65411122449,2827.9461844898,2855.0513844898,3073.3230822449,2913.00363469388,2920.6533644898,2962.7476794898,3029.6969244898,2942.0428244898,3038.75487102041,2879.88082102041,2997.80791153061,2799.76101326531,2965.36988306122,3066.82001632653,3055.76369469388,3044.91045612245,3004.90801183673,3090.52715510204,3108.5478244898,2910.83077244898,3019.77148438776,2969.02071122449,2916.65956836735,2902.9183744898,2917.8612244898,2894.6848744898,2895.4312744898,2960.94067877551,2959.70761918367,2815.68271918367,2863.2445977551,2829.93553632653,2904.45026163265,3011.04274693878,2798.34650877551,2922.43804081633,2831.96565918367,2825.51035622449,2750.28973938776,2812.9823222449,2918.22237795918,2863.4326955102,2766.87686081633,2900.30095204082,2977.06159204082,2974.17649204082,3158.22942636735,3118.12142142857,3144.57392142857,3113.03648020408,3037.74273877551,2951.14497397959,2864.31840540816,2958.88708091837,2949.59201479592,2936.60889183673,3179.15323122449,3164.78270095918,3091.04318061224,3104.24072306122,2960.04012193878,2930.28567979592,3110.18862979592,3134.26556346939,3029.20479489796,3026.59105612245,3112.76785612245,2992.18816612245,2953.71175612245,3111.26961326531,3033.78911530612,2873.2812427551,3089.4915577551,2995.26862316327,3098.91351816327,3008.19621816327,2875.35251336735,3181.78816193878,3061.19966693878,3028.76253306122,3067.08808306123,3113.38738734694,3012.09007734694,2994.71062734694,3191.30297020408,2980.31022244898,3084.40776938775,2976.32322591837,3183.7734977551,3013.3531977551,2851.22308244898,2920.45816346939,3132.26907897959,3014.44452897959,2967.89262897959,3000.92564653061,3085.86134265306,3061.93951673469,3100.14055663265,3127.69501673469,3107.55957061225,3334.86487836735,3084.03203673469,2923.95533163265,2926.32163673469,2874.15210510204,2980.40344795918,3193.46845602041,3165.46162469388,3040.97456489796,3236.89382897959,3177.87808234694,3196.51535071429,3173.68370071429,3036.27503826531,2915.67963326531,2875.56490479592,2760.56845081633,2786.43568,2965.48747163265,3022.63253163265,2968.07201693878,3007.94015387755,2946.41209306122,3017.30765479592,2985.41369285714,3016.89684530612,2932.09058918367,2936.95505214286,2805.24111714286,2824.56645765306,2920.64463132653,2766.10397540816,2866.88477234694,2758.22143785714,3034.07898887755,2842.08292540816,2895.517185,2625.50697020408,2736.72266102041,2698.06617367347,2701.69202571429,2691.32439632653,2812.30327173469,2750.1869844898,2716.68149153061,2662.28273061224,2496.34299183673,2754.35799040816,2986.66629040816,2895.45853418367,2651.23907857143,2897.06894387755,2812.59890306123,2803.0542255102,2690.43286163265,2821.45026122449,2857.21414897959,2787.14049897959,2799.66613397959,2798.6906944898,2946.84988326531,2783.69876316327,2913.25792928571,3053.33103236735,3043.36817693878,2973.92444,2937.61709,3096.29322346939,3028.31830755102,3094.67422153061,2824.14757530612,2860.71417030612,2844.91140030612,2812.80544816327,2876.64978877551,2897.15855959184,2838.04407755102,3045.70051836735,3113.81790183674,3034.41894336735,3029.9447272449,3134.37840265306,3118.23753265306,3088.96833265306,3154.21694387755,3134.21071632653,3136.10228959184,3180.34983959184,2944.68707520408,2960.46209877551,2873.72868571429,2928.96093571429,2988.69903571429,2814.9284755102,2859.97199316327,2952.89890642857,2919.43745326531,2903.07454510204,2779.94004418367,2806.30123908163,2752.52098908163,2829.99874438775,2861.20954683673,2864.12552357143,2829.37743397959,2832.88992826531,2794.3338994898,2772.68766867347,2941.92493622449,2995.58727357143,2983.74443408163,2895.81016459184,2888.27176326531,3035.63261836735,3039.95338163265,2999.79370306122,3144.18873285714,2810.95866918367,3109.51266918367,3030.13987571429,2940.42072857143,2958.79272857143,2983.98653857143,2905.71286836735,2979.43581428571,3005.42570816326,2817.03005816327,2984.73806530612,2846.17632978571,2851.7535949898,2917.3075599898,2962.26996162245,3018.34630836735,2826.68417334694,2922.07502602041,2917.18294183674,2790.16569795918,2856.87531908163,2829.81213061224,2710.38402061224,2694.09991459184,2673.27710459184,2877.12662459184,2832.43457959184,2989.60102653061,2863.35606836735,2748.94153989796,2698.84697959184,2960.60433367347,2880.10179122449,2837.55876938776,2753.28847959184,2893.08026510204,2990.55284422449,2983.70167636735,2896.76666055102,3085.16627959184,3122.83562959184,3091.10533,3005.15394795918,3090.80430183673,3172.08248183674,3080.86560959184,3048.68000959184,3026.96684040816,2853.03162540816,2839.80074173469,2841.46523520408,2822.0415122449,2913.1036622449,2804.0386322449,2894.3123822449,2911.52253367347,2887.99789387755,2917.58838846939,2893.54805265306,2948.79399255102,3007.17556714286,2923.06951714286,3003.28198979592,3214.25489795918,3137.01202183674,3259.09992816327,3170.3667144898,3147.93160020408,2953.38895673469,2963.59670836735,2900.52502183673,2856.67308040816,2988.56956220408,3167.75257679592,3192.82858679592,3265.07744816327,3084.06419316326,3210.16503081633,3211.83073979592,3068.11911877551,3115.81791795918,3092.56154979592,2983.06005102041,2967.40508061224,3048.28087765306,3025.54028785714,3010.52495632653,2825.78835510204,2871.91393428571,2864.22371428571,2828.52019367347,2730.27983877551,2520.14190387755,2889.75080510204,2717.36005714286,2885.41567030612,2885.81411530612,3002.67776326531,2945.05516326531,3029.09334734694,2991.55401204082,3018.38339102041,2967.51602836735,3113.40358285714,3047.74618163265,3063.12988714286,2820.24883714286,3087.97514122449,3048.84757938776,3121.74122367347,2846.68334959184,2880.01568744898,2813.7526244898,2801.87721734694,2768.14758979592,2709.12122346939,2650.69158673469,2577.75650877551,2601.63647816327,2650.54941020408,2566.34149591837,2802.24626816327,2565.73183244898,2577.35257857143,2514.93401632653,2626.68836397959,2541.67527612245,2525.70439581633,2654.80109387755,2899.78136428571,2917.03971326531,2916.42514081633,2910.62681428571,2931.79181428571,2823.70396428571,2875.23315357143,2840.66262908163,2953.56327806122,2949.47951846939,2839.42767428571,2810.3121,2844.88902795918,2842.01007653061,2668.10038632653,2882.69854938776,2909.86780469388,2897.43104663265,2983.95892683673,2855.55827163265,2871.46032959184,2918.45198469388,3051.29580520408,3106.99219081633,2909.20320612245,3107.38445612245,3025.84506428571,3109.91891428571,2858.25503076531,2894.99234755102,2637.00136734694,2862.34068673469,2802.20460622449,2703.75699428571,2681.60953132653,2755.63451428571,2671.05335234694,2880.58040234694,2846.04946734694,2704.17238979592,2690.1371827551,2858.44482704082,3033.53207204082,3028.04198714286,3081.30108714286,2849.77013714286,3009.01889591837,3018.36051877551,2997.22506877551,2979.06656377551,2883.09821081633,2836.81458081633,2904.17191326531,2658.72896826531,2656.27004234694,2762.70847734694,2864.70210734694,2866.55109857143,2791.07319285714,2632.13365510204,2709.26818367347,2547.99220061224,2641.14068816327,2747.26057142857,2691.99412561225,3016.41201846939,2936.86831479592,2952.41994979592,3068.79057755102,3255.51177255102,2886.99255132653,2966.05664622449,2984.57489887755,2905.52910102041,2929.1880744898,2865.62035102041,2809.19382102041,2975.49415163265,2921.38865163265,2787.36866938776,2829.96752795918,2867.52500510204,2738.22779571429,2715.80410083674,2616.02707673469,2709.80076306122,2822.58170693878,2788.98618102041,2690.62813102041,2558.53825918367,2539.58710918367,2645.93846918367,2747.97016428571,2716.50190877551,2753.62450877551,2719.12810877551,2896.89555877551,2756.07302377551,2883.9125005102,2943.92657897959,3000.28277897959,2999.07104489796,3014.57101653061,2984.20831653061,3019.48672346939,3056.52259877551,2942.64931693877,2821.53346632653,2853.60982959184,2807.3032744898,2948.72333877551,2862.78813877551,2762.51948979592,2807.03594632653,2983.31108295918,3088.41860653061,2930.18787663265,3084.647855,2858.86188071429,2844.31328255102,2658.77677989796,2594.77050908163,2840.78641193878,2696.93682908163,2719.01315346939,2792.93580040816,2637.58116040816,2683.85446540816,2634.98501540816,2829.30911540816,2661.83808122449,2772.41663814286,2596.03893946939,2691.6841977551,2785.13517122449,2769.91317142857,2872.43372795918,2744.15597795918,2689.03663102041,2829.56323102041,2715.25857653061,2618.39826153061,2657.47273265306,2632.49121632653,2557.60741346939,2973.43431367347,2934.92671234694,2991.70070857143,2957.17547526531,2911.89787428571,2863.52078346939,2904.83836306122,2817.01794061225,2893.00597371429,2836.8120155102,2911.7780555102,3096.15065206122,3094.81530265306,2978.24527040816,2984.69901142857,2885.75761306122,2723.55738459184,2744.86926142857,2885.13249071429,2782.51668877551,2697.44057377551,2641.83404306122,2671.1010127551,2612.56513877551,2702.08666346939,2620.43448571429,2595.32073244898,2678.17049959184,2730.0550344898,2823.59379734694,2854.84483234694,2740.10107306122,2803.63872959184,2694.95152959184,2746.47330857143,2730.80330183674,2676.04225408163,2800.36341326531,2805.7565227551,2773.36718908163,2612.47277908163,2679.73147908163,2554.74593265306,2976.93123571429,2848.21527142857,2837.40792336735,2824.27418642857,2889.80514408163,3022.48507653061,2954.57177510204,2788.95340469388,2918.77824396939,2933.36175989796,3010.18995785714,2918.08185785714,2988.34504183674,2855.78079183673,2920.44074795918,2929.39456020408,2883.15436122449,2833.47094591837,2742.25296540816,2821.53470908163,2826.51615591837,2851.36635408163,2977.27391561224,2885.57614918367,2843.42272122449,2708.2874455102,2734.26875795918,2987.1178755102,2757.97826836735,2751.5505255102,2770.2981255102,2760.8560255102,2691.71076938776,2685.82760918367,2776.32228265306,3018.0860244898,3076.11971530612,3005.66690734694,3082.00310612245,3039.50743459184,3024.04318683674,3007.43900510204,2990.58905510204,3029.25965510204,3040.69223367347,3040.87503173469,2974.72544326531,2833.96739326531,2851.06108326531,2892.51463326531,2939.58928326531,2912.45368326531,2787.21504612245,2756.3288977551,2755.72377581633,2670.45912581633,2864.66833142857,2829.39238142857,2951.38801163265,2729.31939102041,2949.19972602041,2806.87929102041,2858.98855602041,2816.51094102041,2902.61221602041,3030.21482693877,3048.08552857143,2941.94844081633,3019.88589081633,2835.8152127551,2927.48448520408,3122.0660244898,3271.35762489796,3243.09072989796,3175.20265295918,3080.57121530612,3124.19151081633,3035.96953571429,3052.86731734694,3148.22344183674,2964.79483673469,2947.43048377551,3059.40313877551,2940.90670979592,3064.39858285714,3066.34084489796,2918.79431387755,2815.59224857143,2897.12549265306,2955.83815897959,2971.77006479592,3030.15544346939,2923.82564030612,2862.86205153061,2985.25372979592,2913.72736081633,3033.3639822449,2969.96176959184,2991.96770816327,3040.0272955102,3029.71434632653,2905.46646959184,2881.5805855102,2886.27380959184,2731.15448122449,2753.86150591837,2764.68808571429,2986.94236734694,2936.52035510204,2932.55851581633,2719.43778877551,2847.38336673469,2784.79651571429,2770.51347081633,2688.25188153061,2794.70792867347,2815.88778346939,2974.18045112245,2894.75966530612,2978.14099030612,2935.97190714286,3007.96672857143,3074.71289142857,3013.01632061224,3021.52093010204,2994.86429438775,2969.51252602041,3066.26729714286,3156.17760510204,3148.59928510204,3077.67963510204,3102.15268510204,3119.59214918367,3071.85519918367,2945.64302653061,2961.10093571429,2820.19305612245,2761.0715244898,2697.51200397959,2921.34565918367,2899.09165918367,2879.42896918367,2780.77162346939,2970.45623265306,3020.87370612245,2999.2177944898,2889.66326897959,2929.83451632653,2870.24914306122,2745.97627367347,2734.38685979592,2878.10989020408,2707.98287489796,2715.92257734694,2758.18753714286,2828.59443938776,2801.12279061225,2686.17419357143,2593.40570663265,2661.41418877551,2697.033665,2666.18299,2551.7513977551,2724.5928727551,2786.87069714286,2829.85269683673,2831.04388979592,2776.08746959184,2603.69731295918,2683.96386295918,2641.98023744898,2578.65238744898,2730.98693571429,2717.45131836735,2656.16284326531,2669.98368469388,2587.56886204082,2655.00666071429,2788.73053877551,2634.56899377551,2765.75435877551,2731.41860877551,2600.58425877551,2615.41490877551,2857.13045877551,2653.19947938775,2708.07876265306,2615.15459326531,2827.27745959184,2870.45145295918,2934.14103163265,2981.66670571429,2723.28580606122,2835.07275918367,2731.32941040816,2569.84036785714,2870.70878785714,2794.82036244898,2988.4624044898,3033.74468826531,2994.90252857143,2912.27088244898,2913.89358265306,3097.75059102041,3165.39588897959,2856.7599897551,2945.00861612245,2748.31612469388,2719.94859020408,2741.06090653061,2778.89028857143,2640.69186836735,2593.97497653061,2913.79378265306,2893.22653,2755.82469081633,2704.56672142857,2765.20151020408,2608.23331122449,2760.61444489796,2631.64342795918,2552.72899795918,2663.18593265306,2650.23307857143,2722.42720081633,2698.22130653061,2559.65088653061,2630.92956653061,2752.09162103061,2748.77007653061,2972.52369653061,2934.79773489796,2921.06302795918,3027.55063071429,2984.19933326531,3175.97260959184,3246.10221102041,3144.8483955102,3078.82750428571,3066.07373959184,2821.11835163265,2867.51060346939,3009.21804877551,3085.93627030612,3198.43872204082,3189.68821,3216.0316944898,3332.3722944898,3223.05940163265,3198.54433979592,3190.99396265306,3173.29893765306,3097.60951291837,3166.54523612245,3313.37777653061,3399.575955,3327.94134163265,3182.32247836735,3114.92873244898,3265.96384244898,3061.42821744898,3022.27188336735,3011.56154836735,2849.00915653061,2842.05465285714,2733.30490489796,2685.57267306122,2772.21967061224,2890.01987714286,3018.70181061225,2917.13111285714,2965.1833177551,2872.44885908163,2860.50558908163,2919.64911979592,2885.74936920408,2894.3502694898,2895.66793336735,2935.07495857143,3050.8534944898,3149.20515295918,2967.13542265306,2895.36060897959,2885.3161577551,2947.90340020408,2926.47041377551,2852.74766918367,2931.38497795918,2974.22890397959,2888.35874397959,2897.56491877551,2896.3909322449,2922.52809220408,2908.85528938776,2932.40639387755,3019.50706040816,3223.6876677551,2936.36173102041,2836.35066836735,2827.13413983673,2852.27676534694,2849.90228040816,2826.52920102041,2709.80076714286,2717.71107010204,2798.93128877551,2748.74786102041,2754.99513163265,2713.41729618367,2644.58620204082,2628.18110816327,2727.34229816327,2784.91814142857,2766.47761428571,2824.31331428571,2940.68649897959,2925.87187346939,3026.27534020408,3120.98289469388,3129.69065285714,3113.17033836735,3040.59954459184,2911.78649459184,2874.08889340816,2922.68173102041,3051.17578153061,3070.32958387755,2985.42890918367,2776.49240918367,2723.0164855102,2888.78902469388,2895.88186612245,2993.37069112245,2854.76954521837,2767.64067899388,2971.86666530612,2939.83580102041,2968.75968469388,2973.59458877551,3068.79179265306,3044.29522153061,2937.22282683673,2862.92763683674,2867.33883683673,2823.64338183673,2901.17198612245,2703.80310112245,2782.44998112245,2727.51680540816,2895.93958540816,2915.76702683674,2982.63899183674,2896.03442734694,2851.92676642857,2782.16055642857,2936.04662142857,2959.20957142857,3092.95360714286,3153.81363877551,3054.7538244898,2928.40021081633,2820.7866622449,2875.2521255102,2951.73471734694,2880.0887555102,2766.76585755102,2831.16422285714,2725.09996428572,2671.38396928571,2741.58208091837,2794.41524836735,2991.04259877551,3055.35353377551,2999.48066330612,3001.51786857143,3002.46502653061,3143.09385295918,3108.78275540816,3036.6496,3123.27955795918,3011.09019204082,3112.77596059184,3066.58441693878,2990.22727877551,3109.527415,3082.6200195,3050.92086122449,3200.02730591837,3202.65246222449,3326.35069222449,3158.44599408163,3140.40925857143,3036.08062510204,3016.76562183673,2947.63179795918,2929.54549795918,2892.16249959184,2975.48336306122,3024.51497806123,2978.75553806123,2950.37132306122,3004.94135112245,2982.32132112245,2969.3771022449,2956.8122122449,2932.8489822449,2875.18234183673,3046.87874183674,3023.15780306122,2892.8190744898,2629.85857755102,2547.56089255102,2539.61189204082,2589.27161530612,2508.49806530612,2744.6884244898,2793.00420387755,2769.16860295918,2766.17972285714,2696.68783244898,2746.38420693878,2790.43468244898,2645.87353530612,2375.23016102041,2387.3667794898,2472.0017444898,2786.96942285714,2714.68351346939,2747.38176877551,2785.19934755102,2793.26897255102,2818.69836367347,2895.9714327551,2844.25231770408,2792.84769102041,2779.63337530612,2801.12929755102,2812.59848877551,2888.55756428571,2796.55195102041,2741.9666922449,2847.25753571429,2894.80227295918,2817.17892806122,2774.26321938775,2734.37747040816,2693.84030902041,2690.84667061224,2707.90738061224,2650.51171632653,2753.46894020408,2674.22954030612,2640.94660918367,2599.75841428571,2596.95984897959,2599.89691530612,2759.30534693878,2616.80032642857,2731.64964244898,2835.6920522449,2853.96078918367,2781.33712367347,3019.86609142857,3112.36931346939,2979.93066293878,2956.54272755102,3005.98526265306,3033.55880265306,3068.85442632653,2752.15132479592,2810.53660469388,2646.85440510204,2643.98251571429,2662.3668844898,2783.41207387755,2880.44538132653,2998.48268316326,3030.37693816327,3013.14410989796,3003.14867632653,3015.44492918367,3043.46114734694,2904.04489520408,2887.66863367347,2914.87554306123,2893.76327204082,2922.24205836735,2914.31166453061,2940.54564712245,2929.31109712245,2941.69329712245,2799.59866053061,2626.72858053061,2746.33415755102,2837.71292704082,2885.61387204082,2980.43353704082,3063.35257204082,3135.50886489796,3162.00661877551,3181.35282653061,2982.04447367347,3040.32382367347,3033.95877367347,3021.28892867347,3097.82338867347,2939.41398367347,2874.43326938776,2950.36479622449,3108.94275030612,2993.71115530612,3076.95241489796,3027.63966,3025.25876397959,3028.81553163265,3012.92181326531,3084.12512112245,3105.4060077551,3196.26096857143,3015.32320081633,2991.99621346939,3197.99080020408,3167.79233346939,3115.5746894898,3266.37437867347,2899.04663622449,2794.87801610204,2826.85525895918,2920.17687857143,2988.48202755102,2791.23209346939,2839.6927255102,3025.18301244898,3040.6976927551,3005.0816677551,2951.3990677551,3047.46874326531,3056.10810306122,3055.19988428571,3055.22727408163,3005.78188122449,3236.9445905102,3118.3936755102,3057.5213655102,2832.7137405102,2837.0938905102,2712.90298540816,2611.81989132653,2641.96368397959,2619.10194122449,2595.50873081633,2642.46399571429,2605.65122102041,2556.40846714286,2740.48385316326,2866.21386520408,2992.43284020408,2925.79323163265,2834.27028340816,2705.16426938776,2875.16522602041,2843.31379938776,2834.45602571429,2857.99162571429,2971.86504285714,2946.83682285714,2839.78627285714,2788.24535020408,2855.24443,2983.76130812245,2911.44059071429,2899.77752183673,3008.61082183673,2905.48729183674,3023.25414816327,3018.84243479592,2961.24879979592,2979.09325877551,2829.50385102041,2810.95934897959,2904.70289897959,2624.55566704082,2722.77075153061,2720.98894122449,2815.87849816326,2889.53308387755,2884.76804122449,2857.88509081633,2712.30692244898,2693.61049581633,2824.2992322449,3088.2125122449,2755.45991836735,2803.82733918367,2738.6050277551,2888.05562836735,2799.50475336735,2962.2512327551,3054.07337071429,2984.60177265306,2968.77626928571,3019.95405489796,3097.46599040816,3017.52055418367,3031.97547704082,3029.55071204082,2906.44867734694,2785.58456693878,2652.41441602041,2616.04079693878,2561.42729469388,2724.4594122449,2692.46181326531,3015.76691428572,2916.86576734694,2882.78984316327,3096.95884530612,3037.4454,2949.40380989796,3039.36251632653,3041.73428734694,3025.34484591837,2905.87927755102,2757.95683918367,2809.03240122449,2840.28337122449,2756.57093122449,2654.68595122449,2711.37390122449,2696.27097326531,3035.29598020408,3056.11971806122,3101.11139306122,3009.20905918367,2930.26740102041,2857.31970102041,2746.29270306122,2743.9604877551,2826.2553522449,2782.72546653061,2683.80558336735,2687.87009591837,2679.78354081633,2798.61634469388,2866.87534214286,2991.71784020408,2975.72389836735,2919.48628061225,2887.52681,3079.22504897959,3149.12568979592,3073.52580495918,2998.53180265306,3029.12363991837,3018.54252602041,2861.47259193878,3133.28514208163,3181.84416208163,2979.55081312245,2942.40026812245,2993.15255812245,2992.19432908163,2944.75957642857,3028.16608316327,3083.56452,3016.76497826531,2909.64277959184,2929.58812316327,2968.8125122449,2944.88172244898,2906.69359183673,2861.28354285714,2862.25559285714,2928.34346938776,2796.42541530612,2781.66421530612,2819.21764938776,2893.97992959184,2936.23845459184,2857.20389183674,2953.59721020408,3079.14972326531,3048.05411428571,3037.05189795918,2941.89679285714,2715.3222594898,2867.4407144898,2669.3103644898,2650.4626644898,2760.48112234694,2756.53715673469,2780.32649173469,2571.62957173469,2790.61082173469,2814.25321632653,2829.93820132653,2780.32026132653,2853.68860653061,2819.04044428571,2915.18601806122,2909.35980306122,2862.03070561225,2975.29471632653,3034.09871632653,2927.08246632653,2776.47825714286,2833.51552653061,2777.40112714286,2705.08241387755,2768.45736397959,2685.07269897959,2716.09548673469,3010.1188,2949.01104102041,3014.55336428571,3016.84388979592,3098.49031746939,3065.73758265306,2937.43642581633,3006.82835540816,3068.89954489796,3044.5501244898,3125.19337295918,2841.57835612245,3021.33168163265,3119.83465938776,3086.58297112245,2723.27445346939,2715.09986102041,2785.9896315102,2832.21754781633,2850.59624781633,2850.17310673469,2699.94611469388,2668.63996326531,2871.409845,2780.41453255102,2674.3912635102,2649.79101071429,2725.11600959184,2709.41372897959,2838.95058255102,2914.9844055102,2910.0089905102,2859.03775132653,3044.57183132653,3015.05593397959,2844.86592053061,2742.02842734694,2818.71271632653,2726.47840816327,2876.99786346939,3052.70959693878,2882.45016326531,2968.34958014286,2860.79381857143,2838.86123857143,2911.15630469388,2912.12921489796,2919.54736571429,2772.26105836735,2848.88488326531,2774.49385071429,2889.37877653061,2945.19875734694,2922.14660734694,2843.97320693878,2843.10767693878,2814.86615265306,2860.29250877551,2909.08534897959,2790.89354908163,2951.24000908163,2867.18454204082,3036.21394357143,3030.29143193878,3090.70233295918,3114.21571622449,3095.02067326531,3281.16243326531,3321.88522428571,3220.6864922449,3236.38199897959,3160.42815306122,3058.08499938776,3011.53237989796,3058.13627142857,2938.77140816327,2913.75840816327,2857.62973469388,2811.96194285714,2835.15104285714,2863.46318428571,2764.31188265306,2719.61263265306,2864.38788265306,2758.06426265306,2707.42413214286,2819.64297959184,2753.78432265306,2927.77940744898,3014.60886530612,3010.54146734694,2832.04964081633,2957.78429285714,2833.20929928571,2874.2084944898,3011.16757438776,2847.8869327551,2730.54101836735,2753.19660693878,2911.10238969388,2881.73544836735,2748.77065336735,2844.62549806122,2835.23475979592,2899.22670755102,2848.86070510204,2923.0998994898,3048.82771857143,3055.77316857143,3065.25493816327,2931.90648244898,2910.22961612245,2994.48623061224,3067.78191408163,3100.87414653061,2974.22799693878,3116.69449918367,2986.72345612245,3008.52848479592,3047.97330326531,3130.58349857143,3136.58259489796,3114.63480612245,2896.8365255102,3009.48997755102,2993.29578183673,2944.69332510204,3012.14327812245,2918.45632061224,3022.3112022449,2960.19837438776,3024.50540612245,3079.10690612245,3032.55868112245,3038.4160095102,3212.38403234694,3111.22523591837,2900.09840306122,2786.54545102041,2769.99642071429,2686.26458367347,2787.20694867347,2711.17081581633,2856.96494285714,2836.87905306123,2782.32124387755,2934.35026326531,3060.36489806122,2942.98181142857,2997.77361816327,2876.25368816327,2933.47838530612,2827.95659571429,2817.50592285714,2890.03776591837,2966.59752183674,2936.39557183673,2932.01117593878,3025.91454591837,3007.77651591837,3042.91511591837,2906.86966591837,2725.08469367347,2788.39888,2925.65329346939,3047.25478632653,2957.31379102041,2855.42751734694,2737.64101714286,2782.96200418367,2942.05503469388,2984.44297244898,2914.80766397959,3012.9658372449,2986.8323805102,2943.77277979592,3001.66258387755,3096.61923357143,2954.22730785714,3001.91841040816,3051.85899653061,2964.6439155102,2981.33732857143,2926.23928367347,2955.54506591837,3016.60778387755,2992.23727306123,3001.01933959184,2996.41958346939,3163.39038346939,3097.93684489796,3093.43563428571,3176.22785938775,3189.05133897959,3104.37058571429,3078.3338122449,3218.61803112245,2973.99233612245,2944.47710714286,2997.08787857143,2886.14819489796,2919.49709489796,2942.71348040816,2856.01761938776,2840.39254367347,2681.81537326531,2566.94683256122,2741.22179306122,2588.52515306123,2803.28889591837,2564.18819591837,2809.26768061225,2821.40227653061,2704.25503164286,2859.23414183673,2756.07177428571,2836.82549755102,2698.51049755102,2764.30156632653,2781.54016632653,2842.33096632653,2798.2321622449,2707.43885061225,2674.11155081633,2708.83817163265,2731.14264591837,2749.82921938776,2767.23500204082,2843.76203438775,2856.89973938776,2812.79771438776,2908.44379,2964.78376632653,2998.32973765306,2969.14225544898,2982.05202244898,3184.68106122449,3326.58349908163,3332.20435408163,3159.76280408163,3075.56983408163,2965.50765020408,3089.14070367347,3086.88920061225,2980.35032459184,3022.21852336735,3008.75936836735,3017.41876714286,3124.06149795918,3102.86027702041,3270.42362836735,3058.70170734694,3081.24176734694,3146.79621234694,3038.11791234694,2993.35156734694,2999.63989602041,2956.07288102041,3037.01813428571,3162.7047755102,3169.11210918367,2986.97618367347,2972.87827755102,2856.6830055102,3008.86669,2958.48690940816,2972.24345408163,2905.29435908163,2923.91190959184,2802.43498122449,2798.31287155102,2773.11287877551,2841.07761581633,2902.13122571429,2982.07488673469,2897.18917857143,2781.26299591837,2814.4044255102,2693.30598469388,2812.69976173469,2764.09684163265,2994.62320612245,2758.54146836735,2899.83666836735,2756.73526836735,2596.01631836735,2690.41592755102,2781.31613755102,2860.93212602041,2787.80999602041,2781.17132602041,2744.60207602041,2805.70831102041,2698.68035602041,2753.28440091837,2739.45864591837,2739.53560612245,2899.59346612245,2785.5288977551,2820.23993959184,2861.82464969388,2781.97462020408,2928.29736122449,2932.09064897959,2845.41927428571,2742.04074836735,2860.17814081633,2852.77104397959,2837.97418153061,2661.44300510204,2655.59586479592,2689.42636918367,2688.98805204082,2502.51796204082,2575.65447142857,2569.40965510204,2629.04270510204,2782.14821020408,2749.02858979592,2817.82178979592,2932.34689979592,3005.99824938775,2737.19354663265,2767.61642663265,2803.70205816327,2738.06224561224,2655.76280734694,2790.7467477551,2771.32287061224,2872.14190673469,2875.68271673469,2766.42286816327,2937.99286989796,3024.97098162245,2937.21317570408,2909.34061162245,2812.78220143878,2951.28678705102,3002.81330643878,2767.98290990816,3025.97526490816,3067.73982489796,2824.61172602041,2799.44847459184,2900.33094326531,2832.91551469388,2861.99074265306,2872.30917857143,2628.19647857143,2528.06902857143,2399.32895469388,2364.32775469388,2710.46429693878,2625.29221632653,2662.47658142857,2605.34502285714,2816.51767836735,2968.49888367347,2976.87387510204,3138.36604061225,3108.87895061225,3194.55579473469,3251.09329020408,3392.00445693878,3353.96541244898,3392.96290244898,3320.26374887755,3060.56711540816,3139.79626918367,3226.76319373469,3154.61299306122,3139.34150938776,3212.32085938775,3178.77870831225,3342.12510331224,3376.24581195918,3216.04448877551,3230.10620285714,3167.31128510204,3031.97990153061,3211.69744591837,3184.76444591837,3239.75298367347,3228.09988367347,3317.01390816327,3231.16663173469,3350.42994173469,3348.69428673469,3093.88324285714,3043.27463591837,2998.53996306122,3208.69824755102,3053.85092336735,3005.54527409184,3098.8071227551,3061.38479071429,3241.87262030612,3224.84279091837,3073.37946459184,2976.24557908163,2927.36833673469,2850.4001477551,2927.29866510204,3085.96373979592,3039.59588846939,2988.9854672449,3014.15635653061,3051.12714561224,3117.19715714286,2985.98936255102,2933.27496938775,2896.53558408163,2826.04193326531,2725.26992265306,2686.22572996939,2485.86910387755,2673.72781122449,2933.08296755102,3020.55845346939,3155.22003836735,2919.58511653061,2942.99960081633,2992.61862295918,3016.86670795918,2948.81706428571,2997.03298153061,2953.9401177551,2787.54213255102,2846.01701959184,2903.03366959184,2926.52481571429,2703.49478938775,2951.88885142857,2884.84391653061,2815.96412367347,2710.7233444898,2795.36924959184,2810.6529772449,2800.79154357143,2952.07737692857,2977.83408539796,2961.37128539796,2771.19644447959,2644.19832396939,2878.52539234694,2892.88657071429,2906.91343132653,2922.26517928572,2808.73532418367,2881.12443867347,2874.27039428571,2688.91211704082,2787.96626765306,2724.53467357143,2750.05802602041,2832.79023489796,2969.85743255102,2912.57682755102,2765.96944081633,2682.80787428571,2802.10534928571,2895.59333928571,2758.75304387755,2858.56439714286,2691.90934734694,2866.69832295918,2934.42365295918,3001.89976081633,2911.79909836735,3067.59458561225,3129.477355,3307.53894357143,3149.86199469388,3058.00259183674,2948.36447091837,2997.29083979592,2893.83223979592,2834.85146734694,2820.90326061224,2769.04290918367,2640.4142294898,2804.38751591837,2962.10174183673,2779.71303163265,2851.77940112245,2713.3096622449,2706.4130272449,2780.99379015306,2750.67160408163,2735.24826,2838.1339877551,2713.32389387755,2771.62548693878,2744.47893693878,2882.35518693878,2939.61832714286,2993.79768214286,3018.72894969388,2848.76654469388,2796.16781081633,2732.99867755102,2803.64375306122,2827.65907757143,2808.42040040816,2786.69116959184,2942.10953459184,3328.34732816327,3278.54816938775,3267.51760530612,3283.00657142857,3146.82480438775,3138.04885,3082.9007044898,3045.04960163265,3106.3667405102,2933.09623265306,2929.70447520408,3018.34287979592,3188.84914489796,3193.3272705102,3364.34360214286,3244.11966928571,3127.9172844898,3172.17555163265,3077.50371530612,3072.59760846939,2973.85676153061,2919.33481520408,2992.9863155102,2919.31941204082,3009.40906204082,2923.16821061225,2894.5105,2956.49554071429,2842.37698571429,2943.57677040816,2775.16253428571,2770.21449928571,2600.1666522449,2775.2690127551,2706.1875627551,2729.68213397959,2632.82454316326,2970.76921030612,3122.67343214286,3070.99630469388,2979.99695673469,2885.01157510204,2879.96534489796,2874.35993469388,2938.19821,2938.28531806122,2929.76401989796,2964.34206918367,2853.37154295918,2993.18950795918,3078.48249836735,3087.71096142857,3077.58161706123,2905.59313583674,2962.46204183673,3047.29448714286,3130.94941489796,3035.42830346939,3111.48736295918,2925.83965142857,3053.49693061224,2836.60843214286,2896.26498408163,3012.96410520408,3060.47682520408,2852.44761520408,2736.99501183673,2792.66165908163,2961.81549489796,2934.92575306122,2766.28858571429,2748.67298571429,2678.30230214286,2730.88945908163,2596.04002642857,2613.74677234694,2608.18693173469,2577.94900897959,2781.03746020408,2799.82129938776,2686.23665857143,2641.9620244898,2623.62169653061,2729.82258673469,2754.64081306122,2872.31263571429,2880.32625306122,2860.57046183674,2874.81927510204,2773.23752510204,2934.49548959184,2896.89316693878,2670.81336897959,2615.1119577551,2662.09950897959,2653.37325897959,2790.11462204082,3146.54882204082,3228.40246510204,3089.54219673469,2947.66912040816,2911.58529081633,2852.00078816327,2942.09973877551,2995.26650408163,2774.22551795918,2569.31228816326,2542.44415877551,2620.20891142857,2704.1617755102,2774.37028030612,2654.38320234694,2853.5342322449,2907.25329020408,2963.6340155102,2937.82378816327,2797.97416397959,2794.1824105102,2730.6960605102,2943.18539836735,3071.92109397959,2980.88131663265,2882.27536357143,2782.13292591837,2979.48565081633,3088.76137581633,2973.44868081633,2952.99028081633,2983.11118081633,2974.91803081633,2904.35098081633,2720.98847081633,2830.43236931633,2819.29803605102,2881.23498897959,2883.82913479592,2847.78617479592,2971.00884979592,3059.5391477551,3013.2510977551,3045.60289938776,2957.87179387755,2936.95948693878,3046.11718693878,2874.32853265306,3000.83508265306,2977.87486979592,2973.99776397959,3062.78819897959,3220.01459897959,3186.18826204082,3270.77347204082,3282.78668469388,3153.04568428571,2802.81516469388,2826.18126632653,2758.07308663265,2630.78719214286,2680.21243571429,2728.24216428571,2803.67836326531,2829.79345204082,2763.28385306122,2871.40249806122,2946.89944806123,2975.91690306122,2993.02095306122,2947.31534836735,3009.75572908163,3068.55752908163,3016.98242908163,2996.51989408163,2908.03075408163,2950.28739408163,2922.49600714286,2878.38956081633,2919.70398626531,2885.28305112245,2880.06663653061,2750.01194203061,2813.7993132551,2548.8962244898,2789.11026265306,2784.5192377551,2792.12945591837,2727.01265908163,2871.07721530612,2894.76836530612,2838.38527446939,2849.17443446939,2849.808742,2594.40495071429,2654.86953979592,2676.24675816327,2602.24475316327,2692.56391867347,2651.2265855102,2628.85000846939,2557.12885846939,2688.43023673469,2796.21237040816,2893.67219204082,2760.00537387755,2819.23624387755,2881.40749489796,2935.42274244898,2977.89285744898,2707.73332346939,2852.28951612245,2869.84520142857,2926.17802642857,2832.1320955102,2965.18411316327,2757.92352479592,2691.03534959184,2546.78789653061,2679.89116214286,2633.02220714286,2626.93271836735,2765.84825816327,2786.01925816327,2565.61885816327,2628.25571734694,2822.53715040816,2700.30114540816,2721.55779540816,2925.82091806122,2878.1634272449,2804.03519030612,2662.51691428571,2805.49346428571,2649.14065408163,2699.25269693878,2723.23690816327,2975.13411530612,3012.45354,2941.06917102041,3005.11377102041,2852.76244714286,2802.22648714286,2887.6200755102,2808.42468795918,2813.91266110204,2759.72809693878,2842.78724693878,2975.79331142857,3016.59684571429,2984.92510714286,2993.6660444898,2981.71326918367,2975.92527040816,2914.42424591837,2886.61735744898,2889.75429928571,2876.12994928571,2829.06125234694,2855.16314520408,2783.4844094898,2796.85294418367,2992.29781622449,2889.54174989796,2837.07693561225,2715.28980142857,2712.67341591837,2938.16808897959,2892.29620285714,2827.19430071429,2818.47438336735,2688.81839030612,2762.22638673469,2940.38319183673,3069.74554183674,2957.69113183674,2906.0522455102,2969.2967905102,2712.89831704082,2687.40035785714,2679.01936734694,2782.04797959184,2823.84772020408,2784.05202714286,2683.31626285714,2531.00485836735,2694.28750714286,2844.99905306122,2838.00320306122,2766.15591806122,2785.89956306122,2743.24527806122,2693.65108367347,2793.27055836735,2719.74320408163,2695.27843061225,2830.86336734694,2872.25502857143,2844.56156428571,2909.21736734694,2984.20853469388,3158.26741530612,3248.17204693878,3191.15263826531,2924.01813714286,2944.78784714286,3023.40314795918,3039.51554591837,2900.49936938775,2993.19916530612,2818.49910816327,2813.85686428571,2809.40651428571,2784.19726561224,2969.80423061225,2863.21606061225,3013.90434265306,3067.27707081633,2959.44806632653,2924.45158204082,3051.86915693878,3095.30661489796,2993.56248306122,2964.0150355102,3081.18852102041,3152.37992918367,2991.07097346939,3079.29933591837,3199.22585479592,3056.707815,3021.10518061224,3047.74733979592,3015.89728040816,3029.83135914286,3146.04420934694,3184.2083542449,3105.85198602041,2752.42893265306,2843.72548265306,2789.03687265306,2767.85077020408,2695.79764979592,2718.80125571429,2742.20031806123,2765.70537346939,2653.43147346939,2754.87332346939,2917.30802346939,2906.67301346939,2893.02218591837,2905.38298295918,2807.51731695918,2818.12780714286,2982.32865071429,2947.91594357143,3014.68203132653,2924.02312632653,2944.63600877551,2979.61468071429,3004.25343632653,2824.28807295918,2972.38902153061,2921.85898428571,2958.96295673469,2819.65848173469,2865.77102704082,2726.33887918367,2870.78596428572,2733.61105891837,2930.4794622449,2907.87100530612,2978.91760030612,3004.2273422449,3063.64774530612,3045.81357857143,2858.02439489796,2698.20484816327,2856.97990816327,2914.96308704082,2972.86698473469,2941.92063473469,3016.55832587755,2918.08693020408,2865.19480306122,2779.51435469388,2836.20454306122,2793.85292255102,2771.78183489796,3097.76506612245,3264.38885387755,3063.33773877551,2952.16367877551,2962.35473877551,2951.24063877551,2986.4893277551,2952.71102204082,3021.87425795918,2790.20270816327,2851.73726102041,2754.26692653061,2825.36932693878,2697.82830418367,2759.51395918367,2693.11595510204,2699.23632346939,2644.00142755102,2664.90791020408,2662.32107806122
338.612244897959,3232.57694020408,3164.58339102041,3251.90432142857,3224.11888163265,3235.54148265306,3241.16313357143,3250.54164071429,3184.23444071429,3127.1472305102,3268.23870030612,3192.64196663265,3200.97084071429,3370.67607071429,3280.35852071429,3129.92571102041,3198.78447653061,3205.77341142857,3207.78740979592,3344.67733714286,3322.07026740816,3287.41784418367,3236.34295632653,3265.49998673469,3253.80272632653,3173.9255877551,3136.53262265306,3081.2461744898,3104.5647244898,3173.99357734694,2893.58434663265,2916.98781734694,2907.04575132653,2960.83997132653,2928.46553765306,3058.71902846939,3019.87046826531,2987.50075295918,2924.72764795918,3003.58658163265,3093.21356734694,3088.63793816327,3087.59353816327,3106.80793816327,3162.91911632653,3124.63510908163,3219.26059734694,3100.45469795918,3111.03239806123,3229.41385510204,3245.45302581633,3145.94967704082,3217.86336612245,3111.51724357143,3069.43051663265,3082.94700285714,3029.40875714286,2934.54573571429,3028.83169061224,2945.7697577551,2977.77012387755,2954.72379326531,3060.97574244898,3067.03080510204,3030.33013897959,3032.89853346939,3133.24734653061,3097.09044653061,3170.19701020408,3162.58815122449,3032.11830326531,2988.46692020408,3111.82505558163,3024.88894989796,2955.26780295918,2975.21049755102,2985.19374755102,2992.46751571429,3078.74963244898,2970.53238418367,3025.54138597959,2925.40378102041,3131.94876459184,3059.78255653061,3041.48984153061,2946.16853153061,2941.64477142857,3157.42152122449,3051.22047122449,3117.66248122449,3186.71564979592,3068.99535,3033.08948469388,3054.3410572449,2974.09647346939,2963.8309022449,3036.14898979592,3047.71568571429,2956.83327244898,2929.99350602041,3187.60692367347,3128.3789372449,3075.23410877551,2896.91369693878,3015.17136326531,2931.60556326531,2978.87531326531,3002.09705306122,3064.06269836735,3091.93749918367,3093.77222653061,3074.75051122449,3056.09687653061,3038.32605142857,3078.95472938775,3028.31909387755,2905.26338387755,2675.25561204082,2764.91978204082,2854.74521704082,2699.24094538775,3005.96024918367,2941.1788722449,2922.00994734694,2659.03314795918,2532.60478877551,2669.10952204082,2655.27377816326,2693.96770571429,2801.43561285714,2800.27473265306,2702.87668908163,2940.31471408163,2748.53733326531,2878.34145122449,2921.2740844898,2736.09156718367,2939.29446138367,2947.71065814286,3158.83595326531,3126.42942877551,3095.64380571429,3141.56866530612,3165.31285204082,3043.47744489796,3060.28058877551,3035.38972857143,3208.03174693878,3029.46389673469,2962.00879265306,3236.40408428571,3206.18630428571,3012.18405061225,2896.26310816326,2879.77761102041,2931.40089806123,3119.32759546939,3295.67462755102,3225.57402183674,3106.47613397959,3174.11163142857,2919.77182938776,2894.83636938776,2907.62096938776,2873.82166938775,2953.28554826531,2960.91784693878,2870.89776489796,2918.61984346939,2768.81796346939,2810.37698604082,2857.12532479592,2861.76892010204,2893.18195622449,2980.77650204082,3102.93125336735,3049.32141806122,3218.71110918367,3193.46038418367,3173.17902244898,3211.09023591837,3203.11231144898,3177.7453955102,3042.8664777551,3072.42426622449,3007.12903142857,3118.2895827551,3105.23106663265,3116.52171663265,3173.82041765306,3316.02975510204,3258.22778010204,3256.25160306123,3270.18960408163,3128.07929183674,3074.82607540816,3044.74369540816,3032.43481142857,2945.98802010204,3069.79342142857,3188.85560010204,3129.00368489796,3117.0786227551,3189.94578071429,3146.04515571429,3078.73132071429,3129.34237377551,3119.36903877551,3213.52228877551,3173.92219530612,3130.79708653061,3240.93245734694,3240.49974387755,3256.17670102041,3181.04655969388,3195.79123357143,3193.84195367347,3241.66830142857,3205.57664316327,3299.72602255102,3200.81054581633,3246.47629081633,3128.9791805102,3271.47437979592,2961.73133244898,2972.59587744898,3136.13841854082,3087.45112323469,2943.34174078571,2930.94324897959,2955.71394897959,2857.2843855102,3028.11171632653,3143.934415,3024.67163802041,3057.18649306122,3020.39219653061,3058.30118979592,3121.75130183673,3150.10890244898,3114.77015653061,3265.45602469388,3263.38047489796,3186.55293918367,3123.53063918367,3238.99116571429,3170.76571591837,3240.1416344898,3130.54428122449,3254.55047167347,3185.70942167347,3176.58579040816,2987.59864040816,2958.78080102041,2962.54361163265,2821.27046163265,2979.02384285714,2988.15475306122,3066.52078469388,3190.94225183674,3069.80188581633,3020.95256642857,2970.46317969388,3079.12850316327,3101.84344413265,3144.3152755102,3175.90166693878,3192.68926693878,3125.70906693878,3079.49676693878,2963.23986193877,3027.55487285714,3065.14198064286,2964.36225489796,2936.01720693878,2961.33571538776,3001.88676538775,2934.61746163265,3051.03443836735,3048.52297571429,3032.41902581633,2936.41860642857,3231.88319632653,3038.59344714286,3034.51580040816,3034.43385040816,3092.83731683673,3149.98832693878,3098.54620265306,2965.73438897959,3165.13254836735,3186.36009836735,3236.68792508163,3208.20847693878,3093.75845510204,3027.13095765306,3022.25321642857,3020.09968833674,3082.16467142857,3265.96861530612,3220.56739387755,3262.52054387755,3243.92304387755,3280.31815887755,3120.14603183673,3244.08515540816,3336.38810959184,3117.71599244898,3066.16547102041,3096.56369,3197.61219877551,2973.62652204082,3210.29393836735,3206.99244967347,3276.75614967347,3281.87605432653,3226.34050432653,3098.57997530612,3119.10692612245,2968.34722153061,2938.4843177551,3032.31144877551,2937.74799877551,3104.69734867347,3076.26526693878,3002.27355102041,2993.27504163265,3160.41554469388,3142.95494122449,3238.90420295918,3300.63634040816,3291.3029390102,3055.6571955102,2989.13686632653,3067.91064214286,3036.27525673469,2997.26382765306,2952.08033255102,2947.46880173469,3064.20029816327,3060.90568306122,3026.07504102041,2968.23852673469,3049.2622,3136.43173122449,3013.65779653061,3049.56725836735,3102.7615572449,3030.11893114286,2912.94603114286,2831.00688114286,2877.01287346939,2681.35254061225,2880.83271591837,2859.66104693878,2812.40804693877,2879.23045918367,2885.54994612245,2819.64795673469,2858.33290142857,2999.4623344898,3056.1513455102,3082.32133163265,3042.1233855102,3173.50788428572,3287.70953020408,3110.97761020408,3243.08895520408,3086.16464857143,3087.17920826531,3083.09593877551,2963.74628918367,3074.65964489796,3148.62509469388,3330.00769479592,3412.26704010204,3377.7753877551,3317.41518897959,3296.95651387755,3351.73086612245,3354.65815612245,3374.33890612245,3431.93615795918,3307.46405510204,3512.52318010204,3371.39036255102,3363.50781540816,3259.83255622449,3194.99716867347,3259.68565867347,3245.02153367347,3237.89318367347,3171.12863367347,3262.5307244898,3352.02051989796,3270.95375510204,3203.97845510204,3082.33430510204,3167.63512857143,2965.47619938775,2926.49280183673,2945.43582755102,2991.15180102041,2956.62997510204,3199.36973857143,3217.71899489796,3158.13741571429,3281.31156612245,3382.51877346939,3332.44778122449,3433.35829346939,3170.80386591837,3088.63210979592,3016.44047,2871.79111734694,3065.22796122449,2968.23381602041,2965.55760602041,2993.56808540816,3111.46866981633,3095.2920172449,3023.93234938776,2988.22791010204,3130.25232857143,3051.8328244898,3112.22312653061,3094.50873877551,3237.90666530612,2982.65486530612,3055.94221530612,3008.28808132653,2818.35338993878,2771.82107836735,2718.58686938776,2791.47356836735,2722.18929795918,2758.05868877551,2843.54915979592,2729.22793979592,2900.0343577551,2759.8749122449,2863.71092346939,2858.69861632653,2960.13944591837,2940.15778265306,2987.08792346939,2888.87109285714,2859.35429023469,2884.45615714286,3009.62934244898,3081.72737746939,2791.38477746939,2673.17685408163,2840.56456142857,2980.65918591837,2958.98916285714,2829.66764897959,3081.33550204082,3187.3432244898,3027.63414714286,3124.38080265306,3050.49413816326,3165.11204081633,3127.64248061224,3093.741925,3133.45306142857,3084.55263897959,2997.97279857143,3048.15598040816,2964.81315173469,3072.34183673469,3101.01172122449,2922.58780704082,3012.1485155102,3124.27797336735,3231.85768714286,3092.59598510204,2967.49770367347,3009.3231094898,2954.4281727551,3022.26677857143,2916.11467653061,2893.26412653061,2869.6256755102,2874.23157010204,3074.65753510204,3030.02700020408,3145.76787469388,3227.69330734694,3279.61111755102,3310.80987142857,3278.0544622449,3118.46581061225,3128.11776734694,2769.13885102041,2761.31325204082,2958.41688061225,2959.75455877551,2836.03057377551,2875.80767877551,2905.67298163265,2940.52187346939,2877.11764285714,3078.50146285714,2973.67374581633,3018.81779581633,3108.70927244898,3103.01235438775,3153.91049346939,3231.16744061225,3382.89187387755,3308.21573836735,3305.42729439184,3287.07096959184,3162.19291020408,3162.52683469388,3266.3629622449,3141.2167444898,3011.5101144898,3092.41576244898,2966.57811908163,2932.05446744898,2979.58274704082,2989.20669306122,3010.20369857143,2985.8649422449,3062.27335622449,2998.48017081633,2949.75223418367,2971.81307908163,3007.18570153061,2998.77645153061,2936.67028316327,2831.9265155102,2933.51984877551,3014.33986642857,3036.8840877551,2986.70760510204,2928.50551010204,2937.60185142857,2921.21380204082,2991.65039183674,2962.04324428571,3106.1279255102,3155.21080265306,3066.41629244898,3035.02497040816,3009.94595714286,3075.45655163265,3214.69060663265,3190.69500163265,2843.57122816327,2952.30632816327,3034.59226816327,3029.84635816327,3065.92751816327,3089.00546816327,2906.77389716326,3028.34478510204,2962.37334846939,2829.57691591837,2800.17673877551,2981.69293,2837.35988428571,2837.04830336735,2936.04023265306,2859.57563163265,2837.34361897959,2840.50359653061,2869.14365520408,2936.42959887755,2775.34557663265,2740.24736816327,2838.65389397959,2872.21917122449,2824.16685622449,2898.85437122449,2829.05431622449,2950.63043663265,3011.53597214286,3043.23559020408,3108.1032681051,2978.6561774898,3022.25031,3067.36938714286,3076.27351979592,3316.86464102041,3102.2550244898,3040.62762346939,3084.44145030612,3123.40727612245,3037.12409632653,3045.11136979592,3002.80027510204,2979.98627244898,2814.14973387755,2821.22129795918,2971.36269795918,3103.68576938776,3092.00871530612,3059.25410173469,3047.13688571429,3083.37683183674,3014.71332142857,3265.19513428571,3263.14122897959,3044.22793928571,3015.08039755102,3101.5310522449,3122.24168969388,3062.76844537755,3240.81364183673,3160.53612346939,3178.21232346939,3063.09838908163,3171.05710908163,3161.93330408163,3139.04523367347,3147.63610367347,3185.13558367347,2952.29704020408,3001.06204183674,3135.11735683674,3111.35209183673,2956.90849285714,3063.32248979592,3059.07748306122,3132.61670612245,3138.81219173469,3222.20513877551,3296.06062326531,3314.10579244898,3275.88350806122,3316.94340306122,3246.66945408163,3215.387755,3134.91402142857,3061.83733877551,3198.09104489796,3100.88487357143,3248.25596734694,3258.34117061225,3180.13502326531,3315.53529979592,3185.86716163265,3211.88621622449,3151.0359744898,3098.45707612245,3042.9504627551,3120.4488077551,3064.73169061225,3029.83307734694,3024.02435704082,3034.22234387755,3047.77951683674,2969.2892122449,3002.11100612245,3017.49969489796,3123.35307989796,3264.65761734694,3169.28914734694,3325.5769744898,3245.82167244898,3148.99123653061,3090.01021153061,3156.67079306122,3090.3938255102,3167.15182551021,3085.69876734694,3032.06567346939,3039.20458265306,2894.24518265306,3025.71098265306,3078.19645959184,3164.20756785714,3004.64901683674,3089.96933806122,2931.03146571429,2932.82234204082,2852.11146244898,2803.63858540816,2864.42587459184,2864.83742989796,2867.29649489796,2957.88559204082,2837.70324877551,2949.22647,2843.2705477551,2787.70639908163,2572.76454061225,2510.49622163265,2777.9922377551,2694.9908327551,3003.0768377551,3340.81855612245,3351.84611122449,3381.24454183673,3301.56279,3410.82173734694,3382.66677510204,3317.51501265306,3299.99477081633,3317.08301010204,3325.95632191837,3267.6438055102,3169.52541959184,3115.47998163265,3072.32276979592,3119.4675294898,3254.36885561224,3188.57000561225,3204.6702255102,3191.43919779592,3168.97909530612,3185.51793867347,3285.29988867347,3497.55749367347,3158.63459367347,2998.18800020408,3048.44619081633,3291.13502938776,2989.54239265306,2994.06342357143,2884.54637622449,2964.36571826531,2875.56560744898,2961.9099344898,3028.3446844898,3162.58772959184,3095.0851922449,3148.48436020408,2986.74618469388,3006.15323469388,3106.75783163265,3092.63018795918,3094.98029285714,3041.59843918367,3072.68999693878,3160.5985744898,3236.96149081633,3132.38127306123,3119.71205704082,3266.28880204082,3239.47090204082,3115.97983163265,3055.2560877551,3225.3538277551,3283.19556530612,3102.43314693878,3186.48525918367,3104.42288979592,3168.42015408163,3254.59829387755,3078.64842653061,3170.39661959184,3036.02223653061,3111.59872581633,3162.72830081633,3276.07560030612,3242.01961693878,3146.75507979592,3049.67691755102,3068.39723918367,3190.30299987755,3103.30887632653,3149.92796836735,3027.941485,3001.98180132653,3058.38198897959,3122.05803326531,3163.24598714286,3143.69107653061,3077.56310081633,3108.9142472449,3091.06938489796,3233.92586081633,3215.23857889796,3156.1493795102,3257.7987055102,3214.1350177551,3224.65741020408,3304.66583285714,3166.49794438776,3264.88577153061,3201.953,3207.12672755102,3118.80224510204,3219.57534718367,2941.40582806122,3022.14646938776,3055.64071938776,2920.05497846939,2974.74220520408,2827.61621336735,2965.78913336735,2969.68433632653,3023.2359155102,3199.74030489796,3168.6288622449,3058.15785510204,3222.43563387755,3221.33668265306,2905.95874602041,3019.89561102041,2923.72223469388,3260.69911836735,3361.60546836735,3274.31071836735,3297.35856653061,3187.10127102041,3280.84919816327,3213.61565816327,3217.70533520408,3196.81574755102,3080.88844806123,3041.07603591837,3035.1637922449,3219.07884326531,3176.2763344898,3320.78205040816,3262.20067306122,3116.39632285714,3214.18811122449,3195.43366040816,3256.44973438775,3286.29135816327,3326.08856632653,3139.51484734694,3223.23064795918,3348.36281173469,3100.96632673469,3057.73104673469,3064.30083693878,3132.91001061225,3170.88792561224,3326.70008418367,3112.24595295918,3258.99703826531,3247.83152244898,3179.16832938776,3156.24471673469,3068.76363897959,3162.67770989796,2942.4488644898,3045.56585816327,3036.4148422449,2982.93936938776,3063.7674777551,2949.74098244898,3065.04078979592,2939.0009822449,3029.54426112245,2986.36470122449,2959.72526010204,2981.28385204082,2927.42610204082,3080.68772755102,3267.43832755102,3100.69556734694,3109.55964693878,2975.66463306122,3145.5121555102,2985.44135877551,2825.65064846939,2901.99971244898,2872.69512765306,2867.9898377551,2839.11431102041,2760.28902673469,2712.16355173469,2727.02980214286,2802.81872367347,2895.49553530612,2877.77036408163,2748.61781408163,2880.77745714286,2896.35785714286,2880.57502112245,2963.81785306122,3041.54575612245,3015.62037683674,2874.11960285714,2962.95461734694,2930.7136505102,2714.75184132653,2923.77769561224,2972.32666122449,3000.19775816327,2875.82170061225,2992.78318136735,3208.64324693878,3060.8990744898,3051.55745510204,3118.84685510204,3108.43541142857,3126.08701244898,3059.07917244898,3116.12229877551,3058.5683155102,2909.00512316327,2825.23911387755,2834.44601387755,2856.70509285714,2864.21942591837,2847.22204091837,2899.73959346939,2967.45162857143,2827.23114326531,2928.2677605102,2990.34289469388,3009.12062234694,3063.43665734694,3250.9394444898,3016.84984163265,3012.21844040816,2982.42461540816,3112.12987469388,3095.41556938776,2930.7753122449,3022.19107163265,3034.45306204082,3238.53875897959,3219.49630591837,3205.86153489796,3034.11809816327,3130.03738438776,3085.35136938776,3128.07556938776,3115.43219285714,3193.90661326531,3171.58304183674,3246.24857653061,3271.51212489796,3238.00535755102,3146.21238204082,3262.66185612245,3120.00712979592,3218.10786918367,3192.22476428571,3228.58751204082,3193.14522734694,3411.69939571429,3264.64652602041,3320.51903081633,3393.08060897959,3161.56818142857,3302.56184010204,3184.43457122449,3262.41081612245,3212.06507387755,3378.52017112245,3307.9648555102,3308.5153122449,3358.74844387755,3215.35507142857,3199.06452551021,3334.50339285714,3288.35330591837,3304.78550408163,3271.46425408163,3257.61795346939,3272.00033163265,3256.02401632653,3271.12367959184,3264.98295122449,3246.32379612245,3059.82664306122,3087.4812222449,3043.46872244898,2935.93037336735,2849.86532234694,2973.25538826531,3233.3501884898,3138.29890183674,3140.2768622449,3254.68656306122,3248.05516510204,2974.10847959184,3012.80562959184,2961.41365816327,3018.03343571429,3023.15263704082,3011.755,2992.397605,2964.34193408163,2978.58863408163,2952.21251030612,2979.77246030612,2918.68686530612,2997.19638612245,2912.66001979592,3061.27630653061,3071.29580755102,3135.69859387755,3155.26809081633,3213.78089316327,3235.80473632653,3266.44593326531,3143.20213265306,3033.3901755102,3020.68688673469,3000.27428979592,3019.42668734694,2969.78388734694,3062.44727704082,3003.12042887755,2894.06384908163,2883.43911897959,2757.12871857143,2822.11100877551,2896.4878752449,2976.12831642857,3058.17341714286,3200.3329744898,3138.01945908163,3260.37247397959,3049.32644265306,2924.98138,3034.92328,3096.55168714286,3015.76282714286,3016.34991469388,3089.49521346939,3095.65796142857,3166.99268683674,3169.50173959184,3294.87304816327,3350.97209104082,3274.4002972449,3234.83190163265,3248.9613605102,3290.5397105102,3228.61251611224,3244.20786611225,3242.43680836735,3187.03070734694,3109.9324777551,3177.8536777551,3156.0039727551,3090.4270744898,3149.2223594898,3147.5693594898,3016.4357444898,3066.16975612245,3053.84161612245,3310.82588193878,3180.96487734694,3214.40580510204,3274.18118367347,3164.1636755102,3167.0883255102,3133.3697055102,3253.91602571429,3143.18668265306,3178.47130816327,3238.21400510204,3216.81514622449,3175.71499622449,3273.20776591837,3011.14196326531,3203.90906428571,3430.86276795918,3076.99086795918,3099.5402022449,3234.5356522449,3215.23647295918,3294.69642234694,3240.3567205102,3160.29185979592,3092.92319183673,3154.72143469388,3178.23183,3198.53463928572,3187.31673928571,3227.07701428572,3070.15035928571,3055.63677857143,3060.67132438776,3094.55966836735,3218.36316581633,3132.82199153061,3138.9649494898,3131.05686061225,3167.43811561225,3147.05958642857,3107.12639387755,3182.22267551021,3144.86607551021,2978.89930816327,2857.79928571429,2838.75099387755,2878.65208061225,2829.88275,2958.72614693878,2755.82592285714,2809.30508285714,2777.06642397959,2931.99935010204,3023.73924510204,3185.63924469388,3115.21598510204,3030.83821285714,3037.50472489796,3058.92441979592,3058.7258,2960.9456,3094.42066367347,3077.03730061225,3028.11406663265,3064.36802020408,2950.54923346939,2985.76084877551,3021.78923510204,2932.27654897959,2905.49659677551,2890.76050622449,3115.22235806123,2848.1078672449,2894.43015163265,2760.27561142857,2753.29536132653,2732.13027876531,2889.08014316327,2953.57043816327,2851.14482816327,2846.34222316327,2898.74426193878,2933.54399489796,2878.36295122449,2903.52379591837,3020.96723836735,3062.23944061225,3019.64658530612,3106.27521704082,3103.13265683674,3022.90285153061,3121.03302653061,2939.61037653061,3091.05704591837,3124.66759591837,3116.53100591837,3080.77195612245,2964.23397646939,2995.00480846939,3025.63190346939,2915.94949387755,3030.49354887755,3046.76806367347,2962.67611,2738.23520489796,2929.76411785714,2884.38898061224,2844.41996387755,2822.40517714286,2841.38351102041,2949.51602102041,2864.69160040816,2709.57525040816,2714.90102581633,2747.79952673469,2782.96188173469,3004.0744727551,3029.67589081633,2976.95914081633,3101.58046357143,3150.62890357143,3076.08117295918,3100.09324622449,3043.71846663265,3090.50195163265,3140.29286326531,3213.40708979592,3270.12973979592,3132.9469027551,3210.44193469388,3226.10955693878,3127.12635693878,3286.51718367347,3350.65859918367,3202.92637520408,2917.66887204082,3097.30417979592,2990.58355857143,3192.48932153061,3278.15143846939,3192.94860469388,3209.58360265306,3200.06833520408,3217.98002642857,3317.10490612245,3236.75684112245,3205.58437785714,3224.9059122449,3316.22095612245,3273.68935612245,3364.43914183673,3308.29063061224,3268.79145816327,3259.17653846939,3240.25009193878,3210.41268857143,3288.78612734694,3172.4539705102,3257.66208030612,3342.09577,3157.48164010204,3019.68214193878,2881.63855612245,2962.33210285714,3137.69714918367,3104.87240918367,3128.00903316327,3269.11586326531,3288.28019387755,3329.84396387755,3074.41561530612,3154.51557030612,3133.31857877551,3043.58548877551,2968.38729489796,3076.51452142857,3210.23163408163,3102.91140173469,3038.85686530612,2846.69430265306,2871.73093183673,2827.55583795918,3009.09993653061,2858.65730795918,2997.39489306122,3047.32534020408,3033.19614877551,3059.00649071429,3271.71557612245,3115.77706602041,3213.74627673469,3255.2286477551,3316.95638540816,3153.94709020408,3167.27133204082,3188.62219959184,3110.1052944898,3028.82721816327,3144.49288428571,3029.45300244898,3197.39424571429,3083.86512653061,3034.35326326531,3197.51880816327,3147.48204857143,3037.26647938776,3103.89784602041,3069.02682520408,3152.80497510204,3206.09429204082,3259.81042387755,3212.11374285714,3367.96865,3295.93653806122,3220.10229806123,3198.20381234694,3256.24643173469,3347.29259642857,3336.44007989796,3317.34446816327,3202.75911561224,3292.98058193878,3278.35544612245,3102.10908693878,3227.62947428571,3243.81499255102,3295.27527479592,3216.42003479592,3260.23760602041,3324.34341897959,3185.53260244898,3142.23634928571,3074.47367459184,2963.98204908163,3062.05457336735,3032.56407836735,3188.04032438776,3128.78242336735,3227.55159102041,3327.3130944898,3317.65858244898,3275.5605955102,3257.1250955102,3210.20002408163,3172.912491,3265.96308765306,3317.36815020408,3216.0078322449,3429.57273816327,3258.31248020408,3364.11951602041,3119.42656989796,3080.76518857143,3118.78599612245,3041.25056816327,3016.41889673469,3230.74502469388,3114.4728172449,3066.18931244898,2914.91471742857,3046.27368367347,3125.78127346939,2808.73357653061,2820.53258153061,2797.29053897959,3009.61236979592,3108.04910959184,3016.1272072449,2927.63359755102,3065.29512255102,3015.72473071429,2988.09009816327,2914.77838326531,2954.11711071429,2904.13380989796,3065.92827755102,2961.86670153061,2970.32034489796,3036.18769489796,3207.2857755102,3176.69190306122,3224.15316632653,3245.03362561225,3163.690315,3078.86414428572,3083.15996530612,3086.15390755102,3150.12269828571,3260.82567520408,3136.91603469388,3178.6505344898,3126.41733163265,3171.11315244898,3274.66538061225,3110.68061255102,3211.75118795918,3145.59688673469,3210.91142755102,3155.44093265306,3142.62980612245,3064.03254489796,3119.73596836735,3056.42084081633,3049.82189081633,2962.51477183673,3046.47603,3084.22005857143,3090.20828816327,3125.62264520408,3286.64765010204,3138.77759020408,3228.5053472449,3185.83677520408,3125.66985714286,3136.33537132653,3171.33677132653,3257.98009897959,3033.69760204082,3057.49805612245,3147.91903938776,3052.50349714286,3022.87778897959,3167.19675163265,3234.86979918367,3167.82617244898,3288.79216510204,3251.60791510204,3283.03597,3320.55099183673,3212.05898561224,3228.61810020408,3130.8044755102,2859.65202,2845.02250663265,2943.35337040816,2890.80400620408,2861.92726461225,2699.25066610204,2781.97975714286,2927.54474785714,3084.50280785714,3096.23870244898,3178.69338714286,3189.78555302041,3227.60435836735,3264.46804489796,3136.36020132653,3032.55349183674,2989.17091183673,3068.22241183674,3094.48212346939,3081.32340346939,3259.43409469388,3258.92546408163,3157.99334183673,3236.65690612245,3327.4919877551,3315.01684591837,3282.25771102041,3157.77776122449,3187.84625591837,3176.38085591837,3142.44536979592,3278.07445091837,3082.9729544898,2941.52372816327,3254.49584836735,3252.84327,3275.31480346939,3419.22150122449,3287.24617938775,3277.76815877551,3349.29808244898,3122.06329081633,3144.96952,3334.83444408163,3338.74081357143,3274.2031194898,3342.23734346939,3190.21988489796,3272.21975489796,3089.34126989796,3060.71065489796,3043.87809387755,3043.26765938776,3115.87497326531,3150.63433,3102.94601989796,3151.57283489796,3172.92023857143,3175.04706367347,3086.84644857143,2940.05203193878,2980.96592663265,3082.65865612245,3237.72161285714,3256.66208479592,3173.02316561225,3101.92124183674,3184.30698418367,3101.18763877551,3107.73727193878,3179.54333091837,3079.64519091837,3123.96220153061,3101.24867153061,3201.77868979592,3152.4984244898,3223.07442755102,3148.81707755102,3091.06235204082,3175.89124387755,3117.94813306122,3140.48478265306,3230.20835204082,3065.96497265306,3153.8357505102,3190.39643326531,3152.74258979592,3021.45021693878,3009.90277938776,3079.66056326531,2985.02101510204,3006.10342836735,3141.48016244898,3099.37802744898,3057.01375244898,3063.18323857143,3007.24012,3027.72781653061,2972.67864285714,2972.40196734694,3022.77180153061,2870.50731438776,3139.08991591837,2976.37274387755,2991.70221540816,2931.28609732653,3072.31098091837,3150.02123673469,3107.47658734694,3174.17043040816,3133.84688530612,3200.30303306122,3121.38919734694,3305.28520734694,3130.06021622449,3056.50757244898,2898.76487244898,2880.27429591837,2974.11013367347,2978.28532755102,2949.75805612245,2944.50511387755,3046.46578632653,2817.0079922449,3033.67580428571,3042.24323877551,3093.18458877551,3025.73126877551,3053.74232877551,2963.30370816327,2915.49134316327,2949.82711969388,2928.40691071429,2956.74412653061,2833.25977653061,2909.14599153061,2923.31260071429,2947.07134755102,2991.03917438776,2856.72697438776,2900.04056326531,2824.54653979592,2911.08234071429,3155.33682755102,3087.89129795918,3216.40138153061,3222.69862142857,3221.2520505102,3102.85952326531,3073.30802418367,3070.90322918367,2970.57346569388,2982.79212959184,3109.10359183674,3123.28685306122,3138.29610204082,3148.36100204082,2867.22383612245,2848.38797061224,2833.83143469388,2829.51666469388,2744.36469795918,2833.47610918367,2888.2891694898,2784.66848061225,2816.86419622449,2958.88312979592,3031.26498826531,3024.83589020408,3142.34058061225,2879.60650571429,3025.21875571429,3003.94055571429,2926.97488357143,2894.15982857143,2847.64217857143,2924.69094193878,2987.42463938776,2864.42734081633,2976.06780714286,3090.03554714286,3069.09238816327,2911.75467316327,3012.09212316327,2889.00298102041,2966.75667653061,2931.23021510204,2930.45508387755,2983.00226040816,2949.18271040816,2963.42490714286,2944.40145214286,2898.19695442857,3087.73143081633,2997.18796673469,3032.05679132653,2959.319785,3046.9975172449,2980.7130692449,3010.97162653061,3039.75177510204,3076.49975010204,3112.93589234694,3046.53234632653,3130.12682632653,3190.84297959184,3165.55362755102,3181.49113040816,3271.72638040816,3287.26650183674,3252.02598255102,3191.38891020408,3127.8970377551,3325.16142061224,3280.61671265306,3328.70534959184,3309.75752428571,3203.36117428571,3339.80417428571,3262.78857485714,3132.26653673469,3202.36848673469,3160.46862673469,3279.61036326531,3243.74992163265,3239.28689459184,3426.17307071429,3311.94080765306,3309.89660765306,3254.03974265306,3278.69819204082,3310.75420183673,3368.02320673469,3062.85562142857,3108.55655489796,3035.54255252041,3065.55183833673,3059.70798272449,3140.45433680612,2961.64683415306,3236.8945072449,3257.75683316327,3105.24898091837,3088.38997938776,3055.46359571429,3029.15230306123,3118.43540040816,2814.98346193878,2813.42473897959,2826.22172204082,2876.26610816327,2949.79932816327,2885.10232816327,2843.2109544898,2832.70966,2899.75077346939,2843.20696530612,2916.5639172449,2943.64663530612,3001.26978530612,2940.6645122449,3108.61911632653,3129.01773622449,3182.16159591837,3328.04353265306,3251.91554765306,3255.68681663265,3283.44715102041,3218.73294571429,3126.81764071429,2999.15472193878,3111.44421840816,3070.35643530612,3158.24768571429,3123.06083571429,3223.22551142857,3119.54411142857,3200.29046142857,3066.11085693878,3231.10045540816,3137.24594010204,3043.82308306122,3027.91653591837,3120.82165387755,3069.20245387755,3026.20695816327,3033.30376744898,3018.13303744898,2965.68695612245,3067.52743377551,3073.87167357143,3158.35415765306,3283.54360418367,3329.54672357143,3230.98857857143,3215.87744867347,3106.70073571429,3227.54958571429,3187.41665102041,3104.86648061225,3066.21308061225,3091.42792479592,3187.46766326531,3115.49878469388,3105.17730459184,3193.18722010204,3127.12990632653,2992.26510653061,3165.79816469388,3084.31689489796,2840.6564372449,2950.2246444898,3009.66918122449,2965.75503122449,3037.43137489796,3141.30442489796,3071.83320367347,3031.88546653061,3036.19685653061,2918.72309387755,3154.63382734694,2992.03943265306,2895.3234,2918.81018979592,3006.85636020408,2997.6673255102,3010.32252581633,2998.36314622449,3069.49400234694,3208.57538061225,3321.28435040816,3194.64417081633,3290.00080918367,3295.65276530612,3319.96559734694,3217.02647734694,3229.76512938776,3254.83090653061,3237.88246010204,3246.41644061224,3247.12103387755,3292.20440163265,3252.74285428571,3277.76080383673,3374.58544983673,3311.51824383673,3262.51490428571,3186.64017040816,3239.36319571429,3324.02602183674,3107.01953204082,3087.88759591837,3043.41070204082,3081.76809897959,3089.49298163265,3029.20142857143,3024.98357857143,3170.08525510204,3177.9848877551,2881.5738177551,2980.950035,3178.11374795918,2992.62349387755,2975.01970377551,3112.48198469388,3045.50353469388,3094.17130612245,3036.23605612245,2924.67090443878,2826.91341102041,2732.05341020408,2836.76919020408,2669.49107959184,2675.18121387755,2741.46178489796,2742.48082489796,2771.26403989796,2758.09502571429,2739.42570469388,2870.93438020408,2743.9653844898,2760.81871326531,2734.66426234694,2716.57352857143,2576.58369693878,2661.50372306123,2822.80847306123,2928.9006,2887.03156122449,3128.06550520408,3173.36865693878,3158.18840193878,3177.47616693878,3143.12771561225,3096.70039320408,3272.29990714286,3267.81935316327,3062.41828081633,2985.48766255102,2940.93398908163,2912.07964787755,3041.40765867347,2898.4979394898,2995.38883571429,3003.09783795918,3035.71462367347,2894.77672367347,3047.90698367347,3051.18932867347,3019.20525816327,2892.29002244898,2853.49335102041,3029.73192346939,3095.53091897959,3043.53880530612,3123.97906428571,3132.40903204082,3124.78092726531,3183.68479673469,3106.80990714286,3260.75595714286,3233.13207714286,3396.28010714286,3253.48802969388,3274.24558102041,3221.41398387755,3249.56674591837,3059.21451541837,3211.9040255102,3212.2884755102,3126.74434836735,3012.39362244898,2931.5647352449,3045.69167346939,2967.63519816327,3157.07504908163,2931.15912285714,3036.11795959184,3149.80955612245,3128.14973163265,3148.14912142857,3122.3805455102,3200.98897918367,3233.57073122449,3120.93268122449,3092.95356530612,3246.94191,3206.2554,3234.24255306122,3226.64197938776,3049.19355081633,3082.29958581633,3002.74628938776,3237.50537806122,3161.60687122449,3120.53342938776,3225.25456,3076.84087959184,3316.25823102041,3342.86615295918,3310.52773602041,3066.64236734694,3070.00476530612,3119.64423112245,2930.90063704082,3094.85687367347,3028.98247520408,3016.73564479592,2802.10885295918,2921.71024989796,2813.91069489796,2988.33900408163,3100.1853727551,3010.41283646939,3039.66169346939,3066.37789826531,3181.85665867347,3166.46623571429,3155.76456,3164.41192877551,3001.99427489796,3166.00451102041,3181.67657122449,3353.52579918367,3290.00386122449,3379.19397,3272.63816836735,3198.03766336735,3329.01281785714,3295.77772551021,3279.53427142857,3323.57943408163,3354.81487357143,3249.35655836735,3381.80882693878,3325.46153693878,3255.18874326531,3284.87793591837,3305.2535855102,3386.44290673469,3209.61876632653,3316.57910028571,3166.17331612245,3280.78619877551,3206.22705632653,3154.41528489796,3056.66275020408,3010.11164877551,2875.04162693878,2972.39641897959,3031.60171897959,2970.47612306122,2996.20547693878,3044.64939877551,3103.51391510204,3349.89763520408,3246.08061367347,3259.94869928572,3148.4100755102,3247.3951372449,3234.78309071429,3325.89483663265,3264.0290422449,3177.85887122449,3250.66297163265,3133.7905522449,3026.78099122449,3016.35471367347,2982.28082755102,3274.63185306123,3183.13099938776,2959.67385463265,2936.96845522449,3053.47324257551,3234.72072520408,3171.63967959184,3278.16973020408,3127.31885857143,3246.03974071429,3210.43242071429,3116.13987289796,3167.99160346939,3197.03318408163,3207.95549408163,3247.27180759184,3128.80594857143,3169.2772277551,3167.87676346939,3134.37966836735,3064.99262346939,3198.08603571429,3237.32322551021,3406.78615204082,3336.30600071429,3341.66005306122,3174.26913489796,3071.16460428572,3148.74692265306,3195.35517265306,3217.70830612245,3171.47493979592,3156.86957857143,3155.2641672449,3105.22529663265,3184.76323163265,2940.28790612245,3201.75130612245,3134.0150967347,3122.33792755102,3247.01776836735,3296.96310510204,3239.16310489796,3263.96792653061,3237.95159744898,3205.69741908163,3170.65671146939,3050.08654346939,3235.62796816327,3308.84817285714,3228.46658897959,3250.16946693878,3219.73252265306,3229.59844867347,3175.44799163265,3257.14523663265,3317.1252877551,3276.2502877551,3005.7214877551,2960.56883877551,3020.45083877551,3032.46200030612,2585.5761927551,2577.8059705102,2889.71152612245,2842.4439577551,2782.28302510204,2757.67178693878,2646.99039306122,2705.60469959184,2641.39412642857,2733.47386010204,2797.78689989796,2912.03679693877,3033.00975367347,2964.48533397959,2968.21057020408,2968.44138510204,2991.87850897959,3057.2633322449,3001.88224122449,3018.93458326531,2960.72558326531,3043.25466183673,3020.76631367347,3049.4238922449,2863.7500922449,2949.03947836735,2975.10718561225,3008.76603061225,2956.19247061224,2995.59034387755,2988.73058326531,2725.88738693878,2752.65669755102,2906.18803204082,3056.34781836735,2731.70491081633,2902.90601734694,3289.74400408163,3229.90595102041,3251.22650102041,3326.66790102041,3258.82951357143,3109.79586255102,3028.94623755102,2966.36820204082,2956.88754561225,2951.04277040816,2954.0335244898,2953.17452857143,3082.57258163265,2904.12694489796,3039.85200408163,3037.26702346939,3092.96687653061,2919.34760897959,2852.83605091837,2835.40830091837,2822.15444071429,2858.66479469388,3000.51671969388,2889.52546438775,2905.58581377551,2813.10654377551,2892.3303272449,3067.79246642857,3091.9230855102,2946.41145204082,3050.49618061225,3116.0343172449,2984.75639540816,2927.42603346939,2752.20262193878,2868.60671479592,3041.89090408163,2928.10830714286,2926.5670144898,3100.17124918367,3107.28049918367,3121.54537469388,3149.0947877551,3229.86717469388,3164.12412469388,3012.76428673469,3148.6066427551,3167.3682647449,3250.76772744898,3129.87032581633,3218.53570653061,3150.94076918367,3023.10626795918,3010.55571663265,3117.75697,3173.61484857143,3112.9107777551,3281.49807265306,3040.27999591837,3145.34569591837,3090.52278571429,3035.84709336735,3177.23734183673,3156.07690510204,3155.11702132653,3180.49232602041,3277.5924772449,3298.00909081633,3241.75088193878,3241.09331806122,3160.27993683673,3202.58188173469,3193.09917142857,3180.12898979592,3164.15023979592,3053.49176459184,3120.4188544898,3130.46834938776,3275.86690163265,3016.82924142857,3183.54073571429,3213.46600122449,3237.77792969388,3272.76578928571,3255.70770510204,3221.55666938776,3124.60306153061,3213.50659377551,3107.66636877551,3093.89650173469,3348.55906959184,3254.81722285714,3122.85019459184,3072.00072459184,3091.5825877551,3137.8666622449,3182.57109489796,3227.53271020408,3152.29125714286,3086.25330714286,3135.31437040816,3251.11875540816,3300.06276265306,3162.49373632653,3326.73903061224,3153.31690071429,3089.78237642857,3109.69081459184,3142.16016683674,3019.57411887755,3046.69714265306,3028.43428239796,2991.00430382653,3032.27868510204,3113.2955177551,3207.79249693878,3329.43979693878,3337.89744693878,3265.49949816327,3408.42562163265,3306.41793910204,3360.75807183674,3185.78384408163,3082.57165285714,3029.86215673469,3159.36926173469,3132.99447102041,3180.12123020408,3244.08417846939,3387.61423612245,2920.63413612245,2737.82919438776,2755.62602122449,2749.55892795918,2638.89562112245,2665.13377612245,2833.57641571429,2840.0477022449,2820.4101522449,3022.93894183674,3098.1626444898,3065.81676061225,2998.97184438776,3141.27011653061,3162.90519173469,3163.33459163265,3182.87694163265,3199.35502663265,3286.5168622449,3232.59297387755,3138.33117387755,3142.33039081633,3218.35169632653,3273.12934632653,3157.40027244898,3354.55736122449,3382.17115816327,3377.27947040816,3310.98657122449,3164.93685918367,3047.25330295919,3263.35057285714,3205.16662806122,3012.19180428572,2975.48787346939,2899.34022346939,2844.68447346939,3152.87082346939,2848.43564867347,3047.97944591837,3012.3864755102,2917.66289806122,2855.66609714286,3087.77731530612,3121.98305326531,3218.19292591837,3343.64855469388,3177.71009857143,3235.21356040816,3304.15451265306,3238.88342102041,3048.25502938775,3011.85350918367,2933.73732612245,2953.71990693878,3165.46018510204,3195.35919020408,3263.10062183674,3302.45417816327,3102.08415704082,3169.58393061224,3262.44917122449,3317.76717336735,3274.01283836735,3357.38981897959,3335.6800244898,3265.2938294898,3335.69836438775,3282.6429422449,3300.21096673469,3300.83616571429,3242.3120677551,3204.81976795918,3189.40212387755,3187.40267836735,3180.20499683674,3269.65780632653,3164.81140465306,3143.59119346939,3155.41828193878,3043.89742816327,3023.31573755102,3061.03781918367,2973.7873544898,2909.50071285714,3061.62917122449,3202.78034306122,3132.91979510204,3197.19527816327,3090.41975938775,3175.50416602041,3237.98622408163,3314.84055612245,3191.78404244898,3186.82138530612,3281.16189204082,3260.25093265306,3113.82694816327,3286.16967918367,3167.48790489796,3175.43813612245,3083.41324204082,2977.21569081633,2926.53652897959,3100.6931244898,3172.9167344898,3031.06054714286,3043.36320387755,2946.85632132653,3104.45350642857,3111.89046967347,3087.9280544898,3142.46747387755,3021.87317836735,3078.7525027551,3020.82824591837,3045.11832908163,3203.74865816327,3194.92972677551,3244.05737612245,2901.17443112245,3416.83637612245,3295.07066938776,3385.41577438776,3437.86661938776,3311.67081938776,3410.78076938776,3298.4010255102,3309.7973255102,3208.5140755102,3326.95821734694,3062.08295306122,3089.57215306122,3125.81058906123,3212.64526489796,3212.01087040816,3319.57243183674,3322.47857290816,3400.16296857143,3220.2967455102,3219.34412959184,3149.93157959184,3325.73978877551,3201.74613979592,3209.80194714286,3140.96324714286,3130.32831806122,3105.36370897959,3159.99045714286,3192.12370714286,3188.65372602041,3205.9179344898,3238.91164346939,3198.96101020408,3220.55604244898,3345.55059489796,3306.1060055102,3342.5006555102,3326.6816055102,3395.50089285714,3302.48275714286,3301.22278061225,3313.28502244898,3224.48388479592,3208.81691122449,3200.56692142857,3233.26217581633,3134.89088903061,3208.99797234694,3339.78814795918,3248.54585510204,3209.56795173469,3153.42864377551,3146.37907469388,3112.5230144898,3174.13648581633,3169.93465408163,3079.82274673469,3192.21861673469,3295.39210510204,3255.80215510204,3231.57525163265,3210.51379030612,3196.81616387755,3063.85235826531,3083.08874489796,3168.67117969388,3204.81112153061,3171.82599693878,3196.13809897959,3147.1573255102,3245.19066632653,3128.97561632653,3171.34349704082,3261.08609714286,3306.50280214286,3331.54962091837,3336.01197591837,3273.02617591837,3204.71573163265,3123.93940091837,3166.04281744898,3147.18955561225,3154.79484061225,3070.45898193878,3084.44653295918,3002.97520785714,2987.79826479592,3057.42968214286,2984.34446867347,2978.99905428571,3033.62596959184,3090.75929530612,2990.59630959184,2943.86113959184,3115.82083959184,3219.97847857143,3111.18921581633,3170.94923081633,3095.69664081633,3000.98135112245,2945.65441357143,2847.58802479592,2928.46598979592,2885.72629744898,2895.08306306122,2956.22768591837,2949.39663122449,2859.16730938776,2712.34392632653,2939.96835081633,3073.28810081633,3190.46890489796,2978.44029469388,3083.16717142857,3082.68283163265,2995.16644132653,3095.53071989796,3035.04920377551,3118.4510244898,3070.16157346939,3175.95944040816,3108.00828540816,3154.78711918367,3119.61781918367,3063.02596918367,3034.01786918367,3141.09946918367,3026.15086918367,3037.78920418367,3004.81246918367,2945.01664642857,3041.136435,3109.36608816326,3043.39406867347,3069.38555744898,3112.30915816326,3167.57770918367,3132.65817418367,3059.72257795918,3032.52067959184,3115.12737459184,3162.01575112245,3249.06318112245,3240.2932255102,3165.61930714286,3081.29578163265,2960.85956326531,3039.85588367347,3129.22526122449,3200.42086122449,3302.1267472449,3323.93868163265,3294.22837755102,3174.31682938776,3242.40277959184,3222.71935040816,3208.99576653061,3334.90538091837,3102.52598387755,3241.47531946939,3260.10908867347,3236.39825316327,3167.65675216327,3191.22435061224,3173.16594663265,3138.97781428571,3243.99743040816,3034.44138989796,3098.54778183674,3145.68443510204,3025.24070530612,3017.44523530612,3099.0217155102,3172.08817285714,3069.65835632653,3018.18483744898,3099.00935469388,3185.31937163265,3085.33237030612,3248.59815408163,3226.97834081633,3206.90639571429,3172.73618571429,3245.32542183673,3267.24653367347,3227.13298061225,3255.25097040816,3181.1158377551,3293.02979693878,3175.71340928571,3145.26916714286,3215.40916714286,3103.35926438776,3235.10061938776,3086.74590714286,3055.82795714286,3234.15883142857,3146.97699867347,3129.92885071429,3106.38226867347,3190.68178163265,3087.74799591837,3015.53141357143,2864.0202877551,2809.9645977551,2882.4341777551,3084.12193285714,2898.05294346939,3116.89408193878,3176.91854183674,3202.01389183674,2960.64964183674,3082.63404836735,3105.3167555102,3198.26151020408,3164.92800204082,3131.42939020408,3134.66984346939,3066.19902020408,3229.94634489796,3297.33868673469,3255.83316734694,3218.05660102041,3206.15768571429,3030.65805295918,3096.38951632653,3042.80851428571,3011.24376928572,3117.67941928572,3171.84870612245,3111.92880979592,3150.75113897959,3080.89454163265,3009.78586622449,2993.84501163265,2863.58860785714,2883.00164285714,2838.84004285714,2840.3291377551,3009.0630377551,2891.9443244898,2810.10564938776,3138.28935622449,2965.23839489796,2806.91523469388,3074.41171530612,2991.61456530612,2992.4688555102,2949.57974946939,2825.53603408163,3013.22055438775,2995.82350336735,2949.41230959184,2799.4941855102,2873.33642367347,2880.77675367347,2935.23015010204,2884.11930132653,2912.30094173469,2831.23216326531,2908.44030469388,2910.64137142857,2953.59082632653,2914.58571816327,2834.96361469388,2838.62526040816,2853.61531602041,2926.15432106122,2800.89610010204,2832.48435091837,2654.76113614286,2737.40319393878,2757.79543836735,2624.23775469388,2720.25636428571,2622.02576397959,2702.26811140816,2676.01066140816,2762.51135370204,2851.67583397551,2894.40548153061,2959.57454234694,2951.87014591837,3171.34848734694,3238.60116081633,3168.38120734694,3128.82642204082,3024.61630428571,2923.56240135714,3020.03934061225,2967.97844387755,2843.71741285714,2909.64457020408,2857.71186591837,2855.18474530612,2922.03444489796,2949.26468061225,2872.82865020408,2948.6607377551,3287.35852397959,3409.36200918367,3290.44984285714,3166.03760816327,3213.50568765306,3174.11221795918,3131.97348204082,3042.22291061224,3179.06852714286,3065.5990055102,3191.74306693878,3183.08044244898,3213.83997632653,3144.31076438776,3118.35003693878,3135.24955244898,3071.7399344898,3037.49768346939,3076.99205714286,3085.48062857143,3110.06793734694,3220.36467420408,3026.09610277551,3090.12671040816,3084.82675346939,2963.22599608163,3074.67208306122,3137.30032418367,2968.02687428571,3118.93038061225,3189.60488367347,3188.0182377551,3188.72011142857,3080.58777040816,2944.42632959184,3031.26247959184,3023.94264346939,2946.5615577551,3045.95443428571,3189.17445877551,3279.63092816327,3218.42525979592,3218.8503455102,3250.99066826531,3265.29535459184,3264.84546806122,3277.7791122449,3330.61172489796,3412.76457489796,3343.57734020408,3264.4926022449,3209.53146122449,3009.55718540816,3217.98180816327,2949.50775306122,2862.87645306122,2942.13214795918,2845.08404387755,2912.73615326531,2947.59352040816,3036.15488714286,2881.40093571429,2964.35405612245,2776.53041428571,2905.07231326531,2919.23186326531,2722.65304795918,2821.37206020408,3032.22854102041,2881.71343163265,2992.63045265306,2983.90726765306,2991.55224846939,2923.23175,3075.80168795918,3226.49628683673,3130.00893683674,3119.68170408163,3141.66735908163,3069.95892163265,3352.49003346939,3287.97027673469,3388.3724837551,3304.77674163265,3360.56439663265,3441.02723530612,3433.36793285714,3341.53900020408,3288.84990020408,3392.72708908163,3386.35090755102,3247.06348285714,3344.45492897959,3265.34285081633,3415.12085081633,3404.39483214286,3439.15813214286,3328.12735785714,3276.8140394898,3281.03890173469,3260.61375683673,3161.34227183673,3183.18048877551,3224.12063857143,3096.24170234694,3060.8207322449,3021.16527704082,3059.96294377551,3135.41355377551,3171.52122540816,3226.54703744898,3304.43005612245,3259.33619663265,3257.42722040816,3209.09429938775,3190.45746938776,3197.36129591837,2962.22498326531,2954.74044938776,3095.46466683674,3031.85030510204,2956.9149327551,3158.00308673469,3115.75588265306,3058.17759693878,3125.85285714286,2967.12677285714,2943.93860010204,3081.66453857143,3060.79945346939,3220.48193673469,2914.56694265306,2983.56505918367,3241.3882044898,3251.92326714286,3103.19393877551,3104.89486918367,3138.15740938776,2811.80254326531,2854.57357571429,2790.93350714286,2818.37163530612,2724.4679344898,2763.38395673469,2861.35023816327,2894.17131734694,2907.81501306122,2940.91890040816,3003.92079530612,2862.78743653061,2973.68750091837,3058.83208265306,3143.90896857143,3197.32350244898,3036.53212744898,2898.70537744898,3096.36064959184,3105.42014040816,2990.60281183674,2977.73206734694,3054.82227497959,3045.67431987755,3079.47524489796,3002.05828306123,2927.35008306122,2983.20645714286,2938.33565326531,3062.43786918367,2844.95932836735,2943.31757785714,2987.51444071429,3016.90992193878,3083.85384795918,3229.02638163265,3136.27863163265,3109.51331122449,3012.72152591837,3174.31579785714,3279.20077785714,3234.25575693878,3192.44923408163,3204.67094908163,2920.36195908163,2963.43710387755,2917.5917755102,2869.0314805102,2936.35543306122,3019.70138306122,3132.67416836735,3294.77502346939,3132.90289755102,3112.13926255102,2963.28859255102,3083.12493918367,3103.79314673469,2976.42129418367,3150.81722693878,3138.25004744898,3120.23908959184,3041.77139285714,3001.82017632653,3068.93289673469,3030.72201387755,2989.53606612245,2974.66597734694,2983.79270540816,2992.70349642857,2982.35338663265,2936.16947132653,2973.22230755102,3028.84238938775,3161.5118877551,3151.65528489796,3065.12048591837,3151.55900591837,3205.63140653061,3191.0088122449,3121.0729522449,3107.27012020408,3122.87087918367,3264.32258265306,3302.25047653061,3171.95907244898,3195.27481734694,3051.23884081633,3010.10121918367,3103.97960555102,2861.16986693878,2891.51408816327,2783.56947142857,2857.5756844898,2990.98216836735,3139.56962918367,3269.92091214286,3429.79620704082,3264.55634632653,3432.30550969388,3330.62790163265,3307.68335795918,3207.34441061225,3211.76089612245,3155.60563612245,3283.81276112245,3290.16484510204,3276.29371428571,3037.11029795918,3177.90717387755,3070.61885938776,3180.66410622449,3118.38508367347,3113.05007367347,3051.45550632653,3001.24005632653,2848.65080755102,2784.31291510204,2873.83045693878,2876.83285693878,2953.60872132653,3085.7826072449,3128.5516744898,2998.86158612245,3099.42815204082,3135.53299244898,3059.97957530612,2929.26846734694,3155.81031795918,3092.15459571429,3161.85071836735,3238.28477806122,3378.19942306122,3274.48565806122,2972.68030806123,3064.08710428571,3110.28013489796,3132.67283265306,3043.65960714286,3042.42030714286,2907.54871428571,2889.96704387755,2848.32589387755,2883.46104387755,2818.4693505102,2859.35242540816,2811.039235,2876.674155,2821.56500481633,2901.20463979592,2923.10317857143,2883.67548979592,2924.84009346939,3161.07478020408,3026.24109877551,3025.07234734694,3067.16666234694,3088.16062408163,2979.64275795918,3173.95263387755,3002.51107938776,3093.90247438775,3043.30086836735,3157.0074255102,3273.12150204082,3258.51961795918,3273.19323571429,3240.78850571429,3338.95862693878,3287.74126408163,3137.82705,3244.301015,3235.29322142857,3176.48708265306,3199.73202346939,3230.72206938776,3202.08727857143,3234.58185816327,3233.92955306123,3175.01695306123,3015.83277959184,3064.86354959184,3031.26719959184,3090.46978530612,3196.63060489796,2953.05308877551,3121.20728163265,3032.51475510204,2986.98413581633,2904.37101081633,2999.40239040816,3113.31357102041,3064.81332571429,3017.77979061225,3073.79730591837,3136.87997857143,3117.51104183673,3178.37192489796,3162.56583571429,3195.3383455102,3215.3639455102,3165.46204530612,3132.72075438775,3019.06761928571,3110.66776255102,3112.2020605102,3176.6274355102,3317.90900020408,3207.06147397959,3300.96075530612,3282.04221816327,3277.68044438776,3085.39133163265,3265.29428163265,3274.69767816327,3204.03603571429,3180.77150632653,3270.0903977551,3153.95927673469,3115.41905,3384.57040673469,3265.14829571429,3114.04106153061,3354.40777612245,3133.76530969388,3218.6801222449,3103.4699422449,3014.3344227551,3270.37309255102,3177.49759591837,3177.48696122449,3214.04011122449,3229.49032122449,3129.41595,3138.77063061225,3371.12763061225,3196.71657755102,3318.20445755102,3162.17428061225,3354.71292755102,3212.77504387755,3080.86693469388,3182.76248877551,3322.87008877551,3175.14985306123,3141.93056938776,3206.02223795918,3291.38231938776,3211.10626734694,3238.52089132653,3236.67736938776,3261.33349551021,3461.73807183673,3294.34796979592,3280.73746632653,3299.59457836735,3228.5180655102,3259.49417938776,3402.42295357143,3313.59038755102,3197.8136755102,3365.72376734694,3366.09260357143,3341.410425,3285.00488561224,3133.65779540816,3062.05469571429,3043.98471704082,2941.22160714286,2926.88511142857,3034.92822020408,3092.07328020408,3056.03242020408,3066.84663918367,3054.59653918367,3116.28880418367,3049.6575255102,3081.2635755102,2988.7680255102,3063.23689867347,2931.52296367347,2913.54034867347,3030.77635132653,2891.18215785714,2981.31714826531,2930.58625255102,3157.36961704082,2982.1575572449,2995.26450663265,2757.26663714286,2905.25044714286,2853.37632795918,2827.34177428571,2839.64135755102,2939.84409814286,3009.51649183674,2924.98079357143,2996.86606530612,2913.27628163265,3031.73863530612,3253.23598428572,3128.49002806122,3053.23229897959,3039.43570632653,3049.57605408163,2987.16790865306,2884.69474367347,3085.67262326531,3184.06236122449,3140.33615204082,3152.86178704082,3126.41329857143,3119.67665918367,3005.23394642857,3143.29015785714,3193.04880020408,3227.1241744898,3178.26132040816,3109.38246020408,3179.48234142857,3114.65630346939,3231.65296928571,2957.17856428571,2998.53223153061,2983.01617418367,2995.34437632653,3074.16220632653,3133.37493918367,3026.4797677551,3175.22493877551,3216.80713771429,3270.44562010204,3373.24504520408,3335.9649744898,3328.0905677551,3317.12945020408,3316.86751612245,3299.35867673469,3241.13152673469,3278.00578077551,3139.96760336735,3204.96631836735,3132.86146938776,3204.09268673469,3242.71528469388,3085.77328367347,3131.41425846939,3158.60209214286,3141.08467857143,3102.17057857143,2994.85586581633,3011.31421867347,2957.53396867347,3006.63265214286,3060.91564520408,3082.07525132653,3077.69988908163,2973.87021357143,2978.96072887755,2926.85416867347,3101.14309214286,3171.30472295918,3157.51277653061,3162.56080540816,3224.6259877551,3360.42691632653,3262.64710816327,3226.92589081633,3328.47309081633,3104.71533367347,3211.64989897959,3124.72879897959,3112.70916244898,3115.49980285714,3184.88123285714,3148.91507285714,3159.44102897959,3234.56718489796,3066.48058632653,3214.43303346939,3168.63124896939,3216.10900396939,3276.66924488776,3294.04396284694,3323.09314959184,3145.63372844898,3159.36746438776,3137.12718142857,3005.63686653061,3150.47389622449,3094.83323632653,2983.32193244898,2991.60561867347,2933.8972527551,3137.03204255102,3102.22892163265,3233.14425791837,3192.61178016327,3061.56000887755,3030.67590693878,3216.2317177551,3119.18693897959,3185.50638163265,3113.77275714286,3169.71647734694,3297.76227687755,3240.59364779592,3148.81756912245,3210.22916367347,3213.22242918367,3157.49752387755,3133.95982265306,3199.09637489796,3281.9576577551,3186.54804020408,3137.45789530612,3050.47649722449,2879.23043846939,2886.43405569388,2982.37796173469,2919.36065836735,3039.88710673469,2922.84102326531,3015.06355204082,3060.05095408163,3024.40445510204,3089.2132027551,3049.26182979592,3068.23635867347,3134.01971653061,3059.31866857143,3135.46726857143,3375.16846857143,3211.94100877551,3382.67900489796,3292.04188591837,3247.71981857143,3046.37912081633,3040.06385734694,3020.5798222449,3045.13828816327,3144.96299387755,3183.0283405102,3208.1043505102,3356.93092693878,3186.73361806122,3306.08922306122,3342.29318469388,3239.59457795918,3302.19537387755,3265.43850857143,3275.34505510204,3279.71738265306,3367.55919602041,3271.12070826531,3199.58358326531,3232.40600979592,3176.59786081633,3221.83680081633,3184.95782795919,3048.33808653061,2976.14687938776,3214.51364591837,3012.08630612245,3220.04990295918,3192.72897653061,3285.40591836735,3230.50651020408,3245.45151020408,3193.18524387755,3188.97015183674,3112.75379612245,3299.04062,3256.22762163265,3205.74538673469,2959.8547877551,3222.9609355102,3171.55242428571,3214.11950122449,3008.42236183674,3044.60539234694,3000.33467918367,3008.41118061225,3002.07993306122,2931.94359612245,2855.0087855102,2808.75999204082,2873.58169204082,2917.20797795918,2840.11803795918,3063.88787632653,2893.0115222449,2944.02908428571,2934.90892612245,3003.57564112245,2927.33949612245,2936.34854765306,3016.59627061225,3246.62833040816,3267.43341318367,3312.91616318367,3308.89965673469,3308.12636665306,3241.16196020408,3176.44937071429,3176.28636908163,3132.77762132653,3097.65375071429,2951.29014367347,2999.76765428571,3030.64677040816,2943.93458877551,2845.97851122449,2935.92038857143,2957.9881655102,2939.08453112245,3034.69654602041,2933.20367816327,2958.00017693878,2981.53550918367,3164.69233010204,3263.20952591837,3132.41988612245,3330.60113612245,3160.65117693878,3240.55937020408,3030.82814178571,3067.54280673469,2874.80238530612,3080.17899367347,3032.45082622449,2917.50522326531,2901.80513214286,2927.49020408163,2885.23140295918,3094.75845295918,3073.69000693878,2977.78154081633,2917.32556928571,3059.27389479592,3181.09225204082,3188.74218673469,3182.55431897959,2970.93341510204,3196.62297795918,3145.9064755102,3115.65728959184,3117.48789112245,2980.21137612245,2965.06419795918,3135.59176428571,2874.39702336735,2870.36148234694,2871.04706183673,2970.12432734694,2962.03325,2959.32130428571,2965.44818571429,3075.50316326531,2854.90330673469,2958.08371673469,3051.03083673469,2995.36473785714,3310.37625479592,3105.71173153061,3121.27473469388,3185.59786857143,3374.24846479592,3031.32730561225,3087.36708295918,3141.9643294898,3055.18213897959,3137.25229285714,2967.95715469388,2901.0029822449,3069.79061244898,3027.0307977551,2959.70433265306,3039.7480744898,3052.8812744898,2910.07513571429,2986.69080969388,2926.8817877551,2995.32250714286,3065.80572244898,2980.17120102041,2894.33355102041,2723.92689102041,2725.01385122449,2795.87673367347,2881.55535081633,2874.88905204082,2884.43352142857,2873.47008061225,3051.23753061225,2910.41499561225,2978.97812602041,3072.23238265306,3095.87255897959,3152.07371836735,3066.49860836735,3036.13590836735,3113.53402795918,3105.28537795918,2997.76905163265,3023.45302877551,3092.58782346939,3153.13882346939,3262.52977346939,3216.7551077551,3147.62331428571,3060.55047326531,3122.29581316326,3219.06313673469,3056.17793540816,3252.2641905102,3024.22901418367,3031.53647316327,2921.01640153061,2896.95018581633,3068.98338091837,3003.57257602041,3071.63203102041,3166.8825555102,2746.95484653061,2722.08127683674,2668.45648969388,2896.07638969388,2806.07334857143,2906.51244834694,2747.38004844898,2849.52561285714,3008.6093222449,2972.55953469388,3025.56628469388,2939.53245714286,2907.61054693878,2961.34871306122,2946.13038020408,2826.77393418367,2940.81727346939,2909.70393469388,2785.49349583673,3047.8613055102,3050.13890581633,3036.96814081633,2997.88516081633,3055.86757142857,3008.85852142857,2995.78583163265,2866.84743244898,2934.11236244898,2895.44000857143,2970.40604857143,3124.3116705102,3148.39682102041,3169.72892102041,3131.74882530612,3011.29027877551,2866.77907153061,2886.58198714286,3041.96426581633,2927.71531857143,2842.98455459184,2793.34035163265,2852.86879663265,2801.80721102041,2815.05123897959,2718.87855306122,2678.27013122449,2736.05894530612,2801.11964632653,2890.0750144898,2908.28676622449,2840.66092897959,2915.62047040816,2838.68058877551,2939.70585714286,2915.28231530612,3050.93476020408,3135.89382142857,3134.15050642857,3146.05574010204,2985.16133010204,3040.49293214286,2974.9981122449,3176.23168644898,3014.33903644898,3023.14894144898,3053.20505459184,3166.45332244898,3276.0086177551,3247.25901183674,3153.84606183674,3210.97328192857,3264.80968969388,3470.79218193878,3374.94283663265,3379.02337163265,3210.14214612245,3227.86202918367,3119.23442918367,3106.32467918367,3125.2484977551,2915.5954927551,2978.47433495918,3071.01089877551,3107.48112142857,3131.95953561224,3010.70297367347,2960.62302693878,2955.25126836735,2926.62651836735,3112.90342897959,3030.20381122449,3107.52078673469,3114.40071326531,3150.66361326531,3008.89398571429,2992.74373571429,3009.0054377551,3173.48315591837,3243.76222142857,3172.59312285714,3202.98925591837,3132.05149010204,3221.45650030612,3305.87997244898,3262.17549265306,3280.71255877551,3322.92316918367,3345.6679705102,3201.48415387755,3031.0551977551,3089.68660612245,3131.14015612245,3143.88123061225,3138.3218877551,2984.90838938776,2998.37137244898,2969.43878887755,2879.52438785714,3080.58951020408,3051.08031938776,3185.4159744898,2978.43755102041,3112.7877872449,2955.81327306122,2980.71611193878,2946.22997122449,3014.88283806122,3121.88048530612,3194.67325428571,3130.19056367347,3224.43736632653,3161.75827520408,3247.27827112245,3376.78069359184,3387.86570930612,3362.06529234694,3308.22654234694,3242.18179081633,3233.43579897959,3246.19414918367,3281.21386142857,3364.49998918367,3214.23840040816,3124.17461887755,3206.22919632653,3164.62221020408,3274.30692653061,3197.42846122449,3083.86159591837,2916.04767591837,2988.92903469388,3057.92636346939,3069.80538030612,3163.99814959184,3140.18974479592,3058.19253030612,3162.97390530612,3090.40524367347,3211.81097612245,3159.58599612245,3133.32180081633,3129.26353755102,3155.73684061225,3017.85154469388,2950.1964744898,2956.66244959184,2896.96888367347,2941.27477244898,2985.98308163265,3163.30941877551,3150.27182530612,3107.87033246939,2943.53328183674,3037.67016183673,3039.29081530612,2939.63425326531,2843.28068887755,2984.06542132653,3006.68006387755,3143.38029887755,3048.92915387755,3176.76990132653,3172.28951163265,3225.79304653061,3241.53523102041,3111.49278673469,3119.68378193878,3116.50389234694,3091.73450234694,3233.89403469388,3240.87785530612,3216.4680222449,3202.40925510204,3164.87844795918,3193.64706346939,3139.32407142857,3162.33053183673,3181.20166591837,3143.4637622449,3086.2473122449,3010.09830193878,3151.86866244898,3134.95959387755,3129.40978959184,3002.52298877551,3214.68741959184,3247.28674285714,3212.7944622449,3065.98253428572,3072.86776408163,3002.37434591837,2893.40727285714,2855.06713367347,2950.45402367347,2895.29240510204,2870.08072959184,2918.07099959184,2974.25167938776,2969.52801591837,2877.33107969388,2804.97100418367,2847.62057857143,2926.14813846939,2901.36737367347,2857.19112020408,2994.70775030612,3030.62500326531,3048.55014826531,3050.41765714286,2978.5876622449,2876.98740683673,2941.6341005102,2979.78475581633,2972.57515479592,3112.50734387755,3061.92269387755,2976.76439387755,3001.94346836735,2947.93255918367,2983.52347377551,3021.22784530612,2875.61309214286,3014.79406530612,3007.14163367347,2861.37623469388,2876.20688469388,3117.92243469388,2940.71528469388,2964.56084795919,2893.02859693878,3166.39675102041,3218.97698602041,3219.13705,3280.9687,2942.10245091837,3088.93909591837,3032.77654591837,2859.55480091837,3026.36010785714,2954.93275673469,3099.53490857143,3219.85792214286,3164.68844897959,3059.12085510204,3122.88541163265,3191.50569387755,3268.23586734694,3005.74555179592,3071.53179653061,2891.63003653061,2856.34394653061,2917.64604081633,2937.53790326531,2789.32808265306,2766.3801377551,3138.09870510204,3228.03998061225,3113.57408061225,3001.26578265306,3076.88527020408,2985.47238877551,3155.89291020408,3110.49232183674,3041.25805510204,3070.4791122449,3039.35935204082,3103.63440081633,3134.75611469388,2998.27847020408,2977.69644857143,3113.60680021429,3099.79183816327,3323.45020673469,3366.38818510204,3216.28983816327,3401.93109928571,3330.98898632653,3259.31329938775,3317.91333755102,3263.03949755102,3210.69957734694,3188.10012367347,2991.2386022449,3047.58327938776,3117.13162755102,3163.02212459184,3253.11128285714,3251.5963944898,3336.27512306122,3439.01457693878,3333.49910122449,3295.26890020408,3331.8233622449,3322.62311112245,3287.32474434694,3270.81393,3392.23743,3433.80415908163,3372.38044408163,3218.11782408163,3276.99952755102,3382.56439591837,3249.36132561224,3246.8112894898,3261.7887655102,3153.08957244898,3140.56307244898,3026.6624,2935.3393,3057.09102040816,3159.10346938776,3250.28441632653,3172.49155,3166.96470714286,3073.96404520408,3065.59830173469,3138.14902020408,3089.42384520408,3112.42784091837,3143.72227255102,3191.5902255102,3240.04092755102,3370.78975255102,3193.37837040816,3130.90092040816,3043.16141122449,3153.72342959184,3055.21364112245,3040.86373938776,3132.00862857143,3115.03837377551,3110.90927663265,3103.32778163265,3122.59559795918,3050.01524142857,3090.76384693878,3194.16198571429,3241.29628979592,3340.57312653061,3114.88371428571,3059.27918877551,3039.21322228571,3090.60150453061,3060.06080204082,3005.38190306123,2955.55668877551,3002.39341663265,3096.90601530612,2987.33425897959,2953.07051653061,2886.63321744898,2951.60933265306,2914.81381836735,3034.59358387755,3072.76906795918,3044.61690408163,3114.77586530612,3183.38773979592,3139.75172653061,3169.81507571429,3226.14060408163,3161.47811816327,3145.37397889796,3098.89318581633,2955.70638520408,2918.611525,3020.28735142857,3171.23495132653,3249.41442836735,3214.90502836735,3005.96852836735,2911.91817653061,3081.40217653061,3110.12792653061,3190.59981683674,3072.00504725918,2980.75668225918,3057.19473591837,3133.70345612245,3130.13712918367,3172.19584755102,3236.91959632653,3242.73279989796,3254.10817459184,3214.20383153061,3209.35325112245,3175.13746632653,3234.85911959184,3088.03403581633,3184.72873622449,3185.4563727551,3296.95738132653,3265.01003091837,3331.88199591837,3319.94543959184,3208.35273377551,3128.85985438775,3282.16459285714,3252.19808734694,3361.8757055102,3459.92194571429,3249.21726734694,3106.71148346939,2984.6338655102,3085.83487530612,3159.4476822449,3073.45881102041,3011.07054938775,3042.55104081633,2932.11676020408,2880.18100234694,2895.46027846939,2902.03470102041,3045.34249102041,3109.65342602041,3041.0223022449,3071.6594522449,3056.8361522449,3211.221935,3171.687635,3074.29799673469,3158.24851673469,3065.4988577551,3152.2924872449,3110.7515022449,3116.20906530612,3234.66535295918,3176.47552807143,3119.5472244898,3284.36696714286,3255.12049214286,3341.5945327551,3263.67289244898,3243.24113367347,3165.64806346939,3104.25995,3100.12603346939,3063.26262816327,3088.23911428572,3097.87641530612,3128.01164540816,3085.69563928572,3061.47828673469,3127.14620418367,3112.27194112245,3113.25487367347,3150.54509959184,3088.05568102041,3043.14809,3201.1840055102,3240.19064061224,3169.22998061225,2901.50442244898,2940.8318272449,2915.60103897959,2956.52030510204,2875.74675510204,3099.25154693878,3048.36639489796,3005.28434704082,3009.67296938776,2962.35554183674,3020.77097183674,3110.11372653061,2923.7815744898,2700.83004714286,2670.98854316327,2755.62350816327,3030.07632857143,2885.65165265306,2888.64964142857,2937.79730061224,2945.86692561224,2893.35600857143,2984.00987357143,2930.26910464286,2871.28077567347,2866.85988102041,2910.07458204082,2977.39435244898,3042.1793622449,2951.21828816327,2866.41836653061,2956.57292510204,3075.58801255102,3070.204615,3029.88637408163,2995.61172306122,3006.22235269388,2967.81724653061,3033.0082622449,2938.46569183674,2939.17250306123,2933.76729540816,2974.25074387755,2959.20291632653,2928.60234693878,2831.23937244898,2897.89975714286,2759.95482438776,2804.84096571429,2888.22092367347,2938.40243489796,2853.36416530612,3093.15554285714,3157.75038163265,3063.91474612245,3070.37218632653,3100.25601040816,3130.90171040816,3219.57837571429,2881.1290794898,2979.03880714286,2799.76315857143,2823.53276877551,2800.96938285714,2944.83918367347,3061.13989153061,3160.22673173469,3183.32667897959,3190.64535357143,3164.03138816327,3177.25901530612,3188.71627346939,3093.33119928572,3041.4454055102,3017.24712877551,2982.51527122449,3024.13433265306,2988.59902306123,3040.92694520408,3000.32085071429,3044.8839094898,2895.6805144898,2757.7098344898,2887.59773877551,2978.78170377551,3023.99304469388,3156.40429744898,3215.82137734694,3217.04229918367,3248.15509918367,3237.3849444898,3089.75495857143,3181.61448489796,3164.66154102041,3110.497125,3168.35240091837,3018.56333632653,3059.9205644898,3066.13738193878,3296.84740785714,3169.73780469388,3244.06950061225,3185.20662163265,3169.19338520408,3245.28993163265,3250.49696836735,3233.2414272449,3194.06961306122,3246.81256204082,3081.24240244898,3040.40123918367,3261.59280183673,3238.06617183673,3183.10249683673,3329.65201691837,3113.1862105102,3061.97503242857,3065.855101,3126.70926306122,3240.63001530612,3071.21688530612,3119.67424795918,3215.97817040816,3178.19467846939,3214.78032653061,3185.86740408163,3212.50454244898,3205.0662855102,3170.01848142857,3174.51929163265,3133.18745469388,3324.31375540816,3198.17631387755,3143.71926510204,2918.91164010204,2937.37496357143,2880.31312540816,2819.42002642857,2832.34335744898,2746.14513510204,2766.00339612245,2801.69917367347,2768.40599489796,2746.01021530612,2829.0758327551,2950.36738846939,3049.39543938776,2974.32949081633,2881.85204581633,2817.6057722449,2954.65173295918,2922.18738387755,2905.15232979592,2928.68792979592,3035.35247183673,3055.23952040816,2983.60855,2975.881,2974.88790755102,3016.57411163265,2980.2144994898,2959.46110877551,3070.30442061224,3011.73182693878,3156.67305061224,3125.467245,3065.72115163265,3071.18744163265,2975.80094163265,2943.13214204082,3059.02868632653,2774.09790377551,2787.98317112245,2817.08660040816,2879.5205255102,2987.7717144898,3022.9752844898,3047.9216344898,3009.61057102041,2991.08854887755,2948.35192734694,3187.5770877551,2863.85876,2889.26876,2859.07666,3032.05376918367,2943.50289418367,3050.21894418367,3123.79262540816,3062.33752040816,3047.08804132653,3164.27292918367,3219.8413744898,3192.66598112245,3174.09538112245,3149.64574714286,3031.94554306122,3001.77050612245,2987.59049357143,2996.02001326531,3013.58718040816,3150.92757959184,3118.04000102041,3394.3858244898,3294.40676326531,3263.94879826531,3306.13968612245,3260.84408938776,3206.44777316327,3281.64614897959,3204.23368857143,3155.75785734694,3080.47292244898,2997.48400408163,2958.34779183674,3022.73781897959,2939.02537897959,2837.14039897959,2963.05185102041,2918.78067653061,3258.37087653061,3237.46160418367,3275.24827510204,3249.7497677551,3248.48596959184,3159.84477857143,3056.27960102041,3043.14923469388,3062.29827469388,3043.19187469388,2976.43738744898,2934.03848530612,2943.70783877551,2890.34730632653,3011.24092336735,3108.17194387755,3129.16910204082,3107.73395,3042.9601377551,3209.92873469388,3238.76214489796,3212.61875516327,3062.05459040816,3082.60598040816,3146.47435010204,2982.15602663265,3212.93360816327,3221.31288857143,3023.3895672449,2992.99670632653,3021.85253591837,3123.91101806122,3137.88487683674,3227.77112438776,3299.53701795918,3187.77081255102,3169.93476693878,3261.92918234694,3291.97154081633,3277.52195061225,3197.85709836735,3207.21704326531,3210.98325,3251.38193469388,3178.53532142857,3178.08853367347,3140.45904938776,3118.92930020408,3143.27039418367,3275.21621428572,3286.24074489796,3290.07934489796,3261.56055877551,3259.74795877551,3061.51210877551,2930.0239705102,3082.14242551021,2946.74108367347,2940.41214285714,3133.67839010204,3114.61458326531,3138.40391826531,2891.43848806123,3110.41973806123,3064.82851020408,3080.13369520408,3030.48216744898,3123.9486677551,3076.18804428571,3150.89542622449,3145.8787622449,3144.8131872449,3333.99540204082,3410.13585102041,3303.11960102041,3348.54794285714,3191.90306938776,3065.7080822449,3075.20409142857,2996.83266765306,2916.09368428571,2919.21429,3157.04287673469,3217.83689408163,3213.54939489796,3182.81897142857,3311.48788930612,3232.66706632653,3154.51148091837,3216.51871255102,3335.08643061225,3271.51635306122,3308.013155,3162.05338061225,3096.09235755102,3156.24797979592,3193.97387030612,3044.57065714286,3028.79421285714,3055.71682734694,3104.47651234694,3083.36893071429,3116.52923571429,3003.24488571429,2960.25852244898,3152.40886459184,3063.30721459184,2949.10889428572,2921.18505234694,2930.53603326531,2902.83524326531,3071.38222581633,3159.37811734694,3154.40270234694,3093.8853472449,3202.04296642857,3219.78784010204,3047.49918673469,3051.33068163265,3175.56298163265,3085.98448163265,3171.3976255102,3313.4068255102,3141.88393877551,3241.66425112245,3160.19943612245,3062.78483571429,3137.07150632653,3137.43748877551,3154.30723061225,3068.53022081633,3148.65600612245,3074.22721112245,3101.30829285714,3136.37699897959,3102.73523265306,3076.06509591837,3030.45550877551,3012.76923020408,3018.55927408163,3038.28826326531,3031.3705694898,3204.85931520408,3159.6591644898,3177.63144316327,3170.58472663265,3270.08090969388,3220.65930683673,3196.36554183673,3384.03192755102,3397.51176020408,3319.32811020408,3387.92760061224,3374.43298081633,3304.27876142857,3271.56596642857,3395.70867183674,3278.00574693878,3252.99274693878,3191.95834693878,3157.92245102041,3207.00409306122,3262.50290061225,3141.17684102041,3059.01208653061,3235.06115367347,3127.04850020408,3079.0984994898,3217.5724244898,3111.52514306122,3243.80723030612,3289.56434489796,3260.92976163265,3136.17919591837,3286.97378469388,3148.68090704082,3273.35813816327,3293.95356377551,3051.0612294898,2980.25018693878,3033.70341102041,3173.71144316327,3145.19172469388,3053.03784112245,3147.26825316327,2985.35870387755,3024.12194387755,2991.88506591837,3023.51513091837,3106.43623979592,3113.38168979592,3174.1532055102,3028.22496816327,3021.30788102041,3132.77655632653,3193.36246755102,3181.09132889796,3080.13775693878,3227.14657559184,3117.50144346939,3165.26447459184,3144.75150530612,3209.21215204082,3230.03940469388,3224.27885102041,3020.87599081633,3134.71553061225,3093.05792755102,3059.93201938776,3151.8647077551,3083.15911734694,3183.44012020408,3101.24302255102,3153.56567755102,3239.25307551021,3192.7048505102,3110.21686469388,3339.58437438776,3227.49451061224,3204.77732632653,3084.66724122449,3013.33525132653,2986.72149428571,3066.36844744898,3043.89954234694,3087.88416612245,3050.11429428571,2967.90909897959,3121.93364897959,3284.16179397959,3184.99504122449,3186.51784714286,3008.4747755102,3118.03254693878,2992.8679622449,2946.26359020408,3022.09684387755,3110.01744387755,3058.46229387755,3064.82239185714,3147.46279489796,3147.07684081633,3157.89721714286,3039.06575,2900.70717040816,2944.90403836735,3175.40928693878,3249.23223693878,3221.95912285714,3088.60929571429,3015.59004979592,3117.22577969388,3285.8770877551,3266.92855734694,3171.42014683673,3268.44718744898,3237.30746908163,3198.14441244898,3212.74640020408,3201.00875520408,3080.64149520408,3188.64834795918,3242.49793571429,3178.89987877551,3148.58797755102,3151.75983061224,3116.32424795918,3132.51651979592,3145.02069510204,3168.50258367347,3140.97566428572,3286.72244795918,3184.00104816327,3275.28732040816,3273.00817612245,3355.32242387755,3243.73307061224,3266.23926,3376.763265,3128.07586306122,3162.58005122449,3210.13901734694,3125.1737022449,3200.30620020408,3273.21257836735,3224.0351744898,3222.16320081633,3133.80728346939,2996.2518039898,3152.38162571429,3001.79240204082,3157.74375714286,2954.94108571429,3167.19663571429,3148.09268469388,2948.3628667449,3074.7309177551,2921.18785306122,3000.15518938775,2876.13513795918,2894.61132795918,2917.79074061224,2977.79059204082,2917.89001204082,2831.73223795918,2811.4684344898,2855.6189344898,2901.03868306123,2907.1676944898,2949.87273673469,3043.06920826531,3060.6470422449,3040.33694663265,3084.75905163265,3195.14435204082,3202.24287479592,3160.73019626531,3171.11476693878,3358.21134693878,3416.74900316327,3422.36985816327,3252.37952530612,3183.31852795918,3142.58533510204,3300.20555102041,3283.98228102041,3198.35229357143,3294.16048867347,3280.70133367347,3253.95312959184,3271.47512653061,3253.71821408163,3458.86814795918,3257.66416734694,3288.51976734694,3354.07421234694,3257.26789193878,3212.50154693878,3240.31148132653,3196.74446632653,3201.13679306123,3282.22904693878,3286.86769163265,3107.15184163265,3224.08295714286,2938.55590632653,3060.49388795918,3042.6734394898,3194.66898469388,3127.71988969388,3172.6831744898,3036.79894489796,3066.35049726531,3066.52742244898,3101.36103744898,3181.95364285714,3261.74399285714,3216.88139285714,3116.56444285714,3135.38197244898,3072.54737244898,3218.99416989796,3193.51591102041,3381.38620612245,3201.29456632653,3342.58976632653,3172.19702346939,3009.6118,3045.99165408163,3127.0454844898,3257.53668520408,3185.82007357143,3179.83937908163,3170.76558214286,3263.96018040816,3156.93222540816,3190.14282540816,3164.98249489796,3155.99194489796,3273.71803755102,3149.59886102041,3191.39771102041,3128.4209272449,3028.2344622449,3149.7675122449,3125.93515102041,3023.75675102041,2980.47317857143,3131.40878571429,3043.15432071429,3119.84954071429,2996.23058469388,3026.87975867347,3145.32204673469,3121.64738673469,2990.2732722449,3104.05067551021,3035.66718571429,3064.59069285714,3164.84743877551,3081.27763877551,3126.1615244898,3139.21221734694,3145.64701142857,2882.34631197959,2912.76919197959,2937.79911081633,2894.37022153061,2790.29100081633,2894.96955265306,2880.25057306122,2981.43374142857,2992.01058326531,2904.63495673469,3052.46374418367,3149.27309468367,3110.02567080612,3119.9314010102,2950.75289164286,3309.65416664286,3146.47911664286,2969.06170296939,3143.23882939796,3210.10650816327,2983.18680683674,3034.58503010204,3034.53833673469,2958.91183673469,3001.98911122449,2965.94898673469,2743.39359693878,2641.45326938775,2619.98703061225,2583.2935244898,2989.38148469388,2888.22763469388,3009.97601122449,2936.78986938776,3079.51845918367,3252.93335918367,3176.36588122449,3294.91869897959,3286.20092816327,3312.68153816327,3339.89365755102,3457.76338918367,3421.75108102041,3493.73150081633,3373.420675,3177.22497214286,3211.37846877551,3283.77251377551,3261.42820612245,3200.49708857143,3247.82176673469,3208.50561623469,3371.85201123469,3415.07690244898,3314.53414142857,3331.39501306122,3299.06410306122,3146.8568905102,3353.45334918367,3326.52034918367,3404.30089918367,3403.32706897959,3474.91106897959,3463.13189622449,3564.9532572449,3563.2176022449,3337.14115755102,3317.92367265306,3284.45894265306,3423.27331122449,3221.67608581633,3181.45657531633,3241.21600561225,3221.74183544898,3373.71788544898,3386.05822112245,3230.38574214286,3159.00875010204,3049.80487877551,3022.62751346939,3086.17716959184,3221.33253285714,3190.51247132653,3137.48887132653,3205.34591326531,3239.50235377551,3270.01241020408,3121.6898005102,3156.17480081633,3141.78434081633,3103.68753979592,3048.12211326531,2964.48729813265,2742.23953163265,2839.22501326531,3040.0517344898,3131.90475632653,3276.05419877551,3027.96908918367,3082.36659346939,3132.48687193878,3133.74086591837,3170.97149693878,3141.01756193878,3086.13427244898,2883.29228153061,2911.13673387755,2943.77582183673,3010.20311938776,2768.65126,3026.81596,3074.25513163265,2998.10719591837,2856.53991836735,2941.28286428571,3043.89196091837,3061.47302928571,3211.87765039796,3186.96659233674,3170.50379233673,3207.70527713265,2952.77509539796,3157.81987806122,3061.82911806122,3062.15350153061,3057.30780459184,2934.47832459184,3076.18700683674,3069.5310044898,3024.02763132653,3023.53523091837,2924.04936214286,2942.77722479592,2937.97359734694,3061.36952193878,2963.03942673469,2813.30028367347,2717.20731510204,2851.33490357143,2916.76819577551,2863.50311734694,2921.32406938776,2764.64248938776,2883.15439418367,2954.82516581633,3096.10502408163,3098.98961346939,3235.42405908163,3308.0721705102,3435.2209672449,3331.1211322449,3246.4874722449,3176.09445826531,3221.76396591837,3118.30536591837,3035.06391591837,2937.62324632653,2907.41954632653,2749.53476459184,2925.62075102041,3168.07929285714,2936.36649285714,2926.19065785714,2882.91191040816,2859.0221105102,2963.38724484694,2965.61176734694,2918.30354693878,3051.98394122449,2935.0269877551,2904.5942877551,2879.21178387755,3023.72023755102,2982.33435244898,3036.51370744898,3128.83018683673,2944.17072755102,2862.50892755102,2789.23347755102,2872.02867755102,2863.16999255102,2855.58943906122,2894.28432183673,3061.71340683674,3409.11277795918,3362.81817795918,3348.09627795918,3362.30527795918,3242.90487826531,3286.61929326531,3220.05784326531,3215.49516,3304.08792091837,3148.3871155102,3134.81728255102,3186.8663022449,3326.0350955102,3306.38232887755,3443.63357438776,3287.59145495918,3205.45462653061,3242.63421979592,3133.45951938775,3126.07082316327,3047.72463540816,3014.76552908163,3130.09181538776,2937.26690114286,3025.72851820408,2983.73768612245,3074.28320693878,3106.51623867347,3015.2129844898,3165.38513979592,2974.15133673469,2987.82504214286,2748.90866653061,2907.24426762041,2839.94781561224,2835.23979602041,2707.01724606122,3036.7566294898,3183.47734765306,3131.04283408163,3016.17804857143,2908.62887979592,2998.89761755102,3030.97281510204,3081.84484755102,3078.61538908163,3129.50412520408,3100.97700461224,3022.49645438775,3160.48644457143,3166.35954702041,3160.4247944898,3306.18637053061,3127.237504,3161.81886755102,3146.27135453061,3172.47613204082,3101.92153367347,3198.15870336735,3053.28839183673,3218.47893755102,3065.59761867347,3174.87089020408,3296.29800561224,3343.2149305102,3138.63647479592,3010.72559428571,3030.65608846939,3256.22196795918,3206.51710857143,3086.15081673469,3021.27846081633,2939.32069928572,2962.94255295918,2888.05528357143,2894.66867846939,2962.14645010204,2807.60155510204,2992.53870510204,3035.28270510204,2950.65875408163,2975.28385714286,2920.57575285714,2928.40433285714,2988.75108816327,3069.87728714286,3077.0595155102,3000.1165655102,2957.41343306122,2821.56567922449,3006.3002855102,2969.12180816327,2751.23553020408,2671.66262877551,2697.71376506122,2701.85718877551,2860.56370955102,3213.73175873469,3289.94092102041,3227.95435959184,3150.19400979592,3147.64475612245,3061.70873510204,3142.50676326531,3195.93836530612,2829.88982367347,2735.23305469388,2625.0953077551,2709.75455714286,2786.44513510204,2926.31321581633,2870.79971581633,3054.58635918367,3112.7691122449,3162.65776938776,3131.65613673469,3030.87617336735,3092.14163908163,3028.65528908163,3156.40598693878,3373.28375928571,3176.68740683674,3054.790915,3016.52239204082,3123.36288020408,3229.90421744898,3145.05475510204,3094.02719183673,3137.96299387755,3149.87771326531,3015.05806285714,2884.88572469388,2962.3144640102,2976.08668788776,3038.37834489796,3043.37526255102,2981.87536785714,3060.36165061225,3190.38910734694,3120.95668265306,3141.16411081633,3105.27626938776,3054.24695877551,3168.50155755102,3119.6994122449,3215.67555408163,3152.21222040816,3202.66434969388,3231.73489489796,3388.96129489796,3338.22122489796,3402.33685122449,3418.24261612245,3329.89507653061,2973.78532346939,2975.82357979592,2948.26555642857,2851.98271295918,2941.67006020408,2921.02585571429,3037.46061346939,3016.69539,2981.89261836735,3064.92121030612,3077.83642153061,3088.49524020408,3108.67325877551,3060.6690577551,3054.252505,3110.2734972449,3052.60092785714,3051.16671734694,2966.10705938775,3001.86403816327,2975.73557040816,2990.77903918367,2945.14955173469,3026.54709397959,3054.34172877551,2924.28703427551,2994.76041733674,2716.47641265306,2960.11019857143,2914.46986102041,2930.76941795918,2811.98550030612,2946.16968877551,2969.86083877551,2889.14701826531,2899.93617826531,2863.77015502041,2736.95599316327,2818.18492959184,2819.91602428571,2767.77112173469,2867.66569663265,2781.16963489796,2797.50606887755,2725.78491887755,2879.48545510204,2978.59857612245,3034.16208469388,2966.57500408163,3025.80587408163,3197.41289367347,3213.23662040816,3283.572515,3084.64098469388,3159.83241,3182.78903,3239.121855,3135.13332,3246.6695294898,3129.63964316327,3081.47641081633,2964.65761081633,3054.11339071429,2987.05302755102,2998.64803265306,3095.30583571429,3116.95486918367,2896.55446918367,2935.24156918367,3092.01154918367,2969.77554418367,2991.03219418367,3091.61307634694,3034.90842634694,3033.95793634694,2882.12544081633,2955.54846755102,2874.57140510204,2920.44930510204,2941.82745510204,3120.37687204082,3126.51810897959,3051.64406122449,3099.70123428571,2966.04839489796,2929.58139816327,2981.40935469388,2903.04986183674,2866.33902183673,2835.26616183673,2919.56056612245,3089.30250408163,3118.71062326531,3093.59219326531,3124.83559877551,3114.09110877551,3086.95149367347,3148.43431081633,3077.642195,3103.84553112245,3099.87008193878,3156.51761357143,3194.34089214286,3076.15271357143,3053.60941520408,3175.65413010204,3061.64940540816,2974.9541572449,2892.62622061225,2857.62937183673,3135.81204571429,3078.74483469388,2979.11099704082,3005.05683887755,2891.13146908163,3082.02021367347,3119.60658040816,3290.91443857143,3178.86002857143,3198.90195857143,3225.53171663265,3018.46138602041,3003.50638602041,3014.98380408163,3105.72937551021,3191.72367122449,3197.13809653061,3123.33464653061,3011.06344204082,3130.17369081633,3197.15045306123,3184.10019489796,3116.29980377551,3132.9972977551,3090.3430127551,3029.1882755102,3096.10991346939,3083.43706122449,2988.07798571429,3128.91348571429,3159.72148571429,3123.91550306123,3168.8959755102,3259.64413469388,3402.1608777551,3499.84934408163,3476.46451908163,3234.79257428571,3255.56228428571,3245.71841244898,3186.76867334694,3152.55661061225,3193.89037155102,3216.35984693878,3135.14349693878,3129.17308571429,3123.99424112245,3309.60120612245,3203.01303612245,3256.01508469388,3323.34161367347,3152.28776795918,3081.13961795918,3237.57221122449,3290.72321122449,3225.33290714286,3144.87885918367,3167.72500632653,3241.16350632653,3062.06932163265,3155.21822163265,3233.28685434694,3205.06585581633,3209.25706795918,3255.57880510204,3167.04168204082,3122.19103138775,3224.32634685714,3319.18334685714,3259.94223985714,3090.19768367347,3124.09362142857,3061.62729306122,3136.34287632653,3078.64048653061,3143.35828428571,3115.45255479592,3158.49988571429,3053.03267346939,3088.69927816327,3227.40821665306,3216.77320665306,3225.14645653061,3192.35684418367,3122.54117369388,3065.61320387755,3287.34111887755,3239.15769214286,3324.12919214286,3233.13845734694,3205.27166591837,3175.46881826531,3286.23803877551,3096.97085214286,3238.13888806122,3192.53249612245,3250.92159795918,3147.87458785714,3198.44578214286,3062.70770326531,3190.61583,3111.17476504082,3256.17958061225,3178.44247061224,3206.36570561225,3242.03116632653,3332.94323877551,3264.21998877551,3166.54864714286,3058.33632244898,3201.56886408163,3151.9183927551,3160.23185489796,3129.28550489796,3197.64477469388,3131.15911510204,3146.48386020408,2945.52853265306,2974.67128510204,2909.00279112245,2879.12661612245,3141.08149428571,3307.97719428571,3179.32206122449,3150.40501020408,3207.45083183674,3169.3735155102,3238.78097387755,3180.57372081633,3229.40082244898,3084.49535877551,3112.93072551021,3090.02893877551,3130.52023877551,3066.43052867347,3128.11618367347,3126.25430612245,3068.64045,3052.10415,3047.99122857143,3009.96343357143
358.530612244898,3276.92936408163,3214.49616408163,3298.85841408163,3401.9896522449,3427.7221022449,3483.88703969388,3423.85966377551,3360.22638336735,3311.81342602041,3415.95722602041,3334.23798479592,3257.19675785714,3432.45725132653,3346.57990704082,3240.11434530612,3300.23909510204,3330.60961795918,3262.71128795918,3366.97540993878,3325.15867743878,3360.69916622449,3336.26075469388,3395.0519977551,3391.6563277551,3345.52736734694,3365.80992489796,3302.12521918367,3316.11941836735,3356.20832285714,3229.04855071429,3198.72309081633,3244.89267377551,3375.81408969388,3265.43017846939,3430.32462642857,3397.08387642857,3441.40751418367,3370.76365204082,3444.33540408163,3482.70469183673,3376.68867591837,3323.90172632653,3343.11612632653,3347.00229632653,3316.28485785714,3399.26122693878,3269.70409693877,3299.30964193878,3344.20944102041,3465.54864255102,3366.03210969388,3450.40535591837,3294.47007887755,3253.11663989796,3196.86046261224,3205.4172422449,3104.5177922449,3179.03537755102,3120.58624469388,3107.4180955102,3099.2232955102,3265.08200367347,3323.90533571429,3297.43657571429,3284.99374571429,3364.00710163265,3321.07171387755,3405.96814795918,3279.2098655102,3156.36459632653,3098.5628922449,3224.24494721429,3206.07387581633,3157.04770989796,3171.57020306122,3292.01550653061,3214.04215510204,3328.98812653061,3206.34603295918,3230.68046163265,3134.26622163265,3353.30083887755,3337.88998857143,3374.35430826531,3266.3447805102,3325.47752244898,3453.76411938775,3347.56306938775,3351.15116734694,3402.06805612245,3320.38793163265,3439.10952755102,3310.52478785714,3189.1549,3070.05169918367,3148.24107510204,3176.3944244898,3077.78710367347,3023.72950397959,3304.28669612245,3233.20987112245,3208.50535489796,3082.45889061225,3176.82751510204,3081.31296673469,3128.58271673469,3112.10155040816,3146.91930040816,3182.89914040816,3219.89854040816,3260.6779355102,3229.01203285714,3211.34629714286,3228.23604693877,3240.64822244898,3117.59251244898,2929.65474693878,3156.92389040816,3191.10874173469,3038.42788663265,3306.20116632653,3183.5946755102,3175.8038755102,3088.55819285714,3033.19495204082,3159.72712204082,3115.64097204082,3109.00619346939,3216.70214346939,3194.98227346939,3063.62864846939,3267.76918979592,3133.93324795918,3283.00554081633,3260.46347040816,3064.71207612245,3227.05273097551,3282.30137202041,3302.62381693878,3262.92740326531,3229.28941653061,3285.99518632653,3293.73293632653,3290.58845571429,3311.39480571429,3332.17575571429,3285.17283530612,3113.81533510204,3133.67661816327,3290.03016755102,3250.47246755102,3064.85356755102,3027.05314591837,3021.17703693878,3041.9855772449,3191.39253142857,3342.09338204082,3315.42063204082,3229.51281704082,3366.82305857143,3163.36882326531,3177.18909591837,3189.97369591837,3172.11210408163,3291.50438091837,3268.58979591837,3279.60943877551,3303.00403265306,3144.76716897959,3128.67537440816,3195.4795405102,3144.4054905102,3215.3348405102,3171.47634795918,3234.81480173469,3108.54278867347,3281.77931367347,3251.12933867347,3260.48304489796,3313.64262653061,3290.94104153061,3314.24972653061,3279.34186836735,3308.75475602041,3212.24749734694,3307.70347397959,3276.99562153061,3276.55063030612,3374.87179826531,3468.78004857143,3419.76593561224,3430.57996061225,3427.81709183673,3248.96674265306,3250.11739765306,3220.03501765306,3209.11474918367,3099.17417438775,3191.26817836735,3322.22199887755,3240.26240204082,3197.96583010204,3231.45468316327,3201.60936326531,3137.73744540816,3203.18992704082,3193.21659204082,3286.88463428571,3263.06205836735,3195.77826346939,3345.54051510204,3354.27402142857,3353.99664387755,3235.5066672449,3290.71155173469,3280.92432265306,3314.71290632653,3306.93682785714,3395.94115479592,3331.71112418367,3407.37613081633,3275.10173377551,3430.66275204082,3110.07121591837,3157.26301928571,3282.51257670408,3326.52009221429,3208.15994221429,3166.07793571429,3177.21654387755,3045.71702959184,3262.45389081633,3440.34499540816,3313.82229479592,3379.88659897959,3349.4667377551,3370.16219081633,3304.7934944898,3327.75746755102,3281.14789959184,3400.7899722449,3405.75951877551,3339.73923918367,3288.36084285714,3386.75337061224,3353.17601081633,3438.99288020408,3318.31884020408,3290.50769826531,3246.39275969388,3255.64961122449,3144.96194938775,3214.71702959184,3196.33419387755,3064.98168877551,3249.15613061225,3265.42977142857,3286.12976836735,3374.16962408163,3279.60312112245,3222.40974989796,3208.11511846939,3341.03568071429,3338.06034821429,3440.44497959184,3390.49499693878,3407.28259693878,3340.30239693878,3335.16903571429,3213.11291030612,3164.61317755102,3240.75311615306,3321.0017777551,3398.04497897959,3364.61560397959,3380.67624581633,3331.00299081633,3374.34794183673,3372.15644183673,3357.14230683673,3272.01895683674,3431.01426836735,3225.99127897959,3194.25371857143,3102.59658489796,3144.61315989796,3222.44208587755,3127.07756587755,2989.48432587755,3213.82864857143,3235.05619857143,3285.60616683673,3269.02203816327,3192.38005265306,3169.88107969388,3182.84244234694,3212.17113303061,3229.36230612245,3430.71609612245,3424.69474612245,3480.98236204082,3451.68593632653,3521.47582010204,3398.79159102041,3468.8990594898,3509.19949530612,3314.79561122449,3217.86263122449,3280.8310877551,3344.55369448979,3133.22441081633,3335.22501959184,3282.03235816327,3359.12640265306,3352.14456816326,3344.44785081633,3254.06581755102,3276.55361755102,3211.27769928571,3160.48095306122,3165.37959204082,3123.10604591837,3271.55943622449,3246.03161122449,3171.95502714286,3204.06819693878,3301.68425612245,3263.62976122449,3428.77378418367,3345.93404632653,3345.0767990102,3115.68125122449,3090.35448755102,3157.88106602041,3158.44985714286,3105.8672772449,3045.50052785714,3043.12566234694,3163.01299102041,3085.2005645102,3083.40564367347,3049.78907183673,3096.56281061224,3203.62377469388,3104.84178714286,3108.81864938776,3152.14086438776,3152.18093346939,3119.3170077551,3069.75120061224,3186.92904285714,3023.71532020408,3192.77384693878,3132.59636938776,3054.72359387755,3127.24888877551,3109.86015877551,3129.79821489796,3189.95407346939,3290.57602959184,3203.91738755102,3238.29090326531,3218.2502244898,3286.21872591837,3397.19321489796,3207.77025714286,3312.93146397959,3159.88969387755,3161.21912622449,3181.83959836735,3255.2906144898,3397.67048673469,3423.73116285714,3436.64564030612,3514.13033030612,3469.6162444898,3400.3205344898,3357.6539344898,3413.2829044898,3427.30272571429,3446.98347571429,3503.66772571429,3351.37200510204,3548.69378479592,3392.186019,3439.0950827551,3361.1592827551,3376.83639071429,3404.6092305102,3389.9451055102,3428.02883387755,3361.26428387755,3470.84672877551,3585.35812806123,3495.03556530612,3429.71235306122,3308.06820306122,3298.99310265306,3230.60538714286,3196.96278346939,3315.77353163265,3347.47188061224,3272.15078877551,3486.51684489796,3467.69305714286,3405.71419591837,3480.19121122449,3558.39794795918,3516.33212612245,3510.31733061224,3416.22433755102,3221.77318204082,3150.93259693878,3054.81466877551,3289.43683938776,3169.05538112245,3170.78473846939,3178.96747765306,3324.27944165306,3318.84017602041,3250.21151265306,3234.45958765306,3359.27389673469,3251.35207489796,3275.66885428571,3361.73054734694,3472.1216822449,3196.88449142857,3223.9537055102,3195.95484581633,3068.53548789796,3091.03570714286,3161.46033061225,3182.94814795918,3105.1491755102,3205.04614183673,3206.44086632653,3105.84228877551,3248.01648877551,3065.00243469388,3178.66728469388,3226.01640816327,3347.34295816327,3361.03484183673,3366.65652346939,3264.16375,3134.91626166327,3113.43096938775,3171.90476877551,3249.34924959184,3044.33069040816,3023.97523367347,3190.90589081633,3161.91430673469,3168.02717142857,3099.78767142857,3337.54427142857,3455.91677142857,3296.44223693878,3291.59883061224,3227.19838469388,3445.01692489796,3386.39959183673,3329.93247193878,3226.99631061224,3182.49990897959,3137.65587428571,3177.12302816327,3047.56081214286,3144.80487877551,3182.95578877551,2993.03998377551,3077.50894877551,3212.14668377551,3332.80602877551,3172.73397877551,3187.10030510204,3123.39091744898,3098.37828826531,3189.38975326531,3099.72125326531,3110.35991571428,3076.3594322449,3043.70395683673,3230.86829816327,3205.04243326531,3318.08887102041,3318.85079897959,3367.9426544898,3400.76723708163,3390.89672897959,3202.18191859184,3276.88770877551,2886.04530571429,2888.59303489796,3083.68090183673,3044.19444020408,2956.3885127551,2985.95447061224,2993.43441212245,3045.35841212245,2990.84646163265,3175.93922153061,3084.71550653061,3112.04985653061,3185.46795153061,3177.21848653061,3207.49896142857,3258.90166142857,3422.62320632653,3425.36356836735,3329.41941986735,3408.82053836735,3316.45988918367,3274.70188857143,3363.50650802041,3277.02217802041,3147.31554802041,3199.82276571429,3097.51954132653,3130.50636765306,3175.22786765306,3170.17160265306,3184.29835591837,3141.74228755102,3188.92013173469,3130.82475673469,3119.30822969388,3115.23975153061,3170.37931908163,3161.80310132653,3058.5825405102,2975.25460571429,3066.90667571429,3243.74552459184,3254.21700122449,3198.39291918367,3130.73822418367,3132.47714918367,3146.80773285714,3195.08000979592,3095.78751897959,3270.58884244898,3320.77583265306,3244.25208857143,3205.17345918367,3102.58305612245,3184.57332265306,3323.80737765306,3432.92160612245,3203.5395355102,3261.3061722449,3343.5921122449,3338.8462022449,3374.9273622449,3398.0053122449,3243.91470859184,3355.06155816327,3286.50806316326,3022.65625,2975.70394795918,3133.23467387755,2951.9166544898,2916.32130826531,3004.22894285714,2936.02927571429,2900.04787571428,2927.42027306122,2896.42868510204,3071.83857928571,2892.00364887755,2871.83812918367,2930.18988418367,2931.98918938776,2936.267735,3046.0502755102,2925.92867785714,3067.49779540816,3120.44214928572,3154.76630428571,3308.5146848398,3126.34107912245,3104.07269102041,3129.75089102041,3186.26114,3462.23129,3279.35892142857,3240.25293673469,3257.42813622449,3279.10509204082,3223.76388367347,3195.03399530612,3208.3468977551,3169.56159489796,3048.56526816327,3071.31349795918,3179.73379632653,3377.15687755102,3401.04084795918,3310.33120255102,3373.66311428571,3390.49086428571,3311.69637428571,3428.21186081633,3436.04703081633,3339.59478887755,3334.19216734694,3334.95243979592,3391.68306520408,3335.89236170408,3487.05251122449,3375.72421122449,3360.73791918367,3275.70719561224,3389.47447214286,3386.20319816326,3334.87364816326,3369.85773632653,3407.35721632653,3155.74527306122,3180.91205918367,3285.47266908163,3301.62555163265,3141.37845102041,3274.01989877551,3233.28274285714,3276.37894755102,3295.4402872449,3354.98157428571,3486.47446836735,3433.66347612245,3346.99970057143,3402.11545432653,3338.97099306122,3325.80432193878,3292.64951489796,3262.10563408163,3421.36548571429,3285.24605622449,3430.25617387755,3418.42507346939,3345.76669795918,3531.25553469388,3393.78323673469,3404.91258520408,3346.54129387755,3295.4636255102,3234.5492427551,3263.07421326531,3251.42533673469,3206.7572755102,3218.45206377551,3255.8134744898,3295.04583112245,3232.51307346939,3264.13164285714,3274.54334387755,3382.74564316327,3479.19834469388,3365.28102897959,3470.87585612245,3421.71250163265,3391.78432489796,3329.3216027551,3364.70243836735,3362.37295530612,3435.31058693878,3308.15727040816,3296.83727693878,3290.01156306122,3157.32618734694,3304.37803489796,3280.82102673469,3259.30887520408,3072.37272520408,3152.92982520408,2990.86812163265,3028.36639040816,3014.58641285714,2943.99992683674,2941.63180112245,2963.39045765306,2965.84952265306,3110.73549489796,2956.05669469388,3031.18178469388,2897.41568469388,2938.06989969388,2843.21167918367,2765.72341122449,3133.43865408163,3021.73746744898,3144.42337020408,3486.81318346939,3484.50438346939,3471.21297,3334.71634010204,3445.61924010204,3449.52554408163,3343.80890938776,3371.35623142857,3378.26794642857,3393.67662459184,3348.49121959184,3386.60936653061,3330.86286530612,3276.8132877551,3341.0523827551,3447.72267438775,3335.1121005102,3404.13001020408,3268.22139285714,3269.66239877551,3292.53589173469,3392.31784173469,3600.16040795918,3382.23121938776,3061.84614867347,3082.99958020408,3336.33965387755,3137.79546122449,3142.42299704082,3104.93294091837,3177.42706091837,3216.87724112245,3228.06061081633,3213.56051530612,3223.28910877551,3183.40185877551,3273.36402020408,3165.2188555102,3184.6259055102,3269.73199081633,3201.87653428571,3226.04486102041,3199.1343155102,3226.4321855102,3326.2140522449,3429.3752855102,3354.5597944898,3306.7975294898,3453.3742744898,3426.5563744898,3382.14738367347,3358.44752244898,3432.66267755102,3461.73843755102,3307.94220632653,3387.68130632653,3292.95840632653,3386.06435979592,3476.72350979592,3268.03000979592,3344.26125979592,3228.98677653061,3280.07064826531,3323.55050326531,3391.93359418367,3366.90433918367,3346.67586816327,3290.91336816326,3307.75236816327,3398.03964816326,3300.69729969388,3281.29934040816,3128.87028540816,3090.38868540816,3178.98335040816,3250.0679255102,3296.2544255102,3312.48821959184,3327.84691306122,3352.75517806122,3279.22819489796,3475.3703744898,3404.73655379592,3318.19534318367,3362.87028755102,3336.80544877551,3405.09435204082,3360.3258044898,3251.03639481633,3363.28430561224,3326.49876061224,3344.48337795918,3213.51602142857,3308.25056142857,3105.86551867347,3212.4535077551,3208.46241428571,3042.14239438775,3133.35985602041,3017.28250602041,3113.50551316327,3126.84804469388,3155.68093938776,3361.82340836735,3403.80169693878,3274.85809877551,3404.32024877551,3367.57204265306,3121.93449438776,3181.70128265306,3057.89295346939,3358.1431344898,3453.66091816327,3377.93375918367,3399.16940673469,3316.56510897959,3432.55969061225,3359.87317857143,3331.73021438776,3242.90723591837,3282.01746602041,3122.99866612245,3103.36944969388,3263.12664969388,3211.00989969388,3356.34084969388,3296.33385044898,3294.80267346939,3403.03604285714,3323.45405285714,3407.28356132653,3458.1753877551,3476.26796959184,3303.38804959184,3337.15385897959,3468.54311561224,3262.66666734694,3225.66494040816,3325.99131387755,3329.78112510204,3328.54773173469,3437.55021602041,3305.95263295918,3405.49858153061,3405.25529653061,3382.10037142857,3411.5479,3354.98509,3322.13128887755,3189.25123673469,3187.38814734694,3108.99235816326,3144.84068836735,3254.06152163265,3257.44055326531,3293.67922040816,3164.98332040816,3167.62594173469,3200.11355857143,3214.09419683674,3228.63501530612,3192.28046530612,3359.17680510204,3489.59121265306,3233.44729489796,3371.27264897959,3247.43519591837,3272.20877040816,3204.68307755102,3067.55568602041,3090.43945673469,3046.16914887755,3111.72768571429,3221.69596734694,3244.55352142857,3143.44216887755,3130.7585227551,3204.7970077551,3194.77648979592,3223.69078979592,3094.53823979592,3169.9586744898,3212.1440744898,3078.57164806122,3192.9880122449,3269.9819622449,3247.83634030612,3095.41107265306,3193.42418265306,3102.85902214286,2937.01990071429,3102.33822826531,3099.26976612245,3142.39862510204,3106.03937204082,3121.92596014286,3378.78491142857,3261.46746489796,3247.64779591837,3320.98551489796,3277.24464183673,3295.57494183674,3240.67220816327,3255.46879959184,3274.64077653061,3128.4039994898,3065.57185714286,3031.61881020408,3024.18285836735,3092.40252346939,3075.40513846939,3064.77948163265,3151.04673163265,3139.53360102041,3227.83751418367,3311.14423591837,3217.33674030612,3293.1669122449,3431.62151530612,3329.23775795918,3266.52661530612,3305.77544540816,3381.46897040816,3352.18912040816,3376.87661632653,3411.73859816327,3373.48769877551,3420.38223979592,3351.51670714286,3342.79813346939,3286.09080122449,3372.68943642857,3335.03825734694,3383.92037428571,3400.36691367347,3449.24162979592,3462.42514591837,3543.80315204082,3434.84051755102,3412.56187612245,3333.22336122449,3463.16346612245,3294.81258244898,3394.7001844898,3334.0536477551,3349.13086591837,3394.43602122449,3493.71602081633,3386.10750336735,3377.98621040816,3486.86848346939,3269.6689677551,3354.44887597959,3343.21137857143,3361.29054755102,3306.39709857143,3578.911445,3553.67320979592,3432.1951514898,3442.8555014898,3457.17417816326,3335.61784061225,3492.30807714286,3458.30421040816,3469.35332244898,3444.08779306123,3388.39540306122,3405.85987306122,3372.77012306122,3391.07452306122,3368.02405734694,3338.34985734694,3226.29058571429,3301.90375510204,3303.05442244898,3157.17486336735,3090.23909785714,3040.62729295918,3377.60364767347,3329.99389612245,3330.65828653061,3346.33207673469,3373.12335877551,3151.70175387755,3191.71286163265,3158.45910632653,3174.23121795918,3209.25891091837,3194.22136897959,3169.63155091837,3148.26577591837,3162.51247591837,3121.05039091837,3179.36853459184,3122.7387055102,3192.5263855102,3119.57502489796,3286.68749632653,3237.90574285714,3315.85951285714,3346.23582857143,3246.43618622449,3278.18085122449,3335.47776489796,3464.81617959184,3367.73437959184,3390.17237244898,3300.90399387755,3390.18430306122,3332.74381122449,3465.51798663265,3429.93328295918,3316.71808295918,3263.59355428571,3135.45606428571,3165.17968673469,3099.30745938775,3134.42935540816,3192.24868877551,3326.29543387755,3258.66722663265,3478.33022418367,3263.74920918367,3119.20195714286,3229.50918367347,3239.5327744898,3158.7439144898,3169.9498144898,3210.2357344898,3209.5260244898,3236.22067193878,3231.44921693877,3312.0797852449,3366.95549061224,3298.88999561225,3319.29208061224,3335.96936389796,3377.51944844898,3351.25611384694,3366.85146384694,3410.68917142857,3365.07422142857,3340.27822653061,3408.19942653061,3353.33394520408,3371.07069,3429.865975,3433.26652336735,3302.6593844898,3308.74237673469,3303.17358938775,3503.65685132653,3390.14829510204,3456.54018387755,3483.79699122449,3419.64268428571,3379.49885653061,3340.30926877551,3439.07648346939,3317.62522612245,3351.51798755102,3350.45485918367,3356.69709418367,3448.19356153061,3470.08981489796,3293.98682040816,3503.15426836735,3708.27453265306,3375.09499795918,3398.08789795918,3427.32436122449,3461.49371622449,3444.75234540816,3379.76350459184,3310.71322734694,3276.39563530612,3363.43310836735,3297.88622979592,3364.72618438775,3335.42380928571,3375.83423020408,3218.90757520408,3212.98861163265,3200.25475561224,3257.2407655102,3358.90579561224,3265.30394322449,3255.87093516327,3331.16080795918,3368.37960785714,3316.30397255102,3271.86925632653,3324.57592918367,3280.83748061225,3129.57766661224,3016.56817244898,3003.12548571429,3030.40556040816,3026.24400326531,3111.4951844898,2883.45446346939,2891.79454285714,2875.14804336735,3031.33929336735,3157.32395020408,3370.06061938776,3341.39054081633,3229.58646734694,3227.90625183674,3314.58382653061,3290.45626530612,3192.67606530612,3304.64665163265,3287.92613265306,3228.56696765306,3260.50651632653,3134.90524632653,3178.73313714286,3220.09355,3047.98329836735,3063.06066438775,3150.11655316327,3384.76793153061,3123.28937336735,3148.63600469388,3037.56073591837,2896.3115672449,2964.34114917347,3133.21615704082,3168.39603387755,3049.88496142857,3008.54212622449,3063.87675683673,3074.42103102041,3179.02698591837,3174.16056530612,3191.42567734694,3226.79590571429,3147.15861346939,3263.77562846939,3264.39417846939,3187.27073846939,3332.35414102041,3128.70566204082,3324.24617204082,3388.31615979592,3340.43354979592,3334.94081632653,3242.28596197959,3278.27149193877,3304.88648979592,3200.09914020408,3385.99443622449,3401.35616673469,3291.67212367347,3009.23034612245,3037.98652132653,3016.22252959184,3006.40026877551,2985.11751877551,2927.63661877551,3100.98627387755,3014.58601979592,3007.92903571429,2955.4132094898,2986.5359144898,3021.6982694898,3275.90743193878,3251.38401183673,3141.25930959184,3260.54714418367,3309.59558418367,3249.71279581633,3251.97740642857,3227.96038438776,3274.74386938775,3305.42906938776,3381.88349183673,3459.28632959184,3300.2430805102,3398.72790612245,3399.99284081633,3301.00964081633,3481.58791836735,3456.38188408163,3346.01360867347,3223.74969693878,3328.28219591837,3209.65927857143,3423.72517316327,3407.09517765306,3352.93080122449,3386.76930122449,3398.59457642857,3399.18284397959,3483.35398897959,3395.4381172449,3337.4607172449,3377.0831055102,3441.3037,3398.7721,3500.4277,3404.28941897959,3439.00546,3447.05034479592,3440.32227479592,3357.77250938775,3437.7439144898,3373.09573989796,3353.35614887755,3439.95407387755,3279.44151887755,3148.15337887755,3095.05997306123,3066.90742367347,3257.63376387755,3246.59452734694,3316.49045336735,3396.77246306123,3377.39656528571,3418.96033528571,3289.95439081633,3379.5501294898,3432.17860326531,3342.44551326531,3279.78921530612,3318.43229489796,3400.80430571429,3238.28568438775,3160.76409938775,3093.81807244898,3178.99738265306,3118.67468265306,3222.16157602041,3199.42592469388,3150.59340408163,3199.82831122449,3199.06181020408,3246.3973994898,3444.06715306122,3288.20318806122,3263.14245142857,3300.31430142857,3349.63097520408,3297.91270836735,3318.66421489796,3328.46657285714,3225.63212285714,3161.98412285714,3269.00166285714,3156.38657285714,3254.20357755102,3172.68754142857,3172.35149142857,3334.67449142857,3290.39978979592,3250.94543857143,3252.81008459184,3216.53533520408,3275.16921081633,3367.52304142857,3452.88486632653,3330.25097591837,3488.13803326531,3462.74229214286,3366.95283459184,3318.26753908163,3394.2046294898,3429.4912494898,3436.0391694898,3424.1233944898,3329.7267027551,3418.4438527551,3476.2110522449,3337.23173571429,3415.3969222449,3423.02399826531,3459.54571663265,3384.504215,3409.44865173469,3376.15913306122,3290.0019322449,3254.2436772449,3247.44377071429,3186.09830010204,3241.4311172449,3239.31805714286,3398.14602214286,3313.49416091837,3401.34246959184,3453.37328612245,3387.3763677551,3335.17974877551,3315.88072510204,3259.89257591837,3291.80153806122,3415.45316397959,3461.35758897959,3362.39165469388,3487.28449102041,3377.5170222449,3439.29084826531,3271.7836694898,3255.76165938776,3308.28247938776,3213.90662938775,3221.23189183674,3337.39175653061,3254.75756867347,3181.15581285714,3068.26021061224,3269.87285693878,3354.18981653061,3028.30797857143,2970.60983520408,2939.14264632653,3168.45082306123,3159.69439673469,3135.67714173469,3041.16626673469,3178.82779173469,3105.60616173469,3088.03816795918,3000.70775795918,3116.03463969388,3096.77834193878,3232.59762204082,3240.28686887755,3214.57049387755,3241.8063222449,3296.36101022449,3385.13271346939,3310.77740673469,3334.42397663265,3330.85640826531,3324.42605714286,3390.84172244898,3342.58793571429,3375.89625520408,3398.39317602041,3297.47229693878,3343.11594897959,3292.97438714286,3350.37377489796,3504.32131530612,3319.18602887755,3364.71565734694,3319.64319571428,3454.43050265306,3424.07275306122,3408.50017755102,3330.04178979592,3402.93593979592,3394.13515714286,3389.58609489796,3259.44919020408,3337.54961163265,3237.42610877551,3270.74594510204,3291.81845112245,3461.83259989796,3344.27283408163,3420.72697561225,3380.26839704082,3306.9571822449,3312.9794372449,3349.70003683673,3417.49423510204,3291.73655714286,3285.29873367347,3379.50844959184,3283.84022102041,3263.40901183673,3419.40455204082,3409.69211632653,3348.37692081633,3362.08883183673,3362.08859857143,3368.11197285714,3395.06792265306,3260.76028091837,3291.84732244898,3468.45661836735,3225.23771326531,3200.2134994898,3297.7299244898,3311.56486469388,3285.19097969388,3120.45071469388,3216.64936469388,3249.63351357143,3347.95937153061,3347.95847306122,3396.55178,3335.16307071429,3355.81652632653,3458.35678142857,3323.40304785714,3236.84422081633,3197.49944612245,3276.78989673469,3315.43604918367,3282.82639755102,3424.84873530612,3402.25763530612,3307.31565653061,3360.64766428571,3449.00046428571,3424.00747959184,3371.42637061225,3278.13566204082,3303.10992204082,3293.40634306123,3285.93615795918,3381.34797867347,3174.60867102041,3052.19228673469,3371.92479469388,3336.61966795918,3371.98790469388,3516.41405469388,3451.10028755102,3431.17713755102,3428.82413081633,3309.62352734694,3327.27301734694,3483.89377897959,3494.28213683673,3441.82728806122,3499.3395144898,3330.13215836735,3453.92430102041,3269.89436091837,3270.51828265306,3243.29100510204,3199.93804612245,3191.11686714286,3198.91810828571,3162.60990328571,3223.32561918367,3283.48313265306,3338.37099591837,3271.60770510204,3235.14170989796,3187.9560005102,3276.30043061224,3536.31415163265,3494.05923091837,3431.45005744898,3324.61483163265,3380.1170372449,3331.14546122449,3415.13135153061,3436.906145,3320.97855928572,3323.49507193878,3300.78154193877,3381.26039693878,3310.42526795918,3404.77596061224,3367.46286489796,3340.96929693878,3384.55908836735,3290.97642244898,3367.47426836735,3453.42356632653,3277.11676040816,3404.36842397959,3434.54284734694,3369.05920346939,3298.95880102041,3288.15445102041,3331.35033,3255.98976244898,3231.62490918367,3372.93778367347,3338.07452622449,3336.91231857143,3290.04708061224,3196.12195897959,3300.32795265306,3322.33433265306,3259.03754693877,3285.19845030612,3060.52172540816,3341.51368469388,3203.72798469388,3095.69902765306,3055.15766855102,3166.95032377551,3243.79503877551,3196.07368877551,3329.89943857143,3254.61706020408,3282.01638408163,3268.71550142857,3369.84851783673,3193.14947567347,3226.52033897959,3068.77763897959,3038.49398897959,3115.50403061224,3134.16793061224,3131.83602387755,3118.78299387755,3160.21074387755,2916.13146326531,3168.3655722449,3159.01319102041,3232.71492510204,3164.61538306122,3170.1894222449,3097.73427693877,3049.92191193878,3067.52289602041,3083.53890173469,3069.80019959184,2946.31584959184,3011.28015438775,3018.45600438776,3060.13495938775,3113.66589438775,2977.97533091837,2988.62664693877,2910.39080142857,3049.14725622449,3263.56354877551,3194.70764183673,3325.8470094898,3346.03988693878,3262.86706153061,3236.26655122449,3180.6533772449,3204.49350489796,3151.22897610204,3197.07531102041,3313.52356244898,3352.59764102041,3389.05075591837,3398.08462326531,3035.01117408163,3020.3598022449,3046.10047510204,3048.45629693878,2971.76204897959,3031.69222367347,3156.81313479592,3114.58885408163,3158.94493908163,3282.25094408163,3293.34565540816,3344.57043061225,3390.78371020408,3345.14838571429,3416.75495204082,3471.60132959184,3393.59147846939,3360.77642346939,3314.25877346939,3390.29047846939,3471.34847346939,3301.13890408163,3395.65149489796,3491.30873489796,3453.83469489796,3354.61907785714,3454.95652785714,3327.82074285714,3453.10949285714,3367.81424285714,3383.81214285714,3420.27974285714,3386.46019285714,3416.41224285714,3397.38878785714,3324.93490285714,3350.15702346939,3332.96391122449,3394.12869622449,3354.40204622449,3305.65384581633,3333.13654067347,3291.20544897959,3305.07268061224,3317.52102908163,3394.86952908163,3256.95193816326,3431.47213244898,3483.92971632653,3404.01451693877,3443.75118346939,3442.32478918367,3503.87143918367,3496.59847357143,3397.83416857143,3236.83223204082,3373.97283291837,3358.06786040816,3443.45104326531,3325.27925746939,3283.49628959184,3388.72606142857,3308.51482142857,3204.10756142857,3274.20951142857,3275.59448591837,3340.3514722449,3316.90780387755,3324.16308561224,3520.48284928571,3431.93537132653,3459.64322867347,3403.78636367347,3377.61213183673,3428.97791244898,3423.09782469388,3344.92532571429,3397.8204644898,3358.22850007143,3379.9497009898,3293.38223578571,3410.42716537755,3254.04163680612,3333.09836234694,3341.17540602041,3277.3118972449,3329.17542020408,3311.67802020408,3195.56193836735,3335.62576653061,3068.22539663265,2980.09105285714,2985.20251632653,2965.72966102041,3055.76495102041,3007.5609555102,2990.9205055102,3020.52469857143,3078.10145857143,2984.41232326531,3008.80680663265,3055.40444153061,3112.71029867347,3053.43734040816,3242.50635061224,3303.97530071429,3328.69296938775,3453.5854544898,3366.57303908163,3397.62875785714,3377.72032,3339.74933795918,3252.40670336735,3205.97486928571,3181.20210234694,3128.60179877551,3280.52457346939,3222.0845544898,3391.81055387755,3254.08180367347,3388.41979673469,3236.30099428571,3304.18314561225,3272.96766622449,3153.67043836735,3218.73209591837,3303.88380653061,3249.59772285714,3278.00053571429,3315.14805928571,3299.97732928571,3271.67992142857,3338.79142112245,3289.30157112245,3401.29085969388,3444.34530581633,3474.1182394898,3386.80402469388,3380.65277479592,3280.05904183673,3437.50508591837,3596.58046734694,3444.2451255102,3368.5330022449,3434.41607785714,3469.08644081633,3383.21098877551,3334.83271071429,3449.37486295918,3426.52454714286,3265.29623979592,3326.06507244898,3269.06402469388,3010.41263602041,3078.41183040816,3116.99843040816,3050.16017591837,3109.82862591837,3213.70167591837,3158.50887591837,3135.51053591837,3139.82192591837,3021.97952591837,3218.52457857143,3048.45859287755,3023.10516693878,3038.77206693878,3138.10731693878,3130.85121693878,3194.86205193878,3193.28405193878,3258.97190193878,3362.19561693878,3424.19883228571,3307.22013228571,3398.53158687755,3407.56713687755,3414.61644142857,3272.35912122449,3336.94838265306,3344.43525244898,3424.46302377551,3332.50584816327,3352.06316653061,3399.24976653061,3370.66426653061,3356.41033071429,3453.23497671429,3390.16777071429,3392.68356979592,3327.27561979592,3331.70811367347,3409.66341367347,3223.68576367347,3276.12671367347,3251.45774795918,3288.01379795918,3326.15869510204,3342.65436122449,3338.43651122449,3390.41689714286,3369.36019714286,3122.0379055102,3119.73014785714,3363.92626285714,3128.18308285714,3141.7355794898,3253.9157644898,3253.3565777551,3294.46725897959,3246.06977714286,3180.46140341837,3090.48183346939,3080.11991571429,3290.32440795918,3192.40615591837,3174.53275591837,3220.93105591837,3221.95009591837,3275.0342905102,3289.9772755102,3260.7509755102,3415.4714755102,3305.9267755102,3374.9941255102,3344.3554705102,3302.4773755102,3226.8499255102,3254.86980673469,3217.17172408163,3315.37296734694,3355.11845714286,3569.46969295918,3502.40717530612,3393.007855,3359.96651836735,3294.9702205102,3269.50322565306,3446.46082714286,3457.86227234694,3356.06944816326,3283.72779316327,3323.85010540816,3255.46639277551,3410.19574846939,3274.23944153061,3325.97392142857,3217.48812653061,3272.85173489796,3134.71183020408,3276.46582204082,3306.57504132653,3292.10310714286,3184.70565714286,3116.46015714286,3324.9867255102,3268.47019408163,3198.69210816327,3217.85198163265,3204.77504408163,3203.74816428571,3279.09143102041,3204.0511344898,3324.45290244898,3296.82902244898,3453.94172285714,3395.53032785714,3461.34571734694,3406.45496530612,3473.71631938776,3319.59095011224,3430.02417653061,3391.55141428571,3288.8603,3272.38161836735,3107.50202581633,3098.62792104082,3061.48098326531,3233.92604316327,2987.89922816327,3219.49095,3204.08218244898,3222.77093244898,3316.62715857143,3311.07007857143,3342.62660040816,3401.98098183673,3344.04692653061,3335.22575102041,3491.47536102041,3434.42114,3504.64540204082,3523.91347326531,3438.62824265306,3452.44368377551,3436.32834244898,3407.51863193878,3317.62062408163,3279.01932102041,3478.7846244898,3392.83878469388,3434.24787387755,3460.92931887755,3458.57498316327,3328.43915653061,3462.68848306122,3463.1275572449,3285.99139540816,3387.06298367347,3295.91781928571,3307.1807427551,3206.15076214286,3322.58926214286,3214.78970714286,3372.38966714286,3478.21948520408,3387.05499320408,3416.30385020408,3432.62104520408,3481.18457071428,3454.88222714286,3440.56763714286,3440.45975714286,3293.68590714286,3282.1651944898,3276.42146918367,3457.70788693878,3400.26717673469,3486.69869204082,3411.25002306122,3378.29430704082,3484.60800642857,3443.30432244898,3438.14371755102,3413.53563714286,3416.620235,3343.46837877551,3439.88308040816,3362.18291473469,3330.52982959184,3351.13357367347,3376.0100677551,3535.08943489796,3342.28020816326,3411.8823337551,3337.71025734694,3421.09928408163,3334.90221510204,3276.81922530612,3186.07425857143,3197.62186530612,3113.84637857143,3093.92161918367,3156.83187142857,3121.04270897959,3052.36377863265,3114.85057897959,3171.54721897959,3436.00036887755,3415.19266122449,3376.26441520408,3299.06253020408,3361.68766561225,3397.8841227551,3465.4102327551,3353.31320367347,3268.45489530612,3326.49411326531,3208.66444122449,3116.47281122449,3128.01220306122,3087.58435306122,3371.3226222449,3335.88842571429,3109.05981938776,3069.60927102041,3122.13041823469,3331.12842438776,3255.70518285714,3328.88289653061,3231.14703367347,3314.93330010204,3246.51057861224,3170.5422805102,3233.2505055102,3260.5865555102,3299.08276489796,3335.7402605102,3254.20806693878,3252.6149777551,3261.2470577551,3316.4191577551,3260.0190577551,3374.58935959184,3380.31337714286,3535.12087714286,3464.54874214286,3509.84542714286,3374.55779387755,3331.78438183673,3382.51558857143,3471.59900122449,3480.86763469388,3444.42368061225,3383.37897714286,3447.11793418367,3349.93843826531,3445.93933979592,3216.73033061224,3344.80895510204,3319.65671510204,3231.32144857143,3381.16844122449,3427.37694122449,3353.62606959184,3371.41636959184,3328.06365887755,3273.77363295918,3250.04283146939,3132.71608653061,3295.24519591837,3362.3104444898,3279.2205424898,3291.22792261224,3282.11847183673,3303.34975126531,3260.62391669388,3344.2076402449,3458.04092857143,3603.52440408163,3454.01306734694,3391.34936122449,3451.23136122449,3483.49679622449,3064.24979459184,2899.81037030612,3316.7537377551,3094.33875102041,3018.70041836735,2977.14421734694,2865.44250734694,2943.14072918367,2779.22874377551,2909.20187030612,2933.28753193877,3027.91959673469,3114.92008408163,3044.47926397959,3082.49741897959,3065.25570877551,3120.90092040816,3179.93951163265,3086.42008734694,3089.37482530612,3010.8302622449,3116.5602422449,3099.3375122449,3129.29768693878,2993.22481122449,3067.67268938776,3109.03385683674,3120.29344979592,3067.71988979592,3100.74469979592,3093.80485877551,2853.6151944898,2853.62581265306,3000.90634204082,3220.09835306122,2949.03998020408,3087.84656938776,3391.68101469388,3420.25418714286,3425.28672142857,3464.68091290816,3417.90614790816,3234.96884790816,3222.19257877551,3228.10863877551,3220.69825377551,3273.76423979592,3301.92374285714,3212.58049387755,3319.21874183673,3134.18100387755,3162.09024959184,3195.79729959184,3257.33619959184,3011.90927102041,3019.71688030612,2950.65428438776,2918.36074173469,2972.92360877551,3150.85098744898,3042.32261234694,3055.87826602041,2951.89513418367,3073.00594357143,3197.37865479592,3161.21656346939,3117.3003722449,3152.67388061224,3376.18416683674,3357.2963872449,3291.1879722449,3189.82330357143,3178.49205561225,3339.87696530612,3237.99519693878,3249.8183,3397.11809489796,3287.6354122449,3290.37802142857,3305.85125918367,3407.34890918367,3331.52054673469,3216.08600122449,3262.87598091837,3295.88493331633,3339.45471561224,3233.61653642857,3302.25302367347,3247.12450938776,3077.3523527551,3086.04091295918,3202.22623693877,3300.58036571429,3201.23919408163,3395.25865693878,3175.86913816326,3298.16120183674,3311.07969040816,3219.17940377551,3268.92065571429,3249.30605571429,3278.02933193878,3283.46591887755,3357.23255887755,3411.31664795918,3355.87543295918,3337.17705459184,3262.02589071429,3301.95401118367,3282.02476618367,3329.39523816327,3316.27997163265,3223.36738642857,3266.84490326531,3267.16593816327,3415.02391795918,3157.32233306122,3317.68960877551,3362.40188979592,3388.15810418367,3415.92602561224,3381.08633102041,3297.70647571429,3256.04013785714,3342.03728091837,3265.96995040816,3317.48372010204,3407.45629755102,3290.09641938776,3153.37546706122,3130.99311959184,3214.44201102041,3284.36293510204,3358.97492040816,3396.57343244898,3325.05188408163,3294.85273734694,3326.83613734694,3358.64139908163,3370.04437897959,3242.17166877551,3368.79317714286,3270.69143010204,3156.25576397959,3190.37151418367,3244.49138010204,3135.69368520408,3189.43251959184,3173.79656035714,3110.64390382653,3197.67186204082,3227.63108836735,3246.02835632653,3385.40373510204,3400.17869265306,3341.0578022449,3485.81448693878,3371.99299153061,3442.80137653061,3331.7980222449,3240.49529183674,3161.65077897959,3297.62524602041,3237.11766285714,3256.10159469388,3356.98677663265,3511.5205122449,3331.8900244898,3277.54520071429,3298.40412571429,3312.43827571428,3210.99727867347,3242.4474255102,3261.40313163265,3241.13093163265,3154.6048,3338.7488,3377.54612653061,3356.43688673469,3227.71527704082,3324.56893183673,3330.06341622449,3397.6162977551,3417.1586477551,3404.20440377551,3459.06837897959,3365.70316897959,3271.44136897959,3285.29222897959,3373.18624020408,3355.82164244898,3242.72809244898,3451.84114244898,3469.92249244898,3474.87769918367,3432.12404489796,3437.8909122449,3344.59906459184,3530.90128959184,3468.61193459184,3369.30787367347,3370.45235714286,3325.54283163265,3213.53893469388,3477.88610102041,3183.66191602041,3401.17701938776,3307.86049795918,3273.98133683673,3183.34774612245,3291.9690877551,3288.4374377551,3322.06232326531,3432.80607632653,3238.62555938776,3319.21221244898,3423.80949163265,3409.98467061224,3314.4915744898,3309.1979744898,3223.1863344898,3241.1519255102,3306.47034897959,3306.79490122449,3414.12318306122,3454.92837857143,3285.72734785714,3340.29117918367,3401.48894081633,3414.71202908163,3351.80010612245,3428.12887367347,3364.3690172449,3379.52605897959,3460.6627472449,3459.24816081633,3482.32696795918,3387.11736489796,3367.87061489796,3350.69255653061,3350.83995632653,3326.58181673469,3322.27240153061,3347.51497673469,3226.23603673469,3247.86343530612,3250.30482357143,3232.98508122449,3191.96938265306,3245.67553877551,3160.49142204082,3061.5631855102,3189.57627857143,3309.10115795918,3278.54768734694,3357.97528877551,3268.78164387755,3366.70805785714,3328.41643020408,3442.77503469388,3269.62502242857,3275.76492242857,3329.74759242857,3327.08942632653,3255.87320755102,3409.33526755102,3256.5660555102,3274.51712857143,3239.18473061224,3060.25682040816,3037.56837020408,3153.77923306122,3226.00284306122,3122.50097306122,3131.27650306122,3033.04939806122,3185.95841806122,3195.80247906122,3169.03392306122,3233.96775306122,3123.21756306122,3194.53631846939,3145.45648346939,3168.66575846939,3371.50203040816,3362.63646840816,3392.78892653061,3408.31566316327,3501.49411816326,3363.80571816327,3512.44354214286,3585.89254428571,3456.3226155102,3555.4325655102,3410.59479408163,3430.43595510204,3390.83903693878,3378.94728306122,3224.42004857143,3259.40466653061,3266.37124661224,3310.66749795918,3353.91066571429,3385.34975040816,3394.46649992857,3482.87737163265,3356.29413346939,3379.78915142857,3305.38424387755,3452.99779387755,3316.21313612245,3273.14292714286,3204.30422714286,3204.97108010204,3226.52233591837,3277.34433204082,3287.79780122449,3247.89908357143,3304.70350979592,3356.82093673469,3296.46785714286,3253.24409881633,3365.99849881633,3362.40211881633,3402.92493155102,3398.74624020408,3504.61604020408,3386.89522693878,3464.66770653061,3503.26238040816,3419.04412846939,3421.96407061224,3341.60392897959,3402.97109132653,3276.35397005102,3375.74930683673,3431.97717040816,3302.88647040816,3300.68341255102,3191.00671530612,3254.68554653061,3250.59033346939,3260.35710826531,3299.46633877551,3195.97462673469,3276.35172795918,3390.26030755102,3359.84127122449,3314.61993877551,3291.01770397959,3292.94931795918,3172.11068540816,3247.47760040816,3305.75438255102,3345.65569969388,3349.77947734694,3348.31187734694,3316.25355346939,3431.34703836735,3343.92472530612,3403.98309336735,3469.84684408163,3386.50546704082,3376.90087785714,3393.64916408163,3325.14652755102,3405.41479693877,3357.75251704082,3313.51934663265,3312.19856173469,3310.29953877551,3227.09775520408,3364.31414928571,3291.69173234694,3247.0310505102,3341.24899846939,3239.68001846939,3237.16757346939,3368.57258163265,3311.37722346939,3254.19534836735,3185.86025408163,3357.81995408163,3428.77423061224,3340.99780153061,3472.2008022449,3502.33409183673,3386.38347683673,3331.51547581633,3293.05100030612,3413.81721020408,3398.42089336735,3343.06595959184,3406.53035959184,3316.8327255102,3294.47230204082,3142.77568714286,3302.7444244898,3397.51681326531,3513.15769387755,3337.21040918367,3475.07090408163,3458.20540918367,3366.79657397959,3347.96520357143,3294.84541438775,3378.62077714286,3345.49042714286,3436.98012612245,3373.256655,3479.43960612245,3446.36078571429,3420.99217653061,3370.20790918367,3427.42108469388,3337.97633571429,3349.61467071429,3339.0703377551,3298.93624561224,3400.09354561224,3374.73593979592,3406.6957072449,3402.4194572449,3365.57530918367,3364.24258693878,3334.36888785714,3287.06472408163,3274.0945577551,3356.7012527551,3401.43305091837,3407.08505336735,3442.88863816327,3346.08631693878,3274.91229918367,3292.16142857143,3355.37232857143,3429.74772857143,3572.04534285714,3571.48063295918,3644.74407346939,3478.82249285714,3364.49022877551,3380.0954722449,3352.47962959184,3411.97705612245,3526.30357091837,3246.04726734694,3372.50486469388,3441.73424010204,3409.09359418367,3313.68009277551,3349.62498877551,3371.40946846939,3386.06591714286,3447.28973040816,3254.07818806122,3314.04184387755,3291.49205938775,3148.16109265306,3157.55491244898,3223.39555142857,3302.08069530612,3245.67293877551,3201.28462744898,3294.31185102041,3351.81712857143,3280.87898908163,3472.76347040816,3395.37736571429,3418.82277877551,3287.7723077551,3317.0894144898,3388.66060408163,3403.13601612245,3402.51936632653,3353.93645673469,3462.24496877551,3309.96622867347,3302.02125795918,3386.99825081633,3315.29958765306,3454.25844183673,3341.89940714286,3357.93268163265,3403.54441408163,3310.89809010204,3394.11995377551,3377.35710377551,3423.80401020408,3372.96461632653,3326.64471153061,3108.29920408163,3037.16706959184,3109.63664959184,3319.11852387755,3131.08928408163,3325.53432663265,3435.01534163265,3472.28107142857,3268.50892142857,3424.47818367347,3343.64000877551,3435.77120877551,3369.97506061224,3334.12741408163,3298.50159857143,3237.13164020408,3379.80118387755,3416.67046718367,3411.66708530612,3422.08404530612,3463.14056428571,3385.58973663265,3414.72395102041,3354.22376530612,3356.1229305102,3272.34726316327,3311.47785816327,3210.18117326531,3266.0237444898,3197.65598591837,3157.66506785714,3195.99594387755,3060.630595,3046.61544061225,2998.90124306122,3023.62523714286,3254.68749653061,3165.87688979592,3092.54064938776,3428.1977705102,3309.53369897959,3154.33171632653,3295.81299081633,3216.4729122449,3155.52717755102,3110.79333255102,2987.31702857143,3195.12935418367,3171.40280540816,3125.81799244898,2953.80606979592,2945.39918204082,2952.83951204082,3013.58171704082,2962.21676132653,2985.5404472449,2907.32917959184,2970.49792959184,2963.48146714286,2997.75922408163,2985.64131428571,2923.4769855102,2935.01924938776,2952.94590418367,3018.58885295918,2878.949935,2879.51811969388,2688.50107653061,2775.65941285714,2837.59771469388,2706.27606469388,2880.45781326531,2833.87941561224,2867.23667622449,2893.01525479592,2924.8731960102,3014.0725515102,3006.67967418367,3108.1392272449,3080.51613795918,3212.59689959184,3271.56479653061,3196.83345357143,3164.42166387755,3098.58629959184,3088.5416562551,3192.99469897959,3130.09008,2974.31841020408,3020.12478326531,3030.12145918367,3022.64235918367,3083.63276081633,3140.18794285714,3058.16822673469,3098.97611081633,3420.83430132653,3561.77240489796,3476.20816612245,3341.40495816326,3350.29852887755,3313.00557326531,3252.46231,3178.43812244898,3272.38506836735,3159.53522489796,3327.6613377551,3373.65144040816,3382.5487522449,3368.8172705102,3365.76682693878,3414.41852795918,3336.32521795918,3270.60908326531,3315.33394183674,3366.19472040816,3388.14561836735,3508.61946795918,3295.63805571429,3413.11134306122,3364.03305632653,3226.43875540816,3236.77952734694,3339.12467193878,3184.90888061224,3417.12416632653,3372.03297530612,3320.3923644898,3412.19185387755,3336.99096571429,3242.25482346939,3339.81263061224,3283.93863346939,3213.72254367347,3233.24500122449,3340.89716836735,3340.19420671429,3296.82974510204,3256.06492510204,3327.29299744898,3338.95091744898,3330.12952255102,3348.51877612245,3359.1335244898,3451.94119040816,3375.98406020408,3361.55918897959,3335.67298061224,3120.51260744898,3307.23168510204,3052.04948693878,3099.10171836735,3131.0696722449,3076.11106632653,3017.51740857143,3051.37585857143,3153.74817122449,3129.11548061224,3122.69801346939,2912.31005081633,3045.20505367347,3071.17033346939,2940.87139040816,3016.80262836735,3148.26413510204,3170.64991122449,3265.56586122449,3230.78271704082,3411.09976479592,3311.62247979592,3357.03141836735,3401.71662316327,3387.34452928571,3351.72951816327,3373.71517316326,3343.70324816327,3535.24265938775,3428.22761755102,3491.57084846939,3432.70515346939,3424.09927173469,3498.45089387755,3479.07454265306,3480.55651,3411.25263,3418.79068869388,3457.50605369388,3429.28552489796,3496.29982918367,3395.75034367347,3516.44293959184,3518.9324305102,3567.42307785714,3500.31221867347,3502.0522405102,3516.67255071429,3480.50408071429,3323.17598591837,3351.2212144898,3404.3953844898,3378.18340438776,3333.81855265306,3312.54130765306,3333.33033765306,3387.07649255102,3382.25346418367,3398.60997846939,3430.24123857143,3405.27818377551,3390.82545138776,3416.25130326531,3420.74140163265,3417.18400163265,3286.21768326531,3290.24415142857,3401.07814642857,3318.19512142857,3191.13884357143,3333.26931367347,3266.88056265306,3168.61516510204,3371.14151020408,3140.78695387755,3088.62684826531,3141.01900571429,3116.03532285714,3361.96559612245,3085.39644795918,3146.70145346939,3354.2866877551,3406.46140979592,3303.82693061224,3335.06241020408,3370.59484795918,3311.25273163265,3319.45096326531,3357.37583163265,3330.92986938775,3292.77097469388,3340.66083469388,3467.54667346939,3502.94227346939,3490.25417346939,3355.8649122449,3440.01687244898,3244.51714795918,3330.21986397959,3402.62921183673,3417.01720306122,3453.39195306122,3303.92299438775,3166.09624438775,3329.85905,3361.96929693878,3261.10443265306,3184.63476122449,3238.05898967347,3211.40327640816,3227.05376061225,3143.34373632653,3047.04108510204,3112.52955510204,3171.90404102041,3175.17412918367,2996.1120744898,3094.93270479592,3112.8625372449,3091.22124316327,3149.25367530612,3335.08115965306,3242.33340965306,3195.17208163265,3147.03232632653,3303.21469173469,3356.32384663265,3272.17964795918,3255.47827591837,3270.64384622449,3099.89985561225,3177.67798102041,3132.60244102041,3129.75261336735,3194.80691530612,3246.62247959184,3356.37349693877,3526.46128061224,3341.20899510204,3356.06789010204,3182.40251010204,3278.28570204082,3283.11112857143,3158.2556405102,3285.60357938775,3308.18105540816,3321.90572530612,3248.41121530612,3285.54739183673,3294.55044693878,3299.40970612245,3220.68121122449,3226.8043122449,3247.02251316327,3287.75506928571,3333.77954785714,3310.62485908163,3232.64127857143,3240.51458877551,3315.04478877551,3345.49460816327,3229.71293326531,3299.51237326531,3331.19668061224,3454.0961577551,3386.73298265306,3377.6181255102,3381.65962142857,3428.03950204082,3451.92107040816,3340.10797612245,3340.66804612245,3251.60262938775,3146.29569428571,3234.73558428571,3070.69676326531,3156.71437653061,3149.24516326531,3186.98879326531,3296.73948918367,3338.21755510204,3371.80159908163,3522.88414908163,3398.7729622449,3507.67770316327,3402.59327367347,3499.45069387755,3350.38438142857,3361.91662081633,3355.96933020408,3495.10513071428,3463.04171326531,3488.73135306122,3265.10595306122,3400.91565306122,3298.04979489796,3410.3616327551,3253.79627632653,3211.53460183673,3207.78252102041,3184.25271122449,3111.90198367347,3040.44387857143,3123.81192857143,3239.50403265306,3321.33452765306,3414.91442765306,3480.18625795918,3443.81593857143,3578.66743857143,3593.62752142857,3537.42108142857,3433.61766938775,3496.4496644898,3407.69157755102,3355.92140408163,3417.98096622449,3502.17032591837,3434.41105091837,3217.39108806122,3388.59474306122,3353.6857022449,3321.84919163265,3426.52749489796,3443.39350714286,3412.11659387755,3336.18159489796,3279.89220408163,3315.02735408163,3238.56808520408,3242.68770581633,3137.99971255102,3177.05645091837,3250.22240563265,3386.97755,3306.02666530612,3281.06021530612,3332.65276530612,3407.62399795918,3302.28564795918,3254.36724918367,3296.46156418367,3247.81879612245,3250.77819795918,3449.68336836735,3256.82134489796,3317.5456072449,3352.77314387755,3389.6736744898,3462.14998285714,3424.8272344898,3398.81150367347,3369.26592734694,3431.0059344898,3338.65187055102,3289.14755653061,3344.88019459184,3385.90059734694,3368.97830102041,3399.06023673469,3441.95258673469,3409.26923673469,3452.83681816326,3496.48862632653,3490.69274489796,3345.71051428571,3341.61874755102,3313.06119755102,3363.45059755102,3516.57118653061,3266.76177653061,3450.93262653061,3358.42852653061,3372.78625010204,3290.17312510204,3246.95815265306,3325.24583612245,3304.00340122449,3281.26473836735,3252.99232510204,3335.04716612245,3392.38702142857,3402.23050142857,3329.35732857143,3364.3075,3386.00277755102,3384.18377040816,3409.27867193877,3278.46943193877,3257.90231908163,3326.02099438775,3390.44636938776,3372.87454346939,3238.72328902041,3342.06082157143,3299.8324294898,3435.73332030612,3164.88895897959,3327.82736265306,3333.83081265306,3291.32882897959,3283.38493428571,3359.38049836735,3366.12312326531,3421.98870816327,3570.59407040816,3459.37971734694,3404.399955,3434.44356979592,3242.7298327551,3284.83913306123,3226.09701959184,3159.86658459184,3338.73703867347,3274.94627693878,3322.69194612245,3357.93049612245,3365.88555877551,3322.73038306122,3386.65729795918,3608.62129938776,3423.11050408163,3539.23416938775,3371.80525816327,3560.05648265306,3433.95317204082,3316.9716244898,3442.24242755102,3567.53116571429,3355.24448979592,3300.24312102041,3358.83046102041,3382.73815959184,3340.42653244898,3417.15344112245,3373.85347653061,3365.75223489796,3537.79187326531,3364.77938816327,3446.37117734694,3406.60320265306,3335.70465265306,3344.71007816327,3537.56370887755,3451.12610387755,3324.27960387755,3472.39924102041,3482.02725602041,3485.05685071429,3469.21315887755,3373.51129459184,3259.48480163265,3238.65598989796,3134.95132489796,3061.9852422449,3142.93297836735,3295.49889265306,3214.82947306122,3209.18619795918,3261.09081938775,3289.21498846939,3251.27644081633,3238.21929285714,3205.91873061224,3268.24170744898,3136.52777244898,3127.42083683673,3224.16992153061,3065.44412193878,3140.89888173469,3178.44384234694,3349.82744132653,3148.15712867347,3165.84887071429,2929.39617122449,3072.35405367347,2972.27973326531,2926.35524326531,2910.91102571429,3002.86798571429,3233.50717326531,3130.18450581633,3277.49252653061,3172.02212653061,3255.77469653061,3469.25349653061,3259.24407132653,3199.67594632653,3110.16420673469,3128.64900673469,3114.6304094898,3020.6787844898,3235.4827044898,3282.93002632653,3258.74587632653,3271.27151132653,3239.62019632653,3230.67722632653,3182.03851438775,3304.72195438775,3320.36742938776,3350.20388938775,3316.81153938775,3285.94843510204,3288.42179632653,3258.4060522449,3378.9786472449,3228.66398163265,3161.46009377551,3173.33396377551,3193.46480877551,3272.28263877551,3321.12233040816,3223.63685,3353.93240612245,3352.10340581633,3349.45316173469,3454.13368030612,3372.43420918367,3363.94946163265,3360.09591038776,3407.33310632653,3374.2542644898,3346.42552918367,3391.59890336735,3356.50836663265,3448.90115918367,3379.90075918367,3440.55338836735,3463.51448836735,3294.8891544898,3323.39089908163,3372.07525846939,3335.05829571428,3267.46836326531,3118.322265,3157.58894459184,3103.80869459184,3153.20101785714,3217.04929867347,3262.31447928571,3242.34665255102,3131.83485234694,3111.59890255102,3047.50955255102,3267.02938418367,3349.87837418367,3341.82249836735,3386.07128581633,3445.18341918367,3529.66395367347,3435.75553857143,3420.79465959184,3425.46565265306,3347.99504367347,3427.41223265306,3340.49113265306,3341.2817622449,3363.5940755102,3450.20712122449,3349.19930816327,3337.5182244898,3434.72462244898,3297.67290714286,3296.18905122449,3249.61602182653,3273.60356505102,3356.07038876531,3399.78470243878,3398.27789714286,3263.18624497959,3243.0374627551,3230.95619142857,3168.35401530612,3304.55647622449,3269.37949897959,3173.5254777551,3194.85118704082,3089.18692602041,3193.2739905102,3165.8055455102,3335.01632091837,3360.973785,3276.12168377551,3263.5103244898,3382.77440612245,3235.5332177551,3355.4620244898,3298.53634387755,3284.64348734694,3413.46090279592,3358.25434269388,3354.19947279592,3407.41177755102,3484.1125755102,3418.5107955102,3393.54401795918,3446.89624795918,3582.73367693878,3442.56876122449,3361.50639285714,3299.75923306122,3157.4187727551,3154.0787527551,3245.55628418367,3171.47992755102,3311.55731734694,3201.97476591837,3250.97681183674,3284.64824183673,3207.99396836735,3294.03184234694,3261.34759897959,3260.49255826531,3294.42688408163,3214.58465020408,3281.66395142857,3519.09214387755,3363.73876755102,3520.34996857143,3397.61214959184,3366.02995693878,3148.45884285714,3164.77848387755,3165.78620469388,3224.18691306123,3339.72997040816,3306.06954826531,3318.00719846939,3434.28098632653,3281.98003091837,3416.84415306122,3416.64470755102,3361.10149216327,3457.98134061224,3434.11377693878,3453.32817693878,3491.77962204082,3578.94241704082,3483.79361704082,3467.76434040816,3493.99286461225,3402.19546461224,3447.43440461224,3435.04159265306,3285.08808163265,3249.07805836735,3473.88018326531,3332.47930408163,3471.69229173469,3477.02831122449,3504.75689183674,3422.17462122449,3391.62875571429,3342.87000571429,3356.72745102041,3306.18225469388,3405.79557020408,3319.56259383673,3378.2405077551,3176.99234897959,3352.80185346939,3315.04676163265,3367.85669795918,3434.49546163265,3365.00836704082,3390.92152979592,3392.12938061224,3348.26758061224,3335.02235306122,3321.18559387755,3281.84716387755,3346.66886387755,3404.59368877551,3304.8586877551,3520.0556477551,3343.40502428571,3320.56914081633,3347.08860510204,3447.59961602041,3379.72403632653,3470.38992846939,3376.26405,3452.55176122449,3460.62243326531,3418.01399693878,3439.71535387755,3398.74249357143,3370.45384734694,3352.70261887755,3278.45607214286,3273.35120336735,3246.69935989796,3081.97883367347,3119.88990469388,3154.27767408163,3060.70025265306,3033.44993081633,3101.35667959184,3150.10019285714,3170.15325010204,3227.36082969388,3124.55253081633,3153.09637653061,3140.68992244898,3296.33788316326,3359.35337163265,3271.56706857143,3473.80384897959,3287.71766163265,3353.31103040816,3304.82751321429,3348.1915744898,3265.18244897959,3345.44704183673,3360.57649091837,3248.67711163265,3213.61863132653,3227.21091632653,3202.74610132653,3376.36831867347,3267.87279387755,3210.01404489796,3139.1970772449,3251.31269887755,3339.70645142857,3355.34621653061,3299.17859122449,3167.81203673469,3352.40763632653,3332.20754795918,3370.53033163265,3386.77564602041,3249.49913102041,3168.83583040816,3327.59346428571,3229.24553357143,3233.34224357143,3155.59027857143,3223.78844020408,3202.18332081633,3215.51760204082,3235.79005102041,3327.79326530612,3197.40502918367,3296.92540857143,3373.92534897959,3314.10356438775,3370.06939887755,3288.87739091837,3289.72034857143,3218.97239404082,3468.49217846939,3400.95316112245,3381.95456765306,3375.47830948979,3304.10657142857,3447.00597142857,3279.42077142857,3192.20386836735,3295.72370408163,3269.76938673469,3229.24301428571,3253.12489510204,3404.40334591837,3278.17742142857,3411.72139132653,3368.14301632653,3399.01696836735,3437.09421428571,3385.57707244898,3385.86176938776,3284.65742571429,3248.76558795918,3223.47766428572,3154.88054265306,3170.06228265306,3159.15188265306,3126.40014795918,3294.32543061224,3185.54879765306,3212.16276887755,3254.0236677551,3262.08847408163,3314.23914693878,3245.46769183673,3200.11036734694,3269.10759408163,3236.11402510204,3142.36671285714,3158.86509244898,3245.84239346939,3306.39339346939,3306.64601918367,3322.97207142857,3325.24701,3203.12093653061,3179.59259908163,3292.85398612245,3240.04286316326,3333.72159981633,3245.68620602041,3234.68680602041,3186.79822602041,3286.47582255102,3351.83854418367,3267.20698418367,3335.26643918367,3369.93778510204,3291.48270408163,3258.7336305102,3210.70411928571,3339.37563153061,3250.86553653061,3319.24239018367,3160.44547518367,3199.77123673469,3326.46701816327,3309.87766734694,3256.66911122449,3196.29176938775,3174.92306938775,3263.52187653061,3284.28310408163,3138.16489214286,3268.29240714286,3265.47508367347,3120.32706306122,3370.67839142857,3375.69333642857,3461.41646326531,3293.27850367347,3416.85280204082,3389.7215744898,3374.66007040816,3195.39803163265,3232.52622897959,3193.26549897959,3244.22146755102,3255.586985,3259.9574777551,3280.21064673469,3228.69030877551,3127.60200938776,2957.19926193877,3002.32632142857,3166.50073030612,3059.07222326531,3105.90570540816,3056.16971040816,3143.42729285714,3020.84425612245,3184.27721020408,3133.60016020408,3066.34196020408,3118.01271020408,3242.51794612245,3295.46106020408,3304.00149520408,3209.08844081633,3322.32998469388,3256.51482959184,3357.9832755102,3289.85448061225,3422.86238877551,3407.99410102041,3406.25078602041,3455.71594010204,3294.82153010204,3349.52928316327,3265.36898571429,3310.95431234694,3149.06166234694,3122.74149755102,3158.90786255102,3260.63345163265,3377.06551367347,3407.61745244898,3314.20450244898,3325.88495723469,3379.27965173469,3548.24679867347,3449.62254867347,3453.70308367347,3257.88533367347,3323.42973,3214.80213,3224.35306102041,3259.29756102041,3156.55560622449,3190.67277622449,3252.71749265306,3247.69072081633,3266.52740581633,3195.7565,3212.07955918367,3236.41501326531,3206.96024489796,3270.29986632653,3285.24978795918,3363.27388795918,3303.25022714286,3345.2856922449,3211.92674571429,3195.77649571429,3171.29709571429,3282.75633632653,3366.52423918367,3304.05832918367,3311.20961040816,3285.38140520408,3391.13243438775,3452.46706306122,3396.28787346939,3379.74306816327,3436.71228897959,3491.1918227551,3428.16770897959,3227.89256346939,3251.55584693878,3286.72889265306,3298.54271387755,3308.98661387755,3216.13095061225,3294.94892142857,3263.57046642857,3210.30122663265,3206.8517044898,3295.03686428571,3319.32354959184,3271.01609183673,3390.44213704082,3171.95893265306,3237.47969765306,3208.92088265306,3144.36950520408,3186.99125,3263.11485,3265.75131428571,3338.44626122449,3283.12573622449,3329.48991122449,3384.24416742857,3438.94914306122,3414.97812806122,3365.71083071429,3306.08647571429,3300.71992571429,3319.70812571429,3352.98142571429,3424.64245163265,3287.93440163265,3158.01760640816,3217.88176140816,3279.5029,3431.1277,3293.4097,3205.4539,3090.9686255102,3163.0856255102,3238.49163877551,3236.94400336735,3304.51789653061,3300.80626234694,3310.58450642857,3386.33324673469,3293.36448408163,3310.9095977551,3258.6846177551,3260.65506061225,3270.27709408163,3269.30866591837,3256.71140204082,3189.72500204082,3197.68811632653,3143.66504693878,3208.84537040816,3230.3628,3329.4521877551,3350.57284285714,3331.45542153061,3150.39158265306,3191.00271367347,3311.09081163265,3221.75658530612,3089.31358969388,3212.34759704082,3231.64316204082,3368.34339704082,3182.02372469388,3286.39816255102,3252.97187265306,3290.61637102041,3290.59129836735,3185.93086714286,3262.28044622449,3266.45209622449,3215.63451867347,3390.58776367347,3325.03196163265,3288.13809163265,3316.25339163265,3232.73394163265,3299.05283428571,3222.50951387755,3337.29427755102,3386.55259387755,3258.11458326531,3298.24317591837,3161.61472602041,3259.63709061224,3252.83177061224,3231.36258653061,3088.39237653061,3292.67067653061,3343.04532530612,3325.47037530612,3201.76091571429,3229.39648795918,3193.42217367347,3111.94132673469,3103.72151734694,3213.62857755102,3312.66220102041,3152.13629081633,3157.10115102041,3186.84589387755,3140.9379577551,3045.31091214286,3017.851745,3049.34031612245,3272.80869153061,3101.55043877551,3125.44059163265,3236.00426459184,3253.40672163265,3197.58827091837,3211.01020285714,3211.91900102041,3093.98690683673,3167.81639357143,3263.98852928571,3295.73935479592,3438.26171938775,3373.54705102041,3348.37130816327,3246.11725081633,3263.04300081633,3275.88903581633,3294.96288081633,3158.5899227551,3298.69847918367,3300.99059673469,3194.01335306122,3202.46026020408,3458.55208571429,3322.04772346939,3329.88779489796,3280.3956744898,3405.08230428571,3457.66253928572,3428.94605469388,3483.65816714286,3301.93608969388,3393.98457959184,3412.67608265306,3305.07916010204,3340.56414234694,3275.59864306122,3346.71422755102,3447.86109112245,3371.37121285714,3299.37390612245,3278.86227387755,3361.79458673469,3426.50651040816,3236.47312791837,3297.03592142857,3137.75326142857,3216.86443877551,3312.94363571428,3268.97728081633,3109.03289489796,3095.53499489796,3359.90533938776,3474.58939163265,3408.9826677551,3326.29428469388,3350.87166734694,3399.3535377551,3407.5398244898,3383.26513816327,3317.54255918367,3310.50004081633,3336.52705204082,3421.92371306122,3460.61152693878,3296.7251844898,3309.20225734694,3315.8689567449,3300.21225408163,3392.20110408163,3440.83587408163,3278.50884346939,3484.17590846939,3363.30564563265,3295.21227563265,3359.20747563265,3304.33363563265,3244.89491120408,3244.20041120408,3049.59611563265,3109.45846563265,3167.06177563265,3207.79927063265,3287.51522563265,3286.73882563265,3372.32972563265,3464.98112563265,3363.70277563265,3330.03662563265,3392.91962563265,3390.02000063265,3418.44145536735,3416.17365020408,3476.43350591837,3499.55846173469,3510.39646979592,3430.52867387755,3501.09285693878,3524.7255722449,3388.7250372449,3439.5980827551,3443.32411163265,3403.36494040816,3478.74263367347,3298.09739163265,3255.3947877551,3307.4642455102,3371.48117714286,3390.03563673469,3340.78542530612,3326.50352530612,3230.85961030612,3288.03803193878,3373.11577693878,3324.39060193878,3351.38311193878,3347.29248030612,3376.68193530612,3356.36297077551,3501.47849577551,3319.23797077551,3273.11475530612,3162.40098020408,3263.29767387755,3194.52810295918,3294.5298577551,3285.23500020408,3266.69463520408,3322.88180112245,3315.30030612245,3284.42960755102,3174.74586122449,3265.52888469388,3310.01468346939,3365.0549444898,3455.14611122449,3391.4896,3352.94439693878,3337.49151208163,3364.15154738775,3350.53136938775,3314.42485408163,3314.41135408163,3322.28990642857,3342.79484183673,3286.37872020408,3265.53465122449,3191.32835214286,3238.88082040816,3221.46549387755,3324.78048387755,3342.94337816327,3313.29008979592,3348.65539183673,3428.86244591837,3311.21476408163,3331.90573979592,3370.87873979592,3281.29432346939,3258.90155540816,3220.70781193878,3147.3403994898,3133.15387479592,3177.69171938775,3318.13580561224,3388.89194265306,3347.33295836735,3191.62277489796,3175.4812622449,3295.2390444898,3310.00390877551,3367.96592704082,3250.8386037898,3159.81065246327,3175.31826122449,3237.63370816327,3222.35368979592,3289.82193979592,3344.60459061224,3338.67608234694,3361.67004969388,3357.57419418367,3346.29045642857,3326.06797795918,3356.71295183673,3264.32523234694,3338.04922193878,3327.51972622449,3401.00709112245,3413.89948295918,3459.89438979592,3417.75226491837,3311.06279991837,3224.35558991837,3377.22915491837,3307.85620491837,3382.50190491837,3496.06470491837,3322.39775285714,3408.95491897959,3328.22106632653,3440.57311632653,3426.12658673469,3422.98709836735,3366.80894836735,3390.99972285714,3287.00979285714,3236.39444785714,3248.19635785714,3244.10844183673,3325.12129306122,3231.24340479592,3133.71312510204,3243.68891428571,3251.47526734694,3412.75235030612,3373.21805030612,3257.95649530612,3256.21047673469,3206.28910897959,3286.05614397959,3344.29895918367,3395.16815918367,3468.7811672449,3431.9479839898,3314.6794622449,3337.76878142857,3314.08974744898,3437.85057642857,3420.86142285714,3370.19176040816,3329.07300326531,3250.83725061225,3264.8306677551,3252.41041326531,3291.15638367347,3307.32935306122,3323.44901806122,3270.7625872449,3202.34592653061,3236.41107234694,3232.57425602041,3240.27760979592,3287.24658632653,3154.11917142857,3120.61710653061,3268.52095653061,3349.77416306122,3374.05135204082,3228.39276530612,3356.49208030612,3315.49453693877,3324.36692142857,3244.4512122449,3463.01367346939,3416.44880510204,3351.17201234694,3341.39744081633,3389.15073979592,3432.74473714286,3549.93892040816,3440.71644591837,3344.18593693877,3295.22588193878,3379.86084693878,3649.22808571429,3450.58350571429,3495.39115163265,3539.42605163265,3547.49567663265,3385.3197777551,3475.9736427551,3417.9179452551,3343.1962177551,3341.8352877551,3382.5986877551,3462.2404377551,3527.1275877551,3436.0464877551,3342.06471020408,3432.54926020408,3348.27068520408,3440.31195153061,3277.88128163265,3255.71398163265,3346.26733453061,3303.48431653061,3285.4587377551,3229.84701836735,3242.13624591837,3240.17787091837,3309.37938061225,3320.11205510204,3257.24049795918,3182.69533163265,3243.08523163265,3158.01106255102,3300.15415857143,3358.65424489796,3342.04120306122,3202.12890204082,3193.92347163265,3226.67217265306,3176.75600469388,3186.42284469388,3214.20136979592,3248.01074714286,3268.10689306123,2999.9042827551,3110.9999977551,2964.53871510204,2973.45676979592,3009.79754897959,3160.82208122449,3261.02023683673,3316.75262173469,3364.61431122449,3339.56170704082,3353.95675693878,3370.93757530612,3366.40412959184,3328.53417479592,3353.33774285714,3408.72199591837,3405.07256612245,3375.01942244898,3342.93880244898,3301.77657785714,3290.8098727551,3411.47795438776,3262.27455938775,3150.18897938775,3207.73475714286,3298.91872214286,3342.13516714286,3447.32220765306,3489.30774265306,3440.48203673469,3481.44106326531,3455.08836326531,3333.68563489796,3423.94260938776,3297.02833530612,3258.35060377551,3358.31389071429,3251.19821632653,3200.4556177551,3139.91028846939,3418.51763357143,3289.04835204082,3362.05235816327,3263.16740959184,3261.33658377551,3382.06282040816,3450.61995857143,3402.59007969388,3353.81063469388,3338.5924644898,3166.93434530612,3077.40067979592,3309.12329469388,3337.9826177551,3343.49820867347,3429.22315265306,3317.14124744898,3340.90007120408,3303.34908038775,3337.63909081633,3529.98268673469,3364.88040979592,3464.07123979592,3376.76887836735,3292.37323683673,3338.36932163265,3334.70907918367,3267.91578208163,3277.74487265306,3219.84416755102,3237.60793755102,3276.84159,3466.81127622449,3398.43344979592,3306.86280714286,3038.69565867347,3142.1548494898,3077.38026438776,3084.42188153061,3105.95846153061,3077.78245734694,2953.33161428571,2929.76934918367,2955.02790183673,2985.29582040816,2946.16012561224,3059.43977561224,3138.30015061225,3093.16325632653,3000.68581132653,2954.44195632653,3090.44965132653,3051.24845632653,3022.13990632653,3045.67550632653,3160.86827632653,3214.06925632653,3192.85066,3185.12311,3176.05258755102,3170.08514857143,3191.69390765306,3160.22618979592,3150.37322836735,3082.2998855102,3268.15346714286,3252.3402772449,3243.83053857143,3302.74815918367,3279.90197755102,3234.91892755102,3352.53607755102,3077.74464255102,3137.29534357143,3162.54797857143,3091.89817040816,3268.23610346939,3165.23204653061,3174.87770959184,3188.67398612245,3218.52304132653,3161.70765306122,3241.8852282449,3094.4702744898,3119.8802744898,3043.1522044898,3204.44855795918,3127.03878908163,3204.61057683673,3250.6363127551,3174.06724326531,3172.95678336735,3301.61335979592,3348.65421816327,3309.18226642857,3315.82339153061,3224.54315530612,3145.38603061224,3223.70384591837,3316.011765,3329.95775,3366.93986,3506.17714693878,3395.70599285714,3635.88864897959,3546.42924081633,3522.66351663265,3538.44491877551,3461.96654387755,3360.00643969388,3445.39506489796,3364.73280816327,3338.6202622449,3286.83410612245,3416.11891428571,3464.09447142857,3479.33292918367,3411.10492183673,3309.21994183673,3309.6067877551,3314.35169081633,3400.81286120408,3383.95810887755,3411.52164510204,3352.7145155102,3352.23855081633,3362.58598673469,3267.5528377551,3261.8424877551,3252.15779306122,3321.39817265306,3224.30590377551,3151.9493244898,3170.1518244898,3279.03026122449,3433.84266622449,3382.41500306122,3391.60533673469,3404.68258673469,3256.89331979592,3396.55106979592,3397.78841979592,3386.52719067347,3347.7246622449,3368.2760522449,3396.13588071429,3232.24873071429,3447.50387571429,3336.08015755102,3329.3865994898,3304.0059544898,3329.07462,3337.18810255102,3265.09428214286,3422.07060336735,3520.17852408163,3313.66857071429,3299.96380571429,3331.11850908163,3363.65624408163,3350.18519408163,3293.50788714286,3303.00636897959,3297.5535877551,3392.31431734694,3368.53259571429,3392.22281877551,3340.17907204082,3245.67632571428,3194.38754908163,3471.48156489796,3459.23486489796,3463.07346489796,3378.92477367347,3379.89109081633,3248.05780285714,3235.63885010204,3319.10094897959,3327.09378163265,3329.74970204082,3377.56278765306,3360.42167306122,3371.12230561225,3084.51189826531,3313.59659173469,3176.9920022449,3191.45166663265,3140.04547316326,3246.83473285714,3186.31484081633,3232.51919622449,3231.23342367347,3226.64864467347,3418.91414434694,3519.6999177551,3418.09780693878,3490.05054367347,3328.53698591837,3177.21545,3267.07249163265,3178.36217397959,3126.72034,3068.95747367347,3258.81909979592,3414.30264857143,3368.8133977551,3393.92009693878,3471.91418216326,3373.52408816327,3271.93818602041,3327.05036744898,3471.00544836735,3369.09387816326,3403.77215459184,3333.43676204082,3207.99510367347,3251.1570744898,3365.82981989796,3329.6396244898,3333.2825944898,3303.72134367347,3402.43550785714,3317.23821418367,3321.36804938776,3223.96322591837,3126.99888661225,3335.74717161224,3249.85690418367,3243.53209142857,3198.69790418367,3203.84115979592,3176.14036979592,3289.52765112245,3343.46324142857,3379.17491867347,3346.35094520408,3345.43420071429,3419.78999459184,3275.84955959184,3289.95185387755,3397.05724020408,3436.10899387755,3407.16442469388,3528.62184244898,3379.24543653061,3507.68286969388,3403.7533144898,3321.44090632653,3407.01990510204,3431.49608469388,3373.05571673469,3326.00365591837,3399.01750612245,3319.89061193877,3327.63909326531,3351.16167591837,3308.85977795918,3321.49796755102,3346.32739040816,3375.66507306122,3310.50475163265,3357.19195795918,3350.72528989796,3533.96174989796,3358.80433081633,3411.49689459184,3258.79218887755,3345.26945826531,3268.95876806122,3321.89178428571,3399.76760591837,3466.54581142857,3363.42334877551,3448.04774122449,3461.13639040816,3402.12804469388,3358.93064887755,3452.38370081633,3490.46555714286,3465.45255714286,3348.70437285714,3296.07131163265,3339.74989306122,3365.56272816327,3244.38535265306,3162.69426897959,3317.37340612245,3232.47540102041,3232.38538336735,3367.61507346939,3300.69731408163,3433.35105602041,3459.57327040816,3356.38989959184,3273.89618244898,3368.58545142857,3241.87225112245,3390.41548306122,3390.1609494898,3176.66800234694,3135.01793795918,3201.34681387755,3279.25328030612,3242.82015530612,3203.13163704082,3281.62388030612,3085.76157346939,3117.26834612245,3059.33357326531,3084.95960520408,3154.23581346939,3161.18126346939,3232.50767489796,3087.70019530612,3049.31839353061,3169.08581916327,3252.92161367347,3205.69465612245,3124.48411918367,3272.92087244898,3166.42707959184,3222.69054969388,3205.97615897959,3257.15214571429,3284.27578979592,3288.11928979592,3115.43003102041,3215.33437914286,3226.07481285714,3199.06859857143,3350.77403714286,3313.88783163265,3354.97430653061,3215.03824887755,3267.36090387755,3376.10490387755,3335.23642397959,3277.17895204082,3448.64640785714,3343.24912285714,3320.0657344898,3327.40434693878,3216.37291765306,3213.10998265306,3291.07442622449,3270.68013622449,3267.98435408163,3281.84922755102,3217.26162653061,3313.91232142857,3309.47206259184,3303.12069469388,3303.35285469388,3290.42136122449,3419.66795306123,3319.11437653061,3324.44422755102,3372.28951530612,3401.77816632653,3311.48871428571,3288.62346267347,3381.21311367347,3398.16953061224,3390.42523673469,3271.45057653061,3119.41132959184,3177.48604285714,3366.96146285714,3412.20775979592,3383.63054530612,3242.42728061225,3331.96674163265,3328.67636132653,3464.32346040816,3372.60806591837,3267.08979908163,3376.70535397959,3368.2320505102,3405.90617571429,3393.51677367347,3375.44815520408,3255.08089520408,3360.05251142857,3348.52618857143,3303.72024795918,3233.55757040816,3289.49941714286,3235.6682155102,3233.24443959184,3229.77011204082,3317.56700142857,3316.36437632653,3442.28022530612,3305.28850816327,3433.50264816327,3346.53400816327,3455.33105816327,3361.72723346939,3346.47278979592,3433.04812826531,3413.65291469388,3368.64005918367,3354.53881326531,3240.71159612245,3317.29440163265,3408.92053367347,3411.59618102041,3463.63696428571,3382.72271142857,3315.44588358163,3450.36565632653,3292.14546530612,3426.01780816326,3250.13760816326,3459.27976428571,3477.20807653061,3282.7079667449,3339.30621632653,3233.60855612245,3325.45430714286,3212.03690714286,3279.85788693878,3297.4445144898,3356.8577144898,3296.9571344898,3199.35556428571,3106.61574081633,3251.53818163265,3329.48988163265,3331.91163163265,3385.9085122449,3363.10367112245,3407.3042577551,3331.81767459184,3325.65287959184,3356.94254081633,3351.1122205102,3303.8817985102,3313.96634918367,3567.96903469388,3631.31406193878,3585.14338653061,3378.35936959184,3342.38556,3316.54124530612,3424.30846795918,3423.40550428571,3349.70810173469,3431.79638622449,3432.60593836735,3369.93363836735,3389.53548836735,3382.67068979592,3628.76439142857,3437.15112836735,3401.7538554898,3471.77782704082,3424.14073765306,3363.94827693878,3457.94764744898,3414.38063244898,3309.92559653061,3353.76992142857,3306.61260895918,3153.39046897959,3351.41592836735,3076.44749,3184.46781081633,3118.12880704082,3287.9700955102,3229.85134867347,3306.79983877551,3206.87289081633,3239.74968216326,3313.26941632653,3328.54723744898,3406.97731408163,3496.71942938775,3491.31858938776,3396.77014530612,3414.83345122449,3355.89228489796,3429.37696785714,3385.24684771429,3538.14815530612,3377.91314122449,3526.44194183673,3405.2313955102,3347.10367142857,3325.69040306122,3426.06259265306,3503.80765255102,3428.79425520408,3412.95553785714,3391.32905887755,3513.69395857143,3421.79417520408,3514.34895806122,3480.78170306122,3364.16433346939,3451.75658795918,3333.9383,3392.22000653061,3262.20518642857,3162.21505061224,3308.71424510204,3280.70121979592,3180.32685632653,3125.10885816327,3273.11714959184,3276.07646561225,3363.03871418367,3237.1039077551,3273.278955,3439.7659855102,3410.97770122449,3318.7665955102,3417.67615285714,3311.09064081633,3312.34672755102,3302.21307734694,3254.18048326531,3309.18060714286,3284.72743938776,3236.02523938775,3068.43436571429,3116.23190489796,3190.50309591837,3065.41968744898,3002.38077959184,3103.97848489796,3058.54102510204,3097.57973469388,3187.72041142857,3195.95685061224,3316.91561826531,3425.36535447959,3366.40954835714,3415.28242345918,3270.94571409184,3531.67563194898,3401.77100439796,3338.0836050102,3450.0944600102,3505.1585255102,3261.89255377551,3325.40049540816,3342.78433061224,3315.40393469388,3317.12690510204,3345.7929622449,3234.55398469388,3131.26903469388,3143.38833469388,3162.31150408163,3334.01709489796,3164.08538387755,3312.64528632653,3229.77083632653,3354.37533326531,3503.06168632653,3361.74258897959,3435.43298897959,3455.34698897959,3401.52854340816,3443.05238102041,3502.06061510204,3469.22666020408,3542.36934183673,3396.861105,3361.44683846939,3379.75849877551,3473.35054806122,3408.72280612245,3351.82286040816,3379.23494959184,3337.47638827551,3500.82278327551,3509.31799816326,3397.76946040816,3432.9395722449,3423.42316877551,3278.57972663265,3449.40732816327,3421.61012795918,3483.00348285714,3488.47772571429,3531.75730857143,3556.33743846939,3607.47510826531,3642.88964346939,3438.17197673469,3462.21166673469,3433.5043,3514.56818857143,3282.92692357143,3316.73095715306,3403.42521989796,3358.83813989796,3391.41610297959,3410.83090297959,3297.59445297959,3254.27580297959,3145.06173102041,3152.79153102041,3203.57398102041,3342.56008102041,3324.79597785714,3271.77237785714,3342.33527285714,3390.10141765306,3399.35430265306,3237.69022765306,3330.04126265306,3315.65080265306,3339.82342571429,3307.23922571429,3285.09605731633,3123.86999897959,3146.19539897959,3327.8219377551,3315.33081836735,3420.36576469388,3170.25564408163,3223.58492408163,3298.30070132653,3282.49983632653,3325.97256979592,3296.01863479592,3316.76689897959,3148.85994153061,3171.69401938775,3146.77385204082,3187.02678673469,2948.35928265306,3159.32460673469,3248.68148510204,3166.46301795918,3006.28916795918,3094.40516795918,3204.49067826531,3222.73862826531,3366.17931876531,3298.93065294898,3289.39945029592,3373.89238305102,3195.06739641837,3272.99829806122,3225.22806928571,3205.11744928571,3185.14616642857,3062.31668642857,3191.14223030612,3218.9743755102,3191.44063846939,3256.9518472449,3283.93050316327,3296.01893316327,3420.3150822449,3541.2735672449,3430.36263265306,3303.74509367347,3231.74798755102,3334.72054010204,3267.04952683673,3223.29820918367,3285.92159959184,3129.24001959184,3235.59072459184,3213.53733826531,3317.46059387755,3313.66057040816,3399.56296561224,3433.79046153061,3495.25442663265,3491.2039977551,3408.45921122449,3376.7281494898,3397.84228632653,3355.22800816326,3406.46325408163,3273.10500408163,3242.90130408163,3151.60837969388,3112.90707244898,3349.73257244898,3255.2174744898,3180.46138030612,3298.21440714286,3261.72067214286,3244.29709382653,3246.52161632653,3260.87361632653,3406.37027346939,3305.88887346939,3331.02639795918,3306.95229795918,3456.37989795918,3391.03919693878,3345.54529683673,3456.24394683673,3260.68359183673,3276.45708367347,3203.18163367347,3285.97683367347,3277.11814867347,3248.38745908163,3242.90733163265,3287.85325540816,3506.65958061225,3430.23487795918,3434.31254591837,3389.35014897959,3412.03785744898,3429.36487244898,3319.83763979592,3319.10645979592,3366.69445357143,3253.28583510204,3297.43098112245,3352.97762163265,3400.43494306122,3360.28355316326,3513.6282127551,3326.47143265306,3282.0338955102,3323.1662955102,3294.29087959184,3146.72556791837,3104.96856642857,3067.40088642857,3215.34149336735,3029.59229173469,3116.84638673469,3085.53590673469,3163.26372897959,3194.05108397959,3119.67007897959,3258.14644183673,3071.05971632653,3065.85613397959,2892.80270285714,3038.58657085714,2959.88676306122,2955.68180806122,2824.28097306122,3101.82061602041,3260.49484112245,3290.44685938776,3148.16788244898,3140.30938744898,3164.26686734694,3277.71214183673,3297.98621938776,3331.44429357143,3377.95099336735,3352.77101877551,3269.87762969388,3407.61725071429,3413.88523204082,3417.9805622449,3534.873364,3356.32771338776,3342.68822244898,3247.74458479592,3268.07516857143,3210.19061857143,3269.63004765306,3150.81864285714,3293.41863,3144.35135459184,3216.75804469388,3344.16575969388,3390.64077969388,3247.01908030612,3166.03586591837,3093.71748091837,3344.85007469388,3325.26482693878,3239.69379306122,3280.39529387755,3174.60521540816,3181.07471418367,3068.85430642857,3045.99832234694,3131.32358071429,2981.74509693878,3148.28007306122,3184.88293408163,3114.50891714286,3121.14625367347,3041.58697306122,3049.41555306123,3088.65747918367,3189.84955714286,3214.41772530612,3135.88506367347,3153.09770306122,3010.65843081633,3192.22633367347,3238.00614387755,3135.77655510204,2997.8993,2972.46597734694,2954.06842346939,3069.68633755102,3362.91187683673,3408.56412510204,3351.69332510204,3308.25144510204,3403.96269897959,3404.54983510204,3388.78061836735,3361.77728979592,3203.31918714286,3241.63764285714,3118.61507959184,3244.29654285714,3317.67034285714,3367.85069806122,3290.23797295918,3320.79193877551,3371.26940408163,3437.19260408163,3385.43878571429,3334.74564683673,3374.39622683673,3310.90987683673,3386.05724510204,3494.69789557143,3408.7073027551,3305.8559027551,3304.93636959184,3383.80934959184,3448.18103663265,3418.66528163265,3367.41978571428,3425.09173061224,3462.96561938775,3278.01331734694,3313.12173897959,3230.05615176531,3320.41450992857,3394.18161734694,3419.52955234694,3339.14809234694,3468.12507040816,3598.80754285714,3399.4906744898,3371.30083040816,3370.81235897959,3331.36848061224,3353.22382959184,3371.03887959184,3337.8598855102,3310.64959714286,3373.32431336735,3358.10024836735,3508.80841122449,3458.06834122449,3503.0947222449,3544.00868877551,3433.63425428571,3062.80442020408,3081.01072653061,3133.63537091837,3013.00662091837,3137.86903591837,3043.75702040816,3152.20702040816,3115.72068244898,3138.57583244898,3192.54203826531,3184.67007989796,3183.26834061225,3284.10606530612,3183.3875355102,3159.7232894898,3234.10849887755,3150.17863520408,3149.60894530612,3076.12260938775,3139.19923040816,3076.34605897959,3096.81446591837,3037.85296214286,3171.73497785714,3283.17333693878,3139.11175264286,3243.00990978572,2943.21575714286,3205.37706530612,3131.85749897959,3225.92340816327,3070.52858316327,3165.30498897959,3207.60749612245,3124.82914438776,3148.95001663265,3073.00002928571,2991.35083765306,3126.09921938776,3079.18070408163,2998.28241846939,3083.10803377551,2980.4434355102,2927.28197132653,2854.24808132653,3031.53014714286,3133.83439959184,3149.55948673469,3084.05233020408,3143.28320020408,3330.55312897959,3341.88690795918,3394.60574969388,3248.98095918367,3320.66445489796,3347.01130510204,3433.34325642857,3343.82232857143,3427.67002989796,3381.963615,3360.82587,3244.00707,3307.048205,3225.01175,3331.89062040816,3387.23402040816,3426.36624489796,3149.87063265306,3212.56915714286,3290.38124938776,3252.24070561225,3242.14151479592,3244.37401255102,3187.66936255102,3186.71887255102,3136.97936938775,3171.95910918367,3145.21740918367,3191.09530918367,3212.47345918367,3421.25306122449,3398.48615306122,3259.20563061224,3295.40483061224,3157.78649102041,3143.10035530612,3130.50736428571,3047.43765204082,3003.24952510204,2984.38371285714,3078.11007428571,3259.21216530612,3293.80491734694,3272.02674081633,3351.39313367347,3340.64864367347,3289.65675102041,3342.83664285714,3260.23047377551,3230.21405234694,3251.14579193878,3216.37120867347,3272.93200867347,3186.97855744898,3258.0038605102,3312.91777193878,3201.4333505102,3100.97033622449,3092.01737755102,3039.38987755102,3256.41316163265,3283.10811530612,3176.18094357143,3269.97916744898,3151.24068336735,3268.29480510204,3283.75245510204,3415.14314734694,3300.61534142857,3313.12261469388,3348.76688663265,3185.31616071429,3156.66222765306,3194.24878346939,3236.24076306123,3279.15844040816,3300.30910040816,3247.43168938776,3190.22259306122,3262.78105108163,3329.34299306122,3353.78303244898,3293.54487561224,3320.01809428571,3289.67355438775,3213.65404387755,3288.29085612245,3354.1671122449,3171.90795612245,3300.01047346939,3326.58109163265,3293.5591444898,3332.9388,3433.48186244898,3498.94119571429,3574.96971877551,3519.15472234694,3298.73943510204,3319.50914510204,3302.67815510204,3220.93768510204,3218.91801653061,3230.05155071429,3364.17291285714,3294.91397081633,3298.28556734694,3283.76105704082,3451.94045816327,3327.48619714286,3425.49888612245,3485.16341571429,3296.60258571429,3217.26354428571,3357.36289204082,3408.63638428571,3374.07549285714,3345.74600897959,3367.92425714286,3416.00909591837,3276.05841734694,3354.76338877551,3345.93412877551,3388.01958030612,3323.60253428571,3367.02890020408,3267.8910422449,3201.0622342449,3243.39392883674,3338.25092883674,3300.22785142857,3274.62408142857,3235.68537781633,3204.70571265306,3305.76542632653,3264.24002632653,3306.00853632653,3254.44059928571,3252.23853857143,3151.81988857143,3131.86451734694,3252.97591234694,3242.34090234694,3275.47645734694,3226.97980234694,3297.4503812449,3279.93247653061,3474.38585377551,3453.34553744898,3409.54507214286,3318.30821714286,3377.3613944898,3330.8575694898,3449.5047444898,3259.5178494898,3415.35330826531,3382.09323326531,3459.60133326531,3278.97157418367,3315.03745418367,3170.22869918367,3309.44902918367,3285.23780177551,3467.61554,3381.96180408163,3507.9605994898,3402.51256306122,3504.13051306122,3435.40726306122,3401.69140306122,3348.02731306122,3479.73187306122,3424.59392561224,3425.53244408163,3413.54938244898,3396.41973020408,3278.02399306122,3375.8154877551,3182.58209142857,3228.15402857143,3127.98798336735,3113.91416326531,3162.71091306122,3353.79758877551,3303.00924632653,3349.4743422449,3384.6005822449,3326.5244822449,3411.9045222449,3408.55532346939,3405.35059142857,3363.72590959184,3324.07865612245,3275.54946877551,3316.04076877551,3326.86386377551,3340.08476,3346.43089285714,3283.92615836735,3339.00481816327,3333.58536040816,3363.09534581633
378.448979591837,3526.14816122449,3470.75666836735,3546.83029918367,3674.3573655102,3671.45654489796,3632.99923071429,3510.97795581633,3451.02142214286,3437.81251826531,3542.01874479592,3499.04777459184,3409.00265295918,3563.15613234694,3474.94754622449,3410.70341938776,3510.96690326531,3526.98278714286,3455.36643714286,3452.51131867347,3416.89854066327,3453.57130826531,3414.84319265306,3458.07915285714,3454.02822938776,3417.72181836735,3453.41093530612,3396.50538142857,3419.46261918367,3407.10663537959,3373.80432193878,3433.49246061224,3471.91026765306,3524.62881765306,3413.11606989796,3523.52636622449,3498.53357214286,3529.12672744898,3482.7646877551,3516.0920877551,3562.09779408163,3462.41453510204,3411.27328510204,3476.02011265306,3479.79678265306,3470.04526928571,3540.54155959184,3432.65387959184,3475.3855194898,3474.2165244898,3572.07632377551,3467.48031173469,3552.15139571429,3454.67430234694,3479.520595,3412.93008367347,3563.81227244898,3465.35228571429,3542.21708571429,3487.60133571429,3525.35132244898,3400.75038571429,3480.10082959184,3549.42363408163,3487.70458489796,3481.83370489796,3560.28926081633,3566.71260163265,3623.22708714286,3521.90324857143,3564.97938877551,3456.72947020408,3599.26523680612,3587.74767234694,3538.3736194898,3515.62473122449,3632.73395163265,3546.02477163265,3541.82723061225,3424.07419316327,3521.23103510204,3424.81679510204,3566.06971336735,3568.87315183674,3557.34033683673,3476.99968561225,3533.62179693878,3569.64388673469,3533.25152244898,3485.57976428571,3529.21013877551,3475.11205918367,3543.91028493877,3474.24107785714,3429.97544693878,3374.76858081633,3398.02289591837,3399.67378469388,3463.21455714286,3429.43504071429,3551.96883265306,3457.70650765306,3415.22991938776,3407.37005510204,3516.97902734694,3427.56398265306,3457.6461222449,3426.99987530612,3483.26612530612,3472.24646530612,3399.03472265306,3431.81822265306,3487.02349081633,3494.23084326531,3525.5259755102,3545.79868979592,3459.36343489796,3410.59264285714,3490.71046795918,3465.76940295918,3395.33467438776,3482.80862755102,3386.69599387755,3466.07265877551,3527.91397555102,3481.76278428571,3619.8428277551,3501.58884877551,3518.21799877551,3567.70640714286,3545.98653714286,3506.25449093878,3585.98690428571,3421.62848061224,3570.75570183673,3486.89477714286,3352.98007,3396.20179730204,3475.95228222449,3534.71987755102,3483.86146326531,3472.8696132653,3485.91781326531,3536.24527959184,3510.72577857143,3542.05358571429,3562.54861530612,3612.57583530612,3470.34642653061,3482.22150918367,3620.53184591837,3644.85572142857,3539.70127040816,3507.13037040816,3503.39906428572,3521.54362377551,3445.25699061225,3591.02734081633,3554.17021591837,3460.73569622449,3548.92127020408,3395.00942102041,3484.31990408163,3471.70307979592,3481.07009836735,3501.27625010204,3449.38400816327,3481.12186469388,3497.53576469388,3479.22988469388,3467.81289808163,3551.57423602041,3476.63757746939,3533.64508479592,3466.72949204082,3560.14029357143,3426.49965357143,3478.64905081633,3440.99309114286,3473.54555614286,3557.96467306122,3531.36356826531,3498.42587795918,3543.87750857143,3565.55466316327,3432.31596836735,3501.15704071429,3473.25785744898,3498.10182581633,3560.26131989796,3557.18479979592,3493.24018132653,3454.0937972449,3484.41221122449,3469.67961489796,3496.8115772449,3459.8128205102,3526.69554387755,3450.49815153061,3543.83951795918,3619.87712908163,3536.35252408163,3496.5012627551,3487.39864193878,3527.89996,3426.58761479592,3487.27699438776,3498.43128061224,3481.37630204082,3455.65803061225,3402.36090714286,3515.56535714286,3524.64140714286,3519.10113673469,3454.85828153061,3465.65217908163,3440.21852346939,3429.45665,3424.251855,3503.30927091837,3426.66418397959,3510.07058734694,3478.95530112245,3679.78319346939,3445.36736204082,3488.68188255102,3562.1730065,3539.5356809898,3513.92622384694,3477.96745816327,3548.22301122449,3445.6672377551,3639.81188877551,3636.53473316327,3511.45056316326,3551.79904387755,3544.9127755102,3544.5947122449,3417.72706428571,3455.77597734694,3447.49229897959,3569.78929081633,3479.51529938775,3464.7354255102,3421.33156020408,3455.42827244898,3491.99344673469,3537.13800081633,3481.70751081633,3504.16175214286,3524.85102622449,3520.22502959184,3494.86821428571,3542.88468061224,3523.74066938776,3436.06386020408,3603.37299795918,3615.66059265306,3493.00664265306,3649.46852653061,3477.47442459184,3431.8693072449,3421.5142072449,3429.57578173469,3436.71636984694,3512.41125755102,3459.61639632653,3528.02503081633,3458.09886326531,3452.95760816327,3459.4737694898,3471.43572571429,3493.12746921429,3551.59765040816,3556.66629040816,3471.99149295918,3460.06969377551,3484.49794795918,3519.64821938776,3470.60983244898,3545.10682418367,3439.75541826531,3545.00535285714,3554.76365204082,3501.63201938776,3424.59749591837,3466.61407091837,3542.39852734694,3543.53162979592,3476.83787142857,3525.80009795918,3523.43566020408,3495.51154908163,3482.4183177551,3505.49162040816,3451.28848887755,3461.74374438776,3486.27201343878,3431.31700591837,3640.38328632653,3469.21822132653,3536.8360327551,3531.86260408163,3575.59437836735,3465.51066612245,3545.9710277551,3578.7765427551,3464.50608571429,3414.90450877551,3448.37724285714,3510.24725285714,3299.19834897959,3443.67332897959,3459.34014836735,3452.54546163265,3453.02241244898,3514.13207979592,3557.18028040816,3592.00764571429,3539.39475989796,3477.68013510204,3493.5940255102,3459.43712142857,3553.79696071429,3494.74113571429,3409.77520714286,3445.57740714286,3493.39853061224,3410.68041040816,3560.83769336735,3504.71507755102,3473.8725957449,3526.68156693878,3616.8605977551,3601.96872846939,3574.5293755102,3529.05900173469,3470.14864540816,3467.67750887755,3551.64861959184,3513.70391112245,3519.24465918367,3402.31715510204,3432.66300204082,3523.65921836735,3426.57141122449,3417.87567346939,3501.09358030612,3523.3857244898,3491.0795977551,3477.55355740816,3531.53950387755,3383.34435673469,3544.84835102041,3511.70445693878,3551.75751161224,3621.59470897959,3500.70004653061,3439.03329653061,3398.75581530612,3519.19203163265,3422.37506142857,3494.07570408163,3469.66594285714,3490.38507265306,3605.02181183674,3504.6690244898,3537.71139214286,3409.94059714286,3425.99192316327,3408.4989477551,3386.63304204082,3488.57261122449,3562.10994959184,3490.96992540816,3559.06359581633,3541.68319571429,3505.04239897959,3477.71350346939,3520.0033,3540.17132489796,3527.07154387755,3564.82859142857,3463.25436734694,3646.84759438776,3510.37718704082,3557.12424397959,3462.6436105102,3465.3410605102,3452.9424505102,3463.2662177551,3504.6237677551,3462.27450081633,3541.70925081633,3608.92442183674,3537.63685061224,3472.49305061225,3479.62949795918,3512.04319693878,3465.82236061224,3425.86831102041,3530.24354795918,3565.64979081633,3466.51740612245,3540.64622673469,3554.03624061225,3499.80087244898,3545.03573214286,3618.94382714286,3555.94282214286,3552.94397714286,3622.54268714286,3426.17996489796,3447.49451530612,3468.56741530612,3526.11806530612,3450.25879459184,3463.15914377551,3498.03530377551,3478.40278206123,3550.98639887755,3462.74323510204,3475.40681418367,3508.82827142857,3450.90393571429,3443.79691428572,3549.2096755102,3687.49813163265,3420.49851428571,3533.79650714286,3509.81825479592,3466.07300422449,3455.25073489796,3454.07333979592,3473.48046673469,3406.77762653061,3413.81078061225,3417.8944244898,3391.65058285714,3493.1241777551,3417.73388979592,3533.70693489796,3453.69888755102,3550.17343755102,3544.08898755102,3546.18237183673,3483.80138163265,3378.63232594898,3341.30487244898,3477.26162244898,3532.82264244898,3414.38006387755,3506.44994387755,3570.88354387755,3480.05388428571,3450.53165591837,3400.90999387755,3469.62018857143,3523.25171612245,3543.5515777551,3547.7737377551,3465.24411163265,3681.88024163265,3591.24136166877,3606.4889005102,3545.58991571429,3471.3777555102,3505.8614755102,3542.8061755102,3497.40079602041,3476.79810836735,3557.35851836735,3358.11322357143,3605.92100877551,3554.73230887755,3675.39165387755,3466.83182653061,3488.10583571429,3449.26752071429,3466.93105438776,3543.56327510204,3495.00464591837,3513.78058877551,3510.13256734694,3471.17403030612,3507.81546204082,3458.13522204082,3535.08901102041,3511.89026571429,3573.50876571429,3544.57149114286,3593.41675614286,3411.96877173469,3487.70558673469,3396.63608979592,3391.62443979592,3498.68670387755,3471.72644346939,3432.15165030612,3460.60870530612,3438.38325836735,3534.09525836735,3479.30995877551,3546.95252928571,3481.95858,3509.29293,3526.65824071429,3392.21133142857,3449.19258265306,3488.16685612245,3545.65400530612,3559.99676285714,3471.06336741837,3479.10668693878,3413.5569744898,3400.26527755102,3464.09240071429,3421.72547071429,3444.92713153061,3467.99468081633,3442.1180894898,3545.97861744898,3562.59027663265,3485.33525204082,3497.09336265306,3450.28290653061,3497.14781112245,3442.63364102041,3434.45463989796,3424.92296602041,3477.74607683674,3468.02466806123,3415.60535826531,3383.11801428571,3517.27755918367,3532.45319418367,3565.9010055102,3458.44624081633,3469.57996295918,3456.0898202449,3456.70580673469,3581.1791644898,3398.46008946939,3496.95375857143,3549.07275857143,3486.2197455102,3541.9885455102,3449.32629367347,3387.93439367347,3501.97360479592,3611.28001367347,3469.3205977551,3472.07239061225,3554.35833061225,3550.33332632653,3532.34278632653,3555.79753632653,3423.49892593878,3495.43015204082,3452.64549989796,3480.17999489796,3473.30985408163,3571.30655265306,3447.35436428571,3410.381685,3555.37696734694,3467.96006183673,3505.84420020408,3546.22240816327,3501.95300204082,3536.29547316327,3497.8386205102,3492.87554183673,3548.23353683674,3543.87468204082,3556.34690173469,3674.78465510204,3424.00810602041,3507.02775295918,3551.7710672449,3566.24882795918,3699.76927667653,3578.64332687755,3513.6933244898,3516.7846877551,3465.50543979592,3619.20172408163,3527.17442265306,3454.3163255102,3534.11469255102,3548.24635816327,3506.72583265306,3451.99275,3504.48030183673,3447.36558265306,3465.21072408163,3472.7847755102,3560.71926938776,3607.12823612245,3596.39304020408,3464.84977840816,3534.54105340816,3529.86140693878,3459.88285367347,3563.27209367347,3569.05056816327,3485.38279316327,3471.54750816326,3548.71780816327,3522.59870683673,3463.85233129592,3561.98523244898,3480.68110653061,3452.09218755102,3411.19079928571,3521.79947540816,3466.22592663265,3426.11107867347,3469.22523132653,3486.24915418367,3431.42743918367,3453.29835918367,3566.79319887755,3546.3650622449,3468.34607306122,3547.66833510204,3504.56006061224,3482.84255857143,3505.54276357143,3499.89075857143,3628.21860326531,3561.98487020408,3467.40424857143,3538.55360795918,3478.13400591837,3458.47154397959,3426.54294897959,3395.02600510204,3570.46257653061,3389.29386377551,3509.32961877551,3491.50823285714,3436.90745510204,3625.16767959184,3486.00944081633,3519.05881989796,3563.7739122449,3610.99757040816,3550.72660806123,3544.69907040816,3520.99521897959,3473.0050022449,3527.39962030612,3601.43526773469,3567.72820561225,3542.42019181633,3493.34347040816,3484.81148489796,3576.5157672449,3550.3760322449,3439.0535622449,3537.51770612245,3541.28331530612,3463.49400693878,3426.68249112245,3473.42946142857,3527.03020816326,3552.90440204082,3452.34382959184,3484.79884571429,3457.6362622449,3433.98639591837,3521.38512326531,3508.90511040816,3491.90322561225,3477.02745357143,3559.04374785714,3471.33920163265,3474.84011693878,3490.9828455102,3417.3976794898,3403.9165594898,3422.64342173469,3420.23242408163,3565.88292714286,3418.58666,3547.28944795918,3422.68004387755,3537.37911397959,3514.40026897959,3445.89959693877,3535.09666632653,3469.11643479592,3576.53938367347,3547.26703326531,3621.06008163265,3591.0862922449,3399.59013663265,3503.14550295918,3515.12235591837,3442.54552244898,3477.69889877551,3460.51224459184,3494.60964989796,3525.05043061225,3530.18096836735,3494.86892183673,3513.87704489796,3574.20486255102,3683.76452404082,3538.41834663265,3614.85310020408,3477.36252955102,3470.71647755102,3488.07335377551,3441.43150418367,3719.53753081633,3514.37830122449,3472.42028010204,3560.71942959184,3447.1330877551,3417.71555306122,3439.26702642857,3417.41151234694,3448.38487520408,3488.08524173469,3497.23127734694,3485.5409577551,3468.8532122449,3433.98042306122,3484.79782714286,3410.85673591837,3449.18708693878,3470.84558693878,3398.56220122449,3422.37535122449,3409.38596244898,3375.89522285714,3399.27418959184,3518.19296102041,3449.33137265306,3458.50238663265,3544.26969897959,3499.78790285714,3462.26975285714,3472.63662734694,3557.97598081633,3607.39899612245,3452.81604612245,3508.16155463265,3425.16079244898,3541.4314255102,3614.88333428571,3396.74575979592,3531.27020489796,3459.52463551021,3556.37939520408,3446.32879714286,3483.68694459184,3485.5348022449,3487.34966979592,3430.23729061224,3431.7672855102,3548.95276244898,3479.16556704082,3482.43324693878,3416.54712867347,3400.83670826531,3491.19104265306,3480.75866265306,3495.36581265306,3497.92987857143,3458.48209571429,3468.41646071429,3397.97113571429,3576.60337959184,3493.66776053061,3404.71430032653,3517.16713,3457.77426959184,3483.57568469388,3503.79065510204,3461.1648544898,3565.78515459184,3518.1955377551,3538.94142551021,3450.94202755102,3546.07699408163,3495.04740561225,3563.29815714286,3511.8461755102,3427.02264377551,3560.17028377551,3460.40779091837,3537.60059765306,3495.84250265306,3526.39402265306,3584.5900355102,3513.30046591837,3435.22161326531,3631.06794183673,3540.86879408163,3453.12626377551,3504.11160428572,3419.87104285714,3496.88248979592,3547.76218938776,3463.06253163265,3498.06126020408,3452.63679,3489.50401857143,3415.48469469388,3464.48876377551,3417.95752020408,3462.51704969388,3296.3079622449,3225.89816255102,3440.05327255102,3462.95568234694,3409.49890989796,3412.62974510204,3467.85102632653,3562.32113959184,3451.1271477551,3560.3731694898,3541.95605857143,3559.4278544898,3447.16700918367,3495.11530306122,3568.44921765306,3540.80145714286,3521.33696489796,3554.56202,3466.50264142857,3409.00316969388,3545.17416255102,3430.99805234694,3554.45278704082,3533.92501836735,3506.88802938776,3543.46069183673,3552.80578081633,3476.539965,3485.77271428571,3429.59453265306,3447.64621122449,3410.08843326531,3467.82411979592,3445.9191222449,3549.25655102041,3553.05115102041,3476.594205,3523.40077367347,3544.05775602041,3572.64147653061,3458.72372653061,3552.70745612245,3638.52789122449,3395.42904122449,3568.14407510204,3528.75977510204,3557.85559469388,3546.51614510204,3461.97088010204,3514.48736510204,3462.94337418367,3514.62051918367,3470.37646857143,3527.11711857143,3424.60211744898,3402.5480672449,3476.5865522449,3456.6498677551,3411.04641612245,3384.5489887551,3413.91479081633,3526.92569081633,3414.98763581633,3466.35679204082,3525.34474204082,3531.37742602041,3404.79208408163,3482.44352142857,3384.51219642857,3416.97639540816,3390.88128540816,3417.44562040816,3395.58219693878,3424.2513822449,3444.43602830612,3688.67252040816,3619.70852040816,3437.02125653061,3511.01580653061,3544.35707061224,3562.68737061225,3509.39222061224,3560.22783408163,3550.78517020408,3548.6869927551,3488.20912857143,3469.80462244898,3489.41052591837,3544.01134653061,3538.92511602041,3461.27578979592,3459.40212142857,3419.61153571429,3467.95061826531,3542.10924816327,3458.60569540816,3533.40612040816,3533.83705918367,3488.96578142857,3424.6567244898,3472.21735459184,3533.12387346939,3507.21057244898,3547.02046020408,3545.47420122449,3507.64853653061,3518.66524367347,3470.96575183673,3450.16594510204,3474.25235836735,3482.26317928571,3440.9928,3539.16366591837,3491.21502857143,3533.8562222449,3543.35383387755,3609.63620244898,3490.97190693878,3541.24709102041,3464.62395612245,3553.87324285714,3381.49638469388,3510.80705816327,3420.73124489796,3461.25035489796,3557.99812428571,3594.83260102041,3489.5851827551,3472.4155377551,3611.5295877551,3545.9210877551,3685.55916928571,3647.79746428571,3554.39602040816,3520.42861816327,3696.77357071429,3611.51741928571,3482.05317,3493.87996489796,3536.36402857143,3395.97668979592,3545.62312163265,3512.05349571428,3527.82145816327,3539.01048673469,3490.20242897959,3513.43789489796,3505.82405408163,3551.1214877551,3540.2867244898,3501.97842244898,3425.61522040816,3532.98549897959,3558.35861836735,3426.29558765306,3476.17388765306,3378.99494887755,3457.39106502041,3524.05322122449,3523.42064591837,3535.21236102041,3478.5793855102,3422.46838367347,3464.44973673469,3486.46017040816,3472.17595918367,3494.94741459184,3504.60247959184,3430.21285908163,3429.97481061225,3531.60101061224,3477.33043377551,3559.75544806122,3463.86632755102,3520.80650755102,3462.00125755102,3541.66439836735,3496.9114677551,3452.44336632653,3548.81851632653,3385.23921663265,3410.52831061224,3463.10331734694,3622.95925612245,3505.87459673469,3521.22566061224,3457.96307755102,3548.62129469388,3407.90356520408,3556.95659265306,3564.61096765306,3554.00761765306,3558.03740938776,3539.17332142857,3549.09401571429,3514.71133081633,3444.71462602041,3504.13262285714,3561.34341673469,3525.91349806122,3685.06859806122,3470.48758306122,3464.27323306123,3475.90807571429,3480.42682571429,3411.36253040816,3427.77594897959,3471.78315959184,3414.93744959184,3444.15212153061,3414.34269,3422.62484193878,3455.61548408163,3382.4456027551,3410.46658285714,3414.73056846939,3456.27758346939,3434.57578478571,3453.91108478571,3540.04218816327,3510.33824183673,3486.93378795918,3542.32312061224,3487.57807153061,3455.77073653061,3502.82307010204,3516.22765459184,3517.26095530612,3505.6700477551,3559.18127836735,3577.76344983673,3446.48443857143,3524.62586265306,3522.27518020408,3479.9578877551,3470.2012755102,3430.4175555102,3542.26396244898,3387.37081632653,3396.57536265306,3466.62503979592,3474.08969663265,3507.94056132653,3530.32025714286,3353.96640591837,3534.35601091837,3782.97236244898,3460.34819204082,3501.75557346939,3509.02961183673,3552.79705969388,3533.44161806122,3466.55046142857,3454.16393367347,3461.43383367347,3515.71369285714,3428.74239938776,3534.20084540816,3498.52364540816,3546.10522040816,3495.66886336735,3435.35090204082,3402.54848459184,3459.92774285714,3573.90913928571,3558.91863816326,3523.47820071429,3553.18741795918,3591.78558214286,3575.02407357143,3538.21990755102,3600.41544653061,3564.69637938776,3441.38573306122,3401.09236897959,3387.96111897959,3416.44501897959,3414.68297102041,3551.5898022449,3400.98665408163,3452.25979122449,3442.58190418367,3548.24582581633,3453.17137081633,3565.37482081633,3539.07457081633,3462.24596734694,3475.95513469388,3498.94758469388,3484.78578469388,3366.39123469388,3570.81831571429,3556.52688571429,3497.16772071429,3527.19878632653,3469.96184387755,3544.23937897959,3586.31740959184,3415.16893306122,3430.57265418367,3518.31392663265,3717.05112091837,3501.43292030612,3542.83531897959,3481.02787265306,3491.02046030612,3500.33258856122,3470.71603295918,3471.53165755102,3455.26580061225,3408.65935887755,3407.23177520408,3416.72641836735,3491.48066755102,3487.72136122449,3486.18125571429,3521.75348040816,3381.08560571429,3459.68642622449,3448.6801905102,3405.83928234694,3462.58240734694,3393.84687755102,3462.35682755102,3544.79413265306,3473.37544265306,3458.32944489796,3397.61840197959,3414.98912479592,3458.67501367347,3389.0568744898,3560.41339683674,3551.53651469388,3445.20662836735,3428.64279061225,3458.52718132653,3426.24043571429,3435.83810673469,3449.85820367347,3390.91642367347,3559.37880816327,3557.68177244898,3563.08762346939,3472.24551153061,3497.3189477551,3530.95533622449,3585.02119397959,3571.73109591837,3453.89308714286,3566.25654826531,3559.75840397959,3468.79322602041,3458.74008602041,3411.04708602041,3480.55130979592,3518.62404244898,3469.46978265306,3537.92883918367,3402.45620316327,3478.3472077551,3542.16824387755,3455.27809653061,3576.33477693878,3558.0518155102,3464.42004418367,3431.91806510204,3515.89151510204,3398.15909020408,3497.75873091837,3478.35773091837,3422.5287677551,3461.8185677551,3478.1541727551,3472.34086112245,3567.57503306122,3498.67674316327,3471.69161867347,3534.74415204082,3560.56302346939,3519.67795204082,3609.76565673469,3512.45886591837,3545.77453938776,3559.33078336735,3554.19647561225,3470.09175102041,3548.99382571429,3491.06384071429,3463.28993071429,3549.88785571429,3459.00364418367,3409.17137928571,3511.53806102041,3476.2650722449,3484.09953897959,3349.72813877551,3460.12709214286,3500.04438163265,3470.25895520408,3510.82010683673,3453.43419795918,3468.0785427551,3512.9605222449,3479.17418204082,3456.62003204082,3507.36068204082,3530.36914530612,3423.11515806122,3462.57171061224,3476.68872918367,3479.16433061225,3486.6682355102,3549.53104418367,3523.32930795918,3455.84858959184,3484.56825340816,3537.98975163265,3470.82702540816,3545.21540040816,3451.95964744898,3481.74411244898,3486.27146244898,3533.08647846939,3479.20506346939,3423.33301346939,3481.71466346939,3399.0036177551,3400.8123177551,3494.66282632653,3431.32788469388,3459.11205081633,3504.69402081633,3392.01389387755,3495.26404387755,3481.95650714286,3463.67382530612,3482.95468336735,3457.03318744898,3520.09977367347,3522.94930408163,3587.97063857143,3456.4715344898,3562.60183040816,3537.51470846939,3537.7236072449,3421.46192928571,3465.25412642857,3490.16125316327,3539.26994928571,3569.8819844898,3426.66057173469,3522.74717112245,3565.63561061224,3456.87183959184,3472.99476561224,3549.50734377551,3533.82109663265,3516.32931622449,3559.57069622449,3593.07943142857,3509.26260204082,3477.00022255102,3464.67465316326,3434.50377765306,3459.05348989796,3407.15239489796,3598.01918540816,3517.67865989796,3580.44641020408,3582.50973877551,3519.97153061225,3458.49686836735,3439.10406836735,3397.5052755102,3437.34350908163,3534.08797806122,3535.33322408163,3479.55699265306,3564.55349602041,3525.57299102041,3548.38235602041,3437.484525,3423.2757055102,3455.91777551021,3432.35746938776,3454.61321938776,3530.67664897959,3500.92414785714,3508.12692959184,3460.01903918367,3473.92212755102,3543.46447653061,3571.82558469388,3542.4463172449,3316.59893510204,3485.62723510204,3492.9414144898,3473.47659295918,3400.49925061224,3538.16077561224,3468.84366642857,3474.22369959184,3423.11228959184,3555.14205459184,3479.98318969388,3495.88749469388,3512.63575377551,3458.78537877551,3420.36792877551,3487.42005418367,3557.46489795918,3476.53104795918,3499.90396071429,3500.37433459184,3502.20547693878,3568.49892081633,3546.98814591837,3567.45596030612,3569.92031173469,3477.69672857143,3496.9755544898,3475.15506306122,3554.16822795918,3644.03033510204,3464.88385234694,3516.3373877551,3544.11123367347,3633.68664816327,3543.91954938776,3547.13557816327,3477.76787959184,3524.34054571429,3512.46315306123,3582.29695510204,3462.77872795918,3501.85670755102,3473.92785857143,3507.97785510204,3472.99381663265,3627.16678173469,3471.81421591837,3539.66221357143,3574.04937540816,3476.89394810204,3443.90528112245,3480.91552255102,3540.13110795918,3460.1844622449,3404.11116122449,3482.83166489796,3515.02035469388,3492.31771081633,3529.79100306123,3501.78238673469,3430.01717857143,3437.18631326531,3524.98863571429,3529.87493571429,3538.9274122449,3425.20277173469,3417.27112959184,3639.81203489796,3546.54874102041,3432.90554520408,3483.69922020408,3476.24950020408,3512.70161520408,3362.79785020408,3437.26262673469,3402.58233908163,3473.67304908163,3471.33515877551,3536.59642795918,3462.23583806122,3485.79754408163,3559.54346938775,3472.95377744898,3484.68470836735,3470.01582204082,3526.57440612245,3466.48934653061,3417.25047673469,3474.98770714286,3470.78388642857,3446.49250612245,3470.892,3535.60509897959,3506.43245734694,3465.96487693878,3393.90622244898,3443.29100795918,3414.20780285714,3439.7332255102,3486.98430785714,3374.59194204082,3248.1883,3564.00827959184,3510.27552795918,3544.45561502041,3561.47761502041,3580.87303061224,3568.36642367347,3558.25077367347,3494.04948367347,3484.10364,3546.15168938775,3536.92422867347,3544.99809867347,3591.60857367347,3494.67878489796,3546.1054322449,3467.37335377551,3542.77973877551,3454.14760571429,3528.88435571429,3368.12570571429,3465.80937714286,3520.07475316327,3464.06904714286,3499.77725795918,3567.14833673469,3542.44049081633,3432.95132214286,3391.97958316327,3493.93744183674,3635.57343530612,3624.46914010204,3563.77013295918,3501.60853163265,3552.16294132653,3548.24328979592,3575.69760765306,3680.00492030612,3525.27741540816,3462.37816010204,3491.036415,3570.75171367347,3451.28130244898,3493.66300244898,3476.90540061225,3455.1627544898,3527.99205653061,3466.02138561225,3554.34311346939,3640.58264469388,3550.56353469388,3560.71198806122,3519.04050346939,3466.40383326531,3398.96739285714,3437.07023673469,3487.94769530612,3430.95483285714,3422.61849285714,3551.91644387755,3532.87448744898,3546.19846244898,3532.73564591837,3484.84505081633,3559.33907714286,3564.26710204082,3512.05662857143,3491.71349438775,3493.61721663265,3635.94809571429,3517.43203795918,3537.38059989796,3509.79971916327,3419.45091153061,3418.26817653061,3386.13366530612,3533.97890510204,3473.29193979592,3486.6413,3478.55747163265,3557.68374346939,3546.44578693878,3606.04777857143,3486.06157857143,3455.77792857143,3525.91695714286,3515.77117346939,3504.79685612245,3491.74382612245,3551.30827816327,3439.33581714286,3476.52435387755,3461.79927387755,3465.50297816327,3453.97503693878,3562.42681040816,3451.22131040816,3425.01173520408,3462.19819785714,3489.38711071429,3494.08672857143,3427.08567244898,3501.14729561224,3484.11074969388,3530.03263938776,3584.23722540816,3519.36992642857,3529.97864285714,3474.08917122449,3460.73251193877,3469.65812426531,3508.05453408163,3535.24563357143,3545.97050102041,3544.10786642857,3509.6785377551,3460.82096173469,3509.39726367347,3541.5166687551,3443.6224877551,3542.41579183674,3496.04668469388,3544.47027755102,3547.84514387755,3463.7241744898,3427.48660408163,3481.67987102041,3469.47752959184,3441.71436734694,3489.24136122449,3490.33569397959,3467.83669693878,3477.93407010204,3545.15527346939,3549.96730397959,3476.36226265306,3539.53836734694,3540.29687040816,3531.94953367347,3613.31443979592,3556.01315908163,3522.87872857143,3477.06652122449,3519.52991765306,3603.49637367347,3381.10456959184,3449.31286959184,3563.44364061224,3542.07198857143,3445.45926173469,3543.59112193878,3474.39591367347,3609.60824755102,3497.74620591837,3512.51548408163,3546.49542061225,3490.47801510204,3522.63123653061,3482.99079132653,3443.93322122449,3454.93378122449,3434.32563204082,3496.3051005102,3471.87585683673,3453.76547173469,3512.08521128571,3394.63973244898,3405.52888244898,3411.86482112245,3506.34469091837,3400.20107081633,3562.52153857143,3616.06171122449,3529.45168591837,3536.51841714286,3518.46570530612,3568.17064571429,3561.42829071429,3554.94308571429,3394.39809285714,3541.05133132653,3489.31648102041,3533.98770836735,3426.65283795918,3407.44431571429,3470.74997714286,3361.35187285714,3429.84859285714,3499.95054285714,3458.24373510204,3469.55236571429,3476.60756959184,3521.90849846939,3597.85333316326,3497.188145,3534.50909071429,3508.04007571429,3450.76977183674,3499.96646020408,3484.87446734694,3471.34605326531,3525.49825326531,3489.49069496939,3498.38135915306,3429.16258884694,3553.61533884694,3428.66514292857,3430.40658989796,3514.00822214286,3499.06416418367,3559.79995612245,3525.25373510204,3421.53298530612,3566.46016061224,3567.46140683674,3388.10804183674,3456.82481020408,3442.45360346939,3531.85965183674,3486.27385163265,3469.19338081633,3509.12710571429,3507.80809877551,3415.88307204082,3434.43707704082,3480.92471602041,3424.20524642857,3280.88045204082,3467.72430204082,3488.51721071429,3449.84471836735,3529.92109530612,3439.61255173469,3481.87525173469,3510.79653265306,3602.01048020408,3509.13492704082,3459.03143704082,3484.27843908163,3471.71887959184,3496.39540816327,3432.08568265306,3566.19276122449,3545.09537591837,3560.37587591837,3546.10108979592,3573.58422234694,3514.858525,3493.3956,3456.00193795918,3517.18982428571,3458.08361428571,3514.55715387755,3542.70313071429,3540.85690071429,3522.42863571429,3476.70071785714,3417.63305214286,3535.88228846939,3558.98608561225,3573.60949642857,3519.35551836735,3519.9136805102,3425.0815755102,3604.81045102041,3761.86295244898,3538.40263163265,3446.46040326531,3524.24607908163,3560.90455571429,3498.48950020408,3422.78098153061,3489.06795469388,3473.38486173469,3403.01835102041,3458.8632655102,3440.25834795918,3503.70516357143,3467.26456040816,3514.01210142857,3437.55160265306,3454.61098183673,3548.56282714286,3523.52628367347,3469.67433265306,3458.16822265306,3395.72032918367,3573.40173306122,3413.45011132653,3467.19632244898,3482.86322244898,3546.88601326531,3537.90349204082,3485.22735397959,3475.47814826531,3546.17201969388,3567.64149061224,3593.65583469388,3478.02882428572,3535.26393173469,3529.91620642857,3555.23712469388,3414.92985469388,3474.84415204082,3465.93715204082,3550.32773867347,3469.33671938776,3467.29281122449,3556.73681122449,3535.31513571429,3513.40321112245,3507.3795387551,3474.30757132653,3445.67482,3391.06499367347,3417.33336795918,3528.82932510204,3401.20150612245,3478.25502632653,3482.95782632653,3532.63013877551,3558.3740244898,3524.76709244898,3474.83401040816,3544.95859244898,3466.78109285714,3434.18365979592,3420.5063727551,3662.79561591837,3435.63050306122,3506.86891806123,3432.98891653061,3478.69644122449,3480.69086489796,3481.04569387755,3432.68719933673,3448.11576816327,3371.24143816327,3574.68179265306,3436.4475977551,3408.27663755102,3486.77978040816,3424.83881204082,3479.12655459184,3494.69265081633,3478.76144285714,3579.24514897959,3492.51655918367,3562.12768,3550.95809520408,3634.02991836735,3568.18301938776,3519.03963693878,3480.72291795918,3505.43732959184,3552.65422142857,3678.74925744898,3604.35800285714,3489.06004581633,3463.80411081633,3389.60736418367,3450.13885606122,3586.43351591837,3603.61079520408,3536.90731714286,3477.42290561225,3506.93809357143,3448.265004,3563.59281010204,3468.0994272449,3519.14740612245,3473.59818693878,3531.19855734694,3397.99793591837,3501.25137142857,3493.63396642857,3472.44003877551,3452.64600204082,3374.69913877551,3570.87528877551,3541.09090877551,3474.44344244898,3486.66832244898,3491.37787755102,3429.96753122449,3513.15493469388,3427.5555877551,3508.77692142857,3433.74714530612,3502.98715306122,3479.63153663265,3530.24972091837,3476.75327091837,3548.60046,3408.73560735714,3529.12621734694,3481.52791734694,3400.05190204082,3591.489,3419.7215894898,3408.24993193878,3416.86268836735,3588.3950594898,3443.19505918367,3536.5313244898,3510.16857510204,3467.78109836735,3477.23917326531,3426.56910469388,3438.67155469388,3547.60307142857,3493.36617142857,3478.51828244898,3622.60637653061,3563.77466653061,3667.98688081633,3693.22467877551,3582.69477877551,3569.13461377551,3561.74008877551,3557.48533112245,3484.25163428572,3410.99274510204,3557.32027326531,3478.29437408163,3499.25947326531,3536.46254091837,3539.50404357143,3420.13597857143,3574.45898367347,3577.55971459184,3502.50684030612,3547.97598306122,3463.01684561224,3487.27954479592,3449.15132132653,3516.94407132653,3401.39879795918,3476.72540795918,3573.56632030612,3499.50280034694,3506.3565544898,3563.8922594898,3567.26697234694,3569.50945734694,3541.51172830612,3544.89582632653,3523.43318265306,3465.79633163265,3454.95020877551,3560.27772857143,3496.04313244898,3551.73389387755,3467.9923644898,3489.93163765306,3537.40994357143,3530.16842102041,3492.98677204082,3480.60166204082,3525.68029867347,3445.90621367347,3503.44516367347,3477.19452612245,3427.20852612245,3466.72671612245,3460.66971612245,3639.77826306122,3461.73089367347,3506.80250518367,3423.35907163265,3519.8272577551,3435.2305577551,3396.7430077551,3396.5854477551,3432.3947122449,3340.41113979592,3401.48435061225,3470.74417102041,3448.77535469388,3406.19998908163,3429.59846102041,3452.81589489796,3514.4611227551,3539.38994081633,3507.92586561225,3426.49044591837,3465.00998867347,3488.20538153061,3570.78607846939,3505.10589183673,3430.97908183673,3551.16707367347,3469.7889877551,3359.0183577551,3413.79067857143,3373.36282857143,3553.3851877551,3553.41313469388,3499.63598469388,3477.14919306122,3486.75355170408,3564.62112520408,3516.93071020408,3513.02276020408,3419.14013979592,3568.62936336735,3467.33164918367,3406.46559622449,3515.40216142857,3499.18355836735,3484.57797428571,3534.02323928571,3483.23446632653,3469.02258693878,3460.48266693878,3520.35126693878,3475.95566693878,3562.06031693878,3516.61066693878,3681.61213510204,3628.26950622449,3611.67705755102,3494.50206163265,3475.34839714286,3485.78307387755,3532.08373030612,3547.9095005102,3546.88266734694,3444.29869908163,3524.91524846939,3423.77701091837,3547.03613673469,3455.62419183674,3506.62409183673,3465.32935183674,3356.54415122449,3495.80643816327,3528.22376285714,3455.67761285714,3473.46791285714,3516.91427091837,3480.57944030612,3405.76690953061,3403.26159122449,3464.94816142857,3486.87819979592,3396.4823722449,3394.57516040816,3434.31719591837,3427.94888102041,3398.39041734694,3470.69516938775,3556.3004477551,3686.06714591837,3540.12785673469,3471.29059244898,3585.64489673469,3627.10480418367,3568.41588357143,3446.81336397959,3759.98478693878,3552.89339816327,3594.78592204082,3552.24567204082,3476.85098897959,3557.05921897959,3469.48824132653,3456.15264132653,3465.905245,3485.69532020408,3530.78207693878,3455.93491193877,3493.95306693878,3464.15673408163,3524.12394408163,3570.80264040816,3480.44525040816,3544.32078040816,3415.09429591837,3521.23494591837,3507.66309877551,3410.28157204082,3457.11421020408,3563.82647428571,3597.57584581633,3601.31693755102,3542.39459938775,3575.41940938775,3609.33580163265,3466.34785204082,3464.24533877551,3462.22429591837,3622.35613673469,3436.52451897959,3467.9399455102,3487.14018367347,3473.87686826531,3467.39968418367,3489.06954270408,3473.74037709184,3451.25657709184,3457.56275755102,3450.93539755102,3396.93306255102,3425.39949836735,3473.99265326531,3422.24298122449,3547.16974877551,3486.55304346939,3531.9920777551,3568.74247285714,3619.04513591837,3497.28383081633,3465.67355173469,3423.02011091837,3418.79495397959,3459.64658061225,3438.49864744898,3615.06984989796,3630.36375989796,3549.83332397959,3491.15384153061,3569.75332479592,3513.68636816327,3464.87252714286,3428.36860326531,3676.99553234694,3672.69863030612,3630.23103877551,3632.59547969388,3545.30509132653,3635.70126755102,3556.08295204082,3570.88003265306,3610.63578612245,3472.58079244898,3482.77114918367,3488.04045306122,3516.34034979592,3472.46956795918,3356.08934,3414.72679867347,3435.42375086735,3470.5559205102,3491.68633765306,3519.91623877551,3476.05831632653,3397.27258622449,3419.58265295918,3532.45618061224,3573.96998163265,3467.85861489796,3677.31900877551,3417.73277979592,3522.64399612245,3539.47066632653,3407.00187806122,3549.58684183673,3544.76543755102,3517.79893438775,3542.40814622449,3561.66941071429,3556.9072744898,3488.27430744898,3473.30386806122,3419.94940255102,3521.75537142857,3507.33677785714,3542.18431285714,3524.82601285714,3453.33190622449,3487.34985122449,3552.15240122449,3682.77357122449,3464.23734897959,3504.81058306122,3532.39267306123,3441.68488306123,3488.29870806122,3464.30073306122,3488.62701510204,3460.42055540816,3530.34811010204,3454.8595055102,3567.56856908163,3521.37072755102,3570.36541122449,3401.77773408163,3485.08590571429,3496.37276387755,3486.96716387755,3491.4454255102,3534.51646734694,3456.6471255102,3456.1956255102,3487.95415204082,3497.61874969388,3527.31672755102,3397.82390020408,3515.33935714286,3534.62057091837,3417.03951989796,3458.89083418367,3500.69198214286,3469.65249540816,3438.8841277551,3429.07530627551,3418.75876872449,3474.25003510204,3468.48400510204,3434.22325510204,3559.03987102041,3477.31290979592,3448.95330979592,3554.51524591837,3542.69725255102,3543.25013755102,3541.88610816327,3521.47157979592,3403.42502979592,3544.24436969388,3430.30641387755,3481.80041387755,3583.17114887755,3579.29878228571,3529.09733530612,3477.90777316327,3440.30753897959,3450.70499,3416.34044602041,3491.19628367347,3457.12540306123,3445.23136938776,3413.38096938776,3549.02294693878,3445.07126295918,3513.3070477551,3367.85656357143,3460.73772857143,3479.55688846939,3536.30145306122,3552.4386255102,3536.16970704082,3551.2236144898,3538.85473591837,3477.69204795918,3386.92123020408,3475.55126612245,3453.82530408163,3372.9513744898,3481.57734591837,3504.57921714286,3519.03317428571,3464.63788428571,3494.5045205102,3425.39150377551,3560.65461846939,3492.93822510204,3444.80054081633,3449.35589387755,3409.43406938776,3461.32868734694,3672.73043591837,3421.94681438776,3632.31861938776,3535.86373306122,3516.96772540816,3481.41040938775,3543.86018857143,3526.81203857143,3525.04453734694,3544.57463734694,3480.47725,3568.14103163265,3492.72881734694,3569.79598285714,3492.59477040816,3503.38809795918,3470.42836918367,3470.97874183673,3428.36219183673,3397.27387142857,3544.22507142857,3586.1276244898,3459.22054173469,3470.16987142857,3508.81042959184,3489.38530540816,3437.84846326531,3556.62760714286,3463.78480418367,3469.47893118367,3553.48955602041,3546.20390102041,3687.60895469388,3537.75730020408,3520.44511734694,3541.28118734694,3499.79205897959,3542.40375897959,3537.73787193878,3551.22951714286,3431.72770387755,3542.69543632653,3548.59441540816,3590.87787,3552.79207061225,3547.15399877551,3512.37956061225,3403.74755081633,3491.12161571429,3556.23802857143,3493.51761959184,3572.67160571429,3481.64038877551,3565.56755908163,3473.03086959184,3594.30884285714,3482.6130894898,3496.50609969388,3488.06286663265,3459.01187163265,3398.52877979592,3483.50961183674,3356.77931632653,3398.49461632653,3433.21076734694,3290.99876734694,3290.78240204082,3405.43676979592,3479.07967979592,3394.19682204082,3402.24063061225,3313.74312561224,3419.75614561224,3391.94975865306,3417.79325265306,3426.63641020408,3377.41832020408,3545.55658908163,3492.42972142857,3515.63899642857,3565.14741020408,3463.93537963265,3467.1653422449,3545.64166193878,3547.32689122449,3407.17333857143,3558.52621091837,3632.27285591837,3542.61526346939,3623.14482244898,3504.99103428571,3516.41253428571,3481.58353469388,3468.99028469388,3479.56513510204,3490.86123510204,3494.64897110204,3427.70085489796,3477.96127489796,3468.2037122449,3468.26411596939,3590.93546346939,3485.51922959184,3501.96933367347,3436.60946632653,3564.08242959184,3471.86746836735,3432.16874183674,3490.79796632653,3405.81231602041,3430.1602222449,3450.3064122449,3466.68005877551,3489.74023785714,3494.63347265306,3537.61126673469,3477.40947367347,3419.56402163265,3531.17471857143,3471.26708857143,3457.68781846939,3459.45660785714,3593.66919285714,3465.87915102041,3532.51810697959,3571.94036040816,3469.01870493878,3516.64000306122,3468.25510306122,3536.51548193878,3432.61909311225,3501.05882540816,3622.2113122449,3501.14449183674,3477.78628193878,3432.23855693878,3465.33280612245,3461.76160612245,3464.47371030612,3521.31791122449,3393.08571938776,3398.60066428571,3473.02644928571,3552.91451428571,3492.08907755102,3459.86131336735,3468.93386836735,3488.99024704082,3524.67741326531,3507.38386826531,3466.14795683673,3487.26781163265,3502.98951938776,3416.92095244898,3501.65410857143,3407.67651367347,3480.33655826531,3523.88677714286,3478.56344316327,3454.82911887755,3501.55659367347,3398.43481408163,3491.34565163265,3467.40665397959,3547.75675744898,3544.38020459184,3489.34683959184,3470.79806459184,3561.67020540816,3569.78234459184,3470.23284438776,3533.69638214286,3443.69922357143,3549.67103591837,3560.49146979592,3479.32416428571,3527.59997489796,3495.06076367347,3546.43374653061,3599.20554510204,3495.62860846939,3532.87921142857,3581.8984855102,3480.07783193878,3428.58634928571,3416.09162071429,3558.2566177551,3542.9782927551,3486.4238977551,3563.31911591837,3454.64294489796,3478.68209755102,3514.0216877551,3455.90157102041,3514.27862102041,3594.46663673469,3424.40025408163,3546.8338682653,3563.86593816327,3478.31280744898,3464.15187846939,3480.72713479592,3546.05230061224,3482.15526795918,3555.86737612245,3492.6681294898,3590.10363918367,3562.02774469388,3529.39387510204,3476.96301734694,3527.25887040816,3460.93444285714,3468.3350605102,3459.7711255102,3446.27309295918,3544.330995,3499.56363591837,3518.51936744898,3552.41109112245,3536.85641346939,3498.52706612245,3461.78871908163,3480.04685142857,3422.09518938776,3465.85549642857,3464.8117872449,3481.35151581633,3514.09860142857,3427.75661408163,3393.27632244898,3407.78016408163,3469.81982510204,3567.35687510204,3682.60865959184,3694.36474459184,3685.0606377551,3535.82038326531,3410.59769826531,3446.49203326531,3428.27713326531,3458.90261122449,3572.16399622449,3333.45455061224,3416.95032489796,3474.43384357143,3485.23421193878,3505.09609420408,3518.01721979592,3531.2070072449,3542.5876877551,3557.47232367347,3460.55368438776,3471.18262244898,3414.86156632653,3393.41841632653,3416.10127693878,3413.54377040816,3490.2741877551,3505.85065632653,3458.49666826531,3484.52758979592,3584.14240408163,3474.02906867347,3634.54340102041,3510.47532469388,3517.89797979592,3479.11028081633,3470.84482142857,3563.78013265306,3484.76248061225,3506.65493061225,3466.05672306123,3546.91403673469,3410.30457214286,3381.67746003061,3492.91233061225,3452.88368071429,3541.78324326531,3482.25313897959,3514.87960918367,3571.1392,3450.3299772449,3529.00611704082,3515.94586704082,3542.48311632653,3499.96840204082,3494.98512071428,3533.13632653061,3566.23248346939,3477.61481857143,3682.51702408163,3503.78642612245,3516.71715132653,3558.83504285714,3594.04099285714,3417.44000612245,3508.93764255102,3424.73337795918,3559.0134622449,3471.4757122449,3465.23639836735,3456.20366795918,3438.59340795918,3458.66410204082,3474.54406204082,3481.34350204082,3509.7595622449,3573.0087122449,3448.26042132653,3479.38531632653,3461.39026897959,3511.46767397959,3503.54891181633,3542.67950681633,3412.94009489796,3452.23484489796,3489.15032816327,3433.25290663265,3480.62688755102,3355.94645928571,3528.56077857143,3477.60272857143,3438.52836061225,3546.07793244898,3476.41963265306,3406.22281469388,3540.1975317347,3419.44658673469,3438.67960408163,3573.47988877551,3472.46936122449,3457.89293061224,3433.79458561224,3429.00673061225,3481.10400928571,3544.18550622449,3497.77159122449,3446.60379020408,3475.44805959184,3514.64687267347,3509.40449767347,3469.85152620408,3487.10550459184,3467.67929632653,3503.18378102041,3486.92297244898,3498.91643469388,3571.41731469388,3486.81538469388,3496.46988326531,3430.82326295918,3495.25311030612,3410.1546972449,3482.50342704082,3414.34461489796,3496.81182428571,3553.97571836735,3426.02818612245,3442.50304285714,3459.04221357143,3493.05271704082,3526.06396908163,3558.11293682653,3503.22839844898,3467.51114969388,3570.09292561225,3539.64579061225,3438.28892653061,3495.52867653061,3521.71365153061,3528.95768204082,3480.91192204082,3490.64560972449,3528.27761040816,3551.95659693877,3461.97316836735,3560.90578979592,3503.03908979592,3549.19248979592,3488.13574959184,3476.40265244898,3476.71106510204,3504.53602755102,3463.86948112245,3621.96941483673,3544.98670102041,3469.53726285714,3507.49166785714,3530.46079714286,3482.51834183673,3497.70426938776,3429.07772367347,3515.59914040816,3555.06628428572,3475.1184455102,3491.23614673469,3498.64960112245,3463.58784632653,3556.30731571429,3495.85090469388,3487.38753632653,3554.37465877551,3537.51699857143,3557.69179857143,3683.73401857143,3461.72437204082,3580.20964204082,3531.13409204082,3405.22445418367,3432.04327020408,3507.62400683673,3392.27655020408,3547.06877040816,3517.91064428571,3421.83809326531,3523.97798367347,3532.71351326531,3422.93932367347,3535.72284387755,3486.0826455102,3436.07148734694,3451.27981489796,3540.78926122449,3560.56402867347,3497.04963081633,3447.63421387755,3484.27755193878,3460.19000255102,3458.56086581633,3460.59550367347,3479.6649477551,3501.2057244898,3437.74273489796,3457.92864693878,3412.35348367347,3437.64190173469,3533.66760510204,3491.16643469388,3552.73633469388,3495.87996122449,3504.71159489796,3427.59200204082,3452.15181734694,3536.38492959184,3514.27082142857,3537.26924489796,3382.05484183674,3545.86504183674,3559.13048367347,3450.17539489796,3440.50756836735,3533.39746244898,3544.25581326531,3540.33822857143,3450.67086891837,3499.73927891837,3406.55454979592,3409.63465795918,3453.98804787755,3440.04089787755,3402.30795287755,3414.56565787755,3494.33369287755,3659.37389287755,3469.23350287755,3519.40168281633,3450.58488702041,3445.696655,3537.19202122449,3565.75738122449,3535.32922040816,3479.10522040816,3478.31662897959,3491.76801438776,3478.62215938775,3520.16285469388,3420.14438336735,3537.67838336735,3571.66720908163,3622.82747030612,3557.15535969388,3577.22150969388,3561.97984591837,3557.69797887755,3428.06577122449,3453.23570122449,3492.79049755102,3485.49624520408,3419.38729346939,3388.57060346939,3424.99423357143,3455.52809877551,3503.41652540816,3500.19903520408,3543.13434489796,3481.23848877551,3466.41176959184,3525.34025653061,3560.91276020408,3586.3774922449,3420.81158938776,3503.98213204082,3559.06882908163,3512.89302142857,3427.32708642857,3545.82982142857,3490.04781530612,3427.40396836735,3561.07625102041,3469.73112040816,3420.97889234694,3465.31436734694,3513.21394489796,3600.94111795918,3611.31527163265,3693.20518346939,3516.70627326531,3562.53004183673,3473.91492857143,3530.20983469388,3627.30729489796,3561.35525,3567.7166,3561.67612040816,3512.43286428571,3497.41280938776,3533.07879591837,3661.47523469388,3679.00011938775,3638.54405326531,3487.39745326531,3546.44215857143,3454.17960428571,3535.6106827551,3509.21536571429,3533.41014571429,3606.68054571429,3490.45132846939,3369.44983214286,3514.94555040816,3552.23823877551,3464.99487857143,3391.80740857143,3421.57653130612,3412.99941191837,3483.85569918367,3485.43220326531,3392.50913857143,3449.13691265306,3562.46991510204,3560.46336244898,3414.41668918367,3490.98573132653,3460.71438132653,3485.59407765306,3470.4310777551,3554.8573972449,3519.31629214286,3482.83721408163,3445.60514408163,3558.14148234694,3515.0566672449,3466.62864285714,3456.33169285714,3551.12066071429,3424.77502071429,3507.12852571429,3530.94490428571,3533.05910928571,3462.29288979592,3469.0837844898,3566.56000326531,3690.41298489796,3470.20838285714,3550.38701459184,3486.55178765306,3539.76210408163,3531.39514081633,3420.59690581633,3568.4422577551,3549.0862594898,3548.3327355102,3477.76352877551,3550.14421020408,3433.05732142857,3522.34208877551,3469.48740918367,3439.98604081633,3484.83244173469,3535.81076010204,3570.54643561225,3509.89528561224,3422.16235836735,3416.71568673469,3434.38911693878,3463.57470755102,3431.54377510204,3418.40610918367,3404.8119444898,3526.31866887755,3481.66919989796,3462.07608357143,3484.57441326531,3522.90257653061,3531.22972653061,3428.19093755102,3501.32367693878,3559.59594897959,3455.53940816327,3494.70738591837,3357.28394285714,3434.06515204082,3437.01115918367,3424.28701571429,3420.12585244898,3479.21875612245,3489.40033969388,3625.11239132653,3504.74511632653,3612.78302132653,3519.01463693878,3645.16854489796,3424.41673680612,3438.10291333674,3423.92847007143,3559.6232542551,3534.55449081633,3560.95224714286,3446.23011326531,3565.46234591837,3406.93774918367,3553.51076540816,3549.39437142857,3463.24049,3476.19860918367,3473.28799081633,3472.67640816327,3460.83145,3462.06616326531,3551.86349795918,3553.34594806123,3632.93413112245,3574.27291204082,3546.01298571429,3662.18226173469,3668.50993653061,3633.72504183674,3553.11699918367,3615.80457244898,3560.63136020408,3562.08163040816,3474.38991397959,3548.88879204082,3502.35412826531,3422.54784622449,3597.64231163265,3551.39578714286,3467.85912510204,3538.94217510204,3548.59064020408,3519.72890734694,3516.96973795918,3434.45579040816,3475.15938693878,3507.53434908163,3549.39187806122,3451.73704867347,3478.61796867347,3544.84836318367,3482.71323918367,3404.28358918367,3417.59962040816,3461.84054081633,3527.77814387755,3490.14350510204,3435.12525836735,3473.433655,3444.25558367347,3457.54971530612,3523.00681377551,3417.28947244898,3480.69236744898,3516.53773265306,3481.09127540816,3559.55921734694,3525.52311591837,3525.28610816326,3490.88982816326,3547.1977744898,3452.73773602041,3424.22494591837,3455.46785173469,3477.46993673469,3459.76600408163,3456.68969244898,3478.58203346939,3445.89868346939,3488.11153346939,3537.46493346939,3545.47864489796,3426.96971142857,3417.10898142857,3465.47243142857,3499.52429102041,3660.15683102041,3410.34742102041,3594.51827102041,3460.62767102041,3565.54033602041,3429.76271102041,3501.03836102041,3536.03723081633,3474.93308795918,3517.76290489796,3471.77026979592,3466.46987734694,3493.80983877551,3474.51381897959,3396.90774204082,3441.57580591837,3537.87485857143,3455.08191377551,3504.82796428571,3418.20325693877,3447.02264418367,3501.8639505102,3570.59080816327,3515.32184489796,3415.33516816327,3501.4188705102,3459.7624694898,3502.98589397959,3373.74551897959,3534.84161897959,3482.98013142857,3468.84483142857,3451.44211408163,3536.29199877551,3556.83528204082,3629.43072204082,3700.31307693878,3592.91193122449,3562.89823683673,3633.60780142857,3459.54039663265,3521.1445344898,3448.1362444898,3405.6718094898,3366.82385520408,3417.32335020408,3456.26561673469,3547.19406673469,3549.09317612245,3517.49126612245,3588.08815204082,3711.96995204082,3553.22819836735,3614.28624693878,3461.82458918367,3658.46999897959,3511.47528163265,3386.97552693878,3530.81083204082,3656.16446367347,3458.15919285714,3465.20985408163,3510.90773285714,3507.59862244898,3476.02734183674,3563.34124234694,3495.93124693878,3521.30154795918,3675.22889142857,3508.59609428572,3616.79304408163,3528.02436873469,3508.10945489796,3456.78355489796,3561.95905989796,3519.73794102041,3393.75132816327,3525.69048887755,3528.2775844898,3521.99779489796,3623.60142765306,3543.93545091837,3476.41593040816,3483.16431602041,3457.59151428571,3476.06297653061,3414.43046326531,3471.41588857143,3418.50304081633,3470.57019081633,3508.1831255102,3427.26794153061,3479.42352653061,3462.96447653061,3488.0616,3550.02358295918,3553.55719081633,3468.58058581633,3584.0346072449,3440.22163010204,3486.97357357143,3464.21291377551,3604.61894826531,3546.04899438776,3572.52171683673,3538.30144183673,3642.31250816327,3570.67209979592,3529.99574959184,3527.30240653061,3422.59311653061,3576.66943326531,3491.926215,3633.80955,3487.89048571429,3478.40457734694,3674.10935734694,3480.90410561224,3489.46200102041,3421.73520102041,3427.50893163265,3431.20967438776,3432.66346367347,3484.05081428571,3425.7695,3390.70209489796,3413.05042377551,3461.28584755102,3474.0403377551,3421.4137127551,3469.73499153061,3482.9630767347,3482.89791836735,3451.93709897959,3447.93784387755,3452.44784387755,3460.50844673469,3574.93809173469,3564.10977959184,3483.335555,3509.59729642857,3499.4683455102,3490.65360204082,3561.29955897959,3445.92000632653,3533.72088163265,3461.15145438776,3426.89963540816,3546.95121663265,3498.98222408163,3476.41580816327,3555.01548173469,3596.73270102041,3550.85329571429,3489.48339734694,3451.61748867347,3395.98702438776,3483.49951591837,3412.23099591837,3480.21016153061,3515.27948346939,3430.25595244898,3471.30828459184,3477.37458806122,3556.63488346939,3513.4511944898,3368.70288336735,3458.38599989796,3404.60574989796,3454.51254989796,3516.73894989796,3510.28551414286,3502.66416414286,3491.21256785714,3466.71446785714,3404.60319295918,3472.72229642857,3551.6789405102,3473.01599632653,3525.72460193878,3513.19941693878,3572.33462428571,3488.19111918367,3518.01893408163,3533.40253408163,3450.1247322449,3545.0628822449,3479.55859530612,3457.79613530612,3427.10978653061,3518.51190026531,3417.41553530612,3422.53939897959,3490.89401397959,3462.36219897959,3478.23544693878,3495.3395899898,3500.34720876531,3441.52148856122,3504.97798713265,3515.01378387755,3451.81044069388,3468.53331785714,3539.78243469388,3471.0918377551,3545.19401295918,3573.90940714286,3521.94049857143,3445.93330132653,3385.11573418367,3463.60698071429,3394.69379591837,3443.46668357143,3478.02179989796,3388.27244091837,3515.87300693878,3581.68985265306,3427.41856816327,3569.80622285714,3544.66819918367,3452.30215489796,3570.25083177551,3515.96145677551,3458.77563657143,3521.71085781633,3548.50340781633,3490.91789918367,3465.33779918367,3542.97737428571,3676.47968877551,3562.29350877551,3546.7481777551,3540.65710714286,3462.28361704082,3456.94285887755,3535.21366255102,3432.20902755102,3505.3428255102,3402.30714163265,3426.84106122449,3454.52842040816,3372.0884744898,3471.02536785714,3416.65594285714,3386.79293785714,3468.20764285714,3405.74029285714,3397.57062755102,3646.49547755102,3426.8291322449,3574.06968938776,3461.55439204082,3474.72724204082,3341.75308571429,3463.16870102041,3421.26686836735,3412.64629938776,3472.64289285714,3401.44134112245,3444.27497520408,3531.1546,3370.48868459184,3519.68806122449,3498.37908489796,3448.66233755102,3532.51096183673,3537.64271122449,3539.03422530612,3585.33411346939,3639.08135173878,3554.5264372449,3550.32158816327,3539.82095428572,3460.48500755102,3502.9918955102,3493.35688306123,3430.69651,3399.43414530612,3584.18839244898,3428.78174040816,3545.98921867347,3545.10006367347,3568.11546367347,3475.04741367347,3465.41562877551,3448.39157653061,3468.7318022449,3454.4560344898,3533.84949081633,3392.39085,3463.11179183674,3263.73041020408,3395.59618061224,3383.53699653061,3419.89145489796,3563.36068204082,3469.14901704082,3540.02644816327,3508.67640591837,3432.01218959184,3473.49020653061,3501.9782555102,3471.46143183673,3536.9123722449,3564.61432,3499.06787857143,3670.17136714286,3558.22478469388,3488.13961795918,3528.49922653061,3596.88866867347,3526.14987910204,3626.80095295918,3484.44227506122,3567.63629469388,3563.65276469388,3549.13277653061,3528.36370591837,3525.25899255102,3534.14979755102,3508.86819765306,3434.63761520408,3455.928205,3551.93907704082,3484.20368632653,3541.08875571429,3555.90481653061,3474.91873061225,3441.80366020408,3481.41069387755,3505.59660102041,3511.03404826531,3562.40259112245,3460.09801714286,3464.72651938775,3458.35374081633,3503.57797173469,3551.0104255102,3374.53957346939,3553.30608979592,3451.62163163265,3411.96764163265,3488.7705152551,3510.0247877551,3466.10731122449,3595.48991897959,3606.0417705102,3515.9265544898,3481.20442316327,3540.17166326531,3492.82584826531,3637.31523234694,3556.0727177551,3469.47347346939,3434.891705,3461.38175010204,3497.69939530612,3489.05141714286,3464.90182877551,3260.71123959184,3412.37950367347,3450.32690367347,3450.46483448979,3443.05559210204,3427.65180142857,3438.85847938775,3508.85584918367,3449.89983581633,3466.54627561225,3391.00107122449,3404.97650469388,3463.48836653061,3421.88360673469,3412.21603979592,3510.00074387755,3394.4669944898,3443.49745857143,3536.91864591837,3537.17524091837,3559.10806838775,3548.64927806122,3550.55045102041,3561.21817918367,3539.52429502041,3506.93011302041,3507.59627397959,3495.4889972449,3455.59111530612,3569.58405204082,3455.59253387755,3377.49019857143,3452.43091489796,3482.50803204082,3567.46083673469,3522.85421755102,3556.64041612245,3459.11715102041,3568.95297153061,3528.4581222449,3527.40675346939,3582.14670020408,3562.91955897959,3571.21748979592,3511.62370836735,3478.71450530612,3467.45269081633,3452.79067122449,3508.4192622449,3477.0938622449,3427.87935204082,3555.12564489796,3466.81213030612,3480.72073010204,3488.50493469388,3475.83668244898,3536.20505408163,3477.19834530612,3493.13868163265,3561.49543163265,3559.18281938776,3436.36409081633,3428.70025,3519.66361632653,3516.34297040816,3550.71831306122,3557.48420244898,3558.6482199898,3414.72202397959,3411.68941908163,3489.16618918367,3478.70847459184,3556.44231459184,3501.08616316326,3487.31770806122,3438.457775,3459.59458173469,3569.79772173469,3436.71951867347,3467.05337367347,3477.95321632653,3473.28152530612,3400.90199510204,3426.13876112245,3482.18089683673,3411.9590855102,3485.45591161225,3427.66239661224,3489.46832244898,3518.29838244898,3629.64033877551,3456.70718877551,3400.52133469388,3465.10659367347,3523.33590142857,3511.7299244898,3443.50627663265,3534.66260408163,3569.72031020408,3470.78791367347,3658.25708612245,3535.75523112245,3661.81708285714,3399.41289693878,3516.48997469388,3532.1567855102,3594.96339122449,3431.95891836735,3467.17669530612,3424.24911734694,3467.13150734694,3488.8839572449,3487.19759897959,3527.45159897959,3519.02624387755,3472.48169387755,3408.536855,3482.10749081633,3557.27446622449,3437.09891428571,3470.82246663265,3435.10518591837,3565.20853571429,3437.53180510204,3555.35454732653,3450.82799897959,3433.78379897959,3428.58527591837,3554.12567693878,3548.76588959184,3535.80490765306,3446.21133469388,3469.41622653061,3411.51160938776,3498.3322855102,3425.39270367347,3559.84284306122,3531.65426183674,3551.09847683674,3544.81735132653,3379.81178316327,3435.41248316327,3472.46325897959,3561.06883826531,3408.59151173469,3428.74001367347,3463.34637867347,3526.84390632653,3567.04766244898,3548.46589244898,3462.41442510204,3496.01923009184,3537.87443214286,3629.19222867347,3530.56797867347,3578.2938377551,3396.77995510204,3513.18145306122,3493.03650306123,3463.32294591837,3456.06060306123,3392.06008071429,3327.14024561225,3481.23240591837,3488.47098877551,3499.9706594898,3520.8790244898,3532.88498979592,3419.72623163265,3422.15271122449,3465.30299897959,3466.18269897959,3574.45255,3478.64702755102,3549.52725510204,3436.53169183673,3424.84978387755,3430.28261897959,3569.35920836735,3533.56243326531,3469.09683938776,3481.25631530612,3465.5840194898,3500.87611928571,3551.39344142857,3499.19510155102,3507.07399693878,3548.45860918367,3560.77112642857,3566.60422979592,3497.90403265306,3477.70286408163,3497.06507102041,3468.41435061225,3554.32751836735,3528.44611795918,3617.95005408163,3541.70750928571,3510.08140418367,3514.9354277551,3614.12810510204,3609.90091795918,3562.65165020408,3614.53252010204,3388.11244897959,3446.9001505102,3405.98917959184,3355.93538112245,3402.57274795918,3454.34271612245,3447.05253061224,3532.70650204082,3492.40221377551,3478.69540612245,3515.16170591837,3557.66542571429,3550.21363561225,3500.71167010204,3447.54496510204,3443.32448285714,3486.12404897959,3516.98639591837,3589.85991020408,3568.63769387755,3490.33122673469,3494.00824826531,3565.40847612245,3628.26219612245,3497.04025183673,3479.81295102041,3432.94963979592,3478.92319081633,3557.26250408163,3509.1828605102,3547.10869612245,3437.24318112245,3477.10867173469,3522.78544265306,3478.57932489796,3478.57221489796,3503.68429816327,3414.10893163265,3448.98663571429,3426.67355,3414.29644285714,3415.67449285714,3483.59704285714,3408.16177959184,3403.44807142857,3437.93804795918,3473.81174795918,3492.39026020408,3469.60768479592,3444.90503979592,3454.04921571429,3521.71662591837,3559.61821591837,3468.23385091837,3518.97850928572,3558.06742326531,3683.80456234694,3469.89738265306,3551.73606581633,3518.64733469388,3446.8382744898,3493.89940469388,3440.53201469388,3506.62427214286,3527.230695,3459.83782234694,3575.59980020408,3468.70652285714,3431.97364816326,3471.20742959184,3418.45852755102,3460.69058693878,3387.29552530612,3488.94205183673,3578.95233061224,3484.95925102041,3573.21714081633,3476.02409377551,3495.61242653061,3464.49797959184,3452.18558,3441.65305816327,3548.87064142857,3561.80708244898,3500.2773722449,3414.28463897959,3423.70353734694,3416.07801857143,3460.09411653061,3423.13532142857,3525.03832857143,3538.16282857143,3458.63675204082,3408.55488367347,3464.24778367347,3476.78805612245,3454.93335214286,3454.72587969388,3437.8710377551,3555.4380527551,3397.23190326531,3471.72547326531,3494.89089928571,3442.94494204082,3479.47230438776,3515.86213469388,3510.62929897959,3472.07065785714,3453.80633846939,3525.99194010204,3508.46077969388,3504.34479183673,3468.68763204082,3574.91061122449,3453.76783387755,3460.42475489796,3399.02877785714,3500.1351844898,3450.57685173469,3543.97061673469,3489.70483367347,3563.49042857143,3511.96305408163,3701.17293897959,3531.99436836735,3491.0679622449,3449.52331734694,3517.58626244898,3494.61714010204,3492.34133571428,3543.15884010204,3474.67406010204,3505.21435408163,3555.29439285714,3471.25266010204,3504.3299694898,3459.00721142857,3496.65086428571,3507.59077540816,3554.99635938776,3510.58080183673,3468.96615836735,3492.23208285714,3537.32310795918,3470.19069934694,3554.31708061224,3494.13259204082,3479.47300204082,3477.40775102041,3464.11668081633,3444.32767040816,3386.24977040816,3505.76745122449,3542.5032444898,3544.1972555102,3467.80064795918,3472.26685510204,3548.93724040816,3543.22559040816,3495.22078510204,3465.50660265306,3458.10160163265,3479.61836612245,3483.30534040816,3541.63405061225,3419.41878346939,3505.57111040816,3423.31793123469,3408.38679795918,3467.2894944898,3514.75329612245,3364.64029326531,3575.44641846939,3475.16117346939,3395.78210346939,3485.15069020408,3466.76266755102,3490.64547642857,3458.78582030612,3419.08052918367,3469.46887714286,3447.94965244898,3492.74314744898,3496.65713408163,3457.54187693878,3461.67029571429,3570.54303918367,3475.21330755102,3486.63494632653,3514.25861367347,3484.01468255102,3568.65282210204,3562.28108489796,3518.640745,3538.04159102041,3558.74743826531,3517.80199102041,3571.85151816327,3592.57755744898,3442.5607844898,3505.48351785714,3503.21210734694,3484.85159367347,3612.97593102041,3475.16490102041,3489.35676632653,3457.94516938775,3521.60481938776,3514.11883265306,3540.44871428571,3538.34682040816,3442.70290540816,3500.33116295918,3510.14634265306,3480.61799214286,3454.43090418367,3414.36817642857,3464.98114265306,3419.21153897959,3525.34695938776,3481.08520938775,3543.87214897959,3415.84614897959,3500.52275591837,3484.68208540816,3529.53717204082,3558.68335204082,3507.12299846939,3520.29315826531,3476.28941163265,3419.15609571429,3287.58709510204,3380.20582367347,3407.8785755102,3473.63995204082,3519.11714387755,3462.02053959184,3423.63726734694,3421.03276616327,3440.29847657143,3566.49845102041,3438.83983367347,3447.72619795918,3493.20174010204,3578.83057346939,3506.39539163265,3453.67990836735,3411.0164205102,3434.61032142857,3453.76995,3538.64180938775,3558.47696183673,3528.50303979592,3559.11433979592,3640.40473979592,3512.45493469388,3531.3232877551,3563.24892612245,3486.59473102041,3490.64237459184,3459.46691887755,3428.79380969388,3429.18351969388,3407.89150469388,3549.82883255102,3555.98285204082,3569.45154285714,3487.01566632653,3496.44936632653,3540.61985306122,3471.02606938775,3535.65796581633,3469.83384215714,3409.47182715714,3465.31435591837,3564.06230408163,3423.8743,3481.54858367347,3495.81793346939,3502.45053377551,3553.08767785714,3551.35069091837,3540.11434091837,3529.0649655102,3558.55351571429,3481.94343683674,3427.52507091837,3424.21033806122,3553.97199663265,3498.7641527551,3500.6270177551,3541.32031336735,3525.52454836735,3478.91233836735,3544.06811638775,3463.00484397959,3529.37839173469,3617.51132846939,3447.60475204082,3510.60272469388,3454.12768673469,3552.94430959184,3509.97076102041,3474.46198418367,3511.98286102041,3577.27241979592,3481.84842714286,3445.93948479592,3457.412845,3455.39283102041,3538.81017632653,3422.29453887755,3412.73817489796,3445.41916183673,3411.46927612245,3574.67113010204,3536.57323010204,3522.07211163265,3440.27479420408,3407.07731244898,3453.3620505102,3443.83159489796,3508.28914489796,3627.99606091837,3618.51370664286,3514.4896977551,3520.43137122449,3508.94092867347,3536.33978622449,3591.2207555102,3512.77150673469,3486.93340673469,3435.17352653061,3490.92062653061,3441.76238877551,3514.17394510204,3491.4589077551,3484.57260540816,3461.06049581633,3410.50332102041,3420.21446214286,3414.23814744898,3483.88847020408,3612.34176428571,3466.57351693878,3451.83093673469,3569.16523326531,3596.39733428571,3627.94023428571,3508.15788367347,3584.58174867347,3531.97326326531,3508.60518469388,3480.66794081633,3543.94096704082,3510.21953469388,3516.66243479592,3491.63315918367,3483.35382561225,3552.26119530612,3652.57677183673,3558.05352959184,3543.33252877551,3494.37247377551,3528.69738020408,3758.4407512449,3574.17748918367,3635.62801204082,3658.17680326531,3626.41933163265,3459.42706887755,3559.89152295918,3548.55727403061,3485.25743102041,3449.48543387755,3553.0993022449,3627.24134061224,3667.36452653061,3572.25639795918,3484.78041428571,3570.08562897959,3463.13425397959,3571.03725561225,3549.05140408163,3516.48984489796,3510.80651922449,3465.42621959184,3485.52673877551,3394.8558877551,3397.11315816327,3429.80975153061,3447.60051673469,3426.70894816327,3494.31742244898,3443.77569285714,3535.01087857143,3497.35622030612,3517.61472836735,3508.14550816327,3543.63515612245,3418.98218265306,3464.30076428571,3494.02480408163,3517.9678344898,3465.6816744898,3462.4925844898,3551.99585408163,3529.90204489796,3407.03180561224,3538.13194714286,3440.83625673469,3448.33373673469,3494.73801428571,3393.5697944898,3426.10333683674,3432.91556540816,3484.17467040816,3478.59277928572,3485.1381,3496.47111530612,3504.5180255102,3483.31199928571,3546.92893877551,3587.36395714286,3553.4604222449,3528.3955622449,3543.84578612245,3489.2836972449,3469.8576472449,3619.54341887755,3546.32565693878,3462.48375489796,3483.20343265306,3565.72671806122,3452.54894061225,3546.46742397959,3556.79223795918,3532.81879591837,3540.37303816327,3560.56472755102,3466.73089816327,3577.93909918367,3490.88884918367,3417.59217765306,3526.90440397959,3421.76509489796,3417.59511122449,3348.40432622449,3597.40336867347,3423.0032377551,3526.78591387755,3486.41556510204,3484.60270010204,3547.6711877551,3537.11875122449,3482.18326908163,3452.09939530612,3431.75782346939,3420.70161020408,3415.3930377551,3536.12640897959,3530.43006489796,3573.21094132653,3612.58169632653,3464.19551561225,3491.75535161225,3466.37079977551,3514.03169591837,3689.94100714286,3529.00866693877,3571.27795408163,3469.32789591837,3508.05967193877,3555.59178142857,3552.80628142857,3474.21867346939,3473.88229530612,3429.14114530612,3559.84524142857,3487.80497081633,3671.200265,3618.72440734694,3557.36360795918,3431.62040928571,3524.82558173469,3549.60323459184,3552.5891605102,3513.02504928571,3512.77034102041,3447.12030938776,3415.75133693878,3427.91641122449,3419.95736734694,3396.34621989796,3496.74806989796,3569.49581836735,3555.49451428571,3463.01706928571,3417.62683673469,3520.57054397959,3525.12884897959,3474.16229897959,3497.69789897959,3495.50366897959,3518.55124693878,3499.95434693877,3540.56856428571,3528.53305081633,3525.35902612245,3559.66254234694,3517.70765306122,3501.78515204082,3405.64640918367,3492.56861612245,3484.51734704082,3469.42201204082,3514.95698163265,3472.41586530612,3463.17361530612,3592.00321632653,3450.04312010204,3484.15859663265,3470.60137040816,3355.11046020408,3523.78072591837,3359.88857142857,3463.17547857143,3435.46530857143,3468.99322336735,3467.69739387755,3536.63497755102,3421.14567653061,3409.04049489796,3312.75428979592,3484.18143346939,3407.98155846939,3444.30886459184,3499.44582010204,3445.15678979592,3392.98259540816,3487.28745571429,3508.29414489796,3437.54775989796,3478.13955989796,3422.6908877551,3352.57147346939,3449.74148346939,3464.9882524898,3469.65823367347,3480.50232571429,3583.0327755102,3467.93586122449,3702.78502326531,3607.67919510204,3584.03675785714,3596.01048,3559.07230755102,3473.14322255102,3501.54717734694,3423.89766102041,3461.18636346939,3412.53785367347,3464.97139397959,3536.46760132653,3604.30013612245,3539.71209571429,3472.62733163265,3501.0314255102,3443.36786428571,3509.38548479592,3512.69976234694,3521.59580979592,3463.56893979592,3462.86978979592,3463.49192653061,3404.23987244898,3457.10697755102,3487.58584408163,3529.40178795918,3484.58842214286,3405.71406897959,3490.09242040816,3462.42761428572,3552.92470602041,3459.16097346939,3503.27290102041,3519.24281020408,3478.66556020408,3499.75638061225,3484.10118040816,3475.0511314898,3511.23521020408,3528.82186346939,3562.06228887755,3414.01951846939,3609.42048795918,3475.2488844898,3478.15652397959,3496.24716265306,3496.07386081633,3493.750325,3360.68550704082,3483.60336826531,3584.54428326531,3464.04047826531,3480.98951938776,3500.78019969388,3442.0667622449,3418.7185244898,3418.81864591837,3437.14275306123,3411.28084183673,3538.02309897959,3496.97972673469,3526.06838244898,3528.48798,3393.93549285714,3369.83841479592,3560.29926285714,3537.6983577551,3536.78527591837,3463.22457591837,3468.06957591837,3486.16064061224,3433.59153561225,3540.47743265306,3522.79333265306,3463.40078265306,3470.01651765306,3454.85303102041,3573.73556255102,3451.553295,3639.5022105102,3530.90297244898,3533.12316867347,3457.35662867347,3552.87746265306,3492.57414734694,3562.06285581633,3460.08696530612,3437.36397357143,3463.69216969388,3565.75795469388,3485.71825755102,3540.39754816327,3568.27499816327,3467.0880944898,3574.91322326531,3484.74925438775,3435.98756469388,3471.76677591837,3568.11017591837,3536.69606591837,3472.70069734694,3444.21829734694,3524.03434134694,3533.22538122449,3484.87011622449,3518.85260336735,3549.34646836735,3442.15607285714,3557.66749785714,3462.33565816327,3399.60874183674,3445.10033673469,3514.08745561224,3501.54838061225,3519.78277,3452.56283244898,3556.37495418367,3467.99591234694,3470.45066020408,3416.55171734694,3311.23997408163,3497.664305,3415.27786561225,3422.34740346939,3455.93702377551,3448.56730877551,3455.05256979592,3473.73712581633,3481.51041326531,3523.55339826531,3486.63028193878,3478.80542377551,3546.49274418367,3410.81779591837,3463.07927142857,3478.41934163265,3563.7849077551,3523.86175653061,3662.54226020408,3576.65381857143,3578.0548405102,3528.81703897959,3440.64104102041,3496.45051122449,3534.75685020408,3495.70931326531,3457.55040469388,3536.5065255102,3477.16237540816,3494.77502142857,3492.40363265306,3475.81765204082,3438.34715204082,3461.20019346939,3496.41254346939,3427.09109346939,3483.72197346939,3464.83827091837,3635.05875367347,3439.65699959184,3506.28034959184,3427.51271642857,3445.59246867347,3457.99496520408,3468.79446959184,3467.57077367347,3540.85938489796,3465.53091938776,3532.37244897959,3542.10874795918,3481.51020653061,3404.87015928571,3498.91202428572,3616.33687877551,3588.17678836735,3491.96299061224,3440.98414693878,3479.43248469388,3494.39262510204,3483.71281020408,3416.42140816327,3533.63113530612,3456.27608102041,3459.45674581633,3451.00421734694,3467.77660020408,3560.02126234694,3568.76415408163,3480.75705408163,3390.319303,3477.721853,3413.16925540816,3493.19711877551,3501.03053622449,3367.9110705102,3456.85065714286,3495.85123755102,3563.59750479592,3628.06778897959,3447.39534928571,3512.84952357143,3379.68773142857,3409.99121428571,3404.45261734694,3446.99616846939,3512.37906530612,3517.50860102041,3614.92802877551,3470.94832877551,3434.848045,3535.00675132653,3545.01427346939,3469.3218277551,3477.09232612245,3563.10407489796,3468.68885306122,3422.62740397959,3428.91049897959,3465.88791530612,3496.36165102041,3490.40941020408,3419.89811428572,3494.33511857143,3429.2525255102,3417.82788469388,3484.68216183673,3458.9700244898,3479.8199522449,3357.81131336735,3410.13396836735,3518.87796836735,3478.62629336735,3442.83812265306,3534.33462265306,3460.5029255102,3518.50263877551,3538.70535816327,3436.87864316327,3426.34287857143,3521.27650377551,3480.36816887755,3514.4177522449,3464.29318510204,3363.02296693878,3557.61500938775,3452.33033520408,3407.73784408163,3453.07863469388,3453.47985734694,3543.15318216327,3463.82409918367,3484.61545755102,3543.93547653061,3555.85583061225,3464.91725102041,3481.51546369388,3562.32215346939,3573.37612387755,3577.66411020408,3484.22009693878,3408.33245612245,3407.65235612245,3467.83331285714,3515.35960265306,3508.12273959184,3440.25215346939,3532.17463183673,3432.71923357143,3544.89863857143,3447.84038857143,3440.03890357143,3453.5958627551,3576.8375427551,3523.8554277551,3514.5451277551,3561.52472581633,3448.77377846939,3564.69781040816,3488.07759918367,3558.48322673469,3506.27910855102,3512.61945855102,3461.00677612245,3457.34167612245,3446.47067081633,3505.86641571429,3382.20766530612,3475.8050292449,3413.11472571429,3546.95545204082,3516.70133653061,3545.18728673469,3469.50073979592,3459.68599183673,3497.00672765306,3500.43963265306,3485.00229897959,3463.85004897959,3446.70821897959,3429.19961897959,3496.69000591837,3470.06767142857,3505.70199234694,3456.10653734694,3430.85472541837,3550.2835144898,3391.58952346939,3615.04865918367,3402.04795918367,3553.07348265306,3565.89152244898,3465.38990858163,3543.35177142857,3422.91307142857,3508.03422448979,3459.22521938776,3560.18756040816,3563.28216755102,3548.72379408163,3568.45024673469,3464.39668673469,3370.11855918367,3461.92127693878,3490.74494367347,3481.52174877551,3475.99405102041,3453.42843969388,3561.59511632653,3509.33039132653,3543.89154612245,3540.00928265306,3544.62137438776,3438.12551463265,3425.10437346939,3625.19002755102,3677.71162418367,3625.91652918367,3433.70666163265,3455.39716632653,3438.55210571429,3567.71047142857,3547.48636265306,3496.56570826531,3564.8530005102,3542.67454897959,3468.83077346939,3473.25802346939,3521.3275222449,3673.24830061225,3498.81664857143,3458.39079765306,3528.97361091837,3485.29365153061,3488.28245530612,3608.11764153061,3530.5274677551,3445.37467959184,3535.80534081633,3527.06905826531,3422.95706326531,3529.16131326531,3476.48968244898,3467.35552428571,3392.89713928571,3488.64717428571,3468.00854295918,3560.08608428572,3447.8896255102,3462.38742991837,3469.8295877551,3497.55657928571,3469.48152765306,3547.61627153061,3549.84431234694,3456.19788581633,3508.29318979592,3475.62959183674,3476.41565520408,3482.86682959184,3628.05435836735,3492.45089959184,3611.90159959184,3481.12168979592,3426.21623469388,3395.84672040816,3477.15942510204,3544.95209459184,3469.46746459184,3452.50519459184,3427.30084459184,3552.69999122449,3463.74228234694,3554.70310053061,3521.13584553061,3415.61775571429,3553.38741571429,3542.12526571429,3605.15755020408,3497.88463336735,3398.50300204082,3534.3369422449,3539.31500510204,3434.50372653061,3411.70161122449,3529.74621755102,3538.08283683674,3630.666445,3479.78294163265,3513.91881663265,3678.23374183673,3649.78290020408,3558.72196020408,3657.02795183673,3552.35434714286,3561.90436959184,3552.12410795918,3481.7770122449,3507.38677367347,3508.28560122449,3462.94190122449,3497.13150081633,3560.08224285714,3611.44302408163,3549.59232214286,3487.5387877551,3569.37238081633,3490.05067285714,3489.68105326531,3527.2983422449,3544.2904222449,3482.63188377551,3516.27907672449,3557.16285468367,3556.43278264286,3442.82567960204,3633.50645460204,3460.9657120102,3469.2466395,3547.96626041837,3617.86931122449,3409.2913394898,3470.66456479592,3505.97615816327,3478.21531326531,3491.41411326531,3549.02087755102,3539.63777653061,3466.13136530612,3481.39719591837,3430.02143673469,3458.28305612245,3392.85995612245,3466.12073387755,3394.08089387755,3427.38535346939,3579.48125571429,3461.75987306122,3559.29967306123,3552.62377306122,3471.83936295918,3509.11608918367,3539.92039306122,3508.81488346939,3575.73329326531,3487.71976295918,3486.75611193878,3465.97762857143,3549.24828234694,3545.60048142857,3486.03411428571,3523.82810816326,3476.55363419388,3571.3060545,3586.43335571429,3461.47799285714,3539.01842510204,3529.08236612245,3412.70973867347,3546.66478816327,3523.20567693878,3540.87147693878,3533.51153428571,3646.14417253061,3643.40971753061,3671.24503622449,3704.83262665306,3547.87679693878,3569.80565428571,3510.34271816327,3615.30356489796,3458.39334785714,3488.29718735714,3564.98046581633,3499.04926132653,3535.59290204082,3563.36735204082,3468.23496938776,3416.05683979592,3375.64189102041,3399.14114,3439.12659,3551.68545122449,3511.94364785714,3435.74369683674,3493.99743469388,3511.04757826531,3544.83409387755,3425.74331683674,3424.46266836735,3419.99009816327,3500.33578061225,3538.63602040816,3538.91801445918,3426.58382346939,3475.04282755102,3500.63056020408,3410.58293367347,3506.11274081633,3383.24312040816,3503.78320163265,3478.97350520408,3469.41931571429,3497.27029183673,3467.31635683673,3518.98903367347,3434.44521091837,3450.28796897959,3473.30300714286,3467.47258877551,3241.17440306122,3402.72473163265,3469.18399693878,3474.79812244898,3423.80177244898,3486.53477244898,3431.55588744898,3440.26383744898,3524.06647794898,3472.98387294898,3430.67937294898,3520.29926590816,3412.45133111225,3497.1125372449,3461.78518438776,3441.67456438776,3420.23386438776,3285.99447010204,3412.24212010204,3412.47035755102,3472.72230173469,3503.67972683673,3512.96058683673,3483.95201683674,3595.79335367347,3691.01916581633,3535.7843177551,3485.68483653061,3411.19398653061,3556.18206663265,3550.88098602041,3496.56613979592,3626.8183955102,3484.06489918367,3487.57769397959,3434.95578418367,3480.10784795918,3407.26922857143,3516.75003602041,3550.87596010204,3615.74105520408,3604.73942938776,3548.37581938776,3621.07886214286,3533.8605,3499.66115326531,3570.22890102041,3428.24066897959,3446.75831897959,3474.07166418367,3407.16002489796,3570.43084591837,3487.90414163265,3427.91711316327,3563.13922714286,3512.39451234694,3462.29294015306,3512.13650959184,3507.27402387755,3583.82969632653,3476.79028081633,3471.39592020408,3428.25199428571,3543.39404938776,3484.81181210204,3408.10371710204,3518.72202312245,3419.19886632653,3477.08428591837,3457.95513816327,3534.36331265306,3513.43935989796,3547.53933642857,3544.69216306122,3541.13534418367,3559.81535489796,3479.67113428571,3511.22729979592,3497.08104591837,3545.9837605102,3551.27058571429,3422.74204081633,3418.61292102041,3519.6234772449,3463.91822040816,3522.76949540816,3457.01207510204,3518.06227857143,3535.521835,3663.156085,3513.11125,3487.0360544898,3524.5714544898,3509.6586544898,3473.71690979592,3584.25023336735,3534.96686091837,3640.52540663265,3466.82866234694,3554.99418469388,3502.17326204082,3492.85936795918,3546.40290540816,3571.45840040816,3681.58063204082,3560.82295204082,3560.76001785714,3473.44045836735,3622.68882636735,3560.59860510204,3543.1330005102,3452.77893183673,3545.4002005102,3560.8992994898,3566.42309142857,3461.13698367347,3418.96781806122,3437.15833877551,3555.34942346939,3486.10395714286,3516.76127826531,3531.62918826531,3513.49989632653,3492.89058071429,3567.91159785714,3562.40698,3546.47936306122,3625.35958808163,3461.65341440816,3542.45483061224,3478.17883377551,3454.09245244898,3396.20790244898,3509.48559846939,3417.02654204082,3455.9501244898,3414.04383622449,3463.06779326531,3469.51520826531,3515.0978894898,3467.68218153061,3472.97779653061,3390.57293153061,3564.95919408163,3433.58772020408,3491.44599857143,3555.48465428571,3440.13519663265,3537.48203295918,3410.47167908163,3399.5084672449,3482.55672969388,3511.87691959184,3514.64535795918,3536.79452346939,3467.21253,3499.42351938776,3466.18757306122,3483.41151836735,3522.65877836735,3544.64001836735,3555.9018244898,3475.57791836735,3553.64743367347,3381.9441022449,3447.81003367347,3468.72383163265,3415.36598163265,3218.72039183673,3165.76110183673,3146.8186,3282.87046,3437.088235,3476.18914693878,3537.59506387755,3488.99109734694,3474.17704428571,3454.69657428572,3526.79311918367,3506.21876918367,3475.86001795918,3538.65144591837,3467.23255326531,3562.24764244898,3485.50359204082,3530.3869294898,3482.51681418367,3491.09675612245,3514.92093387755,3550.01296102041,3461.64137653061,3450.57294214286,3484.2060105102,3429.2001494898,3517.79947,3553.95415030612,3499.0512527551,3399.47262520408,3401.87146346939,3486.41663530612,3527.34521132653,3502.33647081633,3437.55179591837,3490.99396755102,3559.89415673469,3411.78249979592,3482.67346693878,3380.81902013265,3458.50316033673,3536.29997183673,3553.66569969388,3472.87683969388,3645.36341469388,3655.029945,3486.77000551021,3476.68260285714,3472.13560285714,3450.80454285714,3486.14559285714,3520.62398469388,3468.43298469388,3481.83057244898,3545.94729357143,3477.71099795918,3584.56439387755,3521.20304204082,3553.91445,3642.96693040816,3572.61598265306,3489.76910714286,3514.10422653061,3572.24476153061,3484.00779928571,3547.93564897959,3415.97706938776,3480.0721877551,3416.7199877551,3408.54980306122,3488.32807663265,3483.23947663265,3494.18523163265,3548.23453673469,3485.69787571429,3469.28548989796,3528.08149438775,3501.59833397959,3493.19117428571,3472.92132163265,3549.43213367347,3512.01787367347,3559.87116673469,3478.63152091837,3536.83824438776,3552.65680714286,3410.45549223469,3434.91438856123,3510.00370020408,3560.50134285714,3449.78657,3543.68369632653,3247.26830316327,3404.1884755102,3473.23752387755,3535.25251969388,3682.3359294898,3603.44903765306,3520.61272765306,3557.00015326531,3500.67876469388,3410.89086806122,3412.21573785714,3426.82552530612,3455.46270030612,3397.446585,3468.39305408163,3489.89284897959,3485.05319428571,3424.05254612245,3482.61134795918,3557.21746102041,3558.85517244898,3542.50324316327,3379.0581277551,3403.42398244898,3413.41145142857,3506.33121622449,3468.40883122449,3562.26402846939,3555.674335,3490.54147,3403.18990061225,3474.10353459184,3445.38435612245,3506.78085714286,3559.20073367347,3561.02195163265,3396.08848897959,3461.57008897959,3549.38466,3509.83198112245,3533.89363112245,3428.75766969388,3443.60860969388,3427.19586969388,3399.40967469388,3417.70589734694,3420.64827693878,3475.27369530612,3496.30966408163,3689.61235957143,3635.97908183673,3541.24909387755,3453.96376183674,3541.15167755102,3433.00032877551,3560.51953979592,3461.8461622449,3416.8460222449,3373.40861326531,3425.36070408163,3453.3150877551,3449.23656469388,3424.51347836735,3500.76654204082,3486.22001897959,3449.90738979592,3505.45593571429,3428.5825094898,3460.13625438775,3479.14515438776,3465.65871357143,3486.1872605102,3430.23421255102,3404.91532887755,3535.46639683673,3426.05850602041,3452.95079581633,3483.63380816327,3464.86838163265,3450.49952673469,3594.61777326531,3496.96987765306,3533.60463479592,3413.81715479592,3467.81871020408,3460.55103367347,3566.51464142857,3461.98042163265,3511.03655326531,3548.55030234694,3412.13174867347,3415.49352928571,3474.78691122449,3415.67427244898,3414.98168346939,3480.59744346939,3515.93819346939,3467.67911346939,3473.91385173469,3450.11189285714,3486.5980244898,3460.8760394898,3488.3991344898,3422.81299581633,3416.82840918367,3475.05769918367,3490.88499489796,3310.76284693878,3406.9206122449,3443.19338673469,3428.42598571429,3474.59556938775,3499.04819387755,3568.77014795918,3684.60925102041,3609.90994234694,3477.59822081633,3484.17478183674,3514.1025622449,3421.65894285714,3426.87687489796,3428.52422255102,3555.76108979592,3484.00973979592,3493.66538979592,3477.18652479592,3551.16314428571,3423.54576959184,3520.56894795918,3622.82336061225,3476.81347857143,3367.61887857143,3476.48522142857,3552.35168265306,3486.92825102041,3496.42212244898,3563.15698367347,3576.95132102041,3464.24073673469,3521.06944142857,3424.49786142857,3503.21797642857,3455.20405040816,3569.06392428571,3532.16739040816,3459.97608240816,3486.18580665306,3544.07230665306,3482.34196163265,3446.27269163265,3427.92489765306,3403.66727163265,3494.57384367347,3470.75265489796,3486.27702,3474.129765,3517.50625,3471.9996,3453.33629959184,3574.44769459184,3461.7447472449,3472.64053285714,3459.61596765306,3476.15166287755,3437.21189591837,3625.05309969388,3548.01739520408,3496.560865,3429.61396612245,3510.54433836735,3449.8632372449,3563.83067408163,3364.94547397959,3529.94043377551,3474.67893530612,3515.42446877551,3396.67824908163,3574.87904030612,3420.57220163265,3539.58394979592,3494.30609238776,3532.94686102041,3443.60996163265,3570.94318193878,3469.62507142857,3573.31620306122,3513.32943102041,3497.59033183674,3459.97792346939,3563.13455285714,3503.55197285714,3555.00218653061,3512.15618653061,3476.76177673469,3413.91199673469,3495.26930408163,3470.9632955102,3504.57136530612,3430.90707520408,3367.30591836735,3352.50167653061,3477.06890204082,3429.91059591837,3477.24729183673,3485.68272265306,3459.99158857143,3517.58764836735,3477.80625346939,3486.87247244898,3481.13050673469,3470.87618673469,3442.24474183674,3468.31688571429,3484.45993989796,3546.0463622449,3530.70503877551,3573.22332040816,3555.23767653061,3561.32087959184,3614.22792887755
398.367346938776,3721.6876755102,3614.56661938776,3652.74296938775,3791.06561938776,3728.06314285714,3688.90788459184,3629.95513255102,3583.70908255102,3598.69713867347,3700.81811214286,3680.65517826531,3640.82652071429,3794.28311602041,3709.48334255102,3706.44199897959,3718.24204040816,3732.5333744898,3628.77971836735,3703.78571704082,3701.6703569898,3738.70429765306,3698.92027306123,3687.35380306123,3679.74284530612,3635.87289183674,3706.94193489796,3688.25593571429,3715.64892244898,3604.01843844898,3591.45976602041,3638.28215204082,3739.51413295918,3793.95181520408,3667.62333765306,3713.78893765306,3759.44868357143,3717.59649887755,3655.27983877551,3717.1518877551,3706.90280102041,3669.71703102041,3618.57578102041,3799.32200653061,3803.09867653061,3825.0419794898,3854.6696044898,3746.7819244898,3834.5117194898,3841.46641428571,3816.45569928571,3701.16887091837,3746.29111204082,3671.95788806122,3732.28147459184,3611.6085122449,3781.6394622449,3694.56985306122,3755.34206938775,3700.8013744898,3707.1753244898,3715.19211836735,3656.00067816327,3718.65165204082,3719.3305522449,3720.30608653061,3781.9405077551,3721.56778122449,3767.27070102041,3665.74232571429,3749.01999816327,3649.47239183673,3730.41173843878,3708.08829071429,3657.45095704082,3632.26769693878,3758.33207693878,3670.34436632653,3780.5541877551,3731.18285438775,3855.26362285714,3758.84938285714,3836.96135622449,3803.61472122449,3755.56069602041,3715.90026520408,3745.79216020408,3825.55844387755,3781.56672857143,3702.84359489796,3735.41760408163,3704.99778163265,3616.30092918367,3708.60054602041,3879.12575714286,3779.55025020408,3769.97541836735,3750.42273979592,3760.39218979592,3773.7293672449,3750.31366734694,3674.94983214286,3659.52886387755,3710.67303469388,3753.33615714286,3679.21930102041,3712.14207857143,3594.13880918367,3650.40505918367,3658.16088897959,3683.4550744898,3684.79994183673,3714.75450306122,3733.48053306122,3807.69246326531,3857.35158367347,3717.64756142857,3607.23755714286,3709.42822714286,3712.79582132653,3665.19712336735,3726.69355408163,3625.57365918367,3634.93064897959,3658.01919857143,3620.33328877551,3740.02541183673,3650.93835163265,3684.25199142857,3709.90755163265,3725.13704897959,3661.87304061225,3860.78458877551,3671.28215,3784.24845,3682.16296530612,3724.11835571429,3701.78756873061,3720.63171487755,3709.37455755102,3721.00328163265,3680.42141122449,3693.46961122449,3751.7493755102,3729.4221744898,3784.16998571429,3781.50928265306,3723.75318469388,3648.05722653061,3710.36541122449,3825.54293163265,3826.95958591837,3692.36854612245,3704.92993571428,3693.28733571429,3696.93448704082,3675.22043959184,3772.47553877551,3683.89920204082,3611.20751255102,3708.81255183673,3601.68422632653,3689.26370408163,3642.8206377551,3705.5363,3674.96151663265,3643.27478163265,3701.50123571429,3637.8806255102,3570.34537612245,3578.17497236735,3681.93490785714,3591.52395408163,3661.78881091837,3658.03905204082,3742.56382418367,3611.50618418367,3676.02575204082,3614.99465591837,3591.32022295918,3752.35864285714,3719.50862826531,3678.58830612245,3648.93893653061,3682.38996928571,3610.16492428572,3674.79543989796,3659.73315540816,3673.61520540816,3698.51513704082,3665.44857857143,3607.48627806122,3611.24345316327,3636.05879693878,3671.13096428571,3691.40271928571,3668.59876989796,3718.27180836735,3665.20997112245,3684.42877755102,3752.68130214286,3656.7297644898,3635.86695010204,3667.01856357143,3703.89678857143,3654.78966377551,3706.06695030612,3727.88213163265,3705.20758163265,3705.25848163265,3690.26223163265,3814.95220408163,3839.87868673469,3807.00599591837,3749.72725091837,3701.75449336735,3670.87453979592,3714.25205,3696.34060193878,3813.59066520408,3728.83976520408,3711.02140816327,3657.17597540816,3832.07334897959,3685.03080285714,3681.41772336735,3732.1941820102,3728.77845037755,3687.2882320102,3647.93962142857,3723.7285744898,3632.58519693878,3825.07765,3804.09103928571,3679.01774683673,3784.15719285714,3772.82726734694,3703.7388877551,3586.07810346939,3659.94280346939,3733.25181734694,3787.82237081633,3689.74743979592,3773.73535612245,3700.17073163265,3657.80790918367,3719.76147816327,3741.59722816327,3698.03665653061,3702.08686397959,3868.35041397959,3744.10445408163,3770.28476122449,3738.32387040816,3710.71347346939,3624.46851530612,3741.58003673469,3744.49813673469,3638.31371938776,3858.86783877551,3737.5449694898,3747.39245010204,3777.80959091837,3730.36480214286,3666.83209515306,3782.35846122449,3731.02076122449,3783.91041938776,3739.24652040816,3700.97968571429,3701.84207969388,3699.77490122449,3763.69831819388,3784.14260632653,3791.42524632653,3687.42099989796,3667.48579989796,3725.23086632653,3762.45916632653,3678.39393163265,3734.08574663265,3590.75385173469,3659.11839326531,3707.84371326531,3697.71696428571,3704.85947959184,3741.2949505102,3813.38800285714,3756.22771959184,3750.20618367347,3808.94288367347,3770.33762959184,3736.76622459184,3650.78720959184,3778.63311836735,3651.14751295918,3649.61477295918,3688.66146160204,3627.54561204082,3764.58479489796,3585.24759316327,3684.00987071429,3682.03430612245,3727.01552571429,3648.07024571429,3765.75492571429,3800.24227744898,3750.46399387755,3731.50008836735,3713.58266938775,3775.45267938775,3568.86246938776,3727.81873306122,3791.66605244898,3688.63443102041,3691.19634102041,3660.98511653061,3681.48826653061,3736.91456653061,3688.83326153061,3626.46542653061,3674.44263163265,3722.27501122449,3812.54252602041,3753.48670102041,3668.64369285714,3694.4086744898,3708.50788795918,3728.62304306122,3838.59333826531,3915.65976326531,3777.77988696939,3635.56790530612,3775.40237489796,3762.39894479592,3740.28585918367,3716.33632214286,3635.21201479592,3641.70097826531,3741.21671755102,3704.91306418367,3756.34552857143,3763.18397142857,3818.65674081633,3779.89632857143,3664.47801122449,3650.24248979592,3673.1534905102,3668.33027306123,3656.70066183673,3622.13726683673,3722.98861122449,3573.15724367347,3669.00947755102,3632.01553979592,3597.06540479592,3690.27199469388,3780.90201387755,3709.96608428572,3681.21077857143,3785.35371734694,3754.15288591837,3750.9621,3695.90940816327,3629.9925,3678.55665061225,3729.50723673469,3629.14553377551,3511.30862040816,3534.61402602041,3470.48119836735,3542.47313387755,3631.87084795918,3743.70297408163,3664.54937928572,3699.70726928572,3693.49986020408,3656.6449022449,3642.48310632653,3714.12535183674,3652.95936530612,3582.46330306122,3621.00085306123,3588.9537122449,3753.62103316327,3681.35517112245,3733.71351459184,3642.39338806122,3666.00669520408,3653.60808520408,3678.02751530612,3623.06426734694,3605.15108163265,3671.84662959184,3669.38860632653,3706.95074734694,3641.80694734694,3743.41642040816,3812.20743367347,3740.87077285714,3701.08669061224,3720.54112959184,3745.50317244898,3565.83665714286,3672.47633326531,3698.6408377551,3724.25906632653,3732.47637704082,3728.07057040816,3666.57041642857,3658.93589387755,3709.52884469388,3768.88670571429,3792.46175612245,3824.33982959184,3864.64705102041,3785.00818642857,3712.009305,3742.91105887755,3696.57513104082,3724.86990091837,3701.39498408163,3698.6101794898,3690.5750244898,3651.08848061225,3622.1188244898,3770.83662653061,3886.58921530612,3752.65083265306,3874.23668265306,3774.14125479592,3793.56986953061,3654.44388673469,3665.92003163265,3704.94647653061,3678.59595306122,3710.72071530612,3728.53917142857,3667.51047142857,3649.59555408163,3619.59411836735,3697.60608061225,3592.68098061225,3664.00956122449,3686.87228265306,3689.21764897959,3693.18351020408,3594.09899329592,3554.73409081633,3687.21253469388,3765.95528938776,3614.03684755102,3667.68136020408,3707.71996020408,3662.82138469388,3655.66171632653,3634.78947959184,3639.80588163265,3724.88409489796,3810.16971653061,3626.96681530612,3575.38080918367,3792.01693918367,3706.15053127653,3840.22094132653,3695.5593144898,3620.01910244898,3689.90423061225,3688.93815510204,3715.3520894898,3671.99698061224,3723.40053346939,3490.67648357143,3786.27747612245,3696.53795091837,3825.41486734694,3743.66053673469,3748.81278673469,3636.79650030612,3673.51735642857,3652.57197755102,3742.00912142857,3739.00672979592,3801.37711836735,3730.09831193878,3720.66164122449,3665.20123795918,3708.29871346939,3664.11144408163,3756.06408693878,3665.84453020408,3692.17744826531,3708.94040030612,3769.49299081633,3650.56010612245,3645.54845612245,3703.01674795918,3727.45109244898,3665.22765030612,3712.48780734694,3590.50899755102,3681.8507322449,3616.54765918367,3728.52358071429,3738.56850244898,3757.02124836735,3730.82152193878,3746.51720897959,3761.8831255102,3750.85123163265,3827.35085020408,3937.29661591837,3806.86261231633,3814.29278897959,3747.48699897959,3712.43238367347,3778.54429867347,3736.17736867347,3801.2053805102,3795.03343183673,3700.91225683674,3782.74913989796,3805.68017459184,3718.94698102041,3727.52393612245,3759.62419836735,3778.87109397959,3718.47710755102,3675.30311173469,3698.36877704082,3738.7326494898,3674.61978520408,3701.76021989796,3675.78597673469,3717.72517020408,3658.5920705102,3775.15408265306,3755.11389795918,3725.42776622449,3654.2386877551,3646.52902551021,3750.7536755102,3605.7653644898,3631.77265612245,3702.54330918367,3672.56514183674,3736.14653367347,3679.01079081633,3617.61889081633,3669.08187744898,3724.10445612245,3650.13057122449,3586.0632477551,3668.3491877551,3672.23174102041,3668.82130306122,3692.27605306122,3778.79757695918,3784.40135204082,3744.92014683673,3780.02909897959,3775.11476020408,3726.22711836735,3713.77199285714,3669.53635846939,3792.3630244898,3677.7725744898,3682.05400510204,3726.56068040816,3678.57727673469,3708.19129765306,3614.25511602041,3630.27411734694,3685.63211234694,3673.29819387755,3696.41649112245,3828.42786938775,3629.75081214286,3727.51451214286,3753.81952234694,3700.5080222449,3868.79195626837,3858.07367789796,3752.68489591837,3753.29680816327,3655.53988877551,3769.79930204082,3700.14398061225,3734.38269693878,3808.47719867347,3806.0570255102,3811.09907755102,3760.62981530612,3796.06984061224,3775.8479255102,3689.68858857143,3769.52288979592,3694.52489081633,3671.19196428571,3692.76048061225,3550.76941387755,3603.95618071429,3608.77565918367,3572.55847122449,3642.69955612245,3670.50044857143,3588.6072205102,3590.95856734694,3676.7438877551,3666.35924887755,3698.75355864286,3751.63452142857,3682.63997142857,3589.76271938776,3684.14047683674,3769.24521214286,3720.18360418367,3720.68975010204,3755.65084765306,3676.29859785714,3675.04125755102,3677.1639,3731.14477112245,3701.13478469388,3587.55043469388,3697.63106122449,3660.41642183673,3628.73835612245,3645.9780305102,3639.28178061224,3798.35545714286,3731.06698979592,3596.06465061225,3801.26898755102,3753.35345612245,3724.168855,3758.7679,3756.11956020408,3810.83449897959,3620.56299193878,3740.59874693878,3695.49104795918,3650.98096734694,3814.83167346939,3717.16594285714,3694.10633010204,3721.2508755102,3748.24447265306,3692.3676794898,3742.84892755102,3695.59731734694,3642.64316428571,3642.8727505102,3659.76241193878,3718.46252193878,3658.16971397959,3661.21685612245,3648.87655714286,3730.23266765306,3718.21366734694,3587.11748306122,3723.00244081633,3684.3231744898,3651.5733477551,3786.62048704082,3720.1756777551,3812.73655510204,3839.75545510204,3738.92315612245,3673.23401020408,3651.6008744898,3784.99569795918,3699.65573673469,3671.49721571429,3686.86451581633,3634.95030051021,3725.65488622449,3720.48283020408,3662.07601081633,3774.34523326531,3701.0646794898,3687.5835594898,3662.13389112245,3647.59534285714,3761.08416632653,3676.4732477551,3792.23554183674,3750.13953367347,3873.080065,3714.22554653061,3787.70629897959,3744.83232346939,3696.78306540816,3815.90216734694,3700.18724387755,3784.45738367347,3852.65290857143,3634.98517989796,3677.41689112245,3655.48832244898,3599.37634897959,3658.39675714286,3650.30895887755,3687.41623561225,3668.12541632653,3600.81065326531,3620.74236632653,3695.08366734694,3721.03945520408,3743.52439673469,3664.22213357143,3679.06278469388,3533.21956897959,3651.62366938776,3632.91921132653,3558.95240826531,3816.53485204082,3618.45302040816,3691.64928826531,3764.49842346939,3666.67005714286,3701.83052653061,3825.13853867347,3707.62495316327,3644.46873846939,3636.00854418367,3676.13278020408,3714.53782714286,3655.20775714286,3697.55221122449,3675.09148265306,3660.61603061225,3658.04133061225,3720.07478979592,3628.91239387755,3652.72554387755,3774.21609632653,3718.74861632653,3719.84911122449,3734.89185408163,3668.58811591837,3708.05654785714,3798.47791122449,3760.0276244898,3726.33753571429,3700.89526530612,3734.32710530612,3784.29568265306,3639.8213244898,3665.93542357143,3591.19157040816,3692.89165,3708.35679795918,3621.24265408163,3697.76282653061,3622.50576326531,3670.49821765306,3639.31613387755,3647.12722010204,3627.53933244898,3689.37650489796,3639.45440489796,3614.12885489796,3788.38256653061,3696.22589765306,3746.60638979592,3659.16312459184,3708.12791030612,3785.77344020408,3775.34106020408,3789.94821020408,3742.32106081633,3708.12365489796,3698.92181377551,3649.78226428571,3781.85375918367,3697.12510542857,3573.63496563265,3691.96738877551,3667.15452755102,3674.91608673469,3694.91470408163,3693.19606877551,3737.2992505102,3719.82557244898,3704.62599897959,3614.76673367347,3711.24277367347,3652.05554010204,3734.1956,3705.00045918367,3635.13896418367,3779.4762572449,3682.0087827551,3722.1655527551,3705.20040877551,3781.54441040816,3782.53642040816,3643.00331734694,3809.38499897959,3931.28623571429,3712.81937857143,3590.50648581633,3731.2962344898,3704.2831244898,3754.47562857143,3729.29571632653,3622.79794591837,3682.48815938776,3713.42532714286,3737.6494144898,3656.38107346939,3677.85919153061,3634.38312387755,3729.71926602041,3571.09200102041,3514.30558418367,3708.33119336735,3727.39141173469,3657.22331683674,3638.38700591837,3628.29369081633,3670.55625510204,3662.46367551021,3733.10490540816,3667.58040306123,3693.72990306122,3625.12821938776,3750.97056428571,3796.70946459184,3703.01141632653,3695.91113632653,3767.72217510204,3672.57162510204,3646.39811867347,3690.4440727551,3564.38299112245,3779.23188246939,3719.83873673469,3755.42472571429,3792.08286571429,3862.98967673469,3836.7499405102,3796.17770408163,3688.12718367347,3716.74999489796,3679.05591489796,3685.05319204082,3612.94389612245,3805.28262040816,3777.96642040816,3693.10352602041,3828.45976142857,3826.54286010204,3801.25164387755,3684.29721632653,3750.80688265306,3780.93486836735,3589.94383061225,3735.87619591837,3645.68620204082,3750.79811836735,3704.77676428571,3610.60670744898,3723.91933122449,3681.38538153061,3702.68654693878,3704.53844489796,3761.27909489796,3693.57827908163,3654.8059105102,3736.87286489796,3735.98004489796,3675.93650306123,3648.13699663265,3690.80603163265,3751.44319693878,3639.50514193878,3657.98149693878,3668.49740612245,3792.43735255102,3618.48920326531,3683.00869693878,3585.07737193878,3651.01033010204,3644.79770989796,3680.51223265306,3755.97101734694,3722.02900673469,3726.48506095918,3904.99843469388,3822.2099877551,3608.59832959184,3683.51069387755,3679.52819591837,3686.8693244898,3645.9277255102,3673.54378469388,3644.28973469388,3638.98175969388,3717.15743877551,3728.57000204082,3660.42239897959,3754.75400816326,3773.06418540816,3719.36791836735,3738.92716836735,3661.22266836735,3722.67193663265,3718.2213644898,3661.94832908163,3773.4018755102,3777.41714489796,3724.59645489796,3677.42505102041,3703.72581377551,3756.06310408163,3750.27573367347,3765.09257714286,3780.17231142857,3761.25292020408,3775.53493755102,3717.14951918367,3697.86167163265,3705.99482367347,3777.70670989796,3703.19414693878,3711.63955,3678.87485918367,3706.50179897959,3674.5713755102,3741.31580204082,3618.59201877551,3764.50533183673,3682.01579693878,3735.54768571429,3579.49586836735,3706.69180714286,3688.04253469388,3699.03110183674,3736.16172061225,3855.38834183673,3780.02426846939,3684.84985591837,3844.20544693877,3766.94374285714,3796.11817336735,3758.35646836735,3758.42892040816,3786.77495693878,3829.02597561225,3755.59841561224,3698.38046387755,3676.01786897959,3802.40628979592,3634.03171428572,3721.3090755102,3743.04382428571,3693.39590918367,3702.51029285714,3682.05211061225,3713.93698061225,3741.48036836735,3776.3761244898,3912.5447,3780.36199591837,3746.12959387755,3786.5515377551,3880.13935918367,3809.55043459184,3863.96894071429,3701.34552846939,3703.73562828571,3769.04235591837,3721.53224387755,3738.27670795918,3797.55229571429,3727.41383673469,3799.71895306122,3713.09611734694,3784.44485918367,3787.54254928571,3821.64306938776,3737.74771418367,3686.16384734694,3799.17499428571,3801.9253072449,3858.03015418367,3681.56946020408,3725.52385244898,3706.23231061224,3778.23232285714,3799.70222693878,3679.61752959184,3800.53661836735,3605.25872479592,3618.53004081633,3674.57612142857,3875.33681530612,3709.09678571429,3743.51189285714,3701.24688571429,3792.19686326531,3655.41271826531,3733.26036612245,3732.52814928571,3709.16326479592,3716.89628081633,3688.78329081633,3699.12665,3761.06066959184,3708.52143010204,3778.76901428571,3700.77527959184,3652.77274663265,3842.34256704082,3685.63430714286,3679.41995714286,3636.57295612245,3641.09170612245,3631.12407163265,3654.63432163265,3660.35280489796,3691.50815612245,3746.78929989796,3710.00709489796,3691.56907989796,3743.89832489796,3653.63327989796,3690.29026489796,3654.92165989796,3696.46867489796,3662.84726723469,3652.64332233673,3706.83251959184,3658.96366959184,3672.93646959184,3698.4869022449,3681.79757683674,3716.57675204082,3720.58963704082,3678.67599010204,3705.04102510204,3674.3827122449,3741.86071510204,3731.85161061224,3620.18761408163,3806.95956428571,3686.62642959184,3725.07994897959,3937.00432857143,3897.22060857143,4052.51386857143,3781.43362857143,3718.04497857143,3704.81970714286,3664.47155540816,3742.82480540816,3755.11234857143,3523.92097653061,3606.01240377551,3841.9890122449,3568.21801734694,3692.77060612245,3637.0441477551,3683.9431927551,3700.96287316327,3705.52331653061,3718.16194183674,3768.33150510204,3819.29979081633,3576.19778306122,3828.52039234694,3788.84781887755,3818.82156734694,3885.94937561225,3802.94983061225,3712.88318663265,3758.83815918367,3782.89417193878,3728.74917693878,3735.15735581633,3693.32800244898,3727.42848295918,3689.9142894898,3617.11114387755,3711.48760612245,3762.84882755102,3656.88065469388,3612.00489183674,3644.63633571429,3673.12023571429,3628.82917755102,3791.56058877551,3725.61302142857,3657.46066428571,3660.98801928571,3747.67811928571,3652.60366428571,3749.57686938776,3759.55743571429,3769.24893469388,3788.3648122449,3811.3572622449,3753.11109081633,3698.25415714286,3750.50824632653,3739.69303061225,3680.33386561225,3746.15548061225,3753.96268061225,3710.02036061225,3773.33279530612,3613.63484530612,3624.41014193878,3701.96093887755,3781.23157438776,3715.852655,3816.22104755102,3760.39666857143,3850.04290316327,3670.08196856123,3697.35584928572,3716.34469428571,3722.32204959184,3750.4309017347,3750.12030173469,3717.36330408163,3791.84379408163,3725.71561428572,3724.61328020408,3760.41537020408,3694.71971183674,3783.16315683674,3727.40137010204,3672.49112602041,3703.97490408163,3640.81446938776,3657.57488877551,3707.04508571429,3635.62639571429,3632.32778571429,3695.92238157143,3727.62876969388,3781.66480142857,3723.12968673469,3733.32265806122,3682.44453306122,3648.50051612245,3715.62266612245,3741.52367316327,3686.36965204082,3749.32957204082,3802.82537918367,3770.41896653061,3711.69215510204,3684.98600510204,3710.68849489796,3675.04311357143,3671.49956244898,3700.02531744898,3742.68783806123,3784.36835306123,3592.77800306123,3752.71803806122,3672.10542806123,3699.36256071429,3711.17227785714,3663.47927785714,3758.8208444898,3768.82203020408,3667.06190918367,3691.47822857143,3645.26080520408,3688.72845918367,3671.0572255102,3643.38069489796,3688.36092755102,3720.45105714286,3601.07886091837,3621.77311326531,3672.63948163265,3601.95998163265,3613.05571908163,3608.96445377551,3626.28971387755,3665.57951387755,3681.91511887755,3597.70475091837,3717.4053244898,3723.02693704082,3719.04253295918,3795.03397857143,3709.16487857143,3724.6821744898,3771.89200612245,3679.65914183673,3683.45264183673,3665.5902927551,3695.64092581633,3590.04710653061,3714.8873922449,3692.54708071429,3659.84061969388,3746.43854469388,3681.73880704082,3684.47738336735,3704.57877816327,3798.92122734694,3854.96877571429,3671.54596734694,3771.02706765306,3831.74017346939,3788.70340010204,3807.62234357143,3744.69273265306,3702.62288969388,3725.87359,3692.48448571429,3669.93033571429,3676.69890408163,3703.83158612245,3621.76290663265,3655.58152163265,3694.82869489796,3740.32601428572,3734.26971428572,3776.50168418367,3707.80633081633,3728.53299081633,3690.40843581633,3752.3030377551,3619.75531071429,3727.14952244898,3716.5059972449,3729.74487040816,3721.89189387755,3731.48085887755,3707.97626020408,3623.68451632653,3683.04514591837,3639.26814387755,3641.07684387755,3690.82948387755,3700.88380306123,3678.16708714286,3696.53091428572,3633.79556734694,3613.02690918367,3696.83019693878,3712.41141510204,3692.24409153061,3693.90910377551,3726.67919408163,3626.5150322449,3724.75407244898,3578.69043367347,3695.78485816327,3670.5720594898,3738.23375010204,3562.8380072449,3674.78557867347,3649.40094867347,3710.94266357143,3757.62678857143,3621.00216357143,3630.70711357143,3743.47722163265,3618.58952367347,3669.7172105102,3660.07383846939,3686.96863214286,3747.82751867347,3701.50255540816,3701.15652040816,3700.60091836735,3709.20816336735,3671.8268572449,3689.33403887755,3722.76702459184,3671.58552142857,3853.82916091837,3774.57055316326,3788.99484285714,3770.71424693878,3721.97906857143,3704.9842744898,3685.5914744898,3693.30582244898,3732.08482744898,3683.32772908163,3635.6428755102,3721.28128244898,3802.94019806122,3760.32357877551,3780.00949683673,3796.69961683673,3843.06441163265,3852.78170816327,3799.59652653061,3792.53377897959,3844.86311632653,3804.27061520408,3774.89908877551,3780.50651265306,3771.17803163265,3794.87248061225,3814.76033979592,3769.84513357143,3429.33693877551,3691.91234489796,3713.99644591837,3642.25077459184,3557.92339959184,3724.76186336735,3671.86586193878,3664.96184693878,3613.85043693878,3679.44932438776,3584.48082561224,3524.28603469388,3606.03110969388,3569.88771428571,3524.85930714286,3599.35707540816,3664.69457346939,3635.59819489796,3661.77612357143,3640.444695,3637.67103163265,3750.87218979592,3754.05652346939,3722.46724602041,3718.78491214286,3667.89846122449,3663.50857653061,3642.66645653061,3718.44484428571,3761.17523265306,3675.61687683674,3747.39109183674,3726.8480744898,3762.67344693878,3668.28524693878,3676.41669693878,3676.77534693877,3712.33815918367,3747.94483265306,3805.3056877551,3696.25987897959,3717.33283,3704.36363408163,3696.64248408163,3651.25944520408,3725.290745,3596.96999632653,3666.00143887755,3707.68240071429,3585.68712561225,3589.62538357143,3661.09882132653,3653.76843979592,3764.4584622449,3703.10604693878,3742.94901591837,3849.56156693878,3807.27238428571,3784.34086836735,3729.56509285714,3648.91980918367,3686.68244183673,3712.57732142857,3784.13842142857,3786.28380408163,3785.8691105102,3699.9883867347,3692.20195,3592.30375,3630.6910627551,3728.43810510204,3720.98838510204,3716.93417357143,3651.15571469388,3722.88636469388,3648.50130438775,3719.59201438775,3707.91878530612,3763.99311367347,3695.97945030612,3800.46760530612,3674.18226530612,3622.16190438776,3690.63287040816,3767.57851591837,3730.9262077551,3707.85655918367,3692.68266367347,3664.84517040816,3732.86926193878,3756.69179183673,3702.55666938776,3753.60073571429,3705.14672959184,3662.51774428571,3584.76916938775,3635.11037938776,3624.67286408163,3657.53518265306,3668.28525479592,3592.03053387755,3465.53679387755,3746.0460244898,3656.88571734694,3617.25013346939,3629.3280355102,3790.2536877551,3724.45417755102,3784.90605408163,3660.41836408163,3583.32542857143,3689.86632653061,3618.95612540816,3637.05893010204,3716.97002346939,3648.75279836735,3706.59045510204,3603.76907010204,3666.40947755102,3643.97403469388,3700.95025408163,3648.98635918367,3678.50615142857,3735.58123316327,3709.14562959184,3744.6645877551,3832.81383877551,3803.37774183673,3747.83651397959,3731.97602806122,3794.16867040816,3874.26461693878,3821.05768193878,3699.65113193878,3657.6123744898,3747.62914132653,3748.68226122449,3810.9182872449,3806.4273472449,3671.21405214286,3694.64319438776,3696.21919295918,3724.70902959184,3608.69012857143,3642.0551755102,3706.22682755102,3698.01862755102,3689.2873377551,3621.27539234694,3600.86688979592,3741.55332755102,3691.50829714286,3708.52157091837,3655.58451979592,3625.26687693878,3666.42474795918,3672.12955510204,3752.65023408163,3706.92231653061,3683.78171326531,3909.63309693878,3885.18154459184,3978.59826653061,3747.10998877551,3729.51439367347,3776.93156897959,3817.39747346939,3711.74507346939,3685.23693928571,3632.46486071429,3710.40946632653,3626.1550877551,3691.48738969388,3692.3376865102,3673.73471561225,3695.70493163265,3692.04495918367,3781.14950102041,3716.74470714286,3711.6510877551,3719.94270632653,3812.17461081633,3733.16021959184,3860.4734744898,3740.4872744898,3713.76803061224,3744.73058979592,3786.47198979592,3763.56385408163,3788.13652408163,3812.00188632653,3697.07442693878,3693.26575551021,3666.16034897959,3684.27318469388,3653.83206469388,3769.7131377551,3658.5076377551,3583.63040540816,3740.39707173469,3794.54849438776,3807.36354897959,3681.64399081633,3690.49925479592,3672.05810479592,3728.38601285714,3751.85546826531,3705.14521826531,3748.63006938775,3690.04843163265,3653.09745602041,3641.12567010204,3636.42250918367,3653.91075193878,3748.85227938776,3810.36534806122,3727.97580714286,3728.2511372449,3812.68647591837,3900.57856671429,3793.59995714286,3808.04339183674,3768.27011734694,3758.53206938775,3712.51392755102,3719.26308673469,3646.26704693878,3790.1529444898,3748.85892959184,3777.66457959184,3767.97100612245,3683.06864295918,3699.15233571429,3647.97476765306,3667.52728693878,3682.25716969388,3548.80466428572,3686.28143877551,3739.48125816327,3697.33169489796,3777.21229489796,3717.20229989796,3698.36462653061,3666.43544285714,3696.74621928571,3730.07010510204,3574.4012255102,3628.03779081633,3744.7362022449,3666.69345306122,3590.69905846939,3651.88115336735,3625.33279081633,3765.35564795918,3657.81548469388,3652.84083469388,3662.84674591837,3628.71276122449,3677.79052959184,3707.07312153061,3625.18592326531,3657.08886326531,3659.45163367347,3762.66191561225,3638.74411765306,3626.14052234694,3744.81792434694,3618.00632755102,3645.17749795918,3647.32543826531,3653.13658316327,3588.66942387755,3729.55104061224,3867.37929081633,3672.81252346939,3699.06104571429,3666.21124571429,3672.14657836735,3671.30311928571,3677.7591877551,3657.3315377551,3844.3579027551,3646.14097489796,3701.30742959184,3624.89775959184,3637.16665,3708.4141,3640.34700755102,3692.73825816327,3750.6180244898,3749.97233591837,3753.8666367347,3732.14691734694,3748.69256908163,3717.923565,3601.972565,3694.44540173469,3630.11246836735,3587.52064489796,3659.50770918367,3660.6265877551,3777.05575530612,3800.67759816326,3771.06352966326,3767.68552854082,3685.21536027551,3839.83122456122,3721.45153476531,3642.81284295918,3691.02290867347,3648.62172867347,3665.76187938776,3578.73326816327,3470.95526326531,3613.81235653061,3854.99123540816,3673.67991122449,3589.02384285714,3629.04863204082,3668.43863265306,3616.4256622449,3612.35706326531,3680.04547306123,3692.34389428571,3637.60299734694,3649.58779826531,3733.55618826531,3723.55964642857,3683.12220714286,3804.17665102041,3835.27148826531,3709.16368979592,3665.63764795918,3685.16929867347,3757.26326397959,3763.75400612245,3836.64640714286,3757.3159205102,3668.54273663265,3759.28679663265,3841.55084285714,3694.86880612245,3575.42965204082,3712.13895714286,3698.49925714286,3720.41539795918,3702.93528163265,3740.12473663265,3716.12140663265,3694.65848163265,3629.71964081633,3664.66039122449,3623.67798,3641.82148163265,3665.68797561224,3665.55705173469,3646.62339897959,3648.37079091837,3617.97956642857,3686.59769132653,3690.37157459184,3697.87349193878,3746.59824693878,3776.13879479592,3679.57766122449,3749.03994897959,3870.20319897959,3679.55192142857,3546.73167142857,3670.17154928572,3689.92776428571,3713.4322622449,3622.07952193878,3687.50905714286,3659.25305969388,3642.12706734694,3710.65958877551,3711.55440918367,3687.88123418367,3660.7325755102,3720.46118877551,3677.04971734694,3662.96255408163,3653.27953163265,3710.7715244898,3614.9112844898,3603.4051744898,3532.13659897959,3696.3959244898,3596.89572642857,3669.37284693878,3677.82048367347,3734.02461734694,3717.92301530612,3642.03790540816,3580.74175642857,3681.07393397959,3662.29833265306,3777.76594612245,3663.43107979592,3745.71835336735,3691.6052105102,3747.4337144898,3614.64450571429,3667.40103571429,3670.5824255102,3708.47602887755,3614.21468959184,3682.57191326531,3793.32453367347,3760.98730918367,3691.00654377551,3756.27919181633,3723.71390316327,3683.46386326531,3626.18621326531,3657.28775612245,3709.73238469388,3709.42687755102,3755.7302255102,3766.16298469388,3778.79733877551,3751.38573877551,3719.02861530612,3623.29914183674,3688.71414183674,3698.58498877551,3668.23043204082,3627.40728295918,3812.17232040816,3590.49394183673,3786.0467772449,3619.8732255102,3655.18185714286,3662.9979877551,3855.98359183674,3793.69103607143,3781.91384367347,3705.03951367347,4007.44186612245,3726.94517734694,3736.3853722449,3783.41350285714,3693.17059081633,3681.98730887755,3602.38131734694,3640.50459795918,3746.32043877551,3682.68502244898,3699.16068571429,3731.05925112245,3824.99948571429,3786.7587377551,3699.57657816327,3759.38474244898,3735.51544591837,3787.86961530612,3816.57372969388,3741.18635183673,3640.40109683674,3657.40494959184,3560.32066459184,3562.59329932653,3744.5764,3714.54858989796,3750.37871959184,3685.73037377551,3723.20618908163,3706.71077542857,3733.78140969388,3732.62129663265,3703.57924285714,3661.52930530612,3735.40002469388,3599.11248489796,3686.84936122449,3651.17548887755,3655.87870816326,3740.9987122449,3615.82664897959,3769.89094591837,3740.10656591837,3708.06076693878,3747.98131428571,3767.3807755102,3667.29687408163,3796.77187346939,3746.71621632653,3752.32437040816,3673.96490367347,3656.85343959184,3690.24292438776,3733.65493928571,3696.72441377551,3725.43459795918,3659.44111960204,3791.71874591837,3763.56691326531,3735.80570612245,3808.29367755102,3741.25645234694,3678.38252744898,3646.18201530612,3830.66891908163,3680.80712040816,3706.29173265306,3653.3131,3687.11220408163,3680.56934183673,3591.0662944898,3603.1687444898,3727.9116444898,3649.00956285714,3634.74369387755,3714.89433244898,3627.72835918367,3776.76773061225,3805.54349061225,3695.29632326531,3681.73615826531,3690.74188428572,3740.32608336735,3726.08872693878,3597.81066795918,3700.72550510204,3618.91130510204,3704.79286020408,3820.3927694898,3653.37100520408,3552.9692055102,3758.11068204082,3743.90571744898,3647.95021989796,3688.48006020408,3638.8730794898,3680.4702794898,3691.0007294898,3758.7934794898,3632.49985102041,3693.80320591837,3741.58497091837,3742.42327381633,3692.91313081633,3692.07554112245,3621.30767479592,3658.48098836735,3605.57282091837,3675.48107857143,3770.92295408163,3694.99699693878,3688.52536387755,3817.54313265306,3675.61684591837,3680.81858938775,3663.35944489796,3683.15738989796,3661.93057704082,3698.64496428572,3653.44382755102,3657.88529061224,3759.22549214286,3699.95559081633,3757.49454081633,3744.08136081633,3661.57300081633,3657.3065377551,3651.2495377551,3780.42479040816,3697.02381204082,3745.58316191837,3617.97256142857,3705.29016102041,3640.68957938776,3660.54586612245,3660.38830612245,3776.11165102041,3692.70295204082,3691.60594244898,3753.0686322449,3755.54793632653,3716.99767887755,3745.29840387755,3702.21758265306,3744.69198193878,3784.37311020408,3787.04472887755,3784.81639285714,3709.89593561225,3695.70944397959,3832.67849887755,3797.20300204082,3704.44211040816,3852.28328591837,3782.15768979592,3671.38705979592,3701.15404795918,3685.57244897959,3704.42719591837,3760.18440816327,3706.40725816327,3746.42534816327,3752.13718843878,3729.88403744898,3682.19362244898,3678.28567244898,3676.66284591837,3746.40787112245,3632.95938510204,3604.87630683674,3814.76798183674,3769.60525836735,3663.03691836735,3712.79261193878,3722.35195,3647.84600367347,3644.76661428572,3637.9093877551,3596.07210408163,3674.00595612245,3652.9405122449,3759.26540612245,3704.09887112245,3698.02715102041,3674.00297673469,3661.37446857143,3685.89586244898,3769.82101193878,3753.23274132653,3721.17181632653,3677.75333581633,3800.24181989796,3637.54596193878,3796.1910877551,3719.56525306122,3763.46880612245,3762.83658857143,3660.02703979592,3758.49273979592,3707.67046326531,3666.56378265306,3684.35408265306,3735.78600765306,3716.21836112245,3628.56433136735,3654.07229857143,3691.06426795918,3740.38255367347,3724.23236,3682.98400326531,3734.36691428572,3656.69558469388,3650.20358469388,3650.64757061224,3729.87815510204,3859.43835816327,3689.74863061225,3610.76424387755,3742.39956122449,3783.31403602041,3716.91030887755,3652.51314071429,3841.64895714286,3620.91778061225,3728.75455510204,3670.00449489796,3667.26719714286,3732.49787612245,3724.29822336735,3700.42562336735,3691.76457234694,3657.81945204082,3699.39719244898,3608.97002744898,3638.02340693878,3805.74026632653,3751.69484367347,3736.81270938776,3634.42474795918,3710.05609795918,3598.12523265306,3720.25316061224,3749.23932653061,3621.0886377551,3616.97662040816,3771.84313346939,3771.49687438776,3779.8055122449,3699.6204022449,3754.26359183673,3828.53701387755,3745.3747377551,3734.60337755102,3701.92449244898,3875.04767142857,3680.22650673469,3650.37211734694,3782.30432244898,3699.68730908163,3701.0579927551,3665.83825331633,3637.42643627551,3639.49075872449,3715.63821306123,3663.09085306123,3616.16980377551,3650.24844285714,3739.3236744898,3709.56696326531,3718.02993979592,3666.41506632653,3684.29391326531,3738.85963367347,3803.91634897959,3748.82701734694,3719.21462438776,3652.81997132653,3720.7736927551,3755.45635204082,3704.11085561224,3749.66255193878,3778.29819663265,3699.74235418367,3656.64983336735,3759.24802316327,3708.49471632653,3681.05326632653,3557.83465102041,3754.57834132653,3724.99454234694,3705.7691355102,3679.4666005102,3645.11528520408,3706.97084591837,3627.77497857143,3641.95808571429,3687.39126122449,3556.57780714286,3578.63162959184,3574.9884,3661.55864489796,3662.25945204082,3621.02700612245,3685.49652846939,3720.03422188776,3725.70426091837,3682.92883969388,3710.07063469388,3715.36001020408,3649.622325,3672.7512672449,3742.63399081633,3742.11267755102,3582.34109081633,3786.69649489796,3526.30151326531,3630.71738265306,3699.04480918367,3563.11466581633,3681.9535377551,3722.84489183674,3707.58877520408,3779.26364336735,3763.47950785714,3780.60456020408,3736.59549112245,3740.27914112245,3622.80265112245,3666.85351510204,3632.23195989796,3665.80514795918,3646.37258265306,3586.33581765306,3610.08209122449,3622.02375959184,3767.24436020408,3645.34136734694,3664.96601734694,3722.9341277551,3675.5920377551,3722.2058627551,3697.55858163265,3658.95725306122,3658.82658806123,3785.63177132653,3723.7098422449,3840.79133846939,3710.84282346939,3771.57689693878,3657.78945244898,3792.83635469388,3681.25485408163,3671.05017244898,3721.07912755102,3745.1830755102,3656.69372551021,3663.46391530612,3666.05916020408,3632.12304520408,3771.91071122449,3667.01296142857,3747.90771632653,3803.59073418367,3697.21715255102,3760.18835255102,3785.90347193878,3758.24873622449,3643.96487142857,3630.28775321429,3579.63188627551,3701.56153714286,3691.32650714286,3645.81920612245,3787.6635755102,3658.29327551021,3629.9336755102,3747.60393163265,3676.02229867347,3677.49224489796,3727.60157673469,3742.77692551021,3650.00729387755,3736.88393867347,3553.61416285714,3686.1401444898,3769.88422642857,3710.35359142857,3755.2948622449,3725.52499765306,3718.53520428571,3713.11146346939,3685.80677867347,3706.97464489796,3688.98141326531,3776.37732040816,3746.55918163265,3875.07698367347,3611.27186867347,3675.88274489796,3485.78910561224,3578.67027061225,3618.69677336735,3643.58475020408,3648.31760020408,3731.77445316327,3749.21745816327,3753.20111142857,3625.2239655102,3659.38343469388,3724.85256326531,3693.6299755102,3712.22661530612,3742.63619816327,3745.46177469388,3741.06588816327,3636.55129816327,3722.44373316327,3653.74018867347,3716.21916867347,3634.64958510204,3631.23327673469,3674.11195510204,3645.41027959184,3745.92284489796,3884.43355918367,3660.80890173469,3774.40072346939,3676.05317959184,3668.00191642857,3760.82865428571,3710.11249387755,3695.26746632653,3758.3226577551,3807.2702577551,3790.78121734694,3843.09649081633,3671.83661938775,3795.59300938775,3698.02175816327,3711.91242857143,3728.61676510204,3704.24292959184,3666.36857346939,3620.04483673469,3716.7661,3726.4852,3825.443305,3704.71659183673,3720.86269489796,3686.66665642857,3669.1639244898,3762.58461530612,3680.24418010204,3573.48962326531,3691.53402336735,3678.41632755102,3778.49245510204,3654.81761326531,3643.98451326531,3632.98056897959,3620.40687897959,3663.01857897959,3707.41044785714,3674.75239183674,3541.55876102041,3681.11207061224,3696.04529908163,3747.58747408163,3767.31480816327,3785.0171,3767.06483938776,3638.09010020408,3730.90016836735,3771.28702040816,3703.39195918367,3738.24576122449,3654.13145204082,3740.10861295918,3696.40742877551,3791.8081122449,3756.34997112245,3815.23767112245,3717.74308295919,3741.15769612245,3758.62814306123,3802.72067306123,3722.52899795918,3801.2656244898,3864.55453469388,3722.34253469388,3778.41194489796,3891.62012489796,3885.97040714286,3869.26513714286,3862.77891714286,3774.28141214286,3885.78463336735,3814.86550967347,3866.89469959184,3799.64218367347,3800.8078222449,3831.58156255102,3765.2454622449,3807.66005765306,3646.36294081633,3585.12403391837,3596.36942346939,3697.68319785714,3640.47996836735,3617.47948469388,3679.6334794898,3719.3954755102,3617.29522346939,3721.16313673469,3637.73346938776,3642.51966326531,3649.1851877551,3667.25910102041,3658.39221020408,3683.37310612245,3682.36467885714,3614.24424387755,3634.7997455102,3714.3781877551,3602.15678984694,3728.95797040816,3675.19492959184,3716.18315408163,3740.25950306122,3811.7144377551,3680.9687377551,3757.97142755102,3804.64009489796,3781.96687112245,3712.66372020408,3650.26454693878,3674.10484857143,3795.96893173469,3773.66013591837,3770.58665857143,3731.69971857143,3656.61737265306,3764.97992265306,3696.12890081633,3706.77558581633,3700.35947316327,3861.44787653061,3703.34045714286,3756.99448044898,3796.28532979592,3685.27751310204,3782.8973744898,3764.1956377551,3831.38526357143,3769.74968494898,3729.35042520408,3855.70104612245,3811.02399591837,3873.50912683674,3778.35156918367,3773.65336530612,3797.87623265306,3790.69257765306,3806.74236836735,3764.8540744898,3732.40781530612,3747.47488806123,3792.52876734694,3735.55632857143,3704.19409704082,3716.06820714286,3803.0159572449,3701.35225204082,3718.25268785714,3680.50962663265,3664.81533979592,3690.89461122449,3601.83121122449,3738.90609387755,3626.84038061225,3735.37917867347,3704.10625020408,3669.45089255102,3662.44700091837,3799.82712836735,3714.38572836735,3704.23103163265,3738.30003357143,3634.41232765306,3800.97565765306,3745.94229265306,3748.78597887755,3761.88047887755,3812.15717928571,3763.85911377551,3832.15906377551,3690.56053989796,3709.21269183673,3694.10511836735,3703.33127857143,3720.07395857143,3736.73699591837,3692.10366326531,3740.87767653061,3639.71340153061,3694.55483183673,3722.38094795918,3772.22666459184,3687.66149622449,3677.22307377551,3774.86352142857,3770.64682908163,3708.05539326531,3788.92774326531,3736.18486326531,3698.93107142857,3742.54874122449,3686.94035714286,3793.60787653061,3795.16432653061,3658.93659285714,3693.75203112245,3703.42725612245,3637.24481887755,3644.73881887755,3802.49247765306,3768.8881944898,3678.91775979592,3744.04745979592,3696.80244377551,3791.6894244898,3692.84194795918,3739.02886530612,3754.03011122449,3726.87472142857,3684.06817142857,3705.70756255102,3724.08230102041,3608.31279867347,3676.21889867347,3635.58317755102,3702.38389193878,3788.78728989796,3785.73776326531,3718.05038367347,3678.54375581633,3761.60312489796,3647.89978571429,3697.32462663265,3672.00014806122,3696.14503826531,3741.31227244898,3709.82829897959,3638.67707755102,3630.52396734694,3666.40562959184,3721.2287122449,3755.49285714286,3751.54234418367,3749.97607408163,3655.50302857143,3629.20472520408,3657.68475408163,3727.77883367347,3730.58602510204,3802.28177744898,3696.70568938776,3705.05606938776,3654.20777785714,3694.8255972449,3689.4793917551,3723.23491326531,3755.42743581633,3694.95040693878,3656.10547428571,3662.17526153061,3815.58951632653,3701.16197857143,3700.53344081633,3757.54668510204,3703.45176632653,3778.20320816327,3707.5025877551,3696.20221112245,3651.28223877551,3773.85800204082,3747.06982377551,3821.47473979592,3752.15781244898,3787.51659,3628.25238979592,3702.98357040816,3787.00148163265,3732.01715816327,3786.683,3662.08430918367,3784.39797959184,3784.65991908163,3669.41378043878,3737.99281632653,3696.82251336735,3729.84031836735,3711.74363367347,3782.76359693878,3862.53740204082,3707.32092826531,3713.87548642857,3699.76220581633,3763.08655714286,3744.80941632653,3826.80027785714,3765.60002653061,3762.84643653061,3634.22718183673,3845.09451142857,3702.04623428572,3734.37284520408,3731.17226530612,3754.22949693878,3732.26626326531,3795.14116295918,3567.50787795918,3746.85981326531,3688.66007346939,3677.23214122449,3740.79260265306,3709.36785285714,3754.23546938776,3650.61416204082,3657.41360204082,3667.91345204082,3706.39107142857,3652.28252744898,3683.40742244898,3633.30712244898,3683.38452744898,3639.02610316327,3711.57755530612,3635.67078469388,3644.75271836735,3717.68173673469,3653.69240295918,3726.78662795918,3635.19579357143,3770.22434591837,3731.20582040816,3678.59129897959,3763.77704591837,3778.69329795918,3710.34117795918,3789.79743377551,3646.19735612245,3753.64320612245,3848.25028265306,3673.40563265306,3730.14718163265,3699.75948683673,3761.56261020408,3778.95433785714,3702.52050214286,3699.40183408163,3715.76938408163,3719.30411673469,3668.1830194898,3687.26452204082,3608.05926714286,3637.01457602041,3835.03784734694,3766.28692387755,3709.19712346939,3730.22122653061,3797.63141265306,3707.5990744898,3716.49921469388,3641.58614867347,3715.54889357143,3640.60919969388,3773.44865969388,3737.45640265306,3743.80620387755,3778.18174285714,3580.38636122449,3601.41486122449,3654.09583193878,3694.05632316326,3702.85165071429,3748.49531845918,3597.77847395918,3544.82719010204,3685.50771867347,3655.06058367347,3619.65137959184,3676.89112959184,3633.11755357143,3636.95414857143,3640.19876693878,3686.44616727551,3730.11886020408,3710.19487081633,3610.82828346939,3751.44496938776,3663.26094489796,3709.41434489796,3652.5083744898,3656.45126020408,3673.95037367347,3665.83121122449,3653.73738112245,3734.70276132653,3682.29850102041,3620.36962040816,3767.10219846939,3723.09007755102,3694.50331734694,3704.84869795918,3639.77339795918,3749.69192,3788.3260822449,3676.99387612245,3728.50475897959,3656.46093255102,3726.73786265306,3790.49117897959,3706.12442102041,3692.20897102041,3720.27558979592,3655.00861938776,3692.35664591837,3817.05465163265,3618.9187822449,3708.47503795918,3762.62159,3650.73754316327,3647.04331836735,3589.98705255102,3624.21609591837,3771.67259081633,3730.35558265306,3664.79361734694,3728.54662571429,3738.50183367347,3557.2156244898,3699.91975408163,3706.9126944898,3730.89182408163,3749.67075163265,3775.29067755102,3870.22297561225,3733.33351653061,3699.59240979592,3727.53381112245,3710.34827193878,3681.43556785714,3645.27725591837,3689.33886408163,3704.63408653061,3611.51364551021,3649.02091632653,3607.89751632653,3678.25987316326,3820.37645816326,3839.01211020408,3908.17219795918,3832.44899387755,3800.91136020408,3679.16553673469,3703.21248673469,3752.80820306122,3698.60065,3782.37178367347,3779.31071530612,3848.92958204082,3776.51633061224,3706.71458061225,3748.85322142857,3816.34571346939,3796.65609693878,3751.09839183674,3720.23366051021,3723.69333581633,3675.86933795919,3680.13886122449,3714.64534122449,3700.69819122449,3662.96524622449,3675.22295122449,3741.04847602041,3738.84632908163,3682.27975540816,3731.72811040816,3659.20755551021,3706.40294193878,3716.35959510204,3754.11313877551,3776.96899795918,3768.80034489796,3699.11176489796,3710.91712989796,3697.77127489796,3758.17894489796,3666.77795030612,3733.30292989796,3716.174305,3728.72671316327,3696.44554459184,3698.77501091837,3748.67672959184,3770.31812459184,3685.08468959184,3798.35943591837,3717.67321918367,3782.04739214286,3729.54207714286,3701.51757081633,3725.06771112245,3694.14181714286,3707.08654173469,3676.50888010204,3710.10865510204,3715.69270510204,3683.34152469388,3721.40102387755,3721.96183367347,3753.73455306122,3629.40132,3728.71663816327,3742.47176785714,3782.38655612245,3713.89787418367,3806.30041734694,3715.93791326531,3680.01420714286,3797.75185714286,3707.33701632653,3705.92464744898,3769.6661755102,3677.71504081633,3688.18918734694,3655.25244795918,3799.54300755102,3608.17085204082,3695.9323377551,3635.05724489796,3667.65372244898,3816.07128877551,3738.91815204082,3745.27950204082,3716.14160204082,3739.19102959184,3763.03656857143,3702.70921428572,3825.70584489796,3769.35501734694,3748.75415204082,3628.18694183673,3728.30961122449,3629.17321734694,3704.28503132653,3681.39453020408,3705.58931020408,3766.85340408163,3666.668275,3602.96023214286,3726.54156428572,3754.90650204082,3737.20755,3617.88422244898,3621.96196477551,3619.49489028572,3711.46983673469,3701.27901469388,3643.43154428572,3622.28039183674,3754.99580122449,3782.63240122449,3652.37756061225,3696.39157010204,3714.17012826531,3714.34590418367,3641.25060510204,3727.69812010204,3683.23467622449,3686.32477857143,3649.09270857143,3740.56518357143,3713.92593255102,3668.12287755102,3629.16358061224,3684.32665377551,3650.13311581633,3648.30525346939,3748.66253285714,3750.77673785714,3718.99106734694,3575.18386122449,3633.79802040816,3741.18905102041,3644.7153277551,3805.37149622449,3744.28561010204,3771.44582040816,3746.19242040816,3667.6580894898,3724.6629255102,3752.09877173469,3690.7744477551,3672.52463979592,3818.71883877551,3682.65427653061,3823.43650510204,3743.55742142857,3699.77282857143,3751.06123357143,3723.63873357143,3786.73122336735,3726.53107336735,3643.61445510204,3626.15310510204,3629.94352346939,3712.2480255102,3693.69547755102,3669.96503285714,3630.24084285714,3718.87321989796,3751.18158153061,3747.60569989796,3729.73991530612,3731.77005408163,3746.68305918367,3666.83871918367,3689.03530346939,3761.19894897959,3689.98547346939,3725.29449612245,3686.26043265306,3751.94049489796,3795.81306530612,3730.39335244898,3692.4619055102,3712.06152142857,3686.37487642857,3734.1487794898,3673.74843918367,3707.74092989796,3660.16294795918,3814.31300612245,3721.13311639796,3692.3027215,3631.0740415,3751.2696665,3734.44141122449,3733.0387377551,3704.45573163265,3731.61795204082,3579.18155612245,3736.60968989796,3741.08405510204,3643.73071653061,3683.63911734694,3633.93284183673,3729.59987346939,3716.03612346939,3728.55552857143,3811.05492857143,3710.82933581633,3731.69245316327,3722.85089163265,3622.43726802041,3745.04413214286,3725.06827612245,3732.74768346939,3641.51685102041,3683.23354306122,3720.2516255102,3699.83547244898,3629.11696826531,3700.90401326531,3703.45739316327,3641.41274214286,3786.44303897959,3705.5204022449,3637.59189693878,3687.50974285714,3730.68975204082,3688.4698877551,3679.18253061225,3606.35997857143,3665.71292857143,3678.66115357143,3688.22926091837,3639.25199520408,3702.77018051021,3759.04246685714,3696.90734285714,3583.12414183673,3727.89993469388,3696.51063469388,3756.48840918367,3744.66320306122,3706.36326857143,3726.91164071429,3696.70585102041,3740.74159897959,3722.86898928571,3693.69320918367,3790.34141438775,3822.11204693878,3785.29369989796,3768.50139489796,3747.62361591837,3839.73239591837,3805.33611591837,3893.05429285714,3799.76552785714,3812.44639693878,3888.75523132653,3829.80743877551,3759.84100816327,3682.3492255102,3613.9021755102,3623.04551938776,3665.25836938776,3696.90897346939,3745.10514081633,3633.34824081633,3623.48751081633,3708.75416081633,3671.33163836735,3836.75281102041,3586.94340102041,3690.93130408163,3641.9528755102,3747.5334205102,3618.85799959184,3637.11730265306,3671.25250265306,3670.75402265306,3747.73479061225,3690.35679265306,3679.5055622449,3731.34981428571,3721.83567204082,3649.79834204082,3623.68532755102,3679.29173571429,3629.4372627551,3728.41428469388,3802.46549163265,3717.65858908163,3716.25113214286,3778.09935714286,3729.54396734694,3654.44735102041,3709.70456969388,3615.00287969388,3714.63108010204,3604.14778673469,3756.77529489796,3689.5132244898,3666.00063877551,3602.86339285714,3624.03944081633,3661.76854571429,3734.37411020408,3785.80065816327,3639.26348469388,3627.94610295918,3740.29344346939,3636.05782642857,3704.83218061225,3648.82748367347,3644.81519153061,3592.56375806122,3596.89976326531,3648.67447142857,3698.13016632653,3725.31655285714,3673.67986734694,3687.93804183674,3792.17866632653,3656.44704285714,3713.86526530612,3554.11212755102,3705.32552673469,3608.81535102041,3476.00325102041,3597.27293163265,3790.17799591837,3672.30419285714,3789.09997244898,3849.88692877551,3817.76784693878,3787.66482755102,3818.22714438775,3736.52437142857,3763.73270306123,3764.44533469388,3615.6973,3711.98160204082,3665.74876571429,3693.3717377551,3739.21332755102,3773.13824112245,3759.24197857143,3626.4675122449,3828.79114602041,3786.85979877551,3730.40188959184,3749.75082316327,3670.07052316327,3780.72041204082,3776.13550581633,3738.27940612245,3775.62861326531,3716.59338979592,3816.57355795918,3811.5141244898,3903.58781938776,3847.56103163265,3720.16569663265,3772.32128163265,3790.81063163265,3784.54969183674,3812.43348806122,3814.84802755102,3712.57268581633,3845.75507663265,3754.7719505102,3674.91174091837,3710.67317091837,3740.29186581633,3708.51496581633,3776.01685561224,3739.89100102041,3716.75271836735,3675.66544959184,3728.55887489796,3777.11752489796,3664.49218387755,3731.26227530612,3623.24744561225,3750.71836020408,3663.80040816327,3678.21786387755,3774.07400061225,3703.52481173469,3836.77574795918,3713.1050755102,3768.3968755102,3760.6332305102,3809.5936555102,3804.69624489796,3780.47357142857,3706.72819489796,3761.97382989796,3834.2781822449,3827.31693571429,3725.66385153061,3766.72422418367,3803.23124,3744.78379591837,3686.83379693878,3743.24497244898,3751.34724183674,3672.48594061225,3751.66696520408,3777.79913061225,3751.0506672449,3778.80638010204,3783.27713122449,3666.05764489796,3728.02232795918,3645.03109285714,3803.4637755102,3647.17186663265,3610.64607295918,3658.6430394898,3701.27045877551,3685.45550408163,3736.84674908163,3766.91479285714,3724.88727244898,3704.84423367347,3729.39910336735,3609.65768969388,3669.81121591837,3615.23053265306,3677.70667622449,3716.20636428572,3592.96897244898,3653.19548295918,3627.59406561225,3769.58211938776,3702.04005612245,3650.7933094898,3655.1685594898,3601.3883094898,3617.86755846939,3653.30673397959,3643.69111397959,3636.06976397959,3654.86882581633,3636.32827683673,3622.1475227551,3672.65145642857,3703.24609438776,3692.31725102041,3736.38783295918,3684.49963571429,3666.80773571429,3686.81504571429,3648.09178877551,3669.40984591837,3568.31454489796,3690.21956632653,3666.95371326531,3623.78702755102,3582.29861836735,3621.48657214286,3645.25139081633,3731.37510918367,3739.44709153061,3703.30601122449,3721.09002244898,3715.88553284694,3667.08753039796,3667.52344570408,3662.0777932551,3723.7359144898,3697.80404069388,3676.90099132653,3693.04387755102,3728.39495612245,3694.81630887755,3732.48966020408,3688.19193081633,3709.53192173469,3666.06187295918,3739.63217255102,3624.89897755102,3693.94991255102,3741.10310642857,3669.66361642857,3781.54363877551,3703.5469,3591.42205346939,3721.85085714286,3654.98452244898,3548.86649979592,3723.269233,3670.14459269388,3508.2841824898,3638.03271826531,3649.57996214286,3626.53157714286,3568.18026081633,3669.35516938775,3780.83125653061,3666.64507653061,3693.93247244898,3717.70926265306,3664.62090234694,3699.85402622449,3717.12020459184,3742.43855,3782.88065,3694.6499567347,3656.6228567347,3733.0690367347,3628.43266632653,3733.83422908163,3679.46480408163,3649.60179908163,3673.55374897959,3597.77838469388,3601.28079897959,3734.46750204082,3647.51544285714,3757.96062653061,3675.46630306123,3665.71429591837,3616.20619591837,3806.41409285714,3739.62285204082,3738.1934544898,3693.87585816327,3622.64410928572,3648.69186826531,3787.92905918367,3647.49105520408,3710.13935918367,3653.93204285714,3644.98888244898,3687.3498544898,3689.8509744898,3663.0258755102,3724.49005306122,3668.37620853061,3654.61834704082,3692.68117714286,3712.8992,3665.31039081633,3710.67038081633,3703.80376877551,3716.27454265306,3622.78330081633,3752.52339285714,3625.01035918367,3719.78839377551,3732.42589183673,3761.4457,3704.13550714286,3714.8912744898,3714.87870102041,3707.13529489796,3705.44466020408,3861.51807857143,3721.96614918367,3804.57639183674,3584.69187551021,3640.1713255102,3682.82093571429,3729.22664306123,3697.93277591837,3658.88033540816,3788.66079510204,3725.43776836735,3698.71509979592,3740.09177142857,3773.49722040816,3719.73685469388,3716.24017306123,3777.60521020408,3631.85256653061,3779.56812653061,3711.08457530612,3615.94477142857,3663.6277,3712.69379765306,3616.05017591837,3722.50295091837,3635.23109326531,3753.19999795918,3759.07654959184,3684.89308836735,3708.78455,3721.06385418367,3724.33933265306,3659.42369030612,3633.58558622449,3666.95605357143,3775.58483214286,3760.93689040816,3726.21125612245,3699.61279285714,3722.98553469388,3720.98805612245,3691.55121020408,3786.15660102041,3710.84426744898,3710.43843479592,3600.14446244898,3730.28279693877,3749.87324693878,3763.48308806122,3821.28720306122,3662.5313122449,3787.94760204082,3710.12755204082,3657.06048979592,3759.72389484694,3735.29546530612,3672.97041734694,3743.28822959184,3795.20867459184,3652.98512836735,3624.50401336735,3747.60334897959,3736.11822581633,3787.26942377551,3693.51368877551,3721.94178367347,3742.66986826531,3649.00977336735,3687.80566632653,3740.38454081633,3698.80862142857,3594.62557755102,3668.60290612245,3704.29697959184,3681.81962959184,3652.43020459184,3692.30390959184,3634.88787857143,3681.14743367347,3658.72876928571,3677.51552826531,3609.36101326531,3593.56927489796,3572.94504734694,3581.87026020408,3591.02111122449,3769.78335204082,3694.26788020408,3741.59398510204,3781.89865204082,3705.2819205102,3670.7903305102,3653.47731683673,3675.16065183674,3692.75752040816,3689.73408387755,3641.39040081633,3710.75043193878,3774.192785,3729.99171530612,3715.04202346939,3651.57641632653,3627.67593163265,3667.99658265306,3740.20011122449,3743.51245714286,3670.20293673469,3704.71597040816,3696.05348163265,3751.78548826531,3692.74551326531,3659.80443673469,3725.0674377551,3701.11153571429,3722.1476122449,3680.98925122449,3701.88314408163,3812.53612755102,3783.76233244898,3872.36409081633,3841.03869081633,3687.78238265306,3808.71685306122,3721.87754867347,3695.82885867347,3716.5476,3631.2813,3745.02358673469,3681.85423673469,3774.80083673469,3718.00235061225,3831.15210102041,3752.01080306122,3707.34305408163,3752.19093673469,3745.32836836735,3681.03076122449,3693.73764081633,3675.66257331633,3555.38049071429,3730.18197744898,3754.9908255102,3699.66514479592,3657.4529827551,3721.11898357143,3813.28828357143,3696.5721627551,3671.88231846939,3800.40785642857,3657.44423010204,3721.36043204082,3649.29961265306,3707.11233061225,3769.50129714286,3788.68829581633,3722.07014581633,3689.72875081633,3819.61250957143,3737.01750885714,3740.85109183674,3769.68115183673,3866.00909183673,3831.23414387755,3792.86343673469,3677.60010102041,3713.32100510204,3648.3519122449,3635.688235,3717.7878755102,3746.9484244898,3666.61254877551,3735.64867306122,3672.54761806122,3801.1484755102,3567.05564142857,3686.31339795918,3691.68674795918,3706.58419897959,3670.75714285714,3710.53757285714,3645.79589285714,3756.50767877551,3792.46693887755,3766.89019897959,3791.24967040816,3779.88227040816,3765.28333061225,3819.90278561224,3802.10063571429,3771.63095806123,3663.89844897959,3726.85763397959,3714.41028387755,3775.04608469388,3686.65473571429,3675.44065071429,3624.08173367347,3649.30351326531,3692.07182040816,3749.71859,3806.39162346939,3793.47443704082,3755.97851428571,3711.02005918367,3715.43660612245,3698.14466836735,3591.60052653061,3728.81241326531,3673.9873744898,3767.58424010204,3738.43125744898,3680.63475867347,3736.23545867347,3608.98831530612,3685.82414806123,3576.11369704082,3654.25858877551,3707.46807622449,3848.49089408163,3689.60580816327,3732.56570265306,3666.01411897959,3672.32651947959,3659.64749867347,3735.5372527551,3662.43274153061,3741.55786020408,3614.75312244898,3729.89218571429,3709.96113367347,3697.97833979592,3694.54084795919,3711.23596234694,3683.39866602041,3734.34835081633,3794.54127653061,3781.46846153061,3793.15676326531,3824.79293469388,3689.82362755102,3711.60302346939,3693.41328469388,3644.79523265306,3752.15448265306,3706.24098469388,3755.49974285714,3645.32286122449,3673.60921734694,3665.38289489796,3719.92148061225,3682.53254591837,3611.36978591837,3664.48640306123,3649.99743989796,3659.45165316327,3657.49634591837,3584.10601306122,3719.25979693878,3673.14335204082,3673.95269295918,3734.30240081633,3686.83772530612,3668.60389591837,3688.81579591837,3628.35512857143,3710.77521428572,3710.65143428571,3810.60457040816,3687.71879295918,3720.35499397959,3633.89605306122,3746.45859081633,3696.43260612245,3689.15003877551,3776.02959316326,3632.66465306122,3744.63707010204,3771.86246122449,3688.81268316327,3721.22265816326,3706.24120918367,3699.39685306123,3756.75033877551,3744.33589540816,3678.19131428571,3670.06415326531,3695.37884040816,3709.02493153061,3681.28220193878,3700.31817040816,3620.64499591837,3725.17116326531,3756.74736326531,3771.45808163265,3833.50684897959,3748.76832061224,3568.7560572449,3672.22384183674,3752.96772755102,3660.23686530612,3694.45233265306,3747.98522346939,3800.17322346939,3784.83455918367,3695.97750336735,3801.53048591837,3694.50116683674,3748.69996357143,3709.80593857143,3716.96720857143,3719.49448428571,3791.18500020408,3714.91128265306,3879.03698673469,3901.34476020408,3838.32499387755,3839.2639255102,3889.49807142857,3747.28282857143,3695.9471877551,3785.52525816327,3788.29062142857,3793.1585744898,3767.95942969388,3756.66671326531,3787.45579734694,3763.43627897959,3815.53382612245,3730.95730193878,3735.32720663265,3843.59273020408,3952.19046520408,3687.46802959184,3759.26072704082,3771.95367959184,3649.51675612245,3633.37980265306,3577.32482081633,3660.19170112245,3828.84837255102,3726.39353255102,3802.24558673469,3770.56146693878,3718.00783469388,3740.7704744898,3732.93365816327,3659.50786734694,3599.33606734694,3662.22964285714,3769.44754897959,3678.39304897959,3765.40804897959,3763.42195091837,3675.7519,3671.83235918367,3574.58133959184,3605.99589081633,3725.32339897959,3687.99382040816,3667.24150816327,3675.7131655102,3751.26258632653,3654.3049144898,3711.00775326531,3727.32153163265,3762.92151020408,3797.52256326531,3785.09007040816,3746.56981428571,3752.83905510204,3762.73300510204,3766.04531132653,3821.26398173469,3803.95490306123,3937.97346091837,3912.9182277551,3980.13413040816,3705.34560540816,3678.1236644898,3734.57798806122,3837.10097346939,3786.43169693878,3744.00404969388,3697.48939969388,3715.07507928571,3709.96124663265,3705.88385714286,3626.6797377551,3665.08985408163,3584.16483061225,3634.39818469388,3612.54540846939,3642.86916571429,3680.27568602041,3756.39422653061,3693.40864795918,3629.42994489796,3691.12712755102,3810.57665204082,3759.65184183674,3765.69306836735,3733.18495816326,3678.22150612245,3674.68192663265,3691.43215204082,3761.75481357143,3782.77999071429,3803.31652959184,3824.5368744898,3696.20516622449,3723.73032091837,3708.9754277551,3676.28866836735,3684.41983336735,3731.53020510204,3652.81693367347,3608.5134,3571.2751877551,3638.43370632653,3690.65373608163,3835.75484795918,3778.81589204082,3753.90211836735,3707.22808163265,3704.01412163265,3817.01478877551,3758.1751255102,3671.83742959184,3688.51596530612,3673.80836326531,3592.19706836735,3606.71947836735,3666.50999591837,3743.63490510204,3674.74021163265,3646.07019081633,3642.20606938776,3660.58826326531,3655.01148040816,3764.92450244898,3788.37287734694,3799.50838387755,3778.22174756123,3763.55975306123,3714.13298836735,3769.12499816327,3666.87825653061,3875.68238581633,3753.69994081633,3690.88830142857,3724.48651469388,3743.31472469388,3763.13965602041,3764.97391622449,3755.28711285714,3795.70106489796,3712.48437489796,3719.91895153061,3776.03309326531,3608.13798714286,3626.00026877551,3749.47316163265,3738.13435244898,3755.61723,3842.87507897959,3765.05094377551,3775.22662006122,3795.26138285714,3687.74423846939,3734.05897469388,3761.53140969388,3719.52408,3770.80783040816,3824.77192479592,3714.32610285714,3681.30711908163,3688.8430644898,3658.9154744898,3738.74676122449,3736.71850714286,3802.78740306122,3736.97971836735,3800.63936836735,3778.15312653061,3887.08221836735,3762.14561836735,3692.55753806122,3701.60367112245,3715.42241,3691.16829418367,3641.09169397959,3640.89063969388,3710.24199081633,3757.71274306123,3769.47015734694,3748.2964277551,3734.11112244898,3646.35465306123,3661.14133469388,3685.23229520408,3739.08624551021,3750.59681938775,3673.87232377551,3799.79049704082,3745.80224795918,3726.74510714286,3616.29724244898,3722.8519244898,3744.7816244898,3764.12266632653,3779.46786632653,3741.17215102041,3677.38051020408,3716.10326004082,3655.41341371429,3875.05173673469,3807.20829897959,3829.5747244898,3779.51337887755,3884.27144285714,3833.99479367347,3748.39241244898,3744.97557765306,3723.37398265306,3702.69898510204,3754.33146244898,3769.25169653061,3713.8851255102,3768.19676836735,3826.07934795918,3726.57416326531,3731.97027959184,3687.47327755102,3627.93607755102,3712.59829091837,3692.21737806122,3736.12003214286,3719.82800540816,3734.06893326531,3835.65537132653,3842.5214744898,3755.29256326531,3696.26925816327,3780.80192183673,3679.10655285714,3655.62675285714,3700.54567785714,3681.4795115449,3650.33384552449,3714.63808857143,3733.15935714286,3571.72509183673,3676.43132040816,3685.95618857143,3704.47305214286,3766.96551663265,3755.31785418367,3731.67506316326,3731.10130816327,3805.94863204082,3676.89174704082,3646.27083010204,3672.92984010204,3749.33391091837,3654.06291357143,3655.92577857143,3724.99704357143,3669.90319693878,3615.87333387755,3677.6031227551,3639.25225295918,3701.31565295918,3785.50439989796,3628.91840714286,3659.47562918367,3574.34393979592,3692.03985204082,3625.58522755102,3622.76399969388,3693.44351979592,3709.38912387755,3606.99805408163,3632.91241418367,3648.66395479592,3673.57613265306,3703.61910938776,3613.56882908163,3647.06736836735,3715.86795816327,3656.19814183674,3766.79173091837,3743.57432071429,3720.47531571429,3640.36801918367,3643.11238469388,3684.75485336735,3632.29878061225,3643.56426938776,3757.8910172449,3736.48932990816,3622.33058877551,3764.52158346939,3688.29349112245,3691.05424663265,3692.01830163265,3665.70095857143,3680.04885857143,3670.40802857143,3656.42232857143,3660.50607040816,3667.18188265306,3668.15475102041,3639.81531602041,3707.59693826531,3656.35753040816,3661.35250540816,3622.34400704082,3563.87575510204,3680.35148061225,3692.88871081633,3690.19745102041,3681.44942755102,3708.71904897959,3740.26194897959,3691.10634897959,3728.50459765306,3683.33260530612,3730.17554591837,3708.71632653061,3705.24409153061,3683.60502653061,3747.51718173469,3740.18774285714,3766.21029908163,3781.66045244898,3788.69875102041,3713.77320102041,3742.25836755102,3707.67282887755,3648.77834387755,3829.789085,3659.00807,3711.0424822449,3699.6570322449,3739.41957408163,3580.28306806122,3663.58263561225,3658.0330319898,3632.75756163265,3535.22163061224,3626.50228877551,3751.04693163265,3813.21512857143,3704.62002857143,3618.22377163265,3710.01722653061,3596.77862704082,3729.01812704082,3751.96572040816,3734.73221428571,3728.61714371429,3678.48705632653,3816.82131020408,3698.39630408163,3691.87975,3709.765625,3687.78636530612,3674.1464244898,3742.55385510204,3663.43721530612,3743.08567653061,3670.24473908163,3734.71857693878,3703.2963,3758.53115816327,3714.9123744898,3705.76418061224,3758.05631632653,3749.24337122449,3691.12182346939,3687.93273346939,3734.07588673469,3798.05739591837,3727.11441989796,3864.36989408163,3788.08457510204,3808.12186326531,3769.91518061224,3762.60658428571,3739.81300418367,3776.00340622449,3824.15353979592,3952.57603642857,3799.83263469388,3745.91093163265,3723.02467653061,3743.39742785714,3743.46859387755,3798.83103265306,3751.32191204082,3711.31230102041,3733.90683102041,3728.01026255102,3682.23729214286,3748.00679316327,3706.08477367347,3610.19003857143,3696.17085306122,3755.61187928571,3642.81821,3730.14811581633,3734.39464163265,3693.64480612245,3688.12733612245,3707.05107040816,3670.80692061224,3834.23373387755,3812.44258591837,3621.03904091837,3772.619955,3661.8629622449,3684.71401938776,3652.48347928571,3784.67215642857,3634.44938387755,3819.59717918367,3772.97071816327,3781.76790010204,3747.0967755102,3782.36339816326,3707.87718744898,3619.16577442857,3669.42990714286,3664.70661428571,3655.82898061225,3683.35163061224,3656.54494081633,3660.82359438775,3696.99383918367,3608.83164336735,3671.950361,3620.30873855102,3638.27558571429,3862.69430918367,3737.17749755102,3783.51893979592,3723.9767,3690.98339520408,3715.43844591837,3795.71568265306,3674.26381918367,3658.45555204082,3636.56646326531,3775.17053326531,3698.66013326531,3749.78792908163,3756.73877428571,3729.45786428572,3640.15182806122,3750.75945765306,3754.19915091837,3693.18181928571,3687.66103091837,3796.01731857143,3808.13062367347,3704.20564714286,3689.40357653061,3702.53406530612,3692.78114234694,3750.05379234694,3776.91535714286,3844.85449673469,3752.37705173469,3753.35804285714,3731.74714397959,3720.1743755102,3692.81997653061,3725.78758469388,3732.60239346939,3747.7984244898,3745.50571836735,3804.98963979592,3729.31839979592,3725.06550979592,3824.62202602041,3736.96979183673,3757.44786020408,3713.73153979592,3781.67831816327,3807.93016744898,3803.03412632653,3783.41008979592,3715.18555102041,3697.05081938776,3756.73230816327,3694.0341527551,3738.33545173469,3742.28514591837,3689.77513367347,3799.09992183674,3613.64675510204,3710.61082959184,3656.40596734694,3745.36452540816,3774.90992040816,3737.99206326531,3696.09182755102,3760.24532755102,3735.25878367347,3887.58338040816,3800.60134214286,3713.48442785714,3704.36270091837,3731.03056938776,3669.43191173469,3739.00109040816,3806.48821428571,3700.73958846939,3741.33138846939,3720.88198163265,3611.25900408163,3640.98445408163,3605.47041408163,3686.52996836735,3655.84996204082,3738.10729591837,3610.79342653061,3840.57386122449,3702.27151020408,3711.22856357143,3720.8117044898,3679.97021122449,3636.19205479592,3692.6555255102,3647.1315622449,3678.25628469388,3643.49583163265,3699.96244214286,3661.08270132653,3751.55188632653,3672.78636877551,3674.08098877551,3683.36698877551,3684.58058061224,3774.19462561225,3767.58132153061,3814.88104653061,3744.40431734694,3743.70516734694,3672.63978571429,3635.00893367347,3684.51517346939,3689.42057673469,3731.98502673469,3670.76690173469,3681.65233265306,3818.88810816327,3780.5487122449,3785.47123663265,3669.05239795918,3710.87144795918,3680.6190877551,3653.49159489796,3702.75891734694,3672.58688571429,3600.8184792449,3676.85935918367,3713.65304918367,3796.4264827551,3581.62482663265,3824.55867571429,3724.66182938775,3694.55130765306,3846.16276673469,3755.66223632653,3749.56252295918,3689.99151520408,3690.31274785714,3791.25366285714,3703.33381295918,3784.87092551021,3871.51132214286,3777.72235816327,3669.58661428571,3711.69197244898,3792.68629591837,3722.42935204082,3773.20264387755,3678.26878877551,3749.86237959184,3745.19570653061,3748.40626836735,3748.86258622449,3687.51344489796,3724.45057857143,3693.32863061225,3665.90631836735,3670.75131836735,3663.88011122449,3611.31100622449,3686.25495918367,3659.91483877551,3581.49243163265,3622.25614622449,3600.74934244898,3675.93240091837,3519.4968027551,3707.57215132653,3563.85896632653,3723.35486663265,3676.13227561224,3780.34123408163,3699.61749632653,3814.17599459184,3724.61715102041,3711.74037357143,3594.40965581633,3752.27309387755,3661.27527959184,3659.65327959184,3666.06329693878,3676.66202102041,3702.54987102041,3697.36384214286,3642.93393734694,3629.12344081633,3733.11794285714,3685.48373081633,3630.60190918367,3643.33120306123,3723.14724706122,3773.59646122449,3655.33201255102,3787.67342785714,3758.90631122449,3651.1530544898,3775.09098357143,3718.34742755102,3687.80614795918,3702.43292653061,3815.95041683673,3803.65302142857,3817.9474455102,3799.81660387755,3844.77933173469,3758.40208173469,3765.80528673469,3766.50437040816,3655.28659040816,3770.97050908163,3723.90486969388,3809.82593408163,3748.47279928572,3766.56943938776,3710.21384326531,3841.03548908163,3803.37345,3816.79333091837,3757.64143091837,3738.14806255102,3808.16342581633,3679.38428571429,3686.49404081633,3615.27000408163,3709.90688367347,3676.93457244898,3829.49648265306,3694.64757408163,3698.071045,3655.24187489796,3593.87043367347,3638.71595734694,3682.99627346939,3659.62284183674,3656.76148306122,3696.03300714286,3689.37476928571,3656.64432142857,3740.68776734694,3937.85752346939,3768.19588877551,3732.05456489796,3767.26691489796,3718.85496285714,3814.31344285714,3760.13879540816,3902.14129040816,3718.84585673469,3785.46920673469,3814.47864908163,3717.34494214286,3781.92671010204,3777.54792265306,3707.62223897959,3769.31742979592,3640.73413979592,3699.93928979592,3692.61639081633,3671.95403510204,3642.38013642857,3704.08387897959,3768.61437142857,3729.91432142857,3660.55591632653,3622.07895510204,3700.24942755102,3690.02230469388,3720.17749591837,3651.7351877551,3739.65741326531,3699.44968510204,3637.592025,3692.15539081633,3692.17438387755,3738.51482887755,3740.13043163265,3722.03251530612,3600.79750622449,3655.98326030612,3653.96647581633,3672.29290367347,3708.74182642857,3661.05431540816,3714.55354285714,3707.59449061224,3758.40750397959,3827.04712897959,3701.36830030612,3771.77379704082,3632.90464571429,3670.38973265306,3710.11011938776,3767.91934397959,3722.75156326531,3677.22588469388,3722.7677622449,3670.06452142857,3647.17007071429,3681.15402071429,3711.25858571429,3650.44939795918,3643.2942244898,3742.8903177551,3749.24411428571,3746.93339581633,3753.21649081633,3794.53122142857,3761.75325714286,3688.42516734694,3651.35875102041,3695.75454102041,3747.78767244898,3789.29327244898,3752.21927612245,3755.38729795918,3766.18070122449,3728.50332969388,3782.23345612245,3864.98605,3824.734375,3743.47862673469,3815.56132673469,3699.51011938776,3767.84612040816,3792.51154183674,3729.82031867347,3666.89930306123,3759.56661806123,3791.14234030612,3753.16426530612,3709.66106428572,3607.25946530612,3758.13639183674,3658.02178867347,3601.48261959184,3725.32713673469,3673.19987244898,3714.51788755102,3651.55477346939,3671.26259795918,3719.52640918367,3695.20485918367,3639.57098367347,3674.53318206123,3732.88353306123,3685.06091122449,3742.2363877551,3724.23757244898,3715.59997244898,3734.62656428571,3615.39418428571,3722.65625571429,3644.88634612245,3684.40870816327,3712.61242938776,3632.42912663265,3709.96604183673,3637.79395510204,3629.99247010204,3619.15977704082,3742.40145704082,3722.99332163265,3693.55118489796,3674.87686132653,3620.48233193878,3795.90628673469,3752.55683265306,3761.21411244898,3664.65408744898,3717.50851908163,3669.91369897959,3660.61486428572,3713.7612022449,3681.90933163265,3675.68403061225,3712.14608561225,3611.34063959184,3692.81801122449,3703.28632755102,3779.17391122449,3691.3021744898,3688.12086122449,3657.71863418367,3653.90842897959,3770.97879081633,3789.66456734694,3650.49819693878,3606.17894387755,3786.19981,3796.04890408163,3699.45199561225,3674.64229571429,3777.54562745918,3779.94049816326,3552.1842355102,3749.7124855102,3602.42835102041,3745.25149081633,3800.21628979592,3704.49314123469,3783.56154489796,3729.53594897959,3727.52843673469,3677.98478673469,3759.60538897959,3743.98202469388,3759.9576022449,3823.8586222449,3723.89518877551,3659.76653061225,3631.08384795918,3649.77152653061,3692.47501734694,3677.00566326531,3717.75828540816,3723.33354040816,3694.64875214286,3683.83193469388,3717.54224183674,3879.94623969388,3809.81876769388,3786.47563469388,3803.61290306123,3719.66560377551,3699.86130265306,3656.79542408163,3732.91761530612,3677.08881469388,3925.65942653061,3843.24941979592,3772.46167316327,3735.98924989796,3804.94912857143,3719.109,3772.05088061225,3823.53700795918,3735.31092755102,3734.20016734694,3713.36047153061,3749.20544397959,3701.66968989796,3687.07816836735,3725.324515,3689.7769244898,3638.14658285714,3706.59377428571,3753.46518887755,3639.17933673469,3815.52789285714,3748.34470408163,3705.37125408163,3685.41609357143,3653.97827142857,3602.90471520408,3678.87306836735,3712.15920510204,3710.41388093878,3730.60439387755,3780.42559969388,3708.30753989796,3751.15811438775,3712.63127561225,3672.42467561224,3693.22187346939,3660.24723061225,3660.93448377551,3663.68629081633,3771.98922857143,3654.3664244898,3792.62775714286,3665.41984897959,3685.23281020408,3642.95428571429,3675.75150591837,3728.13777091837,3647.94650826531,3630.98423826531,3561.86721479592,3668.75143040816,3687.38538561225,3722.52625632653,3743.54589928572,3562.77142346939,3680.62512428571,3710.56881102041,3710.95319673469,3697.47595173469,3634.28034081633,3729.48449081633,3811.33778469388,3733.75378367347,3678.10695204082,3704.21566530612,3691.25340132653,3800.05248459184,3598.98103877551,3629.89632193878,3807.32800387755,3715.23796020408,3770.02071408163,3783.13212857143,3723.10998265306,3700.02702346939,3715.41454795918,3684.76585306122,3667.5434377551,3623.69589183674,3584.69790408163,3650.46530653061,3736.49336816327,3748.88670204082,3734.82790785714,3686.02355306122,3700.44775020408,3649.11987857143,3634.79924020408,3674.88277367347,3691.87485367347,3652.33376826531,3665.05450652041,3740.29191876531,3698.3346010102,3638.33535388776,3775.03670031633,3615.2625267449,3661.26878154082,3675.27179266327,3777.90433163265,3649.43728642857,3722.71072806122,3690.93856428572,3664.40117653061,3677.59997653061,3710.63924285714,3772.61670102041,3738.71353265306,3827.21283265306,3829.83094081633,3701.55698673469,3722.59379285714,3648.14384489796,3661.49642857143,3580.15234693878,3703.33943571429,3694.12356081633,3803.72798734694,3810.39884244898,3716.58122418367,3688.77267857143,3673.52844285714,3656.46948918367,3706.14104020408,3770.72046091837,3770.18045887755,3714.54832653061,3661.59843785714,3701.43049693877,3660.34515918367,3698.39326326531,3698.98296888776,3758.59315572449,3798.41627816327,3663.40834183673,3727.15205367347,3705.11188653061,3644.91731418367,3671.7152877551,3663.0992377551,3688.03642959184,3637.08170612245,3714.0932655102,3708.39467785714,3723.99379173469,3750.62414673469,3770.54707040816,3785.24150530612,3680.68282836735,3774.09650061225,3748.69931928571,3756.96386082653,3778.35123928571,3735.09417561225,3724.57161428571,3752.34606428571,3685.26071428571,3685.95041938776,3697.57667673469,3691.6715277551,3735.00458591837,3855.28581653061,3782.75704173469,3696.86701520408,3720.54801020408,3724.11785377551,3760.62968163265,3690.06997193878,3744.14598265306,3756.46956755102,3749.52634387755,3715.68002244898,3799.40538588775,3794.74911938775,3817.65536734694,3754.70194387755,3649.76661734694,3795.29022244898,3670.21782244898,3703.27265142857,3597.78900153061,3618.28363653061,3679.69098367347,3696.95641397959,3752.37576428571,3642.03089663265,3668.66199387755,3855.03735,3851.67885,3651.19013367347,3699.33023367347,3769.77388673469,3871.16188979592,3802.47772142857,3843.49502959184,3793.4400772449,3802.1480272449,3847.71415141837,3786.51124029592,3744.20674029592,3874.06178754082,3862.06674743878,3906.97627193878,3953.63806193878,3955.053195,3933.612495,3711.62783132653,3837.87548132653,3751.19569020408,3695.34268316327,3727.5633472449,3756.71439704082,3727.70582704082,3791.36670469388,3792.75252744898,3638.40111938775,3654.24695755102,3622.26722530612,3713.13300540816,3809.98531663265,3771.02361326531,3859.35725061225,3769.76617061225,3752.16947561225,3697.72555153061,3757.89047653061,3664.39236734694,3772.14669316327,3745.21161316326,3771.92715316327,3792.46096816327,3758.06328673469,3724.17987602041,3683.83925102041,3688.60037040816,3747.66977040816,3613.96136326531,3633.87133979592,3751.18757765306,3671.69667755102,3778.22405408163,3637.64036326531,3622.9267894898,3735.73512346939,3668.07271193878,3664.88907443878,3702.56048469388,3741.72635,3797.69894081633,3733.5570122449,3703.65351734694,3654.53736734694,3744.72999183674,3650.11950602041,3580.85500285714,3656.34167683673,3702.39905816327,3737.1747377551,3726.9120377551,3725.0764877551,3693.48929663265,3695.04522132653,3694.09694387755,3657.58672377551,3688.18663571429,3601.85673265306,3700.50330714286,3732.3107255102,3780.19489316327,3741.624,3640.34025510204,3661.56555979592,3673.39859765306,3638.19573061224,3640.41264969388,3572.92666836735,3623.28321530612,3638.31994357143,3791.45385071429,3751.5858055102,3763.14116836735,3693.10595612245,3678.19315612245,3648.49641020408,3745.00762234694,3710.62991071429,3783.57715928571,3620.49614928571,3698.18297285714,3696.24704693878,3606.97976836735,3701.81219479592,3679.10787755102,3774.80692755102,3682.20735979592,3721.12285744898,3632.47842571429,3787.80475085714,3732.14729285714,3700.19105357143,3679.53445020408,3769.55837193878,3774.65462193878,3761.21359306122,3787.79705306122,3662.49618540816,3676.73435510204,3797.30610510204,3748.01099183674,3822.84785581633,3837.9987494898,3747.67812081633,3702.05345010204,3695.42849867347,3733.6052677551,3659.81674795918,3767.46386195918,3678.29619195918,3753.05535714286,3761.64435214286,3648.44151326531,3590.55696326531,3685.37521683674,3709.57812367347,3774.55641020408,3761.85253418367,3745.87658918367,3673.9737572449,3742.54554459184,3876.56020806122,3881.85582306122,3799.45095806122,3704.43411530612,3614.90808265306,3686.0481377551,3788.97367142857,3683.24991744898,3773.34619785714,3665.72218357143,3730.1530427551,3791.8919827551,3724.10833061225,3707.27624693878,3729.45861326531,3737.31417040816,3732.47050306123,3647.0869322449,3689.8136877551,3745.68084163265,3798.269,3689.51500122449,3636.63642040816,3695.68487040816,3580.96218795918,3699.46750306122,3782.22292959184,3773.25803877551,3634.90700408163,3585.45195897959,3644.31810204082,3705.60186,3765.93977377551,3707.91621632653,3708.04827857143,3621.64306795918,3555.29585612245,3547.1935555102,3653.93445918367,3637.70610918367,3625.59338,3705.49709489796,3668.18893163265,3759.47479591837,3690.84388877551,3743.0987572449,3663.27466887755,3654.64573571429,3708.51199591837,3761.41040102041,3709.87279285714,3689.00889887755,3736.3862227551,3709.7824727551,3729.31956755102,3784.04692989796,3738.08494663265,3637.45010683673,3679.27996142857,3754.90679857143,3702.12789704082,3680.64545204082,3596.48274897959,3665.62416632653,3729.69622244898,3617.6748377551,3690.0584277551,3643.61773033674,3642.91988033673,3720.71669183673,3671.95802377551,3615.68214336735,3729.49353469388,3730.59415642857,3707.00370142857,3754.91049265306,3774.73564979592,3739.48701428571,3786.69647653061,3813.70368061224,3754.02390510204,3723.90331326531,3800.31917316327,3667.47725918367,3788.30045918367,3740.11001142857,3726.08878469388,3739.17243244898,3720.23603571429,3668.12801734694,3709.00521428571,3811.48365132653,3716.36690132653,3781.42328571429,3698.14599183674,3681.725,3618.3728,3597.07387244898,3789.10665214286,3770.78827255102,3756.66972346939,3706.25885714286,3620.9794255102,3637.27728173469,3699.43458173469,3705.86328173469,3627.07449265306,3667.12367510204,3709.85184265306,3675.06191734694,3763.11786306122,3659.32669806122,3678.85651295918,3797.04871244898,3666.17201794898,3655.35761794898,3681.70858061225,3711.98040408163,3734.26950306122,3815.32605306123,3512.84693826531,3685.39610326531,3677.46481040816,3704.5285127551,3807.19667887755,3717.42055071429,3654.63106520408,3671.20155612245,3642.34650714286,3591.12959091837,3679.60379091837,3698.00114979592,3734.28189622449,3745.9111605102,3818.74159693878,3844.7796,3762.88385102041,3727.29874938776,3783.60671938776,3732.39100102041,3761.08747612245,3711.42790030612,3649.46346122449,3729.06430897959,3670.51345142857,3725.73171622449,3684.04235163265,3779.41874479592,3831.44804928571,3757.62092510204,3716.04820877551,3716.792255,3665.10378469388,3714.42527346939,3732.23441285714,3701.36506836735,3556.38772653061,3662.44359591837,3707.49970244898,3704.42999744898,3745.01230459184,3725.44980846939,3764.66376765306,3700.30101744898,3672.51482244898,3686.84474387755,3654.72593163265,3635.23685204082,3557.32902653061,3720.52755887755,3713.3139377551,3778.2233244898,3609.64754183673,3783.04486326531,3659.18861857143,3793.47437653061,3798.51806836735,3770.89690795918,3706.10974795918,3721.48207142857,3722.01416122449,3695.52861734694,3661.98658979592,3677.0111122449,3654.45335897959,3687.72305918367,3753.69122755102,3716.04444826531,3651.10483602041,3685.22600132653,3787.68400336735,3754.52441561225,3660.93387377551,3621.71871663265,3769.28886214286,3696.33776316327,3738.84409377551,3776.17933877551,3772.46149183673,3649.10703653061,3722.9439744898,3653.6086694898,3779.05147765306,3679.19526908163,3668.36631428571,3653.23555612245,3694.51602142857,3642.69122979592,3655.54964755102,3685.41954765306,3714.87922214286,3749.20099459184,3806.94422959184,3815.40788469388,3766.68886102041,3833.35045571429,3863.31490918367,3814.18781734694,3855.87175295918,3787.52061938776,3856.90814897959,3841.82265173469,3858.77644877551,3811.53244112245,3809.86380714286,3855.03186938775,3780.85707938776,3675.20570408163,3702.87400408163,3636.15298877551,3678.67633877551,3748.57633877551,3716.51944489796,3815.91019489796,3842.49995102041,3787.26940765306,3677.76118612245,3669.95929204082,3685.21112755102,3612.77634326531,3669.03764387755,3706.04484295918,3803.63425918367,3718.89954795918,3728.55519795918,3694.17292683673,3695.61358061225,3563.90056061225,3684.39341122449,3807.58643204082,3694.95894387755,3584.28441122449,3644.14320102041,3728.09834591837,3710.0537244898,3689.51169387755,3748.77047346939,3716.29482959184,3677.9552122449,3675.98679081633,3617.1106944898,3671.59144214286,3677.92547857143,3773.65616020408,3693.3204622449,3665.7639297551,3703.1945442449,3670.39322791837,3672.85355265306,3636.78428265306,3726.27166091837,3756.26833285714,3673.97276204082,3685.72848755102,3656.63637510204,3641.36391602041,3689.41858469388,3643.91193469388,3623.89486734694,3723.00181336735,3689.43525336735,3673.27612061225,3670.26043704082,3742.25027104082,3681.07702857143,3841.79912010204,3734.24144255102,3776.84622622449,3690.78774163265,3814.83234653061,3654.918045,3776.63791693877,3695.63106581633,3735.26241540816,3619.02975571429,3683.67074183673,3637.78291438776,3740.11541476531,3714.18147510204,3694.25279183674,3649.94644667347,3679.80034795918,3580.89781959184,3684.98708520408,3671.62481428571,3782.25926428571,3663.58627959184,3719.40360530612,3755.13913367347,3816.07909367347,3746.15572795918,3754.52847632653,3722.13689061224,3657.87199102041,3758.35975591837,3784.00425306122,3750.51407102041,3803.89849591837,3804.21762214286,3780.69427755102,3735.66613367347,3769.36303673469,3708.33561836735,3793.11960204082,3755.97829,3645.45034,3778.97319938776,3711.12359020408,3739.30050918367,3688.7717944898,3737.83518673469,3675.80507040816,3709.66862244898,3781.45047051021,3866.18139489796,3781.6204244898,3790.06902040816,3800.72394183673,3794.31323265306,3719.93548153061
418.285714285714,4118.78941428571,3956.64577142857,3993.79115,4192.97565714286,4113.22075714286,4098.35517642857,4186.57422642857,4140.32817642857,4128.44044071429,4228.74274071428,4208.76950071428,4087.60206357143,4165.24612214286,4119.854065,4118.48415,4145.86773428571,4170.89009285714,4041.66174285714,4151.83667214286,4167.19768964286,4134.55152214286,4124.06884857143,4079.12069285714,4113.70785142857,4103.50618571429,4216.61996142857,4227.93942142857,4288.54625714286,4049.14343028572,3999.28935785714,3969.91396428571,4120.035935,4123.13544785714,3980.14997642857,3867.536145,3946.79535642857,3973.68949071429,3957.59758571428,4061.58517142857,4049.24251428571,4012.05674428571,3970.17696571429,4109.73803714286,4130.95486428571,4099.31972642857,4267.89068,4160.003,4223.54748071429,4093.12914285714,4064.51002785714,3787.21062785714,3802.889179,3729.508404,3789.174164,3721.78524428571,3884.46144428571,3772.45799571429,3821.06019428571,3750.83754857143,3756.65017714286,3839.54969142857,3801.30639285714,3853.33196857143,3799.55933428571,3843.69253571429,3839.74271857143,3776.32994428571,3853.94077,3756.81118428571,4027.46766142857,3929.87337142857,3879.45424292857,3842.26635642857,3831.90917357143,3809.53616857143,3930.69386857143,3904.51963571429,3884.22235857143,3825.13019071429,3994.66225,3902.85283857143,4057.924045,4024.57741,3933.69937357143,3859.22231214286,3901.99470714286,3912.29202714286,3858.69357714286,3803.48809142857,3843.21388,3906.45974285714,4037.28405571428,3995.26435214286,4168.81291428571,4105.92042571429,4062.20268571429,3998.59015,4049.2657,4074.28702642857,4121.41391428571,4061.03058928571,4028.22242714286,4068.09705714286,3975.08256714286,3912.14379857143,3889.75051428571,3732.65571428571,3788.92196428571,3872.71255571429,4036.35872142857,4012.78272142857,3815.50282714286,3883.86720857143,3980.18437857143,4018.93664714286,4062.63640428571,3827.31464285714,3931.32811285714,4008.48079785714,3923.13801928571,3961.37010714286,3960.30832857143,4042.11917142857,4008.48135571429,4065.86340714286,4074.11459857143,3974.31097,3991.37310571429,4041.78628428571,4086.30491428571,4183.43558142857,4279.41882142857,3941.18103571429,4069.02037857143,3958.76165714286,4094.15212714286,3940.5477422,3949.91370671429,3856.44309285714,3891.44376,3824.79505285714,3835.90978285714,3913.79301857143,3888.23175857143,3931.88699142857,3904.60749571429,3826.9397,3762.76946,3810.36646857143,3948.78110285714,3907.97884,3737.19335642857,3772.64160428571,3756.47083428572,3746.82572842857,3784.56613,3844.98102,3767.89586714286,3703.54215214286,3815.44672714286,3782.70497,3846.77156,3840.95031,3916.46036,4137.16550642857,4111.89577142857,4284.71615,4201.16027857143,4094.60174857143,4111.88422542857,4223.87793642857,4136.56642142857,4206.58918642857,4227.89153571429,4153.14587928571,4070.97718214286,4140.51990714286,4169.18454571429,4119.23709642857,4282.99344285714,4303.42677928571,4256.91181428571,4300.34102785714,4367.605705,4344.10141,4357.44807357143,4399.80554928571,4413.68759928571,4246.95709214286,4222.83320714286,4315.33969642857,4364.95861642857,4397.13952142857,4304.40836428571,4312.10261928571,4532.304625,4538.14129,4491.687565,4482.68332857143,4477.19503071429,4371.39287571429,4365.30078071429,4379.65366357143,4453.70000285714,4412.81736785714,4363.79982785714,4368.511,4345.83645,4345.88735,4243.50165714286,4377.29600714286,4295.14501428571,4198.74050714286,4094.75317642857,4063.07704642857,4038.34855,4021.41959285714,3884.92844642857,4055.34992214286,4001.46173642857,3897.23848142857,3887.46592642857,4064.30354285714,3920.73571714286,3895.44739071429,3866.18991221429,3857.79834221429,3816.30779221428,3760.88384714286,3852.67741,3712.46876714286,3904.96181714286,4028.05778214286,3958.09561214286,4037.88758571428,3956.38093571429,3811.48227857143,3759.82016285714,3850.48983,3899.36958428571,3964.99657,3837.46669,3925.104,3859.29965857143,3812.65545857143,3890.53118571429,3914.58445428571,3859.43941,3915.446795,4050.24977357143,3918.78048714286,3882.75421285714,3829.55114428571,3813.03389285714,3853.41605714286,4118.85187857143,4102.62526428571,4078.61356428571,4260.61255,4180.99460928571,4197.00030928571,4259.73690928571,4229.17155928571,4157.53507678571,4126.83264285714,4035.20202857143,4129.29090714286,4083.43445714286,4160.33405714286,4135.05650214286,4141.66549714286,4279.34486921429,4350.77861857143,4395.69167285714,4296.35349785714,4300.92329785714,4278.52619285714,4332.27129285714,4241.03122142857,4296.72303642857,4052.80668642857,4104.94728714286,3987.24777857143,4028.25165714286,4172.82347142857,4062.40938214286,4098.37923857143,4115.96714,4137.96363571429,4070.42759285714,4030.52804285714,3893.86613785714,3819.96782285714,4027.8425,4044.36462928571,4042.83188928571,4005.46077792857,3861.40532142857,3873.70774714286,3715.89493214286,3806.55897928571,3737.89749,3860.81552142857,3781.87024142857,3812.98769157143,3848.80820657143,3788.71210157143,3842.71393571429,3823.39249142857,3887.65751714286,3787.79942142857,3975.11292285714,4022.99352285714,3926.93785857143,3985.72491142857,4028.25066142857,4189.12004,4244.54634,4274.30204928571,4107.71974285714,4132.35644285714,4073.58963571429,4194.44348214286,4103.87792857143,4049.98942142857,4121.55074285714,4114.33420785714,4064.83841857143,4072.85916071428,4120.2174,3898.95708421429,3780.34768571429,3915.14185857143,3877.843345,3908.01676428571,3897.73987214286,3757.10630071429,3758.05848785714,3926.96475428572,3865.97979357143,3845.87475857143,3876.01138828571,4012.48232285714,4035.60997142857,3949.77832142857,3942.97137142857,4021.08994357143,4039.07550571429,4077.84404142857,4039.146375,4099.05999285714,3870.08796,3907.42774285714,3829.25869285714,3794.30855785714,3854.82645285714,4011.07706285714,3917.03675571429,3891.43673571429,3995.86673571429,3988.78930428571,3958.65031428571,4031.8553,4000.85934285714,3968.11964857143,4141.41881428571,4122.89415928571,4012.93166428571,4092.60238214286,3964.77902285714,4037.45843285714,4114.56197857143,4268.19925571428,4033.64125785714,3928.03097642857,4002.99126428571,4002.45891857143,3908.63464714286,3945.60267,3845.04485285714,3752.88230714286,3717.34163714286,3726.70858,3880.026105,3834.88537928571,3898.08386642857,3786.43716928571,3852.39895785714,3837.210215,3881.85759428571,3782.96681142857,3790.28483142857,3824.47467857143,3875.21244,3923.84782285714,3870.62662285714,4019.38714285714,4046.20515,3901.73008571429,4086.35627428571,4150.77385714286,4066.25661428571,3852.02749285714,3915.22137,3950.75715,3976.5597,3959.68660357143,3972.32640714286,3884.89848071429,3848.27473571429,3807.12072285714,3892.98903285714,3862.53602428571,3895.48257714286,3922.00869714286,3952.03332928571,3880.60078357143,3920.91107928571,3894.46676471429,3868.04858357143,3908.36887285714,3903.44013357143,3880.64322142857,3852.10792857143,3792.50964285714,3950.75985714286,4084.96122857143,4013.74254285714,4058.53337714286,3946.305345,3912.61516157143,3769.95846128571,3902.80478142857,4016.45802142857,4011.67732857143,4043.55213571429,4065.04321428571,4059.74542857143,3746.16799,3815.01798142857,3869.93471,3711.65577571429,3755.58699714286,3799.86632857143,3856.94782571429,3899.64727,3909.6752035,3712.76773,3830.64928285714,3905.19792514286,3760.24562285714,3783.43100285714,3804.13210285714,3770.61980285714,3810.09715285714,3777.55675285714,3783.21055285714,3865.91560285714,3948.32464285714,3710.88355285714,3612.08719714286,3840.11609285714,3813.67945923571,4075.94678214286,3936.99243285714,3913.00859428571,4020.25315714286,3973.18405714286,4019.686465,3948.34105,4005.72950285714,3771.31491214286,3869.49242857143,3779.59507357143,4347.6643,4381.03681428571,4448.72359285714,4278.70037785714,4344.54131357143,4284.42162857143,4175.80791428572,4105.61225785714,4439.19338571428,4350.93565071428,4349.95826571429,4289.72072571428,4314.85067571429,4272.28804,4410.02146857143,4260.80066285714,4209.87869928571,4172.83600642857,4137.32682142857,4029.04287142857,4019.77580714286,3985.63040714286,3997.96991285714,4147.501685,4186.79936857143,4161.47822,4150.09947714286,4081.06155714286,4083.76218071429,4138.93662285714,4150.34907285714,4223.36428928571,4293.19237428571,4239.94439285714,4189.43919285714,4139.17816857143,4437.78929142857,4344.47811435714,4321.56241142857,4191.10136428571,4245.77684285714,4359.33735785714,4315.89827071428,4356.21169071428,4186.28994,4184.49252214286,4328.22580928571,4345.34610928571,4298.42133,4334.71760142857,4401.47328,4391.313645,4325.31573,4340.29666071429,4396.46656071429,4434.05931071429,4299.97174642857,4271.48183214286,4136.93816857143,4207.45851714286,4089.42215214286,4261.30592142857,4282.81997142857,4188.32826214286,4074.76862857143,4040.25707857143,4115.16281428571,4016.86154,3905.64717857143,3912.17978142857,3950.91113571429,3966.87829285714,4064.08026428571,4005.51423571429,3840.56553214286,3890.42392714286,4092.16173857143,3926.39848857143,4008.68442857143,3952.29827571429,3938.47066428571,3847.39525,4040.820829,4062.73130714286,4029.12341928571,3968.92669857143,3962.81854857143,3915.99402857143,3958.05267857143,3910.65512785714,4025.82001428571,3882.15444285714,3815.92351571428,3811.85140142857,3822.66672428571,3866.35403214286,3731.14172071429,3719.57302,3923.313445,3752.88568714286,3802.14534928571,3974.82885857143,3798.26241214286,3901.53118357143,3917.33499071429,3825.21719857143,3995.18951177857,3947.85398014286,3834.15795142857,3845.51129285714,3829.18896714286,3952.89179,3842.39161,3915.82655142857,3944.80140357143,3949.32238428571,3983.67385714286,3919.14969285714,3935.67895714286,3955.81849285714,3929.03813714286,4035.61350571429,3799.99237357143,3788.99682,3808.46162142857,3667.23689142857,3686.83737214286,3688.02781285714,3643.03695428571,3698.95344857143,3723.502015,3719.25943071429,3728.75868714286,3807.91562142857,3733.95483857143,3887.35650292857,3928.59626,3920.15560428572,3910.05632142857,4055.35092785714,4130.29914785714,4148.20650214286,3858.592425,3873.116395,3735.60153214286,3812.58099,3793.57845285714,3908.710265,3758.96066857143,3645.37631857143,3783.87686857143,3754.06194857143,3734.31416857143,3747.22537357143,3739.70136857143,3897.14871857143,3809.85959571429,3709.29559285714,4036.52816571429,3967.70964857143,4127.806655,4037.84282857143,4080.35685,4145.84570714286,3962.81333071429,4088.6204,3992.46327857143,3835.15668142857,3933.96323285714,3894.38033,3763.51605642857,3773.47858142857,3826.42310928571,3871.753605,3947.92389285714,3840.81411142857,3746.06045571429,3819.85989642857,3786.20244214286,3920.10999357143,3872.90208357143,3931.05746428572,3944.91308571429,3966.94336357143,4007.55045714286,3917.14994428571,4003.50988571429,3907.14235714286,3906.23773857143,4106.92899928571,4051.93069,3970.20143571428,4011.03455571429,3822.7326662,3756.2058162,3775.16571857143,3899.86248,3826.99822,3828.91671285714,3869.68002214286,3926.924625,4026.919925,4024.46792,3953.05107,4149.16181285714,4112.16806928571,4018.66177785714,4033.32922785714,4053.5523,4049.45265,3856.67823285714,4014.63033571429,3950.36287428571,4094.14808071429,3792.57539285714,3952.18757714286,3925.82147,3879.51284642857,3994.97185142857,3910.0205,3998.61431428571,4132.96282285714,3964.35296357143,3933.21239928571,3904.80603571429,3995.39650714286,3919.67011428571,3790.755115,3969.23896928571,3924.24329285714,3819.80254,3917.0597,4010.07036428571,4050.81176642857,4007.24586714286,4032.96579071429,3815.64951285714,3707.07326428571,3744.92550285714,3715.33294785714,3645.20704785714,3903.55755285714,3714.4349,3791.328275,3832.23634714286,3803.00232428571,3845.07282428571,3968.09635071429,3865.463555,3916.96134357143,3976.30887071429,3919.60131285714,3963.02051285714,3903.69044285714,4025.25119285714,3967.35500714286,3922.62387428571,3895.40218142857,3989.44018142857,4052.98764285714,4002.42736428571,4317.14355142857,4257.44988571429,4213.89230714286,4162.76035,4087.47247714286,4057.99171928572,4130.18959285714,4050.66621428571,3954.33396428572,3876.55186571429,3909.10060428572,3964.21081428571,3896.47835714286,3931.90092357143,3718.97036285714,3821.89049857143,3797.91649857143,3829.96405428571,3923.97250285714,3937.06418571429,3925.93774928571,3906.12101142857,3864.75963785714,3857.44689571429,3983.35670285714,3933.43460285714,3908.10905285714,3980.38330857143,3867.84103214286,3857.37621571429,3756.030145,3786.626395,3840.06477571429,3820.24045857143,3817.83445428571,3906.79188785714,3796.28955142857,3893.68515357143,3832.07236857143,3964.68886857143,3929.73275542857,3813.01344828571,3903.74812857143,3973.76583571429,3916.33407142857,3924.52878571429,3931.20850857143,3929.88658214286,4001.81858571429,3920.10325714286,3842.06972142857,3927.01509,3950.41287428571,4000.69922142857,4021.54425,3999.31204071429,4050.82102357143,4065.65178071428,4056.07082214286,4105.44462714286,4148.66703285714,4213.38795714286,4008.5441,4180.95787142857,4301.74577857143,4075.99427857143,3941.88843071429,4057.39138142857,4008.7571,4051.4819,4031.3069,3934.68515,4138.70146142857,4135.33594142857,4129.89589,4012.4092,4015.424665,3960.53738714286,4066.66815785714,4089.49499285714,4170.18675357143,4361.18190357143,4374.66870357143,4167.40973928571,4147.73572428571,4100.25016428572,4006.11907857143,4040.27722857143,4071.69441357143,3982.87188571429,4092.10758571428,4041.52124285714,4043.23430714286,4105.14169214286,4166.81242857143,4159.71214857143,4134.28419142857,4039.13364142857,4008.56845642857,4035.73579214286,3815.73085642857,3818.27610185714,3794.09209,3811.49023,3878.24675714286,3953.94824285714,3918.96633357143,3921.88997714286,3796.15396428571,3865.26940571429,3852.67788571429,3817.67274428571,3742.35326571429,3927.64877571429,3844.68849285714,3726.16427428572,3889.75148,3865.80591971429,3828.35400714286,3699.90577257143,3795.854869,3888.025819,3815.71602142857,3948.27762142857,3769.44698285714,3996.76633857143,3959.45605,3719.06997785714,3880.57466285714,3865.61994785714,3888.82812142857,3873.7609,3930.50155,3878.847775,3859.83875928571,3955.39168428571,3968.80728571429,4058.49217857143,4057.008715,4089.33989285714,4117.32020714286,4061.97265214286,4068.46927857143,4040.56222857143,4105.14861785714,4166.61535428571,4218.89697857143,4150.10255357143,3999.23278928571,4025.64290785714,3912.21085714286,4079.72243571429,4055.70614142857,4151.72530585714,4042.55682,3948.25090714286,3791.25244714286,3866.89234714286,3832.16995285714,3778.31799428572,3744.69411428571,3756.06305142857,3726.80900142857,3884.28729642857,4053.54878571429,4120.28535714286,3813.09528285714,3893.89893285714,3899.13349785714,3901.36944714286,3936.4217,3838.23049571429,3963.622155,3801.27381,3822.88185,4032.69994285714,3966.4189,3889.05285285714,3875.6418,3836.45153357143,3906.57255857143,3907.80120857143,3948.39171642857,3987.43841571429,3946.97784,3941.11626857143,3872.17935,3994.56810428571,3994.75776857143,3928.48087071429,3898.04824142857,3855.31183571429,3838.47385571429,3790.440767,3759.191517,3832.33278,3778.66433142857,3954.11019571429,3871.13034142857,3944.73036428571,3796.68927857143,3926.52201428571,3946.99135714286,3960.68862428571,4013.16685428571,4213.70528571429,4259.053695,3972.57429214286,4045.70955,3977.09976428571,3953.328525,3966.69782142857,4024.43217142857,4048.14502428571,3935.46989214286,3902.79732357143,3814.45391714286,3761.89331714286,3940.37744714286,3772.30664714286,3963.04498571428,3952.08031142857,3838.86790142857,3835.45723,3784.90145714286,3816.78632714286,3789.32225428572,3799.62970428571,4024.81704571429,3905.33430571429,3867.50470142857,3867.707,4025.66200285714,4095.88343357143,4148.74071214286,3985.30891214286,3946.82884257143,3947.53220285714,3814.44118428571,3902.15748571429,3976.17440714286,3911.09377857143,3959.22403428571,3794.28335285714,3928.63328571429,3952.68618642857,4043.36526428571,3949.134705,3814.53390857143,3966.51557571428,3883.37896071429,4059.343695,3858.15244285714,3917.83595142857,3929.86625142857,4013.58757285714,3954.15297857143,3858.82389857143,3972.14458285714,3864.26302071429,4036.22052857143,4054.98289285714,4226.67567857143,4115.89714285714,4040.28095,3925.08533285714,4094.00221428571,3875.384845,3929.10961,3921.729485,3954.77430714286,3799.04387857143,3727.52021571429,3787.80486571429,3860.11982342857,3940.31333642857,4073.7899,3921.4505,3817.746675,4016.83282928571,3815.94387231429,3809.72952231429,3748.44507231429,3752.96382231429,3758.71491231429,3782.22516231429,3771.75798231429,3896.58318428571,3918.00112928571,3881.21892428571,3862.78090928571,3952.28305142857,3824.91432785714,3861.57131285714,3853.81307928571,3895.36009428571,3906.69000335714,3947.22674478571,3941.26116142857,3889.50092571429,3937.53298285714,3948.68079,3915.54375642857,3982.07283857143,3912.70035357143,3834.37673071429,3860.74176571429,3833.69559571429,3964.20385857143,3985.39198,3874.38151,4126.24165,3881.24661571429,3882.12317714286,4171.70195714286,4129.30932142857,4321.37013142857,4050.28989142857,4023.36906571429,3971.99468285714,4020.96777785714,4076.32212785714,4106.53037714286,3902.23323571429,3902.25787214286,4127.47685714286,3860.07451428571,3956.35475714286,3884.84328142857,3927.30091214286,3941.50220071429,3940.69504,3921.72290714286,3992.2951,4028.11032142857,3894.73130857143,4158.199725,4284.59746071429,4300.61378571429,4331.42500928571,4248.42546428571,4206.30001928571,4252.87461428571,4273.18423928571,4126.75135857143,4098.02818642857,4057.36513,4053.90314928571,3970.55932214286,3962.39730714286,4064.09251428571,4151.33639285714,3766.76185857143,3795.74598142857,3864.65273142857,3866.59695571429,3803.75899857143,3958.96234857143,3886.60564857143,3801.84114857143,3769.24451357143,3861.06449357143,3752.02780242857,3839.40072385714,3902.73739285714,3883.31960142857,3903.3864,3926.37885,3821.23833942857,3812.08515042857,3846.41611714286,3812.49340285714,3764.98496214286,3861.45732714286,3873.00365857143,3806.44133857143,3886.49886714286,3660.78420285714,3709.07539785714,3822.402875,3926.04139785714,4053.58982642857,4200.12140571429,4175.74309714286,4179.56113071429,3965.16198692857,3861.58202071429,3973.10453714286,3930.40684,4068.99389357143,4062.37390785714,3971.43811142857,3979.44273285714,3915.35765,3915.19728285714,4017.23756,3941.63926142857,4043.542995,3958.48733071429,3921.432675,3932.8938,3914.10364714286,3903.67737857143,3831.88986714286,3770.70383428571,3722.47851857143,4000.61132442857,4007.60524928571,4070.51984428571,3947.42867857143,3853.487285,3739.63301428571,3776.17017,3758.08477671429,3803.65056214286,3742.18432857143,3864.49817714286,3964.51262714286,3945.35452,3981.32251428571,3954.61636428571,3996.12558571429,3999.72036357143,3964.31457571429,4004.20493071429,3967.14924214286,3913.45905428571,3721.86870428572,3959.91199928571,3833.578995,3881.91986214286,3933.92540642857,3886.23240642857,4020.22340571429,4089.13143428571,3937.84097857143,3973.55351428571,3915.62342357143,3927.25362,3843.65368285714,3815.48019,3834.06764571429,3915.23653714286,3771.48194071429,3830.26808714286,3900.07017142857,3918.33237142857,3885.02157214286,3758.39303785714,3774.82140428571,3814.11120428571,3914.512565,3755.666345,3803.70612857143,3907.03438357143,3908.662565,3901.65012714286,3823.77969142857,3873.18069142857,3931.07194428571,3837.82879428571,3787.99811714286,3864.62201928571,3916.365085,3879.56145142857,3994.06985142857,4018.681695,3935.47759928571,3968.65924714286,3835.920255,3838.49222642857,3858.86309857143,3947.80863142857,4034.16694857143,3842.92250714286,3903.88882785714,3988.36813142857,3985.75891785714,3967.92384071429,3924.06502142857,3944.14476928571,3948.78976142857,3934.83748571429,3888.14864,3862.57627571429,3789.80693,3745.51339357143,4012.95651142857,3937.48021714286,3984.14157714286,4006.59934285714,4014.77489785714,3984.16030428571,3989.18415714286,3922.63627785714,3896.64987428571,3744.17004357143,3924.88240428571,3959.10852357143,3959.23198857143,3941.56533857143,4033.96827928571,3973.21906285714,3875.97147142857,3958.03885,3902.80152142857,3970.52330714286,4020.27594714286,3930.46705428571,3896.75599571429,4098.45641428571,4047.27617142857,3943.55023571429,4022.79403571429,4034.60359571429,4108.13483642857,3938.44888642857,3957.57846142857,3898.39539142857,4022.05467142857,3764.59786428571,3749.48012571429,3753.55266642857,3829.596345,3627.57873642857,3812.98228071429,3809.46195071429,3832.597925,3879.28205,3728.63594785714,3804.73187071428,3941.07660142857,3941.65016142857,3926.41610642857,4032.27375071429,4129.31063214286,4193.80036357143,4077.52306357143,4077.17702857143,4148.90186428571,4102.892395,3968.134645,3985.85581642857,4026.46508785714,3975.85399285714,4116.53823642857,4004.66274142857,4039.85707142857,3897.82409857143,3973.15176857143,4076.42787142857,3977.17331428571,3985.05301428571,4023.83201928571,4009.89753928571,3941.81681428571,3941.05404571429,4014.44443071429,3968.94552571429,4106.75794071429,4123.44806071429,4132.27501571429,4123.82023571429,3998.39854285714,3968.09552285714,4038.12839285714,4032.84408357143,4072.64315,4142.48835142857,4066.24212857143,4089.60185,3934.17729428571,4054.68617642857,3886.32122857143,4166.66127142857,4141.40600714286,3928.83528071429,3875.46893428571,4089.87320214286,4029.11528642857,4054.72008571429,3987.39744714286,4000.33771214286,4006.054495,3872.15056428571,3988.97938928571,3633.61489757143,3592.51771771429,3709.474335,3754.13466714286,3738.09704,3767.658285,3768.775595,3766.68884285714,3874.73709297143,3834.03758571429,3818.27348785714,3807.753215,3794.00257428571,3821.13149428571,3817.43658142857,3911.45216,3836.94839142857,3801.73673357143,3938.90069714286,4035.83493571429,4093.44943571429,4020.09517857143,4083.14977142857,4083.50842142857,4057.57502857143,4051.75005,4086.33529285714,3926.63641571428,3869.12687285714,3953.82224428571,3810.93303428571,3755.12079214286,3856.56247642857,3752.18319714286,3812.20180071429,3854.74567071429,3998.11372357143,4019.80958357143,4089.21363357143,4013.22622142857,4142.12712142857,4062.81898571429,4070.73847714286,4127.83976285714,4072.61912714286,4023.22690714286,4059.48897857143,4041.8551,4107.3206,3932.96756428571,3997.31983571429,4011.82414285714,4075.45652071429,3937.45682142857,4194.80753571429,4201.50460714286,4289.48163214286,4353.39447857143,4345.94475857143,4199.26731642857,4132.84952285714,4204.58017285714,3987.14897071429,4031.786495,4019.71152714286,3945.72288714286,3892.78652785714,4005.94892571428,3857.00709285714,3883.10990642857,3965.20997857143,4144.21570571428,4094.09380571429,4125.94498571429,4109.77486571429,3997.92878571429,4149.618415,3979.20221428571,3820.16989571429,3883.48571571429,3835.29701571428,3735.71829,3643.18971,3773.51304571429,3772.22984285714,3810.03448285714,3806.90194785714,3759.64452285714,3633.15078285714,3888.80673285714,3807.47753285714,3729.319,3737.4778,3895.28584,3829.43884,3945.82839,3877.27214571429,3798.75085,3907.5696,3821.27839785714,3847.33096785714,3953.63889285714,3997.58412285714,4112.01491428571,4009.19352928571,4025.72887857143,4062.97132857143,4063.12229285714,4097.39814285714,4022.95276571428,3880.668245,3925.73798142857,3918.20903142857,3907.267637,4013.60902857143,4046.20522214286,4007.48841785714,4091.01363571429,4095.82842,3858.66646714286,3737.25991714286,3705.68665714286,3859.09701214286,3839.71068857143,3900.38041357143,3959.05972357143,3792.263315,3854.37133357143,3833.32762928571,3855.93409285714,3731.60525428571,3764.78706,3900.51714,3851.19658942857,3827.50744571429,3773.01621214286,3627.812384,3797.37270428571,3797.64221142857,3802.58007357143,3769.21785142857,3733.44761571429,3778.04031857143,3782.77476857143,3855.77799857143,3781.80870857143,3759.456,4008.3727,3958.16724785714,4126.87701142857,3971.23566428571,3909.92862428571,3941.19314142857,4153.01387142857,4047.23147142857,4020.01629642857,3902.64631071429,3934.03005,3772.55019571429,3833.59460928571,3862.27443957143,3919.14492785714,3894.49045428571,3906.34740714286,3916.94415285714,3846.98838285714,3839.33801,3854.74289857143,3936.69483714286,3840.66846142857,3976.74697428571,3856.76077428571,3823.92861142857,3807.95503,3908.49103,3919.52676142857,3972.57618142857,4013.54688142857,3891.94441857143,3873.86790571429,3837.77227428571,3881.58036142857,3872.54770857143,3932.82268428571,3847.83375142857,3708.470215,3890.219965,3934.37059814286,3950.15291,3789.16420571429,3852.69332214286,3834.52718642857,3759.01237142857,3794.73830642857,3792.50982357143,3810.90319,3898.95344142857,3884.32173785714,3957.13735785714,3868.61188571429,3995.94549071429,4115.66440285714,4198.03083785714,4149.87463571428,4007.46285357143,4050.38015142857,4107.69395242857,3865.33542714286,3887.48484142857,3862.73654714286,3806.44683942857,3773.90352285714,3812.35497285714,3779.80006142857,3958.40394714286,3892.54760142857,3921.35325142857,3901.55520571429,3786.28650071428,3790.00430571429,3761.30923357143,3783.86803,3770.60303214286,3720.30184285714,3774.19438285714,3854.65795428571,3818.53197428571,3880.55046285714,3823.62461357143,3839.94312571429,3914.62532142857,3848.70810071429,3854.75619571429,3765.93878571429,3808.02458571429,3950.97180714286,4043.52632142857,3982.88565642857,3951.11069214286,3904.03792142857,3990.01850714286,3878.73530714286,3793.13483857143,3790.61859571429,3809.22759,4001.54981428571,4105.328895,3977.89720285714,3986.99787142857,3949.65983571429,3954.48124357143,3755.682501,3813.89296214286,4026.18349985714,3870.65053571429,3972.87344285714,3975.81608928571,3957.38041785714,3820.47792285714,3897.89495285714,4005.66792714286,3830.57966857143,3839.02106857143,3794.53590571429,3762.56069285714,3744.35852514286,3807.26725571429,3755.98127571429,3979.593575,3845.27244428571,3898.83701,3910.83260857143,3957.52423571429,4055.42947142857,3968.91845857143,4008.54317857143,4115.04828571429,4310.11675428571,4257.04044285714,4114.58555,4177.533965,4266.46849357143,4182.77387928571,4254.32387928571,4203.16207857143,4170.88767857143,4474.05343571429,4311.35776428571,4419.94680428571,4419.36775428571,4370.96370007143,4396.88650507143,4290.25737864286,4545.70200007143,4372.09420007143,4294.28777357143,4293.81833214286,4446.63743785714,4244.12311,4126.39931,4017.40355,4161.46248,4234.249515,3999.56522142857,3905.66257142857,3994.06635857143,4083.60543571429,4085.05888571429,4085.85777857143,4158.56869857143,4209.81080857143,4154.73410142857,4131.10857785714,4215.07696785714,4162.72110357143,3995.83490714286,4024.72116428571,4016.980895,3839.95443571428,3810.93798571429,3834.79880928571,3918.928725,3895.02298428571,3992.30033428571,3977.52145357143,3805.61974857143,3976.90984642857,4147.45134285714,3789.72146857143,3699.50108428571,3855.54002142857,3833.69121142857,3819.83066285714,3788.27811285714,3785.51758442857,3761.51425442857,3749.99698857143,3774.11748571429,3834.10336142857,3842.15695571429,3828.35654428571,3797.67131642857,3880.18633785714,3860.85207285714,3839.00268071428,3765.219285,3751.85357785714,3776.12995928571,3788.81575928571,3885.20540571429,4002.13399071429,3884.23917142857,3919.54827142857,4063.88047857143,3938.83925,3806.019,4009.95060642857,3978.22467857143,3945.40913857143,3833.95781785714,3922.74591571429,3836.69605642857,3891.29505714286,4016.73086428571,4008.63432142857,3902.52302357143,3902.44354857143,3842.99202785714,3801.64662785714,3846.10097857143,3765.90482857143,3786.30829142857,3740.87305,3729.36694,3660.21889,3809.48119,3746.627395,3821.42674,3760.2394,3831.92335,3814.76185,3719.007235,3637.249285,3747.785335,3753.0013,3908.77024,3791.87119,3852.174535,3852.59877357143,3910.09432857143,3719.05244285714,3745.15897285714,3761.98698857143,3804.07667357143,3783.33376,3873.12805,4000.77165,3951.2079,3853.760655,3922.36783242857,3903.29667642857,3904.68323142857,3841.41159857143,3851.51448428571,3885.32268428571,3913.47017571429,3969.21112571429,3984.18592571429,4006.42614285714,3841.38355057143,4054.83315,3865.09442142857,3964.92872142857,3938.13578571428,3920.12660142857,3842.38304785714,3914.6475,3848.16289285714,4130.924265,3909.27255,3941.88534285714,3907.81695714286,4158.58055714286,4098.99165035714,4029.45131,4008.28398,4331.02596,4060.64871,4094.49833142857,4192.54133142857,4150.49342142857,4099.49937214286,3936.99015,3919.0818,4032.51852857143,3995.04597857143,3871.57401428571,4031.32875214286,3929.44940142857,4045.08992142857,3940.39424142857,4009.62316285714,4017.52645714286,4056.5356,4019.008495,3945.64869571429,3776.17922071429,3978.06682,3881.54452071429,3848.54189014286,3983.5884,4001.53050214286,4066.38489714286,3968.194235,4050.23122785714,4081.53211828571,3973.17014642857,3961.24374928571,3881.22298571429,3829.84406428571,3978.10526857143,3838.48379,3957.48005,3846.69712357143,3840.08291428571,3815.35930571429,3741.45684714286,3851.71874857143,3767.26431857143,3887.95279857143,4008.62448571429,4048.44717142857,3985.72061285714,4127.80977142857,4093.42485714286,4167.21322142857,4140.55373428571,4060.01122428571,4151.23664071429,4189.55816071428,4165.75916071429,4198.22813571429,4182.89910021429,4100.39244285714,4060.94855,4208.42964285714,4089.75924285714,4069.377485,3938.03944214286,3828.57064,4018.54159214286,3875.96937428571,3858.20745,3790.54208285714,3834.53422571429,3800.88135571429,3694.89417571429,3706.99662571429,3831.73952571429,3733.28577571429,3736.48560571429,3831.40650714286,3675.05963857143,3858.58297142857,3886.75330142857,3773.60824142857,3761.44121642857,3814.22363142857,3884.45135357143,3903.05441,3967.25142714286,3976.48063571429,3882.94312142857,4013.40702142857,4079.23107357143,3973.840195,3891.55358714286,4122.82373714286,4028.60022357143,3904.69694642857,3933.59407857143,3910.05872642857,3958.38779785714,3986.377005,4085.33006928571,3877.44854285714,3879.11448142857,3860.08464785714,3917.53028157143,3801.02958142857,3792.80122642857,3684.69742642857,3735.71211142857,3668.83756642857,3782.20794142857,3862.26604142857,3834.18167428571,3857.58921714286,4008.03092428571,3842.29122428571,3884.09939142857,3842.14585285714,3930.07971642857,3826.05031071429,3859.73158571429,4119.69103571429,4116.47293142857,4169.52822071428,4126.51163571429,4184.05058571429,4209.14339142857,4126.63503142857,4047.14776428571,4041.09076428572,4050.29267714286,3892.41770714286,3975.61637028571,3859.85963285714,3910.34568142857,3876.15948142857,4004.99376,3911.76472285714,4138.29548571429,4057.14825,4010.06670571429,3957.95889142857,3991.62452714286,4029.36517071429,4030.28935285714,4008.5874,3949.58309928571,3986.44906428571,3999.51821357143,4049.89417857143,3927.87979071429,3945.50273785714,4033.509055,4168.01827142857,4048.90397571429,4153.63891857143,3957.80370571429,3847.03307571429,3844.43451571429,3851.08821142857,3824.60028142857,3857.55836571429,3778.57702,3818.59511,4004.88717007143,3859.553015,3811.8626,3779.13806857143,3850.40796428571,3937.419715,3953.08501571428,3933.67424357143,4152.41154714286,4202.26236142857,3975.39055,3997.43784357143,4177.95985,4219.73612,4220.9852,4161.23555,4225.33111428571,4242.65281428571,4240.91631428572,4118.86219285714,4245.88930071429,4252.76783571429,4264.73462571429,4213.66611142857,4305.91101142857,4408.07993642857,4264.19318214286,4111.01747857143,4100.47102357143,4264.32248928571,4123.33965785714,4105.21694285714,4192.327,4217.56281428571,4220.26947428571,4179.83936428571,4286.87966428571,4168.00371428571,4068.44937857143,4086.23967857143,4137.67160357143,4135.81778357143,4090.20814157143,4053.26092714286,3932.37548142857,3989.88311571428,3955.81059,3930.29406857143,4051.86587142857,3915.5139,3842.64899571429,3872.84526428571,3929.23376857143,4077.76037,3880.55364714286,3831.84782857143,3870.50134857143,3961.52868357143,3862.09635928571,3775.34111642857,3913.39415285714,3861.32820714286,3960.95945,3829.59037857143,3861.19107857143,3872.15260142857,3912.49733642857,3874.08760357143,3874.51660357143,3838.70561571429,3927.74426571429,3814.84670785714,3833.06124142857,4131.24789571429,3972.26798714286,3942.35866,3876.15997857143,3948.29054285714,3962.34721428571,4090.42194428571,4183.91511428571,4057.49946428571,3863.67674285714,3975.37299571429,3845.718055,3874.78452142857,3843.88622285714,3851.50629571429,3899.17067,3878.02308285714,3881.09846428571,3847.88450214286,3957.43215714286,3837.29572714286,3770.00080714286,3897.62301571429,3843.119485,3881.83412071429,3853.97535821429,3795.12364321429,3855.97096321429,3934.11436857143,3932.09782857143,3866.80130785714,3962.52661428571,3996.09667428571,3991.14371428571,3901.55831,3873.71686,3957.36247142857,4017.97067142857,4086.81337142857,4240.59595,4222.118455,4138.826455,4185.929105,4113.08940714286,4183.26033928571,4229.78371928571,4274.700015,4128.29983785714,4085.16685785714,4161.40272928571,3966.32498571429,3964.83186428571,3750.16747,3877.12129357143,3907.12157857143,3993.62482428571,3890.49631785714,3958.21561785714,4004.52039285714,3884.56848571429,3908.27548571429,3904.94529285714,3821.32267142857,3889.85685714286,3734.39883285714,3877.0091,3903.85928857143,3975.83745714286,4047.02278357143,4054.99829535714,4055.614565,3902.99716357143,3987.04871428571,3935.65305714286,3911.53366785714,3924.84381928571,3956.95417142857,3907.93742428571,3653.95811,3897.90422857143,4078.14594285714,4215.10502857143,4285.52087857143,4015.63806071429,4130.60558571429,4270.59981428571,4217.26422214286,4238.78493928571,4179.91707928571,4226.91626428571,4202.77544214286,4206.45909214286,4259.05701642857,4243.23293142857,4201.39438642857,4233.95742142857,4181.53297857143,4091.02011357143,3970.25166571429,3900.60964428571,3889.14630142857,3760.75504571429,3769.60724,3884.83772,3870.18665,3862.77624357143,3809.60745142857,3837.45241,3820.00248785714,3912.40734071429,3847.24088428571,3954.00774357143,3808.17296857143,3990.56340714286,3963.76068714286,4091.55533428571,3985.69835,3966.34543571429,4035.49962142857,4028.85434285714,4012.69242142857,4025.18712142857,3957.64080714286,3852.25412071429,4029.62590714286,3842.86422,3907.80373,3953.54934357143,3854.63797214286,3922.37050642857,4013.14918214286,3995.28700357143,3851.24615857143,3839.83403892857,3715.61132464286,3834.97610285714,3821.19857285714,3849.69472428571,4048.79812428571,3919.42782428571,4019.98097142857,4100.03172142857,3943.42824357143,3941.25678571429,3988.34403285714,4021.94130714286,3944.55028571429,3975.47514071429,3793.05385571429,3986.00349142857,4021.63492642857,4052.99452,4121.99757857143,4039.67220785714,4007.37897571429,3998.38896142857,3926.77590214286,3910.62485,3896.3077,4120.37778571429,3995.11445714286,4003.16526714286,3808.22772785714,3814.25406571429,3576.55575642857,3669.43692142857,3750.27094214286,3827.58943285714,3686.34377,3849.165875,3911.29152714286,3857.68616657143,3746.54487428571,3914.91697857143,3982.68958571429,3887.89192428571,3975.40570857143,4039.76809,3960.38611285714,3957.78584714286,3856.34344571429,3856.42876642857,3775.82764642857,3838.30662642857,3746.92502771429,3745.835425,3872.71331714286,3852.44874142857,3959.50349571429,4047.69124,3803.04652071429,3882.50980857143,3828.41351714286,3767.56178214286,3862.38373857143,3812.70354571429,3816.76313,3819.84660985714,3954.66644714286,3916.79018714286,3935.53131,3755.47140714286,3902.11456571428,3750.33289142857,3854.82616428571,4094.47266714286,4014.37096428571,4057.90402142857,4104.53949285714,4161.44434285714,4171.16344285714,4270.12154785714,4037.55602142857,4075.47122142857,3925.80899928571,3898.22562857143,4063.88249285714,3938.49669642857,3788.55507428571,4049.44973357143,4031.70907857143,4091.69227857143,4086.90265714286,3999.37245714286,4133.41779142857,4120.84410142857,4196.00580142857,4384.65431928571,4275.68922142857,4133.58263142857,4302.09973285714,4307.70678785714,4249.54350571429,4315.74988571429,4275.10215714286,4218.68651285714,4025.79429,4146.08685,4313.22988571429,4228.56401428571,4193.47262857143,4053.24888571429,4093.29695785714,3976.33349,4052.15024285714,3966.24112214286,3995.356865,3983.62785642857,4089.88054714286,4152.84064714286,4236.00380571429,4191.54602857143,4299.43884285714,4304.71724285714,4162.50524285714,4222.89914285714,4336.10732285714,4267.60369285714,4316.24819428571,4467.15251714286,4338.07512642857,4495.82417928571,4172.43334028571,4245.21948428571,4154.98862142857,4196.09258142857,4118.33786357143,3972.74275714286,4030.38108214286,3887.33430714286,3959.61707371429,3972.44160714286,4037.11067642857,3883.31936428571,3922.89119285714,4099.58341214286,4113.56221428571,4003.36256428571,4033.95562142857,4121.02091428571,4120.54741428571,4144.35171428571,4247.27265,4270.16858571428,4194.51941428571,4144.90839314286,4083.40163571429,3949.97938428571,3885.23291714286,3797.42720107143,3849.47208857143,3851.62867142857,3835.54677714286,3875.70434142857,3908.78198428571,3760.78930142857,3889.68328571429,3858.60541728571,4002.78029357143,4012.00041,3973.55581428571,3999.83247,4050.27456642857,4078.55234714286,3976.04385857143,3959.97426142857,3930.84691142857,4058.31166142857,3946.71371714286,3957.36040214286,3878.209535,4038.93760714286,3847.15283,3886.906338,4053.93730428571,3950.57647228571,3993.25551857143,3965.67580714286,4020.37739928571,3916.69826392857,3795.42844857143,3947.38754428571,3871.28129285714,3964.81416214286,3830.33173714286,3846.84662,3972.88500714286,3905.71130357143,3960.29896428571,3919.23360571429,3964.39883571429,3841.265565,3901.70034857143,3811.13844571429,3826.69037785714,3816.38163428571,3972.55052357143,3864.18915,3875.98828214286,3834.02585642857,3827.90948857143,3925.08354714286,3804.45993285714,3974.32728,3859.49973,3969.205875,3901.86990428571,3816.80996071429,3885.96808785714,4012.12709285714,3946.08819285714,3890.56393571428,4031.19043357143,4087.23585214286,4328.466225,4273.43286,4307.723385,4273.55661357143,4322.65754357143,4267.91950357143,4289.885525,4093.08805928571,4040.53062142857,4025.12637142857,3979.95260714286,3950.61644428571,3998.7706,3978.22621428571,4196.74816428571,4095.58388928571,4089.33479714286,4129.65510714286,4255.00124214286,4131.09449214286,4309.62132071429,4413.65763571429,4350.10009642857,4282.72320142857,4363.59555142857,4273.79857142857,4214.68687142857,4268.83072285714,4159.6956,4279.55075,4216.80075714286,4171.14455,4128.190075,4172.96748571429,4188.31241071428,4195.80641071429,4327.61858785714,4186.24372714286,4067.41284857143,4070.30960571429,4035.48451928571,4156.53685714286,3990.30861428571,4236.07735714286,4248.82923571429,4149.94444285714,4107.13789285714,4143.49772785714,4183.22629285714,4042.68515785714,3987.306915,3836.49242428571,3864.93790357143,4062.03321642857,4028.03781142857,3971.00128571429,3967.09182928571,3918.71568285714,3832.68421571429,3895.851785,3904.859195,3937.586075,4053.82672142857,3936.07460428571,3812.6028,3799.57712142857,3815.70772285714,3837.52737428571,3871.08835142857,3863.44556214286,3845.46108714286,3733.87017142857,3804.217795,3927.87815,4026.85449571429,3999.25618857143,4010.88357785714,4013.54193142857,4007.93699714286,3843.54287071429,3840.16441642857,3825.25193542857,3879.96479714286,3879.72408928571,3807.44425428571,3763.34095428571,3842.45546928571,4007.49989857143,3843.41673428571,3950.13357142857,4002.75668714286,3940.90620714286,3888.58729671429,3800.91769671429,3931.22341928571,3868.94608571429,3919.12230142857,4002.96559928571,3942.16682571429,3851.20887285714,3911.31527285714,3742.05015285714,3879.32105714286,3951.76098,3914.66076428571,3990.59493142857,3851.01934142857,4010.35828571429,3986.49194357143,3887.29125492857,3938.76381428571,3896.82192642857,3890.59678714286,3849.31800571429,3930.08853428571,3935.70635571429,4040.11577928571,4086.69639357143,4064.79863642857,4119.45517142857,4001.97855,3993.74809928571,4023.86852142857,3975.98203142857,3855.40626142857,3960.26558285714,3922.62394857143,3923.03046357143,3920.39637857143,3933.82352857143,3866.47195142857,3944.23793214286,3727.05452571429,3805.84491857143,3804.18880714286,3846.38985428571,3944.89338857143,3953.74505285714,4040.36677142857,3914.76883142857,3936.16927142857,3886.32049142857,3946.21061428571,3799.03910071428,3916.28425428571,3952.8193,3988.61057642857,3809.69148928571,3908.73508428571,3856.67734428571,3918.93871428571,3982.19371428571,3853.17049214286,3926.00471714286,3898.17963785714,4071.55999285714,3988.01034285714,3951.50189285714,4037.32209285714,4176.08834285714,4071.01716571429,4032.56596642857,3912.3982,3890.00741428571,3896.75977428571,3721.91512428571,3763.44322428571,3759.42315928571,3883.36934142857,3891.54393642857,3778.43013642857,3902.29766571429,3853.66857857143,3843.64092857143,3890.74186071429,3929.10448571429,3819.88647571429,3831.47292214286,4000.07101285714,3953.49082714286,3889.08454714286,4042.21375714286,4137.53015142857,4043.19322142857,3972.07736571429,3921.20435071429,4008.05235071429,3948.15485071429,4010.296375,3930.73422,3971.37912428571,4065.4587,3833.6129,3854.6414,3913.881335,3818.74027642857,3837.095925,3878.4162305,3747.712886,3725.88422785714,3900.08432785714,3936.78585,3987.7316,4044.97135,3945.742825,3931.37533428571,3929.59903428571,3975.53934278571,4138.23375,4094.94375857143,4094.94033142857,4269.07642857143,4128.85675,4180.05473571429,4165.95053571429,4198.49235,4156.02954714286,4084.87643571429,4041.18636071429,4264.78245928571,4126.16155,4059.17448571428,4198.84305357143,4212.3562,4109.44147857143,4030.52225714286,3962.09762857143,3919.94969857143,3919.79585571429,3836.80464714286,3889.34366857143,3898.48239785714,3959.10104428571,3939.15303285714,3847.04759285714,3833.13214285714,3913.8292,3825.58978857143,3798.50248142857,3924.44135142857,3763.23614571429,3810.77912571429,3946.74807571428,3837.69325785714,3825.78653,3899.971975,3860.40852142857,3990.71933142857,4029.38495,3966.04110714286,4035.78871142857,4068.16325714286,3857.40344285714,3986.32359285714,3887.82612714286,3930.85602714286,3886.28866,3895.90156857143,3976.08921357143,3862.25178,3838.58501,3780.547815,3803.250985,3834.08504357143,3779.85368714286,3833.93356571429,3858.20316857143,3762.70027857143,3788.22563714286,3723.18144142857,3788.96620642857,3936.84188285714,3982.25589857143,4076.91224571428,3958.60999571429,3893.42547285714,3856.47922857143,3900.70850714286,4020.91416428571,3968.27690714286,4013.95368571429,4045.18815,4040.143155,3908.45876142857,3804.59111142857,3858.10477285714,3905.64560571429,3901.09581571429,3928.603,3993.09636642857,4017.24437642857,4112.97674,4141.39738571429,4286.74658,4095.41787285714,4063.02977071428,4081.27534714286,4109.671425,3929.07271071429,3979.909035,4046.11200428571,3971.82119428571,4082.39490928571,4040.78865428571,4038.45397142857,4001.14819857143,4047.81140142857,4005.43333428571,4017.23869928571,4039.06483,4099.4725,3944.71562785714,3937.989585,3855.27977357143,3852.866705,3818.93169357143,3994.81979357143,4056.07583571429,4072.52783071429,4066.33642428571,4249.45035428571,4100.72167428571,4105.50497785714,4038.98987714286,4165.91790142857,3945.11337642857,3840.60077714286,3822.92819928571,3770.65379071429,3845.42918285714,3864.11719857143,3742.73255428571,3754.51541857143,3736.21164942857,3842.65193571429,3727.07852428571,3855.51887714286,3877.15552214286,3921.96089714286,3867.00906214286,3971.74369714286,3864.27889714286,3878.56035714286,3996.29800714286,3860.92948571429,3846.54106071429,3925.66543571429,3958.85323571429,3931.92835571429,3899.86476428571,3995.64483,3805.06260714286,3885.4975,3838.70407857143,3880.44815714286,3924.06445,3825.9644,3891.33358571429,3988.28907142857,4016.45137142857,4053.35136857143,3934.60445,4166.61099285714,4099.14304285714,4115.68994285714,4040.61432142857,4080.80093571429,4028.81527857143,4022.20872928571,3936.36755,3960.56233,4011.37630714286,3808.08639214286,3776.20239214286,3949.97742285714,4000.69488571429,4037.06463571429,3946.8402,3902.70875457143,3917.87814742857,4022.7341,3965.15086571429,3925.52794428571,3925.27638571429,3866.63864285714,3894.27524285714,3771.68522428571,3824.961365,3874.44673785714,3881.544305,3824.17719857143,4033.95279357143,3997.19648642857,3862.32381285714,3842.46241571429,3942.64141785714,3997.02221214286,3919.33131714286,3802.42820142857,3848.76643071429,3883.35903071429,3809.91435428571,3945.12352285714,3941.972865,3908.45032,3748.56343142857,3751.24059285714,3863.31528571428,3820.14208428571,3932.81884642857,3903.20254214286,3910.04878,3885.19700714286,3756.774865,3781.62211,3839.34165642857,3801.93049,3775.30608571429,4015.31569,3854.20677571428,3996.73825,3940.75864,3864.86574571429,3971.03026214286,3937.70624785714,3914.27784642857,3864.64765928571,3780.05929714286,3757.82943857143,3857.40156857143,3911.95468714286,3881.27622,3958.98480428571,3976.33072857143,3958.01900357143,3995.86016214286,4050.30354071429,4045.36526428571,4037.85240714286,4045.84940714286,3966.00506714286,3964.71023714286,4066.78047142857,3988.593,3992.22777571429,3981.78925714286,4083.15135,4199.7066,4077.63425142857,3818.86281,3911.43062857143,3835.34728357143,3782.05846785714,3775.08311428572,3792.59164357143,3745.74009714286,3884.49324714286,3993.93111435714,3936.5643215,3855.83221292857,3939.7312665,3892.45482,3875.26335428571,3809.62739571429,3825.33177857143,3687.68846571429,3876.14721642857,3858.41695285714,3715.02149714286,3839.47901,3747.79318714286,3963.11567142857,3850.04471142857,3903.90843,3985.48075285714,3946.809995,4013.10851642857,4065.78322428571,3986.16335521429,3986.36900714286,3873.03767714286,3909.10520714286,3808.76432285714,3994.50413285714,4094.86259285714,3967.56513571428,3800.09735071429,3860.55287714286,3887.24864071429,3830.89448785714,3985.09144285714,3911.93848285714,3907.03099285714,3860.49870857143,3930.00057428571,3990.76045714286,3938.79595714286,3938.52407857143,3997.87702857143,4037.53883928571,4005.18363642857,3915.087585,4041.18064785714,4041.57026685714,4046.55722857143,3931.04999285714,4088.74964285714,3771.54396,3868.70631571429,3843.38140285714,3832.84176857143,3910.85116214286,3853.38074714286,3946.05257142857,4065.07400357143,3841.60018857143,3882.71700928571,3919.78401428571,3913.32091785714,3835.50321857143,3805.34688857143,3897.45566857143,3837.62242714286,3949.53300714286,3856.24424214286,3891.69344285714,4321.24202928572,4311.55748571428,4132.93805714286,4078.33290714286,3894.48131428571,3929.56050714286,3930.43352857143,3998.49064285714,4057.19094285714,3967.77131428571,3996.42587,4081.69252,4031.61187714286,4214.33517428571,4030.09873571429,4070.52698571428,4051.85627142857,4365.71828785714,4291.56940571429,4358.21682714286,4489.79477,4489.29629,4575.19466,4364.75048857143,4210.05270714286,4245.93825714286,4243.64451285714,4171.60718285714,4137.45539285714,4156.59839285714,4102.70063928571,4075.36182857143,4110.21426,3974.67120642857,3913.01623928571,3894.75346714286,3912.98838,3808.83854571429,3838.71658071429,3744.01489071428,3883.84957071429,3790.65243,3936.56703,3858.34848,3938.62908571428,3749.09566428571,3676.38111142857,3793.01101428571,3893.749,3960.52479857143,3712.61888571429,3710.32609071429,3841.95511285714,3898.03989785714,4015.93337857143,3949.36352857143,3975.83159357143,4156.94076214286,4052.07334285714,4191.65464285714,4208.23559285714,4269.38315285714,4201.86524285714,4163.77394285714,4178.95674285714,3944.7162,4290.72712857143,4117.91462857143,4208.00450428571,4199.451,4023.33278571428,4136.16331428571,4320.26396428571,4191.47083571429,4312.49610714286,4357.51264714286,4247.5317,4167.91215,4281.63770357143,4194.97257857143,4156.85393571429,4154.80373571429,4001.06018571429,4059.60700714286,4105.06523714286,3982.30276428571,4069.11923571429,4048.47725785714,4016.20877142857,3868.53077285714,4028.81328642857,3980.78422,3931.93064285714,3953.85487214286,3932.02322928571,4099.05479571429,4021.73015785714,3895.82164428571,3889.77573571429,3854.43903857143,3932.60029857143,3990.96252142857,4090.01523857143,3995.46580428571,3907.82584357143,3931.44956,3950.99621428571,3965.51619285714,4005.11055285714,4022.81203571429,3975.55128071428,4000.27197928572,3954.97716785714,3853.95590214286,3835.44904214286,3834.77551642857,3773.151595,3854.41670071429,3882.65607857143,3859.68477285714,3796.14936142857,3842.67786,3990.03864714286,3899.91388142857,3870.94910857143,3735.06302071429,3910.01857857143,3834.34180857143,3783.26311142857,3877.28723428571,3863.51673928571,3961.75374857143,3845.90314928571,4029.09266785714,4162.56679428571,4206.22792285714,4256.86050714286,4282.03000714286,4187.86747142857,4243.11310642857,4163.55781285714,4027.21735714286,3961.34585357143,4027.58973642857,4160.21185428572,4063.73772857143,4069.43739285714,4131.06654285714,4142.01634285714,4060.47748142857,4111.71752642857,4119.34621428571,4109.81884785714,4181.48391785714,4131.44647714286,4005.67373571429,4024.76978714286,3972.19200714286,4136.86258571429,4007.99124214286,3945.68793214286,3861.397315,3906.88279857143,3855.53857857143,3818.51405928571,3928.15375857143,3918.20950857143,3938.05733714286,4058.10125642857,3850.76024071429,3881.30265285714,4000.46268571429,4010.54792928571,4023.31906428571,3915.02272142857,3898.35322785714,3922.27362071429,4055.79126428571,3918.31501428571,4111.74945642857,3943.80234928571,3856.46530785714,3846.44710785714,3782.242215,3777.64128785714,3744.71722857143,3780.77852071429,3797.09441357143,3811.18860357143,3776.92467242857,3794.62803071429,3831.06760571429,3841.08084071429,3800.92211142857,3831.35718,3851.36449,3855.35102142857,3881.37322142857,3831.16513571429,3807.22383285714,3800.24313285714,3758.32073285714,3740.90872428571,3750.05473928571,3876.50325,3854.13568014286,3843.13679514286,3800.96398014286,3811.67493014286,3806.68150835714,3720.78726135714,3786.65411264286,3720.64227407143,3799.28230857143,3778.62791742857,3738.39788214286,3851.62965,3891.93477857143,3863.84167928571,3922.34770714286,3955.49424,4086.13787071428,4046.53218928571,3958.74364785714,3844.01045285714,3872.67706785714,3958.20921642857,3886.76972642857,4092.60011428571,4078.51181428571,3955.35745142857,4008.24344285714,3988.44459285714,3876.30445285714,4044.904733,4019.87928657143,3809.854658,3998.25148357143,4052.87764785714,4027.97590571429,3947.22259142857,4036.77031428571,4070.87163,3913.12956428571,3829.75645571429,3857.71661285714,3811.59651785714,3857.23494785714,3870.84520785714,3994.03510142857,4050.97832428571,3975.52079428571,3911.34182857143,4066.9892,4011.85256428571,4169.77855357143,4176.24707142857,4146.70558071429,4123.24645714286,4045.84208571429,4114.63976428571,4155.75731428571,4049.88508571429,4155.88108571429,4051.28687857143,3968.41301428571,3923.65987142857,4069.60717857143,3955.63427285714,3981.85375285714,3925.02697285714,3885.96491785714,3897.11262214286,4049.89501714286,4047.87991642857,3984.89155714286,3879.24505714286,3831.45292142857,3788.34832571429,3808.58879714286,3836.48206428571,3927.21462142857,3867.23740342857,3809.68206071429,3866.05837428571,3884.58525428572,3856.63978142857,3846.96356714286,3800.84401571429,3889.15938714286,3823.19045285714,3975.92719857143,3874.11834857143,4041.38299785714,4081.38851428571,4055.7635,4022.72189285714,4011.05929285714,4170.38257857143,4118.38432142857,4147.06792142857,4337.13273571429,4194.67033285714,4255.15951428571,4129.5595,4126.71997857143,4235.36900714286,4211.41961857143,4003.12940857143,3931.23517214286,4058.25848285714,3988.64287857143,4002.48695285714,3980.87629571429,4051.19179571429,3929.57124285714,3913.90240285714,3895.12789,3726.55679214286,3953.21766071429,3881.11488428571,3710.87209,3852.42227714286,3872.59648642857,3691.350369,3790.051894,3754.59122014286,3878.93249,3872.95572571429,3756.83240785714,3815.52778785714,3849.80163285714,3881.87284,3814.578065,3788.017665,3820.777265,3897.867115,3881.23601,3906.90323857143,3839.70206428571,3811.36005,3778.53218142857,3733.70088142857,3893.79198142857,3862.64216642857,3801.43141214286,3692.32479571429,3867.32468142857,3928.30358571429,3861.30610928571,3919.14689285714,3794.09806,3915.64161,3847.62814428571,3938.95362857143,4001.54417035714,4006.88601428571,3990.87235,3929.95051428571,3962.60268785714,3838.84639571429,3810.36528071429,3875.93451142857,3844.692645,3875.58040928571,3775.68547857143,3842.07582857143,3887.72743357143,3791.87458357143,3815.47750571429,3957.45592857143,3937.28381,3937.38361428571,3902.10781428571,3951.44893142857,4010.78846428571,4036.49356785714,4075.06774428571,3996.79055,4033.46792142857,4012.24384071428,4028.61565071429,3946.18962142857,3920.13093,3823.53786571429,3759.30968285714,3793.91292,4083.84030714286,4080.16734142857,4122.66814428571,4193.40112142857,4032.804145,3893.17509785714,3765.55190071429,3854.78153428571,3864.03933714286,3909.74871,3791.15000428572,3837.81053214286,3891.81999785714,3861.94766142857,3845.25756142857,3773.66556,3796.16507142857,3925.39957857143,3944.52651285714,3880.747223,3794.83489571429,3851.32124571429,3918.02263285714,3882.78488785714,3867.23424,3810.07417714286,3906.44162142857,3843.64415142857,3896.69507142857,3792.56840142857,3771.53688428571,3918.79301714286,3908.40449142857,4084.08615,4038.06754714286,3922.74745714286,3916.26733571429,3846.56382928571,3819.82640785714,3880.41960857143,3793.68948857143,3888.54583,3896.87846714286,4001.49098714286,3855.099485,4003.16885,4025.25808571428,4008.15246428571,4043.82546428571,4190.25095,3934.11701428571,4107.6255,4128.36331821429,4018.95149071429,4222.00628357143,4259.55299285714,4136.61824071429,4043.84470214286,4105.476355,4251.00242642857,4125.47084642857,4084.57046642857,4139.84911357143,4001.63380357143,4041.95945857143,3967.98710857143,4007.62794285714,4033.13311142857,3956.75391214286,3895.09399071429,3882.94555285714,4007.97905957143,3966.28195885714,3931.40800714286,3968.27061,4013.45798285714,4147.74910714286,4031.75151,3843.63031714286,3902.55402,3904.21191428571,3990.75452071428,4064.75038571429,4102.77348571429,4053.77009571428,3888.52156571429,3874.25158928571,3972.40438285714,3798.50980714286,3871.60558571429,3905.64419285714,3898.97102857143,3795.86837714286,3804.35018857143,3739.60850857143,3851.53536414286,3967.55935785714,3827.52175828571,3894.89396857143,3883.52656857143,3894.25036857143,4068.89881214286,4047.02924285714,4068.95714071429,4025.56797142857,4085.13531357143,4115.20926142857,4151.89874285714,4109.37415,4006.724265,3943.62966428571,4002.35496428571,4022.54041428571,4018.60694714286,4066.21832714286,4057.41471214286,4037.10067714286,3956.90554857143,3990.46137285714,3878.78825857143,3746.64870857143,3833.22417,3821.43604714286,3917.56413214286,3848.68683642857,3924.37732071429,3999.41980357143,3682.81215,3937.806195,3698.81163357143,3831.13468857143,3899.09055357143,4069.21277714286,3835.11698714286,3884.80265714286,3769.73238142857,3776.04478192857,3750.77227642857,3903.01658214286,3856.50512214286,3911.21305714286,3703.53324285714,3820.79389285714,3765.82255285714,3798.07585285714,3817.44725428572,3849.59229071429,3835.54244642857,3803.50869714286,3854.65382857143,3839.184935,3836.92179285714,3876.62864285714,3831.88805428571,3890.35867142857,3881.00130714286,3736.13916214286,3895.42150428571,3863.08750857143,3892.77619571429,3822.13870714286,3833.93255542857,3843.23510285714,3867.58962142857,3834.37992142857,3818.31713714286,3806.66018714286,3789.84913214286,3791.50591642857,3902.17237857143,3767.56202714286,3941.05098571429,3868.17178571429,3934.90646642857,3902.00365,3898.63760285714,3796.49580857143,3834.79488,3809.54530714286,3769.73863714286,3843.41142,3939.54375,3858.94213071429,3899.43585214286,3813.46195714286,3984.44517857143,3918.06617857143,3842.33783857143,3913.79961071428,3812.31765285714,3988.40159642857,4006.38698428571,3924.54596214286,3930.43884714286,3956.91812142857,3819.17774571429,3872.10194571429,3871.76092071429,3755.62604571429,3788.15927571429,3873.21214285714,3901.72497071429,3780.54804285714,3884.12057857143,3787.82923142857,3870.98225857143,3934.12544857143,3980.6115,3950.72110285714,3875.67049285714,3678.98214785714,3787.58420285714,3848.20442714286,3871.70425,3829.63363428571,3874.65123142857,4011.92479857143,4125.95497857143,4012.60150642857,3840.85494857143,3945.24651071429,3999.28017071429,3969.51741714286,3979.73041571429,3957.40028428571,4067.38800428571,4022.50716428571,4035.09633857143,4007.26677,3930.78233571429,3896.61002485714,3932.82287485714,3778.51577485714,3819.35878285714,3918.38533285714,3916.40682,3983.19867857143,3902.26922357143,3887.24247857143,3885.94020857143,3857.36659428571,4027.84439857143,3946.30744785714,3916.08589285714,4008.77947714286,4020.82740214286,3817.43187,3882.01577357143,3933.63609857143,3834.92718857143,3777.40918285714,3719.22379285714,3826.67990785714,4043.19050785714,3977.668625,3942.13282714286,3959.33069714286,3933.42730142857,3934.08795142857,3854.69966471429,3778.61998571429,3762.01762285714,3859.33566285714,3979.41253571429,3909.49560714286,3920.13914,3958.66467071429,4068.08947142857,3939.41784285714,3844.65482428571,3925.04256428571,4013.46365,3853.08956857143,3847.09663285714,3859.60139142857,3913.97875428572,3822.23336,3763.83124514286,3877.23413428571,3849.69529571429,3858.72126428571,3916.5363,4008.15632857143,3973.14647857143,3833.18419,3852.417185,3887.301335,3875.15490857143,4022.21432357143,4026.82380714286,4088.27082714286,3849.19177785714,3839.66363285714,3842.951435,3938.78362714286,3974.01807142857,3941.84823357143,3868.68004928571,3937.38424928571,3947.976035,3957.09637714286,3830.19436285714,3934.95002142857,3883.72702142857,4015.72122142857,3981.26314928571,3916.83298,3972.54294928571,3998.42934285714,4038.12823571429,3877.97615,3914.79515,4057.46645,4052.84829285714,4136.48555,4032.45450714286,3950.92190714286,4053.10557357143,4056.05377857143,4120.18956357143,4110.05789071429,4046.54087857143,4019.05639571429,3924.36362785714,3952.49293642857,3950.20049714286,3920.16259285714,3924.41300071429,4016.93273571429,3887.16657857143,3825.14673142857,3739.76388142857,3917.80399,3927.518732,4187.33692142857,4125.00494,4147.42672142857,4188.5468,4156.66625428571,4283.21756428571,4156.48192142857,4028.98085,4159.85502857143,4284.97622142857,4201.64017142857,4216.16258142857,4169.29315714286,4309.43410714286,4136.15697285714,4110.85899285714,4142.17211428571,4205.4188,4208.62166,4238.91393714286,4171.14379571429,4135.93297571429,4114.30310878571,4061.90968571429,4003.57752714286,3972.26330428571,3873.83564428571,4072.704945,3883.99834285714,3834.31942285714,3880.82713428571,3929.56002571429,3867.67566785714,3877.16065642857,3858.51709142857,3916.17594142857,3803.51768342857,3770.57067842857,3819.80198342857,3737.97288714286,3766.27410714286,3889.58310714286,3896.44502,3911.12342428571,4049.69051857143,3937.80951642857,3956.00110842857,3890.32449142857,3856.265695,3938.02062,3896.65883928571,3850.17655714286,3927.74303714286,3990.50541214286,3946.24315428571,3869.92032357143,3848.02969285714,3818.10210285714,3853.18037857143,3892.14350285714,3973.71465,3904.96870714286,3913.53635285714,3892.27678571429,3923.303255,3798.366655,3749.43259,3815.88626928571,3854.75973714286,3877.92024928571,3772.01390357143,3765.93755357143,3933.72764571429,4006.27478714286,4016.18265,4013.14339857143,3957.50135857143,3834.17137428571,4004.07297142857,3938.94154214286,4036.85865571429,3989.84942857143,4018.637835,4068.34296642857,4217.22409285714,4232.70649285714,4172.50400571429,4283.59608571429,4188.14251428571,4093.76227857143,4109.10747857143,4066.25817142857,4042.11537142857,3981.66534942857,3880.82141371429,4179.4989,4194.20779285714,4012.77012857143,3954.81637785714,4002.26854142857,3932.99318857143,3812.83635857143,3782.59137328571,3788.07737,3717.96361085714,3773.84372542857,3789.73024071429,3740.72340414286,3828.32680857143,3852.46333685714,3797.00559,3805.89065285714,3725.859508,3664.50274971429,3871.71678642857,3816.15776642857,3842.93891928571,3822.33067785714,3856.17811,3937.50393785714,3948.77419714286,3872.15385285714,3922.65570714286,3810.69734571429,3778.47403785714,3812.16346357143,3807.16317714286,3823.29192358571,3861.22776287143,3895.07313857143,3870.13634428571,3680.65990428571,3770.48186142857,3789.52432142857,3778.48278642857,3839.87657928571,3830.31206357143,3807.49004142857,3798.72683928571,3883.08463142857,3769.53349642857,3738.804075,3767.64340357143,3858.51519785714,3862.14714928571,3885.97568428572,3983.39760071429,3897.15283571429,3915.17712571429,4012.70277785714,4050.57722642857,4045.06948357143,4129.13088357143,3955.60152142857,3875.22315857143,3803.59602142857,3936.29632142857,3847.09970714286,3835.720075,3953.02260142857,4125.36162285714,4076.96955714286,4166.12811214286,4186.14312214286,4225.46455714286,4205.36056857143,4173.83575357143,4266.15393571429,4389.64290714286,4314.60390714286,4278.90114928571,4295.63699214286,4204.90838714286,4130.91241714286,4125.74800714286,4138.65607785714,4107.74889285714,4137.12988571429,4241.84697642857,4035.06073807143,3892.0119,4024.56855285714,3942.59997071429,3910.78312928571,3890.77703428571,3859.31086714286,3946.00585857143,3920.56241428571,3851.30071428571,3894.67020714286,3923.88583571429,3963.34545714286,3938.35269357143,4087.96073214286,3931.96376,3915.02069928571,3883.86917928571,3684.16679285714,3717.14347985714,3842.10979285714,3837.85857285714,3813.97100571429,3760.24107414286,3814.11150714286,3757.76979714286,3804.94463071428,3753.03850571428,3810.44850857143,3796.91133571429,3788.79680642857,3829.58797714286,3902.24997214286,3820.63578857143,3866.63828357143,3874.11577714286,3828.629391,3768.98216,3814.7495,3791.558395,3732.66391,4082.56255642857,3910.83294142857,3858.09714428571,3819.29967857143,3934.53678428571,3813.028365,3899.22709071429,3973.82213607143,3992.58559428571,3869.56547142857,3843.83412857143,3939.51955714286,3954.13315714286,3832.56787857143,3787.41240785714,3832.51344,3697.77134214286,3821.390805,3942.69833571429,3999.27220714286,4008.03100085714,3990.59811142857,3985.54099142857,3870.61851285714,4033.59009285714,4051.47596785714,3967.5882,4012.12272857143,4057.49571428571,3762.16363285714,3876.79139428571,3857.334255,3973.88755857143,3868.33530571429,3895.70583571429,3927.26973571429,3829.91669285714,3900.10452571429,3911.61161714286,3812.20917142857,3810.68836857143,3891.20340142857,3968.12957714286,3886.12689357143,3980.49993142857,3916.86596714286,3968.70698285714,3928.08966785714,3936.72211285714,3839.64550928571,3988.09641642857,3973.08102142857,4123.06064071429,4027.91694285714,3890.36480285714,3796.69486857143,3837.60418642857,3799.91164857143,3880.47709285714,3906.99662428571,3861.16457285714,3955.35156571429,3923.95746357143,4018.70504928571,4067.78924928571,4079.39757571429,3961.08984571429,4054.645,4212.26257214286,4065.84316714286,4139.53788214286,4160.30126714286,4096.55270714286,4091.03523714286,4042.09267857143,4037.67749714286,4119.93606142857,4147.90626857143,4212.83065214286,4292.06322642857,4182.06587142857,4125.39867142857,4122.46588642857,3977.80661357143,3979.97166142857,4144.97913428571,4037.52200285714,3995.15113071429,3941.05097142857,4159.15211142857,4091.62693642857,3942.49433264286,4048.53045714286,3981.13151428571,3958.76956428571,3805.79926,3786.39797,3793.65794214286,3836.56343,3720.141535,3750.00443585714,3665.45235957143,3711.80279,3917.71284142857,3795.23672014286,3865.41865285714,3875.31707571429,3935.17849928571,3923.01625714286,4016.85555857143,3871.50997285714,3824.80376857143,3821.02911857143,3948.78606714286,3876.46372285714,3851.88813785714,3879.64736857143,3935.42363,3836.45537642857,3970.39226214286,3905.94423928571,3778.08563214286,3822.51498928571,3884.9401,3909.47310428571,3751.28745428571,3909.57852857143,3882.57759571429,3930.39860357143,3985.39275357143,3998.09935714286,4243.50916714286,4169.00330785714,4204.89827857143,4231.37852357143,4207.01892857143,4198.38147857143,4192.17820714286,4206.13432714286,4112.09333571429,4144.80952857143,4171.80412857143,4096.13288857143,4091.87999857143,4220.42545357143,4232.83442857143,4246.57882857143,4232.50177857143,4340.17852428571,4368.86415928571,4130.02573857143,4104.39216428571,4034.05731428572,4147.89272142857,4138.74455,4085.66393642857,4276.92319357143,4331.08067857143,4437.66576428571,4524.09264428571,4312.08631428571,4397.68666428571,4352.8289,4470.254805,4499.8002,4368.2377,4455.03475,4519.18825,4563.41768571428,4698.97294571429,4604.97192785714,4484.31954214286,4267.12881928571,4411.256,4288.846725,4376.11993428571,4484.07811428571,4364.22302928571,4404.81482928571,4414.12394285714,4221.34928571429,4251.07473571429,4215.56069571429,4271.41693571429,4106.48091714286,4173.92979285714,3995.10063571429,4270.40567857143,4147.36032142857,4178.41131357143,4234.62939428571,4116.73915714286,4127.67297928571,4104.55922142857,4005.95107857143,4057.29553571429,4069.15076428571,4153.09109928571,4003.87564928571,4039.05899142857,3869.68860142857,3893.62473571429,3917.52767857143,3978.50202857143,4028.70931642857,4017.940795,4089.46436285714,3980.97837142857,3972.65720714286,3928.14740714286,3981.99676428571,4030.94851428571,4006.39850428571,4020.58732571429,3970.71918642857,4079.40062857143,4112.60465,4082.38592857143,4120.971755,3924.36148571429,4011.35196428571,3871.66732857143,3901.7557,3957.7484,3964.90755714286,3801.936467,3807.84362,3811.99231714286,3906.46174071429,3684.58184785714,4039.03341857143,3942.29759571428,3966.61721785714,4147.90083,3904.44274285714,3830.15636785714,3830.162925,3759.31668642857,3905.91369285714,3843.82258785714,3869.28218857143,4005.64075357143,3987.05098857143,3837.92743857143,3893.31872857143,3985.65125857143,3894.28846857143,3903.51307571429,3835.58790857143,3966.26145857143,3968.52830857143,3876.84318428571,3879.86200928571,3814.64868428571,3932.09871714286,3899.38355142857,3908.53435142857,3852.43286428571,3854.92297285714,3830.07384642857,3888.80105428571,3855.59945428571,3762.09240428571,3776.433165,3767.94834714286,3849.234735,3715.92948642857,3842.08362642857,3754.16871428571,3832.038865,3837.57656785714,3898.91963142857,3801.73703142857,3943.54631071429,3870.51561285714,3950.36412214286,3894.638015,4017.13392857143,3967.6631,3899.67231428571,3931.48940714286,3977.88514142857,4003.77299142857,4002.633785,3903.12321142857,3868.47481428571,3973.44711428571,3941.11457571429,3852.35932857143,3969.28605,4056.34945114286,4103.0286,3969.43399214286,4008.57834785714,3958.81122857143,3768.02762285714,3891.84493785714,3753.06215142857,3793.00762714286,3779.48847714286,3976.65060071429,4006.91902142857,4018.58116285714,4060.07882428571,3960.83410928571,3867.65072071429,3875.05392571429,3912.72507571429,3827.67125142857,3923.06419785714,3899.80920928571,4055.28395857143,3954.88081357143,3979.28766857143,3926.96737857143,4090.78448357143,4138.05867857143,4171.251985,4201.789285,4184.144835,4161.70539928571,4020.01301428571,4012.69369285714,3938.16883571428,4035.57073571429,4088.8692,4077.7359,3927.95493428571,3954.18477357143,3934.05048,3987.05102142857,4040.04111142857,4018.24057857143,4001.04247857143,3886.20787285714,3870.60787857143,3961.49753357143,3918.45022857143,3980.11725714286,4067.98272285714,3831.26746285714,3799.31222571429,3842.9157,3811.21373142857,3887.82177571429,3858.14703785714,3978.54961857143,3827.69561857143,3900.50081142857,3867.73841357143,3828.60412357143,3860.89853642857,3868.08212142857,3774.75098285714,3872.38636428571,3743.80307428571,3825.38641571428,3707.49996971429,3737.71643857143,3764.91953642857,3894.54527571429,3914.74689571429,3920.23725714286,3821.89988428571,3728.14687857143,3774.21761028571,3784.62164714286,3830.72275571429,3783.59751714286,3933.82204428571,3843.08600857143,3747.650155,3801.06061428571,3856.34770428571,3911.05044357143,3952.82978857143,4012.50635,3880.606175,3949.92178071429,3955.64497785714,4001.89830571429,4077.07978357143,3863.78293785714,4216.23495714286,4211.08680285714,4260.32389785714,4373.61548,4312.50486357143,4184.21555214286,4131.88838857143,4176.16862857143,4064.64846428571,4121.15370928571,4133.84268571429,3915.72241428571,3956.83991428571,3935.20593571429,3867.37203642857,3951.75906357143,4003.77575714286,3934.23584285714,3893.15639285714,3867.77030714286,3891.19492142857,3886.45408214286,3892.73717714286,3879.64848442857,3845.14711857143,3785.85445714286,3837.38727142857,3915.50898285714,3901.84805857143,3943.35365857143,3896.24047857143,3904.33390857143,3879.58789857143,3841.69410357143,3896.53990857143,3958.68955857143,3921.35316785714,3990.62902571429,4158.48711142857,4056.01427142857,4119.89232857143,4092.98365,4025.152585,3937.84169285714,4071.57647928571,4068.37100642857,3967.89440714286,3940.28682142857,3852.28741142857,3932.94376428571,3906.69961357143,3813.47750857143,4005.34684857143,3894.42028714286,3937.86804714286,3833.89252857143,3833.72162857143,3832.37016,3801.61739428571,3745.81929428571,3782.49477328571,3840.84512428571,3783.76484428571,3908.94637,3897.5172,3888.8796,3923.52735,3781.40793571428,3884.78661571429,3781.3849,3908.63071428571,3926.07015285714,3857.44623785714,3981.06637857143,3928.62112857143,3897.86192928571,3860.78463214286,3984.02631214286,3902.87465571429,3964.04079714286,3928.47151642857,3934.62111357143,4082.82729285714,4071.51554285714,4082.38830428571,3976.03272214286,4065.75807214286,4079.98395,4096.68482142857,4176.77280428571,4115.27496428572,4129.54651428571,3991.71926214286,3773.13038,3869.10183571429,3820.88245571429,4013.86609285714,3914.37098571429,3977.41207142857,3909.711775,4094.09563714286,4359.67395714286,4357.90515714286,4156.40692142857,4090.67855,4295.49031,4314.3043,4203.97667928571,4125.26052428571,4258.47334378571,4194.63894714286,4044.402785,4219.07960642857,4126.99805714286,4252.35637857143,4350.65174285714,4251.54014735714,4265.45433571428,4171.09858571429,4190.5864,4182.44900714286,4272.79499714286,4167.47093285714,4170.91814714286,4234.81916714286,4138.09790714286,3962.70965714286,3926.69349285714,3961.95508571429,3946.12089285714,3858.35802714286,3932.06046214286,3853.29496714286,3839.69664642857,3879.23307142857,3938.52837857143,4081.04882785714,4030.70684014286,4001.11291142857,3998.98392714286,3762.77340071429,3837.97801285714,3892.38588571429,4012.50587142857,3928.74607428571,4270.94272857143,4173.07874428571,4069.12075071429,3848.60615928571,3939.63034,4069.29716428571,4134.79127857143,4147.77986714286,4028.35471428571,4057.72905714286,4027.13921642857,4035.25306642857,4039.79363071429,4045.22343571429,3910.97837785714,3860.18201428571,3813.90493571429,3833.17203,3841.01323728571,3729.17304428571,3954.544682,3909.63632428571,3983.76860714286,4031.57453642857,3867.83125714286,3799.71606214286,3832.35758285714,3820.79977,3822.567874,3869.32366714286,3926.71069928571,3928.495695,3950.68915214286,4054.522645,4164.64635214286,4161.29790714286,4124.91340714286,4251.33513071429,4242.63226428571,4425.01297857143,4315.29662857143,4295.3294,4177.31479285714,4099.99854285714,4230.85494285714,4094.66351,4147.049775,4038.58893071429,4042.04148928571,3974.53045357143,4030.80413857143,4131.27508357143,4135.42762571429,4289.25245642857,3974.43262142857,4168.87219571429,4151.40471714286,4067.39430285714,4029.77292928571,3980.76382857143,4054.93137857143,4039.55402142857,3966.96507142857,3923.04322857143,3949.42625714286,3951.462685,3953.623985,3758.26458,4001.84330357143,4177.48482428571,4069.73777857143,4246.87482428571,4162.99757142857,4161.24865,4022.62710714286,4043.98999285714,4027.70027142857,4032.08998571429,3982.69873571429,3901.82567142857,3975.61195142857,4044.71368142857,4011.38580714286,4093.86942928571,4050.22835,4067.28319,4035.05915,3978.23050857143,3777.73445714286,3794.72653714286,3749.186915,3813.56308121429,3936.26855692857,3855.76403692857,3835.90434021429,3941.43706664286,3855.4445145,3921.17766521429,3861.33426592857,3989.38040714286,3868.90562928571,3913.33988928571,3989.42628571429,4013.3823,4056.31452857143,4186.36569285714,4170.6893,4106.33515714286,4120.6085,4048.61483571429,3840.44063571428,3848.03400857143,3751.96034,3792.12731142857,3773.07849142857,3868.65876,3853.56541142857,3914.91874857143,3933.48343857143,3895.01586785714,3795.86787142857,3826.27763571429,3923.06077285714,3944.48677285714,3979.58300785714,3979.05560785714,3834.28090142857,3774.72369642857,3847.99948428571,3901.68867142857,3864.58244285714,3900.83884235714,3964.43193735714,3935.54159,3851.23901428571,3873.38250285714,3818.20957142857,3811.31811642857,3801.50391142857,3792.88786142857,3823.58896142857,3765.37241142857,3843.46350142857,3911.26596357143,3888.07474071429,4082.58247428571,4147.22557857143,4159.21274714286,4066.71253857143,4166.29183785714,4176.46804785714,4141.3282445,4220.69680357143,4216.58497357143,3998.95112142857,4003.8489,3869.76635,3917.75105,3788.26352857143,3791.89498142857,3818.41434,3907.73904428571,3856.67279214286,3773.59540642857,3820.95757428572,3922.90055071429,3981.19711428571,3874.95660357143,4186.89279285714,4045.13081857143,3985.44459285714,3841.80548,3965.1452165,4000.07512857143,3957.97699642857,3915.26253571429,3860.87578571429,3970.85793285714,3904.97153,3941.60273714286,3790.35508214286,3839.87103142857,3856.39479857143,3782.04735942857,3872.41474285714,3757.893984,4012.23557142857,4163.88259285714,4168.55530714286,3939.81349285714,3978.23907857143,4039.68589285714,4019.16879428571,3916.06411142857,3922.37034285714,3897.20634928571,3942.55111785714,3957.80780835714,3890.40842621429,3853.34686764286,4070.9144855,4001.48841907143,4059.72059214286,4007.83107928571,4026.30930928571,4003.86699928572,3859.48069357143,3985.72834357143,3819.56706285714,3735.24723285714,3789.03433357143,3833.93614357143,3804.92757357143,3891.29969714286,3937.25881214286,3798.57785714286,3775.82462928571,3756.38855571428,3851.829195,3998.64111785714,3938.12286142857,3981.69362285714,3915.22446857143,3855.04626214286,3788.34281785714,3848.50774285714,3927.23644285714,4000.64299928571,3934.24934785714,4033.25245928571,4040.40888857143,4067.36944285714,4206.02009642857,3932.64405714286,3875.41455714286,3934.48395714286,3885.2201,3901.95575,4032.332345,4038.858,4138.85155,3956.41167142857,3999.08859357143,4159.80497857143,4057.54179357143,4024.12518464286,4042.33970714286,4143.08849285714,4212.7054,4103.71184285714,4082.20125,4012.39127142857,3997.29834428571,3902.74489928571,3821.75199,3833.49261214286,3921.23773714286,4024.28976428571,3977.54608714286,3975.71053714286,3888.45615214286,3873.49418357143,3789.09536428571,3746.49507071429,3897.01603571429,3854.6386,3960.72595,3970.7522,3950.07274785714,3876.77535571429,4012.34313571429,3988.74970571429,3758.91522928571,3747.72460857143,3781.41830071429,3790.11296071429,3853.16075714286,3793.34289357143,3966.68994357143,4127.22390142857,4133.30190714286,3901.46627857143,3824.54400142857,3899.00752857143,3961.21313357143,3979.44328928571,4034.35646642857,3674.17603928571,3833.49350714286,3820.87774571429,3747.61877,3818.60161642857,3764.90297571429,3870.11526142857,3828.02323,3892.001215,3693.49601714286,3837.34005942857,3802.93947857143,3869.11813214286,3864.24720857143,3970.40489214286,3953.24305357143,4015.48494,4042.0684,3931.73549357143,4011.33304285714,4105.60040714286,4086.39160714286,4078.68369357143,4099.13803214286,4023.09133714286,3857.32352357143,3965.20190071429,4049.05261571428,3979.05233571429,4048.96517114286,4129.92505828571,4162.44281428571,4161.23492357143,3960.07179285714,3902.18724285714,3980.91056785714,4020.47463285714,3985.60761428571,4020.22394642857,4043.00243,3881.06080928571,3931.71495785714,4092.41994785714,4038.11226142857,3964.85819785714,3870.89016,3881.41403571429,3896.51998285714,3981.15809142857,3958.46590071429,3971.87723357143,3904.91279928572,3985.64023785714,4061.08604928571,3958.04099285714,4128.10062857143,4144.36467857143,4089.02347857143,4057.05007857143,3924.30604857143,4029.48100714286,4071.76238142857,4119.40746428571,3849.43273285714,3771.34132285714,3872.29929285714,3807.11650428571,3876.83009285714,4058.18266428571,4093.12141428571,4010.7407,3996.09261,4033.20724285714,4032.42828857143,4077.42112071429,3978.93948571429,3846.83006142857,3750.54213142857,3710.15552857143,3711.07250857143,3827.04997857143,3814.26662857143,3873.46653714286,3978.47102857143,3930.57453571429,4010.84732857143,3920.76820714286,3853.57648214286,3745.29455328571,3723.81352828571,3946.90237857143,3905.40707714286,3865.45737714286,3874.24343214286,3877.54207957143,3850.93832957143,3824.97343457143,3874.31242957143,3902.60719357143,3810.765515,3878.72139,3974.83655714286,3896.28648214286,3939.89646428571,3827.70841428571,3847.35504571429,3919.01390285714,3737.35953142857,3857.52333285714,3832.95389278571,3788.79900278571,3866.59581428571,3773.09546214286,3827.53435357143,3879.47225857143,3924.972435,3834.5187,3843.13640142857,3882.28095142857,3867.65583,3868.47862714286,3939.09125142857,3847.63732714286,3861.42818142857,3946.54574214286,3884.10117142857,4039.60938571429,3982.68783285714,3963.87125,3968.57973857143,3958.49226428571,3918.09366428571,3902.49754285714,3903.65460785714,3913.731885,3975.5973,3947.56298571429,3869.93074285714,3888.55937142857,3857.17032142857,4037.38188071428,3987.37248071429,4011.94798571429,3882.78673571429,3833.92822142857,3848.73061642857,3901.88454785714,3908.31324785714,3856.86920285714,3937.15162,3963.93404571429,3800.65212,3952.27303,3883.70388785714,3914.04350071429,4163.09740428571,3994.7642955,3960.9723955,4058.50263571429,4056.21975714286,4233.45903571429,4241.84405714286,3939.88693214286,4143.19119714286,3972.44690428571,4089.96056785714,4007.60819214286,3969.47003642857,3760.97200214286,3776.59093428571,3750.70277714286,3743.58178214286,3872.54871357143,3863.09775142857,3907.23657785714,3894.55919928571,3971.38558428571,3998.61414857143,3906.29017714286,3901.28084,3989.40278142857,3882.07477714286,3942.13331142857,3875.59827642857,3884.08597714286,4234.81321714286,4198.62950857143,4159.385805,4101.65587714286,4174.97286214286,4185.83126357143,4105.11234857143,4049.76294857143,3925.51157642857,3897.03245,3940.7845,4005.41077,3900.11888571429,3801.13122857143,3939.34962857143,3926.40498,3881.06611071429,3934.74406071429,3994.46166642857,4043.15766642857,3996.08292642857,4096.83415714286,4105.93103571429,4021.20533571429,3984.44870714286,3835.85165714286,4095.77172928572,4046.71222142857,4162.13225,4089.54898571429,4175.84437857143,4075.94727571429,4243.63683571429,4231.68689285714,4217.84175285714,4140.52616428571,4187.3055,4184.6181,3965.46207857143,3856.10705714286,3821.65452571429,3769.49084428571,3841.18577,3863.64832571429,3792.68711214286,3731.38836214286,3777.48876214286,3893.47725214286,3958.93293642857,3795.71839928571,3755.10109928571,3898.55791071429,3833.23384642857,3880.49233214286,3893.70866485714,3930.66788571429,3813.31983857143,3849.40420142857,3769.01677642857,3860.83337357143,3805.53274071429,3768.05195714286,3795.41921714286,3897.40761714286,3858.30690714286,3905.87748428571,3934.89987214286,3956.16265071429,3976.76080071429,3943.15425428571,3941.22955714286,3792.63608142857,3886.82592857143,3912.52868357143,3887.16961071428,3930.26521071428,3898.96296714286,3937.14624714286,3927.048455,3935.44492571429,3881.40002214286,3884.73607142857,3937.25619428571,3843.05810571429,3772.99293428571,3880.82484285714,3799.49635714286,3741.23427857143,3809.59964571429,3821.45929,3920.85004,3918.98908857143,3960.93884642857,3871.32174571429,3827.09630571429,3801.48469714286,3863.75686571429,3806.7677,3861.80545357143,3900.60455857143,3848.23407,3903.46795714286,3889.96432785714,3870.48724285714,3842.06799428571,4029.92237142857,4150.84835142857,4087.70277857143,3975.85512857143,4038.84167857143,3988.8437,4050.60551428571,3954.17688571429,3950.1424,4001.80602142857,3948.78859285714,3961.39252857143,3906.44069857143,3924.87697071429,3962.95960714286,3998.99397857143,3928.94817857143,4051.11105628571,4127.09794628571,4017.07838914286,4041.10037714286,4097.80657857143,4178.94079357143,4225.06011857143,4073.36538857143,4102.78983857143,4101.23384857143,4083.48409357143,4135.24707857143,4047.54898571429,3984.58451428571,4071.48082357143,4037.91426357143,4022.74879,3766.68473214286,3811.10995071428,3762.24764142857,3911.04563071429,3810.28581957143,4037.57948071428,3911.73123142857,4074.01633428571,3881.48363071429,4044.69820571428,4008.36141071429,3946.56223071429,3789.32364571428,3838.28525,3785.606375,3889.35063060714,3965.36706285714,3965.34357142857,3888.57223442857,3913.38836428571,3793.46437571428,3912.79068928571,3920.82837142857,4030.62847857143,3859.93582857143,3878.30532571429,3886.43407857143,3947.05903428571,3885.90496,3843.79823714286,3819.69368714286,3783.37627,3881.52304,3851.32410142857,3836.62873285714,3879.91242428571,3919.11611785714,3941.32724142857,3874.48882285714,3955.43462142857,3922.20483571429,4021.96488571429,3989.31360428571,3805.01818714286,4021.18310714286,3995.97609142857,3918.32062571429,3777.99552571429,3883.18800714286,3818.88795142857,3843.35028142857,3950.03687214286,4085.10990714286,4151.61023571429,3979.89450714286,3997.33312142857,3995.30696428571,4002.69961928571
438.204081632653,4267.15320102041,4101.03922285714,4220.84583142857,4426.97148142857,4369.45656530612,4364.75014989796,4444.22374153061,4449.47085846939,4401.92760846939,4362.61619989796,4370.25509459184,4237.11731459184,4312.83175683673,4263.07443030612,4261.27639285714,4282.14544244898,4342.92377244898,4272.10497244898,4332.35305581633,4369.94707331633,4328.65610581633,4362.35954346939,4301.80327755102,4283.85598714286,4395.97271020408,4461.22710020408,4358.63274795918,4421.87289795918,4174.09680069388,4148.74736091837,4176.0166122449,4261.56860336735,4231.46805959184,4096.67232438775,3958.87359673469,4224.143405,4130.27190295918,4093.08329693878,4290.5013622449,4259.34179693878,4311.40733,4217.60479530612,4360.76418510204,4380.87429285714,4423.83571214286,4546.1423044898,4438.60739387755,4433.70292969388,4401.65533061225,4328.22198295918,4104.58447397959,4119.56704397959,4046.18626897959,4051.93302897959,4011.53041530612,4132.99466020408,4041.12610102041,4116.70251836735,4048.94084081633,4076.89445306122,4064.23261020408,3993.07709653061,3989.32624183674,3928.56928183674,4015.43590183674,3958.88776183673,3940.69387612245,4008.81227714286,3900.3626044898,4188.40331204082,4058.39852204082,3974.63796354082,3965.46576357143,4009.33474459184,3925.16209816327,4029.78731489796,4011.14878877551,4043.51323204082,3891.77176438775,4075.51778612245,3966.22634612245,4100.57381612245,4089.41561612245,4100.21460112245,4022.31906112245,4089.03805612245,4106.64990714286,4042.35872959184,3995.03278918367,4034.39215530612,4109.57352204082,4197.91524204082,4059.74623030612,4376.70872381224,4235.80218877551,4172.56932040816,4170.9235877551,4277.19018571429,4249.00328153061,4327.44994591837,4293.34682908163,4275.26478428571,4246.22321428572,4172.2378622449,4195.75321734694,3975.86670020408,3933.63836020408,3985.2554877551,4076.40768795918,4266.55641938775,4166.59809795918,4006.10262244898,4027.64290571429,4116.56793897959,4150.15947612245,4214.02200142857,4041.74054591837,4123.89739346939,4238.6353427551,4232.12898867347,4265.98913367347,4303.86444081633,4541.51441632653,4501.13331081633,4506.93728469388,4500.6557944898,4446.31195979592,4462.66062612245,4428.46767612245,4521.47221020408,4649.00059326531,4658.27771326531,4267.31800918367,4425.35761326531,4274.29209795918,4395.80853326531,4274.28143607755,4287.62206385714,4211.4810422449,4246.41667959184,4215.38488265306,4227.90284285714,4284.36104591837,4189.52585408163,4188.85550408163,4164.77085408163,4178.4284,4166.30736326531,4204.94943857143,4448.89536142857,4389.60219183673,4326.10721683673,4358.59190183673,4356.63189102041,4333.73841683674,4347.72156510204,4408.9364822449,4354.52161469388,4298.31969214286,4310.44969326531,4402.35141734694,4450.88309765306,4283.35734765306,4358.86739765306,4413.82488091837,4386.31664755102,4531.25008448979,4465.15635367347,4381.82632612245,4349.99806114286,4414.08584969388,4302.60860510204,4383.80757010204,4397.7850877551,4359.46785479592,4260.96136581633,4306.34821632653,4446.25172530612,4406.82941030612,4552.06058530612,4656.55050581633,4569.95912448979,4635.94235989796,4716.10890071429,4768.10662816327,4853.38651132653,4780.83370132653,4810.12885785714,4601.2460105102,4566.70309285714,4473.45274765306,4540.36041969388,4580.12836571429,4444.34091816327,4483.97917479592,4752.61785153061,4734.58613836735,4691.15153808163,4726.12487244898,4601.53997510204,4744.93834326531,4738.86874091837,4701.94987846939,4608.78308816327,4538.76049642857,4472.86181663265,4598.93840591837,4571.0754544898,4539.55192530612,4436.0556155102,4568.88249306122,4395.22419306122,4303.54995714286,4303.77048561224,4241.92097397959,4216.86049591837,4182.90701897959,4148.51286479592,4327.94482459184,4275.48767459184,4223.91742061225,4173.62960446939,4299.47353,4113.99568857143,4094.07013969388,4080.73267588776,4038.50437588776,4085.19887588775,4010.59899897959,4117.57663163265,3908.61282040816,4095.62902653061,4241.35926479592,4199.62436520408,4173.99684265306,4218.74356428572,4077.79238469388,4177.99091877551,4299.32769938776,4506.52065,4562.95869734694,4331.50092755102,4425.03437755102,4186.49168061224,4344.44769897959,4351.25509142857,4375.59449142857,4329.65251163265,4391.08151091837,4511.85780438776,4402.56382346939,4262.82176428572,4152.85608877551,4130.09445612245,4220.69366326531,4271.02243061225,4508.30365204082,4407.98614183673,4640.48164795918,4572.22822969388,4631.21042969388,4743.2362472449,4610.53334520408,4489.51848739796,4460.99382244898,4347.17708265306,4449.53740734694,4378.57545734694,4384.90790408163,4322.28139908163,4461.21544408163,4489.33383268367,4610.56078918367,4654.13247857143,4577.2819294898,4573.98817581633,4504.07348877551,4557.82384857143,4466.20175326531,4515.99411704082,4301.81208540816,4386.64307489796,4085.15907346939,4130.56981734694,4359.88345816327,4266.37715255102,4277.58741918367,4292.93019816327,4229.99504918367,4142.99872530612,4282.69876612245,4107.34808010204,4021.34956510204,4288.65241265306,4209.7676427551,4201.14102540816,4200.95776976531,4111.39570795918,4123.59284387755,3981.2603227551,4043.7928727551,4038.2127744898,4249.52555122449,4151.37228244898,4273.03563581633,4253.36948387755,4364.94031255102,4225.32304530612,4173.43297530612,4236.79960673469,4024.86489673469,4071.86490857143,4136.8632544898,4101.84061979592,4131.49299204082,4268.28453693878,4450.70494816327,4484.70359265306,4578.32509418367,4431.90953346939,4371.54067020408,4314.16117755102,4381.47130255102,4275.13887653061,4206.49872653061,4292.18871938775,4294.72961887755,4310.58537714286,4164.99688785714,4261.03456285714,4080.9410162551,4018.08234857143,4175.47013857143,4016.31506295918,4032.90036510204,4033.97253806122,3927.62930765306,3876.75845683674,4095.47749510204,4068.42918663265,3968.95623877551,4024.79553795918,4147.09544285714,4148.45011326531,4080.01876530612,4154.61121122449,4234.23230989796,4233.38353367347,4264.7046822449,4203.73514834694,4292.1772377551,4049.66960530612,4065.96470204082,3972.94413265306,3909.91025581633,4061.95725489796,4082.37880673469,4168.41737816327,4083.24780408163,4234.08740510204,4210.65015326531,4109.58378571429,4194.15870816327,4149.52503142857,4305.86918734694,4476.38686816326,4456.08909397959,4357.12332755102,4415.25511295918,4277.28138653061,4367.22370612245,4334.45561612245,4445.30446387755,4212.70294765306,4099.00613969388,4214.69604591837,4155.71474714286,4048.73732877551,4306.59655693878,4224.35629081633,4116.08899081633,4153.22316122449,4264.71979183674,4346.02146989796,4270.72348744898,4204.32496969388,4148.96165336735,4181.61669826531,4204.68993826531,4339.62984285714,4325.19622653061,4331.2954877551,4351.8299255102,4317.32966040816,4417.20375346939,4248.20749836735,4408.23496836735,4451.43331836735,4395.25014836735,4610.11205448979,4682.6352944898,4582.6251944898,4410.9089444898,4388.91907795918,4387.69611714286,4375.08983489796,4349.82698030612,4421.73869591837,4351.56499418367,4207.65594571428,4199.33833591837,4170.20750020408,3994.01848040816,3983.40462061224,4017.93867061225,4029.37438561225,3967.69837561224,4028.41458561224,3977.44149961225,4059.32082377551,4045.44925734694,4080.44185234694,4090.20434734694,4103.54999122449,3950.71740102041,4255.52706122449,4260.67472040816,4220.27834795918,4279.56467653061,4145.00203132653,4098.9431674898,4023.2291194898,4171.9060744898,4283.53873265306,4205.05802857143,4197.17834387755,4253.93909489796,4255.36230408163,3991.82859693878,3923.63323469388,3992.25902857143,3847.32742857143,3903.25406632653,3950.60871530612,4024.79742755102,4106.92712755102,4175.2152790102,3993.8111377551,4091.28866530612,4091.40354387755,3987.24926387755,3979.82579387755,4010.39044387755,4033.97206938775,3969.22341020408,3927.74141938775,3967.71536938776,4097.63396938776,4166.34223346939,3986.22743979592,3862.82288367347,4063.83020142857,4014.48454454184,4353.93130867347,4247.52275734694,4302.9466555102,4389.89524285714,4329.51822857143,4405.61077520408,4397.80866428571,4481.20158653061,4402.08702234694,4479.10068734694,4352.60653153061,4598.3823122449,4543.93878163265,4609.56739081633,4501.39922581633,4585.76492683674,4501.76442653061,4448.86658979592,4330.94196602041,4701.75427142857,4705.31521602041,4699.13576367347,4567.96740530612,4619.71020428572,4616.59574612245,4730.64566734694,4628.5639555102,4505.04997887755,4342.38254316326,4298.92437959184,4237.05657755102,4238.51307755102,4121.88176122449,4120.96482918367,4254.36839459184,4321.90005142857,4360.36365734694,4326.37469612245,4257.25827734694,4212.631475,4255.55722591837,4247.90074142857,4432.00638642857,4474.47477142857,4418.59633959184,4391.0332744898,4290.74295836735,4496.33644683674,4521.8273859898,4412.56562816326,4331.66959081633,4401.18427142857,4527.04544663265,4483.46801663265,4516.63649581632,4359.44432061224,4352.04237214286,4497.49166540816,4486.02849091837,4439.43767081633,4503.46757081633,4515.33246326531,4522.02047663265,4446.30458204082,4471.61772704082,4527.54125010204,4614.81005071429,4469.83801336735,4426.57181479592,4214.31103102041,4279.39373204082,4189.35730112245,4350.57742877551,4429.45073428571,4396.0432527551,4198.16047489796,4151.17225265306,4227.77417306122,4152.2535377551,4181.75668102041,4184.10665,4154.39271469388,4193.47183979592,4348.63778938776,4247.06868714286,4090.24641214286,4141.49728877551,4388.88611530612,4281.29743081633,4374.9825,4211.54513081633,4144.96484020408,4090.43532469388,4294.79863083673,4313.55121244898,4284.63954969388,4202.42981465306,4144.96057612245,4150.77000836735,4176.24061979592,4119.20246540816,4233.55358040816,4069.11952489796,3968.32102489796,3908.59018489796,4096.10396755102,4025.44846806122,3911.48273234694,3871.88660061225,4095.32529561225,3901.6097,3877.90468704082,4065.80332244898,3913.23296622449,3987.66213867347,4061.63203357143,3983.35720897959,4144.05760014592,4337.55783197959,4150.27690408163,4119.31465408163,4142.26153979592,4146.41698979592,4049.43033979592,4178.24185510204,4045.77064357143,4072.36734387755,4108.81859387755,4059.1948,4244.04568040816,4404.81037040816,4408.10495591837,4409.40096734694,4193.32340867347,4166.60916734694,4181.40094183674,4069.97037306123,3978.60659091837,3979.57014591837,3944.72460591837,4000.36776530612,4069.13466030612,4028.97462867347,3934.33108367347,4022.3366755102,3971.0163055102,4114.0148270102,4273.6273755102,4337.7431255102,4314.5338255102,4340.08594418367,4581.54349438776,4441.43495438775,4106.12461663265,4045.46258663265,3945.99587071429,3979.91049571429,3872.83106571429,3996.03246112245,3851.93346979592,3731.44268979592,3821.29513836735,3771.76577735714,3783.22876285714,3807.74172132653,3851.50286632653,4222.30136632653,4141.05168244898,4071.40730795918,4424.96069795918,4199.87723795918,4326.90379540816,4147.30310204082,4278.87054081633,4311.2626744898,4099.95321846939,4245.14388244898,4111.78543244898,4029.00552959184,4113.11850612245,4020.14399571428,3960.21959846939,3950.08610183673,4029.60741295918,4069.18893867347,4249.73578265306,4182.16571632653,3916.55006530612,3923.72994132653,3869.01048132653,4081.84646989796,3985.18467846939,4048.89307632653,4065.9146855102,4058.59471214286,4102.7092344898,4013.33023338776,4109.20562714286,4106.5799044898,4058.98261306122,4256.77878806122,4218.76339734694,4086.11875255102,4202.42185255102,3976.04016128571,3807.21151128572,3883.47139387755,4054.88465816327,4062.42293102041,4058.93162387755,4037.21251887755,4158.63181887755,4243.79106969388,4240.54355530612,4133.46153591837,4318.53420510204,4294.17662459184,4188.11316765306,4210.26141765306,4227.6528944898,4226.42089734694,3998.73394571429,4211.66951122449,4283.43801632653,4428.81013357143,4236.99363367347,4451.17348163265,4354.42082346939,4279.85802867347,4507.28982816327,4433.51402918367,4273.76276632653,4326.73797285714,4138.47726091837,4099.72936091837,4085.02996285714,4192.47666285714,4022.17528897959,3842.3589772449,4103.70964132653,4054.37244530612,4145.95533530612,4388.53639530612,4368.83125489796,4459.63769459184,4439.68646183673,4597.39353602041,4347.80689530612,4293.75287367347,4320.18700836735,4130.57903887755,4064.08576744898,4113.27186428572,3956.57640408163,4091.80978928571,4147.61731734694,4057.66518469388,4040.16736122449,4189.45016112245,4109.61425112245,4192.36012112245,4246.95842479592,4065.00644142857,4121.46979142857,4055.20905510204,4209.21498163265,4083.7608755102,4067.18931020408,3986.92068612245,4085.29700142857,4136.48006979592,4128.12607469388,4432.24153122449,4531.81930897959,4415.9504277551,4450.81462428571,4438.22554040817,4554.93062540816,4616.49404183674,4477.7497755102,4421.8513622449,4602.80548571429,4635.24027571429,4597.48527877551,4538.28761653061,4575.51001153061,4299.67901653061,4454.49786653061,4436.90486653061,4336.01922163265,4424.65759183674,4371.92864285714,4356.29350846939,4313.03354408163,4403.04312928571,4395.14755693878,4457.12603346939,4413.09621306122,4388.16059979592,4308.43490734694,3973.46273132653,3953.27485612245,3906.87840418367,3928.03767255102,4006.78077285714,3995.36161183673,4022.33717653061,4113.64388602041,4089.50896244898,4214.46653193878,4301.83529387755,4363.29779387755,4326.1776884898,4216.10615277551,4353.56785714286,4404.77281673469,4354.35246930612,4283.87946930612,4265.60757816327,4225.50392316327,4297.07949367347,4192.77478265306,4161.43787244898,4212.25747408163,4236.89034938776,4276.94390734694,4314.65775469388,4374.09370867347,4468.44291785714,4499.83641785714,4278.44629091837,4350.96917530612,4286.00666142857,4299.25001030612,4117.43871857143,4288.81400816327,4378.26652530612,4281.87168061224,4146.86617561225,4146.29973795918,4142.88169183673,4186.32997346939,4242.58522346939,4155.52679081633,4332.77753387755,4322.56481387755,4312.13578387755,4188.98141489796,4213.71974132653,4124.02950632653,4253.46505683674,4363.34214183674,4459.17459051021,4549.6352405102,4572.4284905102,4462.43305071429,4488.95498102041,4409.24221428571,4221.82681428572,4243.99846428572,4299.3530472449,4141.88456428571,4229.29263061224,4244.96343061224,4133.32024711225,4241.41601663265,4304.50563479592,4301.3130527551,4257.67720989796,4158.30976806123,4120.82915193878,4164.39931010204,3920.58056479592,3997.2368767551,3976.42530408163,3934.60812255102,4030.79768510204,4097.18585836735,4061.62713234694,4212.5283244898,4128.88342755102,4195.93225918367,4189.37950571429,4133.76373081633,4059.62975632653,4273.1229744898,4175.4983355102,4108.11694081633,4278.00122571429,4313.81329653061,4295.05807653061,4154.37719714286,4325.32033234694,4424.47814357143,4389.09680714286,4539.86459081633,4349.57829795918,4383.82894591837,4341.2606922449,4082.41583867347,4244.06400244898,4300.93352255102,4364.26413163265,4319.63255714286,4361.66048081633,4314.85158928571,4301.16622785714,4385.63305979592,4395.59022571429,4454.84055816327,4355.28213581633,4498.02501326531,4509.71805204082,4459.56517255102,4418.28866836735,4405.26374081633,4283.09540357143,4351.47463693878,4434.85159591837,4361.06802602041,4204.32967397959,4337.08951397959,4211.80105306122,4283.19355306123,4201.54830061225,4301.59915483673,4158.02390204082,4057.86344591837,3921.29070714286,3996.93060714286,3939.7734622449,3997.4032122449,3980.11643061225,3855.39024081633,3848.51253571429,4026.99551071429,4203.01753367347,4342.50228367347,3976.63647857143,4061.27509387755,4151.17049459184,4067.67802653061,4112.19616836735,4011.36151836735,4137.02299071429,4035.19129612245,4087.97915204082,4290.59194183674,4302.34774693878,4098.8228844898,4152.46971836735,4101.53234336735,4090.76304897959,4109.80797142857,4182.16171846939,4172.3070777551,4173.94703142857,4180.52528142857,4167.09700795918,4196.36803795918,4236.22383897959,4228.99903846939,4183.07579081633,4169.63459081633,4233.71064387755,4065.61133785714,3980.50242153061,4086.02487142857,4001.18781469388,4176.41510632653,4086.55522346939,4129.46558265306,3880.34166081633,4012.53546857143,4037.08232612245,4055.5367977551,4089.4054277551,4386.64369387755,4367.54747520408,4105.64727989796,4178.32753877551,4149.55862102041,4088.71269581633,4186.91690714286,4231.05422408163,4255.52393408163,4090.56678479592,4051.94536765306,3927.97560265306,3868.63610591837,4006.00721040816,3840.94637306123,4057.52468918367,4030.17749816326,3914.50267061224,3897.90548040816,3832.58729336735,3862.39388193878,3832.70711908163,3876.59552244898,4130.83392346939,3958.90422946939,3944.38497836735,3907.39526397959,4117.87579897959,4161.09675397959,4236.42372744898,4221.52390602041,4038.98285563265,4119.61140367347,4074.19705428571,4166.62026306122,4243.8578177551,4221.33656857143,4381.14466244898,4206.40888673469,4380.17522979592,4203.29569071429,4347.19127489796,4141.30050561224,3998.1537755102,4072.78214612245,4033.66461234694,4184.14670826531,4009.39433979592,4058.53424938776,4116.98763816327,4264.18620346939,4212.4400055102,4030.58307959184,4163.36953367347,4169.09426357143,4263.91966102041,4247.13579959184,4372.64259469388,4336.75606632653,4245.58298469388,4129.24341632653,4223.35185816327,4006.16341010204,3995.65688591837,4101.35305030612,4145.70252959184,3937.37859102041,3868.34738163265,3933.53880918367,4067.36536714286,4149.94250663265,4239.1921277551,4087.2236777551,3867.24156418367,4166.15354928571,4022.07003528571,4053.86885712245,4020.02225977551,4069.55856589796,4103.23009140816,4092.18498630612,4000.96134202041,4058.30283857143,4093.74022663265,3968.48540102041,3964.20558193878,4068.49839836735,3970.25824622449,4019.91864265306,4015.72303765306,4235.55530653061,4186.71660703061,4236.82185703061,4228.29341653061,4176.03106653061,4228.45786653061,4146.31741653061,4119.35532622449,4091.25284122449,4033.98125785714,3956.06765785714,3981.9941822449,3955.95055816327,4104.95367632653,4129.59815040816,4021.50248040816,4228.65539102041,4055.54194183674,4078.14979183673,4322.25711877551,4225.00234265306,4369.48495265306,4160.62752755102,4138.41222755102,4186.73106734694,4271.33498030612,4260.39443030612,4297.25121530612,4234.64400102041,4335.40606602041,4512.96375102041,4193.94798163265,4300.36776326531,4311.76647326531,4333.81134479592,4440.92864622449,4423.42200367347,4485.49911367347,4522.0345255102,4482.0557755102,4303.35084836735,4471.42473091837,4614.4923072449,4538.20476061225,4578.23609846939,4646.91955346939,4599.76860604082,4629.02117714286,4542.26129683673,4346.15930285714,4315.45776234694,4284.84826591837,4289.22985540816,4203.74824459184,4188.86252469388,4335.58743244898,4415.43558244898,4216.60914693878,4278.58738489796,4315.53663489796,4218.33462081633,4078.62520102041,4215.08018163265,4133.80683918367,4062.90347142857,4035.85497030612,4099.07733357143,4000.40105336735,4080.28550336735,4141.58496836735,4097.94506673469,4086.62051673469,4126.56973979592,4021.64836979592,4007.89170479592,3996.87436979592,4094.68704510204,4046.20255846939,4015.56681142857,3989.44551142857,3913.45450530612,4051.82995530612,3873.87185714286,3958.97137071429,3974.58360744898,4088.14038214286,4256.00326622449,4364.37146387755,4343.69315061224,4342.25786438776,4248.25236692857,4208.93876663265,4302.37861163265,4246.67645857143,4363.13850357143,4320.81890357143,4334.56844293878,4360.74361938776,4302.28874836735,4332.14919836735,4489.17965040816,4427.81357,4430.22094969388,4301.56959357143,4263.09349132653,4095.40210816327,4070.87742653061,4056.8361355102,3978.04825306122,3924.46103857143,3906.59675204082,4262.33874667347,4225.55031663265,4334.1981877551,4255.13726755102,4218.83553030612,4116.5418355102,4185.03307530612,4050.65717846939,4004.94884989796,3886.7113377551,4067.66241387755,4177.10473734694,4170.35779714286,4259.4215,4260.97886959184,4306.32679285714,4378.57199969388,4339.90975469388,4456.48746540816,4505.60183806122,4416.14504081633,4226.5575622449,4478.77415438776,4286.42424438776,4254.8841372449,4328.33595336735,4277.12695336735,4432.66999795918,4504.93145163265,4345.42288163265,4406.56753673469,4432.36415479592,4339.37745102041,4264.5508,4217.88520938775,4146.43503102041,4254.84521367347,3973.91205295918,4083.39762244898,4234.03092693878,4324.16489816327,4353.06458887755,4221.01268316326,4325.8907607551,4485.06650428571,4595.99702214286,4483.91686622449,4089.10021530612,4192.57526846939,4193.74391846939,4121.8537255102,4066.15890816327,4123.8466244898,4204.52068877551,4130.03134897959,4118.70924081633,4184.10194989796,4224.88250540816,4215.53226367347,4337.53076367347,4358.68003173469,4270.39381846939,4313.93567734694,4181.18095704082,4220.31617214286,4137.51781489796,4136.17875489796,4410.7959144898,4215.8664355102,4287.13679683673,4537.67410408163,4390.12567663265,4369.41829663265,4405.50633163265,4475.62813663265,4335.88877163265,4390.52695714286,4319.77038979592,4288.40918877551,4234.43543612245,4415.98111479592,4595.05537265306,4467.06276734694,4401.31405285714,4539.75171020408,4549.60446479592,4522.07651040816,4485.49719816327,4387.7899772449,4396.15086938775,4222.72483826531,4395.83575265306,4432.68143765306,4485.25690265306,4467.59025265306,4568.16583602041,4496.44285020408,3940.26594795918,4083.11784693878,4069.86444693878,4042.60959693878,4138.27678693877,4095.21387612245,4072.38414530612,4296.38346530612,4284.1766744898,4168.63122653061,4201.02868367347,4206.02860897959,4336.46429255102,4177.49846295918,4179.66061040816,4074.41458122449,4256.44957857143,4026.84476734694,4121.92393061225,4118.324635,4189.41118785714,3967.39167561225,4015.40187561225,4025.58820479592,4065.77722479592,4099.88174979592,3996.74486969388,4102.81653704082,4209.24683183673,4167.88911857143,4270.30405540816,4359.41459969388,4370.80040969388,4433.96396969388,4421.37146969388,4428.27793469388,4507.76600102041,4443.15545826531,4339.55120826531,4261.34450622449,4552.32794908163,4495.45135408163,4560.50337520408,4435.98553530612,4406.94025714286,4273.95649489796,4474.28539102041,4437.09423265306,4284.33043265306,4350.95246346939,4377.56804479592,4233.86653540816,4057.86970795918,4103.93691714286,4164.03548989796,4180.60929326531,4333.98330826531,4247.65928663265,4317.27739795918,4396.55337530612,4343.34452,4327.61805734694,4395.84376816327,4330.52529336735,4394.19828408163,4537.09225346939,4400.92393469388,4424.03689489796,4272.76934489796,4461.109605,4372.5834,4586.72389387755,4377.70859693878,4242.85621132653,4099.02578632653,4316.58331132653,4249.03507928571,4240.69586326531,4173.04882469388,4188.08552030612,4408.46821132653,4099.33467244898,4177.76708316327,3797.65885071429,3716.87425469388,3882.66366520408,3877.37718979592,3884.85290204082,3909.50517357143,3893.3186317347,3808.22482918367,3927.92296318367,4106.77872918367,4050.58907418367,4050.88137193878,4093.12975,4120.3990455102,4051.86285959184,4123.79979979592,4122.56981285714,4143.39227887755,4287.75830612245,4352.8132377551,4407.89611326531,4310.76141326531,4444.12758163265,4468.90255204082,4420.12300204082,4269.61456530612,4264.29112346939,4100.61750346939,3998.93094428571,4100.73718510204,3938.17983714286,3894.52276765306,4000.86093989796,3896.6883422449,3982.41813989796,4016.35520581633,4147.82717561224,4207.25435704082,4261.6203305102,4241.1699255102,4383.8746722449,4261.99650591837,4182.87759428571,4209.14671877551,4206.52720938776,4173.91510816327,4266.84047122449,4243.5171744898,4424.64543673469,4164.09518469388,4236.9939622449,4266.31784693878,4380.29137377551,4238.81975204082,4524.60626836735,4557.08882755102,4472.42708214286,4516.67967755102,4499.62027591837,4336.96646438776,4343.91628612245,4409.6883055102,4075.06268663265,4221.02987520408,4098.25243653061,4069.52400897959,4038.04145520408,4145.34935918367,4048.19880755102,4080.26470704082,4231.03459489796,4277.9611822449,4245.41527204082,4269.66325,4309.18805346939,4202.67402857143,4335.92813846939,4210.79165714286,4061.36402346939,4010.93184387755,4025.12829387755,3934.55473102041,3931.24567040816,3946.20919673469,3913.86214673469,3923.47380204082,4099.51820581633,4018.56063795918,3952.81611693877,4247.47536489796,4166.14616489796,4083.19877489796,4165.35765,4279.03602510204,4122.28026530612,4238.66981530612,4190.95892979592,4203.79927938776,4223.0117722449,4180.26819826531,4197.01473316326,4081.33017795918,4101.58081510204,4225.58375571429,4134.55262214286,4187.2767877551,4209.8531755102,4175.51295408163,4225.00370102041,4126.59769938775,3990.55864438776,4173.3073744898,4292.71320816327,4210.09044908163,4237.81686836735,4271.0994272449,4225.78740867347,4239.54121632653,4239.76908632653,3983.36546204082,3889.45217530612,4029.82946530612,4030.88175357143,4067.68328469388,3987.99259540816,4086.71600132653,3873.75876336735,3926.35024642857,3923.92164295918,3938.61249795918,3839.39436632653,3873.47476632653,4031.31896632653,3946.67679836735,3943.71479897959,3884.07445765306,3759.42687102041,3913.19458673469,3977.86043244898,3944.53991071429,3943.58006265306,3969.89656265306,3947.7957455102,3855.40199795918,4063.42892795918,3973.08453795918,3907.13016040816,4140.68425020408,4069.55959765306,4237.73609693877,4086.97158816327,4084.88771714286,4135.35678326531,4249.81094795918,4146.17368061224,4116.02196479592,4004.19029336735,4023.65360816327,3878.89635816327,3940.1364672449,4055.308761,4117.157535,4155.34611632653,4216.36828265306,4267.43601734694,4165.60014979592,4027.04459408163,3981.6548155102,4067.22772714286,3973.03368693878,4108.32668877551,3996.84892755102,3986.44852755102,3968.65523877551,4041.21841122449,4045.90960918367,4084.34938326531,4171.51060673469,3970.54407183673,3926.26959918367,3905.60559081633,3951.43393061225,3932.85683935714,3999.58060428571,4048.48851428571,3920.15599826531,4013.44244928571,4026.67363704082,4051.40683469388,3981.37752755102,4058.60323132653,4045.05666091837,3958.22652714286,3925.64656010204,3915.26364071429,3893.25413877551,3990.64933020408,4051.26300602041,4142.5017405102,4010.25246734694,4272.01928459184,4324.52136510204,4389.52020010204,4345.33062183673,4173.21635153061,4182.58384632653,4221.59169018367,3969.01721428571,4043.38416938776,4040.01347142857,4059.66341571429,3976.01473571429,3992.77102142857,4002.24251428571,4144.66012204082,4068.46927959184,4102.9333377551,4088.12396428571,4011.64643479592,4014.84775612245,3964.51678091837,3989.60023591837,3996.36753806122,3913.20073979592,4021.93828979592,4070.14748979592,4072.67721122449,4171.05976122449,4527.46553561224,4675.26113061224,4756.08377653061,4663.29891334694,4503.95595959184,4436.30065918367,4492.28574285714,4640.10624918367,4776.59314591837,4718.0376972449,4675.4740472449,4642.69479081633,4714.86889285714,4608.77123163265,4529.70496632653,4510.42777244898,4474.84760918367,4507.39365897959,4609.05423540816,4477.34932183673,4275.31909979592,4199.5711722449,4203.37844969388,4025.49607989796,3963.74140010204,4104.87880985714,4046.52100102041,4172.86564591837,4116.26934438776,4096.24031581633,3956.84593918367,3997.69686918367,4092.54915326531,4095.29157755102,4090.7084844898,3968.78638755102,3966.11784061225,3982.94001714286,4084.16983367347,3903.75672755102,4089.18151397959,3971.68175551021,3967.36577827551,4026.12447183674,4118.48596632653,4218.81271102041,4134.02718428571,4182.84428632653,4271.11299567347,4491.06820510204,4394.02413142857,4242.74808163265,4303.82434663265,4374.21955638775,4302.36962581633,4364.56037581633,4328.95186081633,4318.22507163265,4674.49308163265,4485.99469979592,4579.36204510204,4572.49799510204,4479.41547864286,4525.72697609184,4416.73987109184,4709.38319047959,4516.38891945918,4450.19263377551,4399.79211367347,4611.56322765306,4450.16816346939,4323.52661918367,4186.5379377551,4497.53304938776,4558.72400071429,4238.68288979592,4194.72632857143,4292.7184177551,4309.01775612245,4317.62575612245,4317.57110612245,4336.65784142857,4322.39369632653,4247.88555795918,4280.87728785714,4395.73114683673,4334.83191091837,4155.66064040816,4201.26935959184,4184.42045520408,3937.31120734694,3904.36970734694,4016.55307234694,4177.27032234694,4146.76201061224,4301.23886061224,4330.13724540816,4184.53198040816,4308.92824846939,4390.68681632653,4168.97477204082,4342.96562204082,4507.45661959184,4284.17039795918,4331.00660408163,4277.63214346939,4477.95435889796,4469.64714234694,4273.02652040816,4296.26387959184,4356.71301571429,4342.01422387755,4475.55154387755,4225.73708397959,4328.15615397959,4231.17888897959,4271.62313397959,4176.88233112245,4158.65316112245,4229.61903112245,4159.80933112245,4247.88928612245,4329.51775744898,4369.87724306122,4410.33751714286,4395.773974,4332.83299489796,4120.91974285714,4405.74850234694,4374.60020387755,4335.57799489796,4195.33343214286,4202.77488673469,4303.14985255102,4231.24362755102,4492.39491877551,4539.25981163265,4255.76550602041,4326.00595571429,4230.23881846939,4017.88094561224,4004.71204510204,3924.86892081633,4002.88124204082,3979.80948142857,3964.95162040816,3932.54265612245,4094.5444622449,4033.16959785714,3957.81933469388,3909.47133265306,3987.22616428572,3970.92915408163,3902.27457989796,3944.00082989796,4031.84652989796,4119.16317142857,4274.93211142857,4228.32860632653,4280.2797472449,4218.15415030612,4307.89525836735,4127.47693836735,4203.64177653061,4114.14772653061,4179.19491153061,4278.85718653061,4264.77047653061,4318.69282653061,4189.33912653061,4155.29268153061,4214.58132753061,4156.79172153061,4252.52002653061,4206.48097653061,4195.21837653061,4169.96002653061,4127.44001020408,4240.75846020408,4271.61871020408,4282.79701020408,4103.86286693878,4320.18030306122,4176.08852142857,4203.58652142857,4181.19217755102,4139.22040755102,4066.30971255102,4132.17434387755,4151.27174387755,4372.76585785714,4126.63624081633,4201.75419081633,4162.33929081633,4370.45298877551,4339.5663197449,4201.46684367347,4247.55651367347,4552.1517855102,4322.9249355102,4370.7974355102,4489.35809673469,4579.49828673469,4469.20834765306,4314.03575204082,4289.98899387755,4346.21069183674,4309.54334183673,4130.17859183673,4329.10141397959,4171.41146897959,4265.38910367347,4299.36992367347,4367.1914977551,4386.4792777551,4460.1538122449,4383.87595010204,4223.97995326531,4070.35783255102,4288.37978734694,4199.96100234694,4260.53930034694,4332.26929591837,4286.42574091837,4318.00355632653,4229.11210438776,4263.67300438776,4307.13287338776,4224.01534438776,4116.24640908163,4066.89909408163,4134.91422959184,4369.26537959184,4388.09532959184,4341.81678061225,4180.90682765306,4097.72135306122,3987.79233061225,3955.01003979592,4051.56446122449,3961.30348938776,4115.83384244898,4248.33183469388,4266.43233469388,4207.79400469388,4346.83207244898,4308.66554285714,4392.59219285714,4362.72511183673,4252.75305183673,4305.19282132653,4347.49579132653,4329.79762765306,4359.58594428571,4437.91682062245,4265.86968265306,4264.53474897959,4412.89130816327,4312.74285,4357.03269520408,4105.67067744898,4029.03258469388,4198.10044969388,4192.47906938776,4084.40955102041,4062.68108877551,4108.78848877551,4101.59727959184,3964.36194959184,3980.67392204082,4045.59871204082,3947.14496204082,3950.34479204082,4046.57606714286,3937.69265714286,4125.11060714286,4153.20281714286,3985.72093142857,3957.99553785714,3993.71303530612,4059.78990071429,4081.82706571429,4164.25128122449,4177.96936122449,4059.09441122449,4139.05142632653,4177.89948173469,4148.80708785714,4108.83189632653,4398.73029632653,4298.52581132653,4112.69499132653,4108.1283377551,4088.2586427551,4137.4563427551,4203.8655427551,4306.8392927551,4263.9835877551,4168.76685897959,4151.2933127551,4239.5585207551,4111.74586959184,4117.24863295918,4068.94969418367,4014.9542077551,4065.4013505102,4109.69334183674,4183.62541122449,4191.67501020408,4224.82458693878,4416.18104020408,4241.45555081633,4359.48602081633,4019.25095489796,4127.49118622449,4023.18849214286,4082.27347938776,4326.92842938776,4313.44318938775,4264.49766438775,4306.24112938776,4314.79193571429,4338.5312822449,4323.41246816326,4247.17542857143,4208.48072755102,4214.53678938775,4042.15123142857,4144.84551906122,4073.79240836735,4144.08721612245,4111.77656918367,4249.39651918367,4145.06425918367,4409.24155918367,4301.17656020408,4224.27393836735,4169.36032816327,4270.45646183673,4516.33673806123,4507.34529163265,4384.36760204082,4304.10116459184,4491.25516632653,4475.28374622449,4523.86222142857,4453.16530295918,4235.35893377551,4325.82714071429,4449.48218367347,4321.50270428571,4374.7535655102,4122.10190061225,4013.22637612245,4001.36829632653,3995.48730530612,4112.68221655102,4188.35711591837,4128.95038081633,4268.39132734694,4287.61497170408,4120.07554520408,4067.4031755102,4042.7308755102,4075.9522255102,4214.22497479592,4367.59265653061,4328.22268255102,4509.4955022449,4625.09588183674,4443.54112755102,4459.95673336735,4535.25201326531,4385.49769387755,4373.48242081633,4410.55408122449,4620.60052857143,4431.13546877551,4437.24896877551,4321.27573204082,4525.38370479592,4532.26223979592,4580.69067469388,4367.49455877551,4402.45709877551,4504.62602377551,4381.8609127551,4206.10093806122,4192.71182183674,4363.70860183674,4223.38048061225,4243.31968367347,4361.61592142857,4369.31159081633,4394.59049306123,4474.75398673469,4545.39871938776,4426.52276938776,4321.68305,4333.27772346939,4293.87144744898,4299.23690397959,4251.4477174898,4314.78602918367,4103.96616285714,4147.92789959184,4118.92711204082,4099.02327673469,4230.89026020408,4189.3134755102,4048.69806734694,4000.00815122449,4009.9869972449,4160.7473472449,3964.01450642857,3939.40133397959,3965.70073397959,4080.46380336735,4001.82223540816,4058.69116214286,4122.37628877551,4147.84654591837,4493.1693744898,4376.01890102041,4293.90578795918,4374.79774755102,4115.94818765306,4093.320955,4085.05923357143,4132.27942959184,4155.63452612245,4034.88999683673,4046.10547734694,4327.43206938776,4178.94298653061,4088.15168591837,3991.49064285714,4037.21304744898,4062.65994744898,4186.41666316327,4325.98518673469,4323.08950081633,4038.48509591837,4088.42701204082,3980.26372846939,3987.09040612245,3962.55169612245,3964.36085612245,4145.44797408163,4043.64291836735,4130.93206571429,4110.23130091837,4224.56032653061,4398.65905163265,4306.5870255102,4305.49118469388,4247.37410091837,4285.23533867347,4184.13309209184,4107.33292811225,4281.18846892857,4256.69133142857,4342.12667755102,4172.69157928571,4415.19232244898,4383.83226326531,4389.41647142857,4246.40122142857,4156.85535714286,4170.51848979592,4233.35608979592,4294.40133673469,4387.45370102041,4354.2610827551,4320.6194094898,4367.7220594898,4277.63150448979,4421.82221234694,4486.25709234694,4498.7830272449,4309.6083572449,4274.87025479592,4356.84778234694,4158.13434285714,4143.90420204082,3924.13808571429,4042.11612989796,4157.23265918367,4188.12723959184,4081.39576846939,4160.15983234694,4197.52504142857,4013.85343571429,4037.56043571429,4033.95202653061,4079.8096,4136.90035,3963.6847,4139.89041632653,4155.53523795918,4235.12995612245,4167.22291622449,4173.42620964286,4159.46617214286,4017.87930704082,4091.95909591837,4068.39993142857,4118.48876806122,4148.77015622449,4239.09472102041,4355.38206428571,4084.3136855102,4358.29696877551,4502.89421995918,4545.85973,4616.27558,4481.79726357143,4485.10510204082,4603.71445408163,4526.33441908163,4535.48462112245,4490.22250928571,4521.48669428571,4447.11760030612,4429.92253806122,4500.28216234694,4466.26913959184,4586.30620887755,4606.77324387755,4555.64002142857,4376.36676867347,4246.56626367347,4182.32801367347,4095.42626836735,4176.23913877551,4280.93349591837,4335.15374795918,4300.16219714286,4294.84933826531,4232.90726265306,4253.84466020408,4439.81749520408,4349.73022846939,4303.03360346939,4338.67642928572,4150.42231428571,4265.06806428571,4120.24597795918,4245.57976795918,4107.42002040816,4174.74045204082,4174.31736204082,4167.23560632653,4412.49551122449,4424.99021122449,4282.4406322449,4218.48915744898,4197.28296020408,3967.76283081633,4048.30073061224,4083.99480867347,3986.61583112245,4054.96273112245,4237.67308622449,4249.93834642857,4092.79264183674,4076.15303892857,4166.74914137755,4359.01880040816,3922.90157653061,3960.16481530612,4141.69575,4149.66105,4239.35193979592,4302.66606938776,4115.55295683674,4063.83562142857,4113.16961142857,4143.38052857143,4089.77057857143,4174.754105,4144.80827,4337.26642,4472.2106794898,4484.24474918367,4369.39822469388,4251.66630071429,4194.29284836735,4205.88942938775,4093.89791071429,4074.75984163265,4123.39409163265,4298.97368857143,4151.82446387755,4148.31692510204,4067.62436479592,4066.23747979592,3861.8155605102,3946.70035081633,3856.57905520408,4025.22235285714,3832.60665285714,3902.94295785714,3953.01216285714,3888.12286897959,3789.88668204082,3973.56638102041,4038.4804844898,3953.43611612245,4053.22971428571,4180.15993897959,4093.72271346939,4064.78395755102,4040.44308489796,3969.3701505102,3889.46538561225,3942.53113061225,3849.44134561225,3848.09636061225,3978.9612255102,3941.8954755102,4091.6351255102,4176.85570816327,4055.54363438776,4182.99856938776,4121.05195306123,4051.68479602041,4146.09362673469,4107.42159387755,4241.75014387755,4286.16600887755,4393.19536795918,4201.69940714286,4217.95630714286,4044.49889897959,4183.36305530612,3955.68801530612,4094.46656530612,4288.88517530612,4213.54676530612,4267.09896530612,4269.12792244898,4324.26337244898,4333.98247244898,4432.94057744898,4193.75181836735,4240.72207346939,4178.13060846939,4086.21600102041,4387.17711938775,4205.39539438776,4168.78118244898,4361.35126622449,4329.18711734694,4411.14677857143,4403.09797857143,4354.13892857143,4433.79587204082,4421.22218204082,4429.97828204082,4605.49995908163,4485.0885377551,4353.25968040816,4526.97113693878,4516.13516540816,4423.62165469388,4469.13255102041,4418.85870204082,4368.80890673469,4211.89835836735,4457.55877326531,4618.50416326531,4474.69492040816,4457.27122040816,4408.36879591837,4443.04786602041,4363.96507367347,4315.71994897959,4201.95313234694,4181.91841336735,4258.73499928572,4394.23407367347,4447.18941387755,4485.88794387755,4359.50175530612,4476.72356693877,4462.99490510204,4355.92475510204,4447.63430510204,4482.98215857143,4399.94080122449,4544.39898612245,4745.92328897959,4518.95538397959,4644.35732459184,4293.8478004898,4374.63704632653,4316.44011797959,4390.38572,4245.46963153061,4115.55004591837,4132.26177091837,4046.24814591837,4134.62865432653,4105.71761632653,4152.1343172449,4085.2499622449,4112.9527622449,4329.23859989796,4398.47144489796,4288.27179489796,4235.41254489796,4397.51484489796,4439.67692244898,4322.99872244898,4430.48780102041,4604.34520612245,4637.52804081633,4554.96799314286,4535.01692959184,4341.52665571429,4252.63903673469,4085.45980923469,4040.00593163265,4083.8961122449,4070.56716326531,4111.83481326531,4229.12335204082,4200.94914795918,4225.08974285714,4183.17428765306,4202.51680173469,4251.25690591837,4213.77435510204,4133.49145367347,4266.13679622449,4319.28843693877,4208.61003612245,4250.88953693878,4317.94612367347,4447.32797163265,4399.28947428572,4409.26865928572,4288.27187010204,4224.39004489796,3985.89436632653,3961.24808146939,4105.10730551021,4002.3768124898,4063.38521836735,4172.40839,4185.7908672449,4201.53629311225,4152.78091306122,4285.98071918367,4253.59494795918,4497.82808969388,4312.59137816327,4360.49323959184,4501.57787857143,4378.47209806122,4538.61125530612,4447.60942857143,4520.37860714286,4383.97750132653,4373.4691877551,4265.26717755102,4317.82607255102,4375.08076122449,4317.30416642857,4103.25345408163,4124.34219397959,4123.44641438776,4057.72550204082,4099.74072040817,3975.04482040816,4114.69102040816,3999.86347040816,4095.99776642857,4047.44395020408,3996.39173234694,4028.12466418367,4147.71971204082,4121.04591714286,4389.09445408163,4523.05875602041,4443.52409091837,4597.94663520408,4519.52062020408,4560.25795642857,4507.73390642857,4564.16113642857,4556.98073010204,4572.96818010204,4414.33400010204,4387.50672755102,4397.75499469388,4504.04364469388,4485.50658918367,4597.11125918367,4502.40178183673,4742.46613183673,4650.08866622449,4695.3206155102,4509.3224255102,4499.71338091837,4376.15544316327,4491.27626459184,4595.31257959184,4542.31754785714,4486.22587693878,4554.55223714286,4472.85394489796,4406.32703877551,4425.12747693878,4413.41691285714,4541.54546285714,4480.57247102041,4373.39369244898,4245.27656173469,4337.25526938776,4303.91860867347,4337.87866091837,4414.8821934898,4293.2319684898,4205.08260142857,4174.74765142857,4145.92813642857,4264.47228142857,4109.14346612245,4358.05046612245,4397.20402530612,4321.40418979592,4390.12207795918,4410.46556265306,4570.48410571429,4468.04423357143,4395.84833357143,4265.55415204082,4183.90915622449,4252.24471336735,4258.9478,4072.79829489796,4088.34809336735,4035.26849734694,3919.56909387755,3988.27588887755,3992.80321030612,4058.66365153061,4189.09261632653,4046.01256836735,3910.27633469388,3929.13809571429,3949.54164959184,3999.2147855102,4015.49951714286,4080.53901255102,4049.87930204082,3967.03013673469,4039.55913744898,4114.76558877551,4195.18793755102,4300.89263877551,4295.08736173469,4347.60138979592,4395.05356897959,4178.58736663265,4139.29384867347,4183.55433053061,4224.53131632653,4221.69811132653,4149.25461857143,4246.49334979592,4192.39472908163,4400.68395,4225.06439387755,4325.03679387755,4350.36317326531,4336.88763877551,4307.52257377551,4212.05779622449,4144.41579887755,4194.12366163265,4209.84932469388,4294.86935438776,4252.29026897959,4174.86473816326,4195.95076367347,4002.90354795918,4112.6883,4096.0629244898,4193.13784387755,4268.46419387755,4060.77294591837,4429.45924693878,4385.18328867347,4232.75875064286,4275.20448653061,4196.71718153061,3921.79248653061,3930.15238653061,4014.44253653061,3987.04668653061,4182.9095072449,4297.97137826531,4333.59857826531,4383.00061326531,4175.58902265306,4139.49601663265,4156.49438840816,4095.81994840816,3988.83285857143,4073.81143122449,4072.95345183674,4060.51336683673,4035.73043183673,4041.39778183673,3994.91083183674,4067.0354605102,3869.2706255102,3946.3159955102,3948.0816455102,3940.83873979592,4036.47867979592,3999.00711734694,4096.53983163265,4023.28032428571,4096.67564714286,4129.44047142857,4206.55034285714,4369.15798153061,4334.84422244898,4512.73031632653,4483.11444173469,4289.81279908163,4345.94139408163,4265.39265408163,4226.47757142857,4221.7358244898,4103.60073255102,4186.18619632653,4180.73509663265,4294.76215,4226.53389183673,4300.88748877551,4325.66741734694,4399.51010102041,4547.34863102041,4383.66355826531,4259.92834489796,4193.79625102041,4234.63935102041,4081.02120102041,4157.79930510204,4182.87142663265,4394.19148061224,4457.42574704082,4356.41361030612,4482.80917387755,4447.00989122449,4437.03094326531,4415.01155826531,4309.33678938775,4193.59545285714,4081.1855372449,4239.1959544898,4105.28577489796,4041.41169285714,4168.76559285714,4280.51975653061,4240.41893265306,4126.75558510204,4044.7173272449,4144.12613438775,4158.20898540816,4173.82809540816,4107.53367918367,4142.19591918367,4263.36945918367,4010.4531,4027.60485816327,4058.20030336735,3997.80343234694,4009.32091806122,4085.26505723469,3947.18529640816,3922.350635,4061.114135,4093.4096,4188.47005,4245.7098,4173.488775,4150.88647204082,4142.46531489796,4241.76868217347,4462.54934334694,4411.0310355102,4486.05308510204,4547.26608755102,4425.00365204082,4453.39227632653,4441.56523836735,4505.8057867347,4502.37053489796,4364.32201326531,4402.71779336735,4647.57042867347,4536.89293367347,4545.14758367347,4548.49063928571,4535.56018163265,4441.60142142857,4346.95198163265,4273.76021632653,4236.17856387755,4321.77377816327,4160.94465163265,4221.82224163265,4211.93649173469,4174.42273,4080.69938306122,3984.27157306122,3975.21882306122,4063.95981734694,3961.14232857143,3964.72562857143,4114.51737510204,4096.37891795918,4135.83323795918,4271.80218795918,4239.80403295918,4179.82954795918,4115.1202127551,4131.39491122449,4214.37041020408,4339.27085204082,4470.12515204082,4538.06062163265,4579.68473877551,4319.56765102041,4459.49608877551,4424.47150877551,4430.67797408163,4255.28505877551,4361.64046122449,4236.18562867347,4083.0908922449,4079.27859857143,4003.94126214286,4010.50293214286,4018.46498214286,4058.07007877551,3987.02700469388,4036.03645469388,3934.0176422449,3941.83464877551,3861.99560571429,3884.0813027551,4022.08647714286,4089.36668408163,4200.95241428571,4130.91866632653,4129.07990102041,4337.67145102041,4268.34791122449,4321.55794673469,4312.3081622449,4109.45332857143,4185.66817938776,4175.68432765306,4176.21169285714,4055.04295918368,4053.29252408163,4083.91241408163,4142.84490346939,4207.62515326531,4247.32652336735,4278.79698173469,4405.72397877551,4435.62844489796,4610.4406922449,4380.56553510204,4377.73558683673,4327.48817163265,4377.21377989796,4368.14639438776,4365.77082459184,4581.94053897959,4511.36293918367,4674.59353561224,4528.40128061224,4460.54342693878,4277.73681122449,4244.42225816327,4207.21017816327,4161.59144642857,4171.39673857143,4303.94445897959,4201.97761030612,4191.90905806122,4145.39811887755,4149.30971887755,4094.3015405102,4284.92762377551,4391.07897469388,4219.45496969388,4223.46253469388,4406.57646469388,4275.42703469388,4286.44071969388,4290.25098959184,4555.84562795918,4325.22228867347,4207.22804163265,4229.74141520408,4203.11095969388,4170.97549142857,4151.75725163265,4027.16536040816,3944.88262755102,4024.5381177551,3878.40307367347,3741.44433634694,3877.76355489796,3942.77902989796,4032.43246673469,3943.4076727551,4006.88783826531,3907.84813081633,3986.89824632653,4124.65532918367,4029.52941897959,3951.27359826531,4004.41722714286,4121.03922714286,4087.16029326531,4031.76286857143,4169.93262591837,3990.27747530612,4110.24246795918,4128.05777612245,4249.12149102041,4285.66886734694,4188.25064591837,4307.13965102041,4249.31382346939,4292.26462020408,4272.09026204082,4169.94770918367,4261.95472959184,4192.81927653061,4286.06287142857,4258.8815244898,4170.89053571428,4143.86329571429,4127.59693561225,4035.40844673469,4174.99638061225,4136.74961734694,3949.9292505102,3945.0112005102,4089.40414183674,4144.46874183673,4217.41451734694,4081.47415510204,4112.50284742857,4158.10456579592,4280.98674897959,4234.97862081633,4206.82817081633,4168.20502244898,4057.97487265306,4132.96035428571,4010.39213816327,4124.25417520408,4243.222515,4303.47286132653,4248.88486632653,4435.48337030612,4355.3082394898,4199.4001744898,4206.47260571429,4329.61653071429,4276.37895091837,4229.55616938776,4105.52741938775,4134.74011397959,4159.72141071429,4154.93767591837,4255.11303387755,4249.75917765306,4206.53994040816,3935.35820408163,3901.89393795918,4031.31644244898,4030.10493612245,4087.91225295918,4134.04013765306,4166.49759795918,4174.55863979592,3879.03138642857,4023.53934387755,4069.38077683673,4032.17285081633,4031.2816122449,4218.98378265306,4121.84236632653,4259.47052142857,4195.12313061224,4119.8740755102,4225.83874581633,4183.64099071429,4148.80544071429,4085.75709887755,4095.51489387755,3904.71894897959,4034.36860102041,4161.68819489796,4030.02809489796,4120.59830326531,4143.64583571429,4120.06260459184,4157.77313459184,4352.47129377551,4265.87759285714,4392.93501530612,4304.46974040816,4222.2845944898,4227.23555387755,4337.33787755102,4186.78482204082,4190.03218387755,4273.55830367347,4310.34815571429,4374.92590367347,4376.22718367347,4117.08655857143,4201.96547755102,4119.37933255102,4035.2706294898,4024.05373306123,4037.71887377551,3985.25548571429,4119.61872346939,4230.17422456122,4268.64560435714,4195.5773170102,4291.86223364286,4287.36183428572,4235.7352077551,4255.26597040816,4268.34134795918,4151.74821836735,4335.53806336735,4313.72126836735,4165.52625836735,4409.97646836735,4290.2592622449,4417.84736938776,4302.90337959184,4346.16805408163,4346.99275408163,4378.218495,4417.41237153061,4517.94625693878,4528.24533480612,4384.56169285714,4363.50216367347,4379.14979163265,4178.8369255102,4220.24457591837,4371.82585285714,4212.26917040816,4047.95221887755,4106.94561387755,4173.07777602041,4217.5988005102,4363.7650877551,4288.70257265306,4291.53760653061,4133.35945653061,4230.94340938775,4146.70549591837,4096.41780612245,4094.40389183674,4132.97612959184,4163.00835663265,4125.33509663265,4063.10142357143,4246.59978969388,4179.45083420408,4214.30431836735,4200.72603979592,4405.5024244898,4051.04916326531,4151.4734377551,4130.37524897959,4072.38742163265,4198.68210908163,4148.77539285714,4291.3962444898,4411.66323112245,4199.26805612245,4183.89952479592,4268.65909183673,4341.01099785714,4259.73970714286,4218.70966285714,4451.51412673469,4393.49513285714,4477.22603204082,4383.57960071429,4277.34421918367,4529.79175030612,4531.71283530612,4330.80881130612,4300.1377922449,4110.40033469388,4145.14106020408,4107.45035408163,4081.60725408163,4202.2378122449,4268.84116326531,4288.35360040816,4341.62375040816,4303.59055061225,4439.90119061225,4263.68073061224,4255.86149183673,4361.1209422449,4603.69514683674,4456.94170387755,4627.36068938775,4856.27380428571,4824.64788142857,4723.30639306123,4620.54787918367,4397.36901265306,4449.68133530612,4535.95387,4470.57231469388,4437.47075857143,4540.45050265306,4515.79193663265,4377.22719489796,4282.42477653061,4259.58848969388,4244.15837969388,4241.74016816326,4490.68433959184,4440.16717946939,4498.05676357143,4403.35507357143,4531.1240472449,4527.7693722449,4673.6839722449,4591.33707346939,4685.1232755102,4460.54488673469,4336.44086734694,4461.6184844898,4531.66791020408,4535.85709489796,4260.08050612245,4237.41544173469,4151.88128836735,4338.38571928571,4578.16011428572,4344.75076122449,4503.64717622449,4692.59109234694,4473.07108734694,4592.18496938776,4584.72242346939,4720.83287530612,4593.35539183673,4575.41930612245,4594.22093265306,4386.57254897959,4611.00939387755,4474.36456938776,4572.03015734694,4454.00995102041,4407.71425102041,4506.2152,4574.62733306122,4400.03206836735,4534.31638061224,4542.71372061225,4398.87501734694,4313.77448979592,4436.78680459184,4350.20818979592,4473.90374591837,4456.15610102041,4280.01676428571,4519.30526673469,4428.96333081633,4312.6255122449,4514.8806122449,4571.05290112245,4545.80763734694,4265.16933979592,4380.22606030612,4294.00072387755,4294.35859673469,4317.92673744898,4307.11084153061,4493.72550795918,4408.31825091837,4293.73933979592,4302.27265061225,4286.25093204082,4313.50693632653,4350.99980612245,4312.33617326531,4224.41382387755,4235.55229459184,4205.99226163265,4286.65136734694,4299.18319387755,4272.97844081633,4252.69853755102,4149.6950894898,4135.1872394898,4113.48721173469,3993.96247561225,4024.80758928571,4051.95665969388,3986.48150969388,3916.26950969388,4007.80077959184,3938.47282959184,3864.46054142857,3900.62095142857,4058.67278836735,4074.25414204082,4115.40893959184,3938.81448030612,4112.62409285714,4008.24239285714,4059.94567306122,4100.67097306123,4024.26647806122,4236.39035306122,4131.19932806123,4310.54113418367,4335.72741540817,4388.82352693878,4394.10269387755,4523.39280387755,4418.98172510204,4513.491375,4501.32022265306,4241.52976367347,4161.07674173469,4156.33926365306,4307.49353865306,4145.13634102041,4168.22309816326,4359.58257714286,4375.98253510204,4381.00554510204,4397.33793663265,4418.73020673469,4415.3290927551,4287.88510785714,4243.85627,4131.42516142857,4252.02708795918,4173.7681,4325.75980232653,4315.47956295918,4235.55296622449,4071.92207826531,4114.43087387755,4049.92635734694,4013.77584602041,4155.92095204082,4228.73620204082,4268.48993469388,4443.87268908163,4183.81081826531,4181.72913734694,4299.52173061224,4341.48224153061,4307.04916938776,4154.52094897959,4115.89673602041,4092.58973602041,4190.38413061224,4041.01393979592,4275.27393704082,4355.82001867347,4254.37906867347,4153.73761867347,4090.53932173469,4122.23700173469,4122.1410767347,4158.61557173469,4061.70560438776,4068.75535438776,4001.28263683674,4074.24312704082,4104.73327346939,4184.23250846939,4110.01486734694,4115.61338469388,4132.0128855102,4211.7284255102,4108.72941326531,4048.4796244898,4036.7897744898,4050.49205,4119.15538877551,4133.24926020408,4037.0692405102,4138.34333571429,4066.56878112245,4071.9591422449,4111.60432236735,4160.67627236735,4202.00488713265,4067.96551213265,4128.29471713265,4054.54738305102,4127.20760612245,4080.23339661224,3973.46290153061,3925.40007653061,3972.58860877551,3943.97282377551,4003.58010877551,4045.82941346939,4221.76394806122,4248.97038806123,4183.19205806122,4050.92107714286,4063.08093397959,4090.66798397959,3979.83485173469,4245.76392571429,4171.41286591837,4058.60515489796,4053.50671989796,4168.00810387755,4183.84735367347,4334.462483,4261.5231524898,4098.66331371429,4248.02665642857,4312.02714887755,4380.72020142857,4291.60394653061,4320.37241897959,4325.86866326531,4174.50740306122,4072.97987653061,4143.87688918367,4076.1723594898,4143.0567894898,4132.51773520408,4354.26068877551,4645.44495367347,4569.92414306122,4502.50534653061,4679.85904122449,4633.72191163265,4801.22078989796,4778.46657306122,4756.54357193878,4778.86127693878,4702.60787693878,4557.63577755102,4609.81782795918,4531.11532265306,4430.17334591837,4409.63918163265,4310.12551244898,4287.21836734694,4350.86375408163,4231.13160142857,4253.57558142857,4161.50190306122,4135.97369908163,4203.55589479592,4321.64172857143,4379.64257357143,4327.0865755102,4212.33666938776,4166.88628346939,4067.3635677551,4161.17006734694,4073.91233163265,4216.90092959184,4230.78711771429,4248.18154806122,4299.82980367347,4323.58740612245,4283.48141734694,4289.58045326531,4241.01199326531,4348.81710387755,4288.83943653061,4427.59098673469,4406.11096326531,4454.03166316326,4497.84696530612,4451.26564693878,4399.42952142857,4359.55328265306,4479.79099938776,4424.51121938776,4396.45973918367,4585.67609408163,4458.50222469388,4503.23542102041,4421.82865714286,4393.61763204082,4470.03884938776,4401.17879897959,4219.94382163265,4267.15125989796,4479.56634408163,4376.26204591837,4212.45100081633,4192.67727755102,4273.03940510204,4150.24589959184,4020.7527577551,4044.0499255102,3945.48717316327,4165.75227193878,4100.50894367347,3936.61511734694,4206.53636734694,4225.31178846939,4091.06441846939,4219.80804755102,4401.60387581633,4524.12699081633,4318.57086244898,4196.02206765306,4222.29974336735,4256.29931897959,4339.28351489796,4266.7503227551,4155.11479989796,4103.353115,4079.77107173469,3997.48957387755,4053.87859028571,3916.05762938775,4001.72622346939,3944.42847346939,3844.61561142857,4034.77406428571,3999.68624397959,3956.65662928571,3903.57817163265,4132.86393163265,4175.75330530612,4154.17252683673,4197.57310816326,3940.3906222449,4090.83369183674,4185.40571938776,4271.65005306122,4262.55654994898,4223.75663061225,4147.00096530612,4054.67013673469,4117.33245418367,3990.64466918367,3917.79009193878,4123.67826326531,4134.88725846939,4165.71480846939,4005.35461734694,4120.99797959184,4195.98377438776,4024.47753234694,4000.75897734694,4184.29932040816,4080.87124693878,4104.74514693878,4180.16029183673,4164.38930306122,4123.95070204082,4227.80844438776,4265.46066571429,4239.33550102041,4286.46773020408,4258.42782948979,4155.21454112245,4183.5725622449,4155.03904836735,4043.03690755102,3927.1876755102,4021.33593346939,4303.48874693878,4252.85952020408,4290.3757177551,4439.25646795918,4314.43127561225,4238.86757540816,4269.82894642857,4343.34022530612,4251.57586530612,4284.53717367347,4166.29099367347,4222.59872071429,4269.95478193877,4293.27640102041,4077.44613979592,3985.05285102041,3935.99553061224,4083.37127653061,4097.65939591837,4031.86183357143,3949.39775918367,3980.15970918367,4005.94275918367,3947.58746663265,3908.33436020408,3899.26976755102,3975.81767673469,3936.75573693878,4114.49709693878,4147.33273693878,4118.33863693878,4141.86110408163,4072.3700355102,4244.39546020408,4197.26051326531,4064.99217857143,4073.40773877551,4024.87572418367,3990.32371683674,4111.32712755102,4028.66140714286,4076.44814285714,4094.00684285714,4115.21667142857,4031.27395418367,4173.36203571429,4251.10238571429,4191.83644795918,4182.57552857143,4344.07105306122,4173.78996122449,4294.2237144898,4257.8474469898,4225.89426357143,4353.85361928571,4385.77944081633,4267.338825,4206.0305072449,4377.89158153061,4592.36288153061,4466.83130153061,4345.09493989796,4394.39690336735,4232.576225,4260.8845044898,4274.08585306122,4242.70867306122,4276.97469387755,4223.84000887755,4234.09532785714,4233.14984897959,4345.38389895918,4259.44214559184,4218.03794285714,4291.59441204082,4389.32076571428,4552.32062877551,4424.51462877551,4204.62651285714,4144.87503469388,4164.21406530612,4068.79149867347,4184.53743877551,4262.11199591837,4184.37010979592,4005.09049959184,4063.19381091837,4189.41940734694,4096.19008632653,4457.91790285714,4487.0806177551,4497.96331551021,4302.08709897959,4304.63074306123,4203.20056306122,4417.64589867347,4326.28963193878,4180.05993877551,4275.2164877551,4198.80542102041,4232.80191387755,4663.23710948979,4544.19448,4365.72655683674,4330.95074755102,4397.81402826531,4378.91338836735,4436.9661,4427.00262142857,4191.23501397959,4237.47606020408,4370.38275285714,4287.58977183673,4424.23287204082,4396.56209142857,4323.81266071429,4299.52995408163,4265.50047959184,4349.66772795918,4336.77140408163,4203.65992795919,4323.54595571429,4313.95031816327,4422.59223234694,4576.24976642857,4666.66536479592,4743.4673505102,4299.54430918367,4294.05176752041,4132.104925,4284.99448,4255.02403785714,4428.93741285714,3909.16437285714,4098.45746020408,3921.84615714286,3865.64844621429,3893.46164357143,4135.92471295918,3995.44250826531,4050.41574122449,3939.46331836735,4045.27065816327,3944.41605326531,3912.61707551021,3924.05421020408,4045.09877765306,4032.91083744898,4042.79558346939,4179.7816122449,4037.35642418367,4047.76212142857,4073.44956795918,4030.58626795918,4093.40975061224,4044.0139777551,3973.56882193878,4134.57288204082,4123.12593795918,4146.5661132653,4089.7175622449,4035.48966387755,3959.91818163265,4000.66966836735,3940.85767510204,3898.45366510204,3913.5871477551,3910.40268928571,3914.94184255102,3968.26826183674,3869.72078306122,4047.77129979592,3992.76218714286,4068.67283336735,4040.92717734694,4014.4337322449,3934.84126326531,3984.62052285714,4017.37632285714,3904.92492285714,4021.72659285714,4064.97267285714,3935.14126785714,4009.17616785714,3901.04802285714,4080.11364428571,4080.20104897959,3993.04143306122,4067.59402785714,3959.12889285714,4111.95940785714,4200.48084285714,4106.08666377551,4023.26303367347,4060.57713367347,3942.95658367347,4007.46870469388,4219.89367969388,4129.78890469388,4180.56405285714,4217.48894755102,4308.81577377551,4162.28430938776,4335.25804,4261.56457346939,4324.66609081633,4362.38219591837,4334.36328163265,4315.44385306122,4205.12175122449,4116.864045,3975.17802959184,4071.13582530612,4098.39792959184,4136.34468571429,4194.29452653061,4375.19763163265,4495.86811530612,4384.25371867347,4308.33962367347,4447.89962704082,4530.02031561225,4311.60076204082,4312.67582795918,4186.8817,4322.74292,4265.83643816327,4182.59993877551,4283.28599081633,4232.09309081633,4308.45299244898,4275.82003020408,4127.3959444898,4239.56023265306,4339.70725,4337.90381632653,4372.30043571429,4366.28994602041,4305.21721530612,4314.38389632653,4322.29797591837,4451.44755571429,4349.12585602041,4269.18542142857,4331.46362204082,4331.36550704082,4133.02980714286,4247.82168214286,4297.25350714286,4234.69357346939,4199.30618734694,4158.76679734694,4154.27974091837,4334.81450622449,4372.85729683674,4556.28614183674,4556.36449142857,4539.90981938775,4545.79753673469,4484.18091091837,4410.95983877551,4351.48107755102,4437.12259183674,4573.21475612245,4511.12102755102,4492.19158632653,4365.17301928571,4468.88810897959,4062.76072755102,3929.75392122449,4005.36291306122,4098.24890204082,3942.12636183674,3903.33659265306,3910.45100204082,4086.79671489796,3972.84264714286,3900.75863836735,4064.65340102041,4080.1356255102,4130.59492346939,4001.13662346939,4100.57670204082,4115.75947857143,3980.63712244898,4020.96136336735,4060.65271336735,4003.02822040816,4100.43274091837,4136.45950244898,4164.56332836735,3985.01764132653,4055.53027979592,4058.22442479592,4130.05015714286,4252.30556326531,4102.24807010204,4045.16254867347,4103.80240785714,4119.26829969388,4150.7748755102,4045.43174693878,4163.4364255102,4115.09642346939,4245.55698877551,4193.09465132653,4170.08077183673,4253.9845594898,4297.15047326531,4351.03339693878,4081.41050612245,4173.88923571429,4313.74829408163,4348.14748857143,4434.91418897959,4265.15760755102,4205.86778326531,4360.8740394898,4242.67046367347,4244.60777887755,4294.44552438775,4230.04675,4199.17868673469,4085.99171520408,4135.37084540816,4320.99730530612,4314.80877857143,4314.80146193878,4467.92987857143,4279.61075816327,4234.39145306122,4202.54139081633,4392.06894714286,4242.8191442449,4463.0305622449,4471.0885644898,4361.19914285714,4421.99173693877,4389.3713744898,4408.12738693878,4269.33691,4134.97489040816,4268.92126367347,4460.35413163265,4349.40628040816,4352.10830428571,4382.28161081633,4507.24133816327,4370.53721857143,4337.88566632653,4378.7124122449,4396.71566489796,4435.63642673469,4507.31214530612,4425.47075489796,4434.80669408163,4476.12659858163,4435.34660408163,4400.03897,4351.7824655102,4277.8408055102,4270.25018581633,4182.61780204082,4225.62794122449,4353.02664122449,4380.92605020408,4283.9477172449,4312.44937846939,4321.97688734694,4378.38678632653,4278.38812857143,4244.25721540816,4294.17675714286,4209.93254428572,3995.02637285714,4104.97102489796,4131.14893408163,4244.32841367347,4383.48911367347,4272.67933153061,4322.17320271429,4232.87025020408,4101.57592520408,4223.90339306122,4251.27877806122,4256.17692285714,4240.05340285714,4217.96692785714,4226.92834979592,4055.14677928571,4064.12889510204,3955.06281020408,4115.36849693877,4155.6380877551,4501.70465,4473.76925816327,4350.72320510204,4342.33662040816,4339.34578785714,4197.51609561225,4165.25654265306,4188.90149438775,4224.14016632653,4276.16564132653,4029.89056234694,4011.50727357143,4142.77230612245,4260.67098591837,4250.34740020408,4219.46679081633,4122.64229428571,3962.27475428571,4184.98096530612,4099.93345071429,4109.05903571429,4074.42812346939,4150.37572173469,4210.98642153061,4381.99241836735,4442.82011836735,4404.26709326531,4459.23085,4452.1425755102,4302.37000591837,4388.78005571429,4302.99584979592,4343.97796306123,4298.64482106122,4363.50673820408,4650.74951020408,4700.41646020408,4507.81583183674,4296.73026010204,4405.67266306122,4413.1284844898,4087.09331244898,4073.62965744898,4082.64631530612,4082.23891510204,4106.47228510204,4071.78125010204,4071.36929295918,4130.02883061224,4160.86710836735,4153.67165816326,4131.69315816326,4122.3062677551,4012.78759102041,4237.42005826531,4188.66851581633,4212.75556581633,4190.55257581633,4259.13651081633,4341.09145295918,4227.29796632653,4147.95282142857,4188.99136428571,4051.28179020408,4018.89814520408,4025.88154520408,4012.98198142857,4038.17227072857,4002.82364756531,4138.49333346939,4117.98728061224,3975.49547653061,4027.40887653061,4044.72042020408,4060.57402357143,4101.01661357143,4144.033295,4121.32463,4076.819025,4189.3523555102,4083.59765418367,4099.29795867347,4087.80911867347,4145.25064867347,4265.69630030612,4278.24561530612,4397.0381905102,4280.3659255102,4262.81724204082,4289.49733704082,4317.21680704082,4305.10233765306,4447.84238765306,4279.86990102041,4424.85739653061,4210.73734795919,4349.69195,4246.76698469388,4246.92010989796,4366.2888444898,4548.80171489796,4551.27413489796,4642.54348989796,4686.469165,4725.2182,4585.38598938776,4476.72226479592,4704.67738877551,4761.44112614286,4610.06666612245,4544.68083010204,4589.44966397959,4498.04523408163,4628.70147632653,4438.88822551021,4518.31019622449,4530.86339081633,4568.06338857143,4656.29701357143,4536.97653582653,4375.31296326531,4360.97466510204,4328.09341357143,4096.87484785714,4120.35037510204,4092.60566695918,4205.7530544898,4292.4717122449,4079.64064489796,4059.49358387755,4097.6567522449,4089.36272102041,4060.93309765306,4195.24429969388,4047.62835163265,4039.06239010204,3978.63095989796,3853.48642428571,3864.11694214286,3974.73761938776,4045.44230510204,4336.26054612245,4275.06800418367,4216.79051918367,4270.08257877551,4219.55443785714,4254.84220244898,4297.95242204082,4194.87373408163,4107.51740071429,4110.98558979592,4208.8307827551,4124.22275102041,4264.52405214286,4315.00735346939,4208.04470846939,4164.20924285714,4205.88121346939,4255.31107377551,4194.99714183673,4485.30573397959,4337.58271897959,4619.22711897959,4576.00446591837,4691.31487408163,4601.83774663265,4691.0414294898,4772.90107688776,4782.26548816327,4660.17676530612,4565.21686326531,4621.16534081633,4596.81150979592,4463.12248346939,4425.05939377551,4363.80734489796,4356.02218683674,4221.04799153061,4209.37196285714,4228.59310836735,4345.36171636735,4370.78422755102,4339.43849795918,4333.57279142857,4325.84548877551,4390.63698622449,4300.56186326531,4230.77670306122,4326.77296122449,4045.84331734694,4144.06582857143,4141.98616357143,4284.24879938776,4139.95611122449,4263.55821122449,4322.97076632653,4262.66626632653,4294.25574285714,4346.89233142857,4258.78186122449,4281.0803844898,4196.77176632653,4156.93255204082,4074.92317295918,4235.53056857143,4266.72279857143,4285.42926734694,4173.83658010204,4189.13962510204,4019.92830010204,4098.49167255102,4091.89897040816,4256.23142928571,4225.52021836735,4460.12722653061,4377.99000612245,4421.10134112245,4392.03909795918,4411.6916622449,4362.69758755102,4404.65048877551,4492.68377183674,4573.0922105102,4665.22196622449,4616.60963520408,4643.2163322449,4430.0066022449,4541.34083265306,4674.15377622449,4640.4569422449,4609.45754520408,4562.22624510204,4507.31703693878,4545.44603959184,4501.20805061224,4529.20461979592,4619.8632677551,4643.42728408163,4711.37075153061,4734.02867846939,4673.50211326531,4584.87195897959,4294.10811540816,4151.07572989796,4265.27777040816,4347.74172204082,4229.4780777551,4212.85631846939,4162.41067346939,4507.00948326531,4496.65080826531,4252.46615284694,4156.22322734694,4206.74879359184,4267.31884359184,4135.4738822449,4082.1275322449,4101.5469072449,4170.6088122449,4051.3047572449,4026.95932283673,3941.46037793878,3837.45276714286,3998.63233530612,4015.05769153061,4071.43698426531,4085.41539538776,4171.16757030612,4149.48827081633,4244.87952326531,4095.25813918367,4011.45650918367,3981.44522571429,4265.13529571429,4175.87527244898,4159.20049336735,4213.70033530612,4238.17526428572,3973.70724030612,4158.6308872449,4104.12113561224,3971.16248561224,3921.26957316327,4002.60501653061,4002.2441522449,3884.98793081633,4040.37879244898,4114.74782346939,4110.36893928571,4187.58530867347,4149.96573061225,4421.57966918367,4374.51872010204,4360.86922959184,4341.61646959184,4347.94396642857,4333.46355316327,4325.09608377551,4336.86862214286,4410.06178673469,4432.24742857143,4568.68770408163,4550.95599612245,4573.2471222449,4710.42594316327,4739.33344693877,4597.8659,4615.25428469388,4712.88586510204,4774.51532663265,4597.66142428571,4516.59909081633,4338.54761020408,4440.69255204082,4419.74072142857,4360.15833642857,4548.72988234694,4583.90894183674,4703.78490408163,4816.24953408163,4655.25029795918,4740.04664795918,4662.94558,4688.51598561224,4744.49862857143,4667.94500673469,4692.16374183673,4734.63643510204,4746.24984387755,5007.84061510204,4936.72344316327,4821.5273494898,4490.87717132653,4553.09166632653,4471.67696071429,4587.83968326531,4658.11071122449,4588.03639459184,4575.29803438776,4559.20550510204,4344.31730142857,4388.09311408163,4391.08476408163,4430.93683346939,4245.36553857143,4296.74948265306,4112.29888265306,4378.06418571429,4247.10421571429,4297.25431285714,4305.73600202041,4177.35541040816,4190.69749540816,4149.67307540816,4054.67359142857,4139.59667102041,4197.7318877551,4252.7840594898,4138.54037377551,4152.48833489796,4038.07816673469,4102.35458979592,4091.70515102041,4132.29432040816,4226.18206336735,4206.93361336735,4278.30282,4093.26820530612,4084.2176877551,4123.15457755102,4353.43404795918,4409.13338571429,4420.36308183674,4429.14847265306,4435.34951295918,4573.89923673469,4564.93733367347,4514.25712040817,4370.93763459184,4194.65347959184,4218.50866469388,4043.65675883673,4094.98599795918,4173.99848326531,4246.45928326531,4045.39805026531,4044.83228326531,4048.18715795918,4148.08629928571,3927.11994928571,4297.4486355102,4203.52099081633,4147.05710581633,4355.9432155102,4175.5611055102,3957.32386193878,4075.54454704082,4001.30663540816,4069.91478506122,4102.88652336735,4114.47716387755,4296.59087642857,4255.05957734694,4115.56653795918,4355.41766285714,4442.55133265306,4317.02948530612,4318.43215,4034.98926122449,4059.77553163265,4104.88439020408,3996.23729857143,4018.24623112245,3872.50877632653,3995.84727510204,3963.05270530612,4031.03187142857,4017.55166428571,4027.51561530612,3986.18410622449,3998.47143897959,4039.61172346939,4064.44449693878,4181.50124826531,4045.72365163265,4167.95663663265,4107.62812887755,4238.28809214286,4105.68921428572,4270.90560540816,4233.56456540816,4412.64160040816,4369.59311469388,4500.70178153061,4430.25946653061,4514.98306153061,4274.55430704082,4377.83412489796,4333.73587959184,4242.31937959184,4180.3162377551,4150.94690204082,4217.81272755102,4253.41443316327,4120.77203714286,4239.38924918367,4431.81615408163,4517.60730306122,4447.70799591837,4453.81063163265,4567.34154706122,4562.93335306123,4430.67387989796,4414.64804010204,4280.77166938776,4059.6084922449,4162.14010806122,4154.37669591837,4201.40217653061,4204.87181816327,4320.68353622449,4352.35442755102,4332.44833816327,4379.97477979592,4262.88083832653,4168.81923832653,4222.15741,4242.42212379592,4274.22223428571,4322.20501357143,4321.5558794898,4602.49842673469,4568.51577846939,4593.67039961224,4437.15327204082,4598.18144418367,4597.88833530612,4663.25566867347,4677.67520928572,4634.07775928571,4600.92293010204,4476.13305102041,4493.57520918367,4423.1872744898,4367.32259,4441.57758510204,4385.2179855102,4332.6149055102,4334.70859010204,4332.16757102041,4395.70459081633,4398.26198693878,4352.03493816326,4336.20998836735,4195.0328177551,4261.88108510204,4392.46713295918,4342.17313020408,4421.12454714286,4352.83361836735,4189.31899183674,4124.21024244898,4198.9938444898,4207.57026285714,4330.74600918367,4312.90528316327,4402.02527816327,4266.18325571429,4357.07660571429,4318.39735112245,4285.91394112245,4377.75606622449,4280.04465122449,4226.27380122449,4376.67355122449,4314.19612244898,4343.28051938775,4255.83305020408,4118.22854020408,4179.38727520408,4181.98821367347,4214.24908265306,4146.61372755102,4079.54536020408,3887.72706938776,3961.85504265306,4013.78165265306,4035.31007755102,3995.3681877551,4139.99335816327,4030.04521469388,3921.29701989796,3985.92391020408,4044.32153897959,4095.00559010204,4236.12717346939,4225.97395612245,3960.85463316327,4037.57589704082,4045.08253010204,4378.19863836735,4420.75324336735,4168.92024765306,4450.19215306122,4447.74972530612,4482.99366663265,4546.92831040816,4486.83405663265,4342.02676438776,4332.42126285714,4374.05544408163,4233.51865612245,4397.67830112245,4391.72009346939,4057.65740877551,4098.77490877551,4084.1930255102,3996.7270105102,4048.07888295918,4128.87648428571,4067.49318428571,4044.01198265306,3978.25886265306,4061.35456122449,4043.85882132653,4041.51533877551,3947.31212744898,3904.12897244898,3847.60572244898,3925.98855204082,3962.99043316327,3921.03619622449,3992.03721122449,3971.89869489796,3955.08147489796,3965.76770571429,3936.86040785714,4031.36092632653,4085.5894777551,4048.6292527551,4226.5706177551,4417.9924155102,4298.20226265306,4353.14165632653,4254.07588163265,4144.70343377551,4197.18004877551,4419.54943071429,4271.77926214286,4065.89561959184,4046.50881938776,3997.25269102041,4129.19682714286,4202.7433927551,4079.50528285714,4246.90569387755,4205.49546428572,4412.61180795919,4309.79457142857,4189.6103244898,4202.33244489796,4169.99368163265,4155.9540122449,4151.3719912449,4209.7223422449,4118.94231326531,4104.85724387755,4140.3447,4122.60345,4051.9621244898,3949.55922612245,3995.06172612245,3901.70539714286,4045.59837142857,4108.97068142857,4057.30145418367,4187.68219285714,4249.45564285714,4300.87865785714,4093.89316785714,4162.86724785714,4056.75030020408,4131.66695020408,4089.38068581633,4105.06777581633,4228.95846836735,4232.43991938776,4245.66613489796,4141.8037027551,4278.24105683673,4249.59760408163,4278.4630377551,4318.09362469388,4256.7290744898,4267.27495510204,4107.50441520408,4056.49638653061,4030.24478469388,4062.7984377551,4247.99643061225,4192.10834285714,4184.59457959184,4091.96940867347,4277.41876163265,4555.79107959184,4585.64705816326,4373.91866836735,4258.51905102041,4525.24208959184,4470.97572244898,4358.28824255102,4287.61986612245,4415.18738562245,4346.34807265306,4219.77957989796,4449.91692785714,4358.23669285714,4440.68495408163,4563.58402244898,4638.91672082653,4532.73461836735,4433.02213265306,4454.26851428571,4441.81355816327,4578.76694816327,4472.06914918367,4463.13109204082,4514.07399979592,4430.68580918367,4225.16894081633,4161.64225612245,4206.3775377551,4200.08255204082,4095.86670306122,4205.43061806122,4054.79444959184,3963.51434397959,4011.41884897959,4108.85292244898,4233.34335908163,4194.63751504082,4120.33608204082,4129.24964367347,3857.61960071429,3965.3073822449,4040.76160163265,4302.45740816326,4195.2321922449,4576.98326122449,4479.79659122449,4444.47157928572,4164.94377030612,4277.79187346939,4382.49875,4443.14379081633,4569.03366918367,4533.12650408163,4471.62018571429,4380.29610418367,4364.69195418367,4330.16122459184,4401.96778469388,4177.43584357143,4221.90664081633,4329.39823081633,4322.31234673469,4165.55884030612,4260.38325204082,4447.25305979592,4358.32988673469,4412.78219489796,4502.28829357143,4273.73621020408,4207.13526418367,4232.3402122449,4240.0297377551,4216.93441359184,4265.44206020408,4311.66428336735,4458.56092561225,4478.8829072449,4329.15973071429,4429.53128214286,4481.91845,4500.75369755102,4505.74033887755,4486.87183285714,4673.66151387755,4626.69057163265,4710.52520204082,4702.58011326531,4621.41345510204,4805.55762857143,4755.34938346939,4787.52430153061,4488.3752694898,4605.65123826531,4559.79300459184,4610.00658959184,4666.67381010204,4670.83389510204,4634.47170479592,4357.86452142857,4521.74044428571,4526.04229428571,4423.14210265306,4287.67480153061,4307.63984408163,4369.9411177551,4224.25381102041,4203.77905918367,4228.98080204082,4188.2513877551,4174.26114520408,4194.86121479592,3930.02345510204,4224.62725785714,4415.07881183673,4279.87410346939,4480.79445040816,4338.7831,4282.1594,4115.4768622449,4168.48997040816,4291.94059795918,4259.95086020408,4225.34440306122,4143.58563469388,4188.54971469388,4176.78229918367,4225.30418795918,4328.13611965306,4278.62148432653,4199.36897432653,4341.14912530612,4211.11015530612,3946.2884622449,4080.99287938776,4011.74841540816,3969.75864468367,4092.23410039796,4040.50582039796,4006.41671633673,4110.70150378571,4094.40191327551,4226.56362643877,4217.45786307143,4241.03049285714,4253.47086397959,4162.71394438775,4245.4700877551,4264.44114285714,4315.48645306123,4481.17688673469,4414.21592571429,4336.44346530612,4286.26605,4180.32761877551,4003.86596122449,3990.01212836735,3896.1371077551,3941.3020577551,3835.37342857143,3950.94094644898,3968.72931644898,4032.39307673469,4072.40422306122,4064.49646806122,3945.21049591837,4016.31318285714,4160.15891244898,4232.54528428571,4259.34976255102,4313.574175,3996.97230693878,3928.73171418367,4074.8027922449,4105.6261422449,4094.09664163265,4166.35129970408,4225.29857245918,4183.66768020408,4286.03901979592,4225.87576081633,4188.24066,4191.35400908163,4110.20236938776,4104.24026020408,4139.78301938776,4046.60301795918,4058.95364040816,4138.82328540816,4200.37394173469,4325.47362306122,4335.65705285714,4486.00743061225,4406.3896855102,4464.32912561225,4454.76685255102,4488.83141592857,4456.81899642857,4363.96417561224,4243.30738061224,4295.93090204082,4150.37402755102,4313.9749744898,4274.08277877551,4221.66978591837,4282.85323387755,4219.54858387755,4373.93644887755,4256.02540397959,4304.06135306123,4427.60817112245,4425.31057755102,4311.98690969388,4608.09518285714,4463.55439204082,4393.15945183673,4260.19600183673,4345.3913920102,4392.14537959184,4304.32218826531,4279.38458265306,4145.09586265306,4243.97511265306,4232.49861265306,4177.03860244898,4129.27339642857,4140.64807632653,4198.37293163265,4302.75955673469,4395.3232367347,4289.75939836735,4401.05291836735,4468.09695612245,4477.23816836735,4221.97488979592,4253.15550306123,4293.50550306122,4207.64452040816,4021.4121877551,4082.67617040816,4046.64619357143,4078.06248234694,4098.16581366326,3993.86169845918,3950.78149560204,4180.87413060204,4099.98764192857,4159.19119397959,4090.96448336735,4106.06317622449,4089.89399010204,3942.08702153061,4043.32617887755,3931.13162081633,3910.24079285714,3951.40694112245,3957.42134806122,3955.54519132653,4047.72339857143,4099.52907438775,3955.14800918367,3927.12606826531,3897.82528040816,4011.67330744898,4168.57983397959,4126.90134591837,4167.24408428571,4115.27374102041,3981.70351336735,3894.49171887755,4021.3280122449,4070.3870744898,4105.781135,4234.6668172449,4345.94157765306,4334.00648102041,4333.71591183673,4483.90936683673,4214.56973265306,4154.05538979592,4269.88849591837,4225.29319591837,4202.50684591837,4315.45344091837,4323.56437673469,4423.55792673469,4150.77111428571,4242.76398540816,4415.39337040816,4349.77688744898,4266.09516729592,4309.86365510204,4495.39040714286,4437.47639428571,4351.61569979592,4370.25915612245,4299.64950612245,4497.47719653061,4256.50575153061,4173.23815653061,4180.31928153061,4213.5832144898,4349.06941938776,4206.11324591837,4170.51128877551,4190.19718642857,4309.36059173469,4036.38228877551,4010.16384010204,4179.84583979592,4074.56939795918,4272.82029795918,4282.84654795918,4253.52903295918,4241.21829795918,4372.56071653061,4249.26539346939,3996.30982928571,4086.07061428571,4060.60302928571,4122.85515459184,4144.88456326531,4046.52177826531,4164.75687826531,4386.71421571429,4453.72483571428,4230.85123571429,4152.26360510204,4239.04235510204,4359.85319071429,4390.34860357143,4499.18702765306,4065.38615642857,4186.43810142857,4213.37407959184,4283.48403367347,4350.74358867347,4297.93063367347,4317.42893367347,4182.66735163265,4220.69641663265,3987.09743081633,4136.61434881633,4199.14759081633,4218.24681581633,4205.31028081633,4306.66956887755,4237.95324132653,4373.83865632653,4392.41223265306,4287.95949765306,4320.57888571429,4395.84137857143,4382.21951530612,4401.84893030612,4404.72014030613,4226.24927081633,4038.17411234694,4116.2015405102,4400.06497081633,4333.00822285714,4397.57595910204,4496.48131891837,4493.91096714286,4304.23599112245,4190.72918979592,4139.3803255102,4286.40139438776,4283.57395938776,4210.9759122449,4107.70179744898,4137.17581163265,4011.25765112245,4013.63051673469,4248.87735295918,4131.55304244898,4073.13872744898,4141.98874693878,4284.09909693878,4180.67646734694,4245.44286734694,4284.85901132653,4279.28625602041,4205.63212132653,4296.971255,4444.51850846939,4358.49782755102,4506.98767755102,4424.72926632653,4374.18862142857,4305.9915744898,4283.70358346939,4460.1040322449,4505.81839571429,4531.69063571429,4215.57715122449,4110.12845102041,4278.42460102041,4051.79029612245,4028.09988571428,4192.89163673469,4281.97164489796,4136.07484489796,4068.49170622449,4087.06974989796,4109.24449163265,4208.59951765306,4096.24604918367,4013.18592244898,3953.02836081633,3986.35018367347,3991.37266367347,4174.29356632653,4333.29030204082,4315.20059632653,4284.35876734694,4196.95523367347,4303.58340816327,4253.39435816327,4480.64465520408,4367.15133336735,4315.60179653061,4559.52875653061,4428.60547734694,4388.0655855102,4408.59669112245,4412.92220071429,4389.76428030612,4361.14212612245,4316.24609459184,4381.37159806123,4326.09098153061,4409.86713795919,4403.20261306122,4320.00037214286,4388.14740714286,4120.48676897959,4124.95867122449,4235.11044489796,4063.59292653061,4162.37418387755,4057.38588543878,4036.60862319388,4090.80211877551,4143.26525418367,4258.66666867347,4308.73924265306,4399.26922030612,4264.48818857143,4291.92469612245,4491.03512346939,4514.06685779592,4387.33035081633,4384.01506183673,4266.58488714286,4262.41573428571,4301.1572605102,4260.63453877551,4297.20205510204,4231.11487163265,4161.48873265306,4175.34511306122,4097.91784183673,4146.86543367347,4103.80486938776,4113.49190438776,4127.68159214286,4153.05326734694,4185.22808469388,4156.43607040816,4183.04500102041,4143.73224183673,4315.11723071429,4266.88117765306,4216.55446326531,3999.1113972449,4032.60322244898,4016.90326744898,4068.88996642857,4080.02116642857,4003.32168836735,4086.04029836735,4127.80058836735,4007.50952836735,4135.76343836735,4019.68883826531,4059.94925826531,4391.96818326531,4206.48698876531,4155.57297001021,4281.76675102041,4242.50570102041,4445.30090816326,4431.30785816327,4114.11723418367,4351.24034918367,4117.88279306122,4251.31462806123,4244.65968806123,4213.66821806122,3939.69151214286,3925.24850714286,3812.36903520408,3796.12696020408,3951.51710520408,3907.27110857143,4025.42273704082,4010.62205418367,4092.22321443265,4100.09050530612,3996.76159734694,4050.9730244898,4219.1407944898,4076.27151755102,4236.28110367347,4210.17923989796,4247.41107489796,4482.41825061225,4423.79497367347,4346.32943969388,4253.2125955102,4449.38783357143,4489.25362071429,4431.0710955102,4380.55329346939,4241.35022336735,4225.05445816326,4253.35992040816,4341.7676455102,4196.90087551021,4138.58900612245,4149.10594489796,4075.00372489796,4056.76170765306,4180.90550459184,4162.58156459184,4207.72706459184,4132.23327561224,4331.87046122449,4300.75608061225,4259.3565867347,4229.28798673469,4182.70887326531,4443.16607357143,4439.60606653061,4487.62884408163,4490.17696734694,4624.93939428572,4426.50036122449,4453.47566836735,4530.87374959184,4423.66119673469,4362.74398571429,4439.62358571429,4347.73346530612,4193.36402346939,4033.40352346939,4068.43290714286,4078.07868755102,4136.27065408163,4203.71994102041,4126.22343479592,4282.05011867347,4410.99138397959,4655.55828132653,4702.60514438776,4426.53785030612,4372.7423227551,4530.59291520408,4409.53776520408,4276.00509377551,4295.44200469388,4379.84869387755,4293.55432020408,4240.78866020408,4169.97733071429,4325.21460622449,4248.91122316327,4200.14678979592,4125.09119795918,4121.62306326531,4127.79726959184,4194.99863326531,4217.62536091837,4295.46225887755,4390.87290887755,4336.33997142857,4327.7063244898,4216.96429163265,4388.41889959184,4424.12702806123,4415.87623928571,4450.67431928571,4353.98822142857,4429.05207040816,4418.50993540816,4396.79083346939,4343.20955846939,4328.3746877551,4145.10802857143,4048.32628857143,3997.06295714286,4108.20455612245,3892.20678877551,3811.5874244898,4098.81242857143,4011.5257622449,4102.30173265306,4106.5522744898,4145.88609846939,4111.40553714286,4064.78833387755,4031.87862857143,4150.54482489796,3977.84019489796,4044.18661561224,4054.4398492449,4086.9375992449,4087.3460492449,4015.1969842449,3991.9026992449,4001.5405855102,4138.6284055102,4232.91994,4316.71587367347,4208.06439122449,4314.52795469388,4248.95260469388,4135.11963469388,4034.97680938776,4004.72976632653,4174.99077142857,4132.87890612245,4169.05468265306,4108.47362816327,4120.65521969388,4174.79297040816,4299.63751122449,4270.28090714286,4394.70551342857,4466.38938097959,4254.17484730612,4322.40798530612,4391.08521530612,4427.78349969388,4422.65909408163,4240.45275489796,4552.60564538775,4551.04965538775,4600.56366255102,4686.17394326531,4593.03179326531,4484.69295877551,4535.46160377551,4409.80325295918,4402.18933632653,4205.30101214286,4271.53865553061,4098.67233367347,4241.56682826531,4124.21066683674,4453.96217071429,4216.8675477551,4389.36435673469,4156.36314908163,4311.33658122449,4101.33689234694,4037.85529193878,3887.13936897959,3972.8622522449,3926.57140622449,4013.81465713776,4099.28078938776,4218.30496938776,4198.14258320408,4460.06505612245,4339.77369612245,4467.46969540816,4481.79397142857,4404.24592142857,4350.57067142857,4483.37464,4431.25125204082,4361.0987922449,4124.75923102041,4085.48741510204,4063.84488142857,4027.85085530612,3958.69698244898,3951.00231836735,4001.59599857143,4075.35862142857,4294.11152112245,4407.16431938776,4296.71902387755,4326.19853183673,4294.34228591837,4402.77690816327,4225.54714857143,4131.6819922449,4313.76428122449,4259.56883122449,4234.26345204082,4090.32074,4157.39277163265,4171.08479387755,4249.10537897959,4122.51907418367,4280.43122959184,4367.81652959184,4183.39512122449,4162.93613469388,4134.91748571429,4221.1578305102
458.122448979592,4468.98632142857,4297.28464081633,4299.20479306123,4505.33044306123,4545.2180244898,4565.9424294898,4589.71364846939,4550.76762051021,4527.08162765306,4528.2390072449,4650.057015,4575.31273908163,4716.11050785714,4636.39390785714,4655.56645,4647.69629959184,4693.73969489796,4641.6114622449,4669.30254153061,4670.87918352041,4687.13495479592,4718.5728455102,4620.58650204082,4635.16261979592,4672.22517142857,4718.22204714286,4708.03902959184,4711.99586122449,4501.90631538776,4486.68264540816,4489.87073632653,4535.1078727551,4530.5584677551,4439.20772806122,4420.49887428571,4624.7118294898,4602.83128663266,4545.40800714286,4698.0517744898,4687.84310306122,4729.26990959184,4621.37243204082,4778.63691979592,4759.98394183674,4798.14013663265,4922.22169632653,4810.48499387755,4858.4602317347,4826.2274367347,4751.25472173469,4450.02366173469,4355.10665867347,4247.53281020408,4273.85210897959,4349.46768877551,4520.28588469388,4488.15461938776,4540.02273469388,4488.79893469388,4521.93213469388,4651.47503061225,4457.54170061225,4438.33073979592,4377.57377979592,4456.73869367347,4388.00363122449,4425.58301897959,4404.26464897959,4235.93688693878,4511.88453693878,4339.99471428572,4183.22958435714,4209.57073051021,4317.0746805102,4199.21953367347,4356.91498714286,4326.67471530612,4279.42563979592,4094.260535,4325.63925959184,4135.77637469388,4270.12384469388,4198.65776061225,4279.68153459184,4208.52291622449,4238.08568714286,4347.24562632653,4232.58018836735,4084.50365367347,4107.05892591837,4233.76839714286,4378.40989755102,4235.34870418367,4470.7525615102,4359.2160655102,4375.55731836735,4609.38787346939,4776.66030408163,4561.676555,4635.20534591837,4564.22720744898,4520.2572822449,4405.41199959184,4450.89334959184,4448.93786877551,4313.70247367347,4301.74447040816,4335.2377244898,4309.90263081633,4495.23920755102,4485.49996204082,4230.94016612245,4139.86255306122,4200.91790387755,4223.08115367347,4295.91986183673,4365.27832265306,4366.10349265306,4459.40951295918,4562.42828663265,4545.4841377551,4685.7149877551,4783.74778938775,4776.07274346939,4741.90527530612,4789.94357816326,4719.44761693878,4746.66786285714,4671.78956591837,4800.68536122449,4796.7124055102,4821.59547416327,4509.37325204082,4723.76547293878,4542.32951632653,4813.83827530612,4665.98546913878,4721.14930467347,4630.17109938776,4618.24443755102,4621.58358755102,4651.52883755102,4667.75347693877,4503.11947693878,4502.44912693878,4478.36447693877,4524.8369755102,4409.19446938776,4463.40631326531,4723.90371938775,4614.85170938775,4621.35437520408,4478.19597448979,4593.79301020408,4580.98221520408,4562.68772020408,4658.11045408163,4664.73527959184,4575.87972071429,4521.46846306122,4633.59029571429,4706.13638112245,4585.02068010204,4660.53073010204,4650.4475972449,4631.48823163265,4647.88471428571,4583.68548265306,4585.87185265306,4602.31395910204,4693.4325072449,4620.50458265306,4701.70354765306,4681.03763265306,4647.41473642857,4554.34290459184,4628.66360408163,4721.50464367347,4610.96773928571,4756.19891428571,4854.88396989796,4684.49035469388,4755.88889826531,4866.33827336735,4918.19051918367,4979.4199705102,4930.29717683673,5016.33612683674,4865.27705132653,4794.21590102041,4699.95667704082,4708.91986540816,4807.59711632653,4659.07062755102,4572.96366663265,4811.20186989796,4860.91653346939,4761.51080040816,4867.33761979592,4725.85388979592,4888.34513265306,4845.31797218367,4749.24646373469,4759.75540530612,4729.28324336735,4652.46095336735,4820.76126836735,4773.79706836735,4728.22471836735,4689.19271428571,4818.45781428571,4603.38395918367,4548.09463469388,4673.01878765306,4576.44063928571,4566.45597755102,4397.8479622449,4316.30994071429,4423.63773316327,4393.60241622449,4354.01585816327,4219.27074969388,4413.17864102041,4322.3365444898,4367.41151112245,4349.98741262245,4280.76423466327,4503.25122690816,4401.02342346939,4474.27137040816,4178.35160653061,4360.93490653061,4482.80318153061,4408.24355255102,4311.99160510204,4459.73582142857,4370.48891122449,4488.51068204082,4620.39205857143,4770.98605816327,4870.49804836735,4693.79875204082,4827.74788367347,4756.61413367347,4740.32729489796,4759.08560163265,4793.10696081633,4718.69907081633,4673.3605872449,4745.44998846939,4693.50189285714,4722.06463367347,4442.51829612245,4348.85614469388,4463.54655714286,4498.10207061225,4733.31222102041,4730.70588061224,4802.64179857143,4757.30345540816,4816.28565540816,4830.29867377551,4696.74794520408,4601.2291380102,4631.98994408163,4579.34806428571,4561.56598542857,4501.38068142857,4532.84272408163,4486.07692520408,4655.51580204082,4698.2784212551,4819.5053777551,4793.42930755102,4636.42387642857,4657.21632642857,4584.63936714286,4664.97239142857,4574.49674142857,4635.87961989796,4624.83148132653,4739.19171979592,4534.66295918367,4573.29340918367,4784.46156020408,4814.43250357143,4751.73695387755,4715.46859816327,4526.65055816327,4485.46704081633,4557.68556938776,4370.69101438776,4174.54689285714,4432.80368693878,4331.39928765306,4296.67613642857,4495.30914037755,4411.37949040816,4457.53774510204,4158.95413010204,4221.48668010204,4185.60994510204,4409.83118387755,4240.96315387755,4493.45254397959,4373.26573734694,4466.61782316326,4305.37323795918,4284.43838959184,4297.34275571429,4165.83263673469,4224.97763591837,4370.56425530612,4329.89255530612,4395.60932265306,4408.61806897959,4652.66132612245,4678.51753428572,4812.13657173469,4581.36904693878,4567.48177959184,4452.23828163265,4522.25643112245,4387.23151122449,4310.23133061225,4408.18314632653,4400.80265030612,4396.94204326531,4290.06893316326,4383.54235102041,4207.31187217347,4170.36277877551,4297.93387081633,4133.47220459184,4170.61724877551,4194.23466377551,4102.8064194898,4090.8326094898,4265.71276612245,4395.50221112245,4371.40560081633,4312.23542122449,4341.33904122449,4479.65855816327,4491.97167959184,4497.51057040816,4547.52924867347,4483.19076183674,4429.56123326531,4269.47108540816,4478.95157571429,4255.41856,4282.6348877551,4206.16923061224,4175.97152112245,4311.80592428572,4337.40787816327,4455.70850469388,4377.89279183673,4519.32628673469,4488.23674102041,4434.86245102041,4521.84232857143,4431.22412857143,4503.03119959184,4568.61429061224,4612.60830336735,4554.74875693877,4592.0103627551,4444.21509591837,4520.30764081633,4508.27811244898,4640.8177944898,4580.38019663265,4537.30292744898,4630.64831938776,4563.07486959184,4489.41295326531,4678.79837326531,4652.66421326531,4544.39691326531,4609.27626326531,4674.14259183674,4670.78812704082,4615.82639520408,4558.15601622449,4558.29330071429,4500.33210071429,4529.49677132653,4709.39267877551,4627.76040326531,4624.19722204082,4625.41573,4611.4223877551,4613.36283591837,4447.38700204082,4590.32493857143,4651.96790816327,4596.53444020408,4811.68764265306,4849.23066265306,4765.49730061224,4607.61122571429,4547.35218612245,4557.04681836735,4606.10527857143,4595.06780969388,4592.08090204082,4565.83328479592,4435.47953877551,4425.96518244898,4436.34880877551,4201.85878979592,4155.64715816327,4190.18120816327,4226.02894357143,4128.95692540816,4208.42868234694,4180.26993104082,4290.69558255102,4289.58157693878,4371.60025193878,4381.36274693878,4330.17024387755,4193.55574387755,4635.23442040816,4569.57472040816,4628.20720102041,4781.42103163265,4572.74597010204,4525.24729402041,4433.17300928571,4567.04273979592,4802.01938163265,4756.91313469388,4620.15952755102,4607.0080944898,4611.04384938776,4293.30199938776,4155.30664938775,4238.22113632653,4116.05245591837,4201.5039977551,4264.34295612245,4405.58167653061,4407.43079653061,4722.08935247959,4468.9323744898,4486.42168979592,4523.19165816327,4486.61423938776,4474.70474081633,4449.94454795918,4464.78993102041,4396.65659795918,4321.00920714286,4332.67073673469,4450.07101836735,4413.38370938775,4276.71121530612,4188.66256530612,4400.90549530612,4490.12859352143,4843.40135357143,4786.41973693878,4902.21125142857,4959.76013265306,4858.01483265306,4831.97473030612,4906.12119489796,4923.19290816327,4782.80072520408,4872.38924081633,4593.94621846939,4777.00175673469,4728.48095673469,4768.75239857143,4663.85530622449,4792.3014027551,4675.26978,4639.81437306123,4485.64945969388,4862.79919795918,4867.38053969388,4882.63094489796,4767.30003632653,4793.57898632653,4812.3097355102,4865.50565836735,4827.96861183674,4704.61247316327,4504.27028153061,4471.03995877551,4486.57277632653,4493.81286612245,4358.16519755102,4383.01610346939,4395.78646846939,4449.58437346939,4513.92480346939,4448.74920346939,4421.0562744898,4296.20332479592,4337.88035979592,4394.49605979592,4566.98985173469,4609.45823673469,4515.01627918367,4472.21972918367,4498.92721918367,4533.37768969388,4656.80951333673,4519.56553795918,4667.07377040816,4624.94106244898,4807.75743112245,4803.04364520408,4834.01875704082,4658.52932061225,4667.40162112245,4727.99876744898,4709.06834397959,4715.5100544898,4762.0669422449,4781.02955306123,4777.45030479592,4702.25165959184,4732.08657193878,4731.79855051021,4850.37721887755,4692.67331785714,4680.31524744898,4481.42384734694,4568.85139693878,4438.63041336735,4564.45358265306,4593.63452244898,4559.87777234694,4384.82621530612,4362.91748367347,4433.56345102041,4397.88659204082,4356.83115204082,4419.49036428572,4450.99441428572,4520.94667653061,4561.64493673469,4499.73345204082,4345.31565704082,4411.36805204082,4543.65981,4482.21977734694,4610.72493673469,4529.48100836735,4397.74870306122,4404.21986428571,4545.28233410204,4588.95099693878,4531.06490193878,4455.71360387755,4474.71862959184,4555.10028061225,4569.37338061225,4433.00584826531,4525.72769387755,4443.80332653061,4343.00482653061,4283.27398653061,4549.8448777551,4425.06759255102,4338.20896091837,4205.14041122449,4389.03333887755,4311.24180204082,4325.05488704082,4520.98890204082,4333.01867234694,4447.45252234694,4307.24150459184,4342.19805959184,4348.60338994184,4506.55426259184,4416.65609428572,4389.2560255102,4458.47351979592,4461.26382979592,4362.3326655102,4608.43423877551,4403.90243540816,4499.13832755102,4552.07977346939,4512.04982040816,4515.26445469388,4676.02914469388,4801.24952244898,4819.28276244898,4674.22151397959,4766.0328,4723.90455,4767.07591183674,4830.00524397959,4815.53403408163,4800.28520183673,4560.50458938776,4608.55477214286,4525.44462214286,4420.64915306122,4395.33013673469,4370.75861571429,4513.75713721429,4673.36968571429,4644.37837163265,4621.16907163265,4609.43276051021,4695.37799561225,4559.34086459184,4297.60018683673,4239.03618540816,4244.45316010204,4335.8536055102,4228.77417551021,4419.3727517347,4299.04077755102,4153.12377755102,4200.08730204082,4129.56061654082,4141.02360204082,4151.29174173469,4195.05288673469,4565.85138673469,4447.60612040816,4327.12344346939,4680.67683346939,4486.54477755102,4576.66083867347,4463.44238367347,4528.55353673469,4564.69898061225,4392.15641438776,4437.06270612245,4327.23905204082,4338.18727244898,4401.02575102041,4311.53540102041,4343.56084336735,4289.41121530612,4510.98360479592,4533.1155794898,4764.90365612245,4705.43620612245,4419.07488571429,4343.71931071429,4288.99985071429,4534.67979234694,4373.69403234694,4418.48696734694,4468.82560102041,4273.73679622449,4313.92481122449,4266.93800204082,4336.58900918368,4352.82330204082,4212.98866816327,4463.07798193878,4524.71716142857,4327.9513127551,4444.2544127551,4217.51913353061,4047.35434067347,4138.89200612245,4289.31978061225,4264.89788367347,4237.10517081633,4211.6960372449,4327.08929234694,4351.88292397959,4352.22092306122,4205.29949102041,4354.44459734694,4347.99270418367,4248.96465091837,4287.90403357143,4304.48167163265,4308.22237897959,4160.21814408163,4380.52286836735,4443.54112938776,4580.07211561225,4364.38060714286,4567.21568734694,4514.24325938776,4434.98276091837,4557.84860326531,4541.20257326531,4389.75558755102,4401.56723040816,4245.51750948979,4177.38640663265,4248.15969591837,4344.2893877551,4216.38730408163,4009.2940894898,4253.79151520408,4206.92812244898,4209.96165755102,4478.20774755102,4477.85151244898,4566.38642030612,4586.19568673469,4733.51436622449,4467.97710632653,4461.9688022449,4497.70327653061,4439.07036132653,4325.55229397959,4370.00486020408,4256.41454693878,4438.08415255102,4518.28159897959,4527.42053979592,4497.26253673469,4602.84392397959,4590.69181397959,4701.07626602041,4703.90329377551,4325.37815073469,4388.31954367347,4275.77832326531,4407.62338979592,4330.29898979592,4319.02968979592,4150.94528979592,4269.08246020408,4289.13551020408,4346.84091836735,4607.52087571429,4694.92984571429,4603.03285265306,4594.68730265306,4701.13206653061,4809.43715846939,4801.10344661225,4698.80077306122,4549.81421285714,4727.81793836735,4759.54168918367,4691.23509387755,4602.03766428571,4663.92590622449,4416.46621938775,4581.28055510204,4489.2181,4369.11103673469,4646.73734285714,4639.13750816327,4614.31903908163,4593.44846244898,4700.24953744898,4730.77407938776,4870.28453142857,4844.90941714286,4827.03253857143,4770.46353183674,4542.93940071429,4513.41623571429,4480.64053071429,4467.05728071429,4520.88346265306,4481.40523265306,4450.86248061225,4481.09939091837,4457.84715591837,4560.09692704082,4656.05170204082,4717.51420204082,4648.42668604082,4552.09503604082,4720.26125306122,4640.19518367347,4578.6750322449,4500.15837102041,4520.85078102041,4480.74712602041,4595.72560510204,4450.99840510204,4587.70219489796,4611.86890020408,4537.78981306123,4599.76751836735,4632.8922122449,4709.13886826531,4754.01360520408,4787.68220316327,4577.92894357143,4692.00061285714,4703.4774777551,4651.75221071429,4429.98960918367,4651.47089591837,4594.71642040816,4580.22864387755,4486.28536744898,4520.2654155102,4452.2092755102,4494.24604285714,4550.50129285714,4384.29359489796,4542.13238489796,4567.36115877551,4495.29979816327,4390.24880102041,4486.33970581633,4396.64947081633,4509.17754663265,4641.89252142857,4630.43054806123,4691.56477112245,4733.57752234694,4536.03483071429,4554.21421571429,4508.82491836735,4368.00557142857,4369.02400877551,4502.03318030612,4382.48739530612,4448.82857959184,4500.67278734694,4344.43814682653,4547.39060397959,4586.81087887755,4613.33101030612,4569.62911030612,4464.33089091837,4406.90499316327,4488.91161744898,4229.4625672449,4254.44183308163,4248.43660938776,4342.59563765306,4298.47742020408,4392.1979244898,4378.8025494898,4556.08929591837,4437.24808469388,4493.06838,4514.70495877551,4447.14619204082,4321.98923510204,4501.23601938775,4375.30320612245,4464.1497722449,4676.60739714286,4710.10260265306,4666.52891489796,4456.32579510204,4505.51352459184,4680.06868234694,4691.23319693878,4731.62481979592,4531.88687755102,4543.35842755102,4626.05389591837,4393.34981663265,4555.52620163265,4500.31257642857,4714.75557653061,4607.24095714286,4638.71704693878,4648.60437295919,4689.70677071429,4701.81856183674,4624.12796530612,4641.39826632653,4480.86273132653,4655.19019326531,4670.46517163265,4635.42189704082,4643.15792183674,4721.9516877551,4615.66986479592,4545.11137489796,4721.8960877551,4630.67411132653,4535.44737234694,4672.8784327551,4560.3755677551,4647.06434489796,4586.72885571429,4677.24624871429,4515.20448571429,4410.38177653061,4382.24098469388,4457.88088469388,4334.99098469388,4357.88321632653,4401.91751632653,4216.67652653061,4235.97225408163,4450.07785357143,4428.51899489796,4568.24823061225,4307.18476428571,4405.94191428571,4526.14660887755,4446.5807,4552.37581326531,4475.11982040816,4658.72956214286,4556.18896142857,4677.49494387755,4849.21560714286,4830.4426122449,4760.0240722449,4667.35956938776,4551.89201765306,4511.28079755102,4563.77345795918,4544.12121912245,4468.01126412245,4581.33143412245,4584.65517314286,4606.09917314286,4674.26403836735,4689.10297285714,4705.97136989796,4604.69695489796,4595.98326387755,4600.56306387755,4388.36431989796,4338.45963418367,4299.06462367347,4325.21166530612,4396.74105122449,4243.78797881633,4386.79700102041,3989.22564571429,4103.64158530612,4083.19254991837,4081.85681934694,4135.18496081633,4509.2450277551,4460.11153287755,4239.74842287755,4283.10638787755,4373.6660377551,4353.45117336735,4370.8294655102,4330.20006653061,4379.11802306123,4420.31467867347,4332.03695540816,4208.78683938776,4124.19819244898,4287.58627244898,4175.6083122449,4340.39269489796,4269.78573244898,4144.89119387755,4116.0189122449,4124.83423540816,4120.65371663265,4127.00704153061,4228.7224,4443.60493979592,4056.39223306122,4129.67841020408,4146.65497214286,4318.98273979592,4347.05207846939,4449.05669887755,4469.05786112245,4257.504714,4326.96666408163,4145.04393497959,4263.34644497959,4362.01824497959,4316.44293497959,4493.25543497959,4344.21258497959,4488.95483497959,4362.53753602041,4504.94530102041,4390.58218765306,4282.83406367347,4370.64756367347,4437.19291438776,4423.04198989796,4288.60344020408,4305.95217020408,4566.23639326531,4642.84099938775,4786.67187489796,4489.48185510204,4721.17587244898,4679.86555744898,4562.97916836735,4595.33851836735,4721.80982040816,4756.04508265306,4652.90395204082,4545.06570204082,4653.82630306123,4498.96896928572,4421.30120428571,4463.05167071429,4458.65923571429,4286.14237877551,4229.97434489796,4270.22071530612,4369.80403244898,4321.49527357143,4351.50216204082,4279.71178673469,4076.26795479592,4287.88627418367,4143.80276018367,4244.31438365306,4254.35158059184,4260.43265202041,4256.84530732653,4256.90189610204,4198.78576814286,4240.56620714286,4336.02394989796,4292.01805408163,4279.13698602041,4420.22363102041,4341.78544622449,4283.59388632653,4270.30519969388,4272.29386612245,4213.62295837755,4282.14665743877,4322.10980591837,4205.6450524898,4258.07185248979,4216.20913244898,4181.27966667347,4169.90033755102,4244.10179622449,4247.30709418367,4249.37996387755,4271.33674183674,4461.06501510204,4460.17368510204,4297.2116844898,4448.8610244898,4356.86619897959,4379.47404897959,4608.1507244898,4496.66421367347,4619.3624155102,4495.28830714286,4489.91977857143,4490.43714897959,4494.77408397959,4483.83353397959,4495.44980877551,4446.47678877551,4546.09846193878,4723.82265714286,4538.66515714286,4700.79316734694,4712.19187734694,4703.04571622449,4789.27822622449,4662.02543795918,4700.14619693878,4725.43253979592,4708.56703061225,4502.38935244898,4690.26759336735,4798.33457091837,4695.52944591837,4713.78841642857,4813.31281020408,4722.13355816327,4792.17769795918,4662.56298826531,4549.71331469388,4535.92502112245,4600.15696877551,4649.91297377551,4595.8284772449,4492.05104387755,4598.45974387755,4683.33975102041,4635.59186489796,4627.31826938776,4606.54371122449,4575.05410204082,4515.9556255102,4497.14454897959,4350.02852244898,4269.78004285714,4339.59327234694,4278.09267234694,4305.16059214286,4330.87967887755,4372.89645,4334.33208469388,4299.72372244898,4369.29204183673,4268.80959020408,4273.52987214286,4247.60215755102,4301.9841622449,4309.67908091837,4241.23592653061,4171.7789244898,3947.48585201633,4099.66828265306,3897.7949622449,3994.73742255102,4147.32895112245,4306.27058051021,4493.19837234694,4512.50826755102,4540.67290734694,4439.48737377551,4379.80665223469,4340.24995561225,4435.87823204082,4363.02072877551,4545.85690887755,4571.52626806123,4559.44220244898,4612.08074102041,4561.37390102041,4581.94143836735,4645.12178142857,4733.59161897959,4722.71137826531,4584.41231193878,4656.45443418367,4477.17945918367,4442.83043469388,4447.67094489796,4357.44080816327,4298.12752020408,4229.55713979592,4418.01148177551,4305.91629704082,4424.64484204082,4326.87203326531,4249.81057544898,4216.89313265306,4295.96696265306,4216.57301234694,4174.45187112245,4087.10189081633,4254.88536938776,4350.50099285714,4326.03776285714,4410.48572285714,4317.60827285714,4360.36536142857,4432.14769642857,4409.2937677551,4629.4713727551,4698.9101127551,4665.0215277551,4536.92292551021,4737.14171438776,4655.63798642857,4581.35187193878,4674.23943091837,4607.70986765306,4680.94273428571,4788.54271489796,4488.73207836735,4595.37169632653,4488.93383112245,4444.59219183673,4422.57551877551,4452.79990204082,4366.50426530612,4485.30165816327,4188.13234765306,4267.82343265306,4458.83424285714,4551.10849285714,4588.260815,4422.41915173469,4541.05031255102,4648.25941693878,4751.07437806123,4712.51808663265,4341.09333163265,4417.20150030612,4383.30838091837,4317.84354836735,4277.78208693878,4367.0177477551,4520.05890959184,4541.76162653061,4487.69326938776,4584.8951372449,4590.59364418367,4448.77413591837,4603.65182204082,4637.20281295918,4474.42236867347,4588.04404469388,4490.90867132653,4514.23462520408,4475.33822306123,4435.26807734694,4581.22931244898,4355.54558857143,4421.59022336735,4707.44403836735,4528.97550079592,4517.3538272449,4579.60142755102,4645.28618234694,4622.54640020408,4795.95492693878,4825.13811387755,4776.92526387755,4867.04615040816,4926.23328581633,4901.35287346939,4644.31567673469,4537.56658469388,4793.22653469388,4818.91530969388,4839.8272655102,4591.96506012245,4505.83267683674,4582.09453183673,4345.07150883674,4536.62463469388,4544.51785030612,4585.93193326531,4568.26528326531,4621.85810177551,4597.91023677551,4244.0534622449,4374.95705306123,4374.45346122449,4354.03202755102,4438.18808285714,4424.43319285714,4441.58274938776,4458.96085673469,4619.09370306122,4548.63815306122,4534.69416367347,4514.62422367347,4677.62851295918,4534.43331703265,4595.87620061224,4590.38347102041,4643.28589,4506.26497959184,4708.45861918367,4696.66328806123,4735.00700173469,4578.96392173469,4607.25346540816,4651.2974905102,4691.4865105102,4715.56184163265,4687.17857989796,4712.75607989796,4679.60651346939,4696.88410673469,4721.34914520408,4831.57500377551,4833.08586520408,4902.56422316326,4839.58898438776,4846.49544938775,4735.8513822449,4674.72925540816,4607.37801316326,4512.4538572449,4815.8725572449,4742.08120591837,4814.60712091837,4752.88622918367,4683.08795510204,4638.95014795918,4816.7580522449,4709.5256,4597.80778367347,4586.4316744898,4541.86078561224,4415.43072193878,4244.88766061224,4299.14277061225,4300.79073193878,4362.1902144898,4469.64964989796,4333.72019030612,4421.01122326531,4479.72391326531,4456.79712163265,4409.73828795918,4478.96435020408,4416.93652683674,4421.08518873469,4699.98343346939,4639.5276355102,4675.61364387755,4506.68439714286,4676.92334295918,4588.39713795918,4793.32973795918,4596.78304183673,4564.09199295918,4420.26156795918,4637.80999581633,4543.9370694898,4549.64176122449,4488.50135122449,4511.25611622449,4650.07653377551,4482.28827653061,4487.71147908163,4227.56312826531,4064.49728326531,4361.24721214286,4442.44384285714,4366.3423877551,4387.38171642857,4268.47214193878,4097.78939693878,4246.6893595102,4328.11391326531,4262.73939295918,4298.95671112245,4323.92595612245,4297.99832346939,4228.35336367347,4309.41751367347,4303.27977653061,4474.00054418367,4547.96202081633,4593.42669081633,4597.62021204082,4560.72500510204,4630.19320244898,4699.67664102041,4650.89709102041,4466.45049632653,4524.32877653061,4360.65515653061,4347.19953204082,4491.66459734694,4240.55768653061,4244.63044153061,4301.81067663265,4177.42136959184,4355.43653459184,4357.68740459184,4388.08370214286,4513.55151214286,4565.55364969388,4545.10324469388,4428.15504204082,4385.79139204082,4317.48035959184,4267.75271183673,4309.65005183673,4260.68502204082,4400.08782428571,4405.20274265306,4610.64239265306,4347.34720387755,4405.93521612245,4475.69606979592,4579.68038928571,4476.76710755102,4746.89955857143,4873.12190510204,4739.70673520408,4804.44939591837,4780.52390857143,4611.55102357143,4743.36287387755,4787.19802387755,4509.4862094898,4684.2336694898,4531.1930944898,4504.5641044898,4475.1601094898,4567.9572644898,4512.8572744898,4533.06834010204,4674.50013367347,4670.0817455102,4510.88621979592,4573.96082591837,4557.90103306123,4480.90865306122,4515.91723928571,4427.44440979592,4324.65075979592,4303.23535979592,4348.56361346939,4280.13706489796,4250.42720918367,4304.20507959184,4250.53538265306,4141.81546081633,4267.41721806122,4172.82026163265,4033.13952673469,4308.97328693878,4243.95526408163,4145.92245571429,4239.37457081633,4349.13615367347,4175.4627044898,4310.37330632653,4372.21954367347,4363.04859285714,4462.02134285714,4446.33665704082,4499.31482704082,4399.05847755102,4419.10446571429,4553.72703571429,4506.10205071429,4538.28548163265,4547.81505306123,4433.60732142857,4577.25785612245,4512.45451979592,4474.38839540816,4655.21628061225,4705.52932244898,4562.72487357143,4601.20888061224,4635.90689255102,4592.32080051021,4645.5885755102,4568.92040877551,4448.08767836735,4392.34111816327,4512.0069755102,4557.88043928571,4462.41554183674,4350.73290561225,4409.76406255102,4231.30761234694,4259.75324234694,4336.47171234694,4316.42476734694,4371.43598673469,4397.80818265306,4634.49957040816,4409.59067183674,4308.06591326531,4200.96312704082,4142.4959277551,4122.82306755102,4142.98776020408,4126.53311602041,4130.51236714286,4135.15606142857,4121.37944591837,4170.85709591837,4329.71071979592,4170.93663142857,4087.87041591837,4238.40254,4237.66041397959,4393.66847040816,4177.50719877551,4301.94217918367,4396.96519142857,4454.92720102041,4330.9691822449,4329.66209010204,4318.17051785714,4281.90750653061,4116.39333816327,4195.90537744898,4276.23261406122,4365.43178561225,4415.85058163265,4488.58897081633,4494.30567571428,4379.35005102041,4195.22559897959,4409.92221959184,4422.6568455102,4335.1959155102,4505.10895,4424.95525,4414.55485,4444.58770816327,4540.47220306123,4510.64947040816,4502.59183632653,4584.56010061225,4367.35156571429,4282.40134571429,4235.03917857143,4298.56968571429,4321.62154547959,4384.68867367347,4413.68650204082,4306.36133704082,4405.1585227551,4420.0883227551,4507.75442653061,4394.26213163265,4492.03468030612,4420.65505683673,4356.96960469388,4294.52882540816,4222.02043459184,4235.97137959184,4339.78487142857,4331.38781010204,4399.32240581633,4290.9033,4444.12732540816,4484.81090877551,4568.50729642857,4428.71073693877,4355.59587071429,4348.78915285714,4475.84513165306,4251.8166915102,4354.9538915102,4414.7066915102,4478.96530959184,4391.05430138775,4465.62710138775,4504.23574122449,4647.83176122449,4546.81027469388,4584.10032346939,4622.82371979592,4739.62731357143,4675.9790655102,4549.4382005102,4633.89821959184,4588.80717071429,4441.1096744898,4549.8472244898,4688.73573877551,4726.37098265306,4726.31032857143,4699.06087846939,4769.84883428571,4856.32015979592,4802.15578040816,4731.99212653061,4764.85462653061,4806.80303265306,4932.01880428571,4972.29536306122,4921.41669806122,4869.65250642857,4922.99168061225,5007.40601122449,4860.88057857143,4798.39824795918,4709.89628836735,4679.55148061224,4688.09303122449,4784.65561826531,4704.62740387755,4499.07704387755,4385.79381020408,4381.75314520408,4195.47887459184,4164.01667234694,4372.65193761224,4364.60573163265,4451.66053163265,4443.87514030612,4307.06534030612,4261.62374571429,4337.41225285714,4391.89951040816,4424.21862530612,4331.85855836735,4208.84787081633,4203.03807081633,4276.58092081633,4355.6687777551,4173.90482836735,4328.47502826531,4281.89504612245,4211.27659011225,4277.00041061225,4345.87290510204,4396.70418979592,4404.42483612245,4468.10585408163,4406.58286,4660.52690428571,4638.20902857143,4498.04272857143,4559.11899357143,4668.99418928572,4666.41668336735,4728.60743336735,4685.70577142857,4729.17635612245,4993.95920816327,4772.91799693878,4853.73057979592,4846.86652979592,4720.43931129592,4848.02391323469,4677.55149394898,4945.96112354082,4720.29466231633,4711.59009908163,4621.61021040816,4765.41469908163,4573.92176387755,4578.04611387755,4453.40457244898,4760.55448612245,4793.08654765306,4567.93591020408,4472.18130816327,4650.58437693878,4647.21172346939,4652.09964183674,4594.4308367347,4649.14471897959,4600.6936555102,4442.46449632653,4416.07540132653,4635.42964234694,4532.64604234694,4333.67466734694,4481.18312857143,4443.08780255102,4185.15470816327,4139.20348163265,4231.51527520408,4262.54065132653,4286.76054081633,4418.0859744898,4458.09040091837,4352.39860653061,4464.31314153061,4560.8656244898,4368.61302142857,4501.03723877551,4706.2753,4545.8303,4615.59025714286,4405.43037326531,4553.44020326531,4664.8610427551,4574.70614489796,4563.21460204082,4628.28106061224,4629.81428102041,4763.35160102041,4512.63678479592,4601.42476091837,4537.89574081633,4578.33998581633,4549.80804295918,4531.57887295918,4602.54474295918,4532.73504295918,4591.40848367347,4626.53723459184,4606.27067857143,4641.12745510204,4492.76527816327,4586.09527653061,4332.79014693878,4561.78682071429,4583.1131255102,4645.26001938776,4459.28426479592,4480.4660377551,4528.7944627551,4452.71248673469,4663.3791644898,4692.9412144898,4432.7489427551,4461.95683489796,4337.78721928571,4137.10521255102,4150.78849734694,4072.7125755102,4115.28552897959,4180.43107040816,4264.99936734694,4278.12297040816,4473.03100102041,4419.66320602041,4491.03580408163,4435.60556122449,4448.35262551021,4528.34462346939,4603.00008193878,4644.72633193878,4735.88436663265,4647.15809387755,4752.3241767347,4748.66929612245,4841.09974602041,4782.91165071429,4986.78770571429,4785.18100285714,4873.62303285714,4765.27176722449,4830.31895222449,4959.25126,4948.73794020408,5008.12458653061,4878.09924122449,4834.85274193878,4872.639641,4821.32882520408,4929.47237469388,4875.87156836735,4864.79050510204,4837.83992408163,4803.64505346939,4921.99438591837,4950.04629918367,4967.28573306122,4757.80741102041,4912.51633612245,4875.62580714286,4901.55747408163,4877.5588755102,4831.30657489796,4755.62043908163,4822.72099653061,4841.81839653061,5128.47444479592,4822.73648571429,4898.42463163265,4850.05798061225,4863.51121734694,4942.02116464286,4684.22777959184,4739.60969367347,4954.07117367347,4750.12390285714,4772.72835755102,4817.14835755102,4933.02883204082,4920.0455272449,4798.1928622449,4781.7521122449,4679.52976530612,4642.86241530612,4503.52346938775,4594.46943071429,4323.72149387755,4469.1193122449,4496.13432,4582.90165163265,4585.76827653061,4800.01404489796,4566.03216642857,4411.64668959184,4409.29010602041,4614.79777102041,4521.90920234694,4610.66833708163,4657.24765183674,4647.60763887755,4726.04209510204,4600.91494112245,4677.02541663265,4720.48528563265,4711.576075,4491.28385683674,4402.27381122449,4415.31115938776,4649.66230938776,4656.3370144898,4776.05727040816,4749.07186438776,4675.20304693878,4505.47073877551,4561.74021530612,4560.44292653061,4465.35675877551,4596.28465877551,4627.97633265306,4614.56010612245,4667.35446591837,4719.9877622449,4645.96266530612,4792.78712346939,4624.77345469388,4514.80139469388,4478.77976418367,4571.87890561225,4546.59714030612,4623.03468877551,4850.5625389898,4589.71778061225,4736.64725102041,4757.37905102041,4618.97895285714,4696.71968173469,4522.1181305102,4567.23104183674,4736.81549459184,4739.73108163265,4767.12463591837,4750.62565734694,4788.19563244898,4833.98783265306,4720.02210061224,4726.64408,4791.56887,4743.94118204082,4721.47545408163,4762.72477408163,4653.84136408163,4838.15223367347,4855.53133959184,4489.48993959184,4403.82417459184,4362.09674959184,4334.57394234694,4348.71251306122,4388.7230444898,4338.29415795918,4254.07256428571,4348.67762755102,4337.18685316327,4376.8583572449,4482.22838816327,4744.07038734694,4624.39939744898,4463.46761989796,4479.70015408163,4460.15836234694,4503.30167010204,4569.71087010204,4672.68462010204,4629.82891510204,4419.41347,4470.7079127551,4592.25810442857,4436.50446142857,4333.24569540816,4275.87785581633,4230.38604857143,4290.01668520408,4346.8117622449,4397.16973653061,4464.92537346939,4318.87775428572,4510.33608959184,4288.89663408163,4435.86454693878,4193.68403367347,4319.98818173469,4162.11621173469,4185.26331326531,4357.05916489796,4344.26425183673,4295.31872683673,4347.40921714286,4470.37606714286,4464.64784469388,4451.59974844898,4403.79130081633,4344.50136346939,4382.49723346939,4328.54163306122,4442.53876232653,4322.84281865306,4423.1411577551,4363.3727577551,4479.5659635102,4396.52009183673,4660.69739183673,4532.36955653061,4450.91384693878,4438.80451183674,4568.57819163265,4872.69132377551,4840.20004877551,4688.41560040816,4591.99442336735,4695.62952265306,4648.01551765306,4676.90705612245,4738.89790377551,4462.4876672449,4526.458195,4663.03721877551,4511.79105,4520.64539379592,4377.34766428571,4282.86307612245,4320.00571836735,4305.78606530612,4509.94589397959,4578.61244897959,4544.39754897959,4678.59178897959,4642.7171659898,4481.08275989796,4437.58124489796,4412.90894489796,4446.13029489796,4547.76934255102,4710.28422387755,4607.28239561225,4828.46040428572,4852.15760428572,4752.00176428572,4685.40932112245,4808.43695204082,4534.57596489796,4580.40487959184,4675.64489387755,4832.41519387755,4651.87504387755,4686.88854387755,4561.19518877551,4840.04954153061,4811.43622346939,4893.74185836735,4610.3903644898,4639.85888,4723.5987805102,4703.12992908163,4512.71581153061,4484.40538102041,4652.25552428572,4471.76775,4529.50073673469,4569.87743979592,4623.52487653061,4718.96200489796,4873.84839489796,4966.3840255102,4847.5080755102,4652.28395204082,4605.01278469388,4553.27883316326,4581.12367540816,4562.7484252449,4719.26653122449,4503.41561591837,4598.50376897959,4636.20146714286,4632.00389714286,4678.03187244898,4658.9941,4556.5609,4514.44249,4407.60215234694,4545.82225336735,4355.50285336735,4438.13484826531,4464.43424826531,4580.13580336735,4571.66240683674,4521.08582336735,4563.22457857143,4565.68408061225,4781.10582714286,4722.5151255102,4663.73271857143,4658.08982714286,4322.2605954898,4320.12164642857,4372.57469642857,4401.65663204082,4492.02080204082,4398.69870377551,4423.22949367347,4597.31828571429,4509.2484844898,4392.09138387755,4283.75927959184,4468.98699846939,4343.24856255102,4453.78559255102,4548.94194591837,4448.51579673469,4322.22900408163,4327.75688142857,4306.98847132653,4418.47505102041,4440.04423489796,4447.59863979592,4586.52221489796,4327.15210612245,4339.24663673469,4252.26707561225,4401.09811677551,4656.41945571429,4616.63544959184,4530.94296673469,4550.34587234694,4558.79883663265,4458.78299413265,4353.18623015306,4471.31617668367,4446.70102,4712.59958408163,4437.77667357143,4675.42189346939,4617.79202612245,4615.71950897959,4472.70425897959,4330.88027346939,4527.76897959184,4559.81870816327,4592.15740816327,4565.83700510204,4455.44514846939,4417.12431234694,4490.50698357143,4450.07708163265,4554.93978132653,4661.07433969388,4727.73718642857,4538.56251642857,4489.14428744898,4537.55278030612,4385.70915306123,4301.1737877551,4125.89936326531,4114.242105,4272.33576857143,4314.34356163265,4218.24560153061,4292.90706336735,4327.67728836735,4259.61228836735,4283.31928836735,4279.63189036735,4402.37044040816,4459.46119040816,4286.24554040816,4293.34176979592,4286.05626979592,4492.0001622449,4409.71593663265,4443.6021280102,4385.80738030612,4256.64134377551,4343.75609102041,4212.28350816327,4238.48428030612,4279.36915785714,4313.26991489796,4488.07405612245,4214.91685612245,4422.37645489796,4542.14971489796,4606.99495489796,4701.06142693878,4575.27210193878,4583.71682693878,4650.50158265306,4573.12154765306,4575.33885912245,4589.19748969388,4620.46167469388,4729.24060969388,4741.76624418367,4805.57795418367,4755.62103632653,4943.44418438775,4952.06698306123,4920.9323344898,4727.4756694898,4629.97327061225,4565.73502061225,4267.44027163265,4318.39487795918,4482.42912244898,4485.92497489796,4459.74441061225,4490.8510827551,4409.9141577551,4540.21334346939,4781.29731969388,4734.17154357143,4734.14831122449,4740.78192438776,4528.9818044898,4643.6275544898,4421.91561469388,4558.67850265306,4423.36455510204,4419.36450510204,4319.73762040816,4346.24800877551,4647.18179285714,4613.51888959184,4417.06321918367,4538.98663377551,4513.74390102041,4300.91097040816,4343.44627346939,4389.02881071428,4299.16638336735,4363.93591316326,4475.52897030612,4477.88212030612,4335.15210346939,4227.63122137755,4384.61671607143,4658.87326408163,4231.44373408163,4249.93360877551,4410.55864387755,4487.1974022449,4618.44369489796,4576.66457673469,4398.12183030612,4305.96637653061,4339.70323387755,4322.38281265306,4358.53626265306,4470.71881765306,4443.08593122449,4635.54408122449,4629.87425336735,4613.98004428571,4486.80531416327,4386.34301010204,4278.15093979592,4277.40438979592,4173.67899765306,4192.40986734694,4281.45898673469,4375.52616653061,4246.70676877551,4256.44812387755,4162.73359744898,4195.56845816327,4223.55506581633,4279.90488795919,4162.56380295918,4178.14592673469,3985.53022673469,4059.31613581633,4145.7341122449,4071.2908322449,4005.93112979592,4247.65046836735,4285.68473265306,4183.35382551021,4185.51711265306,4331.51490469388,4269.60197795918,4287.20122857143,4361.34739510204,4271.98253010204,4384.94230806123,4412.90237551021,4371.42912928571,4313.93203,4422.61269081633,4331.31741020408,4431.15850061225,4506.4976077551,4494.970645,4600.85398,4703.64226204082,4603.28270704082,4679.20546265306,4684.16262979592,4814.92274428571,4859.33860928571,4852.35383734694,4773.52135,4770.48174795918,4638.16629081633,4737.1985944898,4487.40969979592,4622.6581522449,4802.38382061224,4796.52492040816,4779.78422857143,4640.85213387755,4696.18983285714,4682.75410510204,4890.91691214286,4663.70047142857,4704.34444081633,4657.20187377551,4574.65992346939,4862.02896428571,4669.00252091837,4716.61192612245,4889.64207112245,4814.45802510204,4948.0365255102,4975.4925744898,4861.49065877551,4866.43282714286,4864.62544326531,4860.64448734694,4901.85908030612,4791.74185489796,4775.3946355102,4994.78879816327,4877.30840336735,4795.16983836735,4764.48971836735,4658.86419183673,4668.64455571429,4542.71933795918,4718.37567040816,4828.66041795918,4766.78646326531,4760.09495510204,4679.14096326531,4685.8302827551,4608.29061857143,4517.58061102041,4406.81982622449,4367.50041214286,4426.79925234694,4588.67217979592,4647.20159306123,4645.32191122449,4547.39909693878,4684.43874693877,4924.06529693877,4816.99514693878,4826.84551897959,4777.33953653061,4721.59612653061,4633.23434163265,4781.97446408163,4583.36665826531,4682.52894744898,4356.89335844898,4411.27684142857,4364.12233336735,4487.17913306123,4310.38151928571,4325.61667816327,4324.52245173469,4415.25928591837,4480.16568453061,4446.38296408163,4383.5167127551,4295.03866469388,4313.16065040816,4616.64826153061,4684.03243714286,4572.66997734694,4519.55885020408,4694.59991551021,4652.06101183673,4517.61592938776,4625.91320061225,4785.84751428571,4812.17365934694,4751.65726130612,4889.5287422449,4666.8671622449,4587.76354530612,4449.48155454082,4295.10570840816,4397.17211387755,4404.97235387755,4438.05980428571,4588.35242755102,4588.42681938776,4460.30066693878,4381.52104112245,4426.29457683674,4563.55582673469,4534.0405322449,4414.85459653061,4351.17784602041,4478.50868061224,4410.3095177551,4604.8365777551,4639.14815632653,4667.04841187755,4709.84777387755,4692.48216581633,4517.04013581633,4402.80887183673,4196.48129979592,4181.99472065306,4216.82350306123,4068.39386514286,4230.85825714286,4339.27858673469,4295.13006071428,4303.37843515306,4375.99241346939,4552.95629102041,4522.29520102041,4655.9757472449,4474.73510346939,4532.52637346939,4699.78377244898,4526.78901642857,4612.47232836735,4657.24867836735,4720.27151571429,4610.58378377551,4668.78559673469,4592.76816285714,4655.90987785714,4835.33202816327,4713.23825826531,4550.4150622449,4600.80911642857,4711.39216540816,4638.76620204082,4510.84470204082,4384.03883346939,4523.68503346939,4409.03609612245,4442.09755785714,4348.29767061224,4333.36219561225,4386.81005520408,4508.37187571429,4427.41388530612,4747.15058387755,4854.99028867347,4868.68069908163,4879.52739438775,4857.15358755102,4811.80808581633,4826.75616357143,4900.98130377551,4749.07465132653,4771.19040785714,4733.18482785714,4669.69495571429,4516.60034244898,4618.9741344898,4693.83232428572,4818.5456522449,4622.22214510204,4809.14867036735,4750.46393018367,4841.69394518367,4678.90571,4693.04535193878,4572.94427132653,4735.95438704082,4854.85965714286,4692.10967887755,4641.78305938776,4717.30610938775,4702.49677306122,4607.5516244898,4643.28645816327,4531.20786869388,4676.42514163265,4653.49245306123,4535.16812346939,4501.69865561224,4620.79929795918,4568.0578494898,4517.3354005102,4593.16675071429,4471.51652571429,4481.27485163265,4418.94151387755,4390.12199887755,4473.94917244898,4480.37856326531,4653.32604489796,4693.80664489796,4567.05174489796,4647.88717959184,4635.75373346939,4868.07949795918,4749.96096295919,4608.6665772449,4603.4500622449,4581.1055072449,4659.62454602041,4652.35215510204,4500.89680510204,4480.23085377551,4476.52106877551,4381.18613877551,4477.46353377551,4469.30788377551,4471.84342295918,4552.19295102041,4414.20791122449,4222.75532653061,4238.99950918367,4248.29672346939,4287.7745377551,4304.08046122449,4377.34029622449,4387.77368530612,4334.04616530612,4299.01288030612,4253.79833979592,4278.03256979592,4411.11927755102,4426.04000704082,4479.88115346939,4539.4730122449,4354.63546459184,4316.533525,4376.50647134694,4368.07743510204,4390.49578683673,4233.83643979592,4427.20311265306,4322.7589527551,4605.06508510204,4510.98026367347,4556.93017428571,4482.37060428571,4444.14947428571,4526.48290928571,4374.78580928571,4300.01317928571,4331.44397428571,4345.28842428571,4456.22680785714,4374.86474122449,4328.87845244898,4303.44970387755,4194.17171408163,4269.22405632653,4241.45915795918,4254.49793326531,4326.74075795918,4207.09371163265,4577.02566163265,4461.51332663265,4334.60047880612,4361.00502571429,4331.62953989796,4012.28836979592,4072.39687959184,4172.39747040816,4223.36457142857,4504.64918642857,4891.75947214286,4872.28316602041,4921.68520102041,4514.9442622449,4435.37765336735,4430.95628285714,4406.88809591837,4348.97311040816,4427.56543489796,4421.20666489796,4375.02105336735,4380.41951428572,4364.04172551021,4317.55477551021,4409.9720405102,4223.36014020408,4304.87448163265,4299.14229897959,4301.62936673469,4397.2693067347,4337.98965408163,4469.08272877551,4324.15465081633,4390.22806632653,4429.70316530612,4447.52496571429,4642.91713663265,4615.6173244898,4835.52823061225,4810.46905806123,4621.28650520408,4668.95556959184,4585.3958377551,4526.6187877551,4487.31715102041,4454.88745908163,4449.26954734694,4510.15127622449,4568.13015816327,4583.22590816326,4635.72657857143,4718.15001734694,4653.04870918367,4820.05378204082,4681.76411744898,4686.52653265306,4573.85502653061,4587.45786938776,4440.02090306122,4478.89400306123,4620.64243887755,4745.11504387755,4697.40991928571,4634.84661438776,4709.3160555102,4769.33193204082,4728.03951673469,4701.08793704082,4593.87791591837,4587.13451816327,4538.44244744898,4575.1355055102,4397.76153816327,4335.84675816326,4441.88329081633,4483.29904020408,4555.36979265306,4408.69033163265,4371.54735214286,4478.75104295918,4526.41490010204,4578.19767091837,4576.32589142857,4649.88978857143,4717.85722653061,4634.79173265306,4599.43817653061,4596.28877683673,4404.88525683673,4490.30234663265,4629.47185315306,4551.45690865306,4513.44266765306,4641.96619622449,4674.26166122449,4655.91972755102,4705.31562857143,4647.45996683673,4648.58086795918,4511.83270265306,4495.47628258163,4563.27532285714,4565.36993714286,4689.43717530612,4804.79774591837,4689.40915326531,4611.17952612245,4582.66572612245,4662.18142469388,4793.55936469388,4617.01132469388,4710.16577867347,4919.81816826531,4826.85451612245,4820.08604693878,4725.57435928571,4792.3664444898,4697.05681734694,4615.54172857143,4534.67226122449,4548.8556822449,4643.04937408163,4419.42097816327,4475.54612326531,4597.24452438776,4583.60420551021,4491.90263653061,4400.16399755102,4388.73137,4498.0581344898,4293.45427265306,4293.38612571429,4441.11885632653,4449.41505142857,4490.56338938775,4608.30995,4580.09376969388,4531.19286306122,4338.88796377551,4490.11119653061,4557.40446163265,4598.51195571429,4725.36927979592,4792.68452612245,4862.50900816327,4543.78577346939,4730.90142346939,4690.61390265306,4773.84620673469,4513.65209959184,4629.54355918367,4501.146445,4264.04493387755,4323.91330183673,4132.01150908163,4131.88060602041,4103.42386908163,4147.17574081633,4342.66255897959,4344.79491918367,4205.86927816327,4063.23285204082,4065.53610204082,4187.5194905102,4228.46907755102,4205.72113673469,4388.87696122449,4368.19347040816,4423.33346428572,4635.3924877551,4458.91969489796,4468.89035816327,4586.7589377551,4373.30555306122,4460.17402346939,4363.51675091837,4551.17439489796,4514.82228571429,4392.69438571429,4395.5290022449,4472.7707622449,4566.5864622449,4597.0487972449,4645.0973572449,4727.19670122449,4690.73971836735,4903.03908,4708.8484922449,4663.96721255102,4601.03640020408,4649.02950765306,4781.6955494898,4651.72702173469,4858.45440836735,4792.86257591837,4910.07694091837,4783.02929816327,4619.70148571429,4495.44888469388,4545.62009489796,4426.90849897959,4311.24530642857,4333.62840959184,4384.74449979592,4336.33666785714,4345.06396785714,4273.32363765306,4279.31994540816,4193.37534663265,4326.04847846939,4530.02624653061,4366.88045377551,4351.69256,4520.51284795918,4389.36341795918,4463.45424295918,4424.08137979592,4755.98523979592,4574.24279397959,4471.36764408163,4405.39526255102,4416.52799438776,4325.15068040816,4337.73587979592,4233.35979510204,4111.02796428571,4300.71109326531,3995.99304061224,3807.04970765306,3946.12785816327,3971.18437683673,4182.68105204082,4129.62478336735,4205.99290112245,4238.14620346939,4321.66862346939,4422.12250306122,4295.41881734694,4217.37514642857,4210.25279897959,4285.62169285714,4179.8189744898,4137.67728285714,4300.10333244898,4044.11300469388,4214.82999,4155.24579,4346.60359183674,4422.10326938776,4301.8708855102,4418.81294489796,4358.07529489796,4430.23501530612,4401.37860938776,4333.56138591837,4469.45142346939,4415.04977040816,4475.88259346939,4464.63458489796,4330.30102428571,4304.57592346939,4315.87233642857,4222.51481489796,4393.66647040816,4384.31027040816,4327.47471173469,4414.3752617347,4447.02814591837,4488.22074591837,4557.14712959184,4404.07987755102,4529.73067191837,4594.40167191837,4711.08312040816,4596.60977510204,4587.02626877551,4470.13058571429,4343.35293387755,4401.14777469388,4288.73466469388,4424.33539969388,4499.39403091837,4585.91653887755,4543.10820061224,4623.93675887755,4590.24841091837,4434.76271326531,4405.08298,4496.40737357143,4496.03994316326,4418.54978367347,4297.96844469388,4309.4206927551,4295.74627846939,4313.63589387755,4417.00371632653,4399.39320255102,4334.61873795918,4058.89329959184,4023.26563755102,4089.28815102041,4087.54159897959,4144.88604397959,4270.32133193877,4333.56135142857,4477.23830714286,4196.38075377551,4330.75375612245,4303.14185030612,4289.83984265306,4295.1038122449,4517.36483571429,4349.44318714286,4518.1564144898,4457.12577142857,4372.17538163265,4426.53290785714,4482.32514336735,4427.58090234694,4336.08372377551,4307.73128204082,4218.45366326531,4469.30800918367,4604.23114183674,4525.27111530612,4611.61720530612,4628.54501530612,4575.48046989796,4613.19099989796,4714.56481214286,4712.74550306123,4776.48778673469,4626.76419387755,4535.96130387755,4530.15444938776,4629.11775510204,4441.04822244898,4451.25627163265,4539.19164489796,4566.74718265306,4676.39687755102,4682.06153714286,4659.02857081633,4654.92740408163,4463.43546316327,4362.448005,4368.68235346939,4304.15197581633,4195.52555673469,4286.41920836735,4418.45994945918,4382.47071905102,4342.31093088775,4449.9250687449,4489.25474693878,4410.97510816327,4551.4827777551,4591.14105816327,4558.86707673469,4690.98881397959,4672.91671163265,4562.17723795918,4791.1276222449,4581.09178836735,4651.85589183674,4575.83211714286,4640.81886436735,4647.19945755102,4693.25074520408,4724.03785561224,4830.69999163265,4897.2876572551,4765.63283571429,4533.45175102041,4490.5044977551,4352.58943,4325.3212722449,4473.89616591837,4304.45151,4158.54588010204,4217.53927510204,4345.82664785714,4364.52587846939,4500.83851346939,4457.32668408163,4414.21530326531,4306.80107857143,4330.55673714286,4360.7724077551,4340.10031591837,4450.09572040816,4412.16317040816,4446.03350765306,4372.37130071429,4268.97207581633,4485.33557744898,4450.88844644898,4459.47126938776,4477.48481938776,4689.63319591837,4455.53920816327,4506.35005408163,4506.12120408163,4460.5117155102,4465.43348051021,4466.20722959184,4547.84836122449,4637.531425,4429.33230714286,4385.86781132653,4485.24511632653,4548.28749581633,4508.02081326531,4439.39577306123,4641.39198673469,4553.19154346939,4628.39980510204,4570.80689418367,4487.9170755102,4638.26479969388,4630.13216102041,4409.52944306123,4470.67620612245,4294.2058477551,4318.54068918367,4273.75318987755,4315.55869408163,4387.12473306123,4510.42836816327,4501.53889142857,4532.95039408163,4538.97294408163,4675.28358408163,4499.06312408163,4464.42822408163,4549.04847408163,4762.80241908163,4597.63979408163,4707.89047836735,4932.77752836735,4928.25154836735,4747.48497795918,4707.24851632653,4500.70295632653,4562.58973367347,4644.91075367347,4604.03262367347,4574.79753367347,4666.84659897959,4740.59510765306,4527.68505816327,4388.96203653061,4349.78616153061,4334.35605153061,4361.29310571429,4561.04053714286,4491.01615081633,4636.25953418367,4561.45662581633,4656.38406928571,4685.1886877551,4834.26454489796,4816.13060408163,4876.66202,4721.90957,4679.79662,4788.49298,4874.42039591837,4864.14424591837,4579.61942040816,4515.48462540816,4418.91072510204,4488.64171316327,4784.59015306123,4532.72656816327,4687.60588316327,4757.77366622449,4565.63801061224,4770.02870571429,4769.74515571429,4960.81845693878,4878.76403673469,4923.01352244898,4895.33326734694,4739.95979795918,4907.77334897959,4799.34393673469,4879.01327571429,4781.03196326531,4734.73626326531,4771.0992122449,4760.62451632653,4622.64040714286,4748.76896183673,4848.60915734694,4738.05381734694,4579.48526122449,4691.25228214286,4586.23384857143,4764.91489857143,4628.35374632653,4396.25511734694,4663.0759255102,4546.63302061224,4371.87358897959,4574.12868897959,4641.34594683673,4642.42056183673,4513.91623816327,4554.25155744898,4400.6626067347,4475.18035673469,4477.45231459184,4460.44229132653,4554.57123693878,4451.9439872449,4465.66243897959,4519.92175306122,4443.47735408163,4475.42713183674,4414.27161877551,4413.74467367347,4294.39716330612,4384.13702830612,4317.63371657143,4455.06147836735,4406.89508285714,4381.24214285714,4326.24968285714,4262.50092785714,4292.04704806122,4333.32082806122,4173.77318418367,4247.73070479592,4416.21384336735,4332.54359540816,4262.33159540816,4321.97142040816,4268.52098469388,4179.68830469388,4181.81795142857,4322.68386591837,4404.74583591837,4580.30445387755,4396.93717010204,4573.66443571429,4465.18902142857,4474.78238734694,4518.17753632653,4448.51711071429,4673.44358979592,4566.1520994898,4816.38003214286,4806.21249826531,4838.75068326531,4664.29311061225,4622.36806061224,4485.23373040816,4580.80371540816,4583.83585040816,4340.59648040816,4227.90324255102,4217.69404112245,4335.87287897959,4194.77095897959,4227.2108055102,4449.3111555102,4496.49918489796,4497.49402877551,4511.22117377551,4592.83266877551,4595.78717112245,4435.2351494898,4366.04239081633,4259.65654469388,4325.57728183673,4310.92248326531,4385.48777204082,4446.36175642857,4317.44057683673,4319.78636397959,4238.7918567347,4222.63846020408,4233.22196030612,4367.09225040816,4434.83161959184,4535.36481755102,4639.93926255102,4537.64750846939,4608.84739244898,4747.35414530612,4893.38436153061,4873.08282122449,4612.08231346939,4571.7907372449,4546.73716704082,4545.82870326531,4380.40797163265,4676.78055663265,4951.19255663265,4849.75160663265,4745.29033132653,4763.87284255102,4795.57052255102,4795.47459755102,4845.5831105102,4580.10478683673,4591.83006867347,4549.54727112245,4641.14885112245,4563.39811387755,4628.61174806123,4467.4004877551,4691.72579285714,4685.33666102041,4756.30594795918,4514.91449897959,4454.80818367347,4508.53366428572,4535.89204183674,4622.81664183674,4634.45814183674,4516.60363642857,4566.85171938776,4474.53483663265,4430.58446795918,4445.04294591837,4446.87554489796,4549.57033284694,4415.53095784694,4551.90083958163,4473.57550958163,4516.54091551021,4500.0406937551,4375.0918627551,4327.0290377551,4357.3233377551,4328.7075527551,4348.71465,4392.47454,4525.60092683673,4552.80736683674,4487.02903683674,4352.16598367347,4419.29599928572,4446.88304928572,4359.37150928571,4668.53172653061,4495.18805408163,4398.09178918367,4383.17087663265,4431.07311122449,4489.95792428572,4643.92264014286,4616.42807942857,4439.3904324898,4608.2373294898,4576.42980397959,4626.60867612245,4644.16579142857,4624.39512142857,4624.67285142857,4510.08483571429,4547.62003571429,4689.82101571429,4636.59391867347,4442.656765,4406.96406989796,4592.38908469388,4781.21400510204,4773.42319244898,4664.13324857143,4859.93410816327,4812.96277857143,4987.46391479592,4948.08862857143,4943.16135928572,4965.47906428572,4889.22566428572,4724.56281632653,4775.18422346939,4702.76331326531,4619.69895612245,4660.26433469388,4582.20838469388,4624.36266530612,4602.44286020408,4506.71671326531,4529.16069326531,4512.59380918367,4556.57878887755,4628.71876010204,4682.24456938776,4745.7270005102,4693.02611836735,4632.77863265306,4602.19464265306,4587.94257183673,4522.08371632653,4507.79016428572,4588.64585612245,4608.35014220408,4738.6416705102,4770.6685955102,4817.08965510204,4739.25055204082,4704.64923285714,4656.28464632653,4813.00831612245,4722.91552632653,4767.55501122449,4671.21506285714,4615.41930397959,4665.35314897959,4675.1855767347,4670.87402673469,4620.57157979592,4656.83957979592,4611.53607979592,4533.16332979592,4701.61537653061,4645.09221653061,4627.53387693878,4641.92723959184,4603.76837653061,4651.62872653061,4629.55094714286,4467.65754122449,4538.26525173469,4750.09997673469,4665.36259693877,4610.92330693878,4633.96073469388,4763.10549489796,4565.38818122449,4430.54323122449,4500.43826836735,4583.46313642857,4752.16608010204,4682.56417959184,4568.9873177551,4889.44165306123,4891.37217622449,4720.52789397959,4847.79336183674,4799.94879377551,4872.47747367347,4409.59774734694,4355.95599010204,4474.45929193878,4507.44913693877,4439.63760102041,4359.7957394898,4281.71908112245,4141.07428397959,4233.35602193878,4159.47194244898,4200.97571877551,4080.00081020408,4230.73530510204,4173.29784897959,4010.60944081633,4261.1215622449,4296.40652969388,4228.40111540816,4198.84180836735,4376.97807040816,4361.28616244898,4478.82315704082,4357.97442204082,4098.69525408163,4289.66254489796,4483.74213,4503.83508734694,4590.39399566327,4501.12021836735,4405.70044612245,4415.58336530612,4391.57490234694,4255.15358061225,4146.88894663265,4435.24554816327,4611.84443765306,4610.92645173469,4370.10752755102,4508.93533877551,4601.15629438776,4208.27698255102,4193.31686428571,4567.61761428571,4480.96223469388,4504.83613469388,4586.10765428571,4467.19973163265,4398.28421836735,4526.67726479592,4572.3243922449,4573.90753367347,4435.31043673469,4396.95256622449,4364.75707622449,4431.00809693878,4439.05893,4367.03439734694,4200.47954489796,4198.12501428571,4492.67509183674,4420.36296183673,4509.82272183673,4629.09661734694,4560.12990010204,4507.02465540816,4638.99447540816,4611.32286816327,4540.25491428571,4522.00070428571,4390.63506346939,4487.92888846939,4493.22355622449,4534.12817122449,4295.69457122449,4126.37614612245,4151.12824612245,4307.91359612245,4279.68804612245,4245.69511846939,4156.73031346939,4030.26959608163,4142.86277346939,4093.50955969388,4046.18922469388,4229.12087367347,4237.32621142857,4276.02552877551,4453.76688877551,4441.21526673469,4412.22116673469,4497.35296122449,4426.73892122449,4576.66941122449,4539.34585612245,4513.57661530612,4578.90354693878,4613.60471193878,4373.27503887755,4516.66356387755,4390.46439408163,4542.48086938776,4560.03956938776,4442.20736938776,4280.298915,4558.87867122449,4673.6425244898,4638.41461938775,4555.8651244898,4728.4712244898,4541.9141244898,4553.99950510204,4493.82040086735,4444.78177336735,4651.01473765306,4642.5686,4433.39274581633,4443.39820520408,4619.55249989796,4790.69703255102,4621.71863540816,4582.54762561225,4628.79392214286,4527.61016214286,4535.52801714286,4384.52121714286,4309.61364,4412.45877795918,4383.43623255102,4346.18344826531,4408.73780693878,4513.96066263265,4405.59936395918,4408.32860163265,4459.14178306122,4479.91021102041,4679.21571122449,4561.71060102041,4280.51468755102,4253.61984734694,4335.89947755102,4235.17771255102,4418.40982244898,4458.57321428572,4349.41667428571,4133.17635877551,4161.17700520408,4295.88599020408,4312.46193285714,4574.24887142857,4583.93904142857,4646.26661020408,4449.59515816327,4444.67259285714,4337.94024061224,4505.54335581633,4439.25338908163,4322.77288408163,4541.6602877551,4315.33637489796,4358.64501387755,4740.51865153061,4609.15432685714,4412.04543185714,4401.41057204082,4479.76855206122,4459.35095706123,4622.81431387755,4611.58085857143,4382.20160785714,4413.53579816327,4526.05490755102,4345.04794897959,4534.0313455102,4515.36420734694,4393.28885255102,4350.37686714286,4337.93279346939,4459.13902755102,4451.08632408163,4310.69340591837,4458.09646959184,4430.94826959184,4590.71464214286,4716.06699826531,4866.82817785714,4887.97871953061,4659.62994183674,4416.13836831633,4338.04947765306,4482.05226122449,4494.20451908163,4704.94101653061,4151.60845408163,4379.47537408163,4159.15550979592,4141.4927327449,4191.94614969388,4383.49797214286,4187.19363234694,4256.2946244898,4247.66664081633,4309.22731938776,4230.3644622449,4342.14573265306,4284.31843469388,4408.74342255102,4390.25435989796,4438.9764344898,4578.05471428571,4341.48604418367,4346.25583979592,4324.88998877551,4282.02668877551,4314.2236877551,4260.2592377551,4244.8257627551,4376.11462857143,4401.44441632653,4472.71611326531,4453.38238673469,4332.8568267347,4201.26724897959,4284.46339897959,4148.26504897959,4097.5802022449,4039.37971795918,4071.44901295918,4044.36366295918,4178.30126428572,4132.64674877551,4310.61268877551,4250.86208877551,4284.43258479592,4312.74734877551,4209.03569877551,4233.14878163265,4251.82468163265,4251.11517959184,4176.3316367347,4275.9388944898,4338.10378265306,4237.61797357143,4311.65287357143,4203.52472857143,4262.62368469388,4367.34353469388,4229.81723469388,4360.20981969388,4269.09098673469,4390.34223234694,4522.77037755102,4461.77280255102,4330.3192622449,4339.85702346939,4228.89119591837,4295.75294591837,4526.86361479592,4436.75883979592,4481.27552877551,4481.96608020408,4538.72589581633,4356.8853167347,4578.5975122449,4623.16834897959,4700.63131122449,4655.24493061225,4623.87553061225,4593.25889755102,4468.43222877551,4453.47795520408,4268.44076020408,4306.33283469388,4485.31373367347,4495.0870122449,4437.11951183674,4725.23701530612,4736.93510306122,4656.98456357143,4532.00600326531,4676.47705846939,4766.41494785714,4550.21912122449,4582.05030142857,4346.91034857143,4513.03906244898,4477.64254591837,4443.46293877551,4613.72695979592,4570.32259489796,4622.90495163265,4621.11156244898,4508.07241387755,4513.77807469388,4585.37692387755,4574.07701306122,4671.4322744898,4686.7895505102,4679.40243779592,4685.87017020408,4759.73678028571,4764.36136102041,4624.83179602041,4555.82234142857,4597.55441142857,4585.82337373469,4505.21331204082,4557.83010091837,4606.8565344898,4500.62265469388,4529.75081795918,4498.97371816327,4424.26249846939,4521.78011860816,4572.77245071429,4771.05977285714,4825.58342163265,4889.72261122449,4839.17641387755,4735.46641295918,4853.9272555102,4615.9007555102,4673.20658163265,4788.36949979592,4716.62838428572,4625.10438428571,4573.32973928571,4547.29560657143,4139.00371040816,4063.22637591837,4128.58617102041,4125.85067102041,4090.37697857143,3972.3184844898,4039.33666285714,4219.12129653061,4093.8047577551,4105.46567428572,4324.1092422449,4352.90269081633,4451.72933571429,4252.81172061224,4328.12331836735,4376.73336836735,4295.34731836735,4392.80365193878,4432.49500193878,4337.81975510204,4263.50669397959,4303.49662122449,4340.54236714286,4158.25186132653,4320.01950428571,4310.73547377551,4321.02543877551,4417.78560693878,4287.41432193878,4302.19897193878,4323.78667193878,4399.5079894898,4456.7117122449,4323.14168816327,4454.20027612245,4417.04044795918,4501.22341367347,4375.74851336735,4378.41362489796,4463.81697989796,4477.05629489796,4532.47550755102,4243.71845755102,4324.69657326531,4411.79107326531,4424.36062326531,4505.14042326531,4408.34729857143,4316.68864857143,4522.2675105102,4403.22403265306,4498.52635846939,4551.25575908163,4480.31218673469,4458.29568673469,4326.90260010204,4389.01181561224,4570.56962408163,4682.07133408163,4754.56637622449,4685.02001816327,4591.58281530612,4599.45493877551,4559.29980714286,4750.79717979592,4528.82937322449,4736.59654959184,4800.14041632653,4610.65567632653,4571.65424673469,4549.92788673469,4525.26249918367,4445.17291326531,4299.84961897959,4434.65641020408,4702.22590306122,4585.63121632653,4529.60388142857,4549.1319377551,4583.14581367347,4520.47889367347,4615.81815612245,4697.44260408163,4663.99147346939,4721.88712428571,4756.71976571429,4650.70253040816,4727.65909816327,4732.92588837755,4691.36451428572,4786.38243285714,4848.47704102041,4821.36373612245,4727.72425112245,4715.88332857143,4767.32990857143,4770.00028204082,4747.02411265306,4538.31327642857,4584.30572908163,4658.15369020408,4707.22697530612,4630.26201428571,4619.92654193878,4656.12845102041,4681.86938102041,4608.49621367347,4436.88102489796,4525.53837489796,4554.09747489796,4659.75518469388,4623.83994377551,4776.79345577551,4746.44862163265,4669.41144357143,4633.20501346939,4610.98204459184,4636.88989959184,4697.20942734694,4680.80541765306,4788.11678653061,4527.12299561225,4547.30014816327,4377.87073265306,4494.40908877551,4523.81909714286,4861.27752142857,4884.6291944898,4677.60949367347,4701.51817183673,4449.58297316327,4369.71393928572,4360.2313344898,4395.61931193878,4413.11881,4450.47757887755,4200.75001540816,4198.54075602041,4427.17969795918,4529.15137367347,4544.23264918367,4432.58754510204,4381.16325306122,4212.60124285714,4467.61983061225,4339.76951561225,4347.21190877551,4404.08142142857,4524.78520336735,4654.99002153061,4785.91267142857,4857.77390612245,4682.99906591837,4750.20865816327,4740.96880816327,4489.24802959184,4586.47473163265,4500.55168163265,4581.64716428572,4494.82049167347,4459.78891779592,4780.05675510204,4789.67718877551,4724.98022857143,4562.43439520408,4628.11809897959,4935.51123959184,4518.65276959184,4593.82519214286,4561.62242142857,4711.40512326531,4742.21524020408,4688.47868683674,4626.83629295918,4621.72326734694,4525.39961489796,4563.36535612245,4541.38685612245,4657.94498612245,4681.30594204082,4927.93005826531,4928.76171581633,4892.26260663265,4852.21946969388,4897.61990469388,4966.42063255102,4744.90759367347,4673.64179693878,4756.07339693878,4614.59502693878,4576.07795826531,4587.8986827551,4542.0566577551,4629.35598419796,4468.91730062653,4631.60010489796,4602.25603979592,4645.16255816327,4681.8195622449,4620.13011408163,4591.54623908163,4639.19222295918,4730.07059132653,4737.98160959184,4697.06125357143,4820.82725346939,4768.56007826531,4771.18810438776,4778.88505744898,4862.24775887755,4878.40407581633,4841.77667326531,4987.15634153061,4873.69569285714,4790.67848285714,4825.32507581633,4780.71405642857,4776.37545642857,4897.55942030612,4745.92128469388,4797.4948622449,4598.0890422449,4587.87970020408,4447.70993693877,4448.45796091837,4465.37384653061,4644.23193734694,4646.70435734694,4737.97371234694,4741.38477234694,4767.3830082449,4661.06267061224,4579.38752602041,4792.65330102041,4791.38179173469,4646.17767020408,4671.06515010204,4712.41371291837,4631.69154963265,4786.37839306122,4592.53008306123,4685.27935622449,4677.35742877551,4679.86319632653,4836.5407127551,4769.00079827551,4684.03699591837,4648.48367326531,4624.70407887755,4372.04213642857,4433.54499142857,4321.84380765306,4443.78006265306,4521.55516530612,4290.28973877551,4303.94852142857,4299.03302653061,4341.9263622449,4303.87529153061,4414.46328826531,4299.47866102041,4369.91229622449,4158.97650806123,4051.25424183673,4031.71290418367,4138.5058944898,4224.76835,4443.72204489796,4382.26668989796,4392.34149183674,4383.39829632653,4329.00071704082,4405.45038081633,4387.77694081633,4277.87219081633,4329.8808705102,4287.33725673469,4391.2563027551,4385.24179183674,4590.09780030612,4681.72408530612,4578.21737989796,4502.39526734694,4561.50195632653,4594.24589010204,4483.91490510204,4822.66496255102,4732.65032306122,4889.07190183674,4807.15279738775,4901.27419738775,4773.06399238776,4880.19393238775,4948.04749084694,4954.03723853061,4842.17085853061,4722.98685853061,4774.99785853061,4754.81585795918,4582.65420795918,4542.23087295918,4448.47820693877,4494.18728520408,4317.68405234694,4300.35334040816,4356.7683132653,4513.71217840816,4581.76898387755,4640.00333469388,4578.91191428572,4531.27792469388,4588.90929969388,4504.56227469388,4491.92488306123,4657.42033306122,4403.71721734694,4550.49149061224,4538.99904438776,4718.97001734694,4613.39776265306,4761.34194877551,4955.02400469388,4894.71950469388,4783.73525469388,4782.19071820408,4758.55522,4714.39318,4644.28068102041,4550.90531122449,4493.48103908163,4621.11530408163,4612.39695506123,4666.30008506123,4578.21167112245,4632.58751612245,4449.16966234694,4286.92197214286,4383.75848877551,4584.5003394898,4452.58875795918,4730.14367142857,4608.82208204082,4635.95501663265,4622.40519183673,4674.69824183674,4613.42227693878,4703.44617040816,4742.71854326531,4835.74627173469,4812.46313397959,4801.20786663265,4876.86698897959,4664.34847938776,4831.93324897959,4917.61604153061,4771.97808673469,4758.64124357143,4650.81355816327,4593.72315734694,4624.26773306123,4611.28837918367,4613.9543344898,4703.32605306122,4710.60792897959,4745.67206336735,4785.89812336735,4698.88354840816,4631.74857816327,4364.39488479592,4229.39566908163,4544.95944714286,4632.47260367347,4505.04656714286,4446.429245,4523.73591428572,4860.49082367347,4874.62376908163,4681.33288468367,4585.08995918367,4605.05852918368,4665.62857918367,4447.41840102041,4394.07205102041,4312.05178520408,4380.11787795918,4260.81382295918,4321.64468406123,4222.09196406123,4169.81947653061,4298.98858265306,4281.74378010204,4283.68511010204,4304.99496469388,4411.71211969388,4368.95297653061,4494.89282653061,4326.17408653061,4159.49340918367,4089.18642530612,4362.14844591837,4365.44054959184,4410.31620357143,4420.22678142857,4447.08709285714,4323.90731377551,4514.74661377551,4479.98948255102,4347.03083255102,4044.57743765306,4246.20610428571,4244.48976040816,4087.31726755102,4190.9124377551,4283.76432428572,4275.52131846939,4380.85652708163,4333.10780571429,4597.05911571429,4595.75286091837,4572.25053857143,4585.21392918367,4687.50420234694,4651.51275234694,4667.71727969388,4657.91914336735,4704.86389081633,4739.45810081633,4800.79945795918,4695.53091448979,4685.98650306122,4854.94930806122,4900.16799265306,4768.81421469388,4832.50209612245,4902.77079326531,4998.62085153061,4874.00117204082,4787.25585857143,4604.84448,4711.69683857143,4736.60546918367,4677.02308418367,4816.5561272449,4774.2964455102,4902.51794,4990.46479530612,4820.89346530612,4911.45163693878,4710.61439346939,4759.81365010204,4826.54119510204,4786.87812061224,4800.79358755102,4852.49408204082,4901.24599020408,5135.21190020408,5037.45777520408,4960.29926418367,4642.44553418367,4701.72725653061,4615.65788153061,4788.14068734694,4864.99501734694,4825.32521785714,4708.52121112245,4770.17545530612,4669.77207285714,4741.1544977551,4744.1461477551,4849.83991510204,4633.18939163265,4617.06299693878,4454.99624183673,4662.79589591837,4538.13569734694,4621.24677816327,4386.2963094898,4332.74488204082,4342.551265,4324.41753071429,4266.25982571429,4364.53769183674,4498.70147142857,4416.13817173469,4339.24567173469,4446.22178836735,4390.64124836735,4454.53797755102,4435.27677959184,4480.69214489796,4615.32298989796,4615.1606705102,4652.43930979592,4305.45419591837,4322.4305122449,4372.6667122449,4633.5813622449,4637.85294408163,4680.73265081633,4704.80242367347,4712.37575785714,4865.03788163265,4843.84100632653,4861.12415632653,4575.42961826531,4399.14546326531,4411.10281326531,4196.7735972449,4276.9159122449,4362.1052122449,4356.42017428571,4155.35894128571,4154.79317428571,4170.73311428571,4296.57961928572,4075.61326928571,4450.41921428571,4403.6574855102,4273.28061438776,4473.12407551021,4320.09853612245,4100.15454112245,4206.45769479592,4180.58391622449,4159.26702693878,4192.74009683673,4198.23051326531,4393.5168172449,4373.16369367347,4238.76489673469,4433.92294,4498.49852897959,4383.24407469388,4508.79903530612,4436.13848163265,4342.08300102041,4444.55237795918,4367.88070714286,4380.98946785714,4234.66304285714,4247.12356734694,4201.96616734694,4341.04546734694,4349.15184387755,4318.07817040816,4273.47841642857,4148.33325408163,4316.90145816327,4370.01628877551,4370.49461112245,4262.78303530612,4312.65068561225,4220.47627785714,4453.2293917347,4254.36351591837,4505.72125887755,4447.04319520408,4622.24712163265,4580.58180285714,4685.923655,4668.39608979592,4741.08059091837,4519.464665,4546.4344,4600.16714489796,4469.62586408163,4358.44294918367,4332.06219755102,4397.78794755102,4395.21090989796,4294.33522408163,4366.43645571429,4561.79110510204,4652.3911777551,4673.10401020408,4771.20805204082,4832.93604093878,4828.52784693878,4683.91593091837,4756.25984826531,4669.64682040816,4409.92627183674,4504.29958153061,4555.1925,4541.78985,4534.89063571429,4710.37261785714,4737.35109285714,4600.56361285714,4660.41195285714,4524.36172285714,4430.30012285714,4544.51125204082,4500.69367204082,4512.55029142857,4589.76315193878,4462.60344928571,4710.8982977551,4693.61933397959,4749.15483540816,4646.69235040816,4800.67800540816,4728.03305204082,4908.53124418367,4907.50839418367,4863.91094418367,4817.31798193878,4708.72783265306,4793.75682795918,4690.96346714286,4474.69521897959,4555.39708183673,4496.29496359184,4460.67562387755,4406.78304887755,4465.52713387755,4523.4083255102,4633.73942367347,4560.51526632653,4572.47536632653,4410.61933204082,4405.96650959184,4522.61008357143,4491.26156326531,4580.16355,4506.29703265306,4411.08069714286,4349.8753244898,4426.84131061224,4456.39140979592,4577.0316222449,4596.94400357143,4668.64402591837,4649.99811040816,4748.82506244898,4729.47574377551,4746.24621459184,4837.38871928571,4737.35996959184,4683.58911959184,4810.65088061224,4772.13091428571,4670.8412377551,4728.92057265306,4621.08971163265,4651.9833894898,4568.0388544898,4593.7364744898,4554.28881326531,4475.19182959184,4293.71737959184,4408.65918959184,4418.9306322449,4408.04197142857,4426.65485714286,4496.28395,4396.63878204082,4284.94991377551,4391.26593877551,4391.33982877551,4470.31479418368,4651.35973673469,4450.83111122449,4183.9046327551,4283.67414806123,4302.15428806123,4698.75784244898,4659.76121520408,4352.82876438776,4763.52373265306,4743.59585591837,4769.94615193878,4756.42074020408,4694.75744112245,4573.06072357143,4544.33462530612,4572.35204489796,4380.42380714286,4526.60522357143,4526.92488122449,4293.02713163265,4339.70444795919,4449.71238877551,4338.5686227551,4356.55018908163,4308.31159816326,4290.33206632653,4319.26496632653,4287.22220959184,4294.27657755102,4321.44608255102,4338.58827755102,4243.08371520408,4177.74170714286,4178.86428979592,4276.66065816327,4244.06013316327,4130.17717785714,4189.50298469388,4153.53210469388,4144.95835816327,4142.0464277551,4082.1038327551,4201.1331377551,4226.1999377551,4189.58816581633,4369.42693489796,4520.57594897959,4406.55175897959,4453.02250897959,4421.90747755102,4287.31441255102,4339.79102755102,4516.89994255102,4378.67090255102,4238.49893061225,4249.84958061225,4206.64983061225,4328.69318061224,4443.03385071429,4316.30153795918,4447.26199795918,4461.95508877551,4674.02306714286,4693.62388163265,4527.06398163265,4593.55690612245,4547.89867755102,4641.37442040816,4648.92571369388,4687.09746469388,4605.52894183673,4520.82309285714,4550.39824285714,4511.66208673469,4410.28413673469,4219.07556938775,4241.07495102041,4270.46883387755,4445.43290204082,4574.62141612245,4501.85381744898,4622.18797244898,4678.5413122449,4764.83887418367,4527.02787806122,4628.21965193878,4629.51699,4768.94781551021,4683.68578377551,4720.67805744898,4717.39278265306,4782.43754795919,4709.14666959184,4573.71842112245,4651.21060785714,4557.11505306122,4713.28770714286,4718.65234306123,4657.77850306123,4684.27122857143,4538.83453765306,4455.74806408163,4470.56857244898,4431.18914795918,4609.09584693878,4567.43057142857,4573.24471020408,4443.48812295918,4601.48903102041,4848.83958244898,4953.01870714286,4800.9339255102,4682.06269591837,4899.26217489796,4778.74893632653,4673.5223617347,4656.97662938776,4739.80373011225,4662.26925102041,4559.67918479592,4873.55824336735,4812.30575816327,4849.21115816327,4905.5321755102,5070.7049289898,4848.36069959184,4902.75263877551,4917.64573877551,4888.02830918367,5024.98169918367,4958.83443897959,4845.06641040816,4857.50104469388,4854.3788744898,4689.29798163265,4622.70920714286,4635.46341530612,4499.24553163265,4406.35886632653,4424.65196091837,4368.62776795918,4306.96839295918,4354.87289795918,4396.91784734694,4504.73597010204,4359.62818483674,4319.50049387755,4272.10046163265,4137.14516806122,4353.46578632653,4417.15704244898,4562.55842,4515.6396277551,4818.77336861224,4721.58669861224,4683.52503361225,4518.89779438776,4581.19448938776,4630.39380020408,4685.49240020408,4795.35058183674,4711.63875469388,4700.99569755102,4660.00607806122,4660.84282071429,4569.15617193878,4771.0610377551,4611.3630027551,4557.78144693877,4655.73825653061,4590.27616061224,4444.75226765306,4493.61624265306,4663.31691693877,4742.90224591837,4756.58977285714,4888.19124459184,4685.06471632653,4652.769705,4639.13261265306,4669.70722061224,4556.36250461225,4609.58262061225,4606.72764051021,4700.05378769388,4702.05788769388,4498.35593373469,4603.52352255102,4625.52192755102,4719.65706530612,4783.64651438776,4728.21533571429,4857.32967755102,4765.74315979592,4893.63990979592,4914.36715979592,4885.65930979592,5069.93422897959,5016.04093897959,4968.00257704082,4695.81920663265,4841.18243663265,4762.07858663265,4811.54077163265,4919.57921663265,4923.73930163265,4749.44519663265,4488.19455163265,4677.04059408163,4717.43787632653,4619.48067081633,4484.68823744898,4523.8478122449,4552.97579693878,4461.16494081633,4520.15353265306,4622.08301020408,4523.88331836735,4583.3564717347,4560.51266622449,4243.89566122449,4461.63437295918,4672.43317632653,4532.23926632653,4660.26324061225,4638.38223061225,4575.89249795918,4399.44604591837,4387.17230428571,4505.67760612245,4516.58241326531,4496.15348469388,4453.42203877551,4526.44105755102,4396.89718653061,4447.4576377551,4432.91639132653,4393.32926857143,4297.84485653061,4501.83649795918,4469.04111163265,4247.18487163265,4365.60455163265,4262.02647336735,4247.52862386735,4352.77281060204,4280.81557141837,4197.16115388776,4353.92265643878,4319.71497368367,4507.51049582653,4432.08348552041,4347.2669255102,4390.20464316327,4397.00116806123,4510.33947551021,4484.3459477551,4509.21811346939,4694.82302877551,4581.69441755102,4553.86992938776,4577.34497653061,4428.00893265306,4265.26228979592,4223.32786020408,4137.15303469388,4175.72418061224,4120.3673877551,4156.5474077551,4167.13766346939,4292.79289959184,4405.8583944898,4337.085615,4162.89599387755,4167.71244612245,4310.36937285714,4365.93643244898,4399.56311602041,4460.2632072449,4121.01982244898,4191.07480316327,4289.8744,4310.79486020408,4296.33891020408,4382.72757603061,4370.19863531633,4312.91621081633,4487.78787653061,4412.23055061225,4382.94465959184,4368.58648704082,4295.60207836735,4299.41052836735,4360.91832795918,4166.75234285714,4127.24465510204,4197.15089806122,4289.41741806122,4432.58632306122,4453.21942183673,4623.85111183674,4564.79024591837,4665.35964234694,4602.31496928571,4645.58131429592,4637.24323438776,4594.36199438775,4589.46033163265,4609.28013469388,4464.05390918367,4593.28187244898,4600.50331142857,4470.33854673469,4651.14010081633,4587.83545081633,4742.22331581633,4493.55136887755,4529.80791387755,4700.21047887755,4640.23551318367,4551.71585091837,4679.83386938775,4575.71025938775,4484.04923877551,4338.09913,4511.1437965,4604.05727102041,4457.2745527551,4404.83431285714,4458.24114795918,4620.55022653061,4609.07372653061,4601.44840653061,4672.89536785714,4676.53900285714,4704.48737244898,4785.19502204082,4877.75870204082,4757.14757959184,4866.04457102041,4927.81242102041,4947.18103367347,4718.41283061224,4764.83445,4815.01634959184,4609.96422040816,4328.68650040816,4490.63793367347,4371.51120173469,4371.30735173469,4453.92025856122,4327.93627396939,4260.20767396939,4493.48593345918,4411.83164845918,4409.23241887755,4344.47167112245,4324.143595,4356.57178479592,4184.6192394898,4230.53021193878,4326.07411469388,4362.13141734694,4430.78605132653,4434.50851132653,4443.90639540816,4547.94645571429,4553.8113927551,4363.6790622449,4396.12235806123,4343.09898653061,4479.94844622449,4523.40075357143,4484.21791612245,4529.17836714286,4451.77596510204,4244.62001581633,4124.98780459184,4298.70928571429,4334.72746632653,4405.73253091837,4545.03534785714,4657.00488785714,4661.1874977551,4623.8783877551,4714.2170994898,4520.54054081633,4462.31539795918,4488.03061836735,4485.49904489796,4492.6666622449,4602.95153071429,4586.74258571429,4705.32842142857,4690.54217142857,4648.87967928571,4747.70768061225,4850.43386295918,4722.00265709184,4799.39453265306,4831.80993367347,4680.45169795918,4652.75506020408,4700.94509489796,4592.33862857143,4778.93598673469,4546.98046010204,4436.68135489796,4403.99903091837,4490.98921734694,4719.93018673469,4573.86911122449,4524.59224795918,4514.07327622449,4661.63103663265,4377.87285612245,4371.84136663265,4459.13202755102,4346.76977755102,4473.08584693877,4487.31465204082,4493.34278602041,4481.03205102041,4672.95630102041,4540.51759755102,4507.42052316327,4587.84942653061,4526.93060071429,4832.47826071429,4719.07831020408,4620.71552520408,4706.17329459184,4846.06803612245,4789.43069653061,4597.95231122449,4537.07853897959,4615.13987061224,4648.54887642857,4779.93698846939,4972.17030030612,4677.32066663265,4787.06770591837,4826.75114326531,4995.31905122449,5033.72977928571,4982.25800306122,5005.54534428571,4786.84282755102,4863.38692112245,4693.56398428571,4878.02822636735,4945.01500714286,4908.59038928571,4895.94748081633,4873.25904561225,4662.94455459184,4801.15599530612,4790.24095530612,4717.35916418367,4675.22309918367,4651.53371040816,4740.83951734694,4707.01436459184,4805.67475255102,4708.21574020408,4540.98007153061,4412.80427112245,4808.57985244898,4509.0109122449,4570.09041502041,4664.00983593878,4701.98750306123,4508.15890214286,4599.14587142857,4574.7531622449,4531.60350989796,4525.85540469388,4397.88721306122,4347.286455,4391.59763489796,4269.40473071429,4223.84438653061,4509.57253377551,4397.57645469388,4393.94432132653,4431.28931836735,4579.18638673469,4500.61910163265,4604.78620204082,4611.85754030612,4542.04835887755,4434.78241683674,4490.15823377551,4597.39215418367,4541.64527938776,4690.13512938776,4664.25879285714,4598.77188755102,4573.84402755102,4517.91382306123,4635.73328285714,4734.94158959184,4700.60609530612,4406.2906342449,4344.72424571429,4537.64408714286,4506.94123897959,4550.47483673469,4553.50091836735,4705.53351428572,4625.33108163265,4565.24620010204,4529.64736010204,4573.92116510204,4728.56290132653,4490.63604795919,4495.68989795918,4656.67041795918,4698.2494,4703.27188,4859.64135,4768.58169795918,4689.81710244898,4689.19428979592,4697.03453979592,4732.34483265306,4779.83778265306,4940.92510418367,4800.04057826531,4637.79295326531,4881.71991326531,4734.26241326531,4691.54971326531,4700.37834377551,4710.63873377551,4728.88527663265,4725.34390204082,4700.60618887755,4726.71515887755,4667.64710887755,4687.57854408163,4691.13520163265,4528.63251132653,4660.31755816327,4330.99562040816,4294.16051326531,4437.74660816327,4391.06724122449,4388.40205897959,4317.9008429898,4301.92334564286,4287.94442653061,4330.26428806122,4405.42097806123,4455.92410306123,4566.18888806122,4390.59893306122,4372.92382877551,4596.07717734694,4577.98999714286,4481.40012693877,4496.19944714286,4331.15537530612,4430.10330612245,4438.91587112245,4602.58891020408,4606.77394897959,4713.37756959184,4680.25849183674,4753.0990844898,4636.23449081633,4891.91533571429,4799.36002857143,4790.89786357143,4770.25656357143,4803.88574081633,4841.22599081633,4760.73701326531,4735.59868673469,4659.08259285714,4949.92145112245,4847.35793683674,4720.67441020408,4566.791585,4544.43040612245,4528.73045112245,4471.37867255102,4494.52703581633,4319.87708959184,4357.56646693878,4394.37774877551,4274.08668877551,4398.38334163265,4288.07977663265,4307.48499663265,4616.36875020408,4397.19644958163,4360.65437111225,4556.44499795918,4623.52740306123,4683.10369591837,4671.42026428572,4357.998795,4605.73665122449,4371.84480938775,4533.99193826531,4443.02191663265,4418.28489479592,4185.41459418367,4176.83088020408,4047.83343520408,4002.98043979592,4123.99605581633,3980.79752081633,4124.92052602041,4130.18552602041,4137.76953502041,4194.46509102041,4082.83044102041,4176.75377102041,4344.92154102041,4221.23561632653,4344.34433632653,4395.37834316327,4425.47496020408,4618.29106612245,4554.37582265306,4550.15739765306,4441.01588653061,4663.64146418367,4718.30442928571,4675.94007428571,4633.62965591837,4618.75469193878,4554.91117122449,4538.5881844898,4677.72526918367,4551.82547346939,4541.07137183674,4554.48228367347,4469.34977795918,4412.54986397959,4540.25978091837,4515.03971928571,4569.72341112245,4505.01227112245,4651.0040755102,4577.95216183674,4519.39903204082,4491.05661489796,4325.04111489796,4543.35262744898,4550.12136244898,4591.91191469388,4617.89581469388,4768.66798,4578.45814285714,4640.20286510204,4687.52156510204,4598.87671306123,4604.9826955102,4664.22252938776,4620.27138571429,4430.77256632653,4259.37452102041,4239.73030918367,4294.89476918367,4365.42794387755,4341.31073,4279.50752581633,4380.72529744898,4534.91218479592,4785.61536540816,4787.55924806122,4657.61997887755,4617.93129214286,4768.54931112245,4612.84257540816,4482.4165994898,4495.88831448979,4559.7736444898,4484.97216877551,4411.79487571429,4381.48837071429,4638.44067071429,4616.74682030612,4475.17557265306,4420.66257265306,4351.89577265306,4433.09931612245,4550.21841816327,4659.00371316326,4667.24351316327,4757.45928846939,4669.5005877551,4721.7680877551,4601.44823,4779.21245428572,4752.88173908163,4768.05162704082,4738.57156989796,4699.27006591837,4843.34014877551,4823.14107173469,4858.74280081633,4805.16152581633,4646.58999387755,4677.24349387755,4486.48168897959,4521.16353673469,4467.70112755102,4205.00809897959,4136.64753469388,4396.95626122449,4307.22004795918,4440.41585102041,4400.54036591837,4401.53362132653,4273.43354857143,4229.06110857143,4202.31637102041,4338.58692979592,4165.88229979592,4200.20669479592,4105.36748479592,4156.41024785714,4156.81869785714,4062.61799612245,4077.20754418367,4104.13923816326,4231.68951612245,4372.44628816327,4462.63299285714,4365.74829285714,4509.63537142857,4444.06002142857,4228.26740040816,4111.83682530612,4182.61792387755,4434.84017142857,4464.18030612245,4498.15675204082,4423.87613836735,4447.85611765306,4472.09915408163,4651.97165408163,4628.48256836735,4710.97848893878,4755.60487893878,4602.04672893878,4633.53756285714,4733.99996632653,4752.71838132653,4713.79422469388,4589.54111816327,4646.70731959184,4724.61730918367,4813.04427316327,4895.39871428572,4801.77327857143,4750.07562653061,4779.9488694898,4640.42634928571,4640.79933591837,4383.33671663265,4560.96608410204,4410.04738265306,4605.92998744898,4447.60844642857,4652.26730989796,4447.07282122449,4683.28082530612,4481.15835397959,4578.34150040816,4273.99147773469,4280.49007969388,4165.20956897959,4237.25484897959,4221.14999397959,4247.95880407653,4333.42493632653,4396.78841020408,4360.80852320408,4574.31382020408,4477.33031489796,4625.73136112245,4674.78479469388,4595.0570855102,4514.82963102041,4680.16614530612,4686.72764918367,4545.66430081633,4277.90417306123,4275.36495673469,4263.6810944898,4382.83294102041,4283.23913755102,4290.84068163265,4325.14832102041,4454.40535204082,4406.78215377551,4605.08545857143,4418.45243204082,4430.68147714286,4396.68771367347,4530.75156367347,4276.41200367347,4258.82410938776,4460.45585142857,4409.42896877551,4354.38775204082,4268.18112204082,4293.94596183674,4370.85325591837,4393.22766020408,4277.88816642857,4493.06336836735,4587.93106836735,4306.36371061224,4347.01425306122,4331.21541510204,4424.42007010204
478.040816326531,4652.80690795918,4462.45055795918,4381.17620795918,4587.30185795918,4613.52360795918,4634.24801295918,4675.07081295918,4593.1090772449,4589.6238272449,4666.6236027551,4813.62764071428,4854.20422887755,4983.15796704082,4903.44136704081,4890.36986571429,4867.14970653061,4913.40186020408,4950.33808877551,4895.81159030612,4781.41729413265,4885.90580602041,4831.64937510204,4737.76794081633,4733.97687081633,4805.53646061225,4838.17040204082,4887.7523077551,4889.78593,4671.825646,4651.38290683673,4627.90983755102,4660.87011071428,4625.93977673469,4550.72089418367,4632.17374530612,4871.25004193878,4889.50721357143,4866.09240714286,5008.71027653061,5027.79092959184,5074.60380346939,4966.30880346939,5123.40410346939,4905.55067102041,5000.44559214286,5128.41021714286,4934.40922632653,5048.00196867347,5031.03097142857,5072.75921765306,4762.44914132653,4710.62708316326,4597.58601428571,4650.55636816327,4734.59075816327,4817.74857244898,4863.57441734694,4900.59045306122,4887.98963877551,4836.36353142857,5057.77644489796,4801.26871387755,4895.7597377551,4953.70680836735,5026.35042836735,4841.14143530612,4901.63613530612,4955.45242857143,4625.28027877551,4901.22792877551,4711.79072040816,4594.37690272449,4640.10474887755,4717.17143357143,4512.59463163265,4660.4593644898,4575.82589612245,4546.98756632653,4402.44305132653,4691.05649836735,4666.50730122449,4774.71184673469,4678.03707326531,4760.40485826531,4707.91579785714,4706.01714285714,4732.19318061224,4504.51021326531,4351.24718979592,4450.27574897959,4499.35494081633,4609.77103428571,4503.69455928571,4661.03915028571,4642.55474714286,4617.79099183673,4754.88102081633,4947.75774142857,4906.8441672449,4871.87665816327,4787.90257295918,4756.72023326531,4608.21797551021,4645.9830744898,4699.75535204082,4608.56033591837,4622.23324591837,4831.35436326531,4796.65584102041,4916.71406938775,5026.13480714286,4643.28701632653,4536.21689632653,4637.31994795918,4603.90868469388,4690.17842469388,4716.27215102041,4717.09732102041,4816.10455602041,4875.98309887755,4652.28049326531,4785.84474755102,4936.9323244898,4953.74639591837,4919.51934897959,4961.11974163265,4907.57144163265,4934.36459163265,4845.34275755102,4965.66714714286,4903.74487469388,4880.16958428571,4582.49655571429,4758.80897285714,4574.96848612245,4883.26782428571,4758.58608852653,4865.63442548979,4766.48584571429,4819.3063622449,4822.6455122449,4850.82764387755,4861.97534387755,4697.34134387755,4637.6382177551,4622.59567857143,4833.73763673469,4748.76245306122,4832.15361326531,5078.89408673469,4969.84207673469,5142.93089153061,4960.82716836734,5002.34345714286,4989.53266214286,4948.76884061225,5026.05516428571,5001.55529591837,4870.87148602041,4857.79527734694,5004.43837938776,5131.51079336735,5010.83041071428,5115.24021377551,4992.4870727551,4989.63557857143,4964.91565510204,4893.79210510204,4817.78965265306,4778.86228971429,4887.78682010204,4965.00170612245,4975.55856908163,5010.89774387755,5076.48542622449,4977.12338622449,5050.81761836735,5097.7981355102,4893.11072908163,5036.23320408163,4974.14482479592,4777.51630979592,4883.75555602041,4959.12703177551,5041.53623677551,5081.49067177551,5066.85811459184,5234.52083806122,5133.61206969388,5041.61431979592,4949.77249336735,4911.77809030612,5029.52032081633,4874.22062979592,4760.60613663265,4890.76043622449,4999.04434183674,4850.95412591837,4983.66303938775,4899.50060877551,5097.84609,5019.79504785714,4880.1469944898,4938.58414428571,4992.83900928571,4910.78839520408,5069.53774673469,5118.15542755102,5077.83200612245,5138.17463673469,5111.43505918367,4879.99118163265,4672.5295544898,4796.94898826531,4783.87180581633,4816.95771020408,4615.95612020408,4490.6614905102,4532.58236030612,4601.67105377551,4559.1651144898,4373.97034948979,4518.47611367347,4455.56046612245,4544.11638336735,4572.8377442551,4404.52387262245,4664.91057262245,4515.89473122449,4589.62273122449,4315.59729265306,4517.19671102041,4632.71828153061,4633.17933969388,4582.56995204082,4693.62819530612,4625.65513163265,4711.6737044898,4789.34498632653,4925.44308183674,5022.13135673469,4863.39931979592,5067.05083163265,4973.70619204082,4935.14330877551,4938.49820816327,4972.70833,4895.2115922449,4807.66031091837,4951.92621459184,4852.63364612245,4921.03220938776,4614.29229714286,4540.56011836735,4710.78588571429,4686.51169795918,4914.05285040816,4883.97192510204,4916.29801979592,4865.70426479592,4908.45860336735,5018.79933071429,4914.07173071428,4889.86322168367,4789.70153061224,4806.46989489796,4701.04841520408,4658.77365816326,4686.60969081633,4663.77545520408,4820.43620265306,4925.96622105102,5033.26245591837,4961.14899877551,4732.59151214286,4776.97479887755,4717.77246571429,4857.29258367347,4751.20968469388,4879.90625785714,4841.97062357143,5017.41507346939,4954.94596530612,4960.96824530612,5187.33278877551,5179.03847908163,5080.49116591837,5025.85149591837,4802.38442285714,4776.89852285714,4840.9441244898,4852.15041642857,4624.27800142857,4882.63837142857,4814.46942010204,4715.83058928571,4837.78598813265,4712.63374163265,4774.23589897959,4475.65228397959,4538.18483397959,4617.72845204082,4851.32159204082,4585.65940693877,4636.35940765306,4496.47523755102,4666.3238794898,4639.50985571428,4629.6180622449,4581.46064469388,4417.61358367347,4372.08263122449,4557.27598693877,4508.52341469388,4635.72967367347,4568.68385683674,4729.47337081633,4772.37073591837,4937.4569594898,4760.28794020408,4833.2173,4740.92904693878,4699.51734193878,4516.97339795918,4454.14124795918,4588.55685816327,4473.39640112245,4534.18685612245,4479.42743765306,4560.64084591837,4352.36426196939,4342.9128977551,4423.22442020408,4301.74749785714,4325.25653163265,4277.88993112245,4233.3920594898,4127.46553177551,4310.06019061225,4456.34915561224,4455.63254204082,4390.82423244898,4411.06007389796,4652.73651806123,4702.76533755102,4662.09566408163,4709.74288295918,4614.22360979592,4505.92507285714,4333.97308255102,4550.91456408163,4363.54109657143,4393.44291857143,4313.31598714286,4312.42317091837,4431.44333734694,4484.23669367347,4582.95796959184,4529.76389632653,4659.63511959184,4653.96978571429,4598.42667755102,4672.32571944898,4579.13794706123,4608.74354857143,4653.9801022449,4784.3838772449,4727.0505322449,4768.14953255102,4674.68793510204,4754.47986142857,4784.17891632653,4904.21382102041,4898.58897010204,4813.57821255102,4970.18487857143,4958.71440428571,4909.12325326531,5150.60944469388,5112.25603979592,5020.59361122449,5073.19112040816,4974.29992857143,4916.99795357143,4877.08212826531,4794.9534594898,4836.28471663265,4866.58376153061,4900.90625153061,5053.43452653061,4940.88119693877,4970.47377857143,4901.09553673469,4960.09597469388,4942.70431469388,4761.66696979592,4846.74859285714,4863.26772857143,4883.31291163265,4984.89424081632,5037.81188571428,4933.30385693877,4786.3769755102,4717.53202897959,4707.59370306122,4727.59038771429,4728.66569765306,4865.32329591837,4824.70137255102,4721.18308571429,4715.01112326531,4784.40517816327,4777.84126326531,4742.43151326531,4776.96556326531,4771.0769517347,4723.68985602041,4804.61420683673,4808.64831879592,4688.42197438775,4685.38040755102,4787.60061112245,4797.36310612245,4752.79345,4553.97425612245,4816.53266489796,4705.76947591837,4779.63918102041,4929.37830877551,4721.4771927551,4678.48143410204,4572.55438610204,4713.23048816327,4988.17795306123,4843.86406159184,4748.20586102041,4669.29444938776,4720.85298387755,4755.08941734694,4617.09406734694,4696.37234489796,4637.36927040816,4584.50624795918,4650.25454795918,4751.95847857143,4732.13405102041,5112.9094912551,4853.53258673469,4725.87374693878,4744.54324163265,4778.94591081633,4847.00692857143,4838.65189591837,4816.29076428571,4776.57221020408,4746.04419489796,4630.58239591837,4743.1952877551,4795.71268897959,4657.98086020408,4530.29334489796,4672.49665857143,4795.1266404602,5052.60091173469,4994.49137673469,5111.80076673469,5133.46081959184,5031.71551959184,4987.17391581633,5074.7259332653,5049.46164326531,4853.64842602041,4922.13271142857,4635.72439969388,4833.19920755102,4827.26501897959,4824.0567055102,4719.61563887755,4859.43722357143,4717.99937571428,4702.04320836735,4516.40957204081,4902.44235183673,4918.59673132653,4954.99369040817,4841.06577367347,4862.52914142857,4901.59804857143,4982.81171836735,4926.78957571429,4756.91535687755,4590.80874234694,4601.88205918367,4777.83424183673,4851.98448571428,4699.14933571429,4796.09600469388,4833.15880234694,4886.95670734694,5079.9982577551,5014.8226577551,5023.4151377551,4868.4032327551,4927.56669836735,4887.48344122449,4873.92192704082,4916.39031204081,4846.37089489796,4769.29264693877,4787.00719,4752.16841969388,4803.16172456122,4639.24454306122,4905.82175306122,4770.82970836735,4961.13044377551,4989.32381377551,5020.4020527551,4800.14271367347,4810.90417010204,4935.22427357143,4864.40834826531,4915.73591142857,4954.77549979592,4938.14196979592,4923.82354377551,4869.83603081633,4872.4017627551,4881.4727127551,5054.88985295918,4905.34410295918,4873.52766622449,4717.50960346939,4937.26368469388,4852.98098887755,4965.66018673469,4819.73741020408,4785.69111520408,4672.90467653061,4601.48948367347,4546.04851020408,4543.60480816327,4587.28781020408,4707.41470285714,4738.23032816327,4804.46967367347,4723.10490061224,4675.63337836735,4521.21558336735,4570.99551734694,4691.59887734694,4657.66650020408,4804.34632346939,4759.39293918367,4657.66420857143,4696.42267428571,4857.4956667551,4931.78596428571,4874.23632234694,4836.70816918367,4940.21647244898,5003.73118469388,4981.94903571429,4778.20595663265,4930.74514489796,4942.45542040816,4860.01578163265,4781.70569061225,4944.6984,4803.43337336735,4684.46624744898,4549.94033959184,4670.04754581633,4562.22163763265,4574.45168489796,4852.09469510204,4665.00665479592,4784.57976010204,4530.55271520408,4565.74009265306,4523.45889096224,4669.89602687755,4576.84397530612,4636.7336622449,4638.40787857143,4651.15240204082,4550.57475204082,4936.62835714286,4747.08668438775,4754.12384591837,4821.02809591837,4785.17347755102,4750.06415081633,4934.16407755102,5038.62516816327,5057.59995510204,4881.13328214286,5081.67425510204,5039.54600510204,5032.93272,5101.504395,5091.63566020408,5092.98002020408,4819.69711530612,4850.20576030612,4782.87630214286,4622.82481632653,4687.69089795918,4614.50307489796,4751.50282088776,4910.74109795918,4714.43161122449,4658.11728612245,4693.35386377551,4741.34853846939,4694.56985418367,4479.593895,4413.79829071429,4632.22039683673,4772.29602183673,4654.94434081633,4891.14245581633,4779.78964081633,4633.87264081633,4620.43737959184,4541.64151245918,4558.40037346939,4562.96106010204,4605.26163367347,4967.3710377551,4839.22894897959,4658.52458632653,5000.50946816327,4880.61433469388,5084.87517744898,5080.54753877551,5092.03373877551,5151.49220102041,4950.23379602041,5012.59875102041,4837.00638061224,4860.70558061224,4829.48451632653,4739.99416632653,4840.19915969388,4729.54840510204,4970.26315581633,4953.30676316327,5067.41455387755,5030.1007122449,4803.69754040816,4848.29765357143,4739.95435683673,5083.03962295918,4922.05386295918,4998.61422653061,5050.88407653061,4793.1603227551,4833.3483377551,4828.7134877551,4828.3503377551,4853.9387877551,4607.67212530612,4692.07000785714,4767.60530285714,4634.46984765306,4697.49847438775,4565.41766006122,4384.32133659184,4443.47857346939,4630.33529081633,4770.46736530612,4741.44219530612,4701.42484744898,4733.71330867347,4744.04821785714,4768.23479244898,4778.66884040816,4911.40184040816,4925.96271112245,4784.12849826531,4837.28549826531,4867.38206326531,4650.36886530612,4590.82892122449,4710.2557122449,4781.79168265306,4909.93128846939,4686.18809346939,4880.52968163265,4776.08989693878,4688.46575214286,4797.85200714286,4880.47105204082,4704.39552040816,4759.31218714286,4622.50764214286,4536.46710846939,4687.75699183673,4766.50187142857,4658.57037142857,4405.43978744898,4643.19362540816,4632.10355102041,4551.19902112245,4824.18306836735,4804.87062244898,4834.12446438775,4852.84855387755,4875.73763336735,4622.34045714286,4725.00233428571,4863.79274795918,4811.85753071428,4663.05607357143,4695.04924387755,4725.27616326531,4889.51976071429,4916.03729693878,4981.85069693878,4860.11591020408,4883.57045602041,4868.46329704082,5043.71093438775,5069.13295234694,4865.14814489796,4888.07661081633,4941.87219693878,5101.62684693878,4892.59411428571,4881.32481428571,4713.24041428571,4727.37191734694,4680.65337959184,4854.87865306122,5013.83282897959,4919.49132755102,4776.15411755102,4732.40209918367,4814.61621918367,4881.7233205102,4933.49393540816,4886.55814040816,4772.9020867347,4892.19335,4809.16512326531,4852.01279285714,4801.45092142857,4884.22456642857,4649.98089693877,4814.86437346939,4703.47458877551,4550.64397244898,4910.99755714286,4927.04755714286,4898.76457377551,4884.27319102041,4981.92874153061,5048.61570387755,5179.9355555102,5158.69459734694,5170.10504102041,5194.90071755102,4956.47473704082,4848.56009530612,4921.29476622449,4863.10631683673,4957.97700816327,4913.33852714286,4856.69524673469,4836.628975,4774.20969142857,4772.60492916327,4888.00609122449,4997.65714612245,4879.26595502041,4770.89632746939,5009.65599877551,4933.11264142857,4928.59108734694,4843.26358734694,4800.47056489796,4748.43156357143,4783.52185040816,4647.47526979592,4943.55740204082,4906.68467755102,4825.73850306123,4853.66250795918,4892.12384204082,4962.90834704082,4990.26281091837,5051.22832785714,4850.45567030612,4977.71324857143,4982.54506081633,4942.36890255102,4686.69807469388,4930.25163530612,4805.73564653061,4730.05090265306,4655.04080397959,4682.91302379592,4729.84696816327,4771.99184612245,4819.81777326531,4612.96745612245,4784.30609918367,4882.4943077551,4707.97964714286,4641.51121734694,4757.58003234694,4664.45784571429,4828.95756908163,4953.31537244898,4835.71347602041,4872.01602602041,4930.30257602041,4723.32408112245,4826.86082530612,4806.23695306122,4850.69967755102,4833.80697755102,4930.50701255102,4808.58258265306,4815.00605408163,4897.47950408163,4703.48777558163,4941.80358908163,5012.55659806122,4970.61552418367,4884.66659561224,4787.49179561224,4726.59043459184,4874.58034581633,4758.73949132653,4716.05840022449,4926.86159591837,4902.54145520408,4883.31729020408,4746.22732367347,4710.67820989796,4879.40214081633,4786.99021734694,4931.34573469388,4968.12365469388,4915.02062877551,4803.44911653061,4995.08257653061,4870.19652653061,4966.18619489796,4951.02626857143,4967.8333455102,4977.53073163265,4742.93837163265,4662.05004969388,4973.49805581633,5018.8264122449,5083.65400612245,4892.16850612245,4888.58704183674,5174.6863122449,4832.51171255102,4895.78367755102,4813.547005,4924.21622346939,4852.17805918367,4836.09562244898,4837.75739744898,4992.10466744898,5022.51988428571,4894.89001428571,4740.2908177551,4621.4170394898,4800.64753612245,4841.77481836735,4795.99978030612,4775.8836044898,4968.76074510204,4924.81775255102,4799.76765938775,4949.82046836735,4853.31736989796,4740.03115867347,4787.07671234694,4760.70283163265,4800.78816,4704.9031855102,4814.8991785102,4635.7808577551,4582.57366714286,4726.08321122449,4758.8305622449,4595.53708346939,4625.95435102041,4742.56992244898,4567.68102244898,4620.07813163265,4985.69922704082,4937.57334183674,4967.55855714286,4789.75607244898,4888.51322244898,5021.54523744898,4859.44455102041,4838.34368673469,4781.05253673469,4941.63663704082,4886.41269,5037.54596020408,5133.22624040816,5139.26459163265,5075.85509918367,4884.80156632653,4762.65956785714,4705.52872040816,4757.75343673469,4691.13721010204,4592.28863571429,4668.38575163265,4684.45749153061,4950.77854989796,5039.70774918367,4966.79341653061,5046.83726908163,4936.36907857143,4906.27959591837,4910.85939591837,4759.42513785714,4669.74202255102,4672.53690918367,4688.72166979592,4783.42810734694,4675.17742734694,5031.26960816326,4615.70630816326,4712.25560816326,4659.10055908163,4655.29952908163,4605.15787367347,4741.05857755102,4649.65129591837,4445.17842061224,4506.85351622449,4715.47963163265,4601.45708969388,4578.84118469388,4477.6528667347,4545.24817244898,4720.42258479592,4718.85185744898,4596.21109244898,4541.80939244898,4750.65877244898,4745.50213673469,4868.09347448979,4781.97763448979,4693.5161,4751.96395306122,4774.81016806122,4742.62838806122,4587.46860071429,4586.79863469388,4747.43625204082,4366.52898816326,4571.09746326531,4497.71351704082,4575.2131622449,4639.62090704082,4702.15336010204,4640.15813316327,4504.99795440816,4719.98558040816,4430.71787255102,4478.23613561224,4614.3794172449,4681.47284806122,4701.42780112245,4512.35094908163,4667.02508479592,4788.57297887755,4922.96194591837,4874.42593255102,4787.15338408163,4846.08598408163,4806.01230826531,4728.21142867347,4665.57629081633,4671.85988816327,4822.73587530612,4868.29802142857,5015.8119477551,4731.09053510204,4974.97088510204,4975.07663785714,4805.44320979592,4873.31165938776,4992.20345938775,5036.64522918367,4906.51171020408,4856.11004040816,4971.86053306122,4931.14439377551,4758.86029,4649.0860072449,4644.40615265306,4495.5349822449,4470.28635612245,4463.98491387755,4502.01680673469,4356.02551338776,4377.32559591837,4378.26414285714,4226.49952438775,4415.15497622449,4266.20071732653,4420.57288242857,4436.20453181633,4411.96425753061,4409.58873936735,4424.8777287551,4381.93328528571,4391.63305530612,4522.9014505102,4494.1368955102,4429.8378805102,4570.92452551021,4500.6816305102,4524.31903428571,4558.96500785714,4444.33097285714,4388.48209315306,4455.14878866326,4422.01743877551,4264.43316734694,4316.85996734694,4309.10175734694,4255.45906102041,4353.9353877551,4522.67630438775,4538.65911663265,4556.53374755102,4617.01512755102,4773.71912530612,4748.38278510204,4526.99631877551,4733.94628367347,4642.97109693878,4677.2257,4847.14583530612,4697.8050522449,4804.16049387755,4705.7975077551,4739.06699346939,4652.84906346939,4671.47051744898,4660.52996744898,4647.5632122449,4625.30313081633,4769.58066602041,4952.76650408163,4836.43381428571,4904.83895530612,4945.17510632653,4967.62506540816,5070.37911602041,4902.43790591837,5028.92527244898,5044.90591122449,5057.15443061225,4980.91109734694,4857.51939397959,4947.34779397959,4871.94872693878,4862.97377540816,5001.97398122449,4961.9335744898,5116.88197346939,4992.9983127551,4907.02952897959,4936.35316397959,4906.00306979592,4956.48740438775,4921.29201357143,4763.79443489796,4826.65724102041,4956.97622469388,4999.30668877551,4991.03113,4976.46520102041,4843.30475163265,4824.48106673469,4675.49240408163,4681.36615918367,4421.99631244898,4540.35913928572,4564.36169479592,4685.08049418367,4586.29747438775,4652.7379255102,4519.60793020408,4409.9068144898,4475.7158644898,4389.90272387755,4407.79291193878,4369.24007693878,4409.50934693878,4421.87052389796,4420.10780795919,4305.21418387755,4237.3437262449,4401.2169922449,4258.23589785714,4365.94894908163,4580.67364908163,4845.54192744898,4982.10372132653,5079.42698020408,5049.00287877551,4912.0725327551,4956.18955733673,4870.32648295918,5020.64394938776,4891.32766489796,4983.62457826531,5066.86247826531,4934.52993714286,4859.5204944898,4842.74325040816,4808.21765,4788.98018244898,4921.36751183674,4942.98467785714,4814.66639561224,5043.85492193878,4864.57994693878,4833.92720204082,4901.12426938776,4713.8914755102,4620.34846938776,4485.82857061224,4498.60117708163,4347.49653642857,4466.22508142857,4366.61871040816,4366.1319772449,4388.2171455102,4473.75974204082,4360.84680459184,4419.10539153061,4455.18380714286,4591.19377,4719.71779857143,4688.25817061225,4803.9115,4711.03405,4661.78810714286,4667.73257683673,4700.08076346939,4807.98606846939,4895.42374316327,4762.39104795918,4680.11364795919,4823.53748295918,4767.86267295918,4742.58172295918,4858.88389357143,4775.45060908163,4842.89421673469,5006.96148428571,4588.35236428571,4659.5406144898,4558.88493091837,4565.45472367347,4575.83848591837,4715.07721836735,4633.61680408163,4783.47115408163,4440.34989908163,4520.04098408163,4845.54452653061,4939.48932142857,5026.22550887755,4949.86503948979,4949.26446765306,4903.27635979592,4998.2092494898,5048.26016826531,4602.91915346939,4694.81178193878,4545.48874908163,4465.21869897959,4415.56819,4524.38394693878,4696.09226530612,4740.78326530612,4667.40553673469,4837.19295908163,4841.92578908163,4689.04463408163,4790.00022795918,4782.94465010204,4674.05473438775,4793.23415938776,4667.29393071429,4751.06247561225,4658.55682265306,4578.18012204082,4765.33436346939,4504.32579571429,4598.65755132653,4825.66403061225,4594.29888806122,4632.75043295918,4717.14821795918,4794.44040193877,4756.69854346939,4893.64109428571,4974.25986163265,4908.98675489796,4955.68359040816,4957.21475906122,4944.52888122449,4688.26116,4599.21348714286,4854.87343714286,4880.56221214286,5020.00561244898,4705.21625244898,4622.68851744898,4638.5335744898,4433.51596428571,4700.14991836735,4674.92077336735,4693.87540244898,4668.31736326531,4684.18407897959,4643.09366969388,4472.91120510204,4617.66262734694,4609.8509444898,4598.40485653061,4678.05749795918,4665.43468122449,4707.95497081633,4514.68174938776,4672.57811816327,4654.66427795918,4624.35048591837,4621.81079367347,4763.80264602041,4564.41452402041,4675.51134265306,4701.17190455102,4693.46088455102,4587.77727969388,4788.04853204082,4799.92981316326,4857.42793806123,4716.03426030612,4688.56359030612,4718.55887887755,4758.74789887755,4782.51311244898,4870.89062357143,4884.09903969388,4831.98226061224,4838.37606061225,4863.05517255102,4907.38616538776,4945.53994112245,5016.49408479592,4914.57549989796,4944.52313122449,4854.66832571429,4788.307525,4762.52766173469,4633.34389091837,4950.03501214286,4945.83758571428,5020.189215,5029.49784326531,4929.02555612245,4825.20288897959,5023.45921959184,4946.15016938776,4840.33221591837,4828.15248571428,4794.27618357143,4770.57658112245,4623.2492244898,4677.5043344898,4636.25066234694,4764.82031653061,4833.40233153061,4639.92565153061,4764.22815653061,4771.76343163265,4823.12764897959,4761.64746877551,4854.9206622449,4649.12302030612,4699.85762061224,4991.44907285714,4932.35599285714,4975.86031632653,4885.39550816326,5061.65781316326,4919.03569387755,5062.2826244898,4921.28750714286,5063.80818989796,4919.97776489796,5137.51848989796,5038.29420989796,5086.97383673469,5025.83342673469,5048.58819173469,5149.69143173469,5028.74548673469,5042.95751173469,4989.45449357143,4922.61552816327,4933.36117744898,5027.63822244898,4905.11192244898,4963.38478377551,4791.52194806123,4530.68543163265,4710.77720236735,4709.70346836735,4526.33852785714,4645.61983357143,4641.78452346939,4653.75687040816,4632.61516979592,4716.4061544898,4645.51707244898,4848.52057071428,4808.82198265306,4833.17381530612,4761.98915244898,4704.98044367347,4768.13228734694,4809.61663142857,4758.18418816326,4568.40659571429,4690.54234040816,4531.94381489796,4620.91061102041,4701.51591897959,4474.29025653061,4538.71851765306,4581.40747765306,4562.20970857143,4740.22487357143,4744.92350479592,4660.50754295918,4744.69595295918,4806.297055,4776.36336836735,4654.99076836735,4648.92231836735,4596.76522714286,4547.50219857143,4576.56994857143,4511.6831877551,4672.71125510204,4662.42427244898,4836.02216122449,4618.60865306122,4649.49468469388,4697.46909183673,4845.84941867347,4651.90994693878,4969.95800816327,5100.54049897959,4877.44077704082,4930.13606081633,5045.39083714286,4812.2288372449,5013.80944244898,5057.64459244898,5001.43248908163,5172.93278581632,4989.8539944898,4963.2250044898,4913.67777336735,4949.82249244898,4894.72250244898,4917.91773744898,4931.90635387755,4884.23917387755,4726.02343938776,4749.93964081633,4784.27242081633,4697.77980612245,4688.41363336735,4595.88531836735,4493.09166836735,4480.82048877551,4571.04921734694,4472.04954734694,4550.14627040816,4558.64026306122,4494.45225081633,4364.81538367347,4513.11133234694,4414.24542163265,4254.21895510204,4637.07668979592,4518.58840612245,4416.73739469388,4515.57449469388,4501.96399489796,4368.12004489796,4526.58708979592,4680.07363959184,4688.26712959184,4827.42425510204,4824.13006112245,4877.10823112245,4804.11380612245,4787.14544122449,4802.78464632653,4791.39774255102,4800.56309897959,4780.68357081633,4682.98282367347,4758.72644795918,4717.74082204082,4679.58095826531,4885.15770918367,4957.46648571429,4780.21019030612,4792.35557346939,4870.15586193878,4854.49132091837,4933.47063020408,4791.69200020408,4847.51849265306,4734.50399571429,4798.10369387755,4908.81460867347,4756.31792755102,4651.74255255102,4605.04771908163,4457.87365295919,4429.59033438776,4486.14561581633,4524.25562571429,4619.41867571428,4639.95510857143,4887.56045265306,4645.8666044898,4522.40816612245,4395.41894112245,4419.08345612245,4332.59070306123,4347.89544306122,4380.86701581633,4496.6347177551,4463.28784836735,4538.92325816327,4604.26766938775,4722.0936055102,4599.40599612245,4553.07227142857,4637.89303673469,4617.26890887755,4737.60757673469,4438.59394285714,4470.97129653061,4600.54700081633,4531.58246877551,4383.20854285714,4413.49083459184,4460.12914193878,4410.5619122449,4229.57603714286,4285.49580540816,4428.45607569388,4488.8058005102,4525.69933673469,4590.47545755102,4575.19991244898,4567.61271591837,4357.9895,4632.54508387755,4632.95277897959,4572.20126653061,4678.01227244898,4689.70673714286,4679.30633714286,4744.93808714286,4858.89953714286,4841.31988061224,4834.99195061225,4882.15819244898,4683.76218755102,4793.59051306122,4703.98780306123,4780.57465306122,4785.18371894898,4784.12335734694,4829.48055510204,4689.452935,4728.85469622449,4700.73689193878,4838.32159877551,4749.60862142857,4870.60975785714,4735.97110785714,4688.73995979592,4732.76573153061,4650.96508153061,4690.4277755102,4814.28314693878,4711.44206928571,4779.11187928571,4663.28771428571,4558.41125030612,4625.78292979592,4733.5717394898,4621.56083673469,4550.53235561224,4468.98221632653,4599.65627059184,4462.78052,4557.76329755102,4549.53014897959,4671.5496055102,4652.40737520408,4698.61770377551,4757.01006530612,4900.60608530612,4784.60692653061,4831.44683469388,4837.40223265306,4933.01894948979,4821.84380081633,4692.26194785714,4891.08823795918,4916.84350540816,4794.78675612245,4876.86496530612,5012.07536530612,4988.33737653061,4935.65311632653,4920.85345806122,4954.22904081633,5044.05982040816,5019.85898673469,4947.77935061225,4980.16070938775,5083.69356734694,5192.17625734694,5153.65420102041,5102.77553602041,5091.62844622449,5164.43092142857,5129.56204244898,4920.35547620408,4884.77920142857,4785.78484367347,4784.12570081633,4786.5195555102,4881.77133153061,4845.01349265306,4636.69769714286,4503.23402020408,4500.84132316326,4334.77411622449,4336.9243094898,4616.09133393877,4562.99868653061,4582.10994669388,4528.60397169388,4495.64820744898,4437.26471244898,4542.63604244898,4519.17490142857,4530.4817055102,4394.7083355102,4311.3455377551,4385.25372632653,4489.62506612245,4425.13419897959,4447.36994081633,4505.20200377551,4399.68327979592,4325.11944031633,4465.86283081633,4604.71256428571,4686.09768163265,4762.73878510204,4810.35040510204,4602.47152795918,4867.83505795918,4923.35936795918,4783.19306795918,4869.22215255102,4919.88080630612,4930.87339630612,4993.06414630612,5019.10085102041,5077.25185714286,5285.46967142857,5019.30570693878,5136.93794693878,5130.07389693877,5003.64667843878,5060.23537727551,4867.17831619388,5130.21726619388,4898.46390088775,4877.45677438775,4803.10336938776,4912.4709094898,4973.36006714285,4961.63721714286,4874.37304693878,5197.12603714286,5139.75258030612,4924.80616530612,4788.85957142857,5021.54990142857,5127.5741622449,5129.3121622449,5022.8595122449,5020.07992306122,4948.10213306122,4772.03673306122,4743.86153806122,5001.41701173469,4969.06620357143,4832.37017346939,5023.91236530612,4923.00960255102,4677.47495102041,4590.57275714286,4656.18933234694,4629.90516704082,4672.85130204082,4779.14215204082,4788.36720316326,4666.75337591837,4735.23286397959,4771.95231591837,4595.27736591837,4689.52654142857,4900.02524142857,4709.00070081633,4790.57010081633,4488.97852938776,4636.98835938776,4818.14687704082,4725.88332204082,4703.48742204082,4777.63163795918,4818.48874877551,4952.02606877551,4723.92051377551,4801.16658377551,4765.95931877551,4806.40356377551,4801.40866377551,4832.12519846939,4893.71328704082,4822.67318602041,4819.49664,4824.340095,4754.43619,4778.26894,4658.88114816327,4756.99455040816,4553.57773469388,4715.59356887755,4741.41421408163,4883.84341326531,4664.24100704082,4671.88546428571,4727.96861071429,4778.7675255102,4917.06537653061,4946.62742653061,4822.55903418367,4795.56349183673,4671.464725,4582.22023520408,4664.29343367347,4586.61338367347,4645.46417857143,4693.10724571429,4781.29205714286,4816.41350714286,5018.1860622449,4933.55421418367,4873.25631020408,4841.93803061225,4857.75779897959,4844.16658673469,4894.53761255102,4925.34217887755,5045.39824826531,4943.13691428571,4979.46081265306,4955.90358755102,5002.94567316327,4930.934515,5036.33583185714,4845.34969918367,4946.99412122449,4862.22600397959,4861.56494938776,5036.00890489796,4997.66202877551,5078.94608387755,4948.35203387755,4923.98166091837,4931.62135304082,4859.21159969388,4976.93174571429,5004.69218755102,4983.76879102041,4937.22874285714,4899.06229285714,5010.01856061224,5041.37522673469,5070.31496428571,4865.66798428571,5036.11061510204,5034.39925408163,5057.82732918367,5014.40226795918,4955.48247428571,4920.89332377551,4951.71014632653,4975.43794897959,5246.8169372449,4956.41397795918,5032.18640061224,4981.55204673469,5015.72362183673,5065.57740341837,4752.95934591837,4816.20931591837,5063.00445673469,4910.15971653061,4944.87215816327,4986.35119163265,5126.05859081633,5133.43537928571,5076.70920306122,5102.97582244898,4933.12324897959,4896.45589897959,4726.98699979592,4800.05517459184,4641.83971836735,4683.12811102041,4697.61628408163,4708.11514653061,4721.28522428571,4959.05229632653,4715.01836683673,4570.27737571429,4638.34670806123,4873.27184653061,4783.53236357143,4725.64693977551,4727.63593910204,4759.31906295918,4868.90737510204,4721.90601867347,4833.32337132653,4872.68125155102,4926.60672255102,4791.83026234694,4887.46368469388,4863.48430020408,5059.73800938775,4925.32980897959,4972.33041469388,4939.51765969388,4995.79168571429,4932.22730612245,5033.31365612245,5019.34905714286,4932.23682612245,5057.34721795918,4948.62364489796,4835.42697816327,5022.50391081633,4953.11313816326,4839.4987277551,5028.2922255102,4823.79888408163,4637.66311,4617.80415295918,4732.07740642857,4684.58212642857,4782.62176959184,5017.76319572449,4750.91761020408,4891.30359285714,4912.84509714286,4694.13008795918,4785.17745071429,4612.71536169388,4692.60834020408,4851.02179214286,4853.59080673469,4892.16839877551,4848.67733040816,4863.53332387755,4936.5037355102,4907.62246183673,4920.69430061224,4886.66602836735,4959.23242428571,4914.65922877551,4894.13980938776,4788.64309938776,4983.78096102041,5003.52962918367,4880.71236408163,4795.04659908163,4753.31917408163,4800.56352520408,4849.7616555102,4662.75982816326,4653.95559591837,4697.91595204082,4786.27715408163,4720.7941205102,4728.43707357143,4787.4301544898,4943.10180755102,4806.94787255102,4693.848275,4736.29452755102,4708.43778867347,4775.87863255102,4900.43161622449,5006.89900091837,4964.04329591837,4792.56060081633,4801.74727397959,4960.70996769388,4855.55077979592,4614.12282785714,4498.27806969388,4482.54658734694,4511.48284642857,4580.15072959184,4550.88928387755,4648.57445795918,4488.44477795918,4752.80524081633,4528.30478877551,4687.47882306122,4428.56486020408,4506.56014622449,4396.40269744898,4410.54275,4451.5984877551,4618.20572734694,4636.15306969388,4532.47136326531,4655.43821326531,4659.45655163265,4637.89413663265,4631.54129897959,4567.72376836735,4604.3360077551,4516.91403755102,4552.00834783674,4421.20441367347,4514.68879306122,4464.23362734694,4562.28408734694,4541.26000591837,4834.29911020408,4680.14256061224,4642.45996489796,4546.35984387755,4706.72019387755,4945.65600765306,4913.16473265306,4844.51847673469,4694.59616683674,4767.16763897959,4712.12952397959,4729.95473897959,4823.08734397959,4546.63068397959,4631.49386622449,4761.46464346939,4613.49418346939,4667.7011705102,4644.3623255102,4564.7951455102,4574.39508142857,4571.94498142857,4901.66969622449,5025.26130061224,4906.79894530612,5040.99318530612,4929.54887517347,4902.83292928571,4851.39346938775,4826.66248571429,4867.24146428571,4785.05399867347,4887.02242810204,4779.35284910204,4976.17607410204,5012.44385163265,4994.24328265306,4896.20816806122,5051.56510306122,4827.25241795918,4904.81906122449,5039.58657346939,5122.52629183673,4930.97252040816,5002.91304795918,4859.25292346939,5043.53658336735,4984.87111836735,5124.16528469388,4849.7295044898,4801.23644346939,4869.37186846939,4890.00262173469,4823.06046867347,4791.58993204082,4864.45194877551,4697.42097387755,4759.43660408163,4742.01736122449,4756.36872795918,4921.55598367347,5076.44237367347,5179.05468989796,5060.17873989796,4823.96526612245,4791.5426044898,4821.11098377551,4842.61291316327,4806.44881646939,4944.1360077551,4735.9088577551,4881.5387577551,4954.92110938775,4927.35126673469,4946.62900591837,4947.75890877551,4883.09712918367,4880.47348346939,4729.0885972449,4942.68941459184,4721.3133105102,4889.75976867347,4880.11867887755,5004.36956867347,4935.84304357143,4836.62836418367,4740.70227020408,4693.14547020408,4866.97957142857,4867.75350877551,4817.76683632653,4748.56091,4398.26493132653,4359.78167091837,4458.06523540816,4453.98503387755,4549.76427244898,4502.59540561224,4503.71564469388,4695.25553469388,4677.25358163265,4498.79344110204,4408.40717102041,4695.41179153061,4447.33982989796,4520.67614473469,4647.17191714286,4497.27196714286,4614.16893265306,4642.87752020408,4674.42002438776,4750.60808163265,4781.23753489796,4768.33935816327,4722.84867591837,4535.90752938776,4521.49248591837,4437.91614010204,4476.88600663265,4914.18031897959,4900.21994693878,4774.05542346939,5061.21344377551,4940.996155,4959.90082066327,4852.93380158163,4883.93521994898,4934.36783653061,5082.3443744898,4828.3197272449,4954.49020918367,4815.12650102041,4823.97698367347,4667.9235255102,4540.16270102041,4734.59582857143,4650.75434693877,4665.79531693877,4714.16333346939,4515.32423377551,4493.27678377551,4603.24283887755,4604.86228387755,4638.82100887755,4769.5588827551,4918.72215826531,4729.54748826531,4714.23999928572,4803.42297010204,4694.72952857143,4629.99982653061,4451.87684285714,4313.22190663265,4497.49736428571,4551.70316408163,4442.77051479592,4550.2256505102,4633.27297755102,4596.39639387755,4580.44105510204,4446.76384204082,4630.82273979592,4687.91348979592,4514.69783979592,4580.84159183673,4482.70594081633,4793.00539081633,4616.13257459184,4633.05714760204,4529.31225806122,4339.40815846939,4545.71401632653,4547.31237040816,4530.28109948979,4545.65617234694,4557.20708673469,4694.38536836735,4356.06829510204,4532.56034428571,4693.14249163265,4757.98773163265,4872.49702693878,4779.32434846939,4842.67743061225,4857.1828255102,4827.42654765306,4750.01066,4771.515965,4836.71105,4774.92132377551,4878.66412377551,4938.4288772449,4873.14089204082,5059.66352193877,5040.31846,5005.54688959184,4753.81655438775,4792.97890918367,4749.69307795918,4454.58893163265,4429.20185612245,4605.82174571429,4606.64329265306,4595.85146734694,4633.38164683673,4564.66396673469,4686.71641734694,4977.72844704082,4905.96928663265,4883.65919367347,4962.33433642857,4658.97555408163,4735.46296265306,4636.12063877551,4788.1948222449,4768.15289183673,4764.15284183674,4676.16290408163,4776.16544591837,5037.82232346939,5074.56430918367,4922.26758469388,5043.67311969388,4978.3506,4783.21813897959,4808.82104897959,4876.05652397959,4816.45729336735,4885.75359234694,4815.96515561224,4818.31830561224,4801.1251755102,4643.4238930102,4827.9869230102,5081.71955346939,4654.29002346939,4662.90662346939,4722.25158265306,4712.67131632653,4798.01905102041,4715.61443959184,4667.09833642857,4509.88546061225,4721.41175734694,4737.96757755102,4774.12102755102,4886.30358255102,4823.11854346939,4816.42908326531,4827.14413459183,4901.06114959184,4729.47229653061,4622.43722622449,4611.3629144898,4657.37812367347,4705.43740928571,4757.37371428571,4782.28701938776,4790.99601938776,4585.97973877551,4598.68978877551,4497.94592377551,4371.84741081633,4542.92129785714,4560.71156102041,4481.80658683673,4394.33655,4373.14551040816,4501.09489908163,4588.78706122449,4514.34378122449,4484.43864612245,4734.13525612245,4767.51410612245,4665.26985204082,4630.27895714286,4717.33909612245,4679.99814612245,4714.28398612245,4785.26799102041,4788.1225627551,4961.9163427551,4892.85535714286,4895.08757214286,4823.55166061224,4925.57169693877,4780.2601,4837.59349591837,4921.32410408163,4901.91506295918,4989.38042040816,5098.94329489796,5040.68600826531,5067.81547367347,5050.79255714286,5121.8336,5166.249465,5061.45967,5026.79084591837,5074.91933571428,5056.09192755102,5085.85497469388,4817.34153469388,4954.50558571428,5121.79024571429,5092.03104693878,5032.54018265306,4941.6418877551,5039.47089489796,5011.91677040816,5172.26159785714,4986.79809795918,4971.42548571429,4919.74587785714,4914.86607857143,5079.29838693878,4841.78327785714,4810.58010367347,4983.52196234694,4919.92375428571,5070.23584734694,5147.45880795918,4973.50186081633,4996.85362918367,4986.63062653061,5011.37140795918,5080.22818459184,5032.97314489796,4984.3852144898,5199.99287387755,5150.72480316327,5140.32342816327,5172.2627,5056.82701632653,5077.98078632653,4913.53218489796,4976.32787938775,4987.03542959184,4891.98562877551,4890.64393081633,4818.84125653061,4855.58242561225,4822.40406653061,4784.00570408163,4675.73619357143,4632.63708744898,4713.08922581633,4837.94412673469,4869.41037673469,4751.83657653061,4765.82283163265,4941.38990612245,5080.62825204081,5056.93964714286,4917.93685489796,4874.35293265306,4799.51012755102,4685.33238714286,4880.34117387755,4721.69234663265,4789.42829193877,4696.137276,4847.08107,4781.35961540816,4896.48763040816,4894.87322785714,4909.02964285714,4892.85851785714,4981.73394285714,5092.39318085714,5054.48544285714,4962.13189785714,4842.26893877551,4836.48491530612,5024.1230294898,5109.38573163265,5010.40291020408,4710.42842244898,4853.01451326531,4869.56961326531,4712.12842346939,4832.79520408163,4882.95183918367,4866.01353591837,4824.1581815102,4991.60754061224,4871.29798122449,4856.76287346939,4742.94914596939,4537.00355846939,4592.01687346939,4650.54350918367,4634.84609693877,4659.80904530612,4643.32215346939,4536.52777081633,4447.09543397959,4500.96055438776,4641.08268367347,4621.08425408163,4513.69743061224,4441.55550642857,4530.28667836735,4454.21736167143,4731.68489897959,4706.01346877551,4704.27814755102,4815.17254918367,4777.28742908163,4580.34109295918,4471.95402795918,4391.15403469388,4445.9536202449,4571.80297061225,4456.60526208163,4619.06965408163,4705.50834183673,4657.59827683673,4798.74966556122,4924.75864612245,5001.08178285714,4952.22092959184,4964.38269826531,4748.85077938776,4852.35061632653,5043.97954387755,4813.08664193878,4845.08214081632,4950.27475306122,4877.74031938775,4882.20437479592,4830.73091632653,4829.02155510204,4941.57019193878,5018.7992755102,4932.56199397959,4832.69722959184,4856.22009602041,4960.24766336735,4777.74009653061,4649.81859653061,4534.27322244898,4679.64173265306,4697.93475306122,4783.68534704082,4632.89862061224,4613.17194969388,4617.93461520408,4720.42122938776,4590.49038040816,4882.1617822449,5051.69545479592,5032.02209663265,4942.23728969388,4967.32477469388,4868.69435234694,4925.56736928571,5058.23257255102,4865.80528602041,4809.93638544898,4858.0098694898,4878.75831632653,4724.87280816327,4778.60318469388,4830.36715081633,5032.49870102041,4826.23120612245,4944.04906857143,4886.50219857143,4907.19143867347,4764.05585367347,4797.49852785714,4715.83577642857,4943.60883867347,5050.82580510204,4878.73889744898,4886.75433510204,4991.47186061224,4988.74418061224,4892.85158061225,4922.59476061224,4807.58860959184,4984.53239183673,5004.1886244898,4815.47116020408,4816.00362295918,4844.01500408163,4813.28298418367,4648.80757091837,4790.32641091837,4720.76942204081,4917.78742714286,4705.52318142857,4664.90981295918,4719.34095795918,4820.12479591837,4868.68710061225,4909.16770061224,4782.41280061224,4843.71524008163,4828.66640008163,5076.46184008163,4958.34330508163,4961.31026295918,4960.09075816326,4937.75924397959,5063.76010316326,5080.70844693877,4917.01820306122,4909.53326397959,4904.0786177551,4896.66487142857,4947.57326642857,5021.25004295918,4950.03757602041,4966.18035102041,4679.65403367347,4565.16,4481.61332204082,4452.81566755102,4496.97296755102,4554.09247326531,4627.35230826531,4655.02909326531,4713.18121428571,4688.53753336735,4649.46055204082,4597.74692040816,4689.16960673469,4741.41312540816,4776.55820469388,4821.43132857143,4793.43978908163,4764.05493908163,4868.58703563265,4734.72715,4778.526845,4631.33596,4833.16711,4533.75697581633,4803.8033244898,4749.63600918367,4705.51322102041,4527.40344020408,4529.59136612245,4574.04553316327,4396.4791832449,4455.57867030612,4495.86809183674,4508.61580918367,4628.55694316326,4557.41835,4519.53205326531,4491.48177112245,4390.15408571429,4434.73596020408,4414.16861632653,4455.18074693878,4540.91283877551,4467.56275204082,4727.98444693878,4612.47211193878,4510.7409079898,4560.77698469388,4612.78800520408,4344.19074489796,4448.11654489796,4499.78618877551,4617.10583877551,4869.12947010204,5155.34586908163,5054.54570171428,5127.79676857143,4803.35942265306,4737.88634785714,4738.14024734694,4737.41636918367,4673.84117469388,4752.23506734694,4691.60030242857,4684.09373744898,4730.48447755102,4732.68111714286,4686.19416714286,4735.96365928571,4650.20127489796,4735.49964489796,4723.41879489796,4689.21844836735,4810.35057612245,4672.22789591837,4804.03623591837,4639.17451204082,4705.51615204082,4710.68740204081,4670.64520204082,4894.03285704082,4873.66080204082,5177.45114285714,5153.94904785714,4949.44166030612,4989.94775530612,4903.83851530612,4913.8648122449,4878.44346326531,4826.78178969388,4858.60433102041,4834.45493744898,4898.24185408163,4760.59430428571,4774.46229142857,4854.94347959184,4776.46255367347,4966.6143455102,4839.8488927551,4893.93499489796,4735.57194310204,4782.02663346939,4785.47949081633,4824.35259081633,4986.81758581633,5111.29019081633,4975.44498581633,4871.45179806122,4896.70170918367,4931.42140040816,4855.20386020408,4825.94386132653,4732.97548816327,4744.11984571429,4718.01624581633,4798.81751265306,4643.22756673469,4604.32461122449,4737.81041938775,4724.25974938775,4787.78431938776,4690.63178204082,4617.14342010204,4680.21196295918,4723.49241295918,4855.46561989796,4818.41483020408,4933.27592938776,4812.40651065306,4753.25151065306,4731.02376065306,4796.82225959184,4641.58620479592,4790.78066173469,4846.96472682653,4764.56896785714,4731.36054153061,4849.53075459184,4881.82621959184,4787.40233857143,4844.13399632653,4832.131225,4908.48550428571,4774.06185816326,4706.75343217347,4851.16062489796,4875.59352489796,4924.93945061225,5066.39944795918,4985.54267040816,4949.21891326531,4902.65100612245,4994.63744693878,5098.99611959184,4848.07630408163,5000.73641581633,5047.93141602041,5086.51740204082,5116.48434387755,5061.75357602041,4922.39127204082,4839.42162204082,4728.18546326531,4820.31026734694,4823.36993734694,4894.71044142857,4739.67070265306,4728.59164571428,4876.65121826531,4837.88627183673,4770.85507387755,4768.58250571428,4753.58420265306,4827.04384489796,4621.35979489796,4618.19984489796,4763.29221489796,4771.50051489796,4711.66457571429,4791.49404204081,4660.31477091837,4684.82377387755,4468.85116581633,4671.5796877551,4661.11226632653,4712.04241632653,4839.97767285714,4914.24723285714,4995.46052530612,4739.99485918367,4919.07736632653,4790.26108877551,4920.00523877551,4646.18834285714,4727.00193455102,4588.41792381633,4359.78536571429,4420.43570244898,4230.68344744898,4224.88571744898,4157.58438459184,4216.52250632653,4591.69930632653,4750.77677020408,4819.00151285714,4577.36290306122,4579.66615306122,4735.50493336735,4609.64487755102,4481.26758367347,4586.54738571428,4587.7077622449,4651.87122346939,4867.2783632653,4713.56736020408,4724.88443571429,4837.7927255102,4551.15694085714,4670.36863959184,4623.40743765306,4827.84511469388,4895.77003469388,4913.10323265306,4864.30033897959,4875.61816428571,4983.56405408163,4885.35578418367,4912.51947683673,4896.31906197959,4893.74519367347,5117.3620755102,4954.24368163265,4852.43553663265,4779.25033267347,4860.2212705102,5044.99492377551,4864.30858377551,5055.43635367347,4982.49104367347,5031.12817644898,4945.4228044898,4734.5854277551,4702.64286632653,4834.6447744898,4677.06864142857,4827.83970030612,4660.58083,4656.9157244898,4576.45140642857,4590.20854928571,4490.21798357143,4497.97948357143,4490.18010479592,4584.97548336735,4780.88642755102,4641.98202663265,4610.54069163265,4767.56974714286,4605.23972530612,4535.46726397959,4524.19960306122,4899.90743469388,4715.54195969388,4609.31481693878,4605.57727642857,4635.80284642857,4486.56001122449,4531.15268163265,4429.98790020408,4393.7946922449,4691.96751367347,4601.73233938775,4431.75660438775,4562.22251836735,4394.91245561225,4673.30308061224,4632.25531806122,4602.34698887755,4660.54586265306,4706.63853163265,4939.94577244898,4843.37665204082,4866.90235867347,4810.53743367347,4850.97593367347,4710.61038530612,4632.87241530612,4566.38717693877,4264.27234693878,4393.47054387755,4324.79950306122,4534.21185816327,4539.20969897959,4397.36742653061,4537.16548816327,4573.48698265306,4587.52401653061,4506.60332081633,4395.45388081633,4594.19428081633,4536.11024387755,4591.16874387755,4612.62313857143,4442.81523857143,4422.7099122449,4502.74301397959,4466.81141489796,4487.63083673469,4484.06319428571,4448.24611928571,4612.89256928572,4656.73939020408,4678.66338859184,4735.84572081633,4650.59082306122,4801.70299906122,4871.09738273469,4909.42716897959,4745.48227816326,4726.00616959184,4626.37313959184,4525.69097959184,4561.97627959184,4435.94686204082,4571.54759704082,4626.47858765306,4681.01883806122,4642.55649306122,4727.06558622449,4706.70406295918,4750.87944591837,4679.71301673469,4656.97387295918,4618.29691540816,4497.4763244898,4379.81402448979,4358.2185394898,4327.89027928571,4413.03103040816,4599.86111142857,4563.48153581633,4460.81403326531,4110.59966183673,4063.74866183673,4114.2943244898,4140.47037510204,4209.93769336735,4326.63116867347,4422.33660448979,4570.83915571429,4323.7656972449,4484.07448979592,4436.27459479592,4387.24226836735,4408.84050816326,4667.7155677551,4575.95561836735,4800.67491938776,4754.84125918367,4652.32798979592,4659.67253255102,4753.65749479592,4568.94128846939,4447.92121561224,4480.94557897959,4404.43851367347,4676.52772653061,4824.55256877551,4830.83396020408,4916.89967265306,5008.0766744898,4904.05848214286,4935.42987132653,5037.21038765306,4989.41483244898,5055.38365265306,4941.36407653061,4850.56118653061,4754.19179285714,4852.32426938776,4629.74105204082,4625.45942959184,4710.42636795918,4776.88445326531,4953.7084322449,4965.06282673469,5170.66248306122,5000.16401428571,4749.68847744898,4590.30473765306,4580.14893530612,4480.36301765306,4486.54156326531,4497.5133377551,4653.81092456122,4606.78629803061,4546.69640272449,4776.39071752041,4933.30237959184,4823.50878367347,4934.74474591837,4934.31264795918,4922.64180306122,4993.16655826531,4958.24886428571,4659.65159591837,4959.88378755102,4810.8228244898,4802.77669591837,4660.64228938775,4795.0571822449,4905.44534540816,5016.7871327551,4940.34702867347,4913.74031518367,5044.02335215306,4964.84493265306,4668.81972693878,4624.28223326531,4611.8919755102,4511.77219612245,4675.70158367347,4467.61472346939,4333.89243908163,4402.70387346939,4510.18081826531,4452.78307622449,4590.33364836735,4612.40567938776,4474.79758959184,4410.36688959184,4548.88695,4658.12292244898,4652.27367244898,4767.09885102041,4729.16630102041,4889.3083872449,4738.5900272449,4677.37029214286,4950.04530193878,4915.59817093878,4911.75394693878,4929.76749693878,5122.62325306122,5011.63605306122,4983.34341938775,5056.99209795918,5067.10514816326,5072.02691316327,5080.13625816327,5038.07530408163,5000.30225969388,4793.83428265306,4736.89467867347,4822.02097959184,4763.0704194898,4876.45425612245,4661.85719755102,4801.08691204082,4726.20056877551,4814.50768693878,4723.99076153061,4660.39361897959,4737.62128397959,4750.99734306122,4541.9394222449,4583.02292122449,4395.63564530612,4421.68877734694,4343.86935989796,4400.55639122449,4464.13154122449,4601.34399836735,4598.31151510204,4611.21456510204,4673.8196522449,4765.2533222449,4570.66654167347,4567.82113530612,4645.16278408163,4837.18161355102,4672.01898855102,4771.79877346939,5030.62141816326,5125.34856959184,4987.81574979592,4951.41499571429,4740.85547244898,4789.32332244898,4967.3235077551,4936.33944510204,4861.0546244898,4987.56118673469,5114.0473994898,4878.1708255102,4778.41149367347,4702.92868193877,4599.64128826531,4665.63413877551,4844.03213877551,4774.25396877551,4745.00331397959,4744.50421132653,4840.44231887755,4828.13624387755,4971.46799755102,4924.10694367347,4948.72992938775,4793.97747938776,4779.29692979592,4864.95877428571,4969.78699918367,4970.63792571429,4744.62339489796,4655.47331479592,4565.5202944898,4624.23488377551,4971.02663122449,4652.30646530612,4812.01427295918,4834.36569459184,4655.0794432653,4874.52999918367,4819.85313908163,5062.54868897959,5029.28555836735,5061.3323077551,5007.42371122449,4830.40241779592,5008.94355632653,4943.63285673469,5133.07862673469,5047.80333061225,4978.55970612245,4924.94819285714,4988.95416530612,4889.78513979592,4991.88120714286,5013.88518795918,4903.32984795919,4729.10476040817,4836.36698540816,4753.56452693878,4950.93880469388,4794.68605469388,4572.74206163265,4814.54839959184,4653.19322959184,4591.06919897959,4702.8685022449,4875.327735,4876.40235,4837.7919877551,4786.21531132653,4892.61195081633,4923.69987020408,4894.36979867347,4859.08948030612,4969.53153244898,4843.7040027551,4904.79021020408,5005.14093877551,4810.00214387755,4811.00115387755,4715.33013265306,4722.43320918367,4560.95023857143,4679.26253214286,4560.23853040816,4720.68192040816,4601.69929081633,4576.04635081633,4588.7031255102,4559.81377663265,4626.93051744898,4636.1473627551,4582.11238173469,4670.73786173469,4679.1770827551,4783.07982602041,4645.13121785714,4704.77104285714,4661.47029285714,4621.24725571429,4580.31456367347,4747.94380877551,4690.89547877551,4857.78660285714,4676.70108846939,4855.72964591837,4636.0808444898,4683.83054857143,4686.90912653061,4621.768505,4819.55674102041,4718.0081372449,5002.04150295918,4929.9621672449,4967.42625979592,4918.73060306122,4889.47470612245,4747.12700918367,4907.93759010204,5073.77779653061,4830.53842653061,4697.61523010204,4627.33844602041,4712.49821591837,4484.40883469388,4481.67889387755,4713.2025377551,4776.49389183674,4811.34730081633,4823.80296622449,4949.74802040816,4936.40916622449,4730.14320969388,4635.36591795918,4580.54391428571,4646.07469428571,4713.37134285714,4762.46651979592,4849.64837479592,4809.65754030612,4656.55374969388,4653.34767816327,4651.76423163265,4611.97738887755,4684.58804897959,4626.69643979592,4726.93183979592,4881.59631255102,4729.91751112245,4739.79249469388,4860.90676244898,4976.87327744898,5026.78135612245,4740.26893938775,4715.39040989796,4689.776555,4684.70974836735,4531.35769367347,4864.76280642857,5091.50162459184,4943.09326173469,4824.35686540816,4883.18350622449,4875.43519459184,4875.33926959184,4910.2546962449,4625.3447462449,4680.14195928571,4719.47968785714,4811.08126785714,4749.46167653061,4765.35850479592,4713.18595714286,4905.19991693878,4893.55339673469,4912.12077367347,4807.25408,4729.79763836735,4857.09615836735,4897.28602081633,4984.59910673469,5000.44913897959,4904.15643704082,4906.66232142857,4799.759375,4732.05505387755,4751.41895306122,4702.26473285714,4840.45813345918,4733.68097621429,4810.39759407143,4736.66197937755,4830.63251469388,4836.47908212245,4758.13082581633,4732.98228,4754.37374510204,4758.59160581633,4718.74487265306,4792.76610734694,4839.38469479592,4853.41286826531,4787.63453826531,4611.3028244898,4744.07417459184,4718.85648153061,4631.34494153061,4971.84684653061,4753.47309653061,4659.17454102041,4679.97883336735,4682.50848836735,4750.59114857143,4904.13749422449,4900.49771922449,4843.0730835102,4893.28532704082,4798.14030193877,4862.63645367347,4917.49190367347,4852.32680408163,4872.41249081633,4741.69651591837,4900.68232020408,5051.83947204082,4974.77756010204,4610.080375,4614.5074372449,4795.4828544898,4898.63417734694,4948.38989734694,4811.68231265306,5021.53752897959,4978.26780897959,5163.01011561225,5136.84133163265,5160.91540255102,5144.34095938776,5068.08755938776,5023.74916326531,4931.0116044898,4863.1003044898,4836.50095877551,4972.18029163265,4955.19565816326,4977.87378163265,4897.46466020408,4956.31800510204,5017.09546469388,4860.03419081633,4843.65555826531,4914.32100091837,4880.63893530612,4919.15338030612,4916.42863530612,4995.56180204082,4985.50796918367,5017.97303918367,4778.27413612245,4799.63741530612,4800.59877632653,4811.16470812245,4909.07201397959,4894.95348877551,5019.45933979592,4949.75018979592,5001.33751244898,4935.83908510204,5084.77186510204,4928.86999122449,4858.56588430612,4724.71343430612,4638.59138930612,4720.00225693878,4791.43681816327,4787.12526816326,4713.60372,4728.70360612245,4682.34497367347,4603.97222367347,4783.30254571428,4898.28685530612,4852.65600510204,4994.41398265306,5036.04138265306,4993.85098367347,4971.72437367347,4850.72958408163,4908.59341704082,5117.04926653061,5013.10907653061,4958.66978653061,4998.67106122449,5128.79648061225,4989.70268734694,4846.52856795918,4849.09847040816,4904.35622214286,4916.62224989796,4796.06058489796,4659.20517081633,4988.80465116327,4995.038935,4793.206815,4954.24476142857,4883.30280397959,5048.11564510204,4649.15223632653,4537.59063397959,4592.48433316326,4631.65982857143,4537.5957822449,4417.51129173469,4388.71416459184,4270.42567846939,4430.93409357143,4363.85743816327,4448.78828612245,4366.73693061224,4461.05345816327,4428.83601428571,4266.64141428571,4444.42010591837,4592.20926438775,4551.85871744898,4461.18347346939,4585.53352408163,4501.26819,4532.628915,4429.92321571429,4270.41316306122,4425.52955938776,4584.09568979592,4601.70873979592,4675.45957423469,4672.18207346939,4710.83806122449,4811.38167755102,4776.75991336735,4724.36847836735,4662.0521327551,4716.66134285714,4886.73776357143,4734.18675030612,4659.99874183674,4695.86350591837,4771.33042173469,4672.07200908163,4694.23754183673,5068.53829183673,4947.40520612245,4953.57750204082,4975.31870408163,5028.93341122449,4892.64472755102,5022.26309336735,5010.89598816327,4968.64726020408,4876.93807346939,4739.64755602041,4836.59266193877,4890.09887040816,4878.73689734694,4896.12979734694,4659.66867755102,4588.64298367347,4707.1796367347,4641.60700061224,4739.95016469388,4793.37720714286,4732.49992887755,4642.23313581633,4774.20295581633,4686.55462755102,4689.01245591837,4747.41529408163,4693.09818653061,4641.17899112245,4596.51609112245,4589.37807795918,4457.48690408163,4297.13089285714,4345.03826632653,4456.38810816327,4418.48575081633,4423.51044989796,4463.51540612245,4217.34775683673,4362.95295306123,4333.09923520408,4226.62523571429,4564.28884714286,4511.12850122449,4399.38726857143,4564.46677836735,4515.9500222449,4486.9559222449,4575.42294130612,4534.94445428571,4742.0441877551,4710.67017306123,4752.49410612245,4798.54555693878,4833.24672193878,4515.22459255102,4605.71330693878,4468.14055285714,4647.76005755102,4649.76901857143,4550.63291530612,4459.50828683674,4736.49298816327,4894.20882408163,4990.12139693877,4852.61144081633,4944.11240061224,4815.60818979592,4782.48657061225,4755.66722739796,4782.82608969388,5000.69895397959,4995.00314897959,4853.73557438776,4724.25353377551,4850.82785928571,4960.60693602041,4781.09064561224,4870.64434602041,4898.9318094898,4791.82882295918,4782.8418677551,4617.23326571428,4529.85205816327,4589.77177326531,4545.07050397959,4453.85197316326,4564.10700244898,4651.85341671429,4515.89079538775,4595.02343265306,4707.60594367347,4622.12973877551,4871.52489367347,4770.37911734694,4648.57434489796,4746.07680306122,4860.67755306122,4741.12354520408,4979.67544081633,4845.23172755102,4697.30484061224,4660.9546944898,4637.8791394898,4772.5881244898,4802.3357944898,5007.0960744898,5027.02767448979,4994.14200408163,4782.85025408163,4777.52748408163,4666.30560408163,4790.929235,4733.10558377551,4543.70474612245,4849.49366122449,4550.26285,4746.42487244898,4933.84511622449,4817.98868408163,4720.32253397959,4764.14525714286,4828.12844714286,4808.970595,4925.99285102041,4898.36117346939,4801.96137214286,4735.26967653061,4890.94818367347,4800.13510612245,4908.02024102041,4908.70872142857,4743.92982887755,4755.51907653061,4853.89157040816,4889.30009489796,4874.90429489796,4652.84129081633,4771.97245102041,4653.7784877551,4807.75972071429,4913.37340132653,5089.50389540816,5021.20379734694,4988.85136836735,4672.3720275,4618.3064172449,4754.7844722449,4726.3395072449,4962.10911510204,4410.13875755102,4595.87419061225,4399.63970653061,4334.90621539796,4448.79970214286,4634.83160214286,4358.89286520408,4549.89682040816,4555.21032040816,4506.84413632653,4428.20273632653,4596.00578632653,4657.96232857143,4841.81106132653,4782.96816193877,4864.93451612245,4900.10887755102,4744.32074826531,4815.93749489796,4767.58069489796,4833.25871734694,4849.99016734694,4845.28870510204,4714.50529744898,4725.86025510204,4696.24015612245,4790.00886836735,4734.23625367347,4592.64964489796,4429.74801877551,4525.93412591837,4415.50468979592,4411.82324102041,4294.09438061225,4326.16367561225,4219.50235153061,4412.74295285714,4389.5244944898,4527.84061489796,4468.60669204082,4372.38581373469,4485.09504632653,4358.94588938775,4516.59111306123,4505.90939693877,4582.76751428572,4490.94816734694,4590.91529204082,4695.94493571429,4611.92308989796,4683.15812663265,4597.70013673469,4560.59336632653,4604.25630040816,4466.73000040816,4571.03756214286,4496.51429857143,4626.57662214286,4879.61198367347,4825.33042908163,4762.52603367347,4703.44166632653,4566.71224285714,4633.57399285714,4907.90131071429,4817.79653571429,4795.39802265306,4824.87784346939,4842.36202846939,4671.76581469388,4902.74856530612,4871.04614489796,5024.3421377551,4910.74319795918,4797.48279795919,4810.75253571428,4783.59527571428,4853.7541572449,4618.50329897959,4652.49408571429,4814.19420510204,4728.31201673469,4579.23113040816,4909.13637387755,4843.85952142857,4896.07643622449,4748.66804816327,4864.58499132653,4898.25983887755,4745.34016387755,4773.36943387755,4636.78183020408,4804.14620326531,4820.06885204082,4765.48664693878,4902.03216428571,4861.82156938776,4876.87514755102,4858.6639444898,4718.87614653061,4691.61741306122,4735.55076306122,4728.92367857143,4836.40502938775,4880.04298989796,4783.4184872449,4788.08253244898,4813.92294969388,4910.87885673469,4771.34929173469,4681.47019408163,4757.74164857143,4736.16062357143,4618.38139469388,4609.79913581633,4653.77614102041,4583.83739877551,4627.81422612245,4605.30318612245,4527.19010663265,4603.84305930612,4679.77142030612,4866.40994816327,4974.79300122449,5066.05948938775,5029.05972204082,4981.05909867347,5004.39744591837,4689.73489346939,4782.68296816327,4931.5853122449,4808.14476408163,4807.72377653061,4772.19668459184,4794.98180030612,4395.44661530612,4311.6047355102,4418.82100714286,4358.18297857143,4343.12893571429,4209.32608469388,4372.10970244898,4307.83893510204,4197.73306632653,4251.14364693878,4448.67292693877,4532.82247693878,4975.34643979592,4804.74938877551,4839.32017142857,4887.93022142857,4861.15519795918,4981.63065622449,4940.21595316326,4828.09581428572,4752.17154153061,4791.22866653061,4864.39833653061,4761.37029622449,4921.63705122449,4866.06546561225,4876.35543061224,4959.63718061224,4829.26589561225,4844.05054561224,4824.21018030612,4885.94263234694,4983.99006734694,4727.27930816326,4966.23534183673,4965.24515,4977.50102040816,4842.87065540816,4883.88152285714,4988.72977785714,4979.96532346939,4893.17382653061,4657.90107653061,4642.75861632653,4775.55726530612,4788.12681530612,4868.90661530612,4708.08204897959,4616.42339897959,4780.97662459184,4644.57814183673,4619.56089295918,4715.91441112245,4681.39156632653,4911.90881122449,4731.49336622449,4753.31471377551,4908.90979612245,4979.05646938775,5024.62428234694,4859.2171744898,4852.49463979592,4869.55592040816,4927.77749897959,5067.71365122449,4795.34364322449,4992.57386122449,5082.09761857143,4912.25104387755,5031.95169897959,5010.22533897959,4999.01757959184,4949.55702959184,4696.18843571429,4886.91116326531,5136.17339081633,5036.96243061225,4943.04557326531,4937.80239489796,4950.83385612245,4858.35302183674,4822.44385571428,4951.0017255102,4899.81954469388,4978.7612244898,4969.20218612245,4880.64041,4987.99790428572,4963.09071490816,4912.97020204082,4990.59789040816,5029.63009877551,5042.16793877551,4959.95142642857,5006.23595387755,5124.98279632653,5042.28736367347,4967.20597367347,4759.47101316327,4847.53076316326,4863.86077816327,4952.21934448979,4806.65905816327,4834.21585846939,4764.05406591837,4771.33422071429,4921.82017755102,4513.18745226531,4672.7352144898,4699.07867979592,4748.67806244898,4750.45577602041,4903.28983414286,4878.00380591837,4844.97467989796,4778.34919163265,4707.15852785714,4742.95653795918,4866.93036081633,4849.1673627551,4961.3017544898,4707.642985,4757.28048612245,4539.74638877551,4662.46989591837,4637.26173265306,4969.52779653061,4976.25113755102,4804.1638244898,4777.94837795918,4537.9654427551,4528.03604683674,4505.87884857143,4619.57540867347,4630.78143959184,4642.54510418367,4462.51060316326,4464.14935193878,4603.64317714286,4714.48973469388,4710.01594959184,4616.00884612245,4655.69335510204,4591.6617877551,4627.3710222449,4502.9244072449,4520.5895922449,4631.94977428571,4687.23449602041,4907.56364418367,4977.64956244898,5059.92495673469,4838.01251693878,5047.18151530612,5055.32768163265,4803.48230102041,4946.5441377551,4908.47893061224,4935.84794591837,4805.3938202449,4652.23539044898,5032.94951020408,5052.41575714286,4959.17001,4790.34768806122,4813.41861346939,5156.31642346939,4796.86806244898,4958.59788806122,4921.37769285714,4977.97097040816,5005.4253577551,4953.49109785714,4826.79498193877,4828.31984469388,4615.53213632653,4697.34164632653,4650.17718302041,4766.73531302041,4858.67641714286,5114.64373622449,5129.88217357143,5039.06573071429,4955.34626826531,5006.01124122449,5091.36452255102,4947.36712040816,4924.11385204082,5013.6618255102,4886.42533102041,4873.68552071429,4890.0103482653,4851.10734163265,5038.32942787143,4822.51017409592,5031.38604979592,4975.33163979592,4937.26044387755,4996.96852346939,4867.79992020408,4707.38329683673,4766.23985438775,4932.60228887755,4979.61385653061,4810.11181336735,4904.98063087755,4944.56961357143,4913.79375765306,4953.50400989796,5039.33479887755,5061.29576887755,4983.02878387755,5115.90743765306,5005.16617265306,4922.14896265306,4963.54105765306,4857.68537765306,4853.34677765306,4956.27847765306,4847.93821428571,4868.43243979592,4685.79606632653,4748.23822510204,4599.45813387755,4560.02825561224,4513.33978306122,4729.45832979592,4731.93074979592,4794.53156540816,4772.92916602041,4833.35524836735,4734.07856836735,4702.24936846939,4912.59998163265,4837.87821928571,4692.56027428571,4724.42055928572,4726.53988246939,4643.58889746939,4803.02999246939,4676.03682428571,4793.27372336735,4784.60688836735,4861.66301122449,4983.14735846939,4960.35719847959,4924.65088469388,4917.24296918367,4980.4927605102,4745.42014867347,4787.3030955102,4750.77768520408,4913.9620422449,5003.15472040816,4681.93856530612,4713.29460102041,4602.03687959184,4730.23217244898,4667.83033030612,4717.51297602041,4625.73029367347,4687.91549010204,4463.12422030612,4333.96142959184,4291.42877561225,4355.82371693878,4709.06916836735,4658.47056122449,4597.01520622449,4505.67716612245,4451.02573142857,4474.46360193877,4502.23366938775,4499.63463061224,4389.72988061224,4474.36871091837,4378.22194591837,4530.080475,4546.68302265306,4695.57756765306,4811.68915897959,4712.93703642857,4698.10195142857,4770.74193469388,4811.68079622449,4669.78986204082,4927.79149342857,4915.09962142857,5012.43867306123,4879.85071132653,4986.40887704082,4881.54734081633,5012.87164653061,5090.07973872449,5100.15257102041,4990.89826653061,4816.28844979592,4875.24655346939,4891.57922326531,4730.08704755102,4689.66371255102,4553.43494755102,4632.51981928572,4433.8189227551,4449.12915122449,4526.77730448979,4822.68970697959,4822.51004897959,4873.69666142857,4759.8407655102,4784.79289693877,4856.57355765306,4729.38223469388,4729.7805,4843.76994183673,4750.22347959184,4880.61297346939,4787.02901663265,4892.17096673469,4737.62637204082,4880.46089836735,5088.4899455102,5015.05451714286,4862.90119244898,4833.45980408163,4871.30179061224,4832.71639489796,4724.71909061224,4610.34174816327,4588.40597928571,4747.5983677551,4705.0863877551,4762.4720677551,4696.21265132653,4747.64127183673,4521.06897306122,4409.17538479592,4643.98461326531,4823.39917826531,4727.70367142857,4977.04712653061,4827.89402040816,4787.20337071429,4748.53638571429,4800.82943571429,4731.94921387755,4938.92459897959,4885.24695081633,4984.00780581633,4934.63728704082,4923.39508704082,4998.97374204082,4900.59472428571,5058.56394938775,5115.64508132653,4930.27427632653,4912.14034132653,4829.09358816326,4835.45392857143,4838.09153,4925.04491836735,4895.27186346939,4916.81393897959,4928.05748693877,4859.51284459184,4865.06259153061,4778.49886193878,4775.64391122449,4579.73200581633,4357.25222173469,4928.73609816327,4913.85812816327,4800.38421693877,4722.43965520408,4907.91851020408,5227.78902306122,5262.65984806122,5037.54462060204,4941.30169510204,4968.68514285714,5053.30728326531,4855.23737040816,4700.42081979592,4782.61631581633,4918.17309836735,4807.77461683673,4893.56050446939,4795.44097018367,4742.36738673469,4881.27127857143,4702.02733316326,4708.04522234694,4713.72340959184,4926.00858091837,4711.61767653061,4860.99317755102,4693.60851306122,4481.96605816327,4369.16056836735,4566.30632306123,4605.84972306122,4692.28977908163,4628.56102755102,4662.641,4555.00707010204,4776.36396683673,4682.03093030612,4633.20302030612,4350.3078472449,4640.90087163265,4723.36624408163,4558.28869408163,4656.36325408163,4697.20977142857,4636.90471989796,4610.89448040816,4462.50621183673,4722.85147530612,4619.92451908163,4623.01092046939,4663.25281046939,4740.43139222449,4709.80884630612,4732.15842085714,4826.05312071429,4742.01979408163,4777.05884408163,4870.37975469388,4786.94988591837,4721.70831634694,4890.67112134694,4997.83563163265,4891.85267346939,4954.25592204082,5019.28191142857,5044.01486459184,4935.35609102041,4860.01349816327,4851.26282755102,4895.56278673469,4936.76708673469,4821.55596989796,4931.23229214286,4950.78314795918,5095.63359795918,5148.78068510204,4979.20935510204,5093.15769387755,4889.37094387755,4962.79942438775,4966.96573959184,4902.94456734694,4927.84738183673,5016.84951938776,5022.52964357143,5271.44763193878,5140.57413693878,5076.54917785714,4819.8060172449,4836.04191591837,4686.1263994898,4875.54014959184,4962.63712795918,4914.49988989796,4884.34475377551,5016.65851122449,4911.1596055102,5065.32891204082,5007.63381918367,5063.53787428572,4927.45021816327,4899.1977744898,4752.97393979592,4951.7327,4912.19044428571,4993.12960061224,4839.64983642857,4724.51335959184,4879.36920377551,4828.91225112245,4770.75454612245,4797.62963061225,4900.81662653061,4841.68244928571,4748.60499214286,4912.73079857143,4839.73637285714,4914.31574897959,4891.25434081633,4918.2687244898,4837.40138377551,4850.39663377551,4862.56741795918,4800.17942653061,4720.8994,4771.1356,5049.52494387755,5008.51899387755,5058.58495326531,5021.21068693878,5054.052615,5180.99044081633,5086.18380714286,5103.46695714286,4917.42313663265,4831.02280816326,4899.35039081633,4711.29685642857,4791.43917142857,4851.06195102041,4805.32895612245,4673.79353128571,4727.81010102041,4743.75004102041,4869.59654602041,4719.81740418367,5094.62334918367,5077.16046918367,4884.19898418367,4897.18553510204,4924.62596387755,4714.7403505102,4876.51902336735,4783.71451622449,4736.68934122449,4621.68278030612,4537.47736326531,4666.64539663265,4685.5253622449,4574.04928979592,4701.73855204082,4809.73237142857,4706.69960408163,4921.85220408163,4906.33990408163,4679.15675204082,4800.17179020408,4989.53347040816,4948.77867397959,4691.41752244898,4628.61373877551,4600.56588979592,4732.81701836735,4902.44968877551,4888.6684377551,4769.23823479592,4801.84702142857,4969.09928673469,5008.78638673469,4947.36585336735,4937.02910673469,4925.62259173469,4977.78994867347,5094.81508193878,4884.38219693878,4992.64298806122,4852.50021948979,4981.39778510204,4965.41038408163,5079.10390581633,5136.06193877551,5075.26987255102,4865.0424405102,4844.71188367347,4975.32009591837,4784.43697040816,4658.80322040816,4684.86744040816,4794.12082714286,4758.33987071429,4668.14402408163,4690.99796530612,4852.27806734694,4937.88935632653,4772.67615326531,4900.50875326531,4917.44189767347,4880.37826071429,4813.68264785714,4899.62574602041,4866.4162144898,4580.05372244898,4725.46860928571,4796.92454877551,4786.84795897959,4782.0510622449,4991.69631622449,5000.66724959184,4867.50459489796,4927.35293489796,4791.30270489796,4731.6713377551,4844.56007530612,4843.86234571428,4779.16769571429,4929.87336010204,4825.91260234694,4921.47020551021,4860.47791846939,4986.25487969388,4844.81339469388,4983.50230255102,4913.72098591837,5086.03269602041,5092.14421581633,5050.20960030612,4971.44464357143,4911.13778673469,5073.06469897959,4960.29159897959,4730.23294081633,4859.72173163265,4787.70866112245,4798.18007510204,4713.30904091837,4776.63045244898,4816.66548673469,4994.61799306123,4991.73235,5064.95690102041,4855.85423816326,4739.26722755102,4928.12806316326,5002.75461326531,4944.54890918367,4870.07788265306,4765.9689,4788.72934959184,4935.32193428571,4844.92559755102,4878.79449081633,4901.50405765306,4958.45400265306,4938.13120265306,4894.66921836735,4945.83744704082,4862.61797765306,4966.5303227551,4853.86497795918,4821.67498367347,4975.42498489796,5026.16421836735,4906.54028061224,4983.14633795918,4869.24664755102,4850.59898153061,4717.09021591837,4779.69778,4787.24823530612,4795.13911387755,4603.63614571429,4666.14799979592,4629.30859183674,4665.6929477551,4681.33218163265,4739.24332551021,4771.48562489796,4663.93169744898,4815.04683877551,4837.42443693878,4848.38067785714,5026.6256,4874.28538877551,4601.32447357143,4866.22483377551,4691.82738806123,5018.8750832653,5011.44478663265,4757.12697867347,5103.69583877551,5103.15843346939,5115.69277846939,5040.15744836735,4992.79007989796,4798.61601132653,4751.26438204082,4786.43369673469,4564.97694,4711.322705,4740.27624081633,4594.87359081633,4646.25859081633,4807.12993979592,4703.2657594898,4658.82460948979,4603.5509622449,4588.21591122449,4751.1875377551,4746.25163408163,4741.31430408163,4775.22591112245,4813.93370408163,4709.78130908163,4625.67665408163,4675.60990408163,4805.50655408163,4727.93738214286,4579.96856153061,4629.40857653061,4695.93851285714,4835.22733979592,4768.40782979592,4708.46523479592,4827.49453979592,4852.56133979592,4816.24461479592,5081.67805326531,5080.24525734694,5107.55613061224,5129.13848265306,5130.94463469388,4996.35156969388,5048.82818469388,5153.13804663265,4980.88942908163,4891.39400408163,4963.67656428571,4920.47681428571,4896.39520918367,4996.87816418367,4821.78119612245,4807.25961326531,4842.57423367347,4953.01677836735,5030.71681428571,4921.80253877551,4991.1965877551,4871.24257142857,5058.26627142857,5077.03018920408,5125.52914020408,4987.43207244898,4924.51378061224,4993.74155510204,5005.92341326531,4926.59226734694,4806.33392714286,4849.20062714286,4943.44919714286,4893.96580612245,5078.88311612245,5036.06134397959,4993.75695816327,5043.20485918367,5096.4307394898,4790.92115357143,4908.02987908163,4789.39948346939,5003.03728877551,4908.36420112245,4943.36611887755,4909.92553387755,5020.50231938776,4876.02046408163,4841.62555989796,4931.9035527551,4828.93160204082,4941.43113061225,4883.7223855102,4859.98083551021,4807.09833853061,4672.09764353061,4707.05943346939,4691.20923142857,4635.71983142857,4738.07911040816,4698.10021040816,4713.88611040816,4613.31427581633,4808.0769477551,4943.00708061224,5070.39595755102,4998.64782591837,4821.89908693877,4974.47059734694,4858.92389163265,4756.33784071429,4738.05507673469,4912.68874990816,4804.65180285714,4722.43950132653,4957.3427694898,4971.86171163265,5008.76711163265,5002.33820714286,5182.16656143877,4979.50988897959,5063.72466040816,5078.61776040816,5074.56824591837,5172.52203142857,5155.00825306122,4937.01731959184,4948.69973469388,5126.52246020408,4964.7696522449,5000.20029897959,5033.67115816327,4883.35182959184,4823.22912959184,4890.00877928571,5008.10962714286,4913.66303173469,4984.33028163265,4999.21468163265,5051.80118663265,4936.36831463265,4891.37749387755,4829.13529387755,4726.25180887755,4969.49666387755,5020.90461387755,4999.44458265306,4835.78500551021,4983.55573704082,4847.74425561224,4911.44581836735,4810.49754479592,4875.41413979592,4818.86864489796,4724.0995755102,4832.39166571429,4768.83848408163,4843.78786081633,4840.72574091837,4844.19280214286,4676.7810672449,4975.94425061225,4896.79060071429,4780.55029081633,4811.34182979592,4804.84626918367,4592.42037663265,4660.70760428571,4801.90337428571,4895.62391673469,4819.68675081633,5062.73911908163,4916.64603061225,4968.55794581633,4937.51439081633,4928.49321020408,4736.19939216326,4720.69362367347,4737.51951826531,4808.11447714286,4854.43857387755,4603.20743622449,4809.69951397959,4831.69791897959,4927.77624061224,4927.86052112245,4892.84436755102,4970.06318781633,4822.88312183673,4970.19008367347,5010.48077510204,5003.75609,5137.53032122449,5105.02631734694,5057.22006214286,4762.35827397959,4916.0142894898,4825.30554744898,4837.75893897959,4934.51671271429,4942.54838134694,4768.25427634694,4683.89135,4816.72303326531,4822.08229357143,4698.91549357143,4707.83121316326,4783.79346938776,4845.89605408163,4704.87693489796,4766.93328938776,4889.7707744898,4827.32541632653,4878.793195,4908.06455826531,4615.63187755102,4723.5228694898,4841.52086693877,4778.75445653061,4841.03202306123,4760.66829857143,4693.21159857143,4615.94044938775,4553.70074938775,4752.62949183673,4763.36339183673,4707.68616836735,4828.52966938775,4925.30374938775,4674.30914367347,4754.79863367347,4794.49351785714,4752.13402571429,4636.21557693878,4753.31015918367,4820.73445244898,4598.87821244898,4717.29789244898,4578.76233255102,4683.67402182653,4846.73939019388,4782.30336121428,4774.78885796939,4738.55164419388,4787.04637980612,4926.95742031632,4789.64485388776,4712.02461938776,4830.26325479592,4807.65571581633,4990.39157959184,4953.6380877551,4900.56241836735,5089.25228673469,5085.13132755102,5046.94293367347,4975.8702622449,4950.64934693878,4862.06052244898,4984.66900102041,4921.44525102041,4954.43320102041,4883.38573673469,4919.56575673469,4844.90337163265,4989.54890163265,5098.14605163265,4984.10909255102,4635.82682653061,4627.19092653061,4845.08395040816,4864.83532897959,4826.3830894898,4856.68895173469,4592.50413469388,4707.38753173469,4842.52257142857,4879.30079897959,4864.84484897959,4849.86953521428,4725.61368429592,4668.33125979592,4831.13040102041,4727.2606455102,4613.05432020408,4761.45732030612,4679.34903571429,4683.15748571429,4731.70873571429,4567.49343061224,4531.27552061224,4592.74541561224,4539.56771112245,4753.36567734694,4724.89586836735,4747.88986857143,4644.42023959184,4828.28922928572,4748.66564214286,4778.94966307143,4807.13920969388,4663.46478255102,4735.92571163265,4802.08313387755,4760.69568469388,4847.55598265306,4750.9129344898,4573.32521428571,4716.08918693878,4722.94191183673,4859.83108785714,4664.05184683673,4712.48199387755,4804.86578867347,4772.62128112245,4696.50702908163,4807.87977346939,4697.01888653061,4598.88598877551,4441.75211183673,4614.17890445918,4729.7185,4549.35297846939,4515.70721469388,4715.74464408163,4924.85143510204,4895.58230612245,4844.90964265306,4902.89998765306,4916.18326367347,4868.49645367347,4914.58182367347,5007.14550367347,4842.12438367347,4948.99215367347,5001.52620367347,5018.85555367347,4861.90629306122,4877.70222489796,4898.03904673469,4722.46884857143,4514.08886122449,4693.59421387755,4511.89996234694,4544.96662540816,4674.99403488775,4511.97757813265,4444.24897813265,4680.22461313265,4710.72179192857,4659.18063744898,4613.90551173469,4574.11534173469,4658.49910112245,4450.66710683674,4494.26691193878,4611.44816979592,4670.72130714286,4773.92748806122,4769.08604397959,4809.92421785714,4837.33344204082,4822.40363561224,4728.55369489796,4736.37220091837,4720.91232122449,4761.02609969388,4726.99065540816,4710.97042244898,4743.91156489796,4664.95098489796,4619.53745112245,4569.690225,4751.72601428571,4692.99665816327,4788.60031255102,4930.52508459184,5023.12118785714,4940.86494244898,4920.81352714286,4971.71025867347,4750.94160285714,4647.66077857143,4712.60521020408,4758.47562653061,4873.90805,4937.83640826531,4893.29237755102,5011.41771326531,5004.83413673469,5006.0999894898,5027.11882755102,5146.97932826531,5021.27307954082,5066.59668571429,5036.32256591837,4924.48049469388,4867.3972,4955.87604795918,4780.79005285714,4976.53547448979,4768.38059908163,4645.14901530612,4551.58954193877,4666.25705693878,4901.38025693878,4778.01220102041,4735.74700102041,4704.46676602041,4942.0026027551,4690.76131326531,4778.12510336735,4732.56663163265,4600.46449795918,4782.51272653061,4800.29997653061,4825.289135,4810.6819122449,4960.0335044898,4721.27211714286,4823.36323846939,4895.89052346939,4716.95521410204,5022.50287410204,4917.89999910204,4909.14882663265,4966.85292663265,5085.51254163265,4924.17831163265,4862.86090816326,4803.74895816326,4874.42895816326,4885.34101316326,4984.83735765306,5177.34542765306,4930.22130336735,4949.42762591837,5004.58314591837,5155.68984591837,5169.67330091837,5119.33714591837,5113.71026591837,4891.23128591837,5000.38735091837,4848.30230591837,5062.35762391837,5103.16973938775,5019.73121438776,4974.43938367347,4965.76237540816,4716.45485673469,4856.63582173469,4966.13289846939,4922.08025173469,4861.67009081633,4852.50057142857,4978.88275102041,4798.46776030612,5079.02814846939,5004.46450346939,4787.58125540816,4674.50259969388,5003.08098897959,4730.29735897959,4780.42865665306,4882.61558165306,4921.55404265306,4685.72419928572,5146.1198244898,5133.21556020408,4884.51704234694,4855.97570734694,4720.02501734694,4765.92385357143,4804.50107795918,4599.53510112245,4602.80635244898,4722.66226826531,4604.93808326531,4605.11301826531,4612.42970387755,4653.65354755102,4567.59839755102,4716.78680020408,4718.61909520408,4624.95664316326,4526.36384316327,4594.83699316327,4688.93628234694,4608.85408734694,4756.04768020408,4755.15728020408,4673.84568020408,4671.08568020408,4633.35210020408,4704.63578020408,4809.61559020408,4724.30018020408,4421.82881020408,4520.86704795918,4702.33071408163,4741.70690408163,4813.04231408163,4843.45514469388,4956.48973618367,4931.91293618367,4951.93972438775,4993.14333765306,5044.66522836735,5181.72425234694,4990.12176632653,4976.74111836735,5130.6430832653,5100.9514877551,5029.31105122449,5202.72056469388,5022.22466734694,4977.76637183673,5055.35474489796,5112.45015816327,5118.9800244898,5165.72703979592,5226.54561357143,5090.67228540816,4880.18276857143,5108.68439897959,4995.3810577551,5035.05475816327,4944.48626030612,4954.74665030612,4997.31015030612,5017.30375530612,5042.04400357143,5027.25723438776,5042.201555,4907.03151673469,4928.81299673469,4726.21498867347,4880.86595142857,4813.66378367347,4757.84113367347,4779.73971632653,4739.99766632653,4669.16863693878,4607.23258543878,4524.00868441837,4542.8147877551,4612.14468806122,4579.33489479592,4638.91221102041,4749.17699602041,4652.52036367347,4722.17760489796,4979.50660489796,4990.26667469388,4848.84455969388,4873.06753469388,4711.39191122449,4799.84789387755,4725.42763846939,4823.97906938775,4800.13767755102,4875.75538693878,4912.17991632653,5002.97184183673,4923.08467469388,5218.39095244898,5034.35663938776,5035.26038867347,5154.20837785714,5271.01479183673,5263.30815,5057.70728265306,5021.30522142857,5008.22676632653,5116.14153071428,5063.25281091837,4996.4372,4993.77725030612,5039.61014489796,5060.45577357143,4834.86173989796,4861.65981540816,4732.64809367347,4750.24645673469,4782.86724673469,4686.25570102041,4807.20161102041,4717.75031132653,4743.48531295918,4996.3971644898,4812.59094958163,4721.1184282551,4899.05907142857,4877.38985612245,4816.27999489796,4817.29482816327,4557.8644505102,4816.44978591837,4654.92083183673,4776.91880357143,4692.00446765306,4630.58621397959,4667.40744785714,4685.32190102041,4572.35217602041,4592.72291836735,4674.65623887755,4535.25258142857,4749.86586663265,4755.13086663265,4762.71487563265,4726.94061122449,4550.15665102041,4514.76855040816,4673.4804244898,4554.82529387755,4567.65533632653,4619.7247105102,4630.4383255102,4823.73723551021,4694.21755571429,4686.97131397959,4557.30952897959,4781.84211397959,4846.79004397959,4761.59326653061,4711.47299938775,4829.588705,4728.3974,4741.14095408163,4899.11756591837,4876.37605408163,4874.10190408163,4943.01850408163,4848.54628408163,4706.79505561225,4817.98000561224,4792.80478193878,4855.56478193878,4790.85364193877,4938.86909693878,4781.07529591837,4727.66433673469,4821.64973469388,4536.98367142857,4764.78833642857,4896.69413673469,4887.35573673469,4736.86544183674,5081.99766938776,4827.93718489796,4892.52999693878,4937.89580102041,4875.9202344898,4882.6194744898,4926.9231244898,5002.78336836735,4829.86666836735,4743.83075408163,4647.44895204082,4704.03746918367,4703.59478061224,4627.63465204082,4750.59047887755,4682.04492581633,4842.12972581633,5078.83842887755,5015.10610744898,4878.70737581633,4828.111365,4955.445435,4881.77143153061,4677.75883765306,4735.15463020408,4745.66650714286,4747.01724979592,4589.93381734694,4648.31399193878,4827.94077153061,4875.44232826531,4777.21844285714,4653.66084081633,4620.47199591837,4653.41866142857,4810.66069346939,4879.53326602041,4873.94458438776,5024.79493132653,5053.94181428571,4937.19903061225,4765.4700355102,4981.92573734694,4953.16762193878,4985.9135127551,4935.17630908163,4927.61801428571,4933.26474469388,4904.88880969388,5027.95125469388,4970.339585,4821.24466816327,4943.07016653061,4713.93160591837,4917.89407346939,5018.51859897959,4851.82083367347,4822.99518367347,5020.63820816326,4982.21945408163,5109.34100408163,4925.40276020408,4941.52958520408,4764.15069020408,4719.77825020408,4714.69071734694,4867.33257897959,4694.62794897959,4728.95234397959,4620.64718704081,4687.39263704082,4687.80108704082,4574.92852204082,4615.21341153061,4611.70097081633,4718.49199285714,4818.24377387755,4921.63789285714,4824.75319285714,4884.51731428571,4810.22809081633,4545.69454081633,4407.40303367347,4447.53088918367,4648.33675306122,4661.26659183673,4685.8663177551,4606.74705408163,4674.21328010204,4667.15864510204,4841.3697355102,4770.2582044898,4837.4783964898,4882.1047864898,4715.09972914286,4715.47961714286,4849.6977222449,4925.45291520408,4819.76367,4715.80209,4758.62172,4903.81823,5037.53337316326,5117.44490816327,4982.88213959184,4932.77388959184,4963.29912561225,4813.72781561224,4903.59366020408,4607.47626561224,4707.40365226531,4581.36498244898,4804.86463214286,4621.44873846939,4784.8093205102,4718.29195795918,4833.13898469388,4723.00772255102,4913.80823428571,4633.44679908163,4780.91971438775,4730.42696897959,4750.13684489796,4734.03198989796,4751.40602448469,4899.00382204082,4935.29558163265,4894.0537252449,5008.91943163265,4860.15693897959,4999.45803928571,4990.03441734694,4908.46111734694,4805.75101734694,4875.62179306122,5001.24082244898,4985.37093755102,4770.19417795918,4820.64976306122,4722.97204061224,4989.54925734694,4887.86570285714,4941.6319,5092.32134755102,5019.67153163265,4963.76924969388,5132.33914285714,4831.34057755102,4876.17007653061,4984.1102744898,5118.1741244898,4863.83456448979,5008.08558489796,5070.78119836735,4965.73838714286,4974.06467857143,4884.62284857143,4914.80466836735,5055.74391020408,4992.9696877551,4869.79856030612,5097.58937857143,5095.81978469388,4798.96421734694,4720.74921836735,4678.22177857143,4842.76491520408
497.959183673469,4961.80012346939,4926.50919081633,4843.01628163265,4923.01638979592,5061.29965,5001.30549989796,5043.23740193878,5009.55860193878,4962.267105,5040.49127030612,5145.17351397959,5082.52833908163,5148.80334969388,5116.41172214286,5117.3983877551,5117.46637918367,5115.4570632653,5157.0875622449,5172.0677772449,5016.07424780612,5217.19092826531,5075.05120367347,4980.48854183673,4974.08710959184,5047.55942959184,5076.22401959184,5095.11937959184,5099.77161122449,5027.73518028572,4977.06857928571,4970.76264897959,4970.60752377551,4901.54746163265,4849.80356622449,5031.75043142857,5184.77976112245,5199.92037642857,5183.24191428571,5200.52882346939,5224.78711734694,5152.66218510204,5057.24143816327,5214.45253714286,4959.51425306123,5077.96955397959,5251.11228408163,5036.56774897959,5161.62021336735,5137.97281428572,5182.9916105102,5111.15361581633,5048.54639846939,4947.83394591837,5002.19120591837,5087.57423265306,5181.54872244898,5210.47231530612,5251.60156326531,5220.19504897959,5138.64576326531,5396.98422244898,5092.20874040816,5190.11911530612,5187.88238693878,5226.30749163265,5208.26808734694,5256.29397,5345.81447755102,5029.76182979592,5261.40465326531,5075.26940204082,4995.9531670102,5017.62954785714,5113.91001928571,4951.33915204082,5181.35871061225,5121.56569489796,5121.38626836735,4983.24798602041,5251.81615244898,5263.47469,5080.57440387755,5013.01144061225,5162.16410316327,5054.82986316327,5031.47690204082,5143.02021326531,4956.8681132653,4870.6549877551,4984.11796938776,4954.59670204082,5052.70912204082,4946.39412663265,5034.55598089796,4982.49973489796,4937.26045102041,5018.34115102041,5216.79186836735,5146.88019989796,5081.40243673469,5050.3045627551,4934.1927322449,4778.71769591837,4900.5602377551,4961.06170204082,4878.84531755102,4981.73438061224,5053.84772244898,5022.62216244898,5101.00442142857,5340.02698061225,4992.54556326531,4841.16694326531,5103.51911734694,4990.71577857143,5080.72030428571,5017.50090204082,5005.21725571429,5131.36552132653,5180.72022540816,5028.97917142857,4971.49637142857,5161.70134591837,5185.48525469388,5134.34233673469,5100.38041489796,5052.6823455102,5110.40848326531,5039.03228020408,5078.39993979592,5013.04504163265,5027.12087510204,4842.00766428571,5157.27650673469,4963.77465612245,5135.40422612245,5052.25008199592,5100.26494242857,5014.55240857143,5121.3048244898,5232.01278061224,5152.14317857143,5023.18531428571,4856.76569081633,4836.93848061225,4837.42176836735,5121.29855714286,4984.39871428571,4980.02700714286,5183.99118428571,5083.78271244898,5266.84706602041,5139.85389693877,5240.90912551021,5209.49276928572,5172.05718959184,5198.36266734694,5233.97558571429,5108.13559214286,5028.47374673469,5124.5961467347,5252.19195663265,5126.01241785714,5226.84040561224,5093.78241561225,5111.88480204082,5076.1353122449,5111.5513622449,5052.75028938776,5012.41928971429,5133.98200173469,5217.94654387755,5217.89050887755,5160.17740408163,5260.2729905102,5052.30755846939,5153.26057755102,5196.76940285714,4944.61746887755,5085.49289795918,5141.46793132653,4958.96778877551,5174.25698908163,5125.39944540816,5299.51777795918,5232.55108132653,5227.61400336735,5393.14006744898,5234.13799938776,5278.53192653061,5209.64712908163,5171.07262357143,5275.40868857143,5130.30976326531,5028.78328969388,5148.38650969388,5261.04328387755,5009.76051,5175.59976836735,5080.23515265306,5260.52865326531,5182.16014173469,5045.57949183673,5076.4446722449,5150.51372806123,4996.30184010204,5159.76297346939,5214.47152653061,5207.6152244898,5259.83462959184,5210.31742040816,5204.69725102041,5011.46050102041,5072.08824785714,5139.58204336735,5157.41229591837,4927.09409489796,4741.72535295918,4788.56794479592,5001.10050602041,4952.30702755102,4913.37343602041,5107.49736632653,5022.27434367347,5108.98158867347,5023.88522792857,4882.19009017347,5124.8276065,4961.6495255102,5259.08364285714,4986.65349693878,4891.06929693878,4938.02937193878,5033.75383561224,4916.65080510204,5032.6323622449,5048.17618163265,5060.20920346939,5095.18574938776,5219.76236632653,5246.22275959184,5030.56082959184,5225.60945,5136.36363673469,5109.73057755102,5094.37830673469,5177.27143530612,5138.54513510204,4988.88727418367,5076.31578846939,4944.72083571429,5179.73859183674,4905.85790204082,4820.3122244898,5029.26729591837,4962.4697,5115.55132244898,5056.25884367347,5027.61556122449,5047.50768683674,5010.8915705102,5138.78696438776,5031.21736438776,5131.14982168367,4965.68486938776,5113.64091938776,5053.28043357143,5019.92890510204,5022.77863367347,4972.85504704082,4967.77201040816,5076.1791835,5180.89723387755,5059.08852387755,4852.00267642857,4899.93012642857,4928.67537142857,5004.74062142857,4900.06403265306,5003.74912622449,4929.65186704082,5117.1919922449,5067.17257142857,5067.84235816327,5257.97014693878,5247.07131887755,5206.77785081633,5152.13818081633,4963.229,4927.91253877551,5000.24493877551,5026.39852663265,4890.04560142857,5150.74165510204,5006.94194255102,5048.56092602041,5198.6061687449,5087.97987020408,5264.93352040816,5139.35010642857,5080.68483704082,5175.52720918367,5409.12034918367,5192.56920285714,5193.9568205102,5028.21875285714,5077.35972234694,5154.58208428571,5137.55128265306,5080.67334265306,5080.68573469388,5026.70186469388,5234.52251469388,5178.08941469388,5222.8311777551,5053.1341527551,5182.6852777551,5199.72148897959,5265.99387173469,5070.54338979592,5027.86474285714,5035.64284285714,5058.46567704082,5045.05413877551,5052.05881530612,5147.09331530612,4916.34309663265,5077.83557163265,5014.45968214286,5098.83380510204,4918.1222640102,4917.38301653061,4995.80253816327,4907.90605091837,4850.94494591837,4912.13406091837,4875.14926683674,4748.49370540816,4901.05238489796,5047.86039071429,5035.81166530612,5048.76753489796,4921.75002989796,5099.82646989796,5109.26143469388,5100.73863469388,5149.40699969388,5191.05825469388,5038.61092510204,4844.90379377551,5021.34951836735,5017.33169632653,5067.38630102041,4984.09651938776,4989.57173336735,5014.71878346939,5099.01072510204,5052.82974040817,5108.98544591837,5171.81569183673,5168.28473183673,5129.15302346939,5191.1582172449,4987.36484061225,4950.50117102041,5015.84940306122,5017.46569806122,4921.86015816327,5039.49413010204,4932.24391673469,4920.29143081633,4934.13787959184,5031.55594959184,5013.06229459184,4922.93773459184,5091.39132959184,5094.13753285714,5045.05753285714,5249.10764673469,5212.52373673469,5217.08928673469,5207.45973673469,5134.56958163265,5172.05157091837,5176.58691091837,5063.1015972449,5096.0835972449,5158.75216255102,5074.84631959184,5188.62914387755,5112.5703755102,5181.82816428571,5065.5506755102,5129.25790530612,5204.10784530612,5009.3452555102,5079.29138061225,5028.04269387755,5026.60095346939,5108.97671918367,5174.04932040816,5117.88944285714,4987.25709795918,4929.67297306122,4933.67305612245,4999.72573612245,4955.79283520408,5005.51557959184,5045.32606030612,5045.28302040816,4981.78898040816,4996.75068122449,4995.48339387755,4961.54617857143,4974.01897857143,5062.52950479592,5063.92703969388,5148.8580272449,5088.64403002041,4951.04715704082,5003.98106061224,5203.30880704082,5173.89429183673,5106.46113571429,4898.74640102041,5107.96620204082,4989.78096326531,5075.49586020408,5185.05506632653,5025.1396405102,4965.01297687755,4831.96941867347,4994.94620408163,5111.22533163265,5123.97854428571,5021.21045,4915.96236326531,4972.80640714286,5060.13408469388,5139.96132653061,5132.14801020408,5016.6220744898,4935.68231326531,5001.43061326531,5099.44415204082,5066.94310510204,5420.06165656122,5231.1270877551,5109.7609377551,5032.97119285714,5095.35728428572,5182.9315622449,5202.13664285714,5200.2995744898,5242.9346877551,5216.28890510204,5007.98892653061,5223.99522040816,5251.81718795918,5080.37249795918,4875.32824489796,4975.12175142857,4933.87078535816,5242.94750765306,5037.9971155102,5172.79851979592,5168.20811765306,5071.1939605102,5119.84628642857,5182.07070612245,5195.17802122449,5026.39616622449,5092.53614244898,4794.33176112245,4983.17904285714,4971.05624489796,5058.73966020408,4953.95099520408,5071.15975132653,4945.35294387755,5066.70959081633,4770.53510836735,5006.51672244898,5063.92405581633,5084.12776979592,5106.04117979592,5088.07466244898,5035.37071653061,5212.41449102041,5091.37843428571,5132.31804887755,5003.13792887755,5025.56692653061,5190.65426938776,5269.38484591837,5003.77741632653,5040.21244653061,5087.12344316326,5036.14904816326,5245.07024346939,5180.50077306122,5207.62854387755,5039.23023887755,5138.24569530612,5065.70741673469,5094.95490255102,5182.1898355102,5092.82547346939,4957.70799285714,4998.48033387755,5001.07862989796,5012.96836537755,4861.95884714286,5014.5939132653,4928.37996326531,5124.82662928572,5153.01999928572,5114.16468663265,4891.19147163265,4890.83542112245,5024.63868173469,5002.69466234694,5042.92687591837,5155.26758306123,5127.56439081633,5113.0926194898,5055.64163816327,5049.72182397959,5053.85096683674,5262.65229336735,5094.82483051021,5108.12354030612,4859.95587081633,5180.42559183674,5153.71393683673,5163.9197255102,5084.06816938776,5105.73148765306,4976.08867142857,4952.86293673469,5003.93164489796,4902.34828897959,4912.8898877551,5019.49999795918,5043.79747346939,5080.52851122449,4987.23931326531,4906.05420612245,4748.41863561225,4860.11186020408,4911.97946102041,4980.19626102041,5133.75952959184,4992.03601857143,4948.26109183673,4910.63362244898,5078.85949226531,5174.26904387755,5146.86052846939,5026.26027734694,5109.03424795918,5220.67169489796,5137.67890816327,5047.82571255102,5122.8564744898,5203.07080918367,5137.21860918367,5056.11726918367,5211.60185836735,5057.84831704082,5101.97576295918,4996.94741020408,5112.50235520408,4946.01627673469,4911.3759355102,5144.7409755102,4961.93396622449,5097.61913561224,4834.24083969388,4878.59909877551,4843.81267463571,4987.04313912245,4913.30272142857,4996.06479285714,5019.83797653061,5022.99625918367,4877.44540510204,5212.6855122449,5051.54730683673,5045.7267744898,5083.49044387755,5037.53754387755,4981.83655387755,5173.3392622449,5265.0158222449,5293.7650622449,5018.24491581633,5189.10739081633,5154.55645612245,5087.93331112245,5217.20238581633,5204.56512755102,5217.77555489796,4991.26499897959,5084.19384295918,4991.54583377551,4996.83009387755,4909.84279387755,4889.16199530612,4980.79454537755,5109.93326428571,5235.5491377551,5193.02156836735,5235.57605336735,5275.57901928572,5213.10460928571,4968.65770928571,4907.35142112245,5145.59686112245,5207.00152795918,5048.01688061225,5253.6412905102,5216.13666836735,4899.41265,4977.21094285714,4997.74775735714,5027.44574285714,5018.66757336735,5007.91421836735,5048.11623979592,5094.87877653061,4921.99811489796,5265.2175222449,5175.87736122449,5264.70046622449,5202.66456122449,5235.90616122449,5284.76516122449,5091.65563785714,5144.75385,5016.3322744898,5057.73267755102,5052.62128469388,4937.87721836735,5046.06541785714,4935.04619285714,5190.46412520408,5139.22961316327,5133.37971836735,5220.22166836735,5005.4909122449,5014.63039234694,5040.07043234694,5193.70892602041,5029.28181295918,5112.1925255102,5184.05240816326,5075.67654316326,5014.09466326531,5126.97896326531,5026.65351632653,5083.89988061224,4997.52310489796,5109.95822989796,5249.09280836735,5096.62563418367,5008.28896581633,5026.19082128572,4780.40861006123,4997.51062244898,5041.79486020408,5094.92053061224,4989.05812183674,4959.16615969388,4990.02382295919,4955.15866785714,5019.32653734694,5021.45963734694,5182.72278734694,5120.55073153061,5170.83251153061,5252.9556472449,5260.3032122449,4958.0151122449,4922.27977428571,5052.43300102041,5140.90470102041,5226.2685394898,4994.66696489796,5160.50268857143,5059.85169081633,5018.11133173469,5138.61558673469,5213.34032959184,5039.52152244898,5119.71653408163,5010.65513193877,4922.46228193878,5069.52857142857,5156.81390408163,4996.91584285714,4877.53376091837,5019.5625294898,4963.78234693878,4869.48916193878,5154.23419693878,5086.09568571429,5066.30102255102,4977.1414844898,4994.50824377551,4965.23929183674,5107.51801183673,5379.55024061225,5109.84343377551,5030.75053377551,5047.33831938776,5053.63172244898,5048.31274744898,5014.90595285715,5126.66880102041,4997.27538571429,4994.90960193877,4952.55470316327,5142.50704459184,5174.6749727551,5010.26493265306,5065.64664755102,5117.80169285714,5290.94059387755,5109.57308469388,5153.03073061225,5005.74743265306,5010.25895204082,4975.94827755102,5020.08639081633,5148.56886163265,5025.82177040816,5025.89652040816,4943.10124081633,4977.78966081633,5118.89835908163,5127.64181438776,5029.46219387755,4926.21025408163,5094.70358163265,4936.31067367347,5073.51531122449,5039.32080510204,5111.42270520408,5031.92746020408,5104.08446326531,5122.12765204082,4843.61653979592,5052.35574285714,5086.28427653061,5045.81775438776,5087.98190530612,5031.22298030612,5155.01626714286,5269.63559367347,5245.01024367347,5276.30716173469,5260.81438591837,5035.89026602041,4953.84370714286,5048.67239602041,5009.73887969388,5083.51618469388,5038.10245469388,4980.47505816327,4971.93939091837,4992.71108857143,4993.66053642857,5118.94272142857,5166.45821530612,5156.1053717551,5052.72567073469,5188.99434387755,5110.73813367347,5112.56870367347,5005.35560367347,5026.64439020408,4942.37428520408,5003.11337959184,4990.58441326531,5237.05126020408,5203.06041040816,5174.14008040816,5183.34367142857,5206.00195306123,5238.67295806122,5201.24639602041,5253.15775622449,5081.55972112245,5202.09698326531,5200.84970326531,5031.50578520408,4786.58749591837,5032.07000204082,5017.22552040816,4951.97078061225,4859.53887561225,4896.73689183673,4853.97247551021,4954.42140102041,4909.54804469388,4721.19864265306,4888.52514693878,4986.78355959184,4800.30133571429,4768.09715714286,5007.29752214286,4977.51961469388,5100.82907928572,5196.72438877551,5068.29052091837,4994.24241887755,5070.95665561224,4898.76561479592,5019.07759979592,4932.53659897959,5035.96567653061,4999.93297653061,5081.04828193877,4964.61147653061,4974.50661836735,5064.12513367347,4848.21480517347,5137.14117785714,5200.43022153061,5119.15194153061,4993.40948948979,4896.99086397959,4950.47539785714,5126.78233459184,5094.61752806122,5029.97380226531,5158.70866836735,5023.29701065306,5003.89203953061,4831.42477912245,4904.39732214286,5034.9773622449,4976.68414591837,5191.74981020408,5100.27047204082,5019.78715020408,5031.1076022449,5267.42429081633,5143.30416632653,5166.59686938776,5142.07198183673,5081.54273938776,5125.48582040816,4904.80285836735,4789.89086091837,5121.68260887755,5164.92367142857,5247.41689285714,5111.21286632653,5053.85100306123,5360.84535306123,5036.94420642857,5067.21186591837,5081.17266826531,5113.77468163265,5056.06156326531,5004.81014897959,5050.12897397959,5148.79898295918,5193.32807408163,5097.58682142857,4894.44973163265,4930.8627027551,5031.14040714286,5012.92445510204,5063.39424806122,5048.02938367347,5205.56142040816,5183.88120561225,5099.28786959184,5289.44166632653,5147.52674132653,5035.89201887755,5034.78573336735,5252.80171632653,5133.03167857143,5051.77915877551,5125.25272218367,4926.96975612245,5012.90739285714,5156.83616836735,5240.96632346939,5088.39947653061,5185.19972653061,5308.31577244898,5203.25367755102,5221.64163469388,5191.95996887755,5136.46593061225,5096.50377040816,4953.80145,5052.62523979592,5144.83652418367,5027.25919693877,5042.23333877551,5047.42937551021,5139.11607744898,5061.79452979592,5168.89918061224,5261.97218826531,5239.86558826531,5153.75873244898,5055.04626530612,4982.06675663265,4966.26718163265,4993.34855204082,4897.62900704082,4797.05350408163,4867.94707408163,4886.87375908163,5118.20636520408,5158.04860428571,5069.91670428572,5133.11338663265,5018.85320091837,5059.96779591837,5070.88880510204,4959.40394908163,4938.81571438776,4951.62842755102,5040.37360857143,5159.51940938776,5064.73752938776,5427.48598571429,5172.43069387755,5255.66715918367,5150.45433153061,5112.74168112245,5088.36738489796,5077.28129489796,5067.81810816327,4893.01114102041,5016.56768765306,5158.8051877551,5030.18602948979,4969.37088163265,4909.31150714286,4949.09426714286,5111.29157459184,5112.3201605102,5003.13155061224,4940.81918326531,5125.86753673469,5014.91072857143,5142.42382653061,5061.46373040816,5101.85457142857,5158.31922244898,5148.88629255102,5079.07451459184,4953.70990683674,4938.64269183673,5130.65053367347,4903.93513102041,4988.73845102041,4919.3013905102,4969.46759897959,5043.09797234694,5085.00306826531,5099.74808867347,4968.07809767347,5061.3933355102,5049.13989091837,5071.44483153061,5053.46435397959,5106.77573785714,5007.68639091837,4857.47473479592,4988.58798479592,5143.10669928571,5142.74809591837,5144.24261112245,5053.25965142857,5102.45703816326,5048.93358785714,4996.21038785714,4968.1427877551,4965.2220177551,5056.6121055102,5057.55012285714,5224.13046367347,5009.25001632653,5045.29126632653,5144.99880846939,5084.1821622449,5079.35275510204,5196.37255510204,5112.58233061224,4984.5069622449,4945.42859897959,5074.73079183674,5077.93119785714,4939.38676448979,4819.95157479592,4735.04887959184,4752.52289816327,4794.84060714286,4962.52795714286,4949.93115081633,4795.07512938776,4850.80916530612,5082.41426530612,4902.79698846939,5067.77725377551,4918.09123977551,5118.92594487755,5142.06020814286,5116.53380814286,5197.57652467347,5209.91000426531,5161.85352222449,5062.63828367347,5169.04994683674,5135.07610408163,5027.60708908163,5179.94336673469,5069.63247173469,5100.31525673469,5168.60266704082,5061.61960142857,5015.06621764286,5099.10293764286,5071.55148285714,4915.95674285714,5034.93181836735,4945.42510836735,4933.45650061224,4804.7861,4729.04679112245,4710.99571969388,4734.38347714286,4798.47831632653,4929.82572632653,4878.38611193877,4697.83535693878,4949.51057142857,4931.00177857143,4988.75586326531,5122.83524591837,5091.85641469388,5128.20659102041,5025.27695714286,5059.1818,4986.30952346939,5007.07700846939,5036.46395846939,5016.16767102041,4930.35540306122,4868.09284459184,5033.34284591837,4963.20719081633,5031.07373571429,5081.87701102041,5105.01520806122,5154.28688846939,5006.93141142857,5121.38529795919,5168.86752959184,5146.2294,5122.78358408163,5041.47267704082,5147.70907602041,4985.21842244898,5058.37228173469,5117.86033265306,5123.94343265306,5269.6119744898,5167.43536377551,5081.44471469388,5143.16172418367,5053.05781979592,5086.04481663265,4995.00009663265,4944.27533265306,5014.71366938775,5145.28056938776,5171.34918938776,5238.05276020408,5242.84417040816,5107.96015612245,5237.81684183673,5056.3465622449,5166.83047959184,4932.20828979592,5050.35527438776,5053.84890295918,5117.11845336735,5014.35812785714,5088.92935612245,4941.64303571429,4813.66091938776,5194.86356122449,5119.79309122449,5137.31142622449,5122.42609122449,5173.5286367347,5133.8144317347,5151.93793571429,5026.5357744898,5024.1501017551,5178.72639836735,5122.73684683674,5050.30504908163,5011.46586132653,5039.96526520408,5106.71409071428,5242.62025571429,5213.42780632653,5195.93776132653,5150.05794713265,5046.52792785714,5266.23452571429,5127.76657989796,5165.32292214286,5219.46237622449,5086.89764734694,4988.3116777551,4991.1467377551,5073.75415367347,5110.75970489796,5107.67443020408,5071.37772214286,5009.7550527551,5276.28093316327,5253.80180102041,5209.52932755102,5260.60462755102,5288.05332755102,5088.93408244898,4968.61284081633,5061.53236514286,4909.47216153061,5026.70815142857,4973.85650918367,4963.20928132653,4991.96654632653,5055.71153755102,4964.71207357143,4935.41445683674,4934.78184183673,5034.67389653061,5177.78340265306,5048.86249918368,5165.65131122449,5150.97862142857,4989.41362142857,4977.39942581633,4901.07589,4995.9625827551,5203.29776561225,5120.85304795918,5109.41194387755,5145.43427887755,5101.97269336735,5087.75071479592,5202.20347479592,5186.58857479592,5253.18030979592,5408.08746795918,5013.11384795918,5176.50661428571,5092.13321642857,5089.23292142857,4926.11917142857,5059.82538163265,5012.24238163265,5162.09673163265,4834.12202316327,4930.70159795918,5111.27369795918,5177.24528877551,5244.90315989796,5177.40533030612,5075.01885438776,5081.79219040816,5210.18342295918,5226.52477846939,4997.10682040816,5101.25659010204,4991.22434418367,4904.10106428571,4877.04552959184,4975.59565102041,5154.51032959184,5100.53644387755,4998.21411428571,5155.72382642857,5158.92490030612,5045.70435040816,5140.47174734694,5073.82907663265,4977.47993193877,5265.74019877551,5138.01196010204,5236.87257622449,5116.22100673469,5163.17007632653,5267.11914714286,4999.10087979592,4985.45675132653,5107.83050612245,4995.51844459184,5044.7962272449,5120.95218265306,5155.49736826531,5163.38449,5028.09293163265,5099.58308163265,5035.21568163265,5079.92159530612,5124.95577061224,5181.32163591837,4969.24793877551,4769.67196428572,5054.63513163265,5080.81260663265,5239.8349277551,4951.6450677551,4898.2585827551,4933.4009377551,4754.70149204082,5024.30300204082,5016.13345132653,4928.65826632653,4905.99679387755,4868.58383265306,4852.65953806123,4666.2996122449,4811.62197346939,4825.11646734694,4852.08301734694,4862.36555734694,4853.67091734694,4918.54079734694,4726.01591734694,4964.72599489796,4958.51724489796,4861.22609489796,4875.22406102041,4986.67989867347,4791.99547667347,4938.64537367347,4965.50105867347,4953.67793867347,4806.78895867347,4942.64627755102,4937.55879826531,5008.84005826531,4862.46563683673,4952.41688683673,4928.56365683674,5022.62809928572,5075.85402428571,5117.81611867347,5132.51401357143,5079.31800020408,5086.76531040816,5106.30947785714,5037.38819122449,5076.24139744898,5078.30487581633,4976.94477581633,5116.84006122449,5024.28098061225,5021.23224704082,4988.25644806122,4900.13024806123,5189.23106234694,5210.55457346939,5218.14606295918,5191.60211795918,5107.41275102041,5002.28557857143,5219.98068693878,5137.19038979592,5052.21432142857,4987.70820408163,5077.72686112245,5100.07966948979,4987.32599387755,4971.37703040816,4882.55000826531,4984.77897571428,5106.63860806122,5133.2399127551,5088.16595755102,5079.4221622449,5175.8863244898,5067.38501163265,5152.89729897959,4938.57250397959,5037.77058795918,5106.23955857143,5037.40349183673,5069.61189795918,5033.24907346939,5191.62311316327,5055.1515622449,5127.99000612245,5099.54861326531,5223.39103581633,5210.30901591837,5383.43474091837,5220.86591091837,5213.60515,5148.01004,5185.98825193878,5284.84659193878,5206.17210102041,5169.56562602041,5109.38585346939,5143.1521444898,5100.29369377551,5198.57246122449,5134.54406938776,5196.57131438776,5119.50299704082,4957.95225510204,5132.06400032653,5104.29926632653,4922.05039295918,4984.78687030612,4967.82551530612,4985.91817040816,4983.96120040816,5068.16185040816,5007.75438061225,5069.41422581633,5022.11254081633,5035.38144387755,5062.68393061225,5005.07523061225,5079.11326122449,5140.88080102041,5084.82701928571,4909.75021632653,5107.23942653061,5030.95200040816,5066.73294836735,5135.00539428571,4946.36162591837,5065.20091153061,5150.73117765306,4974.63231265306,5210.04693683674,5076.9024905102,4983.85750418367,5060.90702846939,5029.5423427551,5020.86620204082,4909.25847142857,4903.47133061225,5195.19568020408,5134.27208020408,5089.17662612245,5024.04530408163,5024.95013367347,4990.5449255102,5096.08188163265,4789.00887040816,4768.04099897959,4895.62399183673,4964.88091561225,4754.39299693878,5072.65161122449,5179.62490816326,5075.14241173469,5133.51827346939,5269.08314530612,5041.77121030612,5235.6012677551,5175.73989836735,5042.42899581633,5243.39588581632,5055.80431081633,5131.57871571429,5078.08833806122,5098.93698591837,4981.32032959184,5052.54469622449,5142.22404081633,4997.66293428571,5072.89791897959,5141.17642244898,5165.22797795918,5026.89660816327,5075.60721091837,4893.21326326531,4989.75123571429,4985.56260102041,5078.00670102041,5013.53027693878,5114.21734591837,5225.46200591837,5164.26753244898,5010.62800918367,5171.95608336735,5196.81284612245,5161.38374693877,5187.30401020408,5053.20067755102,4900.23703755102,5134.25263755102,5029.22268061224,4907.98198367347,5058.77455510204,5144.18197326531,5126.81696326531,5212.75086734694,5257.86766622449,5174.85583622449,5050.79691122449,5032.84149122449,5034.24712244898,5035.28047112245,5037.55471530612,5018.91013571429,4926.69283163265,5013.63104387755,4885.38515857143,4762.66401479592,5027.27814081633,5067.69261530612,4925.02352765306,4941.63205612245,4983.70755785714,4956.6948005102,5086.93252959184,5116.46781387755,5189.54912428572,5176.20375285714,5111.81052244898,5212.12852193878,5073.12486836735,5085.05502806122,4966.73423602041,5107.87559602041,5084.92125561225,5019.27832561224,5018.89632653061,5109.72801938776,5070.14070816327,5228.4501877551,5103.60943714286,4960.73610612245,4854.84970765306,5004.37172265306,4952.28156836735,4979.28330836735,4920.57438520408,5052.62114020408,5032.34076061224,5055.62088061225,5160.40405102041,5239.59227693878,5125.19180020408,5085.6114,5176.756,5147.09484153061,5122.46203591837,4933.07499591837,4930.16364061225,5034.96602816327,5082.20671122449,4988.11241428571,5055.7299994898,5177.08893826531,5105.86910408163,4960.68050816327,5024.58938255102,5101.81099977551,5015.56981561225,5157.36511734694,5218.99663571429,5212.39617653061,5211.60792755102,5005.62799285714,5115.34932571429,5057.04834857143,5010.42954714286,5087.98295918367,5114.77404795918,5102.28067653061,5112.89544693878,5207.01777040816,5215.64542346939,5187.52316489796,5225.50257714286,5177.16543,5373.52672632653,5283.11917755102,5225.86246020408,5258.49940670408,5245.3252644898,5287.94958061224,5151.22781153061,5170.69946867347,5061.04991867347,5125.43633367347,4987.23728367347,5122.94214867347,5059.0663027551,5008.85582714286,5054.51266214286,5026.56113459184,5065.19722244898,5076.66647959184,4948.66101826531,5116.51144663265,4978.03278163265,4897.56400806122,4979.16256306122,5134.15016591837,5105.13257091837,5043.42033418367,4935.52368918367,5062.59676242857,4938.82476693878,5053.2104444898,4931.01099959184,5040.51553306122,5032.85862010204,5081.69681091837,5113.00887183673,5196.01689183673,5069.54529489796,5175.24074897959,5152.59622959184,5236.97999806122,5241.88811632653,5087.02160336735,5094.80200734694,5162.80781255102,5116.43905,5145.73607959184,5241.53416428571,5208.29313163265,5044.34127346939,4995.30266316326,5034.57264795918,5114.51554285714,5078.67255285714,5019.45059285714,5056.01044795918,5175.92188265306,5284.40457265306,5242.84813265306,5191.96946765306,5177.60591459184,5245.45707959184,5194.89027653061,5024.80941653061,5134.39123163265,5075.66621530612,5086.23061530612,5101.3829755102,4965.22452765306,4921.32649979592,5047.01558979592,5001.18643571429,5072.2279227551,4906.96276846939,4912.35634989796,5183.05710087755,5077.0227,5174.32650040816,5170.30764785714,5054.03680357143,4942.96464836735,5044.64143755102,4993.59493897959,5005.11284387755,4924.11551714286,4815.22008346939,4869.40751,4876.75521714286,4949.09179489796,4928.72780408163,4993.03196908163,4902.60127285714,4821.14797827551,4913.87584836735,5151.84908673469,5191.08983673469,5263.48431265306,5172.14502142857,4904.73704061225,5118.39810122449,5134.4745877551,4909.42297857143,4991.82567010204,5099.44895581633,5164.36972030612,5170.16274377551,5171.6845122449,5208.53643061225,5361.95539387755,5104.90479285714,5214.29989816327,5207.19665734694,5080.31177456122,5186.59521976531,5003.68201027551,5199.60472354082,4976.07479088775,4945.58111336735,4907.65463489796,4981.35224397959,5142.80038653061,5129.21137734694,5076.2194255102,5459.54413612245,5250.75721908163,5020.97181122449,4909.09458061224,5153.42590653061,5243.57713061225,5245.72239591837,5107.69446938776,5126.94121183673,5065.04684020408,4950.80569326531,4932.27271459184,5207.16173622449,5134.05872602041,5027.11363163265,5212.38261836735,5180.59776683674,4998.02556530612,5020.08425510204,5115.72216091837,5000.03558030612,5082.98399663265,5137.12429346939,5290.8499555102,5174.5788394898,5228.90474948979,5232.38805377551,5068.04791938776,5161.31366632653,5232.88320102041,5237.87155102041,5181.00918163265,4885.88849795919,5060.26558306123,5088.49059989796,4940.46775510204,4952.26342040816,4959.20712591837,5046.8452432653,5202.38576326531,4957.76355826531,5051.61942826531,4956.80396326531,4997.24820826531,4981.95865826531,5022.80951887755,5054.04713887755,4983.65046438776,4974.92266938776,4952.01430806123,4923.4838244898,4945.1424622449,5015.7205444898,4895.0605122449,4773.10224285714,4870.84926765306,4923.35378265306,5239.39732142857,5089.33719642857,4811.0207377551,4937.67578112245,4999.95816326531,5054.34198877551,5084.56635204082,5024.43694438776,5009.8059,4970.98566989796,4916.92328622449,4973.77727857143,4896.09722857143,4895.66268469388,4989.34949469388,5072.44949795918,5119.91429489796,5192.86726734694,5072.79207132653,5021.23754693878,4961.59004693878,4990.66448163265,4994.89600714286,5171.01151663265,5162.83071765306,5197.44113806122,5015.97599693878,5066.60730020408,5076.10411959184,5131.31953806122,5061.49380744898,5142.72832295918,4980.96294040816,5162.48893265306,5048.56491234694,5035.00998408163,5212.09810489796,5132.73255408163,5226.57219183674,5121.70913163265,5095.33801112245,5034.66465202041,4979.36241336735,5087.53517551021,5069.38287071429,5061.58646122449,5167.04045102041,5126.09725714286,5195.49244081633,5158.53750612245,5124.02775612245,4922.01692204082,5190.04918469388,5174.05769183673,5197.30889183673,5156.20553704082,5109.98156704082,5273.08627204081,5253.19178622449,5126.84828622449,5397.54295122449,5106.72850510204,5249.6533622449,5137.30347653061,5127.8050444898,5170.7067019898,4882.45715591837,4940.35863816326,5094.27230857143,5013.73079877551,4981.2123122449,5052.74630591837,5202.81517755102,5207.10167826531,5222.53565714286,5255.15522857143,5083.61274081633,5126.21238979592,4996.48346836735,5030.29018989796,4908.6341744898,5050.67042653061,5056.91540979592,4964.04060571429,5011.22414795918,5216.12667755102,4924.60427255102,4796.66509979592,4990.30400397959,4997.13356397959,4987.38747377551,5214.70785197959,5019.51372938776,4971.27911438776,5080.05122571429,4930.24891459184,4972.63017071429,4994.13203461224,5116.16961989796,5050.69923336735,5001.63875612245,5004.67272571429,5146.23942367347,4990.42653591837,5143.33132244898,5052.44289704082,5152.69236020408,5095.71052040816,5207.72077857143,5116.12313469388,5019.9947577551,5207.38552102041,5152.97628061224,5135.2942,5357.18932,5204.01622448979,5044.07435714286,5238.3277744898,5107.10037102041,4888.99209979592,4872.85915704082,4957.22691989796,4889.71430969388,5035.02438469388,5191.23727470408,4999.12912244898,5152.27056020408,5162.98676122449,4955.14691122449,5086.17204622449,4979.54145744898,5052.61407142857,5090.88103642857,5185.17947142857,5148.39993469388,5154.90424693878,5101.46518469388,5179.97819897959,5160.91946897959,5111.08766897959,5122.79890897959,5139.45140897959,5171.75574102041,5135.73817530612,5030.75026530612,5291.4552,5342.21701204082,5169.07520591837,5098.23841336735,5105.47202918367,5098.6830394898,5190.74245142857,5132.06793632653,5109.55429795918,5169.00814795918,5231.00242346939,5073.4127205102,5128.79927561225,5065.66688918367,5158.86822183673,5094.25678683673,4997.40986683673,5049.46187653061,5016.82442030612,5023.27006112245,5025.512805,5123.66259989796,5112.56105204082,4997.76059469388,5049.9721127551,5162.72013983673,5223.75664408163,4951.15264826531,5020.73933704082,4996.70891795918,5072.53837908163,5150.19020918367,5136.72646428571,5169.67829795918,4985.62816897959,5182.91481122449,4942.53096734694,5171.12430163265,5142.63815408163,5158.02416438776,5060.53706785714,5067.73314183674,4922.61702244898,5106.97282122449,5103.55296969388,5026.11668571429,5111.76053571429,4980.88232306122,4950.06713255102,4957.01626428571,4932.7985867347,4995.97163020408,5056.50587020408,5079.89124253061,4943.60095489796,5032.4251722449,4911.24548857143,5012.42350979592,4843.55743979592,5130.2483755102,4994.13129285714,5035.23493836735,4940.49868836735,5088.27301795918,5238.19757071429,5189.13142632653,5134.58723673469,5044.06425234694,5149.95158469388,5095.41679826531,5187.39580918367,5244.88704989796,5032.13444806122,4978.2222172449,5198.21589693878,5039.38543693878,5127.72438071429,5059.15303571429,4936.58287,4944.98765,4867.57055,4988.49896438776,5123.28009693878,4999.74553061225,5092.67892561224,5003.18650884694,5061.871415,5114.84378571428,5165.41559795918,5166.08050918367,5051.59274153061,5161.81626377551,4937.29010918367,5110.05393418367,5144.75362673469,5133.36505612245,5039.58168846939,5164.67549387755,4920.7612455102,5107.46387755102,5173.86324693878,5254.97024693877,5061.76184693878,5104.97588163265,4988.36043877551,5153.77923030612,5101.4243755102,5186.04220530612,4982.42194510204,4956.96388714286,5026.47719887755,5056.40318520408,5029.48235846939,5073.3186177551,5160.77664265306,4954.42247959184,5043.10397959184,5050.61512244898,5024.78626428571,5034.46944571429,5180.67797244898,5230.79089540816,5112.54436377551,4949.84286530612,4946.13418163265,4957.49061683673,5036.09079581633,4998.97115381633,5134.77011081633,4931.10118326531,5064.23112816326,5174.22587428571,5062.11313591837,5082.88923571429,5258.72484693877,5213.99064693878,5263.58541244898,5095.89253295918,5257.60507581633,4937.54004316327,5096.84685336735,5038.56203091837,5171.75029010204,5157.56625683673,5034.58866826531,4988.33416938776,4961.65572653061,4956.13570612245,5022.18654387755,5112.45246653061,5002.92810673469,4948.23287908163,5053.48790602041,5123.80478357143,5023.05671836735,5113.2383577551,5070.9140427551,5065.66087836735,5263.60950204082,5250.26754061224,5023.55784122449,4938.74374489796,5189.21006989796,4940.87979336735,5002.29106428571,5132.35692142857,5016.62376836735,5150.9045744898,5196.0232844898,5039.09399377551,5167.49018979592,5244.00110938775,5232.5768877551,5169.69917918367,5007.46206122449,4987.20692346939,5125.41829193877,5012.29702989796,5094.4549444898,5076.44595438775,4951.69269285714,5271.14627744898,5104.001105,5138.21058903061,5032.80664954082,4978.55145464286,5042.12678959184,5259.80271326531,5017.22962214286,5206.92042244898,5127.51936836735,5174.04362959184,5014.82764285714,4850.2465744898,5076.55165714286,4981.93593877551,4971.00968877551,5043.48996326531,4901.94572438775,4893.16877438776,4850.4590172449,4903.32260510204,4930.44625867347,5013.76203255102,5008.36451193877,4916.45167153061,4870.55602928572,4974.05955683674,4929.46234693878,4872.82054693878,4710.69421020408,4584.00543520408,4784.72283877551,4829.58089877551,4788.54400663265,4907.35045663265,4931.60943163265,4909.38383163265,4874.72113061225,4722.9080144898,4913.1668744898,4893.2052794898,4795.3906244898,4865.8363244898,4711.6067744898,4991.14728571429,4858.26013561225,4862.40151576531,4760.15943642857,4550.3756294898,4768.59472040816,4845.55593979592,4810.26213520408,4827.83491214286,4857.13145204082,4956.35783367347,4675.67348367347,4800.35980408163,4950.20123040816,4939.42490040816,5043.27606734694,4922.00065459184,4986.50450612245,5070.44215,5055.38487622449,5044.37568857143,5037.33435071429,5137.58175,4942.02102683673,5043.46522683673,5097.1396827551,5023.32685387755,5143.05175173469,5135.71127857143,5119.24128061224,5102.16766561225,5144.10916265306,5109.84865346939,4770.03974591837,4783.31657244898,4912.97041428572,4893.56464408163,4891.17997551021,4870.44806683674,4807.36896836735,4897.05212142857,5109.80085642857,5077.57332846939,5010.85856877551,5092.09897520408,4836.58791938775,4905.19040510204,5004.92109836735,5127.22514755102,5015.50144693878,4983.70181938776,4883.18493673469,5019.07917857143,5241.78877653061,5256.33487653061,5111.69434693878,5238.04088193878,5218.32204285714,5087.55573285714,5101.10045714286,5172.31483418367,5040.55024642857,5092.75143826531,5036.62218826531,5038.97533826531,5045.72076326531,4879.39684607143,4968.02722607143,5189.27564938776,5039.91746938775,5115.10867346939,5137.95967346939,5114.41215714286,5143.4369877551,5170.05552653061,5123.2313894898,4975.67427244898,5179.05038346939,5124.62039346939,5172.52484346939,5170.20039846939,5046.36460367347,4972.08402714286,5018.84467948979,5131.00606693878,4958.63661693878,4961.68693030612,4975.26652265306,4977.79498285714,5003.48603581633,5025.04705918367,5099.55700918367,5148.01452959184,5072.85096938776,5021.76862142857,4935.58364418367,4906.76237653061,5077.24431785714,5108.64901040816,4990.8762305102,4936.3443655102,4940.9072655102,5076.55507051021,5161.4167755102,5086.9734955102,5113.09818897959,5087.08787040816,5109.09178163265,4991.88279897959,5026.52984693878,5118.88607367347,5060.74117469388,4989.91949428571,5051.06726346939,5067.99505255102,5207.43067642857,5126.45372346939,5101.31693336735,4963.28669836735,5063.04173571428,4924.62902857143,5000.14449897959,5030.11847244898,5008.28009765306,5077.78134387755,5245.6157917347,5195.04477765306,5185.34685428571,5154.07314489796,5209.88694285714,5254.65272010204,5115.34072540816,5109.59358673469,5159.15422755102,5152.38387755102,5218.92832673469,4951.18603673469,5061.02859795918,5246.44638653061,5176.67474183673,5138.32941836735,5057.52356632653,5129.36595816326,5107.23290612245,5246.51094785714,5200.84240612245,5137.57449897959,5082.83102581633,4999.40179387755,5159.34648061225,4940.47464744898,4917.53556204082,5068.56442438775,5046.86711530612,5158.21944489796,5200.85954693878,5086.78024693878,5124.25427918367,5117.27452489796,5151.98703816326,5195.18358255102,5162.68641428572,5093.73702836735,5263.2416777551,5229.80400520408,5281.25464673469,5279.16533489796,5177.10897857143,5207.84979346939,5036.85900632653,5070.32828265306,5121.59860306122,5000.4179,5001.19199183674,4986.29843163265,5023.2713527551,4991.6825522449,5065.6996244898,5064.14325479592,4986.93647826531,5031.33018295918,5144.52822367347,5204.84546551021,4982.85777612245,5023.74135102041,5257.24184795918,5260.95589795918,5255.85267142857,5159.34283163265,5156.61378918367,5058.52595734694,5011.66504428572,5238.87843244898,5204.08300091837,5091.78649459184,4989.70938008163,5203.99258530612,4997.77003785714,5097.41437428571,5110.00521765306,5137.81676326531,5156.91159336735,5156.21013693878,5215.00260432653,5200.78496938776,5151.59932030612,5015.87914897959,5053.94274897959,5135.61208867347,5221.65764693878,5107.68138367347,4799.82679285714,4994.14579795919,5117.79283877551,4957.20927040816,5053.41307959184,5090.22946428571,5067.84480428572,5032.22685028571,5175.68482857143,5046.20242714286,5081.04160408163,4991.90114086735,4810.35102989796,4984.37362244898,5032.01103571429,5010.02503571428,4969.89974081633,4895.56536836735,4813.49055,4738.10917846939,4792.90031806123,4925.52848959184,4905.56367959184,4800.21044959184,4766.44381336735,4812.31155836735,4688.62686864286,4975.77568183674,4949.1107144898,4919.40683061225,5021.8545722449,4993.09716642857,4816.43632316327,4922.34700510204,4850.82165510204,4815.86016310204,4927.97333387755,4819.50016004082,4943.34016428571,4940.78310102041,4917.27086663265,5052.44351352041,5112.9624655102,5188.55743897959,5067.54722244898,5143.67917173469,4931.02575081633,5016.55177346939,5201.14715918367,5078.23664806122,5013.06829489796,5203.38862244898,5169.07302755102,5187.51981153061,5116.50755510204,5046.66151020408,5145.81049295919,5213.70347959184,5179.21008479592,5022.18253367347,5045.51975418367,5163.08512459184,5142.74269081633,4992.8358744898,4885.79781836735,5010.17688571429,5150.86856326531,5143.78680826531,5015.46532061225,4962.06226397959,4921.02065397959,5019.68280897959,4923.85086,5022.83988367347,5238.56417234694,5135.03185928571,5040.12264030612,5078.84468040816,5001.66657173469,5038.70982479592,5175.76314561224,5065.67086683673,5017.82639704082,4988.39184704082,5025.21060204082,4954.98575510204,5036.69960510204,4956.45366061225,5166.68106530612,4983.27511428571,5165.63455530612,5095.92355979592,5060.26302479592,4906.46668469388,4947.70888704082,4850.55708193878,5003.67204112245,5181.80775612245,5009.59148622449,5082.72078102041,5138.95474020408,5157.07188469388,4999.80159183674,5111.05477183674,4992.66352183673,5138.43099183673,5154.01064489796,4965.3351744898,4998.90197908163,4987.92689285714,5025.96298418367,4860.54253418367,5044.09082316326,4942.61829816326,5105.7974577551,4892.37677306122,4863.35580806122,4921.00856326531,5040.1423122449,5043.41749693878,5108.01479693878,4996.97044693878,5110.07848693878,5095.02964693878,5174.65810122449,5090.42241622449,5190.6133027551,5185.66456734694,5186.02736132653,5249.17846642857,5250.32462040816,5048.71506326531,5068.73362214286,5047.67601979592,5047.29497755102,5176.09799704082,5111.57097714286,5031.83079755102,5051.73892663265,5024.3202744898,5249.26760204082,5029.66460204082,4971.50950510204,5046.11413367347,5021.51046632653,5016.36361765306,4827.20290061225,4916.91762653061,4911.93839765306,4896.95734489796,4768.34074183673,4868.36384040816,5048.47967234694,5079.27183734694,5059.35907653061,5048.69668806123,5010.64054214286,5099.99681012245,5007.51929795919,5051.31899295918,4904.12810795919,5076.8364844898,4758.69852581633,4975.84265918367,4895.37887795918,4845.91360653061,4837.82485653061,4835.0565244898,4898.40776663265,4793.80425255102,4862.35776826531,4965.72503265306,4897.09550306122,5018.43480642857,4987.23375816327,5005.78934510204,4968.88722010204,4941.90263877551,4936.58190102041,4940.79716938776,4905.64616530612,4914.37839183673,4720.80202653061,4890.57016938776,4973.93859153061,4998.92396105102,5158.88369693877,5279.60746438776,4980.90133877551,5045.31096122449,4924.23611122449,5041.55576122449,5114.21546908163,5271.17090887755,5120.41354938775,5197.24756938775,5121.79511938776,5059.26205438775,5017.94225122449,5015.69970306122,4959.68322163265,5040.66702163265,5101.51861663265,5049.70771663265,5106.99406428571,5134.59756428571,5101.68578469388,5132.88029517347,5098.81700985714,5158.09780714286,5141.30588938775,5071.21136938775,5259.42100061225,5109.50905408163,5228.56420632653,5026.38113142857,5041.03782857143,5211.04121938775,5205.39096122449,5232.02888153061,5186.69567142857,5288.71001428571,5243.55337234694,5050.17644346939,5083.27739846939,5000.70968846939,5017.86042040816,4974.22071153061,4953.34293153061,5011.04530653061,4966.24509153061,5027.23272653061,4993.45327244898,4986.8521244898,4999.98279693877,4942.65193367347,5132.04264632653,4993.04779602041,5001.34871734694,4872.64794040816,4940.8285244898,4944.35212755102,4983.22522755102,5108.874545,5235.37608469388,5051.61748091837,5040.68307561225,5105.54487489796,5105.95533714286,5013.38975755102,4984.32792867347,4918.95323938775,4901.13142938775,4955.81652397959,4969.52152489796,4842.57173408163,4870.5774377551,5004.0145877551,4935.15673612245,5030.39945204082,4941.60262183673,4935.16245683673,4931.51519255102,5019.748115,5117.27646683674,5067.32429755102,5149.52989061225,5014.01567,4961.02801693877,5092.4391444898,4914.57686102041,4814.36124969388,4949.52349969388,5113.40340111224,5117.82787936735,5018.55333091837,5123.25373091837,5150.25919591837,5241.90833367347,5270.28890714286,5261.16793122449,5267.49107622449,5127.56981387755,5025.45331421429,5117.87731877551,5005.68946877551,4992.0836605102,5124.86683010204,5067.29805051021,5047.42133163265,4992.3767672449,5070.49052438776,5161.31915622449,5019.52760612245,5201.66947704082,5145.86295928571,5165.34916836735,5200.77320102041,5152.26124846939,5000.43912346939,4917.46947346939,4799.35913061225,4909.7140744898,4952.47564755102,5008.34985163265,4889.65757,4922.85493244898,5075.35714377551,5057.35503204082,5052.13768204082,5058.81852204082,4958.16732408163,5083.88684693878,4841.14819387755,4861.85161836735,4929.13950265306,4908.23745846939,4880.49087265306,4940.13424,4820.3179605102,4854.4470255102,4897.8819005102,4789.7868155102,4810.18988877551,4861.12003877551,5054.25414795918,5049.34485020408,5142.45211734694,4914.81935,5113.96103979592,4983.50925163265,5037.24951489796,5099.46667816326,5200.87547438776,5088.44594969388,4881.61707877551,4996.45445877551,4835.07134377551,4969.24051173469,4897.75774336735,4889.0769222449,4830.23152938775,4996.44022938776,5026.24920163265,4788.06228163265,4771.31478163265,5000.51239663265,4876.36608163265,4751.32013163265,4818.0703755102,4818.16965,4906.58384387755,5078.04641938775,4939.83536938775,4933.94127040816,5010.64402040816,5006.31763938775,5110.22808469388,4936.77906010204,5064.15529795918,5011.33097040816,5063.90508061225,5075.31881346939,5076.73257346939,5167.10378163265,5048.18366561224,5074.32909295918,5038.57486459184,4970.66571020408,5234.07476061224,5117.48092387755,5050.64234010204,4940.85859744898,5011.15081071429,5131.11279642857,5066.28702683674,5257.79595326531,5184.85064326531,5197.83648816327,5141.60218183673,5036.08780102041,5159.54518265306,5144.09247040816,4992.03540877551,5196.78430438776,5035.97779326531,5069.87836326531,4997.49169826531,5061.56149826531,4996.52031010204,4998.87795602041,4924.41852928571,5009.45136295918,5144.85734081633,5083.34394510204,5051.90261010204,5239.04449010204,5072.03006010204,5009.38859112245,4972.16339959184,5228.59620959184,5161.38716214286,4945.00425591837,4941.65673867347,4982.49136887755,4904.04091122449,5008.54559591837,4820.10169816327,4879.92508816327,5116.07813816327,5085.88637816327,4804.40064316327,4897.23600816327,4692.68553622449,4971.06791122449,4903.051765,4881.67695418367,4893.83113918367,4921.72256530612,5129.5199122449,5056.71094795918,5133.79102295918,5016.41576428571,5193.56559285714,5191.94530469388,5198.32164795918,5090.52337693878,5009.35335306122,5199.02215612245,4939.2194255102,5157.42930510204,4924.43629897959,4810.97069387755,4987.41329387755,5092.88792346939,5152.31621530612,5076.03668693878,4978.73561428571,5065.05696326531,4997.33072755102,5084.05872755102,5092.99637653061,4899.01256836735,4927.12602653061,5107.11995479592,5036.49378020408,4931.14578367347,4825.13899795918,4875.98573928571,5047.44718928572,5091.94661428571,5047.85832989796,5057.49861020408,4976.78088673469,5174.44351579592,5233.44182191837,5276.34258571429,5153.68221571429,5103.63551571429,5030.27048571429,5066.59982571429,5126.97939102041,4990.05740755102,5243.53623030612,5211.31923030612,5230.33386030612,5133.75081836735,5214.33198336735,5200.96459765306,5189.42328265306,5111.6206422449,5040.4559172449,5174.8499172449,4936.96372244898,4950.42692244898,4926.99260071429,5031.61371479592,5118.22696877551,4945.63867877551,4907.28483377551,4790.25640102041,4472.85145204082,4787.72231938775,4954.65636734694,4981.63777877551,5046.71187377551,5073.01483765306,4994.96342040816,5121.24045,4873.06185071429,5111.79997959184,5064.05024010204,5013.63999469388,5038.34718469388,5218.11317142857,5077.40587142857,5254.02622142857,5199.36819693878,5095.80519693878,5099.24195193878,5246.1107917347,5151.60884173469,5022.87119173469,5065.95723673469,4994.77603979592,5129.35910408163,5269.50861836735,5281.89231836735,5182.64640836735,5276.8426122449,5148.30203418368,5181.98386010204,5199.00402561224,5115.36796719388,5162.79676719388,5103.0798877551,5171.26410285714,5065.35543714286,5137.31710612245,4939.38590408163,4870.46426346939,4898.25699591837,5002.94768469388,5168.97465102041,5031.40446979592,5277.46986265306,5121.6701367347,4904.6259305102,4756.2102172449,4742.64679122449,4630.83284622449,4664.36967551021,4710.9803755102,4926.30963476531,4931.17473476531,4887.37410476531,5054.58640935714,5263.2811244898,5063.38198469388,5230.98613367347,5255.69700612245,5240.34529591837,5138.11143071429,5127.27345,4953.04597979592,5240.17725204082,5120.16502653061,4992.62294183674,4863.2900255102,4939.1517455102,5047.77609540816,5178.30290316327,5135.44238887755,5260.74195816326,5268.21801643878,5243.67709693878,5023.31411387755,5064.68948346939,5056.8682,4957.72232163265,5112.43011122449,4893.78352959184,4799.54879377551,4872.75735102041,4993.79471255102,5029.94408602041,5156.92210020408,5126.29390020408,5090.70929285714,4993.20010306122,5150.13589693877,5203.5974122449,5075.98796836735,4992.16958979592,4926.94348979592,5093.50355867347,4954.34860479592,4859.47517377551,5044.20963765306,5043.05153930612,5041.05591734694,5126.04063877551,5210.51980510204,5182.13428265306,5062.0472094898,5148.15756357143,5177.36258520408,5191.62087061225,5199.73021561225,5201.80939693877,5227.05825561224,5051.77458061224,5005.29362561224,5082.51381428571,4940.98655806122,5174.31830510204,4919.37020428572,5094.34202142857,5051.30274142857,5155.3802,5055.09235336735,5063.84837040816,5075.87660377551,5105.04554795918,5022.08102387755,5149.92433061225,4971.93958979592,5139.00583979592,5067.5073205102,5104.79839693878,5168.37354693878,5229.90014693878,5178.69790877551,5181.06961897959,5063.53177510204,5148.22336510204,5042.2230822449,5044.1535622449,4976.78780306123,5165.54126306123,5051.98939622449,5110.39938122449,5244.22355571429,5232.92394204082,5074.68733040816,5044.6933355102,4842.03840816326,4858.31257061224,5086.73593255102,5080.18613285714,4982.00195408163,5141.80400408163,5218.54144438775,4983.70950204082,4944.59092428572,5149.07624520408,4966.20559438775,4975.41569795918,5116.16299387755,5015.78045857143,4910.84754928571,4910.91090418367,5027.0830994898,5065.51419285714,5190.54778163265,5103.74203163265,5107.38653877551,5039.37998877551,4929.81937755102,4993.13467734694,5086.12534387755,5212.55972857143,5158.48707653061,5197.05536214286,5018.14460469388,5011.80810193878,5263.41581020408,5035.94917959184,5129.49079561225,5139.25766418367,4940.86680918367,5108.44920918367,5046.45390459184,5198.28934571429,5162.51473571428,5124.31554489796,5105.80159489796,5034.71470367347,5128.59755816326,5072.43600816326,5267.17676755102,5195.84302857143,5181.96196734694,5139.12790102041,5124.78988163265,5041.18312755102,5149.86488673469,5198.59387571429,5136.11287346939,4824.50912857143,5002.9486872449,4875.3344622449,5094.96250102041,5053.85653571429,4850.98452040816,4986.56499285714,4945.72785653061,4859.89104795918,4998.80924795918,4962.12189418367,4977.81640918367,4983.12820816327,4922.02701336735,5022.69327530612,5019.74406081633,5013.983815,4987.03695989796,5084.31534265306,4974.13952010204,5045.33454489796,5141.82001530612,4909.25742040816,5180.64455285714,5041.73939285714,5075.73875204082,4898.23855897959,4895.03947397959,4768.78002122449,4931.8940744898,4878.28419081633,4793.25829673469,4858.36477040816,4918.27903581633,4984.53422765306,4974.29929336735,4965.45096540816,5092.56998622449,5009.87347295918,5006.57432806123,4960.18584438776,5039.12018979592,4957.27421938775,4988.59826387755,4953.16671265306,4991.26910265306,4988.3114155102,5177.35311918367,5062.51207418367,5242.60250918367,5019.20311428571,4954.51925265306,4944.22793632653,4902.76894132653,5094.05929285714,5025.81866785714,5070.33728346939,5071.26454193878,5136.02732387755,5125.70809183673,5014.08280204082,4951.15011530612,5126.15842173469,5257.06087765306,5135.94368571428,5208.11322091837,5203.74087663265,5178.21680061225,4988.93690408163,5041.2939755102,5073.50963163265,5012.53317142857,5098.00361918367,5065.76829683673,5195.40075918367,5187.28119377551,4956.59705765306,4850.02186897959,4946.76157346939,5025.96548612245,5135.14939591837,5063.70952387755,5003.676885,5095.52782704082,4823.40736193878,4875.15588530612,4940.82604387755,4891.27658887755,4932.06810612245,4910.75756632653,4982.3027622449,5120.45952683674,5187.12145091837,5183.50304653061,5183.99422653061,5172.96810479592,5198.56978979592,4970.67293163265,4927.36553704082,4883.52189418367,4872.50876326531,4749.61276632653,5098.6325227551,5172.26024602041,5193.64160132653,5074.01445030612,5148.98158091837,5187.98425377551,5189.68899204082,5176.62908326531,4980.33220469388,5011.29152785714,5019.68648887755,5092.11732602041,5037.09585612245,5050.80599214286,5063.3042744898,5278.26305714286,5251.66345387755,5178.93817959184,5100.07111428572,5087.50842346939,5163.16332346939,5068.95551428571,5112.27345510204,5115.11550816327,5028.40735683674,5049.70633265306,4906.96355193878,4869.59637204082,4892.40684081633,4878.0291877551,5029.85431958163,4895.8950405,4975.82352019388,4907.42837692857,5021.03911142857,5110.61031110204,5043.64372295918,4985.20284795918,5031.07764795918,4924.89641295918,4955.81439795918,5047.68033795918,5004.51481561224,5010.48125561225,4944.70292561225,4791.58424897959,4869.99346765306,4885.78072173469,4744.22487153061,5104.36535408163,4904.67081836735,4829.81221469388,4904.7778327551,4921.1986744898,4981.67215387755,5127.04348810204,5144.93458044898,5103.68420595918,5103.95757642857,5006.19782438775,5134.33662714286,5092.13729244898,5103.99893265306,5040.0447422449,4938.41487857143,5101.80251428572,5266.73506979592,5078.32423397959,4807.23638132653,4795.43661173469,4988.54296530612,5039.8526877551,5116.0696077551,5128.9306077551,5179.92953877551,5123.17210816326,5223.60962806123,5205.66772653061,5229.64272153061,5203.41398673469,5117.5711744898,5085.91602653061,5077.00820714286,5070.30683673469,5138.64353571428,5155.71605714286,5104.34986020408,5109.32148877551,5041.34298673469,5109.42570306122,5205.2530422449,5020.52080714286,4980.78685112245,5081.61997132653,5046.99503979592,5091.22747255102,5070.13996632653,5203.50338061224,5252.37020897959,5223.59981877551,4993.9196255102,5070.33981122449,5034.98407653061,5075.93205955102,5143.92428173469,5130.42094755102,5196.38385510204,5168.84232755102,5151.94831755102,5081.30370755102,5241.50648857143,5109.77754367347,5047.0698594898,4962.71733806122,5014.95829306122,5111.9470622449,5132.25695612245,5144.03981428571,5075.94773673469,5064.94491632653,4826.22227959184,4865.80696530612,4919.5107244898,5055.67970938775,4972.38905408163,5143.98305408163,5172.43825102041,5117.12953979592,5068.44511867347,5051.7463677551,5063.89064459184,5235.74213489796,5144.3460877551,5089.8848344898,5145.2125244898,5268.08200306122,5139.25614142857,5109.55547408163,5074.12470102041,5127.53575377551,5116.19671377551,5005.43611408163,4832.28800408163,5156.980695,5202.73367418367,5000.52729908163,5097.68348530612,4937.26948704082,5157.63867142857,5108.50543122449,5082.43726336735,4955.79026989796,5107.48318632653,5113.60670714286,4997.6394872449,5058.56566071429,5062.28545765306,5121.3630005102,5174.92951489796,5267.02535142857,5156.37808571429,5234.22575816327,5252.72267959184,5150.97634591837,5086.15146734694,5241.04367561225,5213.72765214286,5097.79282979592,5203.64083877551,5105.45473877551,5121.20768091837,5030.13054795918,4876.95399591837,5028.19949591837,4973.45724591837,4973.99129591837,5011.03302341837,5053.35374591837,5122.37382346939,5155.81932040816,5210.55545826531,5187.02960285714,5139.77962663265,5081.82456938776,5194.63285622449,5034.00627377551,5198.48933877551,5108.72257653061,5141.62767540816,5050.63207744898,5179.65939489796,5220.20373367347,5163.02933571428,5196.47676428571,5115.50103265306,5265.86990918367,5159.92430918367,5238.74518316327,5122.85638816327,5069.00841428571,5016.29041122449,4865.2186672449,5163.80540683673,5165.42237040816,5148.43237693878,5111.36991265306,4894.78525306123,4884.49482040816,4992.22515306123,4835.52749653061,4935.20525653061,5022.34719081633,4974.89103581633,4879.89819377551,5019.34401377551,4828.38727938776,4903.18826326531,5023.84780428572,5028.76197428572,4943.03745234694,4883.23995030612,4893.8418877551,4854.11539387755,4769.27806632653,4902.78316632653,4959.82584285714,5061.25162142857,4955.2408294898,4952.96495306123,4587.33272826531,4780.17796326531,4740.50615153061,4625.14521653061,4995.87553081633,4905.53476040816,4795.92526040816,5076.23002040816,4936.88661857143,4875.06501857143,4917.33849102041,4860.09075795918,5113.35198163265,5111.13630204082,5090.08934693878,5138.7290744898,5140.3732394898,4838.84549540816,4923.47393265306,4778.7930377551,4945.45086734694,5036.61171734694,4998.43710102041,4926.49128071429,5090.82328571429,5205.25973469388,5154.34514183673,5003.20474285714,5089.56065,4981.21659489796,4914.23659489796,4914.32607739796,4952.82112846939,5163.95719581633,5159.75943673469,5032.80780091837,4874.9195694898,4982.73792540816,5050.86982734694,4943.24424234694,5104.64631234694,5098.94650234694,5046.15989744898,5034.58675244898,4898.00737183673,4811.93388367347,4843.41874510204,4791.79270091837,4712.12620704082,4822.63206204082,4907.861431,4724.43463130612,4921.15647142857,4867.65920061224,4866.49589693877,5068.46130918367,4994.19936530612,4913.33278469388,4952.7634755102,5113.20277755102,4983.50961969388,5211.58561938776,5028.19275714286,4930.09638346939,4994.05490877551,4926.13323132653,5015.55171020408,5047.8512944898,5228.42205102041,5200.09595408163,5157.47394081633,4951.42806734694,4947.87544734694,4893.01039285714,5000.66582785714,5046.48953785714,4803.05268489796,5112.79006734694,4887.63261734694,5097.60321734694,5148.07832234694,5119.03764734694,5047.97225234694,5099.44162755102,5131.26781755102,5093.28713785714,5202.88954183673,5117.39284183673,5037.20785683674,4986.03650918367,5034.02615918367,5017.71482653061,5115.02169306122,5110.10524765306,4959.26745744898,4923.11837244898,5057.75502244898,5102.71252244898,5198.73007244898,5032.50260816327,5109.57991428572,5008.84372040816,5071.57368193878,5131.01592785714,5212.47347908163,5164.36652530612,5140.29291632653,5171.87942341837,5124.82095928571,5231.24782040816,5092.58294561225,5280.03786653061,5067.24610816326,5246.65192816327,5055.43078836735,5011.62305213265,4982.59139765306,5176.83710377551,4999.45985377551,5038.9203877551,4982.72335714286,5032.64755714286,4954.00615714286,5116.13158469388,5058.89883469388,5118.20630214286,5054.12807214286,5078.13944877551,5058.36972040816,4915.3497105102,5005.2357255102,5046.9614377551,5168.2329377551,5167.42270306122,5092.45975306122,5034.52977806122,5059.58102244898,4906.31072244898,5067.2485755102,4962.50303163265,4921.45892571429,4768.02812244898,4882.67035408163,4808.98068163265,4803.40917163265,4811.33840306123,4780.79019806123,4631.79527765306,4723.90767346939,4722.34343755102,4885.10942755102,4803.44682755102,4723.98380255102,4826.78288755102,4709.44433755102,4842.22599285714,4825.21074285714,4820.14704693878,4790.35419693878,4849.71096693878,4953.94523877551,4863.97228377551,4908.65233377551,4870.94185918367,4823.86765918367,4872.17088367347,4782.11110714286,4886.57811765306,4796.8867122449,4841.31683234694,5154.42193877551,5074.27997602041,5037.70779489796,4960.18189489796,4815.99430408163,4819.38431122449,5096.59669540816,4950.26828163265,4921.87682163265,4994.79755163265,5010.82788969388,4857.02511061225,5041.16245408163,5033.06407959184,5172.05373265306,5050.01208265306,4905.02978367347,4933.03381122449,4939.16115326531,5010.53084908163,4851.10865102041,4827.64654489796,4977.74156020408,4896.13466734694,4756.2054,5083.99065,5036.91139387755,5091.41705846939,4962.97619204082,5043.63926785714,5067.459685,4905.62242326531,4937.13407387755,4809.2616577551,4938.26938387755,4977.18334387755,4895.36373979592,5089.88837040816,5077.45382142857,5212.48707,5240.91922714286,5052.23613836735,5024.68878061224,5177.83255306123,5032.63775510204,5130.03952040816,5155.26035112245,5011.30623806122,4996.43819428571,5108.11186071429,5159.66332714286,5073.9074172449,5018.11406428572,5093.33287612245,5089.19861438776,5021.7191,5004.79871683674,5036.02294795918,4987.79164489796,4949.72407918367,4939.59357489796,4989.23948173469,5081.60108379592,5156.84498561224,4996.52785816327,5120.46163530612,5197.27625326531,5219.94157112245,5192.77169459184,5227.24462244898,5043.92227346939,5168.94443673469,5247.06880306122,5125.03156938776,5242.01549183674,5173.51284683673,5216.30194010204,4957.24522755102,4889.09781918367,5055.52541326531,5016.16167857143,4886.51397653061,4972.15535204082,5131.51298204082,4997.98773020408,4885.80699408163,4930.65718938776,5061.21296938776,5162.92845816327,5138.91415816326,5057.95731530612,5030.84880816326,5029.67964795918,5042.08004795918,5246.28907663265,5143.82752663265,5010.75793367347,4946.49666908163,5015.67750734694,5098.02596,5049.29097581633,5219.50259612245,5132.02746153061,5077.78373367347,5153.03310102041,4980.15642214286,4995.56010887755,4968.63308744898,5053.12003744898,5108.31233367347,4877.93148265306,5195.42095918367,5198.96845918367,5184.48912653061,5067.4389605102,5169.41877795918,5230.84827377551,5237.82316020408,5117.21615816326,4921.71873367347,4950.54314489796,5055.34364489796,5095.97669489796,5201.44140918367,5009.36176122449,4930.09463367347,5198.12347969388,5030.18626734694,4988.66115234694,5049.45183357143,4927.36610816327,5039.74967040816,4907.86997744898,4933.19072806122,5122.65758183674,5143.24417142857,5220.72060071429,5006.72747346939,5066.99882346939,5088.15544897959,5128.57009693878,5198.40046040816,4925.53734628571,5084.48210816327,5205.32293183673,5021.68375612245,5168.04592959184,5162.07615632653,5157.43176632653,5128.07434183673,4879.83158673469,5082.01496020408,5306.27521091837,5233.980815,5149.51248346939,5125.21761836735,5129.59224387755,4957.49529540816,4889.30184397959,5014.54485622449,4965.58079704082,5118.20166816326,5128.96677591837,5026.36350693878,5124.76259612245,5079.94566082653,5024.71106632653,5042.97533632653,5073.51050632653,5081.81544418367,5059.33541561225,5111.44060408163,5211.13371469388,5125.04102693877,5152.14913591837,4971.21638255102,5059.27613255102,5051.57893122449,5078.83060571428,4984.64317857143,5174.20940214286,5085.63540714286,5081.84694989796,5279.55557489796,4882.205365,5171.46883,5018.19875653061,4909.50799632653,4892.08635908163,5049.29721495918,5027.13525632653,5145.65455071428,5156.17618591837,5054.54572091837,5240.48571571429,5107.64872938776,5047.54729316326,5142.07020673469,5152.5704772449,5084.50214816327,5099.60483469388,5172.66382959184,5193.83285,5293.93755,5299.47371530612,5112.19479591837,5076.76188979592,5181.81164234694,5169.89757704082,5029.75728142857,5161.36919969388,5165.72852938776,5176.69869520408,4999.62731234694,5027.73809071429,5021.25002857143,5131.17756857143,5191.96915530612,5104.91887785714,5125.5808255102,5213.0360877551,5091.34166530612,4952.95620030612,4875.39688530612,5005.59236530612,4996.97615030612,5064.74785908163,5065.10046408163,5078.14020408163,4890.84585795919,5108.98885326531,5178.65266326531,4928.90341326531,5024.2004427551,4987.7356927551,5071.52935102041,4878.60456820408,4860.05270095918,5195.96882295918,5188.24749693878,5055.9746877551,4871.3508227551,4889.1022877551,5229.4326977551,4911.84004714286,5154.32882071428,5118.09213571429,5203.82069571428,5229.93431571428,5176.7186572449,5042.27164091837,5052.43909183673,4858.99969306122,5108.61720306122,5191.50816367347,5096.7006977551,5193.74313795918,5252.36674836735,5255.80443316327,5193.21951173469,5156.85272989796,5197.40757612245,5241.58701316326,5079.18410408163,5028.18297959184,5096.72172653061,5077.57483714286,5135.53009214286,5148.03796663265,5128.92673755102,5260.07831766735,5091.96693327959,5239.13219367347,5166.72944795918,5101.98543061225,5155.50314795918,5010.76471102041,4952.28190214286,4979.5099727551,5100.45358887755,5167.33486061224,4977.65100561225,5070.38518602041,5116.28460112245,5073.7762505102,5124.61844112245,5179.21159255102,5191.60906153061,5123.74277857143,5243.74321397959,5165.23689897959,5085.13478081633,5150.96069316327,5075.69675806123,5034.07675806122,5119.2480294898,5007.01302857143,5126.65349857143,4939.21223367347,4990.08224795918,4995.84003061224,5055.96491806122,4989.97129530612,5080.55984530612,5077.56219387755,5065.10849887755,4999.95638234694,5063.05773734694,4949.90905734694,4931.75488928571,5142.0850132653,5193.20265112245,5097.18370612245,4961.11376969388,4960.83986969388,4874.46390714286,5078.41150214286,5010.65495714286,5043.94637173469,5112.6677377551,5016.4399255102,5024.0019605102,5140.84754215306,5112.46493979592,5124.32578857143,5126.60361765306,4833.95162826531,4932.31622306123,4930.12747193878,5098.81233,5215.0121,5033.93942040816,5134.39816632653,4913.09093265306,5049.08570714286,5017.10971806122,5060.71007806123,4969.74265897959,4980.19058397959,4790.51270397959,4949.55685612245,4902.25065112245,4880.73461693878,5301.09529693878,5069.65604693878,5059.06869193878,5001.03778163265,4948.84708163265,4990.26281091837,4999.7913522449,5005.6426755102,4950.0409255102,5013.92544765306,4812.40968265306,5007.59725214286,5001.32540714286,5116.72495214286,5080.05228510204,5054.76504418367,5062.12780204082,5157.81946448979,5160.13711255102,4967.17791020408,5137.24161040816,5043.41333428571,5110.58601795918,5074.12169887755,5125.74388459184,5079.70344591837,5202.76467673469,5330.47485811224,5347.58311387755,5238.72123387755,5077.77011959184,5213.43176040816,5211.45272040816,5139.74900204082,5078.96466704082,5015.30189693877,5156.65738418367,4909.80095663265,4807.99195816326,4860.1180755102,5114.23301514286,5172.60449102041,5127.91645102041,4967.25479897959,5105.91948673469,5263.33836173469,5083.47987959184,5082.86500510204,5187.29105306122,5127.04998877551,5249.98849897959,5142.89593397959,5175.24062387755,5014.72604387755,5180.31992959184,5184.56880306123,5149.92281632653,5051.05429285714,5010.53711387755,5056.91669387755,5019.16910387755,4950.43905510204,4818.16306734694,4827.00984234694,4970.8651644898,4906.73833653061,5015.35126653061,4967.65719336735,5013.30594653061,4784.28262816327,4703.63156030612,4912.53894591837,4919.86319091837,4855.22308673469,5069.40372142857,4949.1184122449,5031.02206255102,4995.54093469388,5000.45645816327,4966.10238959184,5050.2877622449,5005.33561979592,5058.48703806123,5047.31998806123,4967.60083806122,5145.89124306123,4961.57636510204,5136.95862142857,5150.077305,4978.92439214286,5074.09418010204,5010.01861510204,5041.66818979592,5036.98026469388,5098.67738469388,5086.44968693877,5090.97683693878,5135.04868693877,5147.97961234694,5264.15721622449,5226.99174622449,5132.93677346939,5150.18906091837,5062.08479316326,5209.68790673469,5188.34112306122,5093.67631306122,5070.45729204082,5110.14566734694,5302.95552061224,5421.43289561225,5206.31169488776,5149.7544377551,5105.4681077551,5178.92782102041,5113.72074387755,4917.35588469388,5038.42119744898,5130.91393816326,5021.85338316326,5054.65842079592,4978.19655079592,4946.18760306123,5049.24700918367,4840.59651581633,4909.05968867347,4906.77234836735,5150.44347071428,5041.86656020408,5209.33241020408,5036.72820081633,4888.47875816327,4973.82531938776,4997.78632510204,4832.14309244898,5002.46153214286,5005.61930591837,5130.56411836735,4988.46263622449,5191.89437704082,5089.1179172449,5119.8473672449,4853.49960642857,5047.02611857143,5036.21067265306,4832.86988693878,4920.16739693878,4985.02959693878,4966.27582193877,4936.3387977551,4793.1355877551,5051.59090387755,4942.32350887755,4915.84563867347,4914.18817867347,4986.55406765306,4938.49766765306,4987.2794022449,5066.8617405102,4973.14229285714,4960.8548744898,5034.17874081633,4953.95245081632,4850.66726581633,5016.13054020408,5034.60109653061,5104.76555714286,5116.45151428571,5156.99862428571,5129.78715112245,5091.36901918367,5018.31199591837,5014.64698163265,5081.66016122449,5082.09575102041,4946.53216295918,5068.21137316327,5123.67453571429,5167.18053265306,5229.01173408163,5059.44040408163,5176.16980408163,5053.82327653061,5156.51237030612,5041.26070816327,4997.12727959184,5071.46424693878,5178.00371122449,5163.82912397959,5371.77507071429,5226.89229979592,5172.81610336735,4997.24496826531,5069.73298979592,4927.96455357143,5100.23068734694,5198.8978255102,5166.96234663265,5068.52061295918,5238.92976020408,5109.57780653061,5268.30646102041,5166.05062938776,5107.05624265306,5086.69315693878,5069.35228469388,4945.54378469388,5102.90382142857,5110.47353918367,5142.67913326531,5013.85870683673,5003.02029428571,5188.10084867347,5055.11529908163,4954.6114767347,4984.32514489796,5026.65331938776,5002.3660972449,4961.08448295918,5146.33247306122,5020.68477897959,5110.86419489796,5089.30082346939,5156.22732346939,5076.835645,5042.6056194898,5052.43181285714,5049.37065204082,4969.62345204082,4959.49505510204,5160.08951428571,5124.46889591837,5143.93833591837,5132.84205428571,5166.1792527551,5263.73867346939,5175.80488265306,5211.4818367347,4993.52413357143,4957.5220622449,5014.8892122449,4832.20365030612,5011.7047877551,5029.80328163265,5002.06783163265,4839.56909965306,4955.79780510204,5028.07343693877,5092.12586132653,4961.62697255102,5336.88303795918,5335.19330591837,5143.50316989796,5117.68477897959,5165.86248734694,4988.82013928571,5186.94635397959,5062.5713427551,5000.6121677551,4890.4330405102,4999.83570204082,4984.3007027551,5009.09703979592,4928.89938979592,5027.93790204082,5116.94805204082,4968.44276530612,5184.43433673469,5187.59875102041,4961.68090102041,4961.52874428571,5142.94541428571,5140.16328928571,5125.97435306122,5193.03560612245,5185.52636938776,5230.20476734694,5211.57524387755,5132.16714387755,4938.39628887755,4994.49059387755,5160.85319387755,5207.87107959184,5125.0365605102,5159.3667444898,5084.28722336735,5162.54172112245,5256.18694214286,5042.76590714286,5122.06342989796,4995.35202969388,5135.93681469388,5122.73531469388,5164.01306704082,5275.88000204082,5176.15969704082,5037.19038132653,5071.62481836735,5079.59577367347,5083.58767346939,5057.07992346939,5114.10773877551,5122.89498877551,5094.39092581633,4951.67855061224,5068.00030408163,5091.31808469388,5201.09756244898,5070.15271938775,5101.5374122449,5157.49998073469,5264.96789336735,5172.01299010204,5249.88098397959,5216.7357122449,4940.05627795918,5039.12462642857,5085.28249795919,5019.09644285714,5017.15679795918,5103.83415153061,5109.66082040816,4947.3265944898,5122.53621612245,4977.16485346939,5021.76198612245,5126.02130102041,5143.90490979592,5181.85531081633,5182.86656214286,5047.94321153061,5111.5662177551,5065.66917071429,5110.27609561224,4961.83621061224,5087.70571561224,5083.1733,5202.26324826531,5210.98359826531,5264.11539622449,5052.91056561224,5051.57970969388,5249.12275306122,5234.79300306122,5069.22481326531,5211.21027040816,5140.85435397959,5198.21851081633,5077.18627561224,5107.26831877551,4979.51193877551,5236.41332979592,5188.74415816326,5179.74915612245,5009.04858510204,4934.58739489796,5097.67994479592,5228.52250918367,5194.08080306123,5205.79812346939,5103.50428061225,5128.54112816327,5193.17681081633,4993.18690061225,5057.31559183673,5098.86069132653,5144.77403530612,5077.48123530612,5038.01201183673,5071.97583683673,4942.28779214286,5284.67861622449,5242.66908897959,5161.09228897959,5251.85008897959,5232.00584897959,5138.78069897959,5216.42579612245,5084.05615142857,5060.84777112245,4933.36804530612,5021.7196622449,5026.5775122449,5250.06631836735,5057.00025714286,5118.33123653061,5107.11573836735,5086.80788979592,5079.80063163265,5051.85369795918,5105.27596673469,5045.60500357143,5165.73404897959,5097.01831653061,5086.27206153061,5212.6065122449,5080.2738122449,4844.45338173469,5209.86023173469,5004.95137173469,5133.02730061224,5143.93296826531,4898.29841132653,5224.95917653061,5265.56980285714,5262.87497030612,5175.48153816327,5234.85634316327,5085.67130316327,5199.61580693878,5228.15204693878,5033.63506938775,5184.63618785714,5212.19062244898,5066.78797244898,5093.21574387755,5218.03514387755,5131.44023704082,5056.6050105102,5005.73126428571,4994.24517857143,5124.39207857143,5080.38396673469,5078.81245306122,5205.82195806123,5153.90852040816,5056.33140091837,4989.03927653061,5072.26116938776,5203.84958469388,5142.74823316327,5044.33048602041,5083.37820306122,5025.83593326531,5080.22289591837,5126.23042469388,4954.05033581633,5046.53240816327,5096.43615510204,5080.74512193878,5269.85041755102,5245.6265777551,5240.21422959184,5233.6704535,5277.2045122449,5143.03511357143,5188.06885816327,5275.92842520408,5106.03744642857,5024.58176734694,5111.50382653061,5079.37272857143,5035.7018744898,5143.75403561224,4959.85950020408,4912.92156428571,4964.17308163265,5064.69242938776,5140.00317346939,5053.35892346939,5122.05452346939,5031.86118469388,5213.26361122449,5192.71701165306,5246.83230142857,5136.14217142857,5083.03258877551,5149.67633061225,5104.69272867347,5091.75648061225,5048.78947510204,5103.49844346939,5198.84093489796,5106.86030408163,5192.30856408163,5156.52357357143,5084.98055,5134.0805,5185.62741091837,5067.45402806122,5043.85214173469,4988.05822061225,5163.64074408163,5123.70769908163,5162.79248397959,5151.89296938776,5282.47588061225,5040.6029144898,5019.96530683673,5071.67120683673,4973.93945408163,5028.04485,4961.16137877551,5002.97615204082,4943.2595677551,4811.68999622449,4881.65223755102,4858.53857755102,4867.91433367347,4949.22129693878,5005.82569285714,5065.81190918367,4904.37952193878,4909.47915755102,5092.82485714286,5190.49187653061,5092.55005510204,4937.93053367347,5072.28546714286,4964.42805714286,4869.95200071429,4828.53079571429,5063.64389582653,4953.85603489796,4876.32054214286,5054.08027785714,5074.66870204082,5111.57410204082,5107.26781632653,5272.44785143877,5087.46379693877,5147.94944693877,5177.34412653061,5193.99352653061,5228.57641653061,5232.11250632653,4976.7317322449,5037.48897734694,5238.8517755102,5067.82141938776,5136.75021326531,5240.36915306123,5109.90799795919,5061.85021530612,5045.6624894898,5200.06359040816,5106.36269806122,5172.86862959184,5181.01358367347,5223.32518153061,5217.3791707551,5164.45628673469,5104.47271326531,4992.81211193877,5232.97340877551,5284.38135877551,5243.79049897959,5100.9352177551,5215.40412479592,5098.35085479592,5175.13306122449,5093.10300397959,5236.06420102041,5147.68394081633,5055.08706326531,5138.21439265306,5082.48232857143,5129.79992857143,5131.88317357143,5142.38297357143,4962.64112357143,5231.05730510204,5152.43945989796,4985.32218673469,5080.06608489796,5083.37656306122,4930.36611581633,4905.19852346939,4984.51830571428,5024.53749285714,4882.54101367347,5111.44268989796,4983.11830653061,5043.32031153061,5023.83043877551,5076.69888265306,4855.13925542857,4952.60966938776,5017.2791394898,5058.57006979592,5172.68013102041,4950.3416594898,5074.68148989796,4961.18132755102,4965.45823326531,4998.82749295918,5015.26394591837,5078.37311214286,4953.19541326531,5089.76037755102,5126.44393163266,5115.3429377551,5224.89486632653,5217.13407632653,5121.85858826531,4841.53862867347,4993.67388214286,5012.64243316327,5027.39589673469,5149.8160717347,5159.03911122449,4974.61335316327,4921.90562959184,5057.17298959184,4968.55938397959,4867.14406357143,4872.77295377551,4974.00018877551,4972.37470102041,4814.82570408163,4880.78727857143,4986.91582244898,4930.24736632653,5018.26162173469,5153.8988672449,5099.96935918367,5102.64105153061,5036.62570897959,5034.79433367347,5090.19285693878,5015.68411938776,5046.67802142857,4980.91347142857,4918.67377142857,5109.19052755102,5018.5736255102,5053.9473755102,5169.1230255102,5248.8841055102,4981.37194469388,5049.22543469388,5100.71513316326,5103.09398081633,4972.77363204082,4957.47259285714,4963.85832897959,4836.42102469388,4956.58775877551,4870.28001214286,4932.66632590816,5066.78953917347,5007.35791223469,4929.69330184694,4877.65950235714,4907.09364133673,5102.21055194898,4955.02771919388,4898.12601428572,5027.64562928572,4997.49013928572,5144.23896428572,5088.19760306122,5003.47823979592,5186.87331938776,5200.0513255102,5191.13330204082,5094.60280204082,5123.86071734694,4986.14674387755,5134.48899479592,5083.97514285714,5124.27214285714,5104.02917755102,5191.27765265306,5118.0024777551,5192.91362,5246.97500367347,5149.17223948979,4865.99425306122,4841.03250918367,5083.67828204082,5106.26857387755,5045.406065,5080.31312316326,4802.4064755102,4955.69884602041,5027.45410102041,5060.00627755102,5021.98391755102,5000.32142623469,4979.30393123469,4897.53235673469,4985.6126867347,4954.80280673469,4855.75054673469,4952.04770704082,4844.54697704082,4848.35542704082,4896.90667704082,4764.40116122449,4797.75511244898,4950.13700744898,4940.08598459184,5019.29211714286,4987.1391744898,4990.74743591837,5050.68714367347,5233.25681132653,5182.59636418367,5097.37608633674,5124.91272602041,4989.23393479592,5143.37683979592,5205.45321020408,5014.54418877551,5094.20138877551,4974.49457163265,4940.56922163265,5056.90113081633,5042.21052265306,5184.3182172449,5122.9515672449,5061.10535408163,5104.74311602041,5090.16757234694,5092.36034744898,5217.45737040816,5088.90707265306,5045.60923571429,4910.11293061225,5072.93014405102,5199.07623877551,5001.04825765306,4909.51746734694,5066.44318367347,5193.70333469388,5143.71668571429,5070.87348,5072.81415459184,5087.54563959184,4985.62968571429,5012.45698428571,5104.52648061225,4955.2020544898,5129.27177142857,5172.87914795918,5177.94884795918,5033.56259795918,5144.11010204082,5149.69580918367,5063.43395918367,4912.52957346939,5034.39615102041,4852.00238030612,4875.50499153061,4949.52485039796,4983.59002927551,4839.93795376531,5074.33595815306,5056.30155764286,5004.35087295918,4898.51198030612,4858.23390010204,4996.27131030612,5025.06910479592,5072.5962027551,5132.19034326531,5066.3562122449,5166.46270030612,5125.08328479592,5150.58379336735,5046.72292,5035.58392336735,5029.07043367347,5049.65715193878,5013.19988142857,5069.85140438775,5065.18163091837,5074.3220877551,5115.33386489796,5047.66403387755,5056.21397663265,4989.69005663265,5070.64302244898,4975.95650306123,5043.71928806122,5227.62375806122,5288.16429806122,5177.19311306122,5161.89440306122,5238.11422806122,5016.42225306123,4909.67676836735,4954.88882959184,5019.91952959184,5070.39695510204,5063.80292663265,4946.02972928571,5102.00881428571,5103.52896530612,5113.87523030612,5098.15444795918,5223.83776602041,5148.1926519898,5232.1027,5236.31051938775,5219.09904795918,5162.02733877551,5189.92545714286,5062.90254734694,5266.09074693877,5094.44818867347,4968.43729979592,4979.25502785714,5041.1870244898,5240.85343061224,5136.54948367347,4998.03507653061,4958.18711704081,5185.70615704082,5038.78272959184,5144.46192785714,5066.50772755102,4921.97147755102,5012.47268979592,4981.78743979592,4998.62269520408,5013.20231020408,5137.70616836735,4934.92700163265,5008.12187622449,5045.06887040816,4835.79717704081,5141.34483704082,4973.59316,5003.65680173469,5068.16761602041,5150.58113714286,5088.85450510204,4998.70909693878,4933.23067040816,4999.25921428571,5025.82204989796,5090.27256479592,5268.47984704082,5072.60185846939,5051.64216061224,5056.64360918367,5207.75030918367,5221.73376418367,5231.91405918367,5270.39349693878,5053.8618577551,5179.33780540816,5084.29026040816,5103.46358197959,5253.68809897959,5153.83920969388,5126.28108081633,5180.33028418367,4939.10802653061,5003.99530173469,5119.45322091837,5117.16230071429,5056.37467755102,5065.99297142857,5162.98865918367,4886.02541704082,5174.00551785715,5093.09081367347,4882.14838071429,4854.92319459184,5144.68652795918,4950.85307142857,5038.20177828571,5141.75818287755,5159.92190918367,4860.13624704082,5260.36742040816,5248.82087040816,5020.38566989796,5146.22325122449,5025.57908469388,5021.72813010204,5117.54542183673,5061.24203989796,5085.58828102041,5168.7131672449,5052.97068836735,5053.93655397959,5081.5256,5113.41303469388,4991.78101428572,5138.21555918367,5165.83780112245,5063.68752744898,4979.906655,5082.34564785714,5113.38466438776,5029.92607040816,5167.74685612245,5179.84582142857,5088.71574183673,5084.58894591837,5100.93664142857,5154.99582142857,5176.53278448979,5093.10006836735,4924.39710653061,5013.85662959184,5172.48739081633,5066.77113387755,5090.19321734694,5052.29954795918,5182.29697846939,5178.90993357143,5175.62527765306,5177.63018357143,5217.1426222449,5270.82590132653,5086.10401632653,5078.86506632653,5228.70446285714,5229.93294489796,5094.69447489796,5270.66399489796,5083.69372653061,5128.1645544898,5182.95460510204,5234.80003020408,5182.99898020408,5230.64147010204,5290.63858479592,5182.06145887755,4970.78514102041,5194.07060102041,5084.67880918367,5138.41197142857,5025.95437642857,5066.92846642857,5063.64236642857,5054.11792142857,5127.55831642857,5094.68263642857,5180.06848642857,5137.55626040816,5110.80252306122,4972.53399806123,5130.05832040816,5112.90945102041,5123.91030102041,5213.05021428571,5193.85635102041,5243.66615632653,5184.61699564286,5044.69059870408,4981.78111020408,5061.15701969388,4956.15381683674,5017.25480918367,5117.97465846939,4962.36871061224,5040.08819163265,5110.13627020408,5121.94936857143,4969.69948214286,5017.56657142857,4826.61331326531,4901.41041428571,5027.0443027551,5114.72286938776,5079.72520510204,5190.53785428572,5158.53835714286,5272.34624163265,5198.25877653061,5291.48258653061,5057.99899938776,5133.9630972449,5246.42987581633,5415.5081622449,5403.26856938775,5229.64188979592,5197.92011938775,5198.35230612245,5231.3021072449,5256.92606336735,5061.49645612245,5090.21725744898,5162.65660408163,5189.01990112245,4946.23830316327,4972.07430316326,4900.60176,4935.37985469388,5020.1988344898,4907.1881744898,4976.28011,4924.9689694898,4939.62492418367,5131.33975734694,4956.60695468367,4847.16042519388,4997.58653367347,4967.02728061224,4909.09834795918,4947.75619183674,4824.77400765306,5118.49384510204,4934.36727877551,5025.85504234694,4977.64136765306,4839.85386193877,4963.74996214286,4993.47790714286,4850.66639846939,4880.10778979592,5004.50118479592,4853.12929979592,5070.39520744898,5083.84045744898,5055.56546644898,5063.96717244898,4941.81759387755,4933.1900055102,5090.85146938776,4860.00199795918,4732.39357816326,4808.90092173469,4881.66758673469,5022.34145489796,4867.21072693878,4832.63149887755,4705.81672612245,4925.53354479592,4989.50343602041,4897.33964040816,4847.25257408163,4954.38588459184,4888.27628163265,4971.81384591837,5077.9997444898,5019.8764744898,5015.06473877551,5086.2601744898,4997.98399591837,5036.83958428572,5064.77505561225,5064.82334316327,5124.02264622449,5054.61015418367,5207.10791938776,5033.59117857143,5094.67343877551,5206.6102877551,4909.51681836735,4995.38443132653,5136.30117653061,5170.59972346939,5051.14532040816,5383.86972244898,5049.72377673469,5010.21704183674,5094.71390408163,5023.84927734694,5055.47556734694,5134.41637959184,5152.22974081632,5121.25803571429,5148.82600714286,5140.29278877551,5200.8993977551,4979.63197857143,5074.35068163265,5017.88765336735,4943.06276459184,4934.15141418367,5166.23728295918,5160.58050030612,4983.44499010204,4953.47766867347,5094.88557540816,5089.41962744898,5011.15112744898,5080.14534244898,5061.23645816326,5053.27809469388,4892.81204387755,4960.25482459184,5104.36146132653,5130.06745887755,5041.05514489796,4988.48232857143,4955.25973265306,4934.90320428571,4971.23933632653,5035.22769255102,5018.64280887755,5174.59207214286,5205.52520714286,5163.35000204082,4994.03151102041,5223.12029857143,5197.49373622449,5137.96559336735,5056.77189479592,5078.58135306122,5027.44710306122,4989.23547418367,5079.76074265306,5023.84326765306,4875.71258265306,4984.09735285714,4925.24277836735,5090.32066530612,5221.71572755102,5005.28094285714,5000.02279795918,5170.44423265306,5159.49343265306,5260.65060204082,5111.90880204081,5256.11462704082,5192.56241877551,5140.50083591837,5066.86939693878,5157.69644632653,4989.04878265306,5047.00780316326,4941.33656255102,4982.85745132653,4986.49440132653,5028.83821387755,5034.88944214286,4959.05068714286,5030.82418673469,5123.66740040816,5190.06127653061,5093.17657653061,5123.13359693878,5133.23248673469,4965.28762040816,4894.39019081633,4993.71814020408,5216.60129591837,5128.92313265306,4988.4676255102,5004.99864142857,4964.96059928572,4849.93509693878,5043.82881020408,4961.79831020408,5013.18165934694,5038.67946873469,4970.88760138776,5062.84770367347,5133.13024081633,5125.18645785714,5044.14268285714,4972.16962938776,5019.88679612245,5090.66230612245,5166.59018336735,5230.37626938776,5107.47407142857,5177.62668877551,5220.16252561225,5070.59121561224,5172.22709408163,4971.8534472449,5002.69000655102,4902.58934285714,5130.82945785714,4919.16907602041,4966.47460785714,4961.4149355102,5051.15553530612,4973.50161234694,5165.30226489796,4991.57571132653,5164.35560826531,5197.26057102041,5109.37953469388,4981.2828327551,4961.20683877041,5099.24029244898,5181.80357244898,5141.28687932653,5151.92158877551,5015.23564408163,5131.79711785714,5117.87488571429,5037.85767857143,4915.95685918367,5001.93437673469,5145.02271836735,5136.09599673469,4946.48098510204,4976.08313142857,4878.5208722449,5084.93693693877,5037.90739877551,5072.14137346939,5241.29534346939,5160.02666734694,5092.01855581633,5246.38083571429,4945.57466938775,4996.65794387755,5077.91756591837,5222.1435894898,4973.1218294898,5137.4043794898,5180.8388694898,5115.6161694898,5115.1362394898,5092.57886591837,5060.84860714286,5210.21529285714,5136.27030204082,5083.49654908163,5267.56991530612,5261.19335653061,4994.82033877551,5004.30965510204,5124.83105612245,5066.53417744898
517.877551020408,5259.41357734694,5086.03905204082,4974.52959265306,5087.95864122449,5188.00619571429,5110.36712030612,5156.81192030612,5120.64303459184,5078.56049561224,5116.14320663265,5219.72106663265,5248.59149908163,5248.7602905102,5256.57349642857,5346.13776122449,5476.17417918367,5372.34802653061,5394.83512306122,5409.81533806123,5135.83565556122,5322.82632214286,5187.82547714286,5129.7660622449,5191.89744428572,5314.52016836735,5313.26818285714,5297.58739591837,5301.73174591837,5214.768866,5215.025165,5279.05617142857,5198.99547887755,5095.09507387755,5183.01488663265,5285.25249673469,5408.87859785714,5314.23205397959,5343.30254081633,5361.27339653061,5403.77909897959,5303.61507897959,5185.81198795918,5393.45408571429,5109.77810571429,5249.13394173469,5395.48086979592,5352.82125510204,5392.63133377551,5315.08009591837,5296.3658994898,5175.04303948979,5128.53264663265,5055.89872306122,5160.8557777551,5238.53856204082,5318.89841183673,5399.29732632653,5468.98438367347,5430.35487755102,5316.1265877551,5558.17734081633,5313.78392816327,5408.93980918368,5412.8609277551,5452.6504977551,5438.10295469388,5388.33891734694,5621.39849473469,5398.85723473469,5591.53838473469,5186.57847020408,5174.52956088775,5163.36046010204,5285.26126010204,5246.16574387755,5446.39060857143,5502.73760918367,5463.88108061225,5288.43960642857,5435.98162795919,5452.20748795918,5313.97616714286,5331.90742428572,5500.63178887755,5372.75841010204,5316.51924489796,5493.16274795918,5381.32195,5203.59098995918,5322.16288995918,5255.49568040816,5353.60810040816,5327.2235294898,5359.27158497959,5304.25968183673,5180.69810530612,5271.79109387755,5500.50035816327,5459.56669377551,5433.13607346939,5461.65544438776,5344.16741795918,5136.01456244898,5239.15651244898,5367.66870653061,5156.98956816326,5250.00360959184,5358.07272244898,5313.65407632653,5398.65641326531,5674.98534265306,5443.14149061225,5291.76287061225,5392.68984061225,5392.35509693878,5495.45933285714,5251.91030285714,5276.50202714286,5409.75981193877,5400.41490214286,5105.11838979592,5144.17497755102,5283.58456836735,5393.01927918367,5368.01652040816,5350.57193326531,5348.16137816327,5282.17926122449,5172.94275448979,5186.42484918367,5102.36776244898,5206.29429020408,5042.4576867347,5264.16695326531,5036.23235979592,5244.74123632653,5296.57053505714,5295.04628732653,5213.67686571429,5296.24844163265,5395.36323040816,5324.84172591837,5106.9787644898,4952.0133744898,4953.36193857143,5004.21928346939,5334.78757853061,5200.45929167347,5140.64444167347,5189.842762,5125.618342,5283.670067,5327.02306836734,5416.69134387755,5383.7791427551,5402.31009571429,5433.34171020408,5448.65812040816,5392.76656357143,5225.43070183674,5296.47548346939,5415.49432602041,5276.69583010204,5362.69435459184,5229.68356459184,5346.49696122449,5289.91156122449,5322.09860306123,5298.88157102041,5299.15365297959,5424.3765772449,5450.01443979592,5448.05361295918,5339.65217142857,5442.85681908163,5307.99121765306,5481.06500612245,5576.04270489796,5234.23043418367,5367.25175918367,5369.48264561225,5208.99468061224,5386.07833193878,5280.52316581633,5384.03743142857,5350.26505928571,5368.62023397959,5497.76200173469,5350.5068567347,5467.22769591837,5399.27365765306,5360.55967867347,5475.26374326531,5375.24356326531,5269.19060806122,5321.9299627551,5481.94346755102,5193.52328346939,5350.28822510204,5122.61222,5335.06040020408,5297.62623357143,5161.2597755102,5233.98575428571,5407.98145663265,5195.35068540816,5410.37243469388,5422.17196489796,5405.0399677551,5342.19181938775,5318.76299469388,5268.36810163265,5163.96850061224,5234.77390255102,5408.0005372449,5413.07744734694,5308.44033612245,5099.72117826531,5129.44513459184,5288.09263459184,5307.05282959184,5253.76056459184,5430.50210020408,5399.62193142857,5465.3826894898,5354.73568915306,5177.82050364286,5348.97083996939,5326.6177255102,5478.08512653061,5349.03851122449,5293.01300918368,5359.79930459184,5493.23014173469,5325.51428673469,5341.7807867347,5395.22783265306,5274.15032387755,5302.21367387755,5304.25275489796,5491.16806979592,5281.95864183673,5397.19597040816,5262.11034204082,5310.06022938776,5280.99962795918,5366.42622346939,5367.56868571429,5120.85376969388,5139.72222887755,5004.79606387755,5343.76028285714,5177.52208285714,5080.04175265306,5414.57908489796,5264.36240857143,5265.02881836735,5194.6602555102,5400.61756938776,5404.51252357143,5338.69622357143,5555.79788683674,5436.66428683674,5415.9278625,5405.72745714286,5574.58265,5539.21172744898,5555.73687244898,5477.1526622449,5350.52825928571,5263.64956959184,5371.98771411225,5504.07809918368,5420.56689122449,5325.52158255102,5359.32064479592,5433.77301632653,5496.21404183674,5445.43899183674,5360.76240785714,5188.34730785714,5381.52164122449,5350.39313469388,5349.21718469388,5423.51883673469,5440.91165765306,5430.8346344898,5353.10113591837,5377.40988979592,5304.6399755102,5352.80089795918,5321.708645,5119.19432795918,5301.54193714286,5177.58682336735,5084.82933336735,5364.13507241837,5291.71279673469,5351.27884734694,5269.17854316327,5241.53152071429,5269.89103367347,5472.36524755102,5260.2204922449,5262.1235772449,5100.4779422449,5166.0903872449,5261.1582022449,5228.29434795918,5171.41640795918,5183.64709795918,5110.07656387755,5321.27172040816,5300.50415387755,5352.79279408163,5197.15010785714,5370.37547857143,5351.68716938776,5319.11903663265,5168.42497918367,5248.79739591837,5232.43277142857,5293.91955459184,5379.37079591837,5375.95187693878,5449.59063326531,5105.36670846939,5303.00343571429,5208.36723806122,5330.65132265306,5380.82471992857,5389.63762714286,5500.12979,5483.56340316327,5461.88324959184,5518.24211397959,5488.53825051021,5325.087085,5435.04000122449,5542.66970377551,5478.31719959184,5411.55330918367,5371.0857482653,5547.94825765306,5341.2201122449,5387.10598163265,5390.77226091837,5434.9435444898,5369.27467612245,5205.14450602041,5433.91155102041,5402.25272897959,5494.76819081633,5398.34549081633,5323.77738234694,5350.69569367347,5437.49783938776,5337.54130571429,5253.72904795918,5267.33734408163,5305.51990734694,5329.20636836735,5418.95254867347,5316.62765,5347.01680326531,5368.44711734694,5395.33176010204,5303.75146510204,5450.24337704082,5307.16332897959,5350.59435081633,5297.69809265306,5409.43959857143,5411.35106193878,5294.10882030612,5492.06069285714,5487.63108795918,5451.69950836735,5461.78892836735,5393.59319387755,5397.83497653061,5385.44907142857,5397.99682857143,5494.94467091837,5484.22434561225,5340.84236663265,5299.13336663265,5480.49353602041,5415.22172918367,5638.93745408163,5501.61260408163,5613.52534795918,5505.14324693878,5459.96724,5509.28761265306,5290.95151265306,5339.92401326531,5294.29116326531,5235.74134938775,5295.76541510204,5328.70405346939,5351.7392955102,5230.0980122449,5162.29786326531,5278.59643979592,5458.36078102041,5351.88667602041,5421.05468163265,5275.88419908163,5409.7833877551,5237.84993330816,5229.99952979592,5224.79110367347,5099.22941857143,5115.80358673469,5197.12209377551,5224.54837071429,5319.60956806122,5272.24542389796,5129.77296316327,5203.21654836735,5430.22372336735,5395.59071836735,5364.11815204082,5117.80684591837,5264.63664571428,5147.46773661225,5304.66082673469,5424.36156265306,5323.49151397959,5225.97140708163,5071.64800030612,5220.57570163265,5399.81512632653,5421.39479734694,5289.01715448979,5237.64239836735,5281.77374836735,5384.71016632653,5373.91589395918,5243.66478285714,5271.89993285714,5113.16665938775,5209.54327163265,5184.32683857143,5209.76662061224,5574.88001452041,5364.95945306122,5332.42923367347,5200.89044387755,5282.32286387755,5338.06100510204,5363.39854204082,5423.02271734694,5488.45527142857,5454.04101122449,5234.1772244898,5399.39183714286,5384.53853408163,5179.72209591837,5077.37343428571,5022.4514767347,5037.38523678673,5291.81641255102,5134.98377061225,5232.30856959184,5244.28677765306,5271.26111153061,5277.56470479592,5418.77969510204,5367.6035155102,5198.82166051021,5303.22040938776,5047.7440305102,5137.85616204082,5131.82570979592,5316.29130918367,5245.09693316326,5254.66213295919,5323.08146632653,5408.22602755102,5133.04062673469,5433.92103673469,5651.89145173469,5609.00845959184,5624.13772265306,5598.55531142857,5320.81383326531,5493.85184204082,5421.4166955102,5438.7371794898,5403.34324316327,5447.12060816327,5463.96248367347,5523.42173367347,5172.64526326531,5239.52008938775,5258.85539418367,5207.88099918367,5402.74092918367,5340.63777918367,5476.05645408163,5214.48544418367,5373.26088714286,5309.80279795918,5497.78021683674,5537.42635183673,5437.72984693878,5285.94209693878,5432.32352571429,5360.15752785714,5440.52246741837,5319.06363489796,5498.37708469388,5384.66181632653,5511.86411377551,5540.77465602041,5388.58439438775,5211.50043489796,5158.59786193878,5301.57260418367,5278.86618071429,5308.38853714286,5416.69086877551,5293.89071122449,5234.94872397959,5157.46367530612,5136.02662030612,5111.4860827551,5323.6543827551,5145.33038765306,5238.35610153061,4976.0997177551,5228.16432669388,5353.50375928571,5392.97898265306,5314.46185918368,5311.62484479592,5201.72489795918,5246.66580122449,5270.75976040816,5221.68155020408,5241.20192816327,5395.29887755102,5436.94155020408,5432.91107938776,5350.16956632653,5293.30931632653,5115.55139071429,5324.46465204082,5388.73035897959,5481.09421612245,5548.89288061224,5347.6032544898,5229.82967673469,5062.5599355102,5241.83422940816,5301.58539489796,5333.39692030612,5233.31385081633,5300.89047857143,5423.3544744898,5406.59678163265,5456.88351663265,5375.74443571429,5437.13447244898,5388.64122755102,5434.96242632653,5602.34755632653,5440.8552394898,5605.0894894898,5542.3605244898,5657.9154694898,5519.7338767347,5466.75669877551,5598.2701877551,5388.76739887755,5523.27837234694,5200.70762744898,5237.02858857143,5143.47527871735,5306.23149014286,5231.11009693878,5241.97648673469,5454.81112755102,5353.20559061225,5088.9154744898,5439.31436530612,5303.71087010204,5305.5927255102,5221.75002959184,5134.21208918367,5103.46269061224,5296.31401938776,5338.56075857143,5377.13298959184,5318.25559132653,5489.11806632653,5452.44156632653,5271.44662132653,5391.6267205102,5377.94870714286,5453.29887734694,5406.8403622449,5325.83027765306,5294.43499295919,5250.96392244898,5132.7972755102,5207.98501979592,5177.18705966327,5364.93117040816,5397.98484306123,5338.36681897959,5380.92130397959,5450.29379479592,5387.81938479592,5154.27659091837,5105.04958642857,5338.69374887755,5431.01757285714,5231.16317653061,5488.16167826531,5416.99128673469,5069.11245734694,5165.79576122449,5278.45699001021,5333.97101632653,5235.0517672449,5219.40172653061,5244.03838469388,5295.01155408163,5171.05171489796,5452.43628755102,5325.73651632653,5407.67070295918,5412.01498163265,5437.25298979592,5446.07276122449,5286.12075622449,5271.83108673469,5181.28778469388,5186.70414693878,5223.63730714286,5245.38137755102,5305.53029540816,5194.51107040816,5383.71344357143,5358.16393561225,5387.29863877551,5434.55665,5221.91461510204,5212.1839372449,5229.0332694898,5368.85504642857,5191.80848438776,5283.38422142857,5412.58854081633,5295.40896112245,5246.52532612245,5345.54300938775,5209.61492,5282.33467693878,5170.97208918367,5321.40321418367,5312.40758253061,5137.91795895918,5108.280145,5193.21626985714,5074.54132108163,5356.98731877551,5368.0545744898,5490.06206122449,5361.34411857143,5359.9950727551,5287.61850989796,5231.72243071429,5236.55096836735,5235.06370346939,5390.88456857143,5168.83348091837,5244.88785071429,5372.23272846939,5379.58029346939,5103.2036644898,5103.84948,5183.65014306123,5295.35737204082,5343.24532928572,5112.97292857143,5248.35368938775,5266.33155938776,5270.67140438776,5411.94750102041,5474.02099897959,5200.84870367347,5309.22239971429,5283.03641765306,5241.00515010204,5346.51182367347,5470.32027306122,5296.46026489796,5222.22631683674,5330.59205193878,5339.35060408163,5195.99796602041,5460.28059285714,5354.50856326531,5405.46571234694,5348.1286555102,5267.2761172449,5273.1967367347,5397.57687306122,5484.53336061225,5387.45579908163,5308.36289908163,5293.47151938776,5250.61902040816,5375.53808214286,5318.88147938776,5383.13003367347,5252.10307959184,5183.45476112245,5116.05109295919,5362.68409969388,5398.64921969388,5251.54110816327,5302.80337816326,5234.76242877551,5405.50182653061,5343.59779897959,5400.59275510204,5251.27335510204,5284.5718377551,5305.1121755102,5290.88225612245,5412.64948612245,5300.77645612245,5268.93220612245,5549.80757959184,5509.14396285715,5538.38646316327,5641.74191642857,5593.84696530612,5486.66851530612,5627.66239795919,5472.30738795919,5516.31298469388,5390.01463367347,5460.30077867347,5425.68157857143,5507.26292857143,5395.08282346939,5344.52842142857,5393.91657142857,5399.80758469388,5225.42869112245,5236.04897877551,5165.5823272449,5292.62748142857,5436.23169979592,5469.09514163265,5438.66968561225,5468.74184102041,5341.47608642857,5282.36552795918,5428.88866132653,5536.45681438776,5597.25033979592,5606.04203836735,5502.90651122449,5450.90370112245,5383.54009265306,5452.96092826531,5508.11925612245,5526.98408877551,5469.78813093878,5448.4526217551,5367.39388428571,5257.17500755102,5304.10636897959,5181.59979142857,5209.75425142857,5125.48414642857,5271.43713673469,5236.40495408164,5384.72063367347,5342.23353081633,5310.52848653061,5347.07194040816,5364.39839102041,5417.62365969388,5366.90536132653,5478.98858683673,5316.18125377551,5435.27770163265,5420.75438489796,5429.17825867347,5222.58468367347,5303.67941020408,5312.85837755102,5364.28773571429,5270.45756540817,5350.74877755102,5358.84903469388,5435.19713571429,5387.39237938776,5264.74007938776,5384.53289795918,5391.96186163265,5187.51233163265,5121.53259795918,5360.73296295918,5292.68753306123,5280.19040051021,5404.08535530612,5252.08106581633,5221.75148826531,5367.48488826531,5136.6341094898,5432.50645693878,5328.90966836735,5351.06898265306,5408.95953571429,5440.39082071429,5386.13379489796,5422.46334489796,5480.92505204082,5272.16438884694,5489.29914928572,5442.11509295918,5406.57505581633,5246.70568132653,5183.84418234694,5280.93525091837,5459.47335091837,5460.97587091837,5307.55681042857,5471.02486428571,5253.83166616327,5289.30399055102,5112.77281585714,5218.54173846939,5307.62732142857,5271.13636632653,5414.31432,5271.1926222449,5129.42939714286,5149.10463489796,5404.23675938776,5301.4936377551,5258.42449428572,5179.17074591837,5227.52628591837,5282.28081591837,5160.26924612245,5075.40336704082,5287.43474765306,5472.4873122449,5529.97296632653,5432.53541734694,5356.77583979592,5582.23657469388,5379.66350969388,5424.26024918367,5445.26091887755,5481.35401795918,5434.68159428572,5330.59989428571,5372.83457928572,5430.41033193878,5496.85611693877,5430.01258469388,5356.56008673469,5402.83258846939,5438.03010510204,5369.72498979592,5512.65619091837,5507.35140408163,5441.74050408163,5413.99602602041,5355.33171040816,5488.16191938776,5357.35749234694,5289.45328622449,5320.41217622449,5524.12847755102,5462.59144387755,5368.52946693878,5516.74410993877,5279.4186867347,5464.52617244898,5492.49500510204,5538.16910714286,5400.54127653061,5418.17528979592,5456.43165938775,5357.97458612245,5347.89148816326,5397.24409744898,5262.74094408163,5221.83779408163,5104.28734387755,5194.13434387755,5353.13557316327,5251.22045816326,5337.32178163265,5345.07605714286,5414.48082030612,5309.85737061225,5327.77879285714,5394.33641785714,5372.22981785714,5335.72155285714,5530.06897836735,5436.32823744898,5420.52866244898,5417.69132346939,5399.85239887755,5351.51910408163,5458.95427,5477.880955,5450.96529581633,5518.09805122449,5429.96615122449,5448.97541969388,5452.37353969388,5473.17665714286,5571.06131122449,5353.32539397959,5369.26338377551,5364.61700306123,5388.29959632653,5502.06376857143,5432.51289673469,5669.13355959184,5389.27855918367,5380.42326489796,5271.100045,5241.6212427551,5263.41800816327,5385.15735408163,5397.00065918367,5332.94298183674,5456.23892846939,5399.90256938775,5282.27329683673,5221.65192857143,5148.63465408163,5177.67952428572,5268.75237459184,5273.5912972449,5162.22883836735,5025.34543836735,5191.43803061224,5113.61870734694,5266.29157469388,5192.31870591837,5256.71197510204,5227.70838244898,5275.40865989796,5312.60457989796,5315.73870928572,5341.56812571429,5514.76767816327,5324.26845387755,5378.26156897959,5251.6419072449,5287.35156346939,5393.45443153061,5385.72548214286,5489.29353969388,5411.58280379592,5434.10044979592,5370.22282969388,5333.20603969388,5378.42563969388,5501.49695826531,5531.58580316327,5399.16445316327,5530.27770316327,5431.22507071429,5467.00938571429,5322.87310704082,5206.26394938776,5230.38139938776,5176.24789806123,5106.59465928572,5152.34085102041,5140.38925653061,5219.12466102041,5197.27696244898,5373.96376244898,5142.81328244898,5178.85453244898,5262.05471744898,5131.17566183674,5223.77782367347,5351.5888444898,5262.4332877551,5196.38190306122,5172.72618469388,5319.34157632653,5319.02182887755,5269.83338530612,5170.00416091837,5065.75561469388,5010.55381285714,5105.02087122449,5289.54979510204,5317.81100387755,5179.41555795919,5241.5637122449,5535.29590612245,5281.29469867347,5457.6035027551,5307.9174887551,5348.79703140816,5393.27904242857,5348.73717957143,5336.40023528571,5333.59388916326,5323.16302140816,5246.97332163265,5354.55630602041,5299.38605102041,5297.29582377551,5481.57112591837,5419.50314112245,5450.18592612245,5631.91307928571,5520.97729530612,5507.74705029592,5529.00835396939,5630.4631522449,5327.65084816326,5522.00390408163,5443.40791734694,5523.23689693878,5396.64431632653,5331.82205234694,5233.16855234694,5257.81818734694,5336.61606734694,5440.45900795918,5411.97800173469,5224.46900591837,5422.35351020408,5383.68239897959,5428.23354040816,5383.45353122449,5389.57934653061,5390.42033918367,5253.83372534694,5268.94068645306,5303.58314591837,5318.22229010204,5421.71966459184,5400.29049959184,5370.07977448979,5194.4408894898,5315.25187040816,5371.86048877551,5497.17978877551,5488.10201510204,5563.51227704082,5493.84610806123,5425.15163755102,5435.45430081633,5451.26196346939,5357.34771836735,5392.01089346939,5335.24352438776,5394.60136989796,5104.97860408163,5252.84484704082,5317.49305510204,5265.80983714286,5398.43678428571,5293.76028622449,5227.02166979592,5359.63626744898,5197.33888714286,5176.44074969388,5092.89411908163,5119.8435677551,5182.14020285714,5311.52633673469,5347.64789346939,5425.19805408163,5447.12508877551,5330.36163897959,5366.36884959183,5181.59067571428,5336.54134938775,5133.94822653061,5252.85045397959,5206.89281316327,5286.38085785714,5271.84052377551,5268.13396836735,5094.75001081633,5049.1401622449,5457.19704693878,5345.25160306123,5345.58482418367,5344.46948142857,5439.13532653061,5400.88035908163,5346.67029367347,5260.93419367347,5395.51026093878,5395.64903861225,5481.70981361225,5454.5313527551,5428.95718377551,5214.87588112245,5191.05498622449,5316.08356510204,5260.61339,5317.21171234694,5181.92637978571,5092.64449928572,5279.20442416327,5158.76561928571,5260.12027030612,5353.82063663265,5288.12283918367,5183.21507653061,5171.96231816327,5214.76617979592,5247.75439061225,5199.25348530612,5204.30442867347,5135.55142867347,5363.93571397959,5339.69909734694,5248.47623081633,5342.67852306122,5378.40416591837,5176.80857142857,5136.50474163265,5208.00998330612,5081.78960030612,5223.20150857143,5121.17158673469,5222.19927316326,5214.01728346939,5270.74675795918,5342.4806694898,5471.86435071429,5369.26077653061,5413.04103938776,5434.69906510204,5242.08776122449,5361.70006428572,5361.8985177551,5281.28858877551,5215.58106255102,5198.49559612245,5228.19611214286,5420.87355173469,5406.85854020408,5396.33807285714,5431.52901112245,5392.25034642857,5366.01498826531,5401.25109520408,5355.26981153061,5396.2758122449,5468.22658795918,5072.56762102041,5198.66464640816,5205.90081520408,5273.51610306123,5133.37565510204,5323.5290755102,5253.97794897959,5383.41920102041,5188.22184357143,5213.0140755102,5410.8380122449,5394.46961326531,5353.22833540816,5222.04901030612,5232.13715846939,5319.15652918367,5464.28294132653,5507.93958255102,5296.51991836735,5355.62438193878,5272.44891561224,5149.66958918367,5067.03128102041,5198.11157469388,5278.44826591837,5179.20574959184,5265.76732653061,5344.87966316326,5251.65344765306,5141.68626387755,5261.6184477551,5235.73363581633,5164.12336459184,5428.70062122449,5242.61934091837,5358.76789622449,5255.66844755102,5278.16042326531,5373.28724510204,5098.56157204082,5217.62477173469,5321.15848571429,5300.14827928572,5383.48889663265,5393.70325,5383.90426010204,5440.71279204082,5419.00762551021,5460.0778244898,5404.19612244898,5475.24272183674,5477.28115836735,5584.52659102041,5431.45267346939,5237.43520510204,5521.9672344898,5565.08034132653,5702.94935632653,5414.75949632653,5359.85264397959,5394.99499897959,5290.51533530612,5543.42455102041,5445.44226316327,5381.64975367347,5378.82469428571,5419.09567142857,5355.31635642857,5293.48045714286,5545.81075714286,5587.3843244898,5582.29522877551,5587.15793489796,5588.93389938776,5603.16302142857,5408.1448177551,5500.88925857143,5528.9107522449,5447.67592714286,5506.12372918367,5647.30593418367,5479.58802361225,5614.10507408163,5683.7262505102,5671.9031305102,5513.01777908163,5460.56889387755,5485.13332397959,5552.70150030612,5391.48229806122,5460.85935418367,5404.7061972449,5462.90162255102,5516.3805744898,5470.5272072449,5513.7309094898,5412.90425489796,5442.41872918367,5400.65133908163,5379.50401571429,5407.82769540816,5304.6700227551,5231.12555540817,5365.17382040816,5367.5812622449,5414.98738418367,5446.87023989796,5358.74403989796,5458.06225418367,5472.19274897959,5414.67197438776,5402.1741755102,5247.45731632653,5140.95645408163,5333.59227959184,5219.01789836735,5160.69157653061,5094.38843265306,5241.83543663265,5256.44460132653,5287.05157755102,5233.05418959184,5145.57152459184,5183.20456346939,5341.95625091837,5299.02678214286,5378.11464530612,5362.62227244898,5552.46379387755,5478.69662387755,5442.32099285714,5245.19091214286,5303.05127163265,5245.53576265306,5184.9462244898,5168.70588489796,5221.63498489796,5327.71140622449,5261.28327,5225.04704489796,5276.53379489796,5370.64309704082,5358.14412938776,5559.4505327551,5366.90470642857,5329.82937122449,5272.1071644898,5283.43807806123,5337.72377704082,5332.70368204082,5300.01971540816,5187.54925632653,5183.10389632653,5204.50448071429,5343.26217346939,5246.63090285714,5305.45623846939,5306.44836846939,5174.1952122449,5280.94146563265,5252.29996020408,5127.97359908163,5254.06997234694,5199.19544591837,5123.79897857143,5139.67520857143,5168.04347938776,5070.56073571429,5128.73765887755,5110.57805959184,5082.88369693877,5115.48984983674,5112.80765591837,5145.96709469388,5179.05184469388,5105.81570969388,4979.03287591837,5159.39891469388,5129.82504285714,5207.46423571429,5315.60902081633,5176.70438102041,5311.16701357143,5483.78628377551,5310.74863510204,5497.45950826531,5359.71000479592,5316.33295316327,5368.99564071429,5284.65388969388,5166.55257142857,5089.35711836735,5217.83700408163,5495.2411455102,5396.3687455102,5385.87447510204,5287.4059,5387.36496836735,5420.93781122449,5560.72246122449,5319.43094795918,5294.73764795918,5376.59843673469,5200.97477577551,4998.06506020408,5311.41623612245,5330.05619714286,5261.32480928571,5335.80177183674,5398.82945714286,5211.77275316327,5371.43273632653,5314.26336816327,5110.05147540816,5276.46503185714,5088.87345685714,5191.18461685714,5129.44726091837,5133.85766591837,5122.7083744898,5235.0139594898,5364.0228244898,5110.83022816326,5361.5068395102,5331.25232571429,5371.12310571428,5199.48750669388,5285.84439826531,5130.02483795918,5141.77838644898,5240.02576591837,5320.53356428571,5193.34724428571,5343.38767571429,5475.71100795919,5408.46070551021,5227.06290510204,5408.30443846939,5490.31087877551,5527.61283265306,5441.8481122449,5248.30535918368,5144.20301714286,5295.95650285714,5193.36529285714,5042.07169795918,5130.66046040816,5271.61798102041,5263.10434489796,5324.7127077551,5327.22377846939,5263.71503173469,5131.77178102041,5127.4629577551,5173.93084489796,5204.15282010204,5233.40719408163,5213.4007744898,5137.74145816327,5249.81607693878,5137.6881977551,5032.78024744898,5400.87066040816,5259.94775612245,5182.78291540816,5237.19632673469,5248.30246153061,5214.82211602041,5241.24528061224,5278.83192122449,5348.04637734694,5375.18249530612,5337.4839322449,5360.41680030612,5274.03187530612,5239.39490030612,5194.89660540816,5259.12392051021,5361.14001479592,5213.03456561224,5208.99446514286,5327.92740183673,5327.12198408163,5450.23245714286,5443.64263714286,5277.81955469388,5306.28276887755,5430.98498387755,5391.61396428572,5416.82135571429,5384.90160969388,5576.93197693878,5571.96053204082,5493.42566836735,5540.08424285714,5417.93395693878,5266.52773857143,5243.67060122449,5340.66254979592,5396.42592316326,5367.75551346939,5174.36588979592,5061.11737244898,5174.77048244898,5302.08211244898,5336.21220057143,5401.37827557143,5436.57995336735,5270.77107836735,5370.18595306123,5487.81023561224,5547.8644365102,5318.07243193878,5420.22549897959,5534.88468265306,5530.26565816327,5555.16546836735,5362.55088877551,5495.23022163265,5377.42820367347,5322.83799,5336.67836938776,5368.75031938776,5333.47211122449,5383.00414285714,5406.82476836735,5343.76171530612,5249.4372044898,5288.12641714286,5256.72874918367,5499.40011612245,5426.01421632653,5350.69393979592,5385.61781894898,5381.89126244898,5374.36335122449,5271.08398622449,5190.00467459184,5132.90425867347,5154.72212102041,5016.52307102041,5145.94239867347,5167.80100928571,5206.27656428571,5238.04971189796,5170.88606189796,5323.53085918367,5363.84322244898,5138.13861010204,5239.17724663265,5063.52993265306,5002.71573255102,5115.07927530612,5255.56752204082,5261.39784948979,5248.35834846939,5114.77222183673,5241.46344814286,5165.85820367347,5210.07006897959,5106.18698326531,5265.84738,5273.53969357143,5315.1302905102,5354.06069306122,5407.92098653061,5298.35847653061,5381.66044693878,5404.09503571429,5555.02087969388,5522.42958571429,5454.42817071429,5492.58150530612,5531.16147377551,5483.42755612245,5332.90714612245,5432.73683897959,5377.33142183674,5181.01120408163,5186.28098193877,5230.47368102041,5244.41601959184,5233.00296959184,5144.67613693878,5143.43525404082,5218.75590636735,5337.75168448979,5386.33427959184,5335.45561459184,5348.89856153061,5449.71255102041,5462.10601326531,5221.10592469388,5332.1281255102,5437.81992346939,5448.38432346939,5493.37267755102,5494.21194806122,5398.44972428571,5598.88180612245,5557.30185612245,5584.54018397959,5423.37974397959,5421.52238663266,5573.47568455102,5488.17078571429,5592.80677387755,5583.0730927551,5400.12296479592,5357.91642387755,5395.57921714286,5225.25641163265,5232.75090346939,5333.24841346939,5253.38655571429,5373.97392102041,5357.55224448979,5349.48883571429,5221.75688571429,5317.94535969388,5220.21672469388,5200.13299868367,5111.89876836735,5233.72618795919,5297.96973346939,5382.20072204082,5389.62069081633,5318.82348959184,5479.82379102041,5448.87004489796,5232.41057040816,5250.65577581633,5325.64796397959,5475.8356794898,5478.36672336735,5472.1465,5397.41598,5505.10646530612,5429.32712346939,5426.97466346939,5440.04623693878,5505.55063986735,5483.51535037755,5317.68147966327,5496.52728680612,5268.87256231633,5184.08320316327,5220.56554918367,5215.93945418367,5307.14819265306,5307.64928755102,5241.50707244898,5653.71481571429,5470.248915,5301.01047244898,5140.64853163265,5300.25183673469,5358.85867551021,5399.2679122449,5296.0224122449,5338.5614077551,5363.72622387755,5271.90083204082,5176.83281663265,5399.53669744898,5261.4021672449,5190.4818777551,5323.44129836735,5234.65167704082,5062.08190204082,5199.65808122449,5246.66794622449,5067.36822153061,5145.1210205102,5197.32831510204,5373.42076428571,5227.29575969388,5254.85580785714,5280.96649806122,5188.76430306122,5288.91330306122,5402.91011530612,5418.83014285714,5431.34012040816,5123.71820734694,5373.45759530612,5441.27562846939,5268.51995387755,5337.43382979592,5353.47075979592,5594.6055722449,5707.51640979592,5506.76310479592,5625.72213030612,5547.12969387755,5616.14108989796,5624.91194397959,5629.6758372449,5553.14052418367,5482.576975,5445.39575718367,5309.56621218367,5303.08953591837,5315.90178591837,5385.97211061225,5378.93596081633,5257.88402326531,5327.22555826531,5372.86644183674,5629.15776020408,5478.83484010204,5350.09892959184,5292.87996479592,5319.28682040816,5297.87761571429,5321.39725653061,5274.78133091837,5274.34206693878,5189.14408132653,5193.84088132653,5219.92415326531,5146.68964163265,5130.76579163265,5234.93730693878,5329.96976734694,5427.65921734694,5505.5719,5377.94949989796,5413.75435102041,5342.54103061225,5411.81373061225,5348.98429285714,5527.77152887755,5404.43184418367,5409.46270132653,5232.65523163265,5241.77202265306,5247.04841755102,5287.06061438775,5163.07348989796,5259.83160826531,5123.7731922449,5279.19900653061,5177.27433030612,5214.74740857143,5343.79440408163,5316.32600102041,5450.69635102041,5478.7846377551,5522.9112927551,5451.91843161225,5349.26870316327,5402.40387632653,5267.01264071429,5336.69458571429,5443.11432857143,5461.11681020408,5558.64183877551,5509.02393877551,5373.14665,5198.58711591837,5444.56144591837,5366.09569591837,5389.34689591837,5297.75662336735,5317.69226561225,5438.83877061224,5401.64063622449,5266.72636071428,5507.74629102041,5199.48292469388,5343.25940102041,5229.44110836735,5198.30844204082,5227.45786484694,5067.46891714286,5132.7663422449,5309.13930244898,5181.77483959184,5186.6547877551,5197.83555489796,5417.7337244898,5428.31860765306,5412.92382857143,5418.9652555102,5321.36705102041,5323.97975102041,5240.34821530612,5226.16535112245,5151.97948673469,5475.53824693878,5425.94129551021,5327.13756489796,5459.29188673469,5595.1552,5303.632795,5219.49069163265,5544.15648153061,5550.98604153061,5389.64246153061,5478.06235197959,5419.04978244898,5370.75214704082,5413.31079306123,5252.15278806123,5336.62041969388,5289.63810808163,5347.6706627551,5364.7373027551,5300.0704377551,5271.78581142857,5393.05929836735,5171.76037102041,5421.97783102041,5255.99743173469,5404.58811122449,5425.40110204082,5549.36405612245,5441.01024489796,5323.29435979592,5511.76975979592,5393.13165408163,5364.34641020408,5541.71367306123,5377.28399795918,5309.62370816327,5500.91197040816,5567.32982816327,5448.79005489796,5360.03581010204,5380.19111581633,5335.24901581633,5458.37984591837,5600.42489103061,5471.04523673469,5535.66578061225,5482.79156979592,5246.24923244898,5369.11109765306,5229.59755622449,5247.39172244898,5284.8157894898,5322.70828081633,5203.85055265306,5213.30445306122,5257.87390306122,5317.93448632653,5298.87575632653,5249.04395632653,5260.75519632653,5277.40769632653,5308.72022632653,5229.66384632653,5131.97306938776,5360.5499567347,5440.13632836735,5268.88838591837,5272.65113785714,5413.82828020408,5454.16623132653,5591.14029632653,5581.87872,5455.41209795918,5514.86594795918,5450.14321857143,5307.89605520408,5409.41660295918,5413.20441571429,5402.77259734694,5331.99934193878,5162.10924806122,5235.42052306122,5170.47520846939,5211.25227663265,5208.79155030612,5260.23491785714,5224.45213040816,5164.44998285714,5213.22384785714,5183.26623840816,5330.29763632653,5144.62977642857,5244.42781459184,5198.30949061225,5227.75684438776,5329.18613408163,5408.3687377551,5440.59916326531,5260.08347183674,5370.82565408163,5112.95176653061,5294.00544408163,5282.20153081633,5312.21540438776,5190.64534622449,5200.11114714286,5238.02435755102,5423.84097632653,5458.26449091837,5390.3370444898,5425.2219575102,5407.39813612245,5378.94269989796,5356.52517040816,5351.91837040817,5359.91552408163,5450.90831510204,5423.39852008164,5310.78730591837,5402.43365795919,5375.64141510204,5472.8552077551,5290.30583163265,5599.85102040816,5525.51657040816,5579.19444040816,5479.76553326531,5560.88996489796,5541.66631969388,5466.44503244898,5440.81072244898,5304.49470744898,5323.35793571429,5332.60489622449,5437.59859693878,5462.27825193878,5295.02874193878,5250.54532744898,5400.41986959184,5239.91842346939,5362.41644683674,5339.92609693878,5164.91218428572,5125.89804591837,5007.92495,5152.999295,5284.36993816327,5191.69718816327,5276.9216905102,5211.97232721429,5287.0319305102,5348.22376653061,5355.83273714286,5402.57462755102,5272.40249255102,5347.51740255102,5208.00687204082,5449.00423214286,5510.34944306122,5465.47993367347,5389.46027622449,5559.03130204082,5110.70467,5246.74291469388,5334.02507469388,5415.81813061224,5238.06745510204,5283.57558122449,5216.2468044898,5375.46470051021,5358.42251510204,5362.67698163265,5290.41334387755,5296.93212795918,5441.24492540816,5551.93982193878,5473.44221561225,5459.97999326531,5622.17777326531,5342.01879795918,5430.70029795918,5469.78406122449,5288.83265612245,5335.17723714286,5369.01680755102,5375.26503826531,5293.19719479592,5315.68646653061,5321.86219469388,5243.23062091837,5364.28198153061,5327.16233953061,5446.83862795918,5261.5285477551,5340.0112477551,5324.79686897959,5153.19039020408,5177.89567081633,5352.36872938775,5307.74875387755,5391.5416222449,5296.4321105102,5351.48103744898,5076.67863744898,5247.35329377551,5250.93716969388,5395.225635,5342.90006295918,5266.86605602041,5293.73869183674,5262.08684897959,5259.05084897959,5355.17484591837,5474.95705428571,5381.29508632653,5322.87124642857,5412.89917540816,5341.16568561225,5239.45740408163,5303.55237408163,5230.58517336735,5222.01667632653,5384.96023714286,5307.12569816327,5128.00226816326,5095.9884244898,5300.73509765306,5047.88144765306,5072.5673972653,5277.49478306123,5294.96996020408,5500.16125408163,5512.10050693878,5397.02160193878,5534.65984693878,5728.31814408163,5667.77100408163,5704.15613836735,5552.14404081633,5503.07598061225,5547.29047561225,5476.72651561224,5634.03384040817,5572.81357540816,5428.02818265306,5752.77972030612,5573.44587030612,5572.39217066327,5467.88045566327,5411.86850566327,5482.98331816327,5718.30505816327,5508.50237316327,5671.55055102041,5593.52044183674,5660.95394183674,5496.83999183674,5374.44934183674,5629.70346122449,5541.90766122449,5482.52738265306,5465.48563265306,5509.79571214286,5469.58890908163,5393.08900908163,5289.77878877551,5404.95903010204,5459.21911010204,5399.69812010204,5311.98030010204,5343.98583744898,5530.85298132653,5711.53949795918,5521.62135102041,5452.84876122449,5237.90432389796,5383.58333387755,5428.44139387755,5455.4348494898,5590.30323214286,5614.56220714286,5586.81058387755,5595.12621265306,5438.11292469388,5680.21111204082,5607.76391540816,5510.73559755102,5594.19556326531,5433.42102877551,5594.24926081633,5471.31864867347,5675.56529535714,5602.41029357143,5324.6561927551,5500.34203877551,5747.14410714286,5577.94150663265,5668.18458561225,5749.70055816327,5783.47185816327,5502.78750816327,5628.88499183674,5847.37354469388,5928.95204734694,5934.81986734694,5679.25684234694,5526.16209795919,5655.91183571429,5558.57854561225,5480.1710477551,5420.33295071429,5501.40440714286,5299.39768397959,5433.94099010204,5470.88477255102,5380.96491918367,5507.11798030612,5493.49026632653,5361.39660918367,5368.18409622449,5492.85332102041,5504.14118204082,5171.00513367347,5144.65498877551,5305.89771469388,5248.15767959184,5281.88943959184,5285.15169540816,5200.97396836735,5180.71003571429,5348.23398663265,5310.5872517347,5339.01320183674,5432.00303683674,5188.06802183673,5254.30908428571,5417.52129714286,5495.82003897959,5314.99058571429,5089.44342306123,4997.61578816326,5149.41293816327,5288.37263816327,5302.91873816327,5182.73928408163,5266.60462846939,5259.99089346939,5129.22458346939,5141.72079346939,5265.37966846939,5139.55276846939,5117.57566846939,5089.88422010204,5121.95724316327,5150.62518367347,5091.04517260204,5237.93713219388,5389.57606367347,5237.43553265306,5279.45323061225,5265.71852040816,5430.42854081633,5272.12793877551,5280.8141,5200.08369969388,5198.30062142857,5251.75802142857,5213.7255477551,5247.34870673469,5254.11338010204,5166.2784877551,5081.11395530612,5123.69898112245,5454.87955265306,5340.62279653061,5386.74730581633,5372.31153081633,5476.13640734694,5441.77477867347,5368.83497346939,5395.87114795918,5468.41342755102,5333.8895244898,5307.74514387755,5328.32189316327,5333.56193163265,5462.43968520408,5562.43850020408,5337.40252846939,5282.87066346939,5285.1207144898,5426.54749091837,5443.41805306122,5368.97477306122,5447.11946816327,5376.43919,5356.69639673469,5224.3340467347,5273.46748367347,5432.30587367347,5289.51042367347,5223.59176367347,5124.44856918367,5141.7598427551,5325.7540727551,5338.93787612245,5290.83684112245,5168.77014816327,5240.74581816326,5122.57980897959,5152.77554510204,5098.43402387755,5066.69243887755,5099.31242387755,5348.65706091837,5260.80103765306,5313.11712571429,5297.46348571428,5329.61364816327,5421.81771316327,5161.29124397959,5192.96711897959,5269.69537285714,5223.55042326531,5302.42021326531,5046.6431355102,5177.42491061224,5390.39716755102,5250.73845755102,5295.27283673469,5361.68921244898,5351.67173163265,5348.24228163265,5497.5714172449,5467.54274897959,5360.77432959184,5284.89463193878,5233.71257755102,5425.15242755102,5350.00752091837,5321.66998244898,5356.34473459184,5192.19221734694,5225.74618244898,5278.68708244898,5137.13246,5227.95658,5290.20638285714,5277.31999489796,5349.40728891837,5384.53369918368,5302.12818183674,5389.79854183673,5307.65444683673,5351.73737979592,5347.03785979592,5333.5150855102,5403.26525551021,5235.69784959184,5227.6697144898,5339.16707653061,5204.77941836735,5262.85082040816,5114.30120510204,5183.59842010204,5123.32105020408,5244.01493061225,5186.91556908163,5113.74041908164,5222.11162377551,5332.00007877551,5399.02241857143,5216.80912714286,5154.41472530612,5368.89332183673,5341.37422122449,5360.92312122449,5274.03907122449,5269.06285122449,5216.89387571429,5243.68695938776,5395.32915204082,5381.83066255102,5226.0026982653,5273.76511069388,5426.58626489796,5355.27525214286,5416.43641714286,5474.55804214286,5392.90847959184,5341.94109132653,5293.42477204082,5400.11196759184,5473.65163877551,5479.37259377551,5302.51063877551,5340.57423877551,5407.75487438775,5437.79076938776,5328.25350816327,5076.96198061224,5236.89723061225,5304.08663265306,5199.35389081633,5224.15998163265,5269.97273489796,5248.00385204082,5207.90491069388,5384.35741714286,5294.64065979592,5403.73656367347,5488.60792862245,5387.99407479592,5607.97589591837,5629.18867244898,5599.35458346939,5533.49652653061,5526.06398061225,5447.59438469388,5426.8605494898,5573.14011642857,5726.30909530612,5706.60621387755,5597.01210428571,5421.54648438776,5470.43062244898,5354.57201721429,5651.71653857143,5577.44542469388,5571.07678653061,5611.85815755102,5611.23471744898,5499.3179794898,5671.92365163265,5611.01212,5584.01341412245,5637.67482367347,5465.63852738776,5460.49468673469,5428.66906428571,5328.06232785714,5536.0717747449,5369.34899612245,5386.53948183673,5277.8490244898,5252.31663377551,5095.61170877551,5213.92781020408,5351.26347918367,5262.58430642857,5241.62298714286,5382.14309346939,5359.11819122449,5466.4604205102,5326.86350163265,5186.91855265306,5260.77278520408,5355.22369306122,5338.54399908163,5157.26311285714,5228.96199295918,5325.03785520408,5402.00943367347,5299.39965408164,5214.42898571429,5350.19445714286,5442.0344,5432.09572255102,5288.59985489796,5267.80391295918,5318.88868663265,5332.74718040816,5147.07761918367,5332.79696122449,5456.60496214286,5372.99242663265,5347.3139994898,5408.8232844898,5337.22162071429,5222.67506357143,5268.8412472449,5283.74040561225,5273.35908683673,5241.81784336735,5294.03673795918,5255.42269346939,5322.66682142857,5306.60530591837,5468.38191632653,5395.71307714286,5449.1657422449,5452.0765222449,5457.76383459184,5256.93012714286,5313.84695928571,5142.51890928571,5155.23874357143,5325.59458918367,5244.22810989796,5309.24575734694,5327.90952387755,5396.77701122449,5325.16064897959,5380.53205755102,5296.78470142857,5454.1802244898,5453.59521632653,5317.56241122449,5442.66549336735,5323.90795816326,5458.53251887755,5294.96880765306,5511.61067214286,5357.01036755102,5562.43215571429,5364.09723836735,5332.5081917347,5485.64177142857,5634.31875714286,5546.62541938776,5608.43958061225,5478.73094897959,5589.63878897959,5526.06029591837,5510.41603591837,5397.89212234694,5348.53778234694,5399.49985510204,5403.13367765306,5462.12765622449,5471.16874897959,5325.4124755102,5363.59810785714,5328.25287285714,5218.27392938776,5322.11246438775,5280.91606244898,5206.63926857143,5222.03211112245,5288.04937408163,5573.29724285714,5496.35590408163,5301.35488061224,5216.02536428572,5194.31453285714,5253.0325972449,5096.69550469388,5193.82622163265,5259.61734540816,5266.10868040816,5234.11768591837,5358.03968734694,5520.463185,5533.31580306122,5451.96976322449,5433.89504822449,5364.55068006122,5354.96044787755,5483.24941102041,5548.50109540816,5404.41617122449,5422.06347346939,5182.68102295918,5289.00734938776,5430.99162938775,5327.5752722449,5319.4865222449,5296.34524612245,5430.32783153061,5375.79366887755,5480.38504663265,5535.77918122449,5323.14251040816,5413.6720382653,5405.28052551021,5577.94251653061,5515.68176704082,5396.66440857143,5620.10339081633,5534.22925918367,5400.08276938776,5457.28052244898,5211.73726734694,5250.22539387755,5337.121065,5306.68486309184,5501.63876632653,5603.72686438776,5317.69967755102,5237.72629632653,5185.85518061225,5254.00000612245,5292.1359282653,5409.44599989796,5348.64698897959,5537.08707959184,5440.09661734694,5345.93912377551,5218.86522877551,5217.32945408163,5187.94894408163,5272.40201755102,5333.25361255102,5228.15651540816,5248.22193040816,5308.36924795918,5375.92022142857,5272.21163694898,5237.92964344898,5247.67673693878,5228.06148653061,5152.13253714286,5371.95903163265,5206.77391163265,5333.53085163265,5155.29777918367,5110.01841591837,5306.2835455102,5308.5003955102,5320.13916316326,5343.34044693878,5390.06085102041,5405.87529683674,5290.75632918367,5320.35234904082,5256.31064602041,5226.76343591837,5216.78842336735,5203.87374459184,5296.60569836735,5234.67110091837,5310.15256326531,5233.17783571428,5227.35527387755,5250.17495,5260.65622755102,5465.71351571429,5305.49790336735,5320.12777489796,5231.69348244898,5377.98994081633,5279.56029693878,5291.22370551021,5264.81178255102,5403.90739122449,5222.73986091837,5470.5874527551,5524.65469530612,5473.60284489796,5413.1134567347,5356.19460173469,5319.85314183673,5319.60796,5425.29293214286,5421.34501061224,5387.98126061225,5341.08861326531,5458.01614938775,5351.45216877551,5495.23515,5551.98325040816,5548.84693030612,5426.55701704082,5668.844915,5526.70616479592,5517.49202,5458.84115183674,5260.30423653061,5252.40963326531,5449.17169020408,5231.17490346939,5147.92061255102,5199.5812372449,5293.02844927551,5374.91091283673,5399.13251867347,5505.92283295918,5437.73890204082,5464.26986020408,5358.73157204082,5320.61324857143,5344.96298744898,5287.74698734694,5152.45013992857,5316.27076367347,5176.60648836735,5186.2529372449,5276.9751272449,5291.31187540817,5204.23235040816,5218.32675540816,5225.87380071429,5292.95511867347,5220.98383673469,5377.18128316327,5402.2805327551,5441.32951122449,5468.72581122449,5420.07743622449,5263.84885816326,5253.87259591837,5136.74839591837,5163.47791530612,5225.95631693878,5236.38131653061,5223.63501285714,5305.94325285714,5459.53838826531,5482.29088755102,5457.11714693878,5470.54266734694,5427.57138367347,5445.22820244898,5180.31284040816,5254.33402734694,5362.35374387755,5345.48117683673,5244.2244677551,5366.04167877551,5223.78132867347,5224.53911816326,5306.70082173469,5228.26085632653,5379.36682755102,5430.09294897959,5542.48655612245,5389.66064612245,5399.49414061225,5306.12725204082,5449.43171326531,5238.81210469388,5283.93960469388,5340.09608020408,5529.83931520408,5459.33361908163,5483.80425428571,5588.33858530612,5484.71840091837,5572.16460969388,5488.56275969388,5421.75079163265,5535.08039877551,5698.50872734694,5590.88843428571,5324.25331428571,5298.98860612245,5518.76632438776,5387.03408530612,5274.42017122449,5273.26025306122,5242.84868387755,5351.20842142857,5623.9599377551,5496.29771632653,5423.98955612245,5509.88777142857,5243.8115822449,5154.11270918367,5225.97772581633,5389.52560734694,5239.28029734694,5347.21669734694,5324.62531183673,5327.28018,5370.28174979592,5248.13089459184,5295.17420316327,5325.24070704082,5162.29074285714,5368.23980959184,5388.01110755102,5453.4942094898,5257.96576479592,5271.01740663265,5434.1690494898,5387.47044520408,5452.88502673469,5416.00629632653,5430.61974938775,5343.31154714286,5174.44068877551,5405.55888714286,5460.82522959184,5222.36933122449,5423.38588234694,5362.37967734694,5415.62105306123,5345.98129010204,5434.0461105102,5196.5608994898,5176.9304494898,5190.09988846939,5251.92204867347,5307.88958367347,5199.44721673469,5172.83875928571,5333.28046785714,5153.9885594898,5190.0266494898,5097.70809142857,5315.70380428571,5279.85442255102,5127.31084571429,5092.82267010204,5190.95111132653,5218.20087734694,5352.40182734694,5230.43959693878,5292.6664277551,5495.30341285714,5479.22515204082,5298.2174227551,5435.25530204082,5259.30597295918,5559.72658469388,5500.14835683673,5564.47098683674,5574.96143306122,5618.21195306122,5663.9488877551,5508.41195612245,5610.96566785714,5384.74239285714,5481.05576428572,5508.69903734694,5639.1369255102,5506.81770755102,5440.72037755102,5566.62550714286,5490.65184183674,5497.41174183674,5269.68761734694,5255.90286122449,5405.34042857143,5464.5788377551,5566.61680714286,5499.51719714286,5388.67487959184,5456.8362122449,5520.87429489796,5607.60229489796,5526.54626632653,5537.49270714286,5574.04075714286,5718.82252214286,5672.26635571429,5573.6185877551,5548.72185510204,5580.45208214286,5758.74123826531,5810.95514897959,5792.45387683674,5758.35589183674,5533.89329489796,5641.10507089796,5608.27251171429,5566.52882653061,5443.86845653061,5458.97934428572,5382.2088489796,5392.54069510204,5550.95899510204,5412.04184632653,5517.13612214286,5546.64446091837,5576.60494806122,5487.60526734694,5489.40225683674,5469.24370377551,5457.70238877551,5394.19106469388,5323.02633969388,5419.65063357143,5419.1481877551,5432.6113877551,5400.18398846939,5528.15369846939,5598.46850346939,5595.35233183674,5533.06727459184,5455.50622959184,5142.01816632653,5523.46951938776,5575.03522040816,5612.66419102041,5677.73828602041,5639.93198459184,5523.29817959184,5569.04622959184,5254.52989561225,5390.63004897959,5300.13497479592,5138.97819020408,5220.25108061224,5403.41053061225,5230.5215122449,5436.36915204082,5358.0857744898,5285.70842346939,5276.66162336735,5432.21751214286,5372.41302336735,5245.38322642857,5270.62661836735,5240.16562755102,5334.34964693878,5423.73134693878,5443.27101428571,5344.36226346939,5453.89754489796,5261.63669744898,5272.04864132653,5295.19455867347,5160.04027852041,5239.23388505102,5215.78109510204,5256.55696,5133.81611183673,5202.35353346939,5097.00744163265,5104.73998591837,5249.93806938775,5279.00881938776,5396.48935306123,5325.37958816327,5632.57990346939,5525.25387551021,5524.81767744898,5439.99312744898,5457.50825244898,5400.3227605102,5456.65887551021,5503.2695755102,5560.06944701021,5566.60143680612,5472.56723945918,5557.35282160204,5626.64393673469,5479.50391734694,5652.26058265306,5616.91494285714,5518.29150612245,5444.01266336735,5479.02458265306,5350.00002265306,5581.08288877551,5642.16843877551,5442.08599081633,5506.97249897959,5582.83421897959,5636.108875,5656.41412357143,5571.54982357143,5468.31685816326,5546.80887970408,5496.34215204082,5340.02997510204,5440.82436510204,5358.33075510204,5166.63082163265,5292.62775408163,5075.0713622449,5006.27291091837,5126.99595142857,5274.23896153061,5346.29766153061,5430.15871653061,5406.18192673469,5377.19568673469,5205.08000061224,5349.59810061224,5352.00906693878,5352.92931693878,5176.94779591837,5096.54772081633,5258.88977785714,5219.76443295918,5100.4593277347,5096.17729773469,5190.55163889796,5182.34884020408,5285.54707714286,5352.22966959184,5259.97816959184,5239.86473193878,5281.81786022449,5380.81751255102,5433.06577755102,5436.47899928571,5373.94048877551,5418.41046377551,5243.12678877551,5189.49459295918,5203.87183183673,5320.86753357143,5480.03065204082,5024.83514428572,5138.03110510204,5094.99182510204,5301.71851428572,5201.0254105102,5188.03985612245,5196.41268744898,5300.29149,5153.89441408163,5285.14054693878,5166.51363877551,5284.41396591837,5213.72593765306,5196.86964959184,5235.48714244898,5329.84134244898,5266.42214102041,5374.63665081633,5113.39070081633,5195.26512102041,5311.52635979592,5291.37921530612,5174.40039285714,5352.87837530612,5251.13205744898,5303.95922204082,5383.79117204082,5400.12758489796,5162.49515489796,5209.18609673469,5022.89919591836,5089.94796244898,5396.94271663265,5392.17303040816,5348.89350102041,5447.94537428571,5470.58542397959,5242.34595510204,5269.94003857143,5535.34155989796,5436.30017438775,5298.91993877551,5473.83301836735,5505.04998510204,5404.83718602041,5356.59662663265,5374.85676479592,5400.50893979592,5486.25063469388,5412.53895,5413.03222612245,5308.16693,5096.96738,5157.40684387755,5272.37706102041,5364.14814204082,5238.1432544898,5249.130325,5181.54595979592,5156.53545091837,5370.33100408163,5219.79760408163,5320.67985479592,5289.04389479592,5124.19880306122,5266.2169744898,5240.69993928572,5452.76077428572,5416.98616428571,5378.98740816327,5360.47345816327,5387.84826285714,5436.74434387755,5407.58133469388,5455.89634714286,5448.03417142857,5530.40812653061,5495.73190102041,5291.47372408163,5255.21461244898,5394.29341244898,5257.41755244898,5231.76206244898,4963.27106244898,5040.54813744898,4921.47514714286,5224.34074714286,5454.01684714286,5337.74195714286,5336.64230714286,5341.64238265306,5196.51900265306,5375.40766020408,5264.15184520408,5309.63138061225,5371.69051020408,5259.94632357143,5312.70694469388,5212.27591183673,5198.76920683673,5227.07116806122,5263.18360795918,5098.86276295919,5174.98697346939,5323.21154183674,5128.93313673469,5285.69379057143,5146.78863057143,5184.29560428571,5105.69227653061,5102.49319153061,5077.77037632653,5251.75126632653,5228.60219081633,5160.75932122449,5311.34080714286,5484.91874193878,5471.11334193878,5365.62712193878,5415.85098173469,5541.55430051021,5414.3019505102,5454.65188316327,5520.97187295919,5517.81270408164,5416.60643571429,5560.83616183674,5602.23626367347,5572.20650265306,5574.10367265306,5607.01901306123,5492.17796806123,5683.15123979592,5490.91708979592,5412.39230979592,5373.72680979592,5344.89237806122,5532.95940306122,5389.56851683674,5283.56497183673,5310.74148683674,5288.02103204082,5244.40471755102,5116.73405346939,5095.9275944898,5195.8432294898,5350.86261744898,5187.69223306122,5368.73870459184,5352.68371459184,5385.22850061225,5249.81323469388,5359.11503265306,5417.57159897959,5378.60092653061,5436.62193346939,5223.31777846939,5323.12724448979,5318.56333295918,5258.51420867347,5124.67852204082,5226.99579183674,5317.22864122449,5458.5607755102,5477.36775244898,5356.4022094898,5453.21194132653,5265.13166397959,5329.91681183674,5312.71495408163,5256.05687581633,5137.30711183673,5072.53979489796,5320.01357040816,5484.23925744898,5499.84622030612,5525.23785469388,5445.32287142857,5413.82764357143,5439.42932857143,5401.83678877551,5428.61537377551,5367.67496765306,5267.65859183673,5093.73452959184,5362.72182112245,5432.74237989796,5465.72746989796,5278.99636459184,5440.06496459184,5409.01150193877,5406.19621702041,5342.78556285714,5267.70047244898,5233.56051969388,5189.40682969388,5260.18060969388,5230.67833367347,5190.21245091837,5178.0767622449,5353.78718979592,5291.29884979592,5329.93449183673,5213.59933469388,5182.95649244898,5290.15996020408,5394.04967918367,5455.69325102041,5416.52466326531,5331.55240295919,5225.95674612245,5221.39208336735,5308.36610102041,5373.00815346939,5415.54484285714,5498.67681713265,5360.36910866327,5401.63975080612,5361.4469132551,5456.41676244898,5489.97842865306,5488.94258581633,5443.27437204082,5490.53341530612,5384.38124846939,5415.36926489796,5506.64911510204,5491.95120867347,5522.82662255102,5409.15490928571,5426.05973959184,5268.52072561225,5318.50243193878,5198.86184295918,5486.35726836735,5248.82250530612,5219.00523714286,5311.16953479592,5293.47753979592,5256.03698244898,5341.30365544898,5418.83357228571,5339.2328557551,5409.89871928571,5294.95062438775,5507.38093734694,5405.97611285714,5430.24925918367,5339.29480346939,5184.64172142857,5284.24134897959,5461.16712081633,5326.62701357143,5132.92918540816,5065.20504846939,5301.21237346939,5459.72486489796,5494.67641551021,5530.4380077551,5563.13571836735,5460.92241428571,5498.21668928572,5492.51974285714,5516.00632969388,5465.62771122449,5355.91207857143,5284.42542857143,5282.88362142857,5302.55537142857,5412.01632959184,5421.38007959184,5426.89601326531,5296.19939081633,5221.69747040816,5274.17051938776,5337.43748183674,5098.93777163265,5078.9675174898,5184.53160561224,5187.28463571428,5245.72793377551,5202.60882020408,5395.25550183673,5393.75254816327,5360.01924897959,5181.81565897959,5156.8681977551,5157.76634183673,5253.13646485714,5262.41089969388,5211.04112469388,5266.5895155102,5220.46029285714,5214.58748285714,5145.17007285714,5359.10561004082,5263.86885016327,5211.69393540816,5147.0314694898,5210.27649673469,5342.67601734694,5372.97896959184,5431.97523428571,5331.7367477551,5341.92057795918,5199.14368571429,5364.27656285714,5200.34706489796,5309.16115306122,5265.88466959184,5428.77767816326,5454.91161020408,5357.70364346939,5296.92162887755,5253.55367387755,5226.70687969388,5302.28589204082,5248.36333510204,5237.57587734694,5294.74691428571,5434.6895255102,5366.19071693878,5325.34862102041,5255.31592959184,5302.51396806122,5253.27272153061,5181.92576510204,5024.12154897959,5369.7810827551,5398.06483785714,5246.03496438776,5341.51569346939,5224.635885,5417.49885714286,5265.36294755102,5164.00788051021,5080.6024127551,5182.21179571428,5251.85519816327,5147.23565377551,5179.74345377551,5184.61137438775,5388.50758826531,5408.47233122449,5509.69944122449,5350.22569795918,5378.16083571429,5381.90438571429,5400.40533979592,5295.38306938776,5425.11671438776,5393.71378683674,5349.17511142857,5417.41209591837,5323.40082653061,5322.76346663265,5270.96349489796,5089.39674489796,5241.79788163265,5181.69968469388,5182.23294693878,5172.40639688776,5187.23761734694,5285.83278061225,5410.02879387755,5612.64239295919,5650.16395795918,5696.09304295918,5338.67000204082,5475.12988234694,5357.90560234694,5558.85066734694,5352.68912346939,5347.74838357143,5314.66889581633,5439.2695377551,5370.32491530612,5342.36521938775,5439.14252959184,5445.32944489796,5557.78000714286,5498.19143163265,5573.88855663265,5457.99976163265,5267.86795510204,5435.85838673469,5285.74509173469,5591.49169255102,5593.68365612245,5584.97533612245,5527.23758612245,5327.04890612245,5315.85816326531,5514.83904693878,5299.69464755102,5477.8777177551,5473.84106836735,5493.01402765306,5515.03467132653,5548.47780153061,5201.49341408163,5434.61090408163,5507.84889408163,5485.59575387755,5402.09757887755,5319.26117887755,5348.46897346939,5433.76026734694,5308.11188673469,5395.94294591837,5441.85543877551,5611.33385408163,5547.36859683674,5605.0937677551,5200.11876744898,5400.6216122449,5291.47819969388,5186.45198142857,5601.63458142857,5565.22583142857,5455.61633142857,5735.92109142857,5560.11620632653,5551.06868387755,5533.31168693878,5400.82396612245,5584.31859387755,5571.82364081633,5509.22744081633,5558.37529081633,5557.6144394898,5231.14471173469,5482.48614897959,5293.22392346939,5396.24940204082,5478.87807653061,5449.32199897959,5389.66744397959,5536.50025714286,5516.4934,5506.21295,5316.2960122449,5294.2653255102,5229.85422510204,5213.80432551021,5229.7560447449,5272.63720193878,5483.13390193877,5461.48321673469,5373.70027112245,5269.43345887755,5374.90793071429,5394.58474040816,5296.04055377551,5448.61125887755,5290.72901826531,5463.23192234694,5446.91846102041,5443.11765020408,5353.83338408163,5411.44637326531,5360.2639527551,5280.93221683673,5390.45282653061,5478.54192855102,5242.87454722449,5468.21632938775,5417.80177285714,5464.37049653061,5558.11669979592,5548.51530408163,5445.06497653061,5342.3067,5480.4729,5413.53011765306,5578.12337040816,5315.23241020408,5224.45284877551,5281.28070877551,5114.09302316327,5187.88407510204,5221.00939530612,5365.23001632653,5305.68781571428,5329.83335836735,5080.89711795919,5077.34449795918,5069.99881122449,5185.15288704082,5260.1125072449,5074.44598693877,5288.69704693878,5053.85020918368,5287.3006377551,5337.7757427551,5329.77836979592,5321.95001561225,5281.28325816326,5264.9130155102,5248.93809132653,5380.22801326531,5273.54463979592,5166.6397894898,5093.22036673469,5121.9193122449,5252.37327959184,5233.02304979592,5135.40133357143,5157.21702846939,5129.39443612245,5328.38027959184,5437.10340408163,5540.94808877551,5310.06509591837,5255.36710612245,5169.84306204082,5259.60557989796,5347.99842173469,5457.39801173469,5543.82487632653,5443.30807959184,5422.38976137755,5363.39089479592,5379.48682367347,5259.12193581633,5367.54383714286,5151.82696122449,5308.51573591837,5112.0674544898,5202.34424682653,5179.00074581633,5401.20136173469,5223.8241117347,5313.74382816326,5357.2048755102,5418.0440755102,5349.1661122449,5429.13860714286,5381.72333387755,5456.80671479592,5394.40325214286,5304.65585653061,5302.6679755102,5099.77375744898,5149.48379746939,5187.66589746939,5308.5182055102,5237.67833285714,5195.0495,5202.52171071429,5340.87378571429,5442.46075918368,5709.15063265306,5522.05632959184,5466.0020155102,5388.16589795918,5508.94759489796,5377.01187265306,5371.44036265306,5651.49867244898,5593.45151234694,5503.89568989796,5554.87959591837,5536.44518857143,5702.97507244898,5624.52651326531,5525.63429642857,5608.19611040816,5544.44050489796,5808.64940020408,5783.18626448979,5673.81698163265,5629.77600510204,5663.10361346939,5693.84797755102,5631.89389602041,5670.37667663265,5706.19224285714,5659.11804285714,5638.64558571429,5535.40221734694,5572.43945234694,5506.87873673469,5428.68716704082,5526.40694489796,5394.32183316327,5435.14380714286,5387.7408744898,5269.15082653061,5248.69216428572,5392.27397377551,5238.13785204082,5209.74639204082,5293.41860061225,5303.53328561224,5260.04281346939,5276.83247857143,5280.55278408163,5490.73739387755,5411.99233979592,5208.22256734694,5264.53963571428,5435.82839,5478.82503683673,5349.56720612245,5204.45425918368,5394.23159285714,5355.03294897959,5163.69825714286,5495.36792755102,5463.98387142857,5503.01544622449,5425.99952265306,5492.66532908163,5463.596085,5215.33780693878,5289.05805346939,5300.70206591837,5423.60148591837,5462.51544591837,5350.43004591837,5473.81491734694,5332.29775408163,5475.78603326531,5522.93553938775,5374.19662816327,5328.27250918367,5462.33328163265,5314.71410816327,5370.75907959184,5406.83109846939,5148.19480744898,5128.56930204082,5333.48681867347,5247.30387367347,5184.05200867347,5186.11251,5196.25460673469,5203.58987397959,5138.97553428571,5120.23135683674,5177.71046714286,5127.52748285714,5122.59533142857,5000.53707530612,5037.63765234694,5130.04359726531,5212.43943744898,5063.42237408163,5181.26156591837,5253.82340836735,5286.53618316326,5248.44122765306,5295.23841632653,5165.67261632653,5318.10521632653,5403.14546632653,5303.71811632653,5331.90256204082,5263.39991704082,5335.26801030612,5183.92687530612,5191.68838530612,5321.86323612245,5270.7783177551,5185.38400102041,5288.18723530612,5413.61814367347,5295.02967714286,5156.42358591837,5375.01521387755,5502.30338571429,5519.9426622449,5538.49549693878,5499.39808265306,5498.30119591837,5266.04808061225,5278.44848061225,5411.44220316326,5265.4934205102,5159.17126632653,5091.83952622449,5143.30350571429,5220.32246979592,5137.94359377551,5334.42153897959,5250.60253091837,5211.2469055102,5311.12653081633,5171.32873928572,5130.01155418367,5172.33161520408,5237.52045581633,5240.41636522449,5068.82905163265,5401.03595346939,5375.74945265306,5336.55318408163,5292.21069642857,5326.01272979592,5379.39561989796,5399.60381244898,5309.43246510204,5158.05775,5147.56196122449,5202.10715183673,5245.35050714286,5403.23885408163,5206.85750408163,5132.47337367347,5375.02866867347,5125.19614693877,5058.2708927551,5162.45481846939,5049.92721346939,5229.07746346939,5142.48771867347,5176.24862357143,5306.32053857143,5275.79462489796,5400.69103989796,5145.06653265306,5212.2707577551,5303.22562204082,5312.95640755102,5396.48412040816,5139.44059526531,5181.29963265306,5294.05350040816,5114.03544346939,5276.97852306122,5205.05817102041,5206.61262591837,5220.37807408163,5097.74050918367,5291.87904795918,5404.21349602041,5341.94232663265,5276.48260387755,5336.10199387755,5391.78359489796,5229.144295,5192.94866846939,5307.64102357143,5333.4243072449,5404.81772122449,5327.23520857143,5225.56397836735,5376.84034306123,5252.74393021429,5233.01582142857,5255.89160979592,5135.65919734694,5126.74060234694,5104.65225030612,5211.89368530612,5397.92551714286,5285.63321714286,5272.03950857143,5189.29997357143,5295.91671295918,5247.58515734694,5263.97360734694,5112.20133734694,5289.64643234694,5288.80409285714,5238.43063357143,5319.84360306122,5156.78144459184,5454.74093816327,5257.10268673469,5120.17402367347,4977.12541051021,5122.3846725102,5119.41648653061,5250.81320132653,5279.80085897959,5187.11826785714,5348.92566877551,5215.28929510204,5188.33928418367,5318.17316755102,5307.61717520408,5232.23469510204,5297.08290204082,5359.36047653061,5328.41068877551,5447.24139489796,5490.82365612245,5315.2191877551,5342.63130612245,5433.02922193878,5385.83618520408,5303.42427938776,5473.89293846939,5453.06219877551,5431.914185,5296.84263683673,5403.17019683674,5460.54032653061,5570.46786653061,5516.93876346939,5444.30329846939,5507.08102346939,5588.23737346939,5519.30645510204,5395.41420030612,5285.79167714286,5217.70368367347,5175.31089316327,5157.78001785714,5182.46559020408,5201.74986489796,5215.86413959184,5372.00446755102,5340.88674979592,5131.41943571429,5182.07067051021,5145.6059205102,5185.98710734694,4997.85336534694,5077.27521626531,5401.40809744898,5455.11934183674,5354.49979183673,5115.59487377551,5086.41740408163,5426.74781408163,5254.09573693877,5365.68786561224,5341.60151530612,5336.66560755102,5353.77172061224,5354.9805327551,5252.77411234694,5258.06873877551,5042.71688081633,5264.24383163265,5361.42827387755,5224.44301612245,5326.32544408163,5337.40376938776,5413.64937193878,5395.58386887755,5319.66608091837,5393.94863938776,5462.73750295918,5358.29884979592,5208.18574204082,5215.9305,5212.3516355102,5350.20209418367,5331.45395030612,5377.34777836735,5377.92679399388,5312.58406674898,5442.28967489796,5349.66566183673,5435.11384285714,5453.54389489796,5466.58069061225,5498.04895928571,5505.88649928571,5514.7483194898,5602.22065653061,5399.00474438776,5471.70129622449,5490.94002153061,5439.02122193878,5485.64923295918,5496.67684561224,5436.94911867347,5430.56586428572,5446.68281602041,5466.58375612245,5511.68603795918,5520.36981561225,5353.64873708163,5347.90073708163,5360.80543708163,5260.69206734694,5388.99839489796,5216.92071081633,5181.59119653061,5227.76213918367,5309.85101030612,5208.8319544898,5299.4205044898,5379.60121020408,5367.14751520408,5227.43187132653,5288.39557408163,5198.56286959184,5202.26133418367,5331.5493622449,5312.02538989796,5235.17410204082,5158.05470234694,5195.50718193877,5108.67796632653,5310.70343887755,5233.02511836735,5185.31949622449,5218.40331734694,5146.96175204082,5151.4040405102,5386.04639113265,5377.05878469388,5358.23050081633,5307.13735969388,5135.32899561225,5271.39985571429,5266.04600255102,5379.34207693878,5507.22264693878,5365.19790612245,5557.82191326531,5363.53605918367,5541.8174622449,5568.21516295918,5656.64745357143,5523.08323857143,5561.7761227551,5401.72492438776,5404.71143979592,5336.11442010204,5254.94980877551,5600.03332020408,5573.13773918367,5580.90673234694,5538.29408734694,5465.43316612245,5524.50234561224,5539.08231346939,5633.26747346939,5592.07061326531,5671.72928030612,5467.45479693878,5505.06094193878,5525.3931622449,5504.5027072449,5267.23013408163,5238.52830540816,5330.63916530612,5433.31635020408,5490.16004316327,5269.22520816327,5428.40373693878,5347.86260367347,5363.9737322449,5405.59798459184,5338.60260295918,5250.24844795918,5369.24875836735,5553.06460709184,5538.95549346939,5382.7153432653,5285.40987877551,5380.63525428571,5303.08560693878,5243.41544326531,5172.66758173469,5200.67464306122,5385.43722295918,5130.41402765306,5064.43946102041,5068.75284693877,5328.95610493878,5435.1525277551,5360.5314122449,5174.54169285714,5338.04892346939,5333.64982377551,5207.75420163265,5172.37346428572,5272.4938877551,5276.74405326531,5334.97877518367,5267.69904581633,5262.28385285714,5103.16604142857,5318.69035204082,5341.5079022449,5475.51568326531,5438.63051979592,5498.05118857143,5541.10990816326,5475.36369,5409.32958,5296.25792857143,5304.37933867347,5399.51772244898,5230.40310755102,5369.08331061225,5384.75816316327,5441.83955346939,5268.21055265306,5125.26631091837,5242.26693244898,5289.18146438776,5139.15282183673,5231.23574306122,5081.98709306122,5153.03336867347,5130.51538367347,5128.46458346939,5077.3019944898,5157.5542344898,5111.26944142857,5136.81379642857,5125.64674642857,5045.92759642857,5219.77411734694,5083.82413571429,5291.89743571429,5289.5385805102,5050.25316255102,5141.29699928571,5037.94333469388,5150.34132408163,5117.56558836735,5183.75913571429,5187.02403755102,5202.14074306122,5240.82860204081,5289.56123887755,5370.45204153061,5333.28657153061,5246.94954857143,5389.4838894898,5182.9671005102,5275.09860102041,5236.564306,5157.86867836735,5184.86801673469,5247.86847959184,5462.38569408163,5604.56189357143,5371.60453162245,5235.10218306122,5244.47166489796,5342.86826591837,5367.11262142857,5190.49994591837,5270.49282071429,5343.21406367347,5252.49784357143,5293.50428202041,5217.04241202041,5165.4452022449,5268.68896632653,5061.45312438775,5146.6048894898,5111.70533612245,5257.40988010204,5219.61683938776,5387.08268938776,5256.03494938776,5096.17213938776,5191.94363938776,5153.69405326531,4996.62097734694,5176.81620479592,5194.07910632653,5335.27179632653,5194.31266071429,5460.23412806123,5579.87180295918,5610.60125295918,5288.80553295918,5359.08018918367,5511.49057265306,5452.88759061224,5599.73166632653,5691.92345408163,5672.98298112245,5671.98015693877,5518.1343755102,5615.98008142857,5514.61615459184,5392.98074071429,5356.07297295918,5399.57941173469,5373.23417255102,5497.06992755102,5527.146305,5382.13057122449,5433.57659204082,5613.64029265306,5489.47129,5453.33498010204,5611.44612795919,5347.72483122449,5470.59656122449,5392.11482653061,5531.99841204082,5472.52500826531,5401.33950693878,5336.93963265306,5228.46147183674,5310.05367183674,5272.8467955102,5206.22791765306,5499.06950785714,5477.18750306123,5415.53676122449,5448.13861979592,5310.85185714286,5436.59790204082,5458.21518673469,5527.77148459184,5352.23867959184,5290.99213265306,5379.8152755102,5504.12546632653,5471.94653622449,5660.56030744898,5442.79526510204,5400.59154418367,5236.19686418367,5291.57455306123,5136.31593928571,5238.9431122449,5424.90558877551,5393.3194405102,5246.43498438776,5458.64791938775,5284.11450653061,5430.07877122449,5344.84450285714,5279.03044265306,5229.36370591837,5415.5451622449,5337.0358867347,5537.70965,5546.46298,5474.56062306122,5421.4214905102,5398.60941673469,5604.84440377551,5431.79267459184,5335.99921959184,5351.43305510204,5294.30833571429,5253.96441969388,5161.07392377551,5474.62871795918,5331.49858714286,5458.68088877551,5309.56122959184,5344.03694591837,5298.56850663266,5185.64465989796,5189.88403489796,5219.41471489796,5255.46412755102,5389.23505102041,5510.32135102041,5532.4358244898,5472.73981551021,5603.75731551021,5565.68284051021,5563.7724755102,5487.81592551021,5528.95507551021,5352.14254173469,5306.65808673469,5363.35091836735,5259.99290336735,5449.26374693878,5382.52794693878,5354.79249693878,5197.50021393878,5381.61237244898,5492.06309408163,5494.24869806122,5282.31174806122,5555.96951020408,5562.21879897959,5385.85421397959,5327.30202061225,5410.6135677551,5271.02644132653,5427.82940295918,5458.57620887755,5400.34335183674,5419.7598527551,5412.4231877551,5294.7929027551,5274.69922102041,5194.50157102041,5098.47565306122,5187.7326855102,5064.57546857143,5244.32705714286,5230.35420081633,5004.43635081633,5032.13123081633,5220.66518938775,5217.97743744898,5163.43206408163,5241.77714408163,5307.37974408163,5368.1793122449,5346.68521571428,5285.77447204082,5088.16598928571,5147.05989714286,5311.74363346939,5362.09341314286,5257.80658581633,5348.51592204082,5305.99626010204,5387.08142806123,5417.78408989796,5208.26023693878,5267.70486744898,5231.72382357143,5372.30860857143,5354.0402677551,5372.46249357143,5447.94065714286,5320.39132765306,5388.20950377551,5349.7965244898,5330.10611816326,5331.37126326531,5304.86351326531,5324.67492326531,5333.46217326531,5352.34984826531,5258.35678734694,5256.59994653061,5370.58634387755,5487.9040277551,5412.0808377551,5403.7222877551,5415.62121134694,5548.20494234694,5455.58716765306,5549.07683295918,5479.5525877551,5382.94106571429,5419.92858153061,5357.41042653061,5319.26868163265,5332.49348163265,5481.93355969388,5485.97433469388,5325.1205067347,5419.96004061225,5227.27678408163,5328.27248612245,5281.11625040816,5366.59260367347,5435.17841285714,5443.37980295918,5327.43034622449,5393.62664632653,5395.68495438776,5387.61168336735,5237.09212489796,5355.91642091837,5290.36989020408,5406.90268173469,5403.0873394898,5312.37119255102,5160.06769989796,5138.32988377551,5403.90328367347,5380.49071734694,5290.33688061225,5281.24084142857,5235.34761765306,5351.51197,5224.68800663265,5225.70690979592,5098.21820897959,5419.07620653061,5431.95871326531,5527.21784183674,5482.08715244898,5333.4575622449,5428.88041010204,5384.10555408163,5340.35481530612,5296.92778265306,5256.38582591837,5291.79549755102,5312.30774755102,5178.77689040816,5253.9917122449,5332.13138112245,5329.71753122449,5327.62928836735,5348.19315469388,5386.92998785714,5289.29576153061,5491.92668153061,5355.57284612245,5303.51322979592,5366.14336734694,5346.29912734694,5253.07397734694,5370.05265938776,5304.45174938775,5235.96059357143,5160.5480167347,5204.48682346939,5209.34467346939,5435.44691428571,5226.28194530612,5260.78521285714,5361.07032285714,5278.02161959184,5159.48906959184,5122.09516816327,5249.60443,5292.63342928571,5327.79866163265,5304.65647244898,5289.8372872449,5400.10648081633,5262.19560816327,5048.74935316327,5413.48779295918,5327.66998969388,5391.79183,5338.05290704082,5110.00017091837,5352.23320714286,5403.2917844898,5477.54277234694,5476.27669734694,5520.35881255102,5355.9204705102,5423.34270081633,5451.87894081633,5375.90404081633,5534.63673887755,5523.12739387755,5377.72474387755,5305.58016428572,5437.93522959184,5424.59231459184,5345.51691459184,5304.77731734694,5329.80211734694,5469.38080918367,5387.75609734694,5386.59276734694,5422.52873357143,5331.60574122449,5239.63629806123,5178.61634265306,5277.15901102041,5406.51092632653,5441.59524214286,5258.09690928571,5264.78388714286,5183.06861204082,5295.8445922449,5260.50967204082,5075.38109581633,5138.2440155102,5184.03011551021,5135.94675091837,5298.30309036735,5270.41183593469,5288.00585857143,5288.30596207143,5329.94610653061,5211.6641927551,5277.49611979592,5325.99937336735,5197.26380642857,5128.28193142857,5232.27366816327,5170.03287877551,5138.55979612245,5380.81904132653,5194.07046591837,5174.03311530612,5264.01273959184,5272.03841551021,5348.7773,5338.34835612245,5403.94335204082,5321.21519285714,5384.59600510204,5391.58723410204,5451.79758510204,5299.5179244898,5307.93444469388,5379.28854693878,5346.91529193878,5262.27429693878,5188.00996285714,5194.89609244898,5306.38354306122,5153.84582244898,5259.24035673469,5206.61160459184,5122.08925367347,5185.20478489796,5285.4765672449,5177.67991785714,5150.79794908163,5210.67080959184,5361.32554122449,5172.18966438775,5207.10773663265,5241.4384477551,5315.8942977551,5157.94249081633,5125.70921581633,5182.65195418367,5125.31003938776,5157.16002591837,5036.91971061225,5130.24965408163,5096.21307306122,5023.47664357143,5150.19206857143,5130.64536367347,5151.85728065306,5173.56107938776,5272.41747653061,5330.98935816327,5159.51586887755,5205.53337714286,5311.29443142857,5303.8383777551,5240.48777142857,5143.19498755102,5282.59061938776,5183.87447714286,5069.48877336735,5060.89891653061,5225.48452154082,5068.10958306122,5012.95395193878,5173.92769663265,5135.6717677551,5158.02173795918,5170.80670979592,5329.48820082653,5148.33358142857,5214.97207142857,5214.51096204082,5233.16055102041,5267.78944591837,5334.1934144898,5115.61063755102,5250.7934977551,5391.55064122449,5365.75142142857,5548.77965,5600.2043,5468.9216,5415.79975,5474.53112622449,5487.23491081633,5369.59313479592,5404.83994387755,5387.79885714286,5449.17204887755,5419.946083,5363.51141122449,5286.89156020408,5075.89460704082,5303.50901204082,5354.91696204082,5314.54139204082,5327.67657204082,5379.7449705102,5262.69170051021,5303.79048530612,5370.45692642857,5410.88438877551,5256.19631306122,5278.63865918367,5362.81069510204,5316.34964204082,5435.78259795919,5425.10255602041,5484.2357694898,5304.4939194898,5399.05700102041,5355.76108397959,5185.19352571428,5378.53905387755,5396.16057081633,5333.73578214286,5194.92455714286,5233.63061873469,5281.46809204082,5142.46530591837,5259.57342091837,5163.75869673469,5184.52071846939,5231.14778530613,5298.33998959184,5156.55084522449,5226.99918693877,5293.04650806122,5277.61752081633,5415.23591020408,5069.9479472449,5193.21265642857,5328.26317244898,5347.58339244898,5472.12111336735,5398.6979744898,5423.56288153061,5316.26393979592,5362.14274489796,5403.33757653061,5388.32811734694,5445.76505408163,5361.08234163265,5302.22694132653,5160.48238785714,5258.84301683674,5477.07551479592,5607.28819061224,5721.73234520408,5759.95520510204,5529.73905928572,5488.91489081633,5464.30105081633,5243.86992683674,5139.89385255102,5154.69423255102,5221.93235571429,5220.58340428571,5049.15226530612,5130.15161530612,5235.01346530612,5160.95801530612,5317.8903972449,5367.2023905102,5351.67265020408,5371.13757765306,5244.55271755102,5255.32548591837,5287.07584591837,5233.67403326531,5202.39283326531,5136.90651836735,5079.57445387755,5289.82269040816,5148.1905622449,5165.85809836735,5296.80586591837,5423.50525489796,5172.80631408163,5239.59554693877,5229.46031520408,5252.99752285714,5061.64131285714,5052.58813285714,5094.89563918367,4961.77829163265,5282.13082163265,5177.21687622449,5178.30245243878,5424.5996710102,5370.4623910102,5231.24753409184,5240.11658439796,5191.36517847959,5564.31783766326,5371.72905796939,5392.62152040816,5487.54978479592,5496.66254744898,5562.37596428572,5402.2561255102,5199.84564387755,5320.9216222449,5342.23376142857,5275.23215346939,5156.18737632653,5261.64533367347,5124.5101377551,5330.33432316327,5398.70612244898,5480.95029387755,5438.71369387755,5504.39409755102,5565.00728591837,5591.33480163265,5606.18960163265,5567.085015,5474.07256734694,5372.20251734694,5578.27724938776,5616.62294938776,5518.82519969388,5559.45284969388,5257.11253102041,5413.71612602041,5485.47138102041,5456.4390555102,5422.0520277551,5431.1405772551,5410.1230822551,5288.75547020408,5426.51715122449,5386.03229938776,5300.66129734694,5424.84527479592,5284.4919272449,5288.3003772449,5328.92644855102,5238.40291755102,5249.43680755102,5441.29697071428,5129.63664173469,5182.28759673469,5241.90643571429,5197.53389183674,5291.34131510204,5391.36951295918,5438.35710704082,5302.13557654082,5343.55834438776,5282.36902744898,5438.03938959184,5446.77373959184,5345.61487530612,5392.16966061224,5206.39970061225,5187.69635061225,5341.67534918367,5325.46699816327,5579.19176826531,5496.299555,5397.85805,5414.400965,5365.12555806123,5393.80151887755,5528.17029489796,5419.87792571429,5397.94497040816,5327.78186530612,5319.69717670408,5460.54789183674,5280.84121683674,5205.49569183674,5346.03715918367,5377.00567918367,5432.53059020408,5407.91567020408,5448.52008928571,5437.80007346939,5421.62996326531,5349.30482510204,5435.62718265306,5390.46022183674,5577.34769387755,5471.94004387755,5484.71800632653,5335.99697632653,5410.13447057143,5446.02932057143,5356.9429037551,5249.27153346939,5317.27032489796,5155.8012027551,5153.11947561224,5057.66986264286,5058.77434927551,4920.83763090816,5145.17093652041,5143.57058254082,5050.39577255102,4952.81471255102,4900.51070267347,5008.21910267347,5108.3055905102,5187.08848479592,5213.64403795918,5201.41170204081,5312.68559540816,5316.29686846939,5397.46134846939,5328.92658122449,5378.1063927551,5332.3504377551,5376.94334785714,5187.80534061225,5274.62658193878,5267.58388928571,5306.74301020408,5264.36883987755,5224.10231387755,5215.148635,5164.52192806123,5177.70438122449,5125.12438061225,5154.57233295918,5331.36416214286,5332.81944581633,5207.02586081633,5263.07460306122,5429.70780887755,5210.88814653061,5104.87230632653,5110.81917571429,5141.00849163265,5161.62909591837,5166.88034091837,5103.85011908163,5259.82920408163,5273.67047632653,5327.19504867347,5308.48560714286,5422.11946602041,5407.56469076531,5450.57244693878,5343.03367489796,5416.39264183674,5294.94141265306,5283.83145959184,5103.98887306122,5343.82590163265,5262.03037438776,5118.62447938776,5082.137605,5112.9958644898,5335.57680693878,5240.24567755102,5283.11683653061,5179.01871581633,5397.21877051021,5222.70972183673,5464.26381397959,5304.66942387755,5087.21080097959,5233.62052081633,5201.32454795918,5141.63753479592,5139.63663795918,5194.43197489796,5156.60098163265,5379.65854234694,5447.54094387755,5175.9526305102,5491.02889744898,5064.25166040816,5197.057585,5290.08584091837,5290.32495428571,5286.53744877551,5173.98786265306,5058.50931857143,5098.93956857143,5168.60466622449,5237.25713091837,5391.01738785714,5263.24547071429,5251.69928510204,5292.96213163265,5401.66948877551,5409.87869887755,5418.75683469388,5480.82900306123,5246.7195944898,5365.74899520408,5282.15856040816,5295.90797585714,5407.44426428571,5330.35308928571,5377.54066040816,5433.55504540816,5288.80152040816,5271.55731806123,5311.09673112245,5422.03095091837,5277.04622693878,5257.21661428571,5249.55275061225,4984.09624071429,5239.49036806123,5133.04876142857,4961.60535295918,4951.05105540816,5307.10796673469,5083.49668244898,5220.10954644898,5302.63088846939,5318.13273367347,5025.10172867347,5411.48913142857,5488.6726377551,5278.58258826531,5341.14402877551,5195.85488918367,5168.40535908163,5232.62404469388,5096.20638634286,5180.17032134286,5227.93024634286,5151.85875081633,5187.52205234694,5214.27007142857,5201.50280571429,5084.81510571429,5212.91690571429,5252.34453132653,5174.92224132653,5151.41059132653,5254.55084132653,5340.15982357143,5245.59781938776,5332.22525612245,5355.64005326531,5296.85883081633,5314.32483081633,5375.93388632653,5391.03534673469,5416.80465673469,5281.18824673469,5241.31154420408,5147.79641420408,5330.00911420408,5266.10820420408,5217.05661420408,5312.48455204082,5510.25976622449,5548.01515806122,5586.15378377551,5513.68124479592,5467.0361977551,5491.55557479592,5348.00334693878,5362.90425408163,5438.29442816326,5346.20389469388,5191.20994469388,5432.78985408163,5185.63696734694,5250.32212183674,5262.57588877551,5319.93321918367,5223.31764795918,5297.36160255102,5389.09322071429,5287.53863846939,5041.66867081633,5262.04022469388,5138.85753163265,5176.48442816326,5118.76612336735,5209.47946438776,5189.1101072449,5161.1372255102,5162.27123397959,5157.71763438776,5219.93915173469,5317.52101673469,5354.89064673469,5259.87373683674,5353.25819795918,5386.03432367347,5397.03517367347,5288.28085265306,5354.41833387755,5370.72788326531,5339.36678788776,5254.29014156122,5156.85345306123,5276.94509520408,5182.54508622449,5250.81197040816,5313.57845438775,5148.43353510204,5222.53331204082,5406.62586204082,5360.54691142857,5217.61669438776,5211.42600040816,5027.9949377551,5042.7031877551,5177.3896027551,5291.72574285714,5245.7843377551,5255.61916979592,5281.44572040816,5383.45026,5298.14144836735,5369.54366530612,5152.04581061225,5269.58364908163,5417.49020234694,5574.24319489796,5591.24554489796,5472.68600204082,5500.65286836735,5481.85857959184,5380.99791336735,5447.03663683674,5243.14742346939,5291.78397173469,5458.45869387755,5481.45466030612,5346.82287459184,5370.07503785714,5452.54402938776,5449.8471322449,5358.09856918367,5267.99475408163,5413.19863653061,5297.89551642857,5238.36172826531,5317.17265122449,5178.14315672449,5204.38026601021,5311.48592551021,5246.91808877551,5208.13734795918,5232.76206530612,5211.40917091837,5515.59488591837,5461.49584204082,5498.02530765306,5435.98407785714,5398.15540887755,5517.61245193878,5605.92180510204,5459.06772908163,5469.86666734694,5572.1982827551,5493.70713653061,5572.05717887755,5571.30865744898,5546.6715195102,5564.28050714286,5386.28520612245,5302.77623816327,5442.59658530612,5255.10187142857,5138.52811693877,5295.06955030612,5367.83621530612,5405.55666142857,5244.55110979592,5195.69583928572,5126.81621183674,5326.89084683673,5372.38798704082,5271.72955877551,5230.43830877551,5263.55088540816,5144.91425061224,5192.97026836735,5237.69932122449,5202.16847367347,5198.36331836735,5154.85286755102,5030.79436653061,5093.44514857143,5159.25911397959,5146.04571336735,5261.38213806122,5197.49703173469,5388.91190918367,5249.67125,5205.71397510204,5376.14077510204,5094.97444163265,5107.92482046939,5195.65128306122,5221.28476738776,5115.50007836735,5459.92917755102,5172.95066,5096.12013530612,5209.01472244898,5200.92252836735,5206.48766326531,5266.30296734694,5287.6614122449,5330.21929285714,5371.57575816327,5260.80323081633,5355.67249612245,5283.70133367347,5350.67298979592,5348.90674112245,5305.38689112245,5323.85756112245,5481.14083397959,5459.72981663265,5312.80467581633,5264.2740972449,5432.6319672449,5431.60185071428,5358.70103520408,5414.39290244898,5460.23600510204,5406.07826244898,5325.52427,5331.17737071429,5444.06951316327,5393.56275234694,5322.20588734694,5324.42469959184,5301.11590816327,5323.90166142857,5314.33289142857,5422.75464765306,5383.42382112245,5517.25892112245,5526.14751734694,5416.30343061225,5267.22766040816,5465.12922510204,5435.73956397959,5396.97434030612,5338.41413153061,5362.89767959184,5284.06753571429,5302.38813540816,5350.76093653061,5333.30604928572,5206.35258469388,5244.43434877551,5179.32406,5232.23688979592,5425.1840867347,5209.90054897959,5253.6231922449,5405.3402122449,5350.81536897959,5334.9775444898,5186.16807632653,5402.733225,5493.4272677551,5410.0788277551,5335.45938469388,5420.68496061225,5390.19661938775,5475.95833377551,5334.84701153061,5354.35700642857,5299.37264540816,5388.58086367347,5265.55462173469,5228.50650346939,5302.91326836735,5401.22228204082,5422.03255326531,5303.9394377551,5270.97079857143,5341.80244877551,5234.35066204082,5181.87679489796,5379.94287897959,5430.97574489796,5387.39178571429,5275.25157244898,5276.85679244898,5227.45208908163,5098.51261530612,5346.31991632653,5246.92099183674,5370.49558995919,5376.56192995918,5351.41742995919,5421.74981795918,5440.19579795918,5427.28875785714,5433.87013387755,5392.40901918367,5452.71774918368,5406.54786326531,5471.99962826531,5521.47047755102,5424.9249,5506.28150102041,5539.41970520408,5411.87324010204,5481.50448183674,5248.83020332653,5386.37446206122,5347.8721877551,5521.92830112245,5319.95493316327,5409.08611397959,5256.34681714286,5388.92728632653,5402.75226132653,5598.12037102041,5375.25524602041,5422.00937561224,5453.99552612245,5400.16230612245,5171.51499642857,5141.16368979082,5228.12337204082,5442.74926755102,5460.22463442857,5415.20098142857,5239.36839469388,5315.54379581633,5320.31762122449,5207.79597163265,5082.11292938776,5247.53658040816,5350.74798061224,5298.49937959184,5210.44973693878,5234.45421836735,5178.88145306122,5126.87961322449,5130.95066734694,5210.85614122449,5388.73402632653,5343.03671020408,5236.16532234694,5339.3536744898,5083.28988734694,5178.15059285714,5115.56408877551,5231.05059459184,4979.39555834694,5156.9631727551,5199.81763867347,5123.66746773469,5165.3858927551,5262.4082022449,5254.27798877551,5393.8153744898,5322.58182857143,5217.23847357143,5382.51997857143,5374.94771857143,5187.35953469388,5236.85907265306,5418.1897744898,5311.2720794898
537.795918367347,5531.50915612245,5365.85318367347,5281.55087857143,5430.82743469388,5480.87333877551,5529.91666316327,5576.36146316327,5607.01736418368,5563.16126418367,5443.73772642857,5652.45452928571,5718.67515540816,5712.94983540816,5711.68113540816,5734.53556836735,5759.44205265306,5703.4404755102,5715.42965,5761.6830894898,5487.7034069898,5646.85122214286,5515.36669551021,5474.80642551021,5547.62407489796,5731.91815816327,5750.99541551021,5840.6722367347,5844.8165867347,5695.41038028572,5600.29869969388,5729.72717346939,5680.27283397959,5671.21321673469,5706.42145602041,5741.97482326531,5829.84100806123,5655.36901928572,5681.27684489796,5615.68931428572,5609.72451632653,5503.62498163265,5373.8509055102,5614.30167081633,5334.56811326531,5464.21916214286,5566.37386020408,5565.04899285714,5488.02706112245,5376.84699408163,5353.33473377551,5211.11524336735,5177.16162295918,5126.51988367347,5281.56047122449,5442.71485714286,5489.88464020408,5583.12621306123,5681.40493653061,5625.83501265306,5534.51744081633,5713.37239653061,5589.09467918367,5723.20362346939,5730.95505836735,5702.19151938776,5673.96773183673,5614.02026489796,5858.08633459184,5557.13808479592,5766.81477357143,5478.7640255102,5600.61139354082,5492.557905,5662.80808255102,5738.40088877551,6030.72966163266,6094.46379897959,6068.85929897959,5853.74578397959,5798.00100142857,5862.19747979592,5706.07132428571,5788.22083244898,5850.46607459184,5725.07034071429,5716.73228367347,5879.70353367347,5788.42900510204,5382.55289857143,5445.83376326531,5384.89465122449,5496.76038020408,5483.60409908163,5795.89192783674,5740.33052469388,5519.48447653061,5653.71963265306,5853.24250306123,5828.72750806122,5869.6061,5993.72407295919,5879.11328530612,5740.39108877551,5843.53303877551,5926.77792551021,5934.24988489796,5801.62043877551,5966.89513877551,5744.27146755102,5759.42181734694,5959.86650408163,5738.70742040817,5602.82337795919,5727.39464591837,5750.15250510204,5715.69995408163,5495.73270816327,5560.32612918367,5643.77620295918,5810.58140704082,5501.02010612245,5594.7148,5639.26616632653,5735.68990367347,5716.41485918367,5659.29797,5642.3247944898,5535.58123428572,5418.82827510204,5408.53731530612,5356.88810387755,5454.14387408163,5399.1142,5647.44551897959,5489.2732122449,5731.1263322449,5880.20982485306,5870.61334038776,5747.25072897959,5617.54880510204,5713.94495510204,5542.29659387755,5489.9001,5262.71017346939,5296.36851122449,5302.79624591837,5576.5266567347,5462.86140959184,5440.96214530612,5421.93002285714,5265.66200285714,5510.30754622449,5558.16362755102,5682.33721734694,5669.74828765306,5694.28062632653,5641.9652455102,5652.7731455102,5731.77317785714,5601.26979979592,5575.83655693878,5656.01259867347,5428.39498071429,5500.95558071429,5334.67348357143,5463.26669857143,5416.05392489796,5445.32147489796,5427.96194489796,5426.72586134694,5545.09387193877,5575.79935693878,5622.39852295918,5564.72504142857,5713.61548642857,5629.48246459184,5867.87600734694,5813.46865612245,5577.59308377551,5710.61440877551,5710.83647214286,5607.07537244898,5608.82439581633,5522.19612295918,5584.50217795919,5649.50319357143,5604.0667094898,5732.3366894898,5607.25773632653,5733.46669428571,5651.2227727551,5655.79511132653,5839.60198204082,5708.66046530612,5672.39540193878,5587.88797704082,5619.22837612245,5435.67258755102,5569.07006836735,5404.97024142857,5633.22717061225,5615.63993765306,5490.87139081633,5453.6848355102,5708.72675561225,5504.09568602041,5591.35540673469,5547.33326510204,5461.36443077551,5408.19341244898,5487.97414857143,5394.36799857143,5244.6585755102,5392.31990561224,5538.35702989796,5489.83813367347,5449.92197591837,5352.22754887755,5366.95169887755,5557.74894377551,5576.70913877551,5515.63311663265,5869.25175816327,5888.59300897959,5865.93710602041,5833.4122687449,5571.55033201021,5594.87374731633,5682.01019897959,5737.40907326531,5715.2775577551,5809.84507857143,5776.30316214286,5798.15734459183,5659.92315918367,5635.09787061225,5725.35907836735,5500.59256428571,5526.75361530612,5490.43936836735,5804.92000244898,5647.49343571429,5766.01382142857,5556.55520612245,5616.94455612245,5585.96771387755,5700.23658326531,5735.84070755102,5450.21456397959,5442.99026295918,5149.60712244898,5485.80725693878,5357.97830918367,5266.68567142857,5499.62732285714,5351.07167285714,5401.23605408163,5419.7946822449,5678.6084022449,5586.81261602041,5508.26552887755,5780.85536153061,5663.29310030612,5606.45444045918,5565.16919918367,5766.15199653061,5724.72231255102,5756.84094755102,5707.16860918367,5679.115445,5571.68293285714,5623.92475084694,5751.80691346939,5762.93889938776,5687.47183153061,5641.4039427551,5738.43680714286,5795.85003163265,5780.51787959184,5629.43025826531,5378.05986336735,5586.39717836735,5563.26955591837,5790.14220714286,5806.20560204082,5840.61822704082,5820.67661204082,5755.86336040817,5812.09911632653,5735.57010204082,5758.43823877551,5709.32856336735,5495.08214836735,5481.20510306123,5357.10125887755,5305.30990153061,5599.21713915306,5535.92066816327,5570.66898367347,5428.44134561225,5474.12634561224,5475.65607244898,5613.82084102041,5442.28765081633,5422.72174397959,5281.41650081633,5339.30660908163,5466.4755444898,5443.16930306122,5414.66759163265,5396.22518571429,5355.09266979592,5628.21928816327,5569.29411571429,5582.28870020408,5446.71722622449,5582.20964306123,5555.23644918368,5644.48855336735,5368.86089081633,5534.57506122449,5490.21939693878,5572.70860357143,5645.18057551021,5706.0797,5573.23406163265,5147.1800872449,5377.76901530612,5265.99405683673,5405.61239816327,5418.02627380612,5419.9531944898,5546.91862391837,5505.35555965306,5577.08366530612,5648.80991928572,5642.46943336735,5524.29990112245,5657.01174489796,5721.42306540816,5569.01592918367,5490.74867918367,5532.66611438775,5757.20640806123,5446.79879489796,5542.81299265306,5561.37056887755,5809.41912204082,5539.78189469388,5568.81961928571,5752.59224857143,5702.84952857143,5709.40215269388,5612.97945269388,5565.46839765306,5638.67268959184,5673.68174102041,5534.08881,5384.49610591837,5349.30752326531,5453.20736714286,5433.6008144898,5573.81481561225,5481.80657061225,5474.44679428572,5448.63028020408,5538.96467153061,5456.54228734694,5562.360325,5465.05518081632,5506.2603944898,5450.31455244898,5592.78555530612,5652.45442969388,5417.64873316327,5671.98396244898,5638.62989204082,5620.17948795918,5657.99152102041,5527.98848530612,5525.5156477551,5506.7376577551,5588.36607081633,5684.99887842857,5665.46959971429,5575.96798008163,5474.11498602041,5690.30052395918,5727.21122593877,5888.53098685714,5757.4086,5880.45712163265,5773.29748346939,5646.59723020408,5849.57162693877,5595.98789020408,5644.33107857143,5600.9963755102,5420.90137142857,5493.16076489796,5644.36719489796,5650.89779081633,5662.16540204082,5605.29092510204,5819.96759081633,6102.54377081633,5941.95316785714,6067.60495510204,5769.98415010204,5872.00865306123,5693.9753072398,5838.22644346939,5856.34902346939,5765.32586122449,5785.60826122449,5945.61902826531,5952.77381826531,6034.27942826531,5913.45755655102,5795.42530806123,5817.05343306123,6044.06060806123,6009.42760306123,5981.20750306123,5725.14200306123,5679.67783571429,5561.101785,5465.74101530612,5620.08366020408,5595.57789153061,5526.69173197959,5361.00013193878,5488.03101122449,5596.59889795918,5467.03681122449,5336.55673122449,5335.62386040816,5345.61403673469,5467.92986408163,5413.87322408163,5330.29981510204,5447.53147306123,5322.7893377551,5469.43294693878,5385.77882551021,5325.13006183673,5707.75150554082,5536.43672591837,5627.26461183674,5435.38615836735,5497.27698816327,5529.40889408163,5560.5484255102,5676.78725408163,5762.82220408163,5675.37960306122,5559.62166734694,5629.89546428572,5643.84705428571,5408.85771428571,5317.31671836735,5129.16513938776,5354.19548535816,5610.79594540816,5539.7416522449,5599.0784422449,5667.84495336735,5819.02469112245,5493.97827418368,5575.44403367347,5521.82599367347,5353.04413867347,5557.60664244898,5339.28088357143,5429.64800408164,5426.18800918367,5560.9063622449,5522.55315030612,5387.26810438776,5504.5339855102,5583.70191734694,5351.94984673469,5652.83025673469,5905.94235826531,5902.70319428572,5907.27633489796,5873.00583795919,5561.98986755102,5774.76455836735,5820.57825265306,5719.69673255102,5677.83670336735,5721.61406836735,5670.46848326531,5700.65827281633,5418.44057346939,5481.70289346939,5457.51766357143,5406.54326857143,5601.40319857143,5539.30004857143,5600.70225653061,5304.13730153061,5494.04133653061,5382.51249469388,5738.02073969388,5777.66687469388,5673.0902255102,5636.62133918367,5751.32256755102,5569.77166928571,5699.98515435714,5595.94086530612,5717.20030142857,5708.63713061224,5708.09777316327,5703.82932540816,5552.4576327551,5411.65192836735,5376.57037867347,5444.43608969388,5410.78949716326,5474.4574255102,5565.68955857143,5580.64056428572,5408.97681336735,5320.85794836735,5348.917425,5270.02525683674,5464.27556030612,5282.64625030612,5407.15704989796,5130.41632938775,5262.58801204082,5542.78476683673,5662.76851102041,5483.48347867347,5460.24735642857,5404.86783408163,5334.16391734694,5325.58442673469,5281.8907167347,5375.55252673469,5555.00744387755,5593.88914714286,5519.31615061225,5483.79975061224,5405.04376489796,5237.0202572449,5455.7860022449,5487.85932225918,5704.10545,5679.32925673469,5611.14346346939,5508.47849285714,5313.82251938776,5483.31288308163,5483.05590938776,5571.78765295918,5498.20266510204,5575.56470714286,5668.46383897959,5638.88673061225,5696.41979418367,5690.75960040816,5704.60099204082,5679.27559938775,5846.98338469388,5924.17917122449,5821.52653418367,6070.2425772449,6046.87001836735,6160.27013071429,5954.91444,5912.75531918368,6017.77581428571,5806.22068255102,5867.36451928571,5578.10329479592,5537.40255591837,5410.51910728878,5538.80431769388,5416.17368163265,5436.76743877551,5658.47593877551,5479.75539591837,5291.20629693878,5517.55092244898,5420.85171846939,5460.39563591837,5362.9873977551,5237.8505477551,5342.87519877551,5591.25685408163,5594.36529265306,5527.20947469388,5625.30664969388,5714.18311653061,5677.50661653061,5393.10297153061,5503.36221153061,5599.78391326531,5716.38217530612,5659.75351530612,5637.962845,5567.80004602041,5473.27397306123,5309.30744204082,5339.90959469388,5291.37890435714,5570.44042510204,5519.39456530612,5419.26791387755,5493.75013459184,5630.25505459184,5556.0725072449,5363.84251010204,5311.09329295918,5536.42585316326,5555.35519897959,5408.78005571429,5702.95941622449,5547.49475306122,5259.85868367347,5326.31804795918,5508.48282327551,5623.0415244898,5511.80037132653,5493.46582040816,5564.86916632653,5591.7598622449,5477.68527,5755.45208142857,5648.19083265306,5713.47672132653,5756.49600408163,5797.46627755102,5788.58639591837,5651.82315418367,5612.13379081633,5649.16300102041,5646.58655102041,5629.10151938775,5673.46559795918,5623.74251785714,5490.06428061225,5637.55733132653,5752.40284377551,5614.92909102041,5717.05229897959,5438.24014897959,5453.89114132653,5499.18306397959,5620.56827806123,5433.74361602041,5516.6864122449,5570.55235897959,5500.76015336735,5471.19963469388,5487.72651836735,5347.80424693878,5445.54315306122,5322.02243806123,5522.10812428572,5563.72315153061,5558.62367326531,5534.8590872449,5615.84506516327,5511.08359781633,5693.47933469388,5699.20888469388,5751.73266326531,5557.87887897959,5447.14200153061,5360.509845,5423.37189377551,5367.06154265306,5341.17846428571,5500.64174285714,5241.64857785714,5308.29349418367,5433.66002826531,5520.1593055102,5296.70422959184,5215.26037755102,5317.44108877551,5314.19074171429,5394.82838132653,5221.68367244898,5320.06162973469,5343.41817444898,5349.58307569388,5566.00694918367,5617.16333061224,5290.65930102041,5343.55337142857,5351.14861010204,5350.85411010204,5504.26674510204,5564.6124,5510.64062653061,5447.46050989796,5660.29081928572,5623.80497959184,5434.65378234694,5703.6480622449,5524.37488591837,5553.71794295918,5494.57229,5483.39142438775,5423.36672734694,5531.56394734694,5609.64827428572,5615.55725459184,5501.514095,5425.70698693878,5373.2496587551,5635.20577908163,5487.02074653061,5545.62322469388,5517.76942653061,5420.77152030612,5338.95889908163,5654.33166295918,5700.45674214286,5628.34924081633,5652.94394346939,5520.48977346939,5877.56051836735,5671.99078061225,5694.22704489796,5546.94603469388,5610.09352142857,5551.55290816327,5535.72425408163,5572.09377081633,5434.07676020408,5464.4824777551,6027.81623653061,5965.24012714286,6119.85131418368,6183.22577357143,6300.42080816327,6140.20327653061,6264.95158571429,6156.41684102041,6152.35165612245,5934.96145612245,5937.92571540816,5825.37285204082,5906.95420204082,5717.48151938776,5866.31330102041,5815.54779795919,5621.71151877551,5366.86424112245,5387.12377163265,5313.15523030612,5457.60549755102,5601.05728612245,5768.59844469388,5713.44115704082,5722.82037510204,5552.99613051021,5466.41896918367,5629.15252642857,5806.44626132653,5860.73793571429,5878.33647755102,5692.60037591837,5674.279765,5628.50969285714,5677.68560867347,5661.66174491837,5660.50630783674,5667.92389808163,5630.83956644898,5526.55869081632,5457.96843265306,5685.35897714286,5321.5222777551,5349.6767377551,5338.29333540816,5610.31593673469,5551.22239897959,5630.50969408163,5510.02042653061,5520.0223377551,5480.49519795918,5483.51302591837,5594.15000969388,5545.72320744898,5699.20481642857,5515.82591520408,5677.79455081633,5651.26777081633,5711.83382459184,5678.20408571429,5698.62321836735,5776.74329795918,5827.93005408163,5749.72114295919,5852.75312857143,5894.00356326531,5917.53874387755,5880.45084469388,5757.79854469388,5822.27917755102,5782.13264734694,5605.19562142857,5341.96055102041,5575.79430785714,5500.87514530612,5359.01348744898,5465.02162244898,5302.87954851021,5360.65127010204,5534.16512071429,5439.79151683674,5633.55207840816,5628.21997857143,5570.58887959184,5696.35385285714,5707.94391479592,5679.07477734694,5730.64720918367,5639.80798551021,5448.35427843878,5589.34070585714,5504.12576377551,5509.93973377551,5360.31034765306,5317.42469255102,5416.30474642857,5611.74036846939,5661.82681520408,5442.84173757143,5567.05250769388,5323.16443269388,5408.91896769388,5234.62922769388,5402.35069153061,5439.0220777551,5399.6350304898,5517.08302693878,5412.93678510204,5289.73285285714,5310.57735795919,5497.12704061224,5410.89404061225,5425.40319714286,5338.44633591837,5443.34077510204,5434.68513163265,5318.0805222449,5209.64381438776,5479.32584377551,5687.13268,5748.33475,5725.15385653061,5659.99412346939,5774.55059897959,5612.72741561224,5632.57165061224,5668.62383561224,5643.00251346939,5565.1665577551,5492.24023183673,5579.22221989796,5505.07291030612,5600.93292877551,5599.60354244898,5523.93863897959,5638.12518846939,5685.66092346939,5712.42114693878,5765.80969091837,5886.52402857143,5826.35267346939,5744.82542806123,5655.78244306123,5813.73780306122,5665.07353928572,5705.06715765306,5721.37216193878,5828.09859795918,5818.32170510204,5758.34686897959,5868.74701402041,5613.35310918368,5989.35847653061,5931.20122959184,5999.70562959184,5888.93512959184,5904.40155918368,5894.73210918367,5771.19375918367,5781.59851836735,5717.43101785714,5439.67434489796,5439.80770510204,5474.69108061225,5491.89949081633,5668.66775887755,5499.51418755102,5623.02215428571,5566.97298714286,5628.96684214286,5487.06202163265,5468.49397653061,5542.65941479592,5522.96356581633,5492.38633693878,5609.47080612245,5607.86683010204,5568.75040469388,5629.53836632653,5638.44823806123,5644.40003632653,5798.36906571429,5814.12159520408,5722.2275972449,5904.50471510204,5816.37281510204,5917.94179928571,5903.452505,5894.82263061224,5864.38108081633,5543.59307091837,5567.87257720408,5617.32648,5552.94646285714,5663.93017244898,5617.19179244898,5848.41172591837,5628.18822244898,5577.3655622449,5566.14755295918,5565.75512295919,5527.99834,5758.79211122449,5783.58161632653,5719.30100632653,5973.63670806123,5879.33306938776,5775.58687438775,5656.70121428572,5546.83096428572,5566.16722428572,5453.66221908163,5451.61230908163,5328.81974408163,5265.47627102041,5395.91780102041,5351.17805102041,5426.42098142857,5350.58089142857,5423.15593142857,5368.59245836735,5479.36387336735,5533.12308602041,5506.83138438776,5530.63503571429,5593.50529734694,5420.69887734694,5478.01542346939,5372.56717418367,5454.76109755102,5422.43531969388,5421.816471,5615.25961459184,5553.36514257143,5640.83640571429,5550.501715,5613.4678805102,5658.6874805102,5825.13192969388,5812.30100928571,5674.28400418367,5805.39725418368,5635.60278887755,5671.38710387755,5475.30144397959,5464.74249428572,5528.18052183674,5461.96093683674,5377.00048683674,5450.50749183673,5364.12705857143,5403.60900857143,5487.57386571429,5553.53502489796,5414.23236734694,5510.59741530612,5579.83725336735,5419.2072,5478.30141122449,5618.73426734694,5516.03022857143,5490.95133163265,5500.98601122449,5625.30627142857,5607.11161214286,5556.38354102041,5480.40464826531,5380.64780306123,5389.0495277551,5485.78608979592,5558.3789622449,5589.95968755102,5542.21650897959,5563.73702244898,5821.92125918367,5632.001415,5819.210415,5645.54612957143,5615.05326936735,5649.64746936735,5587.91286936735,5534.33536242857,5531.65349406122,5666.53550589796,5588.63214489796,5704.00309989796,5617.20645306123,5710.39393806123,5799.85417693878,5736.11785153061,5753.27419918367,5874.26719153061,5717.35115285714,5711.37893968367,5715.8022260102,5834.70552816327,5542.7085122449,5606.36773040816,5533.48882346939,5568.77093167347,5456.60629469388,5496.46996336735,5376.95719704082,5404.20734653061,5499.68572979592,5612.27666897959,5585.19205153061,5394.61521632653,5601.64506571429,5510.13891571429,5571.8434355102,5493.9176855102,5574.58676469388,5621.44152877551,5448.71455704082,5503.2836999898,5498.41765918367,5512.05588602041,5670.63020132653,5752.71858938776,5649.85225,5595.74004051021,5818.37343571429,5721.18463979592,5846.50393979592,5751.72244979592,5788.26999479592,5732.59110479592,5660.46802979592,5593.44760734694,5590.23816510204,5439.99777755102,5451.13165755102,5377.69990604082,5503.879095,5195.57648546939,5357.69532091837,5435.63088061225,5335.57394081633,5515.44055285714,5422.53254357143,5355.20302306122,5498.57376234694,5313.56054163265,5494.3269727551,5338.49628234694,5364.73259795918,5325.2835222449,5526.20905612245,5471.55047040816,5764.96610102041,5633.90419897959,5670.26127142857,5847.20110612245,5697.21319183673,5882.18077857143,5735.92572857143,5506.00753561225,5321.03708418367,5356.49360938776,5402.72080010204,5365.43500836735,5314.30254183674,5347.72761428572,5729.73603061225,5712.74853612245,5686.91819051021,5608.62269938776,5502.94188673469,5488.14680336735,5404.98351285714,5316.60147285714,5467.14132114286,5451.90485489796,5554.66251193878,5617.98489071429,5604.23933214286,5376.42158214286,5350.26673663265,5470.4242077551,5396.24125346939,5546.68189806123,5340.99993386735,5198.30955357143,5326.72632632653,5237.65114581633,5331.01827459184,5476.91275846939,5455.30807571429,5259.56837489796,5235.27325816327,5264.24418714286,5470.23565387755,5444.60069244898,5453.50003744898,5282.46900602041,5556.33757806123,5393.7971877551,5315.39936204082,5402.56881734694,5479.57139795918,5311.58485816327,5240.14811938776,5457.55803453061,5326.11282214286,5465.78678306122,5337.96949081633,5441.05495479592,5407.62679938776,5539.90095183674,5686.31068377551,5786.75921663266,5556.29393408163,5593.63361408163,5646.07620571429,5441.58675020408,5453.45270040816,5430.29180040816,5435.37720510204,5390.81998214286,5401.62732693878,5431.15856132653,5549.13263785714,5549.87605285714,5614.12710306123,5667.48382377551,5671.31188316327,5713.63565153061,5602.7860194898,5529.3491194898,5553.90751591837,5591.33371591837,5195.05509591837,5222.99215785714,5256.10469663265,5386.62655028571,5304.03927,5487.37437,5397.96087,5508.94572,5313.860185,5354.14021857143,5585.99355938775,5492.86603612245,5521.45881091837,5431.87962520408,5647.55156663265,5566.51440061225,5680.92704459184,5671.81630051021,5431.63055877551,5457.03159377551,5392.39578867347,5296.5043822449,5164.91084285714,5345.79375632653,5396.16081571428,5262.76403959184,5345.30285408163,5460.56763969388,5327.93091969388,5419.16511571429,5465.83894836735,5469.77145826531,5365.98638908163,5624.85856408163,5315.9192252449,5445.4734117347,5362.77671673469,5384.14690673469,5475.97033673469,5212.8103844898,5338.85849214286,5511.35020204082,5637.74113234694,5701.68006193878,5806.16242142857,5871.67783357143,5939.82221244898,5812.00691122449,5792.78607959184,5744.57667959184,5786.83669938776,5789.04497734694,5894.23475836735,5657.63323897959,5509.67414795919,5624.48691367347,5657.74617214286,5795.61518714286,5507.42532714286,5477.82985785714,5512.97221285714,5429.29923204082,5708.37483938776,5568.09833989796,5525.71840489796,5535.6255355102,5555.32648938776,5507.67975642857,5468.80672979592,5670.02066285714,5765.61216326531,5704.4937644898,5714.17363081633,5762.92112163265,5868.6865044898,5593.28209693878,5667.96758877551,5583.74328897959,5541.91301918367,5617.72003387755,5796.11775989796,5652.78148789796,5776.32868489796,5847.96932744898,5836.14620744898,5728.45053602041,5619.20435081633,5712.73668397959,5699.95132622449,5558.97832622449,5740.449045,5694.833765,5732.52336867347,5619.03744897959,5584.97052397959,5620.247755,5502.89011,5533.12851,5603.59090234694,5604.60768040816,5607.69082540816,5487.89938540816,5439.50428540817,5514.66394265306,5566.46697040816,5583.28217071429,5675.02052071429,5586.89432071429,5655.34013418367,5689.61433918367,5558.61275418367,5660.6502577551,5454.63766326531,5343.94951326531,5528.69108693878,5281.82272612245,5320.31495,5330.8914755102,5378.64653469388,5393.91096469388,5526.77137969388,5572.57874469388,5460.88044397959,5425.40756836735,5620.47545969388,5676.58996581633,5717.58596979592,5696.27052346939,5811.55445877551,5737.78728877551,5675.64683102041,5574.24110193878,5476.37356081633,5505.32539428571,5433.31957040816,5412.08967040816,5493.49736632653,5573.22747438776,5624.49289081633,5561.62419081633,5613.11094081633,5702.19713581633,5708.60656081633,5877.96686336735,5596.7512017347,5697.23056122449,5696.06875020408,5691.50221520408,5710.23378632653,5770.15297704082,5770.60992704082,5668.48988204082,5597.61067306123,5625.68672234694,5780.00066428572,5669.7941122449,5735.89209397959,5854.57739091837,5715.43266938776,5826.45677787755,5823.80440102041,5585.03433581633,5782.59064785714,5744.07532551021,5605.3305377551,5737.14512897959,5802.68870857143,5675.57607857143,5731.27346357143,5713.39821632653,5675.74296632653,5689.17582132653,5699.05401632653,5700.0542367347,5733.1389867347,5627.11842928572,5498.03361734694,5679.30194081633,5730.99553816327,5823.49617387755,5865.31373306123,5704.69488306123,5770.7448094898,5892.70142255102,5799.19939020408,5841.44005928572,5515.07425316327,5483.57958316326,5524.73239316326,5447.00336438776,5298.81610938775,5234.92070959184,5587.97051428572,5919.82146795918,5714.01101897959,5682.82128816326,5573.98932244898,5726.11665306122,5661.46998693877,5801.25463693877,5623.58368693878,5615.64792163265,5597.58035718367,5488.76376112245,5353.68984489796,5700.64351836735,5710.56481836735,5543.99490765306,5615.06228265306,5603.9839677551,5436.38715520408,5666.07909632653,5628.46152489796,5380.01052234694,5575.01912581632,5336.86447938776,5226.95328591837,5161.13280091837,5165.54320591837,5218.52484836735,5330.83043336735,5459.83929836735,5201.33121836735,5380.10258336735,5369.39464081633,5409.26542081633,5307.62379061224,5365.376065,5216.01981897959,5181.79423479592,5329.51070632653,5407.48151510204,5333.17880632653,5492.68613632653,5612.85980897959,5589.47064938776,5436.66376530612,5623.9913872449,5592.4348644898,5744.78604102041,5703.10715122449,5514.50786285714,5454.58322285714,5531.95982285714,5352.88318612245,5182.07034142857,5247.00374142857,5475.64858346939,5436.84736734694,5409.84735122449,5405.17661581633,5443.44629336735,5294.57676163265,5360.42339122449,5386.66935408163,5476.94087826531,5526.20406326531,5439.07982040816,5417.38170510204,5484.27686122449,5647.6619422449,5482.63944744898,5864.44330714286,5694.24601836735,5639.32788683674,5609.08102857143,5613.90585785714,5716.14460153061,5701.09253163265,5728.65760163265,5809.95731510204,5838.03974571429,5816.68328571429,5785.01851071429,5664.82421020408,5713.80344336735,5708.14461561225,5655.53420214286,5729.87520867347,5641.92838683674,5467.19041469388,5608.15029591837,5618.94469591837,5741.79999183674,5826.61781469388,5694.59213979592,5788.99975255102,5818.63547367347,5764.95434387755,5671.94809408163,5675.1100627551,5847.88978979592,5868.96847530612,5675.96591632653,5765.64134510204,5669.67611571429,5487.48384612245,5484.12860510204,5586.40740510204,5744.08030887755,5581.52256265306,5419.4196244898,5235.27062938776,5344.32232714286,5472.67042653061,5478.28080979592,5543.49039091837,5583.69115561224,5417.87972142857,5607.90961428572,5783.82091520408,5859.24160997959,5548.67405438776,5679.1467755102,5861.86226183674,5835.94916244898,5922.54341306123,5706.69356612245,5831.43287122449,5742.53246489796,5711.97931857143,5651.55652244898,5640.77084714286,5686.27476020408,5713.3678244898,5664.5978744898,5510.92748163265,5344.85162959184,5426.99637877551,5318.94872285714,5617.39372061225,5572.8982967347,5497.00572816327,5490.00721364286,5487.32275673469,5457.33848469388,5366.77903030612,5234.36442326531,5268.9215827551,5320.68105408163,5201.07575306123,5376.06225530612,5301.21212887755,5331.48946693878,5365.47623673469,5294.78040142857,5465.15643265306,5535.62183510204,5293.25607785714,5335.6776082449,5180.9793677551,5232.28323255102,5301.75919653061,5406.89532877551,5443.51295153061,5441.84800153061,5308.8201655102,5504.98465018367,5473.58411183674,5437.79290367347,5287.7754455102,5473.42751326531,5494.85677357143,5479.87192295918,5598.80569387755,5626.92002,5506.8317155102,5550.9176677551,5609.56825514286,5844.07497683673,5743.08181714286,5659.08703969388,5747.42721265306,5712.30768683673,5696.35212612245,5437.60332612245,5607.75771326531,5572.68308571429,5376.16935102041,5376.75305602041,5419.07255102041,5450.52081734694,5547.41487530612,5369.28990510204,5334.35399908163,5482.53418867347,5493.14780734694,5650.71096122449,5599.83229622449,5625.55149622449,5740.46934897959,5716.75818081633,5496.30063081633,5569.39773163265,5862.88073163265,5864.44563428571,5888.32554897959,5964.96524602041,5797.62570428571,6090.64770816326,6037.74848877551,5974.06835704082,6060.35615418367,6030.45059683674,6006.02292944898,5998.10664285714,6099.7559677551,6133.44605806123,5991.07900357143,5885.10270959184,5878.47953959184,5742.91600020408,5761.08106020408,5833.79991102041,5805.51298857143,5917.94158857143,5911.35743857143,5887.30277857143,5759.57082857143,5884.58734357143,5770.69746367347,5677.02940684694,5518.25999734694,5491.29099285714,5546.37610510204,5701.14445755102,5692.12826428571,5616.04435489796,5742.08283387755,5742.3248244898,5529.67801938776,5630.74518744898,5726.61206397959,5841.5970305102,5852.3473805102,5835.93652244898,5668.08582244898,5693.14554591837,5681.96526632653,5695.28396755102,5734.14697979592,5914.35798680612,5768.95289119388,5548.61261578572,5662.4377715,5431.01303598979,5314.66564928571,5374.2267677551,5400.33851602041,5552.07597020408,5567.6592977551,5511.96828469388,5858.29330285714,5695.84525071429,5517.9462422449,5507.99771734694,5454.57126489796,5562.49916530612,5637.98076530612,5509.22506653061,5630.96306285714,5662.90888510204,5520.11567693878,5420.76886153061,5638.26711377551,5486.63723928571,5443.26564081633,5520.09285918367,5450.12528826531,5350.4474622449,5289.95067510204,5336.36860091837,5344.66456806123,5582.669845,5628.43346,5653.17563979592,5429.75682173469,5432.16978173469,5461.63389193878,5351.00084,5583.77787040816,5668.06430510204,5803.36154897959,5876.60788367347,5519.11928367347,5734.90262795919,5759.82461214286,5635.28621530612,5715.10541530612,5720.29268612245,5901.41623510204,5951.24748163265,5860.3103694898,5970.55742826531,5737.15844612245,5799.67261846939,5813.87253581633,5827.75994785714,5635.51916540816,5586.22643234694,5523.31919234694,5401.4877422449,5451.76362142857,5464.57587142857,5723.79014959184,5791.88122142857,5723.94074081633,5712.74732479592,5733.83954081633,5933.72950816327,5957.25361377551,6066.16599693878,5924.13362193878,5947.93864693878,5895.92299693878,5933.48169693878,5871.01597193878,5868.50649693878,5748.69647193878,5812.08047193878,6007.09731836735,5937.88221836735,5921.95836836735,5879.07966816327,5962.02449591837,5978.39332551021,5972.91071836735,5872.45392234694,5928.86686734694,5842.93788571429,5874.03140408163,5893.70990102041,6049.04718602041,5896.99263602041,5916.70143602041,5899.82655204082,5872.92939204082,5814.33624510204,5931.68801867347,5714.97616765306,5675.89044234694,5546.63918530612,5677.80360306123,5605.81973173469,5684.3129167347,5742.53907326531,5661.69689285714,5745.3135122449,5825.52358469388,5869.97269683674,5701.78305202041,5576.10644602041,5639.22823163266,5646.96822030612,5656.59380204082,5629.64014714286,5734.24804714286,5872.69025306122,5841.02105979592,5738.80720510204,5432.59989346939,5655.52352816327,5577.05777816326,5600.30897816327,5531.1227727551,5587.05196622449,5670.26217122449,5636.76024091837,5634.51927704082,5813.46898285714,5444.16118469388,5571.7510877551,5446.52696734694,5426.20201918368,5495.24889403061,5364.1121844898,5455.7733544898,5620.15030040816,5485.85937428572,5523.89104285714,5456.84817122449,5629.40359591837,5616.22746704082,5532.87715653061,5515.41029632653,5411.87736508163,5430.12441244898,5430.26189448979,5496.17237357143,5513.11704795918,5861.23899795918,5643.61235571429,5542.59425571429,5662.54568571429,5830.13523571429,5602.14008683673,5712.73861612245,5889.73008969388,5867.68310071429,5706.33952071429,5729.04966361225,5665.08421285714,5602.35722234694,5625.59455204082,5432.14028887755,5589.86272112245,5619.80193665306,5662.53786683674,5693.86939663266,5660.15433163265,5670.50627673469,5896.28280836735,5800.64900734694,5925.79404285714,5804.41783785714,5962.15089285714,5984.40898571429,6020.06362755102,5922.52936326531,5742.78372306123,5913.39090265306,5833.33367653061,5841.66046122449,5957.09563428572,5894.00291836735,5795.7518,6023.70922755102,6070.63499551021,5999.87175693878,5855.19732234694,5889.02844234694,5881.92643214286,5892.56629285714,6078.28690735714,5951.87742653061,5983.98897653061,5912.94644183674,5644.68833061225,5752.9781094898,5641.48423704082,5613.07833877551,5608.23162418368,5608.56835102041,5548.0917244898,5569.49998367347,5614.06943367347,5622.8343877551,5603.7756577551,5553.9438577551,5653.7588344898,5564.44961408163,5595.76214408163,5448.20921306122,5357.11610306122,5541.60164183674,5628.86533142857,5396.53603326531,5413.19276826531,5449.60015689796,5677.93692581633,5793.99538406123,5824.45813693877,5617.72773095918,5797.69442306122,5716.41130918368,5575.67390622449,5549.5302672449,5676.43317081633,5643.43668510204,5623.51201336735,5425.71980765306,5414.86465,5376.80067744898,5369.82198581633,5453.71487846939,5492.54860704082,5429.33326122449,5372.42587122449,5332.33272295918,5278.39197595918,5448.35270469388,5250.69052826531,5367.0120782653,5335.06251326531,5382.15673704082,5427.53799326531,5532.01939326531,5565.19354326531,5361.69566734694,5647.38389489796,5351.97572755102,5506.97669755102,5566.53819183673,5577.53636540816,5497.09577908163,5498.79540408163,5589.61815408163,5775.32683755102,5772.34678295918,5684.58131938776,5458.01620346939,5484.94915346939,5556.59451112245,5520.80254795918,5573.70009326531,5602.93505285714,5732.42995183674,5683.46900212245,5664.10346714286,5777.40878040816,5758.20143897959,5859.54513612245,5705.18879081633,5912.26849591837,5828.41132346939,5807.43204755102,5755.42816857143,5820.02851857143,5827.57958357143,5746.49746836735,5720.86315836735,5678.80469316327,5601.52961530612,5505.30661683673,5607.0712777551,5626.80300704082,5467.13926316327,5415.17600561224,5522.27960061224,5424.69069489796,5459.46375234694,5558.87616081633,5479.10125163266,5404.78999489796,5218.01144591837,5355.55027459184,5458.86527755102,5385.87137040816,5406.17396887755,5384.52194884694,5497.43600581633,5505.06099285714,5588.05380714286,5636.42079489796,5481.97096397959,5431.18529765306,5295.02966326531,5649.10499153061,5759.3061755102,5702.60778755102,5669.70645173469,5972.06248367347,5440.52855367347,5316.32318673469,5428.6167922449,5505.71382204082,5341.93917204082,5406.72057734694,5410.45870836735,5578.721865,5535.65863102041,5473.95751040816,5371.80131040816,5459.34970612245,5570.25397295919,5807.29258846939,5732.34153744898,5730.10358244898,5918.17227816327,5526.45534204082,5561.75765769388,5629.01568816326,5472.28719918367,5450.40252857143,5502.34613306123,5514.2377427551,5415.64105255102,5579.77361938776,5519.69532244898,5416.75918132653,5450.25387030612,5413.13422830612,5543.6128377551,5373.8675877551,5484.50041653061,5446.04605653061,5386.98538897959,5416.4277,5626.97559489796,5500.00711530612,5509.97187795918,5475.86949683673,5452.76392295918,5113.84666546939,5274.16321546939,5368.69154928571,5599.50231234694,5582.2232627551,5409.52967704082,5453.99189714286,5502.74021,5533.35785918367,5504.1367,5658.30333,5527.21425316327,5580.25662132653,5669.52864071428,5590.95796479592,5617.33054285714,5681.42551285714,5537.71362642857,5481.00481306122,5591.43157857143,5482.40670081633,5272.84178102041,5244.82799163265,5411.34290806122,5150.82399112245,5177.17459897959,5436.92375081633,5534.96515469388,5978.32837244898,5960.26858244898,5921.4264794898,5990.3455244898,6296.2272644898,6235.6801244898,6185.59989591837,5930.52470122449,5878.88045122449,5923.09494622449,5831.89488071428,6112.10685122449,6050.88658622449,5877.13348122449,6192.37868622449,6013.04483622449,6079.04574821429,5859.86417852041,5914.51555321429,6073.52437734694,6248.07958061224,6121.94428744898,6197.23004285714,6084.55349285714,6151.98699285714,5924.5369577551,5863.98910918367,6032.69338387755,6024.26900204082,6001.10236632653,5926.75921428572,5951.4717672449,5904.81457030612,5822.93270704082,5638.52476020408,5787.90226479592,5830.82388153061,5741.08149153061,5653.36367153061,5635.92831744898,5959.46951397959,5978.97138061224,5677.59022163265,5613.36272653061,5341.80639530612,5443.8970877551,5460.0071977551,5479.58478738776,5639.57407785714,5646.35877398979,5653.10508693878,5667.14670469388,5477.13763816327,5759.14801044898,5636.35824065306,5540.51276073469,5635.73951073469,5469.04736073469,5669.37343204082,5554.60343704082,5787.80433454082,5702.14561173469,5521.49295867347,5641.85657122449,5879.15912061224,5733.3856427551,5844.52119683674,6003.43579204082,6042.41157591837,5760.86810795918,5943.42289265306,6091.04965204082,6285.77385836735,6278.68465938776,6059.18385928572,5816.39786510204,5981.93555693878,5855.47685540816,5753.82403142857,5649.55794010204,5687.61613510204,5466.49632010204,5630.96602010204,5709.0676527551,5731.67741510204,5704.99133683673,5713.12189795918,5611.37910204082,5623.84834030612,5604.18982857143,5618.10548530612,5304.93357938776,5255.12932326531,5369.93185816327,5285.61207102041,5383.30781183674,5499.36859397959,5523.90453571429,5319.79615979592,5484.35411989796,5446.35423255102,5482.50119183674,5573.75027010204,5288.86742061225,5370.86018673469,5486.0505555102,5611.30563040816,5445.6007222449,5149.04905265306,5089.07893918367,5285.32475897959,5377.64333653061,5505.67298163266,5443.25150918367,5488.70769418367,5528.66214489796,5397.89583489796,5418.65436938776,5472.70984642857,5346.88294642857,5384.19061581633,5468.91748826531,5490.68176785714,5592.33404489796,5557.64380117347,5521.10674607143,5639.90164734694,5518.95631428572,5548.36741428572,5501.55391428571,5646.45223530612,5432.47657653061,5358.69666204082,5524.86062622449,5561.10588571429,5624.67462040816,5661.78144163266,5682.49224163265,5697.47479663265,5577.18154755102,5531.22736489796,5556.44144989796,5892.74339346939,5960.15895367347,6046.80734867347,5996.55963693878,5991.91469714286,5976.89835214286,5918.4646877551,5918.2076377551,5913.16634591837,5788.53229183674,5784.30418877551,5861.8120094898,5796.16806632653,5884.60669132653,5960.88571244898,5803.10417744898,5782.74637163265,5782.90527163265,5809.28056234694,5681.7968244898,5601.0106077551,5663.61100530612,5536.22301571429,5535.22109489796,5412.05901020408,5459.96822653061,5577.01118040816,5434.21573040816,5387.60495959184,5242.58392081633,5261.25004765306,5435.23415867347,5456.16120367347,5426.62243969388,5342.01113714286,5495.19994183673,5468.61690816327,5489.60915816327,5447.24205816327,5404.59707112245,5362.06022959184,5636.99647520408,5574.64799704082,5695.10608489796,5679.45244489796,5623.18933877551,5715.39340377551,5466.09346581633,5497.76934081633,5518.2264122449,5541.17091836735,5504.4551777551,5264.22831836735,5410.15839387755,5585.97977887755,5460.82140357143,5339.63504489796,5467.35718816326,5502.32003816327,5492.66665346939,5779.20731112245,5754.85692244898,5700.14411938776,5696.40693602041,5635.31225510204,5837.21916632653,5800.2842617347,5762.39123755102,5791.39723255102,5639.77452755102,5679.97845816327,5681.12531938776,5514.72901938776,5605.55313938776,5713.78119938776,5728.25776061224,5817.42999418368,5867.27806734694,5670.10444469388,5702.94054306122,5506.35619704082,5571.12647469388,5681.28311795918,5676.29519489796,5687.28138938776,5564.06130428571,5542.7114755102,5526.59310959184,5353.6015944898,5466.68788081633,5378.13167653061,5509.2191017347,5437.28258489796,5545.28043265306,5347.30423520408,5274.91385887755,5468.91742071429,5678.63715428572,5738.3863144898,5337.7110422449,5270.02363877551,5441.7155,5462.41680693878,5390.20911938775,5303.32506938776,5382.88866693877,5441.36533285714,5342.02548408163,5472.94047204082,5466.99393826531,5408.83956602041,5552.07142702041,5695.64047714286,5646.57952010204,5708.1900777551,5760.59307887755,5614.73722346939,5554.09798255102,5461.7998877551,5522.95709420408,5691.31209714286,5695.73669765306,5525.6100022449,5618.41390122449,5624.24618132653,5602.90856261224,5507.11632163265,5219.35460918367,5363.66143632653,5436.99851163265,5397.93645489796,5360.08099408163,5427.92713530612,5377.87874,5388.77471334694,5555.26791795918,5503.36585367347,5600.50528061224,5750.95123066327,5662.65035846939,5728.97359142857,5700.03934142857,5663.10944142857,5596.69804142857,5588.68274489796,5511.25409489796,5567.82921908163,5695.86895928572,5843.19252,5823.72646,5710.29798,5603.11051744898,5643.38524061224,5547.41557680612,5832.84131163265,5741.44157367347,5738.59598367347,5692.19585040816,5744.26397683674,5528.48679769388,5737.46212836735,5686.14702836735,5666.34783636735,5758.56342387755,5710.57652330612,5621.21268673469,5565.53809102041,5459.00832602041,5761.09118637755,5622.6799655102,5676.6452655102,5616.82488571429,5500.229385,5290.7796844898,5438.17544489796,5515.83501836735,5415.63426336735,5468.32850102041,5489.70268061224,5422.94709489796,5534.07397989796,5488.61325122449,5387.40376734694,5467.29207153061,5525.87042387755,5612.02499602041,5392.11753061225,5476.15375826531,5581.89655112245,5618.26157244898,5484.70388979592,5395.59863979592,5514.35096816326,5582.79977387755,5548.10424214286,5391.73333714286,5497.46617214286,5615.90220806122,5589.40644510204,5366.01511816327,5615.27037959184,5637.03526602041,5592.3670227551,5504.09695193878,5586.35724979592,5486.55395602041,5411.45200642857,5375.00374255102,5444.30019377551,5371.74666438775,5345.13330091837,5434.20887285714,5319.66242714286,5373.82382714286,5387.28878367347,5556.17363346939,5491.27786734694,5503.80256,5506.71334,5557.02541948979,5325.99629489796,5387.04777989796,5215.71972989796,5216.06814561224,5379.38986061224,5354.91577887755,5460.15565428571,5528.43055428571,5513.86786387755,5500.18621387755,5541.46915530612,5525.66720755102,5680.04219061224,5623.73931591837,5486.68650653061,5614.20328336735,5691.11831530612,5756.33758826531,5567.86246397959,5714.22139316326,5523.27570734694,5745.39663122449,5559.68865673469,5555.43568744898,5691.32806530612,5886.37298755102,5834.35138530612,5898.81643306122,5735.91637959184,5796.15169653061,5762.16248204082,5793.08354816327,5686.93636316327,5741.44107214286,5747.58578979592,5714.77181030612,5789.882595,5798.62710204081,5673.88106734694,5562.52454642857,5469.80574040816,5283.45591040816,5377.17858316327,5368.56376326531,5288.95032653061,5284.96239071428,5400.26354979592,5679.98548469388,5705.42647897959,5457.56899408163,5302.79524408163,5307.08563938776,5563.03853397959,5416.80817204082,5371.30274897959,5442.59389765306,5458.32260612245,5487.0114755102,5556.40888428571,5667.40245112245,5650.2359977551,5528.02048489796,5500.91300316327,5501.1055055102,5566.09593002041,5624.64604795919,5650.35813010204,5479.4583822449,5481.14494551021,5325.21923255102,5465.89933387755,5619.47940306122,5573.99484632653,5565.90609632653,5564.91271632653,5731.68372887755,5640.2601505102,5689.9287927551,5696.8456877551,5521.58326428571,5547.52551581633,5607.00787653061,5759.83398836735,5718.19755112245,5665.50537346939,5994.36549816327,5865.38352061225,5676.08354204082,5685.99768693878,5435.93596693878,5435.40119734694,5522.02131091837,5489.25962941837,5636.92189591837,5731.91035071429,5607.23103061225,5538.66416836735,5549.36326836735,5491.09545918367,5466.61266969388,5666.78296091837,5530.22053632653,5751.34701163265,5665.03689918367,5554.79907887755,5429.79300428572,5426.7072077551,5518.56559306123,5683.6551522449,5721.7952717347,5634.46092785714,5629.81870408163,5589.75874387755,5761.31015612245,5621.88137572449,5587.59938222449,5554.94944285714,5453.88021918367,5399.50274204082,5474.2890422449,5311.79311244898,5438.55005244898,5414.52389673469,5376.27087959184,5623.71350306122,5441.57994102041,5359.87667255102,5501.11586163265,5554.30505591837,5606.10195193878,5436.32437204082,5497.0687955102,5436.16115377551,5409.92996530612,5516.12628908163,5422.83486418367,5503.03769836735,5499.9157517347,5687.1672244898,5626.13915612245,5590.94296122449,5568.41568163265,5670.67336428572,5860.98595857143,5673.06283581633,5644.26010612245,5543.66305877551,5650.14079183673,5523.43844285714,5575.45370408163,5466.09537561225,5609.11353061225,5449.80379622449,5646.17740010204,5755.34313612245,5615.52308693878,5595.0945055102,5563.14610316327,5471.08621632653,5486.73285632653,5606.67697132653,5606.13322102041,5522.85911938776,5508.79496081633,5554.36272367347,5473.05765367347,5664.30107367347,5694.57762612245,5694.42846112245,5578.94191112245,5847.11309438776,5656.26035438776,5748.9832077551,5688.26004306123,5453.08425306122,5538.2872577551,5660.30232714286,5502.29277530612,5406.36373030612,5474.11938030612,5550.93403580612,5567.99163242857,5569.17634561225,5674.49446989796,5607.96003,5607.99208265306,5480.80757102041,5464.36240244898,5604.3117305102,5620.18095265306,5603.06570911225,5658.94513102041,5566.70568918367,5596.23069112245,5686.95288112245,5678.18324744898,5635.4403,5607.61015806123,5547.00953969388,5627.46232969388,5539.51376938776,5622.19005867347,5711.58792867347,5857.43717040817,5884.83347040816,5759.96236887755,5537.62464387755,5580.5074244898,5463.3832244898,5413.47428673469,5555.05460673469,5370.8149077551,5343.67738877551,5480.87000979592,5560.62601581633,5552.6606955102,5540.44856183673,5557.66322836735,5509.23208959183,5566.01660469388,5266.81786367347,5352.88496367347,5484.44676979592,5454.91932397959,5282.12017897959,5546.27889816326,5515.71128091837,5515.28446938776,5619.43076071429,5537.0112277551,5739.0676377551,5598.50979653061,5646.57472755102,5487.29071755102,5478.16921979592,5474.57812183673,5618.47232183674,5431.82852183674,5459.83857897959,5579.44003122449,5727.19371602041,5600.83092602041,5719.96318346939,5854.10865469388,5750.85472989796,5909.11368112245,5853.66541071429,5736.24255081633,5924.43980489796,5917.76452591837,5826.5993444898,5540.14312244898,5510.84749183674,5722.16199969388,5544.74189836735,5446.5373855102,5438.52428571428,5317.79854571428,5416.89924402041,5776.0764822449,5657.9519322449,5738.82305816327,5770.00978,5480.90342714286,5387.20737551021,5544.30559377551,5459.20905857143,5342.34963244898,5447.77323244898,5373.83450020408,5377.61151020408,5448.11586877551,5390.44689030612,5428.30496214286,5445.47374785714,5385.0774322449,5548.89473734694,5608.18922306122,5691.63874826531,5547.88441989796,5618.64200663265,5762.56558377551,5691.01023887755,5664.32933387755,5660.06002387755,5607.46035163265,5515.03065979592,5279.63158816327,5504.51208816327,5553.20969914286,5312.36421914286,5549.80542214286,5493.60498020408,5579.87619632653,5519.6423672449,5629.43710010204,5358.60819153061,5288.29566806123,5630.64804969388,5660.20376295919,5890.4184367347,5764.04548612245,5790.59492867347,5926.89580867347,5717.38489704082,5753.42298704082,5623.79416489796,5693.31098714286,5662.79646214286,5539.50791714286,5520.54426418368,5596.01666989796,5695.99552244898,5830.19647244898,5721.45671244898,5752.17518612245,5831.85993918367,5710.41552918367,5616.41060030612,5793.41396530612,5780.18044030612,5927.93162959184,5794.00604969388,5828.77684377551,5853.05415122449,5932.53774653061,5954.09406918367,5784.83360183674,5920.30415173469,5686.7919377551,5802.38636795918,5831.50231142857,5921.72351938776,5768.31725020408,5700.63732102041,5790.22312428571,5716.66552244898,5706.58612183674,5497.36042183673,5509.83257428571,5634.85367428571,5728.99165061225,5926.25906,5910.64421142857,5796.97379183674,5898.03836734694,5979.51291734694,6038.12700510204,5912.63390714286,5986.53740755102,5998.36156795918,6143.14333295918,6097.71820632653,5956.72980020408,5923.30784755102,5938.65636030612,6111.37785397959,6182.02194102041,6185.180545,6203.89438612245,5980.08628836734,6092.23403212245,5973.77130191837,6009.93400204082,5883.77778714286,5961.46021979592,5887.12317142857,5907.71921959184,5945.7663155102,5868.32190346939,5950.04819153061,6023.11821806123,6054.48269704082,5882.91424836735,5809.94340112245,5783.68461806122,5753.63963734694,5795.45547285714,5696.11157642857,5768.45990704082,5737.84168571429,5841.78994285714,5807.99645785714,6006.49592704082,5901.78944020408,6046.19239102041,5927.58325438776,5811.18826061225,5422.80956783674,5845.94006783673,5904.80028755102,5851.4246647551,5916.4987597551,5829.9820297551,5713.3482247551,5762.4621515102,5392.83020297959,5510.45553963265,5399.05235173469,5347.53476408163,5507.76318265306,5676.46068571429,5509.79620612245,5740.71830714286,5710.37674795918,5707.58286632653,5687.24912132653,5811.67777132653,5783.24482132653,5657.75917132653,5657.53175510204,5563.95015612245,5755.0157877551,5844.3974877551,5707.74547346939,5776.74762061225,5811.18715918367,5561.88158112245,5589.74069581633,5637.02984030612,5570.61004035714,5678.52364035714,5692.16313571429,5728.63554571429,5642.14493102041,5620.09464387755,5522.81579387755,5554.57848387755,5736.9155755102,5835.72408061225,5923.00302857143,5818.68672489796,6052.45016877551,5750.76334326531,5832.33963928571,5799.13907030612,5825.47826061225,5847.55816663265,5857.05482244898,5903.66552244898,6032.24409803061,5990.65038986735,5844.64624966326,5967.86670119388,5995.47032142857,5908.40452959184,6023.25607653061,5952.95300020408,5931.1350122449,5930.18290622449,6016.30678469388,5873.56883897959,6046.83459897959,6088.11728571429,5838.25820510204,5995.79210510204,6016.32811285714,6049.84978132653,6108.76086622449,6027.72190602041,5716.22330836735,5872.12664705102,5921.37354387755,5872.63954244898,5973.43393244898,5996.24305306123,5735.89909306122,5826.15824591837,5641.91924591837,5665.45139683674,5796.75754183674,5929.80002683674,6001.85872683674,6085.71978183674,6067.75683183674,6038.77059183674,5929.07753265306,6077.67497142857,6056.80104489796,6057.72129489796,5893.08989489796,5798.97034489796,5863.62986377551,5769.17350377551,5666.40844806123,5574.22997520408,5607.73542910204,5612.37357959184,5732.53862959184,5809.28972959184,5675.38050918367,5601.44094418367,5507.95966071429,5639.02901173469,5652.50948285714,5691.13038295918,5799.87071938775,5895.25949234694,5719.97581734694,5800.0840194898,5702.95526020408,5814.69110704082,5816.5642622449,5415.86474632653,5404.19857142857,5350.20598530612,5412.90383428572,5331.89076928571,5301.07944387755,5319.32654316326,5410.20872816326,5208.75192020408,5382.00469020408,5312.42827632653,5507.3891,5424.61216846939,5482.60490816327,5543.48243979592,5539.1250867347,5442.05303122449,5507.7451177551,5277.1195444898,5395.89665081633,5632.29057408163,5728.46498265306,5701.82142551021,5817.78554265306,5688.55796765306,5736.33745265306,5805.15211693878,5764.94803693878,5474.95087020408,5477.66206816326,5321.51950816326,5393.66794816327,5643.67221316327,5670.23536857143,5638.3163377551,5669.70418061224,5742.03050561224,5483.5497122449,5453.49701510204,5684.53465071428,5502.22608306122,5499.60261857143,5829.43106938776,5843.43805040816,5641.66863581633,5557.96147622449,5463.22338281633,5568.26695040817,5613.32324265306,5551.45049265306,5493.68484265306,5457.35592877551,5348.38322653061,5488.21754469388,5612.58533469388,5677.47928469388,5572.05844591837,5560.91685091837,5641.87711285715,5622.50259785714,5834.71554285714,5684.18214285714,5873.93505887755,5873.74506826531,5765.69985,5707.82096020408,5761.75487806123,5973.81571306123,5996.33290918367,5971.19515918368,5812.82054183674,5876.04883836735,5958.33220918367,5831.12451836735,5649.83338142857,5677.63392061224,5742.64656122449,5729.74242020408,5675.52045714286,5608.02284795918,5522.47877,5379.07558408163,5300.47979693878,5015.10650204082,5098.60815153061,4997.80100142857,5310.40775020408,5585.36118367347,5526.24996122449,5475.61078530612,5533.01964571429,5401.15078979592,5569.35891428571,5574.72982071429,5633.62300714286,5751.78186326531,5499.74763704082,5528.50652285714,5466.7187322449,5453.2120272449,5484.48061091837,5516.12344469388,5312.46628316327,5529.96243877551,5720.13736428572,5598.97514693878,5549.39156163265,5439.57536285714,5310.44109428571,5276.45457326531,5327.10199234694,5234.00753734694,5407.28234857143,5418.99127020408,5391.97302653061,5637.48000102041,5770.90893255102,5799.37971132653,5695.59662806122,5778.91572867347,5865.98572091837,5789.47174642857,5669.18512520408,5883.55732520408,5862.37328081633,5760.92836142857,5969.85798204082,6049.55549204082,6029.25945163265,6031.15662163265,5948.9245877551,5889.85480887755,6005.62901346939,5782.41185040816,5963.09258122449,5920.97986081633,5903.55986581633,5953.81229081633,5708.60898826531,5602.60544326531,5558.91163642857,5432.46777306122,5373.92182693878,5237.32300040816,5228.4853155102,5337.42156112245,5525.25257663265,5296.66830367347,5625.38134744898,5628.97230214286,5672.81908428572,5541.83635102041,5657.88395306122,5722.52301530612,5789.24017346939,5805.31717020408,5592.70911316327,5750.16947653061,5639.50757336735,5647.48272908163,5568.56694244898,5611.12135408164,5680.66462489796,5829.74954489796,5801.00321979592,5703.27366765306,5773.85106581633,5616.95785581633,5680.33543428572,5735.51594591837,5667.60530010204,5654.73066938776,5398.69341938776,5514.59654102041,5715.15363438776,5739.04293173469,5795.65439673469,5700.79149938776,5720.93988663265,5761.96410816327,5764.72392346939,5724.2057027551,5664.69689520408,5753.24113469388,5625.11676632653,5889.73114010204,5850.76736642857,5856.68269112245,5636.88624010204,5981.1731972449,5895.86372316327,5924.17853163265,5902.2603577551,5845.3814577551,5825.6265727551,5763.93479704082,5895.20128112245,5755.05685816327,5652.39690438776,5630.92911734694,5713.01592857143,5658.03111510204,5835.31725306123,5640.62926938776,5701.9950622449,5837.7230122449,5865.00932857143,5767.99457959184,5809.61137551021,5736.17969051021,5591.2396255102,5541.77268255102,5582.30510061225,5632.68522653061,5673.48631734694,5636.3377377449,5703.8185027449,5615.00278652041,5550.89614019388,5629.01192469388,5678.12909069388,5546.96058255102,5496.15342244898,5535.50995040816,5927.48489357143,5915.54962040816,6025.10572163265,5997.61848602041,6051.01522602041,5894.04094602041,5874.06723265306,5756.40722887755,5831.33217887755,5711.20583887755,5944.25836020408,5687.19156836735,5527.81775244898,5651.17410418367,5633.48210918367,5644.74550897959,5845.67374932653,5771.20134167347,5624.7354324898,5758.51394581633,5638.61038357143,5891.91116795919,5765.56921693878,5822.4391244898,5649.07293612245,5479.09305612245,5652.06122857143,5837.09382693878,5711.90851765306,5229.43846091837,5231.67972622449,5469.64732387755,5655.78104489796,5658.44639244898,5709.49820979592,5897.21446326531,5800.61944081633,5844.41404234694,5806.26382040816,5784.19347826531,5671.29962204082,5569.68650571429,5498.19985571429,5506.72420571429,5639.60797142857,5785.8072622449,5781.97202244898,5679.68773571429,5445.72494918367,5385.31960979592,5461.59158285714,5480.87182897959,5228.92144346939,5238.18489642857,5332.09162071429,5362.20146142857,5403.92243132653,5319.43344306123,5531.24477081633,5506.85996061225,5489.34739877551,5304.88250959184,5270.39345959184,5301.28945612245,5292.24306742857,5315.4619794898,5264.0922044898,5342.38186469388,5267.1830122449,5308.7011655102,5202.93247081633,5408.71588081633,5358.14633438776,5540.52390234694,5518.70437683674,5350.52722632653,5441.38320714286,5525.39272020408,5567.86647020408,5529.32150510204,5482.60000918367,5290.86912346939,5455.48797346939,5304.59895020408,5396.4754255102,5353.26939571429,5492.86305632653,5545.72219061224,5440.14148979592,5385.13376581633,5329.21071163265,5382.20145663265,5440.06939734694,5428.34974734694,5380.69972918367,5445.06871081633,5579.0329644898,5530.46686204082,5486.54052367347,5396.88394367347,5448.71940867347,5401.94934928572,5302.60206244898,5223.36724367347,5548.05039112245,5534.55129663265,5499.93009091837,5715.41639346939,5614.25325030612,5696.24625102041,5542.44659653061,5331.63627153061,5181.20532193878,5259.99146367347,5277.53634461224,5160.90941961225,5193.41721961225,5259.17210091837,5605.66859255102,5611.81813632653,5769.40486877551,5625.32444489796,5540.64068816327,5593.13822265306,5565.63699020408,5490.90597938776,5606.76808112245,5593.5327427551,5683.08222571429,5739.80764285714,5747.16361836735,5770.18502173469,5721.1442867347,5530.48731632653,5641.69782857143,5585.36617244898,5683.28333877551,5631.08106627551,5630.0686744898,5709.4760377551,5828.43674897959,6186.9717072449,6181.07416204082,6227.00324704082,5733.30003265306,6074.17391295918,5967.31816561225,6175.63879795919,6069.73290918368,5972.84397132653,5982.20217132653,6087.38986632653,5881.26741938776,5850.52711938776,5955.0761744898,5970.14873469388,6009.40043979592,5876.43539489796,5925.91764989796,5825.81441163265,5435.05193122449,5665.64206959184,5509.73644622449,5827.12729132653,5844.17886877551,5783.69826306122,5735.03307510204,5553.35727387755,5533.63051163265,5733.67430551021,5517.77017734694,5767.4588377551,5750.71610612245,5821.99439867347,5867.60630622449,5822.42760540816,5516.65213265306,5686.10864918367,5764.0583522449,5737.72943918367,5654.98059316327,5536.8787445102,5547.86302714286,5681.53721591837,5454.86943489796,5486.87604918367,5576.99444163265,5784.28128959184,5709.13822234694,5693.13515857143,5276.36214091837,5477.01684795918,5355.14177295918,5273.41537836735,5683.96252897959,5663.90939387755,5667.90819918367,5808.12298897959,5675.42632102041,5702.40719693878,5745.8086367347,5731.67006204082,5909.77045714286,5961.02844489796,5987.79126122449,5874.74188877551,5919.82451704082,5682.65913214286,5987.2979877551,5779.57882959184,5777.35389387755,5746.00786673469,5782.43704795918,5641.49283867347,5780.17627632653,5701.8664877551,5651.98535755102,5499.11747755102,5511.50964897959,5390.42697959184,5452.05359081633,5476.27796923469,5521.97235295918,5733.88428153061,5687.87500918367,5598.22781928572,5603.44318887755,5626.62988153061,5637.47613653061,5459.95427887755,5529.27123010204,5419.49371418367,5543.73573255102,5523.13633755102,5538.46856918367,5466.04884285714,5521.18060387755,5433.48893357143,5358.51584479592,5438.42636265306,5523.83375834694,5526.30531906122,5631.63989938775,5578.66731244898,5584.29056591837,5691.18299877551,5707.98360183674,5609.27681081633,5499.11546081633,5637.28166081633,5617.55101948979,5857.71197673469,5592.13459612245,5528.28267734694,5475.05110204082,5347.70392928572,5428.71771428571,5411.70634040816,5522.28722918368,5471.69470428571,5599.72002040817,5346.20027040817,5364.56194020408,5319.08011938776,5411.17960295918,5430.04563255102,5274.8535077551,5470.22854081633,5294.19697551021,5538.42013489796,5599.77356193877,5506.43082810204,5570.81478785714,5515.96515571429,5468.81771897959,5408.67619704082,5568.54550979592,5407.30716938776,5312.83873132653,5234.83549040816,5256.28453346939,5341.00240857143,5391.98319816327,5247.58233295918,5293.03537377551,5179.0855857551,5456.70420326531,5633.49683673469,5748.99484693878,5540.68146979592,5373.17472979592,5262.61947979592,5391.90026479592,5518.12437642857,5636.10337377551,5752.35285897959,5682.04785734694,5719.55245607143,5566.21822459184,5607.86305918367,5525.93902520408,5574.08064204082,5354.99526326531,5500.39470265306,5245.2738755102,5369.40246335714,5339.72941704082,5602.84016091837,5377.57802520408,5527.67800102041,5653.45694489796,5613.73814081633,5622.27130408163,5704.14934897959,5620.63924387755,5614.17659704082,5584.32514663265,5425.75301673469,5437.1910022449,5280.99143397959,5414.32678234694,5412.81210479592,5468.12149571429,5379.88272163265,5348.3225122449,5423.83988846939,5575.82767795919,5614.85728,5883.97800163265,5795.13070714286,5581.72034769388,5528.44670769388,5642.12451387755,5461.81470204082,5462.97793979592,5770.16404844898,5744.0642405102,5760.88375520408,5763.44386673469,5701.52156469388,5863.17649122449,5796.64733612245,5687.10642438776,5799.45390387755,5710.41778734694,5913.95166061225,5877.94113061224,5788.84139877551,5742.44819387755,5800.80908387755,5864.48724061224,5757.79761526531,5790.67716526531,5921.06691306123,5867.73179816327,5786.94758330612,5656.32504408163,5693.09407663265,5684.41072510204,5640.92454806123,5844.45335612245,5790.38377602041,5850.04890102041,5861.58722755102,5778.75844285715,5739.41959285714,5801.11061785714,5608.13816785714,5542.61167316327,5571.75391285714,5581.86859785714,5630.79476979592,5515.50245,5617.98302857143,5695.93567755102,5627.39393979592,5461.08738979592,5398.13939755102,5596.30613755102,5642.83979255102,5509.08790734694,5479.96492734694,5596.23173102041,5558.69048102041,5379.89648469388,5697.65851122449,5632.97810438775,5672.46978938776,5672.07430653061,6041.12182295919,5944.29366867347,5654.75991714286,5791.49877591837,5837.3797944898,5889.62911040816,5973.69602755102,5861.61062755102,5960.21583979592,5787.79384591837,5919.76383734694,5959.25761897959,5897.56889755102,5782.63733571429,5872.71337346939,5698.76924081633,5656.40254285714,5696.34486642857,5379.76635642857,5264.56973816327,5462.53973316327,5388.68558489796,5310.169085,5345.5861622449,5334.65605653061,5304.45660091837,5384.10889591837,5439.9627872449,5519.9581867347,5521.78162346939,5283.32496489796,5119.96239061225,5211.63737357143,5312.95374502041,5405.80814581633,5272.50613469388,5480.66263428571,5472.25229244898,5507.82909908163,5456.83651908163,5497.04125510204,5437.51245918368,5478.58192571429,5560.1241555102,5419.35856755102,5419.62032673469,5351.11768173469,5580.14618397959,5430.90741836735,5318.14225387755,5424.32207877551,5404.1569944898,5332.56908673469,5376.09498857143,5468.67424897959,5467.07915653061,5316.7364655102,5543.72691142857,5667.77802959184,5686.09298795918,5699.81832514286,5625.45119828571,5685.57454448979,5449.87274122449,5458.65650285714,5560.91628071428,5384.54829193878,5326.52781061225,5221.83292255102,5273.19235387755,5314.28933306123,5214.99855806123,5398.44541306123,5319.39915806122,5298.72087306122,5424.85847530612,5366.24748234694,5288.46998234694,5396.57799459184,5451.6045405102,5450.0689405102,5286.5764255102,5627.2776244898,5586.26656326531,5490.93655489796,5450.78670581633,5634.48992285714,5587.30113193878,5639.57209693878,5505.86258061225,5360.06420306123,5366.39470204082,5329.40297061225,5375.00642061225,5546.59267632653,5399.30145959184,5283.74465959184,5455.52636989796,5227.29628367347,5187.53081377551,5297.45405806122,5247.33022755102,5426.48047755102,5286.7492472449,5254.91119642857,5380.64593489796,5345.97727897959,5501.16419193877,5233.17946163265,5290.27157265306,5398.27616653061,5438.48997938776,5498.33532877551,5256.95615036735,5310.56001714286,5453.1736455102,5310.95207857143,5490.50550102041,5314.28218632653,5321.44129632653,5284.00663204082,5246.5543944898,5422.38843918367,5502.97348989796,5446.58118989796,5423.80526693878,5470.84102285714,5609.67763653061,5437.48551071429,5410.72464193877,5526.67187397959,5625.42253785714,5654.62241918367,5498.83484244898,5422.20858408163,5649.8802622449,5415.37211878572,5468.29626591837,5524.34732367347,5231.84530020408,5239.5726594898,5318.31912520408,5425.56056020408,5518.82844367347,5396.67855204082,5403.39284040816,5398.83559887755,5468.63100602041,5421.15289693878,5418.95591530612,5331.00571938775,5439.37563193877,5524.6354822449,5436.5954927551,5515.16752387755,5450.83177418367,5631.16160857143,5327.70840408163,5340.18397693878,5251.3761927551,5399.09483026531,5278.28663285714,5398.24245112245,5544.24439102041,5589.58045153061,5796.25392183674,5547.78992530612,5505.47469826531,5626.28336959184,5541.39804357143,5396.1506222449,5517.64580673469,5598.60663163265,5518.36298530612,5655.51970102041,5721.78202408163,5552.48276836735,5620.70033857143,5805.48130357143,5788.66512602041,5698.56596102041,5847.65063438776,5785.67934163265,5663.05699602041,5851.18404704082,5947.98632540816,5927.07633673469,5945.48414163265,5935.16572469388,5862.47033989796,5872.28575877551,5994.94694959184,5889.08033653061,5873.62250438775,5814.38583020408,5522.21718163265,5386.26441704082,5329.48647214286,5377.69106877551,5331.85373816327,5369.44787816327,5535.38940816327,5413.15056816327,5242.8241244898,5249.6962294898,5205.21880336735,5300.99231346939,5112.85857146939,5321.57815606122,5584.03313130612,5697.49572979592,5596.87617979592,5393.52986948979,5321.92183448979,5662.2522444898,5547.8557022449,5540.53194989796,5510.41614836735,5472.86640755102,5457.29161428571,5544.98836622449,5500.87192540816,5398.65418367347,5219.82161653061,5402.97774061225,5548.48418591837,5357.34445367347,5451.64653918367,5428.74009918367,5529.43331826531,5525.88630540816,5434.6820327551,5544.81696755102,5645.62141520408,5642.3845744898,5462.08801020408,5460.47254081633,5452.33324530612,5568.76263806122,5608.42109520408,5595.44319285714,5447.01261113674,5465.6766243,5585.47541142857,5488.76047204082,5730.9607367347,5744.6500867347,5829.95740081633,5875.75784908163,5878.88777071429,5805.92725622449,5892.32919489796,5698.36601377551,5670.71959295918,5667.94440357143,5666.18169459184,5662.86090438776,5725.6641494898,5648.8439694898,5677.94790346939,5703.91690785714,5697.19367857143,5754.79907285714,5783.75202602041,5421.79537602041,5422.107395,5368.38692144898,5304.86871889796,5441.01023889796,5405.34896530612,5338.5129622449,5341.57632265306,5406.41820479592,5342.99863979592,5433.58718979592,5533.88267244898,5515.93223479592,5317.90618683673,5325.65545163265,5552.10176959184,5603.80883214286,5525.10999020408,5606.25489193878,5528.85548979592,5441.78111459184,5742.31515744898,5619.83737244898,5790.61757969388,5671.04335714286,5610.47459214286,5515.21125408163,5610.94072755102,5570.87832887755,5792.39028092857,5847.8689255102,5836.21223551021,5758.34997989796,5633.73387520408,5588.88763326531,5513.84304336735,5626.84424836735,5624.6512822449,5593.85290612245,5678.48798489796,5519.89343489796,5813.73218673469,5823.49584663265,5909.9329127551,5827.13778346939,5851.84788663265,5702.87408561225,5571.3317744898,5535.14828989796,5518.94288020408,5764.53775081633,5802.62516326531,5818.76574193878,5781.49283367347,5689.94303367347,5692.37647826531,5670.75089734694,5764.93605734694,5794.15581632653,5849.71259397959,5563.2692755102,5623.77265689796,5666.14417132653,5706.18512846939,5674.42036469388,5678.77466051021,5765.84567551021,5876.1517155102,5951.19256765306,5695.51297551021,5726.78462469388,5688.44356489796,5670.26604244898,5721.46642744898,5692.97662132653,5527.84055816327,5472.66040836735,5760.37758158163,5744.39394204082,5767.5086155102,5702.61032571429,5796.94864408163,5651.07220408163,5440.26654693878,5360.51021193878,5414.78663571428,5605.1921872449,5363.6220872449,5349.18362142857,5424.30130408163,5603.32213759184,5682.89359428572,5539.73028714286,5321.0363122449,5602.86692918367,5512.92948826531,5375.46551326531,5319.08618020408,5311.01084436735,5342.76014436735,5376.25319336735,5358.80921295919,5315.19033693878,5299.62768265306,5538.69212959184,5488.4068422449,5550.56740979592,5565.79772530612,5568.76550469388,5620.88401306122,5546.03680918367,5474.45605244898,5482.18432857143,5463.47713214286,5609.91773285714,5385.84158959184,5541.4848222449,5576.22728316327,5614.77806816327,5440.04049122449,5254.21241295918,5375.72617061225,5508.25211132653,5255.66489,5401.58357346939,5349.36125408163,5352.2355727551,5343.21600204082,5328.89030204082,5276.19496204082,5433.91369183674,5345.5666544898,5400.81673397959,5194.67942744898,5173.19974826531,5343.02835326531,5221.09365020408,5485.32841979592,5489.60803704082,5244.70245642857,5325.81030765306,5107.07948163265,5292.24222632653,5307.75398,5446.81660306122,5469.67879612245,5468.05646959184,5488.01844,5544.20559908163,5565.32242132653,5492.38596153061,5303.68456551021,5519.24887030612,5361.59604397959,5446.39298897959,5417.81854836735,5426.91270081633,5521.02091469388,5710.71257755102,5958.7053777551,5883.81458744898,5728.67508060204,5705.6777,5769.97185469388,5830.83139244898,6011.88509285714,5860.50369285714,5850.81346785715,5901.45717744898,5820.85088316327,5881.6989432449,5805.2370732449,5843.00793163266,5918.06738163266,5711.70560663265,5813.42468663266,5765.50501163266,5774.28609826531,5726.70161326531,5894.16746326531,5763.11972326531,5603.25691326531,5403.40175204082,5365.9081577551,5191.3304944898,5270.37336173469,5345.89148,5373.54918530612,5279.64401030612,5660.77624418367,5789.44609846939,5842.4629672449,5520.6672472449,5419.37017551021,5576.71812551021,5499.2180755102,5699.9008855102,5837.20631714286,5819.77253969388,5793.98396469388,5682.08727244898,5847.97794979592,5759.06381295918,5626.3078672449,5588.3284827551,5614.45712173469,5582.9267972449,5675.13999918367,5833.04958642857,5678.27184183673,5634.94276428572,5715.75157857143,5643.90454571428,5643.87260214286,5800.22024,5679.65308632653,5856.40371020408,5754.99691428571,5945.93020183674,5964.54279806123,5934.00511306123,5865.55185306123,5665.18701734694,5738.50793571429,5687.13493571429,5640.42900071429,5890.61719969388,5861.3229744898,5891.1063367347,5890.43209530612,5815.32442244898,5949.22282244898,5900.84355408163,6010.11345397959,5822.0304122449,5750.44344693878,5837.46505306123,6046.92253979592,5985.81885459184,6055.76080540817,5777.95035081633,5632.45624622449,5492.22874785714,5461.79293326531,5328.26367214286,5339.95880653061,5568.72452040816,5525.9055794898,5392.43440887755,5605.81919408163,5439.93746632653,5597.62029632653,5497.58618932653,5433.58729816327,5447.03180979592,5676.58085,5578.76291653061,5818.48380102041,5875.2614922449,5749.35400673469,5751.93475377551,5699.72249020408,5917.02441193878,5665.78443336735,5553.83190877551,5536.16225673469,5494.43656877551,5455.90460377551,5396.36064826531,5725.86863020408,5599.00230142857,5654.81588285714,5541.74860816327,5681.18622857143,5648.01754397959,5532.94596540816,5556.83987102041,5533.97894285714,5705.00555408163,5880.57989591837,5976.29188979592,5946.33767102041,5765.06110510204,5908.49410081633,5870.41962581633,5902.18760612245,5856.80997408163,5962.98130816327,5735.89342663265,5709.48755795918,5710.36361387755,5594.6893994898,5829.75802795918,5763.86176816327,5731.27372204082,5571.6757425102,5633.29354510204,5713.34895918367,5677.02682806122,5505.64538969388,5662.51021653061,5656.15339591837,5479.78881091837,5425.06228714286,5530.84288836735,5444.35861806122,5497.56703744898,5513.64983602041,5458.78611102041,5515.94254602041,5599.67289653061,5482.04261153061,5407.68141571429,5319.65650244898,5181.48755244898,5277.46505795918,5211.39509469388,5350.4378722449,5338.51809551021,5257.07716836735,5245.14053,5401.42492959184,5348.64919683673,5292.11815040816,5316.94290653061,5382.54550653061,5399.58709816326,5371.86093102041,5330.04569265306,5128.96743765306,5190.39259265306,5428.26096408163,5412.97759591837,5428.55941867347,5503.97248877551,5446.30143704082,5539.26319255102,5580.49619295918,5412.98198571429,5401.55497887755,5452.35287418367,5580.31781265306,5549.36261020408,5576.27579806122,5617.45694244898,5462.62086336735,5527.49446969388,5469.01574020408,5453.30135979592,5543.85406959184,5568.14317244898,5582.8334,5604.70294102041,5626.55555826531,5608.0897544898,5370.52944816327,5680.40805612245,5844.30842020408,5767.2499122449,5732.35992122449,5708.6608795102,5841.42221785714,5774.28185193878,5933.22820642857,5766.12128571429,5665.66506571429,5700.42592418367,5604.64265571429,5699.39085306123,5712.61565306123,5860.74239826531,5824.87040061225,5635.54759163265,5631.9689355102,5441.45356346939,5516.53166346939,5346.59559497959,5468.63578306123,5532.04713306123,5590.34665663265,5475.62083663265,5484.92111795918,5500.79604316327,5484.99494418367,5323.87538297959,5468.71807438776,5523.42774489796,5642.22632989796,5621.42237989796,5532.40151969388,5429.08287377551,5407.28974540816,5576.55108979592,5560.4933422449,5467.50070510204,5370.2337244898,5394.58314091837,5518.07671653061,5322.53192010204,5392.03058265306,5310.8218255102,5504.3024144898,5563.05193612245,5787.16362938776,5676.6136855102,5534.35621489796,5719.52175091837,5542.63511959184,5533.98991877551,5378.78013530612,5333.03323530612,5460.06402979592,5439.46407979592,5345.83887979592,5451.60680102041,5471.48068912245,5465.97498412245,5566.52806081633,5590.83339306123,5617.4475694898,5506.2640674898,5613.79901489796,5406.76804989796,5423.83256959184,5461.03121959184,5486.14543877551,5392.92028877551,5483.73718063265,5421.3000742449,5348.23636357143,5363.5372444898,5432.15939530612,5479.66783265306,5649.2746755102,5423.78547387755,5432.74930183673,5564.43943428572,5482.31072857143,5383.84729693878,5304.44568877551,5496.08518510204,5699.20578418367,5722.63720918367,5473.91794428571,5419.70014397959,5544.00675530612,5410.6629077551,5201.06454622449,5546.35947153061,5471.84158540816,5538.05885346939,5429.56671071429,5220.86665418367,5444.70592938776,5580.13155959184,5739.33104826531,5738.06497326531,5768.32027826531,5590.09073826531,5693.59666816327,5709.72009959184,5577.86862306122,5734.96956806122,5810.67681877551,5665.27416877551,5586.90516959184,5697.93432142857,5640.48131663265,5561.40591663265,5541.22313163265,5588.59741061224,5705.67102142857,5669.95063489796,5656.17935857143,5564.62145316327,5437.99269816327,5377.6319527551,5317.7834977551,5377.70378020408,5731.90025714286,5852.93433316327,5687.34219316327,5703.00295816327,5576.52217918367,5551.30015306123,5494.66519306123,5297.29110418368,5365.86280918367,5398.42180918367,5372.16524438776,5497.81595489796,5485.59711822449,5476.43212346939,5649.70617186735,5541.11528163265,5389.65261051021,5480.40257959184,5553.90075785714,5516.55679540816,5410.55504897959,5546.68754897959,5470.57809285714,5499.34445102041,5667.01536622449,5519.63497571429,5532.19532346939,5604.2241122449,5557.06484979592,5567.51448571429,5464.44318346939,5546.10198122449,5534.71868122449,5642.64055408163,5683.31575859184,5719.41987897959,5533.02925510204,5548.9971877551,5649.26171632653,5625.84816336735,5543.88279489796,5494.40355265306,5443.64242918367,5575.15898285714,5380.92598367347,5544.31265795918,5462.19209193878,5283.59007142857,5315.25905836735,5457.97737785714,5365.46464744898,5392.27896520408,5523.2009522449,5671.87253489796,5456.98928989796,5479.22747989796,5513.86844489796,5525.58590714286,5458.14991959184,5425.91664459184,5398.27361602041,5278.06880632653,5464.44442653061,5282.24145734694,5388.29166734694,5313.86022081633,5173.33720234694,5288.81128510204,5275.60632693878,5266.05036255102,5464.2528,5481.70043571429,5476.47695489796,5340.50732867347,5346.82062306122,5395.65506,5365.81169489796,5305.25001469388,5230.28856040816,5331.09335959184,5240.64224959184,5137.60246459184,5209.6950422449,5377.50146419388,5262.32348795918,5206.77637479592,5375.79022479592,5292.50969285714,5250.96093938776,5232.2040644898,5358.2780367449,5198.25502612245,5369.90722142857,5343.31291734694,5292.36449653061,5302.57251755102,5425.18977020408,5233.62465020408,5442.98454020408,5518.16062795918,5631.90380040816,5862.47580040816,5979.40774693878,5770.51409122449,5648.59578714286,5671.72560214286,5687.82619346939,5618.90634704082,5657.70132142857,5614.10872469388,5728.27472295918,5655.41697361225,5612.7975744898,5522.37252959184,5200.38277602041,5427.99718102041,5528.65892408163,5488.28335408163,5441.03331571429,5501.49044622449,5466.82817520408,5545.59034591837,5759.98529377551,5790.51468877551,5560.50343877551,5396.10156102041,5428.09472469388,5344.42480489796,5623.52278938776,5595.5090205102,5663.06937295918,5483.32752295918,5487.02985571429,5413.81421908163,5223.90817908163,5455.50960285714,5472.79970204082,5367.59269244898,5240.53464642857,5279.70443642857,5393.7337044898,5321.6956422449,5351.61172969388,5252.5812655102,5238.34664908163,5294.60414959184,5434.93913653061,5305.87070114286,5355.72167142857,5364.69595928571,5323.44033857143,5469.11519530612,5160.19502622449,5267.39703520408,5698.16989571429,5682.02110959184,5797.80258071429,5673.12843571429,5743.32548010204,5652.66450714286,5648.32366938776,5773.56416632653,5718.81786836735,5977.40825,5843.99463959184,5802.82991785714,5681.68925520408,5795.99633520408,5972.63225153061,6183.61278653061,6226.16209418368,6218.18139285714,5884.28132030612,5857.55051857143,5699.20225877551,5429.79232295918,5303.84815234694,5331.55782255102,5386.63608571429,5515.12013265306,5349.71558265306,5340.63678571429,5445.49863571429,5375.91595,5500.77294540816,5514.37556826531,5390.84346918367,5426.51469581633,5299.31419040816,5364.83788387755,5380.80063979592,5301.52095734694,5270.23975734694,5205.00500734694,5164.79820612245,5376.12217897959,5199.79548040816,5300.99757408163,5462.00231326531,5625.78181265306,5472.85812836735,5557.43369795918,5499.65643622449,5585.89068897959,5297.5414177551,5264.79275612245,5317.47973612245,5273.85157979592,5594.20410979592,5524.00505397959,5554.87573611225,5678.61809937755,5624.48081937755,5518.72613960204,5518.48016460204,5546.53024337755,5967.48812541837,5734.95737429592,5815.87530816327,5862.81010581633,5882.40464744898,5852.09486836735,5640.85979877551,5654.25940714286,5689.16590204082,5665.42186326531,5601.70649693878,5525.00554693878,5667.89008469388,5493.55868877551,5701.70681908163,5708.6828,5886.27754285714,5791.80774816327,5810.07328469388,5888.21204489796,5945.34770591837,5951.11484469388,5881.64763112245,5679.3292177551,5673.54742959184,5852.50464,5913.63385653061,5819.44901602041,5807.70143663265,5582.66635510204,5749.39663989796,5787.19536632653,5713.40004693877,5656.64023183673,5676.70767929592,5662.15340266327,5474.45544653061,5650.23671734694,5676.21613632653,5546.50986408163,5617.78418969388,5454.78681785714,5429.50630663265,5453.01573683673,5353.26625836735,5410.47255632653,5638.02680132653,5240.04917234694,5247.18931955102,5342.17349285714,5250.35753285714,5346.99050285714,5542.92958969388,5686.50956826531,5471.92950980612,5457.55917989796,5440.6540194898,5565.18830877551,5587.31064428571,5524.48737530612,5599.87649489796,5513.73171653061,5493.74109714286,5734.69164918368,5673.80101653061,6090.72535602041,5956.85117132653,5856.16654183674,5978.54833642857,5906.94547642857,5912.08470051021,6009.61408877551,5922.27097877551,5887.57706428572,5835.99346938776,5684.24613588776,5834.24731428572,5709.95208418368,5634.60655918368,5754.02099795919,5715.09179795918,5755.73819795919,5714.84686979592,5819.47626479592,5757.78275897959,5814.63334897959,5721.35566591837,5741.92102346939,5759.80743,5793.83539163265,5607.34911306122,5606.09388244898,5535.94029489796,5592.28275826531,5627.17312867347,5486.45849938775,5396.72535714286,5416.20288897959,5345.58559969388,5462.61953030612,5425.18187284694,5302.09913437755,5244.52724560204,5434.62463366327,5535.36209743878,5374.78206071429,5261.26496397959,5199.88275897959,5223.97623040817,5278.30365989796,5403.97718642857,5262.02787561225,5256.81834561224,5524.92583602041,5600.69702153061,5644.89716438776,5548.9529322449,5642.3204172449,5596.5644622449,5546.37301036735,5306.94340530612,5478.28926091837,5388.17979663265,5451.84393020408,5280.2675204898,5394.02316734694,5316.45203234694,5242.66674826531,5249.43992326531,5256.32432326531,5298.78402765306,5465.63968377551,5724.36999397959,5585.17480897959,5757.17415,5804.29099846939,5629.79581326531,5407.50098061224,5464.46636122449,5499.22314591837,5559.40054693878,5466.41368785714,5594.5473394898,5706.00814489796,5775.11023367347,5737.58360989796,5785.79688469388,5860.40434153061,5943.2279519898,5767.16541632653,5583.52312244898,5650.76038122449,5386.92133061224,5446.33559142857,5234.46364836735,5411.29678408163,5412.7756705102,5273.52780918367,5166.78231153061,5240.20645408163,5396.72006387755,5425.33946938776,5543.16479081633,5317.25490153061,5586.36557846939,5288.7924622449,5555.59789846939,5461.76860265306,5201.64636571428,5365.22925448979,5382.85115918367,5351.3505227551,5431.51400714286,5469.05195102041,5501.63033734694,5760.43632928571,5761.55991938776,5496.59669438775,5586.84177295918,5226.07067285714,5358.50202785714,5463.08284765306,5387.32563142857,5382.59440142857,5471.03954795919,5491.28813469388,5521.66591122449,5653.40806622449,5700.81512602041,5835.00401030612,5764.23611357143,5719.84740755102,5788.06288265306,5833.91682346939,5973.16773357143,5930.01371020408,5933.87361938776,5775.2721577551,5511.37311112245,5438.14156612245,5453.90805912245,5530.46457612245,5477.51977336735,5582.54233530612,5763.52536989796,5773.26208571429,5714.97531397959,5883.49919438776,5763.32352214286,5667.65622244898,5642.33390714286,5611.59414183674,5428.05494255102,5398.81884846939,5367.07061877551,5371.32940928572,5244.5259017347,5623.40846061224,5331.48149387755,5367.21735155102,5527.05952093878,5510.82543102041,5318.69395316327,5698.89033469388,5856.29868469388,5766.11429234694,5765.20401040816,5622.98880612245,5634.95143418367,5615.71579632653,5423.42346786735,5418.77438858163,5480.96555031633,5476.26392102041,5579.75815806123,5543.20973877551,5524.81615714286,5392.17322653061,5512.68320816327,5571.83190520408,5515.9336294898,5410.45900397959,5521.49433561225,5568.53048928571,5476.35094428571,5475.52962428571,5514.80885387755,5471.01974591837,5504.78774591837,5556.66856122449,5540.13648612245,5567.04642428571,5484.12616530612,5285.57317071429,5310.51139255102,5375.01981377551,5369.39689030612,5328.38190479592,5542.57303979592,5672.80738336735,5708.05566989796,5814.21362418367,5816.78960602041,5750.42485285714,5805.70982173469,5634.26724265306,5689.62829591837,5664.62336408163,5638.76442653061,5456.58043204082,5757.48165204082,5524.72549387755,5471.13747897959,5413.35527061224,5474.74739408163,5338.08081285714,5410.7588194898,5544.57057846939,5510.15320581633,5200.91685530612,5421.54313367347,5295.85592346939,5309.63938877551,5238.25000357143,5351.52036132653,5311.54709969388,5306.4514567347,5256.92748316327,5308.86448602041,5339.26875438776,5396.19436591837,5443.62312326531,5381.22697683674,5441.71756414286,5563.16772142857,5585.04650959184,5392.51421163265,5521.00003428571,5542.10737265306,5525.15962115306,5523.5580885,5392.98452693878,5564.98400336735,5428.43550071429,5514.21439816327,5577.78073316326,5457.18144122449,5493.62380591837,5594.48620061224,5571.06176571429,5432.89781663265,5406.75596632653,5272.36265204082,5269.2321122449,5371.33909540816,5596.56177755102,5563.97505816327,5494.25005938776,5495.71312387755,5608.16251102041,5577.97043877551,5669.91847897959,5496.44994734694,5595.40275234694,5718.29913704082,5733.39235102041,5819.87896408163,5736.41861020408,5835.8851622449,5814.31444489796,5534.10518948979,5595.66459316327,5401.31390612245,5496.28319826531,5757.84200612245,5715.99220520408,5625.59857520408,5614.21818908163,5708.69705408163,5674.50041408163,5611.59599571429,5583.84226836735,5767.28942836735,5656.4788694898,5567.48648744898,5591.28931244898,5361.99344305102,5419.95687580612,5527.06253530612,5387.77593530612,5383.67941673469,5440.9840667347,5475.21586153061,5819.03859714286,5812.35084714286,5771.60102846939,5862.79335132653,5763.719015,5773.34461520408,5914.62006020408,5776.0761605102,5681.68816306123,5689.64131581633,5677.04493081633,5699.93275153061,5675.10121397959,5668.66277114286,5694.59647714286,5542.94159816327,5416.60820244898,5533.86618551021,5440.6470244898,5294.18816448979,5511.74565887755,5601.4667877551,5626.94325489796,5469.98852489796,5523.73742540817,5483.10845877551,5466.10187418367,5505.53266622449,5435.11080428571,5351.12379734694,5467.95189071429,5400.08906734694,5510.61123877551,5501.1354944898,5387.6355967347,5336.48926959184,5241.48856959184,5146.63822653061,5288.6614977551,5281.19566989796,5269.63132989796,5403.23400397959,5335.01061397959,5515.47721897959,5405.05576897959,5297.88091897959,5542.28872857143,5342.15083979592,5251.81546969388,5359.22718469388,5382.5961922449,5299.0895122449,5549.57670632653,5280.69369632653,5271.64024489796,5316.62919204082,5324.33530204082,5427.14949102041,5450.50484877551,5405.83239857143,5433.42204183673,5480.68612367347,5398.50528693878,5553.70545591837,5452.86919081633,5574.58141081633,5647.83409846939,5610.57222030612,5616.11811704082,5675.44732861225,5722.90843806122,5602.44728051021,5520.12353051021,5657.69960051021,5666.79764683673,5548.76095030612,5582.16362265306,5675.05235265306,5456.40610040816,5422.77747469388,5414.08866969388,5514.4226494898,5421.70172295918,5408.09539673469,5416.10689673469,5421.08986081633,5448.76375081633,5482.99989979592,5577.18512969388,5550.09992969388,5683.93502969388,5756.49596081633,5617.29074877551,5486.02489469388,5707.86700469388,5659.45370969388,5618.77370969388,5650.32433561224,5832.51417346939,5653.81239285714,5701.67172928571,5781.37504877551,5785.79273091837,5681.86626836735,5689.61028551021,5529.51688653061,5564.09802857143,5635.45637734694,5400.81232591837,5387.3663222449,5579.01307714286,5514.59094326531,5491.11109244898,5450.45565204082,5614.93165908163,5745.56344122449,5645.83033959184,5559.21221938776,5701.04379530612,5672.08586428571,5763.5157827551,5674.28539112245,5721.07742479592,5556.38205642857,5575.51036693878,5537.29586051021,5628.11994428572,5714.44335,5818.11097591837,5773.83277040816,5636.56417040816,5544.65473877551,5614.06303877551,5471.48172653061,5494.78480306122,5599.90000551021,5631.65695918367,5685.89057142857,5671.06798061225,5672.67320061225,5579.24140744898,5497.00285408163,5735.77390408163,5573.83066530612,5735.70857159184,5736.506832,5711.362332,5781.91736897959,5770.91482244898,5880.96095581633,5878.04384204082,5832.58704183673,5892.89577183674,5725.07932510204,5696.57850542857,5769.27883897959,5628.10665040816,5697.82244673469,5689.81680310204,5615.4825427551,5631.98802730612,5663.0755427551,5822.01582287755,5711.45926530612,5836.52518030612,5678.93653520408,5608.08756540816,5510.09607020408,5663.02913530612,5702.69034908163,5784.38918397959,5609.81668663265,5536.56283132653,5626.91783102041,5641.37105306122,5380.811195,5347.65773570918,5326.35115265306,5562.98098918367,5651.161973,5553.87391755102,5364.49377163265,5447.58644153061,5442.19935142857,5312.14047204082,5186.35174061225,5352.30523061225,5439.32928234694,5424.83701061224,5383.8529055102,5346.73404510204,5262.67568346939,5182.87945765306,5211.80348591837,5329.20579204082,5519.16855122449,5478.95000204082,5371.23823377551,5461.81542122449,5215.55538612245,5278.92908020408,5207.90497061225,5270.96945928571,5037.31438622449,5292.75498581633,5423.40859642857,5408.0528227551,5487.9246827551,5531.9318322449,5562.47291122449,5697.25891122449,5682.4540367347,5577.1106817347,5742.3921867347,5640.85949816327,5396.6663122449,5429.6127744898,5651.28293979592,5544.36524479592
557.714285714286,5811.73965,5764.39355,5700.40325,5860.74268285714,5793.80141428572,5844.52206642857,5874.695135,6051.00901928572,5804.12414071428,5742.86609071429,5940.47295071428,5900.19417071429,5867.50830071429,5855.71950071428,5874.55278714286,5828.20340714286,5776.79806714285,5766.16427685714,5817.80449185714,5611.69584935714,5786.08028185714,5614.17343685714,5552.31676685714,5611.23619685714,5809.87001685714,5865.05365428572,5990.82416428572,6031.53806428572,5974.06079171429,5853.74207928571,5927.02351428572,5850.99849928572,5921.40034428571,5921.446705,5987.91702428572,5971.32509785715,5967.54634785714,5985.6735,5914.69497142857,5727.12729714286,5612.32584857143,5480.34778428572,5698.18874142857,5436.50296428572,5624.70216928571,5724.05518,5720.14096428571,5642.737185,5486.58099142857,5488.88654928571,5406.66868928571,5312.01505642857,5296.71473142857,5470.09264142857,5601.12563142857,5631.88303857143,5700.15088857143,5821.74133857143,5742.34249285714,5662.60485714286,5762.93430714286,5660.44697714286,5886.11930714286,5800.68670971429,5760.65797971429,5765.80018971428,5729.60769857143,5998.02528357143,5680.74323785714,5886.98683071429,5643.39698571429,5810.96196292857,5687.833025,5856.99418357143,6039.22086428572,6189.14706,6262.25913,6216.70409142857,5958.03602071429,5890.04016571429,5966.66416285714,5864.24781857143,6005.90392,6056.11551785714,5928.52180357143,6005.20082714286,6376.56557714286,6277.26047714286,5731.78632571429,5797.50653571429,5812.02029,5952.34961714286,5943.52169928572,6184.74096028572,6097.27721428571,5866.06603571429,5892.28858571428,6139.54632142857,6232.925955,6294.14802571429,6389.44550785714,6348.41617714286,6214.83744428571,6349.06191428572,6207.53600285714,6238.98954,6097.02062857143,6231.09998571429,5979.83537571429,6083.69223571429,6279.60882857143,6088.66058571429,6042.14278,6213.99338,6215.73158,6174.27214,5975.65594285714,6014.57898857143,6031.26303785714,6223.55589357143,6007.81493142857,6099.24097,6115.44904714286,6174.21603857143,6181.64131857143,6354.73318857143,6201.28248857143,6133.83022,6047.80849142857,6082.02629285715,6057.42129571429,5945.90571285714,5944.2237,6060.05101285714,5879.05684285714,6058.60746285714,6049.7534822,6023.194211,5936.83292,5789.08207571429,5921.14222571429,5750.79962285714,5752.31677142857,5586.70876714286,5634.84237857143,5615.21428857143,5866.04148857143,5605.67721428572,5582.77102142857,5600.40295857143,5560.02598142857,5815.53270642857,5776.09287142857,5901.14932285715,5804.91398214286,5788.89483571429,5720.80373857143,5711.93189142857,5831.845285,5742.83218142857,5739.29732428572,5837.19153928571,5584.34634642857,5663.47949642857,5539.88315642857,5697.41017142857,5560.02127142857,5569.12493571429,5771.44156285715,5921.00021114286,6018.17272214286,6002.36159285715,6072.54549357143,5782.80880714286,5925.22254357143,5901.66401357143,6178.78999142857,6010.92331,5857.79777785714,5995.03837857143,5990.89735071429,5905.59001714286,5921.45012357143,5827.215745,5881.51061142857,5937.51923785714,5878.17267071429,6027.32582214286,5899.72978142857,6014.20531,5910.47036071429,5862.31464785714,5967.06213,5903.80867428571,5887.917725,5905.64203357143,5911.95333285715,5794.07138142857,5881.34309142857,5732.64379857143,5913.21560142857,5875.83473214286,5752.02447714286,5714.59481428572,5950.94949642857,5741.04737785714,5759.59686428572,5705.69465,5645.76586,5596.20805,5719.79652857143,5618.76758857143,5549.56381428572,5601.09776928571,5639.76333357143,5561.37261571429,5576.31624285715,5557.533705,5519.19304785714,5695.59889785714,5776.57564285715,5786.89207785714,6117.10157571429,6108.58415285715,6149.19796928572,6146.4045565,5982.97842792857,5912.25172078571,5984.56793571429,6021.65512142857,5955.59786428572,6065.82839285714,5878.090625,6079.174505,6112.92602857143,5984.89655714286,6151.61654285714,5862.45107285714,5859.16661428572,5798.78344428571,5950.13304,5829.26691,5977.19050857143,5797.14812857143,5804.28287428571,5866.78859428571,5985.98799428572,6012.17982285714,5685.36830785714,5692.01957928571,5362.23456428571,5668.61536428572,5533.37698857143,5464.44303857143,5580.54198857143,5471.87763857143,5558.21712571428,5575.16079714286,5827.18493285714,5731.228145,5652.79803785714,5890.819145,5773.527545,5676.04034964286,5692.89089285714,5891.44165714286,5824.90096785714,5868.73474285714,5815.03763571429,5809.31687928572,5693.80298285714,5736.06317635715,5886.95314,5908.13193142857,5835.84734071429,5778.22279071429,5945.47206428571,5999.36173285714,5998.55973285714,6021.551805,5740.53627928572,5903.81066571429,5906.74231428572,6152.01707285714,6168.96520428571,6206.26821785714,6270.60698142857,6278.44531142857,6190.06639714286,6148.98212428571,6172.45567571429,6144.42653071429,5881.28583,5901.53401285714,5777.31873642857,5830.51413071429,6116.99615221429,6056.11410571429,6039.62566285714,5921.62694928572,5962.43654928572,5967.26217857143,5958.27399,5789.01943857143,5838.61675214286,5779.97979142857,5838.62219071429,5990.27892,5932.28563571429,5816.70382428572,5819.75169857143,5803.68245142857,5944.73315142857,5881.93314428572,6010.99674714286,5858.05109357143,5953.19227571429,5829.94929,5956.26326357143,5674.22017857143,5785.68747857143,5731.1601,5652.23212857143,5749.40227857143,5836.28936428572,5671.20916428571,5319.95199928571,5475.26923857143,5297.86788857143,5437.53141357143,5449.98895207143,5449.74021785714,5585.48769642857,5679.252365,5692.28595,5867.00629357143,5849.30281071429,5671.15174214286,5817.40516857143,5820.99538357143,5695.62312714286,5679.39381571429,5773.05108214286,6004.21172357143,5789.65677857143,5843.21335714286,5752.98709357143,5888.43138357143,5673.20974142857,5694.41738357143,5872.22279285715,5782.45354428572,5827.98742571429,5796.31318285714,5785.92462928572,5792.08498857143,5771.42405571429,5689.80176142857,5564.87906714286,5563.94021714286,5647.38448428571,5536.54089,5718.95041214286,5614.48882142857,5648.94856,5687.26157857143,5747.436195,5643.84865,5791.101825,5745.23339428571,5722.05410428572,5864.33540714286,5970.4054,5893.641965,5655.35225928571,5894.86905142857,5863.47014,5891.11651857143,5775.07625285714,5650.63809285714,5674.98294285714,5735.32230714286,5821.17812142857,5855.92546357143,5764.73380285714,5877.31094142857,5811.95524928572,5976.52106142857,6139.58350642857,6280.25333571429,6150.19931571429,6273.70811571428,6016.34816571428,5861.31472571429,6068.56739,5816.28340142857,5836.14589285714,5798.14130714286,5641.15949428571,5837.33353142857,5978.67159285714,6077.51983571429,6128.36297714286,5931.84778428571,5980.78780142857,6203.76732714286,6044.63255042857,6176.95572542857,5886.18197042857,5975.12200542857,5868.43268817857,6014.88997542857,6042.22030542857,5968.25135685714,5946.634679,6108.749444,6122.058434,6213.79986785714,6069.33373328572,5962.27610928572,6004.09498428572,6224.65335928572,6204.67319142857,6158.94005142857,5987.73964,6018.30223714286,5911.48627214286,5977.72753714286,6277.50633714286,6257.060755,6214.91034157143,6053.92969357143,6176.04965857143,6264.80497142857,6084.05190714286,6010.31783571429,6051.3343,5907.77121428572,6065.97957142857,5981.03843142857,5784.451,5821.53112857143,5765.04210714286,5913.50587142857,5851.01993571429,5773.16236428572,6050.37897492857,5940.17792142857,6041.7707,5879.28012857143,5941.46702,5982.78195,6024.07995,6044.56327857143,6074.4725,5988.84509285714,5890.06412857143,5972.32727857143,5825.14481857143,5726.00937142857,5630.35141428572,5476.93994428572,5617.34595066429,5853.54831071429,5795.10906857143,5756.24484428571,5784.21655428571,5967.94442785714,5729.01300071429,5759.33640714286,5711.75602428572,5504.99909785715,5686.69460571429,5519.064855,5614.09045,5612.75179857143,5714.83413142857,5668.134885,5508.74930785715,5600.97635714286,5702.42576428572,5545.96307428571,5844.19413785714,6139.650555,6026.28025428572,6045.00037,6012.59886428572,5866.76459,5969.27146142857,5922.43584142857,5880.21984071429,5870.80857071429,5932.61293571429,5860.62458571429,5885.43224571429,5777.46852857143,5840.73084857143,5790.18552642857,5738.18543,5778.84741428571,5795.47804142857,5797.67490714286,5499.00967642857,5569.09526285714,5464.97995857143,5923.05379214286,5874.92256285714,5790.33471714286,5851.44747285714,5824.46974428571,5806.08268928571,5882.60951435714,5702.77971857143,5844.56908571428,5804.0282,5790.888865,5791.81775642857,5641.08853357143,5652.77021857143,5520.79789357143,5478.87649735714,5439.9774245,5495.85440414286,5599.93971142857,5825.79890571429,5614.39372357143,5676.83378714286,5721.20673928572,5592.01148214286,5707.167745,5519.16111928572,5614.50427928571,5426.60056142857,5480.93785142857,5760.11416642857,5946.31941142857,5744.46046642857,5700.88669642857,5656.61204142857,5584.12844142857,5609.31194142857,5729.25265571429,5825.45189857143,6099.65909857143,6028.24611285714,5977.17786285714,5760.25507142857,5677.72757142857,5507.30127642857,5807.49084285714,5846.03813578572,5874.34705428571,5840.73303571429,5742.93063428572,5730.41329428571,5580.09525857143,5696.73339757143,5660.39918571429,5742.26278357143,5742.80126714286,5806.92307857143,5849.48327857143,5924.73131428571,6077.782165,5998.22488428571,5874.21231428571,5760.04266714286,5948.53935485714,5998.58797714286,5918.878275,6221.91693642857,6203.15345857143,6256.96455214286,6081.94145857143,6031.72600571429,6221.33675714286,6140.08846357143,6188.39547642857,5905.99946214286,5869.39766285714,5774.60126177857,5635.90375442857,5506.72624428572,5522.00042142857,5774.94448571429,5563.94861142857,5390.81208714286,5622.37710714286,5526.73473642857,5550.43562857143,5464.04499285714,5363.61388571429,5411.81249142857,5691.06430571429,5681.97791142857,5606.0725,5687.941735,5744.11925428571,5700.60800428572,5416.20435928571,5526.46359928571,5674.82720428572,5799.10783857143,5996.3895,5986.80145642857,5937.71758071429,5810.00556142857,5717.63891428572,5736.30752285714,5679.35811578572,5947.16927857143,5837.95995714286,5836.77357142857,5896.12282214286,6027.73453642857,5901.36623071429,5723.826795,5681.874115,5822.59468642857,5840.87741714286,5682.82392857143,5975.13492928571,5866.78255714286,5672.06691428572,5797.50959285714,5977.22303592857,6052.11865714286,5943.61431214286,5916.19427142857,5979.00505,6024.34293571428,5928.06459857143,6241.61332,6170.35741,6045.18861214286,6030.97515428571,6112.19348428572,6067.81221142857,5992.18467071429,5950.21148285714,5932.74296428572,5900.45001571429,5848.12320714286,5879.44245428571,5816.28538071429,5654.81710571429,5845.39364357143,5911.50266928572,5723.34466428572,5796.86253571429,5559.38226428572,5578.94036071428,5580.66392071429,5699.65405642857,5545.84205214286,5576.43157857143,5618.08132928571,5583.97133642857,5551.4429,5558.67398857143,5389.086,5500.36751857143,5480.80877785714,5689.79554571429,5753.48248928571,5819.25705142857,5754.780935,5855.87861842857,5779.95870842857,5945.02664428571,5929.55712714286,5969.79752857143,5735.74456428571,5619.87501928572,5585.881585,5569.79490357143,5503.71237,5475.73813428572,5575.16874142857,5322.511805,5408.78674357143,5681.95671357143,5771.59037857143,5490.82422428571,5372.69214571429,5532.40263428572,5520.13535428571,5584.78218642857,5480.40082714286,5556.28537357143,5559.77400285714,5556.51048214286,5719.68134285714,5761.11520714286,5418.62987142857,5447.06875571429,5561.877565,5544.180735,5648.10155,5671.84953142857,5579.99040142857,5519.44668928572,5787.91290071429,5715.06062,5521.81715071429,5786.65953142857,5605.08491428572,5621.71120928571,5633.60182428571,5548.66863642857,5510.21188142857,5594.41453,5719.45699642857,5749.52750357143,5607.38370214286,5481.60285285714,5426.08818642857,5700.02897671429,5543.53316785714,5610.22328571429,5583.16555714286,5455.28724857143,5449.841035,6055.57359357143,6058.46724214286,6076.00415714286,6059.45957,5923.90867142857,6348.62045714286,6172.89749,6233.01417142857,6069.72291,6126.66401142857,5994.06894142857,5978.87203285714,6003.63760771428,5870.64232771429,6029.97015285714,6083.04651857143,6037.78379428572,6183.30034357143,6244.21467214286,6384.47046714286,6225.74827857143,6333.93615285714,6230.53007285714,6261.01925714286,6096.27224714286,6053.42344357143,5928.22074857143,6001.14767857143,5821.15342857143,5983.23592857143,5908.14364142857,5678.14489142857,5481.33602071429,5580.14684285714,5392.78977314286,5568.50660571429,5718.30074714286,5867.06763,5851.86838357143,5849.98630714286,5745.85748642857,5704.44620714286,5917.66206642857,6086.423425,6018.29300428572,5984.74756142857,5727.19537428571,5843.98025357143,5773.21813,5712.50834928571,5803.27303214286,5830.13205571429,5843.24749257143,5820.91507828571,5700.43479857143,5637.0785,5840.64527428571,5439.40067428571,5538.36278428571,5411.767665,5723.85502828571,5681.94015285715,5795.91289285714,6046.74118285714,5770.45574428572,5775.84445714286,5690.13573571429,5799.236375,5693.643865,5822.29696071429,5577.77545785714,5768.17197,5906.80814714286,5868.36463214286,5817.19217557143,5981.04028285714,5901.0432,5938.17093571429,5864.62448071429,5951.07290714286,6002.16575571429,6021.54520714286,5985.02256714286,5841.10061857143,5903.57148428571,5882.09195142857,5807.22609714286,5481.27228571429,5825.29550071429,5764.82783,5800.02987928572,5775.9377,5607.01416500001,5643.73846071429,5918.638035,5659.240645,5869.61091285714,5803.16803571429,5737.66177142857,5865.99516428572,5990.79741357143,5895.98265,5969.49363571428,5752.40142142857,5521.32864292857,5662.990075,5572.39706071429,5602.02722214286,5450.83713642857,5380.07784071429,5474.91270642857,5673.25890642857,5722.80930928571,5526.41076042857,5855.41262214286,5754.12420657143,5841.36535585714,5620.72861585715,5796.04850785715,5894.76949285714,5862.70897285714,5955.24168571429,5865.11498428572,5541.62854714286,5513.93128285714,5600.23937857143,5499.89622142857,5560.66779285715,5458.02909,5557.43136714286,5581.07418714286,5460.59473285714,5364.775145,5587.09159357143,5786.18005714286,5883.34969285714,5928.67669285714,5816.67736428572,6045.21593571429,5881.80259928571,5776.21368428572,5837.83816928572,5793.69726428572,5761.76586428572,5672.03136428572,5827.27858928572,5726.06579928572,5846.91107,5868.64848571429,5805.51986428571,5960.10310071429,5952.36966428572,5961.46858571429,6020.98078071429,6133.83641428572,6074.60201428572,5949.20091785714,5844.77471857143,6045.32603571429,6004.65211071429,5875.16326071429,5880.34013928571,5964.45028857143,5868.93493928571,5901.93070571429,6023.88700585714,5813.60467714286,6160.58248857143,6176.43854142857,6250.33789428571,6148.41847857143,6160.24998571429,6084.43781857143,5984.01872857143,6011.49118,6008.49701214286,5747.22777142857,5656.04764285714,5667.86555,5649.31575714286,5868.73582928572,5610.51474428572,5909.36391428572,5787.93103571429,5819.451605,5847.59384,5762.20956571429,5840.62205357143,5745.25531071429,5759.73820714286,5992.85343142857,6011.96130928572,6062.52635428571,5884.91085428571,6045.021385,5950.70132857143,6087.99267714286,6121.01853357143,6016.21189071429,6139.22966857143,6110.75114,6110.98030642857,6099.98371928571,6035.43209285714,5960.52192714286,5598.54078071429,5656.70919785714,5835.14005714286,5733.04468714286,5848.57688571429,5837.10552428571,6115.85488571429,5909.9679,5850.03958857143,5862.54881071429,5774.66205357143,5744.08624,6019.21593142857,6066.662,5980.45739,6171.60182642857,6098.08698,6025.69794928571,5991.15128428572,5991.81744285714,5999.31075857143,5778.65496357143,5857.61546785714,5704.48520571429,5638.92226285714,5685.02869285714,5694.26134142857,5763.16907857143,5754.96398857143,5802.88085714286,5875.50685714286,5980.79650071429,6083.78599785714,6064.39952928572,6078.57863,6183.76433,5917.57365857143,5885.14668571429,5596.94122785714,5722.95156142857,5709.94604785714,5704.65527785714,5831.84308214286,5727.54142257143,6067.34713,5918.46161785714,6033.01025071429,6197.91006214286,6363.38636642857,6243.60382357143,6191.80447357143,6244.29457071429,6169.28981785714,6192.019906,6019.34118357143,6017.60260857143,6085.50478714286,6029.05510214286,5947.422095,5858.50712857143,5753.51213,5803.05078,5816.99908,5857.26855142857,5851.61552857143,5930.17690714286,6025.41819214286,5868.41521428572,5887.15087,6046.83900428572,5878.99740428572,5870.612,5811.1543,5920.04739142857,5985.20470357143,6023.85963,5946.06242785715,5868.65586428572,5937.68144,6004.0845,6063.61890714286,6087.18483857143,5930.23738142857,5965.56924857143,6209.49102571429,6046.42322928571,6207.04445785714,6048.09365814286,6006.50712385714,6195.44426242857,6147.83632528572,6078.21488528571,6073.16313814286,6215.188231,6137.28487,6135.18458928572,6056.59005714286,6136.25962814286,6185.38507071429,6091.30462571429,6098.33556071428,6207.22210571429,6071.49447071428,6073.38398335714,6071.7402005,6161.87219928572,5901.58413285714,5822.31072571428,5782.01331142857,5980.27001757143,5833.82135757143,5859.89801357143,5668.59622071429,5668.34096014286,5820.88754014286,5939.26880014286,5947.55860214286,5673.60449714286,5877.85043714286,5664.90953714286,5731.80248714286,5617.04941142857,5685.78966642857,5728.54613285714,5564.10899214286,5626.26891264286,5613.96907571429,5605.64787642857,5739.69252642857,5892.41867571429,5853.60770571428,5898.72594928572,6109.31611857143,5939.70871857143,6084.99901857143,5910.04531214286,5946.54109571428,5863.21791214286,5749.80676142857,5712.15532142857,5645.19888785714,5556.47380714286,5627.56728,5693.61857714286,5727.112275,5336.43200285714,5517.70038785714,5695.83523571429,5575.50255714286,5739.55170714286,5602.56643214286,5570.44735857143,5709.51819357143,5622.09578,5836.72234214286,5669.20539357143,5631.82189428571,5568.30449857143,5737.16734,5658.35808614286,5967.94998571429,5783.89329285714,5836.68007142857,6105.79973571428,5943.58455714286,6147.61338571429,6005.0437,5794.674205,5610.12464785714,5696.04524571429,5665.89095642857,5635.65100714286,5632.62583571429,5713.74001428572,5939.72996428572,6032.60037285714,6017.57720071429,5967.12587285714,5736.87554285714,5903.34818785715,5823.60577857143,5660.69395,5790.37223542857,5816.92962428572,5871.75229928572,5693.76610928571,5714.00605928572,5568.56336214286,5523.99091214286,5577.33624142857,5690.12544,5693.93715214286,5500.41197978572,5385.74142071429,5476.14080571429,5386.55182928572,5475.27237928572,5622.77342928572,5600.67765857143,5394.56441857143,5370.21677857143,5405.19389857143,5728.88420285715,5686.47596285715,5683.09180785714,5506.507965,5742.48933214286,5571.58375714286,5490.85385714286,5540.75897285714,5621.98506571429,5462.70387714286,5305.39666714286,5537.28381228571,5403.983635,5533.57875785714,5411.76965,5551.380515,5503.13528,5705.52749714286,5854.057595,5938.353365,5745.95635428571,5860.16887,5835.44972142857,5541.21743714286,5532.41552,5530.32987,5564.87991714286,5570.48495785714,5591.96410428571,5638.76930928571,5743.92990671429,5765.02711714286,5841.36454857143,5952.42676928571,5943.58076642857,5938.84345071428,5875.97226357143,5772.46382071429,5796.01187714286,5836.40777714286,5438.71307142857,5364.86631357143,5455.74216642857,5721.20312285714,5565.27973142857,5682.53621428571,5701.78077,5799.44504142857,5910.48839642857,5801.15008142857,5984.47468142857,5885.81068142857,5809.73789642857,5746.10399642857,6004.98866642857,5848.24165142857,5920.806435,5820.39430357143,5546.95794857143,5599.48159357143,5526.810675,5424.04138714286,5341.86012428572,5486.73129142857,5551.01286714286,5498.87196857143,5557.38313142857,5742.46988642857,5644.98416642857,5765.45941142857,5837.88114142857,5843.36486642857,5722.03161357143,5991.11194571429,5558.58521642857,5652.701115,5672.95106285715,5654.65339571429,5748.15184,5592.15826285714,5614.26966357143,5694.03582857143,5884.58838785714,5922.45248071429,6023.13520142857,6098.62272785714,6331.57374285714,6297.85321857143,6271.81069571429,6225.41704428571,6127.49957714286,6131.29204285714,6206.25345,6164.99586142857,6031.29116142857,5975.95282428572,6007.32257642857,6138.77770714286,5770.80979971428,5772.30605214286,5671.37418571429,5533.02192857143,5775.99973714286,5642.41693785714,5570.18473928571,5629.90766428571,5627.04435571429,5590.635485,5552.3973,5763.7683,5867.94587142857,5767.38009428571,5769.04188571429,5825.72845571429,5964.77114428571,5729.12992142857,5809.43222142857,5669.80012142857,5677.72342142857,5795.80147428571,5898.51047928572,5704.18277228572,5847.80541142857,5892.38064142857,5880.55752142857,5864.67169642857,5775.57897142857,5877.83005642857,5766.96350714286,5682.862345,5864.659495,5828.58415785714,5919.49310642857,5755.53741,5722.17582785714,5746.88032785714,5805.96689,5895.70206428571,5976.15281928571,6009.78349,6054.555445,5811.21449928571,5812.63166071429,5919.98850714286,5991.01842142857,5984.73837357143,6076.21452357143,6093.87626642857,6114.291095,6153.24531428571,6022.24372928571,6056.29665714286,5817.20389142857,5620.62615714286,5881.59091571429,5672.284993,5749.42432571429,5663.95418428571,5509.99034428571,5504.76297428571,5774.08265357143,5733.33693857143,5665.194695,5584.10004714286,5840.54601357143,6064.92618642857,6149.49938285714,6118.05075714286,6176.74586857143,6125.44567571429,6069.71342571429,5976.88129785715,5868.51149714286,5751.35333714286,5780.17690714286,5637.98758571429,5736.69189285714,5819.021105,5871.43660714286,5759.40703571429,5735.25025,5851.65978071429,5876.94000571429,6019.207255,5720.17997357143,5839.29462714286,5876.15271428572,5857.99112214286,5833.07480285714,5910.22740785714,5984.89194214286,5831.98952285714,5761.62888428572,5816.89115214286,5911.49493171429,5802.54103142857,5868.00449214286,6067.57645214286,6017.50435714286,6090.50452257143,6016.64238571429,5782.51037071429,6074.615495,6069.31711714286,5980.11923571428,6063.68105,6290.94825,6191.51170714286,6261.43809214286,6169.83568571429,6167.50356428571,6226.93869071429,6197.46888571429,6085.43998571429,6109.80973571429,5979.30347642857,5950.37042142857,6058.62441285714,6069.86370142857,6093.70650857143,6044.05998714286,5932.64380142857,5989.52135642857,6146.01958928571,6163.38426571429,6189.188145,5806.006965,5763.81456642857,5805.17287642857,5640.52247642857,5703.14948571429,5557.17276428571,5817.14548571429,6143.44548428571,5959.37832142857,5867.39487142857,5777.01006285714,5903.44319771428,5845.52646571428,5892.63852,5737.32282142857,5714.65373571429,5788.38611857143,5663.87364785714,5459.38167357143,5801.95780214286,5912.37047142857,5715.55271785714,5734.87460857143,5795.59965142857,5598.75156642857,5807.51432714286,5757.12455142857,5601.507845,5807.38611642857,5560.22051857143,5432.70259714286,5399.90723785714,5406.51436142857,5469.95754714286,5595.83386357143,5526.41645714286,5291.97567714286,5536.67047785715,5487.03580714286,5552.96653714286,5510.24638428572,5579.51820071429,5412.29303571429,5451.42475071429,5523.31947857143,5588.10417142857,5472.31870857143,5752.89935714286,5864.95608857143,5838.72940285715,5768.5991,5754.57702214286,5754.94313285714,5925.40292142857,5853.33729285714,5695.86074285715,5606.43260285714,5661.75905285714,5538.66552142857,5441.01655714286,5513.18631428572,5658.34802428572,5616.02524285715,5572.57149285715,5565.52524785715,5618.28876785715,5441.06848857143,5528.72320857143,5539.58635,5625.62677214286,5677.21750714286,5562.31225,5526.28391428572,5640.30260714286,5847.44674428571,5677.82873928571,6059.87586857143,5931.57527857143,5861.58285928572,5877.51998571429,5887.52117214286,6067.496475,6007.67145,5933.64422,5975.39219571429,6059.64659571429,6000.45823571429,5940.117925,5813.13905,5881.45622785714,5844.59491357143,5748.81609214286,5797.25075071429,5803.87617214286,5740.17885142857,5857.97027142857,5870.00182857143,6023.15817142857,6112.62724,5984.42270142857,5952.73280071429,5926.24802,5964.00032857143,5939.24876142857,5825.05336785715,6075.54778,5991.14337571428,5810.37148428572,5862.12249285714,5784.46241571429,5651.29044714286,5647.4289,5744.98158571429,5892.13642214286,5699.98678857143,5560.32360714286,5301.16435285714,5412.51416571429,5579.30096,5663.87623714286,5767.34379928571,5791.71149928572,5660.55691142857,5912.68089857143,6073.88061357143,6198.991931,5709.21585642857,5949.61848571429,6102.96459428572,6025.23866714286,6129.76319,5891.55555714286,5892.03726142857,5875.79046428572,5785.57603857143,5807.42539857143,5789.02067285714,5857.80317428571,5921.49083571429,6019.71047857143,5741.73414285714,5642.40595571429,5733.72160428572,5657.29020285714,5890.79498142857,5848.11497142857,5889.93841,5951.0894065,5948.58445,5515.86456714286,5424.61480642857,5301.85860428572,5346.28362928572,5563.61353571429,5454.68557142857,5567.20976142857,5489.65818642857,5504.93262,5560.19996428571,5432.98994285714,5583.35693714286,5718.45535857143,5513.992355,5555.03972,5367.0411,5352.66125928571,5380.28414428571,5481.32937428572,5500.57126071429,5482.32595642857,5416.65656142857,5678.91668385714,5635.03363428572,5516.25475642857,5576.86238428572,5623.29210857143,5661.86772928572,5632.01515785714,5753.94491857143,5845.16137428572,5671.68082857143,5731.73225142857,5776.70804142857,5976.41831928571,5878.55583714286,5786.22364214286,5854.29709714286,5785.90141642857,5826.18238571429,5615.42297857143,5854.13409285714,5701.02327142857,5492.14982142857,5596.80607642857,5627.6545,5603.75707142857,5752.66772857143,5653.79806857143,5617.66095642857,5836.32315642857,5761.95738571429,5944.19663714286,5895.65030357143,5858.602635,5940.79679285715,5861.62146428572,5713.80696857143,5650.01062857143,5932.95492857143,5939.81132857143,5964.98107857143,6054.08542357143,5896.13246714286,6176.50627,6141.51597857143,6069.88261357143,6249.07591785714,6210.41699785714,6103.83008414286,6092.70846428572,6153.21937928571,6253.89855642857,6090.90392357143,6000.96619428571,5985.28218,5971.80207571429,6144.99407857143,6202.56060285714,6133.02468857143,6253.09219142857,6294.92464714286,6268.67005671429,6157.68423,6360.74428357143,6120.12136571429,5953.25460378571,5825.87334142857,5870.49693571429,5874.94789285714,5846.64678714286,5795.50395714286,5757.43391,5828.83572,5834.14775714286,5636.35970714286,5757.30397214286,5875.96656928571,5974.39160928571,5995.21933785714,5972.7996,5814.23587714286,5818.52796142857,5824.74032142857,5930.20276142857,5887.63827571428,6089.69425578571,6038.3219465,6001.5473515,6075.0435815,5926.89078721429,5801.98545357143,5711.08192714286,5713.24254357143,5666.71763857143,5875.54213857143,5819.70248142857,6166.28251,6051.60699642857,5869.25378142857,5892.00185,5803.83065142857,5906.7232,5849.6963,5822.9606,5908.82652,5824.76572,5676.04707142857,5663.38480642857,5885.03444642857,5848.609655,5713.50633428571,5591.42892,5542.36238357143,5451.69867142857,5364.90481571429,5709.85141071429,5806.59896642857,5863.70087642857,5990.22897714286,6003.24050285714,5749.97843071429,5765.62633071429,5725.38383071429,5717.38982857143,6011.33599428572,5927.95199428571,6064.99250428572,6041.55447428571,6016.06504285715,6256.90141571429,6256.06544214286,6324.70943428572,6268.04083571429,6294.48664857143,6350.06997428571,6377.49566857143,6306.799155,6411.636075,6195.50411142857,6303.36315642857,6317.24151785714,6336.71574785714,5907.389917,5871.757417,5805.269677,5685.93664,5714.62178714286,5703.68952714286,5911.04191714286,5992.97642428572,5969.09021,5906.714195,5925.10953714286,6091.0131,6122.107525,6252.12723714286,6093.61606785714,6081.841485,6111.67837,6147.22621142857,5991.15909142857,6188.86267914286,6208.76115414286,6204.10364585714,6378.81302085714,6336.73227142857,6308.76187857143,6238.92108857143,6306.37392857143,6327.88969285714,6217.15902857143,6169.13698357143,6223.54442857143,6257.50990857143,6156.49882142857,6129.33893857143,6198.71182642857,6093.44047642857,6060.14994785714,6141.82651714286,6108.58003142857,6032.89618142857,6125.78072071429,5935.980445,5874.878785,5741.49871285714,5825.03657857143,5863.90862785714,5995.13731285714,6049.11273142857,5880.04241142857,5980.63641142857,6059.47037142857,6099.34152642857,5904.72742242857,5779.58481642857,5845.27307142857,5877.72169785714,5888.46975142857,5863.92300142857,5954.73990142857,6038.55650142857,6018.99020142857,5974.75460142857,5605.97447142857,5759.90685142857,5652.6092,5638.57115,5601.94738928571,5643.36916928571,5702.09936785714,5685.98810785714,5712.59960785714,5897.97292285714,5536.67171,5632.164445,5509.302655,5479.257075,5592.10553178572,5622.81750285715,5715.54210142857,5820.02156571429,5709.17731,5660.30257142857,5590.69978142857,5781.53677142857,5778.64328642857,5810.86192142857,5789.87914285714,5515.38618071429,5546.91442571429,5509.67977571429,5581.09590285714,5619.35521785714,5961.18741071429,5732.29861214286,5655.57832571429,5764.77000428572,5937.90166428572,5784.23925928571,5882.86367428572,6062.20959785715,6046.655115,5841.74319928572,5864.05166728572,5778.25382428572,5885.62968071429,5840.42712571429,5758.30957785715,5860.10587785715,6016.70084685714,6031.18831785715,6066.50210071429,5949.76505,5967.87404,6103.24778285714,6038.34593285714,6141.94739285714,6077.71357357143,6217.84292857143,6204.75567857143,6238.10474285714,6158.10982142857,5857.56106428572,5985.55111857143,5977.48809714286,6018.67734857143,6053.86267571429,6050.33635571428,5875.56454357143,6110.77009357143,6147.72155785714,6106.29671714286,5976.02491214286,5996.44520785714,5995.86110785714,6184.46950571429,6333.91043592857,6268.99898571429,6329.38412857143,6122.41602571429,5889.2048,5939.02317785714,5893.35380642857,5804.94600857143,5812.04070071429,5825.71683571429,5774.42373571429,5801.40523571429,5819.80208571429,5819.27592142857,5812.06124857143,5793.43016285714,5882.34046,5716.27991,5964.72216857143,5761.47060285714,5670.37749285714,5823.76327857143,5915.08248857143,5698.31779571429,5714.97453071429,5599.33550142857,5829.63078642857,6086.13950642857,6072.40289857143,5870.68172214286,5940.24628571429,5928.52181428572,5746.26212357143,5872.386695,5988.73158714286,6030.27605857143,6034.21682357143,5832.35713214286,5897.04722142857,5957.62106928572,5853.99684785715,5949.09229071429,5992.23647642857,5940.42762857143,5812.06138142857,5931.04616785714,5808.10290657143,5890.73226142857,5767.52815642857,5746.88186357143,5698.93618428572,5728.22723214286,5779.54802142857,5852.63442142857,5913.4012,5584.94493428572,5895.62021285714,5729.07811,5712.12058,5739.24403857143,5835.93888357143,5798.12201785714,5739.44715714286,5914.95793571429,5988.54041,5975.17334071429,5902.75735571429,5627.00825714286,5662.28598428572,5714.42988357143,5686.66538571429,5803.13213571429,5843.45834142857,5967.46437428572,5947.163216,5932.97713857143,6098.02608857143,5954.32481714286,6054.482644,5916.31399857143,6144.04460142857,6088.59019714286,5954.43130857143,5914.95784142857,5955.27167,5996.233535,5893.52543142857,5837.92018571429,5909.67592071429,5901.75322142857,5879.617185,5911.99245,5969.40186214286,6069.735995,6029.860755,5959.28425428572,5872.79219428572,6047.63434928572,6174.27030428571,6137.39987,6069.22562142857,5874.72923571429,6005.44488071429,5968.54274285714,5760.88149285715,5813.98343785714,5690.25268435714,5836.81749357143,5643.76069285714,5825.28377857143,5812.30370285714,5627.50989071429,5555.63840785714,5433.53979714286,5804.86105928572,5861.64629571429,5783.83277714286,5769.91342785714,6035.95490428571,5763.23166857143,5556.94405,5771.60797,5927.92077,5790.43422142857,5866.96543571429,5759.44540714286,5839.68080785714,5759.47808571429,5737.30480428572,5473.35652571429,5602.81723714286,5667.08896214286,5878.69489214286,5811.04735214286,5784.82832928571,6098.79533714286,5723.66115428571,5647.87696928571,5687.49155,5529.68040857143,5561.82043857143,5612.62148571429,5712.14436071429,5704.06496785714,5722.96505142857,5636.96325714286,5530.02235071428,5566.06622642857,5585.98738442857,5816.05585571428,5658.94940571429,5802.70961285714,5786.91709571429,5743.19222571429,5588.07413571429,5807.58795714286,5723.07615,5816.01064,5788.92124214286,5735.86586642857,5446.58647714286,5536.00178428572,5566.28814214286,5810.40420642857,5857.04285785714,5674.57794071429,5778.39901428571,5813.95920142857,5813.04771285714,5712.07714857143,5801.97365285714,5671.51270642857,5670.720525,5768.66001928571,5692.53031928572,5720.60532142857,5778.26159142857,5652.95616928571,5553.74599285714,5676.276575,5568.18441,5386.7205,5414.06361857143,5586.25481071429,5369.00338642857,5418.86209,5574.26160714286,5627.44680714286,6096.92134142857,6064.78750142857,6000.99689642857,6058.07914142857,6363.96088142857,6303.41374142857,6257.28975142857,6004.22403142857,5951.60345285714,5988.14494642857,5906.49675357143,6185.64159142857,6121.16137642857,6047.59395714286,6419.336135,6314.14261357143,6352.05439107143,6151.68337607143,6218.1380775,6379.12130714286,6439.89407528571,6363.52078528571,6411.77020142857,6288.26231,6321.23882,6075.79160142857,6016.78007571428,6168.29920142857,6178.74600857143,6162.88786,6074.57376,6031.987445,6013.41319642857,5891.76389857143,5727.09005214286,5875.102615,6139.704095,5935.70152928571,5858.58945928571,5829.59382928572,6049.91513642857,6039.25323571429,5892.69321428571,5844.83724285714,5575.91540428572,5568.47327857143,5576.86288857143,5623.92331857143,5790.45975357143,5777.05112607143,5851.21577142857,6014.63052142857,5820.75426142857,6070.63334571429,5953.45562571429,5912.46842571429,6060.17413714286,5840.98048714286,6051.72491857143,5946.378055,6179.11752392857,6054.958115,5890.263955,5958.27749571429,6110.41496428571,5959.90498928572,6100.01851928572,6145.89012857143,6145.92659285714,6087.70162142857,6247.51980142857,6321.56084428571,6476.40011428572,6441.11433,6349.27038214286,6132.99657285715,6248.01728714286,6088.47704357143,6045.96719,5977.296095,5975.48367857143,5751.34910642857,5910.14592485714,5905.93637642857,5939.34547857143,5793.93563785714,5960.17567285714,5866.62787285714,5942.30451642857,5967.99184428572,5964.38886285714,5660.93700285714,5596.62810714286,5705.55493,5695.19859571429,5705.12238571429,5813.91770571429,5882.20843071429,5681.25553071429,5886.08264785714,5804.59746785714,5701.85561285714,5720.19659785714,5600.50478285714,5500.83290428571,5606.69946714286,5755.42274142857,5707.88931428572,5400.86026142857,5493.09006142857,5622.44349142857,5633.31249,5770.82189428572,5692.07968571429,5688.76810785714,5713.87231714286,5652.63648428572,5684.54092857143,5732.47586071429,5688.65478785714,5708.59668785714,5764.03713785714,5757.559415,5868.36899,5867.77197035714,5816.17119892857,5895.98890142857,5825.43484714286,5753.03614714286,5768.40009,5815.29868142857,5501.48696142857,5618.50178428571,5756.27581214286,5730.80188,5798.94414857143,5851.13745857143,5866.59758142857,5871.91655885714,5891.97572714286,5856.81757714286,5881.66821928571,6033.32502271429,6123.50605585714,6194.09032642857,6244.61130142857,6239.91075571429,6310.61679357143,6196.70200571429,6155.23701285714,6119.99534571429,6013.42995714286,5989.50482142857,6076.47537071429,5960.12224285715,6009.74821071429,6100.66819714286,6084.86658357143,6132.08790428572,6125.49501857143,6118.03956642857,5991.7877,5893.99586285714,5911.08614,5853.33839285714,5806.07259142857,5689.27017142857,5719.46194285714,5827.99269714286,5741.12174714286,5727.57723714286,5580.77142571429,5555.698575,5516.018355,5533.5116,5503.48166714286,5441.36980857143,5631.11920714286,5580.94620714286,5619.9823,5685.28389285714,5701.65540785714,5705.78606428572,5767.12393642857,5748.51960214286,5864.01474714286,5818.20872428571,5758.46743714286,5848.58342928572,5811.64854214286,5877.28665142857,5834.75885142857,5856.84298857143,5808.78708571429,5597.23425714286,5738.34890714286,5924.56255071429,5777.00356785714,5617.92858428571,5867.62338428571,5902.58623428571,5895.91243,6077.80236785714,6036.17132285714,5930.91827285714,5993.39200785714,5929.47252857143,6072.09220428571,5999.72457071429,6012.83467428571,6011.93966071429,5759.16732142857,5816.12595571429,5807.89283142857,5745.49294,5932.16182428571,5981.19137285714,6027.80451542857,6024.72992042857,6053.14919857143,5957.65045285714,5908.91944,5723.62677357143,5838.96806857143,5907.40817714286,5860.2743,5925.73974142857,5777.21849,5780.39178571429,5752.25284142857,5639.73147285714,5709.80761571429,5588.54245,5754.02705071429,5661.09094,5734.21242142857,5563.361865,5490.70549357143,5557.779375,5779.24811714286,5805.23778714286,5552.64017,5556.55774285714,5685.50353142857,5780.88021857143,5714.26351714286,5730.91232428571,5795.67933285714,5830.04534285714,5708.74303285715,5845.49052428571,5877.712555,5882.70580785714,6031.4646,6056.339544,5811.72202071429,5892.31598571429,5988.91351357143,5806.90649857143,5742.75727357143,5691.80701,5671.96439942857,5836.29545142857,5873.65638785715,5704.68983285714,5798.37390428571,5659.89805928571,5639.17740428571,5651.72243571429,5301.84205714286,5441.54027571429,5537.73682571429,5507.77632571429,5461.43226285714,5573.83831428571,5472.79875428572,5517.89488457143,5634.42290857143,5641.85583428571,5654.23504357143,5846.73056964286,5857.38937785714,6035.65257714286,6148.16765,6110.57139285714,6015.75879285714,5990.96335714286,6028.62783571429,5819.89492642857,5890.03179357143,6060.00898857143,6025.10132857143,5965.81557714286,5862.05313785715,5974.52763285714,5915.40262578572,6144.21440428572,6128.73957571429,6155.30567142857,6093.08278142857,6261.821345,6041.099255,5905.08267142857,5886.89060142857,5886.89798657143,5926.93564,5852.129908,5703.69369285714,5671.19133571429,5648.33872071429,5929.51403392857,6108.37641857143,6089.28532857143,6043.21547142857,5723.171595,5598.45748857143,5682.60034285714,5680.09664142857,5515.36373785714,5559.56415285714,5564.51866142857,5487.91090428572,5622.11282042857,5659.1457,5570.28147857143,5634.58305357143,5638.42165714286,5714.04660214286,5476.78769571429,5548.22008071429,5666.05987357143,5702.44416428572,5626.4776,5547.03032142857,5649.34332857143,5690.72511428572,5629.06663071429,5548.21779,5599.96062214286,5727.76601928572,5706.04707428572,5503.70986714286,5702.97052428571,5702.19294071429,5625.83877,5649.80747928572,5735.64211428572,5599.013085,5686.373315,5701.76328214286,5825.18930585714,5745.91892585714,5626.322375,5610.35552428572,5544.63200857143,5554.01744142857,5742.16677142857,5760.68039,5753.85539,5813.62581714286,5720.06559714286,5771.62481214286,5869.50292714286,5831.68941214286,5662.28473214286,5671.43833785714,5831.21022857143,5873.99270357143,5936.51812428571,6012.34183285714,5925.37723571429,5860.58947142857,5995.93161571429,5988.16361571429,6133.75987142857,6067.53741428572,5841.96194285714,5898.43169642857,5974.69857857143,5981.13484642857,5847.39698928572,5928.74497928571,5740.52942571429,5967.18165571429,5772.56242,5777.37814785714,5834.26740714286,6030.31005714286,6050.39325714286,6125.96811428572,5943.57671428571,5970.59825428571,5931.21331857143,5952.74830857143,5834.60260642857,5927.22332214286,5842.23649714286,5797.52469357143,5864.89018357143,6089.32209428571,5858.45040142857,5847.14001642857,5731.37200857143,5545.12879285714,5584.60942357143,5611.42664857143,5463.96111285714,5459.72413785714,5676.74484285715,5750.68479285714,5784.26695,5519.34776428572,5391.51430714286,5424.94127142857,5622.99926571429,5626.54089285714,5599.32080571429,5569.740415,5597.987,5622.94237142857,5682.53023857143,5793.37320357143,5781.15702857143,5625.85019142857,5637.86114785715,5629.57668714286,5665.71215614286,5833.24482,5786.89298214286,5566.58829571429,5554.72864714286,5421.26439214286,5667.34835714286,5743.81199428572,5730.49000857143,5680.33993,5752.75052,5916.78634785714,5784.77370642857,5816.01033785714,5796.56643714286,5621.33843714286,5683.80327214286,5744.98298142857,5798.29262142857,5795.65124357143,5783.54109571429,6102.76062571429,6083.28986142857,5892.93908285714,5903.87136428571,5645.46474571429,5588.62119285714,5896.50148642857,5907.7407435,6063.90801,6174.957255,6134.62040571429,6082.99238428571,6146.22552714286,6055.03741571429,6042.15823071428,6284.94060785714,6082.46143714286,6264.00050714286,6176.88574285714,6190.08237928571,6068.61406142857,6057.05029428571,5981.09943428571,6098.61573428572,6126.39873071429,5920.24033071429,5833.62184571428,5778.65559,5943.61704,5799.17566307143,5775.15559957143,5746.67357857143,5629.08428857143,5602.59150428571,5631.27670285714,5447.33345428571,5488.38271714286,5679.59655142857,5614.11208142857,5870.82463142857,5780.84217857143,5649.90062642857,5756.70981428571,5801.40252857143,5751.42858357143,5555.05862,5631.28257,5566.39230785714,5536.96799285714,5610.78352214286,5519.32805357143,5675.49538714286,5636.68561785714,5799.21710714286,5762.18920714285,5794.39055,5795.81081428571,5799.26630142857,5976.68698714286,5815.43094485714,5790.38653714286,5711.95281285714,5818.06229285714,5612.69965,5700.65652142857,5577.36266642857,5712.86236428572,5566.09591357143,5715.19323785714,5833.33862285714,5720.43773,5729.17358714286,5712.537645,5611.89630571429,5638.93303857143,5772.73969642857,5824.30811571429,5720.27317285715,5749.24084285714,5806.78264285714,5761.66357285714,5860.50017857143,5858.17999428572,5891.33757928572,5785.66837928572,6042.22407214286,5963.75119642857,6059.24881285714,5939.77659571429,5625.31590571429,5694.83990571429,5818.92740571429,5780.25848142857,5710.61243642857,5834.72908642857,5904.70781335714,5700.73812528571,5695.81884928572,5766.15704428572,5695.42620928572,5722.49881428572,5593.14546428572,5571.65650285714,5689.07236071429,5747.94712285714,5763.66717135714,5843.65586571429,5830.66076571429,5883.60992071429,6011.30928928572,5952.19256071429,5910.47643571429,5915.76561928572,5851.98761928572,5768.495445,5666.98215,5752.681325,5831.05783785714,6144.32309285714,6117.72972142857,6069.70838928572,5818.58826,5859.52865714286,5759.86204285714,5707.41929285714,5843.55801285714,5538.23149857143,5516.88514142857,5820.72343142857,5774.70502642857,5763.66205142857,5772.93331571429,5785.83191285714,5807.21619285714,5853.06999,5545.18149714286,5656.09405,5755.01778571429,5666.605305,5491.04316,5775.49394857143,5792.80532928571,5820.79046985714,5765.53781785714,5674.09510571428,5859.70954,5656.78905,5709.24763285714,5542.97642285714,5546.05147571429,5610.61303571429,5748.12712428572,5618.70208428572,5640.36982714286,5762.31041285714,5975.93669357143,5839.772715,5898.91653571429,6062.32167,5972.85223357143,6030.77574785714,5980.27854785714,5864.54533571429,6023.78805285714,5997.76699571429,5941.06009857143,5812.67898571429,5798.89214285714,5943.15603357143,5623.41031857143,5509.01893571429,5529.64795,5494.80919285714,5567.68159357143,5943.86002857143,5779.95864142857,5868.46947714286,5885.94919571429,5606.75804142857,5636.83015714286,5665.708455,5638.9331,5498.18762857143,5640.10259285714,5549.34765428572,5570.12716428571,5682.31950857143,5594.11714214286,5646.309145,5677.60947071429,5591.21920714286,5781.15751571429,5840.72920142857,6026.14314214286,5984.50906071429,5907.59658214286,5964.84641785715,5912.123035,5886.12359714286,5856.48103,5756.76571571429,5654.90667571429,5409.65763571429,5598.03097142857,5641.68105285715,5665.91744428571,5875.734215,5842.20670142857,5893.15858571429,5790.98039642857,5746.71279214286,5490.09981214286,5403.87329071429,5739.10581428571,5801.77241328571,6038.29747142857,5858.83749642857,5891.43342042857,6041.29901042857,5990.59668042857,5901.40328642857,5882.29598857143,5940.50354428571,5892.45529642857,5782.58425142857,5710.65802485714,5679.45631485714,5830.24336142857,5959.54231142857,5859.04193857143,5897.66943271429,5950.03489285714,6080.78278857143,5953.54123785714,6073.97660285714,6047.20073071429,6147.49996457143,5993.34652357143,6152.634395,6243.06456142857,6291.42112285714,6339.36107285714,6046.71077714286,6059.50832214286,5868.42662857143,5968.08743,6038.91356714286,6120.54062285714,5913.11168571429,5821.09580714286,5901.90251285714,5826.54911428571,5779.88744857143,5631.52203571429,5630.05900571429,5790.54818857143,5830.81849571429,6037.01107857143,6018.18336571429,5925.23252571429,6008.76002571429,6093.66192571428,6164.86375,5978.88706214286,6049.14353285714,6061.18963857143,6170.402585,6244.20997571429,6171.36615714286,6292.30626857143,6328.914695,6403.43925642857,6465.5236,6339.00078214286,6290.90585142857,6173.24249,6277.62105742857,6168.94582457143,6222.60525857143,6146.70876,6188.86256,6136.31262857143,6157.10284,6177.22161,6106.2598,6056.296875,6097.13381785714,6173.04209785714,6035.88933428571,5953.448985,5926.47975071429,5895.05744857143,5893.41481142857,5827.78645357143,5952.181014,5928.54419,6003.12801571429,5976.25327214286,6179.73387357143,6054.29258714286,6117.9448,5991.20863928571,5920.52618857143,5832.76258,6213.28108,6295.55989285714,6166.07393928571,6203.78430571429,6180.75154714286,6060.87471357143,6101.67551285714,5862.22690142857,5705.41320428571,5669.77039214286,5640.20670285714,5738.76935,5821.25569285714,5622.25446428571,5845.32261857143,5827.89846428571,5827.36614857143,5794.97405357143,5908.05481357143,5864.02223128571,5739.15998128571,5883.88933928571,5850.60748928571,5971.78183928572,6030.75569857143,5851.18629428572,5922.13068428571,5926.80912714286,5708.99071071429,5763.52024071429,5786.73970357143,5723.20557607143,5920.23513321429,5952.08209285715,6021.56804571429,5877.78043,5834.67293571429,5821.05254285714,5858.08149,6020.56445714286,6094.28264571429,6169.42641142857,6048.57112142857,6271.12328428572,6001.89147285714,6091.773015,6155.68697071429,6014.50118571429,6028.98983928571,6136.52825714286,6004.68088571429,6240.44588578572,6072.47891435714,6007.37035578571,6170.41922507143,6177.85884285714,6149.25195571429,6153.83421857143,6104.86086571429,6089.95297285714,6116.63304928572,6160.21745428571,6099.18078428571,6212.31381428572,6323.87630571429,6030.04450728572,6161.65607571429,6104.82239571429,6143.45353214286,6216.26088785715,6111.75410928571,5918.71295,6090.83229807143,6153.43787142857,6191.58776285715,6116.68554571429,6162.59546428571,6009.32050285714,5970.84695,5905.93310714286,5884.12795071429,5960.42665,6096.522435,6168.581135,6252.02391857143,6221.865775,6218.05979285714,6108.79555857143,6220.47138857143,6198.87765285714,6299.96730285714,6126.81897285714,6016.58563957143,6064.33611457143,5958.30800071429,5826.22990642857,5733.90530642857,5717.81486828571,5856.3225,5958.86309285714,6063.79103714286,5916.86316142857,5868.524175,5761.28535357143,5923.31761642857,5864.61913857143,5924.44358928571,5991.78181428571,6052.32788071428,5855.99031857143,5911.44678285714,5801.21484714286,5978.31711928572,5893.14986785714,5702.73960857143,5677.61432857143,5629.54820571429,5687.99095714286,5649.93067785714,5669.42016428572,5779.81322928571,5847.54600428571,5713.78974428571,5781.38502857143,5831.35935714286,5970.758,5674.35880928572,5799.48105142857,5911.68320142857,5878.48256285714,5774.64728285715,5812.90228285715,5678.76453285715,5832.98532285714,6054.89753142857,6181.09782,6169.98312,6292.90162428572,6266.68420071429,6314.46368571429,6410.73121428571,6374.51263428571,6195.21220428572,6252.74410428571,6064.17604428571,5839.43248428571,5865.35324928571,5837.80263428572,5773.85158,5783.28928,5949.574105,5746.55077142857,5647.30989571429,5845.35974071429,5696.24306428572,5708.37707857143,6035.42807857143,6053.48515857143,5866.02320214286,5806.48503785714,5719.83763857143,5851.76398714286,5930.11471382857,5822.65605857143,5801.86320571428,5807.60412,5690.73738142857,5800.95975285714,5844.91962357143,5907.99407357143,5807.42567357143,5825.70957857143,5956.41569357143,5852.44130071429,5953.3786,5925.48696428571,6050.08862928571,6030.38336928571,5956.11628142857,5876.54479714286,5906.954265,6144.48951,6173.49722285714,6175.36988571429,6031.36550428572,6048.90350714286,6143.73380428571,6076.75742857143,5892.15083285714,5910.90007857143,6012.07427428571,5890.42180857143,5841.43175285714,5777.28459285714,5906.50855714286,5649.70536857143,5582.52903571429,5282.41255714286,5295.74723928571,5186.16312142857,5467.53039285714,5718.85432142857,5645.18211428572,5592.03872142857,5625.92414428572,5496.33836428572,5747.84310714286,5766.18674214286,5796.44001428571,5839.43781428571,5785.31970928571,5765.80904571429,5626.48229857143,5580.93598857143,5622.39097428571,5680.91685285715,5534.50241500001,5722.91906142857,5982.07832857143,5999.00554285715,5925.34960857143,5836.45529142858,5718.567,5654.39469571429,5829.14661071429,5701.15069571429,5787.15235714286,5843.10385714286,5736.27724571429,5886.8299,6066.93398071429,6102.04132357143,6064.14281785714,6102.592345,6116.37425357143,6131.61193214286,6097.102175,6307.24036071429,6203.23768571429,6090.18607428572,6268.21674428572,6335.20197,6427.42331,6286.312846,6119.72818428572,6100.40008928571,6079.96497428571,5854.23282428571,6063.13764142857,6221.30170142857,6190.42409642857,6211.66562142857,5916.19599642857,5810.19245142857,5576.18010714286,5480.87461142857,5451.56298571429,5408.45927142857,5408.05079285714,5492.95757785714,5603.39155214286,5391.41847857143,5718.875175,5763.08700214286,5761.92637714286,5621.40407285714,5742.12878714286,5829.48938714286,5886.05719,5893.81749271428,5764.97023771428,5934.11015428571,5853.55843071429,5860.87819071429,5758.37157857143,5971.68735857143,5944.19488857143,5948.35500571429,6074.96768,5967.62190642857,5945.22975785714,5809.76314357143,5880.34432428571,5999.54165714286,5976.29462071429,6082.98807571429,5962.03891285714,5931.64651285714,6105.48731357143,6000.23797928571,5998.71744428571,5959.48157428571,6019.13116928572,6226.72290428572,5839.48165428571,5782.80053785714,5850.55868785714,5950.78779,5840.55006714286,6149.96995928572,6087.72357785714,6079.46889071429,5930.59008214286,6233.68280785714,6198.29699785714,6185.40127285714,6201.63758285714,6228.87181285714,6195.16319357143,6163.88011071429,6197.59623642857,6133.70382142857,6015.93473785714,6049.30345714286,6164.77882857143,6112.99707428572,6206.68211428571,6017.19382857143,5964.57763571429,6135.5494,6019.15365714286,5965.68233714286,5969.52773714286,5896.09605214286,5787.85663714286,5673.95624214286,5948.64435714286,6011.93316428571,6055.93511428571,5995.2897595,6095.16454621429,5991.9414255,5927.8194055,6006.23951428571,6049.97637885714,5946.54004357143,5856.78161571429,5870.46827857143,6230.883065,6055.84414285714,6218.51986857143,6131.20414928571,6220.03842928572,6022.46062357143,6044.07275285714,5982.77065071429,6066.22775071429,5918.86073071429,6039.89385357143,5874.57720714286,5741.48379428572,5870.201895,5869.84697142857,5883.79278142857,6042.29206157143,5937.25048657143,5800.09502514286,5921.99252214286,5815.224395,6063.14081,5952.15806,5961.02383428571,5874.47166428571,5779.45847,5935.66372,6063.43513857143,5946.60594357143,5493.93937928572,5507.13653928571,5705.14579285715,5897.88602857143,5953.76669857143,6087.46642285714,6123.81285285714,6043.20065428571,6108.57470214286,6053.14935857143,6007.78154071429,5986.63284571429,5884.05654571429,5812.56989571429,5821.09424571429,5956.44164571429,6027.42535857143,5970.00790857143,5846.26720857143,5514.80939714286,5438.60745714286,5520.22376857143,5548.61057571429,5337.09856571429,5342.99915785714,5449.49258785714,5390.98058857143,5454.91961357143,5365.39196571429,5552.59136571429,5531.6223795,5534.04819142857,5414.05660571429,5385.23140571429,5503.64815285714,5453.102712,5520.72690071429,5537.00114714286,5458.06487571429,5379.75240428572,5395.80771428571,5301.84294428572,5501.21903285714,5473.34353357143,5642.22745785714,5639.89861071429,5517.61777857143,5477.82962571429,5612.10327857143,5676.68328571429,5680.01062857143,5630.22962857143,5410.22824285715,5585.97352142857,5458.83296428572,5574.05350428571,5556.5415,5581.65693571429,5718.87899285714,5697.58501142857,5641.35221214286,5651.87456285714,5629.28323785714,5501.57047,5553.49409,5511.59959142857,5563.28766142857,5675.79720714286,5596.06600857143,5575.74050571429,5553.72186428572,5556.57394357143,5602.31161785715,5542.82273142857,5423.41486428572,5731.54935928572,5695.37649357143,5698.02692357143,5857.12472285715,5855.89019214286,5882.88230714286,5727.62509857143,5436.72342357143,5263.55221071429,5337.72635571429,5374.98839857143,5331.18505928572,5353.30490785714,5362.63445357143,5728.21456071429,5713.89700857143,5955.43830428572,5830.48849142857,5745.99647285714,5863.83385285714,5741.02399285714,5695.19185,5926.897195,5719.67567071429,5846.54176142857,5901.66937857143,5906.89165142857,5975.215985,5946.53212142857,5810.40964285714,5894.0089,5841.99847857143,5904.75200714286,5844.54543464286,5844.39681428572,5970.77640714286,6088.71095285714,6422.245118,6406.85567857143,6467.030685,6074.7826,6258.41383642857,6159.53785642857,6364.18271428572,6246.24597142857,6162.659645,6192.91907928572,6293.28592428572,6195.71159,6253.75238571429,6077.25275,6100.41985714286,6119.59700714286,6130.13071285714,6211.58401785714,6108.40893,5611.12567857143,5821.58712142857,5646.17926928572,5926.06509357143,5912.18731428571,5846.57786571429,5913.87940142857,5857.59955714286,5773.61706428572,5919.52857571429,5714.98308428572,5903.10743714286,5902.64092142857,5966.39365214286,5964.87417642857,5971.82679642857,5766.69371714286,5922.84114428572,6002.79643428571,6056.37795428572,5973.75817928572,5656.01178071428,5766.07494285714,5860.09005714286,5743.00343571429,5779.87682142857,5671.71869285714,5894.90771428572,5813.24133714286,5792.33873214286,5385.34147571429,5589.24671785715,5517.387425,5432.33096142857,5848.61701857143,5833.51509,5832.31956142857,5947.44696428572,5939.27786142857,6017.02607571429,6088.97356857143,5982.80436142857,6071.39057142857,6114.32693785714,6124.88490571429,6060.18635571429,6030.77004071429,5863.79444642857,6168.76311428572,6055.30755,6013.79905,5923.11932142857,6175.02842142857,6014.45056642857,6070.13977142857,6099.81697142857,6041.15468571428,5782.77,5916.3485,5803.64357142857,5924.66457857143,5950.15137535715,5975.95396928572,6205.155555,6155.15643142857,6098.34546357143,6262.606045,6261.01199642857,6183.42141428571,5935.20410785714,6094.358615,6075.88332642857,6191.79186642857,6171.58747285714,6139.09577,6075.361,6130.37297285714,5806.06991928572,5742.14456214286,5810.42898428572,5862.45060528571,5891.83248314286,5983.94147714286,5894.78565857143,5780.44998,5814.89752857143,5870.93530142857,5786.28612857143,5710.87657428572,5802.29827428572,5913.09242357143,6309.96010285714,6045.31869857143,6005.34185857143,5867.90520142857,5862.52499642857,5908.75879142857,5886.44262142857,5875.68230142857,5888.64460142857,6090.1351184,5775.08785714286,5812.30347857143,5665.80669857143,5629.79938785714,5653.24579785714,5447.88876714286,5678.87592714286,5537.00537714286,5684.81153285714,5737.84632071428,5595.65915214286,5637.663235,5600.10852857143,5582.09237571429,5577.31611642857,5693.85967857143,5696.23704285714,5610.14280071429,5544.89269285714,5568.23414285714,5647.41454285714,5681.24214714286,5438.17660928572,5392.98909928572,5282.68354,5534.61977857143,5763.98767857143,5853.21987857143,5648.05420714286,5466.51387857143,5374.4364,5503.717185,5782.48679928571,5854.59503928572,5879.65411,5815.46716428572,5818.28056321429,5822.20085928571,5950.9031,5854.490645,5836.03914142857,5527.58880571429,5686.96184428572,5535.04612571429,5568.41502764286,5553.19614357143,5834.40015071429,5618.04374357143,5809.08153571429,5850.35167428571,5832.31705285714,5915.18105571429,5927.82635571429,5903.97808428572,5661.80363285714,5636.15156285714,5463.28208785714,5550.22708428572,5402.947925,5602.64044785714,5576.00023071429,5597.33085571429,5520.99912142857,5608.86815714286,5708.182975,5650.51755071429,5695.16337142857,5980.04411142857,5887.55548857143,5825.32350071429,5773.33724642857,5906.78849571429,5771.03012857143,5773.71089,5916.98595857143,5898.33318928571,5869.94210785714,5890.51438571429,5825.04963142857,5971.20401428572,5918.1814,5889.69481071429,6072.89873857143,5971.16318857143,6136.80987,6220.73676142857,6007.00738685714,5949.02216142857,5901.85502714286,5973.75707857143,5817.26674142857,5890.62176428571,6141.00812,5950.46107142857,5926.31852428571,5791.12441857143,5923.586345,5916.78563571428,5761.15739357143,5921.47808428571,5907.139685,5992.52607,5974.33420571429,5894.82964428572,5925.53689428571,5892.94060785714,5712.07465928571,5689.96984928571,5749.71835,5806.00245357143,5792.92000857143,5723.49816428572,5814.52743285714,5904.69914285714,5879.76296428572,5708.0708,5582.0591,5829.57344,5817.688545,5677.20165714286,5683.73691428572,5888.25271428572,5767.97550285714,5607.76811571429,5853.54577,5763.01899785714,5742.80355571429,5797.30824285714,6206.96393928572,6119.16462785714,5817.45896714286,5861.93133571429,5898.60918857143,6009.93283142857,6108.38388,6050.74858571429,6120.98063571429,5920.87590142857,6117.15999285714,6226.96582285714,6235.41988714286,6135.50090428571,6087.23854571429,5937.20776428571,5826.87596428572,5896.23986642857,5577.31775642857,5445.12370142857,5609.75461357143,5688.45990857143,5641.86160214286,5637.96504714286,5616.71046714286,5619.21919928572,5730.61468,5740.29085842857,5771.37363342857,5822.58251142857,5594.75534857143,5511.45702285714,5612.97455928572,5783.10844257143,5728.83875357143,5679.50932142857,5934.30228571429,5915.23527857143,6041.99061642857,5925.97001928572,5855.81499857143,5782.66943857143,5949.47818571429,6058.31638571429,5718.31370714286,5719.68755,5560.75924785714,5838.36207785714,5694.51365714286,5578.34004571429,5724.49455714286,5789.11685,5680.54840714286,5707.55144285714,5778.76932285715,5934.84229857143,5877.39474714286,6040.87074857143,6145.18156428571,6092.89203142857,6029.07334,5985.80302,6030.06264285714,5826.10901428572,5798.94848571429,5806.34973785715,5717.23488785715,5594.15559285715,5537.22457928572,5528.21588285715,5685.15141714286,5457.318985,5663.71952571429,5524.14764928572,5503.46936428572,5634.89286428572,5593.50892928572,5515.01892928572,5655.95742928572,5670.05087928572,5674.74597928572,5530.74716428572,5815.38079285715,5804.43474285715,5704.14085714286,5716.72041357143,5971.61968,5997.80389928572,6064.42467857143,5953.44052142857,5701.06655,5781.59045714286,5763.86948571429,5782.87847857143,5974.77799571429,5792.30197142857,5664.31007142857,5766.407045,5624.87661428571,5510.96782071429,5589.42421071429,5413.21982857143,5599.09094285714,5492.97934785714,5483.20321785714,5572.43914,5641.12755,5710.14747928572,5404.13103857143,5368.29857985714,5488.22074714286,5548.85844142857,5593.38235428571,5337.28786057143,5430.19583571429,5585.21848285715,5475.59871428572,5651.61174428571,5457.49406428572,5426.76267857143,5447.80158571429,5430.14831428572,5582.56425,5660.222745,5592.225195,5579.48116,5638.32157142857,5823.42020714286,5567.56919642857,5531.32055214286,5644.40360214286,5744.72841642857,5777.16732428572,5571.72333,5481.25791142857,5701.51793285715,5513.92753735714,5579.67343285714,5617.76017571429,5328.89168285714,5318.64648785714,5569.42058642857,5682.65825,5702.72609428571,5681.01767285714,5663.21002571429,5624.46811785714,5707.22303928571,5537.80867,5492.98604857143,5429.26235714286,5498.35743214286,5664.27474428572,5587.41360357143,5623.34608857143,5561.78555642857,5726.49059142857,5443.35365571429,5426.09083571429,5352.09347642857,5495.83422128572,5546.63069714286,5486.846355,5620.06511,5736.54340357143,6001.32753,5715.60504857143,5710.43765785714,5852.70099842857,5761.03021928572,5670.53758714286,5754.19885714286,5794.16185571428,5706.66967,5986.33963,6050.45084857143,5838.07353571429,5969.87380142857,5874.01806785714,5878.122365,5793.20352285714,5928.619515,6055.99383857143,5907.64478357143,6120.59047785714,6158.782705,6119.41278857143,6152.47631285714,6179.65161857143,6215.24070357143,6220.98172857143,6250.73763571429,6332.42093428572,6479.31471928572,6426.53777857143,6038.63339,5832.95369214286,5765.47627357143,5813.94242857143,5812.37846857143,5850.14103,5974.93307142857,6028.83056285714,5911.41416285714,5723.92571357143,5686.23245214286,5800.6827,5527.351958,5728.491303,5845.55293857143,6077.18166428572,5913.81961142857,5619.97729357143,5614.75174571428,5837.23067571429,5738.31737285714,5687.79774071428,5566.27848285714,5525.66639285714,5506.37403714286,5618.26551642857,5604.39623071428,5677.57638571429,5517.64986142857,5629.73881428572,5761.10593,5720.49881,5859.43234,5980.1884,6078.56306071429,6045.94271071429,6003.12174214286,5906.50502714286,5842.43411928571,5865.99530714286,5717.34252857143,5828.54862857143,5924.53378,6017.57676357143,6066.25690357143,6161.27818714286,6011.25747072857,6023.55632272857,6071.56670714286,5979.04216714286,5951.99553142857,5933.06126285714,6042.49809142857,6019.33218071429,5999.38667785714,5989.00685928572,6049.11597285714,5936.79791785714,5949.08187785715,5979.60263785715,6035.06668928572,6023.41614928572,6082.45917928572,6043.71961357143,6058.87835,6088.08200785715,6072.11495,6105.36007571429,6157.65389214286,5795.35302785714,5819.65784928572,5757.35926928572,5757.73458428572,5842.91130428572,5868.75498571429,5815.21643571429,5635.59298571429,5687.67458642857,5655.45250142857,5650.43211571429,5745.02268571429,5726.12544071429,5536.42725071429,5499.45640571429,5815.75427571429,5905.14890357143,5785.47812857143,5877.40967357143,5808.73197857143,5636.97442071429,5934.53672071429,5812.05893571429,5977.75653071429,5857.45505714286,5796.88629214286,5681.44060714286,5808.46120714286,5776.24967785714,5959.51292378572,6023.18283571429,6021.41548857143,5995.34194214286,5987.61580785715,5887.91291285715,5792.07755357143,5901.27170142857,5802.40574285715,5690.20110714286,5752.16459285714,5579.65312142857,5919.30112142857,5952.78043642857,5977.91882071429,5965.01565571429,6097.61908071429,5940.87072071429,6033.64119042857,6012.43973357143,5738.58948428572,5986.57406428572,6019.63671428572,6124.49283071429,6090.28546428571,6048.59179285714,6042.17690071429,5936.74666142857,6030.10011,6062.34916,6124.59157928571,5806.80276571429,5756.39360857143,5792.48966785714,5822.55699214286,5846.93721857143,5845.449615,6017.90421057143,6211.87280571429,6298.82998928571,6135.92149857143,6035.09230428571,6074.19677714286,6037.74182,6094.56159071428,6058.77201928571,5894.32542142857,5809.30464714286,5956.73247035714,5957.12541857143,5927.83027428571,5868.52141571429,5967.82774714286,5846.60407142857,5586.30361,5668.30279928572,5650.35852857143,5833.94607357143,5498.50266785714,5508.44714857143,5627.90529871428,5843.53670371429,5954.31825714286,5828.14962285714,5751.09627285714,5935.91690714286,5876.49578214286,5652.64080714286,5597.60280714286,5577.47310142857,5628.49318714286,5602.70846357143,5577.18580642857,5546.90855857143,5572.92436428572,5831.74575,5667.86847857143,5733.2166,5677.4515,5672.90891285714,5721.32317142857,5650.74643857143,5680.63910714286,5754.37287142857,5766.81353214286,5803.01861142857,5652.09006714286,5813.80896142857,5828.96251928571,5855.69018571429,5727.14251285714,5707.71645214286,5773.12453857143,5920.69212785714,5633.24815,5727.84508857143,5707.52443857143,5700.34494214286,5698.15524857143,5585.64252285715,5535.45013428572,5578.43472428572,5479.84245428572,5557.57019214286,5231.51893642857,5230.68523785714,5383.43000714286,5269.21772714286,5590.95329142857,5568.89700214286,5402.85619071429,5491.15365642857,5344.22019142857,5447.97693142857,5481.15225714286,5589.07502714286,5610.23846714286,5613.23822,5608.32687,5661.54618928571,5602.10262114286,5528.76354857143,5408.48193571429,5565.07732642857,5537.47924071428,5725.550374,5594.72936857143,5585.34880857143,5764.75603757143,5945.76781,6074.22863714286,5976.83160071429,5869.88120835714,5867.64060714286,5900.50236757143,5978.20940528571,6207.66288142857,6153.16833571429,6144.39026642857,6105.01319642857,5981.52394071429,6016.482943,6066.92140957143,6048.59879714286,6051.92044071429,6075.85830214286,6171.55964785714,6063.50542428572,6050.27813642857,6033.64407,6016.16226571429,5900.53753142857,5765.7486,5535.89931428572,5495.81014857143,5417.62752,5560.974025,5632.37127428572,5539.93513571429,5446.14141071429,5796.09061785714,5901.61078357143,5941.45360642857,5622.28608357143,5505.37737571429,5686.06459,5582.76178714286,5789.60379285714,5873.90903285714,5949.90224928571,5921.46614857143,5784.43783571429,5922.24091571429,5946.45928928572,5711.32951214286,5740.15130214286,5773.74056357143,5720.625705,5810.56129714286,5952.25900642857,5752.19955,5719.2919,5741.27933714286,5694.179397,5733.989535,5850.07776,5774.43268428571,5947.86493571429,5879.65977857143,6080.12180928571,6108.65921357143,6066.13045871429,5955.14614857143,6048.00202028571,6099.73610428572,5997.33223142857,5976.69329642857,6027.33614642857,5987.81563142857,6111.25180428572,6111.43643142857,6018.41741571429,6129.39821857143,6026.82964285714,6121.88559785714,5976.44833571429,5911.53090285714,6055.73377142857,6275.12305714286,6205.26565642857,6277.39277071429,6014.49266714286,5701.85675357143,5589.27501214286,5547.82405714286,5478.21336357143,5387.32756071429,5646.11723571429,5569.33979214286,5438.38458642857,5688.14046,5560.45400571429,5653.08361285714,5526.39582357143,5470.757325,5557.86500285715,5845.96731571429,5734.96823714286,6001.01226714286,6059.26129285715,6070.21755,6108.06440071428,6038.40230857143,6251.28287928572,6130.86035214286,6112.29133285714,6092.13554285715,5918.95679285715,5888.79521357143,5837.77651357143,5966.26257142857,5835.83758142857,5878.3865,5834.78572857143,5974.00373714286,5942.06603214286,5948.66018214286,5975.93955714286,5881.63323714286,5864.41551285714,6045.84985,6251.99766285714,6206.48406285714,6030.49333285715,6210.21547428572,6107.520585,6098.06147857143,6057.95102857143,6088.77887142858,5879.18494785714,5856.06534285714,5904.42921428572,5762.52035642857,6042.69712857143,6043.48437142857,5977.03627571429,5923.94764271429,5910.83438142857,5933.93427142857,5878.36282642857,5754.363325,5785.30512428571,5787.18140571429,5562.39892071428,5627.49864714286,5697.53754871429,5720.79379642857,5799.56633071429,5732.36679071429,5786.90663285715,5752.32166785714,5842.98118428571,5721.49504214286,5622.39973714286,5536.30766571429,5398.13871571429,5491.00836571429,5506.10574285714,5690.04181142857,5581.76665428572,5532.74047,5662.92017571429,5880.7496,5825.39309071428,5818.91238285714,5752.86563428571,5728.61249571429,5749.78183571429,5713.40825571429,5672.3266,5567.40137357143,5568.4821,5687.66272857143,5651.10468857143,5708.24289357143,5670.67768285714,5564.360905,5619.247305,5714.21813785714,5746.31718571429,5737.405685,5789.427595,5915.21878,5951.96772,6071.991165,6100.75424428571,5904.13493571429,5882.098495,5838.68663,5870.46957571429,5642.37110714286,5675.40990714286,5900.76927428571,5919.08653,5947.50266642857,5981.55300142857,5862.76207857143,6160.48182857143,6305.84994814286,6328.51458571429,6223.55904285714,6080.21762257143,6289.41102357143,6227.89133785714,6241.91888785714,5916.86193571429,6036.90186571429,6017.01753357143,5851.96205,6113.57287,6126.79767,6227.620545,6184.87362,5891.21772714286,5934.42535714286,5830.38803,5845.97663,5681.49830142857,5770.57504142857,5817.40804428571,5870.32414071429,5755.03320642857,5764.85800857143,5670.02226357143,5758.721565,5701.33595,5773.02790928571,5844.86891428572,5838.28644928572,5808.131785,5722.30332214286,5617.55116071429,5596.19126214286,5743.44909571428,5732.89674285714,5704.40416,5700.50468571429,5531.98937642857,5632.27830571429,5510.84782357143,5753.59589714286,5752.14058857143,5771.40957285714,5816.48921571428,6076.92804285714,5952.82925857143,5900.16190714286,6072.258635,5868.49467571429,5865.21813285714,5701.87035,5836.2367,5912.90010571429,5896.96649857143,5774.23298428572,5892.97503571429,5887.33958642857,5998.57911,6109.21952,5977.76919142857,5905.74821642857,5723.42936071429,5800.52674428571,5583.39569357143,5604.55135428572,5639.45478285714,5675.26955,5570.54330714286,5619.52264214286,5591.45113428571,5511.92644357143,5499.04008857143,5572.48011428571,5638.31468714286,5735.21472571428,5522.29299285714,5502.03411714286,5645.61267714286,5603.59331428571,5504.93094142857,5503.37353857143,5823.95579714286,6066.372765,5889.53661428571,5643.40692571429,5581.06644928572,5691.42135714286,5610.62917142857,5375.14526642857,5791.31537357143,5802.34479928572,5850.55414857143,5732.80267642857,5617.28990928572,5660.15292857143,5723.82913857143,5905.23067071429,5972.57345857143,5975.77904928571,5783.275345,5795.38380285715,5796.37531428572,5686.03310714286,5801.94571785714,5908.04285142857,5764.45706,5709.20257142857,5784.56243571429,5716.42939214286,5676.67439214286,5669.23942285714,5753.01302857143,5846.98788571429,5876.15015857143,5858.14622142857,5693.58917642857,5578.60992142857,5539.49687357143,5481.09752142857,5562.12886428572,5885.90227857143,5997.91990357143,5843.52012071429,5821.36444285714,5728.85670571429,5785.68168571429,5771.49031142857,5458.48011642857,5515.34736,5580.10475571429,5483.84338071429,5593.05536285715,5544.336287,5610.06965285714,5813.13825635714,5687.36291428572,5527.11191928572,5556.3648,5639.66605785714,5738.44337928571,5677.77099285714,5804.82116714286,5666.78704714286,5666.02580714286,5781.69656214286,5618.29675428571,5649.38020428572,5753.03997428572,5701.11889571429,5698.67984142857,5553.89368571429,5619.93759,5600.46096142857,5721.69017714286,5770.285077,5803.36477857143,5647.47389714286,5673.65929142857,5766.68139285714,5813.41485214286,5949.10207714286,5822.84040571429,5804.14931285714,5885.16626857143,5712.16394285715,5785.53153285714,5710.25617357143,5506.21222571429,5493.95411714286,5581.05232357143,5493.01923357143,5525.10987214286,5661.66463,5803.55553,5601.37907785714,5600.68263214286,5604.84235428572,5606.56716,5553.03775857143,5607.56200928572,5537.18603071429,5380.72803142857,5647.78503142857,5479.99737142857,5600.62233142857,5457.35059857143,5346.91048642857,5429.48330142857,5367.75199142857,5437.60119642857,5544.52672714286,5560.05300285714,5574.88355285714,5451.16097785714,5445.23388285714,5549.36889142857,5516.60814142857,5466.50801428572,5355.62675714286,5422.01468,5325.03791142857,5220.23083214286,5299.10254428572,5459.21799092857,5335.52420428572,5371.81633785714,5577.07335928571,5595.66397,5458.35929285715,5513.20337142857,5623.21308735714,5513.37858285714,5535.07276428572,5498.12796428572,5382.20976428572,5373.61626428572,5510.45934642857,5380.15753428572,5614.97774571429,5677.10607857143,5790.99422857143,5980.64734285714,6083.77333571429,6027.77837857143,5886.33912142857,5843.89652214286,5857.52903142857,5862.030245,5913.00105,5871.27032428572,5969.57757928571,5891.37790585714,5820.04144285714,5759.12251857143,5406.68068928571,5631.61478857143,5730.92255714286,5707.13285,5625.61291428572,5648.74831214286,5605.14254214286,5680.43911857143,5852.57046928571,5875.91070942857,5870.082,5653.08703571429,5625.62911,5555.28335714286,5858.24331285715,5818.004865,6032.23213928571,5852.49028928571,5940.66606571429,5841.71685642857,5672.816515,5787.82948428571,5807.49495571429,5693.61164285714,5604.43763214286,5635.127765,5669.85020714286,5675.33638714286,5651.74975214286,5484.54498714286,5470.42454214286,5541.09337857143,5621.7387,5539.955934,5540.11805,5570.74969357143,5527.33711571429,5690.44072285714,5614.12881357143,5736.97500214286,6182.48302142857,6150.69187,6137.46726642857,5995.60999285714,6054.44564785715,5976.87545,6061.36831428572,5968.87556428572,5892.2159,6193.24955,6016.24253857143,5987.09946785714,5907.57698785714,6011.573075,6163.07986785714,6294.88202428571,6319.95349785714,6310.68216285715,6097.57450785714,6125.79102142857,5999.30568857143,5760.52951357143,5863.998785,5890.79217928572,5947.30177142857,5955.31748571429,5892.23000714286,5838.4868,5853.16460714286,5637.80242142857,5745.97857785714,5711.80968357143,5559.02702142857,5607.01360357143,5515.14446714286,5637.29387142857,5642.94315285715,5591.90170714286,5514.77227857143,5408.84595,5370.82465,5575.747,5450.34615,5571.14235,5712.58159285715,5945.22866571429,5676.09173857143,5781.22558571429,5748.47723928572,5854.30748285715,5612.07160142858,5497.15965,5590.19192285715,5599.17803285714,5850.53315571429,5809.29519785715,5833.02304835715,5896.06899835715,5808.34373264286,5736.64476307143,5765.95115235715,5829.84529235714,6200.21600807143,5982.59374164286,5949.41895714286,5973.54945071429,5989.53131928572,5960.57943571429,5775.37369285714,5850.45915714286,5910.11165714286,5799.79321428572,5791.58038571429,5719.42268571429,5766.02503142857,5745.81456428571,5958.50508642857,5913.80587142857,6115.71034142857,6043.1713,6018.66477,6111.66501142857,6113.01389142857,6213.38864142857,6194.51493642857,5964.62312142857,5873.38358571429,5960.36246571429,6068.70911571429,5964.32371928572,5938.25230785714,5792.00507857143,5979.86630928571,6010.0298,5912.96540714286,5869.21461,5762.9462595,5730.46598878571,5560.23374857143,5747.18391857143,5788.23612142857,5637.61766571429,5700.92276071429,5558.73019785714,5530.68719785714,5552.87539785714,5749.02825714286,5898.87802571429,6106.77782928571,5717.60078928571,5727.43752571428,5727.86909285714,5642.73848857143,5730.54245857143,5951.64351357143,6098.316775,5889.8512445,5866.24088357143,5749.18179071429,5863.31116285714,5811.73542285714,5748.57508857143,5967.85812285714,5887.713282,5894.72457285714,6166.56111857143,6142.49937571429,6452.65986214286,6319.45601214286,6202.50210714286,6337.235465,6314.67389071429,6245.78009214286,6207.37805285714,6132.11356857143,6093.88016142857,6070.82950142857,5898.93841507143,5954.97672,5836.84580928572,5894.70627571429,6013.53307857143,6014.98738142857,6092.07926142857,6132.28834142857,6112.10867642857,6042.99351,6065.29726285714,5987.10440857143,5995.80191714286,5977.70918285714,6061.53240571429,5877.05249,5743.60192571429,5794.29818142857,5936.88296928571,5769.82658928571,5586.11429571428,5595.02235285714,5519.15921142857,5527.012095,5535.61398071429,5509.70381835714,5403.64392621429,5404.09729907143,5556.01002307143,5676.63134335714,5526.705245,5471.34673785714,5399.84457714286,5365.31174714286,5385.72074214286,5541.49949357143,5369.313905,5448.99116071429,5663.27882071429,5777.07992357143,5842.33101071429,5688.64499142857,5745.66681928572,5677.23317142857,5656.29892571429,5415.11448142857,5544.69141928572,5467.280335,5556.69801428572,5333.79869571429,5648.74605428572,5522.84976785714,5359.99085357143,5383.35737857143,5434.2545,5477.33529214286,5499.09468428571,5865.69950785714,5791.99300857143,5905.64884285714,5942.79934642857,5774.17008571429,5659.12535,5757.9005,5741.33482142857,5728.03035,5629.69743785714,5790.96162214286,5885.86084285714,5958.75904285714,5931.87890785715,5963.40556428572,6017.37789357143,6078.12074892857,5890.64657142857,5711.26051428571,5809.95445571429,5572.14986428572,5685.07127428571,5459.89992428572,5649.14378571429,5684.89936928572,5762.37672428572,5614.040785,5647.39153571429,5788.84273571429,5678.64675714286,5783.44831571429,5574.60807214286,5780.523305,5547.11146428571,5796.798985,5700.55467142857,5549.20292,5641.64759857143,5676.60402142857,5563.300145,5646.65095,5725.32109142857,5720.77512285715,5988.59241785714,5995.67850714286,5739.17104928571,5763.52767071428,5412.82496,5571.56900071429,5660.24073642857,5648.78130857143,5598.32760714286,5685.78685,5668.44472142857,5696.31414285715,5815.39578357143,5820.60543928572,5958.11880214286,5904.883385,5820.50482571429,5919.85761285714,5960.96896142857,6124.36416785714,6068.15689714286,6097.11887428571,5988.87072428571,5689.81575642857,5585.52041142857,5647.38182871429,5750.56744857143,5770.35685785714,5761.36255714286,6004.78435357143,6006.19311428571,5860.92287214286,6008.07059428571,5927.21135071429,5854.31373571429,5785.06197142857,5856.69268857143,5680.32662214286,5551.56485357143,5496.23291571429,5544.21590928572,5476.244565,5725.90613,5632.28755714286,5682.73312828572,5885.18858828572,5843.72331428572,5607.909245,5940.12577142857,6076.47132142857,5999.13729642857,6085.06473285714,5942.57667142857,5795.97823928572,5768.79048714286,5567.36507092857,5525.68407021429,5590.36099521429,5640.71118428571,5800.52708357143,5766.41301428571,5750.10306428571,5661.56535714286,5675.32428428571,5732.76146642857,5738.02767614286,5662.28952857143,5679.16506357143,5726.30829357143,5610.50712571429,5655.87006285714,5728.39619857143,5642.75019285714,5635.89676428572,5668.37977142857,5643.47027142857,5731.32510857143,5760.84797714286,5731.60748785714,5683.81835785714,5622.01655785715,5873.756505,5941.88922928571,6070.41326428571,6036.07329071429,6020.733805,6084.592445,6139.899255,6099.20792428572,6187.63874214286,6015.22690714286,6101.94255714286,6057.31620428571,6041.51615714286,5822.77762857143,5854.92189857143,5739.78346428572,5559.35643428571,5494.43780157143,5550.79262428571,5397.13572428571,5542.81925928571,5678.88780928571,5674.11208785714,5383.65572,5620.74441,5518.01859,5545.58659,5495.28390642857,5602.60989642857,5565.00599642857,5565.60601428571,5519.25942357143,5522.80630071429,5551.74690785714,5717.58856142857,5746.02052285714,5763.46708214286,5819.99046357143,5757.51935142857,5807.44180714286,5674.45684714286,5893.14762714286,5769.20968285714,5788.64255707143,5776.26405707143,5710.84793857143,5873.03442357143,5601.44306785714,5708.39674285714,5728.01952785714,5759.68728142857,5774.88441142857,5847.20551142857,5826.59034142857,5704.09974642857,5574.26950714286,5379.56985714286,5426.68782142857,5464.89264357143,5688.26459285714,5710.39814285714,5703.47829,5576.16338714286,5737.78976285714,5708.96175,5802.16043,5688.20309428572,5824.31134214286,5904.21282642857,5915.98032571428,6010.04202571429,6067.62636285714,6170.29941285714,6196.90996285714,5961.71100785714,5840.26831357143,5811.36606714286,5752.43071214286,6104.57382,6165.14209071429,6058.28737785714,6040.25793785714,5913.32702142857,5887.97410571429,5959.38917142857,5663.03836685714,5815.87317371428,5701.99930928571,5619.207635,5740.54821714286,5522.3302755,5662.0973645,5563.11634928571,5526.98184857143,5611.14950285714,5623.72143285714,5687.94892357143,5994.25038857143,6049.37273142857,6022.138017,5952.78573071428,5883.30592928571,5863.60616928571,5954.30918928571,5808.03648714286,5706.40083057143,5746.80569785714,5816.30586571429,5838.60322642857,5805.55727642857,5725.75900114286,5811.95103857143,5584.52073428571,5479.44429428571,5607.59705714286,5518.10638571429,5504.90644857143,5809.83417071429,5734.32668714286,5727.46855142857,5537.90768285714,5755.51670071429,5725.95825571429,5714.02634071429,5728.76447071429,5657.35344142857,5603.27919857143,5785.85203357143,5792.38161428571,5905.04328571429,5922.89898428571,5682.58104285714,5652.32313571429,5500.59279285714,5337.53853285714,5375.92983142857,5326.69636785714,5324.35406642857,5466.79060357143,5463.79057357143,5555.69301571429,5463.83123142857,5329.84741571429,5577.42657285714,5576.75847,5480.23815928572,5702.48025428571,5673.93558428571,5625.25224857143,5808.50191857143,5541.44061285714,5557.32983285714,5413.16814428571,5451.01180428572,5548.01735,5578.70667857143,5518.35140714286,5512.93415714286,5614.6194,5600.23205714286,5622.93368285714,5589.89157857143,5746.31443571429,5757.65937071429,5742.73859214286,5746.830705,5711.62197021429,5774.49641857143,5714.14189928572,5633.48172071429,5799.63960785714,5774.14653642857,5666.85243642857,5689.01485142857,5746.95631857143,5545.46683142857,5514.9571,5507.62245214286,5648.880195,5587.81272785714,5510.73885,5565.48507142857,5575.84641142857,5666.92821,5707.66608285714,5815.35138928571,5843.03468928571,5949.46215357143,6000.10725571428,5894.83204,5789.43804428571,5897.86937714286,5940.63281214286,5895.27761785714,5965.08435214286,6060.13179142857,5937.92489571429,5806.94997214286,5859.88870757143,5870.05442214286,5785.43366428572,5800.31379714286,5640.06550285714,5667.52937571429,5708.92348285714,5459.11448428572,5625.90293428571,5836.67443857143,5765.71997,5728.62896142857,5815.01450285714,5877.94411785714,5971.64762285714,5825.81623285715,5780.23657142858,5938.40523714286,5886.36690714286,5927.85033785714,5900.14701357143,5937.11314928572,5726.70326357143,5688.85687,5653.494735,5758.01040571429,5828.93474428571,5952.50090428572,5953.18754857143,5854.64693285714,5774.74473,5829.99132857143,5698.19366857143,5801.38838142857,5873.65407571429,5792.51442571428,5839.07321714286,5850.40632857143,5860.54062428572,5931.09993928571,5732.38032857143,5890.34457857143,5820.41398857143,5970.82886342857,5873.116582,5942.13702914286,5984.07726,5986.83767285714,6114.86668785714,6223.70300428571,6159.71126857143,6218.20780571429,6075.67371571428,6099.87675571428,6144.94351857143,6047.96091571429,5915.26150285714,5917.70308857143,5729.416945,5756.80157857143,5831.68021642857,5988.60494042857,5855.54791142857,6015.08712642857,5815.94027785714,5746.28903785714,5675.17475285714,5828.70207,5870.60280214286,5844.44272357143,5726.01460214286,5679.931575,5719.73674142857,5725.36772142857,5473.24428785714,5454.43805132143,5430.19372142857,5636.32079,5694.70559442857,5662.75442142857,5434.88771142857,5482.99125071429,5487.99839428572,5439.29503571429,5323.58571,5446.50353857143,5497.62576642857,5526.78305142857,5595.97014428572,5712.51786714286,5615.71866714286,5502.66074214286,5452.28706,5697.66327857143,5882.22482714286,5785.41085714286,5804.16285785714,5865.16785714286,5713.57861428572,5840.62452142857,5758.62660571429,5741.18055928572,5457.21548785714,5662.99427928571,5821.26969357143,5823.65292642857,5829.78586785714,5992.47196571429,6054.80466285714,6170.81132714286,6104.42070428572,6025.845445,6188.82146428572,6124.87786142857,5990.8856,5890.21766428571,5978.69056285714,5856.02854642857
577.632653061224,6066.89020510204,5947.23431530612,5957.40840918367,6028.7634877551,6011.89067673469,5977.89557622449,5987.36180397959,6202.58777357143,5935.13764479592,5877.7913294898,6022.54962336734,6001.02610377551,5971.70302806122,5967.51856397959,5951.65111938775,5880.13085530612,5860.52571693877,5824.11916632653,5872.7590617347,5691.63934372449,5869.17056642857,5749.70539081633,5680.14966367347,5773.10691,6011.46181979592,6102.21719306122,6192.92558469388,6226.25794591837,6189.42744559184,6203.33007520408,6224.01260816326,6124.07517806122,6187.46469097959,6272.76106418367,6399.60096918367,6281.46483785714,6223.76142704082,6394.94506367347,6260.31019020408,6158.22550448979,6002.4554555102,5872.45354918367,5948.53606142857,5664.62171693878,5881.27577704082,5889.20941387755,5904.88151816326,5853.25492459184,5663.99543469388,5661.06919622449,5578.85133622449,5542.68757397959,5527.38724897959,5700.76515897959,5880.00064285714,5820.94115204082,5889.20900204082,5988.15108061224,5911.73238061224,5743.14743061224,5805.82225530612,5709.49272081633,5927.97577857143,5821.34300326531,5809.27504755102,5820.48666693877,5853.34619367347,6192.93309336735,5862.84933336735,6060.81085234694,5917.21036530612,6058.9471670102,5813.54765112245,5911.28665418367,6240.45523489796,6277.91446938776,6328.41167530612,6355.9323722449,6056.70877622449,5983.57133714286,6085.13230367347,6007.58762918367,6108.88252285714,6197.99265785714,6100.60826928572,6195.07817040816,6554.49094897959,6491.52872653061,5910.25154653061,6015.84773530612,6038.55133163265,6094.35662408163,6032.63926295918,6245.71112681633,6256.20599510204,6011.75228061224,6037.97483061224,6387.72710102041,6457.48460397959,6473.68747142857,6519.96598826531,6508.60088326531,6363.42490387755,6507.92825510204,6349.20885510204,6421.95431510204,6288.23598857143,6428.72089428571,6211.05071979592,6277.75739653061,6413.54069028572,6223.84962293878,6215.21850293878,6309.56332293878,6321.92137714286,6316.30636653061,6206.39166938775,6188.63796857143,6124.07374887755,6291.23464622449,6192.21310204082,6256.58181530612,6242.71378755102,6249.30708142857,6260.15759081633,6416.48861265306,6304.38208612245,6333.8589967347,6386.08773183673,6505.50496795918,6446.07265530612,6232.57886714286,6249.03426408163,6207.41166877551,6026.01319714286,6205.56381714286,6100.82683934286,6074.31038732653,6004.74223061224,5933.15937326531,6034.65799877551,5910.35153061224,5998.15816326531,5836.2086622449,5880.45090510204,5734.78403020408,5955.21784857143,5764.66662897959,5729.09133,5834.74537489796,5714.71075285714,5932.52794232245,5926.18912081632,6012.32227591837,5920.77906557143,5876.88437057143,5800.24561057143,5873.93187142857,6025.83596132653,5989.41917408163,6121.31168387755,6200.34633063265,6087.79048063265,6169.69150540816,6084.73577683674,6201.45105697959,6103.26905020408,6019.66645571429,6085.17633836735,6216.36907236735,6219.11358336735,6179.36647285714,6314.68158704082,6194.15876632653,6261.411715,6317.74223806122,6384.77428367347,6107.4288855102,6001.34154234694,6173.10092959184,6193.81603846939,6079.60877346939,6121.70121255102,5960.0326005102,6007.27984734694,6098.69785785714,5972.49305030612,6184.54068173469,6101.02746591837,6160.12167857143,6027.72625418367,5946.89152418367,6026.89950918368,5963.48547918367,5996.99698418367,6008.25660459184,6090.7639944898,5986.58489816326,5983.55408734694,5907.62818102041,6022.66062183673,6017.9284194898,5952.96294285714,5949.69754571429,6221.53272091837,6024.80703091837,6035.35888061224,5952.38085163265,5892.45206163265,5816.03456387755,5913.75301387755,5744.66281387755,5730.42515428571,5739.80479132653,5689.325561,5685.93145,5886.59757632653,5927.87330377551,5861.56773765306,6037.10880806122,6035.78303836735,6054.75284112245,6272.60683897959,6343.22010877551,6374.68475377551,6320.95530588775,6227.31712221429,6225.01171956122,6261.79746632653,6280.72478265306,6180.5284377551,6296.24298632653,6070.15807642857,6275.19621071428,6294.8200755102,6258.24229428572,6357.3499322449,6095.17766428571,5976.91359959184,5902.09148142857,5975.09781604082,5868.98301693878,6107.40774693878,5953.18030408163,5895.28160408163,6042.8311077551,6073.84657428572,6146.76930244898,5777.58480867347,5925.88360867347,5683.72404591837,5939.35533571429,5754.68164693878,5744.39700306122,5787.30491632653,5786.90746020408,5861.92861020408,5794.65199020408,6005.28639693878,6013.46386336735,5988.85853581633,6149.92498173469,6002.02842744898,5971.86435045918,5965.31891571429,6174.94536734694,5986.49372214286,6056.11818734694,5961.03597408163,5927.10607153061,5900.78487959184,5943.16933268367,5966.34301306123,5986.73458816327,5923.94253908163,5865.51984255102,6004.22602306122,6081.50988142857,6127.25531857143,6106.91170295918,5922.84624418367,6105.26184122449,6114.75277265306,6264.88819653061,6270.52205408163,6322.52203255102,6433.20608346939,6473.92359306122,6409.13043061225,6307.82116632653,6336.71566632653,6330.27884989796,6237.88083816326,6168.24006020408,6039.75805071429,5996.83325765306,6277.21281262245,6208.2584722449,6231.90555102041,6138.4935427551,6184.52868887755,6143.81589979592,6162.55533979592,5956.14755979592,5998.69164479592,5923.88520979592,5991.95345479592,6167.94326979592,6219.60426020408,6084.50317530612,6012.17020918367,6042.23450040816,6242.04670653061,6108.86932510204,6233.64907489796,6249.25604989796,6339.77655857143,6250.93472714286,6374.04827214286,6253.55383571429,6252.75422142857,6149.1027244898,6011.34502653061,6075.44136428572,6200.8834377551,6035.8032377551,5524.87290173469,5655.99772673469,5534.28279428571,5670.36813153061,5654.85275982653,5698.06365622449,5760.94166622449,5946.47447520408,6118.33620714286,6252.88153846939,6269.54548010204,6121.12168908163,6099.42088693878,6103.14349785714,5879.81458673469,5891.40657367347,5950.33325030612,6216.96140357143,6038.67484387755,6062.67086734694,5889.13491561224,6019.61530969388,5942.81563530612,5990.80583663265,6166.10821734694,6035.60624102041,6083.94379591837,6064.3461444898,6078.13226895918,6015.41131102041,5901.57517285714,5821.44387285715,5655.32157653061,5647.57287346939,5768.03911163265,5639.73049,5839.46216520408,5688.93233612245,5708.78923306123,5857.68619857143,5900.13431867347,5859.44287367347,5989.14361806122,6020.88667306122,6002.87430755102,6031.47620551021,6114.08667714286,6020.17120785714,5859.23686010204,6034.86638367347,6027.01562367347,6115.5223144898,6028.95999979592,6057.30640306122,6112.83064081632,6169.33208265306,6230.33795,6218.74254112245,6054.9620477551,6096.46563897959,6067.63751459184,6252.35902469388,6302.03378642857,6399.42789857143,6269.37387857143,6381.74358469388,6193.39503061224,6065.49756367347,6161.13710346939,6052.06074795918,6085.11583285714,6098.77513285714,5975.18574979592,6231.37750285714,6302.64264183673,6381.0801132653,6337.93752653061,6160.91039244898,6174.87661530612,6294.2346055102,6142.46384071429,6232.05003571429,5958.12910234694,6041.97965734694,5908.50476540306,6054.96205265306,6082.29238265306,6126.00201979592,6089.39671520408,6225.03151693878,6243.02695591837,6370.25983030612,6247.15435655102,6120.91740193878,6186.77760755102,6327.45080377551,6369.73410122449,6249.25320122449,6065.90320122449,6121.76110122449,6014.94513622449,6152.73992857143,6409.35989183674,6402.84303132653,6409.00941463265,6301.07673602041,6384.43427244898,6421.03979877551,6139.93875734694,6165.5210377551,6196.00865265306,6130.63712857143,6343.20565836735,6241.15051836735,6241.63167918367,6282.14539387755,6256.38144714286,6307.91071265306,6337.56886265306,6264.68946265306,6509.03986962245,6404.61742142857,6440.24697142857,6282.4568755102,6255.70282285714,6312.23614142857,6391.69341408163,6408.41731408163,6508.48938367347,6447.30320714286,6320.77116653061,6406.27827040816,6334.14539816326,6199.09529795918,6024.6617122449,5859.86079734694,5939.28227841939,6022.94591234694,5946.65943510204,5949.05195244898,6067.77150122449,6262.70417887755,6043.45817622449,6070.41195816326,6048.46623244898,5825.33039989796,5982.85574040816,5712.76727132653,5783.51461122449,5761.31652755102,5844.92892040816,5845.48510132653,5633.57673602041,5741.79759183673,5831.73314387755,5707.09358489796,5984.69652295918,6179.27225989796,6084.41542489796,6196.12331163265,6152.87462755102,6015.44385122449,6133.29698346938,6140.62779244898,6194.47352642857,6185.06225642857,6231.65398061224,6119.69969183673,6144.50735183673,6072.57901836735,6131.51438734694,6119.82596969387,6053.14552265306,6096.37915265306,6032.45800265306,6043.5146622449,5648.75493479592,5685.67765102041,5563.22542632653,6064.58936887755,6060.37186,5888.88356816326,5900.52309367347,5917.44694469388,5871.58157540816,6016.17231835714,5914.26077530612,6046.64541142857,6012.53355836735,6002.09858336735,6032.29926908163,5915.00438908163,5926.68607408163,5820.55882826531,5691.8575667449,5670.00211429592,5631.357325,5738.9439555102,5978.99473387755,5812.01702887755,5951.63101163265,5991.84770663265,5868.06452377551,5963.54899438776,5665.90722214286,5749.40648908163,5555.48262428571,5595.76934489796,5996.66181744898,5989.25469755102,5804.3000962449,5800.57929683674,5760.98300020408,5729.68527244898,5738.39086673469,5868.9906177551,5864.65651326531,6152.59493244898,6112.33920591837,6037.41311428572,5988.86952081633,5913.00128163265,5795.07906418367,6007.66877959184,6012.96406884694,6020.50922408163,6048.82348591837,5968.87751959184,5932.72414285714,5787.08332959184,5911.66507797959,5944.06696530612,6038.42341377551,5959.49228469388,6006.44939204082,6016.41701489796,6100.21507959184,6225.99811806122,6048.91426510204,5959.95204081633,5845.63281571429,6007.30140653061,6045.49489265306,6061.35237744898,6370.15276540816,6392.50179897959,6386.665075,6214.27401408163,6162.82027632653,6388.59903959184,6313.33808316327,6378.02892132653,6017.24725438775,6037.23660408163,5944.56789075816,5800.00054463265,5656.91325163265,5732.08545938775,6000.32557795918,5661.29477428571,5596.90215816327,5954.62447448979,5847.81448336735,5838.05696326531,5807.89681326531,5681.27537959184,5716.99090489796,5898.13156530612,5822.63603346939,5774.31338653061,5810.42934479592,5842.8274,5788.93955816327,5555.64721112245,5658.2829572449,5806.6465622449,5972.32641204081,6088.19159591837,6130.70960540816,6205.19306642857,5985.0600255102,5988.19165714286,6005.37545346939,5990.42967496939,6214.12914387755,6164.67449591837,6170.60418367347,6190.30976867347,6299.77328867347,6181.4564572449,6196.9357705102,6126.01411908163,6094.37535295918,6096.66796367347,5952.80765714286,6211.72304357143,6230.2305122449,6090.36097959184,6094.41892755102,6284.1608489898,6284.81332285714,6164.46584806122,6206.76063183673,6196.54758183673,6187.08958836735,6111.26922877551,6365.77604653061,6274.06332877551,6212.67949418367,6119.47111102041,6155.9243804898,6183.59834857143,6081.61785602041,6010.96331877551,6101.03616673469,6014.66506673469,6028.84267489796,5950.40042040816,5901.87540153061,5749.93631714286,6013.84486642857,6098.42652846939,5895.64829040816,5934.99008812245,5756.73841367347,5859.05865459183,5847.2892105102,5908.50346377551,5721.46899663265,5746.74237163265,5784.07241214286,5735.66074214286,5669.52624897959,5689.67280204082,5509.91608163265,5652.12474183673,5626.01999826531,5793.61385183674,5880.08694030612,5957.11941102041,5904.85084438775,6046.18962332653,5978.62672638776,6138.55954346939,6009.30961530612,6097.57854081633,5869.3875422449,5738.70657806122,5794.07998010204,5861.94176071429,5798.06205571428,5725.11861469388,5777.70164591837,5538.8102005102,5543.2616272449,5956.76068908163,5995.36026795918,5667.25912959184,5655.73639673469,5831.25933673469,5851.94811673469,5877.65984153061,5813.07571693877,5866.05304295918,5883.32658244898,5916.3072494898,6115.07868979592,6051.53242428571,5656.94061428572,5668.65492387755,5734.18076908163,5690.47342112245,5885.7400255102,5747.8513755102,5678.79768959184,5614.53223051021,5886.23283255102,5858.26478857143,5719.70392989796,5956.24888367347,5838.54425061224,5777.27368357143,5817.82208265306,5755.75544785714,5756.62830102041,5777.00052102041,5888.63380602041,5919.09823785714,5722.63977765306,5595.19168877551,5471.96409785714,5760.57858316326,5609.25502316327,5676.98470489796,5703.8036967347,5513.34506408163,5595.49985132653,6214.4037572449,6225.66309806123,6237.87923387755,6315.15782387755,6175.50811922449,6535.99141922449,6278.84266922449,6367.40421922449,6130.05626922449,6152.73791922449,6033.69693,6000.74748657143,6012.20405595918,5912.04431204082,6110.17533093878,6146.60013093878,6226.79675061225,6359.22445010204,6352.5411317347,6501.05364469388,6368.44314469388,6510.26974346939,6356.11225897959,6336.53175755102,6330.87709285714,6297.13433785714,6187.04725510204,6299.49571530612,6094.84952244898,6247.3980755102,6188.38339489796,5980.76129387755,5855.67354316327,5916.61006857143,5726.57436510204,5946.73736816327,5997.06234265306,6068.32241612245,6235.4547305102,6115.3066022449,6073.78332316327,5977.50064714286,6186.06759214286,6188.94083806122,6215.57680306122,6235.6294577551,5948.1826877551,6019.89632459183,5982.43419367347,5963.42089867347,6069.96078887755,6098.11044428571,6141.68835746939,6113.51604114286,6079.40475612245,6042.87480612245,6123.74562612245,5722.50102612245,5794.48052387755,5658.15536989796,5873.54761979592,5947.45063979592,6053.08626673469,6307.47183102041,6008.48564877551,6011.7171877551,5961.28393979592,6029.18111214286,6010.27187969388,6105.73133173469,5869.75835173469,6069.86916183673,6109.44076714286,6050.08229336735,5884.10672704082,6037.64532285714,6003.10452285714,5987.25687285714,5936.86384193878,6113.79542877551,6180.64221285714,6193.48515326531,6161.93331326531,5991.40677326531,5963.16975326531,5972.31408326531,5962.47765265306,5894.32934163265,6194.61951540816,6208.90673040816,6167.52831508163,6153.10745008163,6091.92409479592,5995.44790479592,6073.98892642857,5941.63025561224,6109.49759693877,6115.77819081633,6154.11692653061,6305.82171530612,6222.22141153061,6127.10520836735,6167.2957255102,5987.04553612245,5736.82014129592,5900.00614479592,5649.92612806122,5742.69719806122,5589.42932867347,5491.19043010204,5587.5194382653,5796.12056561224,5808.92946602041,5818.76631961224,6153.33233234694,6110.32834942857,6204.29838442857,5968.05401381633,6174.6429772449,6288.13009285714,6248.02551979592,6280.7626355102,6259.87972714286,5889.89382877551,5788.05187102041,5821.06777081633,5776.62795938776,5786.67619787755,5811.08631040816,5803.77231489796,5819.46468877551,5738.7739532653,5604.8877405102,5847.28718540816,5971.06065469388,6188.90128469388,6243.30121938775,6303.67411122449,6393.28220102041,6235.88763602041,6298.64366795918,6360.26815295918,6365.62729285714,6320.88295816327,6221.03824591837,6376.28547091837,6260.96868091837,6383.59906591837,6370.51999591837,6308.9245255102,6411.6509905102,6356.47030918368,6298.97889591837,6360.99157255102,6514.1633644898,6482.11464285714,6303.8561872449,6119.62179612245,6299.96224510204,6243.480485,6030.12020887755,5973.26548793878,6036.77802293877,5938.54654793878,5952.57624293878,6073.00788593877,5907.81124897959,6294.96281836735,6323.82723408163,6432.73031591837,6341.7444177551,6322.34240204082,6239.26660632653,6244.00820204082,6267.68229795918,6269.17473214286,6132.44928979592,6053.71377346939,6064.29660714286,6095.83935714286,6293.90949336735,6035.68840836735,6352.06665306122,6202.80540306123,6152.65454377551,6136.74339510204,5923.57650979592,6015.28103479592,5927.78473846939,5957.13944714286,6162.25503714286,6156.95528193878,6226.45278204082,6066.4200122449,6219.0251372449,6253.97255265306,6322.96739959184,6336.33783602041,6307.24498336735,6319.85503877551,6329.94013877551,6250.18719704082,6311.71394459184,6216.02634469388,6129.77888061224,5850.2383194898,5898.89937336735,6025.43120163265,5936.89531612245,6083.42571959184,6021.29981816326,6226.35471346939,6106.37840612245,6021.21821428571,6029.75927642857,5972.2279327551,6051.53520734694,6195.47270816326,6282.90647755102,6205.3389777551,6455.84652438775,6352.66081836735,6353.20374479592,6324.71341122449,6338.17051020408,6331.23503857143,6158.29892357143,6231.53551357143,6061.69316081632,5965.49574040816,6010.85246836735,6009.69035,6055.43700102041,6030.04851918367,6072.16194612245,6157.21337102041,6230.94794765306,6226.41811826531,6248.2771627551,6327.8441255102,6458.2236867347,6206.21438918367,6149.43092448979,5900.05509765306,6030.13460918367,6042.29521112245,6021.78569418367,6074.2918294898,5961.5817262449,6285.11581204082,6117.43446438775,6223.86571112245,6345.78680581633,6428.29265867347,6447.66766357143,6345.4964694898,6378.34229479592,6294.64971948979,6262.01737081633,6250.06288153061,6243.21729836735,6286.86864836735,6271.60677969388,6190.90907867347,6234.35503061224,6140.19629326531,6242.73932285714,6300.53343510204,6299.51258816326,6426.00482244898,6376.94957244898,6406.64414316326,6263.69086326531,6165.19644387755,6178.81147653061,6098.33398673469,6187.04015306122,6066.98147755102,6051.95180204082,6086.05019989796,6240.28668795918,6187.50559112245,6148.1217377551,6300.73069306122,6370.33183469388,6355.34652346939,6306.04830387755,6137.72099979592,6135.09014081633,6269.14646979592,6093.74115744898,6344.18061989796,6266.94758018367,6084.66159282857,6243.00358936735,6299.72938936735,6238.80595630612,6224.49790630612,6344.81630895918,6294.61337244898,6265.25907744898,6195.93092244898,6268.430455,6326.365455,6211.64173653061,6218.67267153061,6327.55921653061,6298.16054479592,6340.82616866326,6320.57928254081,6324.09771704082,6174.55113979592,6163.54097755102,6128.90655020408,6255.44032520408,6069.91324479592,6182.50805846939,5992.14980846939,5880.02509887755,6019.225985,6132.46588989796,6151.59029765306,5940.78800081633,6108.69411632653,5906.4328244898,5973.3257744898,5896.62789183673,5913.00396418367,5956.57437367347,5731.19191010204,5727.25000203061,5754.61040918367,5678.0304727551,5812.0751227551,5964.9726577551,5925.47703877551,5988.40807173469,6134.43051244898,5959.9993062449,6123.27157204082,5968.64100214286,6015.72414897959,5897.63900959592,5876.39346959184,5939.78615489796,5852.75329846939,5769.71324877551,5872.21793795918,5969.91267714286,5994.76583214286,5718.03909673469,5829.80891030612,5942.06906836735,5862.2711044898,6026.32025448979,6001.53305214286,5947.1544577551,5988.7786927551,5845.2941077551,6022.40901234694,5833.2594772449,5767.01736285714,5705.46823571428,5887.32265510204,5713.37622071429,6200.7754,6012.22581979592,6159.5229,6427.12364183673,6325.59977755102,6509.00958163265,6445.44018571428,6234.95849071429,5949.08424785714,6073.36506204082,6197.51947234694,6166.49917489796,6239.64667,6394.54110408163,6358.71951122449,6473.68969530612,6493.64816397959,6470.38021571429,6212.55311020408,6374.37975928572,6346.78942346939,6262.87269285714,6285.38348440816,6186.54405693878,6274.78554010204,6097.51834602041,6117.75829602041,6056.15302744898,6020.75677744898,5963.04769040816,6184.2432644898,6090.94559704082,6005.22718386735,6062.48008193878,5972.86397306122,5879.85175989796,5970.05762418367,6071.44664153061,6086.8896177551,5911.04839408163,5857.84016632653,5931.54073122449,6166.46524530612,6170.58016285714,6125.96166091837,6022.25869561224,6086.51612397959,5888.97335306122,5834.79235918367,5814.90226836735,5773.56730408163,5671.49556816327,5521.89046836735,5703.10646289796,5635.3522227551,5720.6567927551,5562.32379489796,5772.81597622449,5701.6722477551,5787.7893522449,5930.02487540816,6025.49474377551,5790.79808408163,6020.72765408163,5993.46444061224,5660.76582159184,5719.74867265306,5682.46233122449,5629.97706857143,5687.67980357143,5643.30689571428,5690.11210071429,5765.47800540816,5876.00750040816,5942.34020081633,6045.28893581633,6006.61752430612,5976.07694867347,6067.809255,5966.09393908163,6012.38228816326,6047.04706897959,5672.54298897959,5640.76970336735,5770.35692397959,5912.73653632653,5691.17585632653,5785.84775632653,5752.26140632653,5950.94898142857,5961.69571112245,5888.86506265306,6055.98302142857,5971.81778020408,5922.12940377551,5858.49550377551,6113.03948397959,5960.35990979592,6066.02937908163,6030.70785704082,5760.02154693878,5769.57561969388,5717.65628397959,5666.58254387755,5587.7820622449,5699.51590408163,5714.53855204082,5706.63040204082,5707.60842489796,5835.67933785714,5734.83570846939,5876.69161755102,5981.81127734694,6139.07845622449,6057.91691438775,6373.20258938776,5863.12101602041,5970.30844520408,6095.28429918367,5934.02745367347,6046.45632979592,5859.0063077551,5906.85969622449,5833.67969959184,6021.9702405102,6035.4901905102,6119.9754255102,6172.40268826531,6450.16129020408,6406.44409326531,6375.08689326531,6306.45325693877,6256.70554897959,6332.89859510204,6392.40334510204,6276.84765816326,6175.07034591837,6147.37848469388,6156.13518826531,6258.55905326531,5898.29169163265,5904.07218504082,5839.27629004082,5687.13816612245,5846.8462567347,5776.15307295918,5645.05919602041,5690.91580387755,5732.75935653061,5734.24509928571,5690.20426612245,5901.57526612245,6003.68146612245,5882.87825428571,5876.08115346939,5933.53963530612,6101.65732959184,5999.48395816327,6067.15879693878,5932.28107653061,5925.48480510204,6071.37806612245,6130.14436091837,5929.50139677551,6046.10838897959,6103.71179448979,6087.08010306122,6073.68710255102,6071.09747755102,6187.43691357143,6090.92868673469,6015.56723887755,6180.02678887755,6194.92295785714,6218.40958397959,6148.30674877551,6104.05995030612,6119.86248704082,6115.75379204081,6165.43476142857,6229.84970948979,6167.21483816327,6200.44790459184,6078.35062173469,6085.3094594898,6056.64673816326,6171.11911979592,6189.49554785714,6280.17652928571,6329.82536642857,6286.85212438775,6361.36618571428,6187.98429459184,6129.67653097959,5978.98643428571,5743.07109795918,6024.93805734694,5736.62648928572,5810.18161183674,5771.95262142857,5668.7386655102,5830.29868653061,6113.34027112245,6042.05205489796,5928.5820072449,5788.29102714286,5904.97729887755,6166.34502357143,6301.39058204081,6273.9526122449,6308.44574693878,6335.4692422449,6298.64518163265,6371.01586112245,6341.27215020408,6123.02693306122,6190.08911530612,5995.27516530612,6057.40048469388,6133.16000295918,6174.42195816327,6023.54592142857,5993.7579622449,6101.5208072449,6109.7644322449,6116.89393540816,5876.07488377551,6060.86917857143,6110.0352277551,6077.31797642857,5998.65970653061,6068.14096091837,6170.15976091837,6109.36467387755,6017.00263938775,6026.33050806123,6058.84146591837,5939.11223469388,5951.14668846939,6171.67692153061,6120.61746653061,6165.46272746939,6135.85017142857,5950.72142663265,6230.422335,6193.46318,6140.6713255102,6201.4580055102,6428.7252055102,6337.95348346939,6407.87986846939,6386.33095387755,6381.11747653061,6378.94300908163,6351.21383061225,6253.34464693878,6272.08936061224,6139.07953642857,6203.7741055102,6230.31916020408,6336.12987938775,6356.84414653061,6273.58341530612,6187.61849693878,6173.64925193877,6304.31040602041,6380.39438653061,6394.27891561225,6044.96426704082,6065.91561826531,6139.32282785714,5943.09011234694,5974.94140734694,5855.98469897959,6008.46346530612,6294.75025244898,6050.17985408163,5973.10183061224,5920.9681355102,5953.5405755102,5971.39809755102,5948.43108653061,5970.34713653061,5879.66122755102,6012.25346918367,5871.177845,5700.25619112245,5977.36327928572,6118.1225,5988.53553010204,5938.06993061224,6004.24754938775,5809.9427827551,5976.64572183673,5917.15242081633,5827.88304377551,6006.36031969387,5719.46284265306,5716.22692,5685.643235,5689.84367163265,5943.65474387755,6145.75752887755,6081.85051020408,5916.72101183673,6205.2809227551,6135.52950510204,6125.36421061224,6201.72540469388,6126.45824969388,5949.97137857143,6009.31805887755,5943.21104387755,6011.0584,5960.49501877551,6065.04154,6150.41740204082,6153.63416571429,6235.63491591837,6184.15000214286,6261.7873777551,6305.62992142857,6214.63253693878,6151.15333061225,6079.94051714286,6155.27215081632,6196.31485204081,6146.24718979592,6234.35888979592,6395.09519979592,6366.68598979592,6294.22892142857,6319.33446418367,6316.9864127551,6221.99632122449,6309.65104122449,6261.99241122449,6273.33077622449,6292.44457244898,6089.25220918367,5990.60239591837,6075.53834591837,6182.72920142857,6035.95649030612,6272.09048979592,6320.63015204082,6224.66463887755,6320.30779387755,6354.64577214286,6452.99585459184,6426.56139693878,6349.36508938775,6240.33081204082,6294.03322836735,6274.95614591837,6160.99925153061,6045.14877653061,6073.22268418367,6063.44813397959,5988.78325622449,6006.67131683674,6032.74127459184,5990.12301469388,6109.54801836735,6134.72755918367,6271.33135918367,6248.83220653061,6124.33377653061,6105.14982806122,6136.59450938776,6144.23698938776,6237.18521530612,6177.69587397959,6307.85358816326,6197.34805040816,6034.24340102041,6161.64084795918,6101.59602795918,5971.91688795918,5965.03742244898,6041.19822244898,6167.61545887755,6101.94455020408,5930.06451734694,5689.20237734694,5782.61887918367,5924.52921428571,5908.62777714286,6001.82820214285,5962.25093928571,5945.38743265306,6178.19217244898,6228.65327642857,6341.13674365306,6062.97131561225,6213.4271877551,6355.46485918367,6303.88937448979,6380.93900102041,6124.73867142857,6128.69634714286,6132.10902714286,5999.72345734694,6017.27792346939,5959.91024387755,6099.1484755102,6218.17503163265,6289.48054387755,5997.03349387755,6008.47427408163,5944.48622918367,5856.44273918367,6013.76151204082,5964.40827346939,6007.92582142857,6069.07681792857,6046.85771081633,5637.11276428571,5514.30460928571,5457.49765897959,5502.86385336735,5753.57584591837,5662.59004244898,5747.52193816327,5739.86876602041,5744.46937102041,5775.28388632653,5619.80443632653,5717.72366530612,5798.8044022449,5684.46197826531,5800.68194326531,5569.4575755102,5495.3733527551,5517.75157979592,5583.60828816327,5616.83105431428,5553.60362255102,5474.64448102041,5942.07772140816,5896.35035918367,5843.56244214286,5916.61685367347,5919.8190922449,5869.27114397959,5811.67710316327,5924.03139,6086.8359844898,5899.25605673469,5869.47467918367,5914.45046918368,6096.57362418367,6018.24247918367,5900.64176418367,5968.71521918367,5915.35946418367,5972.48377918367,5770.32682918367,6066.72182918367,5801.12660530612,5614.36624877551,5715.41752540816,5771.87269346939,5831.84509918367,5945.79593142857,5849.23285918367,5783.44968418367,5992.24578540816,5893.43337142857,6082.10296204082,6010.0069105102,6085.26268642857,6187.93505081633,6251.64208167347,5887.74575061224,5764.59941795918,6047.54371795918,6072.3459355102,6089.17281408163,6183.10687295918,6136.8335822449,6279.58123408163,6352.52361938776,6280.86231887755,6377.59370112245,6334.71965459184,6166.47917883673,6163.06863816327,6177.41875765306,6390.29891316327,6228.15379255102,6226.06082653061,6170.69491346939,6181.73949244898,6348.13995244898,6404.98270122449,6434.74965755102,6372.03964244898,6434.80982469388,6305.39906173469,6201.59026673469,6386.5712072449,6147.1102722449,6001.07165358163,5933.78454265306,6104.75081408163,6155.67342795918,6038.08848346939,6041.76352040816,6068.35231816327,5981.72237673469,5998.59723673469,5842.36974591837,5999.4584394898,6101.27832928571,6199.70336928571,6252.62936928571,6216.60541428571,6050.6796,6136.4291132653,6203.40604387755,6238.37253693878,6091.51011367347,6267.70294517347,6124.18053017347,6105.97849517347,6227.57102762245,6063.71580517347,5913.61492867347,5899.87857163265,5829.08350071428,5754.42111571428,5982.87253530612,5970.31238673469,6269.79156673469,6221.99881602041,6108.28833979592,6245.37842914286,6137.00761183673,6153.6006244898,6096.5737244898,6048.1574244898,6134.0233444898,5917.45868489796,5848.31463102041,5937.70036561224,6077.64245459183,6078.52058112245,5945.52235714286,5831.48084081632,5737.76096071429,5631.06758571429,5557.54440102041,5897.16931602041,5960.69278030612,5978.96075316326,6135.12571918367,6145.43797102041,5912.29610989796,5962.19367602041,5962.66390010204,5984.00391428571,6229.88926734694,6149.3308755102,6267.53623367347,6238.75105714286,6243.92335346939,6452.69278346939,6394.41605846939,6417.18633755102,6471.64710265306,6425.82567510204,6448.63587510204,6450.21482530612,6331.61152030612,6436.44844030612,6244.81652530612,6368.05941153061,6391.23437295918,6410.70860295918,6002.56540336735,5978.882585,5840.35717846939,5754.30637836735,5812.18512020408,5777.48817816327,6040.13924693878,6091.91226142857,6088.15441244898,6070.94469826531,6049.83317469388,6167.95681755102,6199.05124255102,6382.3387844898,6169.55992744898,6277.52503316327,6261.85815326531,6254.30660326531,6098.23948326531,6247.05509326531,6266.95356826531,6312.82657377551,6487.53594877551,6515.15271061224,6411.02156346939,6341.18077346939,6408.63361346939,6484.07506346939,6367.25191346939,6344.72877091837,6399.13621591837,6409.36414408163,6295.04221938776,6227.74601938776,6295.73826642857,6202.62382459184,6183.54172459184,6212.15618897959,6191.77382897959,6116.08997897959,6172.38262397959,6061.34814622449,6010.90243316327,5955.82315244898,5962.67972673469,5943.3730372449,6067.72042755102,6154.71379510204,6018.04627918367,6080.37126,6112.1707922449,6188.08577744898,5993.47167344898,5895.19524295918,5940.49973469388,6056.44306765306,6002.90966530612,5983.22323612245,6074.04013612245,6173.30423367347,6128.97516469388,6064.59332959184,5795.74218326531,5970.79564081633,5877.61084489796,5863.57279489796,5763.86944479592,5860.1303105102,5888.8908605102,5825.31518418367,5794.80337438775,5994.80291346939,5761.47843367347,5807.56113316326,5729.0229227551,5688.88086928572,5840.30993178571,5859.20182530613,5984.28539938776,6137.80811795918,6149.22456714286,6052.19446122449,5961.6858344898,6140.06786122449,6104.66385377551,6067.47770591837,6048.88892367347,5620.90647867347,5652.43472367347,5617.91874836735,5862.32778693877,5916.59063826531,6219.32467683673,6057.31930683674,6131.66113387755,6107.96573816326,6293.20103040816,6172.40687561224,6186.35569061224,6313.04063051021,6314.56452030612,6234.5416605102,6256.8501285102,6198.71225693878,6336.51085908163,6278.89570204082,6190.76429704082,6297.63272397959,6508.08911216326,6499.69221010204,6409.52723540816,6425.61577653061,6419.33844,6518.10345346939,6412.70641,6537.62655693878,6443.78817397959,6587.2553644898,6517.28041,6499.40015591837,6338.64049857143,6093.78211897959,6179.74271693877,6215.09646734694,6234.33713673469,6282.12207204082,6220.81656836735,6024.11551989796,6198.22740663265,6201.71717744898,6232.66858571428,6128.42557785714,6099.63688622449,6094.09812581633,6318.74333306122,6448.33095919388,6444.17097755102,6426.85232530612,6213.6609122449,6133.36131142857,6166.83050438775,6166.19495336735,5985.28513959184,6097.38391295919,6163.21422346939,6167.40287857143,6216.17789285714,6234.57474285714,6248.0935132653,6294.4887832653,6429.6857832653,6364.14515795918,6258.36730183673,6375.40269918367,6296.09599061224,6193.12570918367,6215.26702142857,6310.91203142857,6206.38348142857,6223.04021642857,6198.82426469388,6425.47266806122,6542.5080105102,6505.7239455102,6423.28779846939,6435.66268612245,6292.69390734694,6149.02395622449,6223.50675622449,6297.06652591837,6329.58335244898,6289.65364234694,6073.54495173469,6212.08162918367,6283.90089622449,6176.71504622449,6303.44811153061,6372.52312459184,6306.48079061224,6174.72503326531,6285.24023765306,6168.74442902041,6350.63641653061,6227.43231153061,6167.46450846939,6122.26017204082,6098.74267704082,6215.24655204082,6274.39954387755,6212.33939183674,5917.82521183673,5967.15654428571,5816.29981448979,5811.81694,5761.18055755102,5871.52117418367,5983.85464071428,5980.36843836735,6139.33228142857,6098.63734142857,6128.68438397959,6056.26839897959,5818.50666897959,5858.59178673469,5943.93276479592,5952.70054040816,6037.8578422449,6202.19673612245,6190.66224734694,6287.97157518367,6286.18621612245,6298.89609673469,6163.2486232653,6150.62463673469,6084.10731938775,6367.6758744898,6305.11066530612,6170.52847918367,6173.82738836735,6244.99348632653,6405.06196357143,6296.15044367347,6199.91734897959,6274.24147173469,6195.53127857143,6182.81069071429,6208.67523367347,6329.61471928571,6349.90473377551,6314.08009377551,6070.74273877551,5994.18640857143,6169.02856357143,6279.24900979592,6392.23860387755,6336.4204422449,6146.25246510204,6257.37017418367,6178.60923020408,5959.82621244898,6021.68029173469,6010.02284762245,6200.32649765306,6005.69766836734,6161.57561938775,6122.50617959184,5886.80612418367,5831.04456785714,5618.9997244898,5946.84270785714,5967.81455204082,5889.04723428571,5917.42215887755,6154.64920020408,5857.53253428571,5825.78163571429,5837.98727897959,6003.56840959184,5953.97048306122,6068.48950755102,5969.37668632653,6024.18358867347,5935.59138530612,5959.87263530612,5738.09834163265,5763.68961959184,5833.0533927551,6023.3226272449,5923.46490969388,5945.63848357143,6174.93338163265,5808.48856122449,5736.01847418367,5876.8429622449,5704.64064489796,5795.0407222449,5957.10464081633,6025.49200153061,6027.99245153061,6024.7324,5956.71923877551,5883.33626785714,5971.18199785714,5992.85755585714,6146.48443938775,6075.08246285714,6144.61361285714,6193.32560591837,6151.29373591837,5996.17564591837,6171.14563469388,6040.37808469388,6109.36671755102,6077.21806255102,5918.59760642857,5861.2255955102,5913.4176455102,5958.51569316326,6230.59834520408,6291.8051027551,6055.26129173469,6081.38013673469,6105.2779744898,6193.26871734694,5999.16438367347,6031.46952265306,5971.29278071429,5980.40354132653,6125.44942744898,6065.40555193877,6097.77119081632,6093.1546077551,6114.49595295918,5942.00192020408,6150.10681989796,6003.52965489796,5803.92830040816,5831.55227040816,5973.43315357143,5886.69920561224,5912.28175122449,5980.42109693878,5950.23404795918,6366.4538377551,6323.80907122449,6260.01846622449,6317.10071122449,6494.68823897959,6430.49879693878,6429.33591795918,6162.10552040816,6105.06577040816,6086.89728234694,6027.47269234694,6339.57432734694,6258.30044377551,6159.87372163265,6506.85747336735,6369.32785806123,6408.88943147959,6226.51605647959,6273.54881505102,6451.92478510204,6470.60619091837,6395.84153091837,6443.63261979592,6379.20822714286,6419.3499077551,6175.27554632653,6124.12210142857,6250.29427612245,6287.24343959184,6259.40139836735,6173.48929428571,6271.0008172449,6207.16600295918,6149.81134346939,6115.45874193878,6091.48947704081,6342.2636427551,6272.45370071428,6199.27397357143,6145.4539027551,6242.7416805102,6160.0222177551,6090.37397877551,6046.13269461225,5829.43043693878,5878.58784183673,5808.00223795918,5981.28550387755,6164.56027071429,6167.14792852041,6226.53582040816,6391.29468061225,6210.11228591837,6261.01308693878,6143.83536693878,6102.84816693878,6306.44427714286,6114.74649653061,6275.48196020408,6219.62754887755,6415.33234433673,6278.50741295918,6230.26831010204,6195.28579693878,6330.73192755102,6216.94415663265,6345.42323357143,6354.19016326531,6403.19356020408,6408.85371530612,6466.2680255102,6480.58207122449,6611.96421387755,6603.05754306122,6566.36264214286,6279.34096959184,6333.03009979592,6207.14902642857,6098.01022795918,6029.25288397959,6038.86016346939,5800.29574602041,5939.04874326531,5953.29131602041,6002.57339367347,5888.90282520408,6099.44735816327,6053.77766428571,6129.66275438776,6155.86418510204,6147.83871265306,5849.99114693878,5757.26415408163,5953.00898877551,5994.5209022449,6098.96450408163,6043.30693163265,6111.59765663265,5910.64475663265,6152.87235438775,6071.38717438776,5991.65340346939,6009.99438846939,5902.16982244898,5829.42147244898,5910.66005244898,6018.77927612245,5975.24300612245,5752.60233367347,5726.68095408163,5861.67081428571,5869.65064591837,6019.51849591837,5971.06301428571,6042.29365030612,6018.02293469388,6002.58088183673,6078.49349183673,6157.4747872449,6055.6210372449,6075.5629372449,6131.0033872449,6023.69454438775,6151.17765,6153.6085675,6125.2764475,6141.21805857143,6090.84967857143,6018.45097857143,5973.19597857143,5946.65824795918,5683.53488061224,5790.37523367347,5913.50907214286,5844.40523877551,5899.69682653061,5946.51590918367,5938.20980918367,5936.74880346939,5981.62679408163,5954.2766955102,5940.78425561224,6085.52763173469,6226.73966316327,6212.09990871429,6265.03348902041,6306.09402604082,6378.50222255102,6248.12129877551,6267.1234377551,6199.65229714286,6172.18694489796,6232.27029489796,6299.95960010204,6365.32065510204,6239.26828010204,6396.87811755102,6350.53053255102,6530.83026755102,6493.67666755102,6426.86647255102,6367.03276530612,6182.88369959183,6152.3781155102,6087.57873979592,6045.2559877551,6082.18331428571,6065.33184489796,6089.53281142857,5989.87411448979,5997.72774734694,5857.01476040816,5890.83649336735,5738.21320397959,5744.11854612245,5759.83709612245,5771.84921265306,6063.76538265306,5891.94508061225,5916.56334897959,6039.14190183674,6093.65332622449,6145.43161122449,6099.22360989796,5978.24057683674,6093.73572183673,5946.26148183673,5921.21030285714,5966.63116602041,5927.09588744898,5981.86503265306,5939.33723265306,6002.47113469388,5937.27152326531,5879.88132653061,6000.99565612245,6173.67174826531,5994.25074132653,5922.05260510204,6112.28216836734,6148.77612857143,6144.8758744898,6280.04681928571,6255.78060612245,6150.52755612245,6163.72946255102,6116.96980204082,6213.01219693878,6166.34795153061,6296.64555591837,6252.2088427551,6022.40790510204,6020.93580510204,6008.86029591837,5887.11569387755,6141.81856387755,6188.39932387755,6173.37688040816,6170.30228540816,6179.27732551021,6167.84867734694,6175.90190448979,6138.12076132653,6269.73679102041,6273.7415955102,6208.08300571429,6271.58775040816,5956.95595,5968.94998163265,5982.31183571428,5847.57299693877,6017.88237857143,5965.70913979592,6069.76404255102,6006.79757673469,6124.03943367347,5954.81304867347,5880.34084867347,5894.51974928572,6094.76295428571,6070.02810428572,6025.71852102041,5995.55675102041,6066.7447877551,6112.8470377551,6053.03291428571,6004.38735816327,6011.15413816326,6099.69519306122,6014.73805040816,6174.49263040816,6255.28377540816,6138.00898540816,6185.23519069388,6210.11013469388,6031.43889295918,6084.29884979592,6260.16812173469,6011.53518673469,5932.01456173469,5928.70846591837,5921.74098432653,6037.4043,6112.313205,5981.42671938775,6043.15289897959,5898.04427846939,5911.85772428571,6225.78028061224,5591.6084122449,5671.33208469388,5762.71014081633,5732.74964081633,5720.27679795918,5821.52393061224,5720.48437061225,5763.90860538775,5794.98186938775,5883.02578938775,5860.33788438775,6073.30713372449,6036.67820030612,6204.06866530612,6332.93651530612,6320.64660102041,6355.79560510204,6264.45405510204,6414.95903163265,6193.03049785714,6306.40785887755,6400.36367673469,6355.76590571428,6312.67527020408,6209.31011704082,6309.36956755102,6219.30865068367,6440.32855897959,6363.25483261225,6377.47624261225,6329.71019285714,6403.25854667347,6248.7529994898,6148.53241142857,6024.58644836735,6116.44095228571,6168.68668122449,6097.7623402449,5948.21604183673,5899.79754183674,5933.86832683673,6125.3964625,6356.73959816326,6218.88542857143,6197.19777510204,5856.41562316326,5784.26598,5851.35574122449,5814.2362255102,5695.1005227551,5610.83127204081,5665.40675326531,5577.43225326531,5675.90382255102,5884.95692040816,5749.91941040816,5721.36732744898,5786.62923918367,5846.58068418367,5613.39807040816,5787.66161540816,5902.53329806122,5941.65515204082,6018.04250204082,5973.78610510204,6063.28633673469,6102.16484897959,6006.83932459184,5950.42835734694,5976.75069561224,6089.83107234694,6111.59916816327,5842.96152020408,6016.56936020408,6008.98904479592,5826.62533489796,5907.19416989796,5970.18809061225,5892.00082785714,5860.46023091837,5893.23022418367,5949.42729622449,5863.68442642857,5840.85484806122,5779.94005408163,5670.9796367347,5687.50565204082,5804.05191877551,5879.10398836735,5874.27515612245,5883.58784571428,5786.69040081633,5838.24961581632,5929.0476055102,5891.2340905102,5730.5351905102,5783.3756905102,5931.28661591837,6017.80556683674,6071.95113530612,6217.50641367347,6167.23193244898,6115.75328244898,6217.15989,6294.62020755102,6388.48306734694,6347.3122877551,6209.17052653061,6267.83742295918,6375.37144795918,6399.81809132653,6238.94981785714,6305.95834255102,6159.71887877551,6444.55310061224,6282.47441183673,6305.21499683673,6326.52974183673,6384.92129795918,6405.00449795918,6488.8172,6322.98865714286,6350.01019714285,6199.47961530612,6250.13088693877,6160.80710193878,6290.57346091837,6171.64406122449,6107.58971030612,6144.49071132653,6273.92518163265,6112.20620306122,6146.51451806122,6037.55783306122,5894.93750306122,5893.00745214286,5863.23008122449,5996.76319448979,5992.52621948979,6167.42383877551,6124.27932346939,6105.6465944898,5846.04305816326,5778.35734387755,5801.83779387755,5787.09869265306,5843.34514346939,5825.21427346939,5816.09779867347,5899.5383877551,5852.2309755102,5831.81692714286,5930.02964479592,5915.61818367347,5859.66787306122,5901.08355030612,5907.9573455102,5827.21175002041,5981.84689346939,5906.23023846939,5820.68261408163,5757.26891408163,5803.90297989796,5970.26037265306,6014.97895265306,6054.86852408163,5903.05907408163,5915.00912326531,6020.36530826531,5893.7659982653,5926.3686782653,5927.33282326531,5723.09272326531,5763.32363989796,5851.94002469388,5932.2426222449,6019.05445989796,5886.77517857143,6260.58983714286,6192.77300836735,6021.11168204082,6065.14199122449,5778.7400477551,5837.15219408163,6135.82153336735,6129.47504268367,6210.65530918367,6305.10933459184,6297.69733959184,6223.36335979592,6293.12636795918,6186.54458061224,6263.50515683673,6514.27974091837,6299.07265469387,6442.41052469388,6402.31010571429,6396.98314010204,6278.02473489796,6230.21827142857,6171.08519918367,6265.47623959184,6258.40585357143,6034.55673806122,5999.14504693877,5927.77539693877,6060.33249469388,5893.7314345,5903.77748732653,6008.25704591837,5849.30259265306,5860.89532510204,5786.72410244898,5671.2448,5755.9238155102,5990.31366408163,5892.45105408163,6057.06572244898,6197.13804387755,6137.00321418367,6148.99338571428,6135.20118571428,6094.92681622449,5966.87648122449,6086.41003122449,6008.25554459184,5943.17593979592,5773.61932173469,5705.63066336735,5792.53139326531,5795.76372520408,5985.78106020408,5902.64941693877,5953.24167653061,5955.44090285714,5927.24335285714,6061.14066510204,5946.72297428572,5979.1208877551,5999.42435571429,6126.67399489796,5890.14199285714,6100.02823163265,5980.32630316326,6018.97796020408,5983.91810948979,5906.87338357143,6017.54380612245,6182.78114632653,6184.83338714286,6168.7530405102,6108.2442155102,6164.2740055102,6259.9421205102,6322.63439612245,6179.18081408163,6200.06573346939,6254.75803510204,6216.90502183673,6255.27893163265,6108.78427142857,6181.05027316326,6051.02665112245,6237.7408994898,6119.08496173469,6176.0687067347,6161.84231163265,5965.88006081632,6058.49817918367,6197.43347918367,6242.26662020408,6136.96005683673,6257.46340887755,6300.85041335714,6182.27399467347,6177.35471867347,6185.87758306122,6081.17915214286,6127.10975306123,6045.95355408163,5841.22764571428,5892.64395295918,5974.55923020408,6046.62615911224,6243.99162204082,6269.91288448979,6293.42345381633,6372.97603867347,6341.17592561225,6258.67096836735,6260.88271071429,6245.38807438776,6115.60587765306,6066.21636632653,6163.71475765306,6164.33365540816,6360.91390918367,6321.32470918367,6299.41802969388,6116.59652653061,6142.22599183673,6116.03530408163,6060.27692959184,6170.20300061224,5932.59872714286,6042.32944755102,6285.28511714286,6179.79140030612,6164.36880897959,5976.58769,5978.24937612245,5955.06763653061,5929.39543081633,5593.23890897959,5749.66636240816,5793.62123240816,5723.39986663265,5519.46879122449,5807.02639122449,5905.22621867347,5904.14659357143,5996.58041173469,5915.5188277551,5975.03518653061,5850.5549422449,6023.24335122449,5830.85950857143,5862.89699,5902.97151816326,5926.88379897959,5868.03738102041,5897.01540265306,6016.60599244898,6172.17656214286,6084.90427826531,6104.86348183673,6239.4937332653,6123.89156459184,6157.74421928572,6107.70711928571,6001.76300918367,6196.69543122449,6202.43456632653,6193.69829326531,6056.57740081633,6024.94100816327,6060.85476173469,5725.60003763265,5580.39153763265,5655.74436142857,5882.62532755102,5774.5121894898,6074.34869306122,5895.20024306122,6026.54517183673,5995.52597448979,5854.64030714286,5871.36993959184,5887.65563173469,5958.56104285714,6095.38531428571,6073.64596428571,5979.71337061224,6000.49288061224,6119.96623061224,6056.94074214286,6142.71522255102,6166.54514826531,6099.11830918367,6266.33660142857,6251.06063408163,6319.85013806123,6295.59937989796,6310.92869316327,6406.45085377551,6338.94022683673,6273.61053183673,6231.10316061224,6228.16274836735,6112.38381857143,5838.56690918367,5897.1029755102,5919.98488469388,5968.57423204082,6032.78849581633,6098.13899081633,6005.60273510204,5945.13860091837,5942.65833704082,5994.37271826531,5938.16196010204,6222.92067959183,6063.49231948979,6306.37933877551,6109.42455969388,6108.55567520408,6208.26862846939,6211.41695561224,6078.3820594898,6080.31473224489,6151.99227897959,6157.92206214286,6110.05029469388,5955.98923428571,5920.14610795918,5932.21051693878,6075.00506612245,5943.7557622449,5948.6226172449,6044.7370022449,6164.93222483673,6137.54873377551,6242.11840816327,6102.50173479592,6203.05622938775,6060.25047173469,6242.67615173469,6273.00880555102,6311.38887555102,6359.32882555102,6067.09587555102,6162.51664989796,6056.64842489796,6140.46110714286,6201.57392918367,6268.74585918367,6143.61298816326,6077.10770102041,6118.15120102041,5935.9562444898,5976.99846734694,5870.65367244898,5806.81811020408,5986.62191020408,6033.99854183673,6111.21121571428,6088.58930571429,5995.63846571429,6079.16596571428,6164.06786571428,6324.78393081633,6192.64078581632,6213.04883081633,6315.93776755102,6272.71202418367,6347.45288755102,6294.38366367347,6403.68316816327,6420.39153744898,6490.17581030612,6517.53026,6419.50601642857,6376.70696693878,6345.86033979592,6433.01031783673,6318.70427191837,6365.53874591837,6295.70852693878,6324.04401918367,6394.15106938776,6414.74641020408,6330.48896959184,6261.96426571428,6204.20656397959,6220.74868479592,6304.39949091837,6228.82605918367,6108.84097928571,6064.85266704082,6061.0194632653,6070.42231877551,6005.11314377551,6074.62671510204,6144.36778061224,6268.05908061224,6286.3326394898,6391.25663112245,6422.84058714286,6340.29968693877,6186.04829602041,6156.20248979592,6202.36382489796,6465.63843877551,6584.6750855102,6409.5501605102,6412.58529346939,6416.86255530612,6298.69329316326,6299.24203816326,6080.96733653061,5899.40061163265,5943.14640030612,5912.27904979592,6000.07203979592,6041.01018673469,5846.99794673469,6018.28407081633,6141.36175816326,6008.30810979592,5927.17267112245,5990.74510132653,5901.61343846939,5785.02338153061,5925.03977010204,5911.21294214286,6060.56010153061,6156.11670714286,6033.22335714286,5993.31857408163,6017.94678714286,5919.30883846939,6096.17408928571,6095.29085826531,5983.26262382653,6271.86098627551,6299.33994183674,6382.14975183674,6211.20382183673,6147.26068836735,6069.38402612245,6126.97752142857,6209.85662448979,6243.60267346939,6316.94850489796,6230.41896469388,6407.67928306122,6171.14292959184,6321.30239989796,6417.62864989796,6300.91506367347,6328.46416867347,6521.22859183674,6373.42699183673,6514.59366945918,6351.60757354082,6314.73611496939,6434.21848996938,6351.12986122449,6321.3291255102,6296.68404183673,6376.03710204082,6316.80661734694,6352.44959295918,6373.29403469388,6248.35021448979,6395.03704285714,6460.0883,6171.18319622449,6314.82604591837,6257.99236591837,6401.078675,6511.95184704082,6375.18886846939,6144.68898795918,6297.29141276531,6463.05514897959,6509.40575469388,6444.93497020408,6428.98917081632,6157.15379591837,6139.23698510204,6121.3249455102,6076.47812622449,6164.12047122449,6264.69036193878,6322.39520908163,6436.99823530612,6366.73151765306,6404.27074591837,6173.91958469388,6255.19183469388,6248.78507081633,6356.92584204082,6158.00199959184,6046.66859561224,6083.80945387755,6013.81313132653,5955.0147072449,5842.8414394898,5911.32293685714,6070.43739102041,6214.29686020408,6266.50928571429,6081.64109693877,6039.70137785714,5913.32414336735,6097.49726581633,6024.23698387755,6052.0319105102,6137.33343061224,6195.05317704081,6045.91315204082,6070.82809632653,5957.66213,6235.66265397959,6131.79100255102,6229.42647632653,6204.30119632653,6124.72221632653,6011.46719632653,5965.52563132653,5973.66026142857,6014.21584765306,5972.59504714286,5952.5573422449,5968.64543183673,5980.87907816327,6055.15870244898,5904.0150105102,5992.38238204082,6104.58453204082,6008.35476204082,5960.95982204082,5971.87236897959,5880.32558632653,5969.19651673469,6183.03270163265,6326.39849795918,6315.28379795918,6426.11668959184,6308.60219214286,6356.38167714286,6477.17187061224,6449.16961265306,6259.57769489796,6303.58560987755,6129.5023332653,5889.04261395918,5940.13288438775,5912.33596367347,5885.31972408163,5897.30314285714,6043.64776859184,5925.3034955102,5810.49232714286,6007.72912887755,5893.34667938776,5878.54312620408,6208.11403897959,6172.91692142857,5918.33429438775,5966.05280397959,5976.45106142857,5914.43050795918,5947.51148187755,5875.7905177551,5853.67763714286,5849.05506746939,5751.62211746939,5911.75298877551,5883.37845397959,5971.21819173469,5827.33379867347,5878.09197102041,6001.44333785714,5955.55596071429,6133.38289714286,5998.6433377551,6183.00600479592,6168.51430479592,6162.01023571428,6056.03464897959,5944.0974127551,6201.2096977551,6246.94065755102,6264.41445755102,6203.09054836735,6179.68203489796,6289.44229897959,6299.70103265306,6184.83661285714,6187.95078469388,6137.90225346938,6069.94174285714,6048.57123979592,6067.81606632653,6128.38419183673,6009.82511142857,5937.97099897959,5748.56377755102,5719.32425561224,5561.79268061224,5794.47468673469,5917.8012577551,5868.35482979592,5907.76623391837,5810.86894265306,5725.81076306122,6047.16643734694,6073.12165928571,6028.43220612245,6054.19823061224,5970.1547827551,6213.04090693877,6182.52160469388,6162.98959673469,6262.43929673469,6374.65473857143,6315.08717418368,6462.93033897959,6596.85620734694,6586.76539877551,6495.94790979592,6472.26696204082,6359.44199632653,6206.01625612245,6384.48817357143,6284.23565489796,6264.72604734694,6320.67754734694,6196.26207220408,6275.61168269388,6338.06407769388,6388.73946071429,6321.89613989796,6263.1454972449,6305.99624402041,6323.35251683673,6266.2208412449,6461.16917663265,6371.95293510204,6219.40884571429,6360.20453367347,6420.89689367347,6521.37745122449,6308.84877734694,6226.15823571429,6215.53151785714,6181.01377632653,5938.69839,6117.66772465306,6277.07362465306,6313.23814989796,6320.78776387755,6145.08538010204,6063.72614530612,5757.34239571429,5666.24426571428,5764.6128755102,5709.87867142857,5711.17360102041,5687.90338838776,5752.82284071429,5562.89988469388,5895.59211826531,5990.35527153061,5931.03836693878,5817.45195204082,5908.47506836735,6083.98746836735,6125.70516020408,6079.923225,5913.02948428571,6107.10696734694,6069.92869887755,6056.89311887755,5921.17258020408,6086.78733163265,6059.29486163265,6045.03732326531,6254.12666163265,6197.622135,6126.716375,6057.09623744898,5949.58407122449,6081.27110367347,6045.26559867347,6166.47819163265,6045.64352510204,6012.10090020408,6325.81783479592,6143.25895397959,6133.43166510204,6107.19939346939,6112.17190846939,6283.73881857143,5885.70705795918,5822.22956397959,5897.32925765306,6062.98030102041,5974.34243897959,6296.2114617347,6227.93230765306,6210.23827112245,6082.78764010204,6385.09644908163,6340.04362357143,6270.45140795918,6336.55997795918,6408.07409122449,6301.0707494898,6301.2504494898,6331.98450214286,6251.19344020408,6241.18827989796,6284.91594489796,6375.41787469388,6339.95256122449,6462.81051510204,6276.07823387755,6221.4926744898,6321.64247102041,6128.16103591837,6098.86089183673,6111.58841020408,6073.87754153061,5978.28390612245,5860.81371928571,6097.71104244898,6143.77847244898,6114.32094530612,6055.98382243877,6151.88839192857,6053.00950590816,6001.09805570408,6076.74095755102,6170.14870702041,6087.22868520408,6030.7526655102,6049.03101612245,6441.49581969388,6223.11104857143,6399.38978693877,6300.68828357143,6374.37086479592,6218.85650806122,6152.63322469388,6052.52205397959,6131.48466622449,6132.97996540816,6230.01567112245,6110.37755816326,6046.15882285714,6161.46484438776,6213.84432163265,6259.96911897959,6247.70149993877,6177.24332330612,6049.9222202449,6178.41203969388,6072.34898969388,6242.0408622449,6116.29663755102,6077.44337959184,5990.89120959184,5881.94909693878,5963.95328122449,6161.07289326531,6047.19845091837,5777.66853071429,5853.91193928571,6005.09909897959,6130.12310612245,6180.12892306122,6289.57677714286,6352.90645408163,6229.99032857143,6327.91299234694,6254.5233132653,6154.97721867347,6134.70498122449,6032.12868122449,5969.22403367347,5977.38430612245,6094.63170897959,6205.0494377551,6088.43358857143,6013.48492857143,5654.40601836735,5564.46384081633,5628.36392367347,5684.15709816327,5506.83615102041,5555.37085663265,5642.53917234694,5495.15921795918,5533.95330704082,5447.58998326531,5621.91241061224,5642.63236888776,5605.38781265306,5548.45539183673,5510.80379183673,5660.82824183673,5612.60664383673,5657.38468683673,5649.92739612245,5595.61427612245,5556.35479897959,5612.26938897959,5600.07427897959,5758.00573897959,5718.63474581633,5784.17531173469,5740.73511397959,5589.19081816326,5584.90201959184,5825.84746959184,5942.9412322449,6021.56173530612,5971.78073530612,5721.58769183674,5961.59954183674,5875.05590428571,6002.68065040816,5869.45001428571,5983.72312755102,6039.92212755102,5968.41355510204,5927.51756765306,5921.26541469388,6028.38518234694,5899.20193285714,5906.1147622449,5911.3778722449,5923.42172959184,6040.21701530612,6104.83183714286,6060.17447714286,6096.42880306122,6079.21302520408,6190.90785867347,6230.12982530612,6287.5875255102,6392.04920826531,6277.10402826531,6303.62558071428,6438.79437183673,6417.07383295918,6255.88222142857,6153.22086591837,5896.07419091837,5728.30992091837,5802.48406591837,5706.87562714286,5827.66510418367,5802.76580418367,5853.19985765306,6151.17098112245,6097.47428734694,6244.60579326531,6064.85548163265,6032.53603163265,6148.25488877551,6069.87370918367,5987.51920918367,6317.75628887755,6049.53053071429,6060.67181857143,6118.4552855102,6045.3013355102,6212.95514908163,6235.33931408163,6141.12476040816,6159.56124653061,6092.71329530612,6177.91908918367,6100.8731175,6128.53795306122,6224.0803744898,6258.86560836734,6484.76203836735,6448.29575,6522.778085,6379.15084,6462.782505,6386.39300785714,6575.64632285714,6406.06516,6384.99150295918,6407.66056010204,6508.02740510204,6279.07339244898,6378.81104244898,6251.91559244898,6318.78544244898,6337.96259244898,6276.69809244898,6376.84521744898,6392.42077244898,6009.18089244898,6111.90399244898,5959.2342705102,6170.04102010204,6125.55860857143,6077.09878857143,6210.33936983674,6192.42903983674,6122.29246795918,6060.67367244898,5957.87789653061,6101.0030432653,6170.1423255102,6124.81508357143,6118.20141765306,6155.03144744898,6023.92679469388,6147.46183979592,6204.0520522449,6259.13186204082,6150.99979153061,5840.87104887755,5897.30281346939,6066.32267020408,5933.75780591837,5992.90994183673,5895.52884183674,6172.51377551021,6218.87893591837,6222.31548765306,5875.11306959184,6084.08520153061,5884.48035969388,5771.04695734694,6091.0181944898,6082.74648061225,6075.80523326531,6198.90514061225,6153.43738795918,6314.1046022449,6345.30870326531,6255.62048346939,6233.5047632653,6272.09421887755,6312.70692653061,6265.40013979592,6317.08124561224,6233.52372806122,6406.71502734694,6367.16822673469,6364.13638877551,6209.67799693877,6443.68547244898,6273.24034234694,6355.27315428571,6386.41551836735,6316.88822204081,6135.41114285714,6267.45311346939,6189.61819469388,6233.93059293878,6318.18824556122,6289.64416479592,6384.66366316326,6235.21085265306,6235.85393214286,6383.22389520408,6356.9221205102,6318.6855477551,6095.5403127551,6253.67487214286,6272.86721051021,6398.72033418367,6287.98098918367,6248.41848918367,6144.38676897959,6205.29521489796,5843.46956214286,5813.44397030612,5851.49607530612,5973.72544569388,6089.99866191837,6111.83619591837,6063.78361285714,5930.82260408163,6120.00376122449,6076.8092255102,6008.71280204082,5852.0164155102,5963.80287346939,6051.2592705102,6402.06839591837,6156.48518306122,6118.59190469388,6004.19922102041,5994.76790908163,6033.35752816326,6015.40102159184,5963.0073744898,5983.73612795918,6117.52747820408,5849.46785020408,5939.62356469388,5813.84577408163,5754.60891316326,5777.26763336735,5524.71828836734,5758.70363081633,5657.36051951021,5796.69234795918,5875.70448153061,5774.25893418367,5778.41621418368,5762.4247032653,5761.14753285714,5822.7980172449,6026.32616632653,6044.26400244898,5948.13041295918,5903.65745408163,5949.18801591837,6011.2087755102,5934.45134836735,5647.72384863265,5735.37229479592,5761.30091142857,5797.19978795918,6132.09828795918,6155.9031422449,5988.13497040816,5785.19516836735,5809.83765306122,5940.77930336735,5966.17974157143,6193.86198157143,6117.77598102041,6011.60752102041,6078.50020403061,6047.76576132653,6196.05511632653,5966.42979520408,5949.76832020408,5631.23903020408,5812.88256183674,5646.76661142857,5702.77466233673,5711.22110928571,6026.03145928571,5831.88270928572,6026.35103163265,6020.95806204081,6000.47545816326,5999.63593897959,6093.63776428571,6145.97537244898,6008.47284673469,5983.09098,5763.27085561224,5776.61848265306,5653.82340540816,5863.56469153061,5873.42981806122,5915.08079489796,5873.83375816326,6078.65050816326,6225.75677091837,6134.05746091837,6035.50324489796,6174.2268,6085.46530204082,6015.05802846939,5951.95592520408,6055.88851040816,5985.63304816327,5989.93183816327,6110.43509408163,6103.09979295918,6078.51485520408,6144.45491591837,6111.35635102041,6153.0301477551,6156.61458897959,6218.37474132653,6382.31457122449,6292.74928653061,6297.18381122449,6370.98338061224,6147.74491061225,6120.28634795918,6097.94950265306,6162.67464591837,6004.09782591837,6075.29412591837,6361.04380408163,6100.00708571429,6098.49662265306,5962.39718265306,6109.07834622449,6226.45048469388,6073.32299969388,6212.03651326531,6218.6878882653,6305.1226132653,6286.96146326531,6208.25042959184,6225.85241428571,6204.21903928571,6121.91046581632,6099.80565581632,6161.78561081633,6229.02555193877,6240.18905346939,6198.83816428571,6054.90684795918,6217.79169387755,6337.84437653061,6180.46904897959,6107.6042755102,6332.29369714285,6320.40880214285,6141.17645714286,6135.81545714286,6374.19394285714,6009.97564285714,5915.83849285714,6113.65965816327,6025.04062193878,6014.02655081633,5920.2929644898,6407.87148785714,6406.15081153061,6303.85087734694,6133.10185734694,6156.25264734694,6215.71208285714,6304.97563061224,6231.76964081633,6325.93229081633,6068.18653,6291.38355897959,6330.70980897959,6410.62868836735,6306.20040714286,6290.9856877551,6179.3621377551,6213.07819693878,6211.73400112245,5877.7831972449,5721.49438306122,5794.25225357143,5809.92480979592,5763.9476927551,5777.15896632653,5755.90438632653,5787.46975520408,5917.6932122449,5845.6532272449,5871.19774918367,6035.71374693878,5852.40417714286,5728.30653142857,5840.25845769388,5861.9357984898,5807.6661094898,5791.02607326531,6054.8434955102,6046.37039367347,6201.57250826531,6131.23425479592,6103.20275,6013.72405204082,6162.41836530612,6228.20481469388,5877.69729285714,5894.51863612245,5770.98278867347,6051.21726112245,5933.41283836735,5910.98794081633,6097.13800391837,6150.22033489796,6083.17391285714,6146.6180432653,6260.16749755102,6402.42545489796,6319.92171244898,6468.75375673469,6363.76710714286,6306.37790204082,6308.53194408163,6262.91763632653,6355.14239795918,6414.91569591837,6409.63667755102,6397.43007255102,6287.05607030612,6201.2652622449,6291.34813112245,6323.44150734694,6428.08968163265,6187.22651153061,6364.83553387755,6232.80462887755,6272.68839285714,6327.14841734694,6285.76448234694,6207.27448234694,6381.44043989796,6395.87293234694,6333.68210132653,6204.32691285714,6413.01275285714,6402.06670285714,6309.61110285714,6318.22728785714,6444.38189836735,6390.95099765306,6321.99727857143,6316.81447040816,6132.63378673469,5932.71892979592,5923.77376,5934.52921,6086.6911637551,5923.2957137551,5910.84780857143,5980.864005,5823.67867673469,5700.15975704082,5777.8616972449,5669.96833469388,5876.40634285714,5867.5077927551,5953.84291173469,5997.05584204082,6065.74425204081,6015.42829153061,5727.01996428571,5564.67758642857,5683.08347040816,5815.84403367347,5920.02678693877,5729.48119118367,5892.18036632653,6054.84342571429,6082.3083477551,6258.3213777551,6077.89711734694,5859.45182959184,5844.02595306122,5908.12574285714,5997.56392755102,6059.74036295918,6059.13399214286,5992.03142326531,6013.46306326531,6242.53841326531,5977.05908826531,5958.29393010204,6030.54617887755,6071.00315234694,6088.48415,5941.02168510204,5800.00164979592,5916.97316755102,5712.42542103061,5722.38714795918,5715.98874877551,5499.63381020408,5529.16160704082,5774.93974602041,5906.15921326531,5946.4261677551,5905.18122795918,5925.04125836735,5797.73167744898,5881.11562744898,5705.38834755102,5638.55709755102,5634.73117755102,5587.17991132653,5788.10966632653,5702.54094193878,5718.07894326531,5707.54740132653,5924.51818,5703.63586061224,5730.95632795918,5659.93585806122,5810.84802006122,5873.87959306122,5822.67161704081,5907.68206755102,6132.68141989796,6319.72986061224,5902.5881477551,5909.92591663265,5981.39817642857,5935.65074867347,5856.14247367347,5943.48894081632,5954.77200510204,5931.30642551021,6084.53684877551,6136.34277755102,5971.67510306123,6081.51175,5974.12257806122,6117.21210051021,6089.12778653061,6114.52281295918,6223.74186918367,6150.2063472449,6367.0240072449,6331.83055806122,6299.26901632653,6317.24029204082,6423.85269204082,6393.9530794898,6422.54430448979,6410.30488877551,6430.08673877551,6569.57701822449,6476.06680085714,6103.72600591837,5964.00164316326,5895.75891071428,5946.14238816327,5913.85776285714,5930.31817938776,6045.15495991837,6108.71536171429,6002.04660734694,5885.86484418367,5864.03658969388,6072.06385102041,5831.3695702449,6041.21624585714,6038.63307897959,6276.20809081633,6107.81303469388,5906.37947887755,5941.40513061224,6075.73281408163,5973.46058591837,5885.17260642857,5852.49093877551,5812.03531816326,5795.04628816326,5979.62435316326,6074.01889602041,6213.66845102041,6105.08024102041,6143.96166734694,6205.12282795918,6151.89972020408,6266.25763387755,6384.51055591837,6424.00020071429,6353.13845887755,6291.84031806122,6203.87168673469,6083.44621806122,6172.68274795918,5948.67720367347,6015.3379955102,6117.23859306122,6152.65581336735,6212.88511295918,6280.90461816326,6267.13596868775,6200.65672889184,6294.89093448979,6215.50272142857,6166.71649795918,6188.40039795918,6246.88215183673,6280.91044316327,6250.73680030612,6315.18006418368,6384.02554918367,6271.70749418367,6269.49872520408,6301.68180071429,6317.47355989796,6319.43952030612,6325.88600540816,6406.88452295918,6375.48533081633,6406.09709357143,6349.38536142857,6321.92981285714,6474.823235,6136.160085,6210.89456059184,6171.27655418367,6175.80746714286,6291.04951122449,6340.36163673469,6348.59857081633,6246.10801836735,6284.77719785714,6248.01543979592,6333.87493979592,6426.91325714286,6408.01601214286,6369.30467520408,6366.81586693877,6527.07383857143,6638.20081826531,6531.74796653061,6619.17372744898,6562.69705734694,6296.4844672449,6384.63863418367,6284.79746632653,6433.60125234694,6345.94053836735,6296.37905132653,6188.79118265306,6312.96327653061,6251.27586153061,6424.12441766327,6434.03031734694,6450.23171306123,6393.96208459184,6388.25542418367,6290.20889122449,6102.59061561224,6194.55282061224,6132.44523591837,6008.1846744898,6056.9950744898,5869.65150102041,6190.18126020408,6189.38561234694,6110.10398969388,6115.78915897959,6163.21988479592,5983.52930479592,6042.42335479592,6071.18104010204,5894.82822428571,6130.47523122449,6187.52150897959,6241.45768785714,6216.96279285714,6246.46239,6261.93520969388,6120.73094959184,6216.18451122449,6250.05710285714,6303.07788744898,5982.05515795918,6002.73620857143,5992.94890051021,6017.98630928572,5961.0908255102,5979.00363295918,6037.79876183674,6236.60171183673,6387.65690683674,6170.82437281633,6132.77732204082,6252.84233881633,6218.2871277551,6296.88948295918,6191.88708385714,6103.94020877551,6090.17861448979,6129.81329280612,6198.78234142857,6171.52601142857,6066.8746144898,6254.18956061224,6169.24730816327,5787.58155816327,5850.50470785714,5905.25032653061,6117.45695153061,5823.56985153061,5829.83319591836,5847.01313091837,6048.82698861225,6155.20873795918,6045.91742244898,5968.3053622449,6199.60727857143,6168.21020255102,5918.0225744898,5864.17221530612,5931.67681979592,6042.32366877551,5875.0950227551,5828.09020234694,5875.71896265306,5931.48746836735,6097.50001285714,5938.69264265306,6044.1195555102,6068.8560877551,6060.4863577551,6083.61344897959,6011.16045897959,6044.60657653061,6123.39797346939,6097.46861867347,6037.05398040816,6025.55988755102,6170.48335979592,6119.58882091837,6131.7878322449,6232.1953822449,6200.73211336734,6091.74455204082,6288.06234704081,6101.01245204082,6048.23435306122,6005.83396428571,6014.5858972449,6032.7863122449,5967.60015306122,5928.73691306123,5921.40629081633,5822.81402081633,5903.95497581633,5567.42142581633,5643.88427867347,5701.76404714286,5683.08739571428,6034.67638571429,6024.16530295918,5799.41555234694,5983.4732882653,5807.87921102041,5895.48144081633,5948.14781469388,6056.07058469388,6084.49954714285,6128.93569714286,6116.09514714285,6166.65645214285,6092.81593428571,6079.23292204081,5958.63065204082,6093.00582520408,6003.79286357143,6108.70545897959,5987.92922897959,5986.45980897959,6122.66732887755,6160.86143163265,6313.79366244898,6236.36072928571,6083.5721010102,6102.8773255102,6054.40031683673,6169.40299153061,6360.86013367347,6270.36314387755,6324.09222602041,6255.01116010204,6139.43931581633,6119.21293834694,6159.89205487755,6210.5914122449,6273.1572027551,6327.9277127551,6353.23968867347,6303.6744422449,6378.83905438775,6381.00508877551,6333.67876734694,6281.30774163265,6219.94944897959,6076.58562857143,6118.76774857143,6193.14174857143,6209.79766173469,6144.20841714286,6141.89183367347,6048.09810867347,6046.71017704082,6142.81029377551,6113.95929785714,5823.02696561224,5814.20533897959,6065.68979816327,5831.45770428571,6026.59904183673,6115.42637040816,6147.2372627551,6121.1662722449,5996.24616020408,6073.63518142857,6128.89913785714,5954.65207785714,5976.54517438776,5985.89065908163,5862.68888908163,6007.14560612245,6061.30588112245,5907.04852142857,5880.21493673469,5878.19516734694,5859.31671173469,5964.94750357143,6068.54266571429,5991.68452714286,6166.90955204082,6145.48381530612,6247.71830540816,6210.26975112245,6186.70084397959,6089.05016122449,6147.05528836735,6211.66221122449,6201.04828979592,6180.40935479592,6136.09635255102,6140.06623673469,6283.83806877551,6301.41165591837,6188.07738061224,6255.09060183674,6121.04322408163,6175.00757010204,6069.47342346939,6031.73324122449,6267.39268979592,6472.97517591837,6380.45530091837,6459.96437642857,6264.46373244898,5931.70346663265,5905.271155,5829.05575510204,5660.16590806122,5615.60452520408,5855.96877857143,5768.67115581633,5676.45383132653,5905.16048571428,5743.37979836735,5824.6506855102,5705.76024030612,5724.34880663266,5892.30698653061,6150.43817653061,5950.83876326531,6162.16130714286,6202.54483408163,6194.93640918367,6258.09159663265,6294.04229836735,6526.43682295918,6318.41353826531,6333.03802183674,6311.12649265306,6164.55662142857,6122.87413071429,6074.06615234694,6123.01735265306,5961.52944918367,5922.79144408163,6016.87544408163,6146.73485714285,6105.81580928571,6115.83015112245,6113.10678816326,6017.85096612245,5965.12101612245,6203.28643938776,6350.7961755102,6293.81352204082,6187.25736959184,6302.28981959184,6242.78055438776,6336.97416918367,6298.53046163265,6351.3545244898,6221.25312744898,6195.76045428572,6315.45552040816,6184.89497683673,6391.65109183673,6366.72962857143,6211.83684591837,6130.58219659184,6146.93364591837,6180.34067061224,6157.61176846939,6030.68582255102,6028.72535938775,6021.07251102041,5915.6204505102,5899.78470755102,5960.55851928571,6102.36233928571,6130.44214173469,6010.31734173469,6114.02380959184,6111.16144867347,6162.18393367347,6137.59199561224,6010.89843061224,5934.96603061224,5839.72312142857,5932.59277142857,5956.38057142857,6092.94093061224,5989.63903061225,5968.45768061224,6031.56158714286,6093.68521836735,6040.37120663265,6059.80989183673,5984.9076,6017.90297857143,6084.51744387755,6006.07270102041,5932.52492244898,5844.34266744898,5909.32096530612,6053.51776530612,5972.16477020408,5949.04663602041,5933.65065673469,5806.3245927551,5799.36495479592,5841.22755540816,5935.66701061225,5835.53039561224,5884.74127581633,5999.73317265306,6034.18698163265,6125.29664989796,6139.33763489796,6023.1438322449,6004.6540272449,5972.16830510204,6057.4394422449,6042.26778877551,6042.16408265306,6157.86646612245,6113.15485489796,6067.43509948979,6101.48833489796,5979.47765204082,6285.03544979592,6322.11320834694,6440.47795795918,6343.21695795918,6191.44384379592,6415.43217132653,6353.40103132653,6360.86433846939,6217.55021571429,6410.66909346939,6358.02701112245,6160.53289897959,6237.46762142857,6213.62047285714,6279.62593234694,6225.59260326531,6096.21991653061,6123.15179306122,6088.1062177551,6098.5428544898,5948.28155448979,5989.34535163265,5990.71913408163,6083.76178520408,5965.91296520408,6004.68285591837,5925.36757663265,6020.44070663265,5876.06434061224,5897.20148438776,6027.74023551021,6009.1566434898,5992.46258704082,5934.41096255102,5847.84086561224,5849.26906173469,5955.2958622449,5901.05547591837,5861.68167673469,6003.0171077551,5911.04029357143,6005.19635061225,5839.56366438776,5987.04744938775,5952.9876632653,5998.49238591837,6023.53740918367,6240.07000571429,6137.43777530612,6103.24720265306,6206.32302479592,5968.63916306123,5997.02929897959,5870.19817163265,5984.57606530612,6233.54824285714,6113.25661428571,6015.14836959184,6118.48647653061,6167.90238642857,6281.36677122449,6421.41286285714,6194.89788530612,6121.18363438775,5995.99493336735,6124.0408132653,5913.55384704081,5826.98111428571,5811.80857265306,5889.82358795918,5767.07053163265,5811.0201772449,5784.49084612245,5686.23529785714,5668.63014040816,5756.79791836735,5796.09964183673,5855.28056122449,5744.55789081633,5728.46940081633,5883.38245061224,5810.81581428571,5619.10537897959,5658.29752142857,5959.55899673469,6291.38474132653,6150.49752857143,5938.45438693877,5871.33045336735,5958.24058040816,5926.1916755102,5553.60439010204,6018.86862704082,6044.59494377551,6083.20907102041,6001.73822744898,5890.46771744898,5868.98826326531,5960.01033693878,6055.85340581633,6197.40662755102,6210.11060153061,6085.06531234694,6114.5084955102,6043.75978489796,6109.10499571429,6085.41058071429,6183.37948571429,6109.80098979592,6110.26368979592,6228.1493377551,6108.92055540816,6069.16555540816,6039.49332040816,6104.0518122449,6221.58979183673,6199.53023204082,6172.19775204082,6015.30736010204,5936.77695,5856.98823969388,5805.14798469388,5874.14331367347,6150.69142877551,6156.07765377551,6061.38621867347,6060.20212857143,5965.71024857143,6009.63966367347,6010.44845836735,5724.63829602041,5728.52745102041,5761.35057571429,5667.700255,5723.34371469388,5807.62795434694,5872.09182346939,6109.2829657449,6017.31959591837,5862.56254010204,5895.25775510204,5966.28698438776,5933.84626785714,5913.13821938776,6009.94171122449,5839.20998673469,5883.85756632653,5936.88431357143,5783.17747293878,5744.67068473469,5891.95748938776,5833.77769938776,5814.62273163265,5673.03109738776,5715.26229204082,5722.74359204082,5811.87564204082,5839.06128165306,5932.37979938776,5829.97901632653,5830.77438857143,5962.57695857143,6042.88850357143,6121.64268163265,6140.21817510204,6044.90506673469,6115.49708040816,6032.34779469388,5984.8490344898,6006.93246336735,5816.56569591837,5823.79899591837,5759.99790071428,5663.64521887755,5708.92279785714,5824.49310020408,5959.78786142857,5771.59269704082,5800.71183704082,5717.44038040816,5741.55201551021,5793.2799777551,5831.27909663265,5767.34592826531,5602.49407551021,5915.22945102041,5750.9818155102,5823.55159183674,5715.76592183673,5578.21690846939,5740.97301612245,5559.10985306123,5636.89014785714,5653.56509530612,5692.74621142857,5712.90870387755,5648.81691785714,5653.17176979592,5718.56256734694,5685.80181734694,5572.14298244898,5503.03843142857,5536.68222979592,5414.36348122449,5389.10734397959,5433.87465897959,5595.60357705102,5421.26809979592,5434.61334479592,5657.02835642857,5805.56383367347,5695.78390510204,5760.98727346939,5796.98589307143,5743.58600408163,5875.54792061224,5842.04124918367,5818.19238469388,5781.02146836735,5853.75725785714,5938.82921183673,6108.28588040816,6223.27138877551,6203.64076857143,6345.45109510204,6373.64348346939,6280.3920255102,6164.71106020408,5943.64700785714,6015.71112816326,6020.26500010204,6051.6907177551,6050.57224387755,6148.87949887755,6037.89367687755,5991.54279387755,5938.66799163265,5547.00045663265,5807.66274040816,6009.0106322449,6075.71494795918,5873.34825755102,5945.76537785714,5912.53467316327,5914.33638265306,6015.84685704082,6006.64671204082,6187.59033877551,5959.28575816326,5925.51085693878,5872.10218163265,5981.47782755102,5890.42382255102,6084.67148255102,5967.39633377551,6000.17016897959,5955.94102704082,5808.18317255102,5902.07899816327,5943.18530061224,5858.00004244898,5956.44075540816,6178.90900948979,6260.0540055102,6339.62111489796,6342.75868806122,6183.93846877551,6169.81802377551,6170.41528877551,6236.94530897959,6133.28033726531,6151.16705326531,6144.24715520408,6078.64688265306,6159.79018,6121.65433193878,5976.49146336735,6385.20520102041,6399.16495122449,6506.16472153061,6299.15786959184,6359.07644540816,6276.16039612245,6359.06614163265,6236.71846,6233.12931,6537.04401938775,6346.21557938776,6332.92060373469,6253.39812373469,6329.25255373469,6446.80779797959,6459.91963571428,6460.09275336735,6456.03627591837,6220.08049532653,6352.41221081632,6301.80055510204,6243.39928173469,6296.56654540816,6336.90671602041,6402.24531673469,6375.82118367347,6336.47090836735,6219.85642285714,6322.73548387755,6110.40572591837,6203.16708846939,6106.17347214286,6034.49986714286,6129.21613255102,6021.66579081633,6209.51600367347,6176.49805897959,6242.29341367347,6296.63341367347,6228.76331367347,6190.74201367347,6395.66436367347,6279.32667857143,6440.09928061224,6431.53319571429,6548.89972571429,6305.12665571428,6395.52213877551,6419.09332418367,6447.87051714286,6290.72869244898,6167.47247653061,6146.0724722449,6117.73941204082,6403.53867897959,6379.9615227551,6396.49094182653,6482.20854284694,6335.60527182653,6280.99865286735,6261.74407888775,6369.20769235714,6424.56253623469,6191.03289388776,6176.7746,6119.01319561224,6152.39794989796,6248.22624795918,6190.4529377551,6273.50120122449,6308.88499387755,6177.26648693878,6115.09953673469,6007.29486122449,5948.22433673469,6003.9246255102,6199.76118030612,6141.37890816326,6315.14779897959,6303.90207142857,6279.39554142857,6411.85684489796,6413.20572489796,6512.55334877551,6497.00015316327,6311.52793816327,6160.4195077551,6245.21888367347,6286.34603163265,6127.46036704082,6097.50641112245,6033.11394142857,6197.36214357143,6243.01391591837,6086.30063244898,6016.76423448979,5923.19562643877,5818.68325368367,5751.25028408163,5851.17760755102,5851.26288591837,5716.97601795918,5770.29264153061,5706.20044397959,5698.69103622449,5724.17107989796,5947.66147918367,6112.08247469388,6225.59630642857,5835.73642642857,5903.21284448979,5839.31348469388,5802.41330122449,5877.96304673469,6093.73483357143,6168.88391744898,6129.06299960204,6199.0207505102,6165.30631030612,6247.45326530612,6169.96970408163,6087.59500408163,6197.33668571428,6101.58513,6167.15350632653,6450.62445081633,6506.81955897959,6656.36767397959,6561.59133173469,6515.51959938776,6513.00801438776,6531.65482132653,6419.56710030612,6356.23471448979,6298.72642530612,6218.59538673469,6197.99228673469,6190.76376854082,6243.32176938776,6070.2651627551,6141.47033163265,6170.71685612245,6183.06828061224,6238.86828061225,6309.03476061225,6293.3783494898,6338.67573040816,6320.23730612245,6248.28159755102,6273.41248979592,6222.27576367347,6275.78988367347,6084.16533367347,5947.7688,5976.58695612245,6117.38522153061,5991.99842153061,5804.93561612245,5819.52837857143,5830.29494897959,5830.62676397959,5859.43108846939,5835.90383305102,5760.74314662245,5775.54979662245,5831.76868662245,5981.90020662245,5786.86633928572,5772.79923336735,5724.56843346939,5698.86608346939,5660.79368132653,5902.04676704082,5814.25279479592,5877.09146683673,5928.27956357143,6025.10805418367,6086.01077806122,5954.1832122449,6002.27415397959,5970.78002040816,6093.86211346939,5863.39890183673,5890.83027234694,5889.88946969388,5956.82834489796,5691.13279367347,5900.66617673469,5706.50665520408,5664.37917193878,5719.29199489796,5781.99814489796,5763.30950438775,5751.60039938775,5965.45808989796,6023.01048244898,6208.51182244898,6338.37312193877,6110.6692122449,6099.28220306122,6191.24444693878,6168.63315612245,6165.50985612245,6119.57060112245,6172.59027112245,6312.29180612245,6354.41820204082,6327.53806704082,6211.91818959184,6243.82240867347,6373.72264158163,6220.65791428572,5975.82135102041,6010.42765408163,5799.11201734694,5862.46657142857,5663.76326959184,5988.69655714286,6212.57751622449,6256.72536510204,6139.68974010204,6139.50540510204,6207.92455653061,5912.67157469388,5933.21522673469,5743.20356397959,5984.58087928572,5838.19806510204,5992.27253642857,6015.44673061224,5897.30947510204,5945.11452755102,6024.32809285714,5848.57448091836,5837.50439897959,5969.15864897959,5938.95090163265,6227.33509663265,6252.80393163265,6038.26461785714,6051.21144214286,5697.3723477551,5991.35942112245,5986.63428744898,5989.12014938776,5887.82094836735,5986.04725816326,5996.14965204082,5994.40609795918,6052.06748969388,6054.35942091837,6099.10109438776,6167.02848622449,5928.66751428571,6012.92187612245,6075.49429285714,6214.831465,6154.18091959184,6160.32168693878,6101.68005693877,5884.4131172449,5801.16510734694,5846.91420544898,5948.34790612245,5960.42978112245,5953.16071755102,6146.72812989796,6241.81582857143,6172.24172969388,6206.15939469388,6096.99017969388,6024.09256469388,5967.05771469388,5953.81171469388,5881.68493438775,5830.60819438776,5788.38019938776,5851.78176438776,5784.80030132653,5979.68060591837,5942.60529020408,5998.70700910204,6252.99466910204,6227.74351632653,5905.81618459184,6171.49839877551,6301.69494877551,6205.62902867347,6301.85160632653,6127.2549444898,6082.59806622449,6105.81311163265,5929.01796888776,5843.41868654082,5920.4856972551,5944.28122510204,6047.55377336735,5991.27381836735,6089.61640306122,5947.00847551021,5819.44479244898,6050.23213989796,5911.48761255102,5815.02943,5920.88094683673,5946.41753683673,5784.80941632653,5792.84709183673,5857.73517408163,5796.73378265306,5790.38053367347,5831.6493322449,5851.49555306122,5901.18155795918,5853.94199673469,5877.56374173469,5893.22068357143,5917.37434969388,6164.82483846939,6164.73231336735,6257.18794836735,6252.58880377551,6302.17404091837,6370.63104908163,6419.16105908163,6523.19888183673,6456.16214908163,6283.75031408163,6377.01781428571,6080.59871897959,6262.02234897959,5884.07935387755,5917.75099408163,5873.24959897959,5671.88242897959,5530.7950182653,5613.10075204082,5508.13643857143,5623.30279479592,5753.82606969388,5834.11447520408,5692.82305020408,5865.19416020408,5847.02401122449,5865.66521122449,5800.20942234694,5905.39674295918,5868.89364295918,5912.31091632653,5818.11772561224,5848.99665989796,5812.92745071429,5921.26323693877,5888.52282326531,5864.02787606122,5947.66824071429,5857.42110734694,5952.64791897959,5766.17527571429,6056.7796655102,5960.74115632653,5903.56670482653,5871.2060717653,5858.01499285714,6004.11421132653,5806.50752091837,5867.7670895102,5899.04418010204,5919.45848510204,5940.04251265306,5975.94295836735,5954.19174428572,5864.09271536735,5807.56618714286,5675.31932979592,5686.57795081633,5721.76171581633,5899.72172183673,5894.31879673469,5948.24881734694,5797.59740510204,5898.05312530612,5887.36617653061,6074.63595653061,6015.26567387755,6044.29777887755,6120.41292887755,6134.08535102041,6182.1687122449,6231.8633244898,6318.8169255102,6340.34794489796,6085.73052826531,5894.53513846939,6001.24598673469,5948.72199214286,6264.86060612245,6306.22510132653,6244.62750316326,6221.68230316326,6167.35547530612,6190.23746285714,6229.4446722449,5904.01042489796,6044.64061183673,5932.99487867347,5871.9602394898,5993.57356448979,5775.23681998979,5883.35479805102,5778.49670255102,5869.87487142857,5923.80517142857,5890.54942142857,5863.35790561224,6137.16106040816,6182.40172367347,6208.30241397959,6147.26023397959,6289.11998642857,6067.5224305102,6169.76449540816,6140.57030510204,5998.07298693878,6051.71324193878,6143.31270693877,6167.36078193878,6127.17311969388,6071.83557869387,6140.86668469388,5978.68581632653,6043.90733510204,6048.12242857143,6042.31118979592,6004.56222408163,6161.98472173469,6060.33618673469,6095.7945967347,5917.31782897959,6044.41633459184,5983.40954755102,5993.65676928571,6065.37647071428,6099.97681285714,6105.85772102041,6251.16612336735,6151.90737346939,6355.75551020408,6258.16982102041,6185.89727959184,6049.46533979592,6024.11225,5889.05681857143,5732.57948857143,5744.980925,5771.015675,5988.980975,5972.98940622449,5926.1791744898,5838.14373877551,5756.55663857143,5919.76319367347,5897.37447244898,5765.00871153061,5801.62934693877,5791.93198714286,5766.71140612245,5904.63724795918,5618.51428795918,5730.18448061225,5632.66847448979,5692.36060387755,5785.45141530612,5817.84310102041,5831.9513255102,5826.71420612245,5954.30609387755,5959.03516734694,6019.55068285714,5994.68450510204,6278.98012142857,6238.79930540816,6264.53145336735,6202.28492132653,5999.68563552041,6000.78361040816,5862.65154377551,5834.44799295918,5867.81172540816,5865.89268255102,5783.65062908163,5816.71445714285,5840.60292346939,5722.35371755102,5714.72816163265,5733.22395540816,5898.60416234694,5797.44067316326,5766.8316622449,5690.18118571429,5805.59004897959,5888.18489,5909.45052,5987.115315,6058.80085581632,6092.42341928571,6065.18528632653,6039.35603061224,5942.80547326531,6022.43267551021,6029.22563908163,6086.0312627551,6073.36762316326,6146.90903755102,6012.81272387755,5905.19628683673,5927.72590622449,5983.02258908163,5974.29139489796,6029.65122938776,5858.5591722449,5910.32534183673,5841.11601387755,5561.31596591837,5765.20391836735,6002.12525734694,5876.40476632653,5872.80708469388,5992.32976163265,6172.52792765306,6263.08334489796,6117.25195489796,6173.24566489796,6300.62142040816,6269.7615655102,6223.59466969388,6183.5647972449,6236.12692479592,6091.89374112245,5987.76278428571,5954.35580030612,5990.25763510204,6026.41382959184,6171.13819530612,6159.83787142857,6100.81414795918,6021.24144795918,6011.95476122449,5859.57410612245,5960.09330877551,6023.48620836735,5916.5653477551,5969.56337265306,5934.8638122449,5946.32493,6047.20069887755,5926.97857795918,6084.94282795918,6011.00247632653,6150.3920197551,6026.47768118367,6062.24596587755,6063.70780122449,6151.67753530612,6277.52338255102,6340.69753204082,6253.36472530612,6300.09211918367,6189.73103571428,6202.44307367347,6210.79630379592,6158.63519571429,6016.76877428571,6053.11662612245,5856.55224091837,5960.82910591837,5984.08571969388,6131.8804167551,6029.41819061224,6155.61515295918,5907.55261540816,5917.89864642857,5927.48679122449,6090.68973489796,6111.18582132653,6067.02121377551,5934.67723438775,5823.52041704082,5910.41899693877,5916.04997693878,5772.8749572449,5700.20063111734,5674.30867612245,5824.00242959184,5887.61583320408,5799.90874020408,5548.38630122449,5629.5841405102,5710.05673183673,5700.62377653061,5616.29437653061,5651.98891653061,5778.02090969388,5792.90284367347,6304.46652387755,6407.00730387755,6392.80867530612,6269.47261969388,6102.7622355102,6129.8778255102,6290.84649244898,6197.55852244898,6236.68673540816,6316.94390612245,6271.84718979592,6347.38495,6255.70712,6219.78577561224,5769.43527561224,5916.73701561224,6107.30395561224,6114.40243091837,6092.73178173469,6219.20500571428,6288.69600612245,6451.42019489796,6296.44180510204,6249.79041357143,6403.75057571429,6317.86431,6256.60290693877,6204.54585693877,6121.75615836735,5994.42627908163
597.551020408163,6464.92490714286,6263.18154591837,6272.55799081633,6255.40951020408,6219.77936020408,6147.56337336735,6118.80957336735,6295.52118765306,6075.73321010204,5996.85051520408,6090.04698846939,6086.62680846939,6060.54963846939,6097.89253642857,6136.96732959184,6054.6422455102,6054.3329255102,6058.16100836735,6103.90487336735,5974.37213392857,6148.76315418367,6084.92843163265,6055.00633306123,6180.81826306123,6360.67493,6346.19087877551,6444.97755204082,6402.56764489796,6408.00656089796,6434.72888744898,6506.98184285714,6445.51589214286,6517.12399061224,6636.87993561224,6707.25399673469,6587.22254173469,6503.01870091837,6516.16541734694,6488.75778163265,6466.90190530612,6502.7410455102,6399.3375455102,6445.1439455102,6155.3939255102,6363.1301805102,6368.40140551021,6404.35357755102,6288.00822867347,6022.09736734694,6013.64142071429,5857.03115255102,5950.96456581633,5935.66424081633,6013.23770183674,6177.35008163265,6151.02791938775,6219.29576938776,6354.45531122449,6290.57508061224,6168.80573877551,6126.72043163265,6084.63725367347,6254.03335204082,6138.35362204082,6153.27454204082,6055.35340816326,6125.68453938776,6370.981555,6099.69053989796,6125.1246194898,6101.54473061224,6223.30893741837,5929.85730091837,6038.5295672449,6379.05425,6434.5226055102,6359.53634,6406.74664,6129.44597683674,6118.10078408163,6225.53669408163,6170.35263448979,6264.49008755102,6353.60022255102,6285.73802642857,6377.43412142857,6645.8490077551,6617.9664077551,6089.05984142857,6209.55026591837,6309.14853265306,6233.16448122449,6147.13356540816,6336.71274926531,6522.90498081633,6226.30701632653,6225.39752346939,6570.15624081633,6585.79159887755,6594.50997959184,6622.30953316326,6610.94442816327,6461.96835408163,6603.63506122449,6444.48917755102,6483.45094214286,6320.06055214286,6561.96933469388,6415.29290122449,6442.97534387755,6461.95213183674,6484.34100734694,6475.70988734694,6561.75597265306,6544.00413265306,6501.50877265306,6427.1959,6382.04140163265,6354.86292132653,6415.84960295918,6466.98094081633,6426.54231020408,6391.91082857143,6330.81451795918,6398.40076632653,6481.4591955102,6392.59035877551,6405.89505877551,6450.96405877551,6575.56753877551,6511.10670795918,6333.67556897959,6301.27577346939,6260.44205163265,6218.92516734694,6329.12888938776,6286.67635036327,6337.31846385714,6394.97600857143,6274.01836836735,6377.77687040816,6340.53372244898,6415.12803061225,6311.62686428571,6258.00530510204,6181.52950612245,6384.9699077551,6236.0736677551,6198.4657177551,6284.69651163265,6102.28514163265,6283.72285963265,6256.76955306122,6326.58599591837,6260.28644622449,6216.39175122449,6139.75299122449,6228.90736734694,6302.04503908163,6248.04259163265,6267.24378653061,6251.82470336734,6161.47436969388,6246.04705969388,6240.5662727551,6371.29149346939,6321.07848163265,6257.97420102041,6291.58793428572,6351.47769379592,6354.22220479592,6360.70421122449,6493.68527622449,6394.55326836735,6429.657415,6511.29615357143,6526.8736072449,6188.22536408163,6146.98119642857,6310.59181326531,6369.15531193878,6298.69814285714,6304.27177377551,6265.41293316326,6339.15335959184,6423.37235377551,6301.64056459183,6454.1594282653,6466.88178020408,6414.95370510204,6247.99581785714,6266.84631234694,6335.32241979592,6269.24506326531,6342.79557846939,6483.33642295918,6504.75227469388,6416.50696918367,6456.19460714286,6420.89917714286,6326.68503183673,6330.3425927551,6169.09922244898,6196.0009722449,6458.8089372449,6272.66877785714,6263.45218673469,6146.04383571429,6165.66215795918,6161.52782244898,6155.54974183673,6042.46345,6050.95904591837,6043.68554683673,5981.87917214286,6012.70681122449,6033.33604795919,6062.16685295918,6038.23546418367,6149.45134785714,6129.04995714286,6189.90302071429,6318.28146510204,6376.43978755102,6407.90443255102,6375.82113405102,6304.98378405102,6338.24485547959,6372.43574897959,6404.65154897959,6293.03586326531,6451.85823571429,6218.0965494898,6378.20655908163,6412.42952755102,6300.91650408163,6371.54922306123,6202.91103816326,6145.98337285714,6080.31569387755,6172.53526091837,6060.12934183673,6291.25104183674,6223.73462244898,6172.6046877551,6363.72282612245,6292.62172918367,6413.67602897959,6099.69583234694,6203.95310173469,6050.39202346939,6220.28216020408,6058.04941020408,6027.13836326531,5999.16925306123,6066.43376530612,6128.84841938775,6023.05711061225,6124.31042346939,6102.89909806123,6107.61654806123,6346.09652459184,6126.696245,6073.3684925,6024.76362989796,6265.66387989796,6296.35464377551,6344.02365204082,6239.26769897959,6163.51746744898,6127.58851040816,6159.4421079898,6202.41641244898,6288.34257387755,6163.47255602041,6148.06494581633,6217.22342653061,6329.78368877551,6300.38276428571,6228.69681397959,6241.66813438776,6315.7855167347,6370.40372755102,6497.28097142857,6526.77482448979,6569.78999234694,6619.34403244898,6657.2692522449,6681.6876877551,6493.5947377551,6550.19398367347,6523.02441642857,6494.41583102041,6403.88715102041,6258.77753642857,6235.78841071429,6471.71833405102,6394.97228755102,6387.31944183673,6298.3759217347,6373.54398193877,6325.11009183673,6357.92926653061,6291.07879265306,6436.25131642857,6361.44488142857,6348.21138153061,6542.03619653061,6492.43108877551,6340.89194469388,6367.36953979592,6370.20116979592,6568.06011469388,6364.65368408163,6431.94247673469,6432.40413540816,6493.33693387755,6419.04443387755,6542.15797887755,6484.3525622449,6543.95334387755,6413.52605102041,6293.26876938776,6308.8218622449,6414.71771734694,6191.88838979592,5704.37795887755,5830.46580836735,5656.61537734694,5789.24690234694,5784.15723023469,5892.88832459184,5830.383625,6050.66689765306,6284.37531938776,6406.7597527551,6403.13323520408,6355.2509594898,6298.30756653061,6329.19805704082,6103.19269285714,6095.31156346939,6204.49553806122,6584.93978520408,6497.77463367347,6483.57872040816,6139.63063540816,6161.56892438776,6120.46414653061,6133.02789887755,6270.43883887755,6135.03685653061,6169.16113285714,6144.20062163265,6108.00687336735,6151.11841510204,6059.85825877551,6035.1133567347,5871.40322142857,5948.84564693877,6008.88852571429,5854.09021122449,6122.38213663265,5938.13575081633,5971.74403938776,6025.39358367347,6114.14422969388,6107.81371326531,6226.27532193877,6248.82415857143,6291.91473081633,6302.31472755102,6386.90724653061,6174.92649867347,6094.29574173469,6212.16754285714,6204.31678285714,6318.83897571429,6147.61414163265,6265.00809693878,6351.21458163265,6451.60004591837,6478.53985918367,6454.63479520408,6363.08702938776,6378.80297979592,6261.01510846939,6367.90043795918,6496.17645071429,6558.40400571428,6465.19174897959,6585.25565816326,6410.62242857143,6212.69751857143,6284.44178510204,6160.25588510204,6210.65090510204,6224.31020510204,6162.77168612245,6404.54790897959,6473.91079897959,6587.02489897959,6522.29524897959,6441.19461489796,6498.83369081633,6458.21541673469,6313.95124173469,6362.28596673469,6108.16617806122,6247.40099734694,6189.91558009694,6289.58391836735,6256.94547285714,6415.70899938776,6362.77644989796,6560.32981693878,6504.03090897959,6567.56249561224,6418.93821573469,6292.20696214286,6340.58192693878,6394.72534122449,6487.97268571429,6417.75159387755,6286.83925510204,6437.28164489796,6361.96623091837,6378.57049387755,6608.56415102041,6662.17833336735,6641.31314932653,6510.30099520408,6593.78406428572,6564.00787244898,6258.40637591837,6260.44845816326,6413.52393877551,6390.08462040816,6562.42797448979,6419.70878346939,6401.60643469388,6453.80146734694,6446.99769591837,6466.21250918367,6495.87065918367,6454.53322857143,6698.15878921429,6587.72572857143,6641.44004387755,6568.42362857143,6464.82028428571,6507.93467959184,6513.90302142857,6514.36180306122,6594.23290102041,6525.01595142857,6404.46818265306,6596.13705612245,6552.7079277551,6510.23439795918,6369.38434285714,6185.86346469388,6157.24166597041,6217.77038214286,6043.65599918367,5991.65725326531,6210.2228032653,6400.83084826531,6196.95607826531,6243.06610918367,6274.49618959184,6086.04994989796,6233.62421489796,5948.30964989796,5996.97117755102,6077.80218265306,6124.44428571429,6129.68143806122,6104.96794010204,6277.23105306122,6316.30103571429,6269.66167469387,6404.64509234694,6363.48925071429,6293.49222183674,6449.01033183673,6377.36589918367,6343.66332265306,6330.8042910204,6360.49346591837,6418.71835091837,6448.4650094898,6419.72207653061,6362.86254081633,6387.67020081633,6415.86753265306,6507.06196489796,6562.22337989796,6544.61801244898,6554.32786693878,6491.75344142857,6483.50371938776,6012.07144908163,5993.19652693878,5941.36938102041,6238.97753418367,6205.08775183673,6029.04090816327,5980.43704081633,6062.26453795918,5965.53127071429,6093.16209068367,6037.42974408163,6126.51136326531,6089.65296326531,6100.31482826531,6110.60584826531,5993.3109682653,6042.76381959184,5961.58329459184,5862.47046878571,5958.55070205102,5934.84910255102,5922.48385346939,6195.07264285714,6028.09493785714,6197.78579938776,6239.70190255102,6167.95309438776,6333.73929438776,6080.23279765306,6060.28958214286,5845.25583714286,5895.49220367347,6258.48866336735,6249.76011122449,6041.83644137755,6072.83059377551,6074.34755918367,6133.07722142857,5957.86218163265,6063.20509204082,6000.8377132653,6297.20130918367,6309.11129693878,6273.42100408163,6293.2006744898,6296.07794897959,6201.13645806123,6443.07060612245,6328.93470517347,6223.56333755102,6202.7645755102,6226.01113591837,6167.04329591837,5977.24719081633,6138.18945553061,6216.13394285714,6370.68188561224,6346.02756816326,6429.49245816326,6464.48136734694,6478.68236020408,6412.44250744898,6230.63651530612,6166.75566836735,6162.57221428571,6347.68702142857,6344.44697877551,6360.87705377551,6461.60039867347,6522.25978367347,6488.11682867347,6460.4248022449,6421.72324265306,6526.15584183673,6533.41722336735,6603.267605,6191.83825908163,6342.22147020408,6275.67875116633,6196.26843912245,5953.41988979592,6041.86680204082,6259.19674081633,6010.74584183674,6061.40164183674,6375.6403255102,6217.67879561224,6209.55789387755,6184.38300918367,6044.17941836735,6192.43824979592,6287.61401020408,6229.22734367347,6143.35736836735,6146.07142908163,6186.77200408163,6151.0126622449,5938.68469071429,5976.52720622449,6124.89081122449,6232.8673855102,6282.17873877551,6299.6723827551,6460.4432317347,6251.80419285714,6336.6056877551,6293.21210448979,6309.40289741837,6353.73465714286,6425.78830306123,6454.96254489796,6487.87368602041,6592.57559989796,6523.02388989796,6465.12769806122,6394.23304459184,6246.33424561224,6290.16828,6149.2667,6334.233815,6378.74051122449,6281.46161122449,6252.11306122449,6365.47887572449,6377.96456122449,6246.18561622449,6330.3346255102,6320.1215755102,6270.53281836735,6238.78051897959,6421.07233643877,6378.56577244898,6310.55921214286,6206.29155714286,6236.71215581633,6269.03889081633,6163.38916336735,6076.10961836735,6156.09772653061,6089.55962346939,6133.49182857143,6123.70635714286,6103.29089234694,5944.67179693878,6246.21719255102,6315.05788867347,6054.39275612245,6072.02638612245,6035.87439489796,6116.80977091837,6053.35667785714,6071.25195663265,5986.43627010204,6030.62403285714,6077.20246316326,6010.68845642857,6016.28610408163,6082.06126326531,5921.77969387755,6077.21397857143,6189.14809826531,6266.45542326531,6482.61460153061,6559.58518653061,6504.37410153061,6637.65963353061,6530.03569781633,6634.25846020408,6506.22326020408,6577.10451020408,6382.54324020408,6245.42763520408,6286.76249234694,6344.04034234694,6280.16063734694,6182.46003734694,6238.57843734694,6165.30538765306,6132.79760030612,6398.99637071429,6361.46553673469,6033.71039693877,6020.6093232653,6176.26274285714,6200.52354326531,6198.87367826531,6154.66929448979,6261.85073683673,6254.96782326531,6198.19059438776,6337.73231428571,6184.55359081633,5826.13996938776,5791.06578734694,5823.96215540816,5793.45978295918,5956.35505306122,5818.46640306122,5782.24056632653,5721.18483234694,6022.72456010204,6014.96143061224,5861.12494459184,6024.31201326531,5912.60786326531,5882.78925316326,5977.86426714286,5958.58028765306,6030.44563265306,6033.26311693877,6119.56103765306,6071.29662561224,5977.71257765306,5928.73000510204,5690.29313459184,6010.58927459184,5886.84156153061,5907.58864591837,5933.97259591837,5821.31807816326,5920.94513581633,6325.41677316327,6331.8369227551,6392.83049183673,6497.13119040816,6365.9444827551,6626.634745,6369.485995,6412.51168989796,6260.8715205102,6306.42238479592,6075.07961122449,6140.08437204082,6156.72056653061,6056.98126244898,6113.81177867347,6201.32467887755,6369.94781387755,6482.39627969388,6515.36612663266,6602.4174244898,6469.8069244898,6663.64769857143,6473.33053857143,6469.56571428571,6539.90305091837,6506.16029591837,6412.87150091837,6530.19125091837,6416.9606744898,6548.16293469388,6547.99934693878,6367.29233265306,6229.35281663265,6304.18021959184,6213.05237530612,6447.31851510204,6410.80520591837,6458.98933857143,6610.83989377551,6461.1818022449,6386.72670479592,6194.99770306122,6390.35846438775,6383.02190622449,6515.6240377551,6511.01076693877,6250.80460612245,6240.03718581632,6217.63198857143,6195.88934867347,6311.29671234694,6311.37719530612,6391.24307787755,6315.78646563265,6368.97410102041,6335.17060918367,6440.43998530612,6362.98962204081,6309.02724632653,6209.9118372449,6289.00239734694,6366.01053979592,6427.23921734694,6362.35996255102,6180.03058346939,6152.26327346939,6098.22437755102,6190.26329173469,6219.17067285714,6284.47335316326,6079.45344867347,6290.21557816327,6262.08938183673,6185.62437193878,6096.93405377551,6204.55535918367,6103.19920204082,6110.43676938775,6139.33872867347,6283.55921122449,6309.14273673469,6229.10983112245,6214.71115693877,6045.08653326531,6112.03092959184,6115.81245959184,6197.48322755102,6173.68719693877,6330.11161397959,6318.68341979592,6234.9562667347,6261.03177112245,6315.32469969388,6251.35565255102,6390.33912602041,6424.84782908163,6494.7389255102,6526.80890714286,6435.68304081633,6552.1228122449,6353.60759010204,6302.34174387755,6351.14465408163,6413.10014285714,6144.38786435714,6175.61745969388,5971.56605316326,6120.68518642857,5953.09663948979,6044.32479969388,6159.92943969388,6238.71484581633,6254.96326581632,6340.89972981633,6527.97712214286,6372.48858412245,6434.6555885102,6223.36000667347,6422.21577112245,6511.9749877551,6430.71485653061,6372.23611632653,6376.23883122449,6104.2363144898,5925.05793183673,6004.77336734694,5913.19456020408,5892.08743602041,6098.76534714286,6097.19040469388,6157.13966428571,6005.42364510204,5905.6589894898,6012.80088234694,6081.71672653061,6344.12245306122,6407.27995306122,6521.5201,6557.3053,6399.910735,6510.82446081632,6572.44894581633,6524.13852142857,6489.31748469388,6379.71398469388,6534.96120969388,6419.64441969388,6542.27480469388,6529.19573469388,6509.06794795918,6611.79441295918,6492.12901122449,6383.96423071429,6446.46462571429,6572.83283071429,6576.28978061225,6445.0164127551,6301.07390530612,6387.40259693877,6371.03531479592,6297.50115765306,6247.21801316327,6288.37467061224,6332.35629765306,6356.14315591837,6476.57479891836,6357.91639591837,6481.91377653061,6449.4533755102,6588.65722346939,6461.95909591837,6449.63834693878,6363.88908979592,6426.84813061224,6491.77519591837,6478.83858214286,6370.70759387755,6332.77351632653,6363.59400714286,6328.0199244898,6465.16522418367,6363.12627591837,6554.79983673469,6412.2546377551,6439.43208459184,6373.79202367347,6323.00141020408,6414.70593520408,6331.31413520408,6290.71406306122,6418.26309183673,6344.46167602041,6370.4478244898,6306.78168367347,6401.56216622449,6350.69093877551,6423.44945571428,6408.72797663265,6421.15382540816,6397.35665938775,6407.5568522449,6372.43919112245,6490.95826112245,6438.45494489796,6344.45045918367,6355.43407663265,6365.39056928571,6467.65671428571,6264.9956167347,6311.77000734694,6147.49211714286,6298.90792346939,6235.35967346939,6190.26563265306,6162.87457744898,6140.78108418368,6267.99298183674,6374.12488163265,6472.61290102041,6411.72093795918,6641.85466010204,6545.72137653061,6640.12582438775,6597.9890877551,6627.5939377551,6604.29863989796,6583.05050520408,6602.93546867347,6376.45826591837,6386.22055061225,6377.46869285714,6420.3830622449,6330.93110306122,6352.20612530612,6379.55618367347,6425.95525612245,6441.81883030612,6510.12101561224,6529.76904561225,6519.84237755102,6676.47456632653,6449.01627387755,6465.95718163265,6322.1031772449,6424.07334795918,6280.14780091837,6277.64142887755,6345.89891928572,6254.17487114286,6542.15261714286,6364.59898887755,6428.25754887755,6518.59084887755,6580.46239704082,6595.52785214286,6591.37148989796,6652.43459295919,6562.51302581633,6444.66190163265,6499.98718561224,6512.80081469388,6491.46925653061,6475.30208479592,6371.82006642857,6453.16223265306,6401.72196061225,6530.71255346939,6599.98837591837,6555.04897285714,6682.56352653061,6662.93075510204,6667.22851561225,6549.28471836735,6480.72989693878,6356.76361836735,6384.04865816327,6458.32887959184,6345.32802755102,6316.85754693878,6353.90210193878,6571.50846142857,6459.87389520408,6416.35696020408,6592.22905020408,6580.16546632653,6518.32508469388,6440.01615897959,6305.97740795919,6379.68991326531,6390.07399693878,6283.63466602041,6474.64165377551,6394.63303977551,6250.97116873469,6396.793401,6439.37446426531,6424.82575426531,6362.35115528571,6458.87927834694,6462.83676734694,6433.48247234694,6364.15431734694,6424.32660091837,6466.55148867347,6331.90204367347,6356.2215072449,6436.78295959184,6510.01732459183,6570.99256254082,6560.23408254082,6511.78835377551,6464.49854693877,6527.58813673469,6504.11917163265,6632.54953132653,6408.72238867347,6492.86060132653,6303.28779418367,6204.14023459184,6310.41809622449,6475.98561846939,6480.7295527551,6337.73680489796,6575.9232755102,6412.73731428572,6479.63026428572,6375.52770204082,6282.28391928572,6195.57414510204,6023.96610602041,5997.20412856123,6130.22974183674,6009.35252683674,6151.25160540816,6202.79086489796,6240.9653132653,6168.30800377551,6224.3233122449,6136.23212530612,6254.10094183673,6113.97827377551,6183.78018510204,6084.36754618367,6193.75618183673,6278.66969897959,6213.09411846939,6101.30432346939,6209.52165346939,6248.15764346939,6247.20966581633,6127.29021306123,6236.81486540816,6298.84490510204,6151.07129081633,6345.30564489796,6319.58404132653,6242.28789020408,6225.04783948979,6120.46890755102,6267.42650132653,6199.78055071429,6138.34257959183,6074.50828061224,5997.91703163265,5832.90790765306,6273.47928265306,6090.49853265306,6390.46855306122,6625.48720306122,6548.99095306122,6675.05485306122,6613.71555306122,6413.58570397959,6218.10898255102,6352.03733755102,6344.47650948979,6309.4359244898,6302.49854081633,6556.77539081633,6521.56111836735,6648.61669836735,6647.12808336735,6633.17606265306,6348.73073265306,6506.07287765306,6462.47033061225,6418.06857346939,6419.96663134694,6440.39231918367,6562.94986357143,6389.61245214286,6422.84471642857,6312.45643051021,6323.23061520408,6277.53949040816,6547.94778489796,6363.06956846939,6320.22944713265,6386.66402683674,6251.85661183673,6113.93828438776,6223.96219255102,6347.06052316327,6318.76119530612,6151.85887877551,6121.36142551021,6113.10480163265,6280.83189163265,6288.81954959184,6303.23764255102,6250.6280894898,6211.91327663265,6282.5396877551,6248.71154081633,6365.61535408163,6212.95830408163,6148.27806408163,6006.10735408163,6141.87492208163,6255.72472071429,6341.02929071428,6167.41348877551,6369.05799867347,6215.30073408163,6208.57736510204,6043.30861438775,6163.98313438776,5977.02485408163,6085.54501489796,6091.57587816327,5773.54087459184,5852.88130612245,5752.20318571428,5754.99000510204,5850.16707479592,5685.39928795918,5742.86783989796,5805.28806826531,5915.32342959184,6007.23301530612,6102.77300846939,6043.85282173469,6021.69863826531,6109.89837071429,6016.79231357143,6128.72906387755,6136.88408020408,5841.78554795918,5847.83796561224,5950.89134908163,6110.64621367347,6090.14283979592,6243.56230102041,6195.43935918367,6305.09226428571,6273.75181091837,6231.25114183673,6382.72579183673,6277.99861734694,6260.12062010204,6196.48672010204,6410.9512472449,6305.72216081633,6435.75285867347,6496.46522642857,6228.43337142857,6274.67258091837,6127.17917581633,6096.06341122449,6011.19947653061,6121.45885306122,6174.0788622449,6166.1707122449,6121.4224122449,6194.4593172449,6090.3744972449,6252.8678922449,6289.44426979592,6363.65749806122,6332.86978806122,6550.14454469388,6084.14447663265,6192.17104663265,6284.5335444898,6044.69132836735,6300.74078897959,6102.00854653061,6146.07555744898,5960.31785306123,6153.12351193878,6148.16409255102,6167.24033107143,6278.07149887755,6535.91428693877,6457.29562418367,6440.18798673469,6353.46516530612,6343.23191979592,6462.15734612245,6509.54032061224,6396.02161836735,6325.06191836735,6315.34834591837,6284.8056994898,6400.76696959184,6141.57350183673,6034.49015581633,6021.09696489796,5885.09709510204,5961.87059591837,5905.24017479592,5747.73126479592,5795.02001938776,5784.2735,5785.379235,5712.90174693878,5924.27274693878,6026.37894693878,5906.90244693878,5919.51793693878,5971.25994693878,6162.01347591837,6254.67370204082,6233.27471020408,6092.4979755102,6071.4937755102,6427.31830081633,6470.02519357143,6263.28648657143,6352.8723522449,6424.9977455102,6396.4274622449,6433.95284132653,6335.46965510204,6465.40774010204,6369.22161734694,6315.74618173469,6440.99621846939,6477.11416295918,6450.4151094898,6481.34073040816,6412.16732173469,6419.37732173469,6370.37299918367,6477.27909918367,6541.35021867347,6441.58492387755,6349.71099132653,6436.72032989796,6392.18877989796,6173.79041734694,6304.9905744898,6301.82933377551,6379.94785520408,6408.81112459184,6446.94894397959,6550.09776428571,6334.75439357143,6260.9593994898,6220.29443061224,6040.14967755102,6259.63916448979,6133.64084622449,6181.15703061225,6141.45958061224,5992.93221877551,6251.40922020408,6504.98318520408,6397.89916,6445.70057357143,6309.04838285714,6317.83132438775,6471.83458520408,6589.20865142857,6397.58363061225,6494.89521734694,6523.3258055102,6483.13326326531,6581.68697438776,6583.50303285714,6339.39010857143,6467.16578877551,6272.35183877551,6374.33446836735,6462.05304377551,6500.02383163265,6346.1039622449,6316.07213469388,6490.78588785714,6499.02951285714,6447.73666846939,6379.46907928571,6492.84685612245,6496.34091959184,6508.01732132653,6344.39725367347,6406.47380867347,6412.4798127551,6239.93901704082,6119.12538020408,6218.24618663265,6263.61390163265,6116.36902755102,6151.14887663265,6270.8051694898,6266.55721428571,6317.70376563265,6388.45054897959,6251.97276948979,6464.23254989796,6427.27339489796,6389.54572142857,6367.97637081633,6593.86672387755,6500.15059897959,6489.98465540816,6458.97668163265,6498.25725510204,6524.64636010204,6480.19060612245,6491.89293469388,6516.55425714286,6401.75283438775,6297.94881122449,6321.78251326531,6425.50133918367,6478.98106367347,6441.33516163266,6355.20218816327,6341.23294316326,6432.05386642857,6451.12680959184,6429.71187459184,6294.87650785714,6330.77429397959,6355.51908765306,6186.23279683673,6218.08409183673,6225.94191938775,6309.08770816327,6614.79645979592,6546.31623020408,6390.21205061224,6151.84006530612,6222.96924,6071.10394183673,5992.94958469388,6066.18474897959,6008.97734183673,6105.08434102041,6005.29191418367,5844.73759193878,6077.85871132653,6234.06821632653,6216.08115153061,6031.24475510204,6095.82599479592,5952.08098989796,6084.57955244898,6042.46140244898,6054.65767030612,6199.96715030612,5956.32533857143,6073.77716183673,6011.83851765306,5976.59344408163,6348.19552755102,6583.38142173469,6509.45309183673,6293.16502816326,6470.55450744898,6410.03732244898,6317.15852489796,6320.35048683673,6353.52647010204,6310.3671622449,6289.20791091837,6219.33935510204,6301.09460204082,6216.8953922449,6251.02782857143,6299.4871722449,6364.33182632653,6441.25675408163,6380.51973132653,6513.93580632653,6494.16186836735,6404.76391326531,6434.53124285714,6424.45515387755,6519.09660387755,6507.28212755102,6519.04197755102,6607.15367755102,6767.88998755102,6674.29479387755,6581.26835510204,6584.05146316327,6522.28393418367,6506.04742632653,6593.70214632653,6546.04351632653,6584.91944765306,6539.18814081633,6284.20048734694,6204.39094153061,6362.20151734694,6460.34696061224,6300.89879030612,6485.55915306123,6522.68954081633,6469.99825112245,6545.55349795918,6566.0604017347,6535.16408897959,6540.95956397959,6553.32535469388,6420.62953040816,6449.5077722449,6426.6832867347,6303.38177295918,6264.86704591837,6354.23276581633,6406.95477071429,6463.39424397959,6508.61189642857,6452.59385418367,6445.38202897959,6591.33684897959,6563.43669183674,6605.3079,6494.69314734694,6506.86779897959,6546.23655459184,6490.77093530612,6490.47991530612,6619.8204777551,6495.89441683674,6580.39057183673,6469.43059530612,6333.55927653061,6446.87557653061,6382.53830755102,6283.98569816326,6327.52299795918,6399.97246122449,6516.33038744898,6508.1568644898,6419.9404377551,6169.18056306123,6149.44202510204,6229.93914489796,6086.69375265306,6162.36017663265,6119.80299030612,6194.03746530612,6344.71691530612,6334.2124927551,6443.5780987551,6372.70146357143,6427.92037857143,6559.50032244898,6460.31849088775,6564.33629088776,6302.10284088775,6340.68781755102,6321.88682306123,6222.05731857143,6190.58272551021,6128.4705877551,6326.99176428571,6399.26901326531,6470.76681326531,6147.88746326531,6301.25354346939,6210.08580265306,6018.79911234694,6119.47404510204,6220.67663469388,6237.98963469388,6365.11255976531,6323.86455326531,6368.35621122449,6227.67494622449,6174.35982632653,6210.74375132653,6367.12923163265,6267.93204285714,6329.70888285714,6453.69904969388,6458.29965469388,6564.99688571428,6409.51743571429,6506.11923571429,6554.34183979592,6488.67762540816,6604.89759040816,6382.37067040816,6303.90847540816,6314.97613040816,6444.93932408163,6470.19838308163,6377.62592193877,6285.83897693877,6503.51250222449,6445.00506897959,6517.55216867347,6558.94007408163,6516.96058408163,6457.05810071429,6358.84740683674,6455.88623183673,6541.51676306122,6411.97323367347,6404.36972653061,6342.57900632653,6524.70216132653,6446.37101632653,6328.77030132653,6451.19720530612,6305.42954214286,6430.07834693878,6227.92139693877,6489.41326428571,6145.38604897959,5979.97014897959,6077.54175397959,6151.50046734694,6162.88931632653,6188.59322734694,6094.25656734694,6058.19743683673,6210.66435704082,6132.60947979592,6297.82594897959,6188.04572173469,6245.32850030612,6405.73312142857,6441.79056693878,6222.71862265306,6083.74890102041,6246.62511938776,6270.91687959184,6319.0006755102,6464.77209091837,6280.43556612245,6386.94363571428,6484.73459387755,6401.29380438775,6496.76986438775,6468.12857438776,6294.7455192449,6302.49042040816,6324.14187540816,6540.68787540817,6365.95610765306,6331.41357285714,6245.02037285714,6243.60334204082,6410.00380204082,6511.44331204082,6533.60046204082,6425.21061204082,6498.88241612245,6339.59485112245,6235.78605612245,6404.89552112245,6215.46006673469,6043.53352623469,5988.87555959184,6163.99328367347,6182.54186642857,6144.56566877551,6215.48037959184,6241.58812122449,6222.29817571429,6239.23579081633,6195.65621122449,6387.63297622449,6383.50986806122,6474.22858153061,6504.37648765306,6433.03785204082,6251.70947142857,6392.45273979592,6505.49834591837,6492.20935836735,6247.30220836734,6412.23564496939,6262.84098405102,6259.35288680612,6321.28538303061,6237.78308170408,6087.68220520408,6086.11873693878,5958.37864193877,5899.14736,6067.95726408163,6087.38790408163,6386.86708408163,6542.5048405102,6553.14477857143,6545.24743663265,6544.53496469388,6427.3204,6348.91158163265,6261.84441428571,6310.87183428571,6120.14756061224,6128.08346571429,6368.55180846939,6476.68273418367,6379.47037091837,6390.75269591837,6404.48193061224,6307.62224642857,6322.02990204082,6248.59365204082,6298.9250772449,6354.0387027551,6278.44948581633,6435.93910081633,6478.92970204082,6403.18422173469,6448.14198173469,6487.90978173469,6430.48722040816,6477.77393673469,6397.72768163265,6489.52183367347,6487.1847755102,6537.2991744898,6647.2782677551,6551.35651418367,6546.68826632653,6578.88210204082,6491.51933,6488.2247505102,6488.92733979592,6461.88121846939,6550.33692316327,6413.40185306122,6466.98029704082,6493.31474295918,6512.78897295918,6363.18067071429,6362.12852785714,6190.50756030612,6091.64998040816,6184.47190306122,6139.08793979592,6451.22030163265,6426.31512346939,6439.85617346939,6466.24280846939,6404.97622346939,6342.87388877551,6426.31861989796,6633.17023979592,6409.20862091837,6542.16170826531,6486.34237755102,6419.84019081633,6315.26714632653,6481.29397061224,6331.08695989796,6427.50849418367,6606.20332020408,6582.54541020408,6457.53196020408,6403.11311102041,6470.56595102041,6516.93463153061,6412.09704081633,6407.45367540816,6513.26733877551,6542.71722755102,6503.51225102041,6457.65329897959,6471.91082989796,6400.32052581633,6404.93851765306,6417.38871938775,6351.94192061225,6340.3548767347,6448.88361357143,6252.71200642857,6221.40533622449,6185.99576285714,6136.14634285714,6091.67381540816,6164.07933,6244.36165489796,6115.93849489796,6157.9974122449,6169.11047755102,6269.44326520408,6083.05058161224,6075.03246336735,6084.82182857143,6188.95118969388,6147.47006326531,6069.36559591837,6149.31594795918,6243.86532040816,6175.63422040816,6172.99407653061,5990.10579346939,6132.93919897959,6137.68272857143,6121.13259183673,5981.0878172449,6129.14874214286,6122.40609520408,6009.27462704082,5973.19809336735,6151.94517673469,6085.18908061224,6103.97581479592,6173.92521867347,6229.22021010204,6219.22118484694,6262.54278040817,6384.80245040816,6517.33405040816,6599.21776102041,6500.96107959184,6424.86013653061,6574.27624897959,6655.2674782653,6498.41363571428,6475.03703571428,6172.87731520408,6182.53038673469,6150.63858673469,6256.88901918367,6149.68371581633,6439.73192908163,6258.71301826531,6359.57659714286,6284.61918183673,6460.82946326531,6380.14232255102,6468.84852938775,6426.16111214286,6470.92447826531,6423.31359826531,6456.94898565306,6330.64904295918,6479.22629295918,6392.57064102041,6381.82343091837,6500.4706605102,6605.61263379592,6565.81300479592,6495.65494479592,6580.48243571429,6567.86672061224,6641.58925632653,6492.34701653061,6641.39802040816,6507.80994806122,6675.53019591837,6642.93877142857,6581.41390204082,6512.94585714286,6435.77114755102,6493.71846387755,6443.67420816326,6430.87311326531,6547.96337714286,6416.93069897959,6301.91574438775,6417.05754438775,6419.70456438776,6466.78257938775,6362.06205295918,6347.55071683673,6329.49683316326,6455.60127244898,6593.60292878572,6590.14960204082,6540.41872142857,6334.9417755102,6262.46679285714,6329.85692887755,6350.47704418367,6114.01595408163,6276.08422520408,6286.23800204082,6313.86987857143,6383.68087857143,6402.07772857143,6417.36097857143,6451.84535530612,6599.20805530612,6521.42743346939,6492.97129061224,6521.94037030612,6621.60715081633,6495.27555408163,6502.73595408164,6593.83900081633,6472.74310387755,6454.79303581633,6433.50853408163,6644.79555887755,6627.20552887755,6594.50988836735,6567.22590071428,6629.36985714286,6550.87010408163,6405.75077867347,6445.96778683674,6477.85294428571,6508.71064428571,6472.76513989796,6335.49130969388,6531.2794122449,6573.72272642857,6377.69322336735,6546.11847336735,6626.33015806122,6544.03343163265,6438.62453959184,6534.6688627551,6319.68303412245,6529.08211244898,6390.0269472449,6335.5794972449,6549.77459040816,6498.74889540816,6540.86914795918,6561.7182622449,6533.41482040816,6278.46624040816,6241.88348061224,6118.74330306122,6126.30147306122,6049.19962806122,6172.71169806122,6314.81095867347,6279.05090306123,6309.90131428571,6318.21057836735,6340.97933704082,6244.52463367347,6009.41249448979,5995.6318444898,6068.9167805102,6244.37379693878,6271.46550816327,6407.69685265306,6417.4445732653,6477.77667314286,6433.79999163266,6442.03246581633,6360.15480081632,6320.59874081633,6261.61560306122,6550.27266122449,6515.15303571428,6432.37000367347,6480.36550061225,6655.07399653061,6666.98092071429,6575.78726204082,6542.25563877551,6598.94711867347,6365.66785306122,6357.86450234694,6423.01496836735,6459.98423969388,6390.74789295918,6363.27382336735,6119.21516122449,6054.33216857143,6229.18536846939,6403.30481071428,6442.48187204082,6377.47950204082,6276.68730204082,6401.43685520408,6430.10022244898,6178.45959387755,6219.255395,6176.43000680612,6357.02423030612,6223.41471530612,6386.98921632653,6361.84440306122,6096.62750989796,6119.13363928571,5842.27161428571,6126.8753994898,6058.82513285714,5935.35614285714,6045.31427010204,6266.03165102041,6185.16057102041,6140.21157959184,6168.87874387755,6328.89580918367,6249.27925918367,6432.88875,6306.36760102041,6421.64206806122,6253.78219591837,6201.86860836735,6034.82683489796,6005.40595857143,6165.44967132653,6346.93438418367,6215.98609418367,6293.97784357143,6435.68810591837,6019.56585204082,5975.45569765306,6094.34499693878,6097.69378163265,6180.20084265306,6247.88203265306,6353.39819642857,6390.00591887755,6353.19364897959,6333.19905918368,6263.24938010204,6343.03497030612,6364.71052830612,6412.92088836735,6449.38806489796,6398.48991489796,6373.58517734694,6350.7192532653,6326.13968265306,6460.59879183673,6280.51533979592,6372.99952163265,6355.29332581633,6205.27829826531,6051.29492,6067.48298734694,6181.27568806122,6492.69325642857,6616.44593642857,6433.92099377551,6523.66096122449,6444.27982755102,6565.01172959184,6316.23331428571,6407.57560836735,6420.29332357143,6311.92355765306,6485.45304377551,6425.28834377551,6486.01153163265,6520.10412612245,6541.34239377551,6398.43064061225,6629.39209336735,6528.49687734694,6472.97435346939,6508.98366020408,6528.26828010204,6638.86711581633,6508.40781244898,6584.40953571429,6560.6959377551,6651.88692755102,6609.74512428571,6530.96207438776,6588.04431938776,6649.12886346939,6564.95703571429,6586.07713938776,6304.36839285714,6247.32864285714,6177.36890214286,6183.65980234694,6516.12044755102,6459.99852030612,6384.68456530612,6677.00256112245,6436.13448357143,6530.6992380102,6316.5744230102,6322.26659545918,6522.68991204082,6553.38963479592,6467.58183397959,6502.86173469388,6495.91684795918,6524.86198571429,6443.95946122449,6332.64148673469,6468.64579387755,6464.90145612245,6467.57067040816,6424.9586622449,6578.98436622449,6491.46101928571,6538.11097204082,6472.13116234694,6391.95040357143,6509.19031622449,6448.9748905102,6375.87546744898,6359.46255377551,6378.52107010204,6352.80283469388,6209.07847346939,6136.70486102041,5972.76600530612,6097.12219081633,6023.13128653061,6161.28718387755,6314.92845561225,6332.95637811224,6411.65551734694,6596.82358265306,6415.34330428571,6503.72057673469,6386.5428567347,6322.2474077551,6514.62833122449,6421.70820469388,6486.45794795918,6469.97762030612,6568.61430147959,6577.97183336735,6584.51848969388,6536.38273571429,6649.97446632653,6537.37711173469,6672.00428459184,6520.75507142857,6590.42140816327,6628.14542244898,6603.45480102041,6591.11140081632,6699.85177081633,6668.6781377551,6633.66987193878,6405.84901530612,6422.45270816327,6535.10909663265,6424.17399163265,6387.12513132653,6421.86037755102,6196.81715336735,6341.00776836735,6270.32060418367,6215.29201102041,6056.19085581632,6325.80441938776,6326.34861938775,6480.61021765306,6516.35977489796,6494.24572489796,6379.26091428571,6279.92246428571,6355.33186020408,6542.22582469388,6517.65204285714,6537.60874795918,6607.80095255102,6406.84805255102,6501.70168091837,6478.99318051021,6436.43715653061,6416.03314153061,6319.66332653061,6280.34963979592,6321.02808714286,6345.00042714286,6406.32241020408,6287.80051938776,6123.64021734694,6193.03884693877,6204.13116632653,6295.58907755102,6215.59274183673,6377.70944928571,6360.98213265306,6300.65874918367,6376.57135918367,6536.52931581633,6474.07196377551,6550.63151683673,6507.44981377551,6483.69160969388,6641.36975612245,6632.90889811225,6603.80614545918,6566.12722795918,6515.75884795918,6443.36014795918,6402.74400510204,6372.78362142857,6067.49269897959,6139.71233163265,6392.78151295918,6314.11164693878,6344.62684693878,6394.42420081633,6394.24865183673,6409.80872428571,6454.70188632653,6400.82120163265,6351.18465295918,6451.88095336735,6610.13359989796,6497.90534010204,6487.11289979592,6546.44048316326,6618.59449193877,6445.15627755102,6440.23570612245,6430.92527959184,6444.86222040816,6502.12661122449,6512.75142173469,6556.72353877551,6433.9394494898,6557.93252469388,6388.98569377551,6634.07664,6624.84265938775,6546.37168785714,6486.47414795918,6318.68996693877,6284.08862571429,6230.83189183673,6186.68346836735,6239.92946836735,6269.57459285714,6276.18760734694,6174.86356346939,6221.24295142857,6122.31186040816,6174.2350627551,6005.0352427551,6127.18590612245,6135.39926612245,6181.82698612245,6210.04119693877,6146.84496020408,6152.30450816327,6327.19261122449,6420.01681806122,6328.43471530612,6432.24579969388,6258.16416744898,6424.55997571428,6285.39325612245,6255.34355612245,6266.74562112245,6305.37396785714,6401.59814285714,6406.02496530612,6445.65025510204,6318.01399816326,6274.59823877551,6327.00388061224,6487.87011561224,6326.51384132653,6335.3682622449,6364.75543265306,6389.93264693878,6467.77320306123,6389.53768255102,6468.18437448979,6487.37506836735,6581.77495642857,6525.45803877551,6498.50143367347,6463.71484132653,6504.38511306122,6436.97729479592,6382.95725408163,6365.27551122449,6488.68338979592,6415.93353469388,6556.81873122449,6545.71249122449,6501.39294571428,6509.79876908163,6469.31571938776,6467.14344061224,6557.40607469387,6550.88854704082,6474.97783489796,6444.83756489796,6302.65519693878,6372.06921693878,6252.69124408163,6263.85431632653,6308.24839081632,6161.9145622449,6319.46812142857,6234.16056326531,6267.65745887755,6220.25893387755,6391.70458979592,6276.81872622449,6230.62008438776,6234.2674227551,6410.15888693878,6366.59750632653,6359.42629959184,6322.8027622449,6470.33302755102,6471.88568163265,6505.5573877551,6339.18120510204,6342.76310346938,6483.59611346939,6409.61907897959,6407.35805897959,6480.39267336735,6508.056565,6540.6136437551,6549.98180204082,6427.35638479592,6408.31915591837,6487.75436357143,6319.19204387755,6257.51592091837,6377.7580577551,6358.4399557551,6549.62293265306,6550.64523561225,6456.51518061224,6524.74378061225,6433.34604785714,6413.93274877551,6410.48027244898,6029.82659183673,6091.86069285714,6181.41172244898,6236.20324285714,6229.28464285714,6220.00342653061,6192.57434612245,6124.90124212245,6154.17468979592,6142.72792612245,6146.53145989796,6413.75246841837,6272.13048397959,6380.88810408163,6497.8454122449,6515.66226734694,6477.55134285714,6410.29240204082,6621.47206326531,6439.52570193878,6560.17787112245,6639.86680897959,6585.91574897959,6511.00126897959,6367.89597153061,6366.14363591837,6313.53844313265,6521.55654204082,6428.56007,6480.12327591837,6377.83343959184,6421.43398122449,6266.60695540816,6229.71035510204,6190.90253673469,6297.52591310204,6271.23221040816,6234.26455289796,6078.70531836735,6028.41922653061,6089.04106765306,6262.49674719388,6470.50307469388,6328.40661346939,6385.98268367347,6007.43995132653,5942.27892122449,5916.59518265306,5915.80039387755,5845.92967561224,5683.34370816326,5834.95675,5768.85717244898,5807.43233234694,6031.07884897959,6122.91663877551,6155.21564602041,6202.72645102041,6230.11050826531,6012.48724591837,6272.90733173469,6289.14087561224,6261.27346020408,6300.84866734694,6282.65757040816,6293.4564122449,6397.51804897959,6297.10965214286,6261.51775530612,6318.66298336735,6246.98992234694,6320.93042836735,6051.05674265306,6308.96112653061,6312.2524427551,6070.72532265306,6165.0543994898,6199.18582836735,6118.6673972449,6101.33304418367,6160.83798948979,6178.97942581633,6083.74925091837,6086.78171540816,6111.02676020408,6027.94775714286,6111.20181938775,6128.31439938776,6230.14300612245,6153.47609897959,6308.40907673469,6249.9936822449,6293.74365234694,6364.0809744898,6396.568235,6235.869335,6148.01415132653,6323.93411836735,6352.92256887755,6347.99315653061,6438.5988932653,6432.07177755102,6440.4564744898,6511.4562422449,6534.09096061224,6606.18773061224,6619.88453061225,6476.91863061224,6491.13124948979,6676.27099489796,6638.30261989796,6515.91683010204,6577.20043744898,6484.66803183673,6643.90671428571,6560.87376428571,6623.69442642857,6621.36468061225,6614.36158163265,6582.9460622449,6701.51305918367,6551.67165918367,6578.69319918367,6538.65684183674,6589.54366959184,6514.39337540816,6618.17152316327,6574.27332653061,6582.46092255102,6446.55951336734,6598.34193877551,6502.95928877551,6586.99976704082,6538.23150040816,6395.61117040816,6377.53342357143,6293.13617918367,6497.00871285714,6592.54230928571,6593.27204489796,6497.09515408163,6388.64333877551,6249.96673163265,6152.12255816327,6175.8992122449,6164.25314367347,6315.94718428571,6297.66695714286,6261.76207214286,6398.47815714286,6339.24880612245,6343.5978332653,6320.45370602041,6271.29978632653,6243.45273632653,6211.27952132653,6241.86015755102,6173.6298667551,6280.86591938776,6342.401795,6321.34741,6210.29003653061,6255.97666153061,6477.26986938775,6521.98844938775,6572.71059938775,6444.55103714286,6469.20335306122,6467.71144622449,6275.11259540816,6383.86357132653,6345.80282857143,6056.61993265306,6059.35960438775,6132.14704897959,6065.78919469388,6247.54336397959,6095.87469897959,6343.82749183674,6351.18344081633,6220.47947755102,6221.57200918367,5958.43991122449,6067.26306530612,6202.18028846939,6340.18526207143,6301.67897755102,6375.99694653061,6591.99493469388,6507.05978469388,6642.84535408163,6478.12773061224,6513.58997010204,6663.08344765306,6431.03312183673,6530.70737244898,6558.87881632653,6644.04433806122,6547.22123081633,6432.01479591837,6447.38053795918,6484.52064816327,6433.26858295918,6227.76018295918,6331.80568163265,6268.34442959184,6369.62352959184,6211.5726900102,6190.82952814286,6405.7198744898,6224.76094163265,6197.43827265306,6203.38882408163,6213.84832857143,6214.0483644898,6224.50294571428,6163.23070204081,6247.4847010204,6424.07084489796,6403.40804989796,6334.27085408163,6427.99307959184,6429.34980806123,6264.03674857143,6321.08931081633,6298.67134459184,6204.68904387755,6017.51680336735,5891.74549887755,5953.70123102041,5973.67609153061,6126.13098367347,6009.65925408163,6027.17750408163,6038.63940102041,6033.99070306123,6197.51263306122,6314.24379877551,6360.03333877551,6321.28397,6399.64438979592,6216.12780510204,6435.55770510204,6269.50533989796,6255.27537857143,6221.76667071429,6157.39037357143,6165.84535346939,6390.68244122449,6365.45627693878,6320.51845316326,6286.17925877551,6336.32500489796,6401.45309846939,6423.62162693877,6263.38734428571,6266.51148061224,6382.63498163265,6410.97164020408,6471.35071020408,6310.32233816326,6403.79387316326,6432.37516908163,6574.36836908163,6427.86874642857,6437.15108326531,6355.14062632653,6135.01502510204,6260.4921077551,6403.23859142857,6436.98246102041,6297.25491602041,6414.27056602041,6484.4909827449,6405.5796232449,6400.6603472449,6351.69640346939,6234.40277357143,6274.43026326531,6186.26589908163,6063.9661355102,6133.43507438775,6143.67488836735,6214.32949686735,6332.37139836735,6443.14214020408,6422.29997897959,6519.46477397959,6496.88887397959,6429.12248571429,6430.29079071429,6399.3599305102,6319.44253173469,6204.21809326531,6312.97597908163,6312.0630827551,6506.42977857143,6477.90580918367,6458.99487295918,6386.47503265306,6471.5955755102,6377.95292653061,6364.44016632653,6473.81169040816,6387.46370265306,6370.87212102041,6555.06141102041,6392.15970602041,6445.30941469388,6368.12073714286,6365.76595061224,6358.81035061224,6324.55408061224,6199.43874387755,6324.01702387755,6367.97189387755,6326.05482887755,6094.74090887755,6272.04532520408,6414.45201255102,6407.75994255102,6445.0312505102,6450.98384408163,6372.10418877551,6366.20150306122,6530.2635144898,6302.63395142857,6299.8295144898,6273.72373367347,6249.63689795918,6230.78018734694,6192.67907612245,6327.67863326531,6409.37012744898,6332.24421908163,6304.58109612245,6401.04247204082,6260.51206928571,6316.19515765306,6199.58217397959,6103.45475897959,6349.37494265306,6281.62989367347,6323.32499653061,6310.2761255102,6323.18763877551,6237.96385887755,5924.72581091837,5779.51731091837,5890.33065918367,6189.41941938775,6014.81487928571,6198.70577346939,6035.67898367347,6111.11418367347,6113.01114387755,6011.0382822449,6018.34509489796,6022.76005193878,6107.20578367347,6428.09815408163,6406.35880408163,6397.75609714286,6418.53560714286,6496.60903979592,6395.21029928571,6471.96874540816,6431.08168540816,6392.71304795918,6478.69406979592,6433.70732183673,6362.56531887755,6380.64861887755,6447.79036989796,6624.27481989796,6580.42436969388,6539.87616244898,6532.79615244898,6546.52136061224,6416.82749204082,6146.03685408163,6115.48290816327,6127.02557938776,6065.54977765306,6094.04354112245,6171.26818,6071.80265102041,6072.05741663265,6069.80730642857,6314.26437642857,6272.18492642857,6517.05851530612,6394.26075826531,6649.33977857143,6435.49830357143,6412.15164357143,6471.6063682653,6529.5468494898,6367.7272594898,6456.84198938775,6495.52798306122,6519.96085806122,6487.42639061224,6446.07967306122,6336.43843244898,6301.73852346939,6420.89553265306,6377.27022469388,6382.13707969388,6402.0291177551,6480.2298402551,6434.98715642857,6544.0556622449,6379.43454234694,6523.14181489796,6415.29319561224,6369.86463887755,6322.05357091837,6408.18462561224,6470.40412255102,6194.25430112245,6325.76484030612,6244.35278061225,6414.31658061225,6323.16192714286,6390.33385714286,6318.92408816326,6257.44138571429,6308.31183265306,6210.0189755102,6221.83195918367,6124.46594591837,6180.30486530612,6360.10866530612,6436.51750918367,6399.11101632653,6347.50629,6254.55545,6322.4895622449,6368.56739081632,6564.29574081633,6378.3237794898,6420.83040612245,6410.03641918367,6366.48613173469,6416.14873326531,6382.13303163265,6514.39980612245,6549.2795005102,6582.63251479592,6583.47599489796,6480.63427581633,6511.3721867347,6557.11652755102,6596.86186171428,6465.12265661225,6511.95713061225,6448.48751061225,6421.26626469388,6534.93782959184,6525.68082265306,6464.99994204082,6470.29552693878,6381.79299255102,6405.53728234694,6415.31608479592,6385.62741734694,6252.24808642857,6253.33155377551,6253.17357040816,6365.72198,6300.412805,6360.47918244898,6392.49164183673,6478.88193673469,6510.50660173469,6670.79705765306,6690.88661571428,6718.03576653061,6547.75585316327,6412.96926326531,6388.48197591837,6538.58802591837,6701.95562346939,6581.84935153061,6598.39093428572,6631.63741857143,6572.35519520408,6525.10839938775,6365.60255897959,6169.31479,6122.64310438775,6090.24702938775,6159.00476530612,6200.91136122449,6178.60879489796,6167.04222142857,6309.32440489796,6243.2879744898,6092.16899989796,6159.90712744898,6073.87647765306,5967.42985316326,6102.54877806122,6112.68555459184,6273.20989744898,6396.06178469388,6314.11308367347,6171.6903777551,6172.29189693877,6225.89509132653,6428.24532132653,6436.86744132653,6315.98321382653,6450.10789035714,6484.62929285714,6567.43910285714,6433.50466061224,6244.94481020408,6168.71696020408,6197.32965632653,6282.30911632653,6323.41256632653,6414.12146632653,6386.96361061225,6496.33675346939,6321.79441969388,6536.47932469388,6632.80557469388,6584.35294632653,6609.77741459183,6722.81682959184,6575.01522959183,6657.88630109184,6614.92550823469,6497.59830986735,6589.76581129592,6450.46869520408,6467.62374520408,6434.79177857143,6563.21352551021,6461.37843489796,6504.23935316327,6517.9690622449,6347.98139714286,6467.26447755102,6512.82882857143,6328.4953472449,6497.9632377551,6441.1295577551,6628.18644030612,6683.49810622449,6569.20821132653,6211.5805982653,6408.75745113265,6582.36392959184,6620.95896204082,6569.32500693878,6504.92710306122,6216.4146277551,6180.17755673469,6194.75669591837,6203.23945704082,6275.96102346939,6314.45370846939,6411.6305344898,6512.33755836735,6412.01697551021,6499.3484877551,6309.62385,6390.8961,6374.61105,6517.12942959184,6400.31585153061,6305.51422153061,6332.29626693878,6165.2541272449,6283.06266642857,6127.80438438775,6231.92500767347,6353.97743367347,6488.56608877551,6492.38448265306,6344.78988673469,6303.03662683673,6243.08942295918,6319.69210255102,6212.71687979592,6265.21307377551,6321.44506836735,6338.72185867347,6170.5853622449,6173.39321367347,6114.50631673469,6344.16324989796,6260.39760765306,6348.90286469388,6309.49251530612,6271.84574142857,6185.18344693878,6150.97457581633,6118.53375510204,6209.58418948979,6185.92748877551,6157.24944326531,6090.08316836735,6045.46452806122,6196.35677857143,6056.06047357143,6262.87339591837,6375.07554591837,6247.65673571429,6257.07981591837,6241.60031591837,6206.04330061225,6236.63540081633,6467.62685673469,6620.56308979592,6609.44838979592,6724.99269979592,6533.04847479592,6555.28788836735,6579.55241183673,6566.76863183673,6381.59178040816,6442.63561173469,6422.48881020408,6428.99104173469,6472.57291112245,6452.16299102041,6430.71646734694,6445.15711734694,6399.1308972449,6336.52626122449,6221.15952122449,6451.34044622449,6326.89780408163,6265.99256908163,6474.89163061224,6392.80044734694,6091.719435,6150.76961846939,6182.02603040816,6084.72791938776,6128.86641820408,6064.74141734694,6044.80404693878,6028.53583704081,5931.10288704082,6048.10261612245,6029.13854132653,6162.19374642857,5986.79710867347,6125.4016922449,6175.05824295919,6092.10124887755,6224.44724489796,6057.14835714286,6287.73493744898,6296.26633561224,6334.72185612245,6332.25688163265,6149.72130663265,6369.09016306123,6461.05003367347,6477.53606836735,6447.57704489796,6395.47726897959,6468.62510714286,6510.59484285714,6424.67544408163,6442.56195,6309.82593367347,6211.45615306123,6217.17575306122,6280.50699897959,6369.35865102041,6282.82007877551,6274.61528877551,6210.19639591837,6206.13691071428,6079.81219285714,6257.55589285714,6285.27848877551,6210.26198877551,6158.84542714286,6310.72702795918,6268.64869795918,6469.07502857143,6437.39184520408,6437.1074755102,6438.0747877551,6320.54748887755,6586.87290081632,6487.92141693878,6512.40930693878,6500.41234673469,6595.17159673469,6595.41145377551,6639.32696040816,6639.77809489796,6679.00096836735,6628.59136673469,6619.86832918367,6488.57951632653,6362.06116612245,6539.41212806123,6456.42034571429,6397.25803877551,6370.35385204082,6227.87082928571,6310.46738428571,6372.91977928571,6443.88662153061,6398.35216581633,6416.58466234694,6395.78299091837,6412.80299591837,6310.57801612245,6476.38382010204,6401.44004510204,6340.6638255102,6487.97450469388,6485.80934632653,6594.26203632653,6383.69587632653,6328.5421222449,6253.68160979592,6205.57074479592,5968.73033163265,6145.91755663265,6305.32345663265,6361.30675663265,6410.27472244898,6394.89445255102,6366.34049020408,6135.54407530612,6030.46034326531,6156.97229795918,6057.40102653061,6086.54765,5749.44777051021,5785.64220214286,5617.98955714285,6030.60992602041,6146.98664908163,6032.13528938776,6079.94246632653,6180.17476632653,6318.18064081633,6297.21319836735,6267.24527336735,6187.28772714286,6285.90895306122,6257.89394581633,6432.37337193878,6265.06677612245,6391.2604744898,6324.1469432653,6299.61532142857,6421.81872591837,6293.30735693878,6237.87914540816,6173.17818540816,6009.25859040816,6132.22622040816,6153.16017663265,6263.03818673469,6237.89805204082,6202.67899795918,6586.35432683673,6402.85738765306,6391.81603938776,6384.64809387755,6309.98940479592,6444.94622040816,6068.88441836735,6012.89251663265,6102.22511765306,6244.92436530612,6168.25265714286,6490.13130642857,6410.66746234694,6329.65074010204,6269.0193472449,6567.98036663265,6522.07820989796,6418.35566530612,6486.21886795918,6555.2392077551,6437.87656153061,6524.80963785714,6588.49017193878,6386.21873061225,6386.51857785714,6432.48321122449,6466.56666122449,6426.58148346939,6553.06847142857,6452.15045612245,6485.56936938776,6541.3226122449,6392.36356632653,6413.05383877551,6520.22003469388,6468.89785989796,6410.65264897959,6205.92857030612,6401.26928734694,6537.55847244898,6499.5596377551,6478.74604039796,6552.31023539796,6407.55485080612,6353.08612080612,6304.91879408163,6402.92276008163,6422.66775561224,6442.25490612245,6506.11762653061,6520.57198744898,6402.55867040816,6587.82897673469,6422.71791969388,6511.98407091837,6358.46277255102,6276.46100408163,6134.82418602041,6180.83697887755,6251.82278887755,6341.37376908163,6226.00564081633,6175.79020142857,6211.53184397959,6257.39089387755,6414.6177722449,6406.13429422449,6320.41229983673,6217.1820324898,6361.41779581633,6277.86512642857,6331.50203122449,6212.2814955102,6185.12519285714,6116.36221163265,6034.03740306123,6087.66336530612,6256.02762693878,6145.00523193878,5962.19611704082,6127.74874540816,6214.22959081633,6334.08758061224,6353.86002714286,6455.72277102041,6612.02081122449,6530.5742244898,6591.77418622449,6516.68272959184,6424.85931030612,6377.52461632653,6329.93559183673,6275.31464183673,6422.20385918367,6533.68423571429,6671.04943571428,6584.50616122449,6610.92417346939,6335.73182857143,6244.67494489796,6227.2326877551,6245.65107489796,6087.77874489796,6159.91621989796,6204.31059887755,6146.38572612245,6160.90890112245,6081.89310612245,6273.30615612245,6301.31713562245,6232.78085857143,6202.48102857143,6122.5024,6228.63467653061,6180.41307853061,6225.19112153061,6209.53964653061,6155.22652653061,6149.42607653061,6274.38634,6262.19123,6238.44917979592,6296.40582540816,6316.6532472449,6221.30109826531,6119.84945428571,6141.89096428571,6299.97784387755,6325.07910510204,6401.72761989796,6359.61027295919,6203.19761428572,6396.28621938776,6238.48127346939,6262.40885938775,6161.96556938775,6257.63605612245,6336.76100102041,6131.49808673469,6103.4341605102,6138.93931265306,6313.02384540816,6229.79506857143,6199.82032857143,6214.20200591837,6267.87365918367,6299.87849489796,6502.97415959184,6454.91045265306,6446.05846428571,6384.5728905102,6455.3839372449,6579.1254722449,6630.5522622449,6670.2748572449,6555.3296772449,6556.63330622449,6660.18439122449,6694.34804418367,6554.92325918367,6563.32893938775,6347.86169295918,6187.01554540816,6212.50930265306,6037.68357204082,6196.6682327551,6235.67747357143,6245.69502806122,6440.28939234694,6383.72753734694,6460.39994734694,6337.61813061225,6414.69468061225,6583.77986020408,6597.50139081633,6515.14689081633,6828.18563581633,6484.81729397959,6422.46263897959,6433.07598061224,6468.57370408163,6634.11308908163,6639.59605,6554.4535,6598.84095,6537.64219183673,6609.21063061224,6509.62703158163,6503.54235306123,6580.95249693877,6482.18146734694,6569.68344326531,6567.13270081633,6566.03856438775,6438.58895714286,6542.36500989796,6487.61737377551,6651.73024183674,6511.0134,6500.08497744898,6522.06068795919,6622.42753295919,6439.18528061225,6532.0489877551,6390.65823877551,6482.13800408163,6501.31515408163,6385.04543061224,6472.63036479592,6463.06220959184,6131.33309795918,6175.31014285714,6204.96390091837,6359.89720683673,6271.74380714286,6223.28398714286,6272.84859387755,6327.83760265306,6355.19654081633,6295.02668979592,6274.32805367347,6382.69245448979,6460.09550306122,6440.49818989796,6412.54639887755,6462.80266581633,6388.67560081633,6466.2942622449,6407.18741755102,6463.71343755102,6284.11583091837,6058.11052642857,6037.38193163265,6247.53571428571,6136.06057959184,6226.42361632653,6077.90463877551,6308.53992959184,6348.61826979592,6313.15759540816,6041.63067979592,6140.25973010204,6056.14063010204,5954.99304612245,6217.49585326531,6277.80717061225,6367.79446959184,6373.77375,6251.17550938776,6469.01480938776,6536.13703795919,6536.94963244898,6402.40047857143,6451.227975,6499.74380204082,6532.57000510204,6519.24885071428,6527.25870765306,6551.78523979592,6526.92693979592,6564.61665204082,6405.14220204082,6511.88445510204,6371.76499908163,6458.44815408163,6491.00475408163,6446.97547653061,6345.06430408163,6389.98151734694,6330.28250918367,6359.24537265306,6368.83517739796,6408.26765193878,6456.68969785714,6284.81203673469,6280.73850479592,6463.70148816327,6407.43339816326,6448.64938142857,6297.96645867347,6427.90632867347,6387.02001867347,6522.47205867347,6418.33901367347,6417.00541571428,6248.96338571429,6296.1337644898,5870.09924938776,5993.552055,6035.60668040816,6159.38899732653,6223.4528282449,6235.60925816326,6270.26618326531,6184.34084285714,6408.11731836735,6361.30246836735,6487.69294897959,6291.04243163265,6394.96641428572,6417.92249928571,6502.98014795918,6409.79516530612,6471.90260693877,6343.73477918367,6263.6355517347,6233.20294591837,6178.98245510204,6172.75441020408,6231.74095612245,6221.54166677551,6037.55856326531,6112.93324326531,6005.27161020408,5918.81755846939,5989.61261030612,5736.14702673469,6071.80035714286,5923.78868653062,6083.31860102041,6163.21260602041,5968.24304193878,6015.60365438776,6014.47222857143,5889.61510428571,5989.43195010204,6129.51078571429,6263.70614591837,6160.30371091837,6162.97547755102,6144.96455204081,6270.09364489796,6202.94758489796,5924.65015459184,5993.20986765306,6049.52392163265,6035.43245714286,6190.77856938775,6271.80845306123,6179.73182755102,5991.86975204082,6048.44600204082,6180.99078704082,6062.15788255102,6295.04515622449,6243.89867122449,6113.03632959184,6265.07255709184,6165.01261030612,6298.41798632653,6043.83703336735,6151.10358081633,6082.13878061224,6268.57315061225,6132.37275877551,6116.78409090816,6076.62063540816,6352.30317928572,6203.96188846939,6328.68113877551,6401.86710102041,6334.74967040816,6240.43474897959,6296.60657142857,6382.03919183673,6320.91395183674,6308.55945040816,6256.7197494898,6319.38497857143,6248.71014010204,6363.38512418367,6375.09450785714,6318.97425408163,6297.7116622449,6463.71187142857,6543.29125867347,6416.05584295918,6229.64527795918,6351.11198979592,6255.47101836735,6206.47921214286,6122.85889459184,6133.33802040816,6043.13098061225,6083.0183144898,6223.59512591837,6297.88433683673,6351.91746540816,6398.43819693878,6376.24471612245,6398.48755612245,6392.02525816327,6446.33973928571,6531.11253755102,6456.94545387755,6454.14524387755,6532.21124387755,6482.61096979592,6351.72941020408,6369.84593020408,6377.92270102041,6219.34588102041,6290.54218102041,6589.8477122449,6329.24929897959,6431.49292877551,6296.9799377551,6465.6253727551,6542.51444489796,6389.38695989796,6490.91620204082,6493.90732295918,6624.58414387755,6585.66686938776,6551.58522244898,6524.93086530612,6502.89523010204,6483.83754642857,6470.91117214286,6512.27168326531,6585.18521826531,6535.23289326531,6495.31601122449,6367.55575204082,6526.11670204082,6579.69278673469,6457.54783530612,6458.64686632653,6671.83880632653,6707.96269397959,6508.74824591837,6501.91225,6655.57435,6548.22284897959,6449.06027040816,6537.08870714286,6355.08163214286,6362.0729977551,6071.66458897959,6508.67226989796,6519.00710642857,6559.54603142857,6388.79701142857,6426.2690177551,6410.30120938776,6470.38538571429,6364.15793877551,6468.58807040816,6151.47983877551,6410.42537204082,6449.27292612245,6566.52047204082,6434.34144489796,6491.26416428571,6406.08097040816,6485.69640306123,6432.01326030612,6010.46754214286,5830.92148714286,5978.66136785714,5933.07823020408,5903.83751520408,6055.31037244898,5974.46630877551,6110.77915316327,6225.74630816326,6161.54002316327,6181.73879816327,6345.77244489796,6058.49223428571,5818.65218204082,5950.0164655102,5986.35967665306,5968.13036826531,6017.4897122449,6302.63706081633,6326.80139244898,6490.02004704082,6443.38949765306,6418.12546020408,6413.51653163265,6416.59910612245,6447.36055204082,6341.25855714286,6357.25755714286,6227.7070794898,6595.53285438775,6480.89896938775,6511.01812632653,6465.99846183673,6454.45282142857,6403.87927142857,6444.64535816326,6549.66235959184,6711.89515061224,6435.46403795918,6571.6092455102,6544.6628,6497.18088469388,6534.90742469388,6508.20731387755,6519.45512244898,6540.86411122449,6559.09899081633,6556.68665826531,6376.64705520408,6315.2888944898,6366.1035094898,6512.82849408163,6514.08283142857,6321.88194928572,6434.92507367347,6343.64758295918,6461.56575612245,6420.20033163265,6376.13424357143,6319.32600581633,6526.29279153061,6633.66689765306,6506.91504765306,6401.33743163265,6478.97845408163,6463.71020918367,6493.35934489796,6416.25369214286,6611.73648510204,6591.76719010204,6538.89104183673,6392.51639367347,6365.79659489796,6140.72592040816,6138.88302040816,6117.8592867347,6227.46732622449,6101.28063132653,6133.43463877551,6288.80570010204,6240.77296428571,6173.74094928571,6208.24394377551,6118.29463877551,6264.76586122449,6281.19256622449,6326.66002397959,6438.75880734694,6514.15699285714,6415.95369357143,6200.41412142857,6019.22238642857,6121.11939693878,6248.07286428571,6280.46451142857,6228.01137077551,6328.69929897959,6466.42859306123,6512.70454693877,6468.27647489796,6312.88541122449,6074.05530714286,6026.75134693877,6100.83680612245,6142.76422959183,6145.51515214286,6157.94222459184,6074.84096816327,6111.7623244898,6306.30140816327,6087.78348316327,6131.60043683673,6217.00192357143,6266.79723377551,6269.04614367347,6305.48032387755,6175.16721714286,6164.09463285715,6026.4239822551,6032.0643744898,5963.21705673469,5853.85566040816,5921.77396540816,5978.46926908163,6139.00503979592,6197.00904122449,6136.00556469388,6220.96209510204,5999.29986112245,6082.68381112245,5803.58026081633,5784.27206897959,5780.44614897959,5737.06371744898,5954.30101326531,5900.43975193878,5911.33756877551,6081.65731602041,6217.25906367347,6041.45869326531,6164.94187081633,6219.62276418367,6322.74817108163,6376.56352979592,6402.54591295918,6373.21275122449,6523.81869540816,6627.12474428571,6493.2745844898,6518.6203594898,6546.6140294898,6454.06419969388,6344.99544306122,6449.95355306122,6441.42574387755,6409.94154387755,6322.3846622449,6366.8250122449,6279.72171938776,6407.27477244898,6433.17728826531,6465.47138010204,6396.75577122449,6395.76718030612,6510.78507530612,6459.40284928571,6578.20243683673,6513.44010091837,6514.7622122449,6507.49633183673,6608.60360326531,6446.09767397959,6518.1911122449,6548.98829285714,6583.22515306122,6632.10711602041,6533.97652367347,6352.62890306122,6301.89820438775,6379.94219234694,6290.60334734694,6295.41221387755,6345.16200183674,6251.10876326531,6341.84977061225,6222.76117244898,6139.9485927551,6078.81764071429,6325.16776734694,6132.88200085714,6293.65544585714,6194.77828714285,6402.17598367347,6313.54379693877,6180.38912887755,6272.27437448979,6355.55702122449,6399.0571022449,6369.70158806122,6343.62509183674,6318.09932836735,6358.02917591837,6489.01438377551,6581.10540622449,6609.71520510204,6545.59739408163,6485.31009795918,6505.59047285714,6466.20545285714,6522.81114612245,6472.08697040816,6497.84505561224,6549.03187091837,6415.60572683673,6396.87929653061,6277.24533969388,6462.51676836735,6254.67877142857,6294.83968265306,6358.20995755102,6472.83242581633,6404.12999214286,6484.15912632653,6523.46607174898,6448.07017787143,6511.33509367347,6422.02016122449,6431.66866122449,6458.80346938776,6505.50021714286,6537.85813683673,6555.83012683673,6564.03440418368,6603.01850142857,6408.02850663265,6392.68963295919,6337.95832244898,6476.96443316327,6426.77176357143,6467.61575989796,6552.20076255102,6545.69767755102,6494.90373744898,6415.5387227551,6405.99597571428,6568.91282071428,6230.24967071428,6332.86981632653,6262.62703765306,6261.59430571429,6356.37544102041,6509.64334183673,6559.71552040816,6376.32058673469,6400.44922214286,6320.56322285714,6429.59027489796,6521.13029489796,6502.23304989796,6616.0789527551,6617.46029142857,6627.09304918367,6721.13397806122,6627.43960306122,6710.51619806122,6665.81645306122,6404.59398806122,6475.91538806122,6397.92400306122,6530.51846846939,6452.76337346939,6414.04795846939,6325.62145816327,6533.48670102041,6470.38102071429,6577.74650235714,6523.71935510204,6601.80914367347,6501.90703295918,6567.6670772449,6612.5739444898,6472.66690255102,6564.91025040816,6453.02871836735,6506.94860714286,6431.17130306122,6301.36906632653,6450.14957244898,6450.67644969388,6385.43035969388,6397.09787734694,6410.11826867347,6292.59916826531,6284.92637132653,6285.02040112245,6256.04871183673,6367.19429795918,6447.39054795918,6472.71894806122,6303.0924622449,6299.03322653061,6342.67819153061,6192.29841653061,6293.41282653061,6333.90908163265,6384.73579663265,6140.2012377551,6217.3396677551,6237.31213928571,6274.78120928572,6183.68291571429,6201.91015132653,6199.28841653061,6361.89899306122,6485.98530846939,6291.03865091837,6239.43589459184,6353.50307622449,6244.35630367347,6378.53973459183,6233.31563785714,6269.91700408163,6357.30709408163,6323.99624484694,6404.34268734694,6377.08635734694,6292.03715020408,6362.44583387755,6413.33000816327,6093.03498265306,6150.13067316326,6210.23529183673,6293.67196173469,6052.48370969388,6146.57573265306,6145.75348806122,6310.18911106123,6371.86374510204,6183.26891122449,6085.0995622449,6393.1816877551,6336.73201377551,6061.12703877551,6034.6770122449,6128.20268204082,6174.87762489796,6065.41850948979,6145.86033704082,6173.65111979592,6240.23902244898,6302.93589081633,6198.53557244898,6295.19947244898,6334.60018979592,6314.49800469388,6340.02452040816,6259.62593653061,6303.05031938775,6377.63056734694,6341.00644030612,6264.46880530612,6344.13427122449,6374.63765530612,6424.12103316327,6370.73693632653,6525.90818632653,6525.93001132653,6448.35123265306,6644.66902765306,6522.31033265306,6421.65258265306,6383.55932653061,6351.93851255102,6418.08533163265,6397.11283163265,6316.69429265306,6203.37770683674,6105.38970571429,6188.86458571429,5878.98690540817,5923.63541316327,6042.23085632653,6115.76907632653,6446.35255306123,6439.75205806122,6292.55576663265,6564.60858214286,6409.81839265306,6481.82763265306,6480.71093612245,6612.16573979592,6578.60242061224,6655.78807367347,6658.78440122449,6671.42442969388,6626.73512510204,6650.64235163265,6589.59078265306,6652.66093336735,6454.01617377551,6519.41513653061,6393.76245857143,6400.8562232653,6490.29355132653,6367.61426632653,6563.8510144898,6522.45428438775,6473.71394386735,6481.49858673469,6316.26000561225,6417.25071602041,6443.08136928571,6360.40453234694,6440.68223122449,6444.13422438775,6404.52979336735,6310.11626487755,6273.52314773469,6367.59314795918,6488.42273438775,6574.27534438775,6599.98608459184,6546.17650959184,6614.22337561224,6678.97353979592,6671.44267346939,6601.57581,6569.88967755102,6473.04547346939,6522.23169040816,6644.52912612245,6531.1416005102,6421.70105795918,6500.6701755102,6411.97191377551,6278.04876683673,6321.77266418367,6222.76781795918,6149.86355948979,6111.68696346939,6305.41700632653,6187.50275938775,6390.79502142857,6522.77203367347,6516.85105867347,6492.53644367347,6371.38324591837,6288.72991102041,6385.06549867347,6316.10141826531,6370.58131132653,6355.90195132653,6271.77713295918,6345.4894022449,6399.6496772449,6342.40458061224,6484.45285918367,6441.46329387755,6510.32520561224,6492.14740357143,6573.96707183674,6494.56646183673,6622.43200306122,6525.26729285714,6575.35422785714,6457.11113887755,6482.05231336735,6348.90394285714,6400.77590877551,6475.64705204082,6518.69320204082,6531.50775683673,6340.23092520408,6411.3028877551,6486.4875244898,6524.97089326531,6456.63991122449,6516.86212244898,6415.05806428571,6419.67977234694,6184.36325510204,6188.33205510204,6447.02088571428,6626.20025714286,6508.6880372449,6515.44499826531,6372.24942326531,6259.75520540816,6317.76595295918,6306.21250816327,6121.369575,6165.61229867347,6209.40793367347,6246.20971704082,6029.53469867347,6254.81848367347,6102.73105959184,6183.20258959184,6047.40096887755,6074.76551887755,6342.87185795919,6394.43195306122,6192.58265714286,6366.29939183674,6365.87014428572,6431.73309142857,6555.36459459184,6495.81556469388,6672.42943540816,6520.07986438776,6591.82978795918,6575.12284387755,6482.76917857143,6322.28561867347,6280.04830438775,6292.02082714286,6100.54973714286,6022.32665714286,6070.53215918367,6315.29004183673,6351.65411132653,6328.46135316326,6325.5551077551,6206.14833877551,6235.30752142857,6323.90705102041,6454.07033163265,6450.13605204082,6523.58813489796,6477.82193183674,6469.28531295918,6541.85082959184,6462.03621530612,6582.87968979592,6471.49063969388,6449.09428265306,6511.06165714286,6363.70340132653,6596.43523367347,6551.75011020408,6422.34625510204,6268.12565373469,6306.01363265306,6338.7620277551,6349.5605072449,6250.78554704082,6239.08627469388,6215.5900855102,6224.22351581632,6166.96525653061,6220.73493153061,6378.35416683673,6468.99283255102,6351.19587030612,6556.55313408163,6491.66187622449,6590.77020714286,6626.51666397959,6457.26497346939,6334.46919693877,6280.66024693878,6373.52989693878,6397.31769693877,6498.97819693877,6395.67629693878,6374.49494693877,6372.72862693878,6309.28319693877,6231.45802193877,6273.09599693877,6192.11269693877,6220.53884693878,6352.5609255102,6330.29572142857,6251.19410816326,6181.75178173469,6293.73743673469,6320.96362142857,6261.96831918367,6247.4036727551,6145.40990673469,6007.17017234694,6148.92250989796,6178.75717989796,6287.95194795918,6227.96855744898,6252.64240316326,6357.21038816326,6336.13842795918,6462.9422527551,6447.19966632653,6417.68903632653,6325.50437214286,6233.40480306122,6272.52293795918,6279.43696836735,6247.34276836735,6309.21104673469,6228.06147428571,6148.04391255102,6182.09994755102,6229.48366428571,6456.90078979592,6467.87177908163,6606.44526020408,6533.92144285714,6335.23896134694,6565.19609234694,6521.77535438776,6538.16825438776,6427.15028265306,6562.96293510204,6523.63894785714,6391.75478265306,6408.23154489796,6348.60104489796,6500.71383928571,6500.17189387755,6472.97955367347,6518.44664367347,6486.30321367347,6499.12171367347,6348.86041367347,6401.68765367347,6220.9581955102,6322.2158805102,6237.71261153061,6222.51205142857,6226.77410336735,6262.93148846939,6154.07771836735,6158.02195744898,6319.80610714286,6275.37730214286,6267.09439826531,6239.57784826531,6236.9073105102,6207.81922295918,6199.10193367347,6050.32498877551,6046.06549693878,6220.37167959184,6139.67353867347,6328.98354857143,6154.78306642857,6273.70072897959,6273.77075510204,6289.82935122449,6266.61753571428,6393.97412346939,6342.89514428571,6283.68971530612,6351.05981112245,6304.92409795918,6246.38335816327,6126.61696938775,6181.76179591837,6377.28846489796,6303.20305316326,6185.31713938775,6311.08781836735,6361.87933336735,6388.8914732653,6522.02801489796,6287.00301489796,6203.73442561225,6080.16116887755,6218.27157285714,5996.32988540816,5924.45920428571,5889.15383591837,5945.57498367347,5859.3028877551,5981.64670846939,6042.73801142857,5945.80795479592,5972.85262897959,6071.56960612245,6118.92563367347,6107.5334,6081.53361326531,5972.45348346939,6077.14002204082,6026.22253265306,5739.07423265306,5809.44108265306,6102.68253714286,6415.12585153061,6273.26239489796,6084.96296653061,6119.05136561224,6099.70440408163,6070.84510510204,5917.09403887755,6297.21547255102,6372.20892989796,6361.67857306122,6411.82210908163,6254.56466030612,6213.16364489796,6286.31975489796,6338.05716622449,6419.49132591837,6441.41224214286,6271.33081234694,6252.55934979592,6228.07128469388,6346.09114897959,6374.89261540816,6532.10635306122,6454.0414244898,6465.84296734694,6538.4695244898,6599.21610642857,6466.62622887755,6437.8903,6452.07469795918,6491.80989387755,6582.75658306122,6514.6056744898,6378.42567846939,6270.39134591837,6253.96802132653,6242.01365408163,6085.05633061225,6346.79134795918,6398.80084846939,6451.14280234694,6421.93444693878,6349.93525061224,6386.18275306123,6424.87459306122,6155.38322255102,6159.27237755102,6176.58055306123,6085.45052806122,6181.0677855102,6223.11663393878,6315.02517857143,6506.86202696939,6345.41667142857,6218.76444418368,6222.69636020408,6274.37193540816,6170.26656377551,6094.6879,6182.91047040816,5978.22117040816,6024.02837040816,6016.58857540816,5947.29093255102,5908.24052255102,6040.61951020408,5982.43972020408,5953.12356020408,5848.6147455102,5901.3721255102,5908.8534255102,5970.86272040816,6047.27490940816,6074.05249020408,6074.24729795918,6004.75791326531,6147.76459897959,6191.84837663265,6282.32562244898,6497.51148020408,6353.41662204082,6372.09461653061,6448.11667244898,6435.64073244898,6523.60076744898,6412.52264285714,6462.94651428571,6256.68695377551,6117.55385357143,6202.12158765306,6333.24362265306,6425.22508387755,6361.45727255102,6402.22626969388,6310.7470755102,6325.76000102041,6523.00890428572,6565.29802928571,6653.82689969388,6453.80022244898,6671.60233469388,6510.77167469388,6536.95663469388,6547.70694632653,6439.74225132653,6657.76733244898,6359.94802244898,6368.13972744898,6452.58384183673,6485.82879183674,6511.13789183673,6504.60416683673,6518.88357183673,6514.04996122449,6481.28921122449,6455.12030306122,6408.08390306122,6413.09281306122,6317.43411632653,6322.64903132653,6343.25822632653,6493.98489582653,6313.43395632653,6326.77920132653,6281.16251765306,6415.62143163265,6311.09663163265,6277.09971020408,6293.41911470408,6255.1573122449,6297.27267959184,6267.08462959184,6332.10482959184,6267.34982959184,6274.15810459184,6359.53315673469,6390.47261102041,6580.00970714286,6485.54960714286,6471.66605306122,6494.61635306122,6474.52281836735,6394.77838571429,6061.22124153061,6100.56493714286,6113.77986214286,6200.20091530612,6189.42436530612,6265.02293357143,6132.33250646939,6085.98162346939,6089.71906632653,5787.28639969388,6049.39150469388,6375.89954653061,6403.83060918367,6295.72578816327,6268.85770642857,6235.44825071429,6104.28910714286,6170.10331214286,6160.90316714286,6388.87186632653,6228.76641836735,6237.85201612245,6215.89574285714,6147.46055612245,6117.79233683674,6311.67375112245,6301.57331744898,6222.35453469388,6368.76889867347,6278.04369438775,6365.92945938775,6421.53587938775,6330.89406938775,6294.9066505102,6529.36605989796,6534.78011122449,6530.64521469388,6533.77694704082,6491.9073422449,6517.85226459184,6518.44952959184,6319.84795,6302.87377073469,6376.1569255102,6358.94563744898,6305.74478816327,6424.78389020408,6367.99956663265,6254.57048785714,6482.82553877551,6502.24430265306,6594.64042969388,6386.55713469388,6440.02715193878,6393.38019285714,6491.54349285714,6396.20781581633,6318.34160153061,6686.8260255102,6480.21179061224,6441.94801163265,6362.42553163265,6459.01361979592,6576.75862479592,6551.74582938775,6501.07152071429,6582.06942346939,6371.69521877551,6419.20767653061,6488.76882836735,6413.08284622449,6482.68459418367,6438.84353030612,6519.05478877551,6488.17123469388,6426.49682142857,6365.58149591837,6476.56431938775,6273.86640816327,6377.009785,6274.58071418367,6161.79235102041,6246.11500255102,6109.50173142857,6308.27036122449,6285.23447020408,6322.47453061225,6378.11017244898,6312.78529387755,6303.90633367347,6512.89320612245,6388.45278163265,6576.23178163265,6521.03334183673,6689.90963612245,6483.90283755102,6418.84462142857,6482.11550765306,6516.88674408163,6361.3516177551,6332.67153163265,6362.21705959184,6160.27221142857,6456.39674142857,6463.7422305102,6488.38829529592,6594.13370141837,6425.95007141837,6458.27741715306,6505.2144350102,6567.72149439796,6663.97461827551,6356.95406919388,6458.37696632653,6431.25502826531,6457.62386989796,6566.93011734694,6442.97059591837,6419.25435,6373.07253163265,6255.00675653061,6306.05138571429,6263.27562653061,6150.2148,6248.99784183673,6429.02056806122,6410.42502653061,6584.91113571428,6551.49111632653,6519.79661693878,6613.05220326531,6545.71637714286,6618.07451897959,6616.83758132653,6518.98524081633,6454.0033622449,6531.64469632653,6533.49757897959,6390.27212418367,6430.38415377551,6305.44309081633,6434.10390520408,6469.53201020408,6374.64986836735,6319.49165836735,6189.27003133673,6182.13698327551,6114.64735877551,6192.47278877551,6255.88080163265,6009.95294673469,6073.29574071429,6029.24501071428,6041.55546071428,6060.31722071429,6278.52851020408,6360.38760938775,6541.76836765306,6290.27093663265,6460.76763632653,6394.95276632653,6381.66345632653,6445.38492632653,6485.32496030612,6475.91966520408,6513.50985062245,6540.51610663265,6476.83699877551,6594.36529285714,6569.56120102041,6443.00816428571,6380.16340816326,6337.72068408163,6385.39430734694,6508.37130489796,6536.44635489796,6686.07913908163,6628.39458908163,6611.88598061225,6625.35937520408,6634.20207846939,6633.56692704082,6558.87910204082,6526.86447163265,6475.98942653061,6503.37766326531,6568.62999711224,6569.23148163265,6526.82940357143,6574.2590377551,6448.72435204082,6481.06367857143,6537.22514795918,6613.7284422449,6529.74046887755,6577.62871918367,6571.44705918367,6495.91432102041,6545.34962142857,6422.77587795918,6505.17378673469,6463.47456428571,6410.55845510204,6417.54200510204,6499.44107663265,6344.0008582653,6259.1597222449,6201.98761326531,6250.72903877551,6333.84361908163,6360.83041908163,6282.76858611224,6225.27627111225,6240.08292111225,6296.30181111224,6351.18639845918,6193.25948826531,6097.96404255102,6062.09638755102,6036.39403755102,5962.11849255102,6274.80256908163,6165.79229887755,6303.34855663265,6082.94025438775,6159.70890316326,6204.39683316327,6047.76657816327,6106.01171316327,6076.30710816327,6227.26134816327,6021.54431816326,6104.43781316327,6134.24684316326,6205.11840816327,5981.37824163265,6183.2936522449,6094.62267153061,6095.62559846939,6120.43331938776,6108.19230612245,6076.09545336735,6074.23387897959,6170.45976642857,6289.71111612245,6452.28023571429,6657.84791581633,6340.90015816327,6284.81472653061,6359.58158367347,6346.41659183673,6418.10528061225,6437.65122561225,6445.2641905102,6495.8704244898,6533.27404183673,6506.39390683674,6359.75346836735,6383.02185479592,6452.41573780612,6438.27177755102,6211.81173877551,6255.1061622449,6115.25426836735,6041.87783571428,5881.07457979592,6186.76914183673,6440.96058459184,6409.77711612245,6358.44784010204,6406.44084795918,6385.31655918367,6080.31480918367,6063.61362857143,5947.81164459183,6203.66491622449,6089.52211326531,6236.36676561224,6437.46270408163,6331.45087918367,6281.98757040816,6333.9921622449,6187.03264418367,6039.91430102041,6171.56855102041,6178.63002102041,6356.43596091837,6377.09316142857,6378.70212602041,6265.19770948979,6424.19798653061,6584.72460479592,6525.167965,6492.87307183674,6283.08499081633,6309.62712959184,6326.14784591837,6306.53435102041,6360.22400602041,6375.42152295918,6244.49013071429,6316.37255540816,6081.99275040816,6163.86267040816,6226.36023469388,6414.93808459184,6402.00237244898,6451.14136734694,6339.02611489796,6144.97798704082,6151.07416857143,6185.18610544898,6312.40809795918,6323.04597295918,6235.59318489796,6302.75696887755,6472.07709591837,6410.57011806123,6474.63156877551,6348.30008846939,6256.04377959184,6180.39702142857,6159.60032755102,6027.90086806122,6134.32437295919,6072.2908677551,6192.87362663265,6181.63933030612,6366.79149530612,6291.30462244898,6181.06973236735,6479.47548420408,6410.48092142857,6109.56671234694,6428.70189285714,6558.89844285714,6444.65661887755,6530.23177571428,6343.57382755102,6281.75631071429,6387.86926265306,6240.51686684694,6283.77797429592,6372.80439929592,6517.38005163265,6546.93713663265,6455.64108979592,6564.36573979592,6492.64495102041,6393.33127959184,6576.54324397959,6391.1695227551,6385.09543612245,6492.76816112245,6481.83901642857,6375.52102857143,6346.92972857143,6348.00634897959,6240.97471122449,6234.64651122449,6236.70661183673,6262.13224285714,6340.81844571428,6239.1924122449,6235.06385112245,6234.16943540816,6288.39326397959,6483.21271214286,6462.81356193877,6453.81553367347,6448.44615295918,6426.29883255102,6477.95139397959,6529.53682438776,6625.13757122449,6555.8233594898,6384.07421836735,6487.35667040816,6312.06923530612,6480.32056938776,6233.71855755102,6216.84300816327,6175.11517142857,6064.52200142857,5858.22611459183,5937.68999469388,5879.72574469388,5863.37831234694,5919.75327969388,5994.27803132653,5960.20360632653,6114.52220714286,6123.49896632653,6142.14016632653,6057.46011316327,6117.43086255102,6068.50936255102,6102.00235714286,5981.7351705102,6027.83996091837,5954.24709255102,6079.69206244898,6011.59390673469,5937.38119102041,6010.78376663265,5991.3411877551,6037.03309795918,5895.17418265306,6184.02993265306,6148.92864408163,6109.24014870408,6049.2377385,6106.57533367347,6214.09024418367,6003.38728418367,5994.12503704082,5986.49833806122,6027.6534177551,6015.96125693878,6065.63992122449,6045.25453591837,5950.41648306122,5915.09418061224,5797.94604489796,5830.21090102041,5874.41772010204,6063.72334795918,6059.61917346939,6128.47878591837,6061.26568877551,6198.55433142857,6330.23895,6517.50873,6498.10830244898,6490.16635642857,6467.40331255102,6430.90852653061,6424.09585408163,6398.99204081633,6470.77259081633,6487.40064081633,6199.84440622449,5996.08551744898,6134.3931255102,6108.65445132653,6412.12412244898,6485.68381642857,6497.88721642857,6474.94201642857,6448.58815489796,6441.24297204082,6490.38431204082,6135.62434346939,6307.50711081633,6262.31527153061,6217.37239153061,6223.98331459184,6005.64657009184,6111.24276029592,6006.38466479592,6136.99763979592,6198.27681326531,6200.99454693878,6111.92383520408,6324.41432673469,6376.0815267347,6457.15775173469,6429.25064214286,6504.76393846939,6277.31007846939,6426.01645153061,6480.01802653061,6336.50328387755,6390.14353887755,6481.74300387755,6549.56025234694,6555.01466255102,6499.67712155102,6543.36018673469,6359.47916020408,6525.54842795918,6382.87287857143,6386.40824387755,6402.58104244898,6468.43691051021,6370.45327346939,6379.76389163266,6275.48648306123,6302.83594989796,6200.53935979592,6281.39929377551,6375.06505438775,6489.93101081633,6486.17813632653,6540.2910294898,6463.92267040816,6614.19968469388,6465.3642455102,6431.29931632653,6223.06226632653,6283.66106632653,6273.53909816326,6070.46811306123,6118.59853622449,6165.67720561225,6383.64250561225,6342.25145112245,6311.87212653061,6223.97077653061,6088.43626928572,6264.0764855102,6145.02201540816,5952.59244591837,5998.73813979592,6007.23296979592,5978.68784183673,6019.7635244898,5769.69726142857,5931.08266428571,5902.23241734694,5983.01357734694,5985.50198979592,6002.51879693878,6032.25116632653,6079.75937142857,6135.96973979592,6156.19217653061,6297.40125530612,6317.00750918367,6559.16909183674,6509.51581969388,6529.69994112245,6552.39679071429,6512.94612327551,6449.41965122449,6233.91769622449,6210.69034622449,6175.83713357143,6186.94503357143,6220.92714173469,6166.76610979591,6153.84708979592,6036.12497938775,6115.55523163265,6149.85426540816,6199.4494705102,6109.6036894898,6085.0874744898,5952.60305714286,6060.76720204082,6084.53589102041,6054.85278734694,6132.51758234694,6204.04988234694,6181.01766397959,6199.56903061224,6288.36183673469,6195.80100183673,6232.54573836735,6100.66635459184,6161.28045459184,6149.49411214286,6234.11970102041,6226.03005714286,6064.50789255102,6113.61352418367,6184.01599418367,6151.14394387755,6176.89416612245,5996.71157020408,6124.97274795918,5984.21999795919,5732.72159387755,5990.71461428571,6122.12920102041,6110.42347857143,6095.40013979592,6236.45167857143,6361.06824438775,6433.4821055102,6336.7982522449,6401.93914591837,6522.57331571429,6547.23839795918,6431.960045,6461.842685,6371.32593091837,6350.13324826531,6255.22768326531,6252.26865336735,6276.57254938775,6277.58353163265,6400.91073306123,6461.67971020408,6394.19833163265,6325.97175408163,6214.9146255102,6008.13444591837,6045.91742346939,6126.93129632653,6004.92726632653,6142.46062653061,6150.4216122449,6189.53831183674,6225.47442887755,6110.90505306122,6329.41140918367,6229.63530306123,6327.75049914286,6192.77408914286,6230.69363914286,6242.49797714286,6330.42350714286,6507.72229663265,6522.38742673469,6446.48176408163,6437.35034510204,6378.35087857143,6286.07556714286,6280.37608959184,6328.88354795918,6151.9945632653,6204.18847326531,6005.15344826531,6109.43031326531,6096.04178153061,6235.02380553061,6290.74954591837,6391.87838438776,6174.27889336735,6151.27746908163,6051.76201,6203.66404244898,6224.98663887755,6305.86998377551,6178.7940827551,6100.28009295918,6174.58645979592,6199.70666428571,6087.29467969388,6153.08825356632,6053.2195577551,6064.71226428571,6117.99443728571,6140.17418061225,5900.29717877551,6050.35550581633,6010.77765020408,6067.82616020408,5971.91091326531,6007.60545326531,6159.13295867347,6160.23574367347,6644.83051367347,6681.1675477551,6769.76047122449,6616.70682173469,6366.93675693878,6368.28610612245,6490.25244857143,6434.27364183673,6482.08039561224,6566.96452040816,6587.33498265306,6600.6743877551,6619.03398938776,6686.07331642857,6235.72281642857,6358.91028091837,6548.29240459184,6547.96531459184,6510.44067561224,6523.53030571428,6552.17934897959,6698.63835510204,6534.44447040816,6428.66531030612,6579.91281530612,6440.23477163265,6320.89409183673,6358.69105204081,6305.97852040816,6247.24704581633
617.469387755102,6613.03167632653,6443.11396020408,6598.80616020408,6502.66285306122,6455.63955408163,6451.21293255102,6449.17465091837,6606.83556928571,6418.33817744898,6369.24902744898,6560.40014561224,6546.99284785714,6549.89565867347,6591.07289520408,6634.44383918367,6552.93067244898,6552.83199122449,6565.41968,6497.84899336735,6567.93663086735,6694.59501193878,6646.30252510204,6704.73809265306,6651.63687918368,6802.37394612245,6784.33392897959,6687.35073204082,6668.83908204082,6674.27799804082,6664.34641397959,6667.59257265306,6611.70808806122,6677.84625612245,6768.07744653061,6807.3819777551,6666.06468255102,6595.44664153061,6580.17699285714,6580.76313877551,6570.45631346939,6640.17104612245,6601.21877816327,6589.99401387755,6360.67431020408,6554.96600091837,6542.74220632653,6618.42432673469,6498.78819091837,6183.83798163266,6180.71223306122,6131.08287806122,6244.48887806122,6231.67147346939,6172.17963346939,6340.62715204082,6338.54710204082,6346.4526122449,6474.44265816327,6430.21035816327,6459.7058244898,6357.53164795918,6356.70930265306,6546.17328265306,6462.32355265306,6447.70947265306,6342.88653265306,6411.13781897959,6521.79211214286,6407.37224806123,6403.34152357143,6426.88135714286,6542.52072721429,6249.37521520408,6356.66274887755,6553.33458551021,6525.30047897959,6440.93904979592,6492.59895795918,6338.4808227551,6338.83935959184,6428.43540632653,6418.04288142857,6487.30510183674,6565.292045,6599.70473459184,6565.88043979592,6747.68858979592,6705.8916932653,6236.96757816326,6363.05237816326,6484.98705,6481.38469755102,6375.49105928571,6481.35349110204,6727.12188489796,6515.56644693878,6449.8318132653,6624.85151142857,6696.18199744898,6701.21929244898,6722.64303867347,6736.71663918367,6612.07978285714,6701.08242918367,6616.64806510204,6647.97072561224,6443.15661214286,6683.65549795918,6600.5610655102,6698.62328,6616.80388469388,6629.56501877551,6602.20668530612,6636.42040530612,6602.78056530612,6575.96223693877,6659.38415714286,6616.29210163265,6593.69886459184,6598.98606948979,6802.70021114286,6617.98711114286,6568.06578367347,6410.65158734694,6488.05712959184,6570.59702408163,6473.04847408163,6485.21429244898,6518.65341244898,6614.93029857143,6586.05115163265,6470.26105163265,6483.46144183674,6467.14177408163,6427.53610408163,6511.82019755102,6552.45348709796,6553.3451965102,6679.30763102041,6563.02033571429,6649.73048816327,6606.90335408163,6636.41259693878,6537.14896020408,6452.78951020408,6390.60854591837,6546.93679959184,6499.80233612245,6518.56947285714,6577.37005244898,6559.86887428571,6590.73362493878,6576.80522857142,6564.62166020408,6519.52187887755,6568.80145326531,6495.73565040816,6488.48033673469,6540.88010642857,6481.95178142857,6492.82911102041,6453.47756663265,6472.02809622449,6354.5283005102,6357.27726051021,6498.4225955102,6434.93127346939,6391.84801938776,6413.91412816327,6459.89111216327,6462.63562316326,6492.91525714286,6608.3716772449,6498.47622040816,6516.41893336735,6585.45897377551,6634.69812540816,6421.40362734694,6516.80822091837,6655.75332816326,6728.47838091837,6603.3599522449,6519.414235,6501.69545295918,6581.59530795918,6631.53267520408,6607.52856397959,6676.38849663265,6674.59785259184,6665.33037669388,6688.84628540816,6690.70574887755,6696.15355836735,6653.60371714286,6676.52041765306,6686.50658193878,6686.9153377551,6604.66735571428,6686.70407122449,6624.13828102041,6484.44409142857,6708.65028928571,6574.52906755102,6559.83838795918,6826.78736038776,6609.63275948979,6612.45831081633,6606.3428855102,6641.97074408163,6511.63384857143,6457.83356571428,6452.46862142857,6453.25439081633,6383.36729377551,6286.59436193877,6315.49979693878,6259.82804693878,6277.40315602041,6225.75545602041,6358.90777030612,6344.86991530612,6459.57641255102,6613.57749816327,6586.96908346939,6619.42072846939,6603.55246282653,6625.92961282653,6676.19031282653,6550.92633979592,6539.91418877551,6446.26131836735,6607.44921734694,6473.93138010204,6635.42183663265,6542.8456755102,6430.22623571429,6490.66719122449,6348.66364428571,6260.55575693878,6238.90353367347,6316.45842622449,6204.82906530612,6413.46476734694,6429.69526734694,6366.08295612245,6501.73047612245,6386.78455612245,6546.8454044898,6257.05772112245,6347.41416397959,6220.91859897959,6384.33740204082,6337.35395306123,6277.60330816327,6305.77870816327,6337.15487959184,6451.56722959183,6349.08122285714,6456.2922255102,6398.18397561225,6402.90142561225,6575.75430214286,6405.43667153061,6419.45299454082,6398.69777112245,6435.40903744898,6483.23292744898,6501.95988673469,6415.63891632653,6446.78386132653,6453.7346144898,6419.30256717347,6487.87657163266,6627.59720244898,6525.73752744898,6570.57070908163,6475.44225918367,6490.61834081633,6475.07367653061,6408.25261602041,6407.99975989796,6446.30531979592,6504.2609755102,6617.25312755102,6625.30372959184,6653.91249459183,6681.83557959184,6700.5773755102,6743.08103551021,6661.1643855102,6655.9163922449,6618.36145826531,6563.05453510204,6592.77970204082,6502.27199357143,6535.6649872449,6697.45152282653,6646.56543387755,6560.52373265306,6506.27198806122,6537.90243806122,6507.1783755102,6588.6507155102,6468.69260489796,6612.15735520408,6519.66014469388,6468.32748969388,6656.63425081633,6629.62260714286,6581.88236714286,6551.81241122449,6602.08055102041,6665.80569897959,6546.19713367347,6603.24313877551,6662.24098887755,6649.5317922449,6632.3834422449,6673.0548372449,6643.21388693878,6715.80387571428,6589.13187571429,6520.33167959184,6526.84835326531,6729.22955326531,6478.84381632653,6308.88108540816,6401.24164510204,6487.69509081633,6554.38524642857,6578.96884247959,6485.53490214286,6449.85621071429,6524.25190581633,6499.64289081633,6557.64266193878,6577.68129030612,6604.84633295918,6557.41071346939,6467.54057846939,6321.46336428571,6313.89645428572,6386.26562581632,6676.95488867347,6673.1277644898,6780.12910204082,6415.38023744898,6395.87589173469,6443.52675673469,6392.7826417347,6506.70350704082,6379.8785544898,6390.57476959184,6437.14211959184,6350.25950602041,6405.42061714286,6289.61235979592,6279.13046795919,6234.77594795919,6288.22709795918,6391.51453387755,6245.79728877551,6430.26269377551,6293.66784877551,6421.50370469388,6352.36778163265,6409.38837663265,6363.29919081633,6480.28026479592,6419.89859938775,6460.74931244898,6431.34780816327,6511.25857918367,6320.15848642857,6264.99607642857,6323.23192142857,6299.13036755102,6432.03411755102,6252.9355977551,6376.5241755102,6451.73609081633,6554.4200744898,6551.29832040816,6528.65580336735,6509.63234469388,6497.25224408163,6500.67393908163,6507.46926142857,6638.17456295918,6753.30479755102,6587.75752040816,6699.84431306122,6517.58059081633,6334.73262571429,6370.55864928571,6350.27903918367,6389.33944795918,6398.60135306122,6332.94321265306,6526.20099469388,6587.09018061224,6665.58978571428,6593.92808510204,6572.44517877551,6584.95529346939,6591.70753408163,6557.62851316327,6490.05902081633,6297.89498214286,6480.87387489796,6498.27331887245,6519.54965020408,6478.18825244898,6620.89100122449,6631.72096071429,6658.32598714286,6576.27893244898,6628.06728683673,6480.19770859184,6404.15619479592,6416.09743714286,6499.81930040816,6606.39421836735,6592.18955612245,6577.23541632653,6738.13914265306,6628.56491459184,6519.59689510204,6703.91422387755,6749.15402622449,6793.76938830612,6571.34373193878,6688.10897877551,6662.51845591837,6351.84726367347,6405.82243163265,6545.72293122449,6561.50199897959,6724.08945612245,6585.94010653061,6563.18679571429,6594.06642959184,6605.88092857143,6598.65844795918,6614.88452040816,6575.55320816327,6781.72820839796,6643.81316653061,6726.78826653061,6708.60381408163,6657.87958408163,6629.87993387755,6574.84080387755,6605.49142959184,6644.41029795918,6566.32464744898,6436.81250561224,6693.48978326531,6647.22924836734,6567.92286306122,6492.54988571428,6351.00347081633,6301.99569454184,6386.29611071429,6244.28848489796,6178.73926489796,6380.75673897959,6478.84701153061,6375.23454153062,6345.09277653061,6386.81979265306,6235.79403357143,6461.04472612245,6375.21381112245,6305.06610612245,6428.90205612245,6375.99950612245,6375.38629112245,6371.04199112245,6537.2921755102,6584.51429755102,6530.63813489796,6604.04139132653,6560.55909153061,6501.8794667347,6618.30130632653,6544.77130428572,6514.04555428572,6538.39098285714,6522.91299142857,6578.50456908163,6632.90827887755,6550.76407346939,6508.47109693878,6464.44204693878,6504.02006663266,6602.32388663265,6630.22318673469,6624.08394173469,6627.25257173469,6617.78671367347,6676.12868204082,6503.64009602041,6495.46015959184,6456.67733612245,6735.91040887755,6690.57082367347,6672.53910142857,6698.49919959184,6787.79683040816,6636.9211572449,6756.09846782653,6706.86960142857,6709.71046408163,6694.22317714286,6705.72695520408,6713.85032193878,6541.218905,6708.35252653061,6640.67421867347,6543.55299980612,6529.68356980612,6422.10499642857,6376.84138408163,6576.116,6432.42314806123,6553.15958102041,6548.65245357143,6498.62244336735,6638.01745153061,6494.80321397959,6466.37712295918,6314.97304734694,6401.33618326531,6378.24588887755,6537.55688265306,6346.13273321429,6404.29614071429,6408.24713469388,6518.02591938776,6355.81936938776,6448.19725938776,6385.05281938776,6554.97589081633,6459.04610612245,6456.11703877551,6510.03546326531,6524.39361530612,6444.17752030612,6630.4568055102,6524.24943986735,6480.59012938776,6407.31887142857,6452.09860530612,6403.88426530612,6428.60629897959,6474.72065144898,6485.99826734694,6557.56598153061,6548.06064877551,6618.58983265306,6599.65286285714,6603.90662979592,6517.37599418367,6589.52268673469,6651.38170714286,6627.3153677551,6640.99887,6536.79630428571,6554.34398540816,6636.9769105102,6654.76626,6622.67902846939,6618.00079897959,6623.83458346939,6648.83376326531,6639.56597846939,6703.80934622449,6575.20616010204,6654.16752734694,6560.91890075816,6544.31507585714,6374.46568979592,6321.14768979592,6473.95814387755,6389.46289693878,6417.66097040816,6593.49423877551,6597.09318336735,6623.71872020408,6642.11943408163,6533.68827408163,6614.58778,6680.59010959184,6652.8697555102,6522.39841591837,6584.00167030612,6551.12389387755,6535.08393857143,6515.87879357143,6542.51453357143,6693.29803979592,6626.16420387755,6677.99388571429,6636.59539193878,6803.78358683674,6586.45474183674,6727.87494518367,6635.80204408163,6626.82776558163,6653.22852142857,6773.39177142857,6716.27733877551,6761.19816026531,6793.65648026531,6690.24377026531,6710.28098316326,6687.16973377551,6600.22613377551,6640.45488,6583.28992653061,6737.60164214286,6784.29696779592,6738.38623816327,6709.08727346939,6820.98767919388,6684.30828836735,6633.2183805102,6727.0388755102,6679.53623081633,6665.42581673469,6645.06571040816,6657.36604958163,6702.88559918367,6537.13926928571,6418.33444081633,6467.90382928572,6474.78546428571,6369.93680622449,6315.29219591837,6373.34304897959,6406.04207244898,6480.92787142857,6467.42853877551,6435.8083372449,6291.04472959184,6564.68601969388,6606.39898683674,6367.82585816327,6511.24024326531,6435.24871326531,6280.24964948979,6224.15077887755,6246.49871887755,6217.34750071429,6270.24500530612,6278.46977030612,6224.55059520408,6245.81101020408,6318.2312122449,6220.7211622449,6312.9954122449,6436.56269928571,6571.36944367347,6619.3824427551,6687.11657785714,6631.40015734694,6749.40526608163,6642.92332608163,6781.82901387755,6660.67224408163,6764.93001918367,6757.42063204082,6621.20512561224,6464.78065459184,6508.22573826531,6440.92099244898,6367.90686183673,6430.11106183673,6410.81644173469,6302.77422673469,6528.54998081633,6479.50463459184,6335.84888469388,6330.09053755102,6366.79841836735,6345.51612795918,6337.60685887755,6373.87085469388,6393.45233377551,6418.53200489796,6351.96546989796,6464.66468979592,6323.14150612245,6250.09346938776,6218.74068938776,6248.86775948979,6213.2841727551,6409.24691428571,6275.92452551021,6283.70374795918,6242.59746295918,6315.94850295919,6311.73619795918,6299.14086295919,6293.40884795918,6247.88523469388,6307.09764295918,6396.03709367347,6377.76233867347,6464.0555122449,6463.48916795918,6511.42810295919,6603.78137459183,6546.53071846939,6488.31709693878,6302.86427540816,6578.39724602041,6439.78863908163,6503.05568877551,6524.81813877551,6470.49775367347,6469.87912153061,6418.84366806122,6451.54260132653,6520.74776326531,6619.83422510204,6543.48440030612,6880.69835030612,6633.46696173469,6732.33940530612,6598.95010806122,6663.22888642857,6492.74530918368,6670.42567612245,6674.79638938775,6566.30690632653,6518.97046357143,6605.24957255102,6762.61700142857,6686.98850602041,6607.87573561225,6747.24658346939,6664.65190653061,6703.23514265306,6684.39975714286,6652.35518387755,6700.66389377551,6629.29854714286,6575.19720826531,6609.61939336735,6623.86155938775,6683.97029367347,6687.53929755102,6554.28615306122,6411.38384010204,6490.70230020408,6412.36415387755,6508.19850110204,6617.47414469388,6555.59355795918,6671.76600540816,6709.11224734694,6567.59114357143,6328.0792244898,6558.16828887755,6503.2273572449,6589.96774285714,6590.64148734694,6518.52171632653,6505.31827765306,6433.04146816326,6558.61188336735,6518.36611846939,6524.61474428571,6589.88139216327,6559.21629216326,6654.10008979592,6547.84458979592,6590.09328020408,6566.95506387755,6498.72268,6456.23161581633,6531.77727285714,6581.05475510204,6683.44335795918,6561.27882459184,6360.80911510204,6332.88351734694,6271.81094387755,6290.64317132653,6356.32063755102,6405.11326540816,6192.56407214286,6388.99891795918,6382.07072877551,6385.23174132653,6356.73108846939,6405.86788367347,6420.49528571428,6478.98328571428,6458.15046132653,6511.57251326531,6563.52126326531,6539.75837602041,6494.49372632653,6483.93791897959,6567.11652959184,6540.23816979592,6569.98393979592,6546.30901530612,6654.07516295919,6599.74059734694,6542.27178918368,6572.80348744898,6496.26175581633,6467.03890153061,6574.64311479592,6621.07186479592,6713.36458040816,6676.0279544898,6666.80344632653,6739.51179428571,6535.25655683673,6609.20672183673,6635.16715693877,6674.43666102041,6373.38375007143,6378.86575357143,6199.6776072449,6425.6711272449,6330.03907622449,6460.91310581633,6421.67722846939,6458.94642846939,6455.09079030612,6533.91929614286,6671.78228806122,6608.26892146939,6690.99274116327,6685.68175116327,6667.88694806122,6706.44578306122,6654.82162428571,6579.85427061224,6696.89982469388,6564.51184510204,6409.13442367347,6478.8613244898,6392.56837857143,6408.37549316327,6599.25762734694,6498.88596387755,6539.89269285714,6448.9406144898,6395.57863030612,6408.38647214286,6475.67435714286,6436.85794795918,6563.40766102041,6617.0089877551,6677.19278367347,6567.28319071428,6680.69779438775,6735.07547938775,6590.57335857143,6606.11740857143,6484.80553979592,6641.90732867347,6548.11965153061,6660.89338183673,6676.26716285714,6579.52283163265,6716.45440744898,6602.01968367347,6566.54360091837,6649.91285877551,6676.10447255102,6699.03258836735,6600.78461336735,6535.06809510204,6618.97400510204,6535.72745255102,6510.89465255102,6428.73472234694,6474.40897673469,6541.48026091837,6519.18835591837,6630.88577442857,6552.44054081633,6586.3938277551,6675.35423040816,6648.6314832653,6694.55923326531,6733.60077326531,6599.46771755102,6689.25831755102,6736.86381383673,6719.65304438776,6571.24201020408,6640.5498877551,6554.37920408163,6501.00447653061,6617.10135581633,6543.8826044898,6720.81269897959,6576.48207755102,6619.89683459184,6540.24212265306,6565.92208591837,6652.77581969388,6589.07987928572,6536.23314061224,6703.26180265306,6614.27910846939,6687.4420577551,6607.47788489796,6659.3329927551,6587.76861877551,6608.29935938775,6600.93260479592,6598.46667336735,6568.09711591837,6570.45117816327,6537.58142581633,6651.22914683673,6619.97932346939,6514.71445408163,6511.34526030612,6658.49524173469,6598.09140642857,6498.53639020408,6515.99457877551,6328.85779061225,6479.72402755102,6436.06644897959,6346.59353571428,6438.12209581633,6425.54486581633,6569.05447346939,6598.12608346939,6625.20054244898,6518.7484422449,6726.86411316327,6697.10795346939,6683.55624295918,6632.49397795918,6710.14842163266,6701.52470887755,6712.18253846939,6774.46610387755,6634.08969795918,6711.74179653061,6634.22794183674,6639.94331510204,6479.48538142857,6521.96875489796,6555.85124387755,6587.52992244898,6563.01551438775,6673.08539010204,6692.73342010204,6594.48284469388,6763.42409040817,6644.21777040816,6686.76267510204,6687.38241267347,6706.27455357143,6633.46405861225,6632.31900928571,6669.63076540816,6615.52508093878,6624.88006938776,6507.73398071429,6526.46034071429,6612.04187846939,6651.12030377551,6658.16307948979,6666.81905520408,6729.52671397959,6636.50729122449,6509.59771479592,6568.17893581633,6604.69497081633,6582.06365755102,6566.458395,6474.22541540816,6559.26397959184,6484.84485959184,6609.80971367347,6695.9515277551,6624.52835693878,6743.81537693877,6729.92357693878,6735.04416642857,6709.14023142857,6628.39509693878,6497.14026306122,6537.23477959184,6598.72449102041,6658.3270577551,6640.14807918367,6647.12571806123,6768.52172183673,6632.8927894898,6602.21431632653,6655.32928163265,6715.29561673469,6612.28766836735,6513.24041816327,6492.83134877551,6603.64275346939,6620.51149040816,6635.62880255102,6713.53338030612,6647.71263365306,6514.97367465306,6657.60536304082,6621.13691304082,6611.48983895918,6548.31110936735,6635.25563018367,6644.56391918367,6607.29289051021,6606.24306285714,6664.52828071429,6688.57188846939,6591.26194346939,6617.40175581633,6537.19358387755,6611.75440520408,6678.07487723469,6673.61765743877,6655.69993010204,6612.79334877551,6653.69804469388,6690.96563469388,6819.76605969388,6566.70634663265,6637.45877071428,6448.03922071429,6374.88759785715,6506.19261867347,6704.15566887755,6632.34590581633,6497.21022530612,6680.1322244898,6531.45554081633,6598.34849081633,6495.18859591837,6445.35123255102,6413.63893081633,6413.72069581633,6409.50672243878,6429.28989693878,6293.516335,6436.947985,6465.75885469388,6440.12966326531,6352.61390071429,6440.56162959184,6364.44495285714,6385.16080612245,6323.05030744898,6397.41911265306,6309.53816353061,6423.94977877551,6493.34445714286,6573.39755112245,6578.58464591837,6576.81170040816,6464.47986183673,6456.50447397959,6560.23259877551,6623.17426540816,6653.5881044898,6634.02110591837,6721.4499922449,6694.41417204081,6639.09115897959,6607.27093010204,6594.47357061224,6717.86796673469,6588.78680744898,6531.24395714285,6506.15620714286,6455.25063163265,6292.04176887755,6611.78357040816,6465.3017244898,6579.6589755102,6686.20139857143,6604.48540357143,6713.228835,6649.59349826531,6668.25569642857,6511.41320908163,6543.48317020408,6528.97350540816,6495.42145816327,6434.37520816326,6717.62393897959,6576.26963897959,6691.0521055102,6694.41184459184,6669.81380959184,6519.47214081633,6674.76828785714,6661.70324285715,6590.84745408163,6602.94716808163,6616.68516408163,6727.94100153061,6559.36790316326,6605.87795418367,6532.70019765306,6619.10497030612,6503.86658632653,6666.83344591837,6719.05776826531,6669.04165182653,6687.42189316327,6689.56597816327,6645.39724377551,6620.74584377551,6741.58881928571,6686.09005734694,6538.1385755102,6582.48479489796,6421.80714857143,6636.43331,6565.55383530612,6565.4103527551,6508.59678744898,6486.42339785714,6598.75148163265,6541.48684102041,6787.12389265306,6645.72888061224,6644.76233693878,6516.02622755102,6645.21467881632,6697.13310887755,6758.72522928571,6581.3646177551,6711.38030357143,6630.06688816326,6614.55065285714,6467.81284908163,6571.80640785715,6425.08013979592,6509.91065979592,6495.0883455102,6373.17079908163,6520.50330408163,6351.59092040816,6247.92169897959,6351.65433397959,6167.28973897959,6212.96740520408,6303.67561928571,6398.32041122449,6476.06964183674,6529.08517989796,6586.76181153061,6559.72155255102,6635.02166867347,6552.06221520408,6682.45500836735,6713.5939332653,6523.66049693878,6508.77751867347,6451.81081234694,6560.39085653061,6562.64067653061,6544.93174591837,6554.38939591837,6628.90716836735,6541.99043132653,6485.7020377551,6589.66374591837,6485.04399428571,6620.54124867347,6556.90734867347,6693.67304683674,6577.22281163265,6714.7901127551,6758.5890927551,6581.3612377551,6652.0837227551,6678.7145727551,6660.90741122449,6576.18821122449,6628.98026122449,6644.73777979592,6667.82562979592,6621.98393428572,6622.77607785714,6572.53675785714,6616.92030408163,6645.00185510204,6667.8812094898,6549.7905905102,6733.8547655102,6341.53605418367,6438.1933894898,6508.32120367347,6359.19180795918,6603.3662522449,6403.73000571429,6473.820835,6398.22429795918,6540.08423234694,6526.45856602041,6558.51796331633,6545.19855602041,6673.64464,6591.62739316327,6575.59083081633,6598.21194489796,6584.0539055102,6563.2219122449,6644.08691489796,6715.17599489796,6645.45758204082,6665.80293204082,6627.84559622449,6659.6562,6649.08056857143,6618.12589438775,6768.41848510204,6637.85404612245,6675.57606163265,6625.80910744898,6474.13807704082,6585.82535204082,6560.41676326531,6478.32499826531,6417.47167551021,6561.73857959184,6621.1835244898,6453.25686734694,6435.51085734694,6543.85938979592,6711.37344734694,6854.92925918367,6543.18669591837,6526.78858571429,6498.59432653061,6775.14856857143,6665.79642357143,6678.39738289796,6689.87133510204,6709.18476673469,6680.43262530612,6753.23867663265,6542.84294408163,6681.61649846939,6526.82556897959,6510.7532805102,6572.24034704081,6575.95136744898,6580.84390377551,6622.54061183674,6568.54949153061,6580.7443705102,6591.77559306122,6745.76675836735,6797.58881112245,6668.84397632653,6578.13118806123,6581.89863459184,6657.25785744898,6547.48601122449,6588.28845693878,6583.89820193877,6671.10781826531,6633.95316071429,6696.18376581632,6676.55141489796,6581.99040887755,6673.98336744898,6586.34713061224,6501.99265102041,6547.54629918367,6472.40336867347,6542.5990244898,6621.26773163265,6562.18918,6658.68527877551,6703.54939969388,6595.25614163265,6617.57977336734,6505.71745428571,6502.81231622449,6610.85473112245,6718.40483918367,6525.65517734694,6687.82829346939,6716.31878285714,6657.29280816326,6744.7762372449,6770.77310326531,6619.10322653061,6738.28110306122,6567.10118591837,6686.81937938776,6688.98713132653,6740.12676163265,6701.19151367347,6630.47716081633,6659.18511846939,6666.83107755102,6615.17245765306,6570.40282765306,6661.86861387755,6655.11100387755,6674.98155826531,6639.82587122449,6623.5630994898,6635.44686255102,6762.77518438775,6653.24339938776,6712.45629418367,6753.1356244898,6638.06449142857,6557.48621887755,6543.33179602041,6506.72847959184,6531.03525338775,6652.35016693878,6649.54232377551,6700.05203010204,6657.91076612245,6711.03126612245,6583.07436102041,6797.13464836735,6700.08069612245,6671.32178969388,6663.40397346939,6644.58340122449,6578.23402795918,6558.75779081633,6595.47606632653,6614.16785408163,6514.52252520408,6370.90398469388,6424.80893877551,6503.49564326531,6539.57931785714,6510.4267627551,6507.46606979592,6485.56191765306,6500.73806132653,6572.94309428571,6627.28552357143,6549.82392622449,6611.47609806122,6624.29898357143,6454.30806622449,6518.07893673469,6551.94004183673,6584.71580408163,6781.30179122449,6695.50081938775,6543.28182612245,6302.75660408163,6358.31744408163,6222.80435408163,6194.06299387755,6242.46168469388,6189.98388469388,6217.14133469388,6138.21215479592,6133.30273479592,6337.31386234694,6404.91553163265,6371.83175663265,6240.75159183673,6334.28591928571,6338.24945928571,6322.61185857143,6254.16047489796,6260.62452030612,6377.0676227551,6254.1996977551,6295.25903836735,6308.30840336735,6299.14397061224,6450.54980612245,6661.38496642857,6593.85348857143,6466.07736489796,6620.68423030612,6613.21688673469,6569.33509020408,6602.96724193878,6587.41361295918,6540.98908020408,6666.1928894898,6540.96479632653,6591.55631204082,6634.19015693877,6536.51581020408,6572.62386204082,6683.65541,6666.29572061225,6594.47595459184,6699.70122428571,6618.38093816326,6608.72564265306,6611.64145653061,6581.8057877551,6606.43696367347,6578.99470367347,6594.7069322449,6668.15604979592,6823.89705012245,6716.84048044898,6664.11468673469,6657.12705397959,6614.5305872449,6584.49062959184,6684.60423734694,6678.88391959184,6723.13303459184,6671.72602959184,6617.73755081633,6554.19097173469,6507.40185510204,6590.28222897959,6454.07418010204,6659.8431744898,6630.8004744898,6645.3363194898,6715.66168959184,6710.52871071429,6668.66099244898,6669.56638193878,6727.21522714286,6587.11203102041,6612.82534428571,6602.45677979592,6513.29247908163,6448.84509285714,6566.57799642857,6623.08044438776,6700.42182336735,6754.20031071429,6697.75076214285,6700.62444714286,6706.44242816326,6651.80682816327,6691.76517816327,6651.14050816327,6615.19420408163,6686.03252806123,6665.46218326531,6620.5423277551,6742.69429659184,6608.74219908163,6689.81733102041,6608.50283306122,6524.76755816327,6577.82785,6611.17363,6472.83549326531,6532.41555836735,6517.64575836735,6601.44754122449,6579.86524612245,6703.88007326531,6585.64545204082,6643.43072612245,6717.14937897959,6625.25790795918,6596.9411672449,6525.87143234694,6625.17087959184,6663.34388734694,6641.11413765306,6655.68984406122,6598.50764112245,6524.86951877551,6633.11257510204,6564.15432717347,6639.20343982653,6529.34163533673,6604.6652277551,6648.25667816327,6609.48992183674,6569.3920744898,6528.54415918367,6498.84638265306,6577.06056897959,6596.73398428571,6345.76439081633,6584.27164734694,6632.00489122449,6592.63166887755,6512.37000693878,6536.40787061225,6527.11094183674,6631.56442833674,6594.83179612245,6648.70690612245,6521.01130438775,6536.81292428571,6509.78119928572,6627.40672346939,6493.7156122449,6544.89283795918,6659.32272989796,6630.63141306122,6746.68210163265,6678.90315163265,6724.00538918367,6753.49544438776,6653.27742857143,6784.99858010204,6583.43864265306,6586.57274704082,6608.47196183673,6695.71777183674,6717.71494246939,6593.55849887755,6599.46270836735,6714.09248181633,6659.06432265306,6734.59406030612,6683.6107177551,6648.81457795918,6615.18374071429,6616.29463785714,6738.1978577551,6658.18257632653,6613.63479530612,6689.35819122449,6597.58627122449,6689.32400357143,6611.98931428572,6586.86099908163,6727.60195408163,6567.05564826531,6610.64732653061,6447.35863571428,6619.59515918367,6387.51116326531,6394.74276734694,6487.45174785714,6395.71804285714,6332.71197244898,6340.46633244898,6308.27134285714,6282.61873785714,6377.81449785714,6266.41942469388,6412.17599897959,6314.35048397959,6347.02656397959,6494.07130714286,6546.74132,6414.27346244898,6241.42348979592,6381.81318979592,6391.78043979592,6452.04662244898,6595.34415112245,6375.87955693877,6485.20874693877,6567.99334285714,6481.71142785714,6564.90917357143,6700.9794894898,6493.89107802041,6501.26419591837,6437.86737642857,6616.43147551021,6437.6143127551,6402.15426673469,6329.2026705102,6351.2036155102,6483.46654428571,6562.47808693878,6571.32613126531,6495.23902632653,6624.16862632653,6489.42211132653,6365.5520744898,6461.15366204082,6316.32011581633,6259.27778031633,6215.83182081633,6286.71627244898,6296.50230908163,6630.12184142857,6591.76420367347,6715.01839979592,6609.12843816327,6630.25330653061,6522.61720979592,6659.6134927551,6736.36415030612,6726.70381785714,6760.00021785714,6710.15541285714,6512.97712816327,6664.19677897959,6567.73752897959,6545.743715,6326.81254,6560.11622966327,6405.82739731633,6415.66268272449,6395.32300752041,6365.81251435714,6270.18456438776,6254.13810938776,6211.19331438775,6214.08895387755,6312.05855387755,6322.79219387755,6564.52923306122,6710.54449438775,6757.53314102041,6715.671405,6685.63766959184,6574.13394183674,6517.59304183674,6511.47864714286,6655.31637795919,6597.57928795918,6545.09651877551,6681.20227602041,6635.85718132653,6513.15618928571,6590.10192877551,6592.73824387755,6511.93981479592,6537.14620918367,6421.33720918368,6421.79364663265,6479.07696806123,6441.12256132653,6565.34925163265,6660.38382142857,6695.82462948979,6721.32305342857,6721.88865342857,6658.07110842857,6725.86300842857,6712.60051265306,6734.55956265306,6736.32081918367,6687.84586918368,6781.62844918368,6683.05654030612,6667.08703530612,6682.67953530612,6583.78855714286,6540.33851938775,6568.11975204082,6558.93844704082,6642.03805153061,6546.29522244898,6598.5351572449,6612.93224704082,6614.19642153061,6633.01501969388,6648.69383642857,6624.73230316327,6571.5912355102,6660.14111938775,6621.09638061225,6649.37617306123,6574.64180306123,6570.25878163265,6570.15179326531,6555.15056020408,6500.52916816326,6620.50039806122,6814.44840979592,6640.336325,6681.96086908163,6630.52762040816,6561.74376183674,6508.01851877551,6749.75861326531,6581.86038826531,6680.13499744898,6759.53440122449,6663.64054244898,6648.32202448979,6608.33750020408,6572.14448428571,6610.31005112245,6577.74323061224,6562.37540397959,6648.97679673469,6680.27832346939,6632.49423979592,6598.76283979592,6578.7695472449,6590.98331540817,6592.16936540816,6569.67082244898,6537.33162979592,6580.16284061225,6689.85034397959,6640.65465765306,6630.33099765306,6661.00634265306,6614.35432265306,6527.29147479592,6611.12187285714,6720.79914653061,6606.37098653061,6648.53033653061,6590.34750408163,6634.8861427551,6445.9694754898,6470.5277694898,6405.96744081633,6487.83772642857,6471.6014877551,6408.24650408163,6395.14805408163,6528.05330204082,6483.28970204082,6507.40655204082,6443.18851183674,6549.28234183674,6435.84356734694,6465.11426734694,6401.57746826531,6426.52234826531,6428.00579316326,6221.77206989796,6170.40291989796,6338.97775020408,6278.78252244898,6277.4444005102,6338.21025234694,6440.76909071429,6439.83250219388,6478.34146,6607.6740955102,6664.20637204082,6712.66897408163,6576.30556408163,6534.70415489796,6658.29231612245,6773.76972302041,6638.80885802041,6637.91469265306,6382.12520295918,6459.90895408163,6465.8250744898,6456.09801102041,6425.5859994898,6553.18525969388,6386.77628357143,6471.90997061225,6399.91582061224,6623.30473489796,6555.61659908163,6679.97454367347,6587.25998377551,6639.54390683674,6605.64580132653,6637.1223797347,6499.72896887755,6612.07588683673,6561.37827346939,6533.18549132653,6605.89754663265,6697.37661563265,6657.63128846939,6649.52137255102,6635.96065285714,6645.62424897959,6756.21136183673,6622.81689612245,6702.05236,6558.84531377551,6694.99906836735,6732.69995383674,6718.90654966122,6699.91354966122,6653.73688265306,6688.19320244898,6619.26493244898,6614.44853040816,6730.53249653061,6589.76247653061,6505.00809540816,6519.75769540816,6525.81419908163,6557.40755285714,6477.06568357143,6501.31397806122,6462.02387806122,6539.88790816327,6637.08209766327,6637.54325438776,6583.02132520408,6424.80072857143,6452.8345377551,6517.84260234694,6556.48007581633,6500.08209897959,6579.46228030612,6543.32633265306,6537.91208265306,6575.11635714286,6624.38015122449,6655.0266555102,6686.02691122449,6722.8538255102,6663.02079122449,6659.09838653061,6614.79973234694,6688.05540979592,6569.25910653061,6577.78385,6673.90678081633,6610.89114469388,6558.54955479592,6519.31639795918,6790.23123295918,6690.24353846939,6661.36747346939,6739.72271846939,6806.73045020408,6706.2443422449,6585.21411602041,6612.64901540816,6632.21035040816,6666.69726020408,6677.82007520408,6528.08823316327,6637.63818714286,6779.04806295918,6512.07907622449,6658.4911705102,6715.51104316326,6729.75636959184,6688.65383632653,6622.92134887755,6499.95754391837,6643.55238877551,6518.99269622449,6413.10589153061,6646.44565163265,6582.48368683673,6617.02783612245,6711.39038857143,6750.67643102041,6504.97579959184,6383.11929285714,6352.83949285714,6470.59977306122,6438.35823010204,6558.64980010204,6709.34414010204,6641.73023163265,6633.33762102041,6563.85002326531,6562.16360438775,6508.87582755102,6298.37865979592,6342.02836489796,6394.5361805102,6524.25852346939,6462.52067040816,6519.25325163265,6537.46772836735,6563.15530783674,6515.86144061225,6523.84847561225,6461.04472530612,6431.01284693877,6369.34949693877,6614.36884387755,6582.4586755102,6526.68121387755,6611.52133510204,6737.76260693878,6732.4213147551,6642.4908397551,6645.69565897959,6689.18975030612,6573.62847530612,6567.61781744898,6615.5221922449,6662.39606397959,6619.06447826531,6591.51455255102,6513.19052244898,6497.22847285714,6543.67739091837,6581.59180459184,6582.15390367347,6648.2897377551,6613.73983142857,6642.61502846939,6740.5421744898,6663.43078469388,6638.71172397959,6476.3864292551,6646.75872832653,6506.94070714285,6581.79586122449,6574.91418244898,6482.80570785714,6504.28848010204,6255.61432653061,6353.00740357143,6325.4580144898,6230.74600816327,6237.56922316327,6406.66094285714,6444.20588938775,6406.42238367347,6443.48783367347,6541.39118163265,6438.74061938776,6673.48234081633,6556.48450306122,6663.34145214286,6592.46343714286,6541.19225326531,6649.1158022449,6570.61756265306,6630.58233051021,6763.58583112245,6624.69068091837,6617.63696091837,6686.92228897959,6572.11170510204,6527.78778132653,6628.35618122449,6564.66894489796,6505.87695489796,6543.3601755102,6537.90799846939,6559.60048214286,6587.4781922449,6588.70501020409,6532.09507193877,6608.63730683673,6622.22914871428,6556.89760571428,6638.92735367347,6525.05082918367,6509.61144673469,6499.03858693877,6433.14374489796,6563.55887163265,6540.95297163266,6648.54525693878,6644.384985,6453.96167785714,6461.82097510204,6399.50437510204,6546.07755336735,6571.78105336735,6716.96864969388,6581.60557336735,6654.16854734694,6504.46675428572,6616.04571346939,6499.43559387755,6522.53250632653,6594.39461030612,6462.24004540816,6569.65073653061,6576.81845316327,6616.76275142857,6721.08221102041,6664.43415887755,6578.18915061225,6759.22242357143,6692.50064734694,6647.37203367347,6635.71111877551,6614.87605091837,6799.647285,6630.7358332653,6715.25560387755,6736.43505673469,6725.28602597959,6678.11155467347,6644.43944967347,6701.52169467347,6764.03683467347,6691.74813020408,6692.42607367347,6643.9659944898,6613.49724469388,6431.17487357143,6411.39171663265,6701.94102202041,6664.091255,6571.93504387755,6738.76872244898,6540.03224704082,6637.77324086735,6464.45427403061,6455.72438015306,6571.80889918367,6604.05678846939,6535.72961459184,6581.58549897959,6643.32090142857,6679.28395142857,6631.71095102041,6557.95735102041,6669.44474142857,6648.94059142857,6633.35986959184,6645.02904408163,6751.00309908163,6623.52079908163,6626.08954795918,6582.86451438775,6554.63652071429,6705.38845071429,6722.26980683673,6701.92943683673,6605.19600602041,6622.24169010204,6625.78024081633,6578.15735346939,6431.72527734694,6395.81769510204,6388.93862142857,6386.47238653061,6621.98403489796,6687.88171887755,6603.80391566326,6740.88397285714,6687.93827285714,6559.93983183674,6582.23431632653,6548.02598428571,6491.52483122449,6620.74968734694,6532.13957,6560.37024795918,6560.60196255102,6630.54151005102,6666.89277255102,6663.1557127551,6627.6495344898,6783.03288448979,6653.1289827551,6781.99224785714,6563.09421602041,6653.79701469388,6665.33582520408,6673.69809530612,6658.84243979592,6774.64152373469,6732.90564373469,6704.20621873469,6662.11427816327,6661.13222816326,6777.31663663265,6662.6810422449,6629.35366316326,6665.73961102041,6502.24161016326,6676.04772277551,6596.86861846939,6464.85407020408,6338.26762520408,6605.58367857143,6554.17687857143,6690.27086887755,6727.70731387755,6582.87884979592,6562.2776455102,6654.4258955102,6686.67603387755,6751.60383822449,6708.38019822449,6696.25836510204,6780.12906683673,6611.16199744898,6670.28591030612,6665.94500295919,6633.74151979592,6612.25818438776,6509.33915204081,6518.46095204082,6584.25621693878,6618.94875693878,6783.85643040816,6618.83880959184,6567.86371122449,6536.89391836735,6634.61613102041,6712.38553734694,6697.63928734694,6749.91833561225,6669.35168612245,6626.62330918367,6684.80045530612,6669.53288055102,6633.95795479592,6686.07590479592,6639.96065479592,6641.84314010204,6700.48114489796,6721.34646239796,6697.18269239796,6669.5286455102,6633.65406530612,6609.7123955102,6567.62186877551,6585.67126877551,6289.67969795918,6396.71259081633,6620.47354153061,6580.25887959184,6679.30264489796,6687.19756530612,6686.28748714286,6633.65256387755,6738.76718734694,6695.97691755102,6644.01436663265,6633.88983316327,6736.45271295918,6637.38563214286,6574.62395755102,6620.57983193877,6703.96747826531,6637.3016277551,6578.47394632653,6610.72660040816,6646.52814897959,6698.56164877551,6672.17245336735,6677.95286612245,6542.19894663265,6682.19995632653,6487.71378112245,6661.49024642857,6673.63674142857,6598.1985194898,6535.84997163265,6399.40554367347,6366.32181673469,6410.14963673469,6417.66428673469,6458.82494591837,6385.31032244898,6394.9030022449,6326.65293489796,6365.20444326531,6273.58325326531,6410.00457704082,6256.24732030612,6369.87028367347,6391.34709367347,6441.33506367347,6403.89082142857,6437.03263163265,6389.15460204082,6650.48735489796,6664.38822214286,6571.85050306123,6710.50749602041,6620.46997357143,6673.80211836735,6581.02503346939,6546.77281183673,6574.121385,6653.75470336735,6600.13352959184,6570.00739530612,6655.27632040816,6519.71661040816,6497.33185306122,6539.87580306122,6588.62194071429,6459.1005127551,6508.58569795918,6502.61626836735,6585.71695183674,6694.19860632653,6633.26962704082,6688.16296183673,6674.22363530612,6752.92921214286,6809.65161020408,6770.48626020408,6712.89911187755,6717.11604687755,6714.76142940816,6704.19939714286,6590.67279714286,6658.95419714286,6608.59459714286,6721.30514040816,6690.15545040816,6666.5002844898,6671.37315602041,6654.93412877551,6645.74484142857,6698.03786448979,6677.87055434694,6611.14014959184,6550.57140081633,6583.07527755102,6638.06074408163,6549.8501277551,6584.06336734694,6549.78136836735,6322.63490612245,6401.62421387755,6415.9092122449,6472.40277520408,6427.26003591837,6523.95307959184,6435.10120071429,6445.65845071429,6486.59961255102,6609.40822877551,6600.7427144898,6529.46822204082,6621.87880142857,6741.78128306122,6665.49230959184,6672.86551020408,6581.14269693878,6549.16035244898,6623.63992081633,6554.47488408163,6693.87975346939,6660.3629505102,6618.69813173469,6647.16312008163,6650.01175081633,6537.14680928571,6515.35328653061,6590.0724105102,6562.89288469388,6505.04950459184,6624.65429244898,6550.48264412245,6701.77921612245,6728.23001438776,6652.83008897959,6628.86242489796,6570.06134479592,6551.09894571429,6596.94571734694,6417.95676122449,6500.69325,6588.13922653061,6585.56786061225,6528.07652938775,6579.9424922449,6507.56131142857,6468.97936457143,6495.37032653061,6510.76784653061,6489.88954357143,6687.47997045919,6528.24011459183,6692.90327693877,6691.18607693878,6706.84777655102,6675.62391183673,6619.29068836735,6728.11319673469,6572.86117744898,6696.19196744898,6726.85018326531,6672.89912326531,6675.0916932653,6520.0394527551,6588.8940977551,6562.73331047959,6713.45949489796,6648.76122061224,6711.64413061224,6634.90754816327,6663.32894816327,6664.08801581633,6683.15063061224,6516.54321428571,6619.32730473469,6588.02874102041,6547.49714269388,6451.8319122449,6495.05895714286,6647.65258397959,6723.65723209184,6674.29019489796,6546.08858285714,6563.92241530612,6569.12025948979,6493.9224844898,6448.43356428571,6506.90875306123,6456.45694704082,6428.61823673469,6401.91838673469,6369.77861326531,6371.83362622449,6361.94876122449,6492.21366734694,6550.933795,6625.94995510204,6626.78276336735,6467.22778673469,6704.45841153061,6698.43812214286,6680.91213836735,6710.02679591837,6700.21689734694,6690.26014734694,6643.38763265306,6631.83302602041,6566.2823344898,6622.62738561225,6521.17511826531,6609.25353653061,6402.11155897959,6639.63996326531,6627.53258969388,6365.58359204082,6460.12713826531,6579.83257122449,6599.83331153061,6582.62068173469,6518.56379561224,6567.5601972449,6544.35564887755,6524.024895,6635.01822551021,6541.92651836735,6488.08345816327,6523.12930755102,6629.73892816327,6611.5370755102,6597.75733183673,6543.8267455102,6524.15535744898,6508.19608265306,6582.66303397959,6462.23024418368,6366.64388193877,6524.70828061225,6534.7698127551,6521.8357677551,6591.56699428571,6562.82521326531,6616.15007306122,6723.98189367347,6640.38024510204,6665.42349163265,6703.97491163265,6553.25399897959,6613.75049193877,6728.43279530612,6675.55038234694,6590.75537602041,6681.97083071428,6582.76819918367,6707.0979622449,6679.85732530612,6654.77676826531,6645.78806938776,6691.67588081633,6662.56218367347,6739.20298653061,6604.12944918367,6683.25947918367,6628.98922122449,6709.50256530612,6630.29881357143,6710.26282357143,6684.54597081633,6692.39541704082,6592.22023540816,6659.97166612245,6649.28396612245,6715.36963112245,6663.34439612245,6671.80466612245,6654.87451112245,6608.59373612245,6696.89735816327,6714.38308316326,6711.86410346939,6616.53604857143,6585.64486326531,6554.99252959184,6442.1370867347,6487.30858367347,6461.31927020408,6484.78898632653,6602.11332653061,6536.36594153061,6687.00633408163,6682.86653408163,6723.40638087755,6600.48752859184,6583.08454346939,6588.81489755102,6550.64991928572,6664.27049428571,6569.56185655102,6590.4682155102,6729.04990683673,6744.00902183674,6623.65532183674,6658.09344683673,6744.91401183673,6666.28385877551,6726.62140959184,6603.07645959184,6599.27292493877,6633.25451622449,6487.47853622449,6627.35561173469,6601.30543265306,6456.04271428572,6389.16346969388,6478.59191428572,6378.16689265306,6524.4754517347,6465.31891734694,6572.05114285714,6624.39531612245,6546.73436326531,6541.97889285714,6452.69978673469,6558.36314285714,6564.95425785714,6690.5364235,6606.0066122449,6679.53739326531,6743.68936530612,6630.26639816327,6752.5273855102,6564.3932977551,6570.57253928571,6842.21480091837,6608.32282163265,6677.86526836735,6722.30793204082,6840.96437928571,6722.14075979592,6612.49144428571,6699.98959591837,6746.19185408163,6642.70526214286,6492.86886459184,6619.28442653061,6592.80411530612,6548.03768265306,6510.49794919388,6504.3184465102,6605.66088061224,6545.06040693878,6524.19258285714,6554.14953632653,6552.38419306122,6542.97199122449,6663.60920469388,6604.17516428571,6680.07771428571,6656.32421530612,6585.36215010204,6695.45123857143,6722.46988469388,6710.57723826531,6511.09071591837,6428.39172816327,6417.95162316327,6387.68655816326,6402.04739316326,6300.95504989796,6335.04213102041,6345.50793846939,6365.18557346939,6280.2635377551,6277.34222040816,6400.81743163265,6425.82601734694,6575.67732693877,6711.08967142857,6717.51099918367,6561.23388653061,6642.57136367347,6615.33991367347,6762.44281367347,6616.62220397959,6481.15527653061,6449.82603602041,6553.39456540816,6534.40112693878,6680.17511469388,6652.44519938776,6587.82174091837,6602.31231591837,6533.39799061224,6628.78813316326,6596.81729734694,6454.70365346939,6513.29481530612,6628.04451244898,6603.37209244898,6644.34378163265,6482.5613422449,6506.24956316327,6568.23383336735,6718.17022193878,6578.23333132653,6668.67322632653,6632.68561632653,6470.40626183673,6582.85216693877,6597.97036693878,6630.68917857143,6563.73814255102,6640.46829255102,6688.40470403061,6651.11084453061,6694.8725974898,6706.30321979592,6609.25246520408,6672.9824877551,6569.30109785714,6622.07507979592,6694.90047969388,6676.02062632653,6615.1365817653,6690.30431877551,6612.85197469388,6613.73844306122,6693.65833806122,6604.15063806123,6607.51859755102,6622.26577234694,6607.13502336735,6554.62916642857,6449.86677408163,6579.1449505102,6653.6930405102,6621.90654551021,6609.40578265306,6596.22190765306,6514.56453265306,6623.00673265306,6555.38088265306,6550.73563265306,6671.89045265306,6613.08335265306,6548.44750265306,6695.01724265306,6583.60753765306,6650.96206265306,6598.01926265306,6593.65680265306,6589.92572918367,6555.66945918367,6475.35730816326,6624.69947979592,6666.65804734694,6625.98426969388,6472.89848846939,6637.05143744898,6700.98773744898,6703.81016744898,6728.08100071429,6665.03030979592,6622.72126632653,6520.11531632653,6679.21110632653,6565.24277591837,6546.89772469388,6441.01060204082,6462.44129795919,6463.84367510204,6378.15341081633,6510.13670693878,6562.33866316327,6642.84331520408,6612.54904530612,6610.25292530612,6458.06378969388,6580.80101683674,6454.91795357143,6417.93623857143,6754.78621393877,6614.44451393878,6600.11163081633,6536.54401469388,6536.91772040816,6450.02467112245,6216.709615,6239.16475989796,6346.63835102041,6635.26925122449,6534.37683846939,6626.63704693877,6580.92942346939,6642.64372122449,6652.92322142857,6637.06849367347,6642.25167367347,6655.6308994898,6580.07708673469,6763.6346367347,6705.91296020408,6705.89400020408,6726.67351020408,6758.95851395918,6659.48680989796,6626.09788622449,6539.14537622449,6631.51497122449,6699.72570122449,6686.64622387755,6647.83471744898,6618.66996214286,6631.28256214286,6785.24405989796,6688.94946846939,6638.78957346939,6681.38521346939,6729.74660653061,6571.02591653061,6472.23137653061,6547.76572653061,6541.20933653061,6418.51628336735,6377.32765336735,6426.74019836735,6400.87553877551,6435.05675540816,6412.773235,6628.15509153061,6578.81574030612,6774.59585081632,6613.68143908163,6702.07474408163,6514.13551683673,6556.96964765306,6549.2203705102,6609.97187704082,6492.78777785714,6675.80565306122,6649.31571306122,6654.31803806122,6627.51204306122,6646.96836387755,6510.8744477551,6497.29815204082,6551.59257551021,6530.62816551021,6641.79957602041,6614.51753877551,6652.05239331632,6595.59226806122,6675.17203306123,6584.01456479592,6623.71733530612,6570.71567826531,6528.39005520408,6572.35461581633,6590.96761642857,6680.63180438776,6425.6487194898,6441.5855994898,6367.58771938776,6494.89976387755,6451.20874755102,6530.89530816327,6447.26970040816,6482.48555510204,6532.42414285714,6429.10025714286,6414.93472653061,6329.04496428571,6352.97506530612,6471.82305653061,6541.30936571429,6561.82500408163,6457.45842071429,6397.76989897959,6449.54845612245,6526.29659489796,6676.62898367347,6555.45849316327,6582.06230102041,6603.73476979592,6558.19510234694,6548.72164346939,6500.84002040816,6620.74438510204,6608.1137472449,6701.75722295918,6717.11404795918,6585.40187295918,6627.88308653061,6663.71843959183,6699.12970028571,6578.70719457143,6705.92823204082,6613.38651204082,6658.30701306123,6716.0147244898,6586.88325020408,6600.26100020408,6633.65336163265,6508.9011405102,6598.12829051021,6579.20893989796,6571.26579795918,6428.65326295918,6430.47534153061,6402.44086836735,6447.54011691837,6372.80405416326,6437.1160765102,6466.02500234694,6539.64056734694,6561.84894510204,6725.53201326531,6759.50662857143,6791.16118387755,6640.20024867347,6598.4065244898,6594.23708653061,6613.05106346939,6781.40648722449,6760.62481222449,6700.13544326531,6688.26757306122,6627.88436071429,6575.16088734694,6606.80530183673,6403.86337673469,6440.18917173469,6299.24538857143,6453.90100408163,6449.36285510204,6468.39917448979,6550.63177244898,6560.78774204081,6559.06273367347,6495.08250602041,6563.80208255102,6477.35192255102,6390.11041438775,6477.30703520408,6437.50903622449,6552.06355459184,6559.27534285714,6529.58794285714,6464.02504918367,6455.57649489796,6522.57977295918,6653.03351887755,6688.90935765306,6628.30188688775,6703.42941158163,6732.54302551021,6746.56989612245,6634.97605183673,6477.29534469388,6561.47554591837,6591.05652163265,6477.36163979592,6511.99614183674,6570.58927122449,6456.19618408163,6540.44881530612,6400.18061704082,6602.26342142857,6691.26072612245,6653.85879714286,6675.58765132653,6755.85304183674,6683.4171632653,6718.12085109184,6697.55422415306,6565.39159394898,6654.67781129592,6570.47457744898,6668.17443418367,6636.49332061224,6717.61624918367,6615.09039367347,6664.8957727551,6770.50087734694,6602.92647489796,6534.20387346939,6586.31791836735,6410.25052479592,6577.01142346939,6520.17774346939,6662.62096653061,6707.335387,6618.480112,6374.14875622449,6630.71268072449,6620.93851122449,6660.54169122449,6610.27597122449,6580.83677857143,6347.47353489796,6305.51046469388,6316.74032959184,6320.25913663265,6390.89237857143,6461.23504622449,6517.07602836735,6616.37514306123,6486.86158061225,6584.82600102041,6461.96581122449,6542.43353469388,6538.65563979592,6610.28198979592,6611.04800663265,6525.49818479592,6527.03586081633,6374.13402010204,6553.61878071429,6499.34748418367,6486.7754417551,6634.34597755102,6623.65888877551,6632.99465061225,6541.08793857143,6571.54299010204,6515.30366887755,6533.8438005102,6398.24992469388,6350.63449418367,6403.33891938775,6490.60164438775,6362.17845714286,6340.6003055102,6284.52126061224,6505.8527427551,6369.98378622449,6438.54516061225,6451.96276836735,6435.74681897959,6328.77547040816,6352.62821153061,6412.2235877551,6473.73183642857,6372.12284897959,6279.13238918367,6326.67240918367,6273.42273622449,6424.04467244898,6403.54326540816,6426.15552346939,6538.35767346939,6459.67701530612,6440.2648322449,6422.89131183674,6434.97557,6449.48785591837,6563.39418428571,6694.75925632653,6679.54986489796,6821.60921979592,6615.03602397959,6702.43845897959,6676.40300979592,6752.92551653061,6567.34771489796,6629.3276672449,6633.8676655102,6694.41115846939,6682.66677602041,6622.33018857143,6704.10227959184,6716.96185469388,6637.97836255102,6666.16939183673,6581.45162632653,6710.30014520408,6623.78546795918,6574.45286928571,6704.71660428571,6645.64446510204,6529.94338193877,6629.0248382653,6659.11438081633,6580.69908469388,6626.01793453061,6617.57226836735,6657.36208959184,6641.95812459184,6509.41412173469,6680.2322977551,6654.00559193878,6579.45295255102,6441.11125357143,6507.08952897959,6476.22188785714,6421.66347336735,6554.22243673469,6392.37124081633,6570.21246255102,6590.71553561224,6600.73548469388,6675.54050085714,6431.72900336735,6585.62263714286,6661.28356632653,6640.66825040816,6617.68772428571,6554.62381755102,6622.41195244898,6612.26307714286,6606.99990326531,6665.39085816327,6528.42445204081,6412.79437244898,6413.27164387755,6490.74253367347,6625.4474122449,6550.51562979592,6505.29286836735,6463.40022244898,6479.87408418367,6360.22650918367,6521.93720714286,6539.22103163265,6477.33842959184,6412.08194959184,6575.07196265306,6532.31086632653,6683.1149755102,6622.53982826531,6574.32762040816,6598.45846122449,6489.21431540816,6668.50392122449,6646.28388122449,6643.23222122449,6602.43747122449,6630.46183887755,6655.91586397959,6666.52868897959,6655.02646397959,6705.02346397959,6666.05491465306,6707.94055465306,6629.45285959184,6551.44058734694,6725.2872472449,6636.64849469388,6564.09384693878,6560.91530510204,6347.794865,6442.78305469388,6583.56885806123,6652.70729234694,6627.23722234694,6697.90849234694,6729.20909071429,6746.22909571428,6580.40087959184,6628.89988520408,6591.0406467347,6686.10107346939,6705.05127277551,6702.52011102041,6712.74125102041,6585.10078653061,6572.1905344898,6603.8042844898,6415.32375418367,6408.43472142857,6526.23848520408,6660.18954112245,6763.78386489796,6606.59982571428,6642.15950071429,6606.03900571429,6406.8516222449,6326.44285346939,6515.88357346939,6406.84854081633,6464.34599081633,6191.53034806123,6270.1332205102,6148.82503877551,6406.11078316327,6547.88679602041,6358.8201444898,6384.21166836735,6473.42420714286,6511.46729897959,6548.39496081633,6479.80151540816,6446.01379040816,6533.61520816326,6483.67411316327,6608.61682602041,6463.55812204082,6570.25342653061,6459.8241922449,6396.18907714286,6534.71622693878,6490.78105897959,6445.36894336735,6374.59853540816,6201.2729444898,6382.03879387755,6385.73753887755,6399.84184387755,6393.44524387755,6418.91944387755,6753.24760336735,6565.75959479592,6556.72703653061,6571.28062244898,6416.26412214286,6559.84489897959,6445.50205510204,6470.66004520408,6593.24649316327,6574.02257346939,6492.25542632653,6667.35376132653,6651.66222132653,6552.65481132653,6482.28913826531,6683.08042887755,6647.06180887755,6652.53876040816,6651.72596653061,6686.21809959184,6567.32851459184,6613.63397459184,6694.28729193878,6639.65721693878,6642.07241520408,6703.82183918367,6647.18078918367,6688.17389367347,6717.63732816326,6692.9103177551,6708.41965,6637.93908428572,6612.36603244898,6552.20562959184,6669.28605489796,6630.79832030612,6611.12696387755,6460.31670295918,6546.62807,6654.8998,6646.26426816327,6673.91972590816,6742.9351605,6661.49892488776,6652.11381835714,6547.61772061224,6608.73273191837,6634.60211867347,6669.77245163265,6783.37724163265,6628.90434153061,6605.18363122449,6785.88133734694,6622.49070846939,6671.717185,6538.3581194898,6464.00353265306,6386.65117785714,6433.82827071429,6434.60297153061,6504.48640989796,6431.45645510204,6471.9474055102,6489.93409091837,6551.20742244898,6650.05763755102,6556.91046769388,6474.59612330612,6347.07245493878,6576.47949173469,6515.50145704081,6521.10148734694,6430.54004653061,6393.46777653061,6378.43968510204,6389.33845612245,6499.49723265306,6676.49337183673,6567.92233806122,6426.54865377551,6535.12687806122,6546.25261571429,6673.00543793877,6619.66619755102,6602.66826244898,6676.90242183673,6666.47451326531,6643.56696836735,6731.58039795918,6675.81120520408,6581.39409306122,6546.51901408163,6516.21694795918,6723.36778714286,6692.84591081633,6790.66307277551,6720.20969357143,6757.21709357143,6569.23382,6501.93613469388,6492.24734897959,6500.44457285714,6451.09424285714,6511.02010153061,6448.17779989796,6384.83471795918,6412.04239704081,6319.55979591837,6475.00185306122,6510.2926795,6484.2071055102,6666.62874918367,6608.29770081633,6678.37064346939,6620.2435475102,6704.37615132653,6737.37234367347,6619.43672367347,6589.06643232653,6725.03689853061,6674.07190571429,6624.99449122449,6700.37532371429,6724.73970579592,6665.20131479592,6616.54569408163,6641.82165755102,6636.25699836735,6648.21747877551,6725.55518336735,6675.24669051021,6646.38972387755,6724.26019897959,6561.17055102041,6599.41164102041,6593.80084897959,6649.37289693878,6554.33809469388,6505.43123979592,6490.75429928571,6542.76510857143,6630.31418663265,6621.6393644898,6583.01635918367,6594.57163877551,6653.75922346939,6591.97839285714,6716.33333938775,6655.10304877551,6600.39352142857,6453.19838561224,6516.07489969388,6628.52480408163,6655.83465687755,6690.81426987755,6597.02915989796,6590.57639612245,6698.84952326531,6752.53407928572,6609.11959428571,6654.59950306122,6530.47120418367,6477.20914744898,6600.27246795918,6494.78897204082,6538.73524704082,6580.51567969388,6625.51311540816,6718.90987785714,6664.74318081633,6671.53832465306,6638.89590938775,6582.1918655102,6719.88455612245,6753.45268020408,6658.10354285714,6959.366075,6561.05074938776,6519.35518438776,6527.58819438775,6574.74576479592,6746.32769071429,6801.59095571429,6712.05898469388,6740.20315489796,6691.18220489796,6751.98160081633,6652.54253729592,6638.04855346939,6699.63815122449,6613.03589183673,6659.89862428572,6651.34200428571,6644.88548071429,6552.4195877551,6648.68612867347,6561.98286153061,6698.47339530612,6562.55309571429,6534.34927459184,6566.85529897959,6647.04886959184,6497.60493122449,6590.78282326531,6469.60745306122,6568.62785306122,6592.84470306122,6473.77005510204,6533.33332540816,6510.98815387755,6236.84256785714,6345.17211734694,6419.99208867347,6472.22594765306,6439.01853061224,6433.97146061225,6481.13218367347,6528.08938020408,6563.92521632653,6451.31881020408,6454.65741285714,6555.47740959183,6569.90922244898,6606.29627153061,6562.09580765306,6588.13290765306,6521.12621204082,6631.43097551021,6533.68102877551,6554.61883418368,6480.23069928572,6496.84334683673,6451.61880306123,6570.22052857143,6485.71984081633,6575.33330204082,6433.56107959184,6633.88353510204,6715.48454714286,6607.77427540816,6397.75378387755,6496.61879540817,6409.56440765306,6397.47157877551,6528.06908183674,6577.18141020408,6646.64113081633,6520.66643163265,6490.86191897959,6621.99866163266,6642.54592897959,6595.9633394898,6517.76750714286,6563.71701785714,6558.88998346939,6599.48681326531,6547.15790836735,6580.18755530612,6606.55167336735,6662.36809510204,6695.17741102041,6607.86887142857,6574.04529693878,6584.23521846939,6704.71889,6717.61815653061,6620.62705653061,6577.44781857143,6611.49396020408,6645.57604244898,6575.90049959184,6639.15219209184,6548.98169887755,6613.88025602041,6595.97863122449,6488.3248072449,6575.64513142857,6504.10389142857,6519.48770081632,6593.4683505102,6584.88526846939,6615.42008397959,6631.6460405102,6626.57930959184,6740.22345081632,6584.69479122449,6610.14144,6231.60584326531,6368.82145704082,6391.61921510204,6505.37503610204,6535.37895273469,6525.9006377551,6553.58777102041,6477.29417755102,6578.65056020408,6572.97674489796,6700.27478718367,6662.54378718367,6612.21105632653,6641.7599127551,6636.44960755102,6621.88714408163,6677.61169244898,6655.4161844898,6617.76322316327,6581.88785408163,6545.8683122449,6537.1730122449,6620.65038122449,6641.15884840816,6520.44392040816,6568.76160040816,6567.08368163265,6572.42670336735,6631.46568989796,6450.04835122449,6467.95466122449,6426.87319061225,6609.67758265306,6549.08458765306,6385.48069091837,6513.74240132653,6514.07301632653,6371.96892469388,6452.98699704082,6482.2580122449,6527.83660714286,6396.72465071429,6383.0860632653,6411.85434183673,6467.73342755102,6444.90970734694,6231.9789872449,6336.8895472449,6234.54807163265,6265.79457142857,6370.22741428571,6440.73868163265,6440.62598877551,6438.97501530612,6534.94912653061,6664.2395272449,6682.3890472449,6729.19762765306,6731.35777089796,6618.24779897959,6752.34370219388,6644.62158010204,6708.33761326531,6493.25008438776,6586.38997959184,6595.26628,6753.23370632653,6662.72640632653,6476.37708070408,6537.65279255102,6682.78706622449,6560.32192112245,6653.31984979592,6688.11069693877,6565.94190306122,6483.75738979592,6458.11035,6580.42406122449,6571.09795591837,6558.73432591837,6364.53732908163,6645.22780102041,6524.3227494898,6594.92228234694,6615.84036010204,6500.3225122449,6531.06886755102,6680.92574306123,6763.51141806122,6562.10997683674,6490.77917020408,6551.07683061224,6555.15473265306,6466.94021214286,6415.31087214286,6422.35424081633,6373.1763622449,6381.2613022449,6370.31162285714,6427.41888785714,6536.50098887755,6586.23116938776,6548.44331816326,6537.94739897959,6521.49999081633,6587.08043418367,6591.45063040816,6509.15525377551,6508.99382112245,6595.75870510204,6580.15535040816,6461.76796836735,6457.32627918367,6479.66046020408,6390.50330857143,6469.09671367347,6767.53977346939,6576.93990102041,6613.65383897959,6503.31930204082,6649.075915,6703.55971816326,6553.18859255102,6692.03727755102,6722.1646827551,6679.25920571428,6629.47069183673,6605.02139877551,6568.24288867347,6546.15642081633,6536.42997163265,6526.22547081633,6551.08890928572,6620.83891163265,6644.5905822449,6606.93370142857,6593.06739489796,6649.89685102041,6647.86030102041,6549.81937795918,6544.84209591836,6718.44892795918,6754.29608540816,6576.85122836735,6654.81027714286,6732.54087714286,6672.31749591837,6575.53433448979,6642.70826836735,6629.13314520408,6624.08816346939,6284.93994571429,6613.69071438776,6684.41192091837,6715.94275346939,6572.90861755102,6615.31704306122,6580.12090306123,6565.26029795918,6455.35797755102,6661.76643367347,6332.49313571429,6512.02024142857,6571.22287306122,6677.54797408163,6521.00348469388,6597.49420510204,6528.4187055102,6650.71945653061,6659.11431520408,6582.35340520408,6647.29428367347,6694.87406846939,6653.49566244898,6621.17715193878,6658.12450714286,6557.48147979592,6586.02448377551,6691.80093816327,6610.07255704082,6637.29400428572,6782.49631428571,6539.08300571428,6301.06036367347,6365.45738183673,6400.26236032653,6415.43840908163,6379.91780408163,6529.67788326531,6486.99054040816,6688.3259294898,6665.05117479592,6599.12981428571,6712.3957367347,6573.97822571429,6632.07849795918,6582.41661755102,6594.46506040816,6350.34108377551,6753.75698397959,6648.46529653061,6700.25976428571,6609.48650877551,6630.7724,6581.34515,6622.96593061224,6750.23153367347,6857.85708469388,6545.74904591837,6687.16519102041,6665.79386081633,6576.39265040817,6616.17095530612,6634.97592204082,6630.1508177551,6733.76601510204,6710.23421122449,6696.61984238775,6616.44189153061,6562.90489591837,6583.8547827551,6703.47555510204,6689.38178379592,6496.66723806123,6564.3151267347,6487.67631357143,6595.59649040816,6680.76804489796,6616.6668694898,6570.67769418367,6650.82097193878,6779.85102193877,6681.20619255102,6575.10523387755,6626.24179183673,6577.96886367347,6687.92663918367,6548.21158479592,6733.54786918367,6691.81912418367,6627.30434265306,6503.47098489796,6502.88800918367,6343.85627755102,6369.15887755102,6340.72517755102,6436.7466272449,6363.62455785714,6519.60716122449,6583.4666627551,6566.68291734694,6613.13492887755,6624.88648663265,6567.74516734694,6574.80933265306,6616.03403765306,6550.71916683673,6653.21542306123,6670.64677285714,6664.39743785714,6562.66400979592,6454.69315173469,6567.87734897959,6688.10027326531,6730.29824857143,6707.32386220408,6733.87911653061,6778.15728726531,6637.03112061224,6548.46915448979,6422.08653571429,6213.19883571429,6317.94668571429,6236.96603571429,6279.25455306122,6268.50055112245,6274.16190112245,6211.71999877551,6251.66373877551,6437.07719897959,6291.88600153061,6339.39697153061,6378.30967153061,6431.23800928571,6391.35582530612,6581.54467285715,6445.4947355102,6476.52112265306,6409.7949822551,6482.39032755102,6516.59588530612,6427.76133387755,6413.30899397959,6401.94053234694,6387.14901734694,6445.61192285714,6476.42096673469,6571.41047673469,6442.27369173469,6525.65764173469,6407.08879755102,6674.00021489796,6668.38319857143,6615.49487173469,6610.72345122449,6346.10017846939,6381.98271979592,6525.69209357143,6652.80241816327,6640.6054955102,6765.35586587755,6685.31787112245,6746.69053312245,6698.84974069388,6707.0155705102,6612.23677979592,6742.96780234694,6721.50606512245,6635.56641653061,6656.33385683673,6663.24292683673,6587.55666132653,6531.07270530612,6636.03081530612,6622.48686530612,6567.50937183674,6519.31133367347,6510.35115510204,6471.48116428572,6584.35071734694,6639.46268520408,6573.74951887755,6491.69871102041,6496.758115,6615.15857122449,6524.52341979592,6652.72111642857,6676.66297642857,6648.82162428571,6709.79876428572,6736.85492285714,6596.37987418367,6664.96343163265,6684.66581,6720.71972428571,6785.15165785714,6713.83908408163,6712.80919408163,6719.68348908163,6784.73257908163,6576.54550897959,6534.96208530612,6547.20794367347,6432.00258367347,6521.24803795918,6620.80715306122,6602.05934989796,6520.12877663265,6699.34489163265,6545.22403963265,6583.67854442857,6579.23137204081,6627.24419857143,6556.4995132653,6561.14593459184,6664.5218177551,6739.09021571428,6542.0628544898,6642.78525757143,6638.33075612245,6594.72678285714,6689.41514,6692.05174418367,6730.72338071428,6689.04063571429,6667.54579306123,6577.78418428572,6618.2518377551,6600.2555722449,6652.87204897959,6582.53494836735,6622.2179627551,6728.57403540816,6727.39581397959,6724.89153673469,6608.67100663265,6747.3812844898,6408.1128,6420.38051836735,6539.82892489796,6635.16775765306,6465.38145642857,6633.30509387755,6630.15558317755,6543.58534725918,6689.49617346939,6605.3423177551,6661.04162122449,6663.71302122449,6702.62285469388,6737.50180418367,6703.68479785714,6712.60792030613,6699.42551612245,6638.46703806122,6607.8276627551,6536.12587,6713.57500357143,6591.30300744898,6613.09317438776,6650.06206969388,6701.36366122449,6622.87607744898,6598.31222744898,6594.42415020408,6751.38446153061,6364.39296459184,6601.56831163265,6534.78591479592,6475.81997102041,6416.60530102041,6581.40670387755,6637.52184857143,6586.7953622449,6565.93329969388,6620.04831142857,6628.7343922449,6716.0609122449,6622.11220663265,6720.653457,6743.646312,6669.59294387755,6763.0941172449,6669.3997422449,6752.4763372449,6784.40497571428,6578.66094969388,6553.5040972449,6506.42488163265,6677.50695928571,6549.91741326531,6523.23349826531,6441.70993163265,6614.0812122449,6527.49979255102,6666.61735215306,6590.54693836735,6659.63481142857,6691.2664505102,6638.26463051021,6774.20273551021,6624.60133826531,6700.74092244898,6581.62205367347,6694.11431,6671.58723571429,6616.66093408163,6642.50869122449,6569.93447112245,6562.81987744898,6602.0942222449,6559.57390336735,6474.20243765306,6456.92048357143,6412.39361744898,6453.16324244898,6548.23287244898,6705.91408508163,6754.34252479592,6599.4604822449,6591.8295322449,6572.7084972449,6531.92906142857,6538.54422938775,6570.24000918367,6625.30088622449,6633.5082455102,6598.01645755102,6588.24225357143,6606.41693520408,6609.65601367347,6601.55325989796,6602.51762857143,6600.28766591837,6676.44579336735,6641.29185908163,6589.56256867347,6693.10299173469,6617.6853967347,6602.2113427551,6534.40169091837,6508.14281836735,6566.12520122449,6510.37466831633,6592.93047204082,6562.67331734694,6491.7102522449,6553.9785522449,6531.81565102041,6346.80839285714,6464.38252622449,6420.31622448979,6493.17862397959,6382.07923010204,6447.35465510204,6398.77067989796,6436.12148453061,6514.01864408163,6410.00488469388,6359.08331530612,6512.32723673469,6416.95504520408,6224.41912346939,6182.07824693878,6262.66064020408,6295.51672183673,6217.11202887755,6298.84539928572,6357.29485755102,6522.27613265306,6468.19895816327,6375.32141836735,6469.6323744898,6495.54846938775,6478.42731897959,6502.14059591837,6422.6930477551,6463.83251836735,6548.34461265306,6502.97193765306,6477.35005938776,6490.77577938776,6531.79224612245,6557.84264438776,6451.69860571429,6600.07619959184,6591.35338091837,6541.92858061225,6745.39303071429,6760.16957728572,6505.28986591837,6512.99815,6475.0297094898,6519.11946734694,6483.17171734694,6494.07498142857,6501.0624594898,6489.15653387755,6627.80877102041,6421.95626255102,6473.16148295918,6437.28536040817,6500.94677020408,6566.38436836735,6518.95671418367,6397.53889826531,6658.521375,6572.09059469388,6593.17154632653,6636.60319938775,6695.30402714286,6698.56551469388,6808.02283183673,6778.98244979592,6721.811085,6675.49375040816,6695.95242463265,6647.042106,6706.105971,6517.70115602041,6568.84827438775,6458.50528612245,6476.54641816326,6600.65168704081,6477.97240204082,6670.35929,6690.61125295918,6668.32284366326,6666.78763673469,6489.20609826531,6681.15034744898,6746.96266153061,6662.55726095918,6632.02818877551,6666.2267227551,6637.1736494898,6543.1415487551,6508.1022354898,6595.36253367347,6612.81604418367,6690.94850846939,6715.51140642857,6650.27307653061,6654.82251316326,6780.71781567347,6777.08727326531,6779.82653755102,6756.50108857143,6755.60626061225,6689.73099265306,6732.84761714286,6622.98419785714,6517.31305489796,6655.69404346939,6514.85989336735,6377.64961989796,6598.94743969388,6551.96887265306,6406.56899622449,6418.92797163265,6600.01946142857,6511.16613081633,6634.10164183674,6597.53921428572,6592.60673520408,6573.87320704082,6455.74642561225,6423.36521061224,6549.94956561225,6518.16070295919,6505.03469295919,6494.89826561225,6413.37439622449,6465.40902673469,6519.56930173469,6453.37871173469,6608.32906479592,6679.53098673469,6745.22302153061,6644.75839336735,6729.52056408163,6640.40162918367,6742.92820918367,6635.8918177551,6695.80673602041,6641.23375561225,6639.81266846939,6544.7774744898,6665.4972944898,6593.94174714286,6632.46790510204,6650.9935905102,6499.12305173469,6564.95968265306,6619.90675530612,6662.64718530612,6583.12739244898,6647.19157040816,6562.18145816327,6558.74153765306,6397.18988571429,6442.31058979592,6586.0698755102,6713.60581081633,6609.24332255102,6609.04273255102,6560.35182734694,6520.85013397959,6598.92766928571,6616.83085081633,6450.70478112245,6499.78019663265,6473.14933163265,6497.21656908163,6414.65485785714,6651.09496469388,6515.89865959184,6539.29197734694,6523.90135255102,6522.45240255102,6569.30194877551,6586.87949244898,6485.44091428571,6556.60933346939,6600.47797653061,6659.59798918368,6767.85105826531,6721.95276530612,6824.64444336735,6693.29269,6688.42786269388,6752.1460052449,6716.41036102041,6629.93794826531,6764.46503132653,6812.55577310204,6567.84600795919,6492.64578571429,6604.52412857143,6654.72671530612,6583.06705928571,6698.83300336735,6721.45277836735,6692.11982510204,6713.02329244898,6670.35834244898,6661.34109244898,6641.8872077551,6737.78362306123,6636.69199061225,6640.3070427551,6707.5880277551,6609.86260040816,6650.94004346939,6559.31057642857,6536.86792551021,6633.89038979592,6499.45035132653,6724.3650344898,6693.96306734694,6606.49017673469,6548.27779659184,6568.98622448979,6595.05044612245,6592.805495,6506.70775928571,6494.70341959184,6469.05590387755,6476.69226887755,6415.40612387755,6467.55142336735,6591.18868785714,6701.98656173469,6569.66686581633,6701.54585795919,6535.11392673469,6640.04002887755,6703.26184132653,6659.29715816327,6640.84393836735,6519.53236122449,6505.68925204082,6515.76231938775,6624.36296326531,6521.06106326531,6510.72600510204,6508.95968510204,6445.51425510204,6381.97205255102,6423.61002755102,6340.57577755102,6424.8991755102,6554.07891122449,6549.6281255102,6471.79376938776,6551.85397561225,6557.88863061225,6573.19241734694,6522.01146204081,6519.94206255102,6428.17693122449,6350.27586622449,6365.87221193878,6398.84967173469,6473.00210306123,6426.2985972449,6446.7141572449,6530.97365040816,6532.27866673469,6611.31549969388,6587.63470714286,6569.26249755102,6474.74829255102,6501.89808469388,6420.97484612245,6532.34177040816,6500.27917857143,6500.08154979592,6450.05164571428,6458.72870438775,6529.75674346939,6562.8458622449,6670.63379714286,6637.2822694898,6794.04254836735,6711.50660510204,6610.01854910204,6701.40271316327,6653.04970806123,6673.38705989796,6636.43288081633,6653.0715644898,6636.82131908163,6517.70508367347,6475.20203336735,6415.57153336735,6695.45078173469,6661.80946653061,6604.42433653061,6652.05223959184,6657.08742163265,6646.44577163265,6496.0842144898,6570.82001081633,6475.76344040816,6507.78891928571,6428.84459520408,6356.72543102041,6467.84187989796,6467.92840989796,6397.31388163265,6373.76349112245,6532.20354693878,6394.19462561225,6430.30842989796,6469.99907989796,6470.25077377551,6610.91095153061,6605.72946836735,6455.36531938775,6454.10508673469,6637.41299387755,6646.61898826531,6686.99752455102,6690.13839955102,6776.12343897959,6654.35782163265,6650.14324673469,6662.61821183673,6651.62243,6682.39686387755,6620.50266061224,6676.55301561224,6649.8026277551,6566.16338959184,6490.53789591837,6546.37478367347,6720.53577959184,6639.35332418367,6505.7143777551,6628.27844510204,6639.49275377551,6644.10319734694,6737.00807918367,6664.11650122449,6589.90222561225,6418.15615867347,6572.13891367347,6365.52942214286,6278.34634714286,6319.70508489796,6363.41782244898,6251.39872244898,6318.83525744898,6322.88614612245,6243.44104459184,6267.93833714286,6313.43062857143,6347.60183163265,6358.95474591837,6392.27474591837,6375.08579163265,6492.5581077551,6376.50161428571,6235.23431428571,6291.32489285714,6475.08958612245,6618.82522704082,6372.2959877551,6226.10955836735,6279.51809214286,6217.01779714286,6203.46154918367,6101.72492693878,6427.2854194898,6520.14012479592,6509.21878408163,6603.14758357143,6507.24307867347,6423.33398061224,6402.00063142857,6441.92019785714,6515.60801469388,6535.50263806122,6441.16642561225,6443.90844265306,6413.00564183674,6509.92219387755,6518.77623704082,6651.60979204082,6594.48671061224,6553.53983265306,6596.11723265306,6688.70872173469,6566.64754357143,6553.92970204082,6545.43124081633,6572.06370816327,6652.33100767347,6618.0410244898,6575.69663663266,6548.65798265306,6584.17427030612,6587.36968673469,6516.88583877551,6524.66453571429,6525.3378127551,6563.84956326531,6541.82271020408,6498.0321955102,6536.11728367347,6598.01217163265,6351.5085072449,6355.3976622449,6355.8224622449,6311.3629872449,6353.49501918368,6355.52427577551,6422.5814827551,6613.84508513265,6637.08897469388,6651.30835969388,6543.84342469388,6668.13718969388,6581.80245193877,6540.03618714286,6666.64053714286,6553.70956428571,6605.68926428571,6608.11892418367,6576.03484887755,6544.4234694898,6679.03861836735,6536.57485081633,6444.26905204082,6453.17430265306,6439.07569897959,6446.50884591837,6544.1298244898,6620.50052777551,6541.44502489796,6504.38876122449,6373.46772142857,6493.94611938776,6592.76383071429,6745.22529877551,6749.97724061225,6568.99307265306,6585.99884265306,6647.16680265306,6634.33267795918,6762.99735342857,6706.22470842857,6785.45950842857,6791.74272342857,6703.11563342857,6651.98066342857,6595.14366979592,6671.64506979592,6658.12831663265,6623.45525336735,6540.29020204082,6513.86295204082,6688.02580897959,6686.16637897959,6799.60822897959,6605.93790765306,6793.05292091837,6689.88256571429,6724.49067918367,6710.40010918367,6628.49014887755,6845.14875795918,6712.98776061225,6678.96346561225,6649.63323795918,6686.76665877551,6688.26281979592,6772.01428112245,6741.60566489796,6713.39702571429,6656.69411622449,6683.79298653061,6663.65278653061,6701.1368577551,6648.62542755102,6639.98559255102,6624.31245612245,6770.57697439796,6600.73473897959,6649.49633397959,6569.31173397959,6672.11849428572,6608.17232306123,6538.06143673469,6581.22809429592,6507.90777346939,6552.04225714286,6559.66866428571,6626.77302755102,6577.50227040816,6487.01034744898,6555.40615367347,6526.20610591837,6738.00340979592,6675.56050979592,6656.82871816327,6688.2386144898,6606.60543265306,6525.63892653061,6480.63986397959,6451.88977428571,6415.37886663265,6474.79034795918,6528.82184081633,6566.74945602041,6527.27777993877,6489.99300714286,6497.28032142857,6173.48510581633,6405.40229040816,6606.36530755102,6580.33563734694,6579.42749632653,6448.89970132653,6542.24069969388,6462.35141530612,6506.97059581633,6391.92145081633,6504.71968673469,6650.44940285714,6676.08304755102,6668.22427204082,6583.86724918368,6571.41231540816,6645.8741094898,6608.39539806122,6564.57626326531,6483.79729897959,6507.86049234694,6488.45054091837,6546.88910173469,6478.06902438775,6491.03907091837,6671.24085744898,6724.09020122449,6680.74943122449,6580.651905,6555.37129632653,6603.82711418367,6660.09216020408,6642.40358122449,6658.85088359184,6704.4642744898,6698.15486928571,6627.78521918368,6708.78324408163,6641.88745295918,6559.15457357143,6645.77601387755,6696.04078387755,6810.33850887755,6643.43158081633,6641.31453377551,6582.97627632653,6677.60661673469,6486.7515227551,6409.43721785714,6751.79996204082,6587.41319714286,6606.16071714286,6539.57886142857,6591.85194020408,6659.05468459184,6591.84881979592,6557.73602704082,6657.43776877551,6465.40389326531,6467.27485479592,6569.87590489796,6579.08099826531,6662.12835377551,6633.19064397959,6640.77527897959,6645.09637897959,6567.45468469388,6565.71482040816,6670.17760612245,6595.8100744898,6665.48424071429,6586.48921071429,6468.7217,6548.616425,6471.01157428571,6633.83156734694,6614.39442734694,6526.17816734694,6599.31086632653,6593.38361836735,6653.4357055102,6690.1296055102,6572.80909795918,6720.92290714286,6699.79122510204,6748.55751846939,6567.84362265306,6457.59898744898,6569.7913572449,6600.9384222449,6462.75801265306,6451.46331632653,6488.2182422449,6381.56840938775,6611.80764326531,6528.83564581633,6583.13681896939,6693.26423652041,6525.08060652041,6579.39813143878,6632.93039827551,6652.61542133673,6748.6421117449,6462.3488167449,6591.75115306122,6565.35498071429,6582.39384418367,6691.75022265306,6552.92334591837,6525.65778571429,6559.32367142857,6359.41456693878,6426.01814693878,6388.83799795918,6370.49790306122,6347.86390510204,6525.44157010204,6511.72851428571,6667.06890285714,6632.68022714286,6568.88320897959,6669.4478555102,6648.62439489796,6685.70096265306,6650.35436265306,6579.69348295918,6550.82557030612,6668.06964367347,6661.44489367347,6605.41147867347,6682.19752867347,6617.20639489796,6655.13568459184,6645.15427387755,6568.63795408163,6552.85369714286,6503.20671296939,6535.98166082653,6428.20022204081,6504.46971530612,6563.8826077551,6480.00306918367,6540.67682438776,6496.85401887755,6509.16446887755,6563.3257227551,6629.04658571428,6700.09879326531,6699.4161882653,6480.90594785714,6635.32181653061,6557.55545612245,6537.11954612245,6586.27309816327,6601.48113153061,6597.82593255102,6618.67424654082,6664.62781112245,6572.03153204082,6692.76215918367,6711.3532677551,6591.79548857143,6556.72955265306,6649.71360979592,6613.38948836735,6702.37705081633,6727.25622118367,6816.55011744898,6774.7170827551,6705.93458287755,6676.62324787755,6689.10528787755,6693.24578397959,6625.86225591837,6614.99763632653,6627.60739163265,6628.24121728572,6616.23558088775,6628.30337122449,6609.70483214286,6643.41806591837,6581.44205959184,6599.49890959184,6593.66003663265,6695.45286163265,6626.96048887755,6660.81191265306,6646.02722265306,6641.16887877551,6658.90211897959,6570.13484897959,6682.80461897959,6654.55778857143,6649.67878204081,6652.09603448979,6710.37552459184,6517.37304806122,6548.99521612245,6511.56391122449,6549.5933755102,6611.201225,6708.96520130612,6654.58607815306,6588.44539927551,6573.4995082551,6636.87665947959,6673.17647947959,6635.60092704082,6551.99146295918,6520.87540387755,6548.69146816327,6470.40662520408,6683.31456397959,6666.75184112245,6644.43790173469,6548.50672887755,6744.27746846939,6762.00960459184,6576.22035979592,6614.91210479592,6658.41732510204,6719.74207653061,6514.75551612245,6549.93389683674,6567.28856969388,6624.54259183673,6426.51393142857,6649.35043387755,6572.62989806122,6572.81097806122,6663.67370938776,6638.38926755102,6605.7214594898,6601.7871444898,6686.49770948979,6658.6135522449,6761.24143593877,6748.49846093877,6658.87242306123,6625.91212183673,6647.95945510204,6611.04690612245,6685.42257571429,6726.19926704082,6709.35821663265,6723.02000857143,6630.08012714286,6585.71854295918,6505.06470816327,6562.56517193878,6613.70162045918,6623.37814285714,6429.98128571429,6409.90743163265,6299.00356836735,6223.62274387755,6084.0387655102,6334.54023979592,6570.62938255102,6524.01182020408,6443.94064418367,6524.4703377551,6626.34231836735,6424.34209693877,6506.09605306123,6483.09175071428,6661.63854765306,6537.30658979592,6546.05111581633,6589.17249897959,6567.18861285714,6489.2214,6559.75225,6551.74180948979,6481.4369744898,6598.03356469388,6588.13723387755,6716.78365908163,6738.44713416327,6734.577945,6642.03395397959,6645.64186204082,6711.22072010204,6638.09763479592,6611.1343377551,6673.53116326531,6679.01446265306,6734.25363571429,6519.65077040816,6570.09466214286,6548.67312295919,6437.77210071429,6593.46030642857,6528.75653204082,6689.21628734694,6658.39658897959,6724.74268397959,6721.7642077551,6786.9829577551,6655.37210081633,6464.51466867347,6470.05471959184,6505.97801361225,6648.35524897959,6660.58465520408,6553.47493571428,6652.01447071429,6719.48529571428,6727.83168969388,6797.77485469388,6761.34213969388,6672.90818897959,6584.21354183673,6575.89187857143,6458.73281908163,6582.68568908164,6533.60501061224,6647.30470438776,6645.31922438776,6543.8324922449,6479.48880204082,6343.39569053061,6557.18117236735,6541.1987122449,6320.32736744898,6614.16736632653,6667.50943959184,6594.42118887755,6667.9384322449,6561.4919922449,6472.30059234694,6602.14527795918,6546.51293215306,6590.84495429592,6616.39635317347,6682.46043836734,6722.6274805102,6646.23643591837,6697.25500714286,6689.42774122449,6642.60667204082,6758.4903727551,6589.75727826531,6660.42253285714,6717.7167094898,6672.13349030612,6585.39003183673,6545.93166530612,6497.86820918367,6398.18632653061,6429.53152653061,6424.09309653061,6391.25907653061,6467.79784979592,6491.39820408163,6524.1479327551,6513.17068846939,6505.92779459184,6647.94167255102,6619.22141357143,6625.29238591837,6658.27021234694,6597.30259459184,6630.61037867347,6660.00045336735,6679.55500836735,6637.62407255102,6497.05201693878,6652.75923571428,6523.00363122449,6736.66466081633,6645.10266897959,6534.66856122449,6488.60536122449,6514.11051163265,6334.07703908163,6410.46016408163,6279.99994061225,6225.71052255102,6243.78592255102,6164.42764765306,6110.69797265306,6238.34136734694,6302.3545622449,6320.9957622449,6289.19709785714,6386.09588255102,6363.62088255102,6392.39167755102,6287.58350316327,6355.66614867347,6293.20929867347,6352.02342367347,6256.82618530612,6271.31008897959,6267.27513397959,6256.83554897959,6237.30227857143,6136.48510816327,6351.85962653061,6281.78611653061,6278.58151503061,6228.85886503061,6292.85657653061,6416.02869010204,6244.0208872449,6229.6042972449,6275.22697071428,6264.94137897959,6274.21575897959,6240.20995897959,6230.06268897959,6126.21532081633,6264.17123571429,6172.77158571429,6182.62095204082,6270.37209969388,6329.43192346939,6346.30377346939,6307.46716653062,6287.19585,6425.12432428571,6481.60327653061,6599.79499183674,6608.14704326531,6604.39743704082,6597.62510806123,6596.45517,6561.87582,6548.02636326531,6557.81506326531,6575.61706020408,6582.59300010204,6489.08762357143,6543.6342622449,6589.82141051021,6577.09410102041,6649.68451418367,6681.06800010204,6644.77745010204,6672.04566510204,6689.98932510204,6744.29712918367,6401.30672061224,6481.40072612245,6412.23487255102,6474.73173030612,6414.6775705102,6201.64071682653,6310.71703682653,6212.51212193878,6345.36369693878,6359.33114693878,6383.47069285714,6318.91680765306,6427.34574612245,6508.91655734694,6578.75260173469,6556.97131357143,6620.32928846939,6518.25992744898,6550.88992704082,6597.7881122449,6414.11627020408,6472.13543785714,6549.45112326531,6616.75505336735,6625.62890846939,6655.32228604082,6664.05026020408,6536.45745,6668.76297489796,6564.10201122449,6547.75981020408,6601.60243632653,6600.86165030612,6553.06105408163,6537.98684714286,6594.95599326531,6607.57964785714,6516.36040265306,6547.69065438775,6628.50569377551,6643.09739142857,6637.6128355102,6675.84599826531,6657.7996932653,6712.38606142857,6565.00578142857,6539.44043061225,6388.53172244898,6427.39976020408,6437.43994102041,6386.97203551021,6390.98191173469,6418.59795663266,6488.86635663265,6443.28767663265,6432.89602244898,6371.5613877551,6248.29225377551,6432.27504877551,6326.34494377551,6157.60111693878,6283.43929693878,6301.09762693878,6434.40436836735,6356.23414081633,6140.7320144898,6167.6903744898,6137.3339744898,6196.7288844898,6164.1159877551,6140.00822704082,6251.6099377551,6307.82520714286,6424.79672142857,6361.88979795919,6457.59100734694,6492.22667653061,6704.34740367347,6662.55018867347,6688.7749527551,6723.2308227551,6708.6767167449,6645.7670422449,6630.26173663265,6675.86188663265,6638.40462969388,6532.77435602041,6580.20105193877,6512.17999755102,6418.79886530612,6319.93546510204,6380.42220510204,6386.97280010204,6401.80887867347,6485.25654867347,6385.28663979592,6196.57603979592,6276.13573367347,6290.86132367347,6276.67925367347,6335.70019459183,6373.55632010204,6357.51040785714,6301.50192142857,6461.09874387755,6349.86542734694,6395.30820673469,6233.86037091837,6280.54061377551,6256.48456857143,6342.64389795918,6400.60054897959,6202.98041806122,6277.09136806122,6353.07563806122,6307.05762040817,6344.34330489796,6239.01536306122,6328.90367040816,6204.41205306123,6008.38024489796,6214.68588877551,6248.39601530612,6341.87006326531,6330.28186530612,6392.96994081633,6466.81387816326,6520.63586469388,6418.10497469388,6601.78888469388,6599.32812571429,6620.86681285714,6523.75161948979,6543.870055,6457.7355094898,6451.97281255102,6372.73724142857,6370.6852605102,6403.03115959183,6405.98631326531,6549.89725959184,6578.35404183674,6504.23366938775,6455.22598163266,6343.19218979592,6371.27279081633,6350.72432755102,6381.7043167347,6263.67945816326,6313.37675816326,6312.42337551021,6353.69909551021,6432.92618602041,6475.69255102041,6557.36063367347,6465.25840918368,6556.12190118367,6428.82249118367,6466.74204118368,6486.72128938775,6562.98933367347,6706.12457051021,6710.84070591837,6652.06763816327,6663.5648222449,6601.1363355102,6506.05157122449,6542.89271204082,6489.56950204082,6317.98264693877,6369.2053467347,6221.28775336735,6378.98186836735,6363.09374887755,6481.87582797959,6541.21930306123,6635.28229663265,6438.37539540816,6414.90618540816,6307.31556102041,6413.98794040816,6385.97821540816,6485.36263377551,6596.44866030612,6418.21516030612,6423.99907102041,6481.14652755102,6357.45174091837,6440.07533315816,6526.06178632653,6512.46951530612,6536.3676107551,6514.43754387755,6400.48170734694,6585.2527527551,6516.3068644898,6593.1821744898,6496.66743163265,6484.79382795918,6696.41469908163,6694.92098408163,6739.31300408163,6758.76948408163,6852.89505673469,6695.97863173469,6498.34941918367,6519.06212653061,6628.59794387755,6522.25412387755,6627.82758887755,6660.53550489796,6678.17407836735,6636.03972244898,6675.87004244898,6751.08556238776,6432.34577663265,6488.71955846939,6665.926465,6662.73059091837,6626.12215091837,6614.78702897959,6627.59658346939,6749.48906032653,6660.77398142857,6535.01183459184,6696.15870551021,6625.86295673469,6660.44641612245,6653.08058979592,6610.86470408163,6575.43310704082
637.387755102041,6737.34451510204,6792.73288591837,6971.08547326531,6795.50145591837,6652.53111897959,6779.38948397959,6732.42938112245,6842.43950887755,6801.49293091837,6758.64805928571,6784.89489255102,6721.83236663265,6685.52849663265,6792.10956704081,6869.83623469388,6707.95593734694,6762.97234795918,6772.71625836735,6659.04300112245,6745.77544515306,6811.79581642857,6805.8972377551,6864.06910653061,6825.47879877551,6924.60229428572,6889.41445632653,6751.24019122449,6718.1554555102,6726.07776538776,6722.88598295918,6795.6367122449,6717.06036071428,6797.27623897959,6813.27923367347,6856.95801367347,6715.30070826531,6731.55248071429,6771.00300918367,6773.53515918368,6742.51781020408,6822.47782204082,6771.88847408163,6835.52711183674,6797.44795918367,6870.54741316326,6769.54723816327,6696.00975326531,6768.17936969388,6668.83087469388,6744.59385020408,6734.52134336735,6798.19474908163,6797.01452408163,6746.03522489796,6710.69168183674,6751.04556734694,6772.63083265306,6825.38784591837,6789.16830510204,6867.47327346939,6774.70289285714,6649.16352510204,6843.94993938776,6788.28028408163,6744.03657795918,6650.57667020408,6665.82588306123,6759.33847214286,6645.06248969388,6652.61947018367,6711.11924653061,6837.94735864286,6773.78603153061,6824.44855704082,6843.11495,6755.92234428572,6779.20764163265,6792.73762734694,6858.78360234694,6817.04554734694,6887.35581040816,6922.92933040816,6859.8808977551,6912.6700327551,6900.64673867347,6891.43632551021,6951.94321877551,6855.12785653061,6777.54050061224,6874.17253734694,6789.06528469388,6808.57009346939,6762.90976540816,6799.71679110204,6858.20820734694,6856.9264877551,6735.04074387755,6776.97374285714,6772.80699255102,6826.80035489796,6838.81141377551,6885.62555673469,6847.16969387755,6920.15385816327,6788.22135,6783.77476561224,6776.23673867347,6874.52772244898,6813.14177979592,6788.27467755102,6751.60003693878,6903.10084408163,6839.43518938776,6831.39464408163,6820.62212244898,6731.75346714285,6849.82633020408,6845.2424922449,6724.18397887755,6693.25665969388,6859.10462918367,6833.48343693878,6916.58754693878,6890.48569755102,6841.24124795918,7023.87151795918,6851.93418428572,6831.68581081633,6849.34513081632,6855.47658020408,6820.44858142857,6849.21884346939,6844.12145816327,6922.17068020408,6847.92899795919,6852.48692408163,6780.53875281224,6819.70284222449,6779.22489061224,6737.55442714286,6783.08229877551,6819.41634387755,6819.0314622449,6738.08859408163,6722.24101591837,6615.75435122449,6811.93904244898,6731.53144265306,6753.02880510204,6860.29246061225,6828.95675591837,6793.29746208163,6817.14682489796,6760.53053163265,6720.87093316327,6759.65190265306,6685.99503693877,6749.29326408163,6767.74509908163,6708.23114673469,6777.72296816327,6763.34869316326,6780.51584316327,6747.38578540816,6737.82002255102,6878.30888163265,6709.51101877551,6746.35176877551,6746.33079632653,6777.24008440816,6773.46756112245,6759.03517959184,6807.73054908163,6751.47811183673,6710.71408234694,6719.36296234694,6797.27312389796,6592.31654844898,6763.61884573469,6720.87728979592,6804.75748622449,6738.50736530612,6763.78008765306,6878.71861173469,6958.6184667347,7030.18742826531,6897.91571459184,7015.12868234694,6942.83420969388,6868.46823530612,6909.16439030612,6932.92586030612,6912.66915142857,6847.62383877551,6847.08004377551,6876.58351377551,6868.50587979592,6744.37552428571,6821.53042755102,6797.26468020408,6741.32190734694,6853.64698765306,6794.28498061224,6742.32660795918,6961.19339622449,6850.95563295918,6843.67588877551,6825.82369693878,6889.01446816327,6809.67239387755,6727.30558979592,6771.72003367347,6831.29211326531,6908.53588561224,6783.04761091837,6764.39873122449,6699.25905591837,6796.6631005102,6742.2853294898,6743.94690704082,6726.27028714286,6770.60171867347,6802.41552673469,6789.70877367347,6798.28976928572,6726.05223711224,6767.07445568367,6828.24494915306,6762.35078061224,6860.9554622449,6779.1816122449,6952.59636428572,6761.09869153061,6916.7546472449,6747.5062477551,6752.17314591837,6725.9382977551,6729.3897222449,6662.42696714286,6754.52691040816,6745.6250527551,6662.86935836735,6714.88830318368,6748.55451102041,6699.10761612245,6827.4028422449,6733.21644020408,6943.92477020408,6803.15790071429,6823.87905785714,6795.11345204082,6918.06356938776,6805.87920612245,6810.50491632653,6775.13143795918,6768.33218979592,6787.6022222449,6735.58931265306,6786.5900255102,6767.23611479592,6771.0869072449,6842.87148010204,6692.74462377551,6720.12156964286,6710.26986255102,6831.35669051021,6860.28935193878,6878.70316836735,6755.3818877551,6799.47608989796,6812.9838655102,6844.67763656123,6762.44881244898,6855.74443510204,6737.68071928571,6773.02583112245,6831.77189591837,6851.68329591837,6791.91858265306,6782.1670405102,6851.55249459184,6788.88250755102,6750.41483959184,6837.56008591837,6787.00475081633,6824.48120561224,6850.23487632653,6788.57080857143,6850.52066530613,6723.14730591837,6741.63289632653,6847.40059295918,6801.26607795918,6831.67153061225,6691.65597030612,6722.78080316327,6853.06723507143,6825.54579673469,6811.19258979592,6840.51783295918,6928.93795642857,6745.94039918367,6767.47035591837,6759.88013836735,6802.11629193877,6697.3370377551,6688.72444602041,6792.24130795918,6814.85712061224,6787.10016714286,6744.04048714286,6747.44172897959,6815.08707897959,6758.52380959184,6797.73959714286,6788.27332928572,6792.17875020408,6770.66645326531,6824.98394826531,6823.73636326531,6894.2945132653,6730.63032428571,6780.17237306123,6660.69817204082,6862.80765040816,6751.73174938776,6730.21994377551,6798.21096877551,6758.76356877551,6800.02707091837,6797.84681390816,6692.43790377551,6813.06522336735,6821.0345094898,6771.64164469388,6751.15830806123,6765.09547071429,6807.38661336735,6847.78120204082,6809.87675806122,6712.48877408163,6697.60776489796,6678.15202908163,6738.13166908163,6774.33812408163,6948.72082408163,6733.69773908163,6742.77947908163,6790.43034408163,6792.778405,6803.32496214286,6693.26716469388,6653.77702469388,6729.61229632653,6707.86771051021,6751.93780122449,6746.77770632653,6762.69135897959,6732.54962387755,6850.65279183673,6885.15379510204,6793.12270510204,6876.39551663265,6739.80067163265,6736.70009693878,6758.88137346939,6785.62066846939,6726.47812306123,6843.23890561224,6836.86726061224,6802.75136551021,6776.49012244898,6849.36705265306,6913.46362112245,6858.30121112245,6953.26158673469,6811.03958795918,6947.15036244898,6814.54793244898,6784.88720938776,6816.22508142857,6822.24087081633,6804.20676489796,6825.45593397959,6797.61471489796,6795.26805591837,6766.59394438776,6735.94907938775,6800.12183316326,6908.62285142857,6727.38039959184,6818.79594,6711.34956142857,6728.74421265306,6801.200135,6768.84728,6847.69632959184,6832.62247142857,6773.23577183673,6821.20870081633,6801.24053979592,6855.37232040816,6788.07024795918,6728.41541755102,6858.27716285714,6836.50192469388,6967.32520173469,6891.01384938776,6591.191125,6790.69225040816,6782.8772005051,6783.55423061225,6686.86195040816,6766.53221632653,6735.02299132653,6744.71420265306,6727.06334265306,6771.97514765306,6775.00520655102,6825.26606826531,6765.70510653061,6769.53579591837,6828.96481020408,6774.37658306123,6799.26873469388,6929.41275204082,6837.32811459184,6788.9825877551,6935.61963979592,6972.28320581633,6932.01780136735,6887.93525846939,6924.00787346939,6972.42296122449,6879.87359836735,6894.86541530612,6777.4623744898,6798.1461744898,6964.00665612245,6817.48924367347,6779.40558265306,6824.30751938776,6831.15658979592,6824.77364795918,6828.84853673469,6718.98410530612,6865.58381615306,6752.59773020408,6847.82143265306,6822.25741489796,6836.39996489796,6755.19837346939,6846.63436632653,6827.52381734694,6854.85181836735,6755.95193887755,6563.30473459184,6839.90389591837,6768.2875132653,6704.8376622449,6770.29486122449,6846.08078510204,6744.49502923571,6762.22559234694,6844.09404,6733.38871836735,6771.21375,6850.20236255102,6817.65824316327,6773.58996877551,6821.34773836735,6646.88892989796,6802.21558442041,6759.09834744898,6677.3828955102,6817.8087144898,6734.18078653061,6741.54649479592,6736.4115572449,6761.8306922449,6752.76920326531,6742.67069163265,6853.91328112245,6877.34629969388,6818.81102183674,6833.28399204082,6852.89418836735,6755.5076277551,6713.31416653061,6763.39762571429,6729.57153193878,6832.21389479592,6791.80277142857,6886.1279867347,6844.19779795918,6810.94022581633,6863.99914336735,6725.76359853061,6733.18465928571,6723.827779,6714.91095693877,6769.24101102041,6671.15753642857,6791.48714326531,6719.35520836735,6797.98543867347,6789.90356653061,6749.48902836735,6785.15223061225,6860.75047938775,6740.53221683674,6871.72043884694,6804.78785489796,6766.25426489796,6741.34696489796,6763.50247806123,6760.62634806123,6724.61481806122,6772.40702897959,6754.9965705102,6711.57962347959,6782.12091021429,6725.8046572449,6724.12615959184,6858.72484897959,6773.33991540816,6799.72771163265,6784.71879602041,6743.32989602041,6899.23700459184,6821.30609765306,6871.95327806123,6754.29550857143,6868.55644857143,6768.55741132653,6913.98385816327,6759.87969647959,6867.48343867347,6887.0176244898,6922.75949081633,6753.64760612245,6826.65554102041,6780.43497040816,6953.23290306122,6793.58411020408,6850.5393122449,6814.03737346939,6780.2235855102,6680.98882316327,6689.75979681633,6683.93293741837,6791.27627591837,6769.55971591837,6712.90915591837,6664.69481591837,6692.08958428571,6748.51517634694,6713.07003795919,6806.52107540816,6763.32259857143,6725.62592204082,6722.37069959184,6752.6331122449,6780.29470030612,6784.19900387755,6756.77777081633,6746.91692979592,6811.36954183674,6780.16832469388,6820.73730785714,6856.51278234694,6868.49767142857,6810.62306642857,6712.36408265306,6720.84008714286,6719.88147714286,6751.86008214286,6854.19448255102,6762.90658255102,6847.39422653061,6689.9261558602,6748.48648810204,6769.60102122449,6712.82158530612,6771.42194795918,6731.73308877551,6787.4889744898,6919.72603061224,6871.90059561224,6870.22642755102,6852.99607653061,6766.77906632653,6837.13812938776,6900.73946428572,6926.42871306123,6833.52791836735,6887.4329372449,6918.62666122449,6862.16755816327,6841.83578051021,6873.43239806123,6855.88052673469,6808.32387612245,6920.53356612245,6714.90933520408,6843.34598520408,6626.01714020408,6836.00721612245,6766.33132081633,6757.35704231633,6779.05028020408,6864.69808612245,6749.87778204082,6772.57877728572,6810.48289969388,6701.96443826531,6737.62471826531,6789.14359663265,6768.73917663265,6828.30223795918,6790.30310653061,6799.23467357143,6830.50436346939,6776.95002346939,6747.90267346939,6852.36703796939,6761.70051244898,6709.77993683673,6803.93916040816,6767.44302428571,6765.36388326531,6776.91068142857,6798.55574754082,6814.41485918367,6773.35037540816,6728.80822040816,6811.49685785715,6868.3093744898,6836.79162255102,6887.33940408163,6825.59966530612,6830.83944795919,6958.71347959184,6856.16065714286,6750.60717806123,6631.25184387755,6725.13605928571,6776.58377336735,6695.35401326531,6786.26848408163,6765.73092142857,6784.90226540816,6784.89476540816,6803.91053234694,6741.39538479592,6812.82707795918,6809.22138744898,6756.88181153061,6798.79986734694,6885.3863877551,6842.14161530612,6934.07233469388,6968.66303397959,6921.24777020408,6861.94008520408,6795.11767540816,6752.56448673469,6821.99040159184,6745.05817546939,6882.04308367347,6803.62036530612,6850.66159265306,6827.52838510204,6773.85290846939,6722.17439091837,6782.07271295918,6662.52681693877,6728.04408428571,6788.10975081633,6723.85904989796,6634.53437734694,6814.6151044898,6779.1642194898,6791.2350377551,6826.95743959184,6910.9981367347,6876.26240959184,6920.17412826531,6980.14228326531,6877.4337582653,6888.58968653061,6754.86328622449,6889.09746163265,6735.75974122449,6803.83179971429,6840.63776122449,6881.68308642857,6788.7303094898,6936.74722448979,6713.08335571429,6881.39158877551,6742.68700091837,6809.83269602041,6811.32595428571,6850.01665071429,6872.90258265306,6788.98893265306,6717.7427205102,6890.01354673469,6859.59997132653,6850.26856938776,6823.12473938775,6836.91008255102,6960.9975705102,6868.91027765306,6845.64465612245,6838.84967132653,6844.01413989796,6624.07360642857,6773.73925163265,6817.52171836735,6793.34434510204,6686.01027622449,6727.97532316326,6765.63106377551,6712.4884722449,6803.88899530612,6610.60438561225,7006.27971030612,6699.01150704082,6781.34961734694,6655.71094234694,6847.8018072449,6757.61512551021,6879.84160673469,6860.53494204082,6770.08432877551,6706.74945459184,6824.48000642857,6969.03793326531,6821.9091194898,6732.66750785715,6793.15834632653,6787.50889632653,6789.62246591837,6779.28657959184,6719.19865693877,6856.97145377551,6822.72534755102,6786.88211887755,6766.05388030612,6721.93246755102,6836.02212306123,6740.52358081633,6816.20900612245,6696.48107030612,6761.77146387755,6786.86083918367,6603.61167783673,6809.59501163265,6706.62002448979,6721.46188353061,6856.48778,6777.1461672449,6607.79562302041,6773.33484765306,6739.51760255102,6718.15575061225,6771.15146938775,6720.67408122449,6746.59622622449,6841.29568857143,6902.04399357143,6829.66347357143,6865.38800959184,7033.56709828571,6900.4692962449,6908.19064285714,6853.79053469388,6928.59770877551,6930.61970877551,6769.45460244898,6798.7305872449,6832.76646877551,6859.93215918368,6831.60385306122,6807.74176336735,6759.06287836735,6766.7763867347,6754.95354387755,6787.32030193877,6853.56507836735,6898.41056336735,6748.59713336735,6876.81583632653,6819.83737367347,6824.69564744898,6803.40224397959,6686.5312,6728.50662530612,6769.08249591837,6705.90464132653,6702.47154632653,6754.42029632653,6771.43202132653,6778.84230632653,6808.26194714286,6879.57782714286,6737.16095714286,6767.94182551021,6872.9341744898,6935.84296704082,6918.54513204082,6798.59591081633,6783.09264581633,6822.78253540817,6819.18979540816,6809.96293112245,6774.0332827551,6813.35010571428,6713.58964253061,6727.58660710204,6844.23108734694,6650.59020744898,6721.4066344898,6683.31581612245,6767.35470510204,6724.02029292857,6719.85455316327,6582.67144479592,6737.41310953061,6729.42285336735,6739.18350336735,6768.56555173469,6765.6177517347,6767.00707642857,6818.46692389796,6850.03569459184,6832.09011371429,6922.62402116327,6932.82066789796,6721.51871471429,6786.81787653061,6728.85162102041,6732.64969102041,6838.99194959184,6867.37640836735,6771.22040734694,6843.04955102041,6739.84377938776,6719.40097071429,6910.53312163265,6836.41942510204,6827.93391326531,6783.5748144898,6813.6591894898,6785.49105581633,6809.16850530612,6745.41140510204,6768.04451938776,6833.01128979592,6835.01160816327,6818.84511357143,6861.99348479592,6916.37116979592,6911.81309489796,6883.24781428572,6775.88699285714,6920.23344540817,6723.98589520408,6799.5435822449,6811.79318163265,6763.75336877551,6892.98135561225,6819.72620612245,6764.81062867347,6922.64989387755,6862.28799581633,6916.70579081633,6882.21635867347,6858.89992367347,6968.74054795918,6947.64207295919,6922.80927295919,6912.14832234694,6830.08330326531,6923.56534663265,6920.87611102041,6950.51092953061,6835.77060204082,6853.66164081633,6875.20667244898,6830.63582244898,6843.71318061225,6884.58565612245,6765.47851836735,6856.85231428571,6805.82490673469,6779.83609704082,6725.16840204082,6862.91772204082,6843.68405306122,6770.98279693878,6779.32779622449,6694.5400122449,6936.67625489796,6799.82934489796,6899.5078105102,6717.07107816327,6711.10796020408,6764.90849357143,6755.27503153061,6791.62529571429,6922.40642346939,6858.60406479592,6861.29331938776,6773.11560408163,6850.47100908163,6726.0996244898,6721.22279448979,6768.40466887755,6657.48440887755,6681.13538816327,6772.91882061225,6745.07327193878,6866.0544794898,6781.9978977551,6700.65243081633,6697.86799744898,6745.26241544898,6828.69267287755,6772.99622367347,6800.16438367347,6608.42978653061,6739.35311653061,6785.18805836735,6724.74508755102,6701.06469255102,6700.17171438776,6757.24988693878,6763.18430387755,6804.16531020408,6612.0654655102,6800.2973727551,6755.92389265306,6741.69289765306,6669.55303387755,6770.89415428572,6787.64868602041,6842.82271846939,6821.65777469388,6711.90171020408,6796.12050591837,6711.97447979592,6738.96407102041,6587.23872102041,6683.57158020408,6799.79615,6791.84460081633,6698.9393127551,6780.67948602041,6868.52388336735,6757.62491122449,6907.28831122449,6854.05612183673,6925.61930204082,6874.29531112245,6874.63220357143,6861.09591612245,6925.19026561224,6962.41375806123,6904.64186706123,6920.37531306123,6853.65225010204,6891.81209989796,6925.81374377551,6836.32683887755,6837.81818071428,6802.99362459184,6886.59974908163,6796.74267897959,6756.15386989796,6813.69104193878,6831.47295040816,6818.36653020408,6786.27316153061,6767.3756317347,6878.23912653061,6813.98005142857,6936.74068918367,7003.71819836735,6789.58534836735,6866.73556836735,6758.89265244898,6790.30952602041,6813.10212653061,6839.12212795919,6668.33482265306,6763.34846530612,6773.78095918367,6839.82670918367,6787.29779591837,6800.97473969388,6926.63935734694,6809.86116540817,6833.86478040816,6741.24026081633,6853.79632244898,6830.32856632653,6741.73064265306,6684.12092714286,6699.9077844898,6768.10823897959,6789.95467193878,6800.40299418367,6803.01620385714,6663.07352934694,6815.0183487551,6776.9353787551,6786.28167161225,6758.95330651021,6775.70415263265,6785.01244163265,6767.67884887755,6745.81157265306,6806.54110479592,6940.76947336735,6828.12033244898,6881.62280316326,6760.41045816326,6916.23802316326,6786.28674662245,6826.73390070408,6765.73868520408,6779.54980102041,6770.13064061224,6810.2184322449,6872.49735308163,6700.78455397959,6933.94779193877,6775.39856765306,6815.83751622449,6774.83508397959,6815.3121827551,6857.99293846939,6798.34237632653,6945.28021632653,6841.74631632653,6820.1354377551,6739.75839653061,6704.96466504082,6728.83954604082,6731.63008316327,6698.00300366327,6723.52616836735,6674.90521255102,6809.78043846939,6854.81365061225,6774.96312081633,6735.41203581633,6831.15529897959,6726.72914061225,6749.85459428571,6684.71167602041,6765.55246816326,6629.35012638776,6700.53112938775,6677.51128938776,6814.47310214286,6804.23431122449,6816.80062285714,6796.00302918367,6796.58008622449,6907.98001510204,6876.54415520408,6932.78750408163,6874.40631326531,6822.12581020408,6769.02140693877,6808.28064836735,6735.95081214286,6778.63887795918,6877.12471918367,6854.047165,6850.51490408163,6864.7621377551,6999.88861530612,6791.71944642857,6839.53235,6723.36694897959,6867.53793061224,6891.2383132653,6830.17109377551,6892.86160193878,6968.12445295918,6930.12760295919,6817.68720091837,6887.45425591837,6920.97259520408,6814.30023367347,6718.77459183673,6896.93344877551,6779.89912142857,6739.59557653061,6781.15880663265,6754.16403612245,6734.66582040816,6796.41276540816,6785.78087755102,6730.22824510204,6742.32943665306,6756.05206612245,6855.09279051021,6722.98877540816,6826.91299010204,6717.26957846939,6786.52873479592,6732.81437122449,6779.91604265306,6880.71313683674,6760.23636652041,6825.77298581633,6844.49209040816,6789.71291969388,6778.74785316327,6847.05049642857,6795.42795897959,6670.99526897959,6731.21714020408,6596.68211020408,6805.33852306123,6724.69018306123,6734.56617806123,6716.53183602041,6677.53748969388,6744.78197102041,6670.88432102041,6861.67261306122,6806.39809612245,6793.09165612245,6761.06400306122,6790.79633228571,6821.14292234694,6932.52004234694,6719.49892836735,6759.07488112245,6748.02574612245,6775.12148551021,6764.0803127551,6824.4786894898,6734.53174795918,6785.57666020408,6803.56826020408,6715.06810153061,6839.412358,6732.527758,6769.23344877551,6872.96608377551,6699.17477,6654.22266846939,6756.5775617347,6773.36991530612,6716.40287012245,6721.85505540816,6782.15944663265,6700.73481173469,6710.54061683674,6699.06181193878,6789.76725122449,6810.40508795918,6760.42770591837,6798.02682397959,6793.61982704082,6789.92278265306,6772.06520183673,6743.58888061224,6833.95353061225,7009.34694387755,6945.14804357143,6817.95376836735,6734.27971408163,6682.13524897959,6785.05124908163,6711.4602805102,6788.2266505102,6764.74747204082,6784.86026581633,6839.97418377551,6662.74632877551,6745.85408969388,6732.7139205102,6813.8687022449,6750.17025122449,6779.52413102041,6700.39058102041,6723.47843102041,6667.59948326531,6876.99952642857,6823.81027581633,6753.92578,6811.93371061225,6806.31976540817,6712.80406153061,6795.09393122449,6613.68271622449,6773.38244255102,6823.00542,6696.13047122449,6859.57830979592,6774.72960979592,6790.82728561224,6675.9043567347,6774.68463193878,6746.77714561225,6770.7598502551,6799.56255602041,6826.49467510204,6760.30917887755,6702.06252493877,6772.38567493877,6724.62930493878,6648.65121493877,6695.69396493878,6783.20408428571,6721.08815142857,6767.63424877551,6782.19644846939,6749.48883469388,6713.27702857143,6706.53055642857,6847.72707897959,6763.57292081632,6818.6684444898,6879.62304622449,6757.57563622449,6804.51197122449,6754.51796122449,6682.8777272449,6680.08097918367,6782.79233428571,6910.30704693878,6849.33030816326,6790.69632428571,6841.22702816327,6867.10586489796,6978.69787387755,6726.74387387755,6760.25066326531,6694.42196326531,6814.24982326531,6704.89767826531,6742.48955146939,6741.08285346939,6807.4742822449,6783.95525632653,6818.126215,6619.13568408163,6805.65395357143,6699.45295142857,6677.38732540816,6716.26863928571,6777.48153642857,6805.57507683674,6881.91188244898,6786.44462581633,6833.91479418367,6872.02258897959,6904.7242644898,6863.67762826531,6739.28290163265,6670.75120197959,6715.22312642857,6855.42118642857,6721.23721,6751.8459622449,6799.86000928571,6821.26333377551,6805.6926827551,6959.54495316326,6878.71852959183,6820.70436602041,6916.40268214286,6845.72833469388,6829.37623469388,6827.61745020408,6766.84366663265,6825.19288163265,6849.69095122449,6790.70357306123,6752.55567673469,6800.78336867347,6731.61849469388,6714.37720887755,6691.52386612245,6737.74126316327,6758.43360540816,6864.45024285714,6680.33317734694,6758.45325142857,6774.05985428571,6722.07423959184,6833.33940132653,6855.29924612245,6693.35372693877,6838.16893,6684.31815612245,6782.88377204082,6803.31230806123,6849.40069183673,6759.74509693878,6724.60622653061,6782.07014622449,6771.96514,6700.37204867347,6671.782415,6774.29359510204,6825.66594510204,6813.56343255102,6816.85005979592,6853.33501581633,6822.57310663265,6842.30970193878,6757.15198306122,6782.40394520408,6829.70182367347,6746.95104571429,6713.75990785714,6730.76782867347,6768.80232489796,6782.10973910204,6741.15898734694,6729.85263234694,6763.65208193878,6692.36183844898,6754.50986489796,6687.25295244898,6914.63728387755,6790.65424061225,6840.91530928571,6881.8269,6844.1196877551,6789.40523244898,6859.72985204082,6976.59454795918,6936.45547857143,6932.34645173469,6774.68209897959,6887.97964897959,6870.16635755102,6868.04666479592,6786.87505663266,6778.52218979592,6706.11007071429,6759.75515683674,6865.74349591837,6864.90282561225,6789.98619561224,6814.71318785714,6785.35047846939,6735.77462989796,6724.40192489796,6783.91118795918,6786.33078816327,6864.83755816326,6796.61615816327,6773.27419020408,6670.72199836735,6726.28283836735,6797.28994061224,6796.34021142857,6748.42420522449,6705.50938877551,6798.85410612245,6692.39000377551,6687.48058377551,6863.13777255102,6718.1504577551,6714.36378602041,6734.70700163265,6755.30681520408,6782.61019438776,6748.54153979592,6765.61911979592,6755.32231622449,6887.72505540816,6759.46480795918,6756.85621795918,6792.46113806123,6789.43707673469,6802.22947959184,6827.51717214286,6737.64519387755,6758.19744653061,6815.81261153061,6764.05059081633,6804.41022081633,6838.15013581633,6701.6737027551,6810.08159693878,6939.11843030612,6855.95925102041,6810.60322346939,6855.26565040816,6848.31905102041,6872.71575591837,6921.07920591837,6891.1825377551,6851.01617826531,6962.04248591837,6834.10629489796,6849.04589081633,6832.93113571429,6784.63126204082,6767.25291102041,6885.22383469388,7000.49821632653,6999.54381632653,7039.07102244898,6928.24845244898,6912.44052551021,6849.28236622449,6884.68728520408,6712.37620306122,6793.24907122449,6779.95745510204,6812.07535908163,6762.49095489796,6763.88098632653,6818.75784520408,6813.74425102041,6775.77231673469,6695.20025561224,6767.12504102041,6734.49078387755,6740.94124806123,6803.44918591837,6807.73263806123,6792.53049530612,6799.86755010204,6910.35465367347,6785.05703346939,6844.87734877551,6802.11051326531,6817.92100969388,6757.11033285714,6850.2228127551,6762.38790193878,6768.55044663266,6844.52448540816,6782.71831561224,6772.43152755102,6741.97401632653,6809.59837551021,6872.93897040817,6790.21887183674,6766.52881836735,6912.07723010204,6972.82602408163,6915.88630408163,6942.200635,6867.63638112245,6882.99270530612,6786.77389673469,6725.25894469388,6846.14756020408,6930.90029530612,6789.01032469388,6887.67963469388,6853.65734489796,6940.08036163265,6879.04768285714,6973.08502346939,6890.34284061225,6908.91845061224,6915.51670918367,6836.79347816327,6889.11557459184,6787.24737193878,6905.96804693878,6772.26065510204,6811.09841520408,6813.80775589796,6755.9035472449,6736.58084285714,6793.63093387755,6712.75324390816,6787.80394309184,6722.03210227551,6825.41461959184,6891.24843734694,6882.10804918367,6804.40186632653,6844.8266,6774.54047653061,6720.46845632653,6793.81678061224,6532.40020918367,6754.0534077551,6722.80475244898,6712.04079744898,6694.89932816327,6682.75892081633,6666.94194918367,6787.7429087449,6764.94296428571,6807.54679795918,6769.72246479592,6781.33263163265,6754.30090663265,6806.6364022449,6732.1482,6742.54270163265,6834.00830377551,6784.42928122449,6790.34063510204,6722.56168510204,6803.38830726531,6767.37778226531,6696.29007020408,6928.66141357143,6778.36235408163,6882.34176418367,6779.1965222449,6940.06588734694,6988.81727797959,6823.58105561225,6767.38083,6817.93902712245,6769.22173285714,6824.30966765306,6906.76896183674,6889.4092677551,6813.28888438776,6758.43613336735,6858.45449,6774.4604844898,6786.86448877551,6841.10071734694,6770.19865734694,6805.29968397959,6762.84808897959,6741.2082305102,6859.45384061225,6794.51943602041,6838.89218897959,6698.02623571428,6836.98592734694,6798.08512734694,6818.45181183673,6830.12521397959,6754.48034040816,6793.0828344898,6772.87882632653,6739.44106897959,6747.87600928571,6853.83535908163,6669.42638918367,6806.49161571429,6748.36191255102,6874.31726602041,6884.90949897959,6940.80048326531,6811.17425428572,6892.48103673469,7032.27306734694,6964.0667867347,6957.44693265306,7063.33807765306,6909.51276102041,7018.84195102041,6993.61219591837,6870.57176663265,6862.46898173469,6934.00253765306,6689.37702740816,6842.30036326531,6679.58156989796,6912.43929591837,6698.05685153061,6796.0020177551,6749.5090827551,6772.87602367347,6857.70534020408,6789.90774816327,6776.56221289796,6783.85394469388,6912.78354469388,6871.07176846939,6921.12412346939,6910.61523346939,6988.80253214286,6795.26846603061,6741.25653918367,6756.81686836735,6752.19602744898,6816.53356877551,6713.0061044898,6783.9634144898,6687.29441693878,6694.71342693878,6661.28079755102,6740.22626255102,6809.98850222449,6772.12275365306,6805.41915365306,6762.10455530612,6656.63859387755,6863.95979285714,6797.44680816327,6777.33179295918,6562.23380122449,6838.31758762245,6789.08395854082,6855.67853252041,6768.9822287449,6759.3780947653,6808.81949867347,6788.94736857143,6759.31397846939,6631.16805673469,6723.00604163266,6747.88383428571,6794.23010408163,6753.74219765306,6827.65724795918,6817.13814295918,6820.11391612245,6801.73294387755,6745.19204387755,6620.31869326531,6760.12415657143,6723.0861822449,6711.46465836735,6745.32826336735,6778.74518459183,6676.79005091837,6791.84358265306,6827.00725204082,6788.92047193878,6914.12352755102,6740.7262377551,6830.35085887755,6879.15220887755,6855.72595316327,6843.6013344898,6861.15823571428,6861.12821683673,6787.88257183673,6745.56897632653,6720.09365867347,6779.49838806122,6770.55897632653,6791.32209653061,6771.27202326531,6729.8879144898,6834.67758469388,6760.25663459184,6779.70025979592,6739.41110053061,6697.35017628571,6753.65287595918,6732.28027595918,6723.09897095918,6761.58759095918,6683.16532595918,6791.81561928571,6822.48821740816,6746.32562642857,6698.18768010204,6732.96564908163,6818.07397051021,6742.81253632653,6832.13710632653,6795.52330632653,6821.53296612245,6754.96177,6801.56831632653,6777.30539489796,6762.98081489796,6636.92890204082,6782.47122704082,6893.48797306122,6734.47030459184,6788.52872459184,6715.29585755102,6749.41363734694,6727.03811020408,6850.36532306122,6726.49401602041,6896.49974520408,6943.57743959184,6853.32453673469,6812.07891632653,6805.24450959184,6820.23025816327,6838.70127969388,6813.43103469388,6876.24371826531,6841.78515714286,6972.21803571429,6936.68851734694,6790.39949693878,6807.88235540816,6827.9328594898,6812.25857479592,6833.08098979592,6820.27447061225,6899.81989816327,7008.08497785714,6944.86402785714,6956.99840459184,6960.34053326531,6913.68851326531,6867.01816336735,7026.00704836735,7006.92087836735,6892.49271836735,6934.65206836735,6957.05649183674,6937.19810602041,6798.60241834694,6848.35591234694,6766.6308244898,6801.01885295918,6885.50194489796,6852.94338571429,6795.79101326531,6865.25212244898,6821.77103673469,6802.33345040816,6820.16080877551,6809.03067734694,6739.7575677551,6769.0282677551,6753.31739071429,6779.15914418367,6802.29569520408,6758.45714418367,6769.91036071429,6799.07270530612,6798.29259183673,6808.54487397959,6801.41425642857,6856.15702132653,6866.07744505102,6713.02715959184,6782.02481102041,6742.10143244898,6827.28024673469,6706.23017551021,6793.24640795918,6773.04931653061,6848.01069408163,6668.963105,6782.15336,6790.34728459184,6791.08944183673,6768.17103367347,6758.10564367347,6728.26171010204,6807.48034132653,6770.64201418367,6798.85936653061,6697.68779489796,6745.2189602449,6707.7727052449,6770.11862367347,6697.14947520408,6733.27672683674,6741.83212826531,6741.28809097551,6663.62401704082,6793.36620602041,6671.8632877551,6669.33954520408,6746.24395112245,6799.35899155102,6778.22340438776,6796.89382806123,6830.24390102041,6832.05636244898,6926.59116755102,6804.09749816327,6930.79323265306,6751.67498479592,6909.81228142857,6868.83004142857,6784.38922916327,6772.59175487755,6790.81526673469,6759.82131673469,6754.66658673469,6810.26327244898,7011.87640265306,6846.23831244898,6796.56613540816,6756.19242602041,6802.0870317347,6802.65829163265,6813.50517744898,6901.05032091837,6859.58969846939,6796.54887346939,6865.16750296939,6776.41636622449,6814.29639051021,6716.38783469388,6820.21827163265,6837.14201908163,6840.80518928571,6751.27125244898,6823.49881663265,6807.52142653061,6802.10717653061,6805.19077959184,6873.24162755102,6797.3947,6822.50845,6855.51240510204,6895.53932632653,6947.57585795918,6914.97730663266,6940.88750693878,6896.73364285714,6932.08690102041,7080.12490081633,7073.1941855102,6981.02442051021,6908.74953918367,7023.23309255102,6865.02093397959,6788.28846897959,6884.73780377551,6907.68685510204,6960.92868061225,6883.03915112245,6805.27261744898,6828.10303408163,6848.19839122449,6875.70872459184,6718.46914132653,6752.81393489796,6842.12916663265,6654.80016602041,6764.80489785714,6800.72459785714,6834.83670918367,6857.69918244898,6864.10517091837,6722.132828,6797.88672755102,6762.57707255102,6607.61312255102,6776.65680755102,6720.02210765306,6804.88935,6865.6651,6916.69580408163,6776.12557918367,6857.86030918367,6717.53768061224,6735.91965877551,6641.58746887755,6785.37941397959,6863.89171683673,6782.22097326531,6797.94147857143,6771.15080857143,6803.31016765306,6721.48848877551,6618.03284755102,6730.72080693878,6766.21021887755,6798.3749144898,6766.35742551021,6785.13731285714,6888.76518959184,6853.08409559184,6861.5618977551,6801.13543928572,6779.29220897959,6765.23357183673,6729.86819204082,6799.22339204082,6855.41825102041,6830.81711591837,6820.29357306123,6909.82533428572,6870.50870602041,6787.12156571429,6885.17952959184,6877.30962581633,6845.64893367347,6816.89135540816,6827.3787755102,6857.30797540816,6779.29172969388,6748.20407132653,6806.8262122449,6764.70023897959,6813.06853377551,6849.54916785714,6910.82236897959,6910.64191530612,6800.10783469388,6784.24598887755,6897.89810306122,6812.88240306123,6812.09491744898,6641.85112313265,6777.54923040816,6781.44483367347,6827.95443673469,6788.00811428572,6739.21307928571,6813.6359005102,6819.10181632653,6831.00977091837,6886.25069612245,6777.96492244898,6782.50014969388,6739.04873469388,6790.5572277551,6730.08886979592,6740.96396702041,6726.96155836735,6628.02256289796,6818.54751289796,6707.09021367347,6779.38288846939,6716.41538612245,6750.39481653061,6799.22716795918,6722.51329,6763.672115,6912.68787969388,6733.46733969388,6773.01343642857,6817.98463918367,6755.40669734694,6685.08551234694,6706.41853640816,6823.33790979592,6750.38093367347,6767.99236530612,6794.01343561225,6767.20807765306,6753.66735265306,6820.47886408164,6782.39050459184,6795.8462305102,6838.34018544898,6841.40078530612,6902.03264755102,6782.86349040816,6851.96063040816,6835.93393795918,6693.03110408164,6745.80326102041,6723.19736102041,6809.82359204082,6847.18580622449,6735.29314479592,6772.39123102041,6710.07463102041,6746.26493336735,6787.94758397959,6972.34107132653,6866.96694071429,6823.73946734694,6711.59377102041,6825.87801102041,6796.60973959184,6801.64994306122,6899.0965817347,6799.77010663265,6883.07074469388,6807.88350704082,6764.92104489796,6895.89768122449,6839.27828867347,6755.81978244898,6868.5640872449,6771.30877306122,6804.33886877551,6757.66190734694,6705.62248234694,6852.05593234694,6722.43709734694,6793.2593144898,6812.92355959184,6782.39468642857,6726.90024540816,6681.83437510204,6706.6942834898,6786.3950927551,6748.82943714286,6824.49537204082,6748.54782673469,6741.96759,6716.53469642857,6774.05288642857,6712.04246634694,6764.56511634694,6764.54608102041,6892.91662979592,6732.35169479592,6749.31160739796,6788.38431811225,6730.10211811225,6709.55575387755,6739.47020316327,6758.17397785714,6779.69546714286,6800.45118877551,6835.40802653061,6845.50002653061,6735.65872040816,6928.62584387755,6908.12169387755,6865.08481530612,6797.75077306123,6852.37106479592,6796.96968765306,6793.02230428572,6813.76894255102,6696.45566806122,6847.20759806122,6788.77938153061,6795.39360540816,6694.27417797959,6698.73937797959,6790.30651428571,6719.00421265306,6704.09507693878,6686.81870857143,6640.50907530612,6740.68808857143,6870.06098187755,6863.99601071429,6709.20775688775,6795.36005489796,6822.64485816327,6854.5746522449,6900.20642163266,6898.27895163265,6904.40705163265,6974.27242612245,6838.95536183674,6808.52106836735,6772.91139887755,6902.67550964286,6949.58978438775,6901.50137438776,6857.67814387755,7013.65251428571,6892.1475117347,6833.49091316327,6674.95597316327,6799.22669755102,6820.49874846939,6829.77086428571,6805.75893244898,6791.29326336735,6754.03399357143,6727.58731673469,6710.2633467347,6717.90908653061,6865.271115,6813.86154265306,6773.6705905102,6880.65870408163,6717.78297183673,6887.11093183673,6895.21859806122,6874.30211102041,6814.86740479592,6962.49159285715,6882.93301326531,6801.47490846939,6814.55119142857,6706.17765918368,6688.7315422449,6776.31659755102,6766.48183877551,6812.83569051021,6770.35319010204,6821.05457408163,6852.80246887755,6806.79384153061,6774.53793438776,6834.31395969388,6814.19208061225,6809.63679377551,6695.66326183673,6754.29890469388,6734.58916142857,6768.99114102041,6847.08398265306,6782.45456918367,6772.26768346939,6758.93700408163,6756.5469877551,6821.48955734694,6805.24078571429,6851.17153397959,6722.80604897959,6837.10905122449,6774.19753122449,6752.95791214286,6782.78265153061,6859.87823214286,6813.40319846939,6803.2922372449,6793.0590122449,6839.78442770408,6812.00361280612,6842.05261979592,6879.65416734694,6838.3630877551,6866.86691734694,6884.46788061225,6870.5490122449,6912.45515408163,6899.061815,6915.20449183674,6960.23857142857,6804.37513387755,6792.64358959184,6712.00725571429,6816.75261918368,6777.09161918367,6714.04060418367,6717.27277561224,6841.93122030612,6756.09443418367,6679.46776816327,6686.45845230612,6803.94029704082,6798.99279795918,6760.50153163265,6797.97415918367,6844.37955306123,6892.22770306123,6840.16790642857,6848.79665306123,6795.37723316327,6879.85124816327,6765.18113459184,6923.72200112245,6935.86849612245,6887.36520112245,6874.64539612245,6808.98484163265,6745.98737591837,6736.64655673469,6735.04028428571,6777.25127122449,6714.4635215102,6724.31912346939,6764.04226469388,6735.58780081633,6627.32960795918,6748.54130602041,6677.36529785714,6742.96594285714,6755.92784795918,6803.27942367347,6694.6129822449,6797.62223489796,6706.95604408163,6832.12888102041,6818.99085846939,6779.64354632653,6830.00062091837,6757.10144377551,6801.37552244898,6744.37635183673,6719.0218,6804.6384017347,6783.50935357143,6771.10107408163,6699.62758836735,6812.80716653061,6677.24745653061,6711.86946653061,6746.48343714286,6747.12218357143,6730.78596989796,6784.95384489796,6704.2071977551,6738.5016477551,6771.61502061225,6759.85083193878,6750.03828955102,6738.25839,6784.19813459184,6846.03389959184,6817.73423816327,6778.50904367347,6747.60289173469,6729.66029267347,6779.83931183673,6713.08850489796,6748.15441020408,6702.33554612245,6784.62885020408,6797.90660755102,6798.63192122449,6765.0087772449,6811.44738714286,6799.90334714286,6827.67586040816,6778.59845989796,6735.40006346939,6698.03818653061,6735.35399142857,6778.07232816327,6745.05340571428,6800.56103346939,6810.00124591837,6751.20995510204,6759.66278530612,6841.46665306122,6765.42135969388,6743.90382734694,6802.73490938775,6685.90938153061,6706.77646540817,6716.73443540816,6799.11679040816,6798.03067897959,6795.90108326531,6849.32318673469,6970.15243571429,6905.34694591837,6877.72189591837,6891.63891326531,6787.76545857143,6870.09118489796,6857.43472897959,6880.44091714286,6912.88377336735,6853.7010272449,6794.6498437551,6737.62933938775,6761.92153989796,6762.34555591837,6909.44054520408,6912.49352142857,6820.73991683674,6793.4657822449,6632.0432302449,6889.55501326531,6924.06226214286,6833.4976755102,6815.09074489796,6813.63611622449,6792.78601183673,6830.02541612245,6704.6939,6828.09318020408,6940.4310877551,6802.52472959184,6694.30781755102,6809.41287346939,6764.93761346939,6785.95790293877,6733.89118367347,6772.99590367347,6793.51135418367,6835.05103866327,6768.93720846939,6790.11456020408,6769.69533204082,6744.44534704082,6768.62688612245,6758.72286428571,6867.50926571429,6832.32487132653,6820.27885602041,6791.33985102041,6798.37301020408,6794.83933122449,6694.56262051021,6816.6674655102,6804.04163701021,6825.26676959184,6880.6498067347,6908.26652897959,6747.25638653061,6775.67778653061,6884.48747295918,6871.61995061224,6654.72725346939,6744.57472146939,6777.01337816326,6728.14163453061,6672.60262612245,6633.93902081633,6731.1569372449,6812.87676188775,6826.83803244898,6775.69477918367,6838.01700265306,6795.13833255102,6709.35353510204,6719.84512510204,6773.98283306123,6803.72617969388,6784.61706081632,6762.65948469388,6754.99154959184,6721.35412091837,6761.80779387755,6804.73836938775,6795.27272969388,6825.75636938775,6838.0494572449,6690.91985979592,6841.47031642857,6838.73456132653,6794.68941632653,6808.8126367347,6749.08033367347,6739.01136367347,6819.12082122449,6786.3203394898,6695.94921530612,6746.30202806122,6742.58268969388,6876.51399367347,6761.57234673469,6958.87453469388,6969.2166427551,6728.7144532653,6789.09453826531,6830.89358755102,6797.63197357143,6770.65206132653,6809.93156622449,6840.41515438776,6842.06165704082,6781.88290438775,6794.26402387755,6827.04016285714,6739.12154387755,6834.17851163266,6891.60648163265,6918.55039591837,6861.39559306122,6816.11753326531,6746.40687459183,6755.04605,6831.4373494898,6754.4568927551,6722.5750505102,6729.72546673469,6763.65366459184,6730.58538122449,6789.3324232653,6753.0220944898,6749.98545428571,6801.73499081633,6733.8496222449,6750.13821408163,6824.19982918367,6715.1837822449,6728.73194663265,6835.35814183673,6714.24356479592,6648.65104463265,6795.87116091837,6768.02189795918,6823.87449163265,6795.04951795918,6689.30149165306,6694.7564477551,6732.64725387755,6838.88150693878,6816.27245412245,6701.46445204081,6792.8412277551,6783.9426877551,6803.43905346939,6689.63301846939,6769.59702846939,6837.79388877551,6825.8572072449,6797.8502072449,6792.05651632653,6796.14432653061,6842.01561602041,6759.29558836735,6748.47492571429,6740.921605,6704.77032877551,6785.46491122449,6793.01898153061,6794.6252777551,6737.63773959184,6801.12578408163,6825.61117285714,6755.70879530612,6752.32316244898,6741.44688816327,6774.07675040816,6805.74643795918,6736.60696520408,6808.95198183674,6783.24082346939,6797.87664704082,6703.00270826531,6847.3212332653,6776.65175020408,6810.67913561225,6924.96386979592,6704.02985895918,6699.69351469388,6793.79240969388,6802.86244959184,6752.92572836735,6778.28947377551,6880.20765510204,6756.49294326531,6860.91462469388,6722.47721632653,6753.80361432653,6753.90907132653,6654.31608438775,6779.22923785714,6770.20172326531,6791.03703265306,6729.35644846939,6806.50575142857,6865.84226816327,7047.47792112245,6828.77203979592,6838.25695510204,6766.61753857143,6692.49936244898,6729.96311653061,6716.32145,6782.3693677551,6784.82636887755,6819.84275003061,6738.42818122449,6806.65119489796,6871.96785591837,6776.82565816327,6885.81757244898,6676.8960177551,6697.62758663265,6967.02953602041,6750.09185102041,6802.69742102041,6788.39135979592,6886.80576540816,6794.37051612245,6698.07693693877,6816.55928122449,6844.53263122449,6765.40509765306,6812.53817153061,6917.81766857143,6893.26773571429,6819.59833979592,6871.55083490816,6816.56209140816,6784.63745326531,6756.81336938776,6750.72414938775,6798.77007102041,6696.87597755102,6715.55567571429,6825.44961408163,6734.81024795918,6789.00609591836,6839.42973571429,6724.09416846939,6793.6021732653,6796.83530183673,6812.24373010204,6860.49122285714,6835.92976081633,6825.48965581633,6754.33846387755,6818.13970744898,6821.50340091837,6882.23716367347,6880.12724867347,7008.76097346939,6875.70677448979,6771.81193877551,6854.60190102041,6854.58560102041,6772.4513555102,6857.64675795918,6986.10643265306,6844.38425265306,6899.7413244898,6872.5098744898,6897.66679489796,6838.57532153061,6812.9615867347,6783.69928091837,6788.15604989796,6726.13866816327,6852.99363591837,6800.97257204082,6758.76308214286,6797.19271714286,6795.90783918367,6875.81109846939,6917.47861571429,6824.16898816327,6853.92595816326,6898.50685816327,6809.22630346939,6852.75771632653,6707.86761163265,6670.40435540816,6753.22501908163,6763.31901295918,6703.57119989796,6787.21687204082,6752.66477673469,6696.66733,6733.55037428571,6748.81551673469,6722.16135285714,6714.87178867347,6795.76685948979,6704.58259182653,6669.70748334694,6723.94163153061,6769.61273244898,6780.01322112245,6889.29212530612,6790.05849744898,6739.27925653061,6809.22497234694,6810.0804022449,6683.41977482653,6748.20243061225,6667.29903061224,6733.28327163265,6796.19433806122,6729.6246572449,6732.89644530612,6742.25060418368,6791.49881683674,6753.78910683674,6662.21824795918,6727.79405859184,6811.26801561224,6779.28109081633,6783.12837489796,6773.27467826531,6817.63851632653,7026.47735306122,7020.53408673469,7018.37407755102,7139.52889755102,7025.2331077551,6907.97280061224,7015.31208346939,6903.90237846939,7048.91772387755,6995.97492387755,6947.76170469388,6934.39263938775,6927.5722755102,6832.76684693877,6865.06777285714,6923.77742857143,6840.20789826531,6787.62787622449,6887.47085377551,6835.04330642857,6821.78480989796,6882.05874846939,6832.98558285714,6807.97514387755,6676.32497346939,6876.51367367347,6870.03638816327,6863.13679816327,6904.33763061225,6903.09717142857,6818.8810567347,6754.45101,6668.83673387755,6729.48361091837,6769.03677071429,6766.00718122449,6766.98524040816,6707.50835785714,6811.48948255102,6769.7749972449,6793.11820183674,6841.41016214286,6681.31471316327,6758.58313040816,6748.32498163265,6794.71962653061,6708.22328010204,6829.53332520408,6804.35653581633,6742.24850489796,6762.78738755102,6700.45367479592,6741.23060979592,6705.40775979592,6826.26238571429,6843.64402142857,6807.81184142857,6756.20446142857,6841.17087948979,6765.5383744898,6922.4237644898,6813.28790918367,6751.19799122449,6982.99372857143,6950.77478653061,6895.71741153061,6886.74668540816,6916.85980397959,6989.66883979592,7048.43728,7002.5989055102,6952.99167459184,6873.37609438776,6893.89654744898,6939.48451785714,6780.09761826531,6719.57602734694,6768.64858612245,6851.35620897959,6696.52399,6728.66142346939,6842.72697959184,6838.82944265306,6803.38589969388,6759.41947377551,6811.39039836735,6823.99471836735,6887.84517989796,6781.26236969388,6862.16487438776,6775.98602438776,7013.19170714286,6847.49085214286,6788.76595346939,6792.40304744898,6817.86473744898,6812.27020397959,6853.49123010204,6791.48837785715,6846.09338530612,6758.16000326531,6763.16232826531,6736.35633326531,6752.72799326531,6716.16648979592,6731.70600963265,6777.21270653061,6767.21275938776,6804.91466418367,6762.42777877551,6783.46523005102,6739.40792887755,6820.50457551021,6740.86910153061,6825.18641081633,6759.21045091837,6789.50212989796,6771.06932397959,6772.70615806122,6825.1196227551,6737.49729377551,6811.95451989796,6770.25739653061,6742.00577693878,6803.83502918367,6819.74808530612,6690.33380816326,6739.8389522449,6836.67542122449,6804.83216326531,6741.11854857143,6678.13827163265,6697.12811918367,6727.79481971429,6816.46713428571,6810.86902489796,6778.56609867347,6788.67450714286,6765.72515816327,6880.61797448979,6908.82326530612,6773.81131520408,6788.82267653061,6823.62747428572,6777.23746642857,6839.32930061224,6814.8573755102,6758.24702469388,6727.09762193877,6807.63180336735,6793.10626714286,6717.50849704082,6701.2592767347,6771.46332653061,6873.39335865306,6736.49212395918,6860.26166428572,6766.99003408163,6812.50137755102,6815.52032244898,6746.57443918367,6759.95218918367,6792.41477918367,6687.39402663265,6783.20887336735,6749.61632969388,6861.03264285714,6761.00434867347,6761.97358887755,6738.58750102041,6807.50712916326,6689.44346232653,6772.74450508163,6838.45583908163,6883.09772244898,6806.74518591837,6825.77756795918,6802.57634122449,6823.83575122449,6774.44824255102,6748.79138,6746.54102612245,6774.34295408163,6877.73471408163,6854.41830030612,6842.41868326531,6911.54119102041,6871.11053295918,6763.46376571429,6971.27682836735,6826.28783387755,6806.55542887755,6710.11395591837,6922.67979591837,6815.71903469388,6851.88858673469,6859.7908744898,6854.95268489796,6901.27754591837,6807.40091010204,6860.3319927551,6756.68092255102,6759.23145928571,6836.05816173469,6872.55322806122,6935.40142806123,6905.81808571429,6876.13068571429,7022.82157571429,6986.09393571429,6905.19025867347,6894.60168867347,6955.24977397959,6880.5334975,6884.13301076531,6814.66027040817,6812.78394142857,6748.20041959184,6660.61707938776,6821.45174387755,6881.86331795919,6796.54443571429,6867.32223571429,6768.66438061225,6713.85963306123,6722.94173163265,6591.90916153061,6711.66512534694,6797.04899142857,6803.73420367347,6787.41143214286,6855.01902959184,6839.94546326531,6771.94009803061,6863.42465313265,6790.90645272449,6926.21283905102,6893.90789255102,6951.94282928572,6928.14485204082,6994.21062346939,6896.05540387755,6975.37613887755,7023.71820306122,6879.41740836735,6891.98539183674,7000.8568367347,6881.14918193878,6937.94181530612,6884.47030265306,6886.56267346939,6923.60051806123,6834.74524306122,6595.94309255102,6797.44295215306,6736.01189979592,6751.06409204082,6700.79837204082,6841.11996061224,6790.25563285714,6743.02335857143,6731.36094591837,6725.75425091837,6798.22690346939,6824.33449030612,6700.61165326531,6806.97686469388,6678.31962959184,6762.03181942857,6701.27772008163,6823.7528322449,6763.23449285714,6869.43996938776,6910.70482295919,6872.10219295918,6903.19487714286,6773.22170581633,6825.3989194898,6700.25993030612,6725.41671073469,6939.68566530612,6882.35169693878,6967.4054122449,6936.59462755102,7043.85431255102,7004.62969132653,7050.34684132653,6939.56123081633,6963.215935,7026.08497653061,7127.65778316326,7104.64477142857,7140.18524428572,7032.69077897959,7124.99286928572,6982.66517806122,6967.66165857143,6882.25393571429,6909.95725163265,6849.07110714286,6882.68426867347,6899.53335510204,6883.02092622449,6837.89092244898,6805.86623408163,6850.9276622449,6829.55907908163,6913.56699081633,6891.8548694898,6884.23206632653,6959.16077551021,6862.26812551021,6859.32977102041,6775.78387918367,6796.93179530612,6712.62605918367,6878.94340061225,6852.79162326531,6854.4790122449,6982.16660183674,6740.52592479592,6832.99562102041,6800.34924693877,6902.82192673469,6701.00244673469,6770.38025173469,6771.72437122449,6818.52675357143,6793.04205357143,6761.03625428571,6835.17394081633,6828.86685102041,6754.27441969388,6962.32946122449,6763.00472632653,6733.17589059184,6770.98819489796,6634.8747627551,6748.94483408163,6786.75920183674,6752.56250438775,6805.53299132653,6795.39227265306,6820.2404144898,6873.96678432653,6797.01311979592,6820.92518428571,6825.83134010204,6673.75848459184,6844.00348428571,6798.48618336735,6739.16745826531,6809.91166826531,6855.37632897959,6868.97539397959,6762.64074642857,6841.90185306122,6707.62616734694,6818.35185071429,6878.0628294898,6949.79846020408,6948.31747693878,6802.39772908163,6955.81416,7005.82455,7024.54245,6973.23348673469,6907.58125673469,6924.74269081633,6887.25835306123,6731.28218326531,6766.49064142857,6761.87132755102,6630.37939081633,6727.35131734694,6698.99422020408,6903.9902,6858.01867469388,6811.1665744898,6739.79102408163,6833.19184132653,6691.80792461225,6771.91430677551,6748.34760673469,6765.3387944898,6715.92284346939,6932.5409655102,6870.35941416327,6895.58044612245,6747.39318010204,6712.65739510204,6787.81348693878,6712.22476520408,6814.74448040816,6789.28121591837,6827.14885387755,6762.02031612245,6763.53455479592,6767.41346071429,6750.16720897959,6736.28058602041,6783.8408827551,6714.78776183673,6757.60292918367,6751.75646204082,6655.40398612245,6842.10141255102,6831.30513836735,6754.48153265306,6766.95319979592,6669.73549765306,6864.17958938776,6825.32603438776,6863.45516132653,6817.97609540816,6822.6529694898,6819.34736540816,6836.36737040816,6769.99738040816,6733.172915,6705.93585122449,6778.07684897959,6718.96693857143,6776.81520857143,6792.26355469388,6719.69112285714,6844.44082020408,6845.27105061225,6717.95118561225,6700.14491204082,6806.37932520408,6774.14389255102,6784.61469285714,6773.52322244898,6807.16281989796,6762.00872571429,6802.06330387755,6740.86623306122,6901.00046734694,6792.8692877551,6779.54734795918,6739.23370520408,6738.55811602041,6627.81568938775,6808.50638030612,6867.66921520408,6698.89690367347,6788.03760714286,6813.41150102041,6826.1376744898,6807.37842204082,6774.09411663265,6689.83123191837,6781.50240077551,6779.32026867347,6765.12106561224,6770.94988122449,6745.1948535102,6750.87032285714,6733.76590163265,6906.95048816327,6822.53870795919,6892.91428214286,6747.93411908163,6686.07948693878,6777.71636816327,6795.68552255102,6769.62270648979,6763.22610648979,6816.57353816326,6903.90170826531,6736.29110663265,6766.22197204082,6798.25332897959,6670.03024214286,6744.69756346939,6691.60711387755,6728.24785091837,6840.81737887755,6750.03269387755,6615.62023367347,6818.52822132653,6803.72306418367,6695.88248479592,6673.97628602041,6814.24930030612,6778.23068030612,6962.99026326531,6950.74228326531,7014.41658326531,6895.52699826531,6941.83245826531,6950.39636581633,6698.5864422449,6786.41658418368,6857.80384122449,6860.82068673469,6968.56170183674,6894.63115102041,6856.52402551021,6849.76580959184,6762.57246187755,6695.72782346939,6617.96740020408,6723.57751873469,6750.58263989796,6755.62749081633,6805.61232336735,6899.44713122449,6898.99459183673,6782.24976326531,6821.97102305102,6873.17695886735,6856.62609264286,6875.41793917347,6818.31460632653,6806.62489681633,6801.01210357143,6805.1467744898,6860.5050355102,6786.97363132653,6842.81835204082,6959.68945489796,6738.65782438775,6804.94725071429,6833.37154397959,6830.15000204082,6768.77251867347,6923.00624214286,6905.52983683674,6917.11136091837,6859.76263469388,6843.98236469388,6802.78974397959,6931.51034897959,6945.01244163265,6805.43684034694,6749.0814102449,6685.01634146939,6814.73996561224,6777.81155377551,6812.38247102041,6843.26757306122,6787.5796377551,6730.92780265306,6862.09334183673,6802.39558367347,6937.5383555102,6893.13552173469,6678.06037622449,6811.76913112245,6752.78655204082,6773.08990336735,6868.48633428572,6837.92925061224,6870.17361734694,6830.92556428571,6916.34347122449,6847.28465714286,6810.04476642857,6805.66254081633,6763.49081734694,6800.8128622449,6824.63297040816,6835.29125204082,6874.55544918367,6776.85670357143,6813.86410357143,6640.5406877551,6664.56363885714,6782.23648244898,6752.95671734694,6697.31029865306,6791.9547505102,6859.54665295918,6749.47878081633,6850.77222969388,6733.26317142857,6746.47622571428,6818.84282643878,6792.14889857143,6766.71161857143,6720.21986857143,6917.39246632653,6854.11737036735,6878.47675622449,6823.79887102041,6816.81329591837,6673.14657836735,6785.73583102041,6736.73163836735,6649.05255530612,6719.71955387755,6735.98280673469,6707.17591642857,6746.37019816326,6823.05332653061,6809.13956938776,6805.05568571429,6877.31942704082,6822.9575394898,6786.08171612245,6892.36624387755,6780.06207183674,6842.46462469388,6843.39363265306,6879.71458265306,6773.71878979592,6833.48565612245,6791.12437683673,6731.76624408163,6858.06650336735,6888.4945,6744.08487265306,6774.5287955102,6753.42382061224,6691.6614777551,6823.72612469388,6783.10311122449,6736.91144902041,6653.22550397959,6716.5245772449,6804.17361673469,6759.85285520408,6743.17344289796,6744.00551989796,6770.84367204082,6722.30369714286,6846.71040214286,6727.30102367347,6770.3993022449,6729.74401055102,6689.14282010204,6763.07409628571,6744.99248142857,6736.45185928571,6771.33463765306,6791.26290153061,6825.70884234694,6785.87843020408,6752.93177836735,6779.96541102041,6679.61834469388,6814.17313285714,6856.93781653061,6784.79201346939,7058.99060683673,6733.87864367347,6725.95307867347,6734.18608867347,6713.74039336735,6774.41776173469,6824.73529408163,6787.46137979592,6819.03566714286,6778.42493755102,6823.11304163265,6791.04050096939,6820.42717142857,6816.27013163265,6896.97584693877,6850.32871367347,6841.06877938776,6847.22059744898,6996.41762040817,7029.31898540816,6998.26955540816,7039.94057040817,6858.52224795918,6829.91538561225,6859.31963326531,6919.99352346939,6773.95252346939,6836.49493265306,6689.98643469388,6793.9894322449,6830.55705734694,6770.92468163265,6815.916325,6756.01222734694,6694.63892581633,6703.10675204082,6695.78730704082,6669.47650397959,6762.34660122449,6816.22703204082,6784.17053877551,6719.60573979592,6699.14464571429,6669.39741346939,6774.35563734694,6870.23411979592,6837.47959387755,6931.35583887755,6869.41401826531,6894.59705051021,6811.54659857143,6868.94676244898,6778.37700183674,6851.0852717347,6780.6655817347,6804.89381540816,6698.24421040816,6730.95736040816,6674.94126040816,6770.00862408163,6690.30676734694,6772.62152489796,6794.57924632653,6642.46767973469,6689.69476755102,6837.79461091837,6827.61242806122,6783.95749306122,6867.4527389796,6899.13240122449,7013.5198777551,6803.07441938776,6764.11215938776,6861.70343183674,6854.27350122449,6842.5437027551,6788.78124591837,6833.23215255102,6782.77852755102,6742.15829653061,6618.22017204082,6696.74233204082,6758.19339622449,6810.63620122449,6815.13360122449,6757.64818693878,6757.28731734694,6795.40264091837,6936.98363367347,6890.79433367347,6863.93371530612,6823.45274795918,6923.90376020408,6921.18381020408,6781.17775428572,6808.56632841837,6862.36098459184,6838.37028459184,6843.12082346939,6706.34997785714,6814.78814285714,6743.24690285714,6822.43614979592,6782.76976683673,6741.11338683674,6773.56162683674,6711.71071683673,6735.95286959184,6834.70086959183,6661.30235081633,6757.85684081633,6716.72928081633,6789.50168030612,6751.04801918367,6864.80384018367,6887.44845069388,6877.69855612245,6872.36182408163,6844.04672857143,6858.50580510204,6883.02570408163,6874.08041469388,6889.66758204082,6939.26515918368,6905.21235030612,6931.25501530612,6956.88436530612,6947.20547122449,6892.86418122449,6990.98967622449,6899.85289489796,6839.97887959184,6709.65061918368,6754.85611346939,6803.31833371429,6703.41197836735,6807.29060040816,6764.99866530612,6765.16905030612,6880.12652010204,6798.58323693877,6758.49020244898,6737.93904408164,6781.3495377551,6729.0677672449,6806.30805418367,6819.36761642857,6815.82394489796,6714.74964795918,6790.95361744898,6761.5171877551,6857.41102346939,6809.83276908163,6901.49891632653,6955.65540306122,6871.97497448979,6934.08414,6950.811975,7033.25858806123,6955.09672469388,6957.42137959184,6981.27987959184,6996.25797959184,6871.92425816327,6785.19901122449,6903.74326122449,6869.17348602041,6940.63009173469,7005.56927255102,6970.63634755102,6970.49463979592,6847.8473919898,6751.2651094898,6785.07339408163,6713.52051785714,6688.30280979592,6678.80640693878,6890.85867,6802.03503938776,6742.38536233674,6798.06884561225,6895.72601806123,6862.68310071429,6923.73587346939,7043.52870102041,6891.10247857143,6946.6787367347,6851.7273867347,6850.474,6855.28598040816,6842.92235040816,6671.89779438776,6821.08124142857,6764.97709316327,6848.68136602041,6761.97679683674,6754.78040612245,6807.8075744898,6897.60010102041,6893.17870663265,6840.78025438776,6759.88151795919,6718.50308408163,6854.23677346939,6766.28841173469,6712.05946846939,6723.58819591837,6773.09478632653,6756.69308591837,6734.56728653061,6778.88834214286,6752.26489377551,6767.43562408163,6835.12037040816,6790.67196428572,6785.23586795918,6838.46094438775,6848.87366306122,6760.61094357143,6755.06877622449,6812.26434265306,6917.50784020408,6856.24376020408,6872.98883020408,6917.55032142857,6773.66749632653,6760.56814632653,7013.55818979592,6864.57623979592,6902.82751408163,6670.31486897959,6714.3257194898,6791.96981612245,6681.93302928571,6781.00227306122,6839.34074316326,6810.27553020408,6736.73606367347,6741.7724,6758.74866989796,6733.68993591837,6726.33364918367,6755.04275938775,6792.22272071429,6854.07509857143,6983.39960959184,6838.77870102041,6779.31026183674,6804.84132693878,6776.25569693878,6835.29007877551,6798.27566571428,6807.45573612245,6847.55187030612,6662.52773285714,6769.0714877551,6826.78075428571,6751.37365428572,6681.7333777551,6841.16202142857,6886.43978928572,6866.98747530612,6527.35034816327,6903.18240663265,6900.05411969388,6779.39777959184,6757.88144489796,6807.47373244898,6825.12656346939,6848.81087346939,6770.81598571429,6967.97288673469,6750.07711938776,6825.72349040816,6864.32348530612,6898.81307204082,6817.91321530612,6779.10816306123,6708.50571938775,6801.90431653061,6801.77659030612,6694.45822602041,6751.81796493878,6776.70907663265,6755.23574530612,6778.72658459184,6903.26875612245,6780.4862822449,6824.81672051021,6871.40368061224,6834.08970071429,6866.68319612245,6975.95959183674,6868.3341444898,6748.02642897959,6817.13779816326,6822.41987461224,6931.1567927551,6899.90113877551,6866.68032,6751.30714857143,6899.95686336735,6884.24762214286,6836.96254897959,6926.82225714286,6855.83846530612,6880.01636530612,6941.61689591837,6909.40150816327,6577.7147927551,6916.09913295918,6828.18495408163,6881.18516714286,6783.50826795918,6793.32853959184,6743.90128959184,6835.92804897959,6840.56504102041,7071.16668836735,6703.68157571429,6903.36417714286,6860.29200612245,6767.65766836735,6821.4134777551,6883.54448938775,6849.89679693877,6783.99754734694,6810.0135377551,6781.57553520408,6812.05233479592,6738.4590722449,6728.53612030612,6838.03516530612,6820.85962959184,6856.41666255102,6741.14514714286,6660.71127193878,6769.5831222449,6842.52025102041,6794.19837520408,6781.64162520408,6736.26654010204,6825.86622030612,6906.8492394898,6864.09424081633,6904.67716326531,6836.47592653061,6952.14934897959,6775.01388602041,6884.85192795918,6836.53921561225,6757.25742755102,6793.60791183673,6812.31691530612,6726.61794081633,6829.81148979592,6849.12558979592,6887.60680683673,6837.1781905102,6860.21002653061,6812.50776846939,6852.61394591837,6875.93978193878,6895.46516826531,6819.28044081633,6781.16690408163,6807.08033887755,6800.53357908163,6824.74227979592,6813.80747857143,6824.16064561224,6763.3119244898,6774.59249459183,6737.06965020408,6802.7412055102,6782.2256,6771.18946791837,6791.92776714286,6827.84149142857,6823.27101530612,6822.36031367347,6847.11943367347,6826.82908877551,6897.02810204082,6759.17015979592,6818.51709755102,6719.83155193878,6724.22693622449,6759.68764530612,6798.58852979592,6934.09360714286,6690.75133924082,6763.07170663265,6821.48401683673,6798.8066827551,6803.65178040816,6907.75902795919,6866.77600489796,6870.78045734694,6792.85696184694,6898.59201734694,6910.81979959184,6689.76950693878,6695.19574010204,6671.26877153061,6718.22293163265,6782.74384530612,6778.88697489796,6906.07897061225,6790.13376112245,6859.77131520408,6740.27015510204,6849.1679944898,6793.56558306122,6757.8305027551,6802.21106428572,6738.95593153061,6778.23768714286,6763.89517928572,6835.73496469388,6764.94933918367,6850.70952653061,6824.16109071429,6858.97403434694,6783.08202142857,6788.84092357143,6696.07429857143,6821.23910561224,6742.86937112245,6750.43273489796,6743.27233806122,6729.484095,6741.80502173469,6719.07629265306,6824.03440265306,6843.73911836735,6781.79716734694,6779.00819734694,6871.10875918367,6877.53856020408,6861.45391938776,6884.05902357143,6816.23000867347,6790.80754367347,6740.52606683673,6831.36673530612,6757.43167938775,6722.19460948979,6750.07680255102,6741.47449204082,6810.20264306123,6808.64313102041,6720.49466602041,6775.34204102041,6739.72385971429,6770.68595971429,6810.03862471429,6755.18180897959,6788.00992673469,6790.46597928571,6861.4253472449,6723.07223428571,6746.52960693878,6813.18509183674,6697.38679061225,6752.22193061225,6741.86072367347,6739.00862867347,6605.14317867347,6868.94890102041,6793.59765595918,6820.89611218367,6822.2550422449,6830.08374183673,6820.26497857143,6792.01807989796,6911.5275622449,6998.82349367347,6796.5134022449,6784.44995153061,6864.29665612245,6813.00109265306,6844.35430244898,6791.8010405102,6795.36933744898,6742.11293530612,6929.49285428572,6723.37841938776,6853.44819122449,6848.79871918367,6852.57331346939,6791.28682346939,6764.59260928571,6811.65586806123,6791.60179765306,6798.20683183674,6689.97355234694,6836.99725183673,6692.91394285714,6727.66170683265,6675.22018683265,6741.58917806122,6625.23260663265,6810.43390408163,6803.83054399388,6663.04176848367,6799.47354571429,6760.67936020408,6811.19596326531,6811.74161061225,6773.50783877551,6787.37054581633,6751.71003581633,6755.84909581633,6746.58163081633,6689.99258295918,6694.76243010204,6652.87555285714,6827.43173010204,6766.89994010204,6758.15543642857,6803.11030234694,6840.06676326531,6815.1574272449,6807.17169969388,6786.06484204082,6901.43928602041,6661.20002581633,6898.27896836735,6940.94837846939,6870.50070979592,6728.22994183673,6812.03750346939,6833.82145061224,6770.03871367347,6720.57072091837,6750.77889591837,6682.73836816327,6773.3359644898,6803.00498867347,6781.83068540816,6762.61766489796,6749.97171489796,6803.72114989796,6729.44859204082,6817.2515772449,6818.70367244898,6749.63822193878,6766.30600663265,6748.82011836735,6887.82932622449,6761.02368183674,6756.43314397959,6753.73212306122,6757.39695877551,6677.99307377551,6779.51741827551,6742.97056367347,6750.89734857143,6885.20816153061,6830.75822316327,6847.42382938776,6758.65028438776,6811.70501387755,6681.66258387755,6791.85998387755,6797.22342795918,6722.99570102041,6733.4563222449,6636.66649112245,6683.92310112245,6859.76890387755,6841.73909112245,6851.142405,6817.77250397959,6791.80695622449,6776.16482204082,6840.55458265306,6805.82246765306,6877.16891336735,6745.18250918367,6833.30351428571,6826.12921806122,6888.93242061225,6818.71422857143,6787.94377857143,6910.92859357143,6893.4227744898,6883.48192285715,6821.96562908163,6742.23324908163,6855.83617285714,6823.31282887755,6809.24505836735,6780.48462469388,6813.62681867347,6820.07002234694,6777.84881806122,6851.64792316326,6883.51087510204,6842.92372642857,6835.95999704081,6873.97151632653,6959.33930326531,6877.09279076531,6918.07791693878,6867.47963285714,6798.01610530612,6860.60725020408,6888.06685510204,6729.21289,6928.03658295918,6761.13059591836,6823.61269091837,6720.08197908163,6742.06833591836,6680.41929785714,6718.51442085714,6878.67630285714,6754.4118222449,6708.77309367347,6796.86284367347,6811.63655255102,6822.68445816327,6762.46320204082,6793.40186836735,6787.46066836735,6792.29307336735,6760.18020255102,6723.20421714286,6874.34107102041,6752.3779344898,6682.73693265306,6814.08057040816,6813.91634693877,6850.7450822449,6868.2582122449,6714.87310489796,6696.67269387755,6760.20879387755,6710.13676785714,6728.87331122449,6766.21267734694,6787.7491522449,6751.88437132653,6647.71777755102,6705.70866861224,6727.53278132653,6619.34063163265,6859.06992663265,6851.697105,6797.73139489796,6886.30999489796,6877.65730132653,6908.62576122449,6906.86041530613,6920.98005081633,6940.43856561225,6957.76520734694,7041.17498734694,6862.73695234694,6907.49413602041,6866.59449102041,6840.00840285714,6836.96237244898,6860.64409377551,6770.68999622449,7004.73797908163,6891.05186408163,6946.49290306123,6875.76482387755,6849.91070306122,6832.91317469388,6906.89253591837,6924.35519714286,6900.68898785714,6823.3460822449,6803.49894336735,6742.97484469388,6825.16903214286,6741.98775846939,6866.93389071429,6766.98937591837,6750.01078836735,6918.29895397959,6792.32155346939,6786.12902061224,6793.10311908163,6806.03901305102,6813.01285714286,6608.31857255102,6759.58156255102,6812.98249173469,6697.1103794898,6745.45728061225,6779.13370561224,6749.81543071429,6701.87339569388,6756.05109263265,6826.1382455102,6814.00629765306,6883.6059994898,6851.22813459184,6846.5497544898,6874.34695969388,6847.18719387755,6837.04740265306,6869.09626367347,6821.60346204082,6787.54294836735,6733.94884897959,6801.1634522449,6726.2497105102,6715.23307244898,6769.28635122449,6698.95226928571,6574.39941540816,6889.24559479592,6811.08345183674,6730.06644112245,6811.38614306123,6937.27089816327,6844.3769022449,6894.60876020408,6860.12334081633,6794.09901683673,6770.3407605102,6640.14612438776,6566.22869142857,6687.27171295918,6729.40366867347,6708.54733336735,6737.38201704082,6644.39931540816,6685.21554591837,6852.7998772449,6732.69197295918,6826.55383010204,6923.42995408163,6895.89651581633,6804.79664642857,6884.59024530612,6797.42083734694,6845.06474510204,6770.47874673469,6828.91082091837,6772.79456295918,6791.41531295918,6677.09397612245,6837.87796142857,6815.5004622449,6831.0904622449,6845.4735272449,6734.41943540816,6752.90980306123,6736.11412142857,6812.42746571429,6757.62397693878,6823.69267693878,6844.71236428572,6820.15903561225,6733.48603673469,6825.87547142857,6768.82590612245,6828.43068959184,6758.82634663265,6800.84470846939,6775.22966408163,6754.81742214286,6855.43202030612,6768.73355938776,6635.55229312245,6829.0789394898,6748.21256959184,6789.46670377551,6826.35305377551,6874.30827040816,6871.65095346939,6863.94547122449,6894.04413214286,6950.66219846939,6938.40727530613,6908.23341122449,6865.96526122449,6878.68326122449,6777.06058714286,6782.34655816327,6875.42441173469,6874.40390040816,6880.51549234694,6755.00971551021,6764.5698077551,6823.60884602041,6809.69678428571,6664.96017765306,6798.15362765306,6820.74921289796,6705.12849163265,6699.74757183674,6786.99004787755,6735.13079787755,6683.86589206122,6758.7495972449,6798.31887714286,6771.03235877551,6728.88115877551,6686.21620877551,6682.98567653061,6753.84301346939,6792.81614510204,6747.12059510204,6757.58087010204,6830.72555510204,6739.38557673469,6755.74770346939,6737.83795846939,6698.08704346939,6758.64229346939,6712.74042846939,6806.17513734694,6743.07294938776,6745.60631918367,6796.39113291837,6748.33541306122,6774.07245673469,6769.49681173469,6704.47404091837,6855.42481959184,6811.63798959184,6798.68689744898,6738.23261367347,6759.07086908163,6667.34040377551,6815.77742255102,6750.89561520408,6775.96895306123,6643.42415040816,6753.64022520408,6778.09846989796,6801.31116632653,6763.23781673469,6732.57203183674,6857.73449285714,6837.27654795918,6946.0774244898,6824.3135244898,6846.26696918367,6851.57641938775,6864.04024693877,6800.33744030612,6811.37503816327,6747.60539387755,6709.09184040816,6798.84396061224,6812.45113897959,6716.2698,6829.8167205102,6903.75703469388,6874.07389489796,6832.33171918367,6822.67802581633,6905.05544959184,6774.25288663265,6661.54532622449,6652.62496479592,6715.85593122449,6735.27981969388,6789.18887561224,6775.78398918367,6742.40466061224,6801.68546295918,6799.28675612245,6830.60957918367,6836.39057010204,6791.1284744898,6678.95305673469,6776.11128306122,6762.70986877551,6721.99432163265,6752.74003918367,6784.57345540816,6880.21851489796,6782.69339285714,6865.67077346939,6921.54235765306,7054.55714183674,6906.48473163265,6869.10835318367,6871.70453316327,6795.56551010204,6891.3917594898,6799.48874489796,6826.34840653061,6844.88849785714,6777.66231632653,6813.46147010204,6752.99467622449,6874.46754132653,6861.17834897959,6835.45935367347,6855.1828477551,6889.45115142857,6825.23867285714,6651.44712387755,6821.68989857143,6741.41303346939,6771.94764581633,6771.11844418367,6812.58955755102,6912.00550030612,6937.52363846939,6827.17020489796,6688.04211765306,6876.51227755102,6733.3581317347,6833.94130744898,6862.34199010204,6759.08286234694,6830.70117602041,6878.34531734694,6759.56081734694,6727.15254387755,6885.11645510204,6918.21037642857,6866.24133030612,6816.71046653061,6921.33102387755,6801.82179387755,6884.22955530612,6934.05990204082,6897.81057040817,6857.17865244898,6796.07609081633,6799.16636295918,6877.8034244898,6811.94013163265,6771.45072857143,6846.29198367347,6931.46981387755,6765.98894704082,6734.66231489796,6841.02901938776,6869.63888438776,6792.12227408163,6886.85068122449,6825.77968122449,6867.32903377551,6803.87653826531,6862.00051122449,6739.11054622449,6700.1330655102,6760.69686163265,6828.44202571429,6755.79463673469,6787.83894887755,6791.26205387755,6739.24017479592,6670.08917265306,6742.52255142857,6745.56270142857,6739.0511532653,6775.07388959184,6796.1039222449,6845.83178571429,6918.91743591837,6772.35333714286,6756.56740183673,6863.80848938776,6960.33717438776,6734.31006285714,6804.01869306123,6823.40488806123,6724.53674326531,6754.08947122449,6775.29008612245,6789.11981540816,6902.20227173469,6855.79734244898,6871.81894071429,6779.4154827551,6650.00153816327,6620.40634530612,6649.0793872449,6852.40381061224,6861.662385,6902.40542561225,6803.60456102041,6813.40045,6702.34483387755,6651.44156357143,6784.27511857143,6778.67103142857,6730.50829306123,6758.99258979592,6883.78102785714,6779.93318193877,6845.43656326531,6831.3250122449,6733.84405142857,6701.08079183673,6754.55564734694,6739.77982589796,6724.84265,6789.04997928571,6803.47561081633,6777.1992477551,6789.90973857143,6796.24224377551,6777.90428530612,6720.62449918367,6661.34822448979,6705.18924204082,6885.14905,6763.520455,6767.40961,6756.17719734694,6727.6830305102,6758.48818816327,6739.72267251021,6690.328315,6728.74317411224,6823.37188979592,6789.97992663266,6711.65769081633,6817.19859989796,6756.70177602041,6770.4835377551,6900.58820612245,6813.37035612245,6866.1065622449,6780.62727642857,6825.49528153061,6798.81382091837,6914.58431877551,6755.45529326531,6654.17073163265,6649.80761861225,6682.38761,6734.59502551021,6823.57904897959,6825.89448120408,6812.20812326531,6706.10380853061,6623.67839653061,6826.76538469388,6880.73025316327,6863.85254285714,6903.59482102041,6764.8653444898,6671.13686591837,6778.45310306123,6803.98562938776,6893.15771142857,6792.12945826531,6814.50011622449,6820.78333122449,6756.13327428572,6734.18636428572,6780.59533795919,6857.09673795919,6810.52495010204,6931.59122887755,6832.24541836735,6840.96024183674,6814.55260122449,6811.35968142857,6893.60304163265,6802.0811072449,6971.1288572449,6940.69199918368,6913.80037959184,6844.4368422449,6782.58595744898,6937.28894979592,6835.8646867347,6797.22747744898,6775.14652653061,6775.60675510204,6805.78043489796,6918.04410765306,6894.32901877551,6791.58714897959,6745.57257806123,6772.58679306122,6763.79137755102,6806.76926918367,6770.57043897959,6760.40133867347,6769.40143571429,6923.24503970408,6764.16660020408,6829.76466744898,6749.58006744898,6772.74242897959,6751.49909204082,6762.90134204082,6869.24208205102,6712.90318285714,6742.03042734694,6734.0884944898,6828.18812795918,6865.55959285714,6777.95099234694,6846.36667612245,6907.54739571429,6939.99607346939,6783.46494081633,6739.6950222449,6833.16874428571,6811.30466979592,6765.0500044898,6777.45986520408,6740.24903142857,6740.24469928571,6895.18240102041,6865.2034244898,6861.93074989796,6803.27305463265,6803.96127816326,6811.74388061225,6633.0834372449,6887.92535571428,6816.55902306123,6741.34692142857,6852.94095755102,6667.68046173469,6783.16933112245,6784.28432510204,6841.71779459184,6746.12304673469,6727.5898255102,6844.0046755102,6894.06332836735,6866.06955408163,6788.87235612245,6841.71205214286,6923.00190214286,6885.47799602041,6805.27307142857,6803.5474255102,6794.83817397959,6786.80965520408,6824.42800377551,6862.37542438775,6801.31489255102,6756.3584827551,6827.37267510204,6868.09281163265,6717.97209193878,6691.51034,6818.40426928572,6785.4744622449,6836.2299122449,6752.49730195918,6790.84506795918,6737.68649418367,6692.59753612245,6750.98734285714,6790.30800357143,6760.06479520408,6743.23866040816,6828.84046673469,6915.61474071429,6671.2721555102,6772.2977105102,6708.64248163265,6780.84528163265,6771.52091663266,6660.84385663265,6793.00608163265,6721.56864163265,6731.74544963265,6653.76941938776,6726.18753081633,6790.62456173469,6739.72268755102,6750.09374010204,6797.13660755102,6718.23266877551,6800.88564255102,6726.48993469388,6727.69136030612,6731.1242227551,6747.9151027551,6803.03100265306,6800.37451571428,6682.15531571429,6741.84176571428,6827.80410571428,6755.86030632653,6785.07921581633,6766.23839071429,6746.33705102041,6837.0186372449,6778.28412122449,6880.46237142857,6839.62733755102,6722.99851020408,6905.25805,6926.17987142857,6901.42708673469,6929.26602346939,6915.06062857143,7014.03152755102,6916.80367653061,6912.06323255102,6808.75302020408,6676.80578744898,6776.682425,6913.99153081633,6809.10161265306,6834.5091244898,6836.54448714286,6917.19902163265,6853.12600163266,6789.89937234694,6755.97029529592,6834.87380264286,6684.54342162245,6753.38083837755,6797.86514684694,6791.68047072449,6961.8739917449,6707.19733347959,6814.61376244898,6756.71333336735,6708.12170704082,6846.52401367347,6769.53779408163,6754.95021591837,6801.29081591837,6842.99748122449,6919.00419591837,6851.21265102041,6882.27367040816,6788.6717377551,6914.39696602041,6866.20605306122,6853.04498979592,6819.28817857143,6761.73736938776,6843.25026693877,6806.61566183674,6744.71282306123,6714.43769530612,6722.27531520408,6831.14794989796,6880.89221469388,6833.27502795918,6720.42925908163,6816.79411602041,6714.58717163265,6747.86989112245,6741.66786448979,6797.66938673469,6806.60919510204,6863.29963133673,6831.45539103061,6708.35026653061,6776.92636142857,6839.68313428571,6827.07291816327,6854.72976316327,6793.89113316326,6821.28885663265,6837.07761663265,6889.68018163265,6811.97669979592,6752.3449805102,6637.93053357143,6775.70549857143,6726.93647857143,6684.57412514286,6710.10334306123,6846.48579602041,6854.52121418367,6790.8701212347,6775.60496704082,6673.70446918367,6780.34666367347,6787.94042040816,6747.14579591837,6734.86728816326,6804.92779469388,6778.86010469388,6752.17969653061,6773.32583244898,6884.08610765306,6850.87013173469,6787.24503173469,6744.58601795918,6821.40225469388,6821.79484642857,6846.04386938775,6868.13038489796,6882.58604183674,6801.47224989796,6804.02374170408,6836.73188265306,6842.93780561225,6855.82625285714,6835.35291020408,6924.10540510204,6906.95991010204,6946.89727795918,6873.16558316327,6899.52056816327,6947.31475816326,6872.96209346939,6904.5487622449,6776.16539428572,6888.83516428571,6945.45791020408,6826.60786530612,6838.11060918367,6847.16072663265,6826.08522765306,6737.81229734694,6855.36466632653,6888.64334285714,6757.97263438776,6797.76726836735,6870.12466468367,6733.4431405,6690.25603152041,6749.0536549898,6768.87192527551,6834.31434132653,6798.46220989796,6809.78953040816,6764.96250857143,6703.40257622449,6792.43298316327,6768.35968438776,6722.47301234694,6646.81885704082,6815.51395418367,6823.17682826531,6786.6664577551,6820.87185704082,6813.15897,6888.07388591837,6789.65470795918,6829.12423561225,6802.27763908163,6855.19603673469,6722.63943755102,6864.1444322449,6732.20075830612,6732.38183830612,6773.74261959184,6753.40645816327,6794.10016561225,6815.3545677551,6924.95521846939,6946.86128244898,7025.23995173469,7029.78875632653,6945.96926632653,6922.84037040816,6996.41087959184,6835.88635510204,6889.28520918367,6882.01744704082,6782.30306193878,6881.28013265306,6826.68601530612,6796.88613030612,6740.47205102041,6734.12990908163,6828.83216413265,6897.94188163266,6757.83849387755,6801.08571326531,6838.27790714286,6838.1998255102,6781.22585122449,6793.71461122449,6937.41783153061,6833.96791408163,6741.80512989796,6827.58052142857,6847.00813714286,6749.30183979592,6860.01775510204,6814.64391397959,6871.14314683674,6704.26140816327,6756.67850438775,6801.83148183673,6889.80427408163,6924.95186938775,6995.48271938776,6953.61579316326,6841.16059897959,6824.04947040817,6763.06732816327,6768.55544316326,6828.81973530612,6856.73736989796,6830.48260132653,6777.9125477551,6840.09271806123,6820.96586091837,6731.51034428572,6751.2133722449,6777.68488755102,6848.90659081633,6805.54224795918,6839.51590295918,6789.07197193878,6564.80084112245,6761.59857744898,6749.37927244898,6804.48369591837,6738.95227632653,6790.86323132653,6805.49477632653,6847.82271489796,6734.71134979592,6827.09032989796,6860.76557265306,6802.71599728572,6827.06229142857,6788.93100663265,6643.71419081633,6735.33568418367,6783.60159653061,6766.78495826531,6857.1520155102,6776.78788181633,6735.58459469388,6743.94732714286,6804.30522714286,6781.37785255102,6705.48997969388,6679.27459020408,6783.21329867347,6776.75615826531,6754.21679142857,6769.22570244898,6660.52277706122,6705.50660489796,6717.15581142857,6540.21720908164,6815.6416344898,6788.15826734694,6690.29894520408,6811.6489232653,6705.20248326531,6664.15961193878,6741.35762979592,6752.70888317347,6676.38743470408,6693.50480296939,6772.46301346939,6782.38266091837,6747.48939306122,6766.28032265306,6725.90436489796,6707.94107897959,6808.6033927551,6644.64541532653,6789.69231612245,6804.75144908163,6753.98198695918,6687.90099616326,6716.82057195918,6695.41987979592,6690.60646510204,6725.70566420408,6716.00311061224,6690.00331816326,6689.99034771428,6719.78733469388,6732.94239112245,6734.22903418367,6691.36383214286,6688.933877,6684.806865,6709.95795,6796.18806867347,6744.57793418368,6883.27087255102,6796.93563255102,6816.90020795918,6831.82896561225,6700.5749622449,6913.39971734694,6745.10346346939,6804.01901755102,6796.17783714286,6853.12218163265,6747.96313346939,6786.77041338776,6768.31081132653,6844.69393632653,6753.31418632653,6770.34755438775,6795.50308336735,6776.70400602041,6757.22876571429,6708.91931591837,6819.55099408163,6814.86343653061,6795.13595459184,6762.42560459184,6800.6950172449,6812.2598044898,6765.74249908163,6824.6969405102,6806.40926193878,6892.32315020408,6861.49949142857,6958.06532979592,6954.03037479592,6835.94381020408,6912.41357653061,6718.84982653061,6851.32700204082,6856.91961857143,6853.71501707143,6779.93340380612,6878.96311122449,6934.6807227551,6886.47136887755,6862.97596663265,6823.83624418367,6842.79208918367,6819.34166918367,6873.16445693878,6774.73351346939,6801.41314530612,6894.60507244898,6785.90182244898,6745.89104836735,6764.45013153061,6687.77961653061,6783.48906653061,6773.19291346939,6740.2972862449,6774.37398306122,6799.16784428571,6671.19278367347,6830.60175755102,6797.87542479592,6830.88596153061,6855.01407653061,6820.43472653061,6814.63474285714,6819.33992857143,6786.0310822449,6823.39919683673,6814.14152153061,6779.55567938775,6813.48694602041,6747.68181326531,6777.19432153061,6733.35779030612,6700.95053989796,6738.5675222449,6804.67121897959,6845.21965897959,6791.68950428571,6850.24213428571,6797.79939744898,6847.29706908163,6846.72123214286,6805.57497396939,6897.88921641837,6777.7361994898,6892.91109285714,6882.30686938776,6833.6456022449,6769.8661272449,6714.95198612245,6792.10380918367,6775.73408908163,6820.45554785714,6864.83372928571,6755.09932540816,6802.13173112245,6815.38942653061,6747.89181020408,6693.90709336735,6819.07886489796,6772.59503459184,6799.92157295919,6786.95351706122,6961.51739897959,6904.59929081633,6880.16404020408,6779.63066020408,6787.88471632653,6791.47790959183,6810.79805112245,6751.93522959184,6651.51859530612,6750.08523938776,6762.62581397959,6681.80065734694,6688.43468826531,6727.76388397959,6721.88761061225,6765.93281510204,6763.58368030612,6754.93866306122,6946.45591530612,6814.96669653061,6836.3358877551,6790.15954285714,6757.62439285714,6783.64829204082,6770.25606408164,6798.30967908163,6835.98783826531,6883.79975295918,6829.68647295918,6805.20563183674,6765.08819877551,6738.94997214286,6895.51592142857,6790.92011887755,6634.7669589796,6800.63251326531,6809.20464326531,6913.89021326531,6847.80089591837,6799.21484714286,6828.47818673469,6812.06912959184,6812.91268204082,6739.4895044898,6779.59586908163,6819.91510102041,6773.88962142857,6873.52002142857,6849.09253551021,6826.65871755102,6787.59918387755,6795.45096979592,6753.08992132653,6752.80294704082,6779.81166438775,6736.60075388776,6737.83123897959,6713.197315,6778.02564908163,6805.63880806122,6681.090365,6804.35302834694,6809.31482571428,6763.94931836735,6774.91422836735,6835.40096836735,6843.10996336735,6829.65244602041,6964.52332418367,6897.10667244898,6881.48267244898,6909.62943979592,6900.59305428572,6908.22259244898,6943.21733744898,6949.75860989796,7002.11730989796,6906.94439489796,6969.29489489796,6879.27590489796,6916.55314551021,6955.58969744898,6903.00938112245,6941.06360938775,6992.17606938776,6961.75130408163,6808.69638132653,6841.54524153061,6868.74875561225,6828.64985714286,6907.07158244898,6776.41877122449,6855.20607040817,6862.58996326531,6767.13413469388,6785.13503979592,6829.72945612245,6742.26173591837,6765.26760693878,6795.84236448979,6870.59525,6755.46982632653,6742.09096653062,6948.71976632653,6866.74359918367,6762.81837,6701.7012072449,6692.42355540816,6737.96258336735,6763.81906153061,6774.97901734694,6733.78023765306,6763.81331102041,6791.6540577551,6798.26699836735,6807.4563255102,6745.4818755102,6808.84887959184,6735.4295244898,6773.06507122449,6724.79963693877,6759.77334163265,6634.97360183673,6684.67090183673,6691.31095387755,6732.58667387755,6710.71134806122,6766.43339755102,6729.85282836735,6729.28284346939,6829.49228893878,6715.99985444898,6755.57647791837,6722.61362,6738.2826222449,6789.78621826531,6763.57754510204,6787.07186346939,6804.60429408163,6715.8127722449,6755.06539489796,6773.54939081633,6694.06141183674,6730.11552122449,6776.40993122449,6638.839835,6729.11869,6745.352795,6779.74550430612,6771.55283816327,6822.09200316327,6692.67563173469,6682.32692704081,6627.65764591837,6705.36175591837,6720.2806505102,6868.00176846939,6865.66946316326,6696.49135622449,6712.09341632653,6782.59474632653,6680.2339327551,6728.70739275,6697.60879816327,6741.17991367347,6738.44291169388,6722.59769653061,6625.95914979592,6829.44722908163,6744.54935183673,6816.54662632653,6786.34303163265,6667.08278387755,6815.93107336735,6784.93908653061,6813.01813061224,6818.38956897959,6918.08232938776,6761.16590438776,6730.00793265306,6751.66782448979,6730.38902183673,6724.2880255102,6829.8614905102,6779.36439020408,6821.30780040816,6719.36120938775,6782.40725428571,6810.3940805102,6712.11982846939,6713.79733397959,6816.68473928571,6850.24364316327,6930.66818071429,6875.89130571429,6850.49225408163,6952.38018285714,6835.49735408163,6856.79397867347,6788.64744020408,6759.06553020408,6771.26281897959,6800.64216040816,6802.45446040816,6782.62997602041
657.30612244898,6948.03725102041,6979.69854591837,7124.27446020408,6968.42305938775,6768.65046489796,6835.89879973469,6850.26155479592,6978.74127520408,6834.54259377551,6904.14775806122,6974.82814642857,6871.4175672449,6737.17832683673,6929.27967908163,7018.86629510204,6775.37909742857,6928.60342795918,6966.11528,6864.0581927551,6978.43734311225,7029.20935010204,7022.40509836735,7114.36998816327,7076.25696816327,7180.36018816327,7045.65320938776,6968.12381836735,6920.02316836735,6959.37942008163,6994.5410405102,7076.71796530612,7113.68157377551,6893.25895306122,6945.03850448979,7045.21469265306,6879.94589173469,6900.82055602041,6885.35985285714,6843.6612144898,6804.3303044898,6943.92115020408,6858.12555020408,6977.78483346939,7105.87069183674,7173.20034377551,7101.64625857143,6768.68779877551,6828.16209377551,6733.19556285714,6815.11008591837,6840.93120540816,6863.94136336735,6862.76113836735,6924.03941612245,6895.37435816327,6979.45160816327,6959.10800938776,6957.19626306122,6930.43354836735,7012.9402922449,6936.8388,6724.0875377551,6937.09741571429,6931.52323387755,6929.41154612245,6859.59443367347,6887.66781591837,7106.95331010204,6901.55839704082,6923.21771989796,7015.99687244898,7108.55017109184,7238.35413153061,7151.65589173469,7238.80374591837,7033.64710755102,7037.10871510204,7109.15914367347,7165.87707785714,7033.36598714286,7193.58599714286,7187.89573489796,7106.78953489796,7159.57866989796,7109.80127030612,7104.07434591837,7172.52303346939,7007.88312959184,6996.37657081632,7159.42538836735,6991.41431836735,6976.24564183674,7093.10441438776,6961.31623906123,7109.02547469388,7151.8302877551,6946.16179979592,7009.87592040816,6865.35465785714,7078.22427040817,7067.54115255102,6992.0128927551,7019.4181727551,7072.41976816327,6904.92056816327,6853.01681316326,7061.34832806123,7065.7047622449,6993.73317040816,6946.95437142857,6941.23911142857,7190.12440469388,7082.57003938776,7219.96469102041,7232.75435102041,7078.78087979592,7085.45556326531,7100.21341285714,6974.35834785714,6936.8060805102,7061.76699408163,7190.10649612245,7175.76499530612,7199.91621693878,7051.27430673469,7375.97027918367,7079.48596244898,7016.05215510204,7113.7690777551,7191.95710265306,7135.58637734694,7059.26668428571,7121.78018959184,7174.79722244898,7062.06322551021,6968.03148495918,6902.38637077143,6928.64829793877,6959.76849653061,7006.14355408163,6951.78029755102,6979.98630367347,6937.0807922449,6847.0834077551,6835.1474577551,6706.41040489796,6920.90117489796,6944.97596979592,6911.77253408163,7194.67116265306,7250.94011714286,7170.05198514286,7211.94160714285,7164.34494081633,7158.4082594898,7137.26097265306,7100.09234326531,7172.23866326531,7061.58942887755,6860.8662367347,6878.27214040817,6863.89786540816,6890.46073989796,6859.00902989796,6858.79965071429,7015.64782020408,6818.09965020408,6863.27484469388,6867.2615067347,6882.6452407347,6819.30937806122,6809.78485142857,6950.62379867347,6797.55960857143,6744.87501846939,6779.31876173469,6886.86232693878,6680.70518193878,6847.76716193877,6965.50159081633,7036.32299153061,6894.54421183673,6910.08191785714,7186.38228173469,7266.2821367347,7458.75216602041,7393.53993908163,7409.33231316326,7359.83988112245,7310.99825163265,7247.46770255102,7216.41364214286,7173.47171857143,7095.32041510204,7084.42687642857,7221.80950765306,7038.81574734694,6918.89350857143,6977.4230022449,7034.44722795918,7194.65930326531,7218.973655,7065.29131326531,7041.01896510204,7165.57298622449,7043.18768316326,7033.13552530612,7081.02179081633,7124.86818897959,7073.19755061224,6962.89139408163,6978.41382142857,7054.26821163266,7090.26084234694,6904.88082295918,6837.23260795918,6814.08307612245,6958.96461316327,6869.56512193878,6938.33854479592,6905.60080204082,7012.47852479592,7055.31045326531,7140.50616612245,7124.49116112245,7061.31385752041,7105.38730752041,7166.50700956122,7087.57001530612,7401.13659693878,7100.95614693878,7229.20671510204,7003.61388316327,7184.95557540816,6965.79123061224,7087.17490510204,6892.11670653061,6857.95255795918,6826.73966204082,6867.04086367347,6857.84777622449,6784.70859081633,6793.82603387755,6820.88945183673,6791.99682306122,6911.62552836735,6866.82416408163,7076.63402408163,7057.41785642857,7133.91956602041,7073.79164183673,7210.20983265306,7016.97147653061,7057.74300510204,6925.60571897959,6995.34492142857,7126.9196622449,6991.29134530612,7039.74865612245,7018.02002561225,7020.97782561225,7081.41685112245,7033.27491132653,7049.98755882653,7081.71888132653,7391.28757010204,7400.75496010204,7447.29735816327,7268.67353469388,7326.11047969388,7167.90402979592,7270.07767329592,7048.69123693878,7164.04949836735,6952.88498255102,7216.52793459184,7181.22261632653,7219.12556734694,7052.20999081633,7051.34832214286,7223.94055989796,7213.64699122449,7002.89860714286,7037.69228673469,7009.36601326531,7187.0841505102,7210.60248551021,7143.72813591837,7352.68105306123,6952.41853979592,6985.38834693878,7055.61169806123,7001.13363204082,6955.95968061224,6838.04633336735,6948.68095459184,7283.31923507143,7243.34551714286,7080.10547142857,7095.15674928572,7242.09219928571,6962.77119183673,6934.72434673469,6880.06645755102,6912.43403744898,6723.74404977551,6773.62603806123,6836.82350306122,6874.58768306122,6873.53800122449,6878.77625938776,6942.18895755102,6951.47707510204,7001.90847510204,7002.27891081633,6935.432035,6959.72625346939,6991.95674326531,7016.63704459184,6962.42727795918,7058.81265632653,6863.50522673469,6907.87479653061,7036.34164387756,7127.16130510204,7081.47455102041,7026.90037418367,7094.89139918367,6977.31828163265,7110.34401581633,7093.1916179898,7137.62262867347,7296.24675663266,7301.90709663266,7120.76683061225,7016.06349357143,6934.88395153061,7105.18206663265,7067.69804510204,6965.26037683673,6790.47676836735,6722.5819974898,6872.70015234694,6990.29705765306,7003.56028265306,7136.92421530612,6836.64246806122,6955.79324377551,7003.44410877551,7060.49764377551,7064.80543663266,6933.00870244898,6932.68648897959,7002.98513081633,6988.76460091837,7025.83072020408,7057.58054653061,7054.74159551021,7043.02004387755,7214.8725122449,7256.83604408163,7135.90894795919,7076.17704071429,6997.33852020408,6944.57278938776,7006.85393061224,7023.53492459184,6979.41582959184,7011.87631704082,7003.58136632653,7025.62209816327,7040.91602244898,7125.0133044898,7222.87265153061,7167.71024153061,7231.18553020408,7050.2404922449,7172.24454795918,7159.65966918367,6915.38489897959,7114.55002857143,7020.45032040817,7122.29388877551,7123.3400972449,7063.4967722449,7120.03926346939,7066.88373193878,7019.58722673469,7250.39241193878,7348.17386693878,7193.13123061225,7240.61617346939,7023.61619081633,7029.61006653061,6978.72939826531,6973.58082673469,7103.53546591837,7099.74696734694,7071.37762081633,7117.55983142857,7140.20553979592,7057.87416673469,6968.78309755102,6946.93954959184,7135.21849959184,6919.60737489796,7177.46469377551,7092.10801938776,6832.05823112245,7078.41482795918,7104.87391070918,6935.87819759184,6825.51982571429,6801.51376204082,6770.00453704082,6825.40936877551,6824.94425489796,6896.27595112245,6965.23063553061,6974.32343418368,6891.07137612245,6885.13357612245,6946.89332836735,6967.99430714286,6994.17594469388,7108.28155265306,7079.39718765306,7039.79965265306,7231.16117653061,7269.62543969388,7136.21339381633,7178.09750357143,7195.0030867347,7305.34378673469,7219.76674367347,7225.72924,7067.65022346939,7022.68910530612,7334.95045612245,7180.71346612245,7211.79044795919,7201.85135408163,7126.29185306123,7002.19928857143,6932.7545955102,6802.02813081633,6973.41381452041,6947.74510612245,7113.55513469388,7150.22920408163,7160.24759959184,7123.77885510204,7348.26092142857,6986.91420938776,7075.67091428571,7017.02615357143,6837.90862377551,7163.91817959184,7093.9728655102,7121.7661077551,7224.6830877551,7208.40349734694,7172.46736801123,7095.93635153061,7189.33506653061,7032.10149653061,7062.14277061224,7226.16571561225,7160.16193642858,7150.04796326531,7081.80758959184,6946.14933153062,7062.21046103061,7076.58618867347,7033.54072244898,7065.03106122449,6949.74411122449,6969.82539214286,6763.32335761225,6879.7429977551,6925.68639183674,6925.95140632653,7100.21645663265,7281.29584255102,7278.23371163266,7189.16453693878,7156.68529408164,7097.68754408163,7003.41584408163,7050.27192816327,6984.10248663265,7100.52486969388,7105.56101836735,7260.37640714286,7220.10676734694,7017.45254622449,7021.90796928571,6895.88267336734,6910.184075,6887.921075,6896.27863020408,6964.18036020408,6941.70919295918,7035.3162677551,6951.86384734694,6972.82490663265,6968.43200897959,6925.93881938776,6946.0271244898,7065.86790326531,6774.35873087755,7005.4032037449,6878.03264979592,6835.47163510204,6814.76416857143,6867.3194594898,6890.9386572449,6799.19774418367,6839.98257918367,6803.77010418367,6895.86540572449,7015.41564980612,6841.56017663265,6862.45275061224,7011.91587061225,6958.82837051021,7036.15658510204,6876.5191827551,6854.78229887755,7004.06348765306,6888.83171163266,6971.43852163265,6965.66530020408,7090.40131877551,6999.47018765306,7122.22631326531,7051.08395158163,7107.45348581633,7176.32841714286,7177.77979877551,6997.80122734694,7072.87266959184,7045.73961918367,7422.38132142857,7173.61217142857,7132.3012744898,6983.76956204082,6958.55507959184,6836.55601561225,6823.72875397959,6804.7539915,6840.54411938775,6837.93527571428,6808.8559677551,6784.74427612245,6785.05789734694,6856.53442655102,6828.19658714286,6879.9401172449,6837.3321222449,6815.27452,6850.22043367347,6981.15457346939,7091.59080642857,6862.8666455102,6802.24040802041,6849.37395836735,6967.57335836735,6926.96608653061,7029.15375683673,7114.56662316326,7079.97050959184,6975.09808459184,6881.86854612245,6846.55966204082,6804.03786183674,6864.46256112245,7010.23007214286,6975.71609887755,7055.95301,6919.90825626837,6870.24009422449,6888.76966122449,6826.02868918367,6891.73553918367,6905.59409367347,7040.89489367347,7174.32837183673,7126.50293683673,7129.11036020408,7098.3871622449,7005.96417653061,7057.88476285714,7110.16624897959,7180.70200857143,7096.53635714286,7467.37421887755,7460.44572244898,7340.31902755102,7243.40461928571,7302.28480010204,7053.32845714286,7025.54491714286,7210.45056428572,6957.58085928571,7117.09662153061,6755.24836632653,7017.16404673469,6910.0636377551,6901.0893592551,6914.63003428571,6962.48359183674,6866.48028551021,6826.51570918368,6870.03111418368,6756.25175418368,6753.70082253061,6872.43424887755,6797.51149132653,6893.4669777551,6854.8134977551,6886.2199372449,6915.1702522449,6984.93230306122,6955.88495306123,7135.40189715306,7080.55768265306,7009.74503765306,7104.25328265306,7057.78156530612,7080.1306255102,7081.64859551021,7136.6991610102,7209.93839387755,7296.44266112245,7311.47567551021,7401.62279051021,7509.88342551021,7436.06781846939,7282.6382,7167.65567755102,7044.60763857143,7227.61263387755,7042.20955632653,6919.03389091837,6860.52709020408,6856.35912663265,6960.66990153061,6874.82021795919,6948.29337938775,6883.44499408163,6868.28463459184,6873.40596887755,6915.67155112245,6824.91980561224,6960.59340530612,6951.6944905102,6943.77657438776,6930.54457081633,7042.80693897959,7040.68295306123,7216.63700081632,7233.13673132653,7233.66209061225,7169.76914438775,6951.13109540816,6924.78331040816,7020.89463322449,6927.27073322449,7067.99223918367,6976.28858571429,6959.29233571429,6942.13306571429,6974.99570663265,6793.83453642857,6869.56021540816,6702.73636693878,6776.18621755102,6835.44474326531,6776.1713527551,6704.73277253061,6950.33470510204,6942.00835989796,6899.50720897959,7003.65376571429,7094.47976653061,7022.06359673469,7111.7325457551,7205.31181,7101.23521336734,7064.81315244898,6872.10142969388,6999.78004081633,6869.27532469388,6818.26230010204,6927.02713530612,6967.90165867347,6914.59785112245,7096.85284122449,6842.33995530612,7086.06803346939,6974.66707520408,7021.92397132653,7017.92530918367,7044.37349989796,7056.7939277551,6968.55947510204,6866.46385173469,7096.24144265306,7040.51603642857,7087.27764408163,7049.46023918367,7028.05417418368,7179.58244336735,7093.77183132653,7099.74022142857,6961.31484677551,7035.62189030612,6778.85340642857,6934.38187040816,6998.67553285715,6918.96657367347,6892.15509193878,7095.30050989796,7128.10761255102,7205.34567040817,7339.09844040816,7132.73035214286,7267.451245,6804.40812418367,6972.02036693878,6777.59354397959,6968.06657765306,6933.37510204082,7028.0836777551,6988.05088306122,6909.62533306122,6821.13731806123,7059.07602479592,7158.48103653061,7099.82237663266,6915.77704377551,6919.68511959184,6911.04749693878,6846.68475959184,6839.89754959184,6809.58102204081,6979.78490255102,6982.53303755102,7007.19132357143,7050.53370928571,7001.23876122449,6908.97905040816,6830.39034122449,6988.63175326531,6747.98983867347,6910.46854346939,6829.56221897959,6691.69797620408,6894.0752977551,6728.85654534694,6789.63270969388,7011.01494510204,6920.06931051021,6750.17230489796,6917.07481091837,6870.38181908163,6754.34843812245,6964.51866081632,6826.39698816326,6843.66103765306,7029.42015265306,7090.16845765306,7017.78793765306,7076.06608,7387.82407440816,7149.18097440816,7090.53705816326,7190.97358367347,7240.78625959184,7191.14260428571,6938.65164938775,7018.11017316326,7113.99833816327,7042.08252061225,7078.64085918367,7024.98660704082,6894.30095265306,6939.56414265306,6939.92774265306,6970.22244765306,7078.40306612245,7123.24855112245,6973.43512112245,7080.51842612245,7015.31268591837,6918.56408336735,6876.06966708163,6740.08456632653,6775.6793082653,6800.51933428571,6750.50205438776,6733.90682306122,6780.01895146939,6989.35538520408,7030.63704163265,7021.32860367347,7081.98984285714,6794.27593877551,6822.18589183674,6989.14039183673,7282.13214663266,7264.83431163266,6926.01688551021,6861.07237067347,7047.34116663266,7039.33089785714,7001.73472459184,6915.23373112245,6863.22296346939,6873.14283969388,6881.7216972449,6929.79372938775,6741.28091438775,6926.17427653061,6714.3685055102,6796.5940055102,6790.0583270102,6775.9516805102,6658.70037969388,6793.27077295918,6793.29738295918,6803.05803295919,6851.77837153061,6822.53383997959,6825.63355997959,7002.2542267551,7001.14454316326,7044.16509963265,7196.16788463265,7340.42223932653,6896.51386918368,6930.88918428572,6856.77488836735,6850.81481857143,7006.3280077551,7029.16112081633,7024.40886857143,7047.74385,6933.85942755102,6997.25224418368,7395.63144408163,7290.07020469388,7317.5736744898,7171.80404714286,7062.89876806123,7003.16905765306,7075.69671326531,6920.73882877551,6929.73612877551,6966.68539244898,7163.92047142857,7115.64363969388,7148.97835459184,7132.13509428571,7168.79656428572,7074.68104,6945.45709,7102.710865,6879.18445153061,6940.1175222449,6920.26299142857,6864.62793632653,7024.71168418367,6993.45498693878,6870.55591214286,7114.37030714286,7073.35036214286,7223.86728265306,7282.14235459184,7264.96544408163,7426.83024183673,7349.20113214286,7279.12524214286,7226.81922214286,7151.31939918367,7292.58440785714,7204.82619306123,7195.57233606122,7019.19033306123,7039.31973551021,7105.73166428571,7097.59579714286,7070.51999755102,7110.1731722449,6890.1226144898,7023.65817489796,7025.28882612245,7134.24676071429,7062.70416122449,7096.68483469388,7075.92993469388,7007.91363469388,7046.61259357143,6748.83516493877,7019.65436122449,6926.89166306123,7023.13441806122,6886.99635428572,6920.21089591837,6965.31657091837,6988.43727295919,7029.57950857143,7076.55550530612,7158.28640969388,7256.62918469388,6972.15918367347,7086.83413561225,6964.31209591837,6980.45166183674,6917.87059561225,6861.92670704082,6806.50052693878,6884.75011163265,6940.12810438776,7093.85214132653,6902.18818816326,6917.92135510204,7019.077895,6994.37980316327,6963.20791622449,6956.38278551021,7032.33376857143,6825.00698653061,6803.0378344898,6861.5345155102,6798.3107155102,6803.42677010204,6927.44755255102,7003.57633795918,6963.1133755102,6946.60908367347,6911.73259408163,7197.7409917347,7114.11364285714,7065.64824581633,6930.18104387755,6980.57987040817,7080.94128112245,7100.33131234694,7074.80661510204,6949.75802714286,7067.67257714286,6785.59612979592,6823.5974622449,6757.81807142857,6705.14498238775,6932.32643734694,6904.40859081633,6894.2570894898,6934.96344418367,7131.01563438776,6914.53196591837,7064.19536591837,7125.60513938775,7200.8795177551,7188.13114785714,7123.64937704082,7257.71499979592,7286.16646438775,7243.98497928571,7185.83332134694,7258.76291714286,7167.6338705102,7202.46415581633,7121.20226132653,7032.73489397959,7229.06600928571,7195.943245,7279.92796132653,7017.62112183674,7024.65451683674,6976.37344806122,6984.78468306123,6957.15475285714,6962.40237459184,6970.47254234694,7016.01074142857,6934.94249816327,7075.44634346939,7220.20729346939,7249.06098306123,7241.6386377551,7192.99322142857,7123.41211255102,7077.18510612245,7050.92548469388,6859.97341836735,6967.83374510204,6981.98466714286,6991.20283061224,7016.03659244898,7029.15479744898,7134.3231277551,6936.9199372449,6960.9235522449,6909.15764795918,7197.67196326531,7014.83245306123,6810.93928559184,6793.64166285715,6782.31140428572,6846.69515428572,6867.36541928571,6842.94662448979,6841.8909604898,6846.91490546939,6975.41821426531,6896.77078059184,6900.05902059184,6880.54495242857,6904.73707242857,6914.04536142857,6980.22434479592,6925.54128979592,6873.99910132653,7135.53450132653,7254.2621855102,7309.36945214286,7188.15710714286,7390.30310683673,7047.31448601021,7104.54438764286,6980.4052272449,7074.80373979592,7086.06464081633,7020.74599408163,6994.47511438775,6794.4033627551,7032.70743173469,6905.96658173469,6926.3328017347,6874.93128173469,6922.90644173469,6972.73281173469,7057.02266408163,7252.81827142857,6998.2752044898,6885.4711544898,6794.98371357143,6744.80420806123,6827.06314642857,6857.79909602041,6831.14688060204,6886.60723673469,6901.45498397959,6992.13946581633,7065.64706530612,6993.14142142857,6874.66452785714,7028.55100918367,6881.85130428572,6899.12513653061,6852.60139397959,6895.75374938775,6716.37641659184,6822.42817122449,6729.56862510204,6950.65374908163,6987.78067428571,7005.77654367347,7062.73499571429,7157.07078214286,7250.98505387755,7107.5987494898,7136.65860630612,7120.94972510204,7036.98929387755,7038.38283061224,6975.27555387755,6970.58409969388,7059.01780244898,7263.40304163265,7258.21236295918,7331.32867142857,7145.83868897959,7209.51041506122,6973.80779193878,6981.14503795918,6880.05462612245,7017.67780734694,7090.98871612245,7093.98881622449,7158.93929989796,7402.14036520408,7419.02865397959,7365.91372132653,7324.51095795919,7446.08252173469,7250.77698673469,7050.76072653061,7202.37322653061,7106.53867653061,6947.31599020408,6845.31669030612,6815.85235530612,6833.90669204082,6898.35788704082,6961.47545,6954.8805744898,6955.91885379592,7168.55165795919,7157.17754826531,6934.64094193877,7041.80598683674,6968.69769683674,7100.29260806122,7044.10982204082,6987.98656653061,7197.39762459184,7044.36226243878,7165.6300217347,7088.11057,7000.43265173469,6952.76323683673,6999.65665602041,6958.75036877551,6833.22992061225,6962.28243163266,6827.74740163266,7005.7071977551,6857.83543326531,6863.09207908163,6833.56143785714,6912.86483969388,7072.32656632653,6891.27704693878,7211.50323061224,7043.75773265306,7080.87316816327,7052.96803163265,6917.22682065306,7016.21407071429,7102.05869397959,6933.22301428572,7010.63896908163,7041.02577897959,7071.01708959184,6988.36104704082,7101.81640989796,7025.30758673469,7029.37196285714,7076.71735673469,6959.3119817347,7059.96945173469,6903.98834561224,6967.33483061225,6948.47805785714,7059.72554102041,6896.59758785715,7045.28699785715,6974.38176734694,6849.29848989796,6842.03860928571,6975.994785,6855.12507806122,6888.34324112245,6898.5543217347,7109.41426285714,7118.86295877551,7061.01778877551,7073.83890438776,7199.40578173469,7115.05609836735,7060.42678163265,7033.85759081633,7207.58774081633,7449.3226377551,7367.9566027551,7152.6536377551,6837.36352918367,6847.85017918367,7122.24768030612,6981.07393132653,7132.46585846939,7155.01579346939,7127.21749846939,7091.89735602041,6943.15079081633,7031.89000846939,6869.56626561224,7044.38860816327,6848.33718204082,6855.13654,6815.63411897959,6892.52052142857,6779.1216767347,7108.68108173469,7052.4522617347,6939.6004967347,7000.41526714286,7012.26414030612,6992.0197472449,6993.53441816327,6830.09137255102,6948.36992030612,7021.00693326531,6858.37917326531,6990.7052377551,7027.92907306123,6893.73183438776,6744.77910530612,6840.78662030612,6822.197945,6882.4144025,6971.98525785714,6884.64077183673,6829.41548153061,6804.36305306122,6859.63950714286,6892.79859959184,6816.82050959184,6772.59342571429,6829.22505526531,6775.15939044898,6840.30652610204,6895.97089977551,6838.13114959184,6764.60076959184,6794.00492459184,6920.23447959184,6854.36770795918,6908.88686897959,7086.69153418367,6947.39906255102,7006.17757346939,6938.96021122449,6805.83665173469,6787.14910367347,6880.01878244898,7089.34295714286,7036.9665455102,6941.99598102041,6975.78122102041,7067.17683408163,7153.58074081633,6932.88921428572,7009.80038979592,6957.31891020408,7037.70810897959,6927.17949867347,6959.98451616327,6913.50911959184,6952.75592653061,6858.99933755102,6981.86347091837,6785.06827653061,6974.58516153061,6956.35232755102,6928.14134602041,6930.10319602041,7082.64919969388,7129.85985438776,7170.1558222449,7027.11094989796,6980.98951710204,7105.01713918367,7088.99516265306,6964.91078581633,6877.05023367347,6760.63904367347,6786.52787887755,6936.34187887755,6776.74012418367,6915.67431530612,7054.12914969388,7006.95075112245,7002.19474826531,7224.98382336735,7137.07831836734,7047.40553357143,7175.43509071429,7032.47034102041,6972.65400102041,7058.42769918367,7095.16939520408,7153.51861020408,7074.55531122449,6991.91859938776,6923.82512122449,6996.79881377551,6997.73291408163,6924.72558581632,6906.84902469388,7022.61619377551,6994.80590867347,7080.27181571429,6913.52313163265,6950.56043265306,6951.39590653061,6873.45389836735,7096.14097336735,7063.16181653061,6855.0560922449,6987.1746544898,6829.36585632653,6836.69126081633,7014.54874479592,7093.11086734694,6980.86155510204,6974.57805816327,7073.13161030612,7010.65977714286,6882.60042561225,6971.2862272449,7044.86837346939,7196.73496142857,7115.90151418368,6976.59671653061,7074.37991316327,6953.04624153061,7140.54171336735,7013.43709244898,7007.24473867347,7060.69192204082,7032.42421326531,7042.7222317347,6957.23197969388,7099.18228673469,7154.12632073469,6922.81554489796,6878.40325928571,6883.89473765306,6806.28985857143,6863.15635816326,6835.44240816327,7034.91996591837,6894.87521510204,6945.89437744898,7013.47271408163,7023.02803244898,6928.37725326531,7010.59676714286,7167.68935693878,7219.79382469388,7226.81998969388,7080.36117857143,7193.65872857143,7096.3321644898,7057.5389594898,6927.9321594898,6987.21629632653,6939.24069826531,7028.33711438776,7210.66915755102,7126.58373581633,7008.64859357143,7085.36063887755,6923.59575244898,6850.92878622449,6855.57040755102,6901.37333040816,6925.93344591837,6920.14487693877,6851.92347693877,6845.75937693877,6823.38854081633,6972.80202367347,7118.91279387755,7139.99855612245,6877.97643806123,6844.91519306122,6999.76177040816,6859.2584772449,6805.61472030612,7025.87530438776,6825.6112144898,6858.31865418367,6972.9290755102,7042.38124071429,6980.44597867347,6929.25378387755,6980.80617857143,6959.85924357143,7085.91747071428,6896.61113979592,6885.82968469388,6967.41714091837,7015.01918693878,7154.99653877551,6978.46276540816,7004.89770408163,7048.87124857143,7083.73239316327,7050.10195816327,7164.95916163265,7289.51949091837,7045.00393336735,7077.53800081633,7178.49289418367,7128.96150979592,7038.77995897959,7065.37329244898,7012.06797367347,7089.8319822449,7127.22120142857,7141.23829653061,7145.33796255102,7202.92843816326,7034.35922183673,7117.79901897959,7048.81848020408,7062.81379061224,7025.74789061225,7299.71230612245,7571.31172244898,7464.76586938776,7466.06474081633,7328.65848510204,7473.43718877551,7356.56540091837,7416.51556479592,7157.41484367347,7191.64185959184,7248.66980612245,7268.28787112245,7121.89711734694,7149.00709734694,7118.2214472449,7445.05460612245,6942.59128816326,6992.468675,7038.08805306123,6989.55158265306,6978.04758989796,6890.53946591837,7015.40302214286,6856.36204734694,6982.0137727551,7163.71373938775,7043.81852938776,7069.34797102041,7054.06240714286,6958.75255928571,6951.80750510204,7094.28554030612,6972.29458602041,6921.1526517347,7029.5617017347,6943.16185438775,6891.54137081633,7034.11046122449,7227.70986122449,7309.79373979592,7183.69906979592,7166.91864285714,7270.05104234694,7497.96250571429,7468.94783877551,7255.55945969388,7147.23402908163,6977.28713714286,6849.39112530612,6772.3239440449,6997.07459112245,7145.27263469388,7085.86285836735,7142.03845071428,7088.17865071429,7138.65893071428,7091.86534734694,7174.0751577551,7310.89069163265,7331.60633632653,7263.55100510204,7217.85192306123,7231.71890112245,7007.34676928571,7076.01084428571,6893.83324428572,7000.1668982653,7070.7050477347,7053.94065540817,6921.04329816327,6997.4593755102,6924.83038696939,7022.61916758163,6967.59104921429,7094.00229102041,7163.21154959184,7159.69366367347,7033.5041744898,7117.90607959184,7052.96222959184,6933.88690306123,7057.79342959184,6861.97480306122,6946.73640877551,6880.36664714286,6894.86630010204,6881.35900244898,6888.7790622449,6871.4512122449,6975.1519465,6943.09909,6870.07977204082,6847.08850704081,6854.90384653061,6840.61105030612,6880.02171530612,6836.17629959184,6831.17220897959,6946.22443620408,6904.55237673469,6869.29500653061,6811.10277204082,6889.73182826531,6856.1398255102,6843.64841530612,7007.97909683674,7070.86046428572,7414.23094785714,7077.91179979592,7267.44292,7362.59722491837,7142.13112091837,6971.32698734694,6970.61700712245,6881.40850204082,6969.24719867347,7177.93319469388,7094.07681122449,7093.96135418367,7098.44355377551,7150.66045326531,6991.19585612245,7011.05033265306,7055.69869489796,6933.47284367347,7077.51180928571,6994.24572857143,6984.75166357143,7079.81836857143,7039.41925846939,6999.16397326531,6878.53894959184,6942.19611081633,6928.56482571429,6938.14169673469,7056.63964377551,7014.55247653061,6878.7280834898,6867.90490877551,6869.38051244898,7042.61801846939,7159.66802846939,6964.31777673469,7146.91894285714,7166.11370846939,7190.99661989796,7311.42538877551,7302.7526444898,7212.13055836735,7409.18729183673,7465.68776163265,7262.94752142857,7299.30665489796,7464.43910418367,7533.98051816327,7672.92316122449,7542.61626122449,7381.70034622449,7492.95146540816,7354.47905193878,6983.21774781633,6967.42479714286,6801.03697581633,7057.24320142857,7170.63381683674,7267.65960346939,7166.83828887755,7191.61273387755,7180.51961979592,6994.12276755102,6937.49250657143,6951.00897693878,7115.16460632653,7126.09955030612,7151.35371489796,7120.22579367347,7313.12419744898,6973.89846031633,6878.07236918367,6905.56960020408,6867.79971132653,6945.12445326531,6852.85701408163,6939.53564163265,6860.18461244898,6915.89284693878,6910.62854183674,6989.57400683673,7050.98802867347,6971.82627020408,7026.90573755102,6990.31977755102,6992.95148265306,7166.79794183673,7075.61596734694,7087.19845622449,6822.89970326531,7027.81428680612,6973.41648588775,7011.87714190817,6904.72590588775,6853.30356517347,7047.63982255102,6980.75433897959,7100.19188479592,6836.74268040816,7017.34967734694,7056.80141734694,6956.47608612245,6919.80333336735,7024.60380918367,7022.37111010204,7044.59701163265,6896.43409061225,6866.22878489796,6720.80231204082,6800.32378244898,6914.27982285714,7048.81745755102,7022.52135234694,7030.80690255102,6912.1990505102,7076.28339693878,7040.95130816327,7055.78510459184,7154.61931244898,6997.21426428572,7018.09738520408,7066.89873520408,7005.87604459184,7137.94610183674,7217.28169693877,7134.72908193877,6960.72016795918,6976.13092571429,6843.5224372449,6914.13478969388,6948.1392244898,6990.34533571429,6983.45164489796,6879.10588571429,6994.66980346939,6827.16575520408,6893.14494938776,6810.6347255102,6798.81114010204,6920.73352265306,6886.2549022449,6821.18165030612,6859.67027030612,6751.81114510204,6892.72667397959,6861.1744172449,6821.90939908163,6776.38229479592,6826.04576295919,6864.05566255102,6794.56279163265,6924.22932755102,6879.71770428572,6930.62180102041,6857.92337795919,6966.37238632653,6888.48911632653,6869.88052897959,6750.17368938775,6901.6391972449,6947.95266693878,6793.571845,7022.69519397959,6873.57776122449,6915.96266285715,6839.04446020408,6958.92462020408,6825.18439887755,7114.99059785714,7314.04052734694,7225.24962653061,7161.01231020408,7126.85424265306,7177.67977244898,7153.99385316327,7139.55176530612,7244.20972030612,7159.77461836735,7307.56955408163,7297.52735408163,6932.64228326531,6955.45066826531,7031.48596214286,6998.43901214286,7019.26142714286,7016.55026714286,7203.85290571429,7331.570755,7315.93130438775,7348.82527887755,7310.58035163265,7303.58481122449,7271.50180622449,7372.63517938776,7356.71217510204,7244.16611346939,7279.33312469388,7232.47195897959,7173.88447867347,7029.81989834694,7151.47737765306,6951.09794510204,6983.25972887755,7148.65899918367,7141.9163877551,7253.91022346939,7336.60886122449,7309.62147959184,7323.06221428572,7137.41859806123,7109.74026428572,7156.29487653061,7085.18453571429,7157.15927234694,7202.37202989796,7268.68155642857,7183.19915969388,7217.22416479592,7281.42936244898,7101.93585918367,7056.44049255102,7052.77725255102,7118.19775153061,7133.67653178572,7029.31829061225,7128.01201469388,7148.95656979592,7158.59530591837,6892.95383081633,6923.95942836735,7009.77833571429,7133.70081612245,6872.96686132653,6928.0584355102,6971.01860785714,6838.74707216326,6847.80837,6921.55554979592,6917.67401479592,7032.65781887755,7002.22628969388,7025.80583387755,6918.64593183673,6858.06982397959,6780.60184367347,6826.11656714286,6807.29627683674,6848.72408683674,6843.18036704082,6747.34162383674,6714.31438683674,6882.01953887755,6834.92379714286,6826.72606112245,7175.68168602041,7245.39018542857,7243.14590642857,7267.79767295919,7296.42895816327,7320.68808897959,7395.90453897959,7285.94290020408,7431.34426938776,7253.33436438776,7464.48637938776,7316.8301067347,7089.5188065102,7122.85500242857,7115.59133020408,7046.07798632653,7111.7183255102,7287.60664795919,7414.48020265306,7245.11589693878,7050.47943622449,7079.83195663265,7107.53591336735,7093.99530387755,7111.4646427551,7205.41278418368,7222.24457806123,7169.37845510204,7251.79224786735,7060.45720785714,7170.11624153061,7176.90061020408,7207.55591122449,7205.14554622449,7163.15787173469,7193.69167857143,7225.56272316327,7169.74618163265,7110.00655408163,6959.85079428571,7032.72704428571,6930.28369428571,6983.08129734694,7010.95825612245,7116.03753,7199.46368591837,7191.9841094898,7124.68799306123,7214.79401979592,7367.25122551021,7516.04702857143,7664.50711816327,7572.33735316327,7416.79287795918,7417.049415,7270.26884826531,7136.33140571428,7251.42465071429,7222.34248571429,7516.41314591837,7349.17698173469,7278.93030112245,7222.04435040816,7184.52782591837,7288.24899602041,7127.62957602041,7037.9477255102,7123.60537234694,6730.64395622449,6833.48980316326,6876.57351234694,6916.35917959184,6961.86683530612,7036.81459153061,6940.74728555102,6907.23782591837,6897.20765377551,6856.30004622449,6979.37913326531,6951.36403826531,7051.63161326531,7143.5110877551,7245.14972244898,7085.19133632653,7266.42200918367,6884.82994591837,6970.98491387755,6808.84737520408,6932.96770132653,7012.88972785714,6907.97775959184,7028.66384734694,6887.71675020408,6949.2837772449,6862.81142204082,6693.20321755102,6803.75690938775,6856.66079867347,6960.00589428571,6906.34558857143,6946.41154857143,7133.4609222449,7003.75625334694,7102.20076489796,7018.96534397959,6944.09856510204,6911.87558081633,6903.60728081633,7052.17428367347,7196.52589591837,7178.53605265306,7179.73788938776,7368.38182612245,7129.56549214286,7066.35092693878,7158.10526081633,7118.3245694898,7090.69797081633,7050.09345581633,7073.75082081633,7093.52959316327,6946.04552418367,7004.06342806122,7041.75106877551,7013.88815877551,7104.03099908163,7100.33377765306,7140.69533693878,7367.24718265306,7044.53705714286,7028.51858683674,7077.39828367347,6992.38258367347,6996.64962867347,6764.7669090102,6918.1832775102,6909.7181175102,6958.32958020408,6942.59828938776,6923.3097672449,6952.41631846939,6963.46429346939,6951.42845355102,7049.81837983674,6876.82109714286,6906.27582479592,6913.62485897959,6904.95393040816,6839.88780714286,6825.48430969388,6807.07522918367,6703.08837081633,6892.45851428571,6780.19319204082,6878.08231010204,6841.19583857143,6854.02375163265,6903.38770367347,6872.90315653061,6913.10456520408,7128.37070765306,7003.01160438775,6984.11523806122,6887.70721,6819.00317836735,6704.82310832653,6745.10760081633,6892.29332081633,6809.28521265306,6818.37485612245,6879.96688112245,6865.83728112245,6852.29655612245,6917.31180612245,6907.37033112245,6894.25856112245,6933.00576912245,7137.78275265306,7220.51057204082,7124.54178428571,7187.77874877551,7225.83857877551,7009.61626530613,7114.82020102041,7092.21430102041,7077.17817367347,7110.22285234694,7031.08389622449,7020.78724142857,6923.0068577551,6988.48141765306,7130.43946153061,7116.09028908163,6985.52843826531,7132.6705,6974.93819,7094.22809,6989.74538530612,7058.68982265306,7040.49366744898,7009.58426642857,7064.30576244898,6958.64829793878,6941.35519408163,7033.91018081633,6995.85229132653,6927.56360102041,7060.38283459184,6927.13224020408,6965.45640755102,6825.9160777551,6764.58454581633,6896.9088787551,6804.82644918367,6882.86479346939,6916.49256918367,6951.09650377551,6891.79685377551,6824.91388428571,6783.53924591837,6869.86578540816,6842.06529571429,6932.52408346939,6850.35591591837,6856.65504285714,6882.64036234694,6871.49592683673,6789.53732326531,6826.94805489796,6820.33412408163,6985.45712408163,6859.50795963265,6934.76698127551,6943.26556382653,6952.62519647959,6858.04374877551,6827.86330459184,6862.07003295918,6887.31079734694,6942.08643081632,6976.00648081633,7031.49182857143,6877.49357959184,7196.76535326531,7155.23902346939,7086.64864877551,6895.58251612245,6902.36324683673,6921.29745785714,6892.84440959184,6885.31186785714,6757.519865,6926.57259887755,6890.58181928571,6902.10418540816,6749.51603,6738.83817714286,6838.61870142857,6841.81829142857,6828.16350142857,6802.26016510204,6700.51244489796,6885.79061408163,6939.0735827551,6975.23953785714,6818.62876035714,6861.22456367347,6978.3476067347,7016.63975906123,7166.47484795919,7164.54737795918,7170.67547795919,7205.33413020408,7122.73193122449,7104.49847857143,7104.47432336735,7253.15524433674,7310.95350683673,7314.41544377551,7285.6044377551,7313.91787387755,7214.59269744898,6955.71289112245,6816.15251520408,6886.06964795919,7013.84912091837,7092.13783571428,7145.14681816326,7002.12696377551,6950.35046642857,7032.42190571429,7015.09793571429,6870.00994591837,7072.14048030612,7032.02213734694,7038.25831908163,7210.21770408163,7013.3285355102,7182.6564955102,7061.61177887755,7061.90172397959,7071.65927897959,7170.31400469388,7180.67260306122,7095.87827989796,7061.12722795918,6980.07710040817,6999.41058265306,6925.22914204082,6857.50739122449,7027.79769622449,7014.8284194898,7079.15357040816,7009.4994605102,6894.86477071428,6936.90826887755,7046.77843357143,6940.14293061225,6955.92872622449,6931.78838979592,7104.66268265306,7059.05806877551,7095.07179959184,7129.68305,7075.37569387755,6906.12850612245,6900.77873836735,6887.85000755102,7072.43766020409,7082.18058163265,7063.69239418367,6948.17662346939,7109.15296346939,7064.85647346939,6950.18040785714,7045.9012994898,7187.06337908163,7140.21762908164,7117.69372295918,7103.04326734694,7187.41625831633,7144.62992709184,7115.61352183674,7153.14199183673,7104.06739183674,7217.75224183674,7123.89902387755,7086.49504714286,7155.23140244898,7137.28417520408,7324.76019387755,7348.83646938776,7226.25263857143,7064.68973857143,6944.18872020408,6906.02151897959,6886.83052306122,6790.96080234694,6822.29140887755,7007.87009357143,6853.0357927551,6803.32195489796,6774.73108795918,6868.62899785714,6906.25120326531,6885.92819408163,6922.02224408163,7064.21521489796,7112.06336489796,7022.57868357143,7078.12438612245,7067.47024928571,7097.37436428571,7151.80891214286,7231.85338744898,7243.99988244898,7195.49658744898,7164.11540918367,7033.76246387755,6934.37618387755,6765.43784077551,6754.43349077551,6818.52312197959,6745.15677479592,6763.08175979592,6818.76286408163,6831.10244346939,6698.44675204082,6776.60620563265,6709.77823563266,6789.16398979592,6784.86459408163,6845.42649387755,6737.6612922449,6879.39573265306,6794.8279744898,6912.92926306123,6908.65955908163,6852.04244346939,6943.81028622449,6852.60686581633,6961.33144489796,6859.56948571428,6865.58631408163,7000.22892336735,6876.60355214286,6837.07275387755,6811.50112530612,6859.45914836735,6731.1035655102,6765.6546922449,6815.55429418367,6918.99036867347,6967.2627372449,6919.23897163265,6818.42827204082,6845.22017142857,6922.2381122449,6967.79134377551,6869.69866928571,6871.46103734694,6835.29067520408,6938.05106571429,6990.62588469388,6959.23499326531,7001.14488030612,6950.20282316326,6935.24289387755,6939.7718377551,6888.90433408163,6754.18498326531,6889.58175632653,6948.63696632653,6920.42066163265,6928.20646704082,6997.40780285715,7087.9685222449,7111.52009510204,7062.72076397959,7114.43703081633,7036.34911081633,7231.83247755102,7302.29409755102,7251.92846755102,7307.26094693878,7374.81931938776,7459.12716530612,7463.22198530613,7301.14549183674,7231.96050581633,7222.99153081633,7168.76388265306,6927.53613846939,6919.75627112245,6889.64304520408,6958.33483897959,6942.16487081633,6937.27508877551,7025.92856795918,7144.47421326531,7064.58660277551,7036.96155277551,7050.38910277551,7070.31806959183,7055.66678632653,7097.37808755102,7016.24786022449,7134.58991846939,7068.65375561224,6899.92168946939,6864.81984061224,6931.87107459184,6907.8843777551,7086.3646527551,7125.31691816327,6998.66269316327,6859.04322163265,6669.83738310204,7083.00461122449,7112.73272642857,6985.19242142857,7018.83928979592,7064.008855,7008.27475795918,7067.35416836735,7018.11950612245,7062.98394897959,7112.62195244898,7029.1153622449,6866.00618204082,7068.4761122449,6966.85513204082,7052.52882681633,7022.40524081633,6961.86798938776,6989.2440905102,6943.72797852041,6899.06185132653,6865.27769428571,6813.16966693878,6782.03234681633,6887.4539177551,6884.67747836735,6954.15541185714,6931.4484164898,6851.7944764898,6824.97046322449,6913.27754285714,6892.94408020408,6947.95506336735,6990.41244510204,7001.40724007143,6990.75076857143,7123.85862959184,7115.13753959184,6902.50571959184,6937.53206163265,7041.16237663265,7065.88870408163,6891.8665877551,6967.6071957551,6983.84347673469,6944.18158657143,6922.58539285714,6881.28834489796,6989.91452530612,7074.83127372449,6977.47132244898,6840.47725693877,7047.89178571429,7047.9164727551,6870.23389469388,6854.31629979592,6825.37798877551,6882.95504173469,6846.52795918367,6799.51644320408,6791.97974320408,6834.25633377551,6853.582053,7023.2878122449,7053.85156438776,7013.34819734694,7015.69801928571,6918.07495714286,6999.27495540816,6988.58303030612,6956.21110387755,6955.81968653061,6846.47389571429,6838.60936897959,6919.57697020408,6862.12068704082,6843.39505897959,6945.76752418367,7040.82755091837,7035.19731632653,6956.02299897959,7120.56139387755,7153.40036214286,6934.79790795918,6990.19069071429,6965.33746346939,6907.66288867347,6888.86417928572,6966.26061459184,7034.06013255102,7042.76304438775,6914.89995887755,6864.63730857143,6951.47326428572,6864.43124512245,7102.60969387755,7152.46484530612,7232.16027938775,7097.99752979592,7041.9846455102,6897.8739605102,6884.61674979592,7014.07886765306,6918.29996765306,6901.52846459184,6950.38043163265,6964.86709336735,6941.77247897959,7007.26457897959,6871.70573428571,6830.30699612245,6902.74556816327,6833.39323836735,6986.77362653061,7028.26261938776,6854.67510102041,6770.20528887755,6931.89951277551,6745.36456453061,6663.69422953061,6892.63635453061,6921.51693489796,6970.23085040816,6900.70501040816,6769.78042040816,6800.81242040817,6823.44358102041,6931.7053022449,6875.72825836735,6815.55709836735,6909.02533836735,6936.70847020408,6869.89622081633,6756.09018581633,6836.05419581633,6957.59173081633,6951.58682771429,6975.676185,6981.28433530612,7000.59663530612,7089.01201602041,7016.87448102041,6953.80590102041,7111.23483989796,6948.37528326531,7029.6874822449,7150.97875418367,7122.37815408163,7058.36215408163,7136.74368979592,7109.08443979592,6954.67671734694,6984.23414489796,6975.17391102041,6907.1142744898,6918.44848183673,7006.3765027551,7111.28695204082,7107.58823163265,7138.48308846939,7014.73073071428,7051.9525177551,6989.65920877551,7090.40004785714,7143.69526734694,6855.81259869388,6805.86272469388,6910.41000989796,6907.73078040817,6952.06136469388,6981.9802927551,7156.67697346939,6999.34600959184,6905.4657545102,6841.89366816327,6881.92232208163,6882.59004581633,6736.49374377551,6859.64685948979,6825.03498836735,7021.00496530612,6988.23183091837,7053.08973367347,7199.01056,7411.14428255102,7149.35103163265,7058.81328326531,6916.99258836735,6953.95768163266,6955.37864591837,6905.29687142857,7073.27834183674,6918.87550438776,6926.82067166327,6850.89927183673,6929.70186367347,7049.73772346939,6950.51083,6974.76868102041,6761.55704877551,6782.67139581632,7080.6877994898,6907.51314714286,6960.11871714286,6960.68874183674,7065.71808091837,6916.07308102041,6862.28384795918,6998.55202061225,7118.83728693878,7103.71268806123,7106.43081357143,7233.78422755102,7276.81108265306,7204.12516020408,7274.03722470408,7170.85032202041,7215.24447551021,7199.03553551021,7050.36758081633,6992.77456102041,6852.26892755102,6812.66272571429,6934.72045993877,6856.63358367347,6900.46640244898,6984.62122326531,6969.35719887755,6998.09251122449,7092.24892244898,7142.79710091837,7129.35840163265,7128.39170163265,7241.22694765306,7049.18804897959,7255.57572785714,7270.82070295918,7358.41425755102,7346.31423234694,7435.71677816327,7260.99635612245,7119.05189591837,7155.68825,7218.43809693878,7052.85128408163,7155.50156408163,7388.95160408163,7138.88423,7218.57841,7169.94132142857,7069.44672142858,6985.37427010204,7207.71665204082,7171.23108704082,7094.42919704082,7132.77340653061,7103.77112387755,6981.58962489796,6937.45260826531,7120.7758577551,6987.10264061225,6990.2126372449,7239.35184367347,7092.80496244898,7094.73225183673,7149.87771183673,7046.03749530612,7062.14853469388,6944.79122387755,6726.17278104082,6842.44638310204,6799.69363581633,6756.19458908163,6832.83958408163,6837.38508673469,6753.54874959184,6807.29714061224,6838.38972163265,7076.03024979592,6868.78534765306,6953.97189765306,6822.65437121429,6781.29062661225,6847.79016642857,6902.70037285714,6865.98241438776,6995.33624061225,6852.34148316327,6882.87789265306,6919.26561785714,6908.9055155102,6720.02397590816,6859.40887285715,6770.59854306122,6841.32180632653,7011.52229438776,7062.53258316327,6866.85128387755,6779.27812316327,6840.56827744898,6802.85856744898,6710.01028836735,6768.23388377551,6903.18543377551,6853.36457591837,6878.36875918367,6850.89471969388,7058.63729836735,7370.92349836735,7451.19124306122,7451.59199306122,7575.70286673469,7357.08480428571,7174.68074734694,7339.90457734694,7167.68970602041,7406.82522469388,7297.40310653061,7204.00664653061,7163.84704653061,7178.76000265306,7095.25479387755,7057.86206673469,7151.30886183673,7016.05869887755,6930.28027010204,7018.11880887755,6989.27103744898,6937.82086418367,7005.04198765306,6970.01139510204,6959.55001040817,6797.97306040816,7077.49752346939,7093.04931346939,7086.14972346939,7321.45080204082,7270.55110204082,7061.90641081633,7010.19667816326,7010.63062306122,6846.82527540816,6854.18749336735,6955.15284,6959.19691693877,7034.68750806123,7044.57985459184,6960.00931989796,7075.69748346939,7132.68006010204,7185.38117540817,7281.00739857143,7163.24363469388,7111.31395918368,6926.41467112245,7093.87529867347,7229.56242826531,7124.06201326531,6811.78515267347,6779.03379867347,6860.15451020408,6811.48431448979,7010.47262816327,7021.95348693878,7024.96626877551,6937.42216836735,7181.444355,7097.41415204082,7217.95157142857,7043.34536020408,6875.20058204082,7324.42464204082,7253.53763959184,7195.4791705102,7187.88533887755,7325.18845785714,7331.72117489796,7412.89968959184,7359.31807081633,7256.60712295918,7153.13592704082,7135.33094785714,7207.66092397959,7057.6714227551,7019.64443081633,6999.76221469388,7159.74925755102,7008.92366755102,6951.51327346939,7022.91021204082,7185.91070387755,7159.40596704082,7018.26321459184,7056.87968408163,7041.65321591837,7256.41714316327,7061.34291336735,7102.73713989796,7017.47583438776,7266.56173489796,7096.01103704082,6955.97788040816,7021.58085540816,6946.81683862245,6980.98423867347,6994.15212204081,6929.88158204082,6963.8787032653,6802.84972306122,6797.98450683673,6794.25236836735,6793.55346755102,6779.90006959184,6863.02897826531,6875.54936897959,6943.34552979592,7066.34610010204,6858.73472632653,6907.60908841837,6853.74344887755,6983.06388632653,6796.68976030612,6977.89114,6861.77147173469,6958.68944112245,6889.02490377551,6855.22584744898,6942.96108153061,6850.50536826531,6933.04188765306,6907.06095653061,6856.79634102041,7015.3589844898,6998.53247142857,6752.46269938775,6816.23249367347,6958.30202040816,7001.41250102041,6810.14823693878,6803.35139591837,6962.09350816327,6813.91547367347,6921.10778040816,6976.43173571428,6890.93243846939,6894.25193306122,6898.51160122449,7045.59660122449,7074.04259040816,6981.71752091837,7058.14810714286,7098.76531306123,6982.7158605102,7051.20067204082,6934.49301265306,6844.67617714286,6845.31241071428,6937.78082234694,6867.25346734694,6778.86508569388,6793.16198040817,6896.7229077551,7020.95929538775,6880.91798885714,7010.61693591837,6907.21250489796,6972.10818938776,6879.41869918367,6797.66632183673,6812.71684306122,6845.17943306123,6760.59028295918,6848.06943744898,6821.08394520408,7036.39339959184,6908.17747091837,6951.12367295918,6939.73041040816,7063.7969087551,6946.38243579592,6968.17391140816,6992.40142969388,7045.27519469388,6928.03348469388,7013.16010204082,6912.71762693878,6920.92983979592,6953.06969908163,6969.38350612245,7087.02375346939,6972.51654530612,7056.44667510204,7004.02637193878,6992.84789163265,7124.23275755102,7139.04632806122,6953.13271673469,7253.67814673469,7071.67878510204,7148.95591255102,7132.79060285714,7303.08737346939,7235.95147551021,7276.9190255102,7328.95824387755,7334.4384522449,7382.48028265306,7260.23128765306,7298.50803765306,7235.81635316327,7214.30510418367,7322.15816785714,7440.97661785714,7496.43745255102,7517.62397755102,7429.30159591837,7653.72568591837,7537.65801326531,7239.40356887755,7235.54029479592,7252.50866581633,7228.82579137755,7215.07648831633,7089.98672346939,7064.13762020408,7082.77541469388,6886.45923265306,6899.61361255102,6960.38570255102,6911.19969673469,6956.8183677551,6919.52489877551,6901.25413346939,6885.66434081633,6912.84096193878,6997.56181816327,7117.54237816327,7134.37734530612,7067.0382105102,7219.79659387755,7319.8063755102,7025.39328680612,7015.13018945918,7004.83704986735,7175.27377741836,7116.41965157143,7213.74298316327,7292.47036285714,7275.91123714286,7208.3994,7287.720135,7370.26947857143,7125.09253734694,7155.16400795918,7288.83690795918,7525.00492071429,7486.08899081633,7441.84845979592,7450.14674081633,7339.85615887755,7207.96145122449,6869.99342622449,6954.3825117449,6863.94604857143,6949.30798612245,6988.01183959184,7154.06882959184,7066.17560836735,7032.59589938776,7008.85380510204,6910.33190316327,7009.03136836735,7063.5130094898,6899.0610844898,7020.20727367347,6838.13209285714,6815.79324214285,6735.50244336735,6896.87038897959,6896.07447306123,7063.48711408163,7161.35796377551,7138.45917663265,7078.83025918367,6887.89505357143,6977.17268540817,6852.01051540816,6875.80246706122,7259.71099020408,7205.88425408163,7344.01226102041,7380.24530510204,7446.30987602041,7431.23085214286,7492.0905627551,7407.2505277551,7350.97839785714,7475.02800734694,7531.74707057143,7539.84740836735,7571.9938755102,7500.18011448979,7471.22310744898,7383.47345785714,7310.03385551021,7127.0219955102,7093.03892540816,7080.68049102041,7114.04092602041,7194.66347102041,7086.57573602041,7173.61286938776,7059.60804204082,7093.15399755102,7135.33722744898,7202.06648183673,7201.54227683674,7121.56361142857,7216.17706632653,7130.11688061225,7119.82495326531,7025.7293567347,7035.76682510204,6971.05271510204,7196.36217408163,7177.12447346939,7213.81357346939,7310.7368344898,7114.32699010204,7271.71615571429,7040.70785979592,7137.11632877551,6935.29684877551,7014.73584132653,7112.55914489796,7160.97204989796,7103.58618867347,6961.84152632653,7062.97258979592,6994.17271244898,7074.8346972449,7337.7291122449,7202.36459571429,7100.18726602041,7154.83835204082,7025.50672316327,6967.38966428571,7046.2863177551,6976.04167377551,7139.8991072449,7048.47845387755,7137.99550102041,7126.64448759184,7084.03175816327,7076.14266326531,7177.44831663265,6976.64439418367,7133.60072530612,7099.4774117347,7069.16169642857,7216.24167397959,7344.48142897959,7170.25031234694,7155.48574581633,7303.76091836735,7267.04033061224,7384.05829561225,7439.92813561225,7522.01514795918,7484.6118422449,7264.19412295918,7359.97512877551,7409.98551877551,7428.70341877551,7323.78928265306,7433.72942204082,7407.11055204082,7354.17640204082,7001.90513489796,7048.66283265306,7074.56603265306,6763.26888081633,6942.60102346939,7128.99178877551,7114.63322244898,7207.79782163265,7075.13857040817,6900.37845918368,6969.60817438775,6836.97926081633,6910.83601806123,6910.81836122449,6880.06207897959,6835.37058612245,7017.35117530612,7004.09819836735,7001.93749530612,6824.22794663265,6826.43883306122,6943.40286387755,6774.78443234694,6920.97951387755,6949.7441144898,7029.7744544898,6911.58255204082,6918.29804785714,6970.77713846939,6851.04969020408,6864.58917234694,6920.423685,6920.34739183673,6929.80224816327,6892.15147346939,6758.79511306123,7002.79519295919,7023.39002428572,7023.80285306123,7093.45437040816,7000.40913438776,7232.54068938776,7193.68713438776,7195.03338377551,7128.93731377551,7151.26659193878,6973.80163091837,6966.4460377551,6938.27548244898,6948.44910540816,6864.23800897959,6872.87905204082,6843.41214142857,6897.56586734694,6843.07669693878,6805.90703244898,7022.24828918368,7095.60893653061,6957.59012867347,7011.84180816327,7067.4767994898,6961.38149030612,6953.82468163265,7019.87608163265,7051.18899336735,7007.46881265306,7121.71625285714,7095.99296571429,7218.52066938776,7096.20843061225,6976.80181632653,7003.15382867347,7011.12262867347,6891.00648367347,7063.18846377551,7257.58755214286,7023.5588322449,7171.5505622449,7231.10540918367,7230.88010918367,7205.43530571429,7005.57516132653,6869.30334132653,6982.56572377551,7063.86880602041,6971.63059030612,6880.1930277551,6790.8554372449,6833.0034332653,6878.59741693877,7112.63094285714,7026.01237285715,7031.36139153061,6860.72172846939,6761.55793061225,7041.43544591837,6844.34446208163,6853.37198714286,6854.04070122449,6977.52902653061,7078.10653908163,6949.41910091837,7034.00300061225,7063.52574387755,6841.75694867347,6829.65261632653,6971.32073673469,7022.63879214286,7045.36453602041,6919.90748265306,6753.71541510204,7045.19070336735,7038.79206132653,6899.56351357143,6912.9573227551,7042.85707438776,6909.17792806122,7266.05341306122,7357.80102816326,7416.55767857143,7298.93660867347,7350.12427663265,7318.14460663265,6740.79144457143,6855.4996372449,6973.24468591837,6988.81510383674,7070.67842530612,7001.37665706122,6995.05495387755,6942.33281734694,6869.22990132653,6817.37513061224,6781.36576428571,6852.51183326531,6966.90450581633,7203.16015408164,7266.58242744898,7362.63143122449,7343.02496122449,7178.23235714286,7257.6308699898,7314.2696649898,7200.26529060204,7181.45994529592,7125.37968387755,7088.99593151021,7064.05840969388,6969.08687877551,6928.64095653061,6928.5021094898,7234.82631122449,7199.75899408163,6988.08424826531,7043.71243112245,7032.04405663265,7014.05564163265,6987.78963193878,7313.79797479592,7287.0191205102,7240.26216255102,7190.44958979592,7170.97256061225,7046.40428806122,7116.71695938775,7109.34050816326,6972.61967483673,6896.09120493877,6816.92288330612,6908.0839194898,6892.78344806122,6938.25576714286,7014.27837530612,6961.15082408163,6845.04558857143,7045.89300857143,7103.22377551021,7203.20192285714,7129.2817927551,7076.41555581633,7245.21849438775,7187.03338877551,7075.59914214286,7198.20114653061,7086.84874142857,7125.97272530612,7070.81310714286,7280.22057530612,7038.62049367347,7015.17910928572,7057.31671836735,6970.73915020408,6986.72083816326,6968.23760918367,6947.41759877551,6957.93141004081,6825.11509504082,6862.12249504082,6697.00730612245,6716.15596061224,6878.74957122449,6845.99411571429,6772.51503030612,7010.80238479592,6993.93321459183,6899.70690612245,7058.29818785714,6992.51564081633,6948.01851122449,7004.27645296939,7011.65606979592,6986.21878979592,6877.67637081633,7219.86398714286,7095.97346016327,7094.79053642857,6931.03150244898,7121.27926714286,6876.12240285715,6944.51939163265,6901.49633306123,6736.12662530612,6756.84342020408,6773.69318897959,6756.73110397959,6985.08140428571,7097.82221428571,7094.27004285714,7058.96834285714,7138.82510051021,7129.31720561225,7007.92441326531,7155.73891326531,6881.27750836735,7004.90026102041,7013.35616714286,6983.89265959184,6943.34499816327,7023.19822734694,6979.99615785714,6908.42876979592,7043.05977234694,7092.1290767347,6861.42770163265,6934.68757367347,6977.5722377551,6878.84046836735,7066.25504122449,7123.40706183674,6957.17520938775,6866.46587336735,6885.29611602041,6955.12135897959,6971.27597132653,6939.44501922449,6905.0116872449,6995.08781387755,6846.52053204082,6986.2046727551,6875.05157061225,6902.1564577551,6818.84024357143,6792.99832969388,6832.37002387755,6848.33374918367,6762.46649869388,6898.15435010204,6976.71550785714,7002.75210173469,6969.39663836735,6984.18844693878,6967.15669693878,6868.66136632653,7011.65390816327,7076.75723163265,7245.87092959184,7502.61662459184,7312.78642183674,7304.86085683674,7334.43514438775,7294.21504438776,7174.46416255102,7173.37773877551,7162.15814897959,7022.78727244898,7004.33475510204,7037.57328367347,7026.97321117347,7095.74962653061,7016.29160714286,7079.9861555102,7153.06953204082,7135.11915897959,7053.10196642857,7330.90191142857,7328.84500365306,7354.65246826531,7362.75373489796,7090.41624367347,7106.097995,7078.43840440816,7118.73466112245,6972.69366112245,7020.96444959184,6764.27733816326,6873.41433816326,6977.83934367347,6894.96686857143,6930.39010602041,6933.80510040816,6904.68077704081,6858.69000857143,6850.74172071429,6821.96049153061,6849.35883326531,7045.8744667347,6969.58050755102,6892.83844857143,6930.77017346939,6906.92727959184,6943.7824122449,7034.67914897959,6982.9743922449,7078.79266642857,7074.08592461224,7114.81014785714,6954.47569510204,7013.02366755102,6999.90223285714,6980.21516887755,6881.87374846939,6836.36388130612,6730.48822065306,6766.1161865102,6779.84659836735,6951.10755,6967.46386428571,7002.02795306123,6994.12185653061,6839.31872214286,6910.58614714286,7061.45218928572,7187.01043010204,7143.35549510204,7215.85617367347,7343.39346244898,7460.38999408163,7164.97058265306,7085.52856346939,7267.00806857143,7163.47611755102,7010.696895,7008.38700306122,7063.61600969388,7041.97101734694,6879.19325612245,6739.79676285714,6789.59717142857,6831.53195908163,6946.72146734694,7045.73665612245,7043.24956428571,6931.7034277551,7037.21611479592,7203.74378734694,7103.32028734694,7148.72118734694,7095.21930857143,7213.96140102041,7202.79366714286,6985.02666857143,6975.30102780612,7105.50372908163,7034.66704561224,7039.81483244898,6767.40390295919,6927.75409183673,6924.29130571429,7085.97940081632,6953.31041581633,6859.34686234694,6866.4779627551,6770.37529908163,6836.88229204082,7053.52319122449,6738.83059265306,6782.99078183673,6771.58915285715,6843.76947153061,6932.9808777551,7041.63851834694,7170.26455885714,7134.93963673469,7133.15285755102,7126.09221204082,7076.12795387755,7122.32600387755,7150.42726530612,7212.10170979592,7275.78391714286,7154.933425,7171.98942102041,7190.67483222449,7219.11601469388,7129.45455346939,7234.26805683674,7036.01401236735,7020.77853,6960.50693979592,7000.67053979592,6912.39895534694,6909.50869795919,7113.01763306123,7012.29012040816,6977.97875030612,7168.29101642857,7070.29784918367,6882.69376081633,6804.02504959184,6896.28154061224,6825.95180193877,7003.91451112245,6937.07130846939,6930.0442355102,6818.5183177551,7009.32580826531,6916.78450734694,7060.19060040816,7057.42731397959,7153.03792836735,7288.38009489796,7133.93709204082,7392.03819510204,7360.45207030612,7349.58532744898,7332.04532632653,7318.47462816327,7342.7237244898,7357.81024142857,7115.44072714286,7001.94145408163,7122.26320040816,7132.84891622449,7254.49101030612,7290.80459602041,7223.17085795918,7240.80593387755,6970.78300362245,6886.81634255102,6856.31377122449,6771.039295,6708.55207067347,6748.82981591837,6995.15932061225,6924.6281622449,6854.3991027449,6972.4145294898,7062.37353255102,7100.60585397959,7165.1470977551,7258.23260612245,7265.23088265306,7389.63055102041,7294.67920102041,7130.39324489796,7112.19714163265,7099.83351163265,6936.37352091837,7143.07396326531,7138.11884826531,7235.97047826531,7019.98820989796,7155.98621428571,7101.43642142857,7170.04533836735,7098.66784132653,7081.94782030612,6964.74100244898,6847.0759822449,6946.48600959184,6839.11804459184,6874.1643127551,6910.04851428572,6948.39472857143,6906.76231857143,6892.41533714286,6916.89604091837,6936.83314704082,6864.42752469388,6938.58983469388,6891.54542469388,6870.98562469388,6987.65959969388,7018.62233469388,6875.79642773469,6899.034255,6964.46187673469,7221.18868714286,7222.45570714286,7191.61669346939,7336.32761938776,7226.98037387755,7200.7368544898,7369.35050204082,7397.72438877551,7305.02687367347,7118.92316428571,7112.51301255102,7031.17246020408,6819.46401683674,7010.11115612245,6909.99372989796,6921.01355612245,6875.41824612245,6915.07331938776,6911.62852438776,6897.96024489796,6760.96265877551,6824.90024877551,7086.59150234694,7086.85633510204,7265.35814306122,7116.33384591837,6961.24582142857,6928.3302567347,6863.2991355102,7028.69219326531,7017.18524693877,7023.25372469388,7076.96557459184,6874.61959489796,7024.73058571429,7066.43108469388,6978.1640867347,6923.69876530612,7243.10627653061,7104.90095561225,7148.27840346939,6848.52016653061,7273.03895765306,7214.87261765306,6967.91474673469,6971.66513489796,7067.1379044898,7087.58820428572,7111.27251428572,7129.25688367347,7323.22455,7058.69405204082,7191.28866795918,7212.99316897959,7276.47473326531,7192.49078877551,6978.85756530612,6930.47754795918,6952.2889922449,6960.28616479592,6819.4370194898,6819.8685394898,6861.99397153061,6879.37105693878,7003.32853357143,7131.62127857143,7005.41808306122,7061.38639193878,7115.97640285714,7033.54990132653,7127.60663265306,7184.20762469388,7247.87057510204,7163.16294734694,7253.65796755102,7259.08772155102,7278.71486826531,7208.38730816327,7052.04793061225,7031.57072612245,7083.19606495918,7076.86792130612,7205.70577755102,7181.29245489796,7225.27823061225,7226.3107755102,7291.4303067347,7284.8686755102,7225.35576622449,7403.96783091837,7129.21097857143,7391.87171,7355.05170061225,7257.48923061225,7259.95320714286,7496.25502040817,7342.47059632653,7666.35771081633,7246.87987571429,7451.66386489796,7264.74732653061,7169.97927653061,7263.23140836735,7259.45844244898,7044.68193836735,6875.39553836735,6929.78170734694,6888.9655794898,6941.3252994898,6867.91712938776,6822.50108051021,6932.0001255102,6978.16012510204,7105.0982217347,7039.29672265306,6989.75251969388,7052.7506755102,7096.51226530612,7092.95450377551,7095.30908234694,6943.26026602041,6995.61436908163,7186.74101908163,7128.68862795918,7091.25483489796,7113.22562734694,7222.35672816327,6957.50202397959,7098.53266061224,7055.24856255102,7018.26134183674,7017.79187979592,6954.07436183674,6783.67195571429,6973.49603122449,7115.69284693878,7185.43578438776,7048.01229867347,7045.59868367347,6982.00967561225,7057.95520244898,7072.64810867347,7097.54557581633,7001.82064632653,6940.01535836735,6956.90303295918,6999.79731112245,6938.5763022449,7001.3541,7186.99408642857,6989.5643877551,6954.86463336735,7012.15079897959,7187.91851530612,7018.66610836735,6975.57684628571,7017.3960744898,7078.82055653061,7272.71102551021,7216.18167285714,7031.25824918367,7038.88651877551,7128.45721020408,6859.18054877551,7153.58448979592,7025.55726336735,7023.88082153061,7128.63146816327,7166.45780816327,7239.84801734694,6873.88219023469,6946.50136234694,7003.16490622449,7039.29212765306,6924.73064551021,7061.65213693878,7108.88323167347,7104.18326122449,7094.9214067449,7227.45919693878,7157.37996285714,6789.83696551021,6777.67406826531,6761.93603663265,6862.14532102041,6926.88775102041,6875.65042079592,7053.42868122449,7020.62025540816,7150.08008255102,7020.23028530612,7161.87393020408,6934.57817551021,6866.58551765306,6926.31967265306,6775.50107459184,6896.97304387755,6928.10451561225,7118.64599122449,7107.20419632653,7119.69850816327,7128.66736010204,7173.27062822449,7251.84741938776,7259.49762418367,7286.81291142857,7435.63459642857,7289.0312194898,7275.19756918368,7256.35626765306,7096.97333255102,7059.17965581633,6966.90946959184,7013.68792448979,7029.56639061224,6986.1842377551,6903.33062877551,7017.49091693878,7090.47130551021,7022.33614265306,7075.7325172449,6999.18743316327,6992.91649428571,6947.53098846939,7046.83769367347,6950.50968102041,6953.73287357143,6985.67513357143,6943.52003877551,7029.43601653061,6862.27835387755,6787.79276132653,6867.16919183673,6782.35245387755,6808.6350277551,6847.9876927551,6854.54004877551,6847.57269579592,6834.65148079592,7149.81190867347,6789.50325508163,6809.03004508163,6926.8821722449,6774.29438897959,6829.12952897959,6845.97812653061,6786.23950377551,6638.50603826531,7021.56648326531,6928.81669126531,7034.25616667347,7060.30435040816,7077.2479255102,6995.2893477551,6984.8741327551,7131.4961477551,7201.13941773469,7158.06639612245,7107.49250459184,7214.22209489796,6973.74519877551,7015.26920836735,6911.72584867347,6957.2384327551,6896.0143367347,7218.58207061225,7040.91362755102,7122.2384922449,7110.26593489796,7052.01409163266,6926.56914,6892.94930214286,6934.25378867347,6930.63788765306,6890.15601632653,6754.24010622449,6896.02635073469,6823.59579714286,6882.29944834694,6812.22079365306,6908.65346765306,6821.96744765306,6893.2132755102,6883.0511148102,6727.5882148102,6851.07212406122,6919.01070040816,7047.13311632653,7058.36800408163,6946.61534061224,6879.86287928571,6783.34685861225,6798.65939785715,6805.28455163265,6743.27634663265,6778.86538418367,6725.51263918367,6977.86188459184,6979.77086765306,7028.96073846939,7078.57020438776,7117.35128367347,7077.58776806123,7083.1914405102,7027.05426877551,7130.72336377551,6950.53101377551,7218.19747877551,7362.55139683673,7198.44571183674,6992.53562755102,7023.65343755102,6888.47193897959,6800.81156897959,6768.86323397959,6795.48314897959,6724.64836632653,6818.61643632653,6947.53097846939,6889.98125846939,6815.20546530612,6923.27113183673,6962.69747091837,6940.31590612245,7025.74305622449,7052.36415714286,7138.13420030612,7151.17475030612,7134.27606938776,7275.00519091837,7136.24824591837,7071.13459418367,7069.64658163265,6879.3701967347,6752.60496887755,6903.75498276531,6870.92954632653,6914.10506306123,7098.15142418367,7083.15924704082,6988.36203959184,6933.23441785714,6977.91851163265,6887.02431836735,6907.43157265306,6953.58132408163,6887.12585918367,6886.89661693877,6755.72864377551,6790.43657765306,7040.15375244898,6997.32219112245,7031.40996540816,7035.38162377551,6988.92432295918,7030.83934040816,6974.87555244898,6978.12997622449,7045.03220397959,6861.83145040816,7072.81423632653,7100.07217153061,7115.34119189796,7016.63851285714,6962.50124677551,7095.18495989796,7099.71413571429,7079.50436571429,7173.44645357143,7093.71407357143,7260.89594632653,7269.32640642857,7241.85271142857,7167.59965938775,7139.26345336735,7251.57322030612,7163.73974867347,7196.81238846939,7357.41654857143,7201.50008357143,7103.0326705102,7243.0010755102,7286.13122387755,7186.62192892857,7122.99171755102,7067.12423755102,6982.00075836735,7044.92455836735,7054.40251836735,6837.16038938776,7090.8321494898,6986.47859142857,7006.40091867347,6896.24686867347,6808.66115448979,6741.98444846939,6797.78931228571,6985.73275795919,6783.95634867347,6740.5456167347,6827.41890653061,6906.63053479592,6960.89525938776,6886.55966877551,6863.30782102041,6902.17838142857,6930.9379494898,6912.23430397959,6893.46081571429,7012.48107938776,6973.41757244898,6879.55524755102,6938.17997959184,6961.54081857143,7047.3814422449,7056.69807938775,6904.13983612245,6853.61424142857,6883.39649346939,6808.75553034694,6756.28614534694,6819.90457244898,6871.74279265306,6873.06866806123,6849.17119653061,6777.28422642857,6873.7639472449,6753.90436183674,6890.6370727551,6964.04174765306,6987.68310693878,7093.74292306122,7108.87248357143,7143.79542265306,7158.11736734694,7224.50667836735,7300.43658602041,7331.09119061225,7414.50097061225,7222.65233867347,7193.09306010204,7196.86267061225,7126.48685591837,7132.55403571429,7074.14119030612,6977.47500581633,7232.5933624898,7156.12318918367,7231.15033122449,7102.76608938775,7022.84596979592,7021.77281285714,7031.51385938775,7170.86171755102,7190.68215846939,7173.5339822449,7123.2791617347,7045.03876306123,7149.24605255102,7069.26798704081,7193.72426622449,7066.92984122449,6999.85489061224,7184.91105642857,7055.15137040817,7010.83269,6950.82611193877,6936.77069447959,6987.66905489796,6755.71782928571,6820.42693765306,6903.51155132653,6792.05612826531,6834.2791877551,6861.0737627551,6835.0595827551,6855.34280671429,6946.25217467347,6943.14092673469,7082.74236908163,7260.68712397959,7171.25712030612,7116.04257489796,7141.73075785714,6914.30512261225,6930.51660428571,6968.32368061225,6926.89291204082,6865.79559979592,6850.31870489796,6939.17895489796,6799.41352826531,6856.77892755102,6845.89733306123,6786.23447030612,6665.26607030612,7230.08412132653,7120.65460632653,7120.92085540816,7201.83747571429,7274.15296959184,7101.05465326531,7153.63595816327,7145.23206326531,7039.20565561224,7062.93987846939,6887.82539295919,6906.97869061225,6868.30087316327,6835.75579418367,6768.97058479592,6814.20752479592,6758.55841010204,6769.13175061225,7173.05099357143,6997.38740357143,7074.01574438776,7096.91128918367,7037.17142581633,6954.63811602041,7068.23479142857,6980.07098122449,6961.91203,6887.38325530612,6884.64485744898,6819.17076071429,6869.40606234694,6784.61735755102,7172.15415979592,7163.59804591837,7226.30080510204,7276.35316602041,7120.91668234694,7143.62651734694,7053.34704795918,7117.15179428571,7006.06610714286,7047.84744387755,7052.9956822449,6964.38764295918,6875.73634653061,6979.56109857143,6906.35149857143,6920.07924510204,6825.00022010204,6894.75938838776,7013.22006816327,6898.8941194898,7053.795635,6912.27328938776,6874.31873908163,7061.42469602041,6869.28209346939,6946.51755846939,6983.40390846939,7049.45677183673,7126.67550183674,7102.86403183674,7150.46474051021,7213.8758872449,7249.83029367347,7168.61329693878,7176.28499163265,7292.64847755102,7032.28633612245,7155.12702204082,7145.34200785714,7186.05805346939,7144.65567010204,7087.99304755102,7123.01769755102,7166.80276418368,7062.86871836735,6922.09197785714,7080.23978295918,7103.8584027551,7004.53916469388,6924.61369795918,6939.69094295918,6899.42406030612,6847.88200122449,6945.34505622449,7002.47363836735,6935.24032091837,6860.36591071428,6889.79022602041,6930.75737346939,6971.27150714286,6992.17674714286,6946.48119714286,6956.94147214286,7044.20866326531,7133.19512857143,7202.7468744898,6991.18798663265,6998.51097959184,7026.34917244898,6909.8803094898,7002.92801836735,6921.9370755102,6959.24203877551,6944.08393332653,6850.5020477551,6896.69039020408,6831.74263132653,6804.9744272449,7055.93965285714,7027.77938326531,7099.57182397959,7002.00536877551,7024.0426294898,6881.69834846939,7043.71833153061,7011.62097642857,7060.77218306123,6940.84886306122,7075.15464806122,7106.71686806122,7174.67302857143,7202.54982755102,7252.63076428572,7283.33259897959,7144.5821622449,7303.53285714286,7162.74595714286,7147.66506428571,7160.26529428571,7214.26415510204,6917.75117902041,6904.92232714286,6936.67376244898,6865.58138081633,7008.04617959184,7024.85407142857,6880.76423204082,7026.22240316327,7170.13180816327,7150.18415,7134.84850285714,7125.16520540816,7257.3847944898,7062.88424785715,6945.42740785714,6876.90377785714,6959.56402040816,6933.71862479592,7032.00598377551,7031.8251055102,6959.53037387755,7009.08759969388,7012.44200306123,7053.03871591837,7068.29891030612,6984.56143469388,6815.71844428571,7021.46864387755,7080.34802040816,7030.87048755102,6976.14504979592,7021.85990030612,7148.03843530612,7003.64443367347,7174.77897551021,7432.32756581633,7328.28617040816,7112.71591346939,7168.20590706122,7018.27623030612,6900.89984316327,7054.58631908163,6963.17582510204,6987.09952306122,6996.53484622449,6941.72659836735,6936.81785785714,6912.27137336735,7038.36527948979,7038.78016571429,7066.26008081633,6996.5783115102,7276.78475142857,7068.55539326531,6871.14609326531,7037.50930367347,7008.42009244898,6997.09731316327,7139.57684214286,7292.11727795919,7381.24603295918,7432.96856295918,7390.08036938776,7245.05530438776,7363.5657122449,7074.63954602041,7083.79555030612,7073.54387785714,6934.29382785714,6930.59200540816,7090.27470428571,6967.43742897959,6924.39533061225,7069.49785163265,7287.75207642857,7190.10504459184,7013.15174346939,7152.52793510204,7013.70461510204,7200.66425530612,7178.56076653061,7148.4823844898,7055.92468408163,7020.09839897959,6987.59657540816,7085.33999285714,7167.21776428572,7098.64010612245,7213.88494285714,7224.37722612245,7001.55376744898,6999.68712306123,7043.30513959184,7112.97138846939,6943.92951020408,7078.24673551021,7016.72428346939,7047.72541561225,6983.53691214286,6947.89896653061,6825.00900153061,6853.98572653061,6881.82242653061,6913.97481897959,6881.89551897959,7012.52926357143,6971.01151693878,6882.55629193877,6947.95726469388,6981.92018469388,6955.48594081633,7105.58308877551,7057.40609285714,6968.78340326531,7000.56112428572,7033.36583122449,6850.26351530612,6822.32923183673,6900.76483338776,7020.79274487755,6909.67309795918,7084.2138522449,7072.38662071429,6992.21066857143,6987.43930326531,7076.40724326531,7066.13259091837,7160.58955357143,7232.75591591837,7102.17151969388,7021.82786030612,6809.69313040816,6733.33146591837,6666.86495783674,7007.68222204082,7026.99352704082,7128.29273704082,7012.43393,7032.97907,6896.97955714286,6941.3537572449,6945.72246938776,6964.63608081633,6904.18591877551,6895.9192122449,7048.9604972449,7067.39708193877,7235.91570204082,7146.55225306122,6883.87381122449,6903.59866795918,6919.39709795918,7044.53192836735,7068.95099591837,7017.79322438776,7005.27051938775,7064.41425918368,7000.62742244898,7012.11714744898,7078.79460714286,6979.4400744898,6902.52571489796,6939.02307142857,7199.01039204082,7020.67887663266,6964.73566428571,7124.15405102041,7086.62311581633,6998.17340489796,6813.62945108163,6816.06898928571,6799.36758615306,7057.39599387755,6972.34441459184,6896.46933265306,6957.40018887755,7038.06406785714,6992.09977734694,7125.81112734694,6964.17977734694,7090.44582755102,6941.182505,6962.31655234694,6901.81929234694,7087.24141469388,6962.65939571429,6759.15565795918,6826.83174010204,6736.01840632653,6863.79354530612,6915.14724006123,6855.55373134694,6909.35198734694,6770.70939928572,6756.25388653061,7049.52512632653,7152.49995091837,7094.87523061225,7125.12555877551,6917.51821655102,6709.69063655102,6893.54615469388,6972.54593367347,7063.62360755102,6931.05470744898,6885.51338867347,6915.38756346939,6864.95338469388,6848.49137081633,6999.43252408164,7103.0782767347,6995.05132214286,7245.65952479592,7137.94328979592,7038.7569467347,7004.11181204082,6993.71768693878,7015.03691571429,7010.82239663265,7241.25370071429,7156.9846977551,7156.08878204082,7010.39795285714,6917.6366572449,7306.21920285714,7108.05522755102,7011.82367336735,6940.39199204082,6917.37916469388,7103.31268571429,7194.80310357143,7194.59303510204,7205.12495306123,7123.66298826531,6908.69151897959,6908.38184306122,6962.34288571429,6964.22252346939,7038.24890071429,6989.71886510204,7179.08138664286,7057.21666142857,7140.16280642857,6934.65757785714,6937.75869632653,6919.36177122449,6894.25187897959,7039.81621143878,6817.89769857143,6835.24529857143,6800.35906,6911.37706,7043.21662428572,6936.14621989796,7073.88358979592,7269.98555285714,7256.64068163265,6919.51670591837,6920.56323285714,6927.52563530612,6883.18488530612,6830.55267206123,6854.32920336735,6788.19424469388,6887.68486622449,7099.60430346939,7018.02714361225,7054.58667459184,6952.63274626531,6941.39809387755,7024.65441959184,6773.0351805102,7015.62384802041,7091.63560673469,7105.14889897959,7149.84016367347,6908.18381867347,7078.36261908163,7094.8707122449,7119.70669887755,7140.07511408163,6956.58305,6936.9540855102,7155.30430795919,7146.9536622449,7110.83106836735,7203.57491336735,7136.2662427551,7134.85448071429,7024.38044285714,6973.70385612245,7044.904385,7117.94961438775,7119.30703438776,7107.68814173469,6887.95675193878,6863.32374193878,6895.94516489796,7064.59330551021,6864.84415418367,6815.77278183673,6964.81033255102,6898.56957204082,7017.32249959184,6908.86812889796,6856.16227959184,6893.74791397959,7064.91766928572,7109.45632489796,6979.48236969388,6943.15202969388,6871.28364653061,6986.85524204082,6957.01387406123,6684.93637906122,6812.59179234694,6750.76418734694,6816.13069020408,6883.08164112245,6762.83546336735,6831.68010408163,6760.24266408163,6823.20298714286,6835.49671326531,6915.35404326531,6929.40523112245,6888.99938367347,6936.26538867347,7036.43861428572,6909.98729428571,7062.62514622449,6901.30312020408,6934.86964418367,6825.37580397959,6845.07092887755,6948.62377489796,6946.76828632653,6805.34540020408,7009.97926734694,7024.70612959184,6943.2221377551,6905.64824438775,6961.02229234694,6890.36868734694,7063.62016622449,6971.35620306122,7115.50304306122,7109.5434722449,6980.6433122449,7177.72362693878,7263.54944489796,7162.94260285714,7177.56916285714,7166.31754816327,7198.70063306122,7148.73873306122,7142.0577105102,7030.99047102041,6915.52861602041,6995.29819663265,7248.20050081633,7006.54181897959,7108.73487591837,7029.62123653061,7154.66573346939,7089.68759816327,7038.61559887755,6912.87138264286,6873.54846194898,6741.61383194898,6765.34824094898,6926.81749235714,6955.37832235714,7196.09341929592,6990.56985592857,7009.8873944898,7024.1638027551,6935.72662397959,7112.17387551021,7264.22766428572,7035.30678367347,6983.22806183674,7137.25876693878,7103.09591387755,7014.30751387755,7045.88252081633,7066.29848020408,7249.40292520408,7283.34291836735,7137.96925102041,6964.7845244898,6971.8243744898,7012.1968944898,7045.70658142857,6994.84341387755,6958.27041081633,7116.48482132653,7222.76108663266,7317.55317183674,7220.50376265306,7030.98499561225,7099.0903894898,6929.17059591837,6958.06866030612,7043.9369255102,7025.82475612245,7088.97519510204,7163.25775786735,7062.51156184694,7053.44481285714,7118.94677551021,7203.27266489796,7328.43600591837,7544.9696794898,7358.18320459184,7401.12665459184,7326.26113295918,7378.86369795918,7404.81873693878,7284.44663193877,6880.82230806123,7016.3489444898,6967.5799244898,6824.5966544898,6886.14965591837,7111.79453887755,7125.83027336735,7029.76165164286,7018.98246683674,6882.47867795919,7025.96910612245,7026.56865612245,7020.63300408163,6976.95905612245,7036.79971571429,7042.7488644898,6971.59277510204,6994.97204510204,7113.76663112245,7090.26409030612,7035.33440989796,7010.49348204082,7127.89256285714,7082.90838112245,7258.2626,7258.69353591837,7198.77406632653,7255.33960295919,7170.17464170408,7287.43838469388,7210.0171627551,7159.73396040816,7110.21876285714,7249.63972632653,7319.77565091837,7252.78607040816,7161.49182173469,7187.84680673469,7251.55145938775,7152.96868530612,7249.86841530612,7166.45973918368,7065.65064979592,7157.13453183673,7032.97747959183,7112.48673367347,7047.73103112245,7025.45015112245,6864.86837693878,7011.05649530612,7081.4925855102,6915.02217744898,6923.49792897959,7046.20826223469,6922.31973845918,6937.57404968368,6985.51872845918,6976.55059580612,7084.16679132653,7074.21073234694,7096.33334061225,7026.84176306123,7031.88532112245,7061.60856806123,7084.4640172449,7030.02390867347,6961.32017887755,7025.68665010204,7041.70190867347,7079.81097204082,7228.32727336735,7107.44525102041,7108.0951477551,7011.92575408163,7028.39577642857,7021.69148010204,7049.38512265306,6909.7256555102,6992.69142306122,6827.05373785714,6798.55749153061,6849.99798551021,6853.41227510204,6985.78928846939,7052.02656244898,7180.89536418367,7267.96740244898,7388.50388969388,7437.71424408163,7369.64289897959,7256.14599897959,7420.36177142857,7213.56466326531,7348.15965408163,7242.76624908163,7039.65221602041,7127.83564918367,7233.15729081633,7155.25523438776,7055.72093673469,7006.93244561225,7075.55345392857,7137.76312857143,7046.83497755102,7020.67027857143,7116.65107857143,7362.06449693878,7346.26016755102,7358.74892755102,7499.17888255102,7301.23541816327,7003.39185642857,7196.10709285714,7171.59424285714,7164.70309285714,7185.79492653061,7115.29258744898,7157.53188765306,6825.70042510204,6889.41939255102,6916.2462622449,7059.82200204082,7230.67168857143,7262.01172265306,7181.89726418367,7074.94410142857,7021.91646693878,6973.54528571429,6910.96095438775,7029.20870163265,7184.80012091837,7143.43172989796,7002.03464163265,7064.85804663265,7070.20052010204,6804.47493571429,6869.57507061225,6903.78706693878,6994.21230816327,6942.05151840816,6996.43692030612,6950.09739397959,6720.21413765306,6937.65597765306,6900.32824489796,6879.25808979592,6843.47857938775,6939.23600255102,6948.84800326531,6992.13140714286,6814.79249530612,6974.51178295919,6989.31169428572,6972.10689238776,6955.91980959184,6958.07280663265,6689.98097295918,6770.85067020408,6799.32809520408,6794.02198136939,7033.27126061225,6796.37226214286,6759.3791577551,6816.90305836735,6875.09755836735,6887.84998887755,6816.52741826531,6759.86708265306,6854.55236112245,6806.83537214286,6846.25501571429,6855.96619102041,6688.29928716327,6714.96133216326,6988.61253163265,6741.4980572449,6989.63661836735,6975.07716836735,6896.39089744898,7020.24274816326,6912.25312040816,6800.35669234694,6851.48826285714,7077.33930970408,6958.41757327551,7011.7784462347,7134.65105469388,7067.92662642857,6975.1560122449,6929.58071020408,6903.89543265306,6950.73276428571,6885.20470744898,6851.5696294898,7009.10110244898,6849.27292436735,6768.82866381633,6703.59748881633,6732.45614381633,6711.89094881633,6841.51957397959,6920.789395,7096.64429806122,7053.70915408163,7072.7169205102,6947.45396938776,7083.69974602041,6968.70541193878,6870.479015,6868.38832367347,6806.62522153061,6797.7022532653,6932.45365826531,6855.68268683674,7070.32702683673,6976.83107540817,6950.14745816326,7031.76077969388,6797.09610204082,7032.82528836734,7041.47152612245,7043.84106530612,7123.02293306123,7111.41842653061,6939.38669795919,6843.49511765306,6959.01732071428,7083.26633959184,7043.87872632653,6932.71684255102,7004.72001234694,6944.66677214286,6920.68589367347,6866.85890346939,6951.77426530612,6956.30205408163,6897.09948193878,6934.72982030612,7048.8000927551,7056.16908061225,7124.7151194898,7241.247065,7214.51082928571,7185.15858979592,7153.59865612245,7296.21784285714,7218.37261132653,6985.14419591837,7152.21886857143,7002.69270081633,7144.26751428571,7135.30463,7227.19165176531,7134.2660507449,7240.58609081633,7237.06932071429,7086.67394704082,7083.65045214286,7059.48671112245,7146.32361979592,7099.40376918367,7161.65763816327,7041.96642979592,7088.60954938775,7237.19527653061,7218.57255306123,7148.36062346939,7135.26433846939,6873.70663979592,6920.84973142857,6925.87124,6901.51343122449,6955.91566714286,7020.63194081633,6868.24756163265,7033.29031653061,6999.46802132653,7075.81969744898,7078.6977232653,7039.49939326531,6967.66152918367,6950.55250530612,6867.52738857143,6879.10625459183,6940.68940112245,6937.81523061224,6996.41737540816,6931.46603061225,6955.91404397959,6874.15624091837,6908.68503173469,6956.9652467347,6957.45947591837,7070.95208755102,7013.67024918367,7085.43227102041,6993.32959704082,7020.7551672449,7010.83975214286,7008.88885662245,7092.69388192857,6971.00623642857,7067.96731142857,7059.36952183673,7108.51253163266,7046.24370663265,7028.74753387755,7129.55885428572,7101.6992017347,7101.58238704082,7106.18355989796,7031.38278969388,7059.12458010204,7070.01103061225,6963.12507326531,6877.94829908164,6988.8357222449,6916.58511663266,7049.636335,7051.09868787755,7273.02186367347,7207.96538755102,7017.45318469388,6918.17699816327,6901.68152326531,6925.68608173469,7006.00186255102,6811.6783144898,6786.93158571429,6820.21818346939,6834.76681622449,6792.64742632653,6794.10703193877,6811.9756705102,6869.04042306122,6929.65256387755,6884.21934561224,6851.36912183673,7160.10792632653,7068.01986265306,7092.73006285714,7032.82365918367,6995.82741673469,7007.78862918367,6954.37026183674,6949.18528622449,6987.21208622449,6991.2173727551,6945.27080479592,6899.56260979592,6886.75440979592,6879.31817479592,7007.63416979592,6938.137405,6787.05659489796,6939.97864510204,6982.28734632653,7086.97291632653,7000.48506632653,6947.85625244898,6987.97279244898,6980.02807673469,7020.42656,6917.5274,6943.42784846939,7026.30082346939,6979.96754081633,7036.82259755102,7077.17194183674,7100.3734155102,6992.13749183673,7144.74296428572,7096.77882071428,6803.05630867347,6837.57105765306,6916.53318756123,6958.34358183673,6931.331085,7025.92876867347,6968.68736112245,6952.60273153061,7041.00720234694,7145.96860469388,7107.96396122449,7085.8955467347,7120.26992551021,7087.97039193878,7133.62956642857,7280.67175071429,7178.15984040816,7225.46676632653,7313.46215612245,7280.53613183674,7310.64006183673,7312.90175173469,7378.23476295918,7337.40202806122,7271.20473979592,7354.78711591837,7241.11034387755,7301.27653530612,7393.99681989796,7277.79782602041,7332.97969102041,7384.14260612245,7366.76656938776,7231.41783438776,7156.5320272449,7114.13096459184,7052.74014285715,7148.02519469388,7081.64504265306,7069.97900510204,7090.87390204082,7021.37325306123,7035.66611326531,7051.09978163265,7093.65847551021,7111.5884255102,6990.2085877551,7116.04068530612,6968.2423544898,7036.1363767347,7403.60701530613,7225.58467877551,7195.87922122449,7119.52709704082,7099.67603704081,7154.2330472449,7190.7808472449,7228.13905877551,7173.35884622449,7204.71112591837,7229.42194591837,7211.62094326531,7214.19926938776,7152.22481938776,7274.89006938776,7049.10158367347,7083.59228367347,6935.27505816327,6933.39751367347,6807.50115204082,6844.4197744898,6837.73022897959,6860.45902265306,6876.80986867347,6877.78314,6862.95602326531,6952.55907857143,7074.5753787347,6837.01634118367,6876.85749832653,6848.76451306123,6836.64727857143,6904.5334727551,6852.6044822449,6878.6573522449,6883.16370122449,6818.11485102041,6928.16812632653,6883.85279510204,6807.93266,6801.66451877551,6800.35995469388,6754.96847255102,6788.69179857143,6856.30174969388,6935.29117512245,6939.34133571429,7056.53599765306,6935.20116785714,6905.60783744898,6849.24376306123,6981.44676693878,7040.59874193878,7265.31842153061,7202.9786327551,7043.02155826531,7010.22266285714,7080.63908061224,6997.99965316327,6908.53377397449,6779.52167122449,6937.87430714286,6904.5211935102,6822.87777836735,6745.69536836735,7030.46302112245,6894.6408222449,6892.43360346939,6908.37797469388,6788.08649102041,6938.95237704082,6858.81861510204,6853.94421387755,6842.29660208163,6966.45474020408,6809.53831520408,6850.6735355102,7015.81745714286,6836.40029204082,6896.73047387755,7002.30393887755,7011.51119693877,6975.87783183673,6840.05322857143,6909.52741857143,6932.97285785714,6871.86740357143,7008.0081094898,7096.7679494898,7101.20026765306,7261.17622112245,7194.42844244898,7106.28874265306,7233.13113265306,7003.32923230612,7069.0868902449,7141.52127653062,7001.78111142857,6938.48943163265,7007.91339285714,6942.2236577551,6888.84951091837
677.224489795918,7525.17553265306,7455.09038938775,7690.68218938776,7581.7071822449,7385.4039322449,7320.49104969388,7329.12190867347,7661.96309887755,7514.43407540816,7594.28006316326,7658.23917316326,7536.01539316326,7218.53623989796,7245.54973989796,7434.78542489796,7107.72801593878,7176.68947693877,7155.77372510204,7290.86329010204,7168.11729005102,7362.13523520408,7355.05874020408,7332.20963897959,7243.43486897959,7293.84193346939,7151.46537571429,7058.34931755102,7013.80909693878,7217.59106865306,7276.73761765306,7277.38055081633,7362.2076182653,7006.83945202041,7016.11927202041,7152.19535202041,6989.547465,7039.54295806123,7020.59970306123,7030.15084693878,7114.53177061225,7274.72965061225,7206.01876285714,7183.93726387755,7324.37078367347,7495.93851928571,7214.27662183674,6899.86368877551,6998.95907765306,6915.99665591837,6965.03514938775,7008.10197193878,7032.83862642857,7029.30197714286,7053.47307387755,7027.50149530612,7110.30073142857,7068.43487795918,7063.30700061225,7300.44492918367,7298.38025081633,7210.43914183673,7325.41775163265,7501.95908551021,7476.06605469388,7439.77807346939,7407.96598346939,7432.31605265306,7354.38172642857,7156.87954602041,7212.72802602041,7444.49691734694,7503.47250986735,7579.82254193877,7649.75553302041,7604.69509979592,7299.75997632653,7326.65619265306,7354.51829265306,7282.69346765306,7278.95050755102,7547.12882367347,7403.03458142857,7201.40659061225,7254.96584397959,7215.64091622449,7211.07761938776,7344.24294938776,7178.6597555102,7413.63321734694,7248.59936734694,7144.78141795918,7021.18951979592,7152.88355704082,7121.7217904898,7251.36995612245,7232.47511285714,7079.16329938775,7227.24866061225,7080.86628969388,7249.37252367347,7214.28330418367,7079.70107826531,7115.00107438776,7200.73963897959,7087.31005714286,7184.20235928571,7326.27220785714,7435.11889530612,7408.53406020408,7330.08027755102,7323.68886163265,7493.71432673469,7430.71665428572,7560.02570571429,7540.46326397959,7441.601038,7358.09966530612,7410.19920632653,7263.5220772449,7196.4301505102,7447.10372857143,7539.86422857143,7502.02551,7453.20181265306,7108.7857077551,7466.43071265306,7168.22571040816,7115.96068020408,7220.89139489796,7315.50795571429,7262.25546510204,7148.17246897959,7275.10312897959,7279.25464897959,7177.96500857143,7123.79746928572,7003.02939526122,7106.25533406122,7218.39707122449,7280.74023516327,7152.91000167347,7173.33897778163,7171.23047163266,7102.61546469388,7065.50175938776,7170.87623510204,7214.44777265306,7120.86561204082,7035.46271204082,7352.25439408163,7469.67462040816,7352.45372881633,7518.52929489796,7552.34486183674,7512.21806989796,7466.74853163265,7389.14990434694,7580.39543959184,7613.39554030612,7385.12729102041,7329.79443693878,7485.03982806122,7535.88515642857,7511.02367540816,7510.10177867347,7635.83215510204,7964.99993502041,7906.05446330612,7914.59544938776,7654.19068338776,7583.65147214286,7615.81064877551,7566.52509357143,7420.80367020408,7433.22944255102,7472.93476336735,7367.56869428572,7402.18489561224,7574.77922622449,7616.63598122449,7451.1369727551,7216.90508265306,7407.30581602041,7220.45935704082,7307.4312655102,7625.96089785714,7629.44697357143,7656.11190357143,7593.53341989796,7642.49155285714,7564.03128826531,7596.29443744898,7683.79402,7603.70209816327,7641.72710316327,7750.28807316327,7550.37219265306,7372.67608040816,7383.77658693878,7294.62830693878,7554.18234408163,7340.99577030612,7169.62054489796,7196.29248959184,7324.21743459184,7139.44239785714,7119.19158612245,7160.24769040816,7188.63252836735,7169.56671836735,7144.11014428571,7222.06134734694,7314.98975938776,7388.6906927551,7201.52836295918,7122.66399612245,7116.26048061225,7284.34072540816,7070.26118255102,7153.85198255102,7108.76462959184,7200.13971459184,7139.88062632653,7278.56700510204,7311.20804255102,7195.31673547959,7277.54460343878,7333.02381792857,7386.25216020408,7628.37815142857,7274.56610142857,7377.24640183674,7295.14924316327,7265.95909602041,7036.72903387755,7199.89878632653,6982.00427346939,6992.98470326531,7032.53650183673,7080.81577020408,7075.61872336735,6842.52905816327,6883.16386693878,6985.67939020408,6901.22017877551,7007.30666020408,6979.20126530612,7166.03524020408,7264.67239459184,7341.13539908163,7252.38726530612,7433.68343877551,7213.71052428572,7223.77568244898,7092.78943122449,7163.86948122449,7349.44730612245,7225.10567795918,7119.94483346939,7139.89625010204,7178.185045,7261.61897765306,7275.52352867347,7301.09712882653,7369.78554867347,7542.34631846939,7545.78858357143,7564.17192683673,7387.46060744898,7458.72578571428,7287.54383867347,7418.00251105102,7200.51067877551,7313.84416877551,7291.99562336735,7609.36814010204,7518.21283081633,7633.34581489796,7453.13917102041,7510.60924867347,7661.89018867347,7661.51164938776,7411.22903346939,7463.83360530612,7439.53343530612,7631.81656030612,7496.62592469388,7565.27668755102,7650.03105177551,7220.94056918367,7047.09977918367,7182.72486418367,7160.54028693878,7154.78806265306,7161.81622295919,7188.46260234694,7463.68585486735,7406.39466285714,7145.32338979592,7192.91988663266,7302.05844081633,7132.28635530612,7082.19042285714,6990.67214081633,7094.81722663265,6891.01509357143,6881.97681581633,6921.47648836735,6994.6127877551,7003.2797477551,7095.50812979592,7202.21055755102,7313.9025922449,7375.62038612245,7230.76159816327,7153.30199928572,7063.61993795918,7348.78821469388,7353.66729030612,7257.39656183674,7395.13386122449,7327.88691122449,7214.74813836735,7288.67409632653,7325.42400836735,7542.74345836735,7195.19372336735,7303.39584836735,7133.68091122449,7311.20683316327,7229.5796957449,7273.79149663265,7420.21963826531,7451.06814520409,7297.11863367347,7194.77511397959,7113.30832295919,7301.00171051021,7202.97337367347,7117.09063765306,6968.77211326531,6843.50186275511,7024.93943193877,7264.67378622449,7289.05455,7395.68337244898,7103.29157377551,7156.84951622449,7204.73395265306,7264.03978357143,7279.435605,7121.06696163266,7129.27633387755,7191.76138387755,7166.74547806123,7191.09268551021,7247.5827955102,7267.22208326531,7281.77171836735,7419.19353163265,7489.04767163265,7369.71006326531,7270.69667438776,7144.27215285714,7098.68289755102,7137.50615755102,7171.17328071429,7167.62574591837,7118.95966887755,7117.52064959183,7126.3183777551,7124.3234672449,7199.21261795919,7288.80800581633,7239.76092540816,7350.50830714286,7293.71080734694,7306.01241040816,7453.31194061225,7166.24044591837,7401.17954897959,7389.45284897959,7467.67379897959,7407.12813397959,7286.64457938776,7281.20661551021,7273.82346153062,7205.49589,7429.58357112245,7511.37232612245,7362.42970612245,7492.48480612245,7320.32035612245,7336.64461959184,7066.77846459184,7124.08030959184,7244.87603408163,7243.17818418367,7130.43803061224,7170.2227372449,7226.08831010204,7177.01374795918,7210.62241020408,7221.16579857143,7462.75283836735,7212.25430346939,7475.91351214286,7649.83592857143,7321.58471006122,7422.95001755102,7366.72695540306,7264.84893918367,7224.35122877551,7044.19579755102,6907.45717846939,7052.59477653061,7315.8937977551,7380.81214193877,7226.93889226531,7156.57426826531,6999.02785040817,6971.74001265306,7020.17713979592,7094.74991877551,7028.6206327551,7168.67064122449,7224.27523295918,7230.60813469388,7427.22753571429,7427.59797826531,7296.84876769388,7358.63755540816,7279.13229632653,7428.49533163265,7367.97698102041,7514.54915306122,7350.05391122449,7236.48988469388,7557.49391204082,7418.83589163265,7487.80686734694,7327.61704234694,7273.54313061225,7142.59323061225,7204.46034285714,7059.88494795919,7192.30657696939,7319.92767346939,7491.59815714286,7388.00201632653,7287.10670877551,7275.13674081633,7582.25713979592,7232.59968979592,7440.88568571429,7237.34611071428,7196.8888627551,7477.50835428572,7532.14355979592,7590.54968979592,7529.88266979592,7569.00282918368,7606.33924148061,7471.97173316327,7397.83561244898,7319.75753734694,7354.56205836735,7421.64499214286,7354.85847010204,7272.12215102041,7188.90340183674,7111.91021214286,7135.9835517449,7212.72553418367,7195.84279877551,7139.99619061225,7018.23753561224,7081.64442561224,6831.84401479592,6967.11702040816,7014.60130673469,7064.08158897959,7195.19590846939,7427.77014295919,7537.58769061225,7450.90084040817,7403.69783489796,7326.61056428572,7267.66566408163,7338.5863144898,7153.65385806123,7195.46156357143,7240.73538979592,7413.80391122449,7319.60553061225,7130.40481765306,7105.2867105102,7004.82703377551,7023.34841581633,7003.48139336735,7007.0816955102,7045.81018979592,7031.51882765306,7112.38297040816,7031.53597040816,7071.37577010204,7130.85405632653,7151.21436020408,7053.04755408163,7244.59849040816,6871.031245,7120.4664570102,6937.33938938776,6917.93263061224,6873.21207142857,6946.52381704082,6975.94298704082,6896.19259887755,6928.44451346939,6892.23203846939,7040.84281062245,7093.25562662245,7140.26012806123,7060.44668306123,7174.6765244898,7130.94812357143,7271.98463714286,7049.68138214286,7045.30539132653,7173.53858602041,6955.74217877551,7027.50378469388,7057.86151877551,7184.84926795919,7203.52125010204,7337.19785510204,7198.31581280612,7211.52453969388,7283.50151734694,7363.58866020408,7227.42236285714,7281.55273551021,7271.31740408163,7516.19071877551,7409.25979285714,7412.81489653061,7316.79063877551,7349.78059387755,7282.88481316327,7236.11592132653,7289.57421231633,7250.98448142857,7178.31924591837,7158.82478897959,7081.89404183673,7068.37398265306,7167.24218410204,7139.49643571429,7193.11712132653,7127.38221816327,7130.79401836735,7233.7353022449,7346.62502489796,7448.77230387755,7073.44151887755,7051.13976663265,7132.83489734694,7247.76978020408,7184.41402020408,7272.90863561224,7355.39303406122,7322.23506906122,7216.21124214286,7090.0156377551,7044.64586244898,6922.5204567347,7008.23181520408,7162.3128732449,7158.75981153061,7254.9726022449,7163.14513606429,7068.24149932653,7101.02417142857,7045.84952346939,7227.14714897959,7201.60192346939,7382.36022346939,7242.49776326531,7207.85402642857,7266.99776714286,7224.55378265306,7116.58108163266,7183.93520591837,7231.7185622449,7345.31297285714,7246.18875716326,7632.8211772449,7625.03285938776,7475.23637653061,7357.40729255102,7430.22188153061,7284.73724836735,7147.76175306122,7267.81693183674,7144.71174683674,7314.03909663265,7011.84302959184,7228.32828346939,7156.78378714286,7219.43600864286,7181.72265714286,7122.83573367347,7065.16693367347,7001.84510367347,7031.26870765306,6988.51314765306,6973.90781142857,7019.81098642857,6932.9715572449,6962.12723204082,7090.7314867347,7264.60056561224,7199.98956142857,7155.11523938776,7149.73730612245,7498.52382980612,7444.83996632653,7282.1064927551,7351.96670714286,7363.69650285714,7350.21440632653,7468.06037632653,7522.72441835714,7599.38428469388,7689.39529416326,7734.00304204082,7800.04510459184,7949.95793755102,7567.49154255102,7469.80938510204,7344.77728265306,7159.09765918368,7296.51745612245,7231.66131897959,7120.59464234694,7176.12837959184,7216.61041806123,7324.69658969388,7074.22111428572,7131.74418408163,7016.45931836735,6983.83463928571,6981.58264826531,7014.72068316326,6968.89993540816,7108.39298591837,7098.69454173469,7080.99670663265,7040.80924040816,7149.39876122449,7324.58211122449,7494.79792612245,7532.0866472449,7567.96044571429,7508.05170357143,7251.17816867347,7172.40189204082,7373.99664546939,7241.05191689796,7352.93396326531,7176.07436326531,7019.84962653061,7057.9620555102,7099.50015969388,6893.26152071429,6981.37195887755,6830.36858346939,6891.09653836735,6992.83893836735,6977.77967336735,6957.69994469388,7308.34132346939,7259.3517294898,7211.02862673469,7214.50181332653,7292.49848367347,7275.67962244898,7263.82123,7398.00339185714,7407.61251622449,7247.93105985714,7124.70286214286,7233.47828755102,7218.79166020408,7070.60103663266,7217.75286163265,7273.21513091837,7274.84018091837,7250.31992448979,7011.07880612245,7159.88838102041,7078.87054602041,7219.48743602041,7331.76318326531,7326.88425683674,7341.62874183673,7273.84744183673,7228.49879969388,7529.56501469388,7470.74819336735,7523.94420857143,7533.33621755102,7227.57825581633,7378.45584581633,7250.14494581633,7364.41955081633,7098.28834122449,7112.97162826531,6864.063095,7002.20873102041,7109.28802785715,7180.83386673469,7109.24575112245,7239.98414561224,7353.28836561225,7424.66554387755,7466.19881193878,7251.96354693878,7312.17139102041,6993.52806234694,7194.72578122449,7037.14533173469,7120.44498336735,7086.68308836735,7176.01566081633,7076.04371918367,6998.73894816327,6910.9433617347,7166.80605540816,7240.47078632653,7307.26232051021,7153.53085112245,7180.73844693878,7156.38356428572,7022.03043489796,7024.32410387755,7013.83230408163,7329.32614908163,7298.2545644898,7259.01973785714,7241.94598071429,7197.07168571429,7122.28481428572,7154.77117959184,7128.33755612245,6896.08702683674,7028.63394816327,6978.83281816327,6831.20387171429,6988.34370897959,6836.26642,6890.67454867347,7197.04660408163,7176.07709255102,7100.2757177551,7247.6847527551,7218.23885459184,7074.49855183674,7285.95743714286,7328.93651714286,7163.74276214285,7372.43987714286,7320.229475,7279.96567561225,7273.43362897959,7490.09267991837,7282.22817787755,7218.93046428571,7344.04641020408,7343.30218836735,7321.23715938775,7075.47458428571,7128.6940305102,7234.90566122449,7145.97838081633,7162.71674857143,7062.9308572449,6938.61218163265,6981.05015836735,7132.50650836735,7183.90723602041,7155.14024510204,7195.76342479592,7045.63318295918,7177.65118530612,7183.18008102041,7278.27007614286,7270.69356295918,7344.26768469388,7349.36778010204,7303.19047959184,7225.19717357143,7044.60711734694,6999.24034877551,7214.56539091837,7252.49660816327,7197.00136102041,7233.09642938776,6886.41527244898,6909.01643265306,7073.22762663265,7348.31189785714,7356.19152755102,7033.15187081633,6974.91065091837,7155.40832969388,7112.09741785714,7145.29448520408,7084.347845,6973.99637,7016.88308336735,7024.29926336735,7173.18771387755,7110.48897806122,7270.42512183674,7034.26186632653,7055.81592612245,6875.30464496939,6861.19799846939,7021.71380214286,7169.58431214286,7162.77051397959,7185.40695581633,7232.11836214286,7190.49341989796,7265.80026438775,7101.51696246939,7092.38487785714,7146.17539085714,7280.50257993878,7405.87780053061,7338.6294022449,7562.38926163265,7629.20911367347,7530.5464432653,7512.56963877551,7389.68999871429,7365.96920632653,7407.92510510204,7300.97170510204,7518.97432357143,7730.60289469388,7690.00537012449,7584.12751285714,7450.92849795918,7323.49750887755,7185.49480887755,7184.95799,7019.23244,7103.85356693878,7097.23333979592,7429.09154081633,7296.06921989796,7380.15081908163,7388.82691367347,7349.69846959184,7296.33040816327,7163.00864387755,7323.32413520408,7117.18609520408,7222.30010673469,7297.66164081633,7238.24329795918,7295.30193030612,7291.71357142858,7045.51219785714,7310.54554795918,7283.78925397959,7466.03503163266,7509.99037193878,7403.71880632653,7736.07390510204,7650.93533418367,7489.4674872449,7356.8750172449,7319.91785326531,7460.35287826531,7370.2310967347,7349.62055197959,7170.20345510204,7292.96985142857,7324.69294367347,7178.91221,7171.06371510204,7206.13867367347,7123.85092367347,7257.21337414286,7232.85410591837,7378.88711193878,7353.66672244898,7369.87096938776,7311.6214622449,7243.6051622449,7193.1328772449,6930.34281857143,7201.09382244898,7211.98153979592,7371.08779479592,7251.2816767347,7168.0748367347,7372.94100969388,7403.15219561225,7386.02483959184,7357.17049244898,7325.92931744898,7381.80191306122,7122.5977622449,7218.45705308163,7205.96525508163,7075.37429816327,7068.48885704082,6995.54149173469,6850.32816612245,6997.30013938776,7024.14509377551,7241.90480704082,7091.99404530612,7131.17986816327,7223.25805193878,7250.86600928572,7225.70755704082,7163.3224167347,7236.81204510204,7075.91852020408,7023.34471020408,7061.99931122449,6981.98821020408,7012.55483969388,7163.63559846939,7193.12556346939,7236.31506122449,7157.63778979592,7182.56187979592,7489.92461622449,7356.97964285715,7243.83709071429,7125.45692755102,7149.3593989796,7253.65126071429,7281.56626234694,7267.54561204082,7174.41780469388,7221.16159346939,6924.44069387755,6999.74445510204,6957.43874387755,6770.03735622449,7204.22174183674,7120.01449183674,7245.48835071429,7161.36279520408,7464.75239765306,7192.46546836735,7307.76853979592,7401.60511979592,7476.77196836735,7472.60251316327,7435.31542602041,7576.30793653061,7542.48467581633,7606.71284173469,7604.83299808163,7648.4691744898,7558.7731827551,7521.81364234694,7424.17346785714,7474.5834527551,7597.00628010204,7632.4862672449,7710.7349727551,7392.01320102041,7323.21829357143,7229.96385928571,7230.6096677551,7175.97158897959,7177.164925,7228.448195,7254.13745204082,7144.03527387755,7202.35850714286,7390.96761653061,7422.62676469388,7392.06002326531,7340.59631734694,7330.27729826531,7233.94996020408,7213.73011020408,7003.55834795919,7103.43347346939,7118.01911836735,7131.60578367347,7182.9296,7142.68846826531,7222.59622265306,7028.72298397959,7053.23445,7000.30761183674,7463.47726367347,7259.6338944898,6870.54725877551,6832.0631217347,6934.92932755102,6892.94260316327,6981.82642622449,6910.54736571428,6941.14995171429,6982.54902526531,7122.55667079592,7176.02284936735,7195.43189610204,7179.62372916327,7276.71749773469,7171.55649693878,7227.08560193878,7162.18624285714,7090.69424785714,7344.15387030613,7462.44181612245,7508.74199091837,7406.52790102041,7511.89859520408,7416.41934927551,7448.29468478571,7319.90165459184,7437.33643530612,7525.86473122449,7164.46566081633,7099.6419127551,6904.90432540816,7151.97042438775,6978.58608357143,6997.48779193878,6934.02193173469,6978.20653255102,7016.07888642857,7170.99484163265,7352.23787857143,7122.02265918368,6998.60220918368,6884.66383112245,6819.96986846939,6916.25317581633,6952.49554581633,6935.40213162245,6960.84438816327,7117.63307316327,7198.34861030612,7342.34754530612,7130.13084367347,7108.38535867347,7227.56213326531,7002.81196918368,7048.85489836735,7001.04671744898,7034.06341244898,6768.04821944898,6957.56061428571,6925.85079020408,7082.37613683673,7134.77100693878,7147.91093142857,7203.39952714286,7303.04305602041,7531.70981489796,7359.98160091837,7251.52327928572,7162.06718502041,7105.0249944898,7200.14759979592,7095.46894020408,7073.73836928571,7183.87422693878,7405.51434061225,7408.24070989796,7507.45260591837,7366.07272653061,7414.31971653061,7145.44167091837,7190.20650816327,7099.12940816327,7268.20456122449,7314.12658877551,7250.9180672449,7291.85130295918,7575.37187438775,7637.42308397959,7592.83002540816,7594.12565510204,7743.88355408163,7554.1521344898,7335.79747979592,7340.07677183674,7312.15195387755,7069.11671612245,6933.26790785715,6966.60782081633,6983.94091530612,6999.23036030612,7111.49846428572,7145.47281734694,7177.92573134694,7359.09922428572,7280.97764928572,7064.81465520408,7172.962045,7101.47775397959,7278.62179887755,7207.40243326531,7132.32681489796,7407.72083295918,7323.39650345918,7513.78915846939,7424.50052469388,7254.87366969388,7196.08241969388,7201.10911969388,7351.9412677551,7120.03473959184,7365.42398418368,6951.94102265306,7159.53001265306,7081.62440040817,7079.7317672449,7031.8692672449,7034.41598336735,7248.94343,7027.21715632653,7370.60730306122,7217.21075306122,7380.12821306123,7326.18467510204,7150.55959310204,7265.83228846939,7379.17006132653,7153.7279367347,7262.32203438776,7274.67130653061,7234.1797477551,7164.08589295919,7324.32478030613,7246.96687306122,7239.32900469388,7257.47004453061,7101.46974826531,7231.13884091837,7046.6748172449,7122.60704285714,7075.56420112245,7245.21705204081,7110.55949663265,7126.03967377551,7034.21598612245,6933.71913846939,6901.96767846939,7048.70364097959,6984.88456844898,7047.47467844898,7059.94749234694,7271.68417734694,7284.4608344898,7231.64994346939,7197.64238602041,7352.01652867347,7260.08804836735,7212.95993061225,7246.50155918368,7417.10259285714,7692.98574285714,7554.20537928571,7326.25194183673,7068.09010102041,7145.17758367347,7339.19662418367,7225.96761602041,7351.20272071429,7389.83598142857,7424.75378010204,7338.86303459184,7275.3659377551,7235.70503091837,7021.64630234694,7202.72528244898,6906.31756632653,6913.18108673469,6854.9897777551,6973.60166040817,6960.79182857143,7272.43201214286,7170.06559622449,7045.21291020408,7122.71349326531,7113.33680316327,7080.62014928571,7141.84023040816,7136.90918887755,7265.20545377551,7329.78890061225,7021.44898204082,7091.28467387755,7142.57632081633,7049.85676459184,6918.04067714286,7039.61097091837,6998.6595394898,7045.51610352041,7156.53916418367,7002.80079306122,6903.41406357143,6887.62375428571,7139.91813285714,7104.44520897959,6950.1714877551,6866.75978489796,6917.57676938776,6842.75085265306,6904.56233867347,7074.21502561225,7121.10794918368,7261.67252836735,7262.32270704082,7237.89077795918,7132.55599122449,7213.9880407551,7278.1164757551,7122.71394642857,7144.23757142857,7091.10713510204,6996.69179587755,6958.78190542857,7026.01657326531,7329.86697979592,7381.33950612245,7127.40223163265,7175.22909163265,7131.74919428572,7309.09542918367,7133.8231844898,7327.95339040817,7203.75336102041,7240.24776510204,7104.19969030612,7109.13326534694,7089.46524734694,7068.05231979592,6905.99080326531,7046.0728272449,7128.47622142857,7283.2861905102,7274.99780551021,7348.7738505102,7367.52451295918,7521.10173295919,7573.36749704082,7544.65952204082,7547.09138704082,7598.88382020408,7797.72378428571,7604.0706077551,7472.142765,7681.07193612245,7464.98230734694,7476.32835234694,7626.32636255102,7407.53754744898,7524.81855244898,7642.92495193877,7609.76131663265,7602.17752908163,7592.96144295918,7503.22456346938,7410.453665,7371.10775622449,7373.67391938776,7146.22565489796,7363.28874489796,7478.42764206123,7384.44735706123,7300.85660706122,7235.28308706123,7267.01751706122,7264.48716581633,7172.76310081633,7050.54128561224,7088.26173081633,7242.66883663265,7188.217375,7200.39748918367,7040.44866020408,7071.31954693878,7102.69622693878,6980.91830102041,7241.78039989797,7163.01920632653,6975.58694326531,7124.38554591837,7003.25588979592,7107.81532653061,7413.7753427551,7215.6852377551,7092.90132265306,7045.99503642857,7130.81756316327,7133.82454612245,7086.75969561225,7115.27182479592,7148.44943571429,7314.37706653061,7212.37087846939,7196.39358632653,7239.3516617347,7165.45121173469,7309.31702459184,7145.93562612245,7149.86136214286,7202.43831489796,7212.94208877551,7185.4820527551,7169.71622561225,7343.77914183674,7287.28600440816,7052.17621836735,6986.32489581632,7021.74686071429,6909.45038571429,7144.10452367347,6947.62257755102,7144.60458183673,7001.85542265306,7081.03973602041,7114.86770102041,7139.80795,7409.92788510204,7202.31946632653,7265.78638163265,7474.89988163265,7490.89154132653,7500.06933877551,7611.60640530612,7452.62358530612,7355.33996593878,7167.97122969388,7421.23830163265,7403.14204316327,7458.89293540816,7633.28647040816,7365.43106826531,7281.28210989796,7350.53958989796,7100.61715142857,7105.96013765306,7115.53639489796,7040.2290622449,7074.01971632653,7053.88973836735,7027.85517816327,7061.66189142857,7161.76377142857,7309.57219918367,7405.31044285714,7514.88237244898,7253.30116744898,7181.15815306122,7309.29179693878,7337.52131193878,7241.45643785715,7529.56762153061,7269.88627571429,7312.79195091837,7451.58197081633,7580.42783234694,7438.85103602041,7311.35925040817,7472.6683544898,7339.94811418367,7461.99803193877,7215.53092836735,7132.01938836735,7216.72098091837,7391.24610734694,7442.79093265306,7165.37706867347,7315.3138755102,7462.6616955102,7492.96962989796,7420.08128877551,7499.50391877551,7573.50259908163,7397.8617394898,7308.29443265306,7328.97724051021,7206.89592857143,7107.60564836735,7235.9438177551,7117.68376081633,7258.20410183674,7286.49800693878,7315.25830816327,7324.91765479592,7464.26817979592,7252.81861530612,7470.53821530612,7426.49944795919,7459.18525795918,7338.01805795918,7541.66700408163,7969.18090346939,7756.62784326531,7741.5570744898,7577.97966877551,7642.1918744898,7467.6802294898,7704.6497494898,7350.38326285714,7396.00405816327,7457.41217306123,7416.30067316327,7435.80299285714,7394.14405387755,7214.0624705102,7602.3301377551,7105.61466367347,7189.20354234694,7210.69436734694,7163.55148469388,7179.34547928572,6996.14796081633,7133.14889255102,6943.54047836735,7161.86123091837,7507.03680408163,7384.64873346939,7320.47286204082,7370.70973,7248.71120946939,7324.54659081633,7431.0491872449,7281.27314316327,7391.31065010204,7266.13150255102,7087.91859826531,7001.80784897959,7132.23003959184,7613.43708285714,7693.19949346939,7567.75835632653,7511.34525659184,7541.00823159184,7724.07355142857,7558.58547387755,7393.37362295919,7241.69681071429,7178.63386306122,6950.00004163265,6871.64575120408,7067.31668418367,7298.03866163265,7307.22871142857,7354.23472704082,7287.87262193878,7339.85747357143,7301.79079897959,7355.68628816327,7431.91607918367,7541.71470428571,7527.58323571429,7406.74647102041,7393.7226205102,7134.72322295918,7194.70934591837,6985.72906897959,7097.75054418367,7183.30117038776,7267.64406071429,7153.77947040816,7206.78117040816,7191.39493594898,7288.62948186735,7329.15229615306,7498.82577265306,7551.23450265306,7560.01663795919,7349.06897755102,7391.47302326531,7324.16979285714,7221.64928081633,7499.04693706123,7357.65433510204,7315.16101693878,7538.05206918368,7427.8977772449,7476.48330428572,7508.99491734694,7526.45559326531,7623.92627139796,7685.45141877551,7585.71919102041,7562.72792602041,7405.59970102041,7450.80232642857,7307.20128979592,7303.84527142857,7295.46679102041,7401.38616714286,7343.06007714286,7170.78455102041,7113.67430918367,7139.12560418367,7046.40911387755,7019.82002408163,7130.84512377551,7221.05784897959,7548.31755397959,7210.79721204082,7397.80238530612,7535.08687920408,7218.38223736735,7111.53297020408,7193.15948385714,7102.66166081633,7037.3124027551,7229.03160857143,7167.21497918367,7133.1035922449,7175.40507204082,7267.49629,7088.18671,7128.53250510204,7129.50064020408,7043.47857408164,7269.13514193878,7241.92655102041,7223.77748602041,7351.27119102041,7299.09516663265,7232.75611836735,7209.79650102041,7236.86640836735,7228.04718040816,7251.63170122449,7241.55604132653,7266.19085816327,7071.25105153061,7153.03109755102,7262.02723755102,7365.220175,7482.270185,7284.41857,7488.34506632653,7566.37263887755,7654.66841887755,7782.89632061225,7788.58515387755,7698.7625644898,7725.09893265306,7638.86465306122,7365.75396653061,7389.99684489796,7571.13960234694,7814.55862040816,7828.80893653061,7615.83415653061,7496.63957153061,7672.79238153061,7441.81764183674,7274.92047638776,7316.55531428572,7257.42382683674,7401.88949679592,7412.13649602041,7561.91964740816,7519.56046091837,7569.83361959184,7412.35785959184,7190.57553081633,7139.06427106123,7049.93055183674,7224.39665285714,7299.12256642857,7276.95633367347,7241.31479367347,7515.30122806123,7229.79348031633,7151.59179122449,7190.8111622449,7211.1438427551,7261.49036877551,7191.18299693878,7300.44329265306,7229.09222265306,7175.16891020408,7098.89416836735,7179.79028846939,7248.09337765306,7134.02319163265,7193.44376714286,7152.48725714286,7168.64243979592,7335.38302653061,7319.99985714286,7325.34831540817,7088.28960326531,7320.57664456122,7342.17851241837,7363.23287394898,7453.83372731633,7389.18278598979,7406.44849010204,7245.3109122449,7416.11453397959,7154.31653591837,7273.88569979592,7301.66672081633,7210.14691265306,7189.52414561224,7125.40226836735,7260.50312112245,7351.07620959184,7125.39928979592,7056.51428979592,6925.2099144898,6981.30123755102,7145.65851795918,7346.67786040816,7312.50504806122,7331.03378173469,7214.97115112245,7360.97955591837,7311.58977122449,7271.47677481633,7292.64429981633,7243.66659981633,7231.15437765306,7369.39472765306,7334.96612642857,7205.74402857143,7425.41901061224,7368.43057663265,7216.20764102041,7292.3571277551,7023.65686234694,7027.77824397959,7163.09476530612,7250.66500918368,7328.09780408163,7187.65461428572,7395.97546469388,7246.39047642857,7190.99195102041,7111.03633122449,7037.90609602041,7151.36242102041,7102.68858653061,7025.38028153061,7016.23205153061,6805.31688653061,7011.09874969388,6984.64340622449,7093.29124826531,7077.63851357143,7127.88781357143,7212.40238336735,7173.42403326531,7255.29159367347,7220.58609367347,7183.83713551021,7220.41561959184,7342.71769489796,7083.65979734694,7004.8134122449,6869.3555122449,6999.9384872449,7079.06131428572,6992.95633418368,7246.30844602041,7132.16812244898,7182.92441020408,7089.27967693878,7044.0381827551,6945.12162755102,7245.78994316327,7425.11999571429,7328.57917040816,7271.49177846939,7251.99958040817,7282.75092877551,7253.49998602041,7257.51643673469,7385.40677030612,7340.46220714286,7428.57423265306,7413.65817551021,7132.15611326531,7208.19514826531,7210.20455132653,7179.96601969388,7208.55724285714,7176.32354408164,7351.14075122449,7562.02446969388,7471.86614826531,7509.72920153061,7468.28915979592,7483.44815204082,7368.67127357143,7457.13975857143,7493.5821844898,7345.28051326531,7348.98880326531,7337.09392040817,7276.32272336735,7151.4402387551,7314.11856642857,7110.20527755102,7351.77078969388,7323.60784632653,7391.24943,7551.64177816326,7503.24942816326,7546.69977816327,7597.00863163265,7405.48202255102,7395.51937673469,7480.34641326531,7380.4820242449,7465.14381295918,7415.76578193878,7488.39218193877,7397.69239173469,7578.27872193878,7661.28900734694,7305.09223163265,7188.42735969388,7186.05689418367,7270.71027234694,7325.78502362245,7264.66894979592,7312.14923326531,7352.74765877551,7475.46200571429,7248.60134693878,7267.57693755102,7269.86817734694,7249.88500836735,7225.68109214285,7175.10553448979,7325.58611520408,7236.52669020408,7283.73410102041,7365.32004979592,7184.08451479592,7125.97380635714,7086.7923935,7217.60487367347,7079.65017367347,7056.42106602041,6904.69859061225,6930.14989979592,6889.56957642857,6996.20013642857,7117.579985,6974.37907420408,6853.59247132653,7023.96554091837,7007.69328081633,7032.70835336735,7351.67709255102,7409.38875461225,7530.72987581633,7567.29861581633,7538.87297530612,7563.95610234694,7627.89705234694,7438.79449816327,7539.35519857143,7418.67340112245,7594.95486,7443.23495979592,7185.14774977551,7257.99204242857,7240.37061367347,7175.11099142857,7263.17266020408,7501.20398163266,7616.0516077551,7382.71231632653,7298.51338214286,7321.01762908163,7293.7270317347,7252.84339673469,7392.23428153061,7473.56779030612,7404.36034030612,7477.51871428572,7510.00323766327,7524.06610520408,7732.6341172449,7560.98403469388,7702.42147183673,7567.82682744898,7480.68557744898,7559.02258959184,7513.54125459184,7497.70113959184,7434.81738959183,7264.8575877551,7346.60795,7213.67343265306,7121.61397653061,7080.07342653061,7421.83023653061,7591.07563653061,7508.54288010204,7378.50421510204,7332.75490510204,7435.47633795919,7641.51998204082,7817.64536183673,7714.21902806122,7546.04450959184,7557.9991272449,7463.86866112245,7318.31142265306,7457.55236316326,7389.07268040816,7724.62208734694,7520.63184357143,7569.43751540816,7494.45073897959,7349.01611061224,7463.61598479592,7303.24826479592,7225.91993979592,7268.98604479592,6836.74572683673,6941.07373010204,6919.57139112245,6991.15053612245,6986.20368612245,7134.53799683674,7032.39244181633,6992.4162855102,7010.0573805102,7006.75075030612,7147.11454755102,7269.77363214286,7290.47025,7338.63920204082,7416.13998163265,7218.32125265306,7477.99847142857,7272.71610816326,7233.56370551021,7014.10685357143,7065.66156234694,7154.42938010204,7078.90603469388,7215.58855816327,7070.32827061225,7128.4828172449,7037.85473857143,6804.49085938775,7017.1761122449,7037.70804173469,7167.98088346939,6939.13980540816,6995.0670544898,7206.69121714286,7169.18611702041,7242.76237714286,7137.61767663265,7067.49296244898,7019.5394244898,6999.55128877551,7165.10588755102,7377.51567040816,7386.96262571428,7399.62469897959,7590.89728897959,7293.22750112245,7257.18272897959,7348.56294,7350.09165765306,7364.09960755102,7327.88022928571,7295.93384102041,7293.61286010204,7104.59921846939,7152.03557030612,7123.22283673469,7146.05688489796,7216.62657826531,7159.09631479592,7200.32360979592,7469.44483897959,7134.82188367347,7114.74774244898,7133.49444908163,7111.08874081633,7078.14843581633,6859.68192333674,7006.40934183674,6997.94418183673,7055.16507244898,7032.08365612245,7166.83611091837,7096.93507397959,7116.98019897959,7112.64998530612,7229.63197142857,7063.18410204082,7106.30242520408,7109.50823367347,7090.37189755102,7113.84476632653,7058.21873459184,6894.46503877551,6791.59505020408,6988.61490020408,6871.93677959184,6967.86053336735,6941.15500102041,6916.55506326531,6981.95680428571,6941.4577077551,6983.69228561225,7230.1909305102,7102.40594642857,7172.97313418367,7144.65427918367,7171.15063265306,6856.74953322449,6910.86255714286,6935.14573977551,6894.87027265306,6908.35853346939,6908.8471694898,6891.68923806122,6894.12007612245,6965.33797612245,6956.09169785714,6948.41091295918,7067.17137188775,7225.76961959184,7336.65231959184,7225.41457938775,7418.53906061224,7460.90767367347,7352.65775857143,7657.88817979592,7633.79035897959,7616.39377979592,7554.48685663265,7611.25893561225,7600.94756222449,7507.73888938776,7413.26383214286,7370.5337472449,7318.02801030612,7189.83568744898,7388.35939387755,7219.58392061225,7338.31502795918,7218.00592591837,7305.06709591837,7273.82683642857,7326.00778765306,7240.84144632653,7148.86828765306,7119.62552755102,7173.23624081633,7193.12536704082,7171.60817408163,7278.86848806122,7202.82200918367,7238.0252777551,6977.21518081633,7014.7513605102,7072.05911602041,7009.04334795918,7112.93030387755,7064.51229795919,7383.8741327551,7336.09333581633,7269.55926163265,7225.57904081633,7310.71865438776,7289.13784918367,7171.0071577551,7075.98254897959,7277.72635510204,7278.15618622449,7241.4194405102,7170.13788857143,7167.77740102041,7188.48708367347,7373.6537122449,7280.2113022449,7338.65121352041,7234.27179852041,7227.16070056123,7120.82161204082,7245.92918377551,7281.90763295918,7168.37957040816,7130.34963673469,7121.07534367347,7309.39242836735,7159.93247714286,7372.72160285714,7209.47783673469,7186.9092344898,7146.03372244898,7051.11450908163,7070.06280908164,7027.58580367347,7007.26835010204,6903.57235867347,7083.88997132653,7036.64307010204,7059.87275010204,6887.9153844898,6916.32126510205,6969.42303367347,7016.73973367347,7010.75853959184,7032.43558591837,6994.16373061225,7163.01172020408,7206.94058561225,7247.25050561225,7073.72404035714,7233.14830816327,7181.6479122449,7279.85057244898,7379.48916632653,7249.57934857143,7212.30967081633,7266.75937265306,7237.57210657143,7269.98788795919,7241.45584642857,7427.08171841837,7470.07813112245,7485.89972826531,7453.12310918367,7442.00665102041,7349.22095561225,7094.093735,6990.89749765306,7040.00913265306,7155.59196377551,7213.71506489796,7290.31337489796,7116.94788989796,7095.50878520408,7154.26828897959,7145.96172816327,6955.80370469388,7171.58353112245,7106.57643387755,7119.0689182653,7265.67486061224,7056.8266077551,7226.1545677551,7137.2298727551,7141.87981418367,7164.65950673469,7291.6356167347,7390.01070102041,7330.5278405102,7224.48156673469,7192.02694326531,7246.77350714286,7340.34584306122,7249.9146555102,7518.980925,7405.9527972449,7504.02776244898,7379.51963161224,7096.05859193877,7160.712935,7161.1603672449,7027.28894367347,7100.98000377551,7088.61589387755,7329.5351255102,7286.86966979592,7272.54275367347,7317.51302244898,7450.79365204082,7594.09791142857,7360.56474122449,7369.43987795919,7506.01339734694,7487.23822857143,7170.94447683674,7061.04058040816,7257.36328,7234.21034857143,7200.74737030612,7236.84461071429,7367.80007234694,7362.04595561225,7308.49079316327,7292.07336816327,7474.60199545918,7464.85646647959,7502.71851489796,7624.66379265306,7392.00569265306,7398.02688877551,7253.51008020408,7193.6696122449,7303.07318979592,7325.35488846939,7542.05189387755,7445.73257346939,7406.93846346939,7556.2721777551,7294.3841777551,7293.86610897959,7283.52353877551,7227.84740806122,7159.89427989796,7348.10053357143,7215.15538295918,7166.91577326531,7107.21382428571,7305.68585622449,7324.37922244898,7302.67602551021,7058.12962857143,7216.65330816327,7262.07098061225,7168.9704094898,7171.66069836735,7202.84198153061,7163.59652877551,7443.60913806122,7355.03630173469,7317.46733753061,7249.21684253061,7213.54830897959,7089.43296346939,7030.80019887755,7106.21935204082,7058.10950204082,7056.205345,6997.83537642857,6981.44651857143,6995.60632367347,7123.76799408163,6986.54086857143,7056.98543714286,6985.73107857143,7070.02957489796,7079.48110040816,7193.65255142857,7082.52009795918,7189.13482979592,7092.24094326531,7251.74380734694,7171.65887234694,7079.69709377551,7078.33200561225,6965.11174459184,7087.76983959184,6997.72468673469,7012.22205918368,7149.25767418368,7146.48338112245,7135.92535918368,7131.1086367347,7084.53358265306,6983.33602265306,6987.48365510204,6978.17598010204,7095.578885,7229.71692091837,7154.00752959184,7031.18737510204,7045.87183571429,7144.10953571429,7102.45564683674,7000.95404883673,6950.74738489796,6905.760305,6999.66072204082,7029.28811214286,7001.4096494898,7468.98108193877,7428.0040105102,7371.22199408163,7387.64185897959,7312.43501326531,7119.60516122449,7210.66045265306,7260.10844714286,7115.60627836735,7175.89299765306,7187.53629183674,7304.69262836735,7220.16723387755,7168.6496272449,7241.89583387755,7228.21501469388,7428.5944377551,7465.98201591837,7401.05144510204,7462.51917142857,7615.27046897959,7681.02358734694,7718.54400102041,7582.66081387755,7584.23564051021,7619.77855938776,7563.56345816326,7355.30566867347,7302.11492622449,7218.63236357143,7102.02969306123,7107.70929306123,7037.06931387755,7194.15757142857,7235.03461530612,7167.53715142857,7124.52575857143,7122.73649438776,7167.30659530612,7195.48735530612,7281.34398408164,7127.97744867347,7254.45911622449,7209.82945989796,7069.97503457143,7040.31967857143,7129.65618785715,7126.53410285715,7361.54151969388,7356.35720306123,7196.23610663266,6945.55545469388,6845.00197004082,7239.82680204082,7319.72185704082,7197.18896122449,7206.27646122449,7257.10703969388,7226.06488244898,7314.44105816327,7273.31893265306,7312.17424653062,7388.42064171429,7264.60953591837,7063.52663363265,7418.82674081632,7400.82790836735,7533.29395742857,7372.14661632653,7314.47072612245,7082.27884520408,7161.67696301021,7062.17704622449,7065.0153744898,6992.11180204082,6950.29214265306,6994.58279285714,7042.24429183674,7301.35925397959,7400.2913689796,7180.46542897959,7181.25377653061,7270.49378571429,7382.52375367347,7142.86260112245,7111.50533081633,7145.50675231633,7141.70108081633,7258.74279244898,7243.67484938775,7028.26187938776,7067.58935897959,7141.15583214286,7259.32243571429,7108.21204489796,7187.4363957551,7201.2984022449,7088.36185085714,7221.42524795918,7176.73708571429,7244.90879061224,7235.97225841837,7127.94262061224,7145.3504022449,7367.3254755102,7163.6498105102,7079.50359387755,7020.47907551021,7158.13798877551,7091.41831846939,6933.8923377551,6924.79332683674,6864.6986227551,6921.64625540816,6882.9123544898,7118.35556204082,7220.27074887755,7367.78573877551,7289.95244581633,7206.63396897959,7267.13730520408,7326.94875316327,7209.01948469388,7179.46080204082,7080.80490755102,7073.50530428571,7148.97450346939,7070.20654846939,7062.75164795918,7165.23145561225,7273.41352091837,7205.98849877551,7379.62773204082,7423.81265183673,7404.55257622449,6988.72881204081,7041.60354867347,7085.10987510204,7030.96427622449,6948.34252010204,7009.39964081633,7097.53256959184,7098.18693857143,7149.53222867347,7100.59590612245,7226.8132377551,7010.94618561225,7248.05004979592,7303.25486979592,7332.24216591837,7255.08628387755,7228.58566795918,7119.66293602041,7180.86127346939,7302.38180846939,7199.53393091837,7146.804785,7229.40748877551,7289.66152193878,7220.19961163265,7216.96948102041,7061.33451836735,7024.05096836735,7028.85903714286,7065.44919020408,7176.17755,7243.80480408163,7023.85250510204,6975.42375255102,7165.47737632653,6915.78785632653,6829.3259427551,7038.0077177551,7016.14015673469,7224.66053544898,6956.02281204082,6887.1547944898,6984.31517428571,6946.31778387755,7048.24465714286,7157.83642536735,7124.54409,7241.03411102041,7453.78524442857,7374.52883938776,7086.45596479592,7185.9275772449,7299.42692367347,7280.01972979592,7365.15876479592,7098.00151265306,7198.27588877551,7303.26932826531,7268.12530408163,7263.64454428572,7394.07661377551,7202.46943583673,7212.40348583674,7301.98686083673,7442.82171346939,7448.7501522449,7285.37063244898,7294.35375122449,7128.63000122449,7239.21656122449,7295.57234408164,7122.13025408164,7032.2814622449,7325.60700071429,7533.58316020408,7486.47959306122,7507.89716397959,7403.59015928571,7445.16071081633,7344.93239040816,7340.78816418368,7318.74211673469,6991.94927012245,6922.15295204082,7085.99974193878,7168.20688857143,7201.35406306123,7275.65724010204,7407.1356,7386.74822591837,7068.10513908163,7050.43256775511,7327.86935289796,7258.72799234694,7082.60132091837,7092.74652316326,7014.16631306122,7272.25426306123,7253.07241867347,7131.3451522449,7269.37540571429,7649.33998663266,7389.73044979592,7161.34572040817,7087.0808244898,7070.05043265306,7237.42242,7348.21282081633,7488.78141428572,7353.58803540817,7411.54635247959,7205.09386734694,7281.36173836735,7396.66886836735,7205.13463061225,7223.73357571429,7025.85550285714,6889.37038602041,7153.94503071429,6994.1150055102,7061.63437244898,7088.4416844898,7192.80638214286,7040.42315530612,7007.38862346939,7154.89201346939,7269.76949612245,7276.32781255102,7356.1582727551,7479.99142326531,7523.3710222449,7465.65495346939,7546.91601796939,7405.86080487755,7431.34772918367,7447.48806387755,7175.63148918367,7090.96308857143,6973.01979081633,7000.59997061225,7053.3470327551,6978.9787877551,7012.82571428571,7119.76249591837,7129.27592438776,7155.56316938776,7275.08973367347,7326.27727438776,7235.92124591837,7213.42596020408,7362.80807867347,7201.87194671429,7396.17132540816,7409.82909540816,7555.55715326531,7598.2851672449,7703.00745306122,7558.90726387755,7479.3450122449,7467.84705816327,7570.7719477551,7396.80686163265,7479.13641063265,7685.03591836735,7340.87785428572,7420.57203428571,7367.24913428572,7163.45570142858,7052.11638622449,7348.90185020408,7346.59918520408,7296.43429520408,7367.06643020408,7363.03113020408,7243.45539632653,7148.44302867347,7272.58438857143,7099.56387857143,7177.78219357143,7419.83234857143,7304.58796571429,7391.87547755102,7410.47238591837,7467.04783489796,7493.82780489796,7475.59778918367,7273.26760520408,7385.05946530612,7162.3392027551,7168.3100127551,7282.1085077551,7279.02777387755,7298.48283387755,7444.82483102041,7285.36898102041,7573.49940285714,7439.57737030612,7520.35724828571,7370.89796380612,7452.12975430612,7518.97781459184,7415.61867551021,7118.05769051021,7246.01738926531,6921.95005336735,6943.28040112245,7005.61032989796,6936.51955673469,6774.66122545918,6939.71715591837,6881.18760918367,6881.09971959184,7083.94186989796,7150.40511989796,6958.43737857143,6863.78014989796,6930.58200193878,7015.55116336735,6823.81083836735,6885.49297459184,7070.30177357143,6965.42372959184,7054.19467163265,7232.85436928571,7630.67810877551,7606.82873816327,7661.81388836735,7565.13743020408,7715.28993897959,7532.14693040816,7319.63327,7480.46259816327,7344.29479316327,7492.47096816326,7349.28776387755,7286.35915387755,7267.48605387755,7352.88248530612,7276.76933530612,7248.11753163265,7412.64375163265,7288.95066826531,7228.83082928571,7311.55742928571,7291.56959826531,7253.45012214286,7336.518985,7055.1102944898,7097.61801530613,6951.77018469388,7242.06253816327,7193.8416922449,7215.9645522449,7481.17257709184,7478.50994469388,7243.85122102041,7249.04055428571,7278.85892510204,7109.43584479592,7097.46543132653,7268.06339510204,7248.98587204082,7315.31046928572,7238.40035867347,7174.0492372449,7263.75867428572,7313.886355,7361.3781927551,7583.55096387755,7491.23566734694,7449.69279183674,7098.67839540816,7238.71447540816,7402.3502272449,7389.45531122449,7013.87570397959,7025.31326397959,7016.08452918367,6991.75903061224,7182.74658061225,7200.76805816327,7195.66592510204,7120.94115918367,7361.6678827551,7270.52869265306,7377.15852204082,7295.99157836735,7089.51511489796,7478.56484285714,7490.06756816327,7381.7443227551,7348.82667316327,7423.90599622449,7424.28188469388,7549.88935244898,7548.91463612245,7397.04254602041,7337.92998928572,7270.36270867347,7295.22985255102,7150.37538377551,7141.45765387755,7105.01994387755,7282.77774306122,7156.24077877551,7166.11324469388,7177.17335877551,7346.16182836735,7307.56648846939,7205.93775846939,7247.29071673469,7365.14395795919,7358.58449357143,7155.3679372449,7201.31991173469,7137.20710397959,7380.44609387755,7323.20202561225,7191.73325591837,7273.50473091837,7339.48175841837,7394.78508969388,7398.60356755102,7366.22763551021,7409.30011591837,7226.11508306122,7192.93978785714,7097.9292777551,7085.31838204082,7193.33423857143,7231.44486397959,7201.23182857143,7273.24953306123,7296.99793806122,7105.98630755102,7101.68694270408,7080.82998438776,7414.56849938776,7026.96104479592,7164.87858020408,7087.12326602041,7159.49584704082,6958.83935928571,6974.67081234694,7160.42654051021,7252.42284091837,7245.836875,7257.97407653061,7182.34569653061,7286.52364653061,7299.68032653061,7058.40853,7236.10061122449,7338.31104836734,7449.74948469388,7328.10486836735,7240.45572040816,7156.42643061225,7077.45817857143,7210.64490857143,7268.44818693877,7204.37774622449,7130.26117142857,7144.19193346939,7217.32043163265,7280.84629285714,7374.5342405102,7464.1672855102,7407.51093857143,7267.29203153061,7249.05465653061,7127.31960020408,7153.22030020408,7128.48762520408,7250.57907091837,7176.63028367347,7151.06060602041,7230.29664081633,7272.12974081633,7398.00485457143,7251.51149946939,7354.07551428572,7408.07959428571,7483.89933714286,7488.13162653061,7373.23460020408,7366.44689612245,7362.88511469388,7356.98999357143,7398.915215,7351.65510520408,7671.97681897959,7641.01877867347,7591.76354010204,7469.66641387755,7685.67598202041,7422.97966028571,7410.97515304082,7153.13018704082,7099.70588183673,6944.92443836735,7071.69338040816,7066.5821122449,7073.20974061225,7078.4300272449,7172.3155322449,7205.2843122449,7061.14391408163,7242.22944061224,7183.49222683674,7184.67893367347,7306.79305367347,7331.08733908163,7139.52885755102,7318.26128244898,7127.83211510204,7313.47798602041,7292.42961,7440.90479204082,7399.88957367347,7379.61610510204,7478.9337077551,7494.99991693877,7545.81597734694,7470.64981214286,7426.2982117347,7499.3027994898,7572.75940785714,7524.34771071429,7674.84612357143,7728.92053377551,7762.77815877551,7651.90547653061,7832.17061653061,7721.48877653061,7394.67108989796,7427.12837438776,7440.856825,7383.54086994898,7366.70497382653,7336.20361836735,7454.77027836735,7500.84751816326,7376.7053677551,7391.73582840816,7456.03648642857,7426.03090183674,7478.55365326531,7426.49258877551,7398.48929163266,7419.98505914286,7488.17682479592,7503.5861622449,7506.74135489796,7414.93977653061,7296.15844826531,7367.59952346939,7483.22873979592,7187.30159803061,7177.74884803061,7141.57406803061,7281.53337782653,7301.65454132653,7471.49476602041,7502.86808163265,7475.07102653061,7393.13091222449,7481.71991010204,7614.84570428571,7402.30029428571,7354.08565428571,7537.16249469388,7767.52024010204,7597.59625408163,7620.33232408163,7633.29610408163,7474.45087520408,7330.94711040816,7126.25427928571,7175.43576909184,7149.12417142857,7241.34716734694,7256.72404979592,7451.10626632653,7308.9033777551,7270.11077081633,7252.55772346939,7199.52670602041,7292.89342346939,7234.65536969388,7165.15760081633,7348.82257367347,7143.65202673469,7102.59674173469,7184.77916928571,7348.57374530612,6985.95564530612,7207.36029530612,7246.82332030612,7227.18229581633,7147.70742081633,7033.26194867347,7068.72940540817,6944.56673744898,6912.57296338775,7363.03702836735,7318.46634428571,7382.90555959184,7432.11300106122,7487.96963606122,7491.74382581633,7571.36592581633,7499.40051061225,7423.02064010204,7581.68035081633,7734.39504918367,7619.39702816326,7620.72649244898,7541.78999244898,7604.41478332653,7524.96708295918,7470.70950510204,7273.91297510204,7244.833945,7202.78659591837,7264.22178091837,7461.44078836735,7388.55544867347,7478.39139795919,7457.52468816327,7518.70090816327,7564.90019030613,7564.37694591837,7583.548845,7418.91583877551,7441.7532867347,7335.43368163265,7254.5738777551,7208.59143428572,7212.29160306123,7051.25088510204,7275.42288877551,7335.95296877551,7455.42751877551,7599.34489551021,7436.14060459184,7437.06727918367,7218.44353836735,7404.70745326531,7177.15234061225,7357.76180459184,7445.25686326531,7397.60263051021,7334.72325295918,7156.80028693878,7245.05843367347,7310.59721734694,7290.97772887755,7564.63148571429,7429.19500183674,7346.79410683673,7341.15658265306,7228.61374071429,7121.36881293673,7196.07051489796,7184.16552418367,7448.46036479592,7291.71977836735,7363.31617530612,7338.75666004082,7412.05085632653,7411.92711938775,7546.60735744898,7710.02350377551,7866.62019163265,7731.11177438776,7707.28094459184,7536.31876969388,7685.88692979592,7440.26870132653,7361.58991295919,7521.79144469388,7446.26019367347,7575.14879438775,7580.991525,7688.55859122449,7647.98635416327,7571.25691587755,7647.46725714286,7659.29277040816,7660.99507326531,7516.43069632653,7563.89841632653,7498.78392887755,7462.9085622449,7144.62707571429,7194.69372673469,7209.76116816326,7097.40823265306,7064.66266142857,7301.29836959184,7159.51004122449,7263.48744244898,7126.2628144898,6990.66332489796,7108.09430663265,6936.91547408163,6993.20508928572,7108.35807591837,7051.34043040816,7002.5639544898,7282.34362326531,7300.32135632653,7279.96024591837,7374.85357602041,7140.86639795918,7192.41120959184,7078.46820826531,7416.89290693877,7309.54039040816,7333.83846714286,7344.15071816327,7448.50038744898,7560.63023030613,7223.64790530612,7205.55381193878,7249.65024663265,7248.45682714286,7318.77625693878,6996.99264816327,6911.11915489796,7172.73997091837,7230.98885591837,7237.70420612245,7271.86528693878,7198.81588295918,7423.93093,7413.89801887755,7435.82849887755,7377.01844826531,7449.26397255102,7264.8770072449,7400.70984387755,7358.41335387755,7384.42080336735,7353.70197836735,7246.83746020408,7197.17288959184,7317.81032081633,7315.06221693878,7286.76405693878,7496.06552346939,7592.24692346939,7442.8581327551,7516.03892857143,7600.97414846939,7303.32831071429,7240.41092306122,7487.66255755102,7526.07373255102,7637.58203755102,7503.11916755102,7303.08632285714,7412.11946836735,7351.65434714286,7238.29720816327,7284.42782051021,7266.3956205102,7102.99065408163,7310.30938622449,7404.11888785715,7260.85167204082,7406.97185102041,7374.24386938775,7402.96287142857,7341.13439346939,7276.75791642857,7073.44757704082,7179.49165540816,7484.75033704082,7425.57304132653,7365.24822408163,7314.25950785714,7351.34911163265,7395.04373183673,7655.40238816327,7429.37098142857,7531.25190867347,7357.77973540817,7254.51294857143,7576.91308061225,7239.90346061225,7249.28929571428,7251.76379877551,7466.35415102041,7386.26908193878,7140.54182132653,7258.76348836735,7245.93420714286,7013.17685377551,7018.76834081633,7172.77611734694,7216.78243887755,7172.67054153061,7052.76868632653,6938.10478857143,7138.77115459184,7143.10386459184,7001.06283642857,7022.45928622449,7104.79784540816,7073.22600234694,7445.62568306122,7553.30163693878,7697.63678693878,7587.20103193878,7637.46024357143,7640.65306438775,6888.64754326531,7043.70969663266,7273.05718387755,7283.3045522449,7355.94514979592,7247.57659428571,7160.53521428572,7083.27663142857,6974.20464051021,6916.32143979592,6993.46714714286,7026.10213346939,7258.0219217347,7490.15688522449,7441.02453765306,7494.94939836735,7559.61142102041,7372.47548428571,7421.18464141837,7467.82896192857,7342.05945284694,7363.69770243878,7283.19836040816,7379.55516008163,7315.23346887755,7235.0199877551,7236.75465204082,7239.53067112245,7581.21787244898,7475.5221267347,7240.47541357143,7301.62918826531,7306.38339704082,7449.08786530612,7435.23751765306,7539.92556459184,7517.05702867347,7436.66561806123,7339.08516836735,7290.36848408163,7247.92747459184,7380.84679897959,7557.13837304082,7587.28323953061,7498.37690085714,7502.2883224898,7589.54956928571,7575.71806928571,7621.32303530612,7523.25345571429,7448.26392653061,7348.42186367347,7383.71591714286,7354.07041183674,7313.38015653061,7183.40470173469,7224.52993234694,7400.25828214286,7364.25957346939,7223.41065336735,7319.21128530612,7170.99457204082,7318.12129591837,7183.95525306122,7386.35884265306,7182.45982714286,7164.92749908163,7201.23663122449,7205.78429387755,7262.21634591837,7200.92145367347,7189.39183857143,7289.99382142857,7352.56262663265,7473.29557438775,7305.75355836735,7338.70502428571,7403.63410959184,7380.3877577551,7299.94218520408,7581.73857704082,7444.128955,7338.32277102041,7387.9725327551,7140.04029857143,7116.9359122449,7123.58731745919,7168.06067897959,7159.72231938776,7018.71835510204,7411.52750714286,7305.19912342857,7249.15627969388,7119.41519551021,7302.91322857143,7063.41354571429,7181.61268755102,7388.29859836735,7438.32509510204,7226.99187122449,7101.17805469388,7012.32926357143,7204.76621795918,7313.79139591837,7418.21140653061,7396.42864285714,7450.52143316327,7395.06771785715,7390.74320510204,7584.98091938776,7280.03275816327,7269.77823693877,7277.05026632653,7241.43716938776,7173.21764591837,7213.62666020408,7300.39634316326,7188.12291673469,7310.28564581633,7285.00758387755,7076.2718244898,7051.04111428571,7099.33396722449,7032.41909489796,7203.74659367347,7285.72369714286,7075.97111714286,7009.17853704082,6974.1925927551,7038.69721591837,7028.16421765306,7026.62169351021,6980.508645,7054.42659432653,7084.8556855102,7121.1631717347,7077.92987142857,7126.39798326531,7021.36521765306,6895.34905561225,6946.64433714286,7003.4120322449,6989.27243265306,7188.42607867347,7217.4084127551,7243.7301127551,7118.92271693878,7273.33764897959,7215.13577591837,7207.85353367347,7300.09772857143,7273.76062918367,7450.00383693878,7746.14477255102,7537.82923285715,7547.77827112245,7580.10570459184,7529.35415704082,7423.01601010204,7408.34737102041,7439.05206040816,7364.26207612245,7256.04062612245,7273.01179489796,7339.36639464286,7424.15976714286,7269.02663583674,7280.49638583673,7539.68167136735,7558.47155136735,7472.59413636735,7418.53249857143,7554.374337,7499.91482179592,7480.74223679592,7201.13503673469,7247.01269173469,7192.44168204082,7198.71588357143,7013.29253357143,7057.58268836735,6928.46946020408,6992.51237755102,7053.94449397959,7056.47245102041,7115.30774479592,7253.79942326531,7168.43020561224,7099.88490408163,7116.19258969388,7253.81623030612,7265.59401530612,7418.63357285715,7335.3984377551,7131.70942408164,7398.17795714286,7327.89624489796,7228.49696489796,7226.51462489796,7231.52113265306,7289.47122561225,7151.70419061224,7188.59261785715,7032.57230183674,7124.34627755102,7128.77459918368,7151.08474642857,7046.71927785715,6978.30644285714,6969.61983142857,6999.66530316326,6987.90260816326,7136.01328061224,7166.76317040816,7196.76867040817,7181.15970040817,7013.58210173469,7070.07757979592,7193.90300357143,7312.34180765306,7294.04850326531,7349.27947571429,7537.33018795919,7682.71639510204,7363.26005816327,7276.92105938776,7486.92479510204,7467.04802918368,7295.30760418367,7318.62566591837,7457.24373214286,7633.54548612245,7576.08578612245,7265.89209877551,7301.8983955102,7389.13502826531,7399.70856979592,7431.73021979592,7426.95225326531,7283.59080326531,7235.24118969388,7230.81014469388,7186.19800714286,7232.57364489796,7191.88583061224,7300.59772653061,7331.2737644898,7147.69432367347,7133.59667127551,7260.22838765306,7114.91738867347,7130.00000306122,6858.8841439796,6964.58015302041,7015.61548122449,7261.98567020408,7105.27554030612,7006.81639602041,7021.01041867347,6910.74325867347,7039.56088612245,7210.25533816327,6949.21506938776,6928.25817367347,6888.85769632653,6956.50639377551,7037.19364877551,7170.23779834694,7258.75216395918,7267.26035,7302.18079142857,7263.73877857143,7217.29387755102,7263.49192755102,7257.82393510204,7432.83893510204,7342.84695408163,7257.8513482653,7308.32853163265,7315.20249704082,7358.03255591837,7215.91734244898,7395.05394214286,7150.38626877551,7304.77480714286,7240.68568061225,7239.66994591837,7095.56317493878,7078.56038571429,7288.91717795919,7191.45205102041,7150.77397581633,7425.6882082653,7233.22477061224,7094.60126591837,7351.36999775511,7358.1635414898,7126.62164234694,7226.80373234694,7126.94679010204,6978.40931091837,6863.77836469388,7220.1706172449,7091.96851918367,7256.12879857143,7259.31011561224,7337.44525448979,7482.08093387755,7323.42396918367,7589.19422591837,7546.50541091837,7525.57043826531,7496.08763323877,7423.18803795918,7413.31825591837,7485.52059765306,7324.48919622449,7313.99815,7443.56602836735,7426.34281112245,7390.60932418367,7464.57020336735,7422.4313455102,7525.55821897959,7335.69452586735,7075.53545704082,6912.02989204082,6822.87483622449,6826.85712622449,6845.61865020408,7076.66655571429,7218.50191697959,7005.2709160102,7116.95147030612,7199.04657030612,7237.68496051021,7276.36242102041,7383.58838020408,7365.8530577551,7536.7933577551,7469.07724189796,7312.71511836735,7306.79507938776,7342.44435244898,7299.02584744898,7467.78994081633,7456.41094418367,7522.988815,7343.64923846939,7403.68637346939,7326.53168469388,7539.25523265306,7340.74260255102,7344.72606357143,7277.18559346939,7172.93458877551,7123.80073163265,7006.49291418367,7051.98129867347,7078.94665510204,7180.46384897959,7138.83143897959,7113.93933816327,7077.68599193878,7050.56977867347,6934.7885367347,7158.88487020408,7187.76863979592,7285.58431122449,7152.54486071429,7126.20575285714,6989.12721969388,7025.52152112245,7076.19435612245,7338.2569544898,7542.56630714286,7426.19145265306,7584.31184795918,7487.79177795918,7490.83630306123,7608.17352306123,7692.34597877551,7530.43111020408,7345.01737020408,7316.70212622449,7210.87653857143,7046.56759785714,7153.23912163265,7035.64216989796,7062.42956469388,6965.55143265306,7063.28107142857,7060.33367234694,6985.93908612245,6824.43357469388,6894.91478816327,7223.81973397959,7190.25438142857,7414.00625836735,7175.89682836735,7134.34273979592,7063.81183979592,6958.20410306122,7105.32489122449,7065.42661622449,7087.08610020408,7156.37157520408,6991.64044408163,7130.34391367347,7127.41647418367,7147.58591346939,7097.86344061224,7393.2678377551,7204.35586336735,7250.20560387755,6958.57626040816,7371.17569397959,7332.12025642857,7279.17270591837,7164.23250428572,7168.49103030612,7361.39316755102,7228.72757081633,7245.67138857143,7382.81899602041,7132.84049153061,7279.5964972449,7443.10889081633,7481.75817469388,7402.29540306123,7249.74821632653,7147.25083877551,7161.15538877551,7167.98296642857,7007.62496459184,7019.77307051021,7185.04710051021,7270.96899653061,7426.0366927551,7569.8343377551,7428.53032714286,7429.23270214286,7482.47935714286,7384.69693234694,7435.67758102041,7529.71270714286,7519.11770816326,7512.42849653061,7599.70784530612,7675.73959930612,7570.00106173469,7632.51190979592,7398.99853244898,7324.19056428571,7157.30425336735,7246.31144326531,7299.15632408163,7258.49307408164,7353.10444408163,7348.53121673469,7383.93511408164,7399.04644979592,7411.68171418367,7566.04434214286,7454.23302693877,7771.97448693878,7693.95353061224,7548.68347163265,7583.35878530612,7872.64259836735,7825.68284469388,7792.89855714286,7389.76790618368,7593.38136510204,7378.42762271429,7288.62363387755,7440.51091795918,7457.95470959184,7134.6375122449,7026.46520408163,7118.6264867347,7099.12711173469,7013.56480928572,6949.03606591837,6892.4019539796,6994.68982591837,7043.37777204082,7195.84450704082,7158.22602204082,7149.69786438775,7204.27673571428,7262.58203979592,7208.00890479592,7218.2844017347,7056.8387722449,7116.93322428572,7321.17860377551,7265.89092040816,7298.53083367347,7306.33508367347,7423.43722142857,7192.68115642857,7291.13463204082,7194.78533091837,7152.31940102041,7213.55864204082,7121.26666122449,6916.13205510204,7087.68165510204,7257.61124387756,7411.79068030613,7267.94693642857,7273.95518775511,7074.56808989796,7193.67488877551,7169.00608908163,7257.46081928572,7096.92039602041,7044.0155194898,7321.6869794898,7378.6177494898,7130.0527144898,7194.25586122449,7414.81315377551,7279.15543877551,7233.80775377551,7396.45268877551,7590.0666377551,7374.59273693878,7195.03335240816,7258.45732142857,7267.14153816327,7584.10120897959,7521.8199922449,7295.29796428571,7380.47686183674,7305.31749959184,7037.0079722449,7363.47769163265,7227.44972765306,7241.14036377551,7423.17030285714,7317.47194938776,7345.17319938776,7134.86027186735,7220.74091336735,7245.63256091837,7287.61033581633,7203.7090467347,7241.68618918368,7236.49726693878,7205.28817877551,7238.04983572449,7472.57199612245,7451.29302816327,7181.62714551021,6980.50429704082,7037.12643908163,7194.39681591837,7367.51455346939,7288.76349744898,7406.85829530612,7347.60685867347,7377.79415479592,7239.11365306122,7347.53170244898,7027.53121714286,6963.20332051021,7103.42226265306,6965.26658357143,7085.97436979592,7047.52825893878,7279.11272489796,7206.68377918367,7215.85909918367,7253.98570357143,7310.15483393878,7415.61531028571,7439.10247528571,7473.56690102041,7619.53225214286,7546.28250928571,7534.88426612245,7440.63863091837,7290.31330295918,7293.26384887755,7184.43207979592,7081.47140295918,7082.64795530612,7134.64548857143,7138.2419622449,7280.72994040817,7342.23624693878,7166.86803367347,7222.03909806123,7152.33067987755,7210.28118693878,7251.01023785714,7362.79623142857,7282.12777489796,7264.11765112245,7276.38141112245,7316.20461632653,7397.07532061225,7194.49865020408,7361.6288094898,7430.05534897959,7380.91509265306,7192.46979265306,7022.08903397959,7138.08435530612,7085.69833530612,7094.28718153061,7442.28035969388,7058.4897994898,7049.5180894898,7123.93371612245,6933.89795734694,6990.28959,7490.84902653061,7211.03525806123,7103.54608765306,7278.03450204082,7207.65421004082,7415.32176014286,7318.50117265306,7393.43118714286,7250.26448612245,7367.81727112245,7441.62955646939,7299.02916146939,7292.15215020408,7192.10273948979,7634.31504755102,7259.84369795918,7311.52616795918,7378.13193602041,7198.73080234694,7127.81294612245,7480.37049489796,7259.14346734694,7229.09458918367,7229.4391844898,7247.2651389796,7237.66187959184,7129.64837806123,7165.71472806123,7112.75729418367,7333.48472204082,7195.79524989796,7293.88599846939,7443.92768367347,7506.61761263265,7568.23442834694,7662.34720418367,7595.3050427551,7489.84307632653,7338.28035644286,7097.22844093265,7108.9916272449,7162.58364408163,7307.14873795918,7239.66416673469,7058.27000795919,7051.72237867347,6980.21705469388,7059.92130051021,7083.55429795918,7014.27848744898,7095.80900683674,7035.10991510204,7257.21732397959,7225.44736887755,7133.1116394898,7187.35186438776,7218.67644020408,7196.78212642857,7152.25091663265,7094.45084632653,7198.41484193878,7032.19642418367,7374.65729714286,7582.24245214286,7352.01326510204,7097.69727653061,7103.51492734694,7007.15861857143,6922.81216,6893.99219071429,6878.05658918367,6784.81863918367,6890.95041959184,7066.02001153061,7037.10082520408,6957.69669285714,7078.38103489796,7104.73326010204,7093.01461530612,7140.98462153061,7156.08234306122,7260.40272806123,7291.22790171633,7267.59162285714,7405.23636785714,7360.49672285714,7400.1586227551,7322.15290836735,7120.85034163265,6947.61406397959,7090.57140847959,7030.63799897959,7004.77511510204,7196.9748572449,7132.35310469388,7160.84829040817,7110.71819846939,7158.42221061225,7252.30125306123,7258.48359591837,7196.46550816327,7106.98673061225,7036.86037959184,7029.17432418367,7066.46486989796,7304.9548222449,7038.57194571429,7139.17033459184,7341.45469418367,7241.5039327551,7310.30167877551,7238.74290877551,7233.87510663265,7318.7929527551,7128.95443040816,7284.39831204082,7498.69571091837,7568.7945072449,7489.13978097959,7108.40789693878,7176.18698030612,7150.84405612245,7133.20056877551,7333.25822214286,7194.50562153061,7377.6496677551,7378.26155683673,7350.22070591837,7264.75399265306,7266.65085663265,7451.3954217551,7385.19748336735,7409.97568336735,7573.96856285715,7425.92489581633,7303.51298581632,7424.26210142857,7498.31688795918,7273.0844852551,7195.2033577551,7178.90239612245,7114.97079081633,7087.51446959184,7131.80716795919,6949.74686795919,7189.38758295918,7077.81438795918,7095.49453744898,6982.17597785714,6902.97785285714,6787.81905846939,6853.38741004082,7047.39528367347,6832.02806846939,6791.73042285714,6866.57610632653,6941.10540826531,6997.60187326531,6918.71866877551,6900.48142183673,6959.79331571429,7019.21512214286,7013.7555717347,7007.55726,7047.3024072449,7029.71247540816,6933.15787377551,6968.37188806123,7181.86578,7167.18022783673,7162.34110783673,7016.59594734694,7083.92062959184,7088.44020408163,6971.23344622449,6836.25496428572,6928.46820836735,6976.30542469388,6958.28230255102,7009.72015265306,6906.41047581633,7101.15253581633,6969.71193326531,7060.04796397959,7091.33037540816,7409.71618163265,7227.47566244898,7176.45249071428,7199.83819326531,7299.73601183674,7371.35059795919,7495.24598826531,7426.00614612245,7485.3715077551,7286.84557397959,7234.16804540816,7239.89354683674,7210.68006530612,7237.71538387755,7168.17998765306,7060.71713704082,7264.69115367347,7235.86877428572,7319.65277040817,7220.04600040816,7144.55147040816,7152.41438795918,7240.53788795918,7365.71502979592,7642.69309153061,7642.01849122449,7692.59795520408,7547.2714922449,7405.09423479592,7254.301455,7308.08648397959,7176.78895755102,7127.09690653061,7395.98471744898,7246.3244877551,7061.6087127551,7044.69330397959,7057.86301243877,7139.58885530612,7150.43796255102,7188.14124642857,7233.23860581633,7128.6347005102,7114.47254653061,7225.72061785714,7169.3684594898,7088.98886793878,7077.78862181633,7101.7301144898,7196.39952663265,7344.92548255102,7253.48258377551,7182.84585877551,7231.70660377551,6990.15438346939,7013.32731530612,7062.25903081633,7029.15529795919,7074.06659081633,7058.42986081633,7116.49090163265,6938.34466357143,7005.05404469388,6948.66641632653,6959.66598520408,6862.83243520408,7399.25932479592,7286.22830979592,7282.66361622449,7297.33843244898,7381.69461785714,7252.14938469388,7265.01166857143,7257.25337816327,7262.77835438775,7278.76011948979,7176.57091969388,7322.41363204082,7248.31565622449,6979.66329887755,7070.42248887755,7182.66089765306,6988.62779765306,6923.44160326531,7245.71157826531,7161.5916382653,7128.06373826531,7275.0752132653,7309.17764214286,7222.59603295918,7243.84894122449,7144.70095979592,7103.94214571429,7209.69211626531,7187.96854520408,7102.34433989796,7331.54873989796,7085.89722244898,7369.49098530612,7375.9676145102,7552.10274836735,7520.29370418367,7398.60218438775,7490.04211918367,7264.70451714286,7305.79244591837,7191.05527857143,7227.51997857143,7295.96890918368,7105.84659581633,7047.46274081633,7155.92829081633,7077.9009755102,7074.75123877551,6971.52374173469,7029.68693520408,7147.7594855102,7224.21023908163,7377.55216928571,7166.99608085714,7282.27707581633,7370.73646255102,7270.30786640816,7360.94283140816,7398.93439914286,7431.99739773469,7502.16527428572,7355.96859497959,7373.30405157143,7409.3128939796,7450.11889757143,7365.8790622449,7350.04164755102,7424.59884591837,7158.50320306123,7282.80400285714,7242.12748683674,7280.87077448979,7367.82049663265,7361.05102428572,7405.59281265306,7364.5879894898,7338.62184693878,7217.90194132653,7275.22811785714,7357.7439217347,7204.52550816327,7213.70194857143,7170.38581520408,6992.91341520408,7014.60890081633,7038.69760785714,7197.05628285714,7180.01205071429,7064.57447581633,7097.92366377551,7176.96259795918,7283.84132346939,7352.90406346939,7367.67169918368,7313.39995581633,7296.05269795918,7396.69407591837,7535.03649428572,7248.90314581633,7093.01750530612,7158.86684693878,7038.69798806123,7265.44636061224,7142.11674081633,7180.77502346939,7178.99473740816,7071.04325102041,7123.07130734694,7046.84559908163,6977.45161234694,7128.12748510204,7105.57630510204,7210.27318683673,7111.7191522449,7138.8761272449,7033.06626377551,7235.55976520408,7182.78052642857,7226.48165142857,7103.79449367347,7213.5635772449,7262.06770214286,7313.36050979592,7354.36841836735,7403.29453295919,7455.83087959184,7248.97858979592,7434.27633530612,7305.44546734694,7368.33670306122,7284.00311571429,7324.4035455102,6934.78272,6988.48795673469,7107.99549632653,7091.76997857143,7203.10089673469,7207.89308102041,7048.66072632653,7188.20440908163,7314.54464387755,7302.0683,7246.68711,7196.94028438776,7497.25139204082,7143.29075418368,7023.36428561225,7035.36376153061,7040.04392653061,7051.87587336735,7261.00674683673,7260.51047285714,7131.43689836735,7213.36029459183,7282.51860510204,7318.79308530612,7224.55606112245,7089.12383387755,6937.90198361224,7168.43372130612,7259.06479204082,7138.96581102041,7064.0396477551,7158.2468227551,7210.13842612245,7135.32412714286,7260.58722714286,7592.28140214286,7422.38637755102,7283.72080102041,7334.51061032653,7227.74385969388,7116.97142908163,7108.3307027551,7056.07426693878,7139.38628355102,7147.07594173469,7436.60507551021,7538.75489030612,7532.37107479592,7145.45925826531,7309.15095428571,7166.73434938776,7145.39278265306,7386.92802326531,7112.72350928571,6923.53467785714,7080.89457622449,7096.82670091837,7071.29653969388,7242.30426938776,7407.13185265306,7496.26060765306,7631.83334316326,7658.81829795918,7458.07378295918,7690.2153122449,7390.78833030612,7296.18070520408,7365.02985520408,7251.85544663265,7322.84408663265,7483.49561163265,7376.21192653061,7331.19594897959,7497.77940067347,7749.15884051021,7609.93479765306,7273.80596755102,7553.60384122449,7379.04251183674,7687.54322469388,7609.27523469388,7564.51613020408,7438.38927714286,7385.98294591837,7368.45335091837,7452.98397061225,7572.8054477551,7478.03125306122,7444.96045510204,7477.98502918367,7233.66160826531,7169.11932204082,7135.57190367347,7212.95546397959,7073.46703653061,7254.37372204082,7188.40022204082,7181.13597459184,7101.03041581633,7049.31029755102,6956.63185377551,7065.18427469388,7073.82300326531,7131.24405204082,7062.19175,7202.25807785714,7182.98482265306,7115.96422214286,7187.53868612245,7118.24816530612,7092.81720102041,7335.45683163265,7261.28029489796,7154.92150489796,7225.6239067347,7289.00372755102,7050.02541530612,7084.41184816326,7065.41480183674,7144.13873683674,7025.24659897959,7218.19064714286,7169.48058704082,7118.9780532653,7166.97676061225,7414.60799632653,7352.6873027551,7442.6831727551,7509.30572459184,7377.31622214286,7322.11441438776,7099.98818469388,7164.13790183674,6810.40964183674,7158.63437183674,7221.57595744898,7343.19085622449,7307.42599571429,7254.11803979592,7095.74063979592,7156.27428479592,7206.43085102041,7122.87727755102,7046.21677040816,7089.85605612245,7202.33700846939,7248.31596010204,7344.1063677551,7349.34716897959,7032.94480469388,6988.0434677551,7069.07680510204,7158.3041177551,7290.63779,7301.64199010204,7155.2279244898,7251.03561122449,7316.71888571429,7180.17293622449,7408.17135,7238.92619285714,7225.33711693877,7307.19860755102,7541.33228044898,7373.60455459184,7335.92887795918,7457.2524877551,7453.2322627551,7385.34036408164,7157.83443189796,7230.92658479592,7183.88072390816,7397.90668510204,7256.56954785715,7150.87901428572,7055.49184561225,7114.96595561225,7064.41160102041,7235.06461122449,7037.07312040816,7179.26462040816,7047.54698153061,7004.39095193878,6939.32484683674,7148.1683444898,7030.91210244898,6845.67884489796,7017.96892744898,6802.22305326531,6920.01896877551,7010.11567091837,6892.08203032653,6954.80495469388,6827.62618153061,6855.23444428572,7111.76422653061,7211.64483928572,7232.91687632653,7205.47626612245,7020.89936336735,6807.75991173469,7023.90344061225,7056.50130061225,7115.04956857143,7088.41450867347,7024.96690867347,7046.12871346939,7180.5147777551,7154.26988489796,7063.07058367347,7269.14104755102,7229.08124540816,7392.61653010204,7289.22172857143,7185.1837944898,7128.1218177551,7123.67729734694,7151.40917326531,7158.26549704082,7391.02453132653,7244.94246367347,7322.53674387755,7154.80120816326,7075.9764762653,7382.66584928571,7523.71877428572,7347.36060744898,7283.19920408163,7139.88463102041,7302.38667204082,7443.10153908163,7445.10006204081,7475.25901857143,7374.69341540816,7089.95097469388,6970.05527653061,7337.76824367347,7500.77697938775,7542.87592642857,7407.17322428572,7614.10477439796,7499.67747897959,7518.49719765306,7327.55076928571,7411.63776326531,7397.08986020408,7171.69831938776,7152.71701776531,6877.2474132653,6892.37430510204,6904.12565204082,7030.7584122449,7196.96107142857,7060.83746418368,7271.38552816327,7548.51691816327,7516.78480816327,7342.69686020408,7316.73753816327,7403.33483244898,7122.61685918368,7079.98993051021,7218.61968540816,7031.98402836735,7039.78204316327,7248.57258061225,7119.83630846939,7135.20216316327,7132.0476207551,7108.63998367347,7205.54718163266,6947.4627772449,7257.18357479592,7372.64968020408,7327.76421020408,7380.03397795918,7208.55243295918,7420.74093336735,7341.89470612245,7348.22195397959,7293.81956510204,7164.5723122449,7037.85751242857,7306.90242242857,7397.87826242857,7339.65736242857,7444.41020742857,7207.96778295918,7197.14408295918,7111.19948591837,7197.90013591837,7238.555835,7315.673885,7379.250705,7499.50100479592,7433.87691071429,7292.27704765306,7217.17751632653,7323.96777897959,7140.31421744898,7195.20472306122,7252.77348561225,7230.36990510204,7429.48341836735,7395.54914685714,7399.38523183673,7403.43168418367,7420.03647418368,7586.03303653061,7373.95168418367,7318.90863479592,7241.20999163265,7354.12329469388,7317.59658540817,6929.86009040816,7045.55409479592,6997.46725918367,6946.46606428572,7013.64000153062,6957.86804540817,7016.49576326531,6932.83627938776,6982.37770673469,6998.91095510204,7063.13783510204,7018.00032765306,6950.83214326531,7040.80056561225,7236.82993204082,7046.10285387755,7185.69039853061,7161.45059353061,7263.94144969388,7059.40278153062,7264.39416153061,7456.58859653061,7535.89543877551,7347.45069244898,7572.80147183673,7554.44402183673,7463.62022183674,7172.95741397959,7194.75086285714,7141.33539387755,7217.99678887755,7074.81140061224,7228.26976959184,7223.00771918368,7051.47972755102,7258.38728061225,7386.34545755102,7342.13090959184,7399.07352469388,7356.91385734694,7517.00890346939,7472.04193959184,7444.72518112245,7239.61066959184,7196.54067459183,7268.03808459184,7473.19624959184,7299.35373959184,7351.33080653061,7390.79419979592,7519.39752795918,7469.57337408163,7277.23856867347,7192.17948733673,7251.96321039796,7120.02858039796,7141.76177164286,7250.83456664286,7164.35445664286,7321.89098664286,7154.15131327551,7066.47770377551,7161.12349642857,7061.42972908163,7258.23352367347,7452.5692,7158.31085877551,7039.24808040816,7225.25356081633,7183.71496428571,7134.42062244898,7177.24809183673,7229.70097142857,7408.32370765306,7467.3021255102,7303.29742816326,7058.14094877551,7097.75450795918,7173.48931612245,7468.70010387755,7343.44601877551,7364.23137795919,7541.89807357143,7631.33293642857,7750.45629571429,7545.84740979592,7357.68408520408,7423.98193479592,7121.85117755102,7126.1073572449,7219.6763622449,7182.55264489796,7240.29223489796,7308.13373643878,7287.12613837755,7307.99311285714,7285.60776938776,7436.61590387755,7486.91238387755,7739.55119744898,7534.70700887755,7575.57049418367,7536.77428397959,7515.3703,7557.78877755102,7437.41667255102,7019.0844517347,7154.11891673469,7096.53299285714,7031.78027285714,7095.17611102041,7441.87025969388,7445.82995663265,7413.08524184694,7426.18629357143,7374.31391469388,7461.11943877551,7383.25406408163,7395.12225102041,7288.2907555102,7171.62473857143,7166.20154857143,7119.52697081633,7156.40675938776,7212.23424479592,7196.80004479592,7303.46489663265,7176.25696163265,7285.75486142857,7238.89758744898,7413.33494816326,7514.90060530612,7354.82630959184,7452.51240153061,7235.06209058163,7500.39217408163,7393.52450744898,7394.29595483673,7325.30046967347,7381.6132204898,7470.57398026939,7401.40169102041,7224.70325622449,7244.90341163265,7356.80533040816,7270.63744571428,7319.98477571429,7329.0912555102,7527.89816122449,7314.51116122449,7142.90143489796,7230.11150857143,7094.57831378163,7059.85451989796,6893.86643040816,7056.74161306123,7137.59924734694,7017.95849255102,7090.37085346939,7157.36953305102,7026.48778641837,7070.20588641837,7125.00082641837,7113.44872641837,7196.57613316327,7196.76590989796,7255.45459367347,7136.91431714286,7146.92109561225,7146.54859979592,7182.81038979592,7230.02384234694,7153.52258295918,7257.92339295918,7233.76906071429,7435.28534959184,7571.23269846939,7408.03794469388,7460.89653612245,7358.86722306122,7486.72670704082,7305.25466765306,7380.45217122449,7257.85544163265,7331.6857355102,7172.24309785714,7062.19930765306,6947.85717510204,6929.80118734694,7069.43002234694,7192.37171489796,7256.92851173469,7327.61611183673,7455.97689357143,7500.06459081633,7474.83571714286,7359.73366714286,7537.04491714286,7311.90125204082,7555.4715244898,7426.98079704082,7218.32192806122,7187.82476306122,7326.20036306123,7368.51802928572,7340.75977142857,7324.7124517347,7449.78353760204,7452.48504897959,7467.70095306122,7510.90150510204,7431.02816020408,7710.06839530612,7700.35733530612,7699.8946832653,7835.20025357143,7726.84066265306,7612.64813765306,7642.8496244898,7664.1212744898,7760.39817591837,7628.75301632653,7396.09113030612,7456.20436112245,7183.98925612245,7244.89739622449,7243.1994255102,7537.1008277551,7465.8101055102,7405.0735555102,7408.90472030612,7357.25158122449,7120.24411244898,7126.40984591837,6992.59346397959,7247.55245673469,7455.90352295918,7328.31704214286,7080.17403938776,7140.77175336735,7150.25175336735,6870.68628122449,6943.0749377551,7006.33176734694,7072.07811632653,7002.48000081633,7076.11160806122,7104.43796581633,6891.03373581633,7072.86809316327,7020.43529836735,7030.43182551021,6945.02025204082,7093.14182642857,7109.05322959184,7125.40233469388,6947.51380979592,7109.85402479592,7122.98496551021,7127.21637993878,7080.03046938776,7075.54175867347,6803.40089357143,6889.90593163266,6918.38335663265,6888.66510305102,7145.74907795918,7001.46322561225,6927.9694377551,7079.42850612245,6991.81561428572,7066.6896272449,6957.60413214286,6951.19828612245,7043.69565112245,6939.16382520408,6979.20210755102,7085.95561530612,6904.13935838776,6852.10510338776,7150.39191836735,6872.03376642858,7115.71657142857,7104.09697142857,7008.0648422449,7134.9772072449,7274.44770408163,6915.29147326531,6973.92812255102,7260.05595766327,7080.92869654082,7136.13839929592,7272.25892612245,7201.84938663265,7113.15493265306,7042.06191959184,7126.44401020408,7203.35271734694,7213.65836540816,7315.15047234694,7233.53037183674,7117.20717653062,6896.95212704082,6828.15531734694,6879.66782132653,6868.23749571429,7068.35739846939,7138.71576540816,7329.53958561224,7476.21954938776,7497.45705663265,7143.41238469388,7302.48883887755,7155.84655887755,7022.610725,7057.5600267347,6866.25600295918,6903.9300744898,7001.64048418367,6985.53990438776,7178.95880826531,7082.17904683674,7027.13368040816,7144.6371594898,6908.29180714286,7180.48792346939,7239.27412,7244.69294897959,7333.16188816327,7293.28705714286,7150.16154265306,6984.31419112245,7061.08118397959,7178.04278459184,7153.08186112245,7082.7963427551,7262.74118091837,7209.61647846939,7014.55053285714,7034.12294285714,7121.95157040816,7165.35581938776,7202.20642234694,7280.67833295919,7300.56048295919,7287.78808469388,7363.26504744898,7414.04952622449,7324.3308894898,7339.44068163265,7305.83378122449,7441.72326857143,7402.60851255102,7124.11653163265,7222.73378734694,7180.13098685714,7331.29828685714,7323.99055938776,7328.70784094898,7226.25811135714,7385.13678367347,7300.0209594898,7281.65455357143,7303.49158193878,7197.56919112245,7264.33577877551,7234.55806918367,7493.32071612245,7347.18919918367,7342.72346673469,7535.71951122449,7482.7559755102,7266.77958836735,7311.32845336735,7079.21569408163,7155.39576836735,7202.82114183674,7181.55267183674,7108.38982420408,7227.2772244898,7212.7058044898,7320.3936544898,7302.59101153061,7390.98953479592,7354.81034244898,7316.80731938776,7075.52973734694,6986.71176734694,6935.60105632653,6914.52829520306,6998.41098153061,7030.68325204082,7094.91087173469,7103.75275918368,7098.49369806122,6989.77222989796,7035.72940826531,7079.71875687755,7066.80401755102,7154.23740306122,7205.46129489796,7322.69347979592,7165.59078397959,7111.55073846939,7094.0555694898,7081.67653764286,7249.22156539796,7136.83489744898,7258.12688979592,7245.44571326531,7259.09099693878,7259.01656479592,7258.89052979592,7314.66354918368,7417.53732418368,7389.38174418367,7382.69294969388,7270.74318969388,7326.13205969388,7357.95305714286,7211.4795322449,7046.58067357143,7168.64663857143,7086.7025727551,7229.39626663266,7221.71477563265,7455.37892040816,7478.98711530612,7362.43569530612,7261.18614591837,7330.32652244898,7289.28485948979,7399.76253683674,7222.71616428572,7135.84840285715,7208.69812591837,7195.79799989796,7102.78952102041,7148.35252336735,7173.01388602041,7250.79947204082,7346.26842102041,7205.03227336735,7156.88948673469,7385.45817163265,7324.66896979592,7281.18445102041,7352.98704285714,7298.54553061225,7380.93550020408,7385.3719467347,7325.24391479592,7244.29730459184,7221.82238826531,7208.32859357143,7243.52355897959,7214.18685897959,7206.75062397959,7276.94461897959,7187.77754173469,7007.69417612245,7089.81800612245,7201.04405755102,7327.48237142857,7197.38491020408,7282.68557367347,7353.59721938776,7350.32496938776,7420.78492938776,7312.45046938776,7244.71981989796,7201.41804489796,7218.28274489796,7233.72645408163,7325.23328061225,7365.84077469388,7259.91019387755,7349.99053877551,7294.49693581633,6849.55278795918,6910.99475295918,7017.5161334796,7119.86068693878,7214.64633193878,7418.08713193878,7290.01001418368,7278.54652336735,7339.46625540816,7375.70787632653,7417.25636122449,7421.59217122449,7428.57508163265,7330.29809071429,7257.14252479592,7387.66529479592,7297.24146204082,7369.50365510204,7446.3364877551,7408.63402061225,7432.84438734694,7447.03846173469,7574.90930377551,7641.88123540816,7576.09126428571,7423.50203938775,7349.77001428571,7439.1764967347,7534.48898540816,7446.84959683674,7534.07214408163,7540.42471428572,7476.51471732653,7357.71495397959,7268.72073112245,7227.84920132653,7447.93077551021,7598.08082734694,7388.3535977551,7253.45259591837,7286.31786938776,7220.59365612245,7191.45696122449,7234.9936,7308.9926877551,7304.39692244898,7245.19161836735,7363.13850979592,7202.20650346939,7280.97452163266,7660.05036836735,7399.08590632653,7523.46751306122,7469.79863683673,7492.16830091837,7302.83848418367,7329.642945,7362.23213,7306.51245377551,7475.12760142857,7502.56475816326,7463.39249428571,7488.4165877551,7438.07043571428,7594.11818571429,7327.21167755102,7359.06457755102,7172.54357020408,7167.28915130612,7061.54096816326,7056.47160183673,7066.0251977551,6926.80875959184,7049.5053272449,6927.5458827551,6984.27813877551,7042.71860061225,7190.58531383674,7154.22327571429,7224.62157571429,7237.41187918368,7153.32205612245,7032.46347214286,7024.57830734694,6953.89499163265,6931.98456489796,6879.35154530612,7045.54770591837,6963.07482,7070.8496,7174.25229183674,6952.49199367347,6970.81772887755,7007.36674387755,7051.29790908163,7092.5017545102,7057.96304285715,7163.10895785714,7090.93251785714,7110.08540887755,7048.35679979592,7075.38726755102,7132.55677030612,7397.15906129796,7343.19048989796,7149.55926193877,7123.04946489796,7394.82579673469,7198.95759969388,6999.24102805612,7007.09904387755,7226.5393322449,7149.57717228571,7109.81292469388,7032.63051469388,7333.27033540816,7318.87421040816,7128.37917469388,7261.80642469388,7142.01756469388,7123.98949969388,6974.32157387755,7072.83615142857,7049.71381693877,7178.73898959184,7112.87406459184,7154.07664367347,7255.02134591837,6946.17522918367,7002.77420816327,7081.47719051021,7120.11105979592,7171.56122,7057.66414836735,7157.82083163265,7084.18429602041,7064.35633459184,7253.53312010204,7321.48514112245,7274.64494622449,7326.99196979592,7260.91873632653,7232.52770142857,7338.41020530612,7108.45141397959,7166.21498653061,7276.36318918367,7142.48215530612,7055.6432377551,7195.40597061224,7114.93967061225,6917.2559
697.142857142857,7674.12105714286,7537.13421428571,7811.85158571429,7743.66865,7541.1239,7544.98882928571,7473.15466214286,7825.17291928572,7677.84784071428,7670.73253357143,7802.27777928571,7711.76142785714,7468.56200071429,7413.19692928571,7562.9099,7205.85998928571,7237.14196428571,7264.65363285714,7347.38526214286,7317.08206964286,7458.24627357143,7494.35013571429,7514.49563,7425.72086,7407.38269428572,7337.30409,7274.3082,7252.85380714286,7362.83057314286,7499.03495071429,7440.73536428572,7425.14980642857,7108.99356071429,7126.239095,7172.174175,7070.23859071429,7327.272605,7363.86800714286,7462.47958571429,7507.74539714286,7631.28463428571,7603.39124857143,7508.12905571429,7529.10558571429,7646.61023357143,7372.08345857143,7129.07995,7235.40053071429,7160.12044285715,7177.47469428571,7193.08093928571,7214.43118928571,7197.36131428572,7257.95347428572,7236.98865,7309.08095714286,7225.56682857143,7349.86342142857,7526.66816428572,7540.78226428572,7478.01836428572,7695.64358428571,7650.40235,7742.14700571429,7664.63618285715,7591.51116428571,7655.63333428572,7592.20954071429,7534.55998071429,7596.69974642857,7738.47742142857,7673.77910578571,7619.85612642857,7669.43936,7649.07957857143,7336.24263714286,7531.49103142857,7571.95420285714,7511.407335,7528.96387285715,7763.96995428571,7590.49532428571,7479.42483142857,7535.05553785714,7564.24842642857,7606.94880714286,7550.70082285714,7410.91556571429,7555.33595571428,7392.76774857143,7294.15332857143,7154.58604142857,7243.144395,7263.91042885714,7353.63006142857,7358.68482142857,7243.12963571428,7387.16572142857,7328.38431214286,7388.74955714286,7343.81441071429,7226.67268071429,7378.40288214286,7381.34922142857,7431.61117142857,7560.006645,7500.534005,7531.60130714286,7528.34590428571,7496.27077142857,7473.55396857143,7644.34431857143,7611.50954857143,7776.05059714286,7735.57106785714,7608.47753857143,7550.529,7614.37309857143,7420.01827642857,7388.83678357143,7668.13041142857,7650.51691142857,7598.90489285714,7637.23452,7340.55302857143,7615.62792,7297.42517,7202.29039857143,7378.34624714285,7524.17184142857,7489.36376714286,7254.20252,7442.05534285714,7419.09329142857,7318.41101428572,7271.03689214286,7229.47118505714,7390.98783528572,7431.43458714286,7469.33586214286,7342.71292714286,7382.5292355,7335.00122142858,7383.37483571429,7301.81653571429,7384.19768571429,7336.85137714286,7236.10187285714,7149.83254428572,7528.23391571429,7570.34076,7477.749028,7641.63155,7632.62980714286,7599.42504214286,7538.12434714286,7470.368635,7659.89384285714,7672.93309214286,7437.71740285714,7395.84025285715,7558.16459214286,7599.56064214286,7612.54763214286,7605.85629214286,7711.88197714286,8038.02157428572,7926.15549857143,7989.09167714286,7728.68691114286,7729.30222928571,7722.98500714286,7697.44890785715,7533.78661428571,7510.94477928571,7548.43865928571,7485.54732857143,7476.90697928571,7688.61818785714,7721.11044285714,7555.54435071429,7292.00003571429,7476.73399928571,7323.68111785714,7462.38931571429,7710.15134357143,7689.59049928571,7718.97085785714,7638.27430357143,7752.72205571429,7661.21711071429,7711.20418071429,7814.39208,7709.45447857143,7786.59584071429,7853.00259642857,7634.80151142857,7673.29156,7555.70684285714,7468.14399142857,7751.39596857143,7591.10781928571,7409.25977142857,7421.11285285714,7415.92990642857,7341.20306357143,7334.36638571429,7321.08946428572,7244.11469571429,7220.1551,7225.27416428571,7292.12297142857,7396.28930714286,7522.82889071429,7397.538265,7278.51293571429,7350.52680714286,7595.111905,7342.97734785714,7443.978505,7364.88347857143,7410.83624928571,7335.08954714286,7465.89018142857,7469.66137642857,7446.51887792857,7465.36444221429,7459.3288065,7629.64100714286,7742.51804285714,7456.80407857143,7555.62095,7518.37356071429,7444.22839071429,7221.27828571429,7335.88382142857,7192.36485142857,7295.39740857143,7396.10638142858,7493.61801428572,7430.88943642858,7227.87792142857,7384.54160571429,7439.06758571429,7356.67238571429,7481.29025571429,7480.24428571429,7563.87673,7566.344315,7640.07194357143,7568.49261428572,7638.34907142857,7377.65776428572,7417.56651428572,7363.92106428572,7435.00111428572,7544.70614285714,7455.84529428571,7312.0081,7350.54005214286,7378.407845,7505.073745,7483.26557357143,7475.54590678571,7620.13525071429,7699.47095071429,7657.76926928572,7636.94362357143,7543.22571642857,7670.55857142857,7599.24822642857,7832.51826207143,7570.72948285714,7597.92537285714,7561.29707642857,7751.25577642857,7620.48687857143,7756.06297857143,7538.8514,7587.409665,7751.71189357143,7739.94730857143,7568.48507142857,7629.6784,7576.34170714286,7768.62483214285,7708.34371,7722.49281857143,7730.56048071429,7327.74113571429,7172.01606,7299.87971642857,7337.65950857143,7381.71729285714,7314.93920785714,7322.04058928572,7617.46999935714,7524.94248857143,7385.96104285715,7320.12852785714,7434.19536285714,7316.15617857143,7328.00955428571,7168.73620285714,7244.91013071429,7027.15166214286,7057.78541214286,7061.97895571429,7231.4171,7258.11127428572,7228.02444285715,7499.38030857143,7580.07478,7659.40782285715,7543.00741857143,7439.46329357143,7421.42055428572,7587.45852571429,7569.59847071429,7445.10063571429,7485.04104285714,7410.42559285714,7320.3271,7370.29624285715,7419.56759285714,7651.07997142857,7257.38283642857,7378.80114714286,7218.68010714286,7556.73523928571,7364.02235778572,7406.60310928571,7509.80578928572,7586.78535785715,7675.82439285714,7539.96263642857,7391.74221071429,7559.51910642857,7386.54196142857,7516.41549071429,7284.11642142857,7162.71998928572,7295.76027071428,7502.90291071429,7524.25292142857,7562.43826428572,7262.15865785714,7462.40034071429,7510.31949142857,7588.26981214286,7583.33317642857,7559.03416571429,7520.82059714286,7525.19679,7390.72103357143,7515.71559571429,7565.56284857143,7555.39554857143,7753.0794,7764.22896428571,7857.38253285714,7807.62752857143,7636.29853357143,7521.41763857143,7465.99116285715,7381.2664,7454.49750928571,7407.61775,7279.29564642857,7255.83875857143,7398.55063285714,7362.21289785714,7367.84856285714,7432.70800785714,7404.44714785714,7633.21469285714,7597.21938285714,7520.67753285714,7715.85551,7484.09925,7636.28122857143,7599.99867142857,7701.48240714286,7647.21517071429,7627.20355285714,7605.35792571429,7687.61796357143,7640.12589,7585.82230785714,7642.21263428571,7513.03958571428,7608.5084,7436.82330714286,7487.27031142857,7225.42822785714,7304.47428714286,7310.33109285714,7270.44781785714,7187.56652285714,7271.04270785714,7442.14926928571,7491.24975,7680.6762,7778.36244142857,7816.98309142857,7493.17740142857,7625.31644071429,7717.33399428571,7365.73201928572,7538.90228,7480.87943417857,7455.69864571429,7408.70971571429,7238.81753714286,7056.91871928571,7170.44887,7490.92111,7498.69928642857,7433.24324328572,7371.52676214286,7229.41027285714,7248.93846571429,7227.28573571429,7164.22121428572,7146.244965,7363.93437142857,7379.84974928572,7474.71004285714,7672.62556428572,7674.63572928571,7533.57937585714,7667.63896357143,7469.09177142857,7641.42585,7586.17765857143,7715.23304285714,7522.86419285715,7476.32969285715,7671.4401,7622.25396,7827.07164285714,7667.63638928572,7520.9745,7475.9118,7497.52385714286,7411.39737857143,7529.53448921429,7630.66015714286,7764.56815714286,7692.61928571429,7498.93948428571,7497.584,7758.35843571429,7511.95911428572,7623.45494285714,7504.181225,7354.59950642857,7542.97885714286,7591.21363285714,7649.61976285714,7613.58788571429,7681.54041571429,7755.30955780714,7657.88629642857,7649.16653285714,7601.74758428571,7605.25734,7699.19569214286,7587.13410071429,7459.69134285714,7439.80335285714,7327.22001214286,7268.78399664286,7330.07306928571,7342.22714285714,7245.03008571429,7088.73407357143,7163.06424928571,6981.31943928572,7131.47692857143,7131.09625714286,7229.15824,7252.50901785714,7561.19250785714,7617.46303714286,7560.82145428572,7562.30801857143,7509.96844714286,7505.83188285714,7596.45344142857,7517.31757642857,7444.11442071429,7567.90947142857,7690.17590714286,7667.60414285715,7522.79491357143,7519.27738357143,7449.09068357143,7500.76400357143,7483.96310357143,7466.99334857143,7506.26718571429,7464.76718071429,7469.43855857143,7418.84798714286,7485.11264642857,7441.36677428572,7564.95099285715,7467.31309285715,7604.13093285715,7304.84208214286,7585.79613864286,7481.82357714286,7457.31555714286,7344.69127142857,7507.25528642858,7458.73517071429,7517.91079071429,7508.95426857143,7454.02465071429,7469.72704735714,7542.93700621429,7532.90276071429,7550.59474428572,7625.46164285714,7555.40163785715,7606.94868,7442.394925,7310.636975,7353.87488928572,7164.23392571429,7398.21230714286,7434.45740857143,7532.77398428572,7628.395995,7767.63281428571,7596.38859035714,7509.59564785714,7496.20627857143,7563.82450714286,7340.58424285714,7316.72289714286,7427.14342857143,7583.43044285714,7494.63269285715,7568.34883571429,7494.74308571429,7500.66712857143,7469.54841928572,7444.04601928571,7608.57894292857,7486.80046714286,7386.31133571428,7405.83662928572,7384.47746428571,7329.43316428571,7437.01771471428,7441.46885,7535.72043357143,7321.37851,7354.70007142857,7310.01700714286,7496.45772857143,7519.14471714286,7118.26436071429,7158.93495071429,7191.25160714286,7316.48432142857,7266.86149,7368.835265,7424.798705,7372.73266857143,7324.30751642857,7263.92659,7262.46094571429,7287.23381428572,7367.73167642858,7342.16750214286,7403.70639071429,7548.60068142857,7440.46668177857,7526.70585442857,7565.93377142857,7515.23807857143,7548.02521428572,7523.05559285715,7714.36817857143,7593.41897142857,7461.94605785714,7559.48679285714,7612.41777857143,7484.37602857143,7521.77941,7659.97169285715,7614.13968142857,7484.169035,7721.917025,7783.75790714286,7631.20536428572,7552.80659785714,7526.69718071429,7356.99043571429,7198.89908857143,7344.63826571429,7213.79650928571,7396.27802357143,7359.75573571429,7414.86791714286,7397.04320142857,7478.52920864286,7468.46635714286,7536.74430714286,7458.56807857143,7373.64496285715,7392.09291785715,7360.47185785714,7341.12528285714,7371.12310071429,7239.12723071429,7181.55018714286,7315.43593571429,7445.65672928571,7348.06150142857,7366.93779285714,7417.501,7763.1779645,7722.10460714286,7519.67624785714,7530.00677857143,7480.86155714286,7440.43440714286,7558.28037714286,7656.2848355,7742.34966428571,7728.42422,7811.52444285714,7881.25639357143,8041.47074285714,7619.93568785714,7563.76816428572,7420.54925,7355.46515714286,7455.79252142857,7265.79972142857,7404.89496071429,7457.44265714286,7564.822765,7692.476255,7474.52361428572,7455.35075142857,7395.47151428572,7240.25733928571,7177.05849928571,7275.09176071429,7312.63657214286,7326.00990428571,7259.03397642857,7245.908585,7207.7605,7326.72257142857,7464.28049285714,7592.38631428571,7823.06960642857,7814.52533142857,7747.47021785714,7418.27779642857,7390.38850428571,7770.33152914286,7535.41720057143,7555.66181428571,7480.80057142857,7259.95967142857,7242.64715142857,7400.44876785714,7211.96363214286,7232.05819642857,7079.81387,7095.14869142857,7188.92752,7058.65104071429,6992.59748142857,7368.79503285714,7326.10874785714,7319.62435,7311.45912928571,7476.97447142857,7352.50876571429,7322.74212142857,7424.37438357143,7480.36363785714,7326.62700071429,7322.693225,7371.25147857143,7359.46635,7216.30748071429,7362.39244857143,7414.274635,7451.94062785714,7452.73895714286,7223.53555714286,7279.30519285714,7186.55664357143,7329.82774785714,7409.14218571429,7449.58690785715,7503.24282142857,7335.96709285714,7383.58178785714,7673.59436,7657.01891214286,7667.95247142857,7817.41610571429,7472.99771214286,7697.752445,7496.08868785714,7610.36329285715,7328.33398285714,7366.47423071429,7285.43439214286,7421.8778,7462.84807500001,7516.40321285715,7516.75487357143,7517.48584357143,7575.40792071429,7792.74465,7668.661325,7481.94177428572,7571.79884571429,7436.24515214286,7480.22292,7303.60592357143,7312.48438785715,7244.91249285715,7369.45776285715,7362.32386857143,7373.76136857143,7346.72741071429,7619.46272071429,7615.00859857143,7785.45931642858,7627.82243071429,7554.52555714286,7407.60202142857,7331.18345571429,7383.23083857143,7454.59901428571,7627.06400214286,7643.68695428571,7602.229995,7496.71013785714,7451.83584285714,7528.56968571429,7613.9876,7529.48222142857,7416.37012071429,7494.23165428572,7480.37409571429,7302.80610028572,7371.79620285714,7353.72650571429,7302.81205071429,7422.64279714286,7387.66404357143,7167.25106714286,7381.98960214286,7452.91096642857,7289.81626857143,7417.51567714286,7516.58118571429,7308.52100214286,7505.33168857143,7448.96452928571,7505.79071642857,7588.00375142857,7765.11439828572,7557.84751257143,7479.25789285714,7629.17864285714,7680.36052714286,7488.27787,7357.97143,7359.38256071429,7367.08298,7289.42357142858,7293.1166,7159.516905,7015.29331714286,7046.60318571429,7173.95475,7274.749305,7243.30489571429,7324.407095,7179.16579357143,7294.05740571429,7288.08461857143,7378.82147785714,7510.84269642857,7732.92889285714,7614.75071071429,7623.10635714286,7559.01188785715,7435.51875,7378.11642428572,7368.71973214286,7290.44867428572,7317.17721285714,7352.26945714286,6979.32343,7071.5346,7133.30946071429,7379.575855,7383.60073,7205.24474428572,7120.68892642857,7369.78242928572,7238.38896071429,7305.55660357143,7124.50851071428,7015.33367857143,7104.52297642857,7112.63801357143,7264.48092857143,7262.62105642857,7425.97006428572,7295.75716428571,7258.74342857143,7146.06514292857,7066.24006785714,7367.27783071429,7524.529055,7462.81237928571,7531.84388642857,7491.81101928571,7528.51570357143,7576.83156642857,7389.93494614286,7260.30477214286,7306.962428,7386.28898442857,7481.52997371429,7413.30015285714,7622.85384285714,7693.38905857143,7640.00225714286,7588.39233428572,7450.68436357143,7459.42420428571,7521.75796428572,7461.07520714286,7644.48826357143,7789.11331142857,7800.32064921429,7660.11810714286,7664.79825428572,7650.81330071429,7518.39917214286,7507.13266428572,7341.40711428572,7381.19637142857,7356.95342142857,7697.32884285714,7514.44357785714,7598.32500928571,7688.82240142857,7623.69822142857,7702.96997142857,7614.49237857143,7712.89965357143,7579.14104214286,7657.92718428571,7842.05408571429,7553.21465714286,7642.18879357143,7746.70631428572,7343.885455,7451.24613571428,7547.659905,7795.64687857143,7829.07775357143,7617.30210428572,7932.80937857143,7849.31594642857,7787.10866071429,7670.27597642857,7646.54864714286,7773.38102928572,7639.35381714286,7558.77903157143,7362.75131428572,7418.45567142857,7430.04624285714,7209.02546428571,7268.56331428571,7354.32657857143,7270.11668571429,7360.61504071429,7375.17291285714,7520.61268214286,7582.46431428572,7659.86244285714,7637.02039285714,7632.64252142857,7512.26059357143,7311.46896142857,7495.72901428572,7470.33980714286,7626.69334785714,7547.98895428572,7449.65637142857,7636.04404642857,7536.472025,7538.28941714286,7469.94677857143,7452.93766071429,7499.65232857143,7238.38925,7267.32860785714,7241.70322214286,7247.05967,7199.64445785714,7134.17474071428,6945.11250857143,7089.24831857143,7074.21650642857,7338.45739071428,7153.14565714286,7248.62222857143,7317.74108785714,7444.998495,7539.34079785714,7513.09532285715,7582.80723285714,7557.00195285714,7493.34257142857,7407.83582142857,7370.32315714286,7517.74611928572,7644.96206785714,7672.86003285714,7752.91454285714,7419.26315714286,7416.08103285714,7711.88211214286,7666.48054285714,7520.663605,7510.81240714286,7496.75919285715,7522.74531785714,7570.28290928571,7593.33999571428,7465.61865571429,7591.25259142857,7256.08381428572,7254.1928,7259.54245,7139.49872357143,7675.83687857143,7620.7882,7599.31649357143,7486.76639928571,7866.165965,7563.30039285714,7734.05672142857,7821.74530142857,7780.66807857143,7677.90501928571,7775.41478928571,7916.70331,7920.06182071429,7814.17909071429,7648.75264257143,7710.33215285715,7648.52852357143,7627.857955,7532.06437642857,7666.535545,7695.191145,7717.03705214286,7839.94913071429,7595.00135857143,7538.96305357143,7430.91755928572,7443.79158,7342.90865142857,7383.41308785714,7594.05025214286,7581.87877857143,7327.71550857143,7380.52135857143,7468.74173,7509.77961571429,7479.22701428572,7577.68057857143,7591.96164928572,7700.56716428572,7721.69445714286,7427.50710714286,7417.48944285714,7483.82845714286,7447.1089,7447.4318,7415.56034785714,7392.74320428571,7246.66639214286,7261.04093571429,7144.67008285714,7622.42254285714,7399.01162142857,7079.22116571429,6961.87905071429,7054.79019285714,7137.11173785715,7290.35687928572,7045.89462571428,7076.49721171429,7149.50233914286,7259.84372957143,7314.75423671429,7332.314241,7322.19995528572,7480.88851814286,7420.40909285714,7515.61134071429,7475.55378571429,7412.21107642857,7572.77361928572,7651.81331,7711.70556642857,7693.38200714286,7642.87197928571,7715.13913907143,7575.7312305,7449.87360071429,7548.15993571429,7616.45715714286,7363.15542571429,7291.142485,7026.47041928572,7271.411635,7094.31296357143,7119.29749071429,7093.71117785714,7080.56013785714,7167.89805785714,7371.44308857143,7576.61199285714,7434.71664285715,7285.99547857143,7190.831725,7062.352195,7142.73550642857,7206.40859071429,7188.88349692857,7056.46798571429,7297.800885,7315.261185,7379.86383428571,7234.87681428571,7212.38947214286,7300.71636428572,7116.57648142857,7152.73534285714,7042.50656357143,7075.66561571428,6791.94857985714,7045.93444,7030.9972,7221.59855928571,7242.79235714286,7247.51733714286,7302.60262714286,7393.668725,7614.61663857143,7430.74977357143,7297.36738785714,7220.96963857143,7250.10593571428,7344.03159285714,7331.62064428571,7209.90985785714,7383.13556571428,7642.26658142857,7603.37379357143,7650.18875,7630.15208571429,7672.07836142857,7474.22990357143,7553.83018571429,7458.50365714286,7493.03735714285,7502.19835,7518.85842642857,7509.702405,7743.95894785714,7809.483855,7704.14589071429,7700.91697428572,7827.20176,7727.94672142857,7566.98556428572,7671.4856,7658.61512857143,7498.32970142857,7414.00973642858,7532.09900857143,7542.88302142857,7574.958895,7578.50203571429,7526.63773571429,7502.64493542857,7706.24422428572,7628.12264928572,7385.40171642857,7468.47021642857,7349.01007642857,7587.63484785714,7556.48858428571,7320.13516142857,7606.18870928572,7531.5686655,7742.56805642857,7582.95457,7394.18178642857,7325.48125071429,7409.28052214286,7581.45638,7340.32894,7432.37196071429,7121.35501285715,7346.18900285715,7280.49174857143,7202.59085785715,7189.32835785714,7184.33024785714,7355.08159285714,7223.07502857143,7470.63673571428,7335.9594,7484.93278857143,7368.19755714286,7277.79604657143,7365.06074928572,7524.08131928571,7487.8733,7577.71453642857,7558.08883714286,7472.42168857143,7395.71100928571,7475.25237214286,7406.14562857143,7500.86129857143,7322.72067571428,7211.73235928572,7353.49979357143,7170.05397928571,7322.62904285714,7264.39610642857,7425.57876142857,7299.53326642857,7344.12544357143,7181.49271714286,7015.87127357143,6973.73909928571,7110.52384714286,7114.31341142857,7139.09423571429,7256.546285,7514.17225571429,7587.08515571429,7502.91843571429,7566.01472071429,7776.36245928571,7633.47113,7623.02734285714,7681.48145714286,7804.16147857143,8034.36506428571,7814.02307928571,7609.35556428571,7330.16527857143,7368.81235714286,7581.350215,7486.604815,7502.27089214286,7552.81207,7691.46756785714,7547.20849785715,7684.32417857143,7669.43626357143,7456.45899214286,7414.21751428572,7128.90106428572,7146.74819285715,7076.27564714286,7163.75177142858,7220.92825714286,7550.42352642857,7427.47827785715,7249.88756571429,7458.11258714286,7392.71208071429,7348.307835,7468.13361,7488.18198071429,7557.07965785715,7452.06982714286,7277.56596,7323.86814,7364.64717714286,7383.22237071429,7108.01015714286,7099.05148642857,7125.18760071429,7200.71991535714,7509.49696214286,7283.50068285714,7265.67520642857,7253.92841142857,7432.36859,7248.03004857143,7116.77962285714,7282.35779714286,7396.57735714286,7184.41830571429,7247.01268357143,7429.35726642857,7562.32167571429,7684.27758142857,7462.037765,7478.18240571429,7371.64071857143,7403.322895,7455.60133,7334.00893214286,7293.0097,7237.46038571428,7171.35722571429,7175.65001,7277.43395,7527.13795,7555.80507142857,7261.55939,7314.88910714286,7227.20186571429,7343.76705,7175.04918571429,7424.02445,7324.72535,7330.02531,7206.75099357143,7214.152658,7151.58071142857,7202.13335571429,7122.33512571429,7248.77912928572,7304.76846428571,7415.71189214286,7407.42350714286,7481.19955214286,7461.00882357143,7630.55040071429,7711.94716357143,7679.75554571429,7703.60287071429,7676.53667857143,7858.31786142857,7693.62421142857,7606.210685,7949.96881571429,7954.12644,7978.786485,7966.50469928572,7683.601425,7628.86153571429,7699.44098785714,7700.671695,7694.03817357143,7645.20231642857,7545.87862142857,7507.07847928571,7496.282275,7540.71273571429,7225.13545,7446.08911142857,7510.72451642857,7418.51273142857,7337.73583857143,7270.65396142857,7301.03124857143,7312.85343928571,7226.26266,7145.89140928571,7268.54771857143,7500.25534071429,7400.78236071429,7289.55564428571,7188.07822142857,7454.7952,7486.97938,7367.56226428571,7726.10042642858,7490.49193285714,7333.64889428571,7410.96340714286,7322.99405714286,7472.72454285715,7690.04224071429,7523.46070714286,7282.03447857143,7236.39192785714,7225.41427642857,7267.91349142858,7276.65791642857,7257.21927214286,7340.46789285714,7536.11008285714,7366.13434785714,7455.86394142857,7463.77695357143,7389.87650357143,7504.49670214286,7342.55442,7521.21204785714,7666.25364142857,7663.78046428572,7345.449545,7428.63478071429,7613.05477857143,7498.87346971429,7321.67441428572,7150.34995214286,7248.76828357143,7106.44823714286,7367.74391428571,7107.71899428572,7329.04995857143,7190.92515,7328.61835642857,7303.39246428571,7444.33183571429,7702.52061571429,7477.91873571429,7480.90834285714,7637.26612857143,7704.11197928572,7640.52201428572,7752.24198571429,7632.08130857143,7486.60512071429,7296.61686071429,7593.35043714286,7601.011835,7640.80580928572,7762.14648714286,7554.14221642857,7717.57015071429,7761.91477357143,7491.00863714286,7574.05379071429,7591.83703571429,7457.87733571429,7469.21732857143,7392.19833428571,7511.22911285714,7550.07977714286,7478.42795714286,7472.58715428571,7704.71538571428,7977.53425,7724.02968785714,7514.02201428571,7654.38430714286,7800.378565,7762.35638071429,7807.07495214286,7495.81546428572,7494.24601785714,7612.77457857143,7715.818205,7624.67048785714,7573.95921571429,7708.81055857143,7636.92909785714,7641.163085,7563.76928142857,7461.67545571429,7498.58439928572,7762.31695428571,7651.00152857143,7638.85951357143,7668.9912,7808.85259142857,7845.01589928572,7731.24403571429,7812.88159428571,7878.41243785714,7784.47670071429,7728.99505714286,7841.22030785714,7547.59674285714,7285.86602142857,7446.94533,7308.58457142857,7426.89916714286,7562.29523142857,7591.01114285714,7698.81650785714,7826.48746142857,7584.79672142857,7823.22275,7782.49795,7815.18376,7717.20121714286,7743.60145714286,8028.24911428571,7813.02042857143,7770.46145,7706.04734428572,7704.03365,7548.39614785714,7785.81316785714,7436.69521714286,7534.61808714286,7655.07012857143,7629.40263642857,7707.85673571429,7583.24952285714,7446.93802071429,7757.53173571429,7474.05305142857,7601.18214642857,7500.09625714286,7405.80349285714,7286.31658785715,7170.09431428572,7347.58955785714,7158.84960285714,7390.78189214286,7708.93287714286,7626.48714571429,7507.72350285714,7527.37102142857,7385.79979,7784.75600714286,7732.77806071429,7572.91466357143,7677.86775214286,7521.53939642857,7249.93988071429,7272.34086571429,7245.19351428571,7657.67525714286,7734.02934285714,7609.91552285715,7577.431055,7608.42417285714,7768.36160571428,7621.44391428572,7529.04534214286,7526.87463928572,7340.95551571429,7244.82412285714,7163.23018385715,7344.029325,7568.31578,7530.92454,7582.172025,7523.55954642857,7531.89403357143,7446.66766142857,7545.02364285714,7637.40660285715,7733.42511285714,7740.02043571429,7620.95954857143,7654.71067357143,7387.68271071429,7384.7928,7090.62702857143,7200.99483357143,7317.34513242857,7348.256735,7310.07313571429,7363.07483571428,7391.33229921428,7713.92714921429,7503.5885135,7697.93814,7746.86298428572,7713.27929714286,7537.36397142857,7524.43992857143,7499.61039285714,7493.72447142857,7759.35550285715,7560.24137142857,7535.93744142857,7699.84657,7670.407965,7610.06848714286,7694.97695,7635.47419285714,7729.79017507143,7859.17882571429,7742.52892857143,7715.29480642857,7558.24158142857,7676.07224928572,7520.90661428572,7753.7469,7634.31022571429,7728.39625285714,7715.50230571429,7517.75837142857,7437.39715,7486.87215928571,7415.60603428572,7371.32050571429,7379.36704214286,7386.45592857143,7757.55629071429,7499.45792428572,7896.79030571429,7594.88868614286,7278.157035,7243.89712285714,7330.05209814286,7209.65750571429,7162.21574928571,7336.80949142857,7288.84156571429,7249.05050285714,7273.28963285714,7353.10506142857,7204.28791,7270.05805,7236.14703571429,7238.07637571429,7490.85593785714,7460.54257142857,7422.35186357143,7549.84556857143,7524.923185,7343.79562857143,7317.80697857143,7306.70327857143,7298.35821428571,7337.67138571428,7336.08967642857,7439.09752142857,7297.28793357143,7275.53958857143,7347.94794285714,7466.43602357143,7577.77996214286,7419.75113285714,7714.90269285714,7764.72142785714,7811.07820785714,7818.68557857143,7913.11886285715,7894.73258285714,7880.14397857143,7691.11011428572,7470.53172857143,7481.25997142857,7685.84353785714,7955.40277428571,7956.14790714286,7744.84812714286,7664.56139928572,7760.07220928571,7586.07487,7461.422607,7590.79694285715,7373.46089785714,7458.629305,7553.798225,7566.26937785714,7558.26293785714,7817.82233285714,7698.27972285714,7503.29999,7470.53216085715,7431.17107428572,7547.88483857143,7639.67392357143,7682.52777857143,7683.41281,7849.78723214286,7665.20561092857,7646.81490142857,7626.97692142857,7673.646455,7597.92697285714,7543.89505,7773.17851714286,7707.07194714286,7523.5151,7588.14682142857,7680.11414357143,7786.71903071429,7625.25315285714,7680.21483857143,7629.02349285714,7598.96467857143,7665.47481428571,7606.60752857143,7611.24305214286,7385.13369714286,7394.32891435714,7449.96442792857,7482.42722864286,7627.95042078571,7537.15149292857,7563.48130928572,7392.34412571429,7545.098545,7321.68363142857,7426.89848142857,7396.99467142857,7486.72970857143,7358.71775785714,7328.63176428572,7399.66282642857,7512.94787285714,7333.8844,7252.06475714286,7026.46740714286,7062.72267428571,7278.68082285714,7526.79202285714,7475.53516357143,7506.85173928571,7361.86383928571,7418.13977142857,7404.05210714286,7379.60536,7400.772885,7383.19089928572,7493.49419357143,7527.00597214286,7601.45195214286,7384.63617428572,7522.7096,7489.45729214286,7517.81406142857,7597.20578285714,7323.95018071429,7363.14050928571,7425.27212857143,7506.94705,7573.69311428571,7379.61352857143,7619.84433,7486.30661928572,7429.49308571429,7344.89995571429,7191.487665,7304.94399,7208.03038285714,7090.936935,7081.788705,6870.87354,7085.058495,7085.580805,7218.92568214286,7245.61819928572,7372.897585,7361.959145,7306.86398142857,7357.26192142857,7369.37277857143,7379.01933428572,7470.10197142857,7586.07972142857,7401.66405857143,7385.60802857143,7285.4437,7383.45596071429,7379.30791428572,7345.57993214286,7608.65165214286,7528.55201428571,7540.54902857143,7540.07764428572,7488.12243785714,7511.96669285714,7590.069935,7710.80402428572,7537.35456428571,7604.89049071428,7605.74637428572,7580.32380428571,7544.939935,7634.5753,7746.605905,7621.76649285714,7766.99193571429,7750.96595714286,7549.56817857143,7619.52649928572,7595.46697785715,7550.05274214286,7624.39365714286,7429.85649714286,7543.34021857143,7696.74022071429,7703.17764214286,7717.114575,7666.42591285714,7754.44910714286,7614.82727357143,7722.01647285714,7753.08408857143,7669.49997857143,7683.48584,7682.6314,7632.78679071429,7420.27963671429,7598.07778071429,7340.02242857143,7646.51808357143,7550.39552142857,7615.75639285714,7600.21750714286,7569.15622857143,7618.19207857143,7760.84927857143,7569.62315928572,7540.73701428572,7561.98046428571,7459.91182285714,7527.22388357143,7506.06932071429,7549.76936357143,7540.24231785714,7739.51098928571,7895.63385428572,7603.24089285714,7436.41879642857,7570.31890642857,7685.10267642858,7690.69148892858,7387.35446,7469.90027285714,7560.55883714286,7589.81866,7377.36575714286,7445.76196,7452.17793571429,7466.53642428571,7458.63075214286,7376.07965,7570.89977642857,7525.06378,7584.77129285714,7801.55014571428,7604.07889642857,7501.24882064286,7477.35316492857,7608.24046142857,7483.19504714286,7527.14177214286,7421.74008857143,7376.26149571429,7185.14331928572,7291.77387928572,7462.63335642857,7322.90767828572,7156.46448928572,7258.52447357143,7358.31126857143,7405.41444928571,7497.910235,7505.73953542857,7640.75150642857,7680.73438928572,7630.50229285714,7604.75179357143,7645.14060071428,7694.65091857143,7638.59553571429,7658.54253785714,7833.03514571429,7687.81718428572,7525.67889671429,7568.04988814286,7544.79318428572,7559.42336285714,7618.55283571429,7698.3799,7785.85519142857,7718.0715,7731.41611071429,7612.90203928571,7581.95505214286,7511.27291714285,7629.24068357143,7702.51786785714,7663.50334642857,7682.60444285714,7704.77357235714,7639.20195785714,7770.78777928571,7709.37131428571,7850.11737142857,7720.165785,7668.73824928572,7616.16230714286,7635.55454357143,7571.69778571429,7514.19653571428,7554.11462857143,7645.57437857143,7526.5526,7517.17139285714,7475.63084285714,7715.37322428571,7884.61862428571,7818.27243928572,7688.23377428572,7624.72232142857,7580.26113714286,7707.98621714286,7956.35976714286,7788.97565214286,7628.84213,7613.92734357143,7531.34580642857,7405.84484142857,7549.23887214286,7536.22385714286,7788.50495,7612.74595214286,7669.49965214286,7674.61681571429,7539.29358,7614.07702357143,7469.99144642857,7398.52312142857,7444.69708357143,7045.47479785714,7220.89036928572,7190.93651928572,7262.51566428572,7257.56881428572,7261.29451071429,7143.76235157143,7133.54481857143,7200.57262785714,7338.70022785714,7542.62401285714,7641.16120357143,7519.85770714286,7620.232,7627.92527142857,7568.27004857143,7753.2888,7433.7493,7427.48432714286,7262.59821071428,7290.58338071429,7294.63856785714,7254.18144285715,7395.63882142857,7240.56300285714,7258.96574214286,7228.24099285715,7041.07248428571,7222.79353428571,7239.198505,7374.48086428572,7140.40115928572,7125.73632714286,7330.51291714286,7565.517166,7465.65684571429,7385.928095,7252.88924571429,7302.36177142857,7239.17522142857,7389.35462142858,7514.96315,7560.62010571429,7520.34621285714,7633.20429142857,7316.81352642857,7409.38845142857,7463.7747,7502.26145642857,7474.71362142857,7461.107535,7416.78056428571,7442.58371928572,7281.47753071429,7368.53639071428,7356.77475714286,7315.85461142857,7398.03195214286,7328.21055357143,7374.15427714286,7619.66037857143,7421.16252857143,7441.33133428572,7404.32315928572,7408.17335714286,7375.23305214286,7358.64630292857,7340.84900714286,7334.47613285714,7445.30543571428,7439.60715,7743.28205785714,7479.81049642857,7517.11376428571,7288.95207714286,7399.66991428572,7316.42342857143,7329.83924357143,7284.06203571429,7371.81946285714,7455.15353571429,7382.73669785715,7172.47578571428,7190.94051142857,7433.30036142857,7298.14011428571,7298.60135785714,7470.55153571429,7330.13042571429,7475.89586142857,7319.45802285715,7374.57299785715,7386.88904642857,7312.33889214286,7374.45457214286,7323.38071714286,7440.09974285714,6879.56991714286,6986.05113714286,6967.84090071429,6956.36936,7002.63475714286,7013.73642928572,7002.40675071429,7010.85179285714,7076.94976428572,7044.90843214286,7066.89394071429,7155.31247692857,7306.71016285714,7413.24122,7312.58817,7543.25451,7569.82336142857,7597.78683571429,7824.96205,7780.83737857143,7816.30003285714,7641.52179214286,7672.18821357143,7638.912935,7616.20243428571,7556.13819214286,7554.008635,7465.06803642857,7368.57036214286,7678.69081428572,7417.07857571429,7497.13443285714,7353.01506428571,7444.64572571428,7424.67398785714,7483.35448928572,7333.68702428571,7222.82126071429,7336.31422142857,7412.28580571429,7401.66457642857,7361.98103857143,7402.25723214286,7269.30028142857,7299.14320142857,7131.65731428571,7155.22983928571,7209.51375928571,7163.84160428571,7282.99186428572,7267.38778571429,7564.01548785714,7567.57026642857,7397.89099714286,7363.57686571429,7416.33823928571,7395.55137857143,7285.09399857143,7321.9495,7545.46357142857,7470.87068785714,7412.45577071428,7364.27661428572,7490.31065,7523.00192857143,7794.04078571429,7710.88337571429,7797.2628625,7651.77987607143,7728.51510464286,7612.00122428572,7720.12547357143,7730.45836357143,7448.92286428572,7374.56578571429,7322.96461428572,7463.84765,7535.56341428572,7639.09571428572,7481.20731428572,7485.38756428572,7802.35184285714,7752.70666214285,7758.54131928571,7634.33072,7536.74355214286,7558.85315357143,7815.08072642857,7676.439315,7743.68942357143,7431.19788857143,7416.53801,7382.31857857143,7463.53535,7527.66646,7468.39954714286,7546.84841428572,7549.63763857143,7520.13221214286,7560.44213214286,7335.5434975,7430.97187142857,7461.78102857143,7473.82363857143,7576.88424714286,7470.63372,7494.47357,7557.47852,7515.11099,7564.78715,7361.23866928571,7546.13537392857,7602.805565,7620.65503357143,7636.72943571429,7662.37777142857,7531.20573928572,7263.74036928572,7384.16797928572,7395.22318571429,7420.08385357143,7393.64045714286,7389.64862428571,7183.77585357143,7164.57642357143,7242.33967714286,7289.42555714286,7113.91949285714,7273.61829357143,7229.96770285714,7218.20868642857,7367.48172142857,7166.59438,7335.85119714286,7247.92685928572,7217.40330642857,7257.26759,7378.08998571429,7468.99672142857,7457.67682785714,7348.16307285714,7347.06402285714,7457.59713571429,7484.70059285714,7348.86444285714,7617.34881357143,7468.51075928572,7577.62495714286,7489.97365071429,7277.91981071429,7497.16164928571,7492.49141214286,7197.49543714286,7527.06225071429,7418.36248571428,7737.04886428571,7703.69679428571,7649.20878428572,7674.17385714286,7596.92707857143,7696.99521428571,7548.26031428572,7546.55234285715,7671.45069285715,7641.90655,7399.14959928572,7220.39612857143,7456.73225428572,7409.69321428571,7502.484905,7472.967125,7525.64696785714,7463.70896785715,7375.15928214286,7316.10064285714,7546.88646035714,7537.56482607143,7641.22514428572,7778.81055714286,7546.15245714286,7568.27130714286,7476.82155,7533.42251428571,7583.19607142857,7627.96950071429,7782.79537142857,7627.36982857143,7558.40542428572,7661.30021,7410.00063857143,7472.83326285715,7478.84979142857,7629.82664071428,7570.88016357143,7559.55083357143,7379.23281357143,7411.85169571429,7518.92495285714,7619.50463785714,7666.52514285714,7620.84091428571,7441.21791428571,7645.02491428572,7677.74727857143,7610.18227071429,7415.49237142858,7313.01904642857,7294.93946142857,7548.82159071428,7438.23647357143,7370.021305,7275.77395285714,7303.00962571429,7198.89619571429,7102.14264071429,7152.53676142857,7129.69019714286,7213.53654214286,7173.77414785714,7166.09563285714,7190.16175428571,7280.07758714286,7216.17345428572,7247.36089428572,7117.84331,7155.27947857143,7178.15218857143,7410.18779428572,7283.49221428571,7281.64235714286,7222.10328571429,7454.90781428572,7374.82287928572,7211.53501071429,7223.887915,7159.80791642857,7266.59744,7351.06435,7446.18925714286,7571.24008642857,7581.04436071429,7693.0273,7614.84977142857,7624.11435,7522.91679,7545.23632857143,7506.117225,7423.98942785714,7478.16423928571,7479.86166428571,7186.71291428571,7226.37459285715,7333.15443571429,7301.93798357143,7185.16055071428,7143.47564285715,7056.24227071429,7094.26667142857,7106.13814642857,7118.736125,7595.95578642857,7523.87248642857,7440.39415,7506.65355,7554.33985,7550.90864285714,7434.08899142857,7428.36160142857,7359.40807428572,7418.96147928572,7488.4797,7611.09599571429,7564.14765428571,7470.88830071429,7524.55374,7369.44604857143,7667.14213571429,7704.80667714286,7627.91771857143,7700.25611428571,7730.56361428571,7828.63402857143,7840.56607,7752.94037142857,7754.682965,7821.36684714286,7790.03199285714,7530.90563642857,7651.10732214286,7501.02022071429,7418.56102571429,7414.26462571429,7373.32147714286,7519.95945714286,7525.95509285714,7468.19512285714,7443.90948714286,7490.73998214286,7569.40895857143,7552.35550428572,7735.51629428572,7681.18643642857,7744.81642642857,7776.77978642857,7606.363806,7608.44353571429,7642.01330214286,7703.80107428572,7766.26384214286,7790.60655,7599.64321071429,7335.54549142857,7362.68432514286,7695.69822857143,7813.06492642857,7659.51892857143,7675.66285714286,7514.18541928571,7538.86561714286,7572.19976428571,7598.50942857143,7349.60812857143,7424.40636857143,7337.24428571429,7126.72890857143,7467.7844,7565.21764714286,7734.17214314286,7610.59477142857,7597.09576285714,7256.46380071429,7361.77301607143,7335.10237071428,7391.06893571429,7316.21264285715,7308.47202428571,7293.94499285714,7359.79131428572,7602.41833357143,7701.35044857143,7481.52450857143,7466.28597857143,7544.76742857143,7750.18449857143,7507.33056642857,7514.39307571429,7548.39449721429,7544.58882571429,7587.82105571429,7570.16279428571,7443.35461,7430.68962428571,7469.37894642857,7745.77717857143,7629.12811428572,7563.16149371429,7484.23900428572,7313.84477942857,7476.11815,7561.45891428572,7502.74716,7658.13313392857,7397.93943285714,7416.83811857143,7592.56584285714,7366.11296357143,7205.34084571429,7186.70968571429,7322.97223571429,7268.99027357143,7137.24065,7215.17422071429,7239.75940642858,7380.932815,7222.74965571429,7245.3767,7340.47238071429,7463.32521428571,7409.56058785714,7350.15152857143,7413.13948071429,7578.07137357143,7419.18185,7452.45864285715,7276.81003571429,7355.12325,7412.11367857143,7370.57572357143,7357.28013285714,7285.78659357143,7367.72533357143,7315.64996,7502.96911,7556.12197142857,7528.71421214286,7138.70133285714,7155.45538214286,7188.37316,7199.01002071429,7148.94762785714,7151.05354857143,7308.56566142857,7277.95529571428,7590.73461642857,7587.69174285715,7563.51696428572,7373.71949785714,7402.47792285715,7459.8811,7503.91427857143,7561.91686142857,7550.70017,7535.39031357143,7561.57144285714,7695.96719214286,7579.631935,7535.62121357143,7604.41997857143,7554.16123214286,7650.70943,7647.06504428571,7451.75011428572,7410.50713571429,7371.64358,7446.24176571428,7492.55447857143,7554.00842857143,7353.93737857143,7165.40614642857,7295.22999428571,7077.35497428571,6960.106675,7141.17916428571,7080.90549714286,7291.029535,7108.92807571429,7096.67467857143,7068.82444285714,7039.89310714286,7112.69234285714,7209.74887928571,7208.23563571428,7324.69475428571,7519.30323785715,7455.11407571429,7188.69256928571,7341.40020785714,7419.06805714286,7356.50621714286,7417.67432357143,7233.2261,7416.72509285714,7462.46217928571,7362.90883714286,7290.74544285715,7407.73788071428,7282.25373714286,7305.33485857143,7367.26516214286,7612.69767142857,7574.71545714286,7340.35769285714,7385.42723571428,7226.81698571429,7417.82444285714,7425.01654571429,7261.03288428572,7227.80385,7616.24934357143,7747.50090714286,7682.13611428571,7684.94534357143,7610.17015928571,7630.10538428571,7576.67505571429,7607.70241928572,7729.80639428571,7387.87967828572,7363.95436428572,7470.52470928572,7477.85501714286,7526.16416714286,7604.18561357143,7712.01288571429,7736.35540142857,7511.47050642857,7483.50215142857,7424.83685657143,7397.88952785714,7408.30519642857,7264.121755,7167.15714285714,7369.51416428572,7573.85469214286,7281.57114285715,7537.10074571429,7892.06463642857,7585.00647142857,7426.66495714286,7501.80708571429,7374.39382857143,7515.48531428572,7567.56075714286,7567.8512,7694.69075785714,7512.56719778572,7456.14098571428,7479.00214857143,7590.00656428572,7346.29957142857,7346.05962142857,7183.48501428571,7009.18402928571,7321.01533642857,7218.83777285714,7311.11867857143,7343.74235714286,7457.34435642857,7484.18443285714,7505.54943571429,7667.47211142857,7642.92176142857,7555.85730642857,7565.49582785714,7661.5332,7627.82120714286,7616.24244285714,7706.01922164286,7541.53512814286,7601.74155,7540.56742428571,7289.09200428571,7260.08220571429,7323.87903571429,7238.74944,7363.43373071429,7264.80934285714,7320.64611428571,7388.41701428572,7584.24916928571,7623.47818571428,7579.07323571429,7507.46121928571,7337.20615571429,7344.00635571429,7453.63747214286,7312.19367214286,7474.44585642857,7470.47969785714,7613.84030142857,7657.85838642857,7759.01707142857,7653.28902142857,7644.30097142857,7685.97463571429,7704.03141428572,7607.76433714286,7540.58282357143,7755.13748571429,7421.94440571429,7501.63858571429,7460.59461428572,7228.21882142858,7134.13365928572,7510.73115714286,7556.23256357143,7446.87153071429,7574.41409428571,7568.78736571429,7557.32100857143,7529.41173071429,7393.05126285714,7318.15289571429,7396.37121071429,7638.42136571429,7617.45259428572,7629.44324285714,7566.87290714286,7627.90531571429,7637.106,7680.74068714286,7476.09098071429,7554.53248571429,7395.39635785714,7363.984525,7476.48280571429,7355.94481714286,7358.95461285714,7499.60662714286,7360.43948428571,7781.01904571429,7499.99429357143,7570.63612857143,7425.96898907143,7580.99199385714,7650.53457214286,7577.86802285715,7280.30703785714,7533.61346142858,7533.20810642857,7353.207695,7351.576405,7258.66841428572,7055.30441778572,7223.25838,7053.74555857143,7053.83539428571,7287.22493928572,7334.80450357143,7386.49263571429,7247.66467642858,7347.03208357143,7346.57818785715,7141.70214857143,7190.27068071429,7385.16325928571,7312.91457857143,7245.88296428572,7383.07258928571,7757.08869285714,7833.32600714286,7848.34099285714,7711.34128571429,7930.11328428572,7750.46357,7557.51347,7667.27242428571,7469.15276214286,7597.01079428571,7508.37910142857,7445.45049142857,7438.02024857143,7451.351,7360.04835,7486.35558714286,7650.08966428572,7536.567585,7427.22014357143,7499.73888642857,7508.13332071429,7475.51837928571,7453.03398214286,7229.52127571429,7242.51239285715,7133.36506428572,7339.99391857143,7421.06605142857,7451.03984,7527.38652678572,7603.72483571429,7587.27945571429,7432.07334857143,7515.38751285714,7573.18824071429,7497.42450071429,7705.13012571429,7658.80378428571,7862.08229785714,7724.32658928572,7782.62018214286,7713.19243142857,7662.41956928571,7666.52321928571,7857.78316285714,7664.89304285714,7592.43854285714,7257.234615,7462.00595785714,7753.01024357143,7819.14456428572,7567.31359785714,7569.33330071428,7201.28756428571,7268.9329,7428.17359285714,7440.17283571429,7383.76414142857,7406.76014285714,7506.18768357143,7378.63317142857,7423.11854285714,7360.21857142857,7172.02823285715,7608.75811428572,7764.20100285714,7752.64784928571,7654.90775071429,7587.86081214286,7624.24467857143,7689.39905857143,7746.43480142857,7594.95622357143,7607.36184642857,7560.71829642857,7550.05474642857,7360.42834214286,7303.56998285714,7304.16298714286,7501.95535857143,7581.61872571429,7415.37533571429,7390.81054285715,7558.34388142857,7479.81868642857,7378.18995642857,7455.36225142857,7538.46687142857,7485.99105642857,7367.24247071429,7357.38054071429,7379.22396928572,7586.00508571429,7509.24898071428,7382.88312857143,7433.05124642857,7482.79734535714,7609.28708357143,7505.34369285714,7628.99408857143,7639.10057714286,7490.46408714286,7440.71116214286,7370.62315285714,7267.99350571429,7436.38629571429,7480.87190071429,7488.04128571429,7537.74335428572,7570.19318785714,7419.12197285714,7379.71980964286,7311.75052071429,7646.55832142858,7326.22458928572,7423.91042714286,7585.04648642857,7381.21435928572,7067.79028214286,7143.75548785714,7261.36051642857,7486.86130214286,7478.24800357143,7613.88233571429,7526.00545571429,7454.05390571429,7474.13782857143,7254.34077285714,7470.99092142857,7560.98320714286,7710.45872142857,7612.99160714286,7423.6401,7317.34924285714,7397.07669285714,7415.96193714286,7394.66087142857,7491.16017785714,7434.69169285714,7274.09842857143,7358.61380714285,7438.70057857143,7502.720005,7624.86083571429,7509.46821,7347.18191642857,7357.73411285714,7279.71315,7301.47385,7247.37974642857,7531.80458928571,7490.66331428571,7505.40402642857,7510.7636,7491.4567,7689.41768314286,7522.61256885714,7515.24494285714,7576.19459428571,7690.39198714286,7661.43995714286,7579.69154714286,7631.03624714286,7560.87126571429,7535.07753642857,7554.77809357143,7508.51848071429,7716.29385,7688.25328642857,7652.305165,7527.74564285714,7791.843271,7623.35858885714,7808.63253671429,7552.97542785714,7456.57500428571,7101.18410857143,7146.76358571428,7144.84533714286,7135.87923285714,7176.89420928572,7247.12921428572,7307.61563714286,7194.26981571428,7433.33773857143,7361.32737785714,7368.70931285715,7444.57087571428,7578.151535,7370.59946571429,7587.15290285714,7367.48449714286,7542.20540642857,7513.91919571429,7600.65862142857,7543.56232142857,7603.35560714286,7696.80218571429,7678.10761857143,7710.87982142857,7631.54106928571,7497.229355,7541.38088071429,7635.06860214285,7779.74995357143,7815.44261785714,7847.48113214286,7880.4184,7710.50013571429,7890.85391857143,7794.62722142857,7617.37938214286,7669.71139071429,7662.72709642857,7538.66359035714,7485.4122975,7384.00514285715,7502.57180285714,7622.78507285714,7446.19111428571,7401.82375571429,7486.38940071429,7521.31483571429,7543.07773571429,7462.61273571429,7502.07000142857,7483.88838714286,7606.32935785714,7636.16951,7641.63707,7519.34566571429,7455.153585,7701.62296428572,7654.03774285714,7493.65876435714,7492.34277864286,7449.73845578571,7574.05370435714,7595.48343928571,7641.17282928572,7696.1423,7673.89482857143,7421.875925,7561.53793785714,7671.94159285714,7519.81861142857,7416.46718571429,7664.07074285714,7889.81502785715,7693.56823571429,7712.45437714286,7723.67694285714,7684.09102214286,7506.16231857143,7325.313665,7236.27810521429,7401.65005714286,7366.50117285714,7459.68026,7677.99596428571,7561.28987571429,7497.83121571429,7539.72616428571,7460.42242642857,7493.40565,7417.74864928571,7348.36471714286,7526.73727571429,7236.36192142857,7178.06885071428,7256.67554071428,7397.49602857143,7114.49435714286,7270.18357857143,7310.67624642857,7280.85592357143,7198.39962,7222.234865,7209.181445,7094.382715,7045.55010828571,7501.80666428571,7456.16660714286,7505.12863857143,7450.70379857143,7546.35399785714,7597.75441071429,7631.675225,7605.08874,7570.07689928571,7753.43303571429,7954.92977571428,7763.83394285714,7726.73637285714,7639.42315857143,7631.68736357143,7646.32533214285,7548.83327285715,7356.31217142857,7426.51200214286,7354.59655714286,7408.467535,7582.01250714286,7707.94207928571,7832.048,7828.03040857143,7891.10400714286,7923.13530357143,7832.05087857143,7803.72820214286,7640.98341428572,7676.04312142857,7432.86904285714,7369.80961285715,7393.76337714286,7360.79007,7230.24688142857,7404.26551285714,7438.03645,7572.86985714286,7717.16551714286,7504.07559928572,7630.37924857143,7434.61393428571,7575.76409,7416.71125285714,7558.89743928572,7781.1902,7728.32922642857,7691.81889785714,7492.73856857143,7486.17687857143,7597.39510714286,7674.03590642857,7905.30775714286,7845.34133857143,7734.39537928571,7571.86440714286,7340.90894357143,7179.28842078571,7299.31595857143,7343.09767071428,7598.94780928571,7382.88674571429,7424.55883571429,7441.52067228572,7478.22508571429,7590.90193571429,7720.53740642857,7853.60315642857,8007.15339571428,7855.90011071429,7839.54926785714,7641.67490357143,7805.96362285714,7570.749445,7460.20699785714,7610.86212142857,7535.14547857143,7710.80252214286,7695.96566214286,7741.42486428571,7667.23315571429,7605.77672285714,7690.33658857143,7707.45580714286,7707.22510714286,7576.2681,7630.61224857143,7654.19790642857,7696.25739285714,7413.48447571429,7510.49152142857,7551.58357142857,7460.52557142858,7441.94519285715,7602.70123571429,7428.90220571429,7493.12686,7300.04988428572,7198.2612,7361.34379642857,7280.25575571429,7205.91910071429,7345.37527142857,7143.47432142857,7141.39591285714,7400.75558,7443.55456571429,7503.05133571429,7470.69587071428,7197.64641428571,7379.15209285714,7393.69573071429,7723.81664571429,7575.86105571429,7586.87011,7611.05401,7734.35792214286,8073.123315,7760.28465428571,7635.80403642857,7604.10407928572,7421.93020714286,7639.61529,7297.0817,7385.15625285715,7553.47340357143,7623.46943142858,7561.85858571429,7416.51612857143,7393.10677928571,7578.88804142857,7559.816765,7587.01438785715,7609.782425,7608.34388071429,7591.86330928572,7687.02040714286,7554.80770285714,7584.97455642857,7544.25830285714,7493.10262142857,7436.35613857143,7626.17025142857,7519.52169857143,7504.41318142857,7718.73829571429,7785.14683857143,7685.53673071429,7726.89881428571,7801.06418928572,7477.68951071429,7359.43720714286,7588.12925714286,7626.54043214286,7787.52638,7692.95601,7576.75255142857,7596.64347857143,7566.78212142857,7544.66668571429,7632.80573071429,7567.059245,7435.19256428571,7664.86843928572,7607.52613071429,7474.23205571429,7620.61652857143,7641.51157142857,7710.32198571429,7690.91220571429,7545.50411642857,7549.12938928571,7536.72597785714,7679.82229785714,7720.42738214286,7644.59167714286,7578.026765,7560.09225857143,7528.05454857143,7814.06176571429,7688.18955285715,7885.75775357143,7652.991615,7552.23630571429,7856.59479285714,7525.45531571429,7444.94601,7427.62850285714,7706.36997142857,7621.08456357143,7363.06147642857,7480.70734142857,7525.43783571429,7288.17094357143,7293.14792857143,7471.75112142857,7526.97892785714,7416.37186357143,7255.51659285715,7200.98442857143,7324.141335,7317.81190214286,7181.55495642857,7243.32639928572,7294.748185,7233.24814357143,7577.89187857143,7680.81329857143,7825.14844857143,7793.63251357143,7783.67972357143,7794.64580357143,7016.83454857143,7116.94786357143,7382.10267857143,7458.76048285714,7588.28217428572,7466.47109428571,7349.35221428572,7393.17482857143,7289.32789357143,7170.96035,7193.45182142857,7322.62386,7417.03427928572,7557.61750285715,7588.17854785714,7642.38630571429,7691.02760714286,7526.97150714286,7593.03385978571,7649.7867905,7592.7981855,7506.51829835714,7456.15838285714,7535.25492742857,7514.39728928571,7436.91395714286,7525.45355,7521.69343642857,7771.56070714286,7703.10789,7522.55851357143,7680.65091071429,7588.56246642857,7725.91358571429,7635.10477071429,7773.19772785714,7805.51595928571,7681.626665,7642.69025,7551.51946571429,7628.65186642857,7684.26040714286,7668.12389642857,7785.31699014286,7581.94918657143,7666.48917228572,7771.158355,7796.05149785714,7878.58284142857,7887.56288428572,7642.71435714286,7582.56540857143,7583.98187142857,7531.44738571429,7434.83581571429,7325.53045642857,7501.40407928572,7651.42855357143,7655.9685,7490.55150642857,7755.39599142857,7461.21524142857,7593.93374285714,7456.75028571428,7506.90882428572,7327.24545,7314.44456642857,7312.70842142857,7410.8793,7452.29893571429,7513.27017857143,7505.38017857143,7535.08497857143,7638.39409928572,7646.08389928572,7521.12674285715,7532.12017285715,7636.58025,7622.68410142857,7467.15314071429,7738.18016071429,7684.94479785714,7669.90327714286,7667.81785928571,7305.09092142857,7365.90215714286,7392.2938795,7534.45937285714,7667.57127857143,7539.97742857143,7725.34886428571,7613.18769485714,7680.085945,7521.71130571429,7671.20177142857,7410.10504571429,7506.90716714286,7690.70986571429,7694.84888285714,7583.88678142857,7489.28326285715,7323.39232071429,7452.82694,7459.63851428571,7524.17018571429,7576.99757142857,7647.639025,7685.532975,7641.89589285714,7820.17410714286,7662.04090714286,7691.25879,7667.96812142857,7525.74877857143,7490.36492142857,7503.80080714286,7612.09339214286,7572.89353714286,7693.64894785715,7616.65911857143,7497.74685714286,7412.48040285714,7342.98913285715,7292.81370714286,7458.68578714286,7415.69233428572,7272.42832571429,7302.68364071429,7329.78023642857,7357.84774285715,7410.62050214286,7448.30671514286,7379.45134214286,7379.61750428572,7361.86465857143,7373.62057785714,7367.26972857143,7532.24610571429,7319.06054214286,7114.85863928572,7245.66736571429,7405.49970571429,7490.61935714286,7560.79692357143,7467.15198214286,7481.32928214286,7333.78701285714,7618.10844285714,7328.78257142857,7460.59109285714,7605.28737142857,7381.88639285714,7553.36747857143,7893.09630928571,7680.08188714286,7704.38472214286,7732.37051071428,7720.09884642857,7600.15000642857,7586.39965714286,7560.28691428572,7506.45390714286,7407.9396,7388.06250714286,7444.93333464286,7561.28242142857,7376.43604571429,7384.56293857143,7626.21331785715,7623.86476928571,7566.20435428572,7562.45549285715,7627.99333642857,7571.62850428571,7543.91877642857,7287.916,7316.90158357143,7258.75012857143,7314.18034642857,7192.98456785715,7155.06523571429,7268.36412142857,7297.72038571428,7392.12427357143,7505.23518571429,7583.33194071429,7858.99700285714,7693.23781785714,7660.89398571429,7660.69536928572,7633.86417928571,7661.60082142857,7693.44498714286,7621.52362142857,7395.37359142857,7563.49794285714,7543.04228571429,7451.76872,7444.74066571428,7580.4259,7714.62486642857,7578.08068857143,7562.68636071429,7367.78688142857,7390.89491428572,7389.78298285714,7472.50403214286,7390.745135,7360.37872857143,7277.22320285714,7270.91680928571,7236.72411428571,7461.19306428571,7493.86517857143,7566.70825,7561.70285142857,7419.88323642857,7342.45151857143,7369.79940357143,7548.31280357143,7644.40701142857,7566.15621857143,7748.69251857143,7904.92556857143,7705.91933571429,7618.62473285715,7780.45181142857,7497.94611857143,7363.68255071429,7411.96850714286,7650.725075,7652.54735,7595.08765,7453.11511,7460.12964857143,7464.43367357143,7466.65164285714,7483.51786428571,7516.26363571429,7368.54361428572,7295.31433785714,7309.53493571429,7367.87290714286,7415.18275714285,7421.92864285714,7430.73191428571,7395.68737142857,7356.86548285714,7331.75984678572,7433.17879785714,7374.96681928571,7391.50185,7163.69182357143,6997.28031857143,7243.00966285714,7489.84150285714,7385.334275,7253.337345,7410.13706357143,7342.24740357143,7533.96436571429,7649.71390142857,7539.9413,7354.62881857143,7323.03605142858,7401.68868357143,7505.53256714286,7562.20608814286,7618.53980885714,7690.84455,7728.97582,7717.37943571429,7689.65937142857,7719.62670714286,7576.41460857143,7633.40008,7564.00945,7397.56789928571,7556.75982142857,7535.15702357143,7627.70651714286,7590.64544857143,7643.11622214286,7483.86918714286,7639.75112142858,7735.67545,7535.13626428571,7553.67348514286,7518.7297,7715.13308,7565.8941,7482.98522071429,7726.10387357143,7511.26258285714,7291.04642142857,7616.14478142858,7524.470555,7245.42264071428,7380.24830214286,7354.17174928572,7199.13708642857,7088.16060142857,7391.90113071429,7215.19328571429,7398.45717857143,7412.79000785714,7471.15260714286,7599.83944285714,7474.04699285714,7703.16740428571,7657.93501785714,7674.66102071429,7594.61714735714,7535.23194285714,7646.4829,7699.16036071429,7536.68488214286,7561.86446428572,7626.54496428572,7592.42871357143,7530.58451928571,7603.666045,7528.61285571428,7632.33107857143,7514.49979892857,7234.273895,7066.75118714286,7021.25394357143,7025.23623357143,7104.09801428572,7353.83847,7360.46489714286,7160.19820621429,7257.43437928571,7404.03662214286,7416.05849357143,7476.13717857143,7527.28226428571,7459.88929285714,7629.72323571429,7538.98114071429,7547.3612,7565.28215285714,7571.44297285714,7532.48875357143,7717.00011428571,7668.99299928572,7776.47170071428,7617.33553642857,7649.68312857143,7608.46895,7801.6191,7678.99783928571,7742.33779214286,7774.45907714286,7698.71579285714,7553.38840714286,7468.98471214286,7341.93302928571,7295.60947142857,7432.14817142857,7390.51576142857,7485.39790142857,7346.94941642857,7410.55710928571,7154.286,7410.34598857143,7560.62443571429,7563.88049285714,7560.31360357143,7510.47655285714,7417.71145642857,7336.72865785714,7371.82377857143,7756.91735857143,7943.19407857143,7772.93029142857,7818.64463571429,7691.85108,7681.10853,7736.84646428572,7800.80324285714,7624.51161142857,7439.09787142857,7489.62385642857,7331.04282142857,7241.09785785714,7235.72671428571,7176.42953928572,7234.56282142857,7190.81205714286,7300.23878571429,7319.32641928572,7188.56953714286,7069.37744,7162.87118,7430.70177071429,7257.43551285714,7505.65129428571,7269.84350714286,7301.78409285714,7247.34747857143,7142.74967857143,7341.14601571429,7316.47324357143,7304.86404714286,7361.44573071429,7167.53101428572,7296.34320714286,7226.50929785714,7201.90051428571,7238.09350714286,7506.44409285714,7322.55741071429,7372.96741,7296.96921142857,7547.41299642857,7571.003485,7561.17862428572,7473.72117571429,7474.55123642857,7513.89583285714,7388.46683571429,7386.52705714286,7473.56090785714,7353.24085071429,7505.17477071429,7545.32631285714,7651.94069142857,7580.33357857143,7488.75127857143,7554.56054285714,7568.46509285714,7489.27785214286,7318.76761357143,7345.19575214286,7501.66421071429,7581.50072714286,7754.67853357143,7898.47617857143,7699.78329857143,7671.02131642857,7739.61732857143,7641.07859357143,7527.07897571429,7637.76046428571,7648.61236285714,7650.05701571429,7749.67712571429,7813.46745114286,7702.02279071429,7826.38932857143,7616.95218428572,7579.94461285714,7419.36564928572,7458.42040285714,7510.21635714286,7408.70853571429,7522.26741428572,7506.55334285714,7528.30366428572,7550.10062857143,7627.195355,7719.88059928572,7598.74067142857,7893.13756,7846.65550571429,7701.60022142857,7760.04667142857,8015.6543,7901.39170142857,7833.26310571429,7553.94551642858,7723.31022714286,7501.47176928572,7442.81734285715,7578.45862571429,7640.14098428571,7476.09778571429,7387.95991428571,7589.31036428572,7569.81098928571,7154.45458071429,7085.35268714286,7042.63068785715,7112.20564714286,7182.54930714286,7356.505685,7300.67379714286,7319.23466357143,7425.06527857143,7648.48406428572,7593.455215,7624.20782214286,7499.77251714286,7580.00845285714,7691.300765,7695.35658571428,7758.97027857143,7767.22638571429,7973.64306428571,7719.46821357143,7835.83881571428,7597.30994928571,7465.62850714286,7586.90098285714,7556.39942857143,7332.3979,7497.30464285714,7635.78779285715,7829.26052928572,7664.16392214286,7663.31555714286,7354.80237357143,7583.74922142857,7443.27757071429,7493.04517642857,7485.67375928572,7509.69945214286,7712.582055,7793.64361071429,7656.42566142857,7681.61368571429,7691.85178642857,7533.57585714286,7465.11560071428,7605.61517857143,7786.16365,7564.61100428572,7496.24690342857,7562.12912142857,7466.82380142857,7706.04038571429,7614.98156571428,7405.08637857143,7435.41916428571,7325.22871428571,7278.66641428572,7566.74253571429,7465.12925214286,7440.57368785714,7575.37294571429,7389.70501428572,7470.70590714286,7425.5201535,7556.49508071429,7439.64533071429,7621.46272357143,7532.57941,7514.77525857143,7522.72594857143,7484.18775428572,7388.97750878572,7609.88117857143,7530.27214857143,7255.93411857143,7155.38252357143,7150.09617214286,7322.67371428571,7541.67259428571,7528.80228928571,7512.33729,7487.85274071429,7519.25433357143,7372.49269142857,7415.44083428571,7117.92404285714,7250.40131642857,7308.91479285714,7202.05424071429,7130.67070857143,7108.54899857143,7478.93355142857,7297.62236571429,7276.51025714286,7321.60022642857,7383.77768128572,7437.91635428571,7454.98146214286,7615.31030428571,7743.96088928571,7690.64276642857,7730.79717428572,7674.71706357143,7498.67071928571,7437.07707214286,7366.32390428571,7265.11929071428,7209.55903571428,7365.55904285715,7324.09086428571,7404.62938571429,7387.47367142857,7253.56462142857,7360.57466785714,7426.66148285715,7461.15276,7495.73690071429,7620.13627428572,7599.72101571429,7615.485145,7652.23319071429,7725.1746,7745.40379,7544.20485428572,7593.15425357143,7572.2149,7606.13942,7417.69412,7344.03847071429,7430.06657571429,7392.08421285714,7502.77456928571,7762.034625,7518.76366071429,7512.63337928572,7608.22032428572,7161.02220714286,7329.73944714286,7850.96835714286,7482.70717642857,7378.07378357143,7486.6338,7436.81622228571,7655.57283157143,7465.12833714286,7505.88142142857,7410.81184285714,7528.36462785714,7517.255745,7383.56349285714,7629.42755428572,7526.20183214286,7714.21883571429,7307.23534571428,7373.69081571429,7523.651745,7333.36370928571,7224.2265,7535.83707571429,7336.76345714286,7410.45261571429,7499.33126,7514.56599,7703.35518571429,7553.72466785714,7584.337375,7300.63260642857,7517.54386285714,7425.74071928571,7360.31664071429,7627.75285714285,7641.19638814286,7718.16361814286,7798.95294214286,7722.85937214286,7722.39190285714,7520.41574215714,7240.02624215714,7230.55269785714,7331.94304285714,7470.43815714286,7371.97220714286,7425.09706714286,7360.53736642857,7228.09669142857,7236.73497357143,7203.52792285714,7161.57726785714,7268.31792071429,7203.24152571429,7434.79794642857,7390.57940642857,7358.88298642857,7488.84673500001,7479.61702142857,7381.13227214286,7388.603215,7329.84373285714,7435.50137785714,7307.53481357143,7547.23547142857,7706.08134071429,7476.77965571429,7325.37380714286,7311.41980285714,7194.98729857143,7082.55217142857,7020.69203642857,6959.16680142857,6865.79199428572,7050.91427142857,7176.26373357143,7152.32694928571,7126.18249,7221.70556142857,7192.71641071429,7222.23353571429,7279.17176642857,7296.02590714286,7369.25366357143,7370.82266207143,7419.08628571429,7551.839745,7498.17202857143,7611.26442071428,7430.51105,7377.00918571429,7226.22175785715,7338.06231664286,7243.24076428571,7238.80146,7253.20562785714,7285.13815571429,7344.43764142857,7328.91815357143,7413.72053714286,7517.80188571429,7511.77608571429,7559.06398571429,7554.142,7383.28381428571,7400.65020785714,7310.10845357143,7494.62451,7256.01690285715,7355.06008357143,7453.23208357143,7431.52327357143,7428.77287714286,7323.17382142857,7400.42325642857,7538.12480214286,7341.59636428572,7433.90932142857,7687.20958642857,7674.26154071429,7588.81688,7267.40291,7348.738215,7327.53775,7362.76701571429,7590.35321071429,7518.10860928572,7617.62833714286,7513.03754214286,7468.29023285714,7406.45551142857,7323.21902071428,7483.06512571429,7551.95717928572,7575.45595071429,7736.04856285715,7637.13751214286,7564.79860214286,7548.04585,7686.25886142857,7419.31502035714,7313.09208428572,7293.53371857143,7328.07216142857,7305.70644714286,7400.05983571429,7233.86810714286,7472.91412214286,7380.76570714286,7426.72253214286,7356.95840357143,7277.76027857143,7140.27551357143,7246.39203657143,7328.00888285715,7201.32574642857,7167.51627142858,7027.96172142857,7100.92865642857,7161.57440714286,7047.88147857143,7006.92748714286,7053.64083,7159.18404214286,7207.32154928572,7134.13459428572,7202.82184642857,7147.60158928572,7127.69800357143,7146.62260357143,7269.92687142857,7268.06270285714,7271.81215428572,7192.88457428572,7387.13785,7258.00284285714,7097.56872785714,7088.01152142857,7057.03886714286,7168.68091857143,7158.34618214286,7282.58594857143,7107.06242071429,7278.51398071429,7122.40885,7164.03036642857,7156.08791214286,7467.57851428571,7290.73871428571,7242.58289928571,7270.63933571429,7420.52168571429,7444.67724571429,7598.08167071429,7501.28675428572,7570.88400571429,7371.79879928572,7314.67067928571,7304.42980357143,7240.68880285714,7335.08475,7385.078855,7351.82754928572,7531.00477857143,7516.17068857143,7638.27332142857,7498.07869428571,7416.68702142857,7400.82326142857,7497.26776142857,7572.56326857143,7758.02677357143,7692.64475571429,7721.42951071429,7605.73324571429,7532.60453928571,7433.54860642857,7377.96891214286,7239.42272285714,7227.32786,7473.05589214286,7337.23937142857,7199.559525,7164.00870071429,7189.6405255,7272.18997857143,7301.29816785714,7351.29915785714,7348.67827357143,7193.455565,7150.60958,7363.64764071429,7393.73198928572,7327.20189242857,7279.95963242857,7342.67432142857,7418.09755071429,7468.74363928571,7386.829405,7325.95089428572,7373.31528214286,7213.58022428572,7266.83730714286,7364.89451,7403.5894,7517.93746428572,7502.30073428572,7537.11673428572,7346.95908928572,7388.92308142858,7348.06277142857,7350.01344642857,7261.42203928572,7585.01639785714,7478.49395428572,7382.75599214286,7436.31739,7433.636465,7344.95546142857,7396.21212857143,7427.23573571429,7461.63263928572,7478.73121214286,7369.09773071429,7396.30769571429,7330.97343642857,7123.82309071429,7214.24206642857,7263.468885,7151.91864214286,7037.23969714286,7441.16895785715,7357.04901785714,7267.81540357143,7394.12545,7426.22058214286,7311.67503214286,7318.48832285714,7197.51718428571,7149.1633,7226.445895,7424.74409214286,7303.18162357143,7522.06323785714,7288.2041,7530.352375,7383.21664,7587.07862142857,7596.59643642857,7514.21615785714,7640.27635714286,7420.62855714286,7451.80473,7447.32673571429,7460.60429285715,7511.04863571429,7147.19392642857,7076.25428571429,7225.94605,7203.31427142857,7250.60755714286,7123.59551071429,7113.615465,7221.97233857143,7414.388035,7668.20136928572,7295.61692714286,7454.50772071429,7556.53940785714,7330.58497571429,7411.239155,7458.31162,7468.645515,7558.87352285714,7400.48143571429,7439.287995,7489.54748214286,7541.67496642857,7593.88545,7500.51926428572,7542.85185,7400.86230142857,7578.12749142858,7428.348615,7425.98895857143,7463.633615,7486.88464142857,7559.37244857143,7466.56029071429,7526.50162857143,7323.84622785714,7356.29062071429,7484.180265,7291.12455142857,7335.5009,7276.49373071429,7084.57220214286,7218.30488285714,7206.08860214286,7393.50156285714,7450.66549642857,7327.85734642857,7449.26929642857,7534.95084285714,7668.05833571429,7712.77950428572,7634.98209714286,7574.68615785715,7549.09412857143,7546.62745714286,7599.76858571429,7410.37374785714,7208.52768571429,7288.7759,7356.93139214286,7492.60593571429,7395.95338571429,7531.24206428572,7627.62168842857,7505.00647142857,7475.46502571428,7432.18362357143,7312.18070214286,7265.92334714286,7276.43931,7354.155975,7315.02875142857,7367.54858357143,7531.64675357143,7593.92522642857,7590.46304071429,7585.99202285715,7462.05376714286,7464.08080214286,7493.68800785714,7495.19104285714,7606.48444285714,7765.14989214286,7748.53544285714,7535.702,7607.25409285714,7529.57714285714,7525.57300714286,7444.21077285714,7512.04026428571,7006.16470571429,7060.98982857143,7199.28132857143,7190.02665,7298.03685714286,7250.51650714286,7186.00205,7322.22445928572,7492.46302142857,7525.17345714286,7473.59241,7382.46360071429,7631.95891285714,7320.309095,7211.65039785714,7255.212235,7259.8924,7188.418335,7392.76015214286,7442.57498714286,7400.79993714286,7522.26808642857,7587.77825,7575.34419142857,7444.11162928572,7208.33847142857,6990.39570642857,7200.82501142857,7355.94812142857,7412.93003142857,7346.51011714286,7401.25229214286,7389.67924857143,7399.34666428572,7505.36762142858,7720.48486785714,7606.81931428572,7475.29506428571,7560.553794,7470.15721071429,7319.42425642857,7238.77832071429,7144.46997142857,7158.31031285714,7216.79876214286,7563.83377142857,7707.24925071429,7758.93345071429,7257.85143214286,7430.07231428571,7287.62547714286,7325.68217285714,7496.84823714286,7321.97244357143,7342.09902928572,7295.93126928572,7426.31687642857,7381.28617642857,7551.80905714286,7582.30977714286,7699.491675,7801.008515,7822.39794285714,7639.77914214286,7951.88592857143,7720.69730214286,7505.226935,7561.15251357143,7487.33651357143,7634.86586785715,7628.43453571429,7580.59453571428,7550.28582857143,7557.94694071428,7828.35899071429,7898.32649357143,7691.89871857143,7644.54509428572,7607.54654285715,7839.09877571429,7760.83078571429,7745.8385,7577.20018,7425.09302142857,7403.75814071429,7591.89484285714,7643.47534285714,7713.39785714286,7688.28464285714,7714.83519857143,7607.15813071429,7494.56970571429,7420.34727142857,7558.73938642858,7450.36188142857,7722.70359142857,7727.51366285715,7725.32242357143,7575.51240357143,7373.61409428571,7344.093115,7513.21934,7373.86761142857,7460.53503571429,7385.52423571428,7541.67496357143,7481.99124714286,7498.31445071429,7639.27526571429,7439.89998571429,7499.12373571429,7572.82222142857,7616.06412142857,7521.90668857143,7376.34885571429,7455.41862142857,7222.33319285714,7174.41335,7278.89283857143,7463.75977357143,7344.04086428571,7560.94410428572,7529.813885,7427.74331857143,7419.12023285715,7695.61322285714,7496.573695,7595.08074214286,7570.54315214286,7473.43516214286,7465.45407357143,7500.06150714286,7847.67875285714,7534.37385,7880.81358,7949.53300642857,7944.28515214286,7844.63696714286,7757.30116428572,7608.35083571429,7649.08662357143,7554.66912857143,7491.79748571429,7292.27940714286,7308.39936428572,7379.88114928571,7363.591185,7387.874,7407.0815,7126.64713857143,7150.41227714286,7202.15266428571,7335.70945285715,7345.57595,7380.59338357143,7309.79052857143,7443.43729285714,7501.52392857143,7416.57678214286,7612.16217857143,7522.46325,7566.08145571429,7554.74597857143,7630.32228142857,7499.87195214286,7536.61328571429,7637.77534285714,7631.51476071429,7633.66524571429,7529.43610128572,7574.72778071429,7407.85251778572,7630.15537857143,7463.31112785715,7348.13798571429,7286.36377214286,7353.34431071429,7392.70913571429,7529.80343571429,7324.40932857143,7430.4444,7376.78339785714,7208.44740785714,7092.19583785714,7265.03508571429,7077.20193142857,6995.05337142857,7058.702185,7056.02816428572,7125.73005,7219.20410071429,7152.53497114286,7203.45045142857,7113.46462071429,7064.89783571429,7261.08604285715,7417.75481642857,7414.81028571429,7360.56970571429,7215.28646785714,6896.00906642857,7129.28306428572,7177.77963857143,7200.89916857143,7185.90075928572,7167.55865928572,7202.19784571429,7279.73564142857,7277.12812857143,7254.80684,7346.63021857143,7331.24971642857,7486.65920642857,7471.66664285714,7251.94629285715,7278.90221857143,7267.07465285714,7331.53069571429,7448.074395,7487.68845214286,7336.76926857143,7465.80822142857,7322.70162285714,7244.31697642857,7469.691175,7567.0916,7467.13739071429,7404.58747142857,7290.09547142857,7462.27183571429,7642.11154642857,7625.10156571429,7599.55405,7496.52874642857,7249.09038571429,7081.63120714285,7565.28831714286,7626.51660714286,7717.92682928572,7575.41499571429,7773.10330092857,7657.53567571429,7689.49124214286,7616.106135,7769.98922857143,7653.13243571429,7593.33205,7613.82779735714,7338.35819285714,7340.73129285715,7325.89169285715,7452.52042857143,7615.73872857143,7359.49185357143,7493.17294857143,7703.23219571429,7633.74794285715,7464.13763571429,7452.07653571429,7553.91603571429,7458.3211,7479.26241214286,7614.438265,7460.04645285714,7582.08372071429,7708.35873571429,7504.799735,7531.59824071429,7395.50489014286,7406.27085714286,7577.59072857143,7404.51659357143,7568.87945642857,7648.95735571429,7604.07188571429,7622.92115142857,7454.481535,7672.55952928572,7628.02682857143,7571.49473357143,7538.79946714286,7495.44907142857,7357.12124357143,7489.08115357143,7530.680565,7478.06823642858,7528.18229571429,7383.51070214286,7372.68700214286,7281.45197857143,7300.30405714286,7349.79913214286,7451.24980214286,7554.13147928572,7578.93454071428,7801.08786785714,7524.19514357143,7582.82401428571,7674.85510142857,7476.28620928572,7553.80544142857,7570.82921214286,7509.18820714286,7565.88747142857,7720.45799828572,7621.42845714286,7611.88202214286,7559.99609785715,7797.31667285714,7545.66105642857,7468.26247357143,7443.57045,7542.39809142857,7561.88150785715,7195.10472714286,7388.31177642857,7353.79667142857,7163.88626428571,7121.30877785715,7127.02201071429,7208.32344285714,7100.84939571429,7134.01342714286,7173.46024285714,7237.68712285714,7128.01662071429,7152.54216571429,7269.25066357143,7365.66042142857,7215.20175142857,7218.22561285714,7199.34295071429,7394.11482071429,7170.31394928572,7409.61325785714,7573.80976428571,7648.00827142857,7483.72330714286,7628.99928571429,7614.00769285714,7552.67910714286,7372.389185,7363.81940142857,7438.90832857143,7355.79136071429,7188.02616714286,7374.50030714286,7425.55248857143,7242.60957857143,7436.39997857143,7460.4895,7423.26635,7516.13313571428,7455.42453571429,7628.58750714286,7633.5097,7587.462255,7362.13235285714,7421.38900071428,7457.372125,7620.14886142857,7561.16492285715,7567.99705714286,7579.01794428572,7680.29854714286,7718.64342714286,7382.28733357143,7353.27826978571,7448.73229978572,7364.79909835715,7275.4169145,7368.65185235714,7270.93531378571,7391.17541521429,7260.5675345,7172.893925,7258.64442214286,7182.947325,7408.69328571429,7555.27384285714,7293.60051428572,7203.1396,7389.04756285715,7356.33506428571,7377.7346,7409.73261428571,7429.79217142857,7519.88067214286,7541.36616428571,7440.72925714286,7195.28736428572,7246.74423571429,7258.16254142857,7551.01944142857,7434.18082,7507.97752,7592.774305,7691.202105,7872.62625857143,7697.17626571428,7528.58788642857,7565.890965,7396.65844285714,7520.63051642857,7609.73737857143,7690.14737142857,7695.76396142857,7756.09351807143,7706.71360164286,7677.15105571429,7554.54681428572,7675.53578428572,7736.15301,7848.44916928571,7631.69398928571,7660.61198928571,7735.35224928571,7818.09741428571,7724.15552571429,7603.78342071428,7473.00462928571,7608.03909428571,7466.84155,7436.07350142857,7447.88176,7540.74521642857,7497.11792642857,7500.31276592857,7546.36709642857,7574.58835142857,7713.94307142857,7602.10548571429,7760.24067142857,7515.18237142857,7334.51277285714,7284.58165428572,7276.88332714286,7367.60629,7380.80686071429,7360.64451785714,7467.31370071429,7359.42669428571,7456.91579857143,7415.18091071429,7489.85265714286,7557.73558285714,7422.55225,7562.64009785714,7331.37199507143,7590.05829285714,7432.40656785714,7461.23414785714,7399.86170428572,7397.06638285714,7482.864552,7527.73229428572,7411.48586071429,7359.40666714286,7454.37756428571,7356.81583428571,7408.12266428572,7414.71922285714,7573.85735714286,7377.47692857143,7213.35607857143,7292.3921,7130.9779455,7103.55122357143,6948.74949857143,7141.30607142857,7241.2342,7230.41307214286,7200.17031428571,7310.12306978571,7381.80636192857,7425.52446192857,7458.78097335714,7433.44027335714,7389.83991071429,7388.53385071429,7436.37106714286,7250.95551714286,7322.00432214286,7334.86086714286,7420.95801428572,7584.23336071428,7577.95397071429,7703.83406642857,7584.89068928571,7850.95522714286,7671.62069071429,7502.75292142857,7550.84699,7455.68416714286,7581.56296214286,7383.75164928571,7478.69872142857,7454.62266,7440.69798285714,7291.59146357143,7210.16430071429,7115.30424285715,7124.27694285715,7263.90577785715,7468.42425857143,7551.75155214286,7562.09634571429,7553.57307928571,7616.62870428571,7548.51691428572,7459.25872142857,7649.54368571429,7445.95825,7791.25717142857,7594.98266642857,7302.50048642857,7305.58489285714,7423.04792142857,7583.59190071429,7528.36024285714,7575.53125785714,7663.46771107143,7617.74492857143,7729.76548571429,7769.42500714286,7686.21573571429,7808.96459285714,7801.69167571429,7766.84528571428,7923.90506214286,7860.17492428572,7735.40882785714,7788.31702857143,7772.96932142857,7883.87137142857,7809.60282857143,7610.59052214286,7757.14024071429,7463.07963571429,7485.15221357143,7412.28112142857,7678.59347714286,7587.84686428571,7555.49502857143,7605.66049214285,7587.22741428571,7451.73753571429,7404.12649857143,7367.03184357143,7570.61244857143,7713.79816785714,7527.04074214286,7252.13743857143,7237.52545785714,7237.034315,7010.51289428572,7083.51120714286,7183.12865714286,7303.8252,7219.88056,7305.72591214286,7296.879325,7184.89966642857,7423.97979928572,7446.39052285715,7443.32853571429,7455.16966428572,7452.55131214286,7570.96507857143,7597.03991428572,7510.67003428572,7648.83096357143,7704.60676142857,7691.68200442857,7511.71731428572,7499.95540357143,7269.10972214286,7384.05542142857,7390.324275,7252.09476835714,7462.25292285714,7441.99746642857,7379.14133571429,7494.59931428572,7327.88128571429,7400.09875785714,7324.35390357143,7259.97205142857,7337.23441642857,7282.68038642857,7242.64145857143,7566.41050714286,7390.32847471429,7338.29421971428,7454.92585714286,7338.05348071429,7579.57985714286,7567.96025714286,7547.26683,7581.219195,7756.08688571429,7431.47645285714,7520.52341642857,7598.49609235714,7293.81096307143,7348.04086664286,7505.03657714286,7495.86184785714,7401.69564285714,7290.59767142858,7364.41161428572,7536.41732142857,7487.13760214286,7505.95446928571,7371.19974428572,7404.84519285714,7162.57039642857,7087.41479285714,7254.95849071429,7298.09958142858,7449.98958214286,7471.64020214286,7557.03988071429,7681.89058571429,7646.526595,7335.73429285714,7499.19322357143,7382.00637928572,7152.42790785714,7243.04386142857,7073.196665,7141.01242142857,7132.65804785714,7148.90366928572,7340.60077357143,7332.18522642858,7279.70134571429,7387.693935,7238.37792142857,7439.69502142857,7532.03600571428,7538.04095714286,7628.77796571429,7506.69705714286,7300.29862142857,7183.03413928572,7399.01547785714,7418.23016214286,7420.45641214286,7191.025195,7351.596545,7373.99019357143,7260.85353285714,7300.25022857143,7378.1731,7487.05667857143,7495.45156928572,7474.93492642857,7494.81707642857,7518.83846428572,7506.33148785714,7580.84197928572,7510.07920785714,7541.81426857143,7491.41694857143,7563.22391142857,7613.80920642857,7352.20647857143,7309.01517142857,7252.99443142857,7365.68058857143,7615.31074714286,7700.50977564286,7632.06219707143,7739.61502857143,7631.084335,7661.106525,7565.874035,7511.74779928571,7531.12146571429,7663.37188142857,7959.64598142857,7809.58366857143,7792.04470142857,7835.71713571429,7822.62885714286,7473.39843571429,7517.94730071429,7304.47785,7381.67115,7261.80003285715,7319.53656285714,7204.78274142857,7503.62374285714,7503.81660857143,7623.27303,7560.00445642857,7599.91984214286,7552.97275714286,7533.51007857143,7281.54119285714,7261.25965142857,7146.49854285714,7452.57626255,7422.45489500001,7479.65617857143,7514.78607785715,7598.02934285715,7592.36018785715,7365.78578785715,7398.25598785715,7342.340805,7352.53949142857,7474.03239571429,7534.74366142857,7484.18344142857,7314.58746642857,7294.23397928571,7290.29490214286,7272.2690005,7476.73066335714,7429.35656071429,7498.67874285714,7426.01142142857,7535.58440714286,7576.05143214286,7589.51061142857,7551.24299,7636.16462214286,7631.11025642857,7544.541315,7569.84619785714,7616.29443928572,7577.31611428572,7425.45988857143,7355.59567357143,7401.19228142857,7338.98765642857,7451.72405642857,7444.04256542857,7710.78784285714,7814.14969285715,7660.47220142857,7577.53843571429,7676.47522857143,7443.27132357143,7524.37394214286,7375.38975,7412.49348857143,7524.59824428572,7447.78711214286,7388.08029857143,7346.48467642857,7341.49474928571,7444.39084142857,7534.65687,7470.952755,7411.52227857143,7482.67420714286,7498.76569142857,7461.27494285714,7610.03278571429,7546.5987,7611.82014714286,7630.58493857143,7590.68928214286,7507.03415357143,7382.66415357143,7372.94201642857,7329.26606428572,7299.96057857143,7273.81120071429,7340.37548142857,7350.77204785714,7450.90466285715,7534.43057142857,7582.64525142857,7674.28832857143,7621.76197142857,7776.90613285714,7890.29852142857,7935.51312857143,7974.21794571429,7961.65642857143,7837.00651785714,7767.59945714286,7686.26521428571,7688.19903571429,7603.73586428572,7568.44491142857,7469.06317142857,7518.62314285714,7444.84070642857,7112.37477571429,7154.39331214286,7269.16961307143,7476.10726857143,7579.45419928572,7777.32814214286,7686.85749785714,7603.75333357143,7635.96352071428,7454.78610571428,7607.79688571428,7576.53036714286,7544.31178571429,7431.96345928571,7400.96155214286,7526.48860785714,7385.96318571429,7581.78998571429,7784.08751428571,7684.86024714286,7658.61417714286,7577.07062214285,7755.31950785714,7881.70567214286,7782.04609285714,7545.08570714286,7530.92033142857,7598.19899142857,7659.76498214286,7608.45346785714,7742.59704,7729.07437142857,7580.98612928571,7580.45149357143,7514.44613642857,7542.008585,7747.37888571429,7790.65723142857,7599.09331,7460.1067,7547.62537142857,7434.09772142857,7412.77601428572,7486.64171428571,7590.46988571429,7575.6085,7569.18272857143,7681.08600571429,7451.55037285714,7535.81058285715,7838.56649285715,7518.41541857143,7660.33781714286,7581.33830214286,7664.144685,7471.246285,7505.326585,7537.91577,7493.169235,7674.13111571429,7680.45207857143,7568.56216571429,7717.56222857143,7733.99877857143,7803.55367142857,7580.01341428571,7596.71711428572,7324.88211428571,7224.90894142857,7180.25232857143,7189.59530714286,7185.30267857143,7031.16224857143,7159.18146357143,7103.02774928571,7233.58897142857,7218.17425,7301.337842,7249.06473057143,7290.214602,7442.17249142857,7299.63559285714,7212.65368642857,7250.46406857143,7158.32683857143,7122.62320571429,7167.56848,7403.52273857143,7357.48084857143,7470.18705714286,7525.67901428571,7320.55955285714,7312.60580642857,7313.82917857143,7297.47649071429,7288.11150757143,7295.12285714286,7402.44620071429,7308.06720357143,7335.959315,7210.60516714286,7142.70152,7190.46316642857,7408.38830457143,7512.51003071429,7217.131995,7206.90750571428,7502.40014285714,7330.72860214286,7218.64816275,7197.40955571429,7310.58701428571,7325.75176085714,7247.20447857143,7171.37706857143,7490.56808642857,7483.90410428572,7277.23747142857,7410.04615,7342.34443285715,7321.99208214286,7271.64468857143,7473.75403714286,7459.57072714286,7591.43612428572,7525.57119928572,7440.71351714286,7619.66420714286,7472.13824142857,7531.4648,7365.33175785714,7404.51130714286,7364.64544285715,7272.14530142857,7435.63120714286,7265.30537642857,7324.34536642857,7468.92565642857,7486.26808928571,7409.82181357143,7504.84463714286,7445.29036285714,7415.87203571429,7611.68236857143,7367.22270785715,7357.97725142857,7403.25125,7440.32089,7279.33639285714,7399.37141428571,7318.18654285714,7067.82152857143
717.061224489796,7764.09852755102,7631.40464918367,7924.08824061225,7915.05350857143,7731.75119693877,7714.13485377551,7684.19886826531,7932.57840091837,7727.56352234694,7706.70678734694,7912.59678234694,7859.51353153061,7707.22081336735,7638.56949234694,7737.74454489796,7491.89191989796,7574.16067244898,7658.75932571429,7640.77352367347,7669.6784247449,7755.57789704082,7815.7343377551,7776.67732489796,7786.2606344898,7766.31367693878,7891.07191653061,7723.91971428571,7621.8803744898,7731.8571404898,7917.82191602041,7750.60316836735,7644.846185,7374.72727704082,7482.72971336734,7532.2785627551,7476.97143153061,7592.59894683673,7666.57413469388,7856.45626938776,7722.65002061224,7763.63478530612,7891.86269959184,7749.75801081633,7745.16383163265,7775.68757704082,7493.92430857143,7524.25898061224,7624.63261846939,7591.72571428572,7654.40920448979,7702.58779642857,7685.20583622449,7668.13596122449,7651.92224367347,7668.85472755102,7737.24317755102,7933.15943877551,7888.15778265306,7885.07441326531,8045.79269693878,7790.61222306122,7819.13511530612,7819.3822044898,7908.1962377551,7845.1024577551,7705.98909285714,7782.20339857143,7757.08510091837,7777.93769193878,7846.99787193877,7918.05067551021,7897.96354660204,7748.44192193877,7803.75865285714,7744.92155979592,7485.05912489796,7638.39642102041,7699.89659653061,7675.8579972449,7747.59545346939,7960.04141346939,7853.06295081632,7827.35464979592,7824.0933705102,7799.55986520408,7858.11706020408,7656.57767489796,7521.16892489796,7618.13370346939,7458.27770346939,7508.46569714286,7379.11976714286,7438.98619214286,7530.6019115102,7567.98229306123,7543.79740306123,7432.12270306122,7509.3043777551,7376.37022091836,7499.31959183674,7479.09188581633,7419.36494683674,7661.99143663265,7594.48477081633,7630.47274897959,7765.07909683673,7687.14651153061,7610.20621265306,7645.33570265306,7699.47991836735,7600.92876632653,7764.29190979592,7819.55154306122,8030.83877836735,7969.79934846939,7816.89756938775,7771.89974040816,7784.38141420408,7623.45153744898,7608.17015214285,7878.01713714286,7778.30230061224,7746.93861061224,7788.57957938776,7528.24699632653,7736.75821632653,7469.87285959184,7421.58311285715,7567.41568673469,7785.81982510204,7797.71078142857,7537.23176285714,7708.17450204082,7641.44112816327,7552.37479795918,7552.21351867347,7571.62631566939,7635.85114467347,7700.5131977551,7758.76694479592,7692.8957944898,7760.09855794898,7662.36184591837,7594.49040795918,7585.51667755102,7568.83988836735,7435.62850816327,7531.57299530612,7454.35899938776,7693.30003489796,7708.32343428571,7677.1559535102,7692.79678763265,7715.63830918368,7689.33123785714,7645.47095285714,7647.49608520408,7832.14338326531,7899.84346561225,7623.65657632653,7585.02962734694,7681.61017663265,7725.40701336735,7708.41076418367,7736.56539744898,7861.08033653061,8190.73800530612,7991.65122285715,8135.62536591837,7827.83916502041,7922.24720295918,7892.17315020408,7916.70228540816,7740.83129693877,7774.8675905102,7735.93069704082,7670.1737,7722.503065,7876.55047867347,7781.82316816327,7624.93623316326,7535.53280102041,7727.08895234694,7618.90748928571,7776.09249020408,7796.23722540816,7816.8306482653,7909.01019357143,7831.33716785715,7905.48772306122,7824.79924642857,7864.38207969388,7903.85449938776,7844.02164714286,7895.33926091837,7915.37638091837,7713.83293244898,7735.18383528571,7620.89322528571,7605.37199816326,7864.43177571428,7805.77209071429,7660.73941326531,7596.77399714286,7561.35450418367,7566.7471027551,7555.73039346939,7545.69051734694,7390.10967102041,7382.13952142857,7402.65204081633,7384.02614836734,7445.23958591837,7616.8185967551,7444.05924240816,7358.92581442857,7453.23756834694,7698.36621561225,7422.08915826531,7534.68909010204,7494.00297285715,7556.13329010204,7478.69875428571,7603.85423877551,7687.36665153061,7684.15738752041,7651.44251058163,7600.63277405102,7721.78982877551,7926.17419183673,7641.7284944898,7785.68223265306,7756.66629989796,7639.92386010204,7487.83654591837,7541.04738102041,7505.77219530612,7666.13053918367,7872.00830081633,8029.1241122449,7895.5751772449,7806.33719285714,7938.04085877551,7911.14175346939,7893.23647346939,7941.14194040817,7917.9126044898,7835.53372306122,7838.00130806123,7870.44539663265,7801.30728163265,7818.87838163265,7551.46293163266,7612.33867306122,7610.91037244898,7681.07051285714,7726.68038530612,7649.02275571429,7634.83059387755,7684.822345,7709.280845,7850.591045,7748.81979193877,7758.07314454082,7943.61551397959,7882.75757112245,7913.00147336735,7895.57506336735,7825.96646438775,7878.43645204082,7782.85602030612,8053.50381717347,7750.94102367347,7898.31616061225,7901.38767234694,7849.8919705102,7685.26538469388,7820.84148469388,7636.16274714286,7764.16455887755,7915.8691405102,7935.51801469388,7836.39465306122,7729.81732816327,7709.83149244898,7928.85772928571,7899.39196163265,7880.93740142857,7896.48568704082,7548.84873571428,7486.54360489796,7574.83736540816,7661.73067183673,7716.31132142857,7725.03333438776,7705.28643418368,7874.89556262245,7855.16492326531,7905.73523877551,7677.27675846939,7749.4887322449,7764.1978622449,7630.19868489796,7434.28040489796,7651.32637153061,7410.17065193877,7436.44932030612,7356.92556591837,7509.52036632653,7556.04447632653,7514.03124489796,7705.6908677551,7784.54057244898,7807.11306265306,7858.82471653061,7712.73533683674,7715.68595734694,7774.09042959184,7933.51360948979,7799.89266428571,7700.44696428571,7675.64657653061,7520.88565816327,7500.0830477551,7591.73498673469,7824.43593020408,7512.17575663265,7646.40349816326,7659.42616020408,7833.34723622449,7766.2049690102,7654.87002255102,7785.56587397959,7848.10775989796,7985.20902755102,7848.2450772449,7732.77905255102,7826.39983091837,7643.30693693878,7845.93974377551,7782.3944877551,7746.56674234694,7863.28933091836,7911.09383826531,7923.3609132653,7887.07108979592,7572.71753336735,7804.07300193877,7787.43717306122,7773.96961867347,7874.31221520408,7877.18280857143,7742.27945938776,7736.45539714286,7706.34468459184,7898.07596918367,7742.89787346939,7810.76956285715,7971.03677142857,7893.79936346939,8017.5357277551,7969.93386632653,7742.07747561224,7683.05180857143,7687.38913938776,7632.63151938775,7655.89142581633,7631.41872959184,7649.88447602041,7515.10432183673,7702.6314155102,7635.1130805102,7624.86411285714,7593.85129663265,7553.9272305102,7746.16880448979,7673.73898714285,7687.12176734694,7911.61286204082,7669.5367122449,7747.2277122449,7652.28723020408,7770.26719367347,7803.80411785714,7723.28850612245,7723.5461544898,7932.70665744898,7936.76564918367,7819.14598846939,7820.82936183673,7825.68319285714,7883.10709285714,7694.17949081633,7836.10087163265,7566.66632173469,7669.63101673469,7650.59568673469,7562.27212193877,7452.3507677551,7467.61590377551,7704.98639785714,7603.94278102041,7784.38820204081,7817.30188555102,8049.54155877551,7767.50871367347,7823.60208255102,7859.69133163265,7526.33315397959,7644.87812061224,7579.95954648469,7554.94454373469,7532.41782469388,7395.3871877551,7190.43349846939,7254.12687714286,7543.09568122449,7565.07218622449,7585.63179022449,7521.20421520408,7476.41207387755,7566.32206979592,7527.95361326531,7481.85504081633,7481.59430581633,7823.01241632653,7828.31515132653,7851.79306632653,7940.10375204082,7822.36971091837,7697.94780361225,7784.28860663265,7640.66248897959,7801.96378,7819.44180142857,7899.74641428571,7765.34983979592,7714.62048877551,7730.96985540816,7635.46644234694,7882.10884142857,7765.62080928572,7598.35444938775,7556.3970322449,7573.49785204082,7512.59637020408,7610.42098003061,7700.0491777551,7835.5571277551,7789.08078795918,7536.40082242857,7673.66180102041,7901.87469795918,7788.20239795918,7711.89624979592,7690.04526642857,7477.24861010204,7681.86714306123,7765.09857061224,7791.75943714286,7724.59812306122,7754.41883285714,7866.75067678673,7769.79372010204,7845.97893591837,7848.10065469388,7893.19683795918,7850.0435794898,7812.29037112245,7685.96183469388,7814.12296306123,7801.49467132653,7750.16151092857,7793.45222642857,7708.07988877551,7634.89323877551,7455.90097255102,7536.4223972449,7268.45075357143,7416.83651938775,7424.37995357143,7546.36274510204,7575.42433010204,7703.37631071429,7744.93871265306,7739.24225938776,7778.77208938776,7747.47096755102,7751.05656571428,7805.08055408163,7696.73053170204,7566.88919071429,7718.72339591837,7856.14154591837,7960.76002244898,7950.5362094898,7918.20839438775,7907.21010316326,7957.15179316327,7940.35089316327,7955.27035877551,7926.7188744898,7952.42582153061,7896.17787469388,7882.61534979592,7885.93036255102,7775.59284755102,7868.1254285102,7788.69120897959,7927.6339955102,7794.7715372449,7986.73450231633,7882.76194081633,7914.91646795918,7819.06382653061,7953.64218234694,7803.83409418368,7944.68048663265,7911.76928693877,8027.94950173469,7878.53176980612,7760.20294152041,7834.28397704082,7909.79888510204,7934.7183244898,7893.20965010204,7888.42667081633,7855.65786581633,7771.87708316327,7747.03050561225,7564.88221551021,7623.48279469388,7614.2743044898,7672.31350938776,7763.53473438775,7969.92023877551,7719.85735913265,7678.54225010204,7694.70781632653,7745.82061020408,7615.5218122449,7552.77600836735,7668.99031836735,7837.23220408163,7683.46908061225,7748.53782244898,7598.94503877551,7597.47888877551,7585.7835805102,7546.842675,7677.38085211225,7614.64919469388,7482.27821938775,7429.64585341837,7524.55513122449,7429.9125044898,7511.8206312449,7516.22498346939,7636.21733193878,7416.59954346939,7550.92593877551,7581.35274489796,7662.35671346939,7736.08295693877,7270.17733704082,7400.88026397959,7432.97185816327,7514.9705,7481.79871653061,7581.09969561224,7660.86823153061,7621.30194510204,7526.81938581633,7513.10997979592,7595.02323653061,7736.47962244898,7826.59685602041,7887.21663683673,7923.66358663265,8119.91064469388,7897.50257361531,7841.06337055102,7980.41886938776,7872.10473510204,7810.30772061224,7797.03241938776,7923.04595959184,7808.30038285714,7718.15356397959,7882.56294204082,7951.98550469388,7763.15252979592,7892.78031,8012.25397346939,7916.15329367347,7845.83823112245,7906.46178622449,7971.65802673469,7976.76737755102,7810.09438561224,7683.85402561225,7491.67721938776,7372.04288081633,7604.91910959184,7446.580345,7610.72568581633,7623.93712755102,7577.03717785714,7573.87197795918,7676.65529435714,7679.44564387755,7764.20405102041,7660.2830755102,7581.61772714286,7608.42181887755,7609.63480683674,7541.4658022449,7501.77289887755,7388.6519782653,7357.79326040816,7431.98732061225,7618.19088561224,7533.10871918367,7658.83617653061,7592.64111836735,7906.7007889898,7890.9423622449,7771.09383561224,7730.25901836735,7767.7810377551,7624.79393571428,7725.20323469388,7741.1510777449,7820.6014077551,7907.78381183673,8001.7916,7975.63907846939,8101.88786346939,7680.35280846939,7682.76516040816,7523.48095040816,7464.81802306123,7583.52685918367,7340.84416020408,7627.26253622449,7703.25822653061,7813.52721602041,8001.43993867347,7634.18483795918,7680.98345346939,7820.74979387755,7633.15670969388,7569.95786969388,7504.08840540816,7529.70572438776,7518.78442877551,7373.5597527551,7446.17093826531,7374.17468183674,7488.95585918367,7595.0576244898,7696.1894522449,7921.99462110204,8017.63771510204,8022.06392193877,7652.78937091837,7583.0821144898,7895.24419546939,7675.18049546939,7692.56677591837,7745.36790428571,7737.32766938775,7669.79718714286,7833.86129234694,7650.75766683674,7816.96891479592,7644.48065979592,7347.67523142857,7434.06959346939,7192.95111357143,7151.11854163265,7549.53122061225,7458.36930642857,7600.01539591837,7623.66947826531,7738.03429183674,7608.54952183673,7541.53279183674,7589.93966010204,7673.24233581633,7630.40471704082,7665.39133112245,7712.07522040816,7620.86190102041,7421.97733479592,7505.10730836735,7586.06356010204,7694.08005540816,7699.53954081632,7532.7228244898,7581.75752346939,7578.81616397959,7725.00690397959,7712.05240918367,7765.30449357143,7837.93241122449,7566.68860714286,7615.55720214286,7908.09289571429,7892.33627948979,7857.7582877551,8077.82921306122,7756.06892642857,7962.84417806122,7721.20662989796,7868.30139469388,7592.00599081633,7635.0098694898,7704.92126846939,7875.30465061225,7863.33742561225,7847.46220408163,7831.00443316327,7872.89481418367,7853.28050887755,8127.61497836735,7924.61226785714,7727.30320795918,7881.79185265306,7690.49566459184,7746.96270367347,7702.8378582653,7675.32751846939,7580.92762755102,7612.20817061225,7696.24700653061,7707.68450653061,7712.67469153061,7885.76112969388,7826.73286469388,8047.66862418368,7827.02712765306,7726.23400897959,7558.53434265306,7679.11806469388,7669.07670265306,7705.78952653061,7726.73833214286,7677.08543530612,7689.81094030612,7522.83766993878,7477.96337493878,7651.91541387755,7778.14456530612,7918.54162346939,7863.78530846939,7761.43271755102,7721.98609367347,7669.27707987755,7681.1413722449,7734.93406489796,7713.4670894898,7794.22210734694,7633.88358234694,7409.47492122449,7686.90578989796,7713.92224153061,7616.13181551021,7787.88488530612,7868.36836734694,7663.15853683673,7852.46523142857,7755.96928642857,7820.65261642857,7942.91735959184,8127.55777379592,7843.11786155102,7676.8874132653,7721.68759979592,7813.15301163265,7609.99571163265,7623.82653265306,7517.67577887755,7610.57315755102,7680.05782653061,7558.11246734694,7513.59140295918,7610.58557326531,7647.50261326531,7800.16720102041,7747.31622948979,7613.3615355102,7702.0457205102,7647.20833540816,7628.02146897959,7804.63891448979,7896.47900030612,7852.01759642857,7942.11197857143,7876.80207806122,7884.51103877551,7817.42928377551,7684.76338571428,7543.99997367347,7518.78492744898,7412.88941244898,7418.40666285714,7554.03185612245,7265.79833,7430.3719,7463.823175,7469.44442867347,7484.50508285714,7488.22871163265,7387.66708765306,7526.96676234694,7401.59519744898,7464.64172806122,7272.04749540816,7170.60163367347,7301.65169683673,7386.63094826531,7397.7615877551,7473.10275846939,7491.90407542857,7432.12069857143,7426.81804367347,7347.16609762245,7191.91169683674,7477.90333330612,7642.10273763265,7659.40148928571,7681.97324744898,7546.91210683673,7604.29227846939,7752.3033372449,7729.35849920408,7700.20294765306,7751.28916881633,7759.94774157143,7703.3566247347,7657.8799722449,7753.09775102041,7791.40234183673,7870.23104795918,7696.41268979592,7563.7430305102,7556.62837714286,7629.29312877551,7614.45587306123,7780.79362234694,7837.0590677551,7936.23705472449,7792.89078102041,7891.49198591837,7927.12096091837,7800.85426091837,7827.15789387755,7611.40841530612,7655.52634795918,7570.3783,8035.79084897959,7833.59315132653,7916.00733785714,8034.30508306122,7954.90765,7962.28680816327,7887.69650714285,7940.7309127551,7868.85605438775,7886.18131489796,8096.07777142857,7842.36049183673,7876.1208905102,7964.13817551021,7594.63751622449,7637.71914387755,7773.81624479592,7987.66399183673,7971.49609642857,7795.86915755102,7990.06961877551,7871.96332255102,7848.04420322449,7894.75509887755,7822.0204444898,7903.19229397959,7762.43190795918,7836.41313667347,7672.68430714286,7604.13959693878,7591.0546132653,7414.08183367347,7473.61968367347,7530.23324938776,7440.42246122449,7491.32555663265,7500.97507163265,7691.84935683673,7672.15848061225,7778.79942469388,7802.45998816326,7847.51276367347,7727.46343540816,7664.58017979592,7794.09008979592,7716.35243061225,7874.77385295918,7827.10366040816,7940.16990612245,8077.4466872449,7843.07135867347,7907.86722836735,7638.3132544898,7599.93264642857,7624.87867897959,7463.5995122449,7588.06604663265,7404.33217010204,7508.9235832653,7447.81528744898,7297.95570765306,7157.64585857143,7267.37099510204,7172.35882867347,7492.83290397959,7239.24052326531,7426.97416632653,7499.26144908163,7657.87841540816,7698.30851479592,7701.22197183674,7755.53290428571,7715.89822428571,7651.20978979592,7598.64948061224,7567.26784285714,7722.71733459184,7793.99592704082,7911.07708795918,7987.17310408163,7772.84733673469,7757.28165428571,7932.27148255102,7907.48839897959,7719.68523153061,7725.89507755102,7759.64902857143,7831.15982193878,7687.07499989796,7696.93528306122,7564.33280408163,7654.58633285714,7329.10889163265,7383.70340285714,7412.4352644898,7295.85907173469,7781.73196510204,7754.58187795918,7698.22898438775,7599.70553928571,7996.31567704082,7707.75704102041,7810.62139857143,7888.16521122449,7877.59890040816,7714.78788622449,7879.86250255102,8020.45778755102,8024.68891255102,7949.311975,7779.0849884898,7858.41912571429,7793.25061520408,7776.83058785714,7684.40888806122,7943.14504030612,7872.18197071428,7872.05192071429,7986.89008438776,7858.92302326531,7795.15455887755,7692.58908214286,7748.91822489796,7630.27461061224,7724.40231030612,7938.57126030612,7797.92671346939,7529.27410346939,7608.35215959184,7609.45687836735,7652.21307551021,7621.06120346939,7665.16513591837,7672.114635,7826.88825,7971.03201673469,7681.47798612245,7615.26367040816,7618.82625897959,7562.96085877551,7551.19909122449,7559.01511887755,7541.83973408163,7526.56041867347,7571.21945,7586.61000530612,7891.73987755102,7662.0311622449,7613.45122693877,7331.72719357143,7364.99388469388,7422.0580194898,7577.62095887755,7318.31514918367,7351.59050253061,7393.59758608163,7466.76672446939,7509.65503671429,7574.97238487755,7531.43305732653,7640.91849691837,7612.90672346939,7823.87963663265,7776.03679591837,7811.97154377551,7854.37855908163,7850.95818755102,7938.70670928571,7877.25244183673,7779.09645846938,7823.88436621429,7784.47185396939,7641.93930479592,7860.92593163265,7820.52622071428,7620.13932367347,7682.81032989796,7497.9604172449,7734.98129010204,7611.74870438775,7636.80616214286,7607.89549214286,7500.64848479592,7629.69790887755,7795.56990387755,7862.87369285714,7778.45343265306,7549.21202346939,7446.62693316326,7280.099185,7273.56894357143,7432.65292642857,7353.84964101021,7201.66271102041,7537.55617459184,7500.19810887755,7477.68918265306,7403.21608428571,7379.76929132653,7445.59660122449,7376.86955897959,7397.58165510204,7237.73200642857,7466.43828204081,7020.99793128571,7239.92284918367,7237.58114591837,7464.90469091837,7436.75154693877,7445.46133510204,7522.28603632653,7646.97911785714,7859.92261714286,7689.49919295918,7579.68878479592,7527.69454469388,7530.98679795918,7630.43915204081,7567.67696163265,7418.26508744898,7593.44047795918,7851.83920795918,7787.643775,7848.28236836734,7779.84160428571,7818.18295,7788.77749336735,7823.69236122449,7723.69146122449,7812.20758367347,7795.8507755102,7928.78630806122,7883.7367805102,7943.4902127551,8005.75089887755,7951.72740091837,7976.85901714286,7983.50822020408,7948.10779897959,7864.78269734694,8024.45244734694,8072.77104734694,7935.39203755102,7827.88094540816,7930.32165734694,7959.58406571429,7971.38869969388,7855.5954977551,7928.31833979592,7816.03706808163,7898.54462979592,7835.98734132653,7553.19969867347,7650.84928846939,7509.05959051021,7767.67084479592,7734.2398732653,7502.36769734694,7811.30490214286,7731.45974284694,7891.15878112245,7707.97477795918,7552.74046520408,7446.11702418367,7616.02131867347,7775.22250510204,7478.9904077551,7611.36001846939,7550.52074551021,7660.27940489796,7571.52990163266,7473.23579663265,7517.21064357143,7436.65706418367,7577.20584795918,7605.70559387755,7666.27713979592,7458.60826081633,7543.92566428572,7501.48205755102,7511.81897044898,7559.02769295918,7718.04826295918,7635.50332816327,7636.12121281633,7647.21222781633,7575.71743285714,7507.6950327551,7662.82008336735,7705.63729795918,7746.07832714286,7652.55221653061,7504.11154704082,7641.83176704082,7548.27403030612,7725.97103469388,7527.40760438776,7650.45456142857,7659.52819704082,7824.63828642857,7595.33558142857,7431.75306642857,7378.20210642857,7619.55306857143,7491.24483591837,7477.50261530612,7760.14327683674,7835.03910306122,7892.20064693877,7839.66050795918,7864.79939581633,7955.19404571428,7793.6308107551,7750.6788807551,7808.2647807551,7920.95095959184,8058.63532744898,7872.00221818367,7735.71357204082,7478.85053469388,7540.41058673469,7735.98931591837,7601.78586122449,7622.41473214286,7722.92297265306,7854.35286071429,7702.58079071429,7875.30876551021,7926.80040255102,7918.28349010204,7711.12788163265,7462.5797744898,7494.3104744898,7517.64726755102,7548.59517755102,7457.91578163266,7779.92660806122,7568.25778887755,7394.83428081633,7641.59185653061,7585.54616663265,7538.26964969388,7773.72531,7806.33188479592,7848.31607214286,7792.59050061224,7733.98774367347,7780.28992367347,7671.11609346939,7733.07481663265,7447.66388367347,7287.92723030612,7301.729765,7353.93428168367,7717.77096316327,7610.40646448979,7710.59266969388,7766.4487522449,7709.41878591836,7509.4696822449,7503.9090432653,7591.24197265306,7968.32031428571,7745.52143428572,7630.12099071429,7826.61778071429,7953.69405938776,8048.54737938775,7937.53893438775,7987.5298444898,7677.78806346939,7661.67735173469,7704.41239061225,7614.16763561224,7508.25779755102,7512.56830204081,7379.56980673469,7432.7913767347,7793.10078877551,7704.85287755102,7785.20664693878,7452.08464326531,7496.39169632653,7391.30977326531,7422.80376469388,7390.83746632653,7662.62372857143,7572.0042744898,7564.91170387755,7468.96556397959,7501.99211616327,7408.1394277551,7434.05944244898,7370.79159510204,7411.06254602041,7395.83161102041,7477.8419727551,7469.5535877551,7679.75534908163,7719.66544806122,7819.74849561225,7822.01319683674,7763.31748510204,7788.62047928571,7785.95557122449,7932.00520795918,7807.41850653061,7725.9632872449,8042.11858816327,7969.97156728571,8048.67238479592,8076.73269438776,7788.9995027551,7751.0324722449,7791.63601030612,7801.05013091837,7822.75652193878,7797.98211642857,7697.62277142857,7607.71092581632,7618.13014214286,7577.3371222449,7291.24825755102,7553.28613285714,7546.10035097959,7463.52423714286,7423.44936448979,7354.7082944898,7333.92047710204,7370.16705744898,7361.98729489796,7398.11687969387,7537.7923532653,7789.45871112245,7657.37392704082,7568.75644632653,7556.20093877551,7920.84808163265,7759.04007081633,7678.54168673469,7959.12280091837,7662.05422265306,7476.97811469388,7585.5091255102,7617.23863877551,7675.14888428571,7789.00293928572,7796.95208061224,7589.40080102041,7534.98419316327,7480.78975602041,7523.28897102041,7504.67370010204,7424.52638091837,7501.50126632653,7667.95505183674,7424.68301438776,7571.71541653061,7540.769155,7489.41812908163,7641.56679397959,7601.77389448979,7709.74280234694,7936.14025877551,7810.2568455102,7562.5554572449,7725.60813989796,7730.32261183673,7654.36873808163,7622.31227142857,7561.88609908163,7675.901855,7500.55588,7732.39320408163,7480.65128408163,7687.91972183673,7488.73054591837,7626.16249928571,7713.30028061224,7722.30569897959,7936.66527285714,7716.13997346939,7770.8465355102,7854.97890408163,7890.01752071428,7827.33288551021,7915.72135469388,7838.26503469388,7764.81268397959,7524.67574030612,7804.49425346939,7770.98887010204,7856.82241030612,7886.73909836735,7741.80918397959,7909.91055336735,7945.93285540816,7820.21179040816,7824.74477377551,7843.90806408163,7774.46867836735,7824.20893877551,7702.67468938775,7816.15011081633,7811.22060571428,7814.25758265306,7778.73011142857,7806.7489355102,8014.67922714286,7755.89634463265,7543.68113734694,7687.60343204082,7843.02565857143,7795.26438857143,7895.91446663265,7672.58473102041,7689.00988683673,7834.64549755102,7867.39156132653,7774.02970132653,7666.39743632653,7884.94641979592,7801.10342010204,7710.56182479592,7695.19962591837,7659.08359755102,7569.67058785714,7918.44410632653,7805.75382040816,7874.26775030612,7839.3525622449,7847.59725959183,7887.49907459184,7793.59053959184,7877.66451959184,7936.72713030612,7982.79126908163,7839.24544510204,7940.49684316326,7732.54151326531,7641.09909183674,7749.91601265306,7685.0456877551,7503.90682489796,7635.45098163265,7838.45843571429,7820.68076214286,7901.19458673469,7709.57599081632,8004.5399055102,7937.4151355102,7963.04826510204,7866.33335408163,7859.11908204082,8101.52821153061,7939.43799795918,7845.7560777551,7758.73338693878,7810.00793326531,7641.21184479592,7880.87759091837,7667.77389469388,7711.36791591837,7859.95064795918,7856.95478336735,7921.89121734694,7749.61201367347,7643.500885,7901.32638102041,7703.5421655102,7779.73996602041,7527.65324785714,7623.77488469388,7422.26224540817,7330.34336714286,7538.11652316327,7391.00951408163,7606.28036438775,7841.87728346939,7791.91721081633,7638.63096612245,7751.76176142857,7631.49760285714,7923.56156938776,7936.38855071428,7688.9173605102,7770.52254193878,7667.28284336735,7519.91350989796,7553.86613265306,7507.45839285714,7911.40821122449,7884.76105102041,7729.6251044898,7709.10511479592,7741.56138979592,7855.39082979592,7732.15115693878,7654.82494193878,7717.0883472449,7552.6778255102,7503.17664122449,7400.19320222449,7554.41398622449,7752.25284489796,7635.34805816326,7706.18502214286,7809.77140153061,7657.60652438775,7676.51603897959,7769.31981428571,7892.51413346939,7936.19361244898,7898.90919,7884.52178938775,7861.03275520408,7583.26399132653,7510.25316642857,7335.34189183674,7453.0486805102,7553.91301202041,7569.86980642857,7472.49950959184,7555.90514428571,7696.71071798979,8004.55143594898,7884.15945870408,7775.89680163265,7779.57248869388,7776.00691857143,7620.04130861225,7667.21865938776,7649.84076693878,7754.3697944898,8072.7987877551,7746.41816408163,7766.0925944898,7790.92197387755,7835.90103969388,7691.19338285714,7751.00690897959,7747.6673077551,7848.39114629592,8114.31681755102,8003.97777755102,7906.15396030612,7756.59823489796,7960.44575989796,7820.60688163265,7999.61152632653,7730.25704612245,7856.79591897959,7892.37088204082,7707.10019183673,7660.91867040816,7654.33546336735,7667.76216183673,7668.71487510204,7745.05662377551,7753.87405204082,7939.22672030612,7690.33626612245,8060.57162714286,7780.21138002041,7489.74972479592,7447.36021163265,7484.26538487755,7337.19237040816,7342.42853193877,7529.97594142857,7485.5071555102,7465.11861102041,7341.67380163265,7470.58589122449,7418.86691306122,7480.22053163265,7439.13986653061,7409.31924571429,7653.58805520408,7640.16381428572,7587.99987683674,7713.93044714286,7707.6291227551,7506.16298265306,7499.67141734694,7486.20943367347,7496.85892959184,7544.05149285714,7548.38952030612,7611.97645918367,7660.66444377551,7604.95772122449,7678.34477653061,7695.15358071429,7739.38752214286,7617.07429387755,7891.96034326531,7896.2876372449,7896.5115172449,7907.49577877551,8059.85020061225,8077.28937571428,8108.43910418367,8003.58418367347,7706.69252142857,7710.43592244898,7864.24218826531,8117.98958571428,8130.05607571429,7923.06821081633,7958.96061561225,7918.37353867347,7676.64429877551,7548.45366638776,7695.85098285714,7509.6996672449,7610.7352094898,7704.01099969388,7693.09732204082,7666.8552755102,7844.12117704082,7760.39467020408,7687.73358897959,7662.21766697959,7542.26439571429,7719.79097061224,7843.6415694898,7854.46301938776,7895.52727938775,8113.48983826531,7808.50135439796,7761.73848714286,7741.90050714286,7900.54127397959,7810.70371571428,7766.54487040816,7862.92354428571,7757.61987020408,7751.12212142857,7758.39086428571,7829.37399561224,7978.87902255102,7821.50427632653,7860.90538244898,7784.03169908163,7765.67702265306,7861.62952265306,7731.32621102041,7738.89004989796,7538.19619367347,7553.28899027551,7629.56974139796,7654.37335047959,7858.80457445918,7745.23957435714,7802.63370459184,7622.1784044898,7754.51444663265,7548.78861510204,7521.89431387755,7503.51654102041,7576.30372102041,7690.25723540816,7658.22982040816,7790.26862642857,7787.61641265306,7581.11092857143,7425.63631938776,7267.86767755102,7279.8511844898,7387.46757285714,7661.94690489796,7579.36186520408,7647.33870255102,7496.34115030612,7526.11063734694,7588.05980816327,7507.21356040816,7580.3859494898,7638.66414051021,7745.02597397959,7699.11039826531,7900.88321744898,7589.86249571429,7652.19407612245,7611.29001112245,7645.49679816326,7845.70395530612,7651.80571540816,7707.99481540816,7692.23002040816,7767.04487040816,7818.61466530612,7632.14775102041,7678.58496285714,7617.11639581633,7587.65163265306,7478.31948387755,7399.63333846939,7444.51726020408,7327.34942428571,7198.51306112245,7202.10570561225,7112.7685277551,7280.23071132653,7297.46284683674,7407.55819438776,7445.85115438776,7782.01806459184,7757.74212459184,7738.39819469388,7678.9648,7742.57365,7795.75192,7903.95925510204,7942.88771020408,7910.57035653061,7894.51432653061,7876.77063469388,7901.8680505102,7798.55416122449,7685.02005357143,7859.07270010204,7685.33085408163,7729.37848061225,7750.07003204082,7732.44610214286,7642.7794777551,7691.37321846939,7932.27333653061,7672.44524367347,7760.78321459183,7756.48855061225,7737.86670204082,7703.37304704082,7759.1526755102,7891.99578418367,7747.83459877551,7796.19488622449,7825.84251877551,7710.44701918367,7740.57785744898,7682.88212377551,7594.15802304082,7666.47487802041,7527.14669959184,7638.57074959184,7923.11741255102,7838.80888520408,7749.99203677551,7768.30621734694,7844.45361918367,7714.32482540816,7842.10681040816,7877.48308857143,7851.57829489796,7891.25611346939,7836.39952959184,7809.06523255102,7598.27077242857,7770.54728785714,7536.36585,7869.36975091837,7830.14549081633,7863.93974387755,7767.05396632653,7734.84949081632,7789.71579897959,7905.73704285714,7697.85801989796,7697.49440510204,7724.45005102041,7669.22639020408,7678.9163794898,7677.42970132653,7728.29865948979,7758.1875994898,7787.79197846939,8037.75543244898,7798.7146977551,7597.84942295918,7768.26095581632,7920.69384846939,7979.7029097449,7712.08399265306,7730.17271265306,7871.47001265306,7914.38522938775,7811.60747142857,7899.77953959184,7998.62827040816,7931.6474222449,7897.71658071428,7789.23032142857,7791.35119683673,7699.52436673469,7738.91806530612,7915.63012530612,7879.89303214286,7607.43049594898,7621.16824594898,7798.54574081633,7666.04883367347,7744.56108295918,7571.3853155102,7513.10821367347,7417.1781917347,7523.80875173469,7660.95264704082,7473.72476155102,7465.38335479592,7483.17492459184,7556.25646877551,7534.91824173469,7706.23112765306,7600.53277644898,7711.92618193878,7822.30698806123,7799.03510734694,7724.30345153061,7761.73041622449,8015.07029,7999.1609,7811.09956479592,7982.45684244898,7854.43895244898,7769.28936304082,7795.87408197959,7773.54223346939,7839.67050228571,7810.13133228571,7776.70758228572,7863.9507577551,7860.5265155102,7843.89104704082,7724.42234214286,7758.7317827551,7552.48385408163,7654.01410948979,7725.13430236735,7734.51719255102,7709.01580004082,7739.34255143878,7686.2139594898,7833.14654153061,7752.70445979592,7965.56468673469,7847.06920846939,7821.92753255102,7707.11374367347,7730.37338193878,7664.92245795918,7621.85742367347,7831.57764693877,7865.67722857143,7759.1434832653,7734.95677979592,7693.41622979592,7869.52969408163,8054.57505693877,8050.03541071429,7911.33316816327,7821.69069285714,7713.2119822449,7762.0646777551,8039.62720877551,7872.24309377551,7778.12428530612,7704.03896112245,7697.43580969388,7587.64567510204,7621.27385116326,7695.73940489796,7797.34662846939,7662.73516312245,7728.55325928572,7833.34772591837,7742.62362387755,7760.90013540816,7766.758175,7769.84558469387,7819.43818969388,7390.73341622449,7578.92509377551,7548.97124377551,7578.95617061224,7546.35027938776,7382.90586112245,7320.62739442857,7363.30826959183,7466.65526255102,7662.25484010204,7827.7764822449,7809.47945438775,7616.75232938775,7711.38344122449,7693.09589122449,7795.03397306122,7973.61031326531,7746.35968469388,7785.02155163265,7466.78742397959,7473.93079806122,7442.42007397959,7428.93425918367,7588.27205918367,7471.25042122449,7548.52370948979,7490.46160836735,7352.58802836735,7437.79922632653,7397.45256357143,7531.58620857143,7276.35900357143,7371.91629142857,7476.14586816326,7761.12372926531,7686.35782306123,7693.1502072449,7604.05764571428,7713.66587142857,7683.53509285714,7887.59198265306,7922.74921530612,7825.54474795918,7778.00841081633,7803.93903938776,7524.73423561224,7725.67477285714,7716.77317959184,7809.82871867347,7736.9366132653,7723.01711357143,7619.4531044898,7553.01237642857,7494.2647705102,7620.11691112245,7511.07450653061,7401.86275836735,7467.75923322449,7485.41729622449,7522.77456979592,7693.29306326531,7549.59044163265,7572.22497387755,7535.21679887755,7610.89585673469,7558.8436972449,7680.76290496939,7454.40174959184,7424.35835183673,7607.09032816326,7584.29814734694,7942.51887969388,7589.94893459184,7738.36075714286,7668.08525367347,7759.03772653061,7705.2808,7637.426965,7703.88794285714,7623.45040877551,7625.02911836735,7537.98465744898,7317.72160244898,7479.95894714286,7686.69736897959,7518.75191020408,7598.72217520408,7962.63947387755,7741.51236734694,7823.48086306122,7662.05658265306,7758.31396234694,7495.2045294898,7484.82464887755,7530.60778963265,7528.49220816326,7552.24792628163,6955.70378469388,7062.18500469388,7054.83773969388,7144.4559844898,7190.59190918367,7138.43261734694,7092.38150479592,7134.02598673469,7122.8332867347,7151.05501744898,7160.5909772449,7292.15623447959,7433.30182714286,7576.28280061224,7521.2616955102,7645.41319102041,7644.91008,7804.41213367347,8015.09732693878,7958.36822693878,7980.42345979592,7764.75738928572,7723.2596334898,7797.66204010204,7786.81541183674,7800.9126727551,7832.35040744898,7817.09012214286,7844.47790704082,8061.02875918367,7639.03597265306,7706.73070020408,7582.33897857143,7585.71350571428,7641.98512357143,7632.94905316327,7458.44945673469,7288.18581561225,7478.59566244898,7604.44576836735,7544.96175336734,7517.02689510204,7537.88703602041,7441.08192938775,7396.2072522449,7305.02009836734,7347.86367295918,7402.14759295918,7395.18568591837,7515.41874795919,7490.44029795918,7679.48664663265,7658.44685438775,7477.90622836735,7468.16711836735,7462.91879316327,7473.24931489796,7514.45506387755,7555.82161387755,7836.98659387755,7783.12616336734,7608.76325642857,7632.6161877551,7764.42663979592,7856.43437959184,7987.9801355102,7917.31340102041,7958.42511821428,7743.48538321429,7892.88268321429,7863.75594571429,7980.86371459184,8067.93216520408,7679.58343122449,7672.36182448979,7681.19464081633,7656.23188448979,7974.95997510204,7925.71917346939,7771.39956918367,7774.74976571429,7870.53965591837,7884.55464173469,7894.76098642857,7746.15620673469,7629.38671234694,7732.83347612245,7949.44222193878,7809.11608193877,7965.50880316326,7743.10899163265,7651.85202530612,7555.44591428571,7663.15095,7861.99219979592,7788.16112979592,7870.22003979592,7822.50199979592,7814.48719479592,7854.79711479592,7710.87744239796,7771.58824489796,7760.01058020408,7728.02569020408,7839.99787020408,7752.35620020408,7871.37355020408,7905.30479795918,7845.67319306123,7907.23327755102,7439.02286887755,7651.58642780612,7678.6881172449,7669.4929072449,7705.61959571429,7778.06857632653,7642.90850459184,7390.82393704082,7547.61127051021,7517.58307816327,7546.13087153061,7576.9434377551,7601.8276222449,7396.57228418367,7343.67620520408,7432.73143020408,7488.30471734694,7312.60371734694,7408.44233234694,7393.42135755102,7460.96889867347,7569.95498367347,7454.28338306122,7613.27382673469,7606.41338785714,7572.23987785714,7665.70735734694,7592.78877142857,7697.1554255102,7696.38481765306,7737.14945346939,7665.39816265306,7702.95154795918,7685.27872142857,7628.57541836735,7786.55481561225,7646.78040010204,7761.01965510204,7756.10312010204,7660.43922908163,7774.29099418367,7581.51007057143,7342.92405653061,7703.50679438775,7619.29918755102,7959.0780622449,7896.85322918367,7868.44930571429,7868.07435408163,7830.72129285714,7795.64837653061,7649.39899489796,7641.15859489796,7769.89594489796,7690.93308561224,7520.20475561225,7344.73557061224,7607.44240897959,7626.3707855102,7739.3294527551,7600.96763695918,7612.26563695918,7549.2730517347,7562.32579846939,7456.36182346939,7658.13315933673,7688.88966443878,7745.0507255102,7849.21712959184,7616.55902959184,7638.67787959184,7626.69172959184,7764.78340469388,7748.34560469388,7833.99425683674,7939.04976877551,7782.67036877551,7662.15367877551,7724.34382877551,7625.40949877551,7701.80796530612,7842.40458326531,7820.9238182653,7849.36621153061,7825.19891418367,7621.32411663265,7746.37734877551,7722.35704367347,7819.83458173469,7893.34515408163,7824.19391561224,7706.92663061224,7809.6097067347,7777.76540367347,7719.01288887755,7804.14226734694,7650.98225663265,7587.75034918367,7771.14990908163,7591.08116846939,7536.01334153061,7355.33032693878,7420.79915,7334.74659734694,7248.58808663265,7243.86996020408,7286.35236530612,7390.74030234694,7347.00898704082,7357.68644959183,7408.76994918367,7492.81640653061,7403.46962979592,7401.47877510204,7227.91652346939,7360.77164081633,7378.17337938776,7606.52649938776,7514.26450918367,7555.42874897959,7503.72137755102,7644.05186285714,7563.96692785714,7366.53077561225,7434.95799112245,7429.01059602041,7541.14040530612,7579.39466530612,7637.99169285714,7713.24053602041,7703.59831030612,7765.03303734694,7857.07731306122,7908.48371673469,7800.42392306122,7867.01323020408,7801.04001969388,7735.99352581633,7790.47992295918,7745.15787040816,7441.7414,7644.8767622449,7641.42575755102,7628.12707744898,7425.04281091836,7360.61092285714,7347.0643094898,7334.6644744898,7289.28734744898,7272.1299394898,7694.68441989796,7603.03789316326,7483.79847816326,7561.68267816327,7702.00382816327,7765.02818306122,7604.19910306123,7646.19230959184,7612.40813959184,7634.57259295919,7701.71703632653,7803.52604632653,7948.65079714285,7835.83595377551,7829.03486653061,7629.66474653061,7843.82789,7868.17846428571,7761.02481,7806.72702,7882.33815714286,7881.55465571429,7861.81402816326,7805.82162038775,7860.95049153061,7963.55703469388,7962.68715265306,7696.12358132653,7749.92133132653,7656.72997867347,7503.90966979592,7552.05300489796,7594.31205061224,7774.53604081633,7750.31727040816,7692.55730040816,7683.21772489796,7707.07279336735,7850.95754836734,7753.70030938776,7816.89269551021,7852.4761327551,7913.66854928571,7965.69599744898,7833.33158559184,7835.02394387755,7840.76218377551,7956.24733346939,7911.07096255102,8039.20949081633,7813.21794642857,7775.17964857143,7642.80792106122,7938.24821122449,8001.46368438776,7779.72374306122,7802.40287530612,7570.65208581632,7599.8842355102,7628.54199469388,7695.0366377551,7513.91218265306,7608.20377367347,7546.09975102041,7290.30228979592,7607.62928877551,7705.03460183674,7804.33783110204,7817.13846122449,7689.74638244898,7448.83425173469,7588.1671352551,7465.54123132653,7496.06030122449,7623.60248367347,7548.54113448979,7456.48577244898,7420.73691163265,7643.19537867347,7721.97586514286,7503.30150673469,7576.2305277551,7612.72316408163,7828.88173408163,7576.11035908163,7587.76885673469,7622.7465137449,7604.99070938775,7635.62781591837,7652.59790489796,7632.25748285714,7623.91632265306,7684.44329397959,7923.7482955102,7751.88564836735,7677.4792924898,7579.06618244898,7480.43857840816,7634.68016387755,7704.32983469388,7650.86135897959,7789.24927780612,7516.8035922449,7537.76540306122,7748.98222734694,7565.98047887755,7385.32314061224,7433.76394387755,7523.82114897959,7534.50775928571,7339.08152653061,7337.84051255102,7562.25161173469,7766.1502294898,7695.03666795918,7558.24006122449,7632.53368071429,7630.58441938775,7504.63862479592,7450.1878022449,7498.77883704082,7719.81981071429,7591.12425346939,7718.26218163266,7512.73443163265,7718.17852346939,7736.16219612245,7735.57724112245,7684.07536408163,7487.74076010204,7528.3316927551,7416.14265387755,7586.61565816326,7618.80589816326,7724.74041928571,7414.67034306122,7350.1108894898,7350.28612530612,7334.23342683673,7366.8156305102,7268.17688816326,7455.65788081633,7437.0023355102,7704.36467295918,7753.86749408163,7791.53806428572,7669.54127438775,7798.33911163266,7674.92274081633,7681.81873795918,7692.64192122449,7674.11125122449,7642.76426928571,7702.86578428572,7799.3101305102,7751.45502928572,7750.01214622449,7818.81091122449,7787.26650969388,7960.72654122449,7929.96079122449,7792.83907755102,7747.24072755102,7693.73005346939,7768.00062489796,7748.51743265306,7650.84936102041,7449.66795469388,7383.76455357143,7490.85737836735,7411.34939469388,7373.83183826531,7542.27858673469,7501.65735428571,7730.07289928571,7577.64150428571,7646.7952622449,7654.34202857143,7625.47692857143,7606.45532142857,7576.69384765306,7599.83498265306,7667.18454,7924.81852867347,7853.13357367347,7640.20188765306,7795.81509765306,7851.62563265306,7767.47464265306,7802.27472765306,7665.60448979592,7837.68918469388,8046.56147826531,7821.01635653061,7856.41532214286,7763.28451540816,7706.40855040816,7624.55618306123,7656.06810806122,7914.02011020408,7802.28601836735,7405.59948979592,7451.44052816326,7441.16139795918,7623.71371020408,7622.20057020408,7472.81366183674,7433.64450510204,7898.038915,7933.58616530612,7895.36581489796,7880.773315,7874.54822867347,7862.76605163265,7719.98193326531,7774.58954071429,7916.79812897959,7635.14014563265,7720.62798265306,7767.18408683673,7781.01548959184,7994.75639469388,8031.34619010204,7947.6827,7959.44079734694,7771.70447377551,7773.85058408164,7733.23448208163,7705.67468908163,7641.87969948979,7552.03947948979,7560.95068571428,7591.32506530612,7840.86175744898,7527.15656938776,7829.86527163265,8146.74205459184,7797.36599795918,7588.79926367347,7678.19806591837,7713.1346167347,7837.68464102041,7805.34740734694,7649.85788244898,7898.59977765306,7695.0940935,7614.61361755102,7647.05390571429,7725.87145591837,7417.19909040816,7408.46827959184,7274.99197714286,7100.80761663265,7543.23272010204,7437.35101081632,7514.87798795918,7590.64817816327,7674.44205581632,7716.91456959184,7726.99196918367,7954.83187061224,7852.88268632653,7778.70902683674,7773.46934010204,7897.28642448979,7692.1282044898,7749.80786612245,7863.57097898979,7793.34644038776,7878.82695,7794.13899367347,7542.66357367347,7549.94884653061,7634.62367653061,7477.00259918367,7539.84596336735,7363.57788836735,7417.61674632653,7497.49144693878,7692.86148969388,7817.30657959183,7806.04708061224,7809.45169785714,7676.69571285714,7671.58360061225,7722.65521704082,7631.69194765306,7709.210485,7632.59563765306,7751.98500632653,7809.37609459184,7969.78916326531,7868.98450510204,7827.34268163265,7865.32854897959,7850.89569816327,7766.10041408163,7720.76174806123,7904.34024204082,7660.45983836735,7740.15401836735,7594.20724428572,7468.02319795919,7468.35439602041,7733.69692959184,7796.48322887755,7654.45475112245,7779.41486326531,7821.32599836735,7843.62831061224,7798.64950622449,7753.62764244898,7732.93328959184,7728.84351704081,7923.22252653061,7755.73774530612,7743.52860857143,7736.31775836735,7814.31043714286,7791.70428959184,7818.93092326531,7697.52548071428,7753.75473469388,7574.514115,7542.38285867347,7707.98814244898,7656.29421,7641.214215,7656.94913704082,7636.40844959184,7847.80814244898,7577.88242561224,7747.55902959183,7614.76375335714,7881.13307140816,7876.57871234694,7754.83813714286,7565.19254602041,7960.48018204082,7924.37830642857,7693.61221030612,7699.24456642857,7579.33209632653,7444.3050679898,7593.40292877551,7313.39117877551,7344.29671673469,7592.97868826531,7605.42281193878,7703.35652142857,7523.05525193878,7653.67315132653,7571.61205846939,7465.35878326531,7428.28817459184,7559.40470030612,7408.3520077551,7503.75844183673,7557.25631561224,7916.7134255102,7969.82209612245,8023.83331489796,7890.73306326531,8074.58987183673,7875.28125731633,7777.27257591836,7848.30525653061,7614.26457540816,7762.05749428571,7751.97572183673,7713.95715877551,7685.41620367347,7608.37135857143,7561.34940816326,7870.78393816326,7898.29294346939,7787.35322602041,7632.55711316326,7800.82412316326,7755.21716153061,7730.34779153061,7663.53914744898,7391.25877489796,7339.19624510204,7252.91292836735,7425.93261163265,7513.45291632653,7557.00638102041,7656.42255984694,7766.53145612245,7710.35517285714,7557.54444897959,7657.72130530612,7764.90018663265,7623.92210744898,7807.13603877551,7755.52854714286,7931.85397622449,7792.90857602041,7884.61449520408,7847.80547408163,7772.25814908163,7732.495005,7897.10702928571,7723.22726836735,7650.77276836735,7517.20757928571,7738.87894765306,7872.71467132653,8007.69102673469,7731.13363173469,7780.1878727551,7433.35182142857,7493.71479387755,7651.51469693878,7673.20061836735,7617.42931489796,7694.5071122449,7735.7960305102,7605.78337346939,7654.53488265306,7776.71054693878,7594.98773693878,7697.65800816327,7873.55961571428,7923.29483357143,7929.86806295918,7735.66322091837,7769.12537428571,7862.41958306122,7906.10307591837,7739.63051193878,7811.42328826531,7758.02596928572,7757.48590928572,7558.30447622449,7431.32975020408,7502.62301428571,7671.9118455102,7794.68380040816,7662.14713020408,7632.51894755102,7811.23046632653,7695.49622683673,7593.86749683673,7692.34522122449,7721.38636734694,7673.87463765306,7607.03256704082,7569.62412704082,7538.56767377551,7692.29055755102,7617.09336581632,7539.38792755102,7554.46030704081,7590.62350535714,7747.13617255102,7624.77504571428,7777.94563346939,7782.24554530612,7677.63426755102,7674.72713846939,7622.99712204082,7485.24402081633,7564.926565,7627.60948214286,7636.86545897959,7727.31309897959,7766.70829295918,7698.0477955102,7689.06777903061,7686.95322071429,7845.56993408164,7721.22806071428,7784.32160408163,7821.8492194898,7601.50244173469,7339.63987806122,7334.42429765306,7382.60439765306,7680.96779397959,7623.95965010204,7757.34982510204,7582.13183183674,7543.82148530612,7591.13278714286,7417.47125204082,7660.44305857143,7807.82282653061,7829.89712653061,7916.17219489796,7627.09431020408,7533.83672857143,7472.24262040816,7481.90735040816,7536.82106061224,7695.53281836735,7557.20082255102,7401.55951326531,7435.45117469387,7519.67237469388,7618.55410397959,7782.10164979592,7769.90585897959,7681.34164908163,7544.19688938775,7512.44798653061,7523.28660122449,7459.015815,7640.60377010204,7639.57582142857,7694.11108826531,7787.12715693878,7663.40490061224,7902.317626,7778.27384640816,7759.48896530612,7722.37417387755,7912.63058989796,7840.14163673469,7760.30131244898,7799.64026959184,7630.14842244898,7673.39212357143,7713.49774081633,7564.19382561224,7798.88906571429,7751.34948112245,7733.03263112245,7611.03296612245,7835.56618712245,7667.16306212245,7986.45581202041,7733.20534602041,7640.39227653061,7431.66198,7365.68306122449,7388.54349122449,7315.07919612245,7377.55705867347,7390.75757714286,7464.89448714286,7331.43153836735,7555.38245836734,7445.67377561224,7453.05571061225,7722.25938081632,7859.12920642857,7722.79866571429,7938.37839265306,7721.07313795918,7857.65667581633,7869.91660795918,7840.27746020408,7760.50874285714,7780.57712040816,7889.81163755102,7840.9273122449,7851.8173722449,7726.1126772449,7550.7930572449,7607.57778336735,7713.74301459183,7857.44480295918,7878.6311727551,7880.2454672449,7958.38340632653,7876.02345918367,8053.91535734694,7880.54830795918,7779.91234683674,7790.17053193878,7768.47570193878,7737.4621052551,7523.53887117347,7479.77551734694,7575.96703795918,7722.39863591837,7648.88069285714,7599.40827306122,7602.55281295919,7637.47824795918,7645.75501040816,7693.90882653061,7948.07836469388,7749.3680044898,7821.18434765306,7896.12658142857,7901.59414142857,7692.18761642857,7680.94208397959,7963.88420918367,7751.47914377551,7595.98918262245,7598.19415843878,7596.09030558163,7615.18547047959,7636.06067234694,7664.84284463265,7730.44074367347,7706.19367432653,7454.47556106122,7597.05674106122,7711.01213877551,7655.90650428571,7498.05813040816,7759.59233142857,7948.75576169388,7792.41062571428,7789.05395510204,7798.36118510204,7760.4227094898,7557.66907387755,7651.17845989796,7675.7933067449,7858.2475122449,7675.96906520408,7752.44924469388,7940.77913163265,7949.36047979592,7837.77115857143,7860.35698673469,7705.85613357143,7809.48560408163,7718.71280744898,7677.84799163265,7803.25058387755,7638.52210714286,7475.87762112245,7705.10005806122,7803.26276938775,7434.0863755102,7543.67354387755,7597.08384132653,7557.20276132653,7471.0350944898,7457.99314561224,7555.61955214286,7440.82082214286,7342.39988379592,7818.77611938775,7775.1729877551,7801.25714438776,7844.86955540816,7890.66862642857,7954.97345969388,7804.62024336735,7821.63791346939,7822.50769214286,7819.99230416326,8011.81509416326,7980.20496632653,7923.94056469388,7946.14727693877,7938.41148193878,7932.04019693877,7867.89101571429,7814.91616938775,7878.79351438775,7717.19422755102,7762.74457755102,7842.23320918367,7791.79257663265,7959.10225285714,7929.15706795918,7986.71149234694,7938.7220777551,7849.6745777551,7822.1047727551,7727.29614918367,7748.4740955102,7604.09598163265,7536.99362918368,7534.92843387755,7492.57676816327,7430.76606795918,7568.91872306123,7559.57174693878,7714.34716530612,7844.96883918367,7644.13834112245,7814.16163632653,7585.71447836735,7691.59816020408,7669.06129877551,7785.07655459184,7854.4162877551,7800.001775,7727.32534908163,7565.16148306123,7558.64574632653,7698.81866346939,7755.36006314286,7946.08731979592,7900.01532918367,7778.19257571428,7633.94218836735,7503.4906105102,7330.78390894898,7511.2230177551,7611.33799316326,7864.83625316326,7785.20821714286,7773.6742255102,7727.45997330612,7649.15311163265,7727.44078244898,7884.66890132653,7988.24507806122,8088.14228346939,7975.94875826531,8002.50632295918,7809.0839127551,7865.65098,7653.44404989796,7518.17045989796,7633.33368591837,7695.51519285714,7839.59565397959,7907.701905,7891.1000155102,7745.14234469388,7712.24738163265,7732.98440714286,7761.74440244898,7797.00135571429,7636.0296144898,7784.5843444898,7787.26520561224,7849.4479877551,7719.74703285714,7843.47226897959,7884.56431897959,7835.91313061225,7999.47705408163,8010.85403367347,7837.07671387755,7844.36826612245,7597.58006387755,7567.09912653061,7522.68038602041,7428.11442226531,7457.68942561225,7518.06239204082,7335.82177653061,7322.07904653061,7623.52661163265,7678.62181979592,7686.55526020408,7696.08768704081,7264.61248897959,7634.52269897959,7542.93887234694,7935.97029510204,7721.02355897959,7752.88710693878,7836.98393346939,7949.34304255102,8181.08834510204,7920.6364655102,7859.30647642857,7850.64653295919,7614.20951897959,7907.73245653061,7601.14417714286,7647.48428836735,7772.00934867347,7835.15840428572,7753.84535367347,7701.43766122449,7643.7708527551,7755.5792244898,7819.9380772449,7796.11009357143,7859.37374989796,7814.06227234694,7767.91485173469,7862.09103020408,7640.10119897959,7649.37723112245,7580.98542428572,7593.96523142857,7530.71347857143,7806.02130122449,7668.26534918367,7671.86093612245,7931.61638551021,7941.33385795918,7880.81503581633,7792.7190155102,7875.62389051021,7556.3937527551,7452.55841979592,7672.98131571428,7689.29765418367,7886.79350755102,7856.77842938775,7745.29921469388,7741.89528469388,7727.0502094898,7719.0540594898,7825.72559806123,7746.56513173469,7631.10022959183,7905.60466071429,7819.63342561225,7689.06784551021,7719.16736938776,7759.74135346939,7880.82619938775,7922.47314612245,7744.5452682653,7815.96684744898,7736.53699642857,7832.62879479592,7817.95650112245,7825.21574510204,7754.09605255102,7757.43090142857,7761.17402,7843.24332138776,7767.92528204082,7982.09370765306,7816.25177255102,7786.46984346939,8031.42794285714,7692.71238816327,7629.19987122449,7581.98865081632,7793.32450183673,7789.0617894898,7488.24255173469,7605.10466673469,7784.57353979592,7701.47594561225,7706.45293061225,7710.72528346939,7786.54447540816,7635.07162540816,7496.9613,7390.25595387755,7461.56942663266,7489.914665,7434.55776867347,7503.4301094898,7572.89392377551,7473.86735989796,7893.50175816326,7869.10971693877,8007.18750367347,8008.04148295918,7979.65311132653,7959.05158969388,7204.66812408163,7317.78013908163,7556.82481530612,7626.34384102041,7748.01305408164,7547.19565738775,7396.99152738776,7649.98133306123,7677.61477112245,7497.76447448979,7458.76644387755,7570.76186653061,7588.21657193878,7641.31583877551,7751.53370336735,7715.85035428571,7771.01142959184,7647.82304040816,7743.25229509184,7728.32310539796,7650.01918284694,7524.75425709184,7539.60249326531,7586.90602518367,7605.51588071429,7597.18762530612,7668.35234877551,7657.22268642857,7828.9486144898,7799.69159204082,7647.17145846939,7787.63153581633,7691.30840581633,7824.16398020408,7719.29345030612,7853.48895030612,7937.33832744898,7789.76140112245,7730.96193040816,7736.32799244898,7840.85032642857,7881.26774918367,7811.24852418367,7929.9927174898,7674.95272085714,7817.52238779592,7862.48067438776,7912.93540969388,7986.78375653061,8017.81090081633,7890.52990306122,7777.3110177551,7837.3017,7770.70062591837,7590.01391408163,7466.798605,7624.68113744898,7809.50940867347,7796.20394244898,7741.42973091837,7961.58372408163,7771.86403326531,7919.5722622449,7709.75378979592,7740.2590467347,7563.94548673469,7545.89377561225,7591.87308979592,7700.50653979592,7649.90803265306,7932.00061326531,7924.11061326531,7930.73022959184,8082.52418091837,7988.07966867347,7789.84912938776,7759.26993081633,7855.44760183673,7809.4719177551,7684.13575438776,7961.462955,7781.63696112245,7865.92112204082,7915.36803479592,7682.95671122449,7630.88748367347,7677.92291419388,7816.53797489796,7911.19057,7672.15486612245,7830.80227734694,7895.27099077551,7857.39390010204,7717.47634244898,7841.14242244898,7579.3010422449,7546.77823,7748.2628,7740.9718822449,7684.0944487551,7609.3883587551,7457.55302908163,7648.24743408163,7583.45942673469,7624.49957673469,7740.63071836735,7827.78319622449,7824.18877765306,7747.81930632653,7954.32308428571,7788.64802714286,7783.00972224489,7741.17490673469,7542.0140172449,7611.01613714286,7685.92304102041,7806.22788193877,7868.09822857143,7928.53988132653,7775.69653012245,7931.90478387755,7696.62240510204,7636.4900422449,7531.43892530612,7734.5591355102,7600.58581346939,7512.19287081633,7525.382915,7630.12138234694,7658.51353285714,7830.45970214286,7812.19711508163,7796.71366153061,7751.71456530612,7719.96053959184,7746.52792989796,7683.14255918367,7764.66746897959,7658.09342479592,7424.42000459184,7511.04052693877,7687.5434322449,7738.6995622449,7818.5924072449,7770.51091785714,7674.44741989796,7595.23872408163,7794.34253734694,7589.45604285714,7571.65019510204,7765.94826183673,7483.61443857143,7630.11290959184,8000.65134622449,7819.7516567347,7863.62346663265,7835.37581908163,7930.32523071429,7893.56720234694,7863.35406938775,7658.48970816327,7644.44825816327,7534.59954277551,7624.79181734694,7651.28222954082,7716.61346877551,7574.38640102041,7621.52552836735,7784.95198826531,7726.91648520408,7700.29477020408,7674.89243163266,7849.02568744898,7826.53355020408,7778.66591010204,7783.06796020408,7792.17809581633,7701.33376081633,7827.78550357143,7887.5616617347,7768.05975714286,7908.55370714285,7833.79963061224,7957.69467561224,7883.80749591837,7875.48172846939,8155.92971102041,8055.2666382653,7890.00093795918,7880.52271928571,7777.84134214286,7787.71783612245,7770.50977530612,7791.06611591837,7530.32516469388,7744.82205,7722.19103857143,7655.01249632653,7774.36899632653,7858.98840408163,7961.14406255102,7844.93289265306,7801.10251091837,7516.68938502041,7567.83060102041,7528.51174102041,7656.12457602041,7557.81853602041,7602.86488489796,7478.06437959184,7447.15054153061,7428.78161387755,7546.67685122449,7543.99795122449,7706.43933040817,7791.75344734694,7719.51624255102,7592.12708387755,7506.85344030613,7666.07606295918,7727.77617795918,7670.61133836735,7835.92604265306,7941.48704265306,7878.44383959184,7946.39968591837,8003.18098653061,7585.24006183674,7528.61278806123,7529.01319469388,7744.23778989796,7701.13921561224,7691.26599132653,7696.12535091837,7720.35495673469,7744.01121642857,7743.50955612245,7748.7862,7787.13294081633,7633.05053163265,7566.98628071429,7600.49102857143,7677.16734285714,7715.26331938775,7700.09863469388,7719.01254591837,7735.38407857143,7685.23787877551,7601.48772841837,7699.10500091837,7634.12865091836,7625.97674897959,7418.70745520408,7276.27074204082,7519.83717204082,7727.0753232653,7620.01703826531,7519.1059194898,7629.75865540816,7520.28147561225,7638.89119020408,7702.85511689796,7707.29979897959,7568.75936979592,7582.85780387755,7642.62237520408,7731.73931387755,7766.93670263265,7814.57071946939,7883.90932408163,7892.48992959184,7915.74617163265,7888.78053183674,7900.89408183673,7717.05997163265,7801.91321326531,7747.85587346939,7588.05852173469,7769.88996836735,7748.91437867347,7791.4458844898,7842.24117714286,7852.21054928572,7713.34022938775,7752.66297857143,7835.40152857143,7662.02588102041,7766.2125202449,7869.16029387755,8055.94038469388,7818.41392387755,7848.78246561224,8011.29380704081,7765.39534204081,7683.02376836735,7811.31785285715,7803.25611479592,7426.80252479591,7549.93917846939,7493.84738622449,7359.94320602041,7286.47430163265,7545.38215765306,7400.00833306122,7632.04752755102,7609.45109663265,7699.5850255102,7761.94730632653,7660.08853489796,7845.52310530612,7787.69220112245,7850.23468683673,7737.85381858163,7678.46861408163,7883.07962673469,7979.81680173469,7815.07918255102,7869.55323428571,7819.5026222449,7883.44777683674,7720.84763908163,7795.74887908163,7719.12493632653,7822.00006530612,7804.16821729592,7515.63554193877,7419.9088544898,7436.16242316327,7440.14471316326,7361.15372591837,7590.47322142857,7574.52093816327,7358.34294396939,7465.38466520408,7690.50811785714,7692.38695969388,7763.70531734694,7743.41067653061,7664.63977653061,7827.58312653061,7881.45390704082,7707.31813142857,7693.24388918367,7725.10753326531,7718.29694642857,7819.10345734694,7769.89490397959,7874.16746887755,7716.00910808163,7802.96292102041,7744.09844244898,7908.59550040816,7825.41794846939,7961.66647887755,7815.75395897959,7821.17444612245,7694.45468816327,7608.75191377551,7504.68014928571,7410.59659183674,7567.50344346939,7537.89667734694,7537.46909163265,7426.48437663265,7551.45441295918,7283.8091855102,7532.0903744898,7709.54035306123,7739.54614693877,7673.42086295918,7618.45309795918,7572.66430704082,7553.77523846939,7571.73487346939,7869.9913077551,8056.2680277551,7858.21475026531,7920.48983026531,7844.52981918367,7833.78726918367,7850.85933918367,7925.72251285714,7714.49205285714,7508.47243448979,7618.70366948979,7537.54375510204,7459.93730581633,7353.17909673469,7358.93482173469,7469.91349693877,7466.3796244898,7617.14651632653,7657.33042132653,7589.47641367347,7545.66083387755,7625.11892693877,7732.38272173469,7536.82205673469,7803.80742285714,7570.53144285714,7624.88649285714,7638.71062755102,7562.54782755102,7670.46148714286,7567.02274255102,7446.83640244898,7474.96265744898,7273.44301244898,7412.32071632653,7356.37774642857,7475.78062551021,7588.29800102041,7773.86202142857,7589.68069642857,7595.60182428571,7522.95705428571,7743.17072214286,7831.3787994898,7797.47539571429,7620.98928163265,7628.58543132653,7633.42444836735,7581.6886255102,7627.42570408163,7597.5512072449,7448.46268744898,7563.12790622449,7630.55544122449,7852.26248632653,7742.40991346939,7590.22041642857,7669.22216142857,7664.01618367347,7621.44866663265,7492.9204827551,7433.80863520408,7565.41384397959,7750.50588040816,7836.76527071429,7971.45488204082,7807.04615326531,7718.35545336735,7790.28678183674,7691.74804683674,7725.06325530612,7716.76523693878,7797.46490938775,7901.58649836735,7952.02416489796,7957.05528195918,7874.08578622449,8004.46462040816,7773.4081477551,7766.81062571428,7665.8634672449,7674.19398959183,7717.0676477551,7555.40944714286,7632.14377693878,7571.88813653061,7666.87532857143,7722.29560755102,7771.70288887755,7900.32203153061,7784.63574653061,8025.75173551021,7993.96573285714,7819.42126204082,7931.27710571428,8153.19848938775,8003.53081897959,7859.27761061225,7804.94329295919,7947.25342306122,7882.87788561224,8005.0211367347,7944.02424,7994.02007204082,7875.2518877551,7808.14716530612,7909.07878061225,7931.7068505102,7699.22388071429,7620.37826571429,7579.45783071429,7645.29390836734,7718.26267755102,7672.6285972449,7582.20120326531,7625.24720030612,7716.34922142857,7900.79545,7769.48415908163,7778.30774846939,7611.20839346939,7669.64864122449,7776.90098357143,7887.01390959183,7886.43743142857,7895.19058142857,8106.39351816327,7826.45800316327,7892.26080571428,7778.08541153061,7660.76962755102,7765.76656755102,7781.80952244898,7633.52707755102,7766.61344489796,7818.05015918367,7970.70151908163,7715.79068948979,7785.16156734694,7425.92332581633,7639.20918081633,7503.29621316327,7591.08090969388,7569.38414887755,7660.99143316326,7816.68763683673,7988.59916377551,7871.43702020408,7896.5843755102,7853.36452091837,7620.08102142857,7673.88180581632,7695.97686693878,7881.58380877551,7676.08069918367,7745.31404465306,7751.23540510204,7626.6955644898,7869.57566979592,7685.08347068367,7510.63576387755,7601.53573204082,7522.1605044898,7577.58127755102,7774.46378265306,7730.85015214286,7668.39112663265,7668.95035591837,7522.92842571429,7661.41938122449,7596.34040982653,7791.55956867347,7689.30681867347,7923.77312397959,7825.65864346939,7861.88989938776,7871.36754040816,7791.7876522449,7659.87992511225,7807.91765918367,7652.10991020408,7393.76123,7305.09452397959,7239.41986193878,7422.49998612245,7615.03327408163,7602.98904234694,7590.46594244898,7644.73545846939,7683.40358255102,7534.69861816327,7524.76162673469,7341.31277857143,7553.86188989796,7620.69316020408,7582.61842846939,7454.33263816327,7457.39850469388,7797.17141367347,7551.24182183673,7421.98353408163,7445.91908908163,7525.31598128572,7570.40048040816,7580.40132540816,7725.06628959184,7823.82953622449,7832.47599091837,7928.01170591837,7823.82823561224,7755.4352294898,7555.87890602041,7536.79375530612,7512.23583867347,7498.57507142857,7708.49195714286,7571.69798265306,7622.78903265306,7563.91910102041,7430.92517673469,7631.99880255102,7883.60061755102,7818.73329265306,7814.82613336735,7920.45604571429,7848.94720755102,7805.019195,7868.87146561224,7938.10657408163,7981.22109326531,7719.30621795918,7801.37689153061,7772.69926877551,7783.26528877551,7594.81998877551,7652.12175295918,7600.73535816327,7601.72073959184,7765.59865193877,7957.60593642857,7685.3293315102,7749.5752472449,7858.07359285714,7598.46762142857,7630.73562571429,7951.78940836735,7661.399205,7540.86376826531,7683.35134489796,7656.15275289796,7757.6693885102,7538.25742040816,7626.72107693877,7491.25608061224,7608.80886561224,7607.03616010204,7514.46839795918,7855.87214877551,7849.39069785714,7821.69859142857,7453.4342855102,7557.57646979592,7766.3496327551,7640.0939572449,7541.5940622449,7798.37153897959,7599.52294897959,7612.17391673469,7709.6798732653,7618.14748285715,7773.36384857143,7587.48180971429,7617.68285989796,7369.60551989796,7653.6747344898,7558.276465,7449.08948846939,7661.15838346938,7710.60684059183,7798.06468242857,7878.85400642857,7836.58336418367,7831.42458163265,7654.33760195306,7373.94810195306,7364.47455765306,7544.66157040816,7607.6996922449,7509.2337422449,7585.54473836735,7410.98460520408,7282.17833897959,7373.66894785715,7323.21451285714,7286.85978357143,7390.28709438776,7392.70634530612,7536.02330161224,7491.80476161224,7567.77930479592,7775.70368091837,7716.33737244898,7620.35720704082,7653.26540091837,7575.79935877551,7672.31073602041,7611.44602357143,7740.98889040816,7839.33108846939,7578.89226693878,7445.53700265306,7523.35862040816,7376.67873102041,7294.53445306122,7253.94399357143,7197.92070755102,7127.38525755102,7347.41909795918,7444.68320602041,7395.56491255102,7422.2115655102,7440.95414102041,7425.22627295918,7433.9233122449,7519.25896234694,7513.49741734694,7526.43390683674,7569.96872982653,7569.28220040816,7665.93940744898,7628.58736530612,7760.00709010204,7763.49571938776,7785.87402040816,7733.76610683674,7811.37820133673,7678.17969183673,7755.2866222449,7626.74074112245,7802.73256897959,7706.84563938776,7744.35589438776,7812.14881061224,7951.27914897959,7875.48883673469,7848.21786530612,7827.45692244898,7587.1332255102,7631.74159459183,7493.17157397959,7648.60551102041,7503.70641204082,7606.58560704082,7674.01957642857,7609.66312091837,7596.50610122449,7481.49205204081,7747.18402377551,7922.48047969388,7717.00668469388,7837.81795816326,8091.11822316326,7999.76103255102,7982.3227922449,7835.03256510204,7916.36787010204,7712.97296020408,7809.83868306123,8001.48484132653,7991.52406438776,7881.30809020408,7773.17743806122,7713.63599306123,7588.26193693877,7472.32409928571,7625.95336673469,7680.62045989796,7678.89721336735,7858.05133836735,7711.30057377551,7720.09662091836,7644.01915897959,7791.86367367347,7641.2429275,7553.8358444898,7561.20723489796,7620.71961244898,7689.38910428571,7750.89313163265,7617.5312744898,7744.19550357143,7652.04708857143,7698.00391357143,7713.29021357143,7723.88850795918,7750.73503193877,7887.43370187755,7778.75878489796,7752.17721989796,7553.0428522449,7172.41433979592,7235.84535581633,7307.47382204082,7168.63701636735,7070.75367795918,7121.71740489796,7280.42069336735,7319.10347846939,7303.41274244898,7503.05812397959,7389.13194540816,7414.99299540817,7305.95053642857,7375.73980795918,7395.05071795918,7408.24759795918,7339.75351795918,7570.7319155102,7311.33148489796,7130.94480185714,7297.42336734694,7249.67035183674,7365.27028183674,7331.45156683674,7478.00271183673,7444.29633397959,7583.30410316326,7494.07425816327,7492.07975316326,7452.65286316327,7766.01534020408,7589.17554020408,7560.54088397959,7599.80309897959,7660.63876530612,7637.38542530612,7820.02180030612,7776.44171346939,7672.24595040816,7456.21743357143,7396.17486357143,7405.4666527551,7324.0238077551,7422.43006244898,7463.77881663265,7585.24951438776,7856.40483367347,7799.15624163265,7936.55838877551,7660.55150918367,7596.34687122449,7536.96946979592,7738.41543081633,7630.57817081632,7789.31508785714,7779.67500857143,7800.7465894898,7639.69740204082,7659.1514594898,7737.18898193877,7756.69600887755,7620.19477285714,7621.05357020408,7848.80528295918,7900.09882959184,7558.97435357143,7394.94656622449,7360.92691958163,7395.67472183673,7394.47812946939,7443.61097665306,7560.42593377551,7385.90952010204,7306.22976163266,7455.63646173469,7524.7525817347,7456.78637977551,7539.59933855102,7664.58124387755,7647.012715,7643.38911459184,7526.50225193877,7417.3198922449,7489.77416234694,7436.73576306123,7485.15524081633,7678.97599163265,7676.50676673469,7866.45198918367,7875.00730142857,7937.59318530612,7755.25073132653,7846.04576918367,7752.4397122449,7836.96514846939,7703.68322091837,7879.62899581633,7758.68603795919,7611.04231357143,7694.79273081633,7643.36889153061,7596.85070938776,7691.84039081633,7816.42202959184,7880.94591887755,7839.24344683673,7917.12611234694,7816.14707020408,7897.14844408163,7693.18090908163,7740.30578173469,7924.1846972449,7684.29637071429,7483.25655428571,7665.90790561225,7581.80967581632,7431.29977581633,7534.83825081632,7537.32947581632,7476.02399887755,7485.27099346939,7335.26268346939,7254.80186714286,7339.9330627551,7597.6003027551,7493.38762663265,7660.05858785714,7577.77427755102,7723.86016447959,7597.68442539796,7784.2076244898,7761.37723540816,7781.89485683673,7824.9863422449,7646.45505306123,7660.42059428571,7658.73252755102,7646.50422755102,7667.48342551021,7328.19304071429,7284.52618469388,7459.87562959184,7508.05735306122,7594.22935306123,7551.9899494898,7541.9160894898,7666.71849877551,7870.97565336735,7920.05724193878,7549.97215693878,7710.88503214286,7810.87388806122,7424.32368693878,7464.12245634694,7527.82340469388,7517.32659969388,7710.00220469388,7573.54520714286,7553.9164117347,7625.35563561225,7696.59670479592,7812.58022673469,7685.60307204082,7873.73957857143,7814.42615040816,7986.25217102041,7620.15228336735,7557.83537632653,7627.66688642857,7631.69921571429,7722.75966693878,7574.52931785714,7738.76332755102,7815.99152683673,7917.33337989796,7798.78495683674,7463.51827489796,7504.07964387755,7454.85086030612,7301.76671479592,7533.0057644898,7519.66207153061,7721.03095673469,7669.52327193877,7556.01661765306,7703.64195112245,7676.06697142857,7774.16223387755,7795.34261489796,7716.44580591837,7660.93206581633,7632.32649836735,7615.5082222449,7655.53947959184,7810.05828561224,7610.65988979592,7741.72393469388,7795.5530472449,7753.85143979592,7588.39372204082,7884.66283571428,8053.8519292449,7944.37982857143,7832.28677265306,7775.30170928571,7693.73871642857,7368.69711918367,7458.86791959184,7491.94916485714,7609.87413918367,7610.021685,7786.39015561224,7796.23707520408,7884.92741540816,7855.68897897959,7774.96935897959,7765.40576948979,7808.31455887755,7711.35167285714,7822.64507285714,8006.71030785714,7854.02773197959,7761.91211530612,7847.40214693877,7763.82813979592,7773.15636122449,7772.49858714286,7853.19562346939,7268.88304653061,7326.69715102041,7491.14703469388,7570.30802142857,7601.16523571428,7564.71418571428,7512.92436734694,7609.97205214286,7637.60548571429,7664.44530469388,7642.97870081632,7604.08195683673,7743.70568489796,7490.4852694898,7391.92638459184,7511.7817105102,7429.21556081633,7259.96339928571,7442.11750928571,7546.12451142857,7542.26961,7837.15392112245,7951.92022755102,7887.7618444898,7786.82059663265,7548.01271632653,7248.33938091837,7427.51745734694,7567.7564377551,7677.36364571428,7597.79526673469,7677.59232683674,7670.91105877551,7762.95514795918,7828.84106020408,7806.86679214286,7706.83950142857,7571.69543938775,7665.06203338775,7737.06893112245,7665.90194010204,7475.51500642857,7281.86121183673,7249.94365857143,7402.94321826531,7679.43782265306,7932.94335459184,7986.54601295918,7487.84910255102,7608.70593469388,7508.75666693878,7605.18311979592,7659.01278918367,7668.31039459184,7859.83337622449,7647.42792234694,7870.94093969388,7830.05447642857,7910.03557142857,7853.53234142857,7919.24398418367,7964.42790520408,8004.34094163265,7840.25517336735,8083.12919387755,8023.58410704082,7770.43668173469,7848.29213295918,7774.57201969388,7996.61123765306,7808.48524469388,7673.69132520408,7667.87908326531,7755.21604683673,7962.64160846939,7966.58456540816,7858.49061571429,7791.90998326531,7781.09089408163,8034.06713714286,7974.04585,7985.69635,7792.54423897959,7608.9561755102,7611.78297642857,7879.3740877551,7735.86207530612,7867.21894020408,7856.63380530612,7870.64963142857,7820.63267173469,7719.73097020408,7669.44375020408,7897.0172827551,7734.17490632653,7904.87957673469,7914.68069779592,7955.16436193878,7966.124675,7855.1190677551,7805.04436193877,7889.17031346939,7790.16009510204,7819.72004183673,7797.71591122449,7891.87499826531,7835.99462673469,7910.26767928571,7909.26993244898,7701.40203326531,7766.15489428572,7770.82736734694,7877.68981428571,7827.62798040816,7513.96430897959,7701.59920510204,7472.45515510204,7415.28722928571,7434.33071,7649.24869704082,7553.44242081633,7798.94583938776,7752.39926071429,7653.69794061224,7631.05064061224,7785.02226530612,7658.91761479592,7684.93758071429,7644.26207744898,7627.84335132653,7659.65664438776,7738.26887244898,8052.17714979592,7822.79744183674,8033.61612714286,8088.32935459184,8044.60654357143,7941.58529306122,7884.03937020408,7741.14054,7839.81481540816,7745.39732040816,7791.30945510204,7608.63190510204,7525.54210612245,7560.94876867347,7644.44214540816,7675.87727040816,7695.08477040816,7619.16382232653,7696.35218530612,7575.64577244898,7678.32598857143,7639.87219183673,7690.91583663265,7600.77650408163,7736.59331326531,7736.61512346939,7633.84706489796,7864.88954183674,7810.63632346939,7948.4964455102,7786.17427122449,7896.29946510204,7733.69862357143,7796.51152857143,7807.60964102041,7731.02990561224,7954.1249477551,7815.92083802041,7785.6462205102,7674.1025290102,7802.91242836735,7617.18850826531,7496.94672326531,7535.81178234694,7667.90479846939,7733.0171377551,7731.10763469388,7505.63538469388,7574.31340367347,7620.34521561224,7403.39523622449,7258.38982765306,7338.61130614286,7121.14267326531,7097.31845591837,7162.37744336735,7295.26919571429,7361.25517020408,7469.99624846939,7411.09932542857,7437.23920938775,7356.26589316327,7216.72330244898,7431.99719877551,7554.7433605102,7566.88243285714,7620.18473836735,7640.46109030612,7525.10560214286,7720.05905714286,7717.4351477551,7700.01801448979,7699.5993194898,7688.53716540816,7689.48398040816,7846.56000061225,7794.24500816327,7859.23483591837,7907.39984612245,7755.47553479592,7861.87565438776,7903.45752040816,7799.95505408163,7901.80404306123,7777.81715081633,7693.83736714286,7859.11766234694,7827.27188479592,7820.35447163265,7765.66526632653,7584.97087183673,7672.26730295918,7731.00357806122,7736.40861632653,7642.46308112245,7638.56488163265,7505.52513061225,7689.94970612245,7882.84947908163,7789.29032326531,7650.79433979592,7593.45465255102,7417.52376653061,7247.74386653061,7692.04495979592,7726.23246693877,7847.08875540817,7773.21798122449,7964.58214929592,7897.48273693877,7965.05545846939,8132.79761459184,8051.07569934694,7916.20638632653,7839.40694812245,8000.08275041837,7817.63292755102,7791.90940510204,7653.85510979592,7815.74248183674,7964.38057061225,7762.02493520408,7811.19109673469,8017.26253857143,7882.19361020408,7713.02016020408,7685.00567857143,7756.09255387755,7656.72762836735,7687.82926295918,7792.41647295918,7618.18037938776,7709.56300438775,7807.59441938775,7782.33845234694,7875.27752234694,7768.6746574898,7815.2774,7888.25056938776,7898.28645071428,7760.09040887755,7763.64029836735,7747.03936469388,7748.68934469388,7540.94760112245,7715.54286193878,7722.09275265306,7665.56065765306,7647.57599102041,7663.23052571429,7730.82124908163,7745.926015,7673.66865981633,7666.33987663266,7654.60733918367,7508.00697418367,7497.18327418367,7472.80101632653,7437.04190204082,7542.47798214286,7679.33075826531,7825.44777826531,7779.21920193877,7919.89272153061,7688.38343397959,7858.28196530612,7751.04047530612,7687.37684030612,7749.38371530612,7720.27334969388,7658.63234469388,7717.30720428571,7985.79328134694,7991.67643469388,7877.63468663265,7801.84804867347,8016.12336265306,7703.55469826531,7655.97859377551,7589.26122530612,7659.81195734694,7661.08990234694,7317.36880734694,7535.51494520408,7514.9049022449,7463.38909081633,7493.16228704082,7491.3722994898,7568.02145,7514.57719877551,7567.40025061224,7610.32705204082,7633.24423816327,7524.96759316326,7602.2832677551,7619.40102071429,7723.14463571429,7631.14792693878,7569.80915673469,7444.73318642857,7587.99789010204,7376.72484010204,7623.19007826531,7785.99171632653,7735.04739918367,7610.53935,7765.92750632653,7788.10692755102,7710.01617632653,7631.50344969388,7667.79798714286,7722.7359122449,7578.68011377551,7454.05324469388,7512.56549918367,7534.92043469388,7347.71846510204,7508.57211510204,7495.18076061224,7445.55941963265,7654.66846591836,7606.33900816327,7706.75824632653,7712.34802469388,7697.07744744898,7535.89176408163,7700.03919255102,7679.76055295918,7783.39949367347,7788.97780857143,7804.93149530612,7797.26379816326,7814.52192369388,7883.44392551021,7544.651075,7580.99659243877,7664.12300570408,7667.68030162245,7593.97005939796,7594.11858929592,7406.34164133673,7517.7825395,7328.41648511225,7200.77800826531,7327.8285614898,7277.86106622449,7458.18249112245,7624.97226061225,7455.91057040816,7397.85777408163,7513.12676061225,7450.10843755102,7525.37143020408,7472.94816918367,7462.11516918367,7643.33108846939,7676.65639265306,7505.51849985306,7509.93877244898,7351.21065489796,7320.68078918367,7655.03167857143,7544.01802857143,7624.59386040816,7768.84126520408,7799.38608153061,7933.42740753061,7794.59750032653,7668.01819316327,7817.14755887755,7588.32973693878,7716.39174520408,7791.41672408163,7900.96059081633,7884.75314102041,7985.12611296939,7931.92746796939,8015.80134959183,7867.00767959184,7938.52442061225,8002.64526102041,8040.05820704082,7840.14411479592,7832.71561479592,7892.56629316326,8022.95813938775,7940.98333183673,7877.29415744898,7591.1711427551,7729.45261,7674.89608367347,7659.92597285714,7699.33433959184,7751.14705846939,7649.77545010204,7611.74574796939,7662.3293094898,7616.27440816327,7921.08826897959,7827.85450469388,7977.54534653061,7809.06038367347,7649.83009938775,7632.53806142857,7701.24767204082,7769.89709204082,7800.93392704082,7775.57062704082,7918.36281602041,7831.72883102041,7930.37372102041,7894.24647602041,7914.31815102041,7974.76022673469,7857.18844693878,8036.86106826531,7738.76076343877,7903.63579489796,7766.82707193878,7807.37545704082,7797.64856857143,7732.82471857143,7797.63798873469,7922.00791673469,7800.75662193877,7719.98743857143,7739.45972142857,7719.9950455102,7747.04083163265,7789.96836061224,7832.42016122449,7654.83862653061,7436.26858469387,7513.62042244898,7356.14491692857,7298.18348173469,7151.4688077551,7401.08031836735,7378.83533,7435.41125581633,7257.14474367347,7353.55431203061,7442.80277682653,7482.96800192857,7508.82623254082,7468.31807254082,7463.41445030612,7428.07769030612,7499.41323836735,7293.93513616327,7401.09872091837,7505.43615591837,7594.66922551021,7713.1637982653,7620.268775,7827.43428622449,7666.50538704082,7972.55508204082,7749.68701208163,7637.65674877551,7667.1019244898,7560.46581795918,7681.03463908163,7623.70718806122,7673.58918265306,7703.17756918367,7689.76344918367,7567.98049622449,7539.8130027551,7478.9900877551,7457.74851428572,7574.75290438776,7838.82624428571,7765.14482602041,7855.39888040816,7807.12488642857,7842.33476244898,7721.53351326531,7684.00464285714,7804.06674959184,7561.66733612245,7890.13065959184,7749.27819438775,7442.14841295918,7485.99414693877,7528.97338734694,7679.86059418367,7639.52599938776,7647.35454240816,7746.35397127551,7700.63118877551,7883.71128142857,7933.70619877551,7991.27778265306,7906.08604469388,7883.69693877551,7808.62409877551,7984.42300377551,7930.70106367347,7805.99353622449,7885.09986734694,7801.08393122449,7907.65632728571,7899.7595877551,7687.1968882653,7801.46113089796,7721.93596020408,7763.90970530612,7803.93965918367,7887.92982510204,7837.75981122449,7811.33153673469,7924.63389010204,7870.27814897959,7825.22016632653,7812.45838632653,7712.51051948979,7800.7066244898,7859.46046214286,7652.7536527551,7442.90861408163,7359.62661908163,7455.02363744898,7223.84551061225,7293.19088061224,7302.19983897959,7417.20788897959,7262.71340346939,7354.41224846939,7365.41696846939,7389.70705295918,7581.71504295918,7598.86933795919,7655.07315591837,7695.02085591837,7659.05836091837,7843.65748102041,7916.87766020408,7896.3506077551,7887.89307785714,7935.50887918367,7845.49612218367,7691.63821040816,7710.96858540816,7466.88615642857,7550.7446244898,7599.90558316326,7519.90659896939,7643.9848,7600.26724622449,7587.62897510204,7732.31178938776,7746.00659081633,7742.2083905102,7722.90368316327,7726.10088306122,7798.25589091837,7814.92218540816,7747.66635040816,7863.52841632653,7694.55505532653,7618.54791053061,7673.78437755102,7579.69567255102,7774.5112277551,7823.84592040816,7785.65469,7771.41862969388,7928.36138020408,7669.48075081633,7655.24929663265,7704.50717623469,7449.62052164286,7534.51512378571,7660.91186959184,7637.70858520408,7553.23043816326,7475.88203816327,7593.61368367347,7778.64413571428,7619.18806071428,7626.28857918367,7497.62067173469,7438.17805326531,7239.45382826531,7179.82920326531,7452.34741542857,7607.87249938776,7758.53273438776,7710.95807744898,7791.78564969388,7848.52239857143,7786.02241989796,7609.28485714286,7699.19894020408,7635.71802214286,7439.1883905102,7501.06848081633,7343.45793846939,7448.00473979592,7349.10067642857,7419.12143459184,7614.83192663265,7596.33403867347,7508.60121918367,7629.93209418367,7484.43378265306,7572.71021571428,7687.24692204081,7679.57831673469,7736.65749230612,7630.98363571429,7653.41462551021,7388.02698193878,7565.99169193877,7484.7542405102,7474.16827540816,7253.23090928571,7404.13325928571,7466.49219846939,7373.98152102041,7469.86348428571,7471.66232744898,7558.11515244898,7657.355735,7588.964735,7606.48758887755,7643.54688795918,7619.46508295918,7769.32272928572,7661.62007520408,7725.72185020408,7706.66194857143,7758.3791032653,7821.74688397959,7615.52420102041,7643.68216428571,7384.99063857143,7461.58970469388,7752.29377326531,7859.90072094898,7875.11569809184,7966.14835653061,7877.03870214286,7944.02151683673,7779.27435928571,7794.47247948979,7760.32956,7962.95789571429,8172.75313673469,7967.06433857143,7908.34196938775,7936.49648510204,7946.38673510204,7644.41422591837,7737.33041030612,7518.36406061224,7568.26027673469,7383.91319,7541.53177081633,7471.35555979592,7701.81558612245,7786.48771469388,7878.01166265306,7857.44684010204,7906.96993806123,7838.06685306122,7860.20721734694,7774.34945816327,7870.88588204082,7773.54720204082,7918.90895744796,7888.78758989796,7952.51894489796,7950.2106227551,8064.07781918367,7990.45789642857,7803.52162520408,7861.45005479592,7791.32053153061,7844.54696897959,7909.96373632653,7948.8723655102,7759.61362612245,7720.56091336735,7697.21338336735,7725.21257255102,7770.65187805102,7823.10400009184,7837.11169642857,7826.68083469388,7744.41992040816,7783.5361,7788.59678622449,7810.87862979592,7636.37226285714,7742.82824969388,7764.10247581632,7754.37114255102,7815.26519377551,7860.23437397959,7796.77055714286,7673.81484755102,7623.22076132653,7578.15544979592,7520.57871663266,7631.43959622449,7623.12971542857,7900.83352040816,8006.04352653061,7856.78589530612,7807.56690306123,7922.25020816327,7720.53356234694,7716.30457377551,7505.53043693877,7689.09765795919,7672.37291061225,7575.65275622449,7548.19376693878,7561.43329989796,7499.39069112245,7631.05493020408,7687.26818020408,7615.01845846939,7723.27573571428,7670.49303877551,7735.92543938776,7616.57261632653,7724.48549204082,7666.5807355102,7754.19917265306,7767.49737183674,7757.74649663265,7673.04785418368,7515.12400867347,7513.56331010204,7464.84116204082,7346.80892816327,7300.07509316327,7410.01955959184,7454.10887806123,7582.96395010204,7626.30477102041,7625.82491061224,7724.49958020408,7754.92007591837,7894.39580714286,7965.74654285714,8072.94350530612,8075.35872714286,8047.0208722449,7931.24742704082,7833.12455204081,7769.66805006122,7809.93510081633,7726.16013877551,7716.33190020408,7618.68050918367,7670.26313673469,7577.40474867347,7348.75292877551,7369.40569377551,7501.27827327551,7610.44209489796,7722.72736806123,7874.09473806122,7837.81764030612,7728.20758214286,7757.32569846939,7509.86775918367,7785.48757040816,7712.34622836735,7674.00292693878,7541.50991867347,7622.07403071429,7762.38795581633,7757.19066938775,7861.57891428571,8007.76163979592,7866.87626244898,7809.36673530612,7724.5377027551,7832.45160030612,8036.01345030612,7936.59508530612,7687.35170387755,7650.29525387755,7740.22031020408,7827.90894765306,7791.33397683673,7825.39884183673,7841.80175183673,7753.98156683673,7803.53607989796,7748.30464357143,7786.30660908163,7910.08283244898,7830.62397795918,7673.02603102041,7552.59525306123,7714.49875265306,7593.28057346939,7520.69009510204,7552.4485527551,7709.13405387755,7738.72419755102,7846.85128979592,7935.75725979592,7754.21416061224,7826.64110326531,7919.28715959184,7755.53073285714,7964.06238346939,7866.70194806122,7939.13471765306,7824.44009112245,7786.7950594898,7789.6569444898,7752.56928704082,7978.50254632653,7914.36878571428,7823.33141571429,7956.15097346939,7906.90957285714,7935.51436938776,7753.76682346939,7840.51487857143,7766.51533061224,7669.29805061225,7653.69943061224,7634.80566428571,7633.43002244898,7484.27039244898,7397.13548602041,7356.09261153061,7488.59257959184,7410.23620040816,7476.97624240816,7432.74146853061,7431.13012261225,7516.73317918368,7343.64637122449,7280.32263622449,7327.99707,7237.16329653061,7186.90969040816,7301.32719285714,7531.05008122449,7467.56697612245,7601.11863469388,7651.15948326531,7479.08145530612,7397.10394520408,7356.14913755102,7411.34615214286,7468.08220144898,7429.58642142857,7587.91649561225,7517.92107908163,7651.71874153061,7557.50715693878,7466.62373193878,7744.79385265306,7781.68993926531,7809.30277663265,7643.07850928571,7630.96948428571,7834.8177255102,7583.27078336735,7607.96714234183,7569.72550265306,7566.5745877551,7619.59784453061,7507.19409285714,7452.4132522449,7781.09887418367,7801.2250655102,7611.49576122449,7739.44720918367,7725.29513285714,7790.71765153061,7749.70621306123,7745.98872326531,7731.8054132653,7851.31470877551,7751.03585377551,7702.08093877551,7902.73749081632,7796.07017693878,7804.7201755102,7591.21805112245,7684.34489204082,7520.38375408163,7438.30957469388,7617.87119469388,7489.78633336735,7532.62785765306,7634.72658520408,7605.25724132653,7513.03975091837,7615.0455022449,7559.49606387755,7526.54889040816,7733.74163040816,7559.92389051021,7553.00345918367,7603.03432693878,7636.56605265306,7460.17081142857,7593.38215387755,7570.05528163265,7347.18574897959
736.979591836735,7924.09748204082,7793.3917755102,7976.85230857143,7991.47370857143,7802.82457693877,7844.13489193878,7774.35258193878,8003.13048193878,7821.78589785714,7794.60882714286,7939.91192130612,7970.19991479592,7788.84464479592,7886.72627520408,7981.14153877551,7879.82026683673,7897.65398469388,7960.09897469388,7861.61655530612,7797.79294515306,7891.88700418368,7926.09548265306,7963.71265183674,7984.50773836735,7922.21729265306,8051.49693877551,8042.71224857143,7879.15599857143,7991.43995906122,8074.783905,7967.35940755102,8035.0794772449,7808.67149744898,7884.57743887755,7916.71784561225,7808.26602744898,7930.12279581633,7872.87829693878,7985.07205469388,7871.85909102041,7915.89757102041,8056.94207,8019.22592,7962.71006836735,7943.30079030612,7837.82588408164,7927.21937244898,7914.43266744898,7854.06219591837,7781.57593265306,7849.41999602041,7864.75874234694,7872.16272959184,8009.31691918368,7950.03153959184,8016.68751020408,8281.83658102041,7992.51186795918,7949.60461163265,8151.34881979592,7906.02209673469,8030.66508632653,8034.18210265306,8051.12619122449,7999.06141571429,7807.53910102041,7895.76323877551,7879.69935704081,7896.91689704082,7952.36907602041,8036.06358959184,7995.19835231633,8010.03283418367,8018.47898918367,8008.86705918367,7942.11501734694,8086.98526612245,8044.06491326531,7981.28248826531,7900.16838326531,8052.21615306122,7977.06654571428,7962.64998122449,7966.82643683673,7961.61875663265,8052.19558877551,7813.81802897959,7853.38466163265,7955.16828428571,7840.34097,7802.35520816326,7710.74826795919,7751.99366642857,8090.27448926531,8012.44508306122,8116.01779693878,8005.96952959183,7997.81423693878,7947.83287418367,7904.24713428572,7878.02255928572,7831.47075316327,8069.8174694898,7908.0743444898,7928.69578918367,7958.89993418367,8018.81198030612,7945.0953422449,8011.93608816326,7932.48840897959,7903.25515122449,7916.25332571429,7926.0921822449,8134.2985522449,8039.90918520408,7926.42026612245,7851.54297469388,7860.38557734694,8003.18009540816,7906.20629540816,8124.31528040816,8083.66168387755,8056.6703777551,8218.41783346939,7959.93406346939,8167.64782469388,7923.94827306123,7953.63966591837,7876.53318591836,7919.2560944898,7954.84826836735,7750.94441387755,7836.92316122449,7922.51222204082,7932.00141836735,7855.710675,7858.65230975102,7842.91711691837,7909.94390938776,8062.03749214286,8000.41977632653,7959.84710080612,7865.4247122449,7812.4827377551,7839.22431428572,7916.47470081632,7886.54410489796,7917.36483489796,7929.35243489796,8051.07754632653,8068.20926310204,7930.98199493878,8012.60113204081,7950.9917177551,7931.69675928571,7959.27703285714,7764.21618928571,7943.26213061224,8010.68155663265,7853.31853551021,7829.07621918368,7889.82689418367,7931.23039826531,7906.9285882653,7881.76984316326,7990.64048081633,8227.53777590612,8067.41279102041,8239.04504081633,7957.79441155102,8067.97477255102,8057.84898795918,8109.33862887755,7954.75297877551,7991.59930438775,7946.03368438775,7841.77245714286,7857.35815377551,7999.58265214286,7985.14758571429,7824.91853846939,7745.23010612245,7877.51638704082,7793.78467704082,7961.41448,7902.21619663265,7963.11637887755,8015.50251069796,8052.83597316327,7983.03817265306,7944.24692765306,7978.24364765306,7964.28503265306,7961.58002244898,7971.54377744898,7958.57155112245,7909.6487944898,8051.08410642857,7942.79763806123,7961.64293122449,8212.9130932653,8009.77120581633,7931.40766734694,7857.42640693877,7826.56179663265,7825.3180227551,7967.41150959184,7918.73873571429,7917.46354571429,7865.12898469388,7971.56968163265,7752.85152959183,7804.30021122449,8056.53105520408,7843.00363653061,7810.38878561224,7892.28610132653,8025.53995622449,7776.39294887755,7887.15264887755,7941.82706632653,7959.66015336735,7949.76297489796,8016.0201877551,8053.93499726531,7964.0043487653,8069.28589876531,7813.38864876531,7921.0238022653,8072.56742653061,7907.36264795919,7952.11353265306,7907.5022327551,7984.31625418367,7940.3546255102,7980.87568591837,8029.97810857143,7997.81378122449,8046.94416918367,8204.4164122449,7997.22023989796,7909.95629469388,8013.90100877551,7958.31251612245,8104.5452555102,8011.25422551021,8062.42496,7973.71341632653,8068.81905132653,8037.13285132653,8008.93221020408,8005.97706836735,7732.17942244898,7749.14506734694,7713.93786428572,7794.53271428572,7847.44374040816,7775.37683612245,7769.46470612245,7867.70340316326,7910.77813887755,8052.08833887755,7959.57861336735,7872.74964392857,8030.37413336735,7931.47021836735,7994.61323744898,8000.10609357143,7952.90684806122,8036.86910973469,7972.19239377551,8155.12755839796,7879.29152061225,8061.61638755102,8038.38178459184,7926.07152173469,7863.56006591837,8039.94958836735,7877.11177959184,7952.44441928571,8068.75518112245,8080.87033204082,7995.82698453469,7848.08224183673,7794.72637040816,7979.53894806122,8050.66678612245,7965.24428755102,8038.22858969388,7726.16523367347,7654.05183142857,7707.55271132653,7794.26622489796,7846.31901836735,7858.9338727551,7828.17151969388,7965.16110180612,7974.04570530612,8068.17666163265,7827.72275989796,7859.78113428571,7918.2969477551,7790.51201857143,7720.92085183673,7993.81310214286,7675.24012540816,7766.03398255102,7737.04639591837,7717.07536,7731.42873326531,7649.02509918367,7837.65795836735,7900.65324510204,7956.24959510204,7969.08650653061,7794.23007520408,7783.05740632653,7896.90122367347,8060.86944622449,7870.08146795918,7783.10331653061,7796.64341632653,7728.07952040817,7653.30781632653,7753.44019591837,7977.78308061225,7752.29188520408,7815.51919,7867.95396020408,8016.87322989796,8001.04578962245,7926.47215520408,8019.45691193878,8006.07348622449,8095.5754244898,7984.4212694898,7885.0700294898,7969.85883173469,7843.92610530612,8201.52583295918,8077.06942795918,8099.73529826531,8034.1333582653,8042.45873773469,8063.89636273469,7990.65421795918,7739.43574602041,7988.8516605102,7935.01820795918,7869.78469295918,8050.88550010204,8047.14167081633,7992.75040877551,7983.5946632653,7942.79549602041,8078.66072571429,7873.79980040816,7883.97465734694,8150.65884489796,7983.4723,8062.02822061224,8002.0456077551,7985.2908127551,8026.46771918367,7956.55994530612,7829.84169795918,7832.06477663265,7813.56602163265,7883.41833826531,7718.51109428571,7890.12444081633,7877.23790581633,7864.52857081633,7803.2301394898,7746.0470294898,8033.60615877551,7901.47244877551,7961.90388469388,8160.31742408163,7895.99908367347,7939.30509591837,7846.31499591837,7947.89015959184,8002.01496663265,7914.91939918367,7929.34370428572,8038.0030772449,8043.38975469388,7971.63364826531,7952.89145244898,7947.49388734694,8002.83773734694,7849.01293673469,8008.10322877551,7727.84920438775,7839.13492081633,7782.49011530612,7711.55176887755,7800.29684122449,7789.71726295918,8021.76502255102,7897.5509522449,7928.64659285714,7881.63240816327,8166.42680204082,7904.67271061224,8057.79340295919,8130.48639897959,7977.13075438776,8032.57637122449,7915.25659754592,7959.87253071429,8179.77123326531,8045.9551744898,7974.48381316327,8032.40313081633,7966.47978244898,7977.6043827551,8090.96956981633,7965.81515806123,8047.16643938776,8048.48983938776,8023.10260938775,7868.38346938776,7854.61508540817,7948.14203979592,7932.13772479592,7944.61181255102,8109.67427755102,7936.47930683673,7876.76374728571,7900.22595336735,7838.29411836735,7932.62204959184,8002.23565938775,8064.70093183673,7930.03663306123,7891.9651277551,7822.71968132653,7731.78552295918,7954.74342040816,7818.75715061225,7837.34998979592,7795.84266530612,7777.20928061225,7629.08043061225,7749.11707390816,7812.69395714286,7923.0076755102,7854.77621142857,7756.90226316327,7812.76264285714,7981.31149591837,7871.56375714286,7807.0215744898,7887.91662193877,7650.78028193878,7837.87626836735,7882.53240836734,7885.06218836735,7819.32111836735,7811.48449836735,7933.19601597041,7973.48131438775,8031.22682938776,8042.56926612245,8191.09399163265,8004.56480459184,7944.36447642857,7941.76470918367,8094.24621918367,8085.16936418368,7982.8988339898,8000.42397846939,7979.81057755102,7977.31757714286,7822.78347214286,7928.29843806122,7665.66678418368,7753.89335408163,7721.9441494898,7857.70121448979,7881.94562806122,7846.58251295918,7895.50346163265,7965.61794102041,8117.50384612245,7899.69983306123,7937.87267979592,8034.7603655102,7918.32460508163,7819.06090336735,7946.77011877551,8020.09764612245,8044.41850204082,8042.96750071429,8005.91165459184,8008.6390582653,8056.25291683673,8039.41907642857,8056.18762959184,8025.12923510204,8060.63914216327,7992.83954965306,8094.2452267551,8055.62428928571,7939.7843477551,8008.74513010204,7936.95436489796,8010.04003040816,7984.05371173469,8038.26256394898,7980.21953877551,8137.18851653061,8051.86242265306,8135.60661744898,7953.14777622449,8048.89267622449,8011.88610897959,8232.29646969388,8051.17394041837,7958.82201886735,7971.73157377551,8008.39317857143,8003.64583561224,7963.78010214286,7994.21096244898,7970.35820336735,7935.84764989796,7971.89181908164,7813.81868938776,7912.18697122449,7948.06948979592,7944.24782387755,7941.6398705102,8056.1382377551,8068.88488178572,7942.6171527551,7989.42185306122,7985.11567387755,8075.52504755102,8009.54499183674,7933.4678544898,8111.12086428571,7951.16586122449,8055.76704122449,8118.25355755102,7943.02453510204,7935.65163969388,7880.59280397959,7869.71592047959,7994.81955285714,7847.25057857143,7952.93572076531,8046.33709591837,7950.1147444898,8022.89215185714,8042.58020163266,7990.56196132653,7950.28313653061,7927.48306122449,7829.70693265306,7741.96878163265,7934.42361918367,7688.204675,7624.13497112245,7607.55789795918,7672.03137959184,7679.86153285714,7797.57310785714,7821.7181672449,7791.83348489796,7686.4386827551,7643.73716346939,7731.7427344898,7919.24997326531,8009.75361459184,8038.14012887755,8069.87469316326,8268.84796816327,8024.67635892143,7927.58482320408,8090.56663102041,8001.97240040816,7976.96839816327,7993.55036387755,8109.39370102041,7942.65146714286,7797.59458846939,7937.70042346939,8051.18307755102,7834.50462428572,7950.11120530612,8108.75958367347,7990.53772571429,7934.22407622449,8001.04130295919,8027.10351244898,8084.4535022449,7963.28727744898,7813.08145928572,7699.28303877551,7873.41110530612,7946.24662591837,7880.21155520408,7845.81672867347,7962.79401734694,7893.92870234694,7856.18190040816,7904.08785354082,7985.47893836735,8072.54097693878,7994.60904285714,8003.98997510204,7997.81771765306,8030.60960561225,8070.56252673469,8014.26733091837,7910.52295479592,7790.5828044898,7898.44423571429,7863.55101091837,7829.47233102041,7978.04150918367,7935.22367183674,8001.60935409184,8062.77487857143,7880.56460295918,7810.52622653061,7868.01083571428,7756.94004244898,7869.24456285714,7865.99438386735,7923.12028489796,8000.02558020408,8056.99543020408,8003.61186520408,8142.91362469388,7961.58652581633,8085.82482265306,7936.40115408163,7922.35296122449,8129.48049387755,7938.29813897959,8019.54761357143,8014.88332122449,8027.79423377551,8126.56334091837,7842.8734,7901.42557387755,8006.63552244898,7767.55455969388,7717.43002785714,7696.78439234694,7786.67389663265,7711.89982673469,7641.09310173469,7693.32176561224,7617.76181938776,7724.12440816327,7770.41155816327,7878.82344591837,8049.74662265306,8177.45916551021,8197.46409540816,7826.12957132653,7771.00763693878,8051.50252669388,7822.51991444898,7765.53687204082,7866.50191061225,7867.30843346939,7855.09426081633,7982.53174581633,7846.99120826531,7973.98519765306,8002.86837306122,7765.63991387755,7807.53719755102,7667.55813765306,7642.93125591837,7748.80190836735,7613.99772846939,7795.3587122449,7818.74388540816,7852.28219693878,7823.32150959184,7819.70399591837,7808.21535908163,7864.02142663265,7868.21448642857,7912.67462908163,7939.06420408163,7945.88230122449,7741.37256336735,7890.41056591837,7975.23358867347,8010.78719691837,7961.16450408163,7841.66177755102,7912.95321428571,7810.44967928572,7871.3370317347,7855.3958977551,7920.45217826531,8019.21728673469,7900.52553163265,7890.83071234694,8046.77378387755,8029.48789336735,7996.93775653061,8172.31281591837,7887.24702744898,7989.7375482653,7795.19504295918,7980.69519795919,7767.66159510204,7786.58367663265,7913.06187989796,7918.55353806123,7930.31222397959,7912.02390571429,7885.65563377551,7940.21931071428,7918.02639438776,8188.7645255102,8000.69777855102,7813.40235591837,7992.44037428572,7856.69160214286,7874.02960040816,7866.10835479592,7897.10394010204,7782.80248183674,7763.69615530612,7856.79850489796,7853.73353122449,7824.33727867347,7982.75417806122,7977.95988938776,8200.7045427551,8002.75191602041,7904.58244081633,7822.95602142857,7849.69310673469,7768.37736510204,7979.34100408163,7844.10589602041,7830.17504612245,7823.57498377551,7778.21626071429,7689.95339326531,7826.61750061224,7944.82623979592,8080.42722857143,8074.6754972449,7945.31687020408,7869.19030530612,7850.68034926531,7795.51122061224,7851.11363142857,7836.82167642857,7961.21689102041,7867.22847622449,7684.09763469388,7890.68329969388,7853.6394817347,7839.88225959184,8053.1751577551,8076.08221612245,7869.00035928571,8010.1323577551,7904.06381132653,7926.67330214286,8042.52170885714,8234.28875134694,8003.58455032653,7951.81708979592,7969.69289612245,8059.32170530612,7950.39508244898,7896.87086653061,7851.87889295918,7971.17808040816,8050.67485816327,7837.99031571428,7753.00434683673,7914.46160183674,7887.24484428572,8098.28588367347,8012.22077561224,7884.93336204082,7983.61971846939,7919.21056602041,7886.75608020408,8033.10348204081,8090.07284602041,7980.40290602041,8021.25635836735,7969.72052622449,7974.78188510204,7909.36620010204,7784.33327244898,7664.47949469388,7640.05915867347,7534.16364367347,7536.62905265306,7720.75384795918,7486.49647795919,7652.95899795918,7685.10154132653,7608.26330602041,7597.25160346939,7647.8552677551,7635.93635908163,7698.48304663266,7581.69856479592,7658.43343622449,7487.99108214286,7404.26198469388,7538.5285672449,7671.1185727551,7661.6724877551,7696.23217071428,7624.57646142857,7575.70892142857,7524.61607142857,7551.1229092551,7525.28225969388,7708.30595918367,7770.40447265306,7755.0354405102,7763.2890272449,7751.56386112245,7776.02238010204,7930.24410010204,8125.08792022449,8098.34080806122,8027.16431636735,7923.39055136735,7916.072438,7867.41211,7911.60003912245,7909.01537897959,7945.16600571428,7898.27257102041,7741.39890234694,7964.59249102041,7874.48296632653,7793.70329897959,7944.83810642857,7977.12638489796,7992.58666656123,7926.23576,8075.52986408163,8096.74690520408,8011.01427071428,8021.28322653061,7746.17113673469,7747.32734489796,7664.21939489796,8129.53972959184,7915.45420989796,7984.17357683673,8101.10235897959,8033.37865183674,8040.94594102041,7985.18755591837,8043.48417908163,7934.55964295918,7948.40171938775,8164.45666163265,7920.09844765306,7945.75660693878,8034.68893846939,7862.18010806122,7836.82590204081,7976.78964173469,8075.2178322449,8013.65853316326,7941.91588020408,8042.68590959184,8042.34296234694,7988.91265040816,8111.19479357143,8024.14137408163,8094.58655418367,7952.1265277551,8119.8223507551,7987.30865591837,7909.85276,7918.29054897959,7853.05207857143,7899.65448367347,7939.80297489796,7822.45207959184,7797.85820602041,7815.22672102041,7864.97074785714,7881.47396163265,7996.71614693878,8009.31649428571,7939.16509428572,7976.49774806122,7884.41372306122,8010.2161544898,7925.70930816327,8028.3358694898,7986.42977387755,8103.42025122449,8226.68692928572,7926.15447897959,8068.41109693878,8096.82371693878,8053.712345,7998.12504183674,7875.11432102041,8018.42987846939,7953.93763010204,8070.35553204082,7975.39207704082,7778.89913622449,7735.65051979592,7842.27030734694,7762.00715846939,7907.22288969388,7867.05198979592,7849.54968061225,7783.44289806122,7839.76660418367,7804.1674917347,7784.74979581633,7883.54270530612,7844.05234877551,7761.46384693878,7756.85734693878,7747.9550744898,7888.84111622449,7920.19535867347,7993.98572714286,8193.99027510204,7915.95026836735,7871.66116755102,8028.6622005102,8037.54369938776,7888.92743255102,7872.68765306123,7876.6744867347,7945.71155459184,7813.92811336735,7782.07750591836,7788.62026081633,7906.31290265306,7759.48671326531,7861.51526938776,7786.14051020408,7680.80017255102,8093.24344020408,8061.60489020408,7991.55948765306,8066.96727969388,8252.00859806122,7978.3780655102,8067.13024040817,8111.67341171428,7989.05238683673,7800.47811744898,7948.0847372449,8124.29129918367,8050.38796255102,8062.73872091837,7955.58182828572,8073.89902632653,8064.47763908163,8032.83978397959,7960.90224438775,7984.63685295918,7980.09539071428,7949.40685744898,8084.82654926531,7925.39903426531,8054.33243173469,7905.57455173469,7896.91476877551,7972.63915959184,7894.53274602041,8052.82219806123,8051.91212612245,7737.32989122449,7807.63337897959,7798.42350857143,7850.4586422449,7825.03277040816,7878.54180612245,7900.46879010204,7950.6769122449,8084.13097244898,7809.09949693877,7901.80764959184,7894.69897571429,7783.87306938776,7835.03728265306,7833.40749397959,7915.65901857142,7909.75497642857,7831.45026938775,7902.31171387755,8100.59086408163,7869.26173265306,7743.63301367347,7645.67819153061,7746.2840377551,7746.26421132653,7873.89741397959,7739.04263693877,7769.76960865306,7726.56353097959,7787.95479385714,7828.5047265102,7858.47987059184,7759.99769610204,7763.49265589796,7761.86564081633,7949.98144377551,7894.72947081633,8054.151025,8081.63349153061,7975.67769653061,8082.80025928571,8026.14139673469,7903.63311173469,7948.32500131633,7961.6759560102,7807.27066806122,8037.69783836735,7962.37195642857,7981.38948122449,8014.03432622449,8008.26534214286,8017.58683581633,7910.81248520408,7928.59165520408,7991.72248520408,7807.54094030612,7960.36256030612,7967.76998428571,7991.72424428571,7942.04433775511,7699.96488775511,7694.30069642857,7529.4787572449,7508.5676472449,7668.87033969388,7581.61823672449,7443.7149377551,7777.45945030612,7675.35795642857,7718.43043122449,7620.68296122449,7640.23397622449,7679.90536122449,7645.65307122449,7590.33280102041,7421.531285,7743.09358306122,7542.63427006123,7493.84374306122,7467.12830510204,7582.70636469388,7553.75339469388,7584.49071469388,7713.75475469388,7798.27944744898,8067.09973346939,7992.33326846939,7932.68989908163,7803.07891816326,7795.88895714286,7867.87458265306,7914.68811469388,7856.18148132653,7915.75317693877,7979.53118428571,7986.45303928572,8012.45350734694,8051.3714277551,7925.52190102041,7865.36659438775,7931.93812163265,7809.38742163265,7905.18801846938,7899.20512448979,8035.4179794898,8076.78523683673,8126.58768683673,8155.48116908163,8061.98616908163,8050.72622408163,8029.30997408163,8094.46706408163,7936.09227142857,8088.55387693878,8156.12200816327,7987.29409316326,7901.3670772449,7994.39911020408,7997.33720163265,7994.83250357143,8058.77892183674,8005.27535836735,8002.07921114286,8052.73085714286,7994.57503214286,7859.7796472449,7989.64638785714,7799.96174377551,8058.23812030612,7952.18978020408,7776.35347979592,8131.66119602041,7988.73079162245,8119.94132193878,7976.64368244898,7847.0823272449,7713.48893438776,7874.72381989796,8029.57625346939,7826.44331326531,7946.80758887755,7930.67694959184,8060.86449571429,7965.34952612245,7861.7171027551,7939.33684561224,7814.23311316327,7897.36064653061,7925.69601836735,7978.01316836734,7720.07453877551,7829.98282020408,7702.35862040816,7811.06114555102,7870.99511255102,7932.87845806122,7926.17831632653,7973.52047857143,7993.19749357143,7923.37208020408,7832.54309806122,8025.61271255102,8096.3789177551,8098.75531693878,8033.63893693877,7976.50059193878,8067.40419506122,8009.19938744898,8078.42118877551,8044.97450418367,7968.37076469387,7995.20513397959,7984.93342010204,7772.89914979592,7731.25780112245,7698.94756153061,7983.36738693877,7818.65335346939,7851.96327285715,8229.74210785714,8023.52063642857,8091.92978642857,8023.57711642857,8084.40711234694,8225.59349734694,8005.98681193877,7900.52095030612,7871.12294989796,7974.38680489796,8149.42280112245,7965.00559255102,7867.73791673469,7847.73884244898,7866.83852959184,8070.43900510204,7896.92354408163,7948.38104989796,8039.48659040817,8139.22876581633,7925.92249071429,8083.75126510204,8092.67480010204,8033.71160010204,7808.54224795918,7715.49250306123,7751.70876020408,7820.57750061224,7904.77541387755,7744.99188040816,8026.0058912449,7895.60688785715,7673.79357183674,7716.35668755102,7767.63817255102,7733.39371255102,7923.97328755102,7919.85665887755,8095.00374357143,8009.68550793878,8080.16306734694,8029.42764285714,7964.42259530612,7985.98474928571,7962.56432857143,7824.63990581633,7830.36421397959,7814.49227352041,8068.15729377551,7836.86333591837,7894.36663091837,7930.13586040816,7847.41467979592,7687.79021591837,7665.70097591837,7775.03490632653,8192.4641344898,7989.46286163266,7989.17997744898,8009.65111826531,8087.1880722449,8137.48919741429,8057.5255472449,8095.6902522449,8038.8206722449,7974.4964405102,8063.69972163265,7992.13604887755,7919.18314040816,8147.26101530612,7958.14908306122,8062.31961,8200.30109469388,8057.87014612245,8130.66718346939,7906.96475510204,7925.60034897959,7877.34314035714,7869.2390567347,7866.31966530612,8093.75515204082,8160.74881693878,8171.22865591837,8007.56812165306,8061.63651465306,7973.29502755102,7987.16341653061,7924.21421306122,7890.25724928571,7882.85698306123,7953.91358806122,8040.79120306123,8065.08047153061,8039.12552153061,7949.7182027551,7970.1421727551,7956.87602489796,7878.98147071428,7851.8446144898,7968.69614346939,7843.50415836735,7805.79725948979,8113.68670081633,7994.97315418367,8082.33738806122,8172.07409785714,7883.01698785714,7848.77550102041,7865.72150316326,7969.30536867347,7993.02517010204,8005.57075704081,7919.6179510204,7805.27401397959,7798.53086785714,7756.47241122449,7543.80801428571,7708.27149612245,7726.98867163265,7646.28634163265,7615.37454163265,7603.14177163265,7651.8329022449,7693.56111377551,7675.11060183674,7615.47135928571,7733.54546142857,7965.68459704082,7813.679915,7725.41871163265,7827.44733163265,8067.95008163265,7858.38161163265,7775.69409102041,8065.10302051021,7895.30830653061,7804.29450857143,7864.27715408163,7884.65682040816,7947.11471122449,7971.37965989796,8012.36542040816,7981.18326877551,7934.62623806123,8058.39569214286,8100.89490714286,7979.72900071429,7872.45412234694,7937.19222734694,8176.48412642857,7884.41756316327,8038.27303489796,7918.92419540816,7898.98457397959,7863.94379397959,7841.48731897959,7933.88415336735,8056.81762408163,7997.43923244898,7793.48578255102,7982.16512744898,7977.07096591837,7934.13675808163,7976.30050020408,7949.51036846939,8036.50068010204,7875.12207122449,8121.60289714285,7802.90044530612,7858.3999922449,7642.9483622449,7755.94285234694,7887.19946020408,7804.79727040816,8009.68691367347,7896.22994387755,7858.46145612245,7928.17950734694,8008.51101683673,7932.63149653061,7989.83881142857,7920.45995306123,7952.81506295918,7793.75841744898,7949.41274040816,7868.61076908163,7908.9182705102,8062.17852265306,7966.00343765306,8068.81333479592,7980.82791479592,7962.38947,7962.0544872449,7981.5540322449,7861.7471777551,8029.39173183673,7930.33490244898,8093.93994755102,8022.02458142857,8062.74184428572,8037.68026673469,7971.63056612245,8201.84677897959,8211.18800479592,7973.29284755102,8057.78619734694,8078.57325489796,7896.12802714286,7952.1099194898,7748.54390102041,7784.74138418367,7930.69564183674,7947.34964683674,7845.36323683674,7821.25787795918,8067.12452591837,7971.39479071429,7854.08451989796,7867.65546306123,7849.32893428572,7730.84403438776,8095.41196959184,7925.46499244898,8095.10357744898,8009.50748714286,7900.11377632653,7940.01559132653,7993.57730632653,7971.04434755102,7962.89749969388,8045.59360744898,7932.83935387755,8007.35295071429,7873.93129591837,7925.80034489796,7993.1939677551,8106.71592530612,7868.72546163266,7987.44088061225,8061.94384836735,8003.32684071429,8026.88156571428,7968.43208265306,8103.82046938775,8031.23842571429,8055.15313571428,8089.17622122449,8024.61898122449,8251.59721412245,8101.74991122449,7977.97295489796,7934.85354551021,7900.67364591837,7732.74661316326,7931.89242091837,7793.4844732653,7826.94840653061,7932.6240444898,7938.44198336735,7996.90153367347,7830.42124020408,7755.69249316326,7924.39510836735,7825.11651877551,7884.19099744898,7759.82288622449,7882.64071734694,7741.08433846939,7652.12530408163,7917.30811520408,7712.11431020408,7763.17349091837,7974.48098367347,7927.44054142857,7793.16482367347,7901.81564755102,7865.86373755102,8087.24075163265,8104.98902663265,7992.67579908163,8272.99107112245,8052.99690112245,7923.64858642857,8190.56559816327,8159.60529204082,8017.50124204082,8026.77049204082,8114.23232204082,8085.98314704082,8114.15230448979,8055.22255102041,7939.90203306123,7803.92506336735,7989.94400336735,7969.84365836735,7780.71494897959,7765.273641,7791.16252295918,7888.77616163265,7779.3692144898,7890.6703994898,7999.85211826531,7922.99090683673,7898.80920877551,8063.93310536735,8139.37342495918,8041.40927791837,7989.85614163265,7979.06610326531,8039.26733010204,7993.17967112245,7914.81569112245,7935.67460938776,8030.82883071428,8044.02728283674,8076.93942234694,7992.90791163265,7924.76667326531,7976.83137309184,8200.76670207143,8028.33716972449,7975.75082408163,7971.74653897959,7900.41085183674,7826.21173244898,7824.07795244898,7829.8973622449,7940.6125122449,8147.17412979592,7999.97411877551,7886.31643530612,7833.40617459184,7892.1404405102,7796.53730346939,7945.98797489796,7952.79142244898,7975.81646160204,8228.77110510204,8120.78676510204,8007.2054572449,7892.38428857143,8080.31351969388,7916.09881469388,8087.74248938776,7941.30510510204,8008.84272983673,8008.87432408163,7833.16651816326,7753.34858469388,7723.41738785714,7761.63732510204,7791.84907530612,7874.16070030612,8015.74278816326,8163.41672826531,7916.66713183673,8120.46414428571,7868.29969726531,7755.13587581633,7669.07602693877,7678.51019304082,7672.40561285714,7585.29010540816,7841.93091489796,7772.32270244898,7678.22568142857,7588.73890326531,7704.42087163265,7721.33810285714,7735.19146836735,7763.36669387755,7702.3007767347,7940.03317561225,7935.10210204082,7927.095995,7930.86454122449,8072.22348622449,7863.24940510204,7907.89343632653,7768.30609081633,7764.51256020408,7816.55178265306,7762.92859887755,7734.47914387755,7953.89188459184,7941.38240897959,7878.43154285714,7785.83171234694,7869.85919785714,7729.14525387755,7964.04542755102,7992.62175132653,8099.15690765306,8113.53154265306,8137.32516265306,8211.52090653061,8222.37752397959,8105.25765263265,8045.93730093878,7999.78312265306,7983.4228327551,8232.8917222449,8191.31561734694,8004.90696204082,8042.08146765306,8132.06852316326,7944.57535469388,8058.38484944898,8046.58421081633,8031.95448785714,7925.13553357143,7967.545225,8056.81808122449,7960.98977408163,8050.18996908163,8040.55737408163,8016.27631487755,8087.25693657143,7976.25549857143,7947.56160632653,7992.27338887755,7960.54349244898,8013.13109428571,8217.40723173469,7912.40503317347,7982.30108183673,7961.33902632653,8113.6153227551,8007.7663155102,7897.17972857143,7933.63813693877,7925.93063183673,8060.52894469388,7932.68607530612,7992.22776846939,8116.01034785714,7976.34297653061,7966.95925959183,7888.98922744898,7842.59123265306,7935.35674897959,7790.39594530612,7905.39858561225,7741.39335081633,7773.00553231633,7883.53768813265,7884.97167047959,8001.83821241837,7978.23472394898,7961.88554744898,7835.68115428571,7977.14815928571,7786.04763142857,7750.49600489796,7734.31665816326,7742.47603408163,7901.88873234694,7826.68755102041,7949.88275908163,7883.93870510204,7802.33745510204,7912.07747244898,7826.45712244898,7836.39537020408,7740.28675448979,7959.17424489796,7887.41014316326,7848.16978010204,7801.17669846939,7849.30229489796,7947.8797755102,7824.0244355102,7891.26618908163,7768.33126153061,7895.29872622449,7842.57874969388,8045.34303071429,7745.6507977551,7803.17092448979,7757.60484520408,7787.6208022449,8022.52300836735,7826.60341132653,7868.55440091837,7832.75917285714,7896.60197285714,7937.25092714286,7794.44134061225,7956.09712693878,7916.67780193878,7898.0170277551,7898.05260571428,7847.29637520408,7874.61256346939,7792.09820428571,7693.82634928571,7696.43056316327,7778.54744816327,7805.37942561224,7822.20718561225,7920.93938826531,7959.23234826531,8135.41577071429,8079.36828989796,8048.13581918367,7958.87484571428,8022.48369571429,8021.28737938776,8053.04387551021,8099.20658204082,8086.87347306123,8064.97359306123,8071.54034306122,8092.21956785714,7957.54411183673,7876.17113683674,8005.36138765306,7842.54182612245,8050.20060632653,7970.97593734694,8047.66884030612,7939.32037469388,7979.60728418367,8173.45324081633,7917.51759102041,7980.03849683673,8033.6074477551,8008.9020277551,7901.6461494898,7984.65470285714,7958.24918132653,7818.85547040816,7844.73026765306,7930.89429489796,7829.87201530612,7840.99813397959,7779.44265744898,7750.51182153061,7848.43989908163,7888.6666277551,7836.86367775511,8207.25285336735,7998.17470642857,7902.57529632653,7921.50023428571,7994.30169387755,7796.113645,7906.67716326531,7959.09780693878,7940.94625591837,7984.85209040816,7970.41631857143,7917.14501418367,7786.21771222449,7933.67565622449,7854.35763979592,7981.52127234694,7922.85172979592,7998.99073306122,7850.65677755102,7899.45395755102,7881.19833836735,7954.49042510204,7917.65121397959,8038.56220653061,7994.62100265306,7933.21402183673,8083.64848704082,7992.34910091837,7965.18962928571,7937.295685,7927.17970357143,8157.69683469388,7924.60239693878,7864.18174540816,8015.26227561224,8132.63021185715,8117.52251382653,7954.12969265306,7962.44564244898,8095.3058544898,8113.19077408163,8041.12895285714,8022.62715632653,8129.11701020408,8037.08400183673,7995.05058642857,7869.28184734694,7869.21673459184,7860.82561,7937.51951081633,7980.87408897959,8040.04182438776,7963.35014003061,7969.49053431633,8035.71843897959,7870.89568122449,7955.84472091837,7943.08337877551,7842.27758142857,7757.96640193878,7840.71096193878,7882.16075234694,7801.55635991837,7977.54466765306,8002.9338872449,8019.8459677551,7997.71424316326,8065.58462357143,7968.81808338775,7907.32814316327,7972.22619744898,7982.95546857143,7901.68480071429,7940.27242214286,8133.16577387755,8161.44042857143,7866.16104367347,8101.41679938775,7960.86430979592,7818.42315477551,7840.6506682449,7922.3643444898,7977.75271836735,7876.55755448979,7867.56004530612,7927.25655510204,8011.42413510204,8003.66739091837,7961.02229581633,8011.78694397959,7750.63985897959,7867.23471153061,7905.55879612245,7951.44213112245,7937.03028816327,7970.64743490816,7906.68798255102,8070.67297479592,7979.50541159184,8167.67983,8008.36466336735,8033.38846744898,7811.65891734694,7860.8838894898,7764.93149285714,7718.57014285714,7940.53821183673,7995.04321244898,7977.69261244898,7950.61730897959,7960.66025897959,7977.23093857143,8184.97288142857,8218.68851479592,8111.89369979592,7980.09958979592,7857.92314938776,7948.4011587551,8288.46772551021,8152.26878071429,8013.89801469388,7989.81581704082,7842.94318704082,7764.81897204081,7772.04316540816,7871.02353877551,7986.26448153061,7839.53095765306,7882.96479418367,7909.85032918367,7884.01975979592,7917.53997336735,8124.76525336735,8042.77772102041,8080.11682602041,7789.98908765306,7932.77712030612,7826.6500927551,7802.40947142857,7728.60492040816,7600.59620459184,7529.64880259184,7567.38784510204,7687.30393397959,7963.44391561224,8121.73045938775,8012.99627704082,7868.04089183673,7887.75936530612,7932.40636836735,7974.94349489796,8166.65848612245,7972.15657142857,7986.49832428572,7830.1592505102,7820.63490010204,7699.82273520408,7669.88361020408,7842.22054897959,7778.16818857143,7866.111785,7879.9879622449,7786.37295367347,7879.00425367347,7722.6819305102,8019.56116530612,7824.24049704082,7762.32202612245,7789.95908653061,7868.83599253061,7803.16745693878,7822.29378887755,7730.35228755102,7836.75215,7804.25283265306,8079.97428367347,8108.25547591837,7986.47111918367,8002.04916612245,8041.94856612245,7804.93054989796,7937.50992489796,7876.69091020408,7957.26251255102,7947.83074612245,7930.72404438776,7829.9869222449,7918.44007336735,7947.95711214286,7966.46834520408,7803.21754489796,7770.26287877551,7877.85078285714,7815.29140153061,7914.15198734694,7933.20737959184,7803.79364285714,7781.10504244898,7806.22604908163,7889.89805306123,7799.81852867347,7880.69671517347,7671.60749795918,7612.60668489796,7805.37991632653,7771.21367244898,8023.41724765306,7686.79710785714,7867.8404622449,7842.99150571429,7873.79387091837,7843.52337040816,7881.07039153061,7903.00873469388,7786.99070469388,7836.40714693878,7833.84989989796,7695.40073877551,7806.71682265306,7931.52208897959,7714.82062346939,7790.45907622449,8157.57040612245,7959.20584612245,8075.25804857143,7797.92327755102,7919.01140255102,7975.57322520408,7974.61883520408,8011.10653020408,8023.72137836735,7934.85687679592,7942.52823367347,8047.97305816327,8032.67604928571,8077.22673795919,8109.18513959184,8046.72687959184,7985.99220459184,8032.37488916326,8008.4304167347,8061.46701357143,8043.56005377551,8107.81394366326,8109.03149693877,7990.21191346939,7967.60753530612,8011.1726632653,8007.36544530612,7944.82974897959,8071.85364897959,8015.12454897959,8109.14838897959,7816.72954989796,7802.42773928571,7964.77085744898,7951.96720367347,7972.31803561224,8007.854555,7999.85762377551,7989.45789377551,8172.6235855102,7847.85791959184,7817.43971959184,7695.38906428571,7713.31249,7805.18965112245,7843.31096030612,7693.57827020408,7615.70833520408,7610.17983469388,7720.35886591837,7622.08485397959,7589.8531844898,7688.31311989796,7731.29238857143,7767.98273510204,7848.86568367347,7910.74061173469,7926.032805,7925.45819795918,8043.1563622449,8081.15963979592,8120.36803663265,8082.131685,7917.46745122449,7920.39117653061,7911.06463602041,7934.63828877551,7858.27373795919,7931.63199734694,8126.1495632653,7952.27443479592,7925.71341153061,7945.81056530612,7907.31313836735,8005.09002959184,8092.04819979592,8003.63447122449,8137.12882127551,7900.42305872449,8068.3759975,7918.44620612245,8079.97972555102,8190.33945969388,7928.65842469388,8036.01011836735,7974.41528734694,7975.37448632653,8068.34558571428,8029.84112673469,7934.48700855102,7889.5331655102,8048.0255977551,7942.15593581632,7953.79790561224,7899.60039653061,7778.1675827551,7944.23613163265,8133.32396663265,7915.84282928571,8084.73800316327,7891.67807734694,7897.75071714286,7818.74457959184,7926.6739255102,8026.42291510204,7996.81485244898,8049.04346959184,8014.38791122449,7996.89037295919,8045.01844295919,7946.16334035714,7944.35159285714,7877.28490591837,7848.0365522449,7959.1378522449,7831.56953530612,7917.86826489796,7974.17451877551,7895.29228408163,8040.48593816327,7651.26451071429,7884.0477269898,7774.44365581633,7809.57782744898,7862.34207142857,7888.98196020408,7751.79250663265,7498.92613663265,7654.51231908163,7693.46030612245,7826.5861005102,7738.63944183673,7851.93428653061,7658.29430663265,7733.78611744898,7848.55691795918,7828.94209693878,7716.12559693878,7778.87808540816,7687.93463346939,7704.92181908163,7766.54547755102,7672.33587591837,7758.40678081633,7773.53619704082,7827.0631594898,7951.20316346939,7821.26400816327,7809.56534591837,7857.33822683673,7926.92897183673,7871.47156367347,7889.37894081633,7872.28627346939,7735.50778408163,7874.11434387755,7768.63933887755,7856.97420081633,7875.89710581633,7786.16756377551,7919.50142683673,7962.42314591837,7709.75811163265,7973.93094663265,7773.87336632653,8060.28437857143,7972.83048714286,8037.13683775511,8076.42412653061,8165.88187857143,8128.73218265306,7907.71748673469,7872.57616632653,7973.63940204082,7842.69102316326,7710.40721357143,7516.8442622449,7780.05794918368,7799.44770918367,7911.04694704082,7659.25902622449,7689.93138438775,7624.56357193878,7671.59077193878,7638.91905816327,7839.65237566327,7869.3399719898,7885.84230040816,8000.63871326531,7753.65435612245,7797.67215612245,7682.58934112245,7832.44997448979,7811.8007877551,7899.88181704082,7974.91036489796,8141.41784836735,8038.56986836735,7942.29417734694,7866.9098967347,7904.31197040816,8073.40989897959,7984.69862173469,8025.73454602041,7984.72100806122,7790.51474010204,7909.20621510204,8000.91919816326,8055.07371642857,8139.50075755102,8044.93800520408,8057.13184306122,7966.19741306123,7953.5025847347,7918.79593234694,8180.64900544898,8097.39432908163,8023.95496579796,8107.37844683673,8085.56896765306,8026.77256459183,7922.55988653061,7918.25131653061,7881.64186510204,7778.20123153061,7933.11083489796,7985.09720122449,8087.32098561224,8050.83519969388,8065.98518469388,8107.08530918367,8125.15733714286,7883.08176244898,7903.7528044898,7738.4642344898,7700.2372877551,7750.2734977551,7966.41431775511,7803.50136020408,7840.10992857143,7761.89901020408,7848.73981020408,7790.28388336735,7624.45714540816,7769.03455479592,7686.62144091837,7804.98417673469,7885.19656530612,7866.36690510204,7833.71721806123,7807.33577704082,7852.52397591837,7924.09757285714,8019.27817285714,7852.92364683673,7900.49957163265,7844.94434622449,7804.33213816326,7912.64527908163,7959.23703265306,7743.34592653061,7953.31196836735,7861.25921836735,7770.66037336735,7544.83593234694,7681.09360816327,7633.64913193878,7617.03098469388,7423.80063418367,7422.56193622449,7849.854015,7769.27403336735,7668.10619897959,7747.54876428571,7867.26183979592,7946.98148979592,7798.40260061225,7850.05065571428,7823.43156204082,7854.88873540817,7930.84671836735,7932.36757163265,8061.17493469388,8027.34806010204,8239.14693510204,8020.77199244898,7996.63573755102,8013.10596244898,8039.24547897959,8077.43490040816,7987.71209877551,7916.66691,7986.81209673469,7957.69707581633,7951.29319622449,8015.22980061225,8051.83570306122,7938.4408205102,8043.16802642857,7957.38622112245,7852.26983755102,7915.85467510204,7965.34364469388,7929.00919897959,8031.68940489796,7987.56680653061,7910.16327346939,7961.29217193878,8030.90984836734,7844.89661346939,7910.1888377551,8008.36515336735,8065.89202459184,8083.80852214286,7948.05239436735,7947.68443836735,7947.85143440816,8069.15569940817,8036.34597440816,8149.96903940817,7922.73226459184,7932.40205857143,7826.19039657143,8072.66866020408,8073.23283336735,7873.94073877551,7916.31316734694,7856.410205,7835.97413346939,7828.80417346939,8098.30069020408,7952.99356938776,8071.51649530612,7889.87883183674,7642.24403918367,7842.17663163265,7887.54749857143,8048.58419722449,8151.084849,7997.828269,7917.34753234694,8123.18699709184,7867.55520704081,7912.74603040816,7991.7345967347,7902.58362836734,7829.30230265306,7792.34890265306,7913.25915112245,8166.39808285714,7837.05829530612,7807.6657877551,7801.00470816326,7899.71029346938,7848.90027663265,7905.53905183673,7947.47269435714,7970.09762346939,7997.73402530612,8016.49725897959,7909.89722653061,7936.34700469388,7920.16330928571,8010.41374428571,7869.7626622449,7814.51857534694,7826.85600734694,7764.23244779592,7888.2820377551,7943.57755918367,7872.60077346939,7931.51806943877,7597.92845877551,7901.48696918367,8009.15248183673,7754.54676377551,7650.77188877551,7696.36390469388,7789.76394897959,7785.76355806122,7648.03394489796,7673.15081459184,7876.38560642857,7945.85206602041,7860.11858530612,7917.5438877551,7825.5538572449,7790.1940122449,7773.9837072449,7712.8064622449,7650.9703072449,7820.6049194898,7719.74194591837,7867.69879591837,7665.8481377551,7947.84415,8000.94920510204,7996.79102030612,8135.79054469388,8035.92267112245,8005.39743704082,7956.29749204082,8037.57473959184,8075.49271081633,7993.26778867347,7743.85006755102,7721.16331479592,7733.74204367347,7875.73476357143,7896.99533030612,7703.02002693878,8069.11081959184,7789.8406232653,7905.04597459184,7980.43390102041,7966.30829795918,7880.91129989796,8214.87849122449,8016.39099755102,7998.43775734694,8096.80109734694,8089.62124346939,8061.25429969388,7957.18831469388,7899.41055091837,8003.87758744898,7980.65162377551,8036.90883997959,7991.62372602041,8170.57828734694,8055.35491612245,7962.6788522449,7944.1577222449,7911.95891346939,8033.40094408163,8012.09976408163,7877.90366408163,7790.73592489796,7782.73357806122,7790.41332408163,7820.46360693877,7670.2344994898,7840.77158877551,7904.96685428571,8039.81689928571,7870.65974510204,7926.47765,8018.75649285714,7984.51490040816,7909.20325836735,7851.17752336735,7882.74565836734,7930.53542169387,8152.85566071429,8144.56635938776,7958.51084459184,7998.05311806122,8009.03465306122,7917.90215693878,7962.90884193877,7855.37092081632,8013.89699,8237.89277091837,7998.8848244898,8055.4385594898,7896.77987969388,7870.37926469388,7892.16395653061,7902.78053479592,8005.66588571429,7917.43074897959,7532.08275204082,7596.31519285714,7626.36709285714,7805.78079285714,7762.64345795919,7745.57191693878,7694.32276836735,8021.45116091837,8025.60016510204,7971.95361510204,7965.20840989796,7961.56922887755,7944.61644795918,7821.74117714286,7891.23066418367,8015.40395244898,7864.60866604082,7969.44612346939,7938.15462255102,7962.58480489796,8201.88179734694,8213.10142234694,8049.49804244898,8087.39767095918,7880.8976272449,7926.74953857143,7825.48846942857,7805.88758622449,7874.60772397959,7892.68708255102,7937.46890959184,7846.06769591837,8008.40896928571,7783.73389591837,7926.21421306122,8215.65914853061,7923.06248353061,7781.49684489796,7755.53677653061,7878.16894795919,8021.03961122449,7969.99335755102,7818.66549714286,8095.15799022449,8076.31786533674,8078.52797857143,8036.56151489796,8124.04538979592,7924.34094387755,7901.99591836735,7908.20428367347,7825.88551908163,7944.84034295918,7787.42018183673,7787.54938653061,7823.2150955102,7888.12786683673,7910.12305979592,7898.05873591837,8139.26136183673,8003.8259222449,7916.92536726531,7965.5268672653,8003.31973226531,7782.46908226531,7830.38726061225,7947.59851143877,7907.60556793878,8048.69562653061,7977.05357938775,7734.57117816326,7896.76619346939,7966.65572571428,7852.73882979592,7890.53995112245,7710.89911530612,7748.3885622449,7776.55130612245,7884.14040561224,8017.27085061224,7874.02661061224,7892.53798520408,7963.32234571429,7944.39509938776,8085.12364316327,8041.09184357143,8098.32339316326,7980.54376948979,7887.07305632653,7940.98841926531,8132.57105877551,7970.51448673469,7920.35668877551,7936.67665632653,7921.42995632653,7843.38292183673,7809.80780010204,8011.86318591837,7764.95490846939,7919.68089591837,7738.58517244898,7680.79908265307,7738.23843887755,7893.71214387755,7938.46293704082,7814.34249908163,7928.48841265306,7970.40953408164,7988.44358,7900.12419602041,7861.85113530612,7825.86357530612,7798.24248112245,8002.21940857143,7829.91352693878,7821.74224693877,7895.87629693878,7958.51807571429,7932.87364571429,8097.80411204082,7952.66362704082,7943.98767857143,7951.00063826531,7966.06789826531,7961.5028944898,8077.95184755102,7993.65435255102,7961.34279683673,7971.06850591837,8108.92693571429,7887.84689071428,8083.53063795918,7931.00199845918,8062.00706059184,7961.14031540816,7918.24573040816,7833.2798194898,8191.36337510204,8163.38646079592,7947.35897765306,7970.51870153061,7905.02604489796,7811.38461166327,7874.5050177551,7619.68844081633,7707.4453222449,7876.48630622449,8038.52205765306,7990.91912,7810.1768117347,7843.7286617347,7819.03760010204,7803.36007183673,7748.99257622449,7819.75823540816,7769.9580167347,7914.17406306122,7884.27600642857,8178.89785530612,8073.71228816326,8058.39949295918,7987.64925959184,8156.57964326531,8065.23249576531,8046.76411285714,8129.68408,7945.50914887755,7910.32667387755,7836.75069632653,7790.7769022449,7928.26283857143,7828.94915612245,7816.53713244898,8021.85200857143,8093.94280204082,8084.26378479592,7953.1631572449,7997.17383438775,7923.16778316327,7895.8961027551,7847.4834882653,7715.37197979592,7673.59515,7621.11065,7713.09366142857,7747.53029428571,7756.1254777551,7880.23193168367,8071.40432653061,7914.95739040817,7952.27352204082,7966.8592377551,8017.53615683674,7947.87733479592,8067.37426714286,7946.53869714286,8087.44781418367,7931.32983887755,8023.92437744898,7992.95141244898,7938.80901357143,8006.50580091837,8157.15040765306,7995.69329489796,7918.96778591837,7872.23030581633,8046.88219983673,8003.35498887755,8099.46733591837,7853.10832867347,8002.22379357143,7733.20226224489,7732.50192244898,7858.04500489796,7925.4897322449,7752.9501177551,7868.21738571429,7903.24255295918,7887.25949795918,7945.12094795918,7986.93701959184,7852.32448469388,7780.44815714286,7943.66157979592,8007.65484234694,8068.408821,8189.33070255102,7901.97139265306,7989.02917265306,7974.35121571429,7806.09124704082,7884.8794372449,7923.822875,7953.88011377551,7963.38463295919,7834.72624204082,7679.62833204082,7844.16436163265,7901.93636346939,7872.94279387755,7922.40314183674,8047.80548142857,7904.936215,7860.10689071429,7960.31844836735,8004.00589816327,7992.52191173469,7954.33170418367,7913.28928663265,7858.48449377551,7946.91317755102,7882.69639193877,7850.67582122449,7822.66498602041,7898.2195447449,7929.72386173469,7874.54633061224,7955.76810265306,7981.72342408163,7824.45143571428,7858.91509377551,7873.96157632653,7723.41063632653,7847.67105642857,7789.09812622449,7817.52606428571,7946.67426142857,7979.47763377551,7957.13368673469,7944.11749433673,7957.75683091837,8128.43814591837,7974.21791316326,7977.54690836735,7987.16813846939,7825.92847561225,7592.10597908163,7572.75435826531,7633.02043479592,7981.6205082653,7932.81078622449,7969.38696020408,7792.64885265306,7772.38745673469,7828.52248061224,7673.05677897959,7876.92988877551,7915.50350979592,7922.37891714286,8072.80570285714,7867.28838163265,7845.77325102041,7791.6561355102,7761.2344422449,7742.06017959184,7901.17837653061,7830.02433846939,7684.95392346939,7706.74635102041,7766.67918571429,7901.94777540816,7906.29295102041,7898.80165693878,7927.69018806122,7881.05892612245,7949.86357040816,7950.6971344898,7952.07922316326,7832.30793459184,7886.67683367347,7833.41659887755,7946.61030510204,7776.32707857143,7971.87442742857,7868.86607293877,7922.24079836735,7935.31079489796,8012.05991969388,7929.37837653061,7842.5029977551,7894.9860344898,7723.2384167347,7751.05584642857,7804.0412722449,7648.33517744898,7909.97003571429,7835.22513234694,7810.62166602041,7729.09500102041,7944.78018120408,7819.4550215102,8034.91591212245,7801.91631969388,7757.18713183673,7591.43101571429,7598.50087142857,7680.34825653061,7567.33037469388,7572.8970194898,7623.95427346939,7654.07222387755,7700.19830040816,7877.23795795918,7709.60269928572,7660.08963428572,7853.7452277551,8146.29595663265,8023.08975816327,8215.74623081633,8023.62011081633,8102.31512826531,7994.53556,7950.8582877551,7866.65939693878,7937.35167755102,8036.39572755102,7937.18369408163,7985.80175408163,7868.72906928571,7794.47343806123,7769.1733872449,7869.082645,7893.07237520408,7923.57038255102,7999.20315479592,8037.78165877551,7976.93908265306,8156.77068673469,7957.33078877551,7970.90102214286,8077.04785214286,8043.59114540816,8100.61332362245,7752.22883790816,7852.24512959184,7942.98483959184,8043.2992632653,7845.32229081633,7796.02470979592,7753.49189561225,7798.47385510204,7753.06600510204,7814.32399795919,8094.42555816327,8030.22205122449,8054.84443336735,8054.1310155102,8091.89650408163,7968.57996459184,7967.55957071428,8257.79516653061,8119.83317765306,7911.6966587449,7937.66110231633,7944.9359637449,7936.84057292857,8000.96876479592,7895.15966112245,7959.48408673469,7941.8885167347,7844.67169836735,7777.37485204082,7920.01380693878,7770.03859816326,7651.52639387755,7825.83191428571,7989.94803153061,7866.18580510204,7861.49237204082,7848.57710816326,7956.7122527551,7978.76539306122,7857.276865,7986.20545776531,8007.91901428572,7909.58933459184,7912.40133959184,8022.9689477551,8035.43317477551,8067.88593,8071.18182285714,7935.8167917347,8056.64964204082,8019.83373010204,7940.79045510204,7999.62168510204,7906.68291285714,7727.80966397959,7981.25873336734,8086.63523122449,7703.39160612245,7753.1836467347,7767.48127091837,7793.57028234694,7731.39879653061,7661.65654153061,7803.47709806123,7689.35875377551,7812.82355522449,7986.32316122449,7954.32731122449,7965.0436872449,8019.66285581633,8044.90824336735,8172.44915295919,8061.41849153061,8082.38460122449,8013.39538010204,7947.2796544898,8073.17749183673,8070.06518530612,7999.86786671429,8050.68469469387,8076.14293377551,8054.81227244898,7959.49207132653,7960.8983055102,8025.28979010204,7859.81910816327,7884.89334122449,8070.30629122449,7850.77982642857,8002.29736326531,8025.47677510204,8096.39764010204,8040.01458510204,7887.31931418367,7856.68155806122,7894.38885306122,7980.88071693878,7883.75718571429,7818.92202714286,7782.41610285714,7785.74482,7727.71533591837,7812.40424367347,7797.23771897959,7917.1320222449,8002.75314591837,7880.63124867347,8193.00455571428,7889.49404367347,7998.57808612245,7741.48611459184,7846.76572959184,7890.1153605102,7927.11411867347,7952.39965153061,7897.08948857143,7875.11102142857,7983.97682142857,8011.69469122449,8206.32903448979,8017.29139897959,8108.73381669388,7949.49191797959,7916.96808295918,7703.43667343877,7783.73900877551,8029.67309132653,8088.99111316326,7899.54615316327,7892.67121377551,7826.87784932653,7796.99586632653,7847.55924693877,8032.75393214285,8033.40665214286,8153.05292469388,8128.77639377551,8109.48050459184,7909.68787479592,8204.82227061224,8056.35912418367,7956.06259853061,7912.54543163265,7999.55704102041,8134.9911072449,8241.48295234694,8206.91084734694,8049.41962408163,7919.36678653061,8046.12131653061,8022.53510653061,8065.56187367347,7904.69063408163,8089.67358530612,7877.95395336735,7982.28456938776,7833.25999673469,7941.88347469388,7944.57567408163,7903.41949061225,8100.33150714286,8150.02024408163,7960.71177457143,8014.43944122449,7866.44318632653,7676.02057132653,7725.27781683673,7615.83817683673,7612.78990683673,7604.78523908163,7501.97094285714,7525.78828428572,7754.57208510204,7806.90515959184,7796.14277346939,7865.391785,7464.43209591837,7826.92376020408,7719.24700418367,8089.05919571428,7948.66428693878,7948.60586816327,8038.50162102041,8024.17455540816,8256.45329285715,8063.70618285714,7988.63089744898,8216.11442010204,8062.27939326531,8202.4483777551,7916.12788897959,7910.96399408163,7960.59050663265,8073.20812387755,8074.54599,7981.04418606122,7962.36653357143,8057.64666938775,8150.71230336735,8001.11430704082,8025.95148071429,8004.42530642857,7911.32040765306,7908.48513122449,7876.61697122449,7949.86594622449,7822.00247530612,7821.28156938775,7764.64081816327,7937.10466163265,7810.50654755102,7823.91962938776,8063.08118081633,7996.19560061225,7954.92443561225,7917.41250918367,8043.18708418367,7673.84004540816,7658.26365306122,7836.49167040816,7856.79660459184,8038.92080673469,7911.73584795918,8045.58255081633,8038.29680559184,8009.42106561225,7939.57174255102,8050.85321928572,7962.85821581633,7758.9914877551,8108.02738520408,7906.47080316327,7791.07808346939,7796.23651346939,7837.30492142857,7954.25756061224,8004.26069653061,7865.80638683673,7973.379375,7825.50523806122,7955.73456622449,7886.83925357143,7916.88778632653,7842.58134765306,7900.94684428571,8033.79472,7888.61893163265,7875.24791816327,8047.92161479592,7913.67110989796,7968.55679142857,8121.57725959184,7846.04309061225,7781.17408755102,7798.92572979592,8036.40075632653,7968.25430540817,7776.51142030612,7822.39741693878,7976.12309183673,7917.44851540816,7908.40493469388,7810.28368469388,7865.73133295918,7714.25848295918,7695.20433673469,7676.27166530612,7529.64236693878,7699.23798581633,7663.60062581633,7732.16803806123,7689.62545642857,7648.97994255102,8002.90687020408,7949.81728183673,8084.10526408163,8089.2259327551,8040.83999214286,8010.11785357143,7739.41845469388,7778.71399418368,7891.70775612245,7916.70624306122,7894.38746102041,7702.12399367347,7933.05291571429,8014.27796734694,7823.98978234694,7849.52710102041,7750.0144132653,7779.70847938776,7691.14013438776,7706.14484622449,7831.01185132653,7810.77960673469,7867.76013673469,7763.46356326531,7877.64195672449,7804.37746427551,7755.47634468368,7627.74413468367,7836.43593897959,7883.03607742857,7847.44443826531,7805.85976530612,7907.18868877551,7895.05880765306,7886.03157795918,7856.70907979592,7826.34652765306,7906.58854928572,7845.22390520408,7951.20203040816,7822.74809091837,7950.53963112245,8044.74063010204,7894.2676172449,7867.58238061224,7865.36092285714,7943.35962010204,7904.31975632653,7909.22568010204,8131.14381238776,7877.96114412245,7929.77894779592,7929.69378357143,8015.64727561224,8092.81502714286,8127.47882714286,8042.88520755102,7918.11561367347,7975.28448367347,7890.83960020408,7848.43534367347,7836.96004969388,7823.64799153061,7870.73976561224,7849.31259734694,7865.98487030612,8050.05851897959,7911.64946897959,8088.48797714286,7833.44747244898,7886.22126102041,7777.49273979592,7836.15410214286,7844.39353061224,7886.73073510204,7779.57089612245,8057.03123510204,7983.76216010204,7984.75696010204,8158.07351489796,8109.48483989796,7968.20540489796,7934.7175544898,7983.02712448979,7884.1358044898,7811.00948030612,8099.64960969388,7935.7853682653,8062.12440571429,8137.7716072449,7986.55553367347,7884.20094367347,7928.32053215306,8108.13238265306,8119.94970265306,7935.00267836735,8134.91728632653,8052.93250404082,7997.16779561224,7895.96390571429,8098.21480204082,7841.59339326531,7754.37644469388,7904.87543612245,7835.78460326531,7792.20158989796,7817.76421418367,7694.06027071429,7803.28763693878,7833.57078265306,7982.30196530612,8000.10882346939,7961.12369561225,7946.01452683674,7820.38226591837,8023.63463591837,7873.54020693878,7893.40296,7991.99391693878,7795.55302173469,7813.03086122449,7892.36117163265,8025.38347663265,8061.52338918367,8063.53666418368,7961.59875571429,8126.61501302041,7896.30150387755,7899.72123653061,7908.67483755102,8104.44945346939,7966.66075265306,7950.61777693878,7956.81395663265,7995.76385581633,7894.70814469388,8150.20900826531,7998.01400789796,7921.36841846939,7892.15204102041,7864.78684836735,7928.71780928571,7880.45111836735,7913.4785577551,7910.07265132653,7860.3139494898,7937.88737387755,7986.93707857143,7907.81689102041,7947.1525594898,7925.70089153061,7868.99410867347,7723.09112714286,7894.35902857143,7809.12922142857,7752.04967632653,7864.99255102041,7606.88150734694,7781.47713571429,8137.87700214286,7958.51415755102,7923.51286622449,7902.12909969388,8017.29699744898,8000.53376479592,7945.97612591837,7897.56708367347,7903.55113571429,7792.71868816327,7923.41383061224,7932.61481321429,7908.24767795918,7873.45871857143,7939.0369344898,7999.6667294898,7976.68716969388,7953.93917306123,7804.94012387755,8046.055415,8019.39554020408,7867.25420908163,7995.53284979592,8011.34883479592,7907.75016836735,8039.34454663266,8141.48003969388,7951.94100816326,8105.85798448979,8077.6882732653,8152.69203989796,7999.29130059184,7974.55878234694,8254.33800367347,8160.03584785714,7947.27718408163,7998.5082905102,7854.68343295918,7848.21154693878,7813.81679612245,8034.30239102041,7803.01847408163,7895.87639489796,7853.14348469388,7853.76730571429,7880.01781571428,7945.23195408163,8094.92827969388,7930.94671714286,7887.68901173469,7666.22657040816,7717.12628469388,7677.80742469388,7807.00355867347,7670.18726867347,7743.56349081633,7626.31226714286,7664.92385214286,7596.22823877551,7681.46228877551,7639.07118877551,7761.92390969388,7895.36647489796,7811.17709132653,7717.50610632653,7717.85499132653,7857.72940153061,7911.63905326531,7789.81845428572,7893.90124816327,7995.2641277551,7933.28495408163,8038.70796653061,8081.36067755102,7974.36061714286,7932.34233683674,7932.29272591837,7881.04149397959,8031.3199572449,7781.72112520408,7897.89018520408,7911.89768612245,7948.33709704082,7872.73511020408,7879.24986020408,7918.45446020408,7792.16373979592,7768.80568377551,7754.44682346939,7880.6743622449,7965.52554312245,7962.84955673469,7924.64851265306,8092.73059142857,8067.14151081633,7981.2342402551,8073.7477294898,7982.1337305102,8157.31716959184,8032.15091459184,7911.72315469388,8010.27695530612,8015.05014530612,7983.6194572449,7980.08586642857,8160.77940622449,8020.35591336735,8130.31850877551,8272.65986940816,8170.89256779592,7966.24225779592,7976.27624779592,8031.39232279592,8016.54377779592,7982.82255855102,7964.8941037551,7974.39766428571,8006.09602244898,8040.33228387755,8018.38028693878,8072.87092877551,7992.68202530612,8081.29205367347,8029.5827922449,8046.87137502041,8112.25211673469,7991.9013617347,8013.71066122449,8018.11227387755,8018.6044327551,8008.89670044898,8108.82037044898,8135.94493530612,7955.77279632653,8024.30375616327,8000.6368977551,8130.88688244898,7905.12705714286,7976.85115255102,8099.51598785714,7898.72070734694,7887.8488,7928.8026222449,7957.00945704082,7671.53545704081,7788.69784704082,7619.20089316327,7525.12769765306,7484.67993816327,7688.89759193878,7555.10009489796,7803.44977040816,7758.62928030612,7780.57404897959,7828.16724897959,7765.95424897959,7959.15854,7884.46766785714,7924.38112642857,7848.61048817347,7781.46327653061,7999.40656836735,8078.13071642857,7894.90816826531,7965.50906040816,7910.35541959184,8009.40620336735,8020.17147132653,8126.12059397959,8062.90863734694,8059.32812510204,7946.8706019898,7877.19403785714,7887.81477693878,7896.07741704082,7858.99120704082,7848.17358673469,7906.02380877551,7888.27472877551,7570.88916845918,7598.62842928571,7783.05889969388,7785.37849969388,7845.43817938775,7835.51043877551,7760.18204897959,7918.17438877551,8009.5434672449,7911.77340816327,7772.81563142857,7805.43595142857,7800.75285459184,7860.16098346939,7851.74258357143,8073.36393544898,7925.2604567347,8073.45692265306,7892.43573061224,8008.84807285714,7934.91755602041,8086.65684561225,7885.46644142857,8032.64208632653,7995.44058591837,7964.5331272449,7943.77635387755,7848.63082714286,7773.57794489796,7811.64592102041,7786.1692177551,7613.30065112245,7746.20995112245,7470.57950612245,7721.21763244898,7792.97359816327,7895.56358673469,7787.59910867347,7763.05167836735,7719.81841561225,7768.36560989796,7722.6021132653,7957.7511522449,8137.8657222449,7928.18311030612,8075.16379663265,8016.14658163265,7978.34047938776,8033.28594306122,8148.64991306123,7964.15420061224,7855.55878673469,7878.91302173469,7831.59511632653,7882.12926908163,7782.90324897959,7762.15035765306,7880.08299489796,7797.36963469388,7967.35150530612,8008.14250683674,7941.37141510204,7908.45632918367,8001.64644734694,7924.18575540816,7940.02564040816,8087.97256571428,7840.93248571428,7847.90387346939,7817.2731,7796.72538469388,7903.39832591837,7786.73714255102,7730.31248489796,7632.80583581633,7483.13612346939,7625.54166428572,7578.01544683673,7711.37815918368,7785.89646938775,7917.97501571429,7755.24710153061,7736.90403142857,7637.7760277551,7854.13008520408,8044.45704438776,8013.31684918367,7987.88617918367,7973.0900905102,7984.76223489796,7956.91655571429,8005.98620571429,7879.38287622449,7768.25230744898,7893.42649642857,7905.85324346939,8129.86009346939,7964.98062102041,7862.69542602041,7952.40991530612,7899.61409591837,7735.42137663265,7687.04975846939,7644.05032357143,7816.31180357143,7857.14174857143,7895.77996357143,8024.39419530612,8087.95396530612,7905.16042602041,7924.14527346939,7798.72412520408,7857.71852469388,7839.55933061225,7906.50965816326,7975.38941387755,8100.62204877551,8092.27745277551,8031.85401377551,8084.77580877551,7852.74427489796,7858.5870077551,7804.43420438776,7821.29615489796,7832.51348265306,7673.57475,7744.3726244898,7696.84850102041,7725.31187857143,7792.90344285714,7871.11380806122,8023.18176928572,7910.95705795918,8102.74269346939,8113.11936897959,8018.18870889796,8011.81385265306,8215.14246897959,8086.05472244898,8012.1569944898,8011.91793193878,8151.07024367347,8023.94478295918,8228.15177612245,8144.27833897959,8203.04051795918,8089.21792857143,8021.06035448979,8076.92766816327,8007.496435,7917.95673581633,7830.43504183674,7806.06579602041,7895.4556032653,7971.50298265306,7834.67877683673,7805.85381142857,7884.53405132653,7857.32864285714,7985.41804295918,7876.91625989796,7855.54333846939,7731.77573857143,7795.33970591837,7883.87369071429,8001.44913102041,7981.65582265306,7955.86487265306,8260.50443738775,7912.73741336735,7935.41840857143,7914.19962377551,7876.46410918367,7937.64444,7954.46364102041,7827.61547244898,7929.40302571429,7913.12220612245,8074.619485,7833.12943540816,7884.77087959184,7737.58227357143,7934.12150612245,7759.28961765306,7778.50752234694,7887.89905418367,7821.83165826531,7904.84339622449,8088.05435806122,8021.44062304082,8050.81523304081,8023.17417173469,7880.27633816326,7919.55230642857,7946.54159795919,8055.97594816327,7854.78140040816,7923.48984322449,7837.48823163265,7836.10350244898,7934.75797928571,7795.38184321429,7735.82127857143,7879.59153408163,7819.84650040816,7764.63919387755,7943.22216428571,7908.38131744898,7848.05160010204,7831.81254979592,7729.8021877551,7843.59521673469,7773.84110656122,7970.82652479592,7880.9195782653,7991.98890459184,7992.58497346939,8121.85704346939,8116.34673346939,7989.95400102041,8111.69244409184,8257.20194959184,8051.71660387755,7878.95597061225,7811.90483989796,7940.38500479592,8029.86141326531,8051.35794857143,8104.60039459183,7915.94840326531,7933.91517867347,7970.19381438776,7939.49218653061,7786.59924959184,7826.72175,8031.26396030612,7965.54612346939,7975.2527427551,7956.28664836735,7952.47758061225,8079.59007653061,7932.12451979592,7784.73730714286,7844.74186214286,7896.67386291837,7894.61211142857,7905.78016683673,8001.93755204081,7959.57433704082,7942.22408397959,8049.38655122449,8045.80072377551,8013.47825397959,7782.84847010204,7771.39450020408,7765.85656520408,7755.82311428571,7955.46757142857,7822.84755,7810.14867244898,7769.20957244898,7644.73789285714,7810.39443581633,7983.67915081633,7949.88193346939,7907.65148622449,8011.39983061224,8026.61914795918,7912.31043581633,7930.69013887755,8009.33010489796,8046.65584489796,7835.93711040816,7900.17345153061,7893.31868877551,7964.5917544898,7768.01023306122,7815.95486928572,7762.63832122449,7835.87637632653,7919.07329663265,8100.32606479592,7841.8337444898,7918.84124397959,8098.82737122449,7886.98121122449,7925.59675714286,8264.2127944898,8010.23201255102,8013.85302887755,8013.3443255102,7906.2992335102,8053.68770197959,7828.38912897959,7888.92682346939,7765.36462346939,7803.22540846939,7790.15635826531,7693.2064122449,8021.82844142857,7986.81786989796,7960.56682489796,7628.44191204082,7752.68508204082,7921.53631744898,7781.63035928571,7728.11606428571,7924.3926522449,7878.56817142857,7744.80340142857,7841.09246408163,7676.72986275511,7821.85462520408,7832.58891142857,7816.11848520408,7732.35724479592,8031.00880102041,7765.3391927551,7818.54192438775,7969.2574132653,7933.74557079592,8071.53336753061,8066.77643295918,8068.00482214285,8151.71793287755,8110.16428460612,8018.10594787143,7953.33478438775,7991.5422077551,7864.29622265306,7718.70261326531,7801.49563959184,7849.71103581633,7836.48891285714,7919.06209602041,7892.62002122449,7905.10931785714,7995.38614438776,8007.58107469388,7870.36979397959,7988.68898989796,7950.36317336735,7963.37766030613,7918.61391714286,7872.37732010204,7987.90648397959,8045.57792448979,7900.5387694898,7843.76578234694,7916.64886673469,7968.01780071428,7848.10304551021,7957.17339530612,8151.85142755102,7912.17969122449,7866.21681428571,7925.59119561225,7850.8480544898,7826.85937591837,7839.11536102041,7865.21552520408,7906.36940234694,7919.18235734694,7922.81783553061,7914.10247828571,7921.46836244898,7811.03784602041,7803.05836632653,7808.40426153061,7865.01269472449,7857.28956122449,7948.00667357143,7828.07442857143,7930.38754112245,8006.94285,7974.41490142857,7944.33191642857,8049.57836092857,7869.03670142857,8039.81262755102,8008.82262834694,8068.95673040816,7862.48243938776,7895.28944438775,7996.17843612245,8117.30694040817,8031.16561693878,7987.58486693878,8237.36713040816,8035.7565655102,8092.16723989796,7945.43270051021,8007.84923346939,7892.63882632653,7858.24395602041,7922.19891112245,7895.21899581633,8020.0377044898,7911.69302510204,8083.27460418367,8050.92289397959,7913.65007489796,8063.28878816326,8281.06813173469,8106.07360989796,8085.05645489796,7977.03888489796,8091.11854744898,7884.62788163265,7974.48568653061,8089.05288153061,8097.13407316327,8040.76911659184,7948.16094214286,7890.24513795918,7950.85378346939,7891.45010255102,7959.39902020408,7918.14321071429,7904.23791071429,7983.32915979592,7899.49352234694,7856.53128479592,7776.16607653061,7893.61786142857,7787.65946321428,7827.53123020408,7856.65388591836,7881.15464510204,7970.99396959184,8027.16551265306,7904.52858877551,8055.155615,7889.81037387755,8015.35056479592,8004.96974744898,8000.56248428571,7961.05000540816,8039.14496861225,7940.75990338776,7963.75418622449,7832.62047408163,7700.64804204082,8086.24652704082,8160.65802367347,7868.56518510204,7797.59775142857,7707.14504326531,7706.49605744898,7742.78002989796,7903.83044530612,7891.91092112245,7920.01843030612,8020.11410357143,7807.34841071429,7788.90911326531,7736.81069469388,7707.10373183674,7659.88432530612,7822.3114244898,7714.49112653061,7593.49258928571,7806.93197142857,7762.20912122449,7717.92766959184,7684.10895459184,7733.97775469388,7768.033985,7900.29877459184,7812.85865204082,7769.05727234694,7743.40794479592,8013.54805632653,7907.01456244898,7969.40056744898,7927.30029367347,8048.34974367347,7936.68168857143,7997.89621520408,8009.35137020408,8014.09821132653,8134.03972632653,8078.37552846939,8093.53863846939,8012.09579346939,7934.19431346939,8046.2496872449,7923.52322581633,8176.32289081633,7969.47359102041,8179.76591632653,7983.13399979592,7919.34769367347,7923.16275387755,8002.18912877551,7867.98102877551,8013.85004785714,8011.32192285714,7972.73490908163,8002.80599469388,7956.4139994898,7917.69745867347,7939.73758540816,7828.43270040816,7778.65475387755,8000.89269010204,8074.55702244898,7896.7860927551,8034.7798082653,8033.31753264286,8042.04729387755,8005.16479183673,8050.2390522449,8185.9371672449,8005.44116622449,7840.27736265306,7966.27992948979,8022.22186581633,7853.18186304082,7811.68577120408,7962.85535204082,7805.35529642857,7809.20470642857,7650.78615806122,7548.46184938776,7673.51663112245,7648.67606204082,7822.5079444898,7912.32780020408,7897.16774020408,8075.87484020408,8051.15329714286,8079.52673306122,7847.27899459184,7961.60852836735,7880.65227346939,7982.98021744898,7881.68198112245,8009.57299581632,7883.02634408163,7836.31990132653,7915.4013844898,7796.34402010204,7809.84067571429,7977.01992979592,8052.98593836735,8064.84041885102,8009.59698704081,8128.24212928572,8025.9407655102,8180.87450979592,7896.80740051021,7890.07293255102,8173.35910357143,8071.15790132653,7616.13082408163,7722.98039908163,7641.1778377551,7717.65283214286,7638.0421255102,7651.07044846939,7659.90304846939,7637.49435346939,7499.91363122449,7389.73416530612,7565.90301438775,7898.14749418367,7839.41451785714,7871.35241908163,7829.61494836735,7882.36502876531,7730.05154988776,7963.67361938775,7908.16136969388,7961.01388642857,7989.00777755102,7787.39282653061,7768.76390653061,7760.68047653061,7748.45217653061,7782.20652959184,7619.22199785714,7610.52549285714,7742.94452142857,7710.64956326531,7805.32846326531,7771.64501581633,7700.18082795919,7815.31837193878,7980.06352969388,7979.29075030612,7709.44876183673,7825.72137683673,7887.19692989796,7689.86937877551,7720.80008377551,7762.36500877551,7719.48890377551,7865.89102693878,7750.63803163265,7805.19586438776,7786.11302193878,7897.483665,8009.13232816327,7875.25572469388,8048.78549428572,8029.26789387755,8111.33923836735,8100.87332826531,8167.81255387755,7931.63284765306,8007.32699285715,8067.3713867347,7858.68987173469,7955.01904591837,8157.307735,8267.7204405102,8068.29661969388,7850.7578777551,7938.90778877551,7988.83315071428,7785.92566520408,7865.65326693878,7870.02332397959,8131.8170732653,8013.03419091837,7913.46961377551,7981.17467622449,7877.75708040816,7973.59609734694,8101.36079981633,7982.86268857143,8079.17875663266,7966.1733577551,7949.60884244898,7937.0833122449,8142.13794153061,7968.52926938776,7956.09503061225,7933.08163397959,7891.0627622449,7757.24545204082,8032.62140591837,8171.29569087755,8088.68444734694,7954.81754530612,7984.25934010204,7835.19719255102,7813.36989673469,7822.83372469388,7850.33925265306,8063.07365714286,7970.51581010204,8073.59163316327,7980.90726846939,8120.13540622449,8053.09888122449,7979.77366122449,7908.22169622449,7945.22501622449,7839.68123734694,8006.08900163265,8172.34047846939,8002.49304642857,7931.59169142857,8037.32845265306,7934.66561755102,7988.84169,7948.33905326531,8026.23121122449,7685.91485061224,7684.39853265306,7705.73423469388,7864.84398469388,7778.3673255102,7744.04968163265,7726.70033367347,7860.13933581633,7871.36954081633,7770.02639081633,7754.87880081632,7830.02230581633,7935.25042,7686.2889572449,7529.60191928571,7658.32264928572,7592.40140918368,7539.1918972449,7660.66380112245,7632.73275959184,7655.90109122449,7913.19183948979,8056.17082102041,7979.2291155102,7900.13037316326,7906.4397244898,7629.84876663265,7558.51644612245,7681.18360612245,7768.44520387755,7734.44559061224,7797.14729622449,7815.86745979592,7956.14117244898,8085.1326667347,8087.94231459184,7996.46612142857,7864.2959377551,7929.46100257143,8039.70128418367,7982.80612683674,7764.02661867347,7586.08476734694,7589.2751944898,7686.96776112245,7752.25676102041,7987.96226091837,8042.85733602041,7915.31748112245,8002.86808571428,7854.98235061225,7936.64536612245,7922.72425653061,7944.79465438776,8109.49013132653,7898.14775846939,7994.1796305102,7962.11725540816,8065.2764537551,7963.09024142857,7972.70229112245,8006.92775704082,8040.71721530612,7984.7238572449,8168.34639836735,8121.98109806123,7950.03449479592,8023.99026132653,7968.96135479592,8195.22456969388,8065.8489755102,7946.04375173469,7932.66292571429,7976.16138928571,8030.06282989796,8029.36454479592,7928.34046979592,7867.71921204082,7850.31297653061,8075.13576632653,8013.02210428571,8024.67260428572,7844.68583469388,7861.93496244898,7821.51189173469,7973.76740061225,7875.49716530612,8061.59584020408,7936.32075387755,7973.71329979592,7899.72902479592,7819.34413714286,7799.94328877551,8022.68610316327,7888.88680265306,7951.56181397959,7941.38750816327,8009.21926459184,8098.29530295918,8000.74585122449,7959.25152989796,8022.66675489796,7963.95532836735,7997.55663653061,7974.91293653061,7980.587745,7923.18815255102,7982.97627530612,7996.70900469388,7820.51845183674,7885.75280183674,7895.00307,8017.57542102041,7936.75407244898,7937.90145571429,8037.14909163265,7884.36329142857,7902.44909112245,7861.84713061224,7978.26674459184,7934.1680622449,7898.20719612245,7850.0299005102,7941.98861877551,8044.92770346939,7991.11446816326,7943.73202132653,7947.95143234694,7933.09327561224,8021.38309255102,7926.6921272449,7948.14078530612,8171.30627746939,7884.70463346939,8091.73877102041,8137.90549581633,8100.41827193878,7989.74229795918,7943.23623693878,7859.54777551021,7998.07988071429,7887.62376428571,7961.79816428571,7916.5005255102,7883.61780408163,7838.248085,8049.13802908163,8021.38765408163,7950.71703448979,7935.27601538776,8037.10991265306,8065.39738244898,8038.95405142857,7887.19973877551,7925.27265663265,7806.71978367347,7871.4823877551,7868.15740306122,7834.23707673469,8056.24085673469,8002.78060204082,8155.13397204081,7947.94898297959,8096.38102,7879.03311969388,7885.07794142857,7935.79374081633,7864.62905132653,8099.97782061225,7910.98649006123,7910.94933928571,7847.03179227551,8013.78114183674,7836.86627479592,7686.21245306122,7772.29025581633,7904.06566581633,7976.92161367347,8008.27450938775,7907.59482632653,8036.16804204082,8096.07561540816,7889.3980394898,7795.46135622449,7772.43238540816,7631.65911,7568.14475306122,7543.58533806123,7512.29101734694,7599.57306734694,7601.00628234694,7543.38348134694,7587.80345142857,7482.92196255102,7429.26532346939,7657.96992346939,7737.64534397959,7756.21676122449,7792.44371285715,7798.92801785714,7801.4325327551,7983.69640816327,7963.01954163265,7968.14457897959,7967.72588397959,7865.92732051021,7892.16025489796,8006.31932408163,7964.82991632653,8036.32322816327,8091.20392816327,7896.89369112245,7996.77994010204,8093.43181959184,7957.79121959184,8100.87115734694,8104.82404612245,8010.11290530612,8004.6608794898,8007.25672867347,8039.22533020408,8064.09589510204,7888.86711530612,7892.09169030612,7995.97001785714,7997.39919285714,8042.0060205102,7978.04364693878,7888.52737959184,8041.47814489796,8107.68742153061,7858.59007591837,7783.01967244898,7770.19545969388,7629.42185306123,7631.10482040816,7913.44017346939,7981.32446307755,7958.12606316327,7874.50312530612,7993.0293750102,7969.56644571429,8068.13368806122,8251.48978806123,8111.04605595918,7964.07266371429,7929.75362081633,8040.08910654081,7882.36565244898,7943.19949989796,7867.17891673469,7984.82931673469,8118.74608877551,7933.62110785714,8155.71777040816,8206.54378971429,8071.61898816327,8028.56673102041,7870.14072244898,7826.9050094898,7752.35890612245,7773.10524071429,7913.51028438775,7690.5957844898,7892.90448887755,7944.93591869388,7919.14390369388,7983.99297744898,7905.52715544898,7948.73948265306,8005.98983061225,8037.18489316326,7857.16570908163,7925.39713244898,7956.20965469388,7900.82915346939,7689.27761867347,7869.78040683673,7862.94802142857,7823.86193153061,7842.64844571429,7843.92498571428,7897.27277622449,7926.29612295919,7900.41561010204,7883.39712316327,8079.29441877551,7941.67934193878,7933.93005581633,7964.32165102041,7861.04951428571,7896.34746173469,7895.35735520408,7980.78437622449,7971.74569030612,8042.4109172449,7859.39624561225,8087.44992755102,8001.8850422449,8000.7832927551,8025.96953448979,7971.54452642857,7921.46965408163,7910.9355955102,8008.00701563265,8103.88836816327,7985.56040704082,7934.28170928572,8198.50784938776,7916.29061663265,7900.69993173469,7828.9461,7836.34927,7911.66848234694,7730.19188734694,7925.1037427551,7899.26364795918,8011.5315644898,8068.11960438776,8090.41981895919,8042.79057836735,7991.72148836735,8052.58414836734,8001.58677836735,8014.43865836735,7974.85518153061,7993.22492122449,7987.0992472449,8010.21663163265,7909.71900265306,7940.28112816326,7814.52447214286,7924.21845540816,7627.02763193878,7898.68133132653,7900.81481061224,7852.21441061224,7770.8278855102,7841.6194722449,7867.026424,7859.31411857143,7838.13523908163,7863.73447795918,7888.30544795918,7817.43213826531,7678.8426855102,7713.78686122449,7680.21226714286,7482.99340714286,7672.99804897959,7586.07509591837,7548.29813408163,7789.41961734694,7720.25281938776,7792.97293367347,7806.04688367347,7796.99384887755,7725.78687938776,7845.84793418367,7819.30374642857,7876.16122571429,7887.83230244898,7886.95883673469,7880.89591673469,7889.0497305102,8025.44631387755,7791.84069785714,7904.76556468367,7887.66154366327,8008.94446366327,7911.17902266327,7959.7203250102,7814.3058150102,7952.3924450102,7763.4037000102,7796.94659051021,7807.47249673469,7846.88803418367,8017.01009397959,7946.5786877551,7794.10909122449,7719.89915,7872.38409775511,7882.6953677551,7869.96378571429,7757.83776836735,7737.40046428571,7813.83543438775,7827.01794693877,7741.00034669388,7838.89992142857,7567.79943163265,7593.82302510204,7718.49953193878,7649.78155265306,7787.42937204082,7887.21238336735,7953.44062030612,8027.18659214286,7884.54162,7744.8362272449,7985.0096905102,7805.27970102041,7922.28766234694,7881.00235510204,8010.25177795918,8005.51951795918,8113.93874705102,8060.74010205102,8157.73753285714,7917.76639387755,8020.89262816327,8064.6521477551,8112.25085091837,7946.51443887755,7935.95836295918,7964.49675744898,8085.27324,8156.29935387755,8093.55424887755,7902.43201704082,8044.91645857143,7972.35435061225,7935.6833044898,7992.02116326531,8054.98100234694,7901.28567663265,7800.74326715306,7871.08571459184,7808.58405265306,8017.05659602041,7904.19651040816,8061.46640959184,8014.01381122449,7991.80504142857,8020.59182591837,7986.55294714286,8111.20613122449,8071.73396622449,7993.80166622449,8069.62060622449,7983.82436469388,8070.87309020408,8082.729265,8124.21628632653,8147.87656918367,8014.13296632653,8221.33696806122,7873.04028384694,8022.44838265306,7876.54118989796,7972.87688255102,7986.15637877551,7928.81351959184,7989.01666730612,8105.80089836735,7972.28795540816,7891.69999040816,7904.42523040816,7915.83285040816,7934.04813040816,7963.68516040816,8000.27583040816,7877.35023163265,7686.06250510204,7768.75955306122,7580.96448529592,7632.66212255102,7481.84023836735,7722.97394081633,7660.08009489796,7664.31760785714,7615.64914693878,7577.42216060204,7636.78612417347,7676.08567417347,7641.14953560204,7600.64137560204,7601.5310627551,7566.1943027551,7636.6587977551,7445.60602673469,7615.72188438776,7619.02858714286,7752.91127857143,8003.55031581632,7860.28523908163,8036.00607663265,7874.96067397959,8179.03666510204,7953.47681918367,7851.42020918367,7879.55703795918,7744.82487428571,7776.19500806123,7748.65502887755,7766.12683469388,7806.56732530612,7818.08319408163,7690.29353295918,7796.45261704082,7681.71046122449,7721.99500816327,7699.30009826531,7946.95630142857,7856.17916948979,7984.18122408163,7895.71494408163,7976.5899822449,7906.69330142857,7830.31943469388,8006.70630714286,7755.78724591837,8081.84536530612,7906.17423520408,7633.11525785714,7623.40247959183,7743.43248979592,7864.27619153061,7722.07585510204,7720.31841510204,7829.90174168367,7784.17895918368,7926.06151693878,8127.43510393878,8073.93505704082,8076.49859612245,7995.21686326531,7896.75492693877,8077.86035889796,8034.27707612245,8016.34631826531,7983.68278326531,7898.36827530612,8000.80491132653,8000.53170306123,7800.79732418367,7962.5054644898,7913.13099693877,7947.58639163265,8023.36300163265,8016.06419489796,7979.14435,7936.88790816326,8053.49945336734,7999.64637469388,7955.53806530612,7933.57138530612,7847.62005887755,7911.50410938776,7929.26516316326,7918.42128397959,7839.9007977551,7854.83838846939,7921.76934969388,7730.39232285714,7770.46632755102,7923.6689377551,8019.98384061225,7945.69259979592,8037.39144479592,8042.55482479592,7930.64775010204,7933.38828908163,7927.20331061225,7885.90853877551,7980.07528367347,7876.48500234694,7896.53916938776,8016.19342836735,8021.04985795918,8006.40670969388,8046.73689877551,7962.85384218367,7859.28853163265,7970.0189005102,7848.62633846939,7913.45363204082,7980.69580806122,7877.76112203061,7975.26255653061,8013.29574234694,7995.60936469388,7941.50507204082,7951.17991795918,7979.7656272449,7956.09136867347,7939.45341387755,8000.50797867347,7992.02167683673,7971.52834183673,8021.54189979592,7879.646139,7794.04171971428,7834.4373744898,7849.17234806123,8003.28889632653,8028.62014326531,7934.81696346939,7909.95977846939,8075.14540404082,7895.48471632653,7922.08521520408,7971.51018480612,7837.48820286735,7958.5449972551,7986.43062204081,7904.20168704082,8000.28708693877,7900.40665979592,7937.67021142857,8117.22745081632,7944.37668418367,8038.44979959184,7925.03081867347,7872.61265,7683.02859642857,7580.97454693877,7812.72938469388,7880.65085408163,8030.39525022449,7990.90082022449,8097.25916948979,7941.57962530612,7909.22632030612,7800.01990714286,7905.41947693878,7767.1165394898,7576.84310377551,7629.98501959184,7465.90197928571,7580.77916428571,7527.01993765306,7680.26288153061,7812.80737663265,7778.71330908164,7692.34125591837,7811.30423091837,7643.22504693878,7718.23406122449,7829.4577710204,7821.46478367347,7872.21502602041,7886.49440102041,7879.72616326531,7856.34607091837,7932.03883316326,7787.50667030612,7789.02862234694,7761.5724827551,7905.92000826531,7973.1687994898,7877.56879285714,7953.63484061224,7953.01888908163,7991.42330346939,8049.58864051021,8031.0186405102,8043.83164928572,8087.71434428572,8082.69303928571,8107.29844153061,8034.54335989796,7935.42713489796,7902.57231489796,7954.61256265306,7932.98207438776,7825.03984102041,7995.50884693877,7864.08344918367,7816.65802632653,7908.96848612245,8016.21635054082,8025.14120890816,8004.781875,7924.86300326531,8003.18045571429,7910.306635,7867.94237857143,7916.25954632653,8106.56531920408,8227.90203897959,8038.24654169388,8015.11078169388,8014.96898877551,8049.23395306122,7712.08348877551,7829.27840377551,7780.29955408163,7834.41588163265,7727.25593285715,7757.57060877551,7707.48134346939,7763.4240777551,7855.45583408163,8060.33294408164,8018.63106846939,8014.88565112245,7943.99751061224,7983.07883897959,7907.26668755102,8028.15489122449,7946.83930918367,8001.51625948877,7938.06381255102,8084.63023469388,8083.12908867347,8112.00706122449,8027.33531989796,7884.81088479592,7953.5553194898,7874.04883663265,7931.19765163265,7963.06127887755,8044.39054795918,7898.3486077551,7889.62005520408,7866.78930683673,7892.02466438775,7946.85584641837,7933.11676437755,8071.98365051021,8084.8289255102,8026.5268255102,8073.34062551021,8093.88044357143,8106.19557163265,7912.43511489796,8026.66208989796,8052.58930989796,7881.38329969388,7944.94023846939,7932.53393479592,7931.80761204082,7785.91823346939,7761.1220317347,7758.67397428572,7720.23912887755,7789.01149010204,7766.01295012245,8033.60641020408,8104.82146020408,8023.43529020408,7974.97087755102,8111.33549938776,7923.33060622449,7927.25082071429,7739.97868061224,7830.86408551021,7866.37876571429,7704.53489785714,7677.4320444898,7700.98984479592,7698.41118091837,7845.29179510204,7894.17154510204,7890.90576479592,8140.50610979592,8026.37858857143,8099.92925857143,7950.64195612245,8043.00060244898,7993.31784918367,8086.03915746939,8101.2539922449,8096.65847928571,7968.20779887755,7811.67952704082,7826.24177459184,7800.11244489796,7666.28514489796,7618.24780989796,7637.68120489796,7630.17479989796,7801.10596846939,7825.82513591837,7813.48061591837,7889.69188755102,7858.84482102041,7985.75199632653,8030.94484469388,8191.38703653061,8240.29374285714,8139.49893285714,8050.53749846939,7981.39101163265,7919.09649622449,8012.61101428571,7989.53790918367,7984.14709918367,7867.80451122449,7860.23043673469,7782.91685030612,7703.10775530612,7720.2478427551,7834.83306245919,7829.51883081633,7888.60839459184,8004.76824561224,7971.88851561225,7922.04721561224,7959.29084540816,7689.26345673469,7940.33484755102,7845.31986367347,7892.39914693878,7797.05767663265,7891.85257112245,7921.76379683674,7942.13835306122,7993.33308959184,8148.26431673469,8056.07557938776,8100.82412714286,7985.97307214285,7994.2191405102,8175.75510826531,8019.66241326531,7780.08795816327,7730.66760193878,7835.42537204082,8020.37485459184,7921.01113622449,7925.54856142857,7986.19166326531,7890.41007928571,7966.29717928571,7961.04494193877,8006.81416761224,8113.9648067347,7966.38446673469,7924.79556173469,7893.6937277551,8087.5800277551,7919.22406326531,7797.85515306122,7736.11207806122,7876.69723204082,7912.23763204082,8104.90966510204,8192.33476946939,8022.15778734694,8000.07975265306,8025.81748877551,7969.09332163265,8123.3843344898,8038.05300887755,8098.21224887755,7996.83919887755,8015.32205622449,7927.26122163265,7910.9316927551,8115.64395612245,8008.70868428571,7972.46599816327,8080.03112979592,8003.37338938775,8106.87607326531,7930.39110102041,7994.45445102041,8036.62055102041,7963.40805061225,7994.26265612245,7969.75657836735,8081.58099530612,7933.56067979592,7859.97994520408,7772.1052972449,7773.46113673469,7806.11622857143,7872.61177057143,7780.74563057143,7846.16475608164,7962.53148530612,7780.51335816327,7714.26586806123,7797.56691653061,7667.62930387755,7707.95013326531,7769.79749326531,7777.17727836735,7741.0441944898,7878.3532244898,7753.3216244898,7626.75406612245,7630.1667472449,7581.5600122449,7650.04878969388,7848.45631369388,7778.74015326531,7952.21607316327,7871.29196887755,8078.77445989796,7881.24185285714,7733.26468295919,7956.43710489796,7925.88131089796,7944.38285418367,7827.33881030612,7885.82116591837,8085.20638265306,7842.41157112245,7980.0578505051,7840.4248067347,7795.11109285714,7835.28660677551,7787.22215,7729.42633387755,7953.85536091837,7910.88708591837,7694.92168469388,7829.26277040816,7809.49679551021,7917.76185948979,8003.63725387755,7868.01049734694,7838.00906081632,7959.60978040816,7847.97706255102,7924.7643355102,8084.82161959183,7963.71801306122,7918.07224183673,7806.38017826531,7918.29970102041,7765.5084255102,7767.53002285714,7884.05114489796,7755.11109989796,7765.66028989796,7846.25160846939,7721.96315867347,7874.2331717347,7933.94273244898,7943.30471265306,7929.94887734694,8073.22626102041,7937.09987336735,7920.3443422449,7914.06586551021,7953.94200469388,7892.56600836734,8030.31490836735,8007.17928693877,7843.50486326531
756.897959183673,8069.82178571429,8072.07565714286,8157.20345714286,8186.01051020408,8056.4220622449,8069.584565,8062.58265091837,8211.25799989796,8049.46249989796,8066.07501489796,8192.63181885714,8183.90065642857,8020.98084765306,8072.17195846939,8130.7160077551,8173.97223418367,8120.74774546939,8134.46345771429,8148.17558346939,8102.08390760204,8101.8293972449,8168.51605,8078.51015877551,8124.34974326531,8048.26015265306,8116.29954,8206.02905510204,8042.08376020408,8120.97089661225,8180.12082622449,8032.8954455102,8202.02522173469,8111.74155459184,7979.95093969388,8048.92809091837,8061.93615602041,8137.9659472449,8115.65290510204,8193.23289591837,8101.05713591837,8071.87391714286,8191.35466714286,8153.63851714286,8175.65147408163,8054.74931602041,8038.81772040817,8156.97329040816,8134.58345357143,8050.43250857143,8056.58820857143,8101.9612505102,8062.2301805102,8050.86915551021,8176.61252122449,8027.63046122449,8064.59438653061,8347.29138591837,8072.20889612245,8023.55729612245,8273.28646387755,8113.91742857143,8147.75869530612,8129.7831067347,8177.35235897959,8144.88407897959,8078.13203897959,8063.28355836735,8090.068055,8179.34374602041,8115.49296785714,8140.17700387755,8101.73854741837,8116.47745540816,8088.05946795918,8093.88419306123,8036.60895857143,8200.88586938776,8147.13313897959,8088.7573372449,8025.70091142857,8212.69740530612,8291.11306816326,8147.44810285714,8088.13131846939,8071.39259785714,8301.41425816327,8049.86384897959,8151.01816612245,8193.61178836735,8081.00331816326,8090.48227755102,7992.80863938776,8088.10956438776,8233.15327171429,8096.41630591837,8207.28960387755,8136.88481,8143.22329081633,8106.78645948979,8082.76823877551,8056.54366377551,8069.623645,8238.902825,8070.90325102041,8044.32749081633,8069.70720316326,8181.70032438776,8013.48533383674,8121.59745836735,8062.09951836735,8058.64640836735,8105.10008530612,8116.77221530612,8324.97858530612,8231.29232030612,8119.59240530612,8043.66412653061,8079.9401855102,8116.89481785714,8019.92101785714,8218.72116653061,8161.90481653061,8163.67207653061,8305.88731673469,8049.62089571428,8255.84614428571,8137.51996408163,8142.65104551021,8100.92350836734,8073.52921285714,8129.47335081633,8065.38007510204,8132.85981020408,8097.87454040816,8103.47342816327,8070.22286765306,8049.73044730204,8054.92801895918,8062.43041673469,8131.56028438776,8099.43998693878,8137.66188570408,8081.65930163266,8089.97689040816,8232.29691959184,8075.38645877551,8048.70589102041,8058.29765693877,8099.49300959184,8302.18941571429,8168.3940877551,8078.09526473469,8197.77811489796,8055.98394918368,8107.40785520408,8118.13626755102,7953.73634928571,8082.7126122449,8175.562415,8137.36290163265,8104.71820285715,8175.93342683673,8161.08107295919,8141.16450255102,8044.77685867347,8075.25474367347,8276.41552259184,8132.90824530612,8281.75678979592,8043.00542379592,8153.18578479592,8174.73511326531,8282.74777826531,8110.94073673469,8146.4062627551,8139.94600112245,8169.14478367347,8143.77619867347,8126.12028806122,8329.56853265306,8141.71377112245,8112.9435755102,8090.44420010204,8142.407835,8189.61057306123,8130.58589785714,8178.39271357143,8047.28709757143,8174.38565765307,8101.04813020408,8053.94318112245,8073.68388887755,8108.03651061225,8180.38273673469,8217.08712030612,8079.68107806122,8002.05367163265,8155.59484357143,8094.0152127551,8194.46913530612,8280.09361448979,8161.16036418367,8113.89163673469,8190.8548355102,8102.34715540816,8067.00467173469,8197.79855,8115.32560102041,8152.08506816327,8094.00229489796,8293.61304081633,8108.75042346939,8099.45234673469,8282.30134173469,8057.52492918367,8080.22207418367,8080.49556336735,8143.814175,8036.72645173469,8166.28916071429,8134.47629285715,8095.64571663265,8094.67131653061,8170.34108653061,8174.19864081633,8065.82974741837,8171.11129741837,8001.53579843878,8096.48905397959,8221.78178571429,8083.96604795919,8198.84769183673,8038.18832826531,8077.49753948979,8084.07423448979,8125.07191530612,8100.72013918367,8047.0837717551,8136.36045306122,8371.05550122449,8098.75611622449,8068.66940612245,8092.01468428572,8042.55192632653,8131.76900122449,8064.46444591837,8180.42024326531,8037.89715175102,8149.60135214286,8117.91515214286,8169.2872832653,8058.72137,8060.38268163266,8090.90409591837,8137.27948877551,8217.87433877551,8163.59503265306,8142.84970142857,8140.38034285714,8080.46605622449,8067.45315928571,8193.12637561225,8107.50360887755,8026.98404882653,8130.78690438776,8056.40640693878,8115.55065091837,8182.08344091837,8120.40104397959,8085.7970505102,8206.15226438775,8323.79988656123,8139.28114102041,8157.89010510204,8151.92767642857,8087.68750826531,8037.85976142857,8187.63036142857,8030.55291142857,8053.08167642857,8169.43592642857,8179.02711244898,8055.91330206122,8067.76471816327,8044.82321816326,8055.11186397959,8143.08743959184,8125.11556755102,8279.79487459184,8076.62890714286,8066.13614979592,8089.11846642857,8118.42335959184,8291.77402244898,8149.70258132653,8205.56344132653,8189.72524833674,8198.60985183673,8294.39624489796,8123.13821459184,8139.40009959184,8122.09676122449,8081.62471653061,8069.6108477551,8432.23673887755,8096.75455806122,8075.00020091837,8190.16386897959,8144.14558571429,8086.82057326531,8037.55726326531,8105.64926571429,8151.13991571429,8196.60316367347,8074.67789510204,8074.21747112245,8092.00929204082,8144.00069795919,8287.66041357143,8065.44932673469,8146.50833285714,8138.71086530612,8143.10984285715,8115.45893061225,8114.14837142857,8288.28021122449,8118.37888520408,8097.45693693878,8148.28179285714,8194.37450459183,8079.3747190102,8132.77399683673,8186.45808826531,8135.3770139796,8133.62642244898,8112.80186459184,8034.44345969388,8088.1907872449,8042.75415265306,8303.7339072449,8169.56517571428,8166.40649459184,8084.90641418367,8125.5721927551,8119.7510144898,8116.33643183673,7894.14683132653,8119.44302744898,8083.3491944898,8073.36074479592,8136.13516581633,8158.26874836735,8055.21265653061,8151.47447877551,8108.66704377551,8272.05145183674,8039.78047714286,8063.98891489796,8236.28991632653,8053.48806816326,8135.24635816327,8063.23113755102,8046.47634255102,8105.10313020408,8082.37261061225,8154.2871877551,8075.03765826531,8061.8864755102,8186.79923622449,8097.29463714285,8113.49837061225,8113.66691316327,8125.78264346939,8222.40649459184,8182.02823969388,8276.16676938776,8039.87111653061,8122.11748591837,8317.10982326531,8187.89613265306,8161.50737469388,8075.65348938776,8059.55092938776,8181.14403397959,8062.02663510204,8129.08114591837,8134.72890826531,8175.89094367347,8089.71722581633,8063.9466144898,8010.22710571428,8053.19822428571,8068.56065632653,8235.22830265306,7983.069875,8161.53975428571,8071.23250714286,8137.55405459184,8065.89264122449,8090.68509153061,8193.36994785714,8157.72660816326,8163.40954795918,8125.01713061225,8286.63215877551,8071.20487183674,8198.34239887755,8277.12533612245,8120.17111112245,8200.12980959184,8045.38503632143,8084.12429479592,8291.92348277551,8169.09429734694,8143.52630132653,8203.21222346939,8189.66552693877,8162.75869255102,8197.24564736735,8209.58832540817,8202.36408306123,8194.56976061225,8155.70102122449,8229.64606530612,8148.53794255102,8087.21484673469,8067.64187255102,8019.38884071429,8184.45130571429,8078.70089867347,8070.23431667347,8192.36859826531,8067.62242938776,8037.4970777551,8113.9246577551,8182.2388277551,8078.40475795919,8058.02739183674,8161.1273282653,8048.09794132653,8296.82857591837,8084.18310530612,8088.12483469388,8171.0969877551,8187.57946020408,8039.45061020408,8255.50897186735,8126.7625155102,8158.87209510204,8043.8019,8141.84933255102,8059.89353673469,8180.72003673469,8136.40825102041,8204.40905612245,8311.80389540816,7985.72371867347,8059.28474591837,8105.89921653061,8108.42899653061,8066.90804081633,8129.85344938776,8311.89044658265,8055.37250132653,8127.01919755102,8123.44727755102,8308.28249816326,8206.47393806122,8150.32877112245,8186.73716836735,8339.21867836735,8298.53468459184,8244.40310378571,8160.42972540816,8139.65422040816,8202.06916326531,8087.71153173469,8179.46220132653,8051.66712295919,8098.14222755102,8051.43398622449,8153.51590428571,8122.73341581632,8072.89567622449,8078.99618938776,8165.10045,8312.82613959184,8031.91443387755,8115.12970795918,8187.84438346939,8046.54739997959,7991.50894948979,8034.71982204082,8140.35922979592,8220.59062979592,8178.66907459184,8156.68669459184,8109.6123427551,8147.54968581633,8162.15157520408,8134.73342020408,8121.49085020408,8113.77239020408,8039.43936520408,8137.26535071428,8261.27893908163,8131.71931061224,8161.05560561225,8101.34622244898,8150.2974022449,8115.58916561225,8177.15671333673,8143.2582444898,8280.3371010204,8190.38249897959,8304.2130394898,8101.58209010204,8139.38344969388,8076.3217164898,8288.26926495918,8116.92427005102,8070.73783111225,8170.04925459184,8200.87527693878,8132.34259887755,8062.44856540816,8192.53608612245,8173.16132091837,8148.51356989796,8183.20748928572,8152.39520938776,8248.66287040816,8154.99466367347,8109.80078020408,8075.09093377551,8159.44689693878,8201.27378505102,8083.33696214286,8113.28092653061,8120.00008367347,8190.60615816326,8112.44394816327,8088.61986959184,8193.97537204082,8058.1465767347,8107.49057673469,8179.55887387755,8083.31906122449,8036.47975887755,8190.06919173469,8082.22335109184,8270.60008142857,8069.5143377551,8177.5557330102,8123.45682408163,8046.0777922449,8090.85266981633,8092.8528077551,8090.08461030612,8122.42728142857,8109.51336857143,8044.97058326531,8055.16493265306,8124.27123877551,8093.41948316327,8080.73383153061,8080.93269714286,8126.45144204082,8112.35177367347,8183.09990418367,8196.8531305102,8162.86510122449,8095.09164193878,8016.39157897959,8069.47705816326,8051.77138959184,8072.9564394898,8098.95187091837,8176.80244663265,8333.32320163265,8156.28278994184,8046.47483708163,8136.18165918368,8056.43924163265,8055.94721367347,8063.45017285714,8187.86367285714,8196.37234183673,8059.45093132653,8046.43103979592,8289.80405714286,8048.87662142857,8138.75898530612,8301.32492653061,8133.30157836735,8080.89657173469,8142.64289438776,8111.35640673469,8189.31470387755,8144.40210887755,8091.84790010204,8014.74797346939,8093.29098,8134.89103408163,8075.91422295918,8037.25856581633,8122.97761489796,8054.18981132653,8067.44506122449,8096.5545759898,8126.11279877551,8177.70569530612,8079.96589061225,8133.93752326531,8149.8983617347,8187.51394357143,8255.80630632653,8137.59782928572,8174.76274704082,8124.34352693878,8184.10675,8151.47882316327,8129.61386163265,8172.47661530612,8046.66451795919,8188.56444103061,8247.30728673469,8141.69748867347,8119.56768367347,8174.88721938775,8088.96369183673,8193.08241183673,8218.92813652041,8147.70655510204,8187.9663577551,8316.8998567347,8150.50702642857,8250.16103204082,8040.53472704082,8158.58249163265,8047.00971244898,8048.85592244898,8288.93970693877,8056.88392183673,8123.20883112245,8043.02809591837,8099.65768683673,8170.91627438776,8083.13423673469,8112.43594938775,8361.61597183674,8146.88070255102,8090.13754622449,8079.10700867347,8146.2490272449,8183.41730428571,8089.32996704082,8175.55344397959,8050.79335408163,8060.54865714286,8048.26233857143,8193.90664836735,8130.29804673469,8279.3434867347,8289.16572834694,8058.44639744898,8072.39577163265,8294.16724955102,8090.72629853062,8050.33587244898,8202.34551020408,8202.95881020408,8228.7775677551,8300.92759030612,8178.58920051021,8201.58027602041,8300.52197102041,8088.87523632653,8103.8281077551,8076.05613357143,8197.43665183674,8211.44473693878,8064.83566316327,8194.06400612245,8122.49096704082,8158.69577653061,8098.30881979592,8044.45949387755,8049.68124887755,8121.30250948979,8076.31700071429,8158.33451071429,8235.35165714286,8172.00882244898,8009.96325928572,8091.45138428572,8097.89490173469,8119.50439765306,8168.73655142857,8044.54447142857,8076.22457142857,8084.07872622449,8134.67655704082,8128.40419693878,8057.1203447551,8157.60062877551,8137.14550387755,8092.78346214286,8167.69403571428,8135.23947173469,8065.25102755102,8277.73922163265,8050.63884663266,8053.68474091836,8101.52934214286,8288.21284204082,8130.04320122449,8193.68428561225,8180.50918112245,8174.177365,8192.505455,8180.49602734694,8090.92005581633,8072.6901005102,8051.04931316327,8277.46383122449,8055.6548127551,8067.48009061225,8154.32014367347,8120.38795316327,8177.6273444898,8172.3924694898,8226.37227969388,8139.29961734694,8056.88967612245,8152.14234612245,8117.55691653061,8126.74704030612,8144.65531561225,8060.59431020408,8261.7357892449,8064.11184581633,8048.97437428572,8186.35350714286,8186.94682102041,8158.63716102041,8178.33319714285,8058.92965112245,8187.75411142857,8063.20686540816,8094.69379132653,8181.12893204082,7999.8358377551,8110.02289857143,8166.42478367347,8317.31246867347,8147.93454408163,8087.3078844898,8308.61795742857,8157.28478142857,8178.06638122449,8163.77442622449,8300.56726653061,8228.99577826531,8063.4188844898,8123.16828989796,8074.73002663265,8077.17454612245,8234.35673530612,8289.17771938776,8135.92356540816,8211.49538346939,8054.08959255102,8083.73883887755,8126.71866102041,8330.40950032653,8118.53617481633,8046.40134,8074.29698428571,8157.02795061224,8124.12998734694,8054.5831677551,8055.1179627551,8133.82178408163,8178.98256142857,8131.91949897959,8076.84451418367,8151.61166714286,8067.49970306123,8227.95135959184,8176.33830826531,8078.54636571429,8131.20854744898,8075.17151744898,7989.45334338776,8059.48201338775,8213.48626561224,8147.0141627551,8147.34633632653,8048.87565520408,8081.90447612245,8163.36735887755,8066.93969587755,8151.46117183674,8151.23701989796,8041.10850326531,8053.15645795918,8179.13236387755,8052.42755959184,8161.36592857143,8141.24455357143,8122.57322030612,8191.23339530612,8190.68158612245,8161.343555,8142.40740989796,8150.67140561224,8146.2566994898,8083.92877602041,8062.58827204081,8154.44283418367,8167.81842336735,8178.20714408163,8164.31852989796,8169.73317979592,8117.90089693877,8068.12003877551,8174.25325619388,8043.55678214286,8186.37288326531,8163.36960204082,8134.01329806122,8092.1054227551,8090.65047663265,8138.08583602041,8298.19434336735,8180.27303030612,8147.18764030612,8113.15189677551,8038.17193789796,8164.16589351021,8131.14611408163,8097.03665173469,8180.17464020408,8155.84193469388,8180.54391795918,8078.79480030612,8202.46861591837,8082.45630632653,8077.74816469388,8266.12426030612,8122.20499795918,8111.15858619388,8047.74616530612,8219.77614204082,8132.26226030612,8074.15151030612,8313.08062734694,8179.35869183674,8143.82238979592,8062.73347244898,8338.04289367347,8077.9353605102,8042.128185,8156.67267,8115.21759061225,8111.49179489796,8055.21567346939,8121.61696430612,8053.87285430612,8088.39095444898,8296.23317061224,8100.083095,8143.14316,8185.22649928572,8059.80367214286,8003.75409795918,8182.16368255102,8164.37027755102,8170.83947193877,8167.78155530612,8122.44147,8165.35065214286,8122.06918632653,8220.19782132653,8134.62950836735,8167.88707459184,8073.37250693878,8291.01260912245,8163.59544489796,8147.38494489796,8088.70460693877,8175.05870673469,8143.41457183673,8028.73882183674,8084.17791020408,8050.81584683673,8073.63374959184,8071.95608418367,8092.15059387755,8154.14456163265,8153.7016877551,8063.24186816327,8150.96846806123,8128.23997367347,8161.4721867347,8094.02334489796,8168.86783153061,8133.15550530612,8177.09031979592,8285.96815581633,8089.60455367347,8137.36821326531,8171.99879163265,8158.06229806123,8134.43433122449,8054.38531734694,8137.00906295918,8084.01181704082,8193.2159944898,8038.09398887755,8048.70531581633,8133.00450346939,8283.02068693878,8103.31399928571,8154.61643255102,8168.3886755102,8082.72916632653,8092.70584908163,8157.52276744898,8146.51110806123,8154.55884887755,8177.28103183673,8138.57320183674,8097.67044693878,8098.55265306122,8186.78793653061,8204.0613872449,8264.50393540817,8086.65336795918,8234.61220367347,8174.19525040816,7963.69488673469,8173.36062132653,8163.90835081633,8166.75505622449,8143.44896326531,8145.21681816327,8173.73495540816,8073.4187705102,8114.60521612245,8073.65822408163,8212.88928346939,8108.79245285714,8073.07821673469,8140.33321265306,8066.49341744898,8205.68273979592,8200.71238979592,8119.3468705102,8176.0914727551,8317.70644418367,8082.58263285714,8171.36039428572,8185.13398183673,8059.76299438775,8002.13944479592,8195.27615153061,8328.10550693877,8149.22179561224,8187.35000663265,8071.4292507347,8176.58979489796,8133.27001377551,8103.01855091837,8085.2040272449,8065.21472887755,8069.52236948979,8053.11786846939,8198.7930877551,8138.32231561224,8280.72688112245,8131.96900112245,8092.15707285714,8233.71344122449,8122.1593027551,8281.0523972449,8150.11783836735,8039.76969,8047.97113938776,7994.80985632653,8070.23263612245,8108.01266061225,8158.5770877551,8216.71784316327,8150.57818816327,8285.68453816326,8052.6431655102,8111.36992959184,8080.61528265306,8155.62624081633,8098.24997653061,8091.86369071429,8109.68844306122,8082.34374010204,8059.57671632653,8037.07977591837,8253.51151469388,8099.6290922449,8088.84390755102,8147.69849765306,8192.35101326531,8131.72580316327,8221.58354867347,8173.5009022449,8096.01968620408,8054.27285342857,8103.67362242857,8132.71968161225,8136.26943140817,8060.64804304082,8053.56215385714,8094.29129346939,8146.29494826531,8043.66379326531,8181.54076785714,8288.55377438776,8118.70590836735,8180.59773691836,8131.73568130612,8009.22739630612,8078.28007396939,8237.53548947959,8057.15120806122,8186.63605959184,8168.34332867347,8076.48131591837,8129.53315234694,8148.07706622449,8180.59389622449,8118.3001594898,8136.65737846939,8194.50989010204,8087.21044806122,8190.50817010204,8118.25947530612,8080.93809693878,8285.91275367347,8047.93545102041,8177.36717887755,8133.44673683674,8121.83821459184,8178.84140908163,8036.80429794898,7991.62331734694,8281.25916091837,8047.79867316327,8154.26049285714,8030.28256734694,8082.76416357143,8164.07914897959,8163.65721,8142.55435612245,8050.60059112245,8322.35086469388,8140.1780414898,8091.3875144898,8075.49208469388,8172.16365857143,8082.13063959184,8065.70309469388,8287.73509755102,8137.02896989796,8315.86019877551,8211.16611010204,8325.05645418368,8151.52767122449,8029.72059469388,8193.19555408163,8250.07162081633,8059.11913112245,8042.20078183673,8079.7400977551,8072.18582663265,8103.65653061224,8195.94919306123,8099.81938510204,8053.36131479592,8106.46635306123,8063.2656367347,8196.16602785714,8176.50729183673,8264.54548969388,8194.54060091837,8285.64423663265,8255.31210091837,8088.59429846939,8092.73342653061,8050.05539,8135.90297755102,8063.04727469388,8132.00852591837,8328.0668767347,8136.95936744898,8076.64693969388,8145.39348081633,8106.56718081633,8063.21821010204,8096.68277204082,8060.33622204082,8046.47682869388,8092.63466122449,8065.3415472449,7980.08023540816,8152.17462255102,8074.70463153061,8173.34178520408,8080.80671653061,8116.47139,8298.71237357143,8071.66771039796,8280.07716316327,8189.55523020408,8121.13458602041,8119.74010989796,8066.70635785714,8281.11561469388,8162.27043285714,8201.42312806123,8189.74408428572,8184.38903081633,8145.60848081633,8026.96126161225,8097.66326161224,8009.06452336735,8066.63288693878,8306.53213191837,8355.37956706122,8072.13043591837,8096.61680387755,8156.86526938776,8176.6620802449,8256.26695744898,8195.70011642857,8140.65426734694,8065.94553857143,8064.51459153061,8070.40637857143,8083.56892663265,8189.06835255102,8292.51968469388,8183.74833285714,8108.7542822449,8069.20621602041,8104.35749795918,8110.69994989796,8193.54237448979,8158.6663094898,8074.10979816326,8212.71984704082,8330.17283642857,8111.52399469388,8091.61132357143,8145.48455744898,8373.05538285714,8154.10718285714,8082.01260102041,8335.52773642857,8083.92304642857,8161.56290744898,8061.11458520408,8119.77577071428,8277.43165408163,8139.49101561224,8153.59756010204,8146.201305,8157.59807061224,8343.68115377551,8153.80910193877,8034.15261183673,7981.61329102041,8173.32592755102,8154.44920126531,8001.06882244898,8130.74128785714,8171.11541285715,8277.75322214286,8071.49315765306,8180.90450265306,8189.82803765306,8295.39247683673,8171.50164795918,8092.93296836735,8158.65216836735,8132.98613489796,8157.50117959184,8102.30355714286,8174.37297908163,8018.43861030612,8041.22664734694,8063.34483285714,8144.59829010204,8102.69964765306,8277.92181326531,8045.84374826531,8264.21871826531,8036.87187826531,8126.40384530612,8147.46141959184,8090.12499730612,8162.54913287755,8175.61889632653,8123.33971112245,8088.8667127551,8257.15841882653,8278.76959581633,8128.48027918367,8100.4895672449,8129.23429591837,8057.44391163265,8144.20054530612,8122.61740857143,8187.59082061224,8282.61691693878,8052.47821061225,8051.02858479592,8061.26077867347,8137.71772938776,8175.26493288776,8148.17522030612,8164.57893346939,8098.91128244898,8062.94842295918,8133.48788653061,8060.56325336734,8002.97467591837,8296.75645816326,8149.00144714286,8145.11135367347,8274.99492979592,8100.75889020408,8321.43984183673,8114.81563183673,8097.4195244898,8048.55342005102,8123.25114693878,8088.28152040816,8266.71040306123,8295.69602346939,8293.76058040816,8101.67966459184,8147.66985759184,8140.6624655102,8175.33268632653,8091.9018155102,7995.81584765306,8041.51926265306,8071.28599459184,8194.09280265306,8175.1301527551,8150.64232969388,8074.84185908163,8122.30824336735,8101.66751183674,8139.79330704082,8153.33611204082,8089.84366387755,7896.39531387755,8046.39492479592,8209.25428122449,8090.44936520408,8178.26918806122,8298.49890622449,8087.18452091837,8188.0025422449,8065.79309295918,8109.62474295918,8073.25679295919,8094.22888642857,8103.03249142857,8029.00184663265,8035.37301071429,8204.14668061224,8152.51785102041,8096.9489022449,8208.09618183673,8144.98088857143,8114.06908857143,8139.9765144898,8147.51647367347,8184.34781989796,8150.31748346939,8110.5366082653,8148.44145326531,8130.02311418367,8113.90953826531,8085.08180755102,8173.58628877551,8303.66926734694,8145.82514428572,8078.89661428571,8315.91214785715,8046.12943428571,8182.15534530612,8178.15246020408,8182.12511020408,8214.77739693878,8181.12308969388,8209.65545918367,8132.40416346939,8167.12875234694,8154.19087010204,8163.58349555102,8102.40135622449,8067.58947622449,8095.35685714286,8312.38565071429,8082.36928765306,8100.11103979592,8199.46686112245,8197.81961112245,8190.10447561224,8163.20157612245,8146.43880397959,8250.9591444898,8089.01557608163,7954.38149602041,8132.75459316327,8097.25860591837,8085.45656134694,8136.74617734694,8090.26550789796,8184.68602826531,8051.7296622449,8283.26796979592,8060.42196693877,8173.40774693877,8091.24216918367,8057.55478132653,8098.73590387755,8025.8745467347,8195.37061040816,8082.98794469388,8039.97157,8070.55095714286,8122.05889765306,8149.67210102041,8098.48952653061,8038.90930653061,8152.71723806123,8048.49550969388,8160.94431061225,8104.10696867347,8102.7124072449,8188.29603938775,8055.62778418367,8130.35752581633,8042.37210581632,8034.71798673469,8041.78559255102,8064.13875428571,8038.71949571429,8206.6052877551,8059.51478938776,8275.37231938775,8123.27025408163,8177.62949571429,8183.70713571428,8091.01494571428,8280.96601857143,8327.54241295918,8155.32398061224,8251.19605204082,8201.70329816326,8135.13167897959,8145.35749663265,8070.71187244898,8049.27511928571,8112.90524057143,8137.15547826531,8034.17714173469,8149.46062857143,8291.87590346939,8195.706405,8030.70046561224,8173.55963979592,8078.80757142857,8033.66976091837,8325.53648591837,8098.95819285714,8269.99637377551,8186.83401530612,8076.39535877551,8101.62797377551,8132.05255408163,8071.26433734694,8066.81095520408,8168.68450581633,8059.26849795918,8260.01508132653,8132.5003877551,8181.0709322449,8157.54958530612,8194.73864677551,8045.68499469388,8110.34378959184,8103.31378877551,8077.84895377551,8101.40367877551,8083.27538510204,8147.43554081633,8082.92856244898,8106.84327244898,8122.91979738775,8152.47393738775,8324.05790836735,8140.95894551021,8075.94772836735,8168.16505857143,8145.22422551021,7999.86289479592,8177.46999234694,8129.64873448979,8051.5420555102,8086.56687551021,8195.08835887755,8198.26677040817,8087.08929326531,8261.10590132653,8103.25177857143,8121.28486571428,8116.07757295918,8048.4256494898,8191.11210918367,8060.13683479592,7989.87405714286,8216.76524459184,8088.2546722449,8074.10419214286,8089.38146897959,8101.61674061225,8056.81909061225,8084.78655612245,8064.19433183674,8131.80488877551,8148.7428605102,8078.4765027551,8353.83096377551,8147.2453227551,8043.81964887755,8300.20077979592,8175.27737106122,8082.23378653061,8110.01177857143,8158.06460204082,8202.60158867347,8333.80115346939,8193.98147346939,8181.66207755102,8007.94286459184,8192.06348622449,8110.53129632653,8071.28355959184,8204.39013895919,8074.4622127551,8137.99410612245,8053.41051653061,8142.04293826531,8176.26338928571,8086.51129785714,8040.93437367347,8084.50660051021,8173.67970418367,8061.73975816326,8042.43856367347,8034.31618489796,8141.37095989796,8100.47617602041,8015.587445,8090.87047959184,8080.1503282653,8102.81202936735,8161.78621336735,8122.36723,8068.87451408163,8138.94523880612,8295.98898533673,8073.39182033673,8080.59701183673,8087.94102061225,8082.78925632653,8162.81461979592,8113.49190102041,8076.06858469388,8165.9788,8299.20844163265,8059.71922734694,8099.55053122449,8086.10386030613,8140.62240377551,8082.87450346939,8051.18128918368,8167.94444326531,8059.02285384694,8332.5434177551,8206.52243204082,8094.94626704081,8079.76023306122,8134.12104010204,8118.0995,8243.72243061225,8053.7318777551,8089.68553163265,8287.09105061224,8163.66293163265,8047.51771122449,8067.69047765306,8118.52294551021,8117.00113938776,8063.86171663265,8128.52394693878,8267.78634908163,8068.45364653061,8244.88030673469,8276.18573440816,8250.29464316327,8071.83140285714,8084.91157753061,8099.83926469388,8042.54037357143,8175.63556387755,8105.51516163265,8047.34026673469,8161.64342408163,8171.55903653061,8172.71068979592,8152.53407367347,8154.54336489796,8129.54432367347,8198.65211561225,8125.63953142857,8126.89426969388,8084.05872,8193.79203969388,8090.94069489796,8061.9576722449,8067.74566591837,8071.86466632653,8105.22340306122,8042.00924173469,8037.57365204081,8113.3054992449,8202.45604163265,8131.38868163265,8077.93210826531,8069.68694479592,8018.83164612245,8077.35568632653,8166.80126153061,8137.78798561224,8149.23029816327,8173.03578265306,8304.09454857143,8301.04531785714,8125.997405,8103.4691377551,8022.47654755102,8086.63920867347,8351.43657326531,8267.9358577551,8070.30490530612,8080.77872030612,8241.54198030612,8081.43081591837,8181.17784985714,8123.35288428572,8104.27564826531,8156.55335928572,8171.05198553061,8136.32238053061,8051.10067408163,8140.30086908163,8102.08016510204,8060.70913010204,8130.09799942857,8053.70912346939,8131.96583040816,8157.07028234694,8035.04825081633,8107.11749918367,8315.44989908163,8119.14137113265,8158.71560755102,8166.2446622449,8180.08938397959,8138.87602285714,8051.87434285714,8082.52940469388,8093.89170693877,8158.47698469388,8041.6157422449,8146.36831091837,8196.71979259184,8075.78175759183,8080.33112693877,8043.79597153061,8073.83554693878,8127.53112448979,8072.64780612245,8133.37240112245,8134.05810020408,8150.09813884694,8098.26409017347,8108.38292884694,8154.55492588775,8158.95411129592,8052.74142663265,8078.28729265306,8300.86595112245,8115.22913265306,8079.92353020409,8174.88995204082,8071.8516777551,8171.57104581633,8097.32782244898,8165.77171744898,8097.65442714286,8081.32849591837,8148.51312142858,8074.28682040816,8113.8795677551,7992.55356306122,8107.68804326531,8098.41240438775,8038.49255479592,8057.51350581633,8092.94908265306,8186.68399591837,8068.8388477551,8271.80966663265,8145.19917132653,8283.90842418368,8134.66527622449,8269.50040214286,8082.81812020408,8132.01161428571,8072.13371459183,8151.6021777551,8345.69575530612,8109.51330928572,8101.0185327551,8083.79325,8153.61451122449,8149.89822959184,7967.48707857143,8078.5962477551,8065.33991622449,8072.6238122449,8064.22539959184,8111.27503234694,8122.44397163265,8184.62540020408,8083.65851255102,8091.83379989796,8124.11155020408,8172.50520520408,8065.5150117347,8086.04945193878,8176.82560336735,8323.3075527551,8326.23177071429,8157.10244,8098.89346612245,8195.09262102041,8129.46234102041,8134.51310571429,8172.96698244898,8154.23926571429,8112.57762938776,8165.98717857143,8306.48074336734,8081.5096877551,8109.44384336735,8182.66458479592,8000.51236530612,8156.72324795918,8096.75575857143,8161.2550072449,8075.06725510204,8124.58761561224,8310.28179877551,8078.17686938775,8131.67988663265,8203.24661469388,8127.70232693878,8024.47700010204,8108.54146302041,8130.8167205102,8109.86119408163,8043.48755418367,8144.65536551021,8100.21066551021,8039.82447112245,8072.03160030612,8059.2649627551,8067.60092806122,8119.66358408163,8055.98041693878,8362.10346193878,8247.74361214285,8263.06590571429,8135.87447469388,8271.64415510204,8056.10250744898,8101.94986612245,8199.27950693878,8110.88038571429,8111.37221897959,8088.47902877551,8170.78233377551,8046.03347834694,8193.49142234694,8148.41577734694,8156.49165969388,8077.04867183674,8137.37448693877,8052.7949477551,8103.14576122449,8071.6297244898,8099.95395244898,8046.80052704082,8119.13809959184,8111.58702469388,8042.85112142857,8179.60691071429,8093.19799887755,8066.25091867347,8037.40952377551,8043.00039540816,8279.1772477551,8096.53371816327,8113.36025030612,8101.6432727551,8162.63904336735,8176.10529872449,8085.29097632653,8069.51129510204,8281.94571285714,8175.51667653061,8144.30180959184,8075.44069306123,8199.93957183674,8152.19550387755,8176.32133581632,8089.93280571428,8078.35916112245,8073.90423612245,8047.9388377551,8058.78027142857,8081.63278642857,8026.83757839796,8083.02764247959,8187.43945734694,8059.30341959184,8148.26492826531,8094.17212326531,8055.24258755102,7950.04361010204,8041.14353010204,8172.06624132653,8082.47894114286,8060.99772438776,8083.71262806122,8237.8086522449,8138.5169472449,8150.09136561225,8123.49154461224,8079.01146561225,8143.44309989796,8201.04683469388,8164.44025785714,8196.10369561224,8295.0813522449,8303.17870816327,8162.45939469388,8176.14254673469,8171.26042,8066.430016,8156.69552538775,8169.67394040816,8178.64777265306,8079.66932795918,8199.37682081633,8194.06111183674,8190.98675306122,8187.05213010204,8137.94266683674,8215.90689704082,8178.85415693877,8332.53532785714,8131.04944714286,8137.3695372449,8156.01533918367,8051.99781001021,8053.85130785714,8195.254465,8055.32566,8288.03437040816,8123.95046459184,8115.84007316327,8098.11006469388,8157.1353172449,8086.20274673469,8041.95051020408,8115.4984122449,8140.73911244898,8132.38814183673,8085.26799795918,8095.31094795918,8080.96877693877,8308.62087693877,8308.59992295919,8177.81497163265,8046.02086163265,8042.36251183674,7979.19989357143,8333.28030183674,8333.11789826531,8303.4182877551,8263.58235908163,8146.20698908163,8069.99840632653,8063.13384295918,8210.17625265306,8328.93802030612,8058.49102214286,8095.09477459184,8121.98030959184,8127.87305857143,8097.87778479592,8177.68299704082,8093.29909448979,8154.39780602041,8048.08626887755,8166.5070705102,8081.96633071428,8080.88995469388,8120.29915469388,8181.970465,8122.13891728571,8051.66871081633,8130.64380091837,8161.30058214286,8246.04549453061,8122.67389953061,8039.13252453061,8147.79514979592,8151.79038469388,8096.97312714286,8313.83718163265,8184.28141632653,8112.96572714286,8182.61399663265,8092.94548826531,8078.541625,8048.36383061225,8143.09602857143,8112.3185967347,8071.56163520408,8127.45791326531,8117.68513979592,8186.91276795918,8037.43643540816,8363.08548244898,8191.77321418368,8050.10386489796,8090.49106081633,8133.78594804082,8045.30429040817,8164.37956602041,8053.20253244898,8084.94960918367,8000.34677795918,8167.29523783674,8169.88273783673,8119.20879306122,8128.00647959184,8184.54058408163,8157.38594173469,8135.95523681633,8118.45691877551,8113.32564030612,8201.87169591837,8207.47284316327,8056.43928102041,8191.63086561225,8182.11025010204,8198.49607948979,8049.68799795918,8061.71623795918,8113.66769102041,8095.41293908163,8138.20196571429,8215.15668693878,8093.56030897959,8044.30367918367,8042.10252663265,8178.28894285714,8127.68208785714,8210.77865803061,8078.63803673469,8102.88948897959,8170.81297346939,8163.91923367347,8271.97345785714,8080.05213112245,8133.95543367347,8060.48016367347,8115.1333672449,8094.65505204082,8072.17843479592,8178.85529795918,8051.84123122449,8102.32132244898,8199.30629989796,8059.52124489796,8188.25605938776,8296.52670938776,8056.15260306122,8138.6957905102,8368.78384693878,8104.95489510204,8298.04990938776,8038.36482285714,8168.74449887755,8132.34390969388,8050.83142744898,8110.88474081633,8241.11798081633,8170.54321761224,8102.42264428571,8177.49216428572,8097.62533295918,8140.1104922449,8175.7746322449,8116.08300571429,8064.9787094898,8096.88649785714,8123.08862857143,8300.02610132653,8172.93679418367,8293.44688611224,8289.03593938776,8146.32184857143,8101.32629857143,8115.13192285714,8115.80346897959,8051.30972653061,8171.39848734694,8136.84108367347,8216.88400204082,8054.94150704082,8044.20631397959,8179.28681785714,8181.88847583673,8099.61541973469,8113.18260928571,8129.32106867347,8114.34094667347,8302.75322918367,8099.95596979592,8179.26312367347,8092.29287653061,8065.43840428571,8039.4899205102,8178.18138520408,8134.70447020408,8072.01694336735,8082.46172040816,8126.24969040816,8050.88507030612,8004.69682530612,8146.61618112245,8204.89553959184,8163.72327061224,8135.39742244898,8053.20444234694,8044.91837602041,8050.68359591836,8173.82107244898,8189.33947938776,8165.3232872449,8167.19468173469,8065.68792469388,8136.49809122449,8056.40965112245,8124.32968755102,8046.48278734694,8035.88564632653,8281.81543714285,8124.31998214286,8252.41256336734,8255.57797836735,8038.9243322449,8159.54530387755,8148.15231653061,8105.76234959184,8260.24148809183,8099.66422647959,8203.86462607143,8051.37599346939,8124.37430020408,8256.49417357143,8004.65018020408,8209.92098285714,8048.6459877551,8094.97137122449,8260.31173061224,8131.8828744898,8071.42096622449,8063.03183367347,8164.82214959184,8130.08553255102,8105.12787867347,8265.36827408163,8080.60855010204,8084.87778510204,8284.11424255102,8099.39671295918,8283.37489663265,8090.15218795919,8180.76624693878,8138.87448367347,8109.86090632653,8062.83642506122,8049.56056391837,8141.25696918368,8065.99587571429,8036.92740642857,8064.0173217347,8029.22061545918,8101.77535204082,8072.01695204082,8136.1657967347,8219.7375767347,8111.91340673469,8174.60916489796,8123.40946857143,8037.84530367347,8146.22873897959,7764.6662772449,8116.11265147959,8111.62652846939,8155.60441928572,8138.74103469388,8154.87267408163,8280.13449846939,8087.84807540816,8129.29053132653,8062.52570669388,8181.25184128571,8160.99725816326,8337.51597632653,8101.99694744898,8080.36485010204,8254.28696040816,8280.32169040817,8153.45135734694,8168.62597234694,8063.10226734694,8058.25032234694,8067.67422734694,8068.66048,8121.20774,8152.822295,8180.77379173469,8111.51219244898,8079.40977959184,8058.93113530612,8114.31813459184,8183.64620530612,8110.7071367347,8108.83391346939,8172.80750040816,8052.15786204082,8182.34008102041,8083.86802214286,8178.21871591837,8203.10049193877,8078.81762332653,8279.5642794898,8055.65075163265,8063.64699326531,8307.65833520408,8051.09117408163,8334.69078783673,8194.7850977551,8176.85665,8169.46699877551,8310.44897861225,8347.06279938775,8064.52523734694,8035.59953244898,8120.33876285715,8110.08954561225,8181.77482581633,8013.43441734694,8131.3131777551,8049.89167857143,8113.976805,8133.45148744898,8071.84362520408,8091.53994744898,8149.24009846939,8101.81245,8213.00128994898,8155.29902505102,8133.64936979592,8191.89110469388,8045.21445408163,8092.68647612245,8022.65243908163,8082.74047244898,8060.47464979592,8038.87462397959,8077.60888530612,8277.60843897959,8182.96424714286,8086.5420022449,8051.13483306123,8038.15291653061,8163.65721653061,8152.81218091836,8174.90487255102,8103.6522072449,8068.30770744898,8064.06984979592,8067.91682020408,8106.78901969388,8181.36539469388,8107.64974193878,8106.58052808163,8112.84327959184,8096.0063522449,8070.02490744898,8316.08127928572,8135.77805438776,8058.28870541837,8186.33710602041,8153.77518030612,8072.63668581632,8065.99508979592,8066.1297022449,8180.76945693878,8042.96342867347,8131.38169367347,8173.67371714286,8207.87277785714,8132.31551683673,8143.11130306122,8144.47392306122,8297.36941306122,8127.25644408163,8244.67588816326,8085.19001938776,8071.16379959184,8121.20000959184,8257.01662959184,8081.58454959184,8047.42714571429,8078.63422163265,8188.96726326531,8112.55249071429,8049.99600051021,8125.81971397959,8073.18303683673,8105.64084612245,8214.85944612245,8179.22904877551,8126.94743602041,8043.12794846939,8114.66115510204,8087.22507081632,8291.60905612245,8102.20075704081,8066.15419897959,8197.04384295918,8203.62216265306,8149.94340887755,8286.83492448979,8030.02283714286,8158.07840265306,8066.02565265306,8069.62561418367,7990.80249969387,8239.46307608163,8066.41629806123,8045.85243979592,8055.26120969388,8057.94800561225,8126.27654561224,8148.34670683673,8107.45034183673,8122.58916836735,8088.95499081633,8179.33474693877,8091.79907816327,8087.43421163265,8053.2714355102,8016.35848765306,8098.02696081633,8058.50089,8102.39245795918,8103.24579683674,8306.01731265306,8060.63623489796,8050.67034081633,8064.99655632653,8174.15514183673,8212.18280816326,8086.18075265306,8043.48179081633,8185.52637469388,8157.68499010204,8090.21217540817,8140.53790346939,8155.74783122449,8065.33015479592,8171.92565704082,8147.65517377551,8139.60899918368,8066.7804677551,8140.15977408163,8149.54834183673,8194.73939795919,8173.0634922449,8080.5362555102,8121.48767193878,8188.0733055102,8125.13464612245,8123.88235244898,8103.82752071429,8135.84241112245,8149.94931234694,8124.53414579592,8056.01573265306,8035.51301551021,8128.96228663266,8067.68033836735,8198.21306051021,8066.51909969388,8098.38088959184,8157.6416047347,8295.13480836735,8197.13140234694,8090.79731346939,8125.30411346939,8072.01551846939,8068.1698044898,8030.37166408163,8198.93087065306,8076.00353183674,8123.98458004082,8033.26817959184,8095.02058612245,8064.18179,8059.36315,8164.47898212245,8207.92837989796,8066.06571091837,8047.36640785714,8271.48057096939,8089.27857479592,8054.78016632653,8073.94581632653,8063.0556977551,8208.1161255102,8188.71113367347,8124.92968459184,8307.9853367347,8051.31762183674,8078.52651428571,8107.49641836734,8109.69347383673,8060.03881295919,8059.12958897959,8136.15853639796,8091.35317693878,8098.21951183674,8087.62870918367,8050.49679591837,8064.45582755102,8057.1857905102,8140.82795204081,8168.60985897959,8078.64334228572,8073.71028489796,8110.68289432653,8081.42238632653,8071.78773632653,8047.23175183673,8114.53939311224,7788.58419102041,8096.28613489796,8152.3081744898,8117.30054418367,8013.52566918367,8028.26660918367,8217.70205918368,8110.61151642857,8173.19780204082,8062.28777377551,8110.78694928572,8104.24868887755,8149.96350408163,8207.44278844898,8177.96151193878,8191.21075755102,8159.70257255102,8098.53105285714,8053.08700112245,8098.19917091837,8084.34784714286,8171.38146636735,8046.37382959184,8172.54676306122,8172.45148142857,8169.99527908163,8251.42848795919,8182.64265071429,8288.1387794898,8148.81352836735,8159.53810530612,8181.3230304898,8181.63250989796,8132.71134510204,8150.40108214286,8127.70231714286,8197.57239214286,8121.69898295919,8056.72466285714,8301.44723959184,8043.01374122449,8124.83265336735,8177.25494714286,8159.02604530612,8063.70920071429,8369.1641189796,8179.66224857143,8054.21889857143,8127.45835367347,8287.37920714286,8212.381705,8149.19530244898,8011.4097194898,8102.72642377551,8148.33662377551,8086.78116295918,8065.93896969388,8267.29279020408,8140.54608959183,8157.72379591837,8131.09624591837,8030.03316163265,8178.33503306122,8180.35378367347,8145.75735102041,8072.13766122449,8205.58688826531,8206.42024326531,8085.21090448979,7958.5383194898,8094.35909448979,8117.00667959184,8251.85672459184,8101.55832959184,8134.95378959184,8173.9787022449,8175.04415918367,8057.74267755102,8044.12807316327,8065.54448163265,8055.82386173469,8303.1141317347,8267.39160265306,8157.88124581633,8117.58337112245,8129.59477142857,8080.10059367347,8119.7717072449,8026.1687755102,8105.12640918367,8306.40362030612,8061.25613755102,8185.74863132653,8143.07937765306,8085.67685081632,8143.72945122449,8046.68817846939,8182.07110081633,8071.57154408163,8051.67474387755,8141.47522959184,8171.52712959184,8313.59045,8149.3228967347,8124.5649222449,8093.68713204081,8182.50044663265,8188.24817653061,8087.30142367347,8084.16472826531,8081.36353214285,8064.66958632653,8067.89465061225,8139.01511683674,8204.80377330612,8042.16259869388,8159.05202591837,8061.50162091837,8024.45589959184,8292.99414551021,8283.41504397959,8152.94790408163,8109.8927027551,8047.62607377551,8190.29962183674,8087.87556983673,8083.34437683674,8169.43619744898,8127.35057030612,8115.76245612245,8055.79937061224,8182.42280193878,8027.72330693878,8180.18657714286,8271.23023714286,8062.24380438776,8081.29506938776,8039.50657244898,8106.8666977551,8270.29296387755,8109.99340816327,8089.72134693878,8110.67763397959,8105.27537141837,8185.63158061224,8111.96297285714,8296.61672163266,8138.0733344898,8040.59133061224,8100.72757391837,8078.20596479592,8030.03850867347,8056.64297693877,8099.55169387755,8077.76054489796,8165.07159826531,8208.66200836735,8189.72251836735,8339.55009204082,8195.23464714286,8068.62768306123,8271.10678714285,8305.36168887755,8206.11998989796,8166.16429285714,8150.71946245918,8149.30266589796,8313.14473265306,8200.70158959184,7953.72526959184,8097.45430204082,8094.97358571428,8054.14555755102,8129.01775389796,8055.48053938775,8063.85024795918,8114.62916326531,8101.14851826531,8216.78435918367,8224.61301306122,8163.52787622449,8089.67904326531,8089.48259571429,8235.64237214286,8169.43742479592,8313.44005846939,8120.95075806122,8084.17687795918,8089.00982510204,8267.81973469388,8054.73156469388,8081.17785612245,8080.09812857143,8043.32496734694,8050.86063204082,8045.54091438776,8242.60073857143,8048.79049540817,8174.91647673469,8100.93779693878,7933.92372346939,8068.13921846939,8190.72276428571,8151.64267459184,8034.77555459184,8173.20638408163,8170.79893,8169.32730857143,8097.18427479592,8179.77011081633,8110.9917222449,8060.5041872449,8224.35904489796,8080.32914081633,8072.15786081633,8103.84900755102,8061.07173979592,8065.46647346939,8157.37032122449,8111.23545112245,8161.50866714286,8083.42324602041,8102.3792994898,8054.98875367347,8185.71719040816,8090.26038397959,8034.53774459183,8087.82706795918,8207.33169204082,8007.93234663265,8208.21662040816,8088.53399315306,8135.40094753061,8060.96832846939,8013.23751530612,8061.97768153061,8290.4563477551,8204.3482305102,8159.72808173469,8117.96894642857,8122.25641877551,8054.57007901021,8138.64100142857,7901.59545142857,8031.27446877551,8303.79385561225,8408.64475561225,8306.84937346939,8147.19178765307,8145.3074417347,8087.14145316327,8116.47445469388,8095.66833785714,8102.78763785714,8045.3144877551,8082.37785,8116.108575,8303.05146836735,8172.88655265306,8173.37031132653,8092.39217346939,8276.45146979592,8169.45181821429,8272.23809040816,8311.87547632653,8284.83554071428,8290.04751469388,8139.13161469388,8054.87149244898,8133.28616387755,8090.82300102041,8095.13314183673,8143.98150653061,8181.60216326531,8148.80978234694,8051.15107969387,8094.20088867347,8063.37482683673,8056.16935704082,8318.17231071428,8146.18708183673,8126.85321122449,8088.74750714286,8047.28471857143,8081.18360857143,8097.51211857143,8057.52677576531,8114.07855991837,8064.70932265306,8158.55648081633,8074.17473938776,8111.59915928572,8126.87301806123,8177.95250387755,8052.30733183673,8155.00488397959,8091.12044744898,8121.22737173469,8098.06158591837,8121.58621520408,8108.25101561225,8247.11577989796,8143.08190795918,8051.27760795918,8156.44147846939,8205.84135244898,8106.97424357143,8211.75378530612,8086.26876826531,8210.77259112245,8049.74207857143,8049.89199183673,8090.92175306123,8140.5858,8007.36725979592,8049.92302489796,8076.36641010204,8112.64367346939,8051.70446959184,8122.73527183673,7981.2020022449,8054.5010122449,8084.04676918367,8184.04104928571,8146.36446459184,8260.16519683674,8051.75745142857,8141.71458163265,8142.94083816327,8076.85694091837,8162.72955520408,8193.73011622449,8158.06607704082,8161.20993002041,8063.87416612245,7908.77625612245,8075.49450612245,8119.3175344898,8109.73753714286,8213.40467816327,8189.8514055102,8041.26781459184,8063.32857479592,8140.80011979592,8115.99080714286,8095.36800846939,8194.1535727551,8305.28716826531,8116.62851418368,8162.21512938775,8115.26928989796,8037.19514489796,8113.23439540816,8123.51840964286,8074.74622908163,8045.84917510204,8097.30989979592,8123.04954204081,8045.12211163265,8162.19916316326,8061.59700653061,7995.72327591837,8129.99204826531,8049.38348540816,8053.74682020408,8152.97347367347,8257.88518071429,8097.81855857143,8046.82331270408,8038.13850438776,8205.44119897959,8058.91766377551,8084.49358632653,8078.91089561225,8275.60985928572,8100.40262357143,8129.32240642857,8187.87372867347,8189.38008908163,8143.10182091837,8270.8336744898,8204.97450571429,8092.34904857143,8169.43034591837,8068.82590959184,8054.68846183674,8035.07916122449,8060.21166897959,8192.76364693878,8102.34686530612,8095.65836653061,8085.25625714286,8112.62668714286,8188.87123673469,8218.51482959184,8144.5942282653,8105.60476836735,8054.63279183673,8112.62949183673,8115.25108030612,8087.57780081633,8100.48834183674,8135.0448194898,8062.16555469388,8140.21649081633,8180.9340622449,8186.60601581633,8049.49301173469,8132.64821326531,8094.31400214286,8134.05193612245,8074.2972622449,8066.589516,8030.9787415102,8055.94226612245,8076.42093489796,8161.92287806123,8128.16543816327,8059.23661489796,8247.25221367347,8043.19918040816,8096.79748071429,8155.61767551021,8148.44516112245,8273.11522795918,8042.44247683673,8094.17169377551,8035.63599571428,8198.04725385714,8060.05963946939,8260.47497783673,8097.31815683673,8288.74011183673,8174.94792591837,8178.64897714286,8149.69411897959,8093.86588326531,8133.50761255102,8075.34050897959,8247.34911122449,8119.60326122449,8168.25781387755,8045.30134826531,8020.98487265306,8143.62875836734,8272.53679418367,8139.4803544898,8292.56706877551,8099.65423653061,8160.56277030612,8150.04584244898,8147.19326857143,8088.21141857143,8090.93299277551,8175.05386955102,8093.18244428571,8147.54560755102,8152.56249785714,8042.19482867347,8065.44119132653,8131.86559602041,8093.85009153061,8113.98747397959,8119.60359438776,8183.99274285714,8117.36449857143,8279.22928428571,8082.90714387755,8057.06205316327,8163.20888316326,8217.07955153061,8218.00039137755,8080.14803423469,8132.9719867347,8039.19128857143,8181.16277591837,8155.50507857143,8089.37981591837,8033.25137153061,8142.58904489796,8096.88161653061,8030.38824326531,8177.60414142857,8156.90185612245,8160.88881867347,8114.78182204082,8178.95201918367,8055.22490540816,8046.84728173469,8327.52412408163,8293.88970418367,8091.02298078571,8129.70397456123,8182.28230456122,8173.64588394898,8200.52229744898,8041.94688479592,8176.74910510204,8178.19673102041,8151.22784122449,8101.49767653061,8147.69352857143,8138.01499408163,8122.12036938776,8186.88285306122,8140.75241438776,8029.95791857143,8045.46032346939,8025.03653183673,8150.9950572449,8244.67912204081,8056.95139112245,8174.93355327551,8174.90465673469,8090.97163214286,8089.22836285714,8134.66772857143,8100.53835020408,8124.4904667347,8179.14830816326,8043.50343336735,8129.10231265306,8116.689395,8063.81159673469,8119.39181857143,8116.99795612245,8050.94472112245,8182.898155,8284.35410918367,8062.88763469388,8079.19019693878,8072.05213418367,8147.42096438775,8182.54281285714,8070.64368030612,8182.64116336735,8064.59897826531,8136.63894706122,8296.97793673469,8237.2102822449,8173.62234193878,8065.73607908163,8083.56981655102,8314.5447672449,8164.9160172449,8160.05251959184,8138.025885,8039.61109693877,8159.36668693877,8106.99218693877,8050.55203295918,8194.89797591837,8172.67532234694,8155.50251530612,8074.99867908164,8082.73341530612,8145.59148846939,8109.68072857143,8048.83289795918,8271.71625204082,8063.14097418367,8138.64486489796,8107.38473959184,8178.8897927551,8084.97590755102,8131.70246520408,8075.8957172449,8100.10136081633,8149.04848183673,8141.81414734694,8152.58997,8109.08832816327,8131.12502816327,8113.41060081633,8125.01551183674,8093.50004183674,8168.26523571429,8261.68121204082,8075.65412581633,8339.73641489796,8173.87332612245,8194.01038693878,7986.87361091837,8112.29802591837,8141.73441357143,8188.32348357143,8107.33124295918,8057.47759591837,8080.87071530612,8189.21433979592,8134.44591081633,8311.8280622449,8111.85123204082,8198.5804532653,8082.98577663265,8190.66594867347,8089.96471262245,8156.65733612245,8340.48610234694,8307.41034091837,8150.48994826531,8127.04865295918,8096.69530932653,8066.24369285714,8026.29658979592,8107.31951581632,8159.71687704082,8294.59066714286,8280.56918112245,8200.06039846939,8038.33745357143,8358.45710244898,8155.41993479592,8041.62839408163,8125.66930918367,8105.22370142857,8161.56030193877,8280.71446336735,8310.49190204081,8172.22784081633,7986.7405877551,8167.91580795919,8106.85491714286,8192.71476346939,8069.23542346939,8276.41031591837,8069.5656672449,8167.47610408163,8069.17863387755,8145.6949122449,8232.77691938775,8194.98458571429,8318.02931734694,8296.56386734694,8079.98951734694,8177.66122122449,8305.66062306123,8117.78059581633,8206.4190405102,8129.48382581633,8033.94173165306,8111.74025165306,8062.81591428572,8151.93569653061,8076.45916265306,8146.03306204082,8113.50647755102,8185.80484622449,8064.14605510204,8175.37144469388,8103.65113928571,8238.00689,8046.72791836735,8046.39060204082,8067.03111273469,8078.94068030612,8309.40102061225,8169.91222285714,8070.52807132653,8273.04016255102,8147.12753897959,8273.57243367347,8092.27832653061,8042.80395489796,8092.35241928572,8158.22974061225,8143.89776102041,8059.23969459184,8049.11359561224,8117.71893714286,8284.83788214286,8067.04769112245,8066.06886973469,8107.15999091837,8070.92117051021,8125.50356959184,8107.57604714286,8195.00212173469,8090.73556102041,8073.1227,7995.55247938776,8167.46869020408,8093.69594755102,8111.42346857143,8158.63233510204,8140.94648469388,8057.13677806122,8126.18910020408,8268.87526377551,8160.29563316327,8111.15400448979,8135.28403163265,8049.61323030612,8137.29172632653,8030.06180959184,8113.83334142857,8094.54705653061,8098.30017377551,8035.9340894898,8174.58548459184,8088.37497132653,8056.3574110204,8255.60861810204,8099.63697867347,8009.68323326531,8087.5903,8056.70570102041,8095.82256142857,8184.35611612245,8069.84894112245,8190.67424969388,8054.09894622449,8175.46806132653,8181.68231520408,8179.11192836735,8057.81184030612,8106.92499889796,8309.02089061225,8153.97368265306,8145.86007653061,8306.6918527551,8118.94886704082,8021.84602204082,8311.59404693878,8086.85664938776,8075.31203244898,8119.65963142857,8269.66503673469,8150.68179928572,8166.97108969388,8098.30313122449,8300.16916122449,8127.27080887755,8150.31338367347,8108.92808469388,8318.94974520408,8167.47689520408,8177.8768877551,8238.62782857143,7985.09247469388,8094.40785928571,8067.80268704082,8064.02591561225,8043.97523602041,8046.96657112245,8118.65080408163,8055.57794714286,8134.42975346939,8109.73462459184,8152.60618928571,8094.80645765306,8009.52697714286,8050.83874969388,8131.78935408163,8197.66578102041,8201.55567816327,8078.64737897959,8173.04918469388,8329.37855469388,8147.654255,8143.66259,8082.35902795918,8093.58553367347,8048.13477234694,8041.10576255102,8138.73534520408,8115.17299653061,8156.08321306122,8059.50818163265,8280.60650978571,8249.73167121429,8329.73545080613,8104.67172611225,8177.82831653061,8131.7439904898,8113.72790806122,8079.81173265306,8101.59619979592,8101.53561908163,8143.77862040816,8110.52464510204,8092.72719010204,8209.85073214286,8144.29767459184,8176.52299693878,8029.52807989796,8101.03859928571,8105.1525872449,8125.62665479592,8153.1184377551,8153.77055959184,8096.66379806122,8091.53203877551,8062.78728785714,8281.31473197959,8087.74086412245,8048.85392942857,8120.44627336735,8206.60705602041,8180.82469326531,8170.46985938776,8148.31703938775,8097.04738714286,8225.93571836735,8072.69082142857,8127.36174326531,8092.32983295918,8166.17660989796,8118.91963826531,8077.00510510204,8080.57403193878,8147.12517612245,8012.24167306122,8276.58032857143,8168.05315816326,8109.44331816327,8002.21168877551,8073.28039765306,8106.05650612245,8036.72170612245,8083.33096428571,8251.22821428571,8155.67804132653,8188.52071887755,8304.70643244898,8258.762435,8119.69241632653,8058.95857244898,8083.26890081633,8057.65266979592,8003.57133051021,8325.70454846939,8157.69772336734,8224.26575142857,8359.30853381632,8127.81931722449,8022.76111306122,7986.91240276531,8201.07677979592,8173.75404469388,8071.95257102041,8197.2940855102,8104.05492322449,8113.20928214286,8037.16748640816,8299.40517510204,8050.93631326531,8107.7551777551,8135.72303816327,8157.1208522449,8070.5401817347,8090.10164887755,8133.88208377551,8025.35869979592,8064.77020714286,8244.02363877551,8201.34992346939,8061.27312255102,8045.85510316327,8062.8991744898,8183.81414489796,8038.61484693878,8060.70437265306,8162.42629530612,8071.56421765306,8080.25333469388,8096.75574387755,8180.39326357143,8132.33465163265,8179.4756172449,8058.63584755102,8192.07962265306,8097.24107122449,8073.54037938775,8045.0558922449,8193.69453591837,8141.15833510204,8080.74919897959,8076.17840642857,8133.00421091837,8017.05649326531,8310.02045887755,8178.29818912245,8104.54488459184,8080.2576222449,8061.79560795918,8109.67210030612,8123.70906163265,8161.53591285714,8089.90158642857,8020.45187585714,8087.11345457143,8120.63975326531,8057.98977632653,8123.66952153061,8065.96885887755,8074.67805071428,8068.70491081633,8217.15287755102,8100.84416836735,8029.64716530612,8147.39059591837,7910.23128979592,8175.43432755102,8302.91303479592,8088.47917795919,8078.14918744898,8034.44062091836,8180.10946683674,8171.38817989796,8117.0416744898,8213.93361428572,8196.20207040817,8047.2654155102,8137.5484122449,8190.53776015306,8159.51505714286,8088.42737326531,8152.7907344898,8131.55934540817,8116.2225794898,8037.64511183674,7897.46002795919,8119.37504561224,8153.79911816327,8013.57953316327,8117.50689510204,8155.58226214286,8082.50150469388,8163.36031234694,8227.35972091837,8076.9910322449,8197.95989632653,8127.9329055102,8308.35893377551,8056.8700105102,8049.01361704082,8347.16312040816,8285.42843193877,8088.12090408163,8142.26842846939,8066.68572316327,8059.50698571429,8072.82755040816,8175.41116326531,8074.49134346939,8117.81496877551,8131.02961204082,8128.38507306122,8117.41033244898,8170.84279612245,8357.92460622449,8182.79379469388,8157.25167295918,8102.25240306122,8113.1929622449,8073.8741022449,8119.00545663266,8045.44828091837,8121.56348265306,8154.33823040816,8081.67718030612,8052.04249061224,8129.10728755102,8075.24660591837,8140.27359540817,8251.55989938776,8154.7660872449,8101.33089816327,8062.24484030613,8178.86123010204,8155.6644377551,8026.41539183674,8072.70403795918,8155.1967355102,8111.21886959184,8164.92397795918,8140.88253183674,8100.78167469388,8113.19667928572,8079.71240265306,8055.5369494898,8391.96721438776,8106.89705214286,8193.26278969388,8163.88314040816,8162.30213377551,8141.94573877551,8078.24574836735,8120.96699693878,8173.90079326531,8176.40792214286,8083.47581122449,8171.97281122449,8077.92768602041,8165.18315102041,8066.93669755102,8328.99902040816,8175.32612959184,8076.42474760204,8121.41760908163,8047.67591010204,8218.02190959184,8092.85565459184,8055.44120040816,8171.02283040816,8175.79602040816,8145.89848540816,8177.55398928571,8250.50432255102,8090.02997622449,8197.40841122449,8332.26479010204,8191.68290836735,8031.90037387755,8017.68927897959,8072.80535397959,8057.95680897959,8157.67919610204,8137.52385518367,8144.39468918367,8089.48574204082,8173.96576428571,8142.27846040816,8153.28633040816,8052.02213306123,8109.97730306123,8113.55165306122,8079.34097122449,8178.22860122449,8068.59163683674,8165.62206530612,8157.33551755102,8092.09623846939,8068.46471612245,8156.58818530612,8186.3457144898,8058.39481795918,8097.34288963266,8027.07149542857,8182.79382542857,8076.59442489796,8120.21891173469,8321.89098785714,8183.50462816326,8154.87303265306,8269.13851204082,8320.14685622449,8067.51169459183,8183.28173153061,8039.81562785714,8122.15617765306,8239.64138673469,8177.84852295918,8037.01777816326,8277.00544510204,8205.80056234694,8045.17762857143,8155.09595918367,8127.5963755102,8297.01556857143,8191.81073316327,8151.59217989796,8123.6762800102,8077.1821622449,8192.94339285714,8311.84961683673,8054.40843561225,8111.68872693878,8038.25829959184,8188.56425887755,8178.28445744898,8205.83444744898,8146.29664714286,8137.30042346939,8072.17312647959,8121.38522153061,8178.50286959184,8180.10593214286,8220.7357172449,8266.67192469388,8316.79569489796,8311.83239612245,8045.98452968367,8028.43674357143,8056.22940663265,8028.29276418368,8076.78250918367,8061.52339959184,8040.14147306122,8151.48774632653,8237.06658846939,8145.22953714286,8042.47001918367,8044.8441677551,8060.53349132653,7985.56709285714,8039.53022683673,8200.85261112245,8139.00772285714,8341.50217653061,8191.31234693878,8344.04661326531,8103.4209127551,8236.97569377551,8196.91535163266,8139.31804142857,8070.7871177551,8099.08521214286,8218.55872265306,8138.97092551021,8082.18451020408,8153.48200020408,8157.33227081633,8167.09934091837,8276.60800418367,8116.33695918367,8095.84339163265,8109.08478469388,8327.5653377551,8180.2063127551,8205.4645477551,8142.9558727551,8072.25077561225,8047.4744932653,8058.76709142857,8200.90414008163,8071.61221806122,8165.7454905102,8106.7282755102,8119.11778346939,8165.65037938776,8256.94685265306,8067.55924265306,8100.25646428571,8166.72984214285,8063.29980857143,8102.81462826531,8094.80528204082,8098.94113316327,8092.93522346939,8078.04530408163,8181.44414285715,8146.63849622449,8086.56432122449,8050.14075,8161.57884,8087.91976316327,8092.18914938775,8158.16297959184,8047.42393673469,8171.34555979592,8079.68997020408,8046.79484755102,8289.20127693878,8119.30033030612,8083.01275836735,8039.54731336735,8089.99736836735,8184.02978673469,8055.38989459184,8172.24738408163,8155.7379322449,8077.44012795918,8044.81032071429,8064.98039959184,8065.06117061224,8176.80011091837,8182.78782438776,8165.23551612245,8134.51618081633,8168.79337173469,8172.19104673469,8085.88290918368,8144.45242857143,8124.20055377551,8145.39095887755,8171.56487683674,8160.77867408163,8253.58082204082,8142.06606061224,8049.72779173469,8146.90089653061,8091.75652367347,8073.26328969388,8063.41359969388,8092.72331459184,8274.97910969388,8123.14005020408,8073.23172234694,8175.48045326531,8254.10764244898,8086.98006030612,8147.92485306123,8123.78713826531,8172.76004306123,8197.5226244898,8052.77505367347,8044.08710734694,8252.80540632653,8232.4646384898,8279.7313794898,8283.31414183673,8036.25147612245,8134.89248938775,8199.12453091837,8292.1998855102,8205.65570714286,8127.8911744898,8215.48695510204,8149.25250510204,8077.85432755102,8158.10258163265,8108.71903663265,8274.95342683674,8196.40364489796,8261.10985387755,8253.22922367347,8058.36752040816,8077.5066355102,8309.14429061224,8182.60186448979,8128.5446344898,8169.28755683674,8267.33515346939,8083.71506826531,8285.44141326531,8175.3762532653,8353.66838326531,8314.77459959184,8164.59834959183,8154.00577183674,8167.15669540816,8047.89040112245,8096.86996469388,8078.05313479592,8055.32830897959,8188.03994836735,8078.29087887755,8054.33332163266,8163.30788397959,8197.98384285714,8264.44838418367,8165.63182479592,8144.53021153061,8117.9015222449,8099.5033222449,8058.97479561225,8196.10793061224,8137.18411734694,8082.25894693878,8324.56179265306,8040.242135,8127.36354734694,8035.30010867347,8094.49878918367,8149.53647591837,8168.96789897959,8126.48754306122,8050.17227591837,8087.6097922449,8218.48103153061,8090.58771704081,8127.06214,8072.45005316327,8218.50808571429,8045.12667071429,8044.45462846939,8030.93183977551,8048.77842030612,8075.49928357143,8172.78381561224,8044.93719744898,8096.17999357143,8152.42548234694,8049.82352755102,8018.60651789796,8192.73500367347,8183.1030122449,8064.53622979592,8210.02573710204,8079.76007653061,8149.63904938776,8245.20416704082,8197.55505137755,8144.28032346939,8215.19739122449,8067.38665959184,8086.36082653061,8153.8819977551,8188.1951427551,8142.15659234694,8107.6292367347,8044.27724897959,8064.51356326531,8027.33923717347,8221.97825826531,8058.49020112245,8060.07270989796,8072.87762489796,8170.24352959184,8164.32568816327,8101.07693408163,8177.4990045,8319.21049367347,8121.34376918368,8051.78507836735,8131.09708438776,8253.00607091837,8195.24236346939,8099.30618448979,8172.49213744898,8073.08409346939,8059.1411987551,8083.0567494898,8079.29748979592,8093.8468577551,8076.04124387755,8155.8836672449,8156.9273222449,8182.31794316327,8111.62853979592,8059.19263836735,8204.34020142857,8078.6088422449,8081.21645,8146.23651112245,8096.19022210204,8114.05601346939,8082.52658193878,8179.18882469388,8156.99662193878,8043.34236602041,8175.66577530612,8186.307345,8275.45862132653,8190.27622928572,8190.10885530612,8134.88767948979,8069.03212530612,8182.73360857143,8155.03441163265,8094.7340867347,8162.13950714286,8259.92811734694,8126.32470969388,8287.76080020408,8107.83967020408,8079.58361806122,8121.6596122449,8111.86445,8098.6481905102,8047.65773234694,8087.76783306122,8138.18858979592,8096.55362918368,8086.39526418367,8186.37678877551,8258.2915944898,8051.42298530612,8081.65360438776,8093.59768285714,8143.7556955102,8196.69286316326,8290.79681785714,8053.66472530612,8149.51066397959,8231.23338755102,7991.5429944898,8040.5477844898,8378.56176387755,8122.09973295919,8151.50781377551,8049.92124102041,7942.87614902041,8288.53870157143,8069.02379142857,8177.54650306122,8039.76471204081,8085.02728316326,8050.73951230612,7986.88263269388,8186.69369530612,8140.64879928571,8076.45347836735,8106.86135285714,8206.08741836735,8305.64405132653,8200.76950132653,8185.43734183674,8180.02951085714,8321.07649387755,8200.09157285714,8261.9168355102,8086.48707091837,8192.29671091837,8187.99160530612,8172.12352193878,8068.52945132653,8297.33376183674,8082.91187438776,8121.19201010204,8207.50831938775,8123.88921202041,8167.11674385714,8140.05441785714,8122.42404785714,8210.51808622449,8197.64123317755,8149.97173113673,8086.28107622449,8137.98473061224,8040.73438061225,8047.73557653061,8196.2172722449,8081.50197867347,8098.89154142857,8155.67971234694,8034.56456530612,8062.11804234694,8139.86973336735,8120.75201510204,8059.55149806123,8170.71421234694,8135.23955785714,8105.17942071429,8042.02122857143,8081.87175602041,8129.37532683673,8230.35170734694,8085.31255234694,8139.69160846939,8201.16038265306,8292.94088765306,8153.09800265306,8068.35257244898,8281.65405081632,8054.5691222449,8085.72244285714,8190.2157694898,8161.83668306122,8112.90045755102,8064.56502346939,8190.15170397959,8140.71589214286,8153.52884714286,8199.42847377551,8070.80810877551,8115.0313755102,8111.53576846939,8073.13809693878,8092.91758397959,8166.78147023469,8159.05833673469,8176.85384091837,8052.99734693878,8191.40020806122,8179.85681857143,8052.90994714286,8059.35462214286,8103.82970133673,7921.43814714286,8150.24136795918,8114.78787316326,8192.24451122449,8082.23738632653,8055.84921785714,8138.35609530612,8214.7576044898,8064.97434755102,8021.39359755102,8312.22786959184,8127.52617367347,8166.53437459183,8113.60941969388,8151.55674693878,8098.38683408164,8100.18970377551,8214.87167193878,8048.10296193878,8205.94783836735,8027.58185816326,8252.69871438776,8212.84545683673,8032.85465204082,8167.06614244898,8348.54946357143,8193.99309479592,8168.23433,8059.82378326531,8201.91496622449,8054.52684285714,8092.96655551021,8188.03666887755,8174.95790295919,8071.89584887755,8145.44395112245,8065.6368922449,8084.66963612245,8027.38385683673,8075.37092714286,8067.06373602041,8040.29181071429,8151.17269816327,8147.90943459184,8118.43431010204,8152.41869612245,8196.10389448979,8051.43340607143,8044.21137306123,8095.46563734694,8061.78430061225,8152.1172022449,8177.3693122449,8145.46852918368,8321.76374153061,8080.17369387755,8161.1907505102,8179.71395153061,8056.00763857143,8127.22890377551,8139.51548657143,7973.39650877551,8050.34065928571,8050.59714387755,7777.06713102041,8162.66561602041,8287.81968979592,8149.07591081633,8274.0440922449,8187.29867183673,8072.678535,8063.777785,8191.06566979592,8075.50075091837,8079.645785,8179.63823459184,8061.64946785714,8093.26759897959,8047.23435591837,8095.90662571429,8207.06613755102,8138.49877959184,8091.93923265306,8051.30459744898,8192.07167346939,8133.87834571429,8174.03080020408,8088.0704117347,8103.88602408163,8158.61047071429,8180.42943581633,8321.04083571429,8104.32565928571,8066.80796928572,8148.63881673469,8090.3257677551,8159.97670336735,8083.05557857143,8171.26936326531,8174.84954571429,8071.40129806123,8049.77384081633,8042.81904581633,8165.33660367347,8138.47035867347,8210.31758622449,8136.18657795918,8060.26412244898,8190.79051010204,8052.53897683674,8304.59504183673,8149.64782938776,8369.31299632653,8162.02431244898,8081.13848877551,8035.69367632653,8147.89292632653,8022.45696102041,8118.85701765306,8159.69270612245,8114.41537316327,8195.90606326531,8173.53129214286,8079.18915377551,8278.23808377551,8133.87003877551,8047.47239844898,8175.62850846939,8170.76141959184,8055.69972704082,8197.04087397959,8119.07103713265,8139.22946163265,8090.94064326531,8105.70695591837,8281.77992969388,8110.81568540816,8039.84679326531,8197.46746826531,8144.71546989796,8062.69679446939,8042.81878030612,8124.32396930612,8058.71058540816,8134.29394234694,8104.73399071428,8208.50214734694,8134.59791683673,8062.43839265306,7990.02826938776,8077.48387938776,7980.04682469388,8178.84112673469,8138.69066612245,8203.46905591837,7996.38767744898,8143.37841857143,8067.67518,8125.04423622449,8169.78410765306,8272.65020683673,8135.37046571429,8073.8443372449,8095.80099469388,8076.45806908163,8084.13054510204,8094.79026326531,8108.79038122449,8073.65411007143,8040.1081772449,8170.98714887755,8092.17207653061,8278.97921265306,8138.85097030612,8136.52965255102,8272.72429010204,8333.63721153061,8054.64382408163,8209.01550928572,8069.57853163265,8367.02968112245,8094.84756632653,8152.73870561224,8161.57130561225,8139.16261061225,8175.44470061225,8081.27568367347,8054.41092010204,8352.5266305102,8093.12572561225,8135.43672561225,8135.18609489796,8190.94482060204,8041.59221111225,8104.21912469388,8050.52546397959,8116.09355295918,8260.0385415102,8085.90226367347,8067.27334367347,8059.18991367347,8051.39562183674,8184.62157857143,8043.15442520408,8073.98232959184,8162.21048061225,8036.90033061224,8187.53183061225,8138.29646846939,8122.11042346939,8159.31667683673,8107.40376846939,8134.78850132653,8046.78510632653,8166.67128622449,8264.60377357143,8134.16059918367,8089.24478708163,8138.01649979592,8098.33159765306,8159.42951102041,8055.68600142857,8119.45721908163,8061.78586234694,8066.10975520408,8169.00578244898,8064.32943367347,8147.81097142857,8113.39709306122,8136.97130326531,8200.25987928572,8230.28363183673,8108.64476193878,8151.46698632653,8182.62524346939,8039.00218928571,8132.4730177551,8328.52875234694,8344.3190617347,8299.5692017347,8103.29281979592,8162.9188744898,8195.19104091837,8010.17619540816,8093.97499918367,8117.65454806122,8288.89605163265,8102.03635622449,8069.17228112245,8148.36673214286,8056.43441020408,8130.11126020408,8189.69991357143,8087.42798612245,8141.25599051021,8128.0629422449,8087.16964571429,8149.40958163266,8276.35957908163,8133.70519020408,8146.24774204082,8140.26180173469,8065.31481244898,8112.99603285714,8191.13627979592,8270.24707659184,8223.49064081633,8103.77643795918,8191.5234572449,8114.86885622449,8144.10258897959,8124.58125897959,8075.33231183674,8260.67602285714,8174.95956316326,8329.03905765306,8113.21643051021,8182.30507561225,8115.26855061225,8088.09640285714,8048.45163785714,8079.28956193878,8030.46161938776,8175.4414244898,8268.71038132653,8138.4612672449,8047.90451428571,8146.1168522449,8048.1965877551,8138.32452142857,8069.7827055102,8261.60517081632,8188.15489142857,8146.28021836735,8053.81837755102,8204.32568265306,8076.84755408163,8059.43500408163,8122.40855408163,8180.39909908163,8201.2423,8096.61848061225,8057.85676204081,8130.93212091837,8297.33623632653,8062.61406744898,8083.69029071429,8189.84986561225,8079.93029897959,8048.44280744898,8087.88902969388,8075.00154326531,8215.10058102041,8138.74625989796,8361.90231326531,8157.31850571429,8137.23567928571,8241.51319918367,8161.01761153061,8135.51526653061,8176.13672040816,8148.48276714286,8122.12057836734,8154.84414112245,8093.94496591837,8154.89961938776,8228.22745612245,8278.95826520408,8201.85472020408,8067.29579326531,8105.37282257143,8163.68456295918,8125.86326193878,8054.3594105102,8163.52771836735,8181.18424755102,8151.97305908163,8089.03937326531,8084.5784605102,8144.8996605102,8043.29066479592,8315.65098979592,8103.89261510204,8066.86747918367,8109.65076142857,8097.23145071429,8357.35837622449,8140.27332132653,8280.8374305102,8083.17818316327,8159.33077081633,8092.19521081633,8091.81726255102,8071.13904291837,8113.90645612245,8128.40004255102,8304.91668285715,8277.99307561224,8077.88960459184,8082.30414108163,8070.86306010204,8284.66818316326,8148.15530408163,8126.92750928571,8085.43273918367,8064.58927781632,8150.09889112245,8154.15120479592,8118.20799510204,8096.95623816327,8091.3489055102,8184.89076142857,8045.59243616326,8100.04802183674,7965.44583306122,8093.67169387755,8203.61598153061,8309.59487653061,8082.27596938776,8148.56526877551,8084.91576938776,8129.61107816327,8123.47030112245,8054.59627102041,8131.72651326531,8297.06345581633,8039.68915122449,8087.00793438776,8039.8873877551,8114.70898010204,8335.07100663265,8170.39451367347,8094.28364867347,8157.61540836735,8103.69825612245,8147.39994795918,8117.66418020408,8078.18551520408,8115.96666928572,8136.7083177551,8102.1193177551,8067.38407551021,8050.00225816327,8164.65967244898,8145.78572510204,8096.9807344898,8089.64967163265,8149.29925163265,8134.37933877551,8172.44430377551,8099.36812938776,8179.94288785714,8200.44257040816,8126.75132469388,8117.77539112245,8156.76014,8126.20635040816,8095.95689836735,8113.37667357143,8181.88878704082,8153.34378377551,8271.35331622449,8118.80856234694,8193.35760612245,8278.27693102041,8081.66632204082,8198.24714530612,8196.645955,8168.19174622449,8045.42862816327,8155.13051122449,8054.86529306123,8190.37050112245,8039.66868755102,8138.09182836735,8146.66517857143,8134.94784489796,8073.13005642857,8185.06814336735,8142.61794142857,8062.50090469388,8039.00187946939,8097.45323795918,8183.9409877551,8199.27454775511,8060.8518722449,8053.00618932653,8093.75411306122,8082.27696734694,8085.87384428571,7984.92513020408,8195.3607567347,8180.74045510204,8276.03149244898,8066.82522306123,8285.8154477551,8050.42830010204,8105.76896020408,8159.44483469388,8144.53834234694,8175.15633938776,8077.35571740816,8094.69308173469,8124.31271472449,8279.78600714286,8117.35504214286,8121.478,8145.26920683674,8156.71781683673,8134.73207244898,8193.1008122449,8051.24045408163,8154.10143428571,8183.97938928572,8066.59813908163,8065.29941908163,8081.57380581633,8334.48029571429,8146.47963142857,8127.99331765306,8066.76818469388,8133.7912044898,8152.91809867347,8138.0909262449,8282.98077387755,8134.94942785714,8055.53360918367,8265.68463040816,8192.98657255102,8164.95767142857,8074.68672918368,8084.22958928571,8108.64541438775,8178.05318244898,8165.88526816327,8144.09977693877,8140.62121622449,8047.24560622449,8126.06927122449,8148.20012040817,8194.19461020408,8126.34779755102,8181.37425142857,8100.67573071429,8083.17397397959,8150.51540897959,8030.36459020408,8170.6730744898,8174.3396444898,8182.50694163265,8187.75822969388,8134.6748572449,8182.9998522449,8199.38956367347,8156.40060959184,8157.23090295918,8191.63201173469,8131.43640591837,8297.80652132653,8175.21948897959,8060.64187387755,8187.18487236735,8157.23512928571,7992.81353428571,8117.65390428571,8192.4867372449,8151.30880408163,8093.87116734694,8190.50066612245,8036.96473579592,8055.63390602041,8073.75871510204,8040.77387582653,8055.84660244898,8134.91018602041,8318.26628602041,8132.57761693878,8152.77055122449,8201.13132204082,8204.01946327551,8062.23471571428,8057.55146989796,8076.23124489796,8136.1729044898,8183.54383285714,8006.79202459184,8190.36545897959,8225.22905755102,8129.80637755102,8159.10025795919,8074.97930244898,8194.3671727551,8084.66719142857,8049.42713540816,8215.54383540816,8068.16802530612,8097.97338193878,8068.08738326531,8014.87667030612,8157.1969594898,8070.96169014286,8072.09413938775,8121.31599387755,8202.37008336735,8056.78957887755,8128.65226387755,8164.39741836735,8255.5068677551,8067.10657377551,8169.16310887755,8132.78798061225,8190.57011928571,8153.45135673469,8158.95855306122,8138.35559255102,8177.18021397959,8287.6234182653,8166.05750642857,8193.53242734694,8115.36839622449,8072.79352357143,8181.10464204082,8130.05855020408,8120.80964255102,8131.43593602041,8160.09171989796,8159.22627030612,8331.81537193878,8095.34267010204,8229.65188061224,8127.08801653061,8138.86270622449,8082.11999367347,8187.29048887755,8181.01188265306,8049.8493877551,8155.02682053061,8302.26289795918,8294.36602826531,8134.74787336735,8411.47624514286,8065.32261414286,8136.42448479592,8125.89143632653,8128.17445816327,8278.99708479592,8072.59809428571,8115.93855989796,8055.76755489796,8049.22708326531,8125.49018438776,8139.90733642857,8125.62271877551,8103.36702510204,8184.31185163265,8133.31448163265,8118.66054244898,8091.94669744898,8124.92364244898,8202.28891255102,8177.35612755102,8054.95142061225,8192.96299755102,8087.89909255102,8199.36713704082,8004.31274622449,8098.83070683673,8096.60188367347,8110.53286326531,8111.34972142857,8154.32861428571,8115.34227306122,8065.09958877551,8147.1000227551,8082.17678734694,8226.97215,8170.30522806123,8076.50195081633,8119.18832244898,8171.95049979592,8001.24670510204,8157.05975510204,8049.32862244898,8118.08734632653,8151.94000102041,8074.56909693878,8198.21721122449,8113.39739387755,8060.3979672449,8163.3354344898,8036.73179459183,8131.76036683673,8175.79596040816,8233.24535877551,8296.74339591837,8292.2966677551,8267.48235867347,8267.87959755102,8096.52661744898,8139.02762182653,8061.40668652041,8182.68960652041,8083.91085531633,8112.94253603061,8055.84673623469,8175.22679072449,8056.80830694898,8138.37340969388,8107.02751816327,8189.98818316327,8300.28114132653,8173.84074040816,7995.82001530612,8089.11713734694,8179.53006726531,8296.03743306122,8174.90423836735,8126.96682183673,8080.12659,8219.33459357143,8297.50890612245,8192.0847875102,8311.73146836735,8044.58972142857,8170.18258428571,8119.53987479592,8113.22740979592,8065.71567816327,8044.79161112245,8352.59153867347,8175.4451394898,8235.83264979592,8185.17030071429,8169.36849295918,8071.06550591837,8140.45616112245,8134.82320489796,8081.16590612245,8078.68865795918,8172.57941766326,8117.88205307143,8309.46567408163,8086.11378408163,8291.33570571429,8182.20250081633,8163.22085663265,8053.68442704082,8080.33344785714,8046.75149336735,8161.02927877551,8179.21989089796,8128.36043173469,8156.37553908163,8306.43134428571,8119.68644693878,8083.28009102041,8121.26919918368,8168.63289132653,8190.55639908163,8031.40543858163,8091.99633540816,8173.82438734694,8188.08183214286,7994.00055816326,8191.75991938776,8169.52433571429,8132.12794836735,8133.76110591837,8108.13028591837,8166.85514183674,8127.38297683673,8058.17880255102,8127.32369112245,8099.98863612245,8164.28603265306,8133.27727671429,8189.41311816326,8208.17734795918,8116.80288428571,8293.38550969388,8073.07759731633,8225.21139612245,8077.99474704082,8165.90945928571,8182.46399265306,8079.5639317551,8173.85763057143,8273.5032677551,8132.384675,8077.98757122449,8065.30072959184,8104.71061489796,8045.63978061225,8079.32384326531,8089.95838959184,8095.13068836735,8041.52749897959,8134.6408832653,8035.00824447959,8170.49600214286,8056.64618244898,8350.04669591837,8287.71249897959,8143.87151397959,8203.18249387755,8166.68522590816,8053.09467111225,8132.46446601021,8128.47314376531,8087.96498376531,8086.99694438776,8065.16087010204,8062.83044306123,8050.96590836735,8142.63594969388,8112.72878265306,8173.94527244898,8314.03496846938,8132.52866520408,8183.08740112245,8097.96634336735,8390.11497816327,8188.40482326531,8085.32593571428,8202.71201346939,8074.22691102041,8198.2613794898,8137.1113105102,8111.23303469388,8142.7570355102,8158.44569612245,7966.47465540816,8232.0473027551,8139.00756326531,8204.43579265306,8181.29566561225,8324.47708918367,8227.69805520408,8128.32262408163,8085.49544938775,8190.08610632653,8068.37796632653,8094.5226877551,8298.8396377551,8079.08940918367,8316.95921836735,8118.89348377551,8154.83796806122,8081.41234489796,8052.23522857143,8320.47493030612,8114.70744285714,8083.35913755102,8121.85434984694,8140.87236326531,8129.01465122449,8224.04085540817,8239.20727622449,8263.97869489796,8137.32116857143,8044.69862448979,8184.22182653061,8200.95030387755,8197.15106765306,8164.48753265306,8074.78590306122,8178.04537948979,8153.61977040816,8057.60749153061,8220.22697469388,8183.59865408163,8122.92151653061,8104.84877061224,8174.86879122449,8075.36016510204,8057.41944612245,8153.84353295918,8067.31049346939,8066.6427644898,8045.5278444898,8090.41356336734,8059.04100244898,8068.45160438775,8046.7729227551,8133.49151489796,8063.64801989796,8121.88510642857,8058.08028204082,8124.02599857143,8131.32615204082,8095.2948177551,8113.33663653061,8182.00926602041,8182.37707785715,8118.28480316327,8089.58490785714,8084.37342693878,8069.62220938776,8153.38827387755,8024.07071010204,8060.66366489796,8116.75247653061,8164.64160816326,8082.31893798367,8106.3050664898,8156.27327622449,8051.09760714286,8183.42552418367,8067.07914744898,8132.35245204082,8179.94373622449,8066.66534284694,8127.6423177551,8089.23096438776,8066.34536591837,8051.95569979592,8071.52951551021,8178.02558806122,8166.96961887755,8092.36606571428,8134.65180112245,8191.26548540816,8187.06030142857,8193.1453255102,8158.06657573469,8114.78118502041,8064.81707653061,8174.78871540817,8175.8324244898,8069.72615306122,8100.01572183673,8086.42221438775,8182.10543040816,8109.3957967347,8146.59520418367,8151.94841990816,8141.58388041837,8184.14229439796,8130.40863673469,8040.93202173469,8052.54578163265,8131.07771530612,8210.14089795919,8166.3753855102,8152.68781030612,8145.80991795918,8088.10860112245,8183.62523244898,8150.89922908163,8064.27877142857,8110.12678020408,8117.83314469388,8247.65815520408,8115.25787214286,8343.91673479592,8137.50826734694,8120.53051336735,8115.77528265306,8295.61965653061,8223.41311908164,8057.75008744898,8175.16363591837,8075.57711806122,8190.45430306122,8168.42409683674,8085.25193459184,8183.1591194898,8085.75463928572,8068.1326477551,8301.31479010204,8075.36278979592,8133.22282040816,8089.50043836734,8080.40978244898,8096.06306438775,8117.42410959184,8123.60648204082,8116.72966561225,8103.27891316326,8127.383605,8127.75082642857,8080.25609908163,8138.57810704082,8110.85811377551,8050.7171577551,8095.86992836734,8077.63846132653,8075.20944428571,8117.84449193878,8133.66088744898,8089.1362427551,8131.26782183673,8128.58809806122,8277.84944397959,8133.51348234694,8059.07967285714,8078.54125163266,8151.4176777551,8148.8482972449,8068.42328877551,8145.34942857143,8041.69147122449,8121.62105081633,8097.32418081633,8105.71358882653,8126.96503421428,8182.20338683674,8134.98870653061,8158.87719612245,8084.65727744898,8149.58639244898,8171.27587897959,8186.99922153061,8297.62942183673,8079.44593683673,8067.30586867347,8078.99783938775,8310.74405102041,8061.57565612245,8107.23459561225,8066.76843979592,8145.60473061225,8080.86305530613,8091.60454877551,8061.24449040816,8083.65238795918,8012.71115163265,8158.0305922449,8124.5146472449,8119.48289520408,8035.53841020408,8134.80708469388,8052.27440306123,8290.97789122449,8274.21330102041,8324.08125132551,8150.63670112245,8268.57358163265,8142.72826336735,8169.14595673469,8056.9721027551,8083.68253581633,8183.9340427551,8115.96797744898,8088.10744714286,8063.31524214286,8154.16086714285,8192.22522,8118.769905,8047.923515,8047.50899826531,8147.96846641837,8085.7437949898,8173.08553010204,8119.86870510204,8061.56660510204,8111.96134265306,8165.84286789796,8171.34858289796,7984.90367285714,8099.61564336735,8119.39222908163,8041.22212369388,8076.75547263265,8024.89497630612,8077.70418428571,7997.92194285715,8133.00337051021,8111.74412938776,8060.01930846939,8137.04679622449,8051.33208481633,8060.0525277551,8131.2675777551,8049.8814077551,8030.69211673469,8178.92300795919,8153.37301683673,8168.1465027551,8059.93381938775,8075.80575979592,8177.34765959184,8184.96358765306,8156.2975955102,8130.3855427551,8079.90910336735,8120.08580571429,8060.8916422449,8038.3192672449,8287.9196122449,8077.75272163265,8147.47792142857,8090.34860877551,8124.99219061224,8120.9234222449,8121.43774408163,8160.13479306123,8195.39362132653,8090.520125,8037.65796295918,8122.57593377551,8267.32238979592,8117.97143959184,8069.93410459184,8090.00259469388,8109.92371704082,8105.19912602041,8165.09231918367,8181.75019959184,8188.19681163265,8069.36604795918,8132.44462163265,8101.59067040816,8219.99705632653,8285.37864285715,8178.65558877551,8146.78120459184,8100.99518469388,8103.20369704082,8163.58651142857,8081.74162591837,8051.42773061224,8056.48619612245,8086.25507428571,8109.42211153061,8029.61301653061,8049.29078153061,8049.66796001021,8071.14216959184,8081.04986765306,8141.34747173469,8053.69622132653,8080.22188255102,8135.36085438775,8095.53404857143,8189.81591734694,8120.09372734694,8162.61124897959,8175.58004397959,8076.29159397959,8064.93184989796,8074.46051061224,8138.5256622449,8300.23530612245,8134.42940428571,8169.35286959183,8044.64594153061,8074.89957357143,8257.37398344898,8098.48367408163,8132.89843979592,8122.57866112245,8092.53486061225,8270.95354438775,8159.69200561225,8156.03843081633,8161.20246979592,8052.98375112245,8125.72213969388,8064.95091459184,8035.77917765306,8180.82648632653,8026.99080102041,8071.48332479592,8069.85766326531,8180.2352,8175.03988775511,8159.04706326531,8111.16060867347,8065.50783367347,8101.04823367347,8157.52666591837,8232.9685277551,8151.05998897959,8098.79107102041,8182.14268102041,8178.39310367347,8276.7773182449,8090.58464602041,8143.83047540816,8042.45742540816,8067.00297540816,8089.88756408163,8060.91336336735,8187.06288795918,8115.67550714286,8063.56717081633,8139.34444220408,8099.11265836734,8203.85350755102,8064.4607377551,8128.5240877551,8170.6901877551,8047.45196653061,8051.46152836735,8032.37372408163,8254.12064959184,8113.14429163265,8179.83264316326,8096.75517071429,8133.59467959184,8155.90559183673,8151.96703832653,8041.02376444898,8126.17001567347,8254.09429632653,8025.53930387755,8163.208895,8128.04599285714,8035.40462918367,8063.62298918367,8168.96343040816,8048.45286040816,8073.78637130612,8243.75318204082,8126.47750938776,8049.30985632653,8084.25387785714,8035.64714285714,8073.78237744898,8253.8220157347,7999.82885204082,8195.11090989796,8085.49881785714,8269.40612112245,8164.74759163265,7962.76132377551,8159.4175444898,8043.20958436735,8172.92455336735,8119.48001153061,8142.01781857143,8287.62397857143,8096.87891397959,8257.23491009694,8122.54701734694,8073.21916632653,8187.57033738775,8113.23688877551,8135.21212979592,8157.36195479592,8138.02194918367,8075.99637653061,8202.18075408163,8029.01939918368,8075.35876928571,8343.67742530612,8120.25141816327,8079.11890979592,8214.57724979592,8074.72978010204,8238.15875510204,8165.74625097959,8034.83437097959,8167.21690097959,8143.97492712245,8241.26817734694,8073.12408306123,8123.54156244898,8182.49804122449,8053.55799622449,8050.48613112245,8160.60155459184,8055.10890846939,8188.77658397959,8123.68590959184,8143.94767306122,8114.64250102041,8220.57079326531,8056.94184683674,7987.19264387755,7999.54770265306,8059.11304265306,8045.71230265306,8183.46120265306,8134.91400612245,8139.93944693878
776.816326530612,8259.29735346939,8278.48540081633,8464.90975510204,8510.37865510204,8386.2787377551,8290.80460071429,8326.4719417347,8387.3213317347,8287.2043227551,8403.63194755102,8353.4443177551,8302.4383267551,8200.1508605102,8282.12938336735,8363.41813163265,8345.7228272449,8174.8974672449,8266.05231163265,8215.50962734694,8194.93407372449,8296.19162357143,8450.90810714286,8264.53076469388,8314.48529469388,8262.60003408164,8293.89281142857,8514.21507142857,8271.78843571429,8293.62505171429,8351.81975071428,8140.73363163265,8626.21673397959,8582.12877908163,8077.03846173469,8152.71141459184,8180.91507091837,8240.81916520408,8320.69981877551,8448.98631836735,8210.58799593877,8124.11782448979,8222.44203265306,8243.50738061225,8288.78766816327,8280.79190091837,8267.66952591837,8406.7967122449,8355.893345,8310.02257142857,8228.77526734694,8169.95374612245,8193.33403061224,8136.35974010204,8251.54635959184,8128.68523469388,8166.30579367347,8405.90715734694,8173.43284285714,8109.39248632653,8325.57648122449,8349.80909387755,8339.80276387755,8305.60093204082,8421.43741081633,8388.96913081633,8255.57419081633,8420.67702714286,8296.3284672449,8511.39204602041,8279.38621642857,8395.48339183674,8220.73618109184,8219.46942214285,8148.83314836735,8170.59980795918,8139.56184040817,8294.36952408163,8258.64786510204,8244.77865112245,8217.44243102041,8424.23364204082,8478.76207857143,8327.5077522449,8288.57543887755,8255.59749071429,8544.87441530612,8467.47530551021,8576.10824734694,8633.54187714286,8517.23417714286,8240.55482346939,8143.05233959184,8233.02291969388,8372.66609151021,8175.95499571429,8293.5782077551,8304.83776918367,8272.60732061225,8213.60958908163,8244.97757061225,8232.03005642857,8387.27661846939,8520.06225561225,8387.35925306123,8290.27922755102,8309.99237255102,8497.08283867347,8268.62192061225,8293.56360530612,8103.30655040816,8125.90158693878,8260.49414938776,8329.43776897959,8498.28501877551,8653.09621887755,8541.39630387755,8497.06062142857,8590.3829344898,8481.71204887755,8579.2810672449,8789.26276755102,8732.44641755102,8546.05522040817,8681.73185163265,8553.82154183673,8648.53981693878,8399.71754346939,8511.98863734694,8455.23790428571,8457.09170061225,8631.89505489796,8414.77198122449,8623.78759795919,8310.39530163266,8381.39777346939,8457.58517785715,8558.83319628164,8592.20280059184,8361.69565142857,8238.66390520408,8250.25798285715,8390.78883039796,8331.62537142858,8269.76481734694,8487.26882142858,8343.55412653061,8457.45627714286,8407.70525857143,8483.20675857143,8594.08508714286,8418.86472448979,8271.22730514286,8331.0035277551,8129.33652265306,8201.90806214286,8298.96156693877,8103.00785602041,8183.34055673469,8445.23674316327,8417.72330387755,8305.29175387755,8572.5160605102,8514.59666051021,8428.95411071428,8348.11647071429,8378.59435571429,8565.66956912245,8354.97382204082,8444.69934346939,8157.23209910204,8175.77011255102,8355.04114571429,8403.29876561225,8433.73675102041,8412.77028234694,8379.33886336735,8311.20101551021,8275.31524097959,8231.09616826531,8445.10095653061,8267.69581418367,8320.52223265306,8192.88359602041,8264.56815112245,8333.14370040816,8283.33682826531,8317.76250295918,8236.45065063265,8376.37320969388,8350.04545673469,8300.57510561224,8284.37452153061,8284.91521571429,8559.84578979592,8599.60290602041,8334.4728005102,8260.79022571429,8445.33539193878,8370.23725336735,8609.15597816327,8618.83500122449,8365.98846867347,8266.06244,8367.71657163265,8290.60662785714,8233.93468459184,8448.39321326531,8310.90593816327,8392.33924816327,8316.33188734694,8524.80639938775,8285.24661510204,8225.58299653061,8464.35842867347,8243.60845183674,8284.96121316327,8175.98889602041,8251.45980928572,8117.94940234694,8258.43040112245,8325.27670816327,8353.14898397959,8373.74138591837,8560.2705722449,8593.1715122449,8314.96440252041,8428.60364027551,8340.89731884694,8420.95497234694,8371.54155387755,8261.76432204082,8403.66627204082,8185.72275806122,8221.16148602041,8206.1221022449,8331.83088163266,8233.24118265306,8133.93470040816,8203.94746928571,8485.90683428572,8157.17078316327,8215.39492906123,8229.03746020408,8183.82092857143,8226.3341577551,8348.80293734694,8348.18364693878,8148.55430405102,8189.04689459184,8187.0696572449,8306.43509183673,8119.27379510204,8160.20755326531,8316.09768142857,8513.55993142857,8591.86383204082,8431.96021612244,8362.02726755102,8421.63291693878,8201.73241153061,8407.05249193878,8382.25053438776,8206.33703030612,8233.41747821429,8368.94345887755,8497.37431836735,8248.02341887755,8323.94959765306,8269.16594806122,8236.46323602041,8287.34502091837,8485.78057513265,8340.21523326531,8281.71489571429,8255.365465,8225.27742214286,8196.57213816327,8333.81093306123,8183.51688163265,8236.04410928571,8352.39835928572,8346.80949959184,8144.22114410204,8132.95379428572,8132.76238591837,8163.15947785714,8299.26381979592,8357.91627346939,8638.67696438776,8493.72169489796,8439.51200285714,8405.47746642857,8612.14485755102,8769.73124489796,8636.16828744898,8813.80466377551,8402.39721670408,8461.8958732653,8506.26201673469,8472.00906357143,8496.5033832653,8315.9912944898,8277.01445265306,8334.88951693877,8843.37650806122,8530.86879887755,8586.06715193878,8908.24888326531,8935.52868163265,8824.26138755102,8692.51302857143,8525.47817183674,8535.68172591837,8568.98902489796,8491.17875836735,8370.65709969388,8422.15713897959,8436.78622163266,8642.34555846939,8540.12619,8533.12269204081,8437.96966122449,8455.08236122449,8389.32836122449,8532.04546326531,8746.81624795918,8509.30956683674,8494.03727367347,8388.91181612245,8502.8459372449,8304.89290676531,8395.3778327551,8527.66059234694,8373.47214051021,8323.37091938775,8332.24124867347,8269.26192908163,8507.93427479592,8274.14883183674,8507.06680704082,8427.51648979591,8395.93566377551,8127.88670928571,8327.53721397959,8255.63670530612,8224.0365155102,8111.16454602041,8347.57078459184,8274.95544489796,8309.69819479592,8239.89539275511,8294.48078510204,8212.65355530612,8453.43199714286,8482.08852336735,8622.99057836735,8428.61482612245,8492.16143938776,8349.78971938776,8158.34232122449,8199.97992877551,8211.17130204082,8225.14722744898,8324.52545489796,8163.66647146939,8361.41829653061,8287.34727377551,8285.45385836735,8426.56840887755,8459.06406387755,8429.77687061225,8461.65085602041,8552.32671897959,8779.03778642857,8770.81402540816,8714.51625306122,8345.43681857143,8463.21711857143,8548.15731918367,8312.09127510204,8225.80845755102,8224.5901667347,8241.73210918367,8479.17106867347,8195.12129693878,8358.35704510204,8259.37393295919,8276.29033204081,8289.81724969388,8265.26275469388,8217.97172755102,8156.45658306122,8248.7806255102,8341.14369428571,8120.35592908163,8302.20326265306,8298.2913544898,8497.6775794898,8270.1077844898,8276.13964602041,8371.49174908163,8560.665,8549.16411734694,8604.24322653061,8727.98837510204,8781.41121061225,8828.58483561225,8879.21497693878,8562.80415193878,8561.78180551021,8276.12252203572,8212.6661394898,8336.08310642857,8427.54646265306,8451.48961112245,8372.64191489796,8306.63884387755,8318.89759887755,8395.25593797959,8363.50447438776,8429.49233204082,8416.1146544898,8457.09264693878,8711.50300612245,8537.00808132654,8378.10374183673,8497.39707887755,8366.04848091837,8517.44181938776,8427.1654527551,8155.28471136735,8370.82897132653,8200.37954632653,8167.13475081633,8209.70430142857,8283.50774591836,8304.90055,8220.89546040816,8311.68654969388,8192.32639520408,8384.81247346939,8331.91434755102,8331.06155306122,8465.40204959184,8343.67898918367,8252.21675102041,8502.10577778571,8272.72210918367,8235.63060673469,8446.76841428572,8489.21360193878,8368.79042040816,8332.97052306123,8286.61702306122,8549.6028367347,8655.39266173469,8207.73715989796,8219.12622134694,8433.45969612245,8354.91955040817,8323.74363183674,8397.78559483674,8638.45057978673,8207.8849794898,8303.08980469388,8399.11852816326,8626.36679816326,8785.68087887755,8609.20901806123,8625.75850306122,8777.49085795919,8911.69812336735,8662.49019766326,8354.14864908163,8324.65671265306,8418.28313469388,8346.03306397959,8313.76084438776,8177.98388295919,8245.47381489796,8220.03610683673,8310.0379855102,8254.80570030612,8246.49231520408,8251.64537081633,8301.52535632653,8396.91653693878,8234.94647163265,8456.30047061224,8558.47143938776,8195.858416,8214.81655948979,8122.86315204082,8234.83573795919,8478.5780377551,8454.84511153061,8381.64722744898,8310.44616622449,8348.34232908163,8407.3249617347,8257.8035055102,8247.11208040817,8249.62856795918,8229.41750887755,8402.55629642857,8491.67521377551,8222.14749938775,8312.84940479592,8357.48756122449,8364.11337632653,8276.65593397959,8435.15728047959,8410.84306693878,8463.98413877551,8411.22804387755,8537.24610112245,8393.10509010204,8474.31409683674,8313.99768,8554.00623153061,8388.54540633674,8369.73638682653,8459.44025663265,8469.79610142857,8433.63208255102,8171.86366989796,8480.43911265306,8463.87631071429,8425.94035561225,8533.62846071429,8595.73131755102,8747.04593367347,8456.67115938776,8292.08824081633,8227.37458602041,8305.03757326531,8328.77496627551,8353.71694377551,8352.26762244898,8369.18154285714,8377.41988265306,8285.85795836735,8304.64231530612,8449.58945510204,8397.63776326531,8382.21529591837,8687.54763979592,8670.31738979592,8492.27107438776,8834.13832438776,8521.33265109184,8732.66528346939,8524.88785408163,8502.06035341837,8436.19394591837,8196.57029897959,8305.39695553061,8287.13378775511,8230.88664785714,8361.53482734694,8408.24788061225,8331.33775714286,8468.68176734694,8482.89042734694,8397.77165255102,8303.72281602041,8437.95961632653,8432.52835204082,8593.06321040817,8484.28802520408,8505.07238561225,8458.03704204082,8421.7854072449,8300.69294510204,8225.03613285714,8104.95541469388,8186.67602295919,8338.54802459184,8461.81855602041,8502.97533346939,8325.09293300306,8237.48493483674,8224.12141061225,8136.13767755102,8203.93062102041,8154.65560142857,8321.11998081633,8637.40582959184,8501.30278030612,8325.62087040816,8566.81803061224,8303.90368265306,8382.05915265306,8557.28856122449,8451.62391510204,8463.54043091837,8349.70516051021,8288.31228061225,8380.00252040817,8394.16446826531,8566.06900622449,8601.93816122449,8409.34343693878,8507.25697897959,8357.57191030612,8314.04166030612,8170.90966265306,8344.88732785714,8416.54019632653,8404.10498007143,8324.35170714286,8250.9173867347,8159.14038061225,8204.17858183674,8250.72624920408,8565.18969459184,8706.23925122449,8545.32167622449,8698.37980622449,8780.65417591837,8652.86536020408,8713.46667010204,8447.63784530612,8493.06651530612,8519.30385408164,8619.35124511225,8847.76340918367,8847.16551928571,8840.26533061225,8674.27104183674,8538.29700612245,8647.72834653061,8782.03771203061,8561.44852653061,8612.65237816326,8691.8529444898,8354.88483887755,8374.63461755102,8133.36135418367,8234.55514265306,8191.82633142857,8209.14956591837,8464.01958326531,8308.33184428571,8366.50886785714,8172.08592653062,8342.84509153061,8464.97084479592,8521.39304489796,8385.73335142857,8624.99884591837,8499.68759234694,8431.75412173469,8307.16937193877,8480.60439051021,8344.58251265306,8223.15078765306,8268.88173316327,8389.52855612245,8312.78108979592,8204.81007040816,8239.35953693877,8172.47025693878,8390.4295767347,8369.22397612245,8291.06415397959,8482.13994306122,8868.14393526531,8640.585072,8713.97372755102,8925.89957755102,8926.51287755102,8883.33951469388,8786.94268010204,8757.90409438776,8656.72636785714,8632.91155510204,8382.62492816327,8283.27582381632,8310.55482522449,8460.34758022449,8532.84105959184,8378.69646030612,8516.75724489796,8423.64299153061,8493.55847040816,8424.87467285714,8267.05942244898,8233.95374071429,8299.26286397959,8176.79969030612,8293.13842969388,8429.62050469388,8331.87318408163,8136.09517908164,8217.58330408163,8200.12149581633,8278.29190581633,8275.46634081633,8134.65584081633,8190.69317102041,8328.16863602041,8375.11431765306,8351.83206142857,8133.03267326531,8292.49736428571,8278.36482734694,8183.61630010204,8222.38966510204,8338.86862846939,8282.24588367347,8415.22349489796,8110.77344691837,8248.61001438775,8328.54931540816,8365.86612714286,8362.10154102041,8336.56280214286,8320.08998908163,8334.89556581633,8365.85230561225,8392.05970163265,8284.58942153061,8162.38164357143,8135.23981357143,8361.42773857143,8186.81595785714,8229.50728,8267.197735,8334.96791316327,8402.19796842857,8396.96309342857,8511.05320785714,8447.26968530612,8306.94230530612,8402.19497530612,8343.39092530612,8448.99432908164,8365.99439438776,8198.8781044898,8330.59454265306,8262.10167459184,8273.21604183673,8428.11648061225,8439.45889877551,8707.77105693878,8609.82910306122,8403.76620418367,8318.31980408163,8249.84914887755,8270.96433928571,8409.42315816326,8245.61878673469,8311.09102653061,8335.5548277551,8430.93921826531,8267.07797326531,8252.06499326531,8791.41196355102,8673.30511612245,8778.8882322449,8781.99699969388,8542.81295530612,8458.70490418367,8516.27412938776,8543.80406132653,8610.56061234694,8433.19204612245,8529.51025367347,8451.58382910204,8505.79103071428,8493.21533040816,8283.9181927551,8310.03738418368,8288.67406795918,8540.77184236735,8264.91440053061,8220.79807244898,8264.82582020408,8349.99108938775,8272.31028020408,8195.41401938775,8218.65790336735,8268.83350836735,8469.03745408164,8467.6024977551,8412.91769663265,8395.09029367347,8261.44893367347,8464.78987653061,8526.29053867347,8365.42216510204,8237.31937908163,8135.09351030612,8050.78336693878,8103.21788122449,8376.28254683674,8316.92808683674,8357.15362755102,8241.83408214286,8361.88679183673,8340.4191827551,8159.87722142857,8290.56262020408,8333.69274438776,8204.97873959184,8240.78199040816,8353.94307040816,8470.50271265306,8395.35103734694,8373.21651479592,8343.07493193877,8435.36941428571,8479.70871387755,8343.92295357143,8325.01941540817,8353.59211887755,8303.74843887755,8280.44948255102,8191.18219061224,8470.36125908163,8271.95516316327,8281.6127144898,8312.50002602041,8296.95775979592,8281.50595183673,8225.95191387755,8280.08456068367,8227.44654234694,8228.96908477551,8308.06073102041,8446.10387622449,8339.36621193878,8248.15078153061,8294.89805867347,8451.92549806122,8278.94920134694,8509.03720581632,8340.23590759184,8336.29023136735,8496.66174412245,8434.42211408164,8354.05493928571,8302.20165265306,8320.65892755102,8458.8401077551,8412.40709418367,8644.98267061225,8655.27066734694,8331.89920816327,8362.89287336735,8293.61602571429,8289.2516107449,8215.59299061224,8495.42088081633,8333.18744255102,8246.33938642857,8526.66633265306,8422.10062244898,8401.84337346939,8307.2343822449,8430.34184346939,8186.27611336735,8123.63192377551,8187.63278102041,8203.99466897959,8228.21178938775,8134.68084632653,8181.98021683674,8245.45617663265,8316.30332316326,8484.96489938775,8266.69246704082,8317.89906204082,8372.56095418368,8492.86612030612,8492.82206530612,8360.29139010204,8406.11909591837,8446.26049030612,8464.64263,8213.12203285714,8276.13075030612,8222.54055183673,8321.44020214286,8234.22323020408,8247.55486255102,8175.50074940816,8465.57218463265,8334.20612265306,8325.49166387755,8272.99701489796,8309.02026489796,8211.34553816326,8104.65667959184,8214.67580142857,8196.22682785714,8218.97070489796,8243.27312479592,8251.33331265306,8226.79084142857,8310.94719897959,8201.96800693878,8410.35064357143,8475.77924918367,8370.91097244898,8374.55531428572,8430.40432744898,8400.83707469388,8629.29688163265,8729.44460663265,8491.20513510204,8548.53811510204,8464.31384326531,8451.49518826531,8327.54144081633,8255.93536285714,8317.88392255102,8297.97575663266,8410.26667346939,8182.67291663266,8254.61525663265,8306.06353591837,8436.16533612245,8375.17840744898,8378.31957744898,8428.79352408163,8432.08836836735,8478.91556336735,8528.71761642857,8393.29876316327,8386.94637336735,8434.29407102041,8376.78481122449,8364.72012857143,8367.42126428571,8376.23436489796,8392.0328794898,8400.15658928572,8183.77116142857,8424.25455612245,8386.26490714286,8068.18328510204,8285.79603153061,8273.24417632653,8282.35887336735,8376.5487,8479.83846632653,8435.1527117347,8431.61157255102,8420.11728142857,8359.24873428571,8407.66995265306,8299.37440306123,8125.32633142857,8287.61079836735,8330.40345010204,8372.03410326531,8398.38705326531,8240.88985765306,8376.05230642857,8497.32506704082,8348.44930306122,8565.53679387755,8492.31168755102,8405.17220765306,8516.07127540816,8586.71202704082,8735.57901306122,8427.79395887755,8435.71604683673,8245.6387295102,8291.45001693878,8250.12129418368,8207.05410418368,8215.24730806122,8194.42305785714,8203.66949622449,8220.01250683674,8496.34927346939,8538.39591153061,8704.59726887755,8394.4616905102,8266.38896387755,8455.85275530612,8326.2205705102,8372.33661397959,8263.02973408163,8176.07404653061,8278.41271469388,8122.91575959184,8165.47556816327,8276.5813622449,8366.87300693877,8485.26283928572,8249.16875938776,8401.41126428571,8125.94568795918,8263.31246204082,8243.29363142857,8288.10740897959,8285.52667061224,8368.97179091837,8309.8608210204,8398.25216459184,8443.02362244898,8307.73844612245,8482.73144693878,8311.97776428572,8508.57169326531,8644.9378139796,8707.59657653061,8704.87267663266,8740.48012010204,8714.35724510204,8750.19778212245,8365.42997791837,8414.83074691837,8421.84654691837,8423.05222365306,8416.25957161225,8385.54063140816,8445.50610918368,8485.65787438776,8383.02671938776,8523.27937438776,8590.99313153061,8324.47774061224,8265.54659989796,8217.21895489796,8094.71066989796,8122.02161845918,8258.51318686735,8115.02426132653,8442.02150204082,8310.41387969388,8200.07492020408,8283.87931377551,8320.36552377551,8375.19287806122,8374.45751561224,8341.44666663266,8578.64914520408,8444.910895,8424.82819030612,8333.01589367347,8229.54819755102,8424.48774755102,8191.32864755102,8322.38898908163,8402.59510214286,8395.20486357143,8354.90318071429,8194.84875121429,8126.06456897959,8341.08497230612,8093.63177267347,8242.97529265306,8197.6565622449,8443.59549357143,8504.89150612245,8593.60100591837,8400.60302408163,8462.71442377551,8746.73766877551,8586.04335577551,8511.85954306122,8465.67786632653,8579.44519122449,8466.65243959184,8414.90068510204,8446.25901183674,8365.93368091837,8491.99105163265,8403.87822765306,8625.64266642857,8279.82467632653,8179.4938555102,8484.90361530612,8478.58803510204,8253.61156704081,8342.11112897959,8397.6817844898,8465.43481397959,8423.4981255102,8282.87751877551,8289.57889857143,8361.08615561225,8306.69353061225,8358.51011816327,8498.68399704081,8350.00721040816,8381.46156540816,8376.70160255102,8510.52544806122,8572.24498255102,8195.59135928571,8222.63271734694,8089.64904795918,8199.79878795918,8120.20666836735,8174.82338265306,8360.54234455102,8239.45777193877,8310.44388642857,8313.22218918367,8328.42367897959,8274.73172397959,8263.30700612245,8284.55678061225,8141.85022583674,8182.72982183674,8178.75857214286,8090.35910397959,8304.02129508163,8329.88891214286,8268.75419765306,8146.11587877551,8364.68956959184,8392.84872887755,8230.72225121429,8363.89917969388,8318.67581040816,8237.39468255102,8297.33094642857,8400.01724153062,8593.80419795918,8563.0466655102,8594.60995051021,8566.64332510204,8303.8059677551,8270.23902836735,8067.57153153061,8138.27353153061,8091.33615153061,8158.79737346939,8327.82627795918,8375.28277102041,8230.86016816326,8237.31523571429,8359.13015877551,8367.04770881632,8547.18601867347,8362.18851622449,8379.00571020408,8239.92805020408,8218.55994377551,8239.92662877551,8276.40871377551,8264.37115469388,8393.57133969388,8354.62430714286,8286.10582061225,8267.21852561225,8313.66205612245,8263.61875642857,8542.98031122449,8535.40114214286,8287.85515734694,8520.85641234694,8710.89645887755,8417.5963377551,8399.37902234694,8549.54906234694,8743.23195244898,8514.98217653061,8364.03678469388,8437.3823372449,8166.10228193877,8270.03102479592,8146.27246846939,8189.19094908163,8401.26239571429,8338.18548091837,8484.50663357143,8384.00620989796,8225.98482795918,8565.07779459184,8399.23220806122,8338.32779897959,8132.67061734694,8449.86657142857,8193.47317102041,8143.81779244898,8300.96851193878,8395.9058944898,8433.64829153061,8238.92655010204,8450.07540306123,8423.32662989796,8745.30511969388,8575.44552959184,8575.01401734694,8611.0718744898,8560.68362469388,8437.89764591837,8479.79039285714,8365.43835602041,8143.49761826531,8209.84697102041,8206.23823346939,8216.65903132653,8153.1909327551,8453.28444673469,8364.10476336735,8582.47973336735,8589.52981785714,8693.05190285715,8477.00779,8441.21069622449,8395.72166704082,8522.50120510204,8382.70303540817,8174.27289928571,8369.66155678572,8352.20598928571,8256.48684163265,8169.65328010204,8200.5501432653,8186.95871367347,8399.16688020408,8481.6549432653,8542.19775938776,8534.94441428572,8344.3903822449,8286.1716927551,8234.48959806123,8293.19563183674,8301.5917779898,8301.76568336735,8291.28185142857,8196.00510693877,8117.27031663265,8257.78405857143,8354.97304030612,8314.79866530612,8589.64936020408,8547.47584102041,8626.0721089796,8747.45939897959,8318.97260102041,8625.28928959184,8578.86776244898,8464.08617346939,8449.57071392857,8542.10251632653,8592.1845122449,8616.04755408164,8513.30200326531,8542.94492734694,8332.12885234694,8283.4780424898,8467.02317163265,8545.22498836735,8373.50659306123,8336.43694153061,8288.6745177551,8269.9439727551,8453.10624183673,8376.30318887755,8200.18110397959,8264.91480989796,8363.421185,8342.84418040816,8459.98553908163,8538.50514204082,8350.55638,8147.97637285714,8322.03261867347,8347.22342183674,8190.15969683673,8264.33379806123,8313.69940559183,8329.61201887755,8403.64150816327,8453.84011030612,8274.40817867347,8278.03494908164,8232.49957867347,8294.06780816326,8295.99151806122,8385.05743520408,8455.69345816326,8388.4808544898,8277.60807244898,8580.83474714286,8531.54658040817,8500.66786612245,8559.80727571429,8563.69807571429,8648.95980561225,8416.77623959184,8323.9409482653,8413.28746183674,8257.26328989796,8462.33456928571,8454.93050918367,8527.55012918368,8527.93887918368,8390.61485346939,8355.55991897959,8536.33758908164,8224.70914387755,8485.20382979592,8431.49602469388,8563.15306326531,8483.34457959184,8469.15218459184,8505.13032959184,8320.89361612245,8406.66351357143,8282.83823214286,8242.60993816327,8255.77188989796,8204.04777438775,8238.88052836735,8490.20752785714,8314.97940173469,8169.66206591837,8287.6850717347,8382.03708520408,8380.57207683673,8508.96738020408,8666.4011794898,8683.42972816327,8537.42734357143,8491.44797357143,8658.31147357143,8447.12169387755,8461.13882787755,8321.43052346939,8242.36629581633,8233.97350112245,8156.68362387755,8363.14230591837,8177.73200591837,8253.13887163265,8212.04421122449,8134.85411853061,8194.2376777551,8202.58111428571,8326.29889571429,8162.66991204081,8113.3620444898,8376.11035816327,8338.55660581633,8494.03423775511,8289.89290285714,8204.17284163266,8409.28833479592,8296.32875765306,8440.41128938776,8402.52519520408,8527.41758683674,8286.41919897959,8199.17228418367,8268.27005418367,8180.45195336734,8218.87253204082,8230.03759581633,8241.80383387755,8199.42549632653,8359.47585897959,8188.84578795918,8382.08846959184,8170.14008836735,8313.08778428572,8290.16425959184,8336.18522653061,8455.93238979592,8591.56801785714,8463.17847653061,8541.94953367347,8468.9398777551,8415.99246489796,8357.890095,8364.61640510204,8262.40080765306,8290.78615683674,8278.64180295918,8151.98403704082,8361.35546469388,8408.97744183673,8308.62359561225,8279.93090030612,8372.94678040817,8332.59154142857,8200.29975336735,8687.34827571429,8457.48703571429,8606.91931663265,8525.63674387755,8325.2561,8404.51514520408,8407.79694591837,8308.37301469388,8269.26171030612,8390.61964826531,8236.73557693878,8479.89312010204,8280.15042428572,8417.77560306123,8408.33407897959,8252.48902653061,8264.40816265307,8289.10000122449,8189.03244183674,8283.96415785714,8292.91744816327,8279.30358163265,8356.34118469388,8398.79190204082,8422.70661204082,8378.16264142857,8325.56731612245,8469.55209204082,8220.28671061224,8378.6524867347,8398.49424816327,8373.80403367347,8186.45448316326,8369.9145594898,8375.2629444898,8318.68984326531,8249.40143244898,8369.56149744898,8359.41448244898,8283.56533367347,8520.36957969388,8427.91287040816,8305.08712081633,8283.49280153061,8257.77046867347,8480.02081040816,8460.10052520408,8381.53302204082,8586.1213627551,8610.86145571429,8386.58080153061,8385.56690571428,8408.44688142857,8453.2500722449,8339.5471744898,8311.98012857143,8271.22068061225,8391.50489336735,8382.69134214286,8506.53639806123,8253.43038683674,8193.69010683674,8498.74032795919,8411.66848142857,8307.77355918368,8215.95874530612,8207.6598644898,8344.65661357143,8479.02262530612,8315.02464530612,8384.06763122449,8276.42103642857,8531.19767806123,8246.82447938775,8433.39497387755,8386.64306038776,8249.64934438776,8255.00339938776,8244.89410346939,8290.48850173469,8297.51040173469,8251.60138520408,8211.15715244898,8289.95482683674,8347.23662663265,8189.26992306122,8181.53231632653,8293.94117204082,8461.48254091837,8403.91240255102,8281.59007561224,8376.63602653062,8223.03599989796,8313.63580079592,8374.9490105102,8214.96910918367,8184.40886183673,8212.06284717347,8323.64689029592,8206.2973085,8227.31271346939,8267.60107938776,8304.52700040816,8560.58335244898,8415.78195204082,8460.15822142857,8385.95948873469,8782.80930693878,8427.23166938775,8279.09273836735,8320.54825826531,8331.75972602041,8270.28887591837,8272.79143061225,8458.35018877551,8399.61428221429,8697.29067571429,8652.31240306123,8540.73623806122,8437.57460285714,8473.5836717347,8589.58750204082,8614.71900408164,8526.52729204082,8340.72083979592,8544.13955061224,8753.05885816327,8594.6639377551,8478.21643887755,8504.31948428572,8407.34638489796,8243.98695806123,8295.42765346939,8373.10759357143,8442.7058344898,8479.36213428571,8491.6031962449,8559.22759214286,8414.34610346939,8374.50543589796,8278.09468326531,8240.44233295918,8439.55273122449,8338.84669530612,8335.51503653061,8418.04713591837,8394.20732061224,8457.63141714286,8367.92524897959,8337.07622653061,8280.33434714286,8260.0353384898,8227.05795795918,8253.10429295919,8168.88424795919,8267.88795438776,8258.45487551021,8157.96645244898,8213.84856877551,8216.30015938776,8275.61052714286,8258.43942765306,8338.7217632653,8199.99121285714,8362.96010061224,8267.63914061225,8502.70411438776,8518.25772642857,8699.78736653061,8604.64777653062,8521.12979418367,8473.8028905102,8481.80102551021,8481.24690877551,8612.77842877551,8710.51017867347,8231.03994785714,8204.44776612245,8051.33558428572,8216.48213602041,8502.40970877551,8310.44534328571,8112.50586612245,8113.56926502041,8303.4471382653,8229.69255877551,8296.92202189796,8190.89803938776,8368.93163561225,8455.57702642858,8195.62962897959,8408.79946479592,8297.47407693877,8386.67427193877,8806.0681044898,8549.6588327551,8419.04933432653,8353.79164367347,8337.34898734694,8302.21289397959,8199.48319897959,8229.53573734694,8549.08688418367,8558.16400990816,8624.55195040816,8659.44044795918,8682.32876214286,8565.2942055102,8400.82941530612,8401.55281918367,8546.83557265306,8591.63535408163,8466.78825408163,8389.84243540816,8348.580605,8266.45802102041,8237.46658244898,8240.76390479592,8317.58847551021,8337.4696877551,8385.15370306122,8446.60890153061,8589.07458081632,8584.76101354081,8324.95884833674,8273.67267129592,8372.87798792857,8412.79306680612,8200.97864846939,8223.97760612245,8543.87056744898,8234.0437532653,8190.93825775511,8402.41038714286,8251.18855959184,8326.66720377551,8158.59015795918,8349.36023520408,8289.38524285714,8378.11047755102,8383.22212755103,8456.98091632653,8395.36474367347,8291.15878816327,8418.10129836735,8370.80845336735,8198.84947479592,8294.01619030612,8403.49239693878,8540.67863265306,8390.85755795919,8420.40429234694,8215.21267153061,8473.19314336735,8283.1460317347,8415.07744091837,8330.34804959184,8434.70511836734,8383.40165132653,8362.03926081633,8614.34822061224,8562.64164806123,8643.41707357143,8637.29145,8530.94860306123,8550.92336836735,8282.05287653062,8260.23360653061,8277.70718153061,8321.47885489796,8486.91090571429,8555.08143438776,8426.91857367347,8466.42165530612,8340.36174316327,8418.69669377551,8347.85990489796,8487.47550928571,8208.28664479592,8209.36227581633,8339.04390153061,8464.42792377551,8533.34687357143,8460.52156714286,8440.25149183673,8487.03374285715,8280.64383632653,8241.54456102041,8238.23359053061,8294.34553102041,8231.90215591837,8381.38632346939,8488.807785,8407.90028163265,8564.48531071429,8640.11292561225,8342.69090612245,8452.04723775511,8406.96357489796,8387.7573317347,8377.23220612245,8500.10368704082,8680.51916612245,8354.37596122449,8272.87362806122,8268.47065857143,8176.8927877551,8093.33864132653,8309.28671959184,8289.0772272449,8264.70501265306,8216.56822765306,8204.33714959184,8159.89244959184,8100.62076602041,8206.27946316327,8145.31280928571,8117.00266716326,8172.94969489796,8090.45382504082,8397.04074357143,8280.54131027959,8341.13866183674,8253.83343571428,8412.84303489796,8188.40887316326,8252.77905673469,8802.83225591837,8529.34065510204,8509.06333591837,8349.75132857143,8450.69134377551,8330.72803977551,8267.50407214286,8222.42842714286,8250.15517010204,8135.22698204082,8288.00042142857,8215.78022142857,8227.66470469388,8187.52080469388,8218.58471918367,8185.38108193878,8205.38234387755,8198.22389387755,8129.96147387755,8332.08423459184,8245.74216459184,8181.88411010204,8252.47100051021,8293.41468826531,8436.84725326531,8185.98306244898,8278.244945,8270.36206663265,8414.69404642858,8310.86336117347,8310.16626714286,8220.51140142857,8489.93800653061,8437.83204367347,8362.45384285714,8174.0302022449,8338.45537469388,8321.26929367347,8405.32085295918,8365.36095306122,8307.76239030612,8303.30746530612,8171.49865408163,8173.4733122449,8305.98440969388,8133.81614880612,8188.20246003061,8376.34811632653,8260.76332102041,8363.26155357143,8283.20556142857,8201.51457816327,8102.89636091837,8203.81012091837,8314.55002989796,8270.08044012245,8275.17864642857,8250.39079989796,8461.16410693878,8276.57341295918,8202.34952551021,8192.09800583673,8147.61792683674,8219.16561255102,8339.57158755102,8361.61777173469,8635.49694255102,8485.82043408163,8507.97830428571,8352.95128510204,8279.53398714286,8239.94109714286,8160.84239844898,8421.99049069388,8331.46833428572,8315.73591326531,8329.08395959184,8545.39039428572,8662.78333428572,8371.81390061224,8401.45121091837,8371.23710765306,8337.34389622449,8604.00668346938,8884.04356459184,8602.24426551021,8562.0951005102,8719.40585755102,8232.35300960204,8300.81009153061,8532.44104051021,8224.89884673469,8397.98110510204,8281.64538193878,8197.28264377551,8159.63700877551,8306.90007234694,8443.26464387755,8396.01948367347,8549.90188367347,8386.08630102041,8388.30590102041,8309.99038673469,8320.74349795918,8285.73662020408,8484.14449367347,8533.12313622449,8444.39193959184,8392.17015408163,8468.92734530613,8234.2456005102,8545.80159163265,8615.87126642857,8981.74971367347,8906.07529867347,8653.19219826531,8579.2336332653,8707.78990418367,8658.96646632653,8624.55069785714,8343.83672010204,8532.73500112245,8461.33469530612,8732.48733816327,8483.65576642857,8399.12897704081,8296.94957959184,8354.85116826531,8248.02527540816,8464.44689173469,8582.35193255102,8726.9611122449,8365.96108979592,8585.76365561225,8341.48195055102,8329.59867265306,8488.48318704082,8271.5081827551,8364.75030846939,8241.37871346939,8105.76834112245,8286.43340612245,8351.30397163265,8288.44818591837,8573.77615510204,8341.99807102041,8209.07136306122,8467.64272193877,8361.49076234694,8303.40026173469,8272.655,8478.27968061225,8448.32719877551,8282.730935,8338.00640510204,8359.7873332653,8413.92254142857,8132.38306030612,8496.86096040816,8320.20463581633,8337.64454959184,8380.35848959184,8237.49208110204,8117.34333081633,8299.07071581633,8176.32574367347,8289.33153061224,8124.56867571428,8180.99862679592,8183.58612679592,8531.13356591837,8435.84912714286,8394.13648428572,8336.64586622449,8377.83771122449,8384.00256428572,8336.268235,8603.0728,8580.58969071429,8337.31976040817,8487.66822520408,8346.41290561224,8419.05560989796,8207.93546795918,8256.50179836735,8315.07928795918,8289.67260663265,8307.71044346939,8309.82927265306,8478.41291836735,8468.43297510204,8361.35723479592,8480.82586122449,8499.4142327551,8580.10984170408,8492.23570816327,8720.41714816326,8495.18605693877,8600.32490693877,8687.41142928571,8645.04993316327,8478.30500510204,8217.79485530612,8314.47185255102,8342.48298265306,8250.71358540816,8447.72613020408,8287.29397387755,8380.62807959184,8512.38694479592,8342.74912244898,8616.91365326531,8725.18430326531,8511.02165816326,8568.04072928571,8779.67804081633,8438.95748081633,8602.21065632653,8302.39762979592,8442.11173908163,8329.96030908163,8321.56494622449,8447.97746489796,8591.58516204082,8267.87058087755,8284.78099183673,8353.83078510204,8259.53827010204,8285.4411,8332.00402877551,8290.60190734694,8250.26075479592,8282.9438794898,8334.58210408164,8595.06089234694,8315.37036520408,8430.53335815306,8445.78933183674,8320.58853918367,8269.99709142857,8274.51296510204,8319.4601522449,8279.28300918368,8409.84740816327,8406.1317,8464.57887061225,8512.70283867347,8563.65843928572,8686.35699928571,8526.63191428572,8660.70473530612,8642.96902887755,8634.68880989796,8398.03846602041,8605.05770102041,8373.48878183673,8551.4743644898,8424.89861530612,8326.78395122449,8254.77974704082,8528.19437704082,8507.69123673469,8414.69871438776,8445.13691020408,8433.60568408163,8320.68212846939,8396.97542530612,8501.9401627551,8459.57084285714,8275.69590142857,8239.69272142857,8107.47326255102,8150.99400602041,8143.82140102041,8383.38594795919,8375.54184183674,8363.00549806122,8453.473645,8383.6618777551,8419.83621571429,8224.30285153061,8273.57347612245,8219.58284918368,8145.2457444898,8424.48236428571,8235.88539255102,8338.34462826531,8378.23636775511,8211.27642857143,8253.9185567347,8207.57683,8160.18434653061,8335.78346566326,8238.97534260204,8370.89637096939,8160.35636102041,8360.24376816327,8600.06077377551,8403.34127959184,8416.18443877551,8241.07982244898,8494.41239795918,8579.56674693877,8368.84943367347,8326.22508520408,8250.17743020408,8270.61006142857,8319.09270785714,8246.2522205102,8429.50157795918,8300.38678602041,8252.96894857143,8484.06085806122,8237.05162193878,8418.80790193878,8229.26011693878,8324.67001693878,8370.02480510204,8220.20565612245,8145.62603469388,8136.59260112245,8258.98575591837,8165.88864081633,8154.1933794898,8175.21459071429,8089.72645586734,8285.21662979592,8255.45822979592,8415.86093979592,8431.68868326531,8358.84036714286,8459.52808877551,8255.47936693878,8104.09253306123,8222.35164897959,7912.6018005102,8277.52363678571,8237.1723527551,8449.25210091837,8282.36519551021,8328.37957326531,8463.62683969388,8318.2303794898,8256.2705394898,8072.75522808163,8217.53629816326,8328.73673306123,8517.51497857143,8239.56325357143,8149.41021444898,8343.10919918367,8356.8179644898,8225.55152204082,8239.89462214286,8135.25879591837,8140.78536683673,8206.23806306122,8306.52980061224,8358.67447836735,8391.25111867347,8337.91199112245,8150.77288502041,8176.36921306123,8109.52537428571,8176.930285,8288.91103918367,8173.20056653061,8284.05890102041,8419.97741428571,8127.86034591837,8275.94877040817,8146.25916744898,8300.81853938776,8316.95917030612,8128.20207326531,8354.86805806123,8109.54976632653,8205.18124632653,8470.55018255102,8181.35164693878,8451.16690295918,8356.77068734694,8323.35076632654,8285.86162693878,8496.58306357143,8541.92148571429,8306.45343877551,8194.70204285715,8227.42325285715,8298.47266785714,8530.64364785714,8351.71835957143,8403.67591469388,8169.34012428571,8335.46858867347,8465.24734642857,8444.79328397959,8428.50488683674,8453.32938683673,8361.54810530612,8486.72260423469,8691.59511688776,8546.23713510204,8262.1467455102,8152.7308244898,8204.2600244898,8187.1383094898,8215.90952448979,8167.06317448979,8153.53362295919,8206.00571469388,8370.34163306123,8237.64401428572,8116.28220102041,8119.66675816327,8142.85776836735,8268.49925591837,8273.748775,8308.05601581633,8269.63497091837,8294.69531928571,8323.16182122449,8418.69408448979,8444.35610112245,8605.38059795919,8292.72673091837,8255.54487846939,8423.33939591837,8413.4866277551,8314.94648622449,8483.29260908163,8260.89987704082,8276.58258072449,8352.28347540816,8347.88892459183,8252.67656826531,8245.24949061224,8248.51256244898,8361.24073040816,8094.17158316327,8287.17084816326,8315.31589816326,8296.2708905102,8266.65970030612,8272.34123530612,8239.94307428571,8585.36114530612,8486.91760326531,8645.76389530612,8300.2570844898,8289.4497244898,8204.22149061225,8340.03811061225,8229.3101077551,8197.0260577551,8241.3344577551,8515.94380612245,8282.98028540816,8241.1375627551,8505.05873438776,8529.55124091837,8428.93262163265,8440.70918163265,8312.21516612245,8335.70041193878,8264.97477295918,8376.10178102041,8223.57433040816,8625.0756744898,8275.12199887755,8313.56661959183,8576.16268520408,8514.80161204082,8251.17996418367,8392.48333693877,8064.12933040816,8232.58196755102,8197.50139959184,8321.41576316327,8184.19962459183,8430.61710122449,8282.90986765306,8241.48067959184,8332.07635459184,8583.02270969388,8475.09419663265,8496.05379459184,8463.42295,8446.19239489796,8377.00938673469,8480.68636938775,8434.15593938776,8366.64181367347,8155.69240979592,8140.68611561225,8239.47655061225,8210.61237306122,8217.42654,8221.92469826531,8418.02554673469,8187.84159530612,8203.09714081633,8233.91743734694,8397.69466959183,8493.61678163265,8309.61413673469,8282.73723163265,8526.35808959184,8385.71961969388,8202.85115969388,8243.73174897959,8215.32113653061,8177.95192214285,8313.10536193878,8452.99459622449,8489.32239612245,8405.89690530612,8605.24144346939,8542.36844795918,8400.90541938776,8374.18486979592,8324.52486755102,8369.32151255102,8421.30358367347,8379.72063428571,8598.42854428572,8382.03855479592,8372.67952744898,8384.82038744898,8362.13832293878,8208.85014489796,8169.19727326531,8200.26877255102,8122.29743081633,8303.47881642857,8151.94930010204,8322.77949653061,8372.69013534694,8502.20906734694,8515.71585193878,8486.14671836735,8515.59494897959,8420.30640295918,8400.41982326531,8228.03755510204,8374.05883602041,8227.73068877551,8258.74575816327,8249.86362244898,8408.14286510204,8158.68368693878,8165.39140081633,8236.72265579592,8465.01510520408,8315.96536397959,8300.43617928571,8523.1882119898,8425.42120132653,8327.56399693878,8249.32412244898,8331.41429571428,8727.16685,8834.36471734694,8474.51242540816,8651.33404489796,8561.79179938776,8525.03426938776,8454.53946938775,8392.09772173469,8295.45359295919,8321.81156653061,8357.14368088776,8240.14862469388,8443.52785265306,8296.15500346939,8289.14326306123,8139.78603755102,8146.8283727551,8316.11204142857,8322.75394142857,8297.98659269388,8132.91423326531,8136.11235126531,8106.85184326531,8133.15926816327,8192.61042816326,8264.3341647449,7954.38971040816,8284.94346040816,8357.16535489796,8571.75795642857,8466.64311,8467.84372142857,8645.86755408163,8504.71621867347,8535.6816632653,8315.71158602041,8339.37638602041,8274.08771602041,8355.86498020408,8266.31103602041,8253.60829377551,8348.13423367347,8386.11459704082,8226.01359061224,8145.74769418367,8176.73301867347,8220.28857408163,8268.2318,8253.27240408163,8400.04728673469,8372.5248,8416.6226072449,8451.33145530612,8493.12502214286,8656.22910806122,8498.74219367347,8393.58585285714,8354.94452306123,8274.788045,8448.35279204082,8420.78068622449,8360.6028967347,8443.65172071429,8448.30761071429,8454.06672,8596.66164714286,8380.64733653061,8461.97820826531,8333.53247959184,8270.91841306122,8216.60306622449,8464.52209081633,8356.06906428572,8124.68336653061,8393.7987277551,8595.21678326531,8546.81457479592,8242.48396816327,8194.73039581633,8232.95675765306,8251.28317785714,8266.87317540816,8305.74869744898,8495.52228510204,8345.10093510204,8416.55068571429,8302.98593734694,8205.94956734694,8326.09499755102,8355.50431755102,8473.35815306122,8350.57437591837,8581.85749030612,8590.73965428572,8182.97072102041,8056.29813602041,8194.37523857143,8201.91816183673,8431.76993602041,8287.70465326531,8439.15703163265,8238.11016367347,8297.19741367347,8171.59163142857,8204.96506991837,8235.09812142857,8235.78442928571,8493.14244581633,8406.73363102041,8295.58874357143,8311.1444617347,8263.47230306122,8221.42692836735,8305.90694846939,8303.07295306122,8257.32174346939,8471.37945744898,8205.86897551021,8404.34761846939,8433.51318377551,8171.90498936735,8405.92739734694,8280.47601928571,8428.63749285714,8314.62119387755,8444.14001938776,8567.54531326531,8549.13373163266,8744.57648061224,8464.88990183674,8287.48004979592,8226.50930469388,8480.48301602041,8502.05281938776,8345.54931938776,8591.87086091837,8589.31977357143,8533.61607816327,8399.58225877551,8218.22692777551,8256.66783295918,8359.83678338776,8476.35163673469,8352.18613785714,8336.49223551021,8410.72041142857,8376.71203642857,8357.00115102041,8133.25479128571,8602.52259418367,8661.53947489796,8554.07575963265,8482.05443602041,8501.8368627551,8626.16934581633,8533.90763979592,8341.80148061224,8405.67526867347,8289.24566632653,8366.60951918367,8384.78719795919,8263.82426336735,8283.5197544898,8208.77319795918,8188.05856959184,8369.83950693878,8282.35988428572,8369.34130081633,8151.61308581633,8150.84643339796,8294.34407938775,8208.11717326531,8352.52374367347,8184.67446693878,8088.13286693877,8202.63383969388,8195.11910989796,8175.42656806122,8309.88265755102,8404.41601528571,8356.18061528572,8510.98736479592,8650.64666142857,8563.41967510204,8537.28329102041,8378.49751489796,8333.3847944898,8761.8094055102,8744.68659397959,8855.22152459184,8678.04862755102,8404.8845522551,8366.4124954898,8474.98310632653,8385.76192897959,8104.32298836735,8205.00546367347,8161.77412367347,8159.16722612245,8186.17096112245,8122.51165381632,8160.11020381632,8274.66342469388,8258.32665540816,8374.8168944898,8589.84242836735,8412.80574083673,8145.49864583673,8294.93839244898,8457.67425173469,8394.17352112245,8635.62017071428,8497.99991316326,8427.9650677551,8552.46873938776,8600.85518571429,8209.41767918367,8307.39505306122,8274.54209183674,8315.2810244898,8286.88963,8418.52823683674,8511.33793489796,8326.50523295919,8449.79974183674,8517.1745867347,8264.54603775511,8291.6642572449,8268.44486204082,8213.41209704081,8085.66430377551,8325.59255755102,8260.89633244898,8282.96444877551,8282.82713173469,8479.95264040816,8372.22911163265,8255.24921663265,8300.50567163265,8168.45105571429,8194.72625816326,8161.21792408163,8152.19130857143,8242.72371653061,8281.06801010204,8360.54388173469,8339.71760183674,8176.36633459184,8247.66789295918,8204.45600326531,8360.05903591837,8192.40567765306,8125.18624112245,8169.88723265306,8293.41331571428,8311.33708336735,8473.84264897959,8455.6590849898,8289.01042834694,8166.71861418367,8105.95443367347,8206.89418683674,8459.3840122449,8328.95517112245,8238.88421438775,8162.56813765306,8244.30301428571,8253.03968207143,8491.02772591837,8342.09763306122,8517.07807489796,8802.01266173469,8848.28955846939,8640.92053346939,8555.04026234694,8479.31772520408,8370.14856622449,8678.26508938775,8456.33069214286,8449.3358627551,8476.42260816327,8397.65220510204,8484.93806683673,8520.69181734694,8393.60987040816,8416.27101051021,8218.60118428571,8412.36980428571,8264.06480556123,8492.79260306122,8545.52598408163,8557.00286316326,8645.43077183673,8712.74706163265,8751.39881897959,8701.07572714286,8579.58038469388,8543.24095612245,8581.50949020408,8325.37448142857,8333.60191255102,8248.29708948979,8351.26305479592,8275.649135,8184.03210561224,8524.76293214286,8364.69434653061,8342.45844306123,8323.43077204082,8323.42852265306,8349.86067591837,8348.35357979592,8411.70304719388,8488.12302285715,8298.2533944898,8457.66568632653,8388.28489244898,8266.05640153061,8312.05465887755,8324.06213387755,8273.69192612245,8345.02550908163,8380.65057602041,8357.13375459184,8220.65817020408,8257.75266744898,8178.61516640816,8291.0913005102,8281.25551734694,8199.49411306123,8261.66085479592,8450.40277918367,8253.30706622449,8448.70526938776,8437.27327846939,8696.41433642857,8637.10932142857,8626.05087142857,8731.80857755102,8584.37119183674,8332.11655367347,8278.50162857143,8237.00129295918,8399.07510612245,8199.59078204082,8192.66788285714,8066.22177979592,8119.19162714286,8166.82348,8314.32894030612,8280.80077846939,8338.24080928571,8135.85320428571,8261.87032081633,8385.25233408164,8490.18783479592,8551.51617704082,8384.41653520408,8318.21134377551,8245.11536540817,8133.22198897959,7978.12407897959,8118.13010489796,8167.21986489796,8151.00737489796,8361.75744387755,8409.38795081633,8345.37137928571,8457.80982581633,8481.58798306123,8307.46023020408,8247.00364928571,8528.95016051021,8597.34574377551,8515.22220193878,8474.37532857143,8407.0929205102,8295.53603265306,8492.95600765306,8360.2627292347,8200.4809894898,8253.96394183673,8372.36988551021,8346.65641489796,8281.73700571429,8302.65284357143,8149.15294857143,8111.14635755102,8478.56461153061,8367.56346908164,8392.95498265306,8509.76749816327,8533.83671336735,8195.19577959184,8156.32496923469,8147.76250173469,8501.87578061225,8351.81975561224,8377.36570061224,8445.35513846939,8414.36418459184,8333.14745357143,8281.59310112245,8337.41055214286,8296.02860214285,8323.33018744898,8478.09335428571,8415.16712428572,8301.72719979592,8357.86565510204,8372.41471163265,8301.91023163266,8253.63284897959,8341.24756122449,8605.65435510204,8361.53986428571,8311.92035,8420.77726938776,8426.45646877551,8522.50200408163,8640.21171122449,8553.97157520408,8544.29921122449,8419.82243877551,8387.85021938776,8198.95639642857,8133.92339142857,8166.14790142857,8306.04263459184,8236.84907918367,8384.03172142857,8434.72601938776,8482.33850357143,8319.34345867347,8391.52899897959,8338.09758663265,8229.42358795919,8188.04264510204,8147.49938212245,8107.63961089796,8099.73608404082,8176.68663591837,8346.36672969388,8356.23855510204,8308.94319571428,8444.78699469388,8239.21205,8261.60337316327,8274.13861510204,8268.81104520408,8430.98188040816,8178.11334540816,8220.94417173469,8177.59786632653,8484.05969753061,8273.41324804082,8377.22444110204,8278.69666357143,8470.11861857143,8427.48496469388,8341.02840102041,8214.18012857143,8136.74214673469,8216.69743255102,8113.53022122449,8312.57154408163,8239.42976612245,8204.50067365306,8147.72749581633,8141.58440591837,8349.63978081632,8465.69097969388,8398.18347693878,8631.05273040816,8506.25392979592,8438.32609316326,8361.22132122449,8381.05681122449,8247.81839591837,8195.73458867347,8357.777515,8260.98630632653,8319.72351632653,8371.25613112245,8225.49042030612,8310.18180153061,8472.02483479592,8524.17986295918,8713.25912295918,8785.39058418368,8688.45865102041,8610.15728571429,8794.96820938775,8464.33625102041,8180.61295438776,8286.75978438775,8463.39620581633,8414.13060852041,8491.1172519898,8499.28258,8209.39071632653,8514.35313510204,8470.31908673469,8384.00456693877,8289.97818540817,8537.97507857143,8445.40317244898,8300.67751530613,8436.87919836735,8459.92685142857,8385.26016806123,8254.40203142857,8315.08743163265,8155.63176683674,8140.2477772449,8404.92031693877,8472.02550561224,8372.05128588776,8361.55428864286,8414.13261864286,8381.60182803061,8473.69668336735,8439.57652561225,8515.43895,8543.16981061225,8348.66911285714,8374.71038265306,8367.17722346939,8415.75739,8355.71394897959,8590.54697755102,8419.48621316327,8311.42385816327,8336.15246693878,8269.58494285714,8391.07092928572,8521.4311032653,8299.48204765306,8386.38124756123,8351.01505918367,8261.18496418367,8274.39171816327,8364.08988326531,8359.58672163265,8261.67694734694,8366.77620510204,8144.23050846939,8237.44054,8284.87029540816,8273.88430469388,8291.63569285714,8420.82772346939,8398.85529459184,8490.86169581633,8594.47495897959,8440.97142857143,8487.81923571429,8529.31906479592,8656.05888479592,8547.91327918367,8420.48759663265,8481.99122663266,8393.24566602041,8490.72960420408,8617.98665918367,8551.61782857143,8490.02578520408,8234.38811663265,8158.43826877551,8428.90120561225,8484.42633520408,8484.71055020408,8463.61720030612,8340.58505387755,8384.55899693877,8336.84249285714,8280.29054214286,8513.73936979592,8246.19179006122,8460.28340510204,8266.27928663266,8330.60553163265,8350.32971540816,8492.48317755102,8385.80731020408,8535.25574591837,8267.02895132653,8406.47850061225,8441.44487959184,8613.1118394898,8466.2508744898,8593.7722794898,8444.8145805102,8304.42849183673,8435.10912653061,8605.85877959184,8677.07044142858,8756.76519142857,8778.80189142857,8853.85583142857,8599.56338122449,8523.65751734694,8507.51231938776,8591.40051,8339.38570540817,8563.62841693877,8536.09906693877,8513.99738489796,8361.03284765306,8395.60514244898,8499.1510605102,8450.79216561225,8235.18176091837,8240.73294632653,8444.34055612245,8516.35364591837,8443.45423122449,8655.57422755102,8326.74624979592,8340.11683591836,8509.63949908163,8824.73554867347,8755.20591058163,8821.89853408163,8940.81720642857,8820.66242663265,8701.94396663266,8749.00462193878,8725.49012993878,8694.36944693878,8652.74724693878,8505.27050744898,8405.88461438775,8573.50361408163,8621.80343622449,8399.38559234694,8390.14996989796,8845.04187183673,8388.52060622449,8388.54284714286,8432.78684183674,8261.07117653061,8387.38829663265,8495.82404785714,8685.23553673469,8587.32834857143,8241.28709530612,8465.99931204082,8212.27149632653,8282.10976612245,8427.89483979592,8482.65966489796,8434.96886255102,8555.31799387755,8538.41624,8547.0123,8705.24805,8591.9142877551,8657.60098265306,8681.13328571429,8694.43966020408,8558.72145183674,8491.61716714286,8299.98139255102,8399.0784327551,8348.1717094898,8134.378665,8402.14153132653,8426.50961632653,8557.40278836735,8430.92714836735,8519.02611571429,8453.50001938775,8539.7957605102,8323.00114285714,8378.29609795918,8209.98190683673,8387.30764673469,8126.08382408163,8161.82447530612,8174.302285,8437.21603438776,8645.91078428572,8579.96001755102,8278.27943132653,8318.36330295919,8509.58214081633,8526.1908522449,8454.47429387755,8330.43015693878,8426.6653127551,8432.32694367347,8418.35858367347,8387.59961704082,8306.20062622449,8207.12675306122,8374.24569806122,8226.07367459184,8093.72253326531,8204.82722397959,8178.83026887755,8224.88133571428,8282.38315795919,8335.08860806123,8244.30303306123,8222.93963306123,8085.63846889796,8265.80903889796,8189.78392889796,8237.61724265306,8281.84645816327,8393.49759265306,8259.72397765306,8464.87986020408,8627.42963520408,8604.75246989796,8407.62779489796,8454.70859387755,8376.12156887755,8379.78236877551,8232.46506510204,8324.13165244898,8165.96237367347,8242.04718520408,8208.14760561224,8347.48361928572,8245.50599418367,8168.11129346938,8306.30296744898,8275.78825622449,8187.38443122449,8350.73886122449,8174.46881122449,8229.53998142857,8238.23575714286,8108.98245653061,8290.86224030612,8184.19366948979,8266.49049867347,8318.148835,8240.06119163265,8217.99633642857,8247.21539163265,8561.71009142857,8510.55957653061,8333.63010183674,8538.01430969388,8392.9939272449,8131.6774655102,8535.03037612245,8348.71285612245,8433.58738612245,8535.18208857143,8611.11734285714,8470.51020132653,8381.31145091837,8425.88532102041,8583.56065306122,8341.50461867347,8323.24006734694,8307.81117897959,8540.58021377551,8329.27703685714,8496.95810204082,8371.64422979592,8171.77949020408,8234.83940153061,8218.84304153061,8319.82116867347,8291.55385438776,8407.60996091837,8295.13110142857,8197.66465367347,8228.33328857143,8200.31086887755,8343.32113112245,8427.40986316326,8311.58719142857,8527.26456255102,8608.25772857143,8329.26548142857,8378.67695285715,8279.5490344898,8369.4619044898,8726.71727244898,8264.98325397959,8286.72530306122,8264.70032959183,8328.35550081633,8332.1451517347,8251.74625744898,8342.88896153061,8297.59900571429,8429.76898877551,8183.89088040816,8347.26629631633,8496.72033264286,8795.02711407143,8273.65030141837,8317.18693612245,8272.82091844898,8207.51372581632,8184.38567326531,8247.57291857143,8322.0970472449,8355.21133836735,8340.43596202041,8399.48129377551,8548.04945459184,8375.66795030612,8320.80200530612,8291.18142683673,8299.971795,8164.26803887755,8387.75909765306,8361.71261857143,8369.03432428571,8413.34918377551,8435.79604693878,8272.17104234694,8602.47681157143,8436.3828702449,8367.54506208163,8481.97851622449,8660.58282132653,8556.35537306123,8447.91672102041,8385.34970102041,8391.86955857143,8709.67372040817,8669.85833367347,8539.68146163266,8433.35877540816,8585.52960785714,8420.7074994898,8451.86687857143,8316.06590765306,8312.73332612245,8200.05061326531,8491.05607081633,8525.98271734694,8312.34955081633,8243.84231020408,8383.37485316327,8451.29793061225,8381.96313061225,8477.61388877551,8662.1461632653,8452.24471540816,8474.6539905102,8530.54975571429,8453.70091173469,8353.21307183674,8189.24933591837,8137.78083265306,8177.28378238776,8110.21580497959,8458.73076887755,8356.39952663265,8366.2986477551,8463.56536857143,8209.06400969388,8195.31244653061,8115.65840113266,8373.43731163265,8337.53810102041,8291.63055816327,8568.57823367347,8485.45973567347,8534.84078581633,8272.64120377551,8559.71993265306,8358.36915040817,8439.88693857143,8468.16680857143,8327.9889567347,8289.53683765306,8376.01930704082,8425.9632094898,8367.83400836735,8403.25015204082,8669.56117142857,8667.27886428571,8435.69723112245,8479.53754030613,8401.84020102041,8403.89853469388,8302.66315918367,8357.74388693877,8345.65383510204,8309.89541867347,8364.24561020408,8330.74837061225,8352.03301112245,8212.12820612245,8441.76611316327,8347.2499422449,8377.1204977551,8301.6770977551,8313.9459144898,8129.48107510204,8278.56565510204,8227.42878979592,8169.00910979592,8204.34372806122,8368.61313132653,8464.59741122449,8796.70145316327,8683.16246095919,8549.25481459184,8525.38069408163,8543.91311469388,8315.71533397959,8355.17239693878,8435.03271693878,8366.84775642857,8297.45501153061,8366.97072806123,8372.65243734694,8333.00719693878,8424.36409193878,8297.807075,8241.10068479592,8228.14901734694,8361.76214734694,8260.1609355102,8254.75495285714,8407.40468571429,8315.57301020408,8643.60271122449,8561.85810010204,8274.10078612245,8334.96733642857,8342.77954132653,8408.28402030612,8453.3332172449,8317.34997571429,8440.17033571429,8401.25438571429,8355.14843591837,8517.75858367347,8404.03339790816,8391.41344126531,8294.73847961224,8294.82649612245,8199.7951637347,8226.79200989796,8101.00280306122,7964.03303530612,8155.58784948979,8305.94138265306,8108.29764112245,8183.89597530612,8282.10618255102,8221.93438938776,8272.95197826531,8278.29630785714,8168.50481734694,8263.18262591837,8168.86247591837,8468.88767091837,8246.30173357143,8094.97217765306,8419.73067877551,8361.54479704081,8239.04768081633,8310.54624642857,8249.27137683674,8207.14902081633,8292.71789755102,8290.7673822449,8231.25861816327,8186.75407285714,8379.94039693878,8231.93505142857,8177.23716142857,8293.85219,8519.68695112245,8328.71504285714,8378.70267908163,8305.25392755102,8346.03928204082,8324.27936510204,8325.51300071429,8366.58231561225,8291.38780765306,8358.57527142857,8197.3063572449,8349.93610102041,8417.40565102041,8350.07330102041,8436.2243994898,8510.10413,8425.12136887755,8508.44933081633,8305.31629132653,8422.48078316327,8303.95264040816,8096.06979061225,8114.33769061225,8179.930599,8157.708009,8313.89701040816,8360.95753897959,8630.39672775511,8662.42515275511,8579.5565877551,8613.15910255102,8746.19250214286,8562.56243581633,8619.55888357143,8512.23739959184,8403.67137459184,8411.06089591837,8220.31501734694,8317.25853877551,8352.69148979592,8391.00551642857,8192.18465226531,8280.68165226531,8208.2341372653,8295.4896022653,8182.29867836735,8598.23566938775,8421.25778693878,8418.84318045919,8469.84589581633,8202.82150193877,8367.87406979592,8265.85918887755,8201.77172653061,8366.59246183674,8238.21077673469,8220.07344071428,8294.46430663265,8274.28134891837,8233.12935806123,8352.25606755102,8553.07035316326,8248.8953422449,8137.86422489796,8129.20232693878,8184.31840193878,8169.46985693877,8386.56206467347,8310.86991293878,8417.65842244898,8272.62756183674,8396.73534387755,8354.17769387755,8279.07507244898,8188.09455244898,8180.7074455102,8275.15206428571,8238.58768,8380.50399591837,8305.07870316327,8291.45042877551,8251.45634918367,8189.7745717347,8175.72583653061,8252.64987061225,8285.80766551021,8235.07120367347,8245.46832738776,8213.13923255102,8368.86156255102,8394.66180714286,8451.36809214286,8599.50360622449,8468.30215632653,8335.61669122449,8456.11750122449,8377.68652030612,8163.62242030612,8390.34892765306,8216.02353234694,8211.44877173469,8330.59708673469,8230.34233808163,8253.11910510204,8512.51055714286,8402.99498540816,8196.81114918367,8341.0341477551,8351.92115897959,8524.86593714286,8484.09721153061,8426.68537010204,8427.63734592857,8233.36343530612,8323.59513530612,8468.00000336735,8164.98393030613,8432.39033265306,8496.51528367347,8642.92156867347,8612.04313867347,8562.84254295918,8186.14120026531,8434.94940306122,8143.04606464286,8251.26746316326,8317.06580653061,8462.60333132653,8599.24736010204,8546.89718469388,8566.27635877551,8576.33067877551,8338.37046335714,8464.66985377551,8367.69874051021,8163.78858132654,8123.59549591837,8264.38545102041,8364.13091938776,8448.25781938776,8475.92630908163,8336.66208163265,8386.13356204082,8371.6764922449,8432.1488627551,8248.71824183673,8284.33450418367,8368.64667989796,8363.44622959184,8589.54759959184,8469.04799244898,8659.82598163265,8409.27917602041,8512.65527377551,8473.2936222449,8221.4410522449,8119.7236022449,8253.7611072449,8553.2125422449,8888.28942142857,8778.20697142857,8849.50446142857,8777.32680142857,8833.84021642857,8583.6883805102,8611.89240816326,8543.3057977551,8344.57172732653,8619.15299734694,8472.01860071428,8526.93132510204,8565.73807887755,8291.76118132653,8417.05646938775,8415.71984938776,8513.25016438776,8524.67938438776,8614.88851438776,8555.87129938776,8563.11584938776,8634.20321938775,8409.96040346939,8170.88703102041,8321.53689102041,8355.32337377551,8159.25329979592,8223.68554785714,8222.90441428571,8228.12254234694,8207.50454734694,8306.37305204082,8403.14848836735,8240.34433377551,8181.8604,8140.09162591837,8256.92032408163,8181.80745765306,8116.29256571429,8308.62533918367,8181.79854591837,8328.92116785714,8189.11364918367,8172.41148346939,8520.48586346939,8469.09525887755,8583.62697673469,8399.39363377551,8350.16895693878,8354.68344816327,8392.54916622449,8472.75634795919,8431.37549591837,8290.55917857143,8205.15421887755,8291.01436,8577.13630530612,8659.68659030612,8443.07036459184,8467.45818959184,8286.33947673469,8274.73570173469,8278.1333767347,8213.86721020408,8292.08477265306,8353.01770683673,8627.11992214286,8550.2669427551,8497.66244020408,8519.47734857143,8447.63634795918,8366.98130295918,8361.6316377551,8331.98335714286,8280.58842459184,8157.07158091837,8215.79936908163,8353.05935157143,8322.48527,8338.5112427551,8389.10831020408,8539.54353428572,8859.92193581633,8909.12444081633,8727.44866193878,8574.29092469388,8546.4411,8355.13212612245,8348.62260857143,8585.39026959184,8551.18737869388,8587.20811540816,8513.84324755102,8365.25972714286,8397.94425469388,8690.82128193878,9044.49862632653,8977.48036632653,8985.51806632653,8761.89457142857,8622.23465,8512.51523367347,8554.03018571429,8449.62692642857,8541.15162316327,8448.03751455102,8545.67168244898,8422.38869204082,8251.5739944898,8244.97015204082,8471.11229081633,8418.66278142857,8486.70956163266,8574.41409193878,8513.47858122449,8141.17331214286,8342.89965714286,8232.83449714286,8393.17880877551,8484.64799183673,8310.65002755102,8458.38117142857,8574.83102397959,8431.77213989796,8543.41430142857,8361.4974817347,8122.83524489796,8325.6354922449,8208.39987255102,8285.27836183674,8364.90505479592,8453.21205122449,8445.11826540816,8365.20525785715,8267.08335642857,8318.15011591837,8295.69856142857,8341.1386827551,8480.10204857143,8344.80491387755,8236.45677897959,8399.69046142857,8239.30072132653,8262.66338040816,8208.19765540816,8379.79711938775,8444.61061142857,8337.16183142857,8207.65170591837,8110.95127204082,8289.53478163266,8375.85728030612,8311.60898030612,8153.99749636735,8179.15794136735,8382.1507955102,8234.13347989796,8157.96211091837,8086.05763265306,8401.91919806122,8683.5044305102,8593.82839030612,8445.70366030612,8513.15753969388,8613.86394969388,8250.43420897959,8091.48992510204,8334.73918979592,8377.41235367347,8402.95426857143,8467.26862485714,8434.44991326531,8500.76771061225,8401.1110427551,8468.93239647959,8399.80790061224,8475.09619632653,8191.08254734694,8286.14086142857,8289.22744897959,8273.31246214285,8223.17318704082,8198.06510204082,8232.32368897959,8283.48278265306,8271.77448778571,8434.63845193877,8286.09913173469,8233.93781030612,8287.19710081633,8306.42791387755,8384.15372306122,8361.27839918367,8306.1354967449,8442.91772122449,8276.85676387755,8302.82809816327,8340.2948694898,8365.01377928571,8376.09226530612,8166.9571322449,8281.45283928571,8111.86592714286,8145.64666765306,8181.78419071429,8115.41658144898,8250.89237346939,8219.92781306123,8260.27042969388,8273.47379367347,8286.83409928571,8262.38077081633,8182.32253785714,8443.3211177551,8257.33945387755,8244.43567020408,8327.85548846939,8247.40440802041,8370.48707959184,8287.06137663265,8437.54679204082,8496.29549744898,8275.6383082653,8387.76798142857,8256.61217846939,8435.24562479592,8370.5312705102,8359.66774897959,8241.70518438775,8221.23104428571,8422.52107857143,8480.85296938776,8370.12926938776,8331.35740734694,8598.17899877551,8489.67191153061,8637.84007918367,8503.4152722449,8425.19305887755,8525.89619367347,8509.49183306122,8483.61046744898,8421.82574173469,8440.0933622449,8474.21774408164,8281.89984,8271.741475,8433.30838265306,8489.41774612245,8370.41801714286,8328.63447234694,8427.94447734694,8419.21685734694,8404.69319234694,8503.59201704081,8291.05721755102,8389.51173336735,8390.62994938776,8250.64668571429,8431.59612265306,8540.74984183674,8438.292855,8274.50033193878,8156.95634102041,8220.10487228571,8714.20914381632,8460.7140544898,8567.41432653061,8383.53889591837,8583.20004010204,8653.24775030612,8288.92119010204,8421.23942571429,8403.44278112245,8303.34245612245,8404.10747530612,8576.04024326531,8610.48716234694,8504.03749602041,8731.37306836735,8726.50391836735,8615.18114693878,8417.01400673469,8473.60067897959,8390.44108377551,8469.2495905102,8465.19594653061,8591.52320561225,8454.02241255102,8586.30568918368,8285.89843397959,8255.74811289796,8521.33209897959,8291.01363304081,8337.33841304082,8293.41182581633,8275.78145581632,8282.29830622449,8257.21905052449,8245.93371562653,8175.4910727551,8454.63171836735,8289.33232551021,8221.01976428571,8448.14867551021,8252.13458846939,8339.59953816327,8352.69421316327,8150.69845040816,8174.33253663265,8243.29824071429,8242.29702204082,8346.62887683674,8379.76819602041,8361.72167622449,8390.72221051021,8326.56017551021,8449.8187017347,8507.78395173469,8597.88432571429,8319.06722071429,8477.68897173469,8501.68684081633,8613.09993602041,8441.3784877551,8184.78825122449,8445.5137532653,8202.28188408163,8154.80836979592,8267.0403194898,8533.98835857143,8499.06985142857,8460.51682142857,8725.2650794898,8566.86770846939,8576.38509,8710.97911459184,8585.96913530612,8564.85319183673,8416.92236642857,8384.64044183673,8379.96516561225,8393.4195579898,8385.6964244898,8400.37481234694,8366.75753877551,8517.45084316326,8399.79436326531,8365.77147959184,8264.25286867347,8247.97368582653,8064.64720469388,8258.58463510204,8310.60692153061,8322.18265408163,8229.83046530612,8363.27793214286,8332.50900265306,8264.65852938776,8169.2892222449,8063.99936122449,8362.46878081633,8200.68725673469,8193.86583663265,8189.6732394898,8242.6554077551,8278.42370591837,8212.52040357143,8323.81835255102,8195.33808540816,8476.31579755102,8053.28001432653,8338.6360917551,8291.95085581633,8153.24949163265,8296.4646622449,8464.44416989796,8343.84099438775,8258.89258346939,8152.54088591837,8317.73666459184,8235.44910979592,8278.41660551021,8360.69942173469,8310.3737917347,8132.91336581633,8220.13163418367,8099.50028912245,8181.49607367347,8118.15782622449,8178.14100755102,8197.90048459184,8276.12256295918,8561.77611183674,8379.7449927551,8305.51513377551,8378.06798877551,8420.42177877551,8289.41996729592,8302.80660571429,8279.10491755102,8283.39113081633,8376.37080428572,8335.90877755102,8261.85432938776,8523.49448622449,8356.75022448979,8308.46473602041,8372.88621214286,8228.53291530612,8300.90070030612,8332.16873861225,8135.74594061225,8222.01394540816,8390.64646020408,7994.34019693878,8379.93868193878,8577.98660816327,8561.71848918368,8507.50450346939,8380.86018244898,8356.82147581633,8331.67812153061,8415.78207632653,8372.8161127551,8277.58382806123,8529.76150459184,8546.29062295919,8254.21901102041,8257.97241632653,8264.78900346939,8397.61742346939,8333.17076346939,8317.49256938776,8333.65539540816,8308.33769653061,8287.96955653061,8443.77891387755,8353.49527091837,8441.12044530612,8564.69391765306,8477.03567051021,8719.44406367347,8467.18841132653,8471.781155,8390.1509922449,8335.20581591837,8419.81506663265,8313.36578836735,8335.17639979592,8530.06747020408,8590.27933704082,8529.79449204082,8522.83969704082,8648.38296204082,8621.51671704082,8545.45621275511,8572.50728408163,8410.00680816327,8585.68800602041,8328.69919928571,8603.80638061224,8327.29251571429,8510.83409959184,8302.39651755102,8272.8866977551,8165.63236857143,8208.66829612245,8077.86547469388,8156.94031826531,8488.69989857143,8491.45760969388,8492.61023346939,8361.72195969388,8322.62506255102,8399.94751397959,8216.74492897959,8158.61311612245,8276.38038887755,8255.92905489796,8295.93870765306,8764.09845785714,8681.64343468367,8701.80185918367,8559.38271714286,8480.65513918367,8655.96603785714,8340.01052214286,8299.67858918368,8412.24869214286,8349.03769826531,8201.84244406122,8209.95574967347,8413.69847336735,8385.75154459183,8639.95800153061,8785.25810908163,8662.74807795918,8583.0365372449,8521.44375183674,8316.64211632653,8404.09772632653,8202.33046938776,8380.27829693878,8383.13177612245,8373.58649755102,8268.77335459184,8385.95803755102,8179.49884571428,8228.21758479592,8317.2647394898,8555.14619887755,8354.97871142857,8305.19423397959,8454.64750734694,8496.36764663266,8535.00092265306,8351.47828163266,8341.79181020409,8276.42063047959,8153.69476459183,8281.45532969388,8250.23954265306,8441.60786693878,8423.45705336735,8438.98487969388,8447.07181744898,8553.15082255102,8320.43730122449,8531.76996030612,8368.82178428571,8620.55127846939,8309.1120222449,8293.29514602041,8302.12774602041,8279.71905102041,8316.00114102041,8286.89957040816,8276.21430112245,8621.49317377551,8436.16618479592,8630.03102561224,8681.53218061225,8742.88366754082,8808.28224988776,8754.84206428572,8813.56085581633,8885.18642214286,8881.33739704082,8762.18141938776,8743.55249938776,8511.88526530612,8437.90708367347,8640.49793367347,8444.54398867347,8536.46904795918,8490.63748061225,8391.85380204082,8542.48530204082,8391.37764336735,8315.32063510204,8284.70894622449,8232.2411072449,8288.55762561224,8191.48579081633,8340.31620948979,8436.13102887755,8259.51172061224,8125.50991061224,8182.74640061225,8140.30485785714,8219.47062979592,8366.46842959184,8393.5722327551,8427.22633112245,8215.22002418368,8295.09588163265,8302.64306530613,8342.22531530612,8339.80419938776,8320.54923938776,8470.24339561225,8414.42182591837,8485.94455173469,8442.6996067347,8538.43578020408,8313.55784520408,8309.28732040816,8638.34020795919,8608.36567377551,8651.48138479592,8668.94653,8608.60174795918,8536.98620826531,8437.65538928571,8553.61340530612,8439.85257663265,8468.55907612245,8203.83121581633,8226.2398927551,8271.02198010204,8189.00182918367,8319.5401422449,8463.18919112245,8337.65189918367,8356.2513394898,8297.69970530612,8229.68516061225,8370.62291428572,8439.70639785714,8193.67041346939,8295.92021877551,8348.7812227551,8182.62963693877,8187.94933693878,8282.77573693877,8339.45284516327,8466.95671020408,8278.92752816326,8445.1533572449,8492.07072765306,8593.45227673469,8445.44407163265,8326.9452122449,8404.21487816327,8357.78304765306,8466.70878336735,8242.25991336735,8301.69810153062,8252.27782877551,8384.72779877551,8316.24542765306,8358.83058438776,8415.13014387755,8482.65002653061,8590.13956357143,8436.64101010204,8375.99536122449,8479.76335510204,8348.96322857143,8512.77129489796,8491.26918102041,8643.41425102041,8495.20666897959,8411.74817326531,8286.14185142857,8390.01374632653,8258.54416632653,8223.62394959183,8318.43753673469,8297.28416418367,8320.73230571429,8338.40483979592,8291.50910387755,8334.02063540817,8697.54379755102,8270.30746132653,8433.57057030612,8488.6914805102,8419.7487955102,8319.37970255102,8337.33931255102,8364.82512122449,8471.26948102041,8448.59793418367,8701.44323061225,8328.39634959184,8370.43174663265,8478.96033367347,8684.96712377551,8657.09469918367,8672.21845918368,8637.27266918367,8694.88499877551,8574.85044316327,8230.17460306123,8798.76657755102,8877.57143571429,8706.7838372449,8516.84092857143,8520.4153255102,8310.83531461225,8287.03923765306,8229.08461765306,8237.75391608163,8381.76748108163,8500.37140593878,8453.90449093878,8221.50481714286,8123.06915969388,8254.92911826531,8212.18920255102,8561.75386020408,8225.94439959184,8157.0792144898,8219.03100122449,8379.52433316327,8641.87053112245,8432.50971969388,8483.72699663265,8243.17797132653,8564.79187081633,8298.20321795918,8410.21606051021,8243.35584887755,8210.88375571429,8214.62493704081,8378.83987408164,8423.08934744898,8239.98680438775,8184.75082255102,8222.20064887755,8573.77952397959,8490.50862857143,8260.13459336734,8176.2845422449,8096.63464408163,8334.5322927551,8357.98623581633,8331.6175777551,8340.08658097959,8182.83898714286,8299.04192714286,8220.30498908163,8288.80515204082,8129.67734693877,8308.63271530612,8464.59263804081,8578.12210661225,8309.27309857143,8340.99736020408,8360.19844285714,8641.08935571429,8394.20463704082,8414.50856693878,8646.02791734694,8819.68139255102,8733.71742020408,8612.56897908164,8466.07236122449,8446.96280112245,8657.59727397959,8409.18537897959,8444.4052405102,8520.37578387755,8408.81115632653,8444.69656632653,8406.63076632653,8300.2456972449,8469.67828969388,8488.30693204082,8469.49272795918,8620.99253469388,8506.57338469388,8890.9287622449,8574.34121836735,8207.70754367347,8216.47046469388,8277.3140844898,8362.31775653061,8403.21521316326,8394.82831510204,8460.77767153061,8556.79359877551,8416.27460836735,8437.2171494898,8428.22890448979,8244.8404044898,8253.2946444898,8557.47654091837,8555.82853602041,8477.93898173469,8538.52347132653,8301.54881887755,8502.7876644898,8678.06101265306,8478.71869142857,8508.33791979592,8619.18401255102,8518.50878887755,8506.34076714286,8687.71901122449,8441.65640204082,8552.32430520408,8411.54976020408,8582.67583061224,8765.60367653061,8551.31238571429,8773.13782377551,8568.15218622449,8494.11009693878,8267.89117244898,8183.72842538776,8239.3321067347,8275.65796693877,8334.8347067347,8113.16616283674,8127.75765081633,8730.34419693878,8518.41295714286,8448.33802244898,8331.70019244898,8470.01383571429,8563.90408571429,8491.50419346939,8307.55081489796,8442.54032959184,8176.6224467347,8345.10939081633,8396.77075306122,8458.56743071429,8277.44441,8218.1127847551,8250.49232234694,8258.99878129592,8470.15394653061,8320.69766255102,8429.81676326531,8298.60583091837,8308.66921295918,8409.07075122449,8462.17937040816,8235.42231469388,8340.00389897959,8526.53443969388,8327.30532316327,8409.22294397959,8411.58568744898,8665.55350693878,8487.24474693878,8551.85761357143,8442.65792142857,8375.03188571429,8241.41053073265,8408.13042420408,8453.51134632653,8424.11256316327,8391.65713367347,8456.31104755102,8411.65919479592,8396.07350816326,8656.22062306123,8730.22655255102,8546.91395928571,8457.3086377551,8570.49167428571,8472.45905530612,8465.38651030612,8426.60340418368,8482.71254469388,8600.65198530612,8673.04647551021,8581.63236551021,8570.58059918368,8609.99510010204,8245.24469744898,8367.71850714286,8137.71120326531,8234.40224326531,8238.06881326531,8340.08936142857,8336.5383572449,8356.51469602041,8330.63096755102,8348.75670306122,8502.46000734694,8497.78974989796,8396.69692969388,8264.11955469388,8596.07453765306,8275.97140408163,8304.93503571429,8417.87032540816,8378.22293010204,8172.55053918367,8246.39436163265,8699.4466617347,8662.04009795919,8556.93694081633,8620.66485387755,8367.32008171428,8305.00236602041,8307.02056102041,8296.64045419388,8129.88924408163,8375.42566663265,8576.11513602041,8366.37564571429,8514.57313489796,8625.76357918368,8476.87766123469,8340.41885040816,8412.27858622449,8452.58932857143,8520.84124489796,8552.84284489796,8241.57144846939,8425.25688632653,8303.52015081633,8208.09747081633,8337.59153714286,8171.87312979592,8320.82142408163,8156.36327857143,8083.59345622449,8313.54063765306,8265.09065387755,8293.70915785714,8254.99180428572,8241.62551316327,8385.3935794898,8193.03751402041,8184.51100755102,8285.9943744898,8378.61130846939,8226.0951805102,8299.84209693878,8329.61167897959,8590.01232081633,8335.72533908163,8298.72759561224,8299.78078408163,8350.050865,8271.64594795918,8285.28421877551,8385.64812316326,8352.83397418368,8428.9730582653,8285.81863479592,8239.92014061225,8158.69748438776,8195.33980826531,8277.63352918367,8227.42842918367,8237.66290418367,8247.60052418367,8302.61763214286,8323.96944357143,8593.60127234694,8256.08540397959,8416.16199469388,8262.62774163265,8279.07787969388,8199.51536938775,8311.67058336735,8452.73219897959,8273.14462795918,8388.15537155102,8485.19386530612,8562.55798806122,8415.42319989796,8713.50231755102,8377.47198571429,8494.81615316327,8410.57900816326,8381.51746897959,8459.98868030613,8160.13478530612,8172.01748377551,8178.88664367347,8278.44839795918,8180.52187989796,8274.42330744898,8240.33495244898,8291.75410387755,8396.28656387755,8357.57699183673,8310.61592183674,8155.46946665306,8232.6782422449,8322.51083520408,8221.33420020408,8170.77993408163,8350.41555591837,8407.31456397959,8399.4593217347,8277.98349377551,8257.77033371428,8304.71570653061,8407.34298489796,8465.80071367347,8544.93882204081,8534.23629142857,8374.06945612245,8386.91997969388,8116.8782122449,8397.95777387755,8541.75768520408,8625.18712836735,8647.06935102041,8396.70194571429,8257.14158571429,8347.47415502041,8545.8494122449,8484.39987428571,8459.71268387755,8411.52777040817,8561.29952183673,8346.25065673469,8250.86905234694,8477.02054877551,8256.57874969388,8324.23357234694,8416.65844755102,8387.35359877551,8457.26947571429,8417.87585897959,8441.11774214286,8385.42730714286,8138.83792369388,8399.94618509184,8279.80069468367,8403.61585345919,8239.49217633674,8226.94084541837,8371.23033970408,8465.13788296939,8412.88189143878,8527.55790295919,8482.67400081633,8540.30776422449,8561.87851422449,8379.54708489796,8172.19916877551,8252.63287938776,8292.5410317347,8467.92950693877,8329.22825122449,8317.50590204082,8242.97383836735,8399.51307030612,8475.16941408163,8422.62812608163,8507.42927836735,8194.96272183673,8457.50401510204,8424.82476663265,8382.17993346939,8275.62468693878,8248.43612193878,8639.78488561225,8470.52782316327,8519.05722306122,8500.18881091837,8358.09055377551,8138.11593346939,8207.26757846939,8205.80798346939,8254.16222102041,8282.56080632653,8301.02864092857,8262.03193164286,8516.39830081632,8269.16904163265,8494.98038061224,8339.45756183674,8247.84482357143,8136.41772418367,8173.20934908163,8125.01835316326,8238.55346326531,8227.19407704082,8187.65946357143,8258.76001683673,8389.50054510204,8253.68181020408,8192.35213306122,8181.41431306123,8248.0126917347,8367.17778744898,8180.4002315,8276.99977908163,8489.23374653061,8431.324785,8192.57100306122,8491.89803367347,8358.69628571428,8594.92361979592,8350.44884306123,8336.05771285714,8349.92143897959,8325.20668418367,8264.30212704082,8157.2915917551,8215.62417387755,8267.37367979592,8178.11167979592,8237.61810591837,8353.87275530612,8287.13481530612,8375.87395418368,8262.60190629592,8316.20304020408,8152.49899765306,8231.14675765306,8277.44704265306,8144.86814306123,8317.22613383674,8466.67888673469,8367.63804846939,8344.00358346939,8330.16831734694,8356.92063428571,8207.07291428572,8322.68937183674,8286.12634285714,8146.8711422449,8097.38911836734,8186.84896836735,8093.82751386735,8259.9048927551,8094.034068,8493.95375979592,8427.78588346939,8282.10100797959,8412.44781322449,8306.0678310102,8255.5540682551,8399.85986682653,8351.2538705,8359.05038070408,8288.78153520408,8650.11033132653,8607.05141918368,8668.67684918368,8815.4921272449,8692.56516163266,8589.81321836735,8601.71917602041,8430.64708602041,8480.02522969388,8511.08536581633,8873.66399653061,8550.42582326531,8388.57707040816,8457.45360938775,8348.90762938775,8403.91475418368,8423.11934928571,8333.33534897959,8363.61242469388,8425.94626346939,8237.69276969388,8558.44100479592,8431.27391632653,8516.09489387755,8592.36372887756,8561.95349326531,8457.75580622449,8268.25930346939,8227.50965938775,8450.53494714286,8530.96043367347,8498.38443469388,8550.11337897959,8393.71301918367,8616.1601,8422.59967663265,8677.31061091837,8408.54673938776,8238.4027422449,8513.33852377551,8346.79064306123,8280.68620306123,8265.58722556122,8360.64694306123,8282.33953306123,8350.25387806123,8413.19195867347,8458.0146422449,8387.76494204082,8319.21680204081,8441.0955244898,8406.19924040817,8405.34266540816,8321.99630632653,8242.05092816327,8360.06815928571,8334.30635632653,8197.77577132653,8458.49458897959,8443.03763979592,8472.59476755102,8439.93675102041,8525.42539244898,8286.94706530612,8281.77475204082,8393.47091459183,8377.49996836735,8440.30625102041,8364.11739346939,8330.28550785714,8193.22952408163,8227.86160642857,8153.20128785714,8267.85483142857,8249.75266704082,8316.8107027551,8324.23652897959,8234.18357,8239.50956612245,8130.25346322449,8290.6818222449,8411.84456112245,8448.96519336735,8354.29385887755,8234.44794887755,8141.86620938776,8224.29854183674,8499.44312244898,8333.44278663265,8412.01114897959,8463.63119897959,8556.20069653061,8308.10608247959,8275.00721928572,8414.81167095918,8542.41266938776,8564.16655153061,8339.64764663265,8525.37204591837,8479.66886887755,8252.8808110102,8290.7110655102,8229.35143316327,8124.38400489796,8157.15275346939,8157.33056142857,8237.08275112245,8457.06634336735,8360.46499959184,8540.93559704082,8576.86146295918,8473.05481571428,8406.06917142857,8385.07131246939,8423.98871685714,8423.61419489796,8748.08237663266,8525.44558571429,8188.17097632653,8327.42714632653,8311.66194316326,8373.35465142857,8351.64691571429,8343.38890908163,8425.22807501021,8409.66552225511,8397.43061154082,8460.82500877551,8507.64617540816,8446.88618877551,8360.54357510204,8512.04853306123,8212.76794040816,8319.65890010204,8375.53708530612,8232.74245765306,8253.02497142857,8479.04446581633,8395.70700816326,8501.41055571428,8472.42613040816,8593.79818459184,8435.71385377551,8555.32724928571,8355.39960428571,8463.77248071429,8398.24128244898,8589.76255163266,8525.46696826531,8341.94939244898,8441.09802369388,8353.1285375102,8516.34835857143,8471.45233704082,8235.36233030612,8360.69003112245,8230.80417642858,8292.53147020408,8653.17413295919,8305.31576714286,8367.66776510204,8305.3674577551,8424.98968265306,8416.025975,8403.82571530612,8360.32700918368,8311.54960663265,8265.40275622449,8565.51809071429,8276.63513042857,8222.30838520408,8212.09244622449,8255.2263017347,8121.83483061225,8170.08574061224,8195.12798744898,8340.30311428571,8158.56468438776,8205.82499336735,8125.89864336735,8204.62452428571,8204.69511928571,8378.49310051021,8338.20389153061,8220.00146326531,8300.91159326531,8353.42470428572,8441.10725234694,8300.43443714286,8395.55746122449,8244.04173632653,8275.53232122449,8259.21169877551,8237.73167401021,8215.87441564286,8298.3668072449,8298.39584306123,8270.26257653061,8159.27946744898,8235.53878530612,8253.23298734694,8277.47645406123,8454.07376102041,8246.34299846939,8225.97822581633,8244.37744897959,8447.96797285714,8424.36091530612,8385.99683030612,8311.59041530612,8336.63026244898,8319.46735877551,8197.71811142857,8184.30463408163,8330.88159,8127.21849428571,8202.58410428572,8179.33099336735,8303.61502744898,8376.55094693877,8481.79649693878,8370.54152142857,8637.47900142857,8610.31152755102,8565.64178316224,8339.48616561225,8445.94723540816,8369.42697377551,8308.41981040816,8095.27667438776,8180.58464744898,8589.65086030612,8372.65129765306,8264.85054142857,8223.50578989796,8255.74444408163,8441.10765877551,8306.11626479592,8150.98118132653,8110.65719132653,8194.06641009183,8254.65298621429,8356.53536561225,8246.82565938776,8192.32593510204,8246.92668510204,8221.38769581632,8188.59604663265,8065.97611204082,8161.01743316327,8173.56975316326,8113.10832744898,8242.93130102041,8173.69207,8211.83840714286,8195.71288244898,8342.64566989796,8365.11485897959,8204.12067357143,8262.33927357143,8328.68617257143,8135.84025,8318.68177346939,8094.1340722449,8099.7136922449,8253.1733944898,8373.80822663265,8319.38685704082,8303.01354673469,8166.09911265306,8311.01561979592,8333.94403867347,8507.50155673469,8450.96307948979,8325.8280627551,8330.5234977551,8146.08987183673,8237.69674969388,8517.76584714285,8250.68995306122,8258.30362428572,8320.0858255102,8200.16248469388,8273.46867857143,8280.57301102041,8348.47586816327,8361.68518316326,8264.49618214286,8238.74928214286,8295.25719153061,8393.68954653061,8226.10519653061,8156.25634071429,8206.43695673469,8323.99658867347,8332.01577867347,8532.27662673469,8597.53472,8724.31686469388,8225.02098020408,8237.99252408163,8367.78695408163,8481.94283010204,8585.83655183674,8358.09689489796,8566.41577806123,8479.71001530612,8614.37126846939,8595.42797346939,8473.32223061225,8266.7680277551,8169.35697530612,8172.93716857143,8349.33624928571,8199.01133510204,8234.07029418367,8274.05977490817,8201.10947204082,8294.06264479592,8353.86764479592,8435.66404071429,8421.84595397959,8339.4158582653,8330.79630612245,8464.59462367347,8387.31494755102,8384.92528755102,8462.91330112245,8383.98542663265,8257.13959561225,8242.14727857143,8373.17079081633,8582.49038979592,8407.30992469388,8333.24913183673,8171.04303336734,8239.85582602041,8370.1523672449,8356.48147653061,8323.16631122449,8248.03120010204,8320.47461387755,8432.31449663265,8460.02076887755,8440.99530428572,8382.39330408163,8201.89044071429,8256.51965336735,8266.25712622449,8202.98211132653,8374.7918367347,8177.19475959184,8325.71425377551,8498.19852857143,8479.68871020408,8584.29448775511,8623.07470408163,8421.45859438776,8311.82371979592,8305.97070081633,8243.76998163265,8325.97526918367,8281.60440142857,8168.20526142857,8221.61051877551,8312.26019306123,8285.38379710204,8114.97991210204,8165.88353489796,8165.42303602041,8189.96858602041,8260.39953653061,8345.47181051021,8573.25158510204,8548.26205102041,8286.80404836735,8244.08001918367,8225.66025857143,8303.11623836735,8254.40311510204,8263.87944402041,8334.56964816327,8138.38251326531,8115.30144326531,8164.76833836735,8418.51612571429,8647.33656897959,8724.33761663265,8608.53946255102,8674.01680408163,8711.59639591837,8578.38216444898,8443.59840404082,8482.43393363266,8668.37522714286,8583.92368979592,8621.55559051021,8417.2427644898,8430.75208040817,8292.48076285714,8510.46578918367,8614.10857020408,8468.26913081633,8689.48477142858,8638.55243061225,8548.12919061225,8631.87242071429,8527.24802653061,8699.33645091837,8857.80197491837,8485.58819081633,8394.31853255102,8262.4164727551,8514.35191704081,8369.05290877551,8133.68278765306,8403.43004469388,8235.69330457143,8352.08418377551,8222.41106785714,8264.63693102041,8527.1016255102,8285.49903071429,8517.30234642347,8314.67955653061,8325.94818877551,8329.98059361224,8257.43607561225,8592.43585632653,8593.45218132653,8601.86490632653,8459.03511326531,8555.23106897959,8222.10905163265,8130.34034402041,8583.13348857143,8193.54804448979,8237.26383448979,8364.66934795918,8141.35368969388,8318.38337469387,8195.39712969387,8064.48524969388,8194.12261071428,8297.8152477551,8352.60918795918,8211.38834755102,8212.66439142857,8289.6968622449,8177.59354642857,8132.36234846939,8191.37359089796,8101.14608089796,8416.4544672449,8365.46893816327,8398.32906693877,8325.14727591837,8470.48509816327,8278.30614663265,8189.97119734694,8162.13403204082,8190.54893571429,8180.67714163265,8298.82618265306,8266.8433155102,8391.22191428571
796.734693877551,8789.14742653061,8612.96374387755,8770.66721122449,8827.18811122449,8716.96950510204,8421.53371806122,8447.3124672449,8521.97626010204,8533.28689581633,8585.67882408163,8487.60134008163,8373.75211030612,8285.5591894898,8415.0777394898,8778.78709489796,8409.86460255102,8258.78650887755,8348.70215346939,8597.99784102041,8461.64235739796,8439.36934704082,8709.87616020408,8483.07106775511,8514.28148959184,8463.04679734694,8478.24440734694,8681.49509897959,8422.06235510204,8468.35831395919,8527.71853132653,8321.38406530612,8806.97372581633,8814.60944336735,8280.77291336735,8283.67570255102,8381.77917744898,8388.43181418367,8575.05935918367,8734.03115918367,8681.04194438775,8885.09263326531,8873.19769142857,8615.89802102041,8665.61915102041,8483.99417744898,8418.77380653062,8608.23156530612,8552.68481030613,8519.18835204082,8367.22629795919,8399.95091795918,8595.99933877551,8583.74146377551,8561.38845795919,8535.97043469388,8603.35718469388,8710.90953163265,8566.28163061224,8270.7613377551,8460.10988979592,8532.8187122449,8525.00749346939,8422.22801530612,8591.34248530612,8491.86961551021,8475.8750255102,8657.56050061225,8637.18789581633,8840.18407255102,8588.87182295919,8661.53840612245,8598.61985680612,8587.69530806122,8520.44773857143,8547.88647857143,8523.52655142857,8520.40216816327,8699.94740387755,8391.38196765306,8395.33149836735,8590.06701959184,8623.57452081632,8443.64701,8468.76233887755,8387.31666214286,8759.42072142857,8730.26502489796,8795.65052489796,8966.59907510204,9001.24327,8531.82005,8589.07195469388,8451.58178785715,8729.2209982449,8544.25165938776,8703.71272857143,8658.17657244898,8733.20642142857,8584.26117438776,8433.38334183674,8369.86756683674,8508.62634397959,8631.5795239796,8502.18887857143,8425.70223571429,8436.32353581633,8620.58368765306,8358.4979277551,8465.27771857143,8253.38500867347,8213.39226959184,8403.19884408163,8537.01554653061,8608.91818081633,8931.25539234694,8718.81840489796,8675.00298265306,8781.76592020408,8773.31306520408,8878.4724805102,8958.89728040816,9592.28515836735,8796.03823877551,8969.73799653061,8770.73869897959,8873.11896285714,8619.01881489796,8777.35336795919,9015.88373489796,8623.57740673469,8811.09940897959,8562.94224142857,8827.43376734694,8447.63594040817,8668.13861836735,8742.3899717347,8945.56553301633,8810.60590365306,8483.94743428572,8301.49029602041,8316.59177816327,8503.46742427551,8435.07003061225,8371.84232346939,8610.6422122449,8479.09626326531,8689.05088938776,8706.91023204082,9150.35797183673,8986.83749734694,9085.60198877551,8687.2628657551,8814.94993244898,8431.69734795919,8451.23978806122,8556.05771244898,8384.60765744898,8427.21494693878,8634.33613704082,8586.76835285714,8473.12720285714,8928.1778605102,8720.53131051021,8567.19713520408,8495.91808091837,8541.98267102041,8690.57214973469,8535.76681183674,8788.78065061225,8502.1580417551,8499.94909561224,8609.10901326531,8618.25518234694,8727.19217142857,8857.7940272449,8679.80130826531,8739.67396938776,8484.05985877551,8489.37611846939,8772.41892346939,8544.43850785714,8616.98967755102,8553.9268605102,8525.64024846939,8644.65799836735,8345.9776722449,8428.406135,8388.02410063265,8483.44984030613,8547.50915979592,8575.93981071429,8518.33659397959,8427.00009938776,8753.14430714286,8781.02786826531,8551.05560969388,8406.04927469388,8570.70783173469,8541.42492071429,8743.66512102041,8742.26918683673,8557.112655,8448.293,8574.2226232653,8557.3562094898,8488.1573094898,8810.20271428571,8573.82892959184,8569.86616204082,8532.57126122449,8686.54721122449,8514.76174387755,8512.93832857143,8578.75270928571,8358.62033857143,8394.88812642857,8261.86074622449,8346.66246928572,8459.13722438776,8549.08376928571,8447.62936020409,8423.48131081633,8564.57106346939,9054.5937967347,9208.98710408164,8702.94528211225,8728.67584231633,8725.70206170408,8803.50114377551,8609.81443877551,8497.99599285715,8558.0257744898,8424.65529030612,8451.99687336735,8409.36680234694,8514.88748265306,8436.02508510204,8318.39454571429,8362.07327581633,8662.38626938776,8288.07135377551,8286.6974022449,8315.4384577551,8347.63441836735,8374.53804591837,8606.35270469388,8432.27541428571,8313.99011241837,8380.36657826531,8469.01089357143,8509.24045510204,8230.73751530613,8299.17126836735,8447.66898469388,8658.93058061225,8802.08521938776,8603.10478673469,8585.31013816327,8600.73360306123,8560.8362694898,8830.91406336735,8910.47085928572,8883.49815448979,8718.89778535715,8828.18065887755,9051.46592877551,8740.41388051021,8593.43069602041,8712.28723785714,8814.7571772449,8577.91327234694,8670.2250212551,8419.9220777551,8335.01659836735,8313.04592540816,8313.68471520408,8267.09611326531,8664.76316326531,8436.2469877551,8580.30901806122,8479.82967520408,8535.67984020409,8256.83898032653,8272.28869132653,8286.98055612245,8291.29860153061,8446.5283977551,8529.60521857143,8796.10359602041,8606.3734622449,8554.0740722449,8485.7234572449,8747.94726673469,8968.95766428571,8697.84080928571,8963.98169540816,8622.18632078571,8677.74377122449,8703.91981632653,8685.86814469388,8693.73098428571,8357.8493622449,8334.0114655102,8458.11984265306,8910.83755785714,8614.77794785714,8790.50373663265,9087.64507102041,9087.58839795918,9015.03985489796,8853.49495204082,8636.19429836735,8651.55424530612,8836.35584326531,9003.52388081633,8794.13714663265,8658.61716346939,8639.67481346939,8814.4278972449,8743.0250644898,8787.82252979592,8646.83584285714,8634.45897142857,8626.12280204082,8676.9867122449,8892.08437551021,8635.19205357143,8804.4000644898,8681.95146428571,8871.64767193877,8557.69326390816,8465.93811193877,8631.62147193878,8468.75435071429,8476.10750408163,8570.89143234694,8584.23531275511,8779.94663091837,8422.32204306123,8623.66987744898,8677.79923469388,8967.11225357143,8659.10221663265,8699.49576622449,8608.18266163265,8453.62900204082,8368.85947112245,8614.57405806123,8573.4300577551,8532.86032132653,8465.71769479592,8657.81990683674,8713.96095530613,8791.26453591837,8773.89184581633,8976.12286,8877.08107510204,8754.0000567347,8545.8371367347,8492.27648571429,8432.03071244898,8477.03514489796,8445.38811520408,8458.15140285714,8235.45209714286,8488.13056938775,8489.95136336735,8377.88950816326,8596.52957806122,8769.98462183673,8780.48873183674,8874.8484927551,8760.12403326531,8936.18192826531,8959.82231826531,8898.96919693877,8741.67631142857,8770.78861142857,8779.82040489796,8499.19703469388,8423.7034122449,8462.47639387755,8421.49974795919,8766.15311765306,8371.15485693878,8436.84988795918,8335.22322581633,8371.65464408163,8442.20028540816,8616.42258326531,8510.65941326531,8326.97993673469,8384.41447346939,8468.86156857143,8285.26817989796,8473.50157081633,8463.57698061225,8559.27260459184,8529.24582489796,8546.20868846939,8531.60287336735,8718.15590408163,8687.00243265306,8758.63769387755,8910.73512102041,9395.37663306123,9129.0095294898,9213.63446979592,8832.71500908163,8670.88286418367,8391.24831693367,8275.07057387755,8375.46445795918,8602.70059326531,8597.57197846939,8676.44693530612,8499.45026102041,8504.344865,8544.62556369388,8480.08484683674,8628.23578816327,8503.60369530613,8569.83517244898,8826.31978571429,8687.66861500001,8500.96483979592,8760.84289622449,8732.05686459184,8832.14026530613,8728.17780989796,8412.48145034694,8549.20850234694,8357.26087244898,8236.65167244898,8270.09885244898,8647.57928877551,8732.20788571429,8440.45506530613,8486.87873642857,8405.28535459184,8739.13235714286,8694.21736387755,8755.17119183673,8814.16981938776,8683.31521938776,8605.57566938776,8816.11749737755,8534.48070510204,8348.40633571429,8660.50738571429,8712.73256316326,8468.90303571429,8401.36872653061,8356.97456326531,8798.1093755102,8904.91996581632,8366.27463908163,8374.37756408163,8528.3061532653,8447.53857,8503.77334693878,8700.74324030613,8809.98990484796,8291.40011683673,8636.33354714286,8516.82582714286,8796.01247877551,9025.05337377551,8829.66017010204,8895.24570510204,9046.77621510204,9193.12364683674,8899.15126296939,8522.87127540816,8429.78115510204,8574.74520510204,8781.85079295918,8842.53139418368,8566.81973928572,8618.82570408163,8581.67702908163,8712.3954777551,8594.2636872449,8462.93738132653,8322.75611765306,8542.64559918368,8797.62881755102,8707.76291755102,8834.17967367347,8993.52766081633,8599.59599865306,8593.44465744898,8573.52265408163,8782.25140408164,8848.79659693878,8945.71754928572,8860.49383867347,8753.60870295918,8791.11432704082,8626.60478622449,8532.96405469388,8583.73856530612,8434.46948183674,8316.39918397959,8513.97489397959,8574.50609938775,8296.69254367347,8405.42505602041,8724.16151836735,8574.30538489796,8517.21856989796,8545.28786517347,8486.49379071429,8519.87012642857,8502.05584387755,8619.15695887755,8536.87993295919,8780.89796010204,8545.79017897959,8718.92309173469,8689.9686022551,8488.73115009184,8536.50630051021,8563.79588612245,8565.34954479592,8310.98124214286,8544.45954704082,8575.79684132653,8496.06626214286,8619.15245908164,8659.14327918368,8834.25132346939,8524.04810959184,8540.03195265306,8338.42980826531,8441.87771530612,8469.47268729592,8506.28753765306,8454.61903367347,8461.488,8507.80059489796,8439.94972571429,8476.09282755102,8608.96973061224,8717.85875714286,8622.00066530612,9044.03361122449,9071.05196530612,8732.8048927551,9069.4704427551,8726.7210592551,8942.31921102041,8793.29168877551,9036.28443301021,9092.5383377551,8589.92771326531,8570.92492797959,8453.47645,8313.03609989796,8472.5785222449,8537.0863,8439.46836836735,8585.96133367347,8611.46302428571,8897.58200357143,8835.05400785714,8904.10519387755,8778.29319693878,8780.94552469388,8638.66344969388,8662.80718357143,8714.03444612245,8817.1078422449,8692.36533183674,8684.99245897959,8503.40161020408,8692.23624479592,8653.79556030612,8722.43241214286,8784.91470285715,8644.72968790102,8835.10559932653,8981.52468469388,9016.44769387755,8816.51877244898,8758.27836632653,8597.7699377551,8873.34604795918,8720.08102520408,8465.01371428571,8747.25389183673,8374.43025102041,8455.7330455102,8674.37980102041,8554.13856,8611.94889520408,8676.89173418367,8603.0798744898,8587.02126836735,8658.67819581633,8919.33658581633,8939.89125714286,8604.09322061224,8659.97082285715,8513.29434295919,8544.04173173469,8308.92715102041,8592.078435,8740.66388204082,8805.3933770102,8636.80037551021,8416.10182142857,8363.66057244898,8392.6190444898,8553.26440540817,8801.99525071429,8950.61932061225,8791.53148336735,8938.04863173469,9030.59466061224,9234.85045612245,9075.46252622449,8768.45690142857,8894.75339489796,8877.88343979592,9070.53515939796,9125.17394081632,9165.70184173469,9130.39230612245,8929.34563367347,8709.77465816327,8823.40567204082,8961.1428477449,8716.86281938776,8806.84132306122,8799.5630444898,8453.55447132653,8486.57915163265,8355.79777663265,8389.24460918368,8301.45164102041,8272.52620408163,8646.3681255102,8524.22372897959,8553.2281372449,8345.26448979592,8413.93635387755,8661.21397234694,8691.63237755102,8604.94375959183,8919.08946938776,8927.85466581633,8846.53196357143,8698.05290765306,8808.64310173469,8507.50255938776,8517.35958234694,8333.28881561224,8637.60493061225,8501.17232142857,8390.85887142857,8606.34432142857,8543.27771693878,8862.9545722449,8818.09053632653,8847.48905459184,8888.25189306122,9225.4755097551,8741.37654536735,8905.7413122449,9162.88914489796,9112.66439591837,9025.38766979592,8870.44506785714,8843.92970285714,8828.78726785714,8698.91378020408,8600.75253020408,8384.55903642857,8437.82160836735,8516.86401132653,8685.02090428572,8498.41375908163,8643.61234795918,8570.5369405102,8798.71468979592,8618.81020857143,8442.89051734694,8431.21278765306,8389.96937153061,8250.7320527551,8389.73002193878,8528.97020816327,8387.71524183674,8314.29231744898,8395.65402612245,8387.29694887755,8543.05133234694,8408.00007653061,8245.40245918367,8286.61660204081,8427.72828234694,8441.75264581633,8398.23746632653,8292.45282897959,8565.33963469388,8572.16781122449,8473.37171744898,8532.86082632653,8641.21539989796,8413.80820714286,8583.67089857143,8258.03216336735,8548.34045520408,8643.87286234694,8902.86015408164,8912.47805448979,8688.71375928572,8526.02614520408,8467.042935,8506.97312806123,8497.27668,8550.06079908164,8262.13808642857,8176.99265204082,8409.95924081633,8259.73054173469,8393.0495477551,8371.77619112245,8539.619795,8423.49321367347,8623.58292346939,8906.65607255102,8501.24713663266,8489.94993938775,8506.50395632653,8491.78858183673,8662.75238387755,8557.03334387755,8463.74737612245,8662.46543244898,8764.24709091837,8875.47062040816,8783.29396163265,8767.96677714286,9310.95157326531,9349.44925816326,8933.74436336734,8672.27180938776,8430.02604193878,8585.32332704082,8632.5014055102,8506.14676632653,8868.04693877551,8812.68365510204,8682.92410642858,8449.42161142857,8528.19123857143,9042.58422681633,9191.15920591837,9318.90977306122,9291.29685887755,8774.69421448979,8849.28853336735,8923.93789408164,8822.32764806122,8988.57064704082,8778.19334612245,8845.94504959183,8704.76174265306,8597.49946030612,8649.7837977551,8388.3817527551,8487.24557969388,8510.72419367347,8615.74749828572,8324.99434420408,8269.73037040816,8306.90654326531,8405.38253938776,8391.06026795918,8379.03366163265,8607.73314540816,8629.26235040817,8764.6795489796,8710.32562448979,8952.14141316326,8836.18753244898,8643.23320612245,8762.38977959184,8848.10282030612,8694.21605081633,8537.04663377551,8417.04210377551,8411.42491734694,8442.57306591837,8572.10262989796,8468.59846581633,8445.03190306122,8406.06295969388,8558.82783877551,8588.17857561225,8430.91457061224,8575.30788959184,8559.74630357143,8431.90196612245,8450.73574040816,8591.93114285714,8677.81507091837,8448.61434091837,8479.6337872449,8416.25820806122,8529.48682081633,8582.48251265306,8652.73019071429,8795.93180071429,8709.83168010204,8511.39463112245,8387.37294030612,8269.84451428571,8616.76863969388,8347.03287071429,8346.42319387755,8420.75546663265,8360.56477163265,8345.55253163265,8316.64708163265,8359.81550109184,8347.73955459184,8325.83882469388,8441.5424144898,8721.07389255102,8582.51020377551,8494.46830602041,8605.76803928572,8684.02941030612,8505.73648195918,8676.3482772449,8424.60222289796,8455.99885789796,8646.4611002449,8584.28196,8432.27846908163,8403.35744530612,8457.28517857143,8698.4333322449,8647.46138295918,8845.65738795919,8853.65135408163,8488.25830408163,8426.29603193878,8385.73001244898,8450.58439645919,8390.76517040816,8675.44562877551,8533.76038234694,8450.17281704082,8742.53804183674,8681.8143122449,8619.24313469388,8534.38771938776,8659.26164183674,8426.70116765306,8338.13762867347,8319.29200857143,8330.11585408163,8482.47269183674,8411.03983367347,8409.48426010204,8521.04786438775,8594.43839765306,8777.44818102041,8492.06350214286,8518.90943,8570.11678989796,8728.25540091837,8854.46762653061,8649.03115908164,8792.04781428571,8617.52732397959,8624.43055020408,8382.95029081633,8448.73535581633,8400.48754653061,8450.47150193878,8389.4186777551,8322.65207244898,8262.94890520408,8575.29022646939,8407.86105714286,8578.52790510204,8551.60962755102,8418.57591877551,8291.40589183674,8176.46449183673,8300.40364183673,8277.55777581633,8349.13558326531,8416.40984132653,8692.82807142857,8590.31497346939,8517.71843163265,8410.4442,8634.98975377551,8716.93111653061,8520.17784795919,8554.53155510204,8555.30482540816,8570.34726142857,8897.40953877551,8970.91048112245,8708.33305346939,8727.51054061225,8674.84575959184,8575.02290969388,8412.31288877551,8325.65811581633,8475.60925581633,8552.23382520408,8515.23010673469,8286.1255427551,8407.76159244898,8705.6618622449,8827.41251306123,8677.21315846939,8736.59956316326,8567.40502142857,8646.32888775511,8645.59616846939,8779.56730520408,8664.18793051021,8663.93596418368,8690.55341755102,8610.71712020408,8677.89836734694,8692.15827040816,8723.48467346939,8697.81664071429,8489.37956938776,8339.39227265306,8601.97275714286,8548.0317622449,8268.76383897959,8501.78544785714,8567.46242142857,8476.53904989796,8632.00937551021,8612.61388979592,8573.76760561225,8571.92717255102,8550.99923755102,8503.53639959184,8581.48487714286,8584.52993367347,8313.53416938776,8421.29919081633,8467.58324397959,8490.36923367347,8546.61198061225,8391.19379969388,8596.15049826531,8679.81606602041,8529.28983877551,8846.61757959184,8781.74147122449,8678.87872908163,8822.58093867347,8972.4558127551,8905.54510081633,8538.92241704081,8495.72316612245,8338.3810017551,8360.06841612245,8362.15145112245,8325.16001112245,8466.01946112245,8547.3322205102,8428.98701132653,8425.10875214286,8732.97931530613,8741.49822581633,8942.83271173469,8560.61453071429,8585.62897285714,8583.83712489796,8594.37893581633,8518.20681336735,8446.57214489796,8391.86985551021,8572.1493922449,8345.61279836735,8356.62121877551,8388.01685714286,8390.83451653061,8549.08786153061,8384.7798877551,8492.15690408164,8309.15114183674,8431.4999,8416.86496020408,8495.36996734694,8542.16535306122,8606.14942846939,8561.14117571428,8653.21031357143,8705.01557346939,8610.4765277551,8680.95188367347,8542.17861530612,8758.18498816327,8774.69908744898,8857.99587244898,8892.87571744898,8932.52010479592,9027.23847673469,9141.53424640816,8964.51744220408,9013.91821120408,8998.11998059184,8862.38202977551,8852.21438181633,8669.87238242857,8576.61640510204,8641.22344887755,8570.93181122449,8677.36666622449,8673.53807642857,8417.70038959184,8325.91979459184,8280.18044040816,8146.9250227551,8143.73731672449,8272.81765672449,8134.58143244898,8508.40025316327,8561.75097071429,8255.73192877551,8430.36469112245,8514.10505704082,8551.68751357143,8515.27792989796,8431.64535193878,8747.51508193878,8581.15524193877,8532.83179561224,8601.79049367347,8599.15695714286,8652.97899285715,8415.93263877552,8540.97580377551,8566.16957204082,8511.46815540816,8550.35610704082,8388.7087532551,8214.8685172449,8521.32768744898,8275.31061744898,8455.8343122449,8365.29710408163,8652.7561017347,8783.15195306123,8753.95677836735,8518.68707857143,8595.05956357143,8890.24634428571,8731.49974557143,8649.88355530612,8706.70891530612,8770.86504122449,8668.25010591837,8590.31611673469,8643.8601444898,8410.11529122449,8532.72534357143,8494.26929397959,8700.29182153061,8361.8399222449,8466.26763061224,8584.69887244898,8622.37345244898,8375.5182405102,8492.35003510204,8533.72500183673,8651.51136602041,8517.9700132653,8540.42920306123,8577.3020777551,8724.00339642857,8432.31318163265,8433.08748571429,8602.01427071428,8449.14661530612,8490.26789887755,8541.08045397959,8657.00540295918,8743.99434581633,8321.58396112245,8267.15134989796,8179.96226510204,8308.87629897959,8301.12564897959,8555.85185102041,8593.63121622449,8367.50874112245,8454.56438336735,8445.52666367347,8475.1336555102,8408.92355561224,8414.90492755102,8432.35427755102,8440.88534665306,8529.89257530612,8523.46654826531,8300.32356846939,8505.54147683674,8521.65527540817,8348.64367132653,8328.4354955102,8477.49789306123,8473.49720826531,8319.63550641837,8397.980335,8487.83619142857,8428.42955377551,8528.19369459184,8709.18639459184,8656.03349897959,8744.76360734694,8735.16420051021,8724.19547408164,8406.38054061225,8407.29151081633,8222.81922581633,8274.25489520408,8175.3408427551,8358.66036530612,8451.77494551021,8510.9603055102,8429.55441836734,8548.48534163266,8670.68769387755,8642.92468126531,8900.35178806122,8770.53166316327,8738.4968622449,8512.11747020408,8441.93459642857,8400.00315591837,8381.28867153061,8328.57989755103,8518.63482806123,8511.87754857143,8441.22481857143,8439.58812357143,8421.47690102041,8365.30621908163,8790.17503367347,8695.88186561225,8400.9201777551,8704.01837255102,8809.08129663265,8554.13956612245,8495.4491317347,8589.84027969388,8792.70650816326,8614.87114816327,8449.94128061225,8475.02750061225,8286.4470205102,8390.43097561224,8275.75962908163,8275.57000438775,8446.25451642857,8432.23636459183,8552.07155959183,8498.31912877551,8392.70603142857,8656.25760785715,8485.39483867347,8826.60397857143,8581.37935612245,8709.19591122449,8286.30798510204,8306.18985571429,8472.56234908164,8621.58247408164,8594.40847908163,8302.92927438776,8538.55949591837,8502.433385,8851.5488605102,8730.15156326531,8749.2792744898,8820.59565612245,8745.18829,8600.14954489796,8897.10850102041,8929.72739234694,8593.22756969388,8798.62708612245,8687.42706612245,8673.17353581633,8456.12495234694,8612.12572122449,8457.67064377551,8686.26836704082,8754.87387704082,8997.97527938776,8727.12766346939,8560.12820540816,8653.79520173469,8880.56679285715,8809.53449867347,8753.05948744898,8809.10498270408,8788.11905806123,8495.8304277551,8266.44950846939,8231.57701918367,8243.69829367347,8621.29676183673,8801.96168510204,8997.43003897959,8901.35873061225,8639.32935367347,8405.45538051021,8316.62295418367,8369.9106777551,8352.32748227551,8350.31475377551,8461.30549959184,8351.29308795918,8290.22245826531,8450.21696367347,8579.40062704082,8545.60913163265,8816.0869,8786.40650428571,8897.71905285714,8998.66944285714,8496.35043367347,8802.57564081633,8778.90796755102,8614.89596020408,8747.98535270408,8686.91884693878,8763.23146020408,8765.71972857143,8642.95627755102,8583.71481469388,8483.67745642857,8420.48771269388,8637.62518081633,8775.75934346939,8606.46412367347,8460.84334459184,8442.80728816327,8363.84676357143,8553.63609387755,8503.85140826531,8383.59813887755,8362.94810887755,8501.59296459184,8654.42187020408,8888.74851255102,9143.36022571429,8685.66031061224,8395.56198397959,8715.35940336735,9011.6481067347,8508.71412051021,8683.49770438776,8666.51253367347,8910.54759132653,8891.16145408163,8954.95014193878,8593.07979193878,8757.05619193878,8625.20839704081,8473.31190204081,8453.31935173469,8468.89642079592,8588.29358673469,8510.74562959184,8382.45823591837,8924.03939,8810.78333551021,8791.2525355102,8864.82351040817,8871.44315734694,8893.33466785715,8600.52404265306,8558.037645,8628.7048655102,8361.10491112245,8561.85157091837,8552.36123622449,8719.21561122449,8658.34998265306,8499.37489214286,8480.92622244898,8691.16000193878,8453.24089102041,8726.04834122449,8642.18637653061,8785.26957959184,8663.12578469388,8573.20378969388,8630.36928571429,8412.20037244898,8490.13715642857,8357.56405091837,8380.93738204082,8340.71431540816,8262.79527112245,8299.57174846939,8546.37612969388,8359.37501969388,8262.84368938776,8390.12499438776,8561.34374438776,8595.22016642857,8752.08953428572,8939.30821418367,8948.9681822449,8863.33202112245,8762.71009091837,9007.13486234694,8811.1681,8644.87894828571,8453.15659183674,8493.89057540816,8528.01257234694,8580.47679530612,8643.80986428571,8542.47666571428,8644.63227285714,8686.72740714286,8398.43059408163,8502.45829489796,8616.26232755102,8649.83755755102,8723.93191530612,8583.59913673469,8918.97929489796,8997.76906704082,8735.83499693878,8368.40047040816,8536.23810040817,8743.35737581633,8615.46325153061,8779.2147044898,8638.36360948979,8721.6618827551,8460.43916367347,8366.85393683674,8401.298865,8294.31377255102,8349.32717795918,8356.95598867347,8589.98449285714,9059.49403571429,9095.96778061224,8922.35050061225,9095.19072714286,8867.35193938776,9023.88841122449,8452.89695632653,8605.43845918367,8618.23360102041,8741.53108316327,8643.6253744898,8727.07206020408,8631.13956040816,8580.32443734694,8487.31615010204,8621.87646122449,8353.1259005102,8429.59932418367,8475.68314479592,8356.76663479592,8591.52785959184,8593.01069836735,8543.44227438776,8433.98185438775,8612.61612326531,8679.32832714286,8488.11717214286,8816.48657020408,8732.93836326531,8809.4844094898,8800.61103877551,8607.43971897959,8633.42984122449,8689.35271632653,8490.1278422449,8489.68305316327,8597.22850785714,8424.41202755102,8576.29714765306,8392.31425918367,8836.18965408163,8708.76048918367,8376.2077467347,8414.04831102041,8496.57074571429,8486.97421326531,8497.79952316327,8436.31474816327,8368.23285510204,8563.0062377551,8612.35681938776,8563.15972938775,8534.38337408163,8403.37507734694,8515.87876959184,8266.16050816327,8465.74844285714,8444.17151163266,8434.96014561225,8228.769455,8427.48641469388,8430.17066816326,8460.44138816326,8343.03680816327,8478.71197316327,8476.627,8454.07598918368,8654.68804418367,8682.99889795918,8638.37295755102,8578.2473955102,8523.20769642857,8697.58736428572,8633.97126132653,8727.85583979592,8903.35991806123,8945.12311306123,8731.9799105102,8665.22034142857,8614.37294530612,8760.50921102041,8411.59562775511,8397.53778387755,8350.69980102041,8504.53732132653,8607.47271969388,8688.30538683674,8412.05921887755,8330.12592153061,8670.97653204082,8604.38644265306,8455.56576836735,8284.7233867347,8424.50568612245,8526.05863459184,8719.16894530612,8497.78672204082,8494.99332142857,8512.39928908163,8931.15578418368,8413.88678918367,8592.74853816327,8469.26181957143,8389.11635459184,8478.43054836735,8549.01580836735,8570.61474336735,8578.20064336735,8486.32252642857,8421.58973081633,8521.13855642857,8523.02701642857,8348.05784836735,8349.65651632653,8488.64776693877,8765.41009806122,8691.04810816327,8478.87412816327,8493.19768316327,8328.21747744898,8411.72820793878,8515.93606765306,8266.03954520408,8381.38736979592,8287.91225370408,8574.60012972449,8401.24324033673,8606.85807877551,8755.65538142857,9110.14507061225,8948.33249122449,8979.31635408164,8941.59346020408,8622.62914632653,9153.93953857143,8838.36354081633,8596.47231591837,8641.38938683674,8641.75646397959,8548.68434326531,8604.32363469388,8827.88048469388,8697.1843720102,8939.6052655102,8941.73691326531,8825.87950336735,8669.79810591837,8776.57372989796,8887.41602857143,8890.14380408164,8750.13347163265,8447.5276132653,8644.4840332653,8907.93206326531,8948.72745204081,8796.84304704081,8848.05497204082,8780.85822204082,8592.9019972449,8551.2488122449,8470.06907234694,8730.85488346939,8579.4216322449,8548.3203962449,8648.09375540817,8598.98960653061,8485.0250542653,8383.60821183674,8308.75323295918,8524.43338530612,8433.31436469388,8438.55296714286,8532.85750530612,8541.27862265306,8690.45491918367,8508.21185816327,8475.94446530613,8399.16570530612,8345.09617387755,8307.56518163266,8743.35806459184,8406.31496040817,8631.55515132653,8599.5878122449,8457.09949285714,8549.35494387755,8453.98268061225,8382.06570306122,8292.40055346938,8657.54223265306,8435.48970061224,8529.91484877551,8404.30438367347,8715.53898887755,8700.41964887755,8849.33258795918,8751.75864795919,8630.56377479592,8609.13483234694,8732.72215214286,8811.14969561225,8987.91071561224,9206.99675316326,8645.50936316326,8741.39446489796,8572.71671836735,8764.48882765306,8915.44205591837,9049.20246357143,8493.46760877551,8203.84425877551,8421.46582255102,8353.62599346939,8570.84954985714,8502.50876734694,8638.86268969388,8713.47282030613,8419.12596571429,8734.16461785714,8608.79298918367,8480.97071581633,9052.79415448979,8997.3279735102,8825.53906391837,8908.57490591837,8933.85558653061,8901.07697153061,8676.31927653061,8312.28161918367,8645.8798627551,8989.94367113265,9097.86388714286,9269.39734591837,9344.13794581633,9428.9001555102,9295.69835816326,8915.68846816327,8955.35239102041,9102.43201326531,8968.14200510204,8754.77515785714,8791.06981316327,8904.13681897959,8883.46723959184,8914.48196234694,9002.12224693878,8780.0288122449,8806.77929183673,8614.12738785714,8687.04686857143,8732.23276843877,8471.7671942551,8415.50461741837,8432.06218711224,8582.48262966326,8302.15721642857,8577.11870326531,8750.93661438776,8345.69669469388,8426.66928142858,8825.59709285714,8964.15584632653,9245.5063894898,9041.77598979592,9259.17554377551,9129.02722040816,9142.03457551021,8869.80193979593,8959.39508979592,8763.84445183674,8689.18187183674,8711.17640244898,8598.39992785714,8266.48671479592,8466.7843872449,8524.85146734694,8665.9486877551,8497.99079163265,8496.98117377551,8259.86675153061,8512.45153867347,8425.0859894898,8564.47279908163,8499.72398244898,8504.72655744898,8489.96495948979,8554.90619204081,8708.06413591836,8705.95144806123,8798.35818071428,8822.04508163265,8769.81137346939,8636.81583234694,8579.71675816327,8565.56820653061,8618.63401826531,8465.23440102041,8625.31049857143,8683.37221193878,8514.0731777551,8564.69643693878,8431.58299010204,8513.29017336735,8644.09854612245,8872.46637459184,8485.62854479592,8611.92492602041,8727.4783227551,8577.77289928572,8773.69257765307,8735.85248346939,8578.09650510204,8584.23059285715,8577.40776489796,8552.34395816327,8843.84909469388,8795.34495244898,8609.70630204082,8871.28361530612,8878.48169030612,8716.26850408163,8817.3984372449,8874.19477255102,8574.93095,8640.07437857143,8553.27320142857,8501.961995,8702.1372122449,8755.01776969388,8972.04466306123,8432.861,8315.29434683674,8310.02345387755,8406.50819510204,8330.12751357143,8437.7233767347,8472.77607642857,8349.98640204082,8475.97144214286,8466.75096020408,8327.00868163265,8267.2289094898,8393.52743908164,8361.75076438776,8324.66988969388,8295.00986653062,8284.38301663266,8551.68128806122,8484.13797980612,8548.17643816327,8515.97508632653,8608.54346020408,8320.87819704081,8576.8719044898,8993.81087836735,8676.94065510204,8659.27751142857,8500.7181122449,8620.0442794898,8491.43940610204,8419.9200072449,8298.03023061225,8550.98000602041,8213.65066428571,8531.90088469388,8345.23021836735,8320.96253265306,8234.36506326531,8305.21955755102,8288.6384617347,8329.9486367347,8307.94586020408,8187.43341061225,8442.27727642857,8383.13908806123,8358.05048806122,8391.84472602041,8486.5509872449,8574.0486277551,8282.24372653061,8381.29703928572,8395.80428397959,8587.05929336735,8525.96232882653,8549.97913346939,8567.13732897959,8846.06639122449,8949.85935795918,8765.20158979592,8539.96697734694,8700.14879795919,8527.49152428571,8764.58763989796,8761.99573689796,8642.29319479592,8330.85962142857,8229.29101122449,8300.92933755102,8463.65765153061,8302.12592472449,8252.68114247959,8434.56771040816,8310.11477306122,8434.04709051021,8340.66781714286,8265.74249571428,8171.67733867347,8314.18604663265,8418.47635642857,8484.03616502041,8412.63630867347,8364.51735316327,8682.10713795918,8537.78402683673,8531.43059979592,8625.98775277551,8863.83850336735,8982.17946479592,8880.45042142857,8554.97276193878,9130.73043234694,8949.84757877551,8793.21098673469,8540.38214571429,8486.62284061224,8400.58052510204,8292.12723844898,8580.00446416326,8573.33706122449,8452.08204183673,8735.43736367347,8741.88978816327,8862.14908428572,8510.96202244898,8629.43564744898,8774.01053826531,8843.55535010204,9140.46325591836,9209.35198704082,8908.95925530612,8861.91955969388,9124.22644530613,8305.5542167449,8410.28257316327,8668.690865,8360.25484265306,8612.2798122449,8494.88602887755,8374.4861605102,8409.70760102041,8430.9853017347,8655.99987244898,8516.19668265306,8736.18785408163,8500.68284183673,8836.81059285714,8746.30479285714,8757.99618469388,8503.97227836734,8677.01557734694,8716.78095051021,8648.43699163266,8584.02232959184,8668.96712285714,8461.05615357143,8883.64147326531,9048.66089704082,9358.99793204081,9374.80360887755,9140.05309214286,8922.59595571428,9056.83973071428,8947.42131428571,8943.21886112245,8720.19863642857,8850.86675418368,8645.52766367347,8988.06025755102,8710.70412765306,8624.72725765306,8550.30236122449,8503.95277132653,8367.84257132653,8563.26474887755,8796.78311826531,9184.47545816326,8623.25213459184,8893.91958418367,8626.42703728571,8538.1795032653,8897.35295234694,8719.07355744898,8850.19611010204,8552.03892326531,8457.62420030612,8622.18822346939,8547.10286428571,8506.58869040817,8932.32291836735,8659.75173673469,8573.57072816326,8947.35146989796,8788.15716234694,8812.76649234694,8776.79800204082,8974.28853367347,8754.68852530612,8533.4021727551,8517.70410102041,8496.71263632653,8589.88017306122,8266.80619989796,8629.78550612245,8445.77937663265,8481.03626693878,8522.63082938775,8416.56976293878,8462.11049061225,8570.76668071429,8442.3698977551,8703.44610612245,8513.09907857143,8522.49381581633,8573.76299846939,8701.35306795918,8634.74670571429,8571.95272204082,8389.17887540816,8495.76675816327,8520.11566357143,8476.8190472449,8740.18985510204,8809.17687887755,8560.93965857143,8585.64406357143,8472.85642663265,8628.62683765306,8372.6574744898,8315.56902530612,8391.82699816327,8367.15074132653,8453.26352510204,8353.29759183674,8796.39497755102,8684.67149959184,8548.1168572449,8682.59114897959,8860.80699806123,8771.10428047959,8716.5346122449,8919.64790734694,8665.68336734694,8697.74117142857,8993.88951704082,8788.27066071429,8791.27834183674,8429.77186897959,8542.98594336735,8595.81116122449,8387.89499357143,8605.02402857143,8700.94165877551,8655.71923877551,8791.37718765306,8478.65277857143,8824.26336857143,8984.64563591837,8746.39098979592,8687.92295479592,8931.92718979592,8778.27141122449,8840.26547459184,8527.83283510204,8651.52691418368,8649.54071887755,8572.49777887755,8900.00766795918,9091.19181918368,8779.78303802041,8926.40471102041,8931.18651265306,8780.40208030612,8897.4156977551,8726.25838877551,8620.49107877551,8315.17214153061,8400.4711794898,8459.18181122449,8711.21713295918,8389.62098663265,8498.08679019388,8511.55992204082,8405.90867,8376.70793224489,8476.22612122449,8650.71215122449,8817.26696122449,9025.79629897959,9005.19077755102,9007.88703081633,8938.49514173469,8929.50219234694,9112.33738295918,8837.32210408164,8933.30020265306,8930.75356153061,8906.23399255102,8592.138865,8824.15310204082,8585.60713591837,8811.65248897959,8681.80473571429,8530.61447571428,8434.93627459184,8737.20534030612,8722.89202530612,8698.98096683674,8612.91179285714,8553.09958326531,8440.00466418367,8551.39975081633,8749.02759642857,8514.69293142857,8351.87907591837,8430.28167346939,8300.10342193877,8425.4834327551,8397.22758591837,8598.93444591837,8560.83354285714,8470.29578785714,8712.75254602041,8688.96937367347,8652.02548102041,8604.67556989796,8678.93669489796,8430.47065367347,8342.47235816326,8511.63849081632,8413.33283479592,8510.24331540816,8611.05222857143,8528.30688979592,8376.8545,8290.96317857143,8217.37671346939,8416.92842076531,8312.07192403061,8462.59958321429,8339.35971102041,8485.43186714286,8707.58317615306,8638.82201938776,8821.78244183673,8694.66081632653,9021.70797755102,8683.94566224489,8436.94418469388,8402.60591520408,8338.18680510204,8429.22214489796,8493.10335071429,8426.84441622449,8658.35442612245,8613.54705520408,8453.07631530612,8625.20073663265,8394.83932112245,8513.37930112245,8300.09569061225,8407.68657632653,8655.99811734694,8458.87501734694,8372.71577346939,8277.86607602041,8341.37773673469,8416.17162122449,8331.41741316327,8357.96451785714,8278.60617096939,8490.86815102041,8527.11975102041,8660.77921612245,8785.49588897959,8590.94561897959,8660.51264857143,8563.87026489796,8543.27923387755,8465.35046938776,8132.21523357143,8616.65156066327,8527.31153642857,8710.59057438776,8593.72637142857,8534.03210102041,8714.63340459184,8486.85735091837,8427.38087316327,8285.11620816327,8297.36213285714,8643.98292244898,8768.53050795918,8373.36174540817,8382.77878061225,8576.97373632653,8602.85122244898,8476.34616326531,8487.70359561224,8339.82799061224,8248.27109561224,8315.48856020408,8429.45184020408,8522.38705020408,8589.3421827551,8600.92317275511,8471.14664591836,8276.27528877551,8213.84552653061,8268.81507683673,8378.17500040816,8370.23180959184,8532.50536326531,8689.33987653061,8390.25730653061,8500.14100408163,8351.96171234694,8450.43746816327,8459.57416295918,8256.73541142857,8478.757435,8791.87181938776,8946.33213612245,9115.32725071429,8745.50900306122,8765.62272867347,8664.45094326531,8549.50169755102,8449.59397346939,8677.65881051021,8641.06884693877,8421.54208265306,8320.38809489796,8417.44802755103,8725.28256091837,8644.49047683674,8427.85068744898,8467.28697163265,8326.40143163265,8642.66354173469,8714.40180581633,8595.70818540816,8566.24524540816,8588.59832295918,8416.06400408164,8590.82635321429,8879.78397403061,8669.88089632653,8295.48677163265,8205.56293897959,8336.50864897959,8328.04583806123,8338.98578571428,8225.32917755102,8229.94478234694,8340.38171632653,8497.07316142857,8331.09514061225,8327.76057938776,8261.30562938776,8310.71033326531,8413.92724653061,8360.44381214286,8410.58987581633,8550.86343867347,8554.37280744898,8562.04817020408,8653.31254877551,8682.87129704082,9040.9438244898,8458.93399418368,8372.92136928572,8697.7365,8609.7543277551,8454.5186727551,8594.48479561225,8382.33358214286,8439.3224450102,8563.95634989796,8786.89150316326,8662.37046316326,8512.81805561224,8532.54499714286,8453.7407722449,8172.97985602041,8454.55970530612,8643.71562979592,8332.24601561225,8485.28186561224,8516.05690061224,8582.44964918367,8886.08671387755,8734.09719918367,8882.16515551021,8402.66923959184,8406.72640204082,8293.64007632653,8505.51778102041,8415.9192867347,8415.74865816327,8470.79365816327,8826.41701428572,8462.74455683673,8483.66141989796,8675.88155581633,8804.92160010204,8715.29560938776,8708.64466938776,8426.01408367347,8483.74600887755,8517.84433622449,8809.59213204082,8528.48368673469,8846.76390918367,8462.8508182653,8493.23577346939,8755.66512255102,8667.31466061225,8410.53937908163,8532.31169285714,8128.67626122449,8305.97276122449,8289.70611734694,8408.69349071429,8303.84685738775,8651.01076244898,8580.25031102041,8388.65112653061,8489.19855867347,8790.11808826531,8552.52166091836,8581.51473336735,8526.54624693878,8508.71076938776,8606.81770510204,8745.89056326531,8669.54613326531,8630.84407693877,8350.54258653061,8354.7267772449,8446.93321632653,8572.86980081633,8537.70993591837,8550.96296193878,8779.48226959184,8557.49326183674,8403.86599183674,8493.07146591837,8647.01767571428,8676.62983571429,8571.22973265306,8746.89052244898,9014.08311306122,8581.42414010204,8392.22155887755,8409.33884918367,8462.92496122449,8305.23360887755,8482.07464561225,8581.83865132653,8618.68996040816,8578.13831959184,8796.28477510204,8740.88355,8444.35420214286,8420.89359938775,8383.60363408163,8549.5187505102,8622.13155244898,8593.8959644898,8860.74073408164,8888.12188540817,9138.79506622449,8797.82889153061,8554.92866620408,8352.29551030612,8277.45513285715,8237.73889785715,8191.05477183674,8635.33618938776,8432.45666704082,8769.95691204082,8534.74279453062,8769.89126734694,8806.34523765306,8695.76745081633,8666.10961938776,8581.416155,8655.16316,8612.77650306123,8801.15638806122,8639.92615612245,8693.70890510204,8374.19412959184,8517.32861877551,8259.91649081633,8286.8402222449,8274.80689191837,8550.92963969388,8437.90300683674,8471.21871704082,8789.31316505102,8967.4844472449,8883.9424867347,8406.10711428572,8451.21487938775,8855.49566836735,8976.50411836735,8583.32740091837,8764.04875204082,8894.33044326531,8796.18698061224,8743.62007959183,8732.64714010204,8834.43519295919,8756.83119918367,8790.35790537755,8663.39726142857,9004.23241387755,8821.83545653061,8523.60133653062,8315.26149571429,8315.96200969388,8413.42046632653,8510.54137755102,8379.26833555102,8212.67209510204,8297.38133861225,8279.16562653061,8320.04274489796,8247.19415387755,8313.56026862245,8179.24144918367,8586.79757673469,8538.59257857143,8735.13049520408,8571.52329673469,8521.87840397959,8692.00636928571,8583.40832153061,8637.75592765306,8417.26902785714,8580.26558193878,8399.49755581633,8556.98085061224,8452.14405214286,8346.36426540817,8444.31537755102,8485.62270928572,8365.84665510204,8171.91937255102,8217.77272765306,8284.12609795918,8483.32135183674,8405.70380510204,8471.01490714286,8496.20243469388,8480.01728163265,8523.97797367347,8713.54870071429,8748.79949071428,8627.43193346939,8480.40060489796,8575.70498020408,8475.25064785714,8936.24823081633,8820.62321071429,8726.22719061225,8722.14686765306,8843.84670540816,8844.55161795918,8949.92161040816,8710.8341355102,8811.76437561224,8539.40537244898,8418.72255306122,8313.94770908163,8555.93119122449,8482.68994795918,8284.05772142857,8598.44144102041,8793.7643822449,8765.55630438775,8368.90117959184,8366.74694928571,8378.64878704082,8400.19353397959,8638.0414427551,8776.84074132653,8956.28668,8840.12884020408,8941.00614285714,8842.24330918368,8546.6027555102,8520.63713714286,8558.77788265306,8654.50412346939,8528.65695918367,8735.86415561224,8784.6432555102,8406.34447122449,8339.36393112245,8353.0960122449,8355.8328655102,8586.79578091837,8434.46837571428,8594.42302959184,8333.8198867347,8403.75025,8347.16875204082,8354.56577040816,8274.16053816326,8316.15786377551,8632.96000010205,8659.34862367347,8549.802555,8491.03439561225,8431.48597142857,8470.4683977551,8622.16526234694,8619.18155510204,8539.49460510204,8652.03020071429,8455.76401673469,8558.51324765306,8615.64527765306,8343.79365826531,8496.97331673469,8377.49269173469,8525.62678979592,8443.16597040816,8586.77983265306,8712.58639795918,8669.80587959184,8893.56741836735,8699.10469775511,8483.7769822449,8619.68846020408,8735.90386091837,8762.6222867347,8687.55663367347,8970.21605479592,9003.94760214286,8954.36422306122,8843.57767306123,8545.45166908163,8646.09731908163,8847.88698440816,8823.38788061224,8692.05147561224,8465.20219061225,8465.81179061225,8543.76880030612,8662.54093061225,8291.63473826531,8868.52064826531,8920.71422183674,8803.86428208163,8738.55908908163,8762.27867908163,8759.04436010204,8710.07956326531,8482.62987040816,8485.2933717347,8424.5424989796,8489.99046714286,8488.52101428572,8359.87544520408,8483.17494897959,8330.60847142857,8311.42731326531,8395.56363510204,8315.08705510204,8522.01655510204,8260.93443908163,8351.45041176531,8330.48222653061,8352.54814346939,8384.95452591837,8240.23386530613,8159.29748367347,8330.14182989796,8325.81945071428,8304.78998336735,8465.55219020408,8598.21915581632,8570.30810173469,8706.52025142857,9014.99426857143,8874.19770408163,8969.93414408163,8786.71827979592,8728.3150422449,9036.8844422449,8881.25697357143,8956.79687357143,8775.66535,8524.19795531633,8484.48795569388,8566.56173265306,8435.72391408163,8189.26854408163,8288.91157,8245.12370510204,8245.84186346939,8271.56643520408,8366.07632663265,8330.89253581633,8368.01913469388,8343.72683765306,8574.0552255102,8898.18910387755,8688.42821071429,8502.30041163266,8607.67375163266,8758.24207214286,8804.23602928571,8811.82359928571,8671.96391040816,8700.52140040816,8783.15448326531,8827.61025306123,8309.81826122449,8421.36624591837,8368.86701938776,8445.40246734694,8439.37744938775,8900.28636438776,8851.44820938776,8936.74255438776,8977.73827571429,8826.09458265306,8527.33395204082,8500.91848377551,8370.10170612245,8322.22298908163,8183.26454908163,8487.98548408163,8483.10784153061,8552.51369938776,8367.75571438775,8748.01948938775,8772.82621428571,8565.20129030612,8568.11106163265,8435.28115040816,8944.10154387755,8418.96939795918,8358.03657081633,8442.03072857143,8452.95116520408,8544.12527357143,8618.92380306122,8450.66130581633,8501.71250561224,8417.23725061225,8575.50868551021,8314.42664663265,8325.00211663265,8300.71577204082,8421.48027326531,8474.28820989796,8824.30403367347,8635.30367478572,8391.48134793878,8295.99020377551,8293.88626877551,8400.79505622449,8498.39868163265,8369.14324846939,8264.29982846939,8241.59027438776,8294.44241530612,8338.84325962245,8638.0140922449,8460.50666673469,8683.58179938775,8919.91791377551,9100.65024438776,8974.59669489796,8897.86819377551,8814.24106010204,8774.43231846939,8937.92460163265,8754.82792357143,8667.02147459184,8643.69639591837,8597.2983367347,8671.08201377551,8605.66153979592,8529.30881938776,8738.91841663266,8541.70780918367,8508.29513836735,8439.78123678572,8765.9998210204,8880.9121722449,8752.38182234694,8798.74850653061,8890.06052795918,8952.72392510204,8909.24638428571,8758.64217755102,8716.8628122449,8948.60466469388,8511.92570306122,8544.10367581633,8431.89717520408,8514.33772520408,8422.02434653061,8285.60392010204,8624.35322602041,8459.90228591837,8480.45014591837,8413.51233775511,8444.7191777551,8473.96690040816,8469.40576346939,8499.58292994898,8667.78592591837,8470.27365163265,8594.05149755102,8486.83426489796,8395.01891112245,8421.54390785715,8457.03868285714,8513.18888836735,8531.02393153061,8526.09190867347,8508.14433826531,8300.27324979592,8491.53123357143,8523.30820979592,8707.65795438775,8771.52268469388,8862.34154489796,9019.92800785714,9195.24295346939,8734.62523540816,8969.96006530612,8915.5601927551,9289.83052826531,8877.35103469388,8914.62957755102,8984.60387755102,8810.04417653061,8490.13343836735,8434.06087857143,8450.0681672449,8498.70159897959,8245.81378653061,8387.8423244898,8272.4011022449,8234.42897040816,8369.74347428571,8516.06924316327,8632.00838785714,8772.01833459184,8619.77611734694,8837.32925551021,8700.75698816327,8667.57167153061,8685.76041377551,8576.64265255102,8373.96867367347,8361.16504867347,8237.99592367347,8086.11087693878,8310.15388306122,8245.18747469388,8297.57274285714,8494.86243265306,8576.97569265306,8528.89217928571,8663.70419520408,8586.48225346939,8398.01999285715,8352.11861867347,8638.34988193878,8717.43701622449,8665.08335602041,8625.83039285714,8526.64233173469,8409.93659693877,8625.39242602041,8552.04508209184,8369.1832182653,8477.81979489796,8637.29335591837,8520.8530577551,8690.28615142857,8568.52503459184,8420.41364265306,8437.86217102041,8828.42222581633,8732.32769459184,8749.89171836735,8620.87078897959,8595.68503479592,8257.1630044898,8312.14146882653,8403.77600132653,8763.65650918368,8610.05733112245,8498.24688734694,8575.29957520408,8483.0557572449,8406.94361683674,8557.7041072449,8539.7512072449,8542.72319091836,8402.45473316326,8529.12242285714,8478.11738020408,8375.63768020408,8405.10561908163,8483.97388306123,8365.08846010204,8320.64330714286,8428.17876836735,8727.33185918367,8474.09659795918,8440.36100408163,8590.57934897959,8614.40077183673,8663.96241734694,8769.58559183674,8687.94041704082,8656.48530408163,8536.88764387755,8467.75322346939,8287.77831928571,8227.82921632653,8253.70889265306,8411.96212765306,8455.5219577551,8630.81538061224,8668.0810522449,8739.52959642857,8567.32213132653,8610.80651020408,8548.72619683673,8359.71665612245,8266.31996428571,8305.43560865306,8264.45738518367,8179.51073918368,8256.96284326531,8471.98265826531,8462.7682122449,8580.45121714286,8533.48359877551,8275.43255153062,8358.05414897959,8323.79801408163,8313.41280091837,8507.87742857143,8245.77514153061,8305.31146397959,8313.69444081633,8716.01730977551,8538.24202967347,8675.55823253061,8641.91952581633,8778.55342673469,8715.24491479592,8538.30182857143,8506.14393816326,8381.51958897959,8586.50223377551,8287.20403693878,8473.5702167347,8577.57112897959,8412.04114336735,8460.41098397959,8409.3485577551,8635.48999714285,8729.49847071428,8649.49278714286,8917.7861467347,8769.06181244898,8794.56175744898,8825.99372428571,8927.93513469388,8310.93733979592,8328.09373867347,8470.69890683673,8407.61181346939,8453.26363571429,8518.97756826531,8307.31057071429,8508.73960867347,8562.1580455102,8733.82296193877,9004.89212193877,9164.47399234694,9010.63032653062,9053.88959183674,9289.41833489796,9261.98325612245,8913.8026994898,8737.27592336735,8867.81388214286,8906.71165770408,8581.58095770408,8654.11068265306,8529.93889061225,8672.47536877551,8714.30003367347,8624.81220673469,8493.38371602041,8677.54930204082,8643.15986530613,8545.80341122449,8657.75011673469,8732.6436555102,8655.53479969388,8576.30895591837,8591.85066591837,8500.34142357143,8549.86011357143,8817.42724387755,8793.60831948979,8695.83361241837,8756.45050619388,8801.74450966326,8641.61408190816,8872.79488214286,8882.73295826531,8623.79887959184,8629.44300877551,8467.28394836735,8454.70595336735,8585.9410744898,8794.25261346939,8559.90173571429,8920.14957244898,8670.96119785714,8585.92459081633,8586.92363836735,8512.05305714286,8726.73184153062,8814.03403387755,8561.32090887755,8629.55350266327,8685.4798122449,8789.84259479592,8564.03434877551,8685.06295877551,8630.71338693878,8341.68719938776,8440.09241020408,8289.63317846939,8384.69105408164,8525.46374112245,8573.91172428571,8542.74195326531,8729.40186836735,8975.93079663265,9313.33162846939,9028.21624795919,9139.98495918367,9079.26370102041,8962.07951887755,9109.94255214286,8921.03495367347,8796.03599561224,8796.03184806123,8661.49834561224,8664.1559317551,8771.23740204082,8668.38638469388,8657.63160561225,8410.56597989796,8526.11537938776,8605.18620153062,8713.79972295919,8629.10661653061,8784.79305336735,8549.43065897959,8727.47488877551,8723.43959285714,8713.22132173469,8831.10163306123,8411.06567112245,8774.00463367347,8597.27390377551,8828.53674591837,8832.55443377551,8869.83951632654,8608.08735306123,8707.94850102041,8474.92222316326,8652.08508326531,8563.07423265306,8810.24498438776,8670.52592755102,8984.29858255102,8848.52978663265,8436.38530918367,8601.72413979592,8755.79411765306,8876.68388765307,8958.78593326531,9082.16308326531,9095.65362836735,8786.40675979592,8767.5867622449,8721.7413622449,8795.9374222449,8475.115885,8687.10758530612,8650.14608530612,8683.77670122449,8622.51091091837,8682.29727387755,8761.40522581632,8727.2315672449,8513.21082540816,8500.44464714286,8686.1166622449,8638.83698979592,8534.74552877551,9004.37107448979,8504.41119061225,8607.18152163265,8837.68526887755,8984.89057520408,9145.6119187449,8965.13159530612,9116.41326459184,8992.2703827551,9006.10006255102,9121.77442806122,9087.3340952449,9019.26379795919,8854.51346867347,8861.48023602041,8519.453395,8650.2421477551,8717.1034872449,8519.54260255102,8510.69850255102,8998.53066367347,8584.63868581633,8720.58815428572,8756.50443571429,8510.88879285714,8576.97439357143,8689.06443153061,8846.91901530612,8817.67447714286,8414.25356163265,8610.25870693878,8289.81673061225,8376.80103979592,8559.17863163265,8601.59606693878,8574.22944622449,8656.77194183674,8662.06531959184,8668.15944591837,8823.97499591837,8693.97150918368,8915.95740816327,8898.11055408163,8827.78103591837,8642.03793163265,8569.74173755102,8392.64632030613,8504.93657193878,8468.17611765306,8348.8110327551,8540.54777316326,8573.3853622449,8704.53586387755,8609.09357387755,8693.07540755102,8610.57070408163,8781.43909520408,8642.41304693878,8486.8194122449,8423.63816846939,8584.52618244898,8303.59769244898,8585.9908222449,8593.27357234694,8701.47564612245,8773.55122510204,9011.01857673469,8609.9729905102,8740.19462622449,8957.50379387755,8973.24404918367,8939.32182244898,8878.94295081633,9011.8120994898,8905.59767040816,8845.49339285714,8658.38272520408,8521.86578540816,8664.57197204082,8792.39916908163,8624.52117459184,8602.29586408163,8599.95655826531,8546.18571336735,8595.02295571428,8653.80294061225,8704.90011867347,8504.42960489796,8825.47299795918,8807.30585061225,8383.8827767347,8345.07067387755,8343.64139061225,8717.22190387755,8803.71697632653,8735.40625928572,8710.7766122449,8818.01333826531,8765.37442530612,8658.70469285714,8695.40554183673,8582.78037602041,8549.81538204082,8402.55168857143,8495.13598816327,8278.15840683673,8608.44825020408,8567.99783520408,8443.52849091837,8354.55295316327,8296.75834285714,8442.14324010204,8460.52950928572,8458.41745061225,8600.21388061225,8221.89419255102,8359.77386428571,8349.0443567347,8133.47096714286,8324.38785459184,8239.03584520408,8416.74980602041,8445.48305357143,8339.19798836735,8399.89774153061,8465.46832020408,8828.04541183674,8740.02030408164,8540.1444344898,8745.83100051021,8719.33989663266,8541.72719857143,8910.58474183674,8561.28359734694,8599.71471,8788.80920489796,8710.32295306122,8579.7128972449,8491.53328765306,8552.12404653061,8731.41989591837,8524.28641397959,8438.86453653061,8439.37298948979,8696.63930336735,8399.81411897959,8612.01560612245,8399.29325704081,8252.92035061225,8551.33780418367,8433.2580717347,8471.90752581633,8434.50362785715,8650.97310785714,8458.13549285714,8397.38706285714,8432.46567204081,8538.72981765306,8874.81567806122,8882.37600806122,8794.42092306123,8890.51447887756,9127.21320408163,8767.99551244898,8807.13317938776,8437.89908040816,8567.11901571429,8893.70922142857,8370.95642316327,8458.45154387755,8634.85975816326,8780.95352326531,8800.81852826531,8669.86728602041,8747.22380234694,8706.32722816327,8911.28084897959,8655.20493469388,8812.83598733673,9079.55422039796,8966.5193477449,8381.89386631633,8419.19964102041,8615.60541620408,8603.67295561224,8503.64946632653,8512.61105204082,8443.67062316327,8503.27641734694,8430.31441112245,8615.936935,8938.82032602041,8811.2316327551,8769.07995306123,8756.72748397959,8682.66636561225,8554.21013683673,8715.41752418367,8682.31449285714,8714.63444020408,8594.96201540816,8628.25528469388,8381.04482091837,8722.82678402041,8664.48439983673,8626.58444065306,8706.03386214286,8799.16060602041,8659.48217,8553.03849040817,8497.88516530612,8556.05203918368,8952.13308061225,8807.86127959184,8668.30795959184,8526.77384316327,8802.52239561225,8590.33919744898,8619.53812244898,8491.84130744898,8438.83640367347,8271.30474857143,8611.18722346939,8664.72203877551,8431.53227530612,8390.67990102041,8492.13093959184,8805.2786755102,8645.59105918367,8796.89031938776,9140.08438265306,8906.91765255102,8916.43725255102,8866.29816306122,8618.29697377551,8528.86484795919,8351.29044938776,8408.60409387755,8401.00550153061,8342.15185163266,8726.48237908163,8602.14098663265,8705.88637306122,8926.02854734694,8694.71653377551,8686.59665102041,8439.44862643878,8634.7056422449,8585.72237040816,8457.75456530612,8724.07020602041,8712.82638465306,8799.81263479592,8644.848265,8935.44504285714,8931.62872897959,9034.52862734694,8642.64821775511,8426.60346755102,8476.56855214286,8578.04161010204,8709.3549972449,8615.02359612245,8553.39206836735,8825.13447040816,8872.7033122449,8674.35506785714,8613.98835653062,8860.41444591837,8967.01869591837,8384.02365408163,8665.0396410204,8581.05282040817,8585.83337377551,8690.18816530612,8634.50915816327,8564.51953295918,8461.57259836735,8736.52505806123,8548.4857177551,8576.16566204082,8534.03685387755,8494.21020326531,8262.71675714286,8438.25082591837,8357.49529244898,8344.33401551021,8403.76659989796,8476.24731193877,8861.84377244898,9224.61336132653,8891.02808953062,8677.29423255102,8675.45969714285,8683.70541061225,8384.59236612245,8505.62483163265,8733.3629577551,9274.73556867347,8734.77992785715,8667.93230561225,8597.90312918367,8534.10899081633,8599.1438817347,8565.51254030613,8407.21391479592,8506.29393326531,8632.47868571429,8564.29975918367,8547.24051836735,8752.99898061225,8896.29037653061,8946.3492989796,8858.42829397959,8611.82881061225,8768.25694867347,8459.80900969388,8445.89832510204,8567.38424010204,8437.28762142857,8551.59890714286,8524.68119387756,8538.00510530612,8674.82548469388,8573.0857897449,8497.9263322449,8471.35343377551,8397.86056918367,8424.78779581633,8373.58750193878,8211.39218693878,8089.44587755102,8232.25763234694,8512.36243081633,8345.36591622449,8330.56803469388,8371.27218969388,8317.13352714286,8359.66184234694,8404.56153928572,8262.89078265306,8355.8866622449,8245.87531836735,8581.07562153061,8330.33363357143,8116.36657102041,8486.78661918367,8635.22537602041,8368.78490102041,8445.23971622449,8385.00520887755,8338.86734489796,8355.4678167347,8511.27945612245,8360.66125673469,8263.52282142857,8608.24852857143,8581.95152612245,8362.16213612245,8403.74571326531,8586.02607153061,8509.48857846939,8710.21595255102,8486.18717040816,8756.71262959184,8544.10385938776,8634.39664214286,8482.30990214286,8644.14644846939,8610.96965387755,8461.28556540816,8462.25484081632,8594.54433673469,8510.71196122449,8586.35338316327,8699.39811979592,8619.43274744898,8711.04251244898,8409.35391071429,8663.88364132653,8721.04587163265,8390.87559,8328.36756244898,8269.56522908163,8209.937335,8409.70470387755,8477.16829714286,8761.5862939796,8881.33456295919,8737.15605102041,8809.1988239796,8948.57080928571,9082.45198479592,8980.10621826531,8867.24250163265,8618.53031438776,8542.49125714286,8312.01193061225,8411.72828877551,8421.2124205102,8579.59722867347,8366.37479826531,8388.17099010204,8315.24645163265,8359.58969112245,8322.94398979592,8752.49924387755,8589.17567571428,8602.73401821429,8644.5120417347,8432.43497540816,8567.9730744898,8638.38386846939,8649.79346244898,8524.98329040816,8355.59410285714,8580.20955765306,8721.02084091837,8754.13391112245,8596.5287372449,8500.86978102041,8763.34766438775,8418.0529022449,8320.41403408163,8397.82884653061,8363.81147153061,8405.31150918367,8553.77605855102,8526.08395987755,8652.35131632653,8715.4925822449,8853.45619693878,8869.20364897959,8816.26189897959,8372.0031167347,8281.46664897959,8354.2390677551,8323.51951265306,8490.69061020408,8411.74811234694,8339.40915489796,8352.71841387755,8297.90263234694,8262.82676081633,8355.39139102041,8399.76674285715,8372.57519081633,8419.64088208164,8409.84235908164,8536.74424520408,8591.05904285714,8616.63124418367,8743.07108479592,8626.06343489796,8445.54020306122,8609.20099163266,8403.88968255102,8209.83229173469,8475.98860418367,8485.91284010204,8451.99749663265,8558.76367795918,8527.30995857143,8463.7515377551,9035.63708163265,8773.90554357143,8471.32607244898,8609.26879183674,8627.50509489796,8755.82664204082,8633.04084234694,8640.03850642857,8706.83442592857,8498.87362142857,8622.30172448979,8838.163625,8594.041925,8727.66454897959,8669.40261428572,8822.0642972449,8873.43878561224,8842.96528377551,8502.7413505102,8777.63113163265,8468.40092341837,8495.07417153061,8540.70017285714,8710.89481806123,8781.82324581633,8683.48494897959,8745.38495877551,8753.68707571429,8484.45167356123,8599.41904153061,8501.50320887755,8433.54731091837,8434.64245387755,8531.72495102041,8800.37525,8696.58236428571,8784.48130908164,8666.62146938776,8696.52401204082,8789.91264326531,8759.57713826531,8708.87390510204,8772.08702377551,8908.6874794898,8789.58448918368,8870.62879795919,8631.06505714286,8725.02219897959,8596.44709948979,8791.1625472449,8682.59422102041,8400.59780408163,8326.92743979592,8453.12772642857,8772.51266142857,9058.12346020408,9008.05974816326,9133.92843816326,9075.26608816327,9265.83404602041,8930.45612153061,9023.18127653061,9046.95364061224,9032.86513336735,9209.94604183673,9123.20581989796,9184.52943653061,9264.29675438776,8821.09196091837,8724.52149591837,8665.46743102041,8877.01724193878,8788.29369867347,8723.97096661224,8703.83341887755,8735.60333612245,8842.17803979592,8584.30978979592,8265.45684612245,8413.05405612245,8400.09877071428,8215.38638571428,8258.3674605102,8459.95237142857,8450.09179744898,8336.89073367347,8526.08683061225,8687.06246632653,8524.32362642857,8473.97487591837,8475.31300020408,8585.55465142857,8376.98880234694,8223.13854040816,8425.3994544898,8298.3531632653,8453.71800357143,8315.65399285714,8314.78070714286,8662.85508714286,8628.56092418367,8702.14185806122,8527.24219806122,8436.57277959184,8489.14070714286,8673.69842540816,8593.94950306123,8519.549905,8578.86649693878,8455.04353112245,8589.17726612245,8790.47092469388,8871.64803418367,8637.70109214286,8932.94862632653,8322.20501591837,8336.86891091837,8326.95330132653,8409.58441938775,8401.7371755102,8411.2505472449,8713.41046459184,8801.99169622449,8743.02263122449,8813.7237444898,8782.69684183674,8605.63594581633,8469.60637755102,8445.21295816327,8425.95288989796,8367.94659928571,8332.60077561225,8443.95645622449,8531.21892816327,8596.69983969388,8561.13768469388,8626.95881897959,9076.0759827551,9204.51532346939,8987.96764255102,8875.01516755102,8866.13563469388,8663.47077510204,8645.66624938776,8861.78506040817,8843.27125216326,8715.28425193878,8707.54754693877,8938.87146693878,8928.59319244898,9200.12695234694,9516.68112734694,9176.09694489796,9311.98779897959,8881.81345816327,8720.63286530612,8670.88268081633,8655.88763673469,8519.92217642857,8572.27136969388,8537.27361010204,8641.33494469388,8666.47532,8584.7258944898,8547.99919489796,8822.50847244898,8745.02349367347,8630.79459755102,8760.45873071429,8673.89025265306,8240.26544989796,8636.5867367347,8449.05731142857,8698.36938020408,8659.80518571429,8369.4570377551,8639.86513877551,8765.71772295918,8527.4974572449,8668.59398816327,8805.71912153062,8464.40993591837,8427.26144591837,8297.83402989796,8492.75007265307,8737.92391561225,8811.77083367346,8860.08462867347,8771.7205272449,8586.00631193878,8700.51302428571,8610.14266714286,8829.86131806122,8809.09133265306,8642.72798571428,8594.09480306123,8872.37943693877,8513.34525642857,8465.09211469388,8391.87194010204,8517.2427622449,8560.22502367347,8422.28545306123,8333.32722653061,8146.16143571429,8366.9770377551,8447.52516908163,8921.08389459184,8666.86879653061,8679.35839459184,8701.32557959184,8433.12061459184,8587.31533459184,8338.18481244898,8642.29459806122,8961.92616418367,8797.62246989796,8655.60904908164,8775.51101214286,8952.19950785714,8367.47056530612,8312.84905204082,8448.68855816327,8472.86553877551,8501.72786653061,8686.61995955102,8565.61144734694,8630.86548306122,8444.03351091837,8549.31337280612,8552.80553367347,8624.50309581633,8446.2575555102,8517.84139081633,8486.25577755102,8443.41963214286,8278.30276102041,8311.44272326531,8279.1106367347,8336.71624591837,8426.57768717347,8540.43943479592,8448.08332765306,8482.61806744898,8492.38390693878,8370.98664530612,8530.75527408163,8480.24158387755,8408.54392409184,8538.12797959184,8389.45523122449,8751.72314,8940.27662561225,9040.88499969388,8776.10965612245,8379.18930040816,8514.84780255102,8369.79643081633,8193.86884588776,8321.05518765306,8198.08142540816,8314.77892612245,8294.15954897959,8417.42023887755,8390.80466836735,8401.83193357143,8402.64036673469,8312.91363989796,8595.73295244898,8428.04480755102,8717.67202040816,8585.66043255102,8328.04078434694,8578.69854,8488.3542594898,8740.83804306123,8807.96709336735,8549.91129193877,8704.46416714286,8562.90751357143,8827.06093867347,8768.13899051021,8483.93763081633,8409.37628663265,8377.90502653061,8544.13838163266,8715.10248571429,8566.13717857143,8555.82738775511,8947.9426489796,8869.1263494898,8741.78173836735,8622.90871755102,8551.9453527551,8771.1627222449,8724.86803612245,8724.21091438776,8614.0367172449,8625.56695102041,8650.68584102041,8369.08323581633,8428.54805663266,8562.27514897959,8793.97828326531,8965.71178326531,8818.76990132653,8729.79102877551,8658.89604142857,8534.42752846939,8670.79986377551,8437.92678755102,8574.73721806123,8559.35269469388,8467.54826632653,8637.32376173469,8697.27567173469,8716.58349989796,8538.87387846939,8410.85982959184,8510.25418861225,8895.82768361224,8601.42062387755,8693.43023520408,8509.49493928571,8749.0792732653,8849.19363857143,8492.75644520408,8663.92111857143,8869.10585663265,8707.09087040816,8676.60174469388,8876.54821265306,8923.68337051021,8807.65444295918,9139.01410306122,9294.25725918367,8925.04532653062,8491.22103653061,8583.41197530612,8726.65604336735,8637.70148132653,8543.60175040816,8735.51379438776,8563.95883704082,8693.95972816327,8445.2098305102,8431.24333367347,8745.39949285714,8533.06045344898,8759.05073344898,8463.8340472449,8352.58733438775,8333.20345908163,8302.45953807551,8317.41793807551,8237.65317030612,8567.67505918367,8423.40374387755,8329.46591530612,8637.89482734694,8474.566845,8497.69810061225,8554.92589806123,8354.81882183673,8312.70756887755,8531.02214520408,8518.32216959184,8755.37821459184,8647.27759806122,8524.67007520409,8535.61733193878,8466.00784285714,8629.98806908163,8667.04090989796,8729.35130020408,8484.05934520408,8655.06736663265,8687.95503979592,8820.63512234694,8662.12523836735,8306.41670816327,8519.19005316327,8274.57930265306,8366.08832040816,8394.60297928572,8670.64017897959,8601.07131673469,8680.17673163265,8921.43951826531,8769.96324622449,8680.81219714286,8836.68126255102,8725.40249346939,8747.04744081633,8562.52462765306,8552.65261734694,8938.70340234694,8904.64120696939,8867.47307346939,8914.45594295918,8906.39369795919,8811.81255540817,8681.9637122449,8519.66750918368,8407.91921193878,8396.19921460204,8213.20625510204,8445.17206510204,8614.26235581633,8605.61497408163,8913.68780775511,9070.8035627551,8871.62176061225,8419.18450612245,8366.82530306122,8377.22694897959,8639.64127959184,8576.14297959184,8411.30459459183,8358.42960459184,8418.20047836735,8599.01130897959,8573.62562030613,8503.89577030612,8350.32717459184,8603.69732408163,8394.62092714286,8968.07882408163,8502.97830520408,8569.31983469388,8632.66693469388,8792.27734969388,8638.23458459184,8602.99607091837,8519.13595489796,8844.11470989796,8856.95008571429,8773.53882387755,8875.12441887755,8944.14923785714,8189.83107214286,8290.13480846939,8180.4524727551,8290.92820122449,8260.07385030612,8309.18843489796,8316.18198030612,8403.15056091837,8831.00806897959,8670.48229071428,8422.76404806122,8473.68814183673,8504.41249020408,8387.7941152551,8407.29203428572,8502.54235428571,8616.94370530612,8725.27488591837,8582.6025244898,8501.37588979592,8935.80059153062,8562.37785408163,8489.6434994898,8744.78853010204,8510.31968877551,8558.80660438776,8531.19581922449,8283.12164163266,8440.04905663266,8592.88539010204,8213.64716734694,8632.66880234694,8908.73006734694,8979.64756265306,8834.2473422449,8683.38552285714,8682.49766153061,8652.62185744898,8721.41232081633,8735.10197806123,8572.73413418367,8912.74001581633,8954.54935255102,8661.49202448979,8602.22362632653,8594.11436755102,8641.33959979592,8624.65743979592,8534.77276326531,8569.11563826531,8447.9625622449,8368.62986816327,8631.99989816327,8541.49933010204,8810.85300367347,8742.64966867347,8637.0853317347,8835.5307272449,8631.32526336735,8724.67593663265,8553.37983408163,8514.40175244898,8693.52913193878,8581.89389693878,8607.23269693878,9003.54405591837,9374.03052785714,9305.50197673469,9294.44449193878,8985.26225693878,8920.49534255102,8654.64452091837,8708.22500857143,8529.96950102041,9017.4559794898,8812.07133806123,8813.62649285714,8494.86538959184,8785.45162448979,8620.76208816326,8533.47672959184,8447.42691142857,8423.95253897959,8287.25431040816,8285.67000826531,8703.87992102041,8678.21928622449,8638.18429571429,8617.16946010204,8418.34903091837,8524.82493489796,8400.74130346939,8342.07782387755,8419.06872989796,8372.15521530613,8440.80089438776,9178.987415,9378.7032755,9223.32689897959,8973.3741477551,8720.15418612245,8837.17398071429,8638.05618132653,8529.0469177551,8515.19185193878,8487.46459846939,8345.31228834694,8369.23548844898,8513.30312,8461.92739530612,8785.641375,9005.558455,8833.38244530612,8782.94327091837,8692.83122734694,8449.79044591837,8524.63900591837,8432.30919591837,8587.14290816327,8538.59628020408,8449.19809959184,8477.50335153061,8647.12812938776,8572.00222857143,8687.35608010204,8820.26058214286,8829.96377744897,8531.50333489796,8533.84395438775,8851.09114948979,8969.4688744898,8934.2352994898,8750.95135714286,8583.54457755103,8500.72821619388,8371.025905,8492.31455418368,8341.38614877551,8610.32114204082,8656.84332642857,8652.87464132653,8822.33291561225,8821.1055727551,8642.02876591837,8680.88823785715,8913.84560510204,9130.08765153061,8829.37800408163,8797.76276887755,8454.7471872449,8487.87824530612,8540.03628428571,8542.21314591837,8574.46453785714,8889.20042683673,8735.84755622449,8953.02127255102,8820.19927755102,8954.80844815306,9062.64866009184,9003.33282040816,9087.03021193877,9150.87080377551,9106.98707765306,9150.83903673469,9113.61575920408,9386.40429591837,9051.48951632653,9030.69886632653,8959.50109479592,8855.74108877551,8663.22945510204,8624.09335918367,8906.58670714286,8758.3125494898,8675.34356979592,8577.37410867347,8643.95715704082,8586.262115,8429.64782714286,8514.62644826531,8630.50279826531,8583.51861448979,8367.1728555102,8489.71891693878,8391.45291397959,8491.59657183674,8668.63556020409,8602.59684806123,8620.05013316327,8404.77828785715,8419.39856938776,8411.78381938776,8454.56771326531,8620.39607285714,8461.2768322449,8622.92720785714,8510.28933918367,8629.72346806123,8708.76669040817,8736.76393938776,8680.09598193878,8496.7433,8887.70814469388,8773.66931663265,8782.09087214286,8998.66666571429,8893.95479387755,8879.27867397959,8598.80385459184,8734.73829204082,8870.12787153061,8883.97234653061,8703.56624438776,8739.35639438775,8778.93245153061,8709.50825408163,8381.80456938776,8636.17071969388,8582.15629306123,8647.77765581633,8652.53104081633,8588.47855510204,8728.42720510205,8812.17361418368,8424.15515918368,8579.04370306122,8517.38914418367,8322.99768163265,8243.74882959184,8437.81778469388,8612.72121291837,8783.08279591837,8721.72736653061,8918.69084908163,8636.21114295918,8749.79104102041,8618.19927530612,8442.34458530613,8543.46684530612,8463.83120704082,8533.64435051021,8287.14056112245,8452.54723285714,8468.09125785714,8757.50656714286,8550.39713989796,8429.62564765306,8618.27588265306,8570.50717653061,8759.87054826531,8677.43838867347,8668.5289755102,8708.08369693877,8446.91172857143,8784.15741938775,8851.09817081633,9157.85894285714,8998.64445673469,8608.12927346939,8508.39175918367,8584.64400408163,8386.44099183673,8312.85917653061,8391.95489285715,8349.08363785714,8436.85468265306,8459.64868571429,8417.3788222449,8476.6962027551,8811.67001489796,8486.77884295919,8888.5200427551,8951.1866972449,8704.9635122449,8542.80228908163,8490.40232561224,8521.95373816327,8563.8156055102,8516.95004969387,8772.09062040816,8484.99544040816,8701.08179357143,8879.58435612245,9325.64435438775,9243.94471040816,9258.61729693878,9158.15056102041,9069.80657530612,8998.15373602041,8549.14462030612,9211.97038571429,9232.41050918368,8902.337125,8750.28456020408,8677.17677244898,8384.75542767347,8346.34998010204,8408.37299520408,8391.11003489796,8608.14136316326,8683.41015602041,8840.18664714286,8524.35981408164,8334.93227704082,8321.94205153061,8314.25910153061,8756.84010816326,8365.58597918368,8252.14847489796,8315.53865551021,8449.6662272449,8665.9607922449,8467.10957255102,8525.95320091837,8378.97556214286,8824.40902897959,8556.19891897959,8695.82943091837,8495.96020091837,8455.72509081633,8526.75615744898,8427.84040918368,8483.15693540816,8381.10595540816,8439.79284540816,8598.44038193878,8682.83993806122,8625.71846306122,8451.59270785714,8304.18988367347,8235.26570367347,8496.34728867347,8688.88162826531,8710.52871653061,9037.27197632653,8729.48663877551,8869.5422144898,9055.23164622449,8842.79585,8661.79648918367,8599.59072142857,8689.8093832653,8812.2023655102,8495.79202142857,8509.96445102041,8615.27902020408,9126.62714142857,8828.21458887755,8913.15497918367,9005.21089693878,9136.3902527551,9189.53416816326,8971.16116785715,8738.38131836735,8555.49808989796,8734.15643418367,8506.11395959184,8568.29189459184,8628.29337571429,8534.35497061224,8638.07679897959,8642.08605408163,8597.607485,8812.0925294898,8903.0211044898,8800.34609428571,8918.46078877551,8855.19899693878,9329.04562040816,8987.38420102041,8732.09885081633,8626.47280571429,8688.03461734694,8982.36398265306,8779.56728030612,8861.88218653061,9143.97323071429,8912.67514081633,8800.07051959184,8832.84097785714,8755.97298693877,8557.53349612245,8665.16684938776,8941.24422663265,8938.39731357143,8947.61360010204,8954.36815295918,8599.58404602041,9002.31483673469,8820.79076826531,8673.231445,8590.88366591837,8723.58493491837,8622.25552928572,8635.45840785715,8851.84484081633,8635.73785,8794.25293173469,8605.16839653061,8855.63944653061,9065.48444653061,8662.62903265306,9068.1117472449,8879.35165561224,8877.19894693878,8492.40574693878,8552.874236,8569.74837,8613.81559591837,8450.73265693878,8281.77851193878,8207.87599204082,8946.93181326531,8685.90273367347,8793.77069061225,8726.776735,8713.91754897959,8780.86179897959,8564.86946897959,8403.60017408164,8493.01868857143,8219.08993938776,8416.5734367347,8482.03090306123,8563.15375255102,8452.90095183673,8686.36571761225,8512.57389091837,8669.74449492857,8944.62535612245,8810.70234112245,8683.46431326531,8722.94274051021,8899.54422193878,8860.4459622449,8893.67261836735,8491.99856326531,8681.87797653061,8794.40637438776,8540.73974969388,8656.01568479592,8718.72472826531,8902.59782836735,8676.27897346939,8740.78062377551,8780.72564591837,8693.48678979592,8588.79880517348,8910.26839971429,8988.85061571429,8801.45530642857,8651.49308367347,8637.68293367347,8603.34954091837,8596.94801938776,8866.06473938776,8948.93990561224,8797.2274327551,8567.27868071429,8789.8328844898,8652.19434918367,8637.90770418368,8599.87170316327,8621.76754163265,8770.96363938776,8881.79242959184,8783.36581346939,8760.71889204082,8963.54310826531,8373.93665642857,8487.32394081633,8288.54814285715,8468.69170632653,8413.05755285714,8462.35257734694,8401.69804908164,8528.57472255102,8492.16011755102,8545.85745,8648.63280653061,8608.62249581633,8515.60521683673,8394.5448744898,8851.33043357143,8629.16399591837,8751.2893622449,8661.16419581633,8534.50133010204,8325.54022897959,8444.8677255102,9020.7714494898,9100.20014897959,9010.48945306122,8918.96608755102,8706.68752355102,8534.04758642857,8420.75382632653,8410.15767154082,8330.03779306123,8554.93695540816,8727.04969010204,8484.54222020408,8627.72285734694,8767.29222306123,8579.96909286735,8407.69609836734,8510.55884642857,8692.16283571429,8789.89948163266,8847.81791836735,8372.53046581633,8716.76957,8574.11525040817,8563.10657857143,8668.52300918368,8355.0107867347,8478.09613959184,8511.57156530613,8385.68582030612,8604.63376908163,8311.67615397959,8341.92287387755,8345.31331183673,8312.82143765306,8462.55801418367,8284.59192687755,8438.08020408163,8418.22698367347,8492.05016908163,8405.97555744898,8388.00694244898,8468.06814591837,8685.61746112245,8524.77805438775,8376.97269459184,8351.27291908164,8391.22605265306,8485.57991408163,8513.44883877551,8605.88259867347,8641.38756479592,8668.41558153061,8420.59745071429,8347.57029571429,8323.45125520408,8344.29335418368,8644.89911938776,8533.92168979592,8372.29257397959,8423.36356438776,8476.60101091837,8551.86246112245,8812.22988214286,8646.0650394898,8813.41066530612,8309.02131632653,8308.14577469388,8284.36241489796,8401.62264071429,8612.34250204082,8360.23237653061,8586.4949695102,8712.88563877551,8710.41419306122,8560.99037030613,8891.41914204082,8602.62192346939,8640.32093581633,8694.51651306122,8700.73817102041,8714.71716295919,8416.43466795918,8434.40451622449,8273.53191122449,8410.90854489796,8250.65195642858,8377.31987642858,8332.48423163265,8395.53038653061,8498.83877204082,8454.40931734694,8451.91995857143,8282.19896693877,8342.54145142857,8418.5797227551,8296.1774877551,8280.94567489796,8444.87122102041,8512.65718336735,8479.50349418368,8391.63273193878,8333.56654163265,8353.40678367347,8428.96690795918,8576.38318163265,8592.57353163265,8601.68457,8446.83749081633,8501.40911357143,8159.14775244898,8430.41427244898,8654.24944744898,8791.31593653061,8836.4002,8580.62241306123,8512.64207755102,8618.52726408163,8991.52517755102,8732.05562795918,8722.46256632653,8488.09679591837,8682.50100306122,8598.63070306122,8440.21909887755,8655.49230387755,8471.7041394898,8631.72519846939,8731.68863795918,8715.87286367347,8763.29272346939,8665.77542387755,8710.94883357143,8633.29925571429,8428.69269969388,8732.42421570408,8619.84701713266,8759.85123305102,8564.53510735715,8493.87655235714,8699.47462705102,8880.7404662347,8823.98572735715,8880.18614744898,8751.91551918368,8905.70932153061,8955.99806132653,8900.76234244898,8689.12469081633,8765.98429081633,8582.33689255102,8702.40673306122,8749.58664795919,8739.73194693877,8644.58926428572,8696.67791397959,8728.83935204082,8637.81683036735,8737.98289387755,8503.67394387755,8785.24258632653,8725.77305132653,8752.00711183674,8773.09089959184,8474.22533459184,8765.37018867347,8655.63384051021,8797.49250673469,8682.5729517347,8577.71455173469,8338.17692142857,8396.96261132653,8284.06948469388,8315.17179051021,8350.24323255102,8427.73239766327,8444.88796286735,8707.76346591837,8423.15640040816,8582.38923122449,8428.4307722449,8421.52238969388,8282.26637806122,8293.94113622449,8203.99795132653,8334.20364285714,8321.87282785714,8269.75905744898,8332.96628744898,8458.53949632653,8367.23457346939,8281.09143306122,8234.4492722449,8300.9744472449,8413.55667255102,8250.32388439796,8374.97353744898,8589.79756795919,8520.28962806123,8315.6443622449,8668.8139,8561.93525102041,8859.12679734694,8763.03129,8770.0177955102,8824.33084,8584.86672908163,8592.84026581633,8418.4450122449,8394.05540857143,8580.33940265306,8449.23740265306,8567.67676836735,8713.79347571428,8724.78916020408,8499.45919785715,8445.2927920102,8483.23498469388,8325.76854602041,8467.52092132653,8626.15458387755,8636.18170265306,8712.59129383674,8698.8784422449,8712.33978928572,8688.70532428571,8658.99694183673,8696.84391387755,8549.91351122449,8531.25065040816,8538.48827040816,8459.48803367347,8436.34906326531,8612.77971938775,8502.31822407143,8596.69376744898,8392.84031346939,8893.00639591837,9025.09081938775,9116.47300867347,9263.55480857143,9140.30339529592,9043.8618405,8842.1100894796,8693.21406315306,8715.74291029592,9028.68056479592,9160.687265,9125.49744979592,9164.44775530612,9307.29705581633,9201.96197183674,9140.90079693878,9070.23214132653,8980.16641255102,9003.09427561225,8963.87804744898,9003.6449955102,8644.85341408163,8537.30087346939,8721.65403183673,8618.52480693877,8610.59929785715,8670.95096153061,8715.17027755102,8551.23873040816,8528.81964816327,8394.51427989796,8753.16708438776,8632.51609591837,8732.18098877551,8809.32796765307,8741.09263510204,8644.69341948979,8677.13671510204,8513.56774428571,8631.37483489796,8762.33056428572,8604.16246428572,8661.32356428572,8438.79235122449,8755.45349081633,8556.35682765306,8796.9777527551,8544.44405102041,8347.21924285715,8683.0394894898,8481.80202602041,8426.07479367347,8399.89657229592,8520.46389285714,8455.59160428572,8481.09643295919,8465.13708316327,8597.18861836735,8471.88125428571,8434.7802255102,8526.36105816326,8524.9659344898,8473.972035,8589.11725306123,8382.96717306122,8501.50252806122,8601.33184183673,8403.29762214286,8616.14803897959,8550.45616938775,8690.79097265306,8720.16249897959,8864.37579040816,8628.46085714286,8586.65506836735,8685.80880448979,8503.17746836735,8665.14930918368,8547.48567612245,8652.85908642857,8484.54933122449,8604.19918622449,8551.59142581633,8652.28463346939,8650.31110785714,8625.18565785715,8599.10826571429,8347.0235744898,8348.07121530612,8266.87971469388,8492.41198244898,8620.20742744898,8711.90429846939,8553.33152561225,8360.70307479592,8255.04934122449,8470.76259591837,8738.52037244898,8594.86487540816,8707.70266836735,8632.44733979592,8854.89088632653,8816.41232227551,8767.46262336735,8711.64349136735,8809.76262959184,8811.0372117347,8566.20918030612,8763.09201530612,8687.35234642857,8512.19696733673,8539.83390040816,8443.365745,8200.24794591837,8274.47046632653,8278.17909387755,8286.9451894898,8632.8768994898,8424.94593816326,8716.38505826531,8752.80827418368,8560.81640367347,8564.79834183673,8693.9867512449,8679.21075644898,8709.96255816327,9120.18122153061,8824.66755918368,8451.30275408163,8575.33150142857,8490.50145316326,8419.85778755102,8534.56600693878,8565.0550327551,8523.4470862347,8677.91982633674,8727.6854595,8848.91016489796,8929.69610091837,8837.52384081633,8554.99842959184,8638.07073571429,8323.4321744898,8468.89897255102,8579.96205469388,8515.81953785715,8335.55019285714,8658.81651785714,8756.58998673469,8881.91697020408,8666.56371020408,8750.12287357143,8854.85985377551,8730.92367255102,8476.83186326531,8653.51346642857,8523.61193163265,8677.22771163266,8611.17416602041,8440.82383387755,8628.78242602041,8541.80967408163,8682.18049795918,8669.07422438776,8399.10199377551,8531.7918572449,8385.44751214286,8458.8949232653,8745.48777071429,8385.38192040816,8547.00671632653,8437.91587,8528.67695918367,8543.18123316327,8667.95017244898,8511.81565,8485.87960765306,8410.60310132653,8734.57894887755,8374.63097316326,8336.87488071428,8348.33461846939,8491.08744765306,8204.5243644898,8280.04983571428,8313.93876438776,8462.60365510204,8328.24867653061,8395.43140908163,8291.27348867347,8608.20163367347,8413.68370928571,8499.65039561225,8557.6568027551,8337.41402163265,8433.66106693878,8432.74155428572,8545.99225744898,8653.11135714286,8808.25022653061,8589.85754163265,8688.45724163265,8439.79085020408,8512.3620229898,8682.58568992857,8550.77076928572,8429.83374714286,8345.26168816327,8264.71052173469,8282.67135204082,8268.93762357143,8298.69522969388,8517.62922632653,8361.637325,8381.66995071429,8426.72484285714,8544.8042,8582.87611122449,8537.73943438775,8471.3075377551,8475.85983877551,8646.31628897959,8450.39238530613,8431.77863122449,8491.68012673469,8248.34216081633,8277.28557489796,8260.97645030612,8412.0732227551,8512.9138255102,8618.1593755102,8493.91006632653,8764.99306571429,8819.81278061224,8592.58413836632,8375.32918306123,8576.63202091837,8545.672185,8400.13455,8170.74445418367,8303.21761336735,8770.96938173469,8479.58514479592,8433.45691489796,8452.58140989796,8356.43364918367,8762.90070877551,8567.44267459184,8386.06168744898,8339.1527827551,8411.26509743877,8536.88400621429,8803.62726683674,8552.0049622449,8511.31949081633,8509.0056867347,8289.63640438775,8348.58760561225,8260.06899102041,8385.08671602041,8374.05415540816,8438.50397969388,8594.19888469388,8492.13309040816,8394.44157857143,8531.10078857143,8619.10401234694,8874.0025855102,8663.92350744898,8711.10230744898,8810.48952359183,8699.63622142857,8804.42129693878,8549.43543510204,8559.56831428572,8571.11948265306,8753.33783479592,8672.21676051021,8673.02021938776,8501.39062122449,8609.48079122449,8738.28698153061,8929.40061081633,8834.11767336735,8602.32765336735,8664.18248632653,8684.61391795918,8526.48219479592,8673.92311938775,8518.44990102041,8320.40929653061,8415.62528265306,8281.14903367347,8391.09756326531,8433.02371,8402.14382591837,8437.58239336735,8351.23650867347,8675.59243520408,8608.62507663265,8704.83300816327,8379.76381734694,8192.20491989796,8327.97129571429,8463.15794071429,8389.12315571429,8627.55701428571,8696.73134428571,8834.82528663265,8439.42958061224,8589.29548489796,8665.9925122449,9026.824675,9027.48748244898,8617.29027244898,9017.18558928571,9004.76451836734,9078.40756642857,8878.81872653061,8585.33243163265,8399.96745632653,8281.71585612245,8332.24845714286,8527.46082887755,8512.19727673469,8372.58636418367,8397.95550388776,8453.16051244898,8532.96057581633,8644.95680030612,8712.04541826531,8626.22082744898,8556.53930030612,8547.14777102041,8636.43361428571,8515.39120489796,8664.82752346939,8664.72573785714,8481.10113479592,8427.36843418367,8364.7988,8486.62550510204,8723.15702142857,8563.34460020408,8463.69957714286,8294.2960027551,8369.60836397959,8505.86185438775,8505.90230204081,8482.30685204082,8695.70627234694,8794.57818734694,8870.7103882653,8707.3815372449,8583.89004306122,8831.19961020408,8521.18999663265,8608.51617010204,8624.76319255102,8542.867695,8624.79455,8281.7737222449,8542.11521969388,8818.32728469388,8793.53796836735,9010.81962244898,9068.35264081633,8718.23564744898,8655.44042959184,8556.46967755102,8486.29030612245,8639.4467122449,8481.58805755102,8368.18891755102,8284.11765408164,8444.67150836735,8367.24627836735,8208.10829336735,8246.78292836735,8251.72856153061,8288.82639214286,8324.65392714286,8452.90991459184,8727.07887081633,8699.58032653061,8360.71856653061,8339.2357644898,8283.63422040816,8471.32117551021,8436.2751755102,8350.15642357143,8559.74482857143,8234.51344857143,8200.75657959184,8361.64674489796,8586.27843061225,8959.37024653061,9044.20347479592,8943.31149214286,8832.40399183673,8860.51712142857,8944.40080118367,8740.11633771429,9017.91600914286,9349.75117204082,9341.93009591837,9182.17153132653,8998.73129510204,9142.95555387755,8948.62443428572,9152.72514122449,9249.08512734694,9054.31298591837,9278.35952959184,8934.16438979592,8758.01737326531,8848.63013704082,8738.75235102041,8928.09139581633,9082.26908512245,8672.51388061225,8482.17939867347,8401.03600867347,8672.087715,8496.49553244898,8340.38363806123,8616.85408020408,8469.22121681633,8793.23928785714,8551.33451744898,8542.83684857143,8700.9692,8383.23707112245,8620.6902260153,8472.11723938776,8547.91046632653,8599.21990626531,8445.16342704082,8840.07374510204,8746.14312418367,8875.04258387755,8765.80962857143,8703.69854591837,8518.26868285714,8368.69911744898,8753.39888244898,8302.72180142857,8258.24099928571,8441.36392428572,8225.32469928571,8403.4033222449,8286.30517112245,8145.50963091837,8268.69087316326,8559.51308653061,8713.64598673469,8534.55725612245,8490.44980857143,8424.40997959184,8296.26016622449,8232.74221510204,8271.68187010204,8197.92483591837,8557.48424010204,8601.37595755102,8460.49329755102,8393.58625714286,8590.08556040816,8415.2758017347,8311.23557795919,8208.802955,8274.32332877551,8230.84762081632,8361.80779081632,8316.6521022449,8473.5918244898
816.65306122449,8961.48304122449,8881.06682755102,9103.80740510205,9160.32830510204,9027.63150510204,8622.56064459184,8613.1050917347,8803.32409275511,8728.54204112245,8827.44080612245,8729.36332212245,8529.99708010204,8560.24422867347,8678.73047295918,9036.12621653062,8568.18648622449,8509.85548030612,8495.33430204082,8721.17361204082,8762.91065903061,8816.64083071429,9060.90229897959,8965.74339428572,8911.62896714286,8728.59658469388,8688.99924897959,8777.19947081633,8515.01948653061,8667.497216,8729.80621295918,8625.6628122449,8867.30685520408,8997.00107193878,8495.18511540816,8521.60547602041,8619.06569581633,8572.03733051021,8729.48345306123,8858.57768571429,8730.90068153061,8993.76599,9125.45187510204,8866.90466591837,8916.62579591837,8716.19850806122,8800.69549632653,9020.31115061224,8964.76439561225,8782.19110061225,8755.11925061224,8787.84387061224,8842.36027877551,8959.22095765306,8866.57244571429,8899.23258571429,8904.79416755102,8981.17862959184,8848.49387428571,8687.35997040816,8740.12881183673,9008.6052322449,8998.9209522449,8599.51966836735,8778.17063632653,8625.66157918368,8610.83699653061,8804.40910346939,8800.92239214285,9083.736995,8918.23979071429,8772.37641591837,8705.75798537755,8715.40274479592,8696.89389979592,8887.84525816327,8825.42658,8810.6595844898,8857.74135816327,8573.82886153061,8726.99245755102,8811.50072979592,8771.25370244898,8618.63418142857,8721.95187561225,8655.16953561225,8988.29101122449,8908.04857795919,8873.47955457143,9012.06659457143,9115.26566673469,8765.07568265306,8802.22758326531,8764.48505806122,8905.95482069388,8707.73136142857,9060.05644285715,9032.24502142857,9205.44467081633,9110.70567846939,8950.07989897959,8886.22634806123,8863.72300357143,8986.81223867347,8794.27692918368,8760.9422577551,8729.62373826531,8761.91043336735,8469.09656571429,8534.59372102041,8319.08146602041,8290.88429040816,8576.08330653061,8796.77312163265,8936.19072775511,9268.52333479592,9121.3976755102,9021.9528655102,9057.44496183673,9050.68318193877,9118.8397882653,9085.33109102041,9865.89907265306,8992.78320204082,9289.49883326531,8993.07426632653,9143.02001591837,8932.6114067347,9189.64719244899,9478.83227367347,8787.12146306122,9044.36593142857,8902.15232714286,9026.58714897959,8973.80996,9385.29246285715,9500.27239581633,9171.74408811837,9011.33896283674,8543.74581510204,8396.268845,8438.36687,8810.95377733674,8703.20498979592,8753.66692755102,9048.80859183674,8935.48339387755,8804.45839346939,8930.53588877551,9217.84961346939,9096.51435979592,9225.00211816326,8768.79060371429,8966.4531777551,8668.70346142857,8592.37547540816,8698.27271408163,8516.20011540816,8507.77924,8708.23163418367,8648.50699693878,8612.63274775511,9168.64101153061,8914.73426316327,8660.85765153061,8679.71368459183,8606.72201959183,8808.16820483674,8660.86859142857,8947.47675469388,8656.93487930612,8683.84851561224,8795.78380061225,8766.93826561225,8964.05037959184,9104.66965989796,8982.15793683673,9001.29137755102,8850.59856897959,8814.05872663265,9010.52990306122,8618.17193071428,8714.09882448979,8700.9412972449,8717.1900627551,8840.8802922449,8603.51567918368,8681.03133867347,8686.90509246939,8683.01040561225,8676.25328428571,8766.80998826531,8636.15437153061,8554.07745040817,8901.25925612245,8910.26730418368,8862.74772397959,8717.76520693878,8695.48416193877,8739.33991336735,8888.89727489796,8972.00272577551,8695.00213663265,8679.80139836735,8632.51292612245,8595.57007969388,8599.29977479592,8859.08533591837,8792.17664061225,8751.38275061225,8673.35871510204,8874.69621122449,8629.32731653061,8650.30616653061,8903.61816642857,8668.15508142857,8630.83023295918,8628.83979316326,8673.62208397959,8769.98544561224,8956.4758427551,8873.34863367347,8704.0124455102,8791.81855489796,9385.86487306123,9932.64276,9328.59342007143,9271.54760680612,9187.55385272449,9217.33511561224,9031.59243183674,8615.61876510204,8751.14681530613,8618.84365438776,8630.77758438776,8436.78667357143,8744.92620510204,8694.07979122449,8728.53171306123,8707.35136153061,9006.56614285715,8815.69123132653,8716.65114102041,8530.97285367347,8495.49028367347,8464.39273530612,8700.66041081633,8568.57564081633,8470.7033165,8613.90363540817,8643.33314255102,9134.30258979592,8863.86886836735,8878.10583204082,8909.64820918367,8903.67185326531,9060.37361571429,9046.01745897959,8982.64108510204,8972.59812959184,8782.21293642857,9147.72768377551,9068.13523234694,8930.35802285714,8880.92673841837,9020.628165,9158.02816346939,9011.05988377551,8832.1169817347,8975.88317663265,9023.8059282653,8810.55329683673,8733.30531268367,8522.59486959184,8519.12855959184,8417.39065234694,8451.15983357143,8592.10241938776,9055.72792122449,8841.25718640816,8872.83213030612,8740.18538336735,8796.03554836735,8452.90113236735,8395.49250459184,8497.27998877551,8620.56371989796,8681.8688344898,8771.61917979592,8946.02623479592,8732.49876632653,8690.07052326531,8594.08043071428,8849.21765367347,9055.42472795918,8990.03802357143,9041.64598071429,8848.59382445918,8957.06355081633,8812.6915077551,8744.75408408164,8792.69202836735,8510.12230877551,8515.19748020408,8531.38946861224,8928.97596928571,8648.76903479592,8856.03668642857,9218.44466081633,9238.90235918367,9311.28241816327,9136.52529489796,8848.55728408163,8827.93588408163,8963.69327142857,9115.27643142857,8824.89758418367,8689.20700918367,8664.37018,8921.34881479592,8866.38216653061,8927.09601755102,8811.30049591837,8803.06535102041,8768.08627510204,8802.45517510204,8930.06378122449,8703.05635316327,8943.14817591837,8906.75819489796,9002.96596744898,8911.70981901021,8728.13294867347,8777.43364336735,8647.63802826531,8843.26839387755,8906.96362867347,8983.07958214286,9181.028215,8932.57424714286,9068.70940071429,9025.80853755102,9191.49686255102,8915.85059663265,8900.30123153061,8763.3663432653,8590.53078653061,8522.69464214286,8724.07393520408,8675.59303,8642.3660482653,8585.55161316327,8715.16649397959,9213.64984918368,9249.42722734694,9227.02740908163,9172.18182204082,9074.21667102041,8902.16536653062,8694.00244653061,8757.10548571429,8688.09636959184,8781.00647428572,8730.16995193877,8712.78525795918,8496.40047061225,8624.48241020408,8560.32938459184,8656.65222816326,8760.61209316326,8924.65160510204,8926.85395877551,9128.20954051021,8841.82155612245,9071.74549561225,9109.26949377551,9089.98849489796,9020.50279510204,8985.39841755102,9036.79208653061,8718.82422653062,8733.90819591837,8721.52591836735,8718.25575612245,9112.18465642857,8757.43068142857,8562.31594918368,8520.12392377551,8595.49958285714,8726.96862418368,9012.08955428571,8900.47089204082,8594.30877587755,8668.99690612245,8773.8259644898,8570.80335173469,8760.2115177551,8713.91446632653,8825.46200459184,8779.1103555102,8913.71066438776,8863.8106027551,9064.26543673469,8953.81027469388,8915.13692857143,9376.40878346939,9799.57902897959,9403.73761112245,9556.6854044898,8961.95009479592,8917.04297846939,8664.34534550511,8765.75616979592,8761.80462530613,8915.10410346939,8804.35693153061,8894.11858428572,8637.01376755102,8625.45389438775,8727.32790859184,8751.49924683674,8721.07856897959,8599.20470020409,8626.88998714286,8923.92638367347,9026.16494683674,8786.0973622449,8905.55247418367,8932.00144826531,8903.6488844898,8880.23694948979,8596.35784463265,8745.15840642857,8504.31858061225,8369.69071530612,8332.14413681633,8920.43168673469,8862.23507142857,8687.91858367347,8759.31009765306,8910.45428520408,9156.06090408163,8980.20896795919,9006.50605306122,9123.04942346939,9007.47823571429,8966.92397551021,8957.12352594898,8663.74426183673,8553.25118265306,8865.79889591837,8871.26824887755,8640.65650510204,8632.02891428572,8682.5823877551,9056.31552653061,9071.95331316326,8539.27389581632,8532.72574212245,8601.02510102041,8602.24567612245,8708.54671591837,8943.20885295919,8996.00660729694,8391.14150377551,8821.03391244898,8688.15511204082,9046.61871959184,9353.56210846939,8965.88372520409,9001.5137855102,9162.26237795918,9324.94583459184,9019.15936909184,8623.99706112245,8523.97820612245,8661.95980183674,8965.5916705102,9076.48717785714,8829.64964540816,8741.32751346939,8692.48229357143,8891.10858387755,8802.64578928571,8642.72977316327,8583.87319316327,8790.82188897959,9082.77762775511,8994.23719306123,9070.17494918367,9255.37939346939,8885.55782926531,8789.54140846939,8781.90394387755,9013.4866244898,9056.30449775511,9180.8705472449,9114.69048561224,8933.51551520408,8981.20233112245,8781.35692091837,8652.55623346939,8655.51712734694,8626.31777653061,8622.60268193878,8793.46329071428,8650.70958204082,8574.35398204082,8692.57459887755,8918.14918530612,8900.32500408163,8849.11962826531,8846.7569847653,8718.86458867347,8812.96988561224,8839.56510469388,8998.36474663265,8937.41818602041,9096.55971520408,8851.97378714286,8952.79185091837,9004.06601858164,8783.87026233674,8767.69903928572,8975.11489836735,8877.66387336735,8762.3080094898,8949.04455928572,9023.12238418367,8812.89598459184,8945.97865908163,8980.57841387756,9107.14084591837,8811.74818510204,8835.38582612245,8577.89391846939,8641.89703979592,8675.34753627551,8649.01734255102,8683.79953040816,8672.29948612245,8680.85006632653,8725.57910326531,8681.13375285714,8779.33215265306,8944.93896163266,8774.87672244898,9129.5382177551,9205.64034163265,8784.47064663265,9121.13619663265,8843.3789715,9166.64645183673,8953.86454183673,9114.53573341837,9389.09752755102,8841.60114020408,8813.81925655102,8732.24603775511,8522.98041010204,8711.75266795918,8821.71470571428,8673.31585571429,8763.21722510204,8874.10670346939,9178.23815091837,9107.8549894898,9123.87438734694,8808.35107857143,8919.43169571429,8754.20148940816,8909.3338472449,8888.96686897959,8828.54110897959,8800.12596367347,8800.81548591837,8705.52016408163,8762.54024071429,8823.57950438776,8836.94301989796,8902.94426326531,8823.43338586021,9049.71952422449,9083.12540265306,9110.06615183673,8851.68180183674,8811.05741408164,8723.05116714286,9054.82994183674,8990.0579272449,8655.85006122449,8900.87890734694,8410.52730734694,8521.83779693877,8719.29618959184,8729.07426816327,8756.82010336735,8931.44194438776,8877.04507040816,9085.87852551021,9184.18510602041,9424.87559683674,9293.1307522449,8902.6040422449,8886.69027632653,8710.85162867347,8825.68294520408,8505.81336530612,8810.5034872449,8887.53242612245,8925.58212476531,8752.36644326531,8493.42862102041,8538.08393653061,8488.75144693878,8723.21264051021,8967.08651887755,9075.54219693878,8927.57614173469,9172.09313377551,9210.52511571428,9346.93221285715,9246.71923030612,8990.55208714286,9129.1063622449,9004.57529693878,9197.57365327551,9270.03083061224,9298.50458867347,9338.53991836735,9087.01689489796,8918.23527040816,9006.29843408163,9244.76809060204,9347.92510102041,9230.78232673469,9290.2670444898,8961.9238794898,9101.90002673469,8537.26309785714,8551.72847612245,8534.44438877551,8491.90222,8913.15009816327,8774.01655959184,8826.23399846939,8581.00073469388,8588.16265591837,8740.83394744898,8742.66573183674,8728.64958,9112.78809591837,9102.67719112245,8928.62132887755,8811.25764030612,8974.48787112245,8711.29045530612,8717.25888846939,8484.0042727551,8788.41699020408,8661.74233367347,8488.58586367347,8704.07131367347,8651.40165163265,9041.08220571429,8865.45689020408,8965.41161581633,9107.62334408163,9399.27555261225,8881.66788006123,8984.79995306122,9277.63217632653,9281.04237632653,9233.14404122449,8936.95973561224,8945.15037714286,8948.46426581632,8788.39079897959,8691.21406897959,8445.73762091837,8546.57774142857,8579.25366602041,8794.10613489796,8620.7873582653,8771.20386061224,8713.44161561224,8969.04287959184,8808.96954408163,8601.3970867347,8635.56187336735,8572.82984295918,8545.91931806123,8731.65986683674,8806.10988571429,8644.7020377551,8743.06215908164,8488.35557836735,8817.52010520408,8683.01112295919,8662.02696795918,8513.71476530612,8408.50376938775,8637.02343540817,8513.16150255102,8568.62614918368,8397.85052081633,8748.75394693878,8716.40172591837,8557.31467908163,8632.61673979592,8763.77015540816,8847.77560469388,9027.1413622449,8672.0881372449,8804.1718372449,9106.48404112245,9097.07426877551,9051.12762183673,9003.1598572449,8900.33970846939,8856.01200846939,8796.50212806123,8877.50566448979,9048.3045794898,8596.87528683674,8391.74518265306,8512.27194653061,8465.72667438776,8561.5399444898,8599.32826867348,8786.25095214286,8678.03066877551,8868.44038061225,9032.52164193878,8619.27156622449,8638.09111693878,8601.95221755102,8637.0756655102,8784.25623387756,8723.20451632653,8642.64189244898,8993.96153857144,9032.8523194898,9023.47898571429,8847.36011959184,8951.81770367347,9534.53664265306,9654.80622469388,9145.5025772449,8923.91241102041,8920.85699622449,9005.59993846939,8964.81251285714,8972.08161530612,9154.08369428571,9260.98078979592,9103.12609010205,8838.44262653061,9118.21472387755,9227.24141783674,9401.90271204082,9531.07034,9477.19919642857,8910.41240020408,9006.05044153062,9011.7459777551,8973.2287072449,9316.3007572449,9097.44765632653,9037.70719244898,8826.16698020408,8708.62156520408,8737.56118142857,8480.14531806122,8626.67629806123,8855.70087530612,8880.19897991837,8574.22641563265,8350.04893163265,8379.21652040816,8559.19695979592,8485.6189177551,8454.87543306122,8829.22147806122,8896.39766877551,8869.50664653062,8808.35174122449,9042.76734622449,8937.28287530612,8728.65039510204,8862.29645102041,8982.45175908164,8801.58717734694,8650.83343418367,8560.3663005102,8510.99018551021,8573.5259055102,8786.24152581633,8899.06720051021,8852.98945408163,8714.46576785715,8807.28992653061,8899.73565520409,8621.72856857143,8780.54193857143,8676.93775051021,8612.97585591837,8573.72841591837,8676.63669591837,8758.83192295919,8567.71531132653,8632.8099072449,8540.8155794898,8722.71713061224,8876.74463714286,8930.1256094898,9095.25091908164,9109.01468010204,8985.19775765306,8680.52300561225,8586.63451428572,8960.15348867347,8614.72667275511,8645.87965714286,8704.29854826531,8644.10785326531,8562.26295204082,8434.64337142857,8479.6448215,8412.67672887755,8394.28940591837,8608.83098959184,8990.23377826531,8826.85487316327,8671.20236316326,8742.91643316327,8848.38736540816,8620.47419012245,8831.39287928571,8635.40097187755,8636.03518238776,8789.56656555102,8766.89453591837,8634.28848255102,8604.50999142857,8626.52260591837,8913.40690408163,8773.64230255102,8977.48296428572,8873.6429402449,8532.22488163265,8529.44296663265,8412.29212142857,8540.13202747959,8467.67049489796,8763.51117081633,8826.43225989796,8714.64721459184,9013.38621612245,8921.65643877551,8869.19233387755,8883.8714867347,8996.56273163266,8888.69208602041,8775.99099602041,8700.89311877551,8623.49567693878,8713.34105102041,8509.53854510204,8549.27358663266,8727.51283173469,8682.70226091837,8902.88300959183,8660.7890327551,8586.67393938776,8670.41977642857,8779.69590010204,9038.50759510204,8906.43225010204,9004.12381102041,8869.34584316326,8896.73600816327,8940.83097653061,9005.40318846939,8844.83196285714,8670.11088561225,8814.4857144898,8503.25796734694,8482.75874397959,8638.33446238775,8483.36459061225,8728.82654061225,8635.82476061224,8427.85630742857,8436.1025,8258.76450040816,8394.09947938775,8295.12440969388,8520.47440367347,8649.21453520408,8881.69534244898,8771.69437102041,8699.12702061225,8701.82371142857,8854.63050438776,8995.29430020408,8704.6539267347,8720.21401387755,8746.35538581633,8884.89949,9273.42414285714,9306.60294234694,8976.85790040817,9095.14444020408,9010.39119632653,8911.38282806123,8688.63285285714,8655.83691989796,8668.03864561225,8820.29792316327,8542.79681644898,8330.81740683674,8464.36104326531,8825.05366836735,8944.96627836735,8843.02757887755,8969.07173867347,8816.17452755102,8906.9045722449,8769.20996438776,9093.96647255102,9017.65092071429,8813.88609683674,8939.27926244898,9008.22175693878,9105.34014693878,9056.20919285715,9195.51296734694,9181.12509377551,9027.95356938776,8625.16179510204,8742.83549795918,8709.47126836735,8521.54427571428,8706.83140295919,8720.87957244898,8567.03640663265,8905.55520040817,8829.79323632653,8988.88860642857,8942.54778234694,8921.61984734693,8685.72306081633,8785.91105877551,8871.17962363265,8488.50457363265,8607.1365622449,8582.87498887755,8615.10574387755,8734.54981979592,8507.02289438776,8687.45856357143,8745.26461459184,8686.31766530612,9059.63850204082,9165.57552428571,8849.42827397959,9056.03618765306,9175.73731846939,9149.77088040816,8776.75200071428,8716.69237428572,8571.44245481633,8530.54645693878,8478.13360214286,8451.25215397959,8559.63249010204,8805.45549193878,8662.49586030612,8580.50732316327,8870.13333367347,8829.44475642857,9108.42744642857,8957.32160785714,8849.62992632653,9018.48297632653,8932.08098397959,8832.50944030612,8590.51267183674,8472.59423469388,9084.09986979592,8794.71280285714,8883.72520285715,8604.40492285714,8410.17724742857,8582.74246479592,8637.17970571429,8844.75090571429,8731.50075571429,8737.97370436735,8569.09170959184,8881.32307755102,8889.66058979592,8964.99253051021,8871.35853816326,8904.15650010204,9048.20248571428,9053.49837387755,9079.1773567347,9048.80667612245,9122.03590612245,8923.02224132653,9000.19695257143,9045.40806357143,9115.64608928571,9166.24952367347,9297.65795008163,9110.33964832653,9152.31293977551,9137.23393895919,9085.96852895919,8992.33280344898,8735.73506773469,8610.3984067347,8881.63205295918,8810.95704795918,9049.24293561225,9005.47516826531,8771.24507326531,8639.65197826531,8586.81608326531,8527.68086153061,8525.99598203062,8632.70598733674,8499.77920183674,8762.12538581633,8881.44397887755,8565.50176959184,8677.13938091837,8739.92973663265,8764.94977887755,8636.37708091837,8584.68680908164,8900.55653908164,8681.89432357143,8615.90407234694,8709.95156346939,8691.44492938776,8701.69297775511,8506.90702040817,8657.45743234694,8662.9263567347,8587.97003908163,8610.9332972449,8415.61889611225,8244.09028561224,8547.78133357143,8410.71971744898,8588.59462244898,8519.68008163266,8891.87493234694,9013.70761428571,9100.61364775511,8783.40693775511,8868.02256561225,9248.57756061224,8908.77596189796,8825.44952877551,8955.34952142857,9009.95182285714,8874.53457326531,8774.97864122449,8814.45109061225,8568.47529734694,8669.20360030612,8643.12443887755,8890.69702357143,8558.43683857143,8593.83467346939,8731.35848265306,8743.79074959184,8541.48945479592,8724.36787183673,8680.19321204082,8832.54942642857,8622.42342959183,8673.08595734694,8843.92157653061,9051.57181357143,8543.91348244898,8572.41090326531,8741.60414336734,8792.82543571428,8907.60809357143,8821.84329846939,8797.42309071429,8859.62679071429,8515.15811214286,8519.03681520408,8435.77415285714,8635.36963979592,8511.40597755102,8683.2348,8715.61189785715,8523.31013091837,8625.05475071429,8543.84937102041,8613.52897591837,8506.63236091837,8610.95488591837,8617.96517959184,8666.27011685714,8736.75736551021,8692.72733030612,8404.06634030612,8618.16518295918,8648.38776316327,8391.45037969388,8507.70204383673,8584.83938244898,8509.93573438775,8351.82806294898,8434.51909418368,8581.41788612245,8697.64782683674,8698.52166602041,9002.37659418367,8886.98022918367,9066.73617877551,8861.00758487755,8920.03574714286,8962.96127122449,8858.28173122449,8652.74651969388,8656.65929112245,8522.65889581633,8651.01069387755,8812.9083777551,8667.37699204082,8485.9389310204,8727.24836816327,8801.0415877551,8826.66674861224,9114.38766030612,9042.7512394898,8908.88535816327,9024.11620081633,9133.12628622449,9098.21470693878,8877.77349602041,8920.35718326531,9258.99910969388,9262.85741795919,9192.14214918367,9190.03641336735,8758.42386020408,8572.59150479592,8999.6450867347,8838.88333336735,8634.38584306122,8812.95965785715,8927.61669663265,8781.15786122449,8889.05758887756,8914.58653479592,9020.1055755102,8847.03979510204,8774.37836836735,8918.2989067347,8533.23179397959,8573.02637357143,8498.20135357143,8415.00406153061,8609.91459928572,8594.4343605102,8637.09783755102,8537.24460612245,8863.16892530612,9110.32193030613,8911.6796672449,9075.16111326531,8825.16883693877,8819.13047285714,8449.0864055102,8541.40306591837,8709.4650527551,8877.54593204082,8705.23857459184,8453.99079030612,8694.40581836735,8595.69837193878,8945.90068867347,8836.04576285714,8863.52029734694,8950.96092959184,8894.01011530612,8812.53165265307,9127.31299408163,9101.54490173469,8713.46105540817,8895.00282734694,8784.84081795918,8750.13900357143,8550.99178418367,8684.48944204082,8653.58050295918,8919.44406091837,9082.48989744898,9296.65037326531,8959.73729612245,8779.36872785715,8882.02376908163,9151.20531122449,9174.00337622449,9085.36397316327,9022.10810311225,8963.0107417347,8809.07908081633,8680.255635,8691.79556,8706.57561,8856.41728020408,9050.73176469388,9353.78494510204,9296.35980408164,8984.18574959184,8787.37968459184,8592.25770316327,8682.01343489796,8645.8229312551,8643.8102027551,8559.0902322449,8552.88198877551,8515.78962479592,8643.54566897959,8656.77790908163,8682.06743408163,9041.03564489796,9040.88324714286,9121.38211408163,9146.10572040816,8662.65850795918,8989.00222081633,8955.09443326531,8798.74579326531,8960.97047107143,8742.40033836735,8924.00440591837,8925.05325591837,8813.30601918367,8633.34979163265,8834.0249094898,8624.5293624898,8772.18905102041,8912.37545244898,8761.72551469388,8597.42649887755,8615.44394326531,8567.43625744898,8770.49832244898,8729.85744295919,8696.4209327551,8611.6613394898,8802.77847071429,8920.63104163265,9213.5612227551,9464.40551020408,9007.33835020408,8444.52984826531,8772.95843969388,9112.10627816327,8804.87948785714,8895.47323704082,8795.55234591837,9068.21638520408,9011.02324387755,9074.20045418368,8712.33010418368,8877.34455928572,8737.03271867346,8621.31251020408,8555.91851010204,8588.24149712245,8783.09331612245,8944.07180755102,8733.08248081633,9220.73710020408,9079.61848244898,9144.72192734694,9183.09822469388,9152.70941408163,9105.29212418368,8946.15907530612,8818.64190173469,9013.29219612245,8822.1808172449,8976.58567704082,9090.37769051021,9235.57242591837,8750.33414591837,8585.07250336735,8570.47991061224,8811.87878357143,8559.60196857143,8831.27910040816,8790.90687040816,8937.98240408163,8774.82712265306,8727.50660806123,8737.67438285714,8576.04445489796,8582.89371193878,8454.85457785714,8560.25146285714,8529.90635695918,8447.88302695918,8355.61851683674,8596.53478683674,8413.7486572449,8507.94049265306,8651.43303928572,8789.804495,8987.565815,8997.50498897959,9128.61656520408,9129.37001285714,9097.90454642857,8853.63626683673,9108.15001051021,8878.29895526531,8696.54909971429,8641.1074489796,8643.46408561224,8682.94569683674,8743.83352183674,8781.23291122449,8615.61305204082,8725.87952677551,8767.62217816326,8543.50648306122,8931.42987857143,8787.86052551021,8885.41957591837,8928.41034387755,8688.73119795919,8969.53283489796,9136.39532010204,8835.80234387755,8500.66498265306,8600.95731836735,8779.15321459184,8676.57165520408,8862.47126367347,8719.91498908163,9039.10043581633,8715.42469836735,8762.73945316327,8763.20690091837,8365.87923214285,8504.0511555102,8705.19417642857,8770.99818061225,9205.26154387755,9349.66575204082,9173.64405571429,9293.02002714286,9085.06786591837,9183.41729244898,8727.18240040816,8821.62095836735,8775.68693285714,9074.26155785714,9111.31025,9208.89573367347,9114.43077265306,8964.16305367347,8723.74717255102,8786.74498408163,8512.70237234694,8729.86522377551,8771.47337989796,8693.76686989796,8941.68860489796,8886.93038448979,8825.05444459184,8718.85149642857,8828.14810081633,8838.97834306123,8642.60148520408,8866.56284530612,8904.75030408164,8927.55461397959,8944.01674285714,8755.07919571428,8674.15632877551,8780.34999428572,8730.91230755102,8696.16939602041,8745.86694459184,8751.11577040817,8957.53718438776,8745.64342244898,9089.7104867347,8984.09139122449,8733.72673857143,8897.06231102041,8870.65733755103,8932.75409489797,8840.05602928572,8712.45712367347,8573.26599387755,8650.69815693878,8702.74265693878,8667.09811877551,8634.33601448979,8605.76699571429,8691.93839612245,8542.22038775511,8724.88202040817,8706.67965040817,8737.94045581633,8653.03497744898,8819.60262693878,8751.86070693878,8624.60127387755,8516.06189795919,8621.95995683674,8692.06234489796,8608.36802183674,8835.708085,8868.23666326531,8703.1655244898,8635.7901144898,8656.13434581633,8798.20484265306,8755.79599806123,8846.48078469388,8953.46048867347,9005.27446326531,8987.62192846939,8745.21684387755,8703.26835959184,9255.70722734694,8622.09979795919,8611.96669938776,8747.58268265307,8971.71174989796,9184.72549112245,9079.02874602041,8948.30162704082,8723.76297459184,9125.11152714286,9018.11189367347,8765.95556428572,8551.43109693878,8628.17038489796,8599.9757672449,8942.33578571429,8707.14080244898,8685.22893571429,8745.782985,9211.675945,8739.21407612245,9077.11215857143,8842.42879916327,8786.38348602041,8905.58574102041,8976.17100102041,8997.76993602041,9033.91855887755,9032.58075091837,8663.50606142857,8687.93564826531,8804.5523572449,8544.99753612245,8564.28216734694,8670.03284448979,8854.75374255102,8701.56965865306,8580.00222918367,8596.29309438776,8401.83779418367,8479.87407038776,8642.35814438776,8475.54831459184,8527.70643714286,8567.57755982653,8905.50556237755,8576.7696485,8887.21804612245,9117.80521,9491.73119795919,9396.81329693878,9302.56668795919,9177.69830510204,8795.66473367347,9205.35822061224,9139.05257306122,9112.65359306122,9001.44356234694,9087.04553744898,8821.98067387755,8884.80704693878,9051.85412551021,8935.8186209898,9091.64060836735,9166.19229040816,9049.50944132653,8994.11260591837,8876.37142010204,9088.81613469388,9012.68251020409,8904.68114918368,8589.82015816326,8838.97317,9102.29479183674,9079.27950102041,8877.75201561224,8969.97667,8913.48669142857,8831.65920540817,8835.74315510205,8738.82827030613,8787.28821244898,8773.54351591837,8659.27103093877,8898.92150234694,9044.50004734694,8803.92534814286,8685.73049346939,8522.15882683673,8830.42156897959,8696.71223816327,8698.34532428572,8871.60191346939,8986.4121655102,8967.63853632653,8699.03111938776,8802.71047755103,8650.67868081633,8593.43294122449,8449.23281428571,8918.60041765307,8533.43264285715,8711.21431091837,8682.01041020408,8747.56964836735,8842.3272377551,8739.90532142857,8546.50477244898,8513.67687795918,9058.27309795918,8873.29969653061,8922.23943653061,8653.26686530613,9083.89777663266,8995.48232642857,8938.72044510204,8960.20408061225,8835.13361561224,8802.39125071429,8783.30446663266,8865.53268153062,9093.77735132653,9362.743325,8844.96308765306,8984.76602816327,8726.3241,8900.28852765307,9034.11121306123,9199.28169010204,8655.72486387755,8329.96656653061,8567.4625605102,8493.33136857143,8762.21747434694,8719.4477244898,8759.33242357143,8756.65417295919,8461.98400897959,8824.88777283673,8756.98725857143,8642.96007295918,9390.35182795918,9027.31896963265,8944.09917412245,9057.48062632653,9066.06658612245,9068.33011030612,8808.63519489796,8501.18346897959,8727.83162969388,9220.36364664285,9368.19948265306,9624.05202142857,9543.84140459184,9544.94548179591,9822.66118755102,9450.3910032653,9188.91829142857,9277.99303693878,9246.09799530612,9072.52176030612,9034.44315030612,9076.74765244898,9028.37511355102,9140.76566438775,9281.51900204082,9110.69849795918,9011.09149795919,8918.08873887756,8924.68346040817,8920.68397456123,8691.32049833674,8608.68251333674,8557.0874442551,8705.0660092551,8462.85765520408,8808.68703469388,9185.70363397959,8879.30440612245,8650.71515612245,9088.33759122449,9022.14707204082,9336.46059928571,9345.55649102041,9521.96930581632,9397.03896367347,9601.80046979592,9274.3309422449,9421.47959183674,9271.67254163266,9147.45935877551,9045.25533306123,8862.75148295918,8523.05153602041,8660.36344846939,8660.40532653061,8933.55498163265,8716.95421,8749.66086561225,8506.42625561224,8688.01703459184,8625.04744459184,8744.24787459183,8667.52313959184,8744.65986765306,8605.05314928571,8630.13278714285,8749.46569183673,8749.91075908163,8926.15225826531,8911.71351632653,8851.48000938775,8725.16022736735,8739.25068187755,8885.56531918367,8693.640247,8748.35164265306,8827.54051081632,8750.77307112245,8617.6286377551,8874.51217571428,8729.64976561225,8777.72481418367,8880.13879918367,9067.87402357143,8717.77841418368,8870.27036397959,9066.86021255102,8938.30871969388,9099.29197765307,9046.51062632653,8880.63549693877,8829.96355571429,8801.33603836735,8780.46112959184,9044.91024857143,9002.56667693878,8854.91716326531,9258.98481122449,9236.93288622449,9013.7051122449,9128.29394336735,9027.12367091837,8848.12865612245,8842.67648591837,8833.11660836735,8754.02122969388,8905.44144897959,8879.56100438776,9121.88042428572,8578.3175122449,8455.39024030612,8456.44171469388,8617.33314938776,8647.79156255102,8631.82717061225,8690.84160295918,8427.34113836735,8660.68153397959,8654.88172346939,8525.17461183674,8467.54860744898,8726.75414438776,8934.74251867347,8832.64837867347,8758.64376367347,8577.68903295919,8784.46305132653,8777.06505327551,8897.0044789796,8791.77302102041,8924.95937040816,8612.79314397959,8814.30235755102,9195.92332816327,8727.74026816326,8761.4518355102,8685.17685306123,8891.22190806122,8755.0930754898,8679.56575214286,8509.98905714286,8854.20635295919,8585.49684795919,8828.20725204082,8619.95136734694,8477.82187346939,8309.37452408163,8457.58938408163,8591.33722091837,8622.42762857143,8461.34054755102,8400.34287387755,8712.02528255102,8646.85151255103,8752.10869214286,8534.21418887755,8592.88437504081,8615.30786081633,8414.34243142857,8515.42890989796,8475.32303540816,8736.51902765307,8577.31291107143,8665.4107489796,8701.87092897959,9021.74447897959,9054.40119795918,8947.62483795918,8890.6241944898,8757.5514844898,8692.81077530612,8832.1200027551,8790.53663485714,8745.45920173469,8426.2608422449,8385.35062346939,8401.8039232653,8521.5678572449,8361.64109615306,8364.36332656123,8467.08082306122,8521.01405877551,8640.35525377551,8514.8703677551,8500.86051612245,8335.50852806123,8522.59612622449,8599.75009316327,8762.71513644898,8764.85613316327,8726.41987602041,8993.73017102041,8792.6390472449,8760.03866102041,8909.56998542857,9070.33351357143,9157.34039540817,9120.55762142857,8793.04837010204,9387.80302010204,9145.04487877551,8878.28815857143,8657.39289877551,8635.50003285714,8510.64194183673,8403.29378783673,8895.36939477551,8795.80653877552,8669.4134744898,8874.27351469388,8805.06364244898,8927.06858714286,8672.55154285714,8775.30731071428,8878.84761581633,8946.98089826531,9203.06864448979,9427.3215694898,9154.0006744898,9102.73891153061,9473.57746653061,8466.62782572449,8611.57807887755,8877.19974704082,8538.79827530612,8757.23371632653,8533.54649744898,8557.60475642857,8643.88540102041,8598.91983438776,8841.57260102041,8665.19538591837,8829.97007040816,8581.86044428571,8985.77206877551,8869.33190428571,8875.04624142857,8582.31517020408,8736.20868183673,8788.41687744898,8960.60072836735,8987.2845377551,8939.23069836735,8995.14487193878,9406.90413857143,9475.47851744898,9778.70209938775,9652.48996806122,9491.59165744898,9234.14426591837,9282.86599928571,9081.94469632653,9130.4339827551,9257.16702908163,9210.24920683674,8870.85487877551,9294.93879469388,8980.78259091837,8887.03534459184,8910.35978204081,8683.81665540817,8544.65323255102,8653.60758602041,8877.34479173469,9251.92888673469,8672.98461234694,8927.15861193878,8713.39195565306,8702.42547306122,9012.64693602041,8829.14930316326,9153.09422316327,8833.0600877551,8765.64162071429,8749.70781734694,8820.49399489796,8770.93651489796,9249.01088163265,9007.62378163265,8705.68255795918,9191.79674948979,8884.47051132653,8947.68482785714,8911.82597346939,9163.32328469388,8914.37016204082,8620.44418704082,8688.04717040816,8861.53326489796,9028.73669959184,8686.03598357143,8913.98704081633,8713.50008642857,8652.97382612245,8600.99207591837,8561.60181804082,8580.38011281633,8800.00165214286,8650.9074222449,8862.59042489796,8567.83978755102,8615.45166806123,8711.92640255102,8811.98975367347,8706.19914489796,8628.51005918368,8533.836655,8659.73864183674,8602.68283602041,8573.81875663265,8807.25973685714,8899.57069071429,8663.90037285715,8707.35437214286,8721.89878377551,8910.89710377551,8626.86730877551,8563.09181877551,8510.13216877551,8465.19548895918,8620.09131244898,8474.10896857143,8959.21498734694,8869.04962122449,8852.09274255102,8909.05711591837,9104.10538826531,9172.95836333674,9202.93193428571,9446.27307469388,9175.64637959184,9077.80897959184,9350.20465989796,9282.16432602041,9077.18619285714,8827.36917918368,8761.92485561225,8853.1056367347,8590.73767520408,8817.86093877551,8857.04205877551,8825.57617346939,9029.64957540817,8683.95882142857,9075.29922775511,9285.11875020409,8929.49229387755,8848.58348336735,9069.81695102041,8973.30380102041,8954.40254704082,8729.99645959184,8991.55139581633,8957.28724132653,8828.21277193877,9072.76993897959,9272.08703591837,8957.69683802041,9168.81927428572,9193.85346163266,8968.69152928571,9072.21356510205,8942.20753571429,8778.03094816327,8454.86306397959,8527.21370397959,8662.62085816327,8839.2239472449,8665.44729683674,8808.70723917347,8836.28703632653,8600.59748020408,8630.03833428571,8614.97116408163,8796.54004306122,8969.27953877551,9193.71254183674,9084.46723387755,9103.06982469388,9028.38755969388,9035.027145,9191.1665005102,9107.9666244898,9085.04545938775,9151.63506479592,8980.20336479592,8657.18848663265,8877.45943469388,8667.11651714286,8938.61506653061,8875.21539081633,8739.99281040816,8576.11713826531,8802.38819744898,8795.4127432653,8778.07774316327,8773.12490020408,8758.13476040816,8684.93723969388,8910.59045285715,8988.44226785714,8762.50443142857,8735.60385142857,8735.67262857143,8503.34621989796,8677.82663887755,8686.00242265306,8841.46585,8787.02794081633,8702.84252867347,8954.07425010204,9014.68603489796,8943.29344836735,8857.67833316327,8959.86640918368,8710.08891081633,8514.44345408163,8736.8325622449,8577.827345,8591.04860316326,9071.43046530613,9000.10811428571,8768.72712040816,8522.72548673469,8689.85144816327,8723.18188607143,8593.96382811225,8631.87896892857,8566.17683142857,8711.28859734694,8880.9449835,8769.18230020408,8996.92735816327,8889.31461061224,9129.96461755102,8888.49210714286,8708.10386632653,8686.22132132653,8591.72246632654,8559.1295367347,8548.75485557143,8596.47825091837,8816.72640571429,8748.84365316327,8513.34011081633,8732.85625704082,8495.07381091837,8652.16828071429,8464.42690693878,8672.20810693878,8943.84877897959,8681.16963244898,8682.80765755102,8386.83139969388,8544.8228767347,8641.89859795918,8565.39824581633,8591.30612602041,8549.49480770408,8698.43542571429,8735.33702571429,8845.58804306123,9112.59407306123,8939.12356183674,8850.51618530612,8804.71689346939,8804.49369102041,8607.34655591837,8266.52525234694,8789.3848525,8722.69071438775,8923.44584581633,9161.72866530612,9043.20427244898,9293.85747806123,8973.56587663265,8785.69541765307,8611.7584555102,8536.86626755102,8950.00714734694,9107.04159857143,8519.01680663266,8549.00873081633,8702.44861836735,8804.91567061225,8611.11430204082,8606.57003234694,8458.69442734694,8341.01328948979,8396.52924334694,8509.82363787755,8602.75884787755,8996.11177867347,9016.07762173469,8730.95991938775,8458.22691938776,8457.41211836735,8411.21621234694,8462.22600857143,8440.50372714286,8604.44689061225,8780.33874142857,8466.68390489796,8755.19083061225,8585.34589193878,8655.56712122449,8736.46389357143,8654.4289,8823.6047472449,9152.22026877551,9243.32063734694,9341.11086704082,8882.92159693878,8929.66831234694,8821.61017183673,8693.04703020409,8699.58012857143,8898.6052472449,8878.7724877551,8759.01661408163,8609.41552755102,8696.65948061225,9092.14059765306,8972.63625642857,8615.75195887755,8621.78816551021,8504.70794387755,8854.28274989796,8899.54522418368,8943.85433642857,8914.39139642857,8811.08859642857,8618.57447142858,8847.04207770409,9112.2749597449,8935.79455142857,8522.72056551021,8655.28360836735,8845.10491836735,8923.70087071429,8672.94366734694,8518.05016326531,8439.93538642857,8546.7557,8615.58511653062,8539.61885897959,8746.0143589796,8602.95113877551,8690.01063612245,8728.19438612245,8698.86442112245,8645.11336520408,8840.21191418368,8862.25688908163,8800.47374653061,8869.80693244898,8855.28201744898,9301.08422040816,8659.01220602041,8597.76921663265,8857.25006163265,8765.83350163266,8624.58318010204,8716.70322508164,8512.26872377551,8596.54816052041,8705.8263172449,8869.26201785714,8744.488095,8564.36641908163,8798.62221510204,8778.35126530612,8588.33184826531,8623.78328367347,8804.85976530612,8368.01889887755,8510.59267704082,8553.52937489796,8698.86314208163,8893.5532812653,8931.56446,9032.80703306122,8524.46442693878,8730.96905102041,8669.81208857143,8809.57994469388,8753.42164959184,8849.30481983674,9002.6246822449,9216.89023346939,8783.76898132653,8799.46785255102,8905.26882357143,8992.93297316326,8975.03080530612,8890.56233469388,8731.55278979592,8844.57467418368,8888.18870357143,9118.07439326531,8925.89025408163,9181.39491326531,8791.34850397959,8670.31902408163,8892.54973479592,8720.30933938776,8591.64860969388,8802.9967255102,8240.79389387755,8416.46125877551,8423.72875081633,8487.93236785714,8314.78302085714,8711.39817836735,8603.75179734694,8531.74811306123,8545.62114479592,8884.76512540817,8661.996725,8740.83985010204,8676.15402734694,8636.08056122449,8722.66013367347,8992.64458367347,8858.45478020409,8944.85647489796,8709.66605510204,8509.78486255102,8567.30247428572,8739.82969102041,8729.05617265306,8739.44594561225,9015.53837571429,8772.60596755102,8723.2366244898,8929.78014346939,9075.88878183673,9131.69737040817,8981.84563877551,8994.91502244898,9236.29589061225,8958.20089112245,8891.37336704082,8618.13958183674,8624.28395510204,8630.50007010204,8762.98951091837,8779.64673540817,8863.07182404082,9045.28726489796,9109.33223142857,8923.63169285714,8664.62853071429,8590.28259530612,8578.62570346939,8703.89885051021,8779.32301163265,8839.4375155102,9037.56344387755,9134.65683397959,9484.58036295918,8877.54264173469,8651.49053395918,8410.82954765306,8412.05082469388,8351.16521418368,8334.42435795919,8710.74714795919,8451.77781708163,8789.27806208163,8768.06861493878,8962.9861489796,8906.02013153061,8806.40371204082,8806.07235,8749.05112357143,8826.68511306122,8749.68850510204,8913.423655,8835.99345408164,8923.80551285714,8431.70101285714,8608.49346979592,8347.92273979592,8407.22176918368,8468.08177926531,8820.24950091837,8676.03319459184,8706.00772316327,8946.01647892857,9079.10559785714,9008.25540265306,8638.80300612245,8630.90436510204,9030.66074061224,9151.66919061225,8716.4538294898,8911.34508061225,9049.28921061225,8933.59221897959,8872.90336897959,8837.97965397959,9157.6633439796,8915.99090285714,9080.00218660204,8994.76627653061,9419.94597510204,9451.76592918367,9152.88306918368,8963.7583344898,8898.33890846939,8518.39569081633,8675.40527591837,8552.40810983674,8647.8575644898,8646.39817942857,8660.27642653061,8480.90052489796,8387.77426897959,8500.78916862245,8404.49162959183,8918.93290285714,8812.79833979592,8959.22811357143,8839.66322326531,8704.85206112245,8838.11176112245,8677.45381581633,8677.15447806122,8558.98497683674,8735.35576153061,8622.16938438775,8706.99404040816,8692.50413581633,8599.97331234694,8637.24896530612,8608.5316072449,8400.90127306122,8256.13267091837,8336.62624234694,8340.71453061225,8568.48318244898,8513.70806428571,8588.19778061224,8667.38556204082,8610.30945061225,8712.08154061225,8951.97756316327,9045.37670704082,8938.04794163265,8688.85582,8750.21365448979,8699.89596173469,9234.56094102041,9078.83490051021,9001.78624775511,9039.87893704082,9176.82961561225,9079.61664040816,9123.54679367347,8850.79416367347,8884.49022663265,8669.20595408164,8527.60777428571,8517.55580704082,8627.92296020408,8626.66935204082,8369.38378142857,8672.17749081633,8953.73625285714,8905.62547255102,8508.58233755102,8469.62537255102,8494.30377561225,8472.10617561225,8702.22118561224,8865.89708908164,9045.78893469388,9010.19208714286,9081.31287346939,9200.26422346939,9105.37285346939,8989.81162285714,9056.93456020408,9091.17936020408,8832.16800408163,8969.42775193877,9022.24915346939,8536.92508346939,8520.55329846939,8521.71599183673,8519.21318183673,8748.72050336735,8522.49826959184,8749.61533122449,8651.81451408163,8575.30614795919,8713.94042142858,8657.60182551021,8578.84417897959,8629.53290459184,9075.48164908164,9005.84675836735,8880.07987336735,8739.97018336735,8772.59773061225,8769.77330387755,8915.63899704081,9015.31136734694,8929.18225816327,9068.01676806123,8769.66537591837,9018.6248639796,9061.29646540816,8600.60342969388,8712.60160244898,8507.94842112245,8668.13319428571,8810.35286591837,8942.94802857143,9096.77792857143,8909.27233346939,9201.01469591837,9038.3579344898,8786.76672510204,8879.87141571428,9043.54476704082,9043.43499857143,9011.48659979592,9411.68955683673,9623.83585520408,9318.88389244898,9195.42525673469,8887.24385683674,8975.2427027551,8972.8120517551,8906.7445655102,8732.47462581633,8517.53924367347,8555.69639265306,8756.06013377551,8824.29199510204,8591.59950887755,9171.26693071428,9151.53131979592,9071.44128493878,9056.54706867347,9093.14898112245,9137.66535602041,9119.32795632653,8859.0510622449,8820.86166153061,8723.33789693878,8878.71036102041,8787.63657142858,8573.5555105102,8679.16284897959,8531.0369755102,8556.86193571429,8555.56111877551,8396.81556938776,8629.68355877551,8375.47444642857,8500.71485952041,8424.4510077551,8494.41639734694,8525.2193222449,8380.95636816327,8254.27013755102,8384.42185969388,8462.27978295918,8468.04699561225,8767.76406448979,8749.64623255102,8870.47430989796,8747.35680632653,9150.31188816327,9096.18782530612,9248.2651155102,9082.12999816327,9035.34538102041,9257.19386673469,9100.19734540816,9156.58188459184,8816.39515163265,8566.30971654081,8565.98202304082,8672.33783102041,8638.83947204082,8392.38410204081,8658.53412918368,8613.43620714286,8614.26844714286,8607.33529642857,8787.98869806122,8688.22573255102,8835.07763755102,8837.99228255102,9077.14070306123,9367.18850795918,9161.22660255102,9050.0877544898,8951.06375163266,9031.09239295918,8903.53290479592,8916.17899683673,8693.0502677551,8767.59870979592,8917.16507102041,8951.02722857143,8416.81143673469,8501.08734510204,8408.36072959184,8567.25727959184,8570.22311346939,9067.76750928572,8980.93571755102,9105.38133193878,9032.86258020408,8972.75194020408,8584.84259816327,8554.29091071428,8498.73451714286,8408.41014132653,8286.98378173469,8559.16013673469,8567.40990785715,8679.43154836735,8451.87628336735,8804.17983673469,8791.78518163265,8601.13051357143,8596.07081387755,8468.90879897959,9104.40927448979,8640.45000857143,8441.59045326531,8537.37804571429,8494.53755838776,8685.18003479592,8646.04369040816,8522.89482418367,8594.3823427551,8517.09492204082,8690.10450918367,8361.68151602041,8477.27951418367,8458.49821285714,8557.96041938775,8590.41085602041,8910.10085367347,8679.25946417347,8628.60302997959,8521.31251193878,8473.26843612245,8568.35066438776,8655.01834693878,8527.92773622449,8424.65390397959,8417.64829683674,8425.77113163265,8591.07063105102,8733.83732326531,8500.06322959184,8805.87277,9014.6818117347,9171.8949594898,9059.66939244898,8986.91555989796,8860.60579969388,8876.98071806123,9078.37260493878,8888.54457993878,8983.79457993877,8962.3546244898,9218.30356938775,8952.06761010204,8787.54067653061,8824.36473326531,9151.11535336735,8887.27694877551,8946.14775061224,9047.69832209184,9125.89673530612,9055.88819265306,8880.25658765306,8836.21331265306,8932.34276265306,9021.92080265306,8983.40130265306,8796.12343265306,8816.53734816326,9064.59722183674,8627.75016428572,8674.44592479592,8646.66210173469,8729.10265173469,8533.48521897959,8490.82139561224,8702.94402234694,8611.61802877551,8638.03788061225,8505.70330020409,8499.35793408163,8609.51156571429,8590.56146102041,8622.2003275,8753.12097379592,8789.98695367347,8763.38979755102,8637.88239412245,8663.71949316327,8743.77886459184,8790.71630612245,8608.65018738775,8667.74938010204,8699.48031112245,8661.86111010204,8487.5369444898,8722.63711193877,8655.49929795918,8842.63356295918,9036.91402795918,9060.03119387755,9250.42275887755,9327.71717387755,8867.18660887755,9107.90569387755,9043.0667772449,9537.9333372449,9065.24187061224,8951.85608208163,9034.09285877551,8858.80998142857,8571.64243510204,8507.54489,8626.3354182653,8691.88177,8376.30131510204,8406.69064432653,8435.42765179592,8395.51632755102,8580.67790979592,8775.40502683674,8940.57483071429,8972.69534357143,8927.29674183674,9204.95174530612,9176.35516571429,9115.5683572449,9136.2814872449,9011.55571581633,8784.15131040817,8771.34768540817,8648.17856040817,8489.98359122449,8556.19246469388,8579.23118897959,8505.75229387755,8787.5585367347,8885.83341306123,8915.55131806123,8923.63719112245,8805.15543510204,8543.94555163266,8658.7714472449,8891.02664112245,8941.34895132653,8887.676405,8840.93999,8597.45453336735,8501.3871022449,8746.76880561224,8661.16153311224,8450.40659173469,8609.92630510204,8683.93176163266,8620.70994142857,8831.95034734694,8961.62083459184,8673.98859571429,8684.33130571429,8974.16780132653,8976.74719459184,8994.37727959184,8781.48109714286,8716.56022459184,8496.75092285714,8621.41915454082,8787.01842989796,9049.03852959184,8897.1646127551,8737.37274857143,8814.60980581633,8772.63745928572,8562.88215030612,8706.91497663265,8622.76329989796,8664.46694520408,8624.22885153061,8756.9326077551,8675.34532306123,8537.61956755102,8573.04246397959,8564.20927897959,8444.56758540817,8404.33483040816,8489.69979897959,8770.80797469388,8847.70862040816,8562.66543673469,8710.13932938776,8804.33929673469,8767.18814077551,8881.12526326531,8810.07317989796,8798.59106734694,8672.41909285714,8501.45521653061,8438.14035602041,8395.98260408163,8341.63999632653,8493.19752397959,8552.94455163265,8748.63988061225,8733.95104938776,8823.53384336735,8613.509075,8691.08866,8678.61692936735,8719.93522346939,8476.29954387755,8512.095076,8527.49787906123,8434.32538816327,8443.14225346939,8658.16206846939,8727.38712653062,8724.03969510204,8646.29695183674,8399.07982908164,8447.56759285714,8457.12838551021,8518.45212826531,8703.20175142857,8415.3455027551,8491.73813132653,8411.60230122449,8856.82248406122,8657.32956028571,8974.11659171428,8815.57894418367,8963.35622591837,8852.46660765306,8596.12367061224,8576.85780061224,8446.14441061225,8615.41976438776,8333.33460020408,8508.94641387755,8645.83874653061,8656.29195969388,8987.10169010204,8842.34582714286,8790.23802816326,8830.43207316326,8776.1862977551,9071.4896777551,8923.7081744898,8949.20811948979,8928.23229163265,9097.53563836735,8544.10858469388,8643.17887744898,8780.97923336735,8806.72909918367,8793.90046428572,8850.38967030612,8620.10064418368,8640.85441071429,8787.07266673469,9002.65901173469,9347.60835091836,9486.47543683674,9305.49294489796,9342.87724367347,9395.68922102041,9415.79240102041,9084.53851377551,8929.90331316326,8988.11826581633,8996.15693239796,8660.97690982653,8873.87773979592,8772.11104979592,8788.92245857143,8826.16889530612,8669.66051081632,8905.47362214286,8998.68532244898,8946.62113877551,8731.94937938776,8790.10140546939,8901.7268167347,8713.06717736735,8760.62277236735,8807.8620544898,9111.99958969388,9169.20389602041,9099.08283816327,9007.47486969388,9068.29175935714,9040.99484905102,9003.67354639796,8803.20142884694,9147.84787397959,9176.9556439796,8834.67256204082,8922.6900944898,8769.36802673469,8744.52593834694,8879.10797816327,8859.46845918367,8619.0842744898,8986.1772744898,8734.96808765306,8761.74675163265,8741.20692163265,8697.84018897959,8922.18231981633,9158.39051510204,9036.26613744898,9165.03791490817,9123.47293061225,9099.29244785715,9029.67860591837,9187.72950571429,9292.45203591837,8769.35448510204,8768.19515346939,8613.17015602041,8710.85429,8750.571875,8894.24463040816,8627.07183571429,8900.07685297959,9123.75761797959,9526.07415948979,9375.01934755102,9427.23534,9412.94944795918,9167.31763112245,9220.08185826531,9132.70765367347,8965.91111602041,8999.85311540817,8792.41892683674,8800.67690032653,8908.68588408163,8860.31245489796,8981.13174846939,8773.85540846939,8887.33742428572,9176.10998520408,9229.7600682653,8901.2437544898,8995.52023581633,8694.70697408163,8932.54355285714,9008.86699693877,8886.5759527551,9162.95451673469,8766.83058540816,9071.82364714286,8894.34482132653,9120.99037857143,9042.6563272449,9143.5691244898,8960.1082444898,8824.67316673469,8773.38783132653,8895.27158326531,8767.65153877551,9028.78169581633,8952.66811122449,9136.3022682653,9088.04204622449,9012.11536142857,9173.83294387755,8801.59135459184,8922.48112459184,9046.04136632653,9154.89601469388,9253.77037326531,8936.14102714286,8893.44908918368,8819.07968714286,8893.27574714286,8650.55286867347,8819.32740653061,8783.13679673469,8848.86744857143,8884.21529622449,8936.51360326531,9034.37168989796,9071.08280520408,8808.93015112245,8701.67001857143,8820.87675816327,8810.37570204081,8753.36987897959,9262.50127857143,8749.06116612245,8684.51441755102,8884.22513295918,9101.015745,9261.38138813265,9148.84910959184,9237.15482581633,9055.45573573469,9238.85972622449,9393.66125948979,9531.7879674898,9417.49125367347,9184.22254459184,9102.17001642857,8788.13956234694,8772.96820285714,8841.62411581633,8858.86138214286,8672.03769846939,9067.17565918367,8610.43282597959,8777.52457795919,8850.37237693878,8641.35285408163,8762.80440173469,8878.52053765306,8912.93476673469,8881.83169183674,8588.52048489796,8846.76388040817,8399.71378571429,8512.45533979592,8751.69089081633,8897.28169959184,8790.61908132653,8707.29982832653,8822.25668204082,8848.71363816326,9018.30918816326,8961.02604795919,9091.85169591837,9044.4486622449,8857.39317632653,8843.42977040816,8957.12720285715,8831.79781826531,8987.31739234694,8864.33970418367,8648.56857520408,8643.48717479592,8737.71772591837,8809.22697244898,8706.30610938776,8780.84230865306,8698.03518204082,9086.5554094898,9038.38107959184,8733.79226204082,8690.05723785714,8760.16242938775,8428.68198428571,8717.46164265306,8893.33518867347,8807.72383285715,9048.0789067347,9130.08313877551,8881.46235785714,8924.04240336735,9089.41229183674,9127.55314877551,9086.29263387755,9102.28548142857,9234.56101581633,9012.18039081633,8985.51881122449,8708.09876969388,8598.75296540816,8728.43307734694,8897.82426377551,8725.40675622449,8742.29321469388,8731.73644969388,8791.33873785714,8821.00761285714,8833.30484877551,9024.25807255102,8803.06912081633,9061.5098644898,9113.25040236735,8825.54202236735,9021.88351061225,8876.69486,9160.73431816327,9139.69375877551,9185.52792459184,9272.69702897959,9078.38321214286,8901.39193040816,9155.54300714286,9140.5421744898,9134.67799642858,9089.45745142858,8903.78991918368,8942.4690044898,8655.65979765306,8967.56254510205,8794.76137602041,8699.50674602041,8766.49900622449,8695.57377142857,8754.18606459184,8726.65303989796,8716.88697510204,8858.68340510204,8500.55046846939,8623.32972061224,8487.72535591837,8231.12426428571,8376.90212030612,8359.20577459184,8501.35227785714,8546.11482540817,8618.22813040816,8563.070535,8721.21867081633,9065.63502816327,9079.93520938776,8840.04039326531,9099.35069438776,9052.05780683674,8830.92292918367,9145.39357040817,8683.44423367347,8784.5021177551,8967.26457428571,8836.26222244898,8719.12040336735,8620.0416794898,8614.29942204082,8859.11271632653,8664.58069561225,8593.9257467347,8534.42398846939,8777.51788051021,8514.67959081633,8672.08270367347,8538.63605214286,8439.23970734694,8714.82823234694,8588.97100928571,8601.95258540817,8569.95677153061,8808.5311805102,8647.08829693877,8572.82706489796,8685.89459244898,8715.50592989796,9115.1778372449,9088.38508561224,8994.18094959184,9146.82875806123,9393.79253877551,9078.89283897959,9109.19686918368,8939.9502477551,8870.47006877551,9142.04804387755,8647.40311214286,8868.53057653061,8858.11861938776,8931.2671967347,8952.84722418368,8774.84345744898,8836.87770030612,8890.36321183674,9061.40865918367,8810.32544897959,8920.22246896939,9143.33552243878,9128.43340978572,8634.38160305102,8704.27642061225,8764.51767538776,8677.46261153061,8885.44399285714,8943.11215816327,8874.49372112245,9016.10660428572,8862.28931683673,8956.63381540816,9186.51208561224,9082.72520091837,9215.6986877551,9154.19550438776,9016.17484316327,9052.80115316327,9139.76716908163,9001.34515,8839.87040755102,8873.22488887755,8832.74990714286,8691.7676127551,9061.928233,8784.83095289796,8741.99044310204,8851.0162772449,8916.44677989796,8747.39776510204,8661.45256510204,8738.03531346939,8853.75488367347,9228.18186061225,8862.94844775511,8690.88517693878,8793.78732071429,9098.95653846939,8787.63398520408,8778.28906530613,8613.58938744898,8578.62376408163,8445.15436408163,8835.39165816327,8803.6328122449,8591.57218183674,8500.67097938775,8803.24708653061,9028.5081522449,8827.87179020408,8979.86380346939,9262.60320102041,9002.47650642857,9003.5860382653,9106.17829489796,8787.6969705102,8762.68614183674,8612.45080342857,8679.55822342857,8543.30382438775,8465.94643122449,8855.33351908163,8852.16851846939,8958.2867,9218.22258816326,8974.62573785714,8997.47399387755,8739.30125501021,9199.79506265306,9128.99878265306,9003.96958979592,9308.40753663266,9032.10833567347,8967.57420051021,8794.81317642857,9161.61484693878,9113.30802489796,9275.42264163265,9058.84203816327,8835.38196142857,8997.58209908163,9010.52106316327,8981.96471153061,8848.88338387755,8968.15260306122,8940.22477693878,9042.70353877551,8828.27455357143,8800.44877204082,8963.60519395919,9134.52712163265,8466.51069857143,8719.07873612245,8742.92094612245,8713.4125317347,8737.43764816327,8741.13166306123,8720.21271867347,8558.29506857143,8940.62800581633,8638.36177571429,8857.01348857143,8678.87208448979,8784.03188081633,8589.46680204082,8822.48252795919,8730.06786795918,8741.72948489796,8824.60821622449,8826.94889561224,9143.56009816327,9499.66885153061,9271.18113442857,8975.62889377551,8884.62241142857,8945.40682081633,8528.95894265306,8713.61720918368,8866.7037455102,9416.46294826531,8901.09981765306,8884.3391627551,9037.11237897959,8808.47988755102,8845.61204459184,8976.70927459184,8619.51789357143,8805.7045377551,8810.88674653062,8782.49126367347,8659.28556367347,8886.82448020408,8997.40234918367,9010.45554551021,8961.09841112245,8821.49368122449,8997.87416622449,8701.08694846939,8594.17747612245,8675.17252785714,8612.92360632653,8764.45483775511,8883.66401428572,8804.8453122449,8981.48148061224,8945.51984280612,8867.2833444898,8894.42946438776,8752.89823244898,8776.72259826531,8650.23748642857,8480.92918408163,8480.29514693878,8513.71955887755,8711.4169655102,8572.23299377551,8522.94575755102,8610.42485826531,8541.84635816327,8590.36908602041,8720.16143602041,8570.38645081633,8791.75226755102,8406.4076432653,8905.70769132653,8607.75495193878,8335.31898530612,8703.81050285715,8826.98866785714,8570.27563367347,8550.42817132653,8497.82424969388,8527.32223265306,8489.67250857143,8728.19409693878,8563.30732816327,8429.43321244898,8761.4455077551,8653.60933040816,8433.81994040816,8514.24566040817,8691.13685540816,8536.24938153061,8775.16050153061,8505.46745012245,8867.17354510204,8632.39778510204,8673.28689193878,8546.32962908163,8783.90088928571,8819.84392367347,8612.82295602041,8611.05971102041,8733.74264734694,8693.09048367347,8736.49382969388,8856.70050265306,8752.25929520408,8852.01566714286,8545.87961887755,8805.82458826531,8868.18728591837,8535.01607,8430.72159877551,8380.63451193877,8321.75299336735,8443.16556469388,8559.572238,8891.45688581633,9034.27295275511,8796.96230653061,9135.55357165306,9320.87946969388,9557.20270928571,9381.83443418367,9160.9629122449,9045.80115969388,8996.49526938776,8610.05239183674,8545.82231653061,8593.38049397959,9001.74446540816,8628.39069622449,8603.76467989796,8451.15946795918,8383.62948295918,8437.49299510204,8880.11005408163,8700.84319204082,8705.19569372449,8835.45705397959,8606.05733214285,8722.86669857143,8871.34308193878,8963.50661346939,8763.39980061225,8830.92280081633,8745.30791071428,8897.27561193878,9002.79889397959,8982.07986785714,8730.07965816327,9017.1944782653,8721.30816755102,8553.24304020408,8684.29331183674,8641.05479397959,8821.78847244898,9010.70473610204,8855.68927008164,9117.59852040816,9166.6110944898,9097.26809081633,9263.82987306123,9199.65815489796,8616.93380653061,8549.61358040816,8659.29406040816,8436.80276163265,8574.70982571429,8658.86748377551,8481.09473653061,8776.65846693878,8830.1085017347,8797.92199346939,8789.52678285715,8581.24718897959,8556.24036714285,8908.25080289796,8888.84259826531,8802.53917826531,8872.12997673469,8699.53646459184,8881.22277377551,8705.49974632653,8536.55420061225,8672.6470867347,8510.85052540816,8444.80866928571,8723.80973683674,8750.24506051021,8655.13338642857,8729.69257795918,8711.88098714286,8652.10751122449,9234.35495918367,8950.05958234694,8779.33691326531,8837.32961142857,8896.63222142857,9002.80778122449,8716.29261091837,8683.49949214286,8735.90231205102,8544.49126346939,8686.70303346939,8969.80187438776,8705.4280094898,8817.78450653061,8920.16006734694,8979.9945339796,9150.44614479592,9081.27465112245,8725.29123418367,8898.91837244898,8619.90348586735,8614.6502327551,8635.44530387755,8905.13548540817,8985.18005071429,8812.73935869388,8848.06194244898,8797.58721244898,8538.35963845919,8647.90083295918,8654.327095,8606.89788846939,8774.79027836735,8875.43429795918,9191.52669285714,8854.5608822449,8991.88719071429,8912.04326938776,8922.88053653061,9198.12656571428,9167.79106071429,9189.67823571429,9027.14830132653,9006.43874479592,8967.16994061225,9086.74731061225,8895.8063755102,8987.22431,8709.61173336734,8954.61993418367,8848.52476469388,8542.62766979592,8478.31894836735,8656.63299295918,8974.49171571428,9135.1577867347,9032.81291387755,9171.78500755102,9159.18198408163,9375.76240030612,9088.558335,9143.68258346939,9186.17989081633,9174.63209704082,9506.09266591836,9382.60977459184,9389.17353489796,9646.33015030612,9128.51336908163,9031.94290408163,8891.28980244898,9106.72349908164,9009.10986602041,8908.31359926531,8871.30593826531,9049.79783408164,9133.39792959184,8829.18581836735,8497.64358081633,8645.24079081633,8623.52904214286,8463.91000816327,8464.69689316327,8666.71444979592,8671.78354165306,8837.2702377551,8916.8544077551,9008.69837653062,8913.47771622449,8696.64274122449,8732.26734428571,8790.85185061224,8503.51130928572,8382.38618571429,8564.50398918367,8414.99805306122,8598.73804438776,8563.76495285714,8663.4117377551,9021.37842142858,8755.01585887755,8938.91544989796,8756.94824295918,8687.4256,8762.89872346939,8961.98734785714,8886.95079285715,8725.57279785714,8888.62157040817,8891.35855153061,8929.61901306123,8962.16632183673,9097.368275,8868.18042275511,9230.69433244898,8543.93247306123,8565.21483336735,8448.05221051021,8566.78574795918,8585.64374285714,8736.26744520408,9047.85823602041,9134.93889908163,9033.85688795919,9053.88983795918,9279.45658061225,9041.54775357143,8853.11129183674,8872.71930102041,8541.74588377551,8602.11729438775,8457.712565,8485.70407038776,8726.50996612245,8772.987805,8741.82465408163,8820.97082714286,9248.04236438776,9323.57083367347,9069.11706704082,8957.45175979592,9016.5779,8898.91911469388,9036.15850244898,8995.73059306123,9184.4354317551,8840.56445806123,8779.07933469388,8985.85851510204,8975.56246510204,9267.48506940817,9595.29445428571,9283.98048408163,9449.51863408163,9016.99690142858,8832.60408,8729.01222,8717.07816040816,8636.86285602041,8675.87741255102,8596.46944071428,8797.20452428572,8778.63213428571,8659.49858065306,8664.02486065306,9025.27510918367,8957.46213040816,9007.08426693878,8896.96803112245,8817.34914489796,8618.26523357143,9321.82890408163,8813.2264,9258.09876142857,8939.83979346939,8435.06354346939,8662.48623669388,8862.40203316326,8634.12090622449,8881.53714122449,8918.56485132654,8656.26232367347,8544.27620918367,8572.89754418367,8714.30548877551,8848.73316540816,8855.00343040816,8938.16941969388,8996.67313459184,8842.43675683674,8821.3688222449,8744.39926714286,8960.7219527551,9017.18864081632,8871.81764081633,8914.27244387755,9291.94738387755,8834.39263602041,8716.37980897959,8592.9267405102,8708.52841530612,8816.23165836735,8658.05161836735,8505.93972244898,8360.26214387755,8651.14498061225,8756.82689153061,9315.51303336735,8935.47938510204,8985.13223132653,9090.50352244898,8809.7036472449,8930.09882030612,8591.50338591837,8941.51773683673,9245.75089887755,9064.55291887755,8846.75580418367,9005.67089785714,9151.68228540816,8626.80498408163,8732.76663408163,8817.60119489796,8685.67388163265,8650.41528285714,8856.6992697551,8740.03322489796,9059.04652387755,8622.15086806123,8651.59681198979,8587.56581,8636.17123997959,8522.29486367347,8747.17755571428,8633.83692979592,8472.61829581632,8300.78395346939,8403.60491551021,8398.27337265306,8483.5638744898,8771.81739329592,8821.18750010204,8588.81253357142,8617.29920418367,8640.44499379592,8591.2998522449,8764.00016632653,8875.87358387755,8690.2593934796,8805.54476326531,8725.77832510204,8910.50071755103,9078.84595010204,9120.51857602041,8877.64539612245,8683.53855697959,8799.15352419183,8656.08398919184,8507.36867037755,8499.29584887755,8527.66114785714,8528.71955877551,8533.17244489796,8509.61063397959,8534.85000102041,8454.41285316327,8496.33753979592,8336.60715663265,8787.74811775511,8551.99011612245,8839.62066448979,8906.45745785715,8536.74408883673,8775.45104816326,8922.51462683674,9153.67252591837,9081.60775663265,8825.0187205102,9018.32278959184,8916.24795438775,9004.52254234694,9022.2860517347,8786.32419408164,8592.61945071428,8522.64039755102,8695.36386938776,8825.44293306123,8730.30646632653,8826.95425795919,9143.67379183674,9169.06270051021,9289.62410979592,9024.21377877551,8868.60886295918,9309.97266102041,9212.15881408163,9259.63629806122,9108.56784377551,9009.20136326531,9034.32025326531,8929.89378275511,8982.97961989796,9079.13615306122,9256.88727102041,9391.11081183674,9204.98075846939,9110.41822469388,9108.91856387755,8837.0987982653,8977.39368826531,8786.99131408163,8779.836585,8693.79348,8700.11689489796,8685.94028112245,8739.95899112245,8762.78794030612,8910.8943894898,8637.90134591837,8842.95228453061,9233.38550810204,8762.58094836735,8956.85961887755,8903.36826581633,9171.04944061224,9158.53218959184,8613.09283908163,8813.60081857143,9006.76993622449,9006.57894387755,8943.95692428571,9096.77281061224,9129.52529336735,9041.6714172449,9331.70751408163,9521.71856081633,9259.29765959184,8802.34253857143,8777.77044673469,9019.29991112245,8922.16572785714,8946.41446183673,9198.31101969388,9007.45450357143,9172.8994644898,9025.8415982653,8888.54851734694,9277.92982755102,8857.88859222449,9068.00732936735,8660.15624928572,8634.59000581633,8524.37679377551,8445.89125032041,8501.28629113674,8661.80446010204,8922.51074081633,8800.80769081633,8668.65942959184,8876.62233346939,8573.05972744898,8533.75489204082,8598.08107602041,8615.10275081632,8711.18466316327,8718.12024153061,8616.12058755102,8868.61246642857,8790.06627397959,8610.06277357143,8830.53980540817,8732.11658571429,8966.78596295918,8956.64112622449,8908.99990020408,8688.26439418368,8741.09905928571,8747.92052591837,8981.26173091837,9040.51439346939,8645.2649044898,8927.80710622449,8472.27093204082,8495.86562163265,8557.18840214286,8878.94031530612,8673.9673677551,8791.25478877551,9023.60918193878,8893.17046704082,8910.70049142857,9074.61320948979,8942.25013346939,8976.50635795918,8727.322735,8954.20083204081,9357.57006765306,9283.83607921428,9246.66794571429,9371.81019112245,9372.83349959184,9347.053835,8967.71376979592,8854.86423518367,8962.21023030612,9008.9863195,8896.53117755102,9128.49698755102,9157.45102112245,9043.05786387755,9326.96780775511,9469.84335051021,9189.19553612245,8572.08943265307,8712.71249897959,8772.03275714286,8803.20935306122,8793.00872653061,8606.38821908163,8551.06689846939,8629.71264612245,8714.50967591837,8820.99419581633,8771.29185602041,8653.67754602041,9020.39872,8703.82796795919,9202.39461183674,8656.68199908163,8678.08705714286,8719.89839755102,8881.51444438776,8794.22085806122,8679.22333316327,8740.13343857143,9129.19186908163,9235.71848571429,9297.9861667347,9375.24151683674,9170.67994806123,8351.17723173469,8380.24784112245,8374.54037602041,8438.39293102041,8563.98787602041,8509.21029244898,8476.436115,8743.17709969388,8945.65751510204,8733.05514173469,8530.88591336734,8530.85904265306,8536.11915877551,8576.2441275,8618.93884244898,8740.90719102041,8822.99773591837,9099.55424591837,9143.64545591837,9121.86638204082,9504.12924704082,9141.04065571428,9154.35040561225,9324.4715505102,8982.55307244898,9152.82345744898,8976.16805595919,8699.97349877551,8552.62523091837,8643.06157806123,8626.93039183674,9122.22205540817,9158.94560326531,9167.05695244898,9037.22136142857,8883.24559877551,8957.62516357143,8944.47183295919,8977.15631265306,8959.4504939796,8875.69302765306,8984.29821132653,8988.57057255102,8837.10535510204,8845.84986918368,8800.07913489796,8835.0440977551,8720.31357897959,8580.20510363265,8653.64101377551,8507.0290222449,8428.77628653062,8692.52886755102,8649.94218585714,9174.00649061224,8842.62080867347,8735.22463010204,8862.44795887755,8660.06583765306,8792.44613622449,8687.96392306122,9002.79858102041,9297.54891153061,9185.48322346939,9212.05882755102,9193.46911714286,9584.89386051021,9454.28444816327,9412.1388694898,9055.7561589796,8950.72041312245,8761.63167312245,8827.30852812245,8711.74339812245,9440.85869785715,9293.74050581633,9160.19117081632,8803.89115285714,8966.22463632653,8968.70853183673,8877.79902755102,8821.41116040816,8678.50279612245,8466.37714918367,8463.32936336735,8907.16025367347,8876.85805357143,8764.21210183674,8692.81663561225,8680.65795744898,8627.93417877551,8518.08520183673,8565.37804142857,8734.0507972449,8649.92472714286,8621.76020214286,9296.37106153061,9523.41383876531,9362.33906020408,9112.26352734694,8972.03294122449,9165.50820928572,9018.87496908163,8779.84504836735,8689.53875602041,8552.36939846939,8464.24910059184,8532.24347702041,8635.28041755102,8642.19009653061,8992.97601295919,9212.00778969387,9092.75719387755,8945.19735336735,8898.12417632653,8699.82799612245,8747.28843122449,8668.21823877551,8732.76818244898,8639.78881612245,8616.76685469388,8638.30589316327,8822.6936367347,8756.99293632653,8764.65921193878,8993.51573520408,9049.1337672449,8824.99121653061,8857.5931217347,8901.08352806122,9078.19214897959,8985.23395357143,8953.91973142857,8829.58722938776,8740.76301088775,8602.79243438775,8681.55057663266,8462.63366387755,8707.94442204081,8931.21513704082,8894.07790785714,8890.88596785714,8876.78026785714,8811.0574577551,8862.15911132653,9172.97465448979,9202.93819305714,8981.54338367347,8893.85497091837,8595.75304071429,8577.74594571429,8684.80313734694,8883.43805612245,8920.68093377551,9247.22225132653,8973.51591132653,9118.48019377551,9025.07831836735,9072.16305631633,9181.61745805102,9089.46241795918,9176.16827642857,9256.95056744898,9197.26280989796,9195.00969877551,9200.43311002041,9529.55345102041,9316.72212040817,9233.98614795919,9122.16844589796,9046.0676777551,8891.09299387755,8690.63918897959,8955.08813897959,8890.55871520408,8880.94469591837,8789.32455806123,8900.19068316327,8862.2813227551,8628.42496591837,8649.46159112245,8746.34974112245,8845.59555163265,8598.16438204082,8755.61715367347,8595.47204255102,8722.20378530612,9014.11955612245,8923.5119827551,8995.8529739796,8941.42724704082,8962.5189,8814.26235408164,8783.59935408164,8751.09090959184,8717.86150571429,8809.71982214286,8721.7924044898,8985.47675377551,9091.72457612245,9044.24732265306,8886.61048765306,8720.37384489796,9090.90501816327,8973.19826357143,8904.99669255102,9100.75459020409,9066.01689387755,8961.20349030612,8732.75431581633,8924.07197163265,9024.90603479592,9038.75050979592,8835.39083989796,8871.0573094898,8948.97044785715,9018.16927857143,8541.67974285714,8771.03495642858,8929.80177061225,8948.55377010205,8925.62243673469,8923.75655306123,9001.12384795919,9105.75458153061,8713.25329387756,8753.80891,8777.39544418367,8621.22996734694,8465.59441734694,8616.83627244898,8807.90413944898,8956.52376734694,8909.92712979592,9143.42905153061,9176.61923397959,8948.07519408163,8972.96976346939,8799.86890857143,8954.10761265306,8917.09341112245,8815.46091377551,8578.53790397959,8675.76145428572,8650.18357316327,9029.4456467347,8986.98382561225,8681.6784905102,8811.31208061225,8790.39164795919,9035.69008295919,9051.15165602041,9094.03915102041,9061.88995612245,8637.85958571429,9047.97137857143,9060.5187177551,9366.46326489796,9215.33976163265,8687.45411918367,8649.27995510204,8680.27097306123,8467.38745714286,8430.0977377551,8540.87796020408,8468.71275418367,8547.7287622449,8561.28676857143,8530.33627938775,8529.10846602041,8895.54242918367,8627.12918214286,9003.71817010204,9178.17302295918,8898.54534979592,8728.66274418367,8634.57316071428,8760.64519040816,8677.86627816327,8679.13461091836,8907.39912979592,8605.95189795918,8938.8593527551,8974.24418387755,9432.29108908163,9354.40552020408,9366.98435897959,9297.71422265306,9207.40854714286,9095.52655561224,8587.23117520408,9336.23202653061,9289.79217122449,9025.23327153061,8930.73317857143,8880.69203367347,8548.60428685715,8473.73675357143,8530.42403438776,8510.03395285714,8760.37138561224,8836.62139887755,8950.09215530613,8584.84187938776,8474.60304969388,8463.54095071428,8439.40520071428,8877.52362571428,8464.95110612245,8645.82665040817,8768.01844734694,8800.13334357143,8873.97960653061,8737.20659091837,8609.06134704082,8574.80277642857,8946.0501167347,8707.5580067347,8861.304935,8664.10158663265,8692.18449040816,8732.05367377551,8544.82478579592,8610.59227377551,8506.08015908163,8534.48051806123,8696.35072806122,8722.76565316326,8680.59314102041,8597.92066132653,8508.43673714286,8521.19771183673,8656.15375561225,8840.55193683674,8784.75076142857,9198.6363767347,8806.56839469388,9236.12101857143,9267.55069765306,9014.18291938776,8847.73010755102,8765.97270510204,8848.88626489796,8914.99432673469,8581.81166959184,8553.72549020408,8671.0644544898,9281.2549577551,9043.55667744898,9062.85980244898,9066.58056714286,9196.10907479592,9345.85996979591,9047.20078010204,8966.25027755102,8702.90974173469,8886.24711622449,8711.69432693878,8771.47516397959,8830.14139612245,8802.82919918367,8911.47051326531,8836.42841163265,8807.95595438775,8970.33702908163,9062.02791183673,8941.04992081633,9072.59626428571,9138.97573571429,9419.93320204081,9071.43918934694,8789.66978110204,8661.83612432653,8733.40171693878,9040.41676020408,8962.20618520408,9110.88214816327,9394.37881153061,9072.19797387755,8852.54165673469,8868.61615704082,8943.6989432653,8749.1425855102,9103.49906244898,9029.33558010204,9049.47461153061,9182.19313928571,9041.74071826531,8669.5858912449,9098.39446530612,8921.03708765306,8708.45415214286,8603.44982232653,8733.84302255102,8679.23396336735,8665.23156459184,8895.69211673469,8786.61979081633,8973.77282969388,8722.93824551021,8896.24050489796,9088.95566857143,8765.11764081633,9156.37217214286,8909.37912418367,8992.39616122449,8632.26253265306,8649.39743191837,8907.46106387755,8944.13475142857,8629.23491612245,8475.42374255102,8404.72725326531,9089.13586306122,8734.67581979592,8837.03693959184,8772.3754127551,8729.0351627347,8806.98471367347,8598.39690816326,8723.34191693878,8632.96982734694,8511.97244959184,8684.77932653061,8763.15848265306,8856.93510765306,8596.74309265306,8815.29663393878,8644.29304193878,8850.74592227551,9053.50048755102,8911.82026928572,8763.14317571429,8876.92748581633,9134.47203377551,9152.93682306123,9061.85409142857,8848.09755510204,8990.76680510204,9021.50280704082,8778.12501295918,8942.14133377551,8962.1800017347,9013.27109326531,8728.89715836735,8863.75184785714,9768.38102061225,9551.86732081633,9667.11218803061,9477.94607726531,9519.5359422449,9266.72496357143,9061.24677428571,9039.29360877551,8993.70460377551,9063.65438061224,9127.28754469388,9097.84833581632,8995.4493172449,8923.66825132653,9128.61918244898,8923.33048387755,8912.3581927551,8833.35248153061,8873.03711428571,9022.09246795918,9197.59319285714,9211.02392938776,8917.09120714286,9085.80122459184,8584.52485234694,8605.18793714286,8441.85426938776,8582.00439,8597.35257734694,8734.12888755102,8648.45614704082,8889.50189806123,8830.23688081633,8856.49393571429,8961.41984326531,8763.27502218367,8808.35673112245,8645.35732469388,9296.95264622449,8976.28725591837,9198.65317,8984.76287091837,8862.3269427551,8673.26611755102,8754.43514918367,9230.89388989796,9290.72504530612,9049.61804081632,8933.46831216326,8813.64101253061,8702.89087010204,8583.61936510204,8593.31727970408,8598.10623142857,8803.63468030612,8873.7690072449,8597.21220918367,8710.71453163266,9065.14602836735,8706.18077858163,8504.90096938775,8535.50558153061,8819.15292918367,8925.63892612245,9020.44552612245,8528.11357928572,8850.51762142857,8702.00295693878,8708.04115775511,8793.24037693878,8515.8661867347,8698.64864571429,8740.88035102041,8604.6358994898,8848.66648622449,8555.21376908163,8598.05324408163,8410.12878408163,8573.935985,8759.66325091837,8495.13364116327,8611.59226326531,8604.98036530612,8759.17947561225,8621.26448806122,8647.8540322449,8796.33262795918,8853.24292642857,8738.20681846939,8614.6399994898,8591.01169459184,8590.89696816326,8764.58302836735,8726.45090693878,8776.73352520408,8867.88358561225,8950.45096357143,8702.43933153062,8706.8474222449,8833.02279397959,8837.00146846939,9090.83805408163,8728.16245102041,8592.18654540816,8628.2343994898,8685.10636928572,8886.09471622449,8935.98772581633,8935.94915051021,9033.44080281633,8440.15506816327,8461.27010857143,8433.25152469388,8538.64632969388,8721.63454612245,8456.55822020408,8647.41424093878,8783.72337632653,8798.92978591837,8779.81766418368,9143.63098693878,8939.93531530612,8784.02416438776,8829.48673755102,8960.96295877551,8956.51575275511,8656.07766591837,8590.8895672449,8339.81397310204,8475.14547102041,8297.83282051021,8521.32033642857,8567.57563734694,8706.37858653061,8796.64186428571,8649.10914428571,8594.93487081633,8650.35620897959,8558.69577591837,8520.93852969388,8410.98909551021,8510.56531693878,8837.98180469388,8811.29595071429,8666.71226153062,8662.60558500001,8572.9960967347,8579.48844897959,8532.87625081633,8753.91621306123,8687.53107571429,8726.06398428571,8641.74127040817,8601.18152336735,8260.70359653061,8559.86001530612,8711.66457883674,8912.69927657143,8961.69136657142,8725.50775265306,8583.36069714286,8710.7523167347,9106.03199469388,8849.47511816327,8763.75703742857,8622.58887428572,8840.25536020408,8740.2324255102,8600.3192294898,8797.89595693878,8743.91321295918,8804.03097397959,8886.91622612245,8994.5956122449,9057.57864755102,8909.41747734694,8962.4874694898,8879.39374387756,8673.83054173469,8983.69507733673,8897.99040284694,9043.38784937755,8816.49829919388,8774.53107072449,8991.40085562245,9129.22770378571,9121.30199266327,9260.58693520408,9041.73947020408,9271.76846438776,9347.09693479592,9275.81119142857,8962.41544183674,9118.98004591837,8803.25413418367,8960.99643102041,9054.87304387756,8968.13295102041,8797.45731530612,8975.87499561225,8934.48840510204,8910.3005997551,8909.90338489796,8735.89778183673,8959.19946632653,8885.08288438776,8883.16796204082,9081.61407591837,8748.61005704082,8929.3442127551,8915.20336010204,9037.12928632653,8871.01432316327,8691.15157295918,8500.31306632653,8818.61245010204,8631.34824795918,8659.23280683674,8707.0175672449,8811.77006296939,8794.65600776531,8927.93425938775,8629.62504530613,8696.90090469388,8494.26474,8455.686235,8357.42378663265,8435.93313663265,8317.06259214286,8503.32659755102,8517.74454826531,8389.45546561224,8419.44994867347,8715.29401469388,8622.88545183674,8619.87333183673,8319.56258693878,8452.09996765306,8517.61440520408,8563.4882039898,8822.42917418368,9002.87998795918,8878.75656683674,8659.90588918367,9003.04311387755,8953.05089591837,8998.28097693878,8973.92037979592,8966.02200979592,8982.73835632653,8771.90772091837,8742.72927806123,8805.5661877551,8773.64867795919,9053.17281081633,8859.86698632653,8995.25504591837,8903.12738591837,9078.26208265306,8945.93178153062,8691.91462915306,8755.55964591837,8693.28239091837,8862.84575397959,8998.31916183674,8989.66997163265,9039.20153506123,9030.12426795919,9025.07224234694,9023.35695285714,9004.60022142857,8964.30958244898,8704.77760020408,8610.5554667347,8602.27156142857,8846.76851,8799.14980408163,8893.37604795918,8917.9983922347,9132.52560255102,8779.07218040816,9033.40248244898,9170.88444918367,9233.96780132653,9576.67252693878,9269.87432794898,9232.89968947959,8916.3707372347,8770.35788356122,8806.02137356122,9089.42409336735,9293.05726704082,9270.1683844898,9289.36340020408,9461.69551704082,9362.17488204082,9379.3057744898,9402.79244336734,9158.46049010204,9169.17253071429,9101.78046377551,9293.45152816327,8855.75374469388,8727.07955306122,8955.67410244898,8883.86561510204,8966.03087336735,8953.19778846938,9108.86185306122,8742.51866877551,8667.57278612245,8577.37472357143,8859.31916765306,8862.48827102041,8887.28878061225,8993.0025962245,8900.74099428571,8875.10780928571,8807.00194244898,8679.57432061224,8718.17482673469,8856.5320989796,8691.23577612245,8748.39687612245,8599.19481612245,9073.09526632653,8961.84812561225,9250.58426295918,8883.48739795918,8819.48384653061,9133.93501153062,8557.97766377551,8608.08074061225,8503.07837270408,8649.1727377551,8554.7260022449,8737.74479418368,8629.84493418368,8637.45652326531,8499.44559510204,8533.15840591837,8579.52551979592,8611.89300183674,8614.53228030612,8674.64013632653,8388.40754853061,8510.24043344898,8731.54884583673,8541.6550405102,8911.37447897959,8637.15795918367,8809.87594326531,8787.10371244898,8932.69554346939,8814.08317020408,8645.34812755102,8756.81011857142,8581.99487122449,8719.86708959184,8617.65486714286,8796.016415,8560.23257122449,8679.88242622449,8634.53118622449,8840.68676122449,8855.44476622449,8878.90256397959,8653.31785061225,8907.15135408163,8975.46346020408,9035.01595959184,8957.60539061225,9073.2516805102,8783.83995251021,8760.27273418368,8645.60193479592,8418.36273959184,8546.89029346939,8903.11824346939,8741.7453672449,8906.84738469388,8774.14113040816,9047.46233122449,9017.44826309184,8887.95260295919,8836.63247055102,8876.80409959184,8960.55304030612,8785.50071377551,8993.58138265306,8939.84383214286,8667.2747510102,8704.61949836735,8608.63180214286,8481.14432959184,8554.85403367347,8532.29280408164,8659.10229561225,8756.09840969388,8547.30627081633,9105.328175,9074.76359091837,8920.75659183673,8883.42301979592,8967.01007246939,9002.29544828571,8954.51211938775,9258.60433132653,8894.00135346939,8600.77131081633,8894.77482142857,8668.20439397959,8643.65653040816,8778.39046612245,8688.11074214286,8670.50217358163,8814.51594715306,8857.62452317347,8979.24951755102,9115.01385234694,8962.38090367347,8730.15439489796,8882.65220102041,8698.7617744898,8787.07210520408,8993.49483020408,8877.52940520409,8697.26006020409,9020.52638520409,8923.93001734694,9023.46588653062,8849.66764693878,9001.91446132653,9043.70954765306,8916.62530520408,8627.53885714286,8872.94655214286,8654.69025408164,8930.45987489796,8924.15508030612,8769.90483795919,8880.76467295919,8754.49666591837,8834.51174897959,8850.61793459184,8629.30769785715,8775.95209806122,8653.53314071429,8673.14221102041,8925.44710744898,8494.2396922449,8709.72116734694,8609.92963081632,8606.94765346939,8664.02347846939,8908.00520346939,8739.79888183674,8841.13619540816,8705.57803193877,8815.85986928572,8447.46869153061,8399.73072153061,8466.86960989796,8666.63147010204,8414.84300530613,8580.05086020408,8658.88010316327,8820.2672755102,8431.65563877551,8471.49284704082,8401.00722336735,8720.59991938776,8505.39805255102,8602.13193193878,8755.51500479592,8643.45523714286,8675.75820775511,8615.97250979592,8786.14391459184,8950.80127959184,9055.58440408163,8818.81034244898,8897.60167591837,8661.47301959183,8809.42567605102,9015.64808176531,8874.58505908164,8559.03326959184,8411.32909551021,8368.69227357143,8408.06587653061,8313.8936794898,8348.06779091837,8562.12242265306,8467.94577316327,8525.82055153061,8529.10408285714,8731.09193142857,8864.8305144898,8765.81210622449,8731.82836877551,8699.63842204082,8957.38353636735,8869.08273902041,8671.32728020408,9005.23241653061,8824.60745469388,8752.72663204082,8641.28906255102,8825.59234112245,8815.62420510204,8888.74611428571,8723.66526428572,8978.88576122449,8895.89158510204,8658.28742938673,8509.12816346939,8711.75737928571,8796.34202989796,8608.54699081633,8517.54650316327,8636.14125010204,8920.05634663265,8756.81375295918,8708.64609897959,8754.62880255102,8492.17415530612,8814.15824020408,8619.98512357143,8417.51452520408,8429.36622846939,8477.46093009183,8667.35290009184,8917.26080928572,8649.68607653062,8657.95034591837,8796.67256836735,8645.06447785714,8673.11550765306,8614.64505632654,8896.06109561225,8628.98168806122,8613.33899602041,8865.35492551021,8726.73111897959,8738.28141530612,8728.87865387755,8793.33993887756,9000.70081816327,8959.34185438776,8774.52450867347,8888.17685257143,8750.17795857143,8879.67162387755,8686.88585387755,8824.84610612245,8800.28381734694,9052.54474908164,8951.82111357143,8926.76857857143,8693.31342530613,8699.3632667347,8932.55947091837,9055.85811897959,9061.09446765306,8824.72800642858,8886.61942836735,8801.00290408163,8590.89754091837,8875.34798591837,8587.71951791837,8435.88990061225,8580.84102959184,8442.26022959184,8483.10442693877,8546.09831326531,8524.44113326531,8601.76462602041,8609.83858540817,8965.07719846939,8809.12576846939,8878.24114285715,8610.22030714286,8475.50018316327,8481.11774061225,8579.68926316327,8483.78027734694,8680.05185081633,8715.46083061224,8947.56238214286,8519.78171,8675.20560530612,8717.94762897959,9191.34306234694,9177.53474734694,8806.81607653061,9060.48026969388,9154.44238244898,9337.6964872449,9138.76976326531,8707.01664551021,8713.23137061225,8407.8994867347,8596.80100612245,8893.79749010204,8902.22084816327,9013.41731928571,8830.38887939797,9104.94654102041,8937.63534193878,9195.3693472449,8959.15213785714,8910.14856622449,8857.05234969388,8933.82707510204,8888.13602408163,8794.26478,8945.26897693878,8850.86235744898,8620.48084091837,8469.27666234694,8436.69125795918,8597.53236428571,8900.74482142857,8646.44927408163,8550.88890408163,8348.43057908163,8499.30885581633,8696.55598704082,8666.13031428571,8642.53486428572,8917.13595806123,9053.33819959184,9037.12319846939,8840.02900051021,8791.03391979592,9062.05175551021,8773.70487418367,8938.473815,8857.95510071429,8718.68598479592,8871.23836428572,8443.66852632653,8649.13037683673,9003.57318061225,8901.76564795919,9398.30503877551,9526.73309387755,9217.65559030612,8953.66455489796,8911.6264244898,8743.5593877551,8876.83469387755,8626.86741469388,8493.11589510204,8577.87685408164,8771.77596142857,8683.05582938775,8528.01679540816,8533.49425163265,8334.74049120408,8436.44874765306,8474.84822306122,8715.14256765307,9097.79371857143,9028.93308897959,8651.56514040816,8602.04744040816,8351.02217795918,8496.70933755102,8448.08062073469,8456.25903255102,8848.75232685714,8529.50659959184,8423.00012244898,8845.99668285714,9086.39458816327,9340.46948326531,9139.21344908163,9013.51697214286,8920.54925183674,8935.67985734694,9058.97675016327,8816.29358261225,9264.36417240817,9436.86167489796,9717.82790489796,9583.10779785714,9331.90477020408,9466.82209020408,9192.48184857143,9282.46875102041,9348.97904122449,9085.0160662449,9337.68790551021,9105.41187306122,9059.72118306123,9095.00700806123,9074.63590571429,9239.31062806122,9355.58898797959,8897.25755897959,8674.79761908163,8518.83102704082,8825.96121704081,8703.73776510204,8570.05206459184,8811.92387612245,8632.11225355102,8898.1004694898,8684.66796426531,8890.13518326531,9075.02618367347,8993.86134051021,9074.82057703571,8877.42348020409,8860.35390306123,9054.80788585715,8767.79741479592,9160.14355530613,9076.99245887756,9100.81641244898,8990.41908367347,8897.55663367347,8775.03225632653,8446.85033295918,8786.94045755102,8341.83042755102,8314.60898255102,8497.73190755102,8493.38657071429,8621.83621816327,8579.6419405102,8422.11265336735,8672.11484459184,8970.60578040816,9068.10471734694,8966.85884102041,8726.15027102041,8535.25539102041,8427.37565193878,8310.95409367347,8349.89374867347,8254.85077877551,8617.8418972449,8820.23095959184,8644.26901183673,8784.80372653062,8835.9469277551,8660.4513527551,8565.60867183674,8307.19720193878,8583.59478183673,8425.01832285714,8566.95005612245,8578.37434714286,8618.64980816327
836.571428571429,9039.80199571428,9116.00498,9453.49708571429,9601.87372142857,9430.07521285714,8890.05615214286,8849.74357071429,9103.64881928572,8949.56014071428,9011.07046285714,8910.48082171428,8622.16544071429,8678.77556071428,8733.15657357143,9124.84928571429,8813.569395,8629.99755785714,8619.54140857143,8818.28818571429,8856.32357821429,8895.66431914286,9316.41492142857,9120.29259142857,9108.87192142857,8857.02679142857,8815.29942428572,8990.25539285714,8601.84268857143,8888.25965457143,9024.52922928571,9160.40602857143,9259.71172785714,9332.25015357143,8783.87958071429,8967.92516785714,8979.06076928571,8779.66582928572,8935.67604714286,9066.64409428572,8835.68577357143,9127.16535285714,9356.39762714286,8982.85547714286,9062.72133571429,8851.565825,8961.48425,9098.91077,9043.364015,8932.67139285714,8975.5685,8986.62099142857,8970.43132428571,9249.28429928571,9119.53667428571,9230.04938571428,9185.43807857143,9438.79077857143,9069.16515,8906.44129285714,8884.64215714285,9264.64611428572,9181.75449714286,8943.63506428572,9227.94670571429,9001.60970428571,8995.72237142857,9116.91949142857,9056.908555,9287.326945,9134.31913214286,9216.48211428572,9030.73936292857,8973.206805,8954.69796,9328.11360714286,9195.00299428572,9155.11376,9279.13411,9079.56212071428,8931.28560142857,8978.64557285714,9005.32597,8868.27682,9085.23517357143,9018.45283357143,9438.22269285714,9302.65066571429,9000.06492928571,9214.54202642857,9327.21142,8943.41128428571,9079.17150571429,8841.42143928571,9046.05725028572,8854.36153857143,9202.70193142857,9196.69501428571,9542.12757142857,9222.18544214285,9117.29864428571,9088.39621785714,9007.685725,9222.88169642857,8991.78562142857,8899.91346,8869.207105,8901.083715,8668.99539714286,8734.48929714286,8734.18578214286,8567.31859,8811.76528285714,8930.56833,9070.10411714286,9377.02789642857,9193.82347857143,9147.90532,9185.89298571429,9193.627895,9183.03288928571,9184.13580714285,10106.8327,9219.16856571429,9776.88294142857,9508.95133571428,9496.13032571429,9241.15314142857,9504.94132857143,9693.35091485714,8953.48982428571,9248.35608857143,9068.68872571429,9188.67045571429,9129.70938571429,9464.14738128571,9567.77881628572,9224.50310505715,9132.38143957143,8689.79649285715,8556.24851785714,8598.34654285714,9106.21043121429,9026.51574428572,9099.58746428571,9480.54034285714,9425.20998571428,9082.99167714286,9182.32340857143,9477.35138714286,9261.76806571429,9422.77297857143,8952.58001514286,9139.96910142857,8797.48215142857,8751.87081357143,8981.37141142857,8939.795385,8882.851,9033.76275642857,9050.02201714286,9132.50460285714,9665.56462785714,9353.61977785714,8902.44970357142,8883.37944928571,8810.38778428571,9167.27385585714,9029.39376285714,9252.50852,8861.82328971429,8838.141195,8945.82108714286,9110.51857214286,9440.2278,9325.97334785714,9161.620135,9209.86020714286,9268.84646285714,9267.60317357143,9317.97467857143,8893.97202928571,8910.43505714285,8963.22247071428,8953.73571785714,9073.82393714286,8804.03002428572,8800.83130642857,8957.60599042857,8991.74948928572,8888.62989571429,8950.96482357143,8748.23197214286,8642.39890142857,8926.30756571429,9024.486535,8969.65721928572,8836.94021285714,8831.349565,8934.68327928571,9015.06246428571,9108.83830071428,8771.58770214286,8704.33316814286,8817.98889571428,8806.792885,8823.70924214286,9089.13952857143,8841.64649142857,8808.32276857143,8812.22346714286,9063.62751571428,8668.99795857143,8689.97680857143,8987.41685928571,8826.71237714286,8794.06657214286,8796.556135,8788.25585642857,9048.34129785714,9155.281715,9389.51636428572,9135.08857,9099.48237571428,9566.71392428572,10131.7248642857,9668.00649435714,9583.89043721428,9495.76332292857,9597.95748357143,9422.18137857143,8972.65587142857,9115.28090714286,8996.53233928571,8829.64256928571,8638.24661357142,9008.80200714286,9044.45355857143,8947.53877857143,8859.29820642857,9159.48349285715,9094.48780214286,8842.34135714286,8610.80737457143,8578.69183571428,8572.93101857143,8819.78222142858,8685.85435428571,8710.59197221429,9010.30024357143,8952.60350785714,9447.05231428571,9146.17114285715,9153.40897142857,9219.51213571429,9164.21656428571,9139.90883714286,9096.17257428571,9027.59154142857,9018.61255,8822.21264928571,9228.51654928571,9203.06321214286,9006.18263428571,9040.48872821429,9200.85762928571,9346.56698571428,9180.19337214286,8987.94451214286,9287.14242357143,9262.048535,8999.51228357143,8987.80241921429,8879.05606142857,8894.63389428572,8522.338885,8596.79428928572,8931.98729285714,9272.19952142857,9029.75232071428,9355.67000785714,9236.56409357143,9141.99031571429,8847.19207114286,8700.62361071428,8783.38423714285,8853.08684785714,8939.48153142857,9121.95294714286,9157.28157357143,9069.65347857143,8849.18726714286,8718.52065214286,8923.620724,9147.83077571428,9373.95325785714,9273.44586785714,9116.9611065,9283.00401,9025.25991428571,9163.68007428572,9057.09537714286,8788.08392142857,8895.59471142857,8839.72801142857,8969.57026642857,8710.59734357143,8939.732085,9353.03435,9422.72471385714,9526.93582385714,9284.09856385715,9035.16869857143,8974.66979857143,9143.46604428571,9295.04920428571,8921.72877357143,8748.7112,8714.50923,9045.77670785714,9078.10618285714,9183.09655428571,9046.36192857143,9046.00712857143,8909.26236285715,8971.55207857143,9053.24000285714,8890.07388928571,9017.77559428572,9123.04115857142,9229.85233928571,9269.98955778572,9215.343665,9098.18381071428,8875.42209357143,9068.87435714286,8992.98325214286,9096.701425,9208.36547928571,9245.27537571428,9144.49387042857,9105.73551,9261.509435,8998.26534785714,8946.41461142857,8937.44415285714,8732.43577,8687.64340785714,8902.49894071429,8874.14587714286,9095.17354071428,9074.184305,8999.06562214286,9472.16220428571,9420.15842571429,9316.218525,9325.29767857143,9243.39916,9132.42204857143,8966.1639,9084.84647142857,8866.81146142857,8989.86239285715,8960.01725642857,8964.76793857143,8920.72649,8759.59763,8795.35380928571,8959.63344285714,9051.59509642857,9167.93256571428,9099.00424,9322.353755,9037.31924857143,9229.99894785714,9276.57542642857,9261.731739,9371.02841571428,9402.07729714286,9362.31691714285,9304.79992857143,9153.29045714286,9235.93741428572,8953.00979285714,9370.42369928572,8998.83966,8788.54113285714,8768.85854214286,8840.75084,8988.30070785714,9173.48607,9053.86731428571,8717.290695,8898.25954285714,9039.92102571429,8934.020985,8927.54309142857,8817.88695,8949.457125,9017.31779428571,9071.26748214286,8958.819825,9236.07683571428,9075.91599,9119.08472571429,9527.90789142857,9970.75738285714,9612.05331071429,9776.60943714286,9153.80626357143,9139.70686357143,8930.00348632143,9227.54900857143,9693.93184571429,9421.36848714286,9199.630805,9252.39749857143,8849.16334571428,8685.77763785714,8993.154839,9053.03544214286,8911.80660857143,8855.18055142857,8855.82385,9135.36815714286,9262.55363642857,9062.57443571428,9118.92804214286,9135.04381357143,9038.50684428572,9103.10939357143,8814.37979014286,9077.56089214286,8901.26577857143,8726.53207857143,8443.34746214286,9251.8672,9110.29771428572,8993.54637142857,9080.24175785714,9249.60021785714,9285.68232285714,9103.55463528572,9133.83296857143,9278.85862142857,9169.98316142857,9208.74266285714,9182.29511778571,8857.22425,8759.45991428571,9103.31796428571,9124.82846071428,8842.43340142857,8849.75184428572,8920.427377,9194.606577,9117.95451642857,8943.96697071428,8842.99591285714,8895.43189714285,8853.05418428572,8957.89144285714,9101.111725,9315.96359566429,8640.55928214286,9127.77892571428,8990.59360571429,9170.87463,9576.288525,9100.70108071429,9098.74896571429,9311.90034571429,9485.72247642857,9161.50781664286,8761.27613214286,8751.66554285714,8858.66285714286,9259.00116642857,9250.94419928571,9156.45073928571,8942.5746,9069.97413214286,9175.30500428571,9107.32228928571,9056.47177928572,8998.220385,9054.32894142857,9306.91278,9307.33733714286,9324.18254714285,9497.80626571429,9228.50733742857,8950.28379357143,8930.93880571429,9191.19405571429,9235.37277571429,9393.74322785714,9290.30282928571,9073.96165528571,9151.15686071429,9097.55283928572,9035.41979857143,8883.39866428572,8844.12401857143,8747.420735,8961.97605928571,8979.35756571428,8885.08691714285,8840.72724785714,9016.24268857143,9008.30887857143,8961.261225,8894.39291235714,8830.414355,8966.96400071428,8970.80659428571,9127.92432185714,9055.52409185715,9232.63481785714,9087.32644285714,9161.49867642857,9307.63438307143,9091.99340192857,9068.91675642857,9328.07791714286,9234.09322928571,9056.17705928571,9158.47042928571,9349.10475642857,8986.90610357143,9171.99029214286,9232.34285714286,9322.09259,9083.33057,9051.05372428572,8938.37947357143,8785.96034142857,9042.77414035714,8907.80712642857,9084.90731428571,9145.69003571429,8893.7708,8982.26176142857,8911.83424285714,8978.26367142857,9106.85748428571,8904.55091571429,9204.82233857143,9308.92467142857,8915.76477642857,9169.882185,8965.79146435714,9307.24101142857,9086.34915,9236.2470075,9541.13945285714,8988.56626428571,9065.66286614285,9095.86893571429,8745.22042642857,8968.07476,9042.73115714285,8823.58343571428,8819.30051571428,8918.036007,9295.02852357143,9302.82694357143,9395.96094285714,9155.62912142857,9190.33476857143,8943.11763714285,9094.57441214286,9010.13502142857,8949.70926142857,8936.37506142857,8914.91359571428,8845.46537142857,8862.395835,8933.962235,8923.44021928571,9039.07813142857,8888.31220586429,9170.74842728571,9159.09703857143,9178.69251142857,8896.34037714286,8924.79000714286,8795.34283,9319.30632428571,9199.96118928571,8968.95952857143,9007.15915714285,8522.00498,8654.97220714286,8800.72188,8886.78928428572,8967.48510785714,9306.97981785715,9304.61723571429,9456.70249285714,9420.13144071429,9592.90035214286,9547.57592142857,9139.64231142857,9114.86261571429,8834.97530928572,8955.87824357143,8682.69686428571,8907.92948357143,8994.85472571429,9069.01732578571,8919.63969285714,8718.62300714286,8761.11349285714,8666.47044142857,8950.06347785715,9229.23965785714,9207.68745428571,9107.64322214286,9325.03632642857,9428.67753,9574.60059285714,9528.792065,9225.27783285714,9276.09489457143,9205.23640142857,9376.40691878572,9442.07899571428,9488.73020642857,9653.95573285714,9345.79817571428,9163.79547857143,9357.59197714286,9696.5808855,9717.42863571428,9520.19042,9542.76473428572,9170.91600642857,9297.70155571428,8736.92183071429,8804.31163571429,8660.63365714286,8648.90866,9092.75524,9038.74884285714,9109.85028214286,8959.77731428571,8950.70544571429,8967.86866928571,8895.86807857143,9140.32545142857,9410.13668571429,9351.12766071428,9187.34979214286,9048.39284928571,9147.561925,9023.35253857143,9022.90484357143,8767.683635,8882.08139,8916.24605,8664.24665,8789.86005428571,8783.26035571428,9105.12011,8941.89632714286,9123.46458214286,9273.88518428571,9545.50056628572,8998.86057128572,9090.80212714286,9330.45132428571,9337.73922571428,9551.76325142857,9042.90078214286,9002.11432714286,9029.35385214285,8964.09955571429,8835.62782714286,8665.56020071428,8769.19506142857,8821.51648785714,9024.36108285714,8832.07129071428,9062.40057857143,9005.836415,9168.79582,8995.40928142857,8849.93060714286,8837.08425785714,8789.28217214286,8890.48810785714,9015.362495,8960.69290571428,8799.06024285714,8828.64326642857,8673.62727,8970.59581928571,8832.39547214286,8818.88760142857,8745.11065714286,8845.3843,9083.49650071429,8844.50719071429,8880.39995714286,8781.88176571429,9565.6205,9230.88143571429,8810.21733071429,8902.46033857143,8997.87137642857,9108.55487857143,9385.22194142857,9199.85330214286,9331.93700214286,9442.32120928571,9556.47302857143,9417.78558714285,9406.80753071429,9287.03649214286,9241.94507785714,9165.84226071429,9040.34696571428,9253.53086642857,8845.56185071429,8718.98786428571,9036.07408571428,8980.57814071428,8952.33787428571,8942.47139928572,9170.45498071428,8976.71355857143,9356.66375,9504.91466642857,9118.91061928572,9090.81842714285,9016.43129714286,9106.30064714285,9059.46711142857,9059.10215714286,9190.02284142857,9409.33503857143,9396.40443642857,9313.21941428571,8971.97235428572,9133.20578857143,9649.30888,9724.37039285714,9281.69615071428,8994.52345,9003.038755,9077.41729357143,9048.18244857143,9109.00469714286,9385.25625,9415.23477857143,9375.58187785715,9154.61511857143,9473.28616,9537.49460028572,9587.45505571428,9764.97019857143,9543.07053357143,9039.69175857143,9231.46232928572,9399.17521857143,9273.69770928571,9456.35249928571,9184.89949428572,9164.04190857142,9011.92054857143,8887.22318071428,8834.13949,8598.57095928571,8745.10193928572,8987.16610428572,9087.24854114286,8868.19565542857,8659.9393,8501.97313428571,8709.23033714286,8560.92414914285,8544.73364714285,8925.61211071429,9027.24411,9119.10445714286,8898.16164,9288.80391214285,9201.43881,8891.54713714286,9071.89549285714,9159.91915928572,8907.68641142857,8780.580845,8714.81712928572,8662.62904142857,8725.16476142857,9060.564185,9246.43544214286,9192.78803,9047.87563785714,9101.73893428571,9300.37107928572,8841.26285,9014.23872285714,8764.51093785714,8871.16783142857,8760.94946428571,8881.72854285714,9053.387525,8877.49160928571,8787.60711785714,8652.93054785714,8826.62489714286,8981.09782857143,9045.15125928572,9205.85782857143,9340.03970928571,9209.829595,8983.84087642857,8774.58298214286,9553.131505,9125.03241357143,9302.82378571428,9180.055585,9103.22170428572,8961.70465,8782.22405714286,8751.2531215,8666.32230357143,8565.72848714285,8768.83068571428,9391.69580071429,9150.70205071429,8968.22118357143,9039.93525357143,9100.66002357143,8811.654094,9078.52388071428,8973.11554942857,8888.12184014286,9009.13504514286,8928.77833,8811.738595,8742.84547,8731.77266428571,8994.18467714286,8863.46598214286,9079.99699285714,8929.83008785714,8622.57151571428,8653.45881928571,8461.26979571428,8672.02568707143,8547.43173285714,8813.39570328571,9206.47468642857,8793.554935,9150.58039428572,9015.84973,8954.88229857143,9041.51503857143,9228.43215142857,9204.40723214286,9089.206135,8900.57600714286,8859.99153571429,8914.79551428571,8656.36759,8733.45605071429,8900.14997071428,8872.25826357142,9046.27,8821.04666928572,8772.13745285714,8913.23371642857,8883.34168642857,9102.74931142857,8970.67396642857,9075.79956142857,8958.909085,9020.72054714286,9306.32478428571,9476.91048642857,8993.02807285714,8829.36654214286,8998.69809428572,8899.5261,8887.59370928571,8846.60807442857,8724.68715,8837.76617142857,8738.77006285714,8524.64502857143,8683.91317285714,8378.04686571429,8507.27377714286,8346.96178928571,8657.54187428571,8831.58014357143,8996.91282,9015.20722142857,8989.3157,8945.54435,9005.95000357143,9107.94763571429,8928.53814285715,8918.77175,8824.98053357143,9086.95053,9458.38571142857,9418.21578642857,9126.76162857143,9287.74067857143,9132.43167428572,9061.82064642857,9112.47709285714,9009.35300357143,9300.84807214286,9476.54508642857,9119.64192428571,9103.52824071429,8906.64509142857,9121.04389285714,9307.15896,9304.85364214286,9383.23944071428,9017.21247285714,9198.95893571429,9084.12365214286,9474.709695,9358.64472642857,9148.695705,9254.72442571428,9220.84798,9336.64311857143,9337.93232142857,9512.2467,9484.72252071429,9380.98474285715,9051.01633428571,9007.01088428571,8970.32376857142,8756.04891857143,9039.66486214286,8946.3105,8766.46649785714,9087.07472142857,8930.29371142857,9125.20003642857,9101.01978071428,9061.52757142857,8836.08512285714,8851.28027285714,8977.90258,8546.83361714286,8799.81313571428,8714.45136928571,8724.87426285714,8821.73533857143,8635.66501214286,8834.37765357143,8911.646165,8936.78815,9392.43841428572,9431.74891,9084.08868071428,9393.62929785714,9287.58133071429,9348.48408428571,8972.39922642857,8942.09860857143,8850.15124257143,8820.69922428572,8892.150745,8877.953305,8910.80737642857,9178.29567357143,8917.961395,8760.74178785714,9234.72439285714,8968.07285357143,9138.06472071429,9028.73271214286,9013.88565857143,9116.83086,9172.73766642857,8990.46032357143,8825.84108571429,8749.78747285714,9218.10813428571,8846.67347571429,8977.17870428572,8692.81524857143,8479.56422357143,8657.39289642857,8701.87092428572,9033.91632857143,8871.32387142857,9003.09094928571,8849.88789285714,9223.92931428571,9114.86208142857,9205.80374071429,9020.98702428571,9065.65739214286,9213.23880714286,9239.24530571428,9179.95358142857,9300.5407,9373.76993,9249.53288642857,9266.17549357143,9274.93128071429,9392.18350071429,9374.52165428571,9415.93551171428,9302.73276771428,9306.66250671429,9374.45559385714,9277.11506957143,9168.94481957143,8759.43040157143,8634.68233285714,9165.116055,9094.44105,9430.241055,9405.84088357143,9311.22296714286,9179.62987214286,9126.79397714286,9161.58769214285,9159.90281264286,9244.70388121428,9113.26171,9072.33368357143,9270.513285,8876.84968285714,8900.15338071428,9020.29623214285,9002.05759642857,8877.09196214286,8869.93678214286,9314.950135,9102.04302357143,9155.71862928571,9177.00826,9114.36944285714,9178.92142857143,8763.91625714286,8956.50352214286,9056.65414857143,8853.269785,8893.56918357143,8585.99170835715,8595.08499785714,8616.128035,8615.762065,8793.63697,8745.26940571429,9279.67948214286,9309.6187,9491.58016,9174.37345,9269.330935,9547.24689571428,8961.60708271429,8927.52005714285,9069.91541714286,9220.44981571428,9136.81989571429,9105.58872285714,8988.10972285714,8916.13400142857,9035.21538642857,9103.11441642857,9353.85645214286,9046.42623857143,8885.89472142857,9334.11186428571,9119.82825142857,8815.32343642857,9045.51533714285,8830.03581142857,9008.490115,8770.49997285714,8855.64835,9029.39629,9118.489051,8618.99955571428,8705.50724142857,8844.26704214285,8961.62380428571,9106.34859785714,9001.80421214286,8977.30504071429,8972.20744071429,8892.19529785714,8899.29169071429,8840.14109571428,9293.79876428571,9066.32884285714,9020.89277142857,8986.77424071429,8881.49674928571,8919.15252214286,8928.41218714286,8916.73080857143,8803.169225,8896.49889285714,8773.5353,8776.88780685714,8807.64140428572,8767.52971357143,8506.46762214285,8762.58952785714,8831.99434785714,8520.03640142857,8614.44117857143,8615.14952228572,8609.23761214286,8498.4291605,8524.118695,8620.02322,8817.00259214286,8792.14674214286,9080.03339214286,8958.44145285714,9295.50528285714,9208.96337428572,9260.64032,9481.30442428572,9190.24619857143,8996.99415642857,9036.70834214286,8991.91019785714,9048.80839285714,9291.60213428572,9083.71316571428,8661.07391428571,9123.54990285714,9143.10068571429,9010.12616228571,9312.147285,9285.84169785714,9121.81841857143,9490.09598,9599.15638357143,9415.56211285714,9151.86902442857,9189.89509285715,9371.22719928572,9366.25082585714,9313.51360428571,9311.52549785714,8879.03790571429,8695.42397928571,9171.05414285714,8942.034955,8860.45981,8921.07093785714,9008.22551785714,8904.28079142857,9186.60500785715,9194.60459357143,9288.61624285714,9189.71358714286,9126.32503142857,9437.14761428572,8864.80141071428,8918.20105928571,8842.09161071429,8642.13193357143,8709.37409785714,8919.68119928571,9031.47890142857,8967.14051142857,9453.71020285714,9551.30249357143,9239.26938357143,9455.61513571428,9282.90835,9267.5023,8837.81720142857,8712.68675571429,8800.96481357143,8930.809161,8773.42750357143,8733.29934071429,8922.55478571429,8821.97270642857,9169.11942071428,8946.02899142857,8969.72866857143,9093.54972142857,9061.86601857143,8964.25938571429,9271.45627857143,9166.38483357143,8845.44835214286,9036.39525142857,8849.52489428571,8896.35175928572,8689.37794928571,8821.59741,8928.14499642857,9156.484865,9465.49076214286,9572.19789142857,9253.57029571429,9086.93151357143,9384.190565,9689.94785,9806.883515,9699.53929357143,9509.19851535714,9391.15749071429,9458.47904,9488.83730642857,9582.25903142857,9377.32476714286,9361.75581285714,9560.69568714285,9852.47569,9589.27783714286,9327.63030714286,9374.39054785715,9216.26230928572,9264.85450428571,9298.49690064285,8982.43328642857,8692.19954571429,8670.59364142857,8668.422505,8715.43145714286,8709.79135214285,8735.61686571429,9175.99832,9204.18721714286,9285.41932857143,9218.10592857143,8781.92821857143,9032.28553,9041.20855142857,8884.85991142857,9070.54433535714,8875.13670714286,9068.99700428571,9044.87244285715,8884.57024142857,8700.57685142857,8922.99639071428,8802.99007942857,9027.98515428572,9168.19736285714,8846.17027857143,8645.395225,8771.20419428571,8784.86755071428,9099.1587,8984.21661642857,9008.126775,8806.37172928571,9053.93551357143,9173.98131714286,9474.989235,9544.49707171429,9087.42991171428,8904.62756357143,9078.78652785714,9541.08728428572,9021.600815,9149.72200357143,9019.21629285714,9377.741075,9314.90713571429,9420.04268071429,9108.742945,9291.45481642857,9080.14240928571,9044.14375714285,8796.264165,8837.256181,8995.83504285714,9057.39497857143,8918.90445428571,9440.29990428571,9314.51711857143,9409.34932,9431.14114428571,9246.14714,9248.65575928572,9255.02971,9058.14898071428,9345.41166142857,9099.83817642857,9247.68484642857,9339.24368214286,9589.51290714286,8901.49874142857,8782.32201785714,8836.14093571428,8905.69579214286,8770.92671857143,9009.35565142857,9050.18192142857,9129.66406571429,8928.92647714286,8878.00796214286,8789.65005714286,8619.61780085714,8621.47946928572,8571.41422785714,8634.66054285714,8611.570445,8515.432055,8447.513665,8665.73212657143,8491.01152557143,8858.39169142857,8974.37745357143,9066.91355357143,9209.58908785714,9305.86324857143,9461.81001214286,9244.67996857143,9209.49143214286,8912.15383071429,9160.18832085715,9119.05258428572,9008.00707685714,9102.58345714286,8994.37958357143,8850.970655,8911.85848,8895.04451428571,8658.67383785714,8771.56953071429,8822.406159,8606.205699,9057.134209,8938.61284,9113.24772714286,9125.78969714286,8827.95142571429,9221.10427142857,9421.296965,9130.36887857143,9004.83735,9042.78012285715,9036.03229214286,9004.61783214286,9039.42570857143,8947.19497071428,9174.22990214286,8853.46662285714,9010.13393785714,9025.32290785714,8735.48043071428,8747.82408,9072.04036214286,9132.61826428571,9496.88703571429,9597.79228142857,9378.08667857143,9391.89682857143,9207.92917857143,9440.37505714286,8957.94975428571,8994.60067857143,8854.71822285714,9095.58856357143,9227.39578571429,9645.18862285714,9501.12059714286,9242.31434142857,8872.85850214286,8871.776298,8591.498523,8817.30519642857,8840.06484642857,8812.46482071429,9013.49056428572,8986.90859142857,9030.037855,8891.734985,8910.37772,8912.81515571429,8749.10967642857,8995.84307142857,9083.1812,9008.20612785714,9034.41327285714,8862.46901857143,8818.98387285714,8930.50391428571,8889.50846,8893.64749684286,8959.79789928571,9106.68857857143,9207.78633071429,9142.77252857143,9488.76705,9317.87878714286,9085.96872428572,9223.09910714286,9272.57201714286,9555.42885,9261.38614357143,9004.48279571428,8800.21146285714,8742.00305,8805.04665571429,8804.41829285714,8812.82782857143,8873.02663857143,8905.34191428571,8784.77900828572,8979.03620828572,9046.94496142857,9046.83398785715,9034.62225071429,9091.52197571429,9023.78005571429,8803.44516542857,8840.92712857143,8996.302265,9010.50177142857,8926.04305857143,9167.21575642857,9097.36934428571,8845.62306285714,8894.74034857143,8696.19312214286,8945.69131285714,8854.39802214286,9008.59987428571,9026.42834928572,9072.16858428571,9037.38634214286,8834.26952571428,8860.89733285714,9428.76301285715,8934.41884714286,9030.73969714286,9173.44956428571,9207.21839642857,9465.58537357143,9349.19314357143,9169.82293357143,8921.776485,9155.81095285715,9078.87851428571,8829.19830428572,8765.86947857143,8888.72055142857,8800.24656928571,9112.35710142857,8870.50101285714,8924.73987857143,8946.449235,9400.673425,9040.11898,9446.16534428571,9390.10704814286,9317.44271785714,9436.64497285714,9507.23023285714,9528.82916785714,9375.65228928571,9405.78986928571,8894.14400714286,8906.96600785714,9079.87196785714,8794.41997714286,8931.07624285714,9090.29879142857,9032.25640928571,8819.58932142857,8786.17434428571,8848.24965357143,8715.42189785714,8760.23461814286,8984.75659214286,8839.23304214286,8757.12663714286,8730.77957064286,9174.95018278571,8791.91576278571,9073.31531,9287.46138714286,9557.09771714286,9637.74904428572,9558.60342142857,9311.38074571428,8877.42374285714,9309.92081285714,9232.17416714286,9311.56327,9358.38963785714,9496.08354357143,9138.68071,9215.08595285715,9260.30751571429,9341.73376792857,9345.14436142857,9294.42253857143,9271.44274214286,9209.61868857143,9096.001285,9231.88706,9167.74101285715,9059.21880285715,8797.04264857143,9115.58634714285,9329.22910142857,9291.65687714285,9009.79870214286,9248.86878428572,9205.74210571429,9403.164185,9364.33464285714,9153.575165,8868.59943,9047.62400285714,8776.41328357143,9173.14006214286,9300.60723857143,8943.77073528571,8794.05809857143,8702.95767785714,9182.07804571428,9107.00587285714,9076.32585285714,9150.36126714286,9265.22313285714,9090.43577428571,8911.66170857143,9115.28062857143,8919.20644,8955.89875142857,8549.61661285714,9065.76046357143,8637.37966857143,8839.02690071429,8767.63519285714,8857.23363,9049.41160428571,8936.82998142857,8721.42627285714,8730.45674142857,9328.71781428571,9097.90349571428,9141.29867,8819.12712142858,9342.57897642857,9150.554055,9108.98018857143,9405.72460714286,9175.67351357142,9105.12619357143,8958.61400214286,9136.08692928572,9292.76725642857,9558.11427071428,9064.32532214286,9299.09724857143,9028.77264285714,9147.36512357143,9383.68613142857,9454.58131214286,8950.22962714286,8764.97612,8875.35632357143,8786.75681285714,9033.94522128572,9076.45035714286,9154.50007642857,9503.32711214286,9208.58883714286,9157.14188857143,9106.50210142857,9054.078575,9757.81827285714,9148.74519371429,9098.51305514286,9338.11081,9294.69281,9308.57185357143,9041.15955,8677.97843857143,8853.35602071429,9320.96355521428,9424.31963428571,9649.27412,9586.922555,9556.42505385714,9849.50540385714,9588.77430142857,9317.98111,9309.96193142857,9325.52829842857,9242.79635214286,9263.87134785714,9248.69471285714,9108.59806,9241.23095071429,9565.47394285715,9346.61798214285,9291.00156142857,9248.38002642857,9133.70799142857,9109.09714721428,8907.8054165,8941.45253578572,8783.57814221428,8918.22028864285,8748.32078785714,8987.92886857143,9295.51095214285,9133.22962428571,8973.19646,9459.94464285714,9299.84034428571,9437.34182357143,9452.98813714286,9605.67921071428,9481.24124571428,9675.45267914286,9354.02257914286,9582.06936857143,9478.68158714286,9279.28673,9293.17389428572,9047.94151214286,8708.43058357143,8996.71714642857,9135.6565,9355.08471428571,9208.60091,9302.00826357143,9001.04421785714,9330.75391214286,9085.51812214286,9108.264445,9091.86966714286,9242.46706357143,9080.93562785714,9044.86156857142,9010.66231142857,8941.14675928572,9280.83213071428,9193.57056428571,9126.65416428571,8977.67776214286,8941.740005,9230.99832285714,8915.18903214286,8868.32769142857,8981.95901285714,8917.20745785714,8783.47462571428,9031.59023,8974.69837785714,9055.36896928571,9151.93244,9242.07185214285,8902.04684785715,8981.55303214286,9254.10049928571,9249.38844214286,9403.27577357143,9164.90262857143,9060.82906857142,8960.64650285715,9021.34243428571,8998.18046428572,9357.60818142857,9177.48861,9091.37704285714,9486.23449142857,9396.25295785714,9176.49083285714,9294.57285785714,9154.79895928572,8978.12129,8983.06306,9075.65156571428,8927.96781785714,9132.07261428571,9058.48958071429,9303.55801142857,8760.54850142857,8627.203025,8541.89625057143,8721.89943571429,8763.396274,9053.85235428571,9072.08566214286,8682.33976428571,8989.885285,8968.21936428572,8722.91009285714,8666.23872785714,8930.40117785714,9177.79465214286,9094.14768357143,9013.17244,8999.05176357143,9340.68580642857,9266.40858592857,9408.30784428572,8958.76469714285,9216.51593571429,8898.989295,9063.91638,9347.78596428571,8921.15324285714,8970.19211142857,8904.96857142857,9110.69541214286,9023.69469385714,8977.99080214286,8800.79050285714,9261.625455,9114.12319285714,9208.36125,9021.88182857143,8788.79822857143,8612.71545714286,8869.85318,8818.44433785715,8793.10585285714,8588.07058714286,8559.92809714286,8983.78679357143,8920.17215785715,9180.79775357143,8699.89507071428,8665.12392857143,8750.25537428571,8788.01672142857,8902.85369642857,8811.97670642857,9190.41754642858,9028.12598392857,9119.24608142858,9214.31373,9593.43093,9653.41416,9535.38574285714,9551.12515285714,9225.79778571429,8922.03006,9043.20043071429,9006.72688628571,8800.38964928571,8481.55439571428,8537.28747857143,8500.07843957143,8649.15656785714,8600.12973492857,8538.36876492857,8593.16643,8671.88278285714,8859.50188642857,8875.77026714285,8874.42129571428,8982.714505,8861.83059357143,8859.753585,9103.46205685714,9086.46005357143,9079.83546642857,9263.31423285714,9062.16449214286,9106.50349571429,9213.69425685714,9317.606645,9366.146255,9433.32287,9003.801485,9667.877555,9379.17653428571,8979.09912714286,8782.28860142857,8720.33447428571,8691.89442714286,8733.17548742857,9480.31141314286,9363.27338571429,9162.56480714285,9273.19039428571,9010.98225142857,9107.67744142857,8980.38245714286,8995.673885,9073.09672785714,9066.33036928572,9334.82546285714,9457.091716,9195.56850571429,9247.575025,9688.22988,8863.39603307143,8923.08775785714,9150.91928642857,8824.30095285714,8852.85833428571,8766.87389214286,8958.80777071428,9070.81919285715,9043.69102214286,9173.13705,9089.22672857143,8972.32880285714,8744.45707142857,9119.97817857143,8979.31642,8970.36577,8643.90673028571,8780.64704757143,8881.27758357143,9050.81383142857,9119.80702142857,9098.08562428572,9198.22690357143,9631.23621285714,9730.85238928571,9990.36342857143,9934.26845785714,9802.56674214286,9617.90597,9424.94801642857,9316.15363571428,9252.53871357143,9424.83278928571,9343.95506071429,9053.40163,9410.84518857143,9088.41825357143,9052.61676071428,8988.19963428571,8768.250401,8733.39473357143,9145.514355,9564.52511928571,9652.43748571428,9073.63394071429,9294.38471071429,9149.10255871428,8946.72846142857,9247.87881357143,9082.44287071428,9394.55137642857,9043.70405285714,9048.21357785714,9198.94453571428,9291.04059285714,9145.32077,9511.97741428571,9321.537,9055.58729142857,9431.94239357143,9002.59908214286,9099.57145071429,9085.13646285714,9297.11742285714,9181.86013142857,8782.71862785714,8925.58291285714,8974.32655285714,9224.74356,8994.65019785714,9100.08184,9009.97403071429,8899.65386285714,8809.07203857143,8702.41140742857,8642.79826,8962.061275,8792.62894428571,8940.09045857143,8592.12750942857,8680.48088871429,8827.580631,8936.94799428571,8782.27986142857,8669.00163142857,8705.18350928571,8807.02709142857,8716.80303642857,8591.60738714286,8850.487255,9147.49766357143,8974.37265142857,9087.38109214286,9142.91852357143,8973.45492785714,8801.81846428571,8824.21771714286,8690.08366857143,8617.76214571428,8865.50463428571,9144.1888,9468.55257142857,9407.64364857143,9379.73046642857,9383.29456428571,9446.61478785714,9555.39093864286,9577.82602142857,9657.46298857143,9390.37020285714,9292.53280285714,9550.42162171428,9446.98380928571,9182.95934571429,9089.69010285714,9126.42195357143,9297.59268571429,8882.82677928571,9094.89905714286,9214.93437714286,9173.31358571429,9304.90391214286,8983.81400714286,9476.22312571429,9560.08518857143,9148.69751571428,9039.63448071428,9415.12701428571,9238.21238142857,9164.079175,8961.99781,9227.10252071429,9127.50900071429,8944.23211357143,9273.18409142857,9434.30434428572,9226.36085842857,9495.94588857143,9519.25909428572,9377.12255785714,9600.93843857143,9282.52663571429,9010.96712857143,8623.55022214286,8687.27355214286,8905.89634714286,9312.74156357143,9137.00753357143,9304.55769835714,9427.00546285714,9081.42215571429,9083.34397714285,8733.66173571428,8949.09774428571,9154.45013142857,9447.37490142857,9194.16912,9199.25480142857,9236.90029785714,9270.57351071428,9444.12777071429,9211.92248857143,9146.00159285714,9248.85293928572,9121.57365071428,8792.11941928572,8995.70691571429,8815.04108,9025.17422428571,9003.61093857143,8854.67104285714,8851.04548785714,9142.58654642857,9144.81718142857,9111.41386785714,9025.14477857143,8856.02398285714,8781.99659357143,9110.36840285714,9266.98403928571,8954.96789285714,8930.65526285714,8949.07412714286,8680.33595928571,8911.28813071429,8907.02758285714,9011.87757428572,8998.65003857143,8902.05676642857,9149.23943071428,9238.97672714286,9119.59115928571,9110.32373928571,9195.29582285714,8954.02277857143,8752.99031857143,8964.16781857143,8869.04758785714,9205.47026642857,9243.79492714286,9331.3401,9169.58418571429,8872.20625,9290.88239714286,9087.75310035714,8963.38044035714,8931.10554892857,8876.63221,8850.86639714286,9035.3979435,8995.82894285714,9275.66412142857,9136.51798571428,9381.21032857143,9224.63287857142,9100.04255428571,9063.42749785714,8991.62414857143,8760.60217,8633.12773,8917.98309785714,9125.33170571429,9182.59687357143,8779.48483571428,8989.37832642857,8883.96592928571,9038.228495,8835.62670285714,9052.24230285714,9042.99291,8728.47755142857,8865.09965714286,8577.01433214286,8749.55726428572,8994.68426714286,9186.64599071429,9072.05076071429,9004.84632607142,8980.90113571428,8942.13253571429,8999.49251,9290.95721857143,9170.82655571429,9037.10288,9071.35656285715,9300.50255428572,8892.9482,8644.70344785714,9147.18299535714,9322.85419357143,9273.40189785715,9494.42964285714,9243.22951142857,9592.68706785714,9239.52516928571,9140.23909357143,9179.77434285714,8868.80463285714,9247.33235,9208.21281714286,8821.37296785714,8679.01301857143,8782.56660714286,8832.51463714286,8711.43463714286,8713.43520214286,8565.55959714286,8516.606135,8589.61070642857,8702.06591642857,8667.36040071428,9097.50468214286,9186.82810928571,8917.79317,8721.42303571429,8598.17423714286,8599.13903928571,8652.05020857143,8580.25926571429,8707.29535428572,8934.7874,8630.46585714286,9065.22919142857,8948.837825,8914.97303285714,9042.37421928571,8836.25886142857,8882.860885,9255.51818,9348.58846571429,9467.95670071429,9077.64707,9095.68157642857,9016.83928142857,8975.70850571429,8893.48023285714,9009.70668928572,8987.35315428571,9044.91239285714,8965.89076428572,9062.10736428572,9383.000165,9167.11281442857,8960.21275071428,8741.75981142857,8765.34393571429,9224.38481928571,9220.67332214286,9291.34607928571,9299.73328214286,9196.43048214286,8936.11357142857,9164.24783464286,9308.57720035714,9308.30213714286,8900.18003285714,9125.10143285714,9622.61547142857,9596.25139928571,9218.8836,9057.98705714285,9037.57768642857,8968.39574285714,9032.76101857143,8800.91085714286,8969.59055857143,8733.54134,8810.48142285714,8826.10146571428,8863.41101071429,8722.06494357143,9106.75086214286,9144.67842785714,9031.43578857143,8988.38629857143,9066.596895,9468.6578,8797.22901357143,8734.865755,8980.63445714286,8942.99842571429,8815.67226357143,8791.678255,8599.44556928572,8698.12656378571,8810.29559928571,8970.10513928571,8845.01394928571,8712.83871928571,8938.37439714286,9031.45844571429,8859.738255,8864.90329,8947.73357857143,8695.41964214286,8860.04946357143,8892.89582714285,9112.11363428571,9199.068925,9174.35223285714,9274.66686571429,8806.15166714286,9008.73904285715,8828.09747428571,8908.89493428572,9069.96417142857,9144.92521214286,9172.06187142857,9294.32916142857,8875.33550357143,8989.70110642857,9205.74680071429,9180.58130214286,9277.88308,9195.50512857143,8971.90944285715,9200.24319214286,9069.85888214286,9240.85333428571,9157.18460571428,9412.66204142857,9020.42959785714,8825.53763428571,9013.52565785714,8848.62787571429,8747.239015,8892.21945285714,8419.93509285714,8589.82328571429,8468.57120142857,8562.15925071429,8412.39749657142,8857.33563428572,8735.71009428572,8634.60219857143,8776.59765357143,9027.37453928572,8754.29020071428,8796.39291642857,8877.5611,8874.73328285714,8961.25943571429,9247.30502857143,9038.44907714286,9108.23959428571,8972.95618857143,8686.49317214286,8785.94247142857,8899.33186714286,8941.70988857143,8973.65244357143,9258.71705714286,8965.16389142857,8992.81510142857,9287.59745285714,9385.63952571428,9482.31270428571,9425.28735714285,9292.8575,9634.86986,9234.60157642857,9223.19647928572,8816.76827857143,8839.88695,9062.18660071428,9013.38218642857,8894.53925357143,8942.10635785714,9138.69897428571,9310.20702,9138.64594142857,8950.49789642857,8828.44099857142,8897.26963,8861.59391628571,8908.054777,8959.92192,9061.97066,9205.10766785714,9534.38345785714,9004.00813214286,8774.69106171429,8644.50842357143,8539.71711857143,8452.27238357143,8474.74091142857,8978.61706285715,8601.550845,8939.72570428571,8971.28281085714,9187.87451428572,9222.56177642857,9169.95448142857,9118.54670714286,8898.867205,9037.38468142857,8986.84912142857,9104.60705642857,9198.07466428571,9247.97208571429,8628.19307142857,8843.80215857143,8512.94888571428,8729.45535285715,9011.58272457143,9389.03933357143,9257.18484357143,9320.67238642857,9317.26596607143,9525.66330642857,9502.15359285714,9293.50764285714,9110.06408142857,9323.08018571428,9465.23657857143,9112.14137642857,9293.45067142857,9423.18140142857,9174.02198571428,9113.33313571428,9014.41247785714,9535.26662357143,9198.70096857143,9281.64121864286,9117.95199571428,9552.76187857143,9666.73085857143,9373.58351714286,9143.89228857143,8951.56955342857,8827.47782142857,8816.15585,8703.541608,8969.16158285714,8782.49489942857,8728.71558,8598.07595571429,8426.78380428571,8714.65079821428,8613.56479,9150.84089,9126.09856428571,9416.57197071428,9167.28160285714,9014.17708357143,8998.85877285714,8771.24099357143,8810.34120357142,8920.26552785715,9315.37826357143,8897.92762928571,9056.90154857143,9185.02336642857,8987.20873071429,8966.36571428571,8944.91903785714,8564.90895,8444.13781642857,8646.96380214286,8497.97117857143,8650.40265285714,8658.33297285714,8717.55697285714,8984.3106,8920.10445,9043.92126857143,9077.47621214286,9227.423075,9093.74851,8785.37936857143,8888.69654857143,8946.24002642857,9494.96657571429,9321.29583642857,9263.93358857143,9227.34996642857,9299.80434785714,9159.61353857143,9184.71070142857,8938.89616142857,8987.14569642857,8848.89773714286,8595.43012857143,8621.931775,8705.62852142857,8726.45065342857,8444.91036142857,8755.10615285714,9059.08398571429,8960.09787357143,8574.47539142857,8637.034685,8597.96742928572,8558.45804642857,8763.74266642857,9006.76391928572,9195.87511428571,9265.92559428571,9280.29925571429,9408.89897857143,9302.65569,9188.25193285714,9216.22623714286,9351.66973571429,9059.42085714286,9204.41061785714,9268.07848,8884.02986714286,8875.08486785715,8905.58314285714,8903.08033285714,9012.283935,8900.92170428571,9065.72989285714,8927.60674285714,9047.56866428571,9381.28476428571,9089.58316428571,8917.54323,8853.50063357143,9369.39510214286,9182.75080285714,9163.741455,9186.67435071429,9234.22288571429,9191.33531,9268.40303785714,9448.01512857143,9379.98287857143,9527.95144357143,9097.28840857143,9449.89684357143,9440.34411928571,8895.900395,9001.43313714286,8693.12996214286,8776.58696857143,9068.63406428571,9366.5274,9569.49115714286,9294.44541428572,9443.63051428571,9445.17263857143,9137.43064142857,9180.47487142857,9279.63069357143,9176.48012,9209.82267142857,9708.37067928571,9855.55944785714,9640.41945571428,9465.68843285714,9170.21945071428,9250.057015,9154.14322257143,9074.22448857143,8846.09008357143,8641.11276142857,8672.74921,8882.09773214286,8978.82002428571,8886.44866071429,9436.51495642857,9469.47085857143,9429.18064228571,9471.252285,9509.91080357143,9402.22197642857,9223.86251857143,9095.14640285714,9090.23313214286,9272.02437857143,9380.66183857142,9172.81998571429,8861.27272785714,8985.09818714286,8820.94339285714,8882.55880714286,8770.67183285714,8565.56415714286,8830.97460714286,8873.26489928571,9004.83261278571,9046.08263571428,8838.91651285714,8795.84559428572,8640.37593571429,8348.44062857143,8415.66052628571,8504.53490628571,8556.08420928571,8875.42361428571,9005.31932214285,9172.017765,8857.35018,9213.46245428571,9233.39276,9418.54369428571,9252.28536571428,9226.11152285714,9458.04723142857,9241.953855,9304.77871785714,8943.26547285714,8808.63440021428,8855.41514957143,8859.5616,8841.12520285714,8504.49936,8922.19064142857,8825.45796571428,8857.05169142857,8768.90728357143,8912.67890514286,8837.92259642857,8984.77450142857,9093.29257214286,9305.08880285714,9615.56485428571,9502.83590214286,9415.36980714286,9140.11438428572,9145.90201214286,9067.471165,9059.37184642857,8942.07055428571,9008.60050857143,9211.96873428572,9342.08987142857,8793.59497142857,8832.127,8633.85622142857,8676.51927571429,8729.87981714286,9252.61178928571,9080.66463571429,9257.506625,9184.01296,9087.88254571429,8840.55875714286,8933.53245928571,8936.7693,8773.06226357143,8673.63167357143,8904.97755857143,8972.47949357143,9103.78005857143,8972.490045,9230.62401285714,9123.47609285714,8938.66586785714,8756.53080857143,8602.52473714286,9205.59327857142,8708.12622857143,8510.38326857143,8617.93628857143,8608.64031857143,9008.16125928571,8935.59352142857,8827.91548642857,8903.38549642857,8792.80732714286,8952.64300285714,8498.16020357143,8672.89679214285,8687.00841285714,8756.55921714286,8688.751045,8972.70300428571,8727.38841907143,8746.10764957143,8792.854965,8671.35640714286,8809.24257214286,8880.36312285714,8722.38233928572,8666.175415,8667.51134071429,8583.21116714286,8728.20706778572,8894.54150571429,8536.54977857143,9165.42482285714,9081.75708271429,9291.045055,9200.89051714286,9158.65033071429,8953.164435,8920.35361357143,9190.62803785714,8956.38077,9051.63077,9097.85945714286,9459.17037142857,9156.12499642857,8910.26876714286,8946.03025428571,9271.59650071429,9126.59593571428,9149.28416428571,9210.65517107143,9346.89810285714,9132.42851428571,9054.71456928571,9105.99903714286,9358.34855857143,9447.92659857143,9425.25764142857,9264.78382857143,9304.22924285714,9674.59583,9157.81305,9129.98109214286,9139.94270785714,9153.80865785714,9082.11077,9024.713765,9017.71939642857,8898.50483285714,8986.52235,8735.22969285715,8797.99355428571,8996.52183714285,8961.73949714286,8949.6896575,8950.60610214286,9090.85774142857,8885.21303428572,8739.87219142857,8872.987705,8962.67842214286,8960.53959,8935.03676428571,8887.486905,8826.10673928571,8874.95503928571,8728.10047428571,8994.44644785714,8930.08154142857,9052.14966357143,9077.33071,9144.28487714286,9374.26044785714,9405.36091,9085.751715,9334.89132857143,9236.05877642857,9602.72779357143,9248.65548571428,9084.61619071428,9118.80592285715,8956.07567285715,8685.25576857143,8646.86982857143,8799.34604785714,8834.89834285714,8658.66464571429,8811.68298,8837.61171,8849.2747,8915.15855285714,9196.58542071428,9188.71805214286,9241.15168357143,9234.30926428571,9577.23813714286,9772.52545142857,9713.64400214286,9717.127275,9570.41446071429,9211.37137714286,9248.80892785715,9095.05883142857,8926.42990571429,8871.98849,8910.23676857143,8852.28028571429,9241.93398571429,9354.37206,9439.24055071428,9390.62004214286,9215.27768714286,8970.00464285715,8976.35374928571,9522.73590642857,9506.54037642857,9476.17714785714,9330.11581428571,9009.02968071428,8932.52438571428,9080.84541785714,8960.70553107143,8732.47056214285,9090.91362142857,9100.73553857143,8966.51664142857,9127.60652285714,9279.449655,8881.74944285714,9056.71920571429,9308.99447071428,9243.941125,9271.93562285715,8977.69232428571,9001.94038785714,8773.36012285714,8784.13645821429,9021.41158785714,9206.11748285714,9150.079525,9020.61017714286,9247.06975071429,9252.10667357143,9062.92779642857,9015.42523785714,8846.98941642857,8780.90145928571,8754.937395,8953.46457285714,9050.38392714286,8858.39327,8632.05472928571,8622.90367714286,8503.91336214286,8465.50947142857,8548.38330142857,8819.79468571429,9038.74705,8930,8975.14905714285,8930.24986,8838.63009714285,9177.77740714286,9124.06592214286,9042.19905714286,9056.19040714285,8750.99429285714,8723.19059071428,8558.97701571428,8553.48875285714,8575.13137357143,8685.47744428571,8831.25576314286,8836.84517142857,8888.32851642857,8731.449495,8809.44437857143,8751.52800142857,8984.18635,9034.91607857143,8756.09145742857,8751.27129314286,8637.15596,8704.05513714286,8946.071095,8988.31571285714,8916.61096,8875.31326,8622.48959214286,8663.50766428571,8621.39362571429,8811.968705,8876.45217,8708.74329357143,8833.99204357143,8736.13532857143,9156.31324957143,9111.042146,9465.34996314285,9101.36774214286,9224.82274714285,9222.531675,8826.74072857143,8751.83248714286,8665.56495428572,8762.28088071429,8450.78692857143,8627.03902142857,8755.22785142857,8934.01968357143,9276.02715357143,9240.58199285714,8887.09126,8990.14199928571,8863.15023571429,9110.39677857143,9021.59121142857,9036.37636071428,9006.13786857143,9190.10995857143,8765.78449857143,8953.37483071428,9053.05619928572,9031.64130142857,9106.15366857143,9108.488365,8773.89190928572,8795.59054928571,8894.50929428571,9090.06642214285,9476.19690214286,9605.92972928572,9427.60590428572,9465.10603714286,9550.28218285714,9582.70657428572,9462.31666071428,9211.77956214286,9281.97689642857,9163.0306475,8835.49967535714,9129.83883571429,9035.46050285714,8960.94250857142,8876.47476571429,8709.90773571429,9026.74755357143,9194.05301571429,9081.20141571429,8863.27633714286,8843.89663714286,8947.66357628571,8726.40522628572,8773.96082128571,8899.53891285714,9221.03340928572,9327.44570642857,9267.00104857143,9151.727435,9302.83830221428,9246.03748292857,9167.08771292857,9130.78939007142,9423.06605357143,9377.46393642857,9280.57572857143,9435.21374142857,9145.23320142857,9359.16173785714,9425.95575,9142.65803285714,8824.78978571429,9223.4022,8906.77411928572,8857.90793571428,8830.37398714286,8817.32546142857,8990.01297071429,9258.67431714286,9327.20352785714,9590.43896307143,9333.50076571429,9305.87717071429,9141.17491428571,9345.67402428571,9546.15910857143,8957.17734571429,9032.40972142857,8867.38424071429,8953.18683571429,8980.052035,9011.20824428571,8698.04558142857,8968.76001214286,9255.31378714286,9669.565005,9495.11003571429,9474.40817485714,9524.62680428572,9314.25376785714,9418.556125,9343.18118285714,9186.99648642857,9244.259385,8958.37748642857,8983.15037257142,9002.06880714286,8951.55429571429,9184.69728357143,8952.15704357143,9064.90698571429,9266.039361,9381.561975,8977.3333,9183.57942785714,8889.17011714286,9143.62032857143,9158.46209285714,8988.88900357143,9246.49356857143,8911.94189214286,9135.28648285714,8933.3852283,9283.47533428571,9168.31879928571,9285.18998,9179.85521428572,9241.81364285714,9044.92736071428,9155.22332142857,8882.96559571428,9141.566735,9156.95609857143,9205.99117785714,9293.82309071429,9294.98136428571,9292.74395,8997.69129928572,9129.319355,9247.88362,9361.21104857143,9418.76517428571,9119.79933285714,9162.73037142857,9054.83115,9115.64022428571,8824.20639928571,8938.94069857142,8879.88068428571,8952.19715428571,8961.88806242857,8993.39213,9115.52408514286,9113.90049414286,8964.61530928571,8886.83868571429,8986.81602142857,8952.78136857143,8873.21991571428,9472.85920714286,9023.97897428572,8873.86736142857,9052.61173928571,9292.02918642857,9547.90797792857,9349.88713285715,9382.055835,9137.04670071429,9303.92580085714,9468.22163785714,9606.34834585714,9534.21669642857,9384.85285642857,9280.16837071428,9000.61840214286,9035.42664571428,9141.45986071429,9210.00588214286,8885.45336785714,9242.61135857143,8703.95684357143,8953.89469,9009.86336428571,8816.59608285714,8942.17127357143,9039.214965,9025.41090857142,8999.85014142857,8781.13427285714,9237.32767428571,8768.497,8832.5446,8890.88546,9033.00438857143,8950.92044928572,8839.54475214286,8928.46118857143,9000.73319571429,9108.12572142857,9106.06121285714,9232.61182571429,9172.63415428571,8906.98814,8969.49506571429,9085.35965142857,8973.56435785715,9098.05606628571,8924.90317628571,8717.408835,8786.18899928571,8939.39751428571,9022.97429142857,8895.07483,8880.90881071428,8831.53142571428,9265.62410785714,9398.67745714286,8942.87894285714,9113.69796642857,9307.43797428571,8970.70571285714,9184.68168142857,9310.762105,9101.71046142857,9212.24443714286,9213.83808571429,8987.667715,8974.26831,9141.64408,9188.15563942857,9136.80243857143,9256.62401714286,9387.38687214286,9164.23663142857,9176.94023428571,8745.46745214286,8739.90734642857,8836.36606571428,9029.33924214286,9015.12127357143,9009.07490285714,8896.17926642857,8918.97454214286,8946.97435428571,8995.43052142857,9174.64699642857,8973.46588714286,9148.47044428571,9158.16652428571,8870.45814428571,9368.21418714286,9086.35410285714,9279.06794428572,9272.39468285714,9381.44759928572,9392.85415428571,9179.37666928572,9107.26325428571,9646.99649428571,9782.04807857143,9938.18859642857,9822.93313714286,9550.83500285714,9506.98963714285,9246.78850785714,9562.33393285714,8991.39978671429,8901.46012214286,9097.685745,9002.54608285714,9018.52249928571,9160.20392357143,9157.16546285714,9292.44023571428,8749.60620071428,8910.82423571428,8715.91452,8423.34493142857,8518.69366785714,8470.57014785714,8582.51704785714,8652.425815,8722.71291857143,8674.614015,8858.98030428571,9209.42695571429,9214.62613571429,9045.83761714286,9357.38503928571,9321.24804357143,9121.20765571428,9446.59460714286,8883.51559428572,9015.22408857143,9092.77582428571,9079.2583,9098.662385,8858.77162642857,8814.37004857143,9052.00192857143,8857.15981214286,8829.87498571429,8688.92055928571,8914.81186785714,8691.90601142857,8799.22747285714,8697.67818357143,8510.93856428572,8781.56074785714,8628.97374071429,8727.40144357143,8719.12245642857,8875.21778071429,8755.85451142857,8698.13998,8874.53575714285,8847.05737214286,9287.69021214285,9242.87101357143,9235.23043571429,9292.37967071429,9723.34542857143,9329.37583285714,9393.76389571429,9122.11915971428,9034.19498857143,9457.39513571429,8940.95537214286,9344.96182142857,9137.62580714286,9185.37796,9141.81180642858,9081.42142071428,8935.70469928571,9110.29063142858,9284.90996857143,9063.27708142857,9301.88293835714,9335.0145755,9316.98054978572,8957.50078264286,9038.66749,9240.43954885714,9097.45990357143,9370.62177857143,9360.86616428572,9181.47237214286,9224.13263571429,8956.98819214286,9022.57757928571,9315.51967357143,9248.55191642857,9505.20232857143,9432.09529785714,9208.51518214286,9317.891945,9359.83067214286,9194.84714428572,9041.01152857143,9031.45482357143,8986.47983428571,8970.84448071429,9285.28615442857,8949.37854657143,8810.429348,8969.91821642857,9053.50354785714,8904.97499428571,8821.16726857143,8884.06373714285,8940.37576714286,9365.45380714286,9136.28801428572,8882.89837642857,9137.59977785714,9437.21263642857,9128.61023214285,9129.78011428572,8929.08014214286,8921.44052,8787.97112,9010.74479428571,9054.17312857143,8789.91002428571,8675.83047857143,8934.82608857143,9179.58409285714,8968.04649,9222.30322142857,9574.41197857143,9260.82113214286,9190.78675357143,9220.08910142857,8900.61557642857,8937.86089142858,8720.32017142857,8868.35874142857,8770.03134642857,8554.80956142857,9001.06055785714,8986.33955357142,9103.65585428571,9435.73163714285,9142.98982928571,9145.65597,8880.93727378572,9575.50259857143,9450.04031285714,9594.78035714286,9795.39704071429,9555.62396628572,9328.50915928572,8891.22284071429,9378.60947142857,9266.29495571429,9524.69902857143,9294.28604428572,9185.41546142857,9329.97526642857,9417.15969785714,9336.60264214286,9303.84693285714,9356.47496428571,9255.86126428571,9300.21974285714,9135.80649642857,9048.48109428572,9121.633385,9379.04563571428,8611.80770714286,8942.49343285714,9179.52995714286,9159.05969928572,9147.59296428571,9114.42046428571,9262.37887785714,9308.68688,9419.71447642857,8852.69865142857,9098.63272428571,8961.65330285714,9023.70858285714,8909.06544285714,9121.31478714286,8982.71888571428,8981.97945571428,9094.26685357143,9051.81529357143,9288.22905,9578.57561928571,9524.04093442857,9364.21021214286,9090.89182714286,9222.40627,8766.51816,8975.89423142857,9032.25600142857,9584.71455214286,9171.96113214286,8989.27256642857,9118.18806142857,8966.51469714286,8963.938935,9094.11531071429,8734.66443357143,8907.85547857143,8959.19606428572,8905.64057,8763.99093857143,9119.15022857143,9116.22441571429,9099.70006428572,9114.31203928571,8882.28720957143,9066.37707785715,8994.67804928571,8770.22983714286,8855.21849357143,8761.88660285714,8992.66336428572,9222.19958571429,8880.59927285714,9137.94386571428,9104.64775178571,9020.47626857143,9018.54053071429,8852.27219285714,8976.741055,8810.02828785714,8534.34353428571,8645.99516714286,8716.78537928571,8799.49293,8776.49497214286,8621.54971714286,8810.211455,8772.10701285714,8829.28683928571,8910.91658928572,8734.11645714286,8965.02215714285,8650.05018571428,9097.24451642857,8908.54024785714,8668.98087285714,9074.10161714286,9283.81439642857,9141.71487857143,8944.568655,8835.96387214286,9041.13344285714,8813.11192285714,9170.64239285714,8840.19622,8716.47949285714,9053.38777142857,8662.82711157143,8513.76662071428,8594.19234071429,8818.30584142857,8693.75874785714,8904.64606642857,8792.30952928571,9082.75436428571,8706.72849,8744.10093071429,8654.21350785714,9004.07668214286,8977.51200428571,8820.01422357143,8689.72052571428,8803.80779571428,8856.71761428571,8949.90756071429,9314.47287285714,9146.90691071428,8988.02408142857,8640.91476214286,8939.37108642857,8962.58013428571,8705.22221142857,8710.79593285714,8581.73874642857,8503.60999928571,8527.99270714286,8713.39123071429,9054.13885642858,9232.74876642857,8886.91484571428,9229.31478214286,9469.45310785714,9719.77412642857,9551.18935785714,9322.87918714286,9079.29866014285,9317.85552857143,8983.54355714286,8816.50640714286,8899.33158785714,9233.05013642857,8927.31599214286,8869.05890642857,8818.78494857143,8988.13599214286,8977.02397142857,9467.57705,9135.64646142857,9130.04616107143,9264.49327642857,8996.36434071428,9035.23786428571,9012.85239357143,9281.68915428571,8923.37230428571,9071.07824857143,8942.01114928571,8977.647155,9092.277275,9186.344105,8832.95942428571,9071.77585357143,8873.15324857143,8714.58746857143,8876.36490857143,8821.55753357143,8951.63537571428,9122.57650671429,9075.89200885714,9370.68047142857,9371.80696285714,9168.89787571428,9371.98836428572,9474.31007142857,9002.26530857143,8837.88471428571,8956.89176571428,8752.74336571428,8798.34206428572,8957.88438785714,8752.13536714286,9069.68637714286,9129.54482357143,9216.73893428571,9084.96632571429,8740.50162285715,8699.11071571428,9001.13343371429,8981.79079214286,8916.00814357143,8947.66661,8825.14402785714,9028.67767357142,8875.21852142857,8734.46096428571,8790.63319428572,8760.75671928571,8852.46481214285,9129.80380214286,9148.53852785714,8976.75414357143,9016.96150857143,8873.42899,8804.12375714286,9639.23367142857,9481.87274357143,9304.60857857143,9377.94265714286,9383.58762142857,9407.88250428571,9231.18673214286,9113.85885642857,9034.74506164285,8843.34515714286,9051.98938571428,9321.78254642857,8940.77334642857,9172.4544,9429.74721428572,9424.715985,9559.72036928571,9428.50611642857,9186.61493214286,9294.29290714285,9089.89658464286,9021.24860928571,9124.32103,9367.037365,9201.85751928572,8938.96568285714,8878.33585,8834.04581714286,8589.91861192857,8809.13912928571,8907.547715,8823.51221642858,9097.82933142857,9130.31987,9383.65054285714,9002.57245714286,9209.099025,9315.79575714286,9315.06225285714,9651.88782285714,9553.61414642857,9388.33079128571,9199.47989642857,9181.40797357143,9012.02521942857,9142.45547857143,9037.13409714286,9099.04422714286,8844.06172928571,9097.76492071429,8996.13667,8788.29866428571,8703.56427857143,8830.66991928571,9044.10303142857,9179.74418285714,9085.68850428572,9310.31591714286,9329.90422857143,9588.036745,9230.02737357143,9352.50974285714,9470.95541714286,9376.50022214286,9730.70085714285,9542.26260928571,9459.83443428571,9808.45955928571,9308.82566357143,9141.39339,9058.38107571429,9346.76860928572,9358.75685785714,9228.81252171428,9189.06833357143,9322.06715571429,9344.61921428571,9097.09550571429,8814.48212857143,8967.34075142857,8946.34448214285,8802.9995,8662.208525,8803.17492714286,8688.34542757143,8948.03889714285,9016.84494428571,9148.63437428572,9084.33918214286,8965.78393714286,8954.96694,9189.70222285714,8918.88302785714,8838.82613428571,8760.25493,8569.61384,8779.12457642857,8669.72085714285,8774.85750714286,9145.23508714286,9042.58409357143,9065.512575,8874.678415,8869.68198142857,8959.29826428572,9343.67111928571,9299.84039285714,9248.43031214285,9525.27307857143,9517.18858214286,9318.11321714286,9105.16584,9294.89136071429,9130.92967785714,9449.96328714286,8683.77317,8771.125835,8618.12305071429,8719.60346571428,8758.40005285714,8983.62064928571,9285.59179928572,9347.67067071429,9210.18513428571,9269.35844142857,9574.18189285714,9262.856655,9137.46042857143,9178.81000714286,8942.57473071428,8777.74594928571,8557.818015,8537.41324428572,8869.84468142857,9071.08744785714,8953.32673714286,9072.68037,9481.462095,9400.09856571429,9122.99345357143,9102.44941714286,9081.80210142857,9052.06110428571,9265.85937,9172.38160285714,9355.57695685714,9013.02233642857,8873.99650714286,9056.82748428572,9056.07809428571,9383.73100214286,9763.35060285714,9342.14727714285,9551.01221142857,9189.59339,8987.98224285714,8932.08086857143,8792.87588428572,8835.97752928571,8879.92340642857,8843.88223357143,9108.45893857143,9034.21409142857,8666.41941114286,8710.05812642857,9190.94927142857,9146.69283857143,9121.05987571429,9161.65815928572,9076.32973428571,8842.65664785714,9525.49712857143,8889.60549,9363.59454,9003.44583285714,8552.82491,8807.95988071429,9019.54002071428,8827.355495,9074.77173,9002.32674814286,8891.14773285714,8699.71381571428,8718.09441928571,8738.376055,8913.74780214286,8907.84955285714,9049.18101785714,9236.21287214286,9077.85740785715,9085.77475285714,9023.32879571428,9141.11825357143,9100.65964714285,9127.02507857143,9243.96035,9595.00017571428,9257.67002785714,9112.22087285714,8975.59859214285,9180.97929285714,9330.52925428571,9180.46657142857,8972.59901428572,8918.80492142857,9178.15796428572,9262.90759357143,9767.34587214286,9272.17344142857,9402.70528642857,9631.12792857143,9181.29876357143,9259.28898357143,8926.73673285714,9243.68442928571,9511.53985071428,9292.30741214285,8976.72213785714,9191.433495,9408.55805071429,8890.8564,9070.79535,9019.44217857143,8936.65467142857,8996.89302571428,9283.87102485714,9054.73260714286,9403.37474428571,8912.66910071429,8789.31537178571,8665.27257714286,8679.31299714286,8611.16491571428,8842.67947571429,8775.08427857143,8517.09289928571,8373.91182714286,8638.92985285714,8640.60411428572,8828.05467857143,9193.87706064286,9198.87281642857,8978.10147714285,8769.51330928571,8668.06965714286,8677.65779857143,8856.60448142857,8989.09300142857,8804.13840735714,8975.03609428572,8945.63442285715,9286.87359714286,9250.662365,9227.48694642857,8995.38983142857,8779.59785142857,8882.46543314285,8697.29614814286,8769.90163364286,8743.91161214286,8837.29721214286,8807.91570571428,8765.56909142857,8619.66231928571,8706.93676142857,8605.60566071428,8678.00615857143,8415.87112357143,9014.30357428572,8735.90635142857,9060.95852857143,9046.17506357143,8670.59112557143,8909.72569857143,9031.21151071429,9289.07721857143,9228.56359214286,9017.68206642857,9286.50011714286,9187.05594214286,9121.357705,9506.29640071429,9327.52033285714,9046.46854785714,8840.35719285714,8929.70414285714,8906.71521857143,8928.6672,9122.97331428571,9380.01144285715,9357.38724071429,9427.90125571429,9203.63218857143,9192.23447928571,9587.75573857143,9458.40815857143,9489.69678642857,9280.10931642857,9210.09975,9352.27810428572,9381.723195,9587.688475,9350.68398285714,9545.46254285714,9626.88962285714,9398.01176928571,9302.06647428572,9383.41988428571,9001.95781928571,9083.42192357143,8981.92654714286,8861.689155,8775.64605,8848.33489857143,8882.10435357143,8928.67926357143,8869.68576214286,9036.74986214286,8778.06378571429,8996.61588514286,9324.81325728571,8912.57528142857,9068.066235,9194.67845357143,9491.22083857143,9423.97018142857,8976.56806357143,9032.89423285714,9205.93328214286,9156.35843857143,9123.90085428571,9220.86206714286,9323.029545,9230.18152357143,9463.37446,9612.11941,9401.81739857143,8921.25866285714,8910.44714714286,9287.19768214286,9218.33480785714,9126.15414714286,9396.93799642857,9278.978585,9428.12979142858,9314.32829071428,9129.45495428571,9808.02587857142,9289.159931,9498.32946814286,8994.22199214286,9043.36017928571,8831.53511214286,8672.2992893,8730.89874501429,8957.42365071428,9329.42895714285,9208.41209285714,8850.61467428571,9122.9372,8768.439495,8721.09047714286,8633.62075071429,8663.92073571428,8797.59572928571,8811.78311214286,8674.83951571429,9054.45926357143,9011.27128785714,8847.48525785714,9157.55414214286,9138.40434285714,9131.29338928571,9148.75562642857,9066.8893,8904.43974357143,8916.28857071429,8973.11199285714,9250.77639785714,9310.10263428571,8798.13679285714,9154.239745,8662.51019857143,8703.32812857143,8626.05479071429,9182.91223,9053.24202285714,9038.32044285714,9332.23984071429,9229.26292071428,9130.35081857143,9202.41070214286,9065.52017,9128.14393428571,8854.84222785715,9159.96322142857,9481.26923642857,9392.68673492857,9355.51860142857,9550.70473071428,9487.28799,9467.62556214286,9106.89772142857,8884.47833214286,9017.57943642857,9111.67219378571,9196.13481428571,9452.62279571429,9519.32575785714,9393.24271285714,9690.56886285715,9831.67100357143,9541.55498714286,8906.79774285714,9105.77223571428,9098.11212285714,9054.15792285714,9137.38498571428,8948.759515,8933.75378214286,8846.16949571428,8839.12764571429,9176.02831214286,9159.233305,9078.42192357143,9292.80281571429,8994.54102285714,9376.23558857143,8831.95191071428,8912.07452857143,9025.41283571428,9189.54515071429,9096.83473357143,8962.448625,8995.71826,9388.07449357143,9558.23232857143,9489.11487857143,9552.57324642857,9283.95720214286,8404.51737214286,8481.047265,8447.00686357143,8536.54093142857,8635.64019785714,8632.94728,8581.12695785714,9001.005115,9077.44828714286,8795.93248928571,8571.98027357143,8736.1218,8665.80832714286,8782.43316892857,8812.98235857143,8950.33007142857,9074.73666857143,9263.30091857143,9214.95481285715,9205.87961285715,9617.07648785714,9268.12477285714,9306.24921071429,9496.65954642857,9076.61723142857,9578.18722071428,9493.90480085714,9143.65387428572,8951.65334642857,8998.58041357143,9067.79278571429,9722.198235,9535.60540714286,9348.52479428571,9221.52373714286,9145.81436571428,9259.68654928572,9248.01566357143,9234.93220857143,9216.55811071429,9074.51543928571,9077.07273357143,9169.08926071429,9195.2761,9179.74888428571,9100.79656428571,9103.29937,8824.16707,8785.09898071429,8886.87283214286,8760.96284285715,8624.07114571429,8927.70554714286,8858.41936214286,9314.75072571428,9002.51077071429,8880.17496642857,9011.25727214286,8802.945745,8953.63496214286,8866.57265285714,9253.62925857143,9466.08995928571,9323.42399028572,9351.55129028571,9366.44764571429,9895.74085642857,9675.25200571429,9645.23728214286,9201.48941285715,9094.19810285714,8925.66600571429,8971.39834642857,8844.05581642857,9674.81448357143,9476.20106357143,9345.7818,9022.83729571429,9099.34074142857,9128.28677857143,9122.01691,9079.87528857143,8886.36441571428,8704.69761857143,8618.91331214286,9306.08131285715,9251.07481071429,8927.82907,8821.73008214286,8839.21944214285,9096.49315428572,8893.43420142857,8784.41796571428,8870.46030642857,8894.74347857143,8929.20699642857,9671.36912928571,9932.69628978571,9732.76175,9525.54467428571,9321.62796571429,9426.679885,9290.16983214286,9054.24257428572,8945.29783357143,8694.71016785714,8685.58859242857,8684.77160885714,8777.11645571429,8771.76678142857,9127.35294214286,9296.01837214285,9291.90673714286,9061.94189785714,9034.96112571429,8814.58348714286,8868.96451285714,8806.52985285714,8807.15794285714,8727.20018857143,8669.67041142857,8748.52887785714,9044.22486714286,8898.30953857143,8853.74551785714,9121.418375,9469.87455499999,9167.97149,9184.579685,9037.09943928571,9268.72407428572,9112.019715,9080.00452285714,9003.12424857143,8881.98658435714,8744.01600785714,8885.48880214286,8551.95658714286,8783.22136714286,8969.15686785714,8938.29728785714,8993.58954642857,8979.48384642857,9042.81721285714,8988.40067785715,9204.43017428571,9262.80460342857,9115.84436285714,9019.27025642857,8860.230875,8844.38185142857,8928.48672714286,9102.57837571429,9110.699425,9396.084115,9171.32757928571,9218.84085785714,9163.54614,9210.45446121429,9302.10730907143,9158.14347714286,9328.499615,9386.81387642857,9439.08060928571,9392.78715,9319.15315028571,9775.72792857143,9592.43773,9372.08477,9298.90484357143,9321.36077142857,9066.3691,8865.65245,9053.49055857143,9003.05519785714,8964.45311428572,8875.59353928572,9143.75011928571,9120.41367928571,8859.97958428571,8708.93798357143,8818.44598642857,8913.50602,8670.40591,8931.31129428572,8747.60382785714,8904.36714428572,9421.49836428572,9250.40843785714,9276.32264214286,9247.09910214286,9371.49967142857,9217.36752142857,9129.75806428572,9112.74115857143,9168.08430571428,8991.97869214286,8907.35445428571,9346.89480071429,9333.20679857143,9156.17065428572,8994.74498642857,8875.49924428571,9346.45630428572,9215.90077071429,9083.474865,9236.42584,9283.81008142857,9136.280945,8949.62406642857,9076.61521857143,9188.38341357143,9158.48893,8928.08832357143,8966.87607357143,9042.93801785715,9363.69312142857,8923.04367142857,9116.10305642857,9438.32666857143,9251.08143214286,9193.41681714286,9222.14213,9206.72989314286,9331.32341642857,8964.03651285715,8856.2502,8835.63670642857,8785.73000285714,8645.8979,8864.57563571428,8995.826507,9165.92887142857,9011.26577142857,9253.031145,9397.71426642857,9183.93731142857,9208.20642428571,9017.03189142857,9232.26716571429,9160.83712071428,8994.66669642857,8828.67071785714,8991.13461857143,8958.05957642857,9323.99395185714,9312.92663685714,9040.08662642857,9112.79119428571,9080.28890714286,9305.78082071428,9497.36596357143,9506.07431671428,9607.15265,9059.21082857143,9349.91808,9371.97558714286,9635.06097857143,9629.43134142857,8729.28966042857,8837.94668,8770.38512142857,8563.32743,8502.74010285714,8606.97347142858,8515.62752785714,8620.33559428571,8652.95193714286,8644.24746428571,8579.660115,9047.9378,8789.73052071429,9163.794435,9278.35903071429,8929.61264142857,8771.57520442857,8659.95596442857,8822.49195214286,8747.06638285714,8976.29480071428,9026.37270285714,8762.45435571429,9159.42771928571,9090.99999428571,9572.24572785714,9594.71706857143,9649.17442857143,9508.94734571428,9317.80607142857,9258.184535,8760.82424071429,9561.75982857143,9452.59707857143,9228.16543928571,9147.26763571428,9246.69242142857,8952.23602971429,8852.75971071429,8885.20829928571,8902.47383285714,9280.87452642857,9344.51604785714,9465.19623285714,8823.23654571429,8687.30926071429,8688.81306071428,8569.77600928571,8997.58556428571,8537.55441428572,9050.95488714286,9210.70488,9209.67085642857,9216.32048714286,9104.29983785714,8814.637455,8760.80393214286,9192.52803714286,8945.70681285714,9115.20316357143,8938.09986214286,8837.54009285714,8855.314395,8781.75847071429,8829.67920785714,8850.94654214286,8867.486925,9029.357135,9080.061485,8985.61043142857,8901.911615,8670.11472285714,8783.01732428571,8782.515045,8909.37747171429,8960.44176142857,9372.72157714286,8929.29921,9500.43404714286,9455.48173214285,9293.47019714286,9048.48282428571,8929.57162857143,8958.12318342857,9121.19680428571,8734.55113571429,8642.08713285714,8867.45766,9560.43832714286,9253.20390214285,9234.14311285714,9149.78446857143,9374.96025785714,9522.32512428571,9067.580261,9149.55569142857,8899.80527357143,9010.78752071429,8887.61002142857,8930.40783214286,8991.11012714286,8968.63247714286,9053.06959571429,8919.55752714286,9013.54651357143,9066.48486928572,9200.31069285714,9164.19018,9285.58915,9378.74960857143,9753.50732857142,9389.62429857143,9075.26482,8755.65359285714,8857.10281142857,9081.49776714286,9133.28765071428,9228.30498285714,9465.12428071429,9120.45025857143,8875.40844614286,8900.90312928571,9033.82540142857,8847.92099428571,9396.14695142857,9205.12993071428,9237.43964214286,9428.65328071428,9167.29065928571,8702.56406642857,9208.39877857143,9054.73123357143,8914.018895,8793.33117285714,8767.43116042857,8958.94317928572,8948.63687214286,9150.67607857143,8992.47585,9162.19414785714,8928.45333142857,9014.22780142857,9148.49583285714,8992.27184285715,9361.045785,8991.71130357143,9116.10996571429,8786.91426571429,8952.48056457143,9297.18555571429,9282.74225,8878.60961714286,8788.98047928571,8811.14260428571,9195.65656,8838.00918428572,8933.47784714286,8866.95878642857,8757.17665357143,8848.93346857143,8683.75004285714,8915.22905714286,8824.08746285714,8687.11877714286,8809.56591571429,8909.21779857143,9034.57852214286,8773.10543428571,9017.98235842857,8811.43423071429,8976.27933492857,9186.11233857143,9034.69992357143,8942.91959285714,8978.92833785714,9245.87492214286,9254.29321,9138.14092,9401.35682857143,9716.30150714286,9250.687505,9356.00314357143,9444.70418071429,9455.07307928571,9476.48312428571,9181.33265714286,9204.82679214286,10030.8958928571,9691.03836285715,9810.47969721429,9629.72810771429,9624.90732371429,9404.98027357143,9197.14840857143,9150.25306285714,9104.672505,9261.66291428571,9311.07403428572,9270.26751785714,9250.33662357143,9139.46660928572,9227.67379142857,9219.12649,9225.278695,9024.50710214286,8968.00108,9127.55281285714,9256.76809285714,9304.83373285714,9006.68474,9146.43623928571,8681.661475,8770.32241142857,8713.56682857143,8755.29576857143,8708.94976328572,8873.61720857143,8847.32462357143,9223.48307357143,9066.72024857143,9178.99323,9209.14726,8810.230115,8981.44177357143,8686.44015142857,9428.00957214286,9096.77577857143,9304.35792857143,9053.89683071429,8963.11193928571,8887.73561571429,8968.10092142857,9331.15149928572,9364.28923571428,9158.14663571428,8997.91343071428,9010.93313885714,8966.26295071429,8852.00766,8772.6277295,8713.87663571429,8913.85053071428,8956.794095,8721.18828142857,8941.18928285714,9328.49040571429,8958.2118745,8718.91313714285,8691.13735357143,8858.80905142857,8969.19328428572,9093.05122857143,8614.37377214286,8926.03501857143,8770.80272714286,8782.72214285714,8868.37624428572,8660.83149285715,8861.47505,8974.40241285715,8746.12412642857,9000.68028642857,8683.06722642857,8730.21590142857,8538.09448428571,8775.83172642857,9123.56536928571,8717.66305542857,8831.20777571428,8726.46631571429,8836.88545357143,8719.51258928571,8789.30950857143,8869.14263228571,8883.054532,8800.74225785714,8669.82577785714,8715.02752071429,8669.31921571428,8964.16935571429,8784.90887428571,8928.32840642857,8932.029535,9050.60052785714,8964.73215071429,8882.74066142857,9030.81589642857,9210.49516642857,9493.55785,9034.1454,8895.73165357143,8913.90078071428,8841.68470071429,8925.53806214286,9079.51660071429,9112.14011642857,9209.40135928571,8646.58906428572,8627.35349,8556.65548714286,8671.19355642857,8863.38135142857,8534.63874571429,8818.77667257143,8880.44618142857,8934.76142142857,9050.625105,9372.93154,9136.57645,9086.056395,9134.55364571428,9267.54406285714,9213.93392642857,8884.98807142857,8795.91266071428,8652.01790857143,8587.76235714286,8523.07024928572,8762.69518357143,8830.96415,8860.34116571428,8896.65188142857,8754.09198285714,8813.73661571429,8717.14088857143,8760.77090428571,8645.70997785714,8599.69224285714,8655.60623428571,9087.99304142857,9067.65918071428,8918.52959214286,8856.95958928572,8791.52722571429,8908.07244571428,8732.69496,8816.51575285715,8777.561767,8818.08871857143,8917.72566571429,8689.70361785714,8365.01354,8924.69972142857,8776.52661,8945.63198357143,8994.62407357142,8773.89537857143,8734.34041714286,8811.69805,9200.61494,8922.79407,8886.51190285714,8767.89044428571,9090.22436428571,8996.72532857143,8837.488325,8984.32279571429,9159.07508642857,9074.12969642857,9090.73741142857,9116.47798857143,9211.37924857143,9143.08266571429,9144.913255,9095.02659857143,8870.604815,9113.8130255,9079.75570407143,9224.10689692857,9047.23399307143,9041.26293807143,9194.41005664286,9239.83413521429,9290.91755735714,9483.223825,9257.08485571429,9725.51446642857,9842.98355928571,9673.43420571429,9389.15050714286,9608.12100714286,9189.089315,9431.56963714285,9585.19530714286,9292.79254285714,8933.76959571429,9127.19440842857,9131.43719342857,9108.568062,9030.15234571429,8849.52225428571,9063.90494857143,8981.67798785714,8973.43943714286,9199.37734428572,8812.78383357143,9001.12712785714,8961.55483071429,9179.07984428571,9013.88950928572,8748.55062642857,8687.02857714286,8997.17212928571,8879.00086428571,8923.41813785714,9026.73753785715,9108.58692807143,9031.4539745,9025.4108,8784.81203428572,8867.74347714286,8604.35638571429,8565.77788071428,8417.72766785714,8544.34858785714,8445.84452814286,8604.14466857143,8665.73335642857,8600.18031357142,8585.73225642857,8827.54934714286,8693.57397571429,8698.74540142857,8435.44398142857,8650.80035642857,8871.05885214286,8892.95513235714,8985.67975785714,9193.92696285714,9088.37711785714,8867.62375714286,9167.89230714286,9196.9922,9182.13679142857,9187.83382571429,9257.79479142857,9241.55732571429,8965.45943214286,9015.717025,9138.75151428571,9167.46326285714,9407.69535142857,9162.91756214286,9267.98875571428,9189.01352857143,9391.36549142857,9205.93941928572,8837.89017221428,8915.60318285714,8808.08650214286,9013.41399357143,9127.23852714286,9108.04115428571,9151.67109628571,9158.82557714286,9137.549815,9163.33435,9186.62232857143,9048.80665714286,8807.48561571429,8749.51878,8735.79746142857,9057.77357142857,9004.32002142857,9171.1779,9141.06535264286,9282.42175928571,9178.35718285714,9452.86629285714,9401.94444285714,9403.14835785714,9781.65940571428,9408.8691155,9382.15623478572,8992.73463478572,8985.30307335714,8963.06452335714,9157.806305,9442.915325,9447.51152428571,9462.25725285714,9671.40636928572,9571.88573428572,9629.10530428571,9520.09149928571,9272.89471357143,9468.86857357143,9270.39786357143,9589.14242285714,9131.75048714286,8947.78942,9096.5065,9055.51654714286,9154.33066071429,9066.64019928571,9251.17367285714,8939.65096,8820.17148,8842.87427785714,9094.52517214286,9028.98770571429,9115.32927857143,9230.01623785715,9078.80028,9066.04875642857,8878.71640285714,8795.2428,8827.47556142857,8918.48488657143,8821.75420142857,8847.73215285714,8701.80712142857,9304.01529285714,9262.22803785714,9588.24197357143,9221.14510857143,9057.01246428571,9400.11448642857,8987.583725,9070.90261,8933.69632535714,9076.25832142857,8891.38733285714,9107.91550642857,9016.16010357143,8947.54862142857,8973.59942571428,8726.76625714286,8749.48465714286,8782.95321857143,8702.64220071429,8771.91716571429,8535.827715,8661.797685,8826.00923142857,8762.09580642857,9242.59701857143,8745.15946571429,8917.70725571429,8877.02831428572,9053.97405571428,8949.01768,8742.97334428572,8910.06113857142,8787.92037142857,8894.29383571429,8915.91681285714,9275.51228642857,8882.16814857143,8934.23276071428,8947.33112071429,9014.22223857143,9116.48338642857,9176.73380071429,8905.78898714286,9107.39871714286,9212.40399285714,9218.63224428571,9110.73594142857,9226.27681928571,8855.18860928572,8841.58155928572,8723.95081928572,8500.19497857143,8684.42446142857,9031.33799,8930.33564071429,9363.42302142857,9196.37330714286,9561.66992714286,9453.78732635714,9205.26131928572,9159.58563728572,9124.71444642857,9175.33864642857,9144.35695071428,9502.73885,9168.785375,8905.66988978571,8927.60471285714,9097.585545,8950.54176428572,8957.54742142857,8904.91217142857,9178.18873642857,8927.45929214286,8862.62180142857,9497.72080928572,9480.45122928571,9416.98328428571,9376.64481428571,9225.43803185714,9248.91302685714,9009.35832285714,9335.57726785714,9044.41858571429,8808.91845714286,9239.52255857143,9036.99200214286,8991.75389571428,9094.26658142858,8980.71783071428,8946.40241378571,9003.38769164286,8890.71477807143,9034.70694571428,9203.769735,8994.34053128571,8916.20024571429,9008.07069428571,8986.00265142857,9244.69631785714,9385.83177,9381.35300928572,9221.12306428572,9498.370975,9205.38558142857,9287.71121571429,9155.99793857143,9510.72511642857,9490.64184357143,9392.51720928571,9119.36584285715,9187.08036642857,8961.75417857143,9220.2897,9156.998685,8997.85407585714,9169.95067642857,8998.85521428571,8938.74367428572,8965.15832928572,8797.55759214286,9033.91740214286,8877.00526928572,8963.99371714286,9246.06384214286,8691.27907857143,8900.98180285714,8925.91024857142,8850.57045714286,8837.62351785714,9100.53667857143,8999.71616428572,9170.07704642857,9046.43727071428,9130.541455,8776.90984357143,8758.43370214285,8778.76810214286,8781.23140557143,8688.54019142857,8786.66181142857,8867.22075357143,9010.56490571428,8661.29338571429,8783.57983357143,8724.34664785714,9001.86212142857,8717.226095,8793.83828642857,9023.33095785714,8826.39491142857,9005.88144142857,8985.90561857143,9064.271535,9092.62464571429,9172.03041571428,8989.46784571428,8944.43492285714,8748.14100285714,9001.52353421429,9191.38162564286,9187.62479785714,8779.67926142858,8534.43040571429,8557.44429928571,8641.21270714286,8632.43421642857,8651.30912357143,8704.06915,8626.43366785714,8759.20379357143,8796.52583571428,8787.44708571428,8924.08973571429,8836.91461357143,8781.10930428572,8719.543576,9023.37493357143,9105.81536428572,8834.25722571429,9169.22043857143,9157.18366285714,9002.93089285714,8914.91459071429,9081.28199785714,9012.28026,9055.73094428571,8924.19288857143,9116.53460142857,8993.25335714286,8740.64553755,8576.1305,8763.53416785714,8919.76333357143,8693.20025291428,8658.89735585714,8821.66995785714,9016.88284642857,8842.03836785714,8789.65943285714,8869.33847785714,8665.31290285714,8881.19553142857,8673.28510642857,8450.95860142857,8447.48050857143,8557.27749621428,8729.12937764286,9010.89355642857,8790.95691714286,8885.92291,9055.27418285715,8868.84617071428,8829.24543928571,8856.34920285715,9212.34119357143,8923.47012928571,8859.04216357143,9231.90256857143,9035.32943714286,9146.27057714286,8880.41372714286,9160.02871642857,9249.00084571429,9266.29882642857,8864.398675,9006.219034,8827.75635857143,8945.67587142857,8713.43280285714,8967.32719714286,8977.85706857143,9334.76591785714,9205.74796071429,9114.33837428571,9017.18290285714,9067.86548,9263.20013357143,9275.43357,9277.890555,9005.79744214286,9065.64781285714,8995.49776285714,8772.95771214286,9140.87402857143,8757.76044142857,8596.68919857143,8838.59423571428,8687.05690714285,8829.97275,8793.18998142857,8841.83385857143,8931.94520357143,8911.10135357143,9331.35759642857,9255.56145214286,9339.68348571429,9165.94883571428,9007.41406071429,8865.27592428571,8909.548555,8704.94738428572,8852.35020714286,8756.94097142857,9034.964615,8621.01176714286,8756.46675571428,8766.37479571428,9238.87360214286,9225.06528714286,9022.32068428571,9202.86363214286,9241.23838714285,9422.64258642857,9285.36127428571,8823.91102,8899.27573142857,8669.97575,9022.43154285714,9164.65662071428,9037.28751428571,9201.75247928571,8968.3804245,9220.54906285714,9062.63958642857,9370.01619214286,9026.41782214286,9096.61717214285,8923.82281214285,9054.96777428571,9016.23275571428,8856.01965428572,9010.68014428572,9009.02648071428,8804.80176642857,8675.67819642857,8576.71185142857,8736.80134,9183.30142142857,8816.00690428572,8716.93981285714,8483.99333357142,8694.32859642857,9005.51895642857,8943.99017142857,8804.80772142857,9142.25294357143,9298.05589971429,9185.87280471428,9010.55611928571,8875.02159857143,9164.62646428571,8904.72971085714,9172.80430314286,9128.07623214286,8921.24865071429,9092.92024142857,8576.94380142857,8835.910665,9247.35932142857,9196.42847857143,9688.31948571429,9869.7462,9560.71059642857,9128.44635571428,9083.92502714286,8903.51590428571,9158.08601,8877.79671571428,8715.59218285714,8823.43138285714,8931.33800857143,8925.71520285714,8775.08161785714,8775.12263857143,8673.58471285714,8888.71159928571,8755.55024857143,8850.283455,9230.25758571428,9224.60185714285,8896.63082571428,8847.03212571429,8630.96207142857,8676.35953571429,8491.85968571429,8605.565945,8972.74564,8641.60087857143,8566.59090142857,9042.19358571429,9212.92690857143,9530.1464,9293.57871214285,9184.02962785714,9070.29274714286,9124.2711,9231.41182057143,9065.97927342857,9431.81483485714,9612.28408428571,9738.14017428571,9633.07239071429,9449.63121,9560.78718,9316.38516428571,9370.27866285714,9438.93169571428,9230.63235857143,9494.65760857143,9230.93004714286,9185.23935714286,9190.30871071429,9246.37015,9331.94922071428,9389.67851614285,8979.15976714286,8863.48139071429,8705.53707357143,8937.69926071428,8912.63791857143,8842.55001357143,8956.97930285715,8775.46740885714,9049.18944071428,8978.17946571429,9345.56383428571,9387.12283571429,9415.33136214286,9598.83229132143,9393.53627,9273.66402142857,9304.264943,9253.76648214286,9642.11270428572,9525.05869357143,9352.32481428571,9257.28090571428,9178.59669571428,8974.72018428572,8686.95867357143,8808.90177271429,8363.79174271429,8351.23535928571,8545.71274857143,8831.04243785714,8973.92356428571,8996.25335071429,8738.39106,9021.19206642857,9309.46171714285,9203.71509428572,9130.59357428571,9041.80721571429,8802.12950714286,8989.778605,8905.87825285714,8944.81790785714,8806.23149714286,8891.22829214286,9179.54039428572,8820.73393857143,9089.86155157143,8947.51019157143,8946.72952214286,8739.58225142857,8463.25347928572,8791.64770714286,8587.28435428571,8765.69967285714,8746.67542142857,8739.08969571428
856.489795918367,9154.5379877551,9298.60907142857,9561.42010244898,9760.62115244898,9553.32474234694,8998.38969153061,8952.38756622449,9223.53552377551,9137.48383479592,9148.61774346939,9047.54709069388,8735.14099540816,8755.88934091837,8764.80423867347,9166.77292367347,8908.78949867347,8766.64216479591,8754.20956938775,8944.19009367347,8984.48416372449,8986.56192183674,9385.93639938775,9251.13385020408,9165.80333938776,8969.27372530612,9062.66241693878,9132.25806277551,8804.46466020408,9041.48524253061,9235.14161520408,9434.38304183673,9376.3980645,9841.16498316326,9290.87190459184,9649.61645806123,9566.36368765306,9380.25138561225,9115.93555,9167.97029489796,8934.63184234694,9244.05356285714,9432.91878734694,9044.66359836735,9142.72360102041,9017.81842744898,9131.86537489796,9386.83009489796,9292.31242765306,9359.86876020408,9413.83861632653,9476.15223632653,9369.92339489795,9646.47150663265,9294.48861612245,9405.04356755102,9331.66626755102,9633.90397897959,9217.1445244898,9298.83978265306,9399.96840612245,9470.88780755102,9437.41764142857,9284.32247040817,9471.92553428571,9267.04777469388,9275.20211734694,9416.49617510204,9335.95701010204,9494.77491459184,9338.80020663265,9445.51973163266,9192.48909762245,9114.09333948979,9210.22972755102,9453.82787040817,9386.38391061225,9399.14713551021,9420.79346602041,9325.64633397959,9033.10700408163,9038.99902979592,9069.48854530612,9041.56463244898,9304.67269704081,9134.58672744898,9602.12575959183,9463.91349142857,9083.86222438776,9299.3487927551,9444.97963265306,9040.18887183673,9165.85509183674,8879.15926683673,9087.27450681633,8927.53720938775,9299.4538877551,9277.25345816326,9756.09769285714,9403.35483357143,9285.46683265306,9359.85190765306,9187.3955072449,9467.60845153061,9149.0754244898,9053.41930102041,9052.79010418367,9018.58420602041,8907.0307644898,8852.4341277551,8898.45356581633,8702.86214714286,8952.35320469388,9047.66188734694,9132.24315285715,9493.45671887755,9402.49971061224,9245.59455081633,9279.41991306122,9422.17342887755,9317.98349397959,9311.53471204081,10176.9463595918,9582.43374387755,9963.66289536735,9739.21884530612,9616.52331530612,9451.41879734694,9675.99339081633,9740.62388469387,9060.60427142857,9360.04394020408,9320.33974653061,9500.84763142857,9396.48260346939,9620.21938255102,9836.08916551021,9408.05637689388,9353.65677712245,9127.00567612245,8742.24370520408,9010.1184322449,9373.70162631633,9366.21176020409,9538.63013530612,9934.52725510204,9901.43779612245,9391.74454897959,9719.16235959184,9675.6732944898,9422.59827693878,9635.04546632653,9100.14596473469,9318.90184673469,8921.51631897959,8994.84362581633,9327.0564555102,9407.30219316326,9293.20207897959,9412.18376397959,9688.5414389796,9540.60385183673,9886.36505846938,9574.42020846939,9135.26768112244,9039.75151969387,9137.06359040816,9476.40879789796,9363.10897979592,9438.32147816327,9230.64828767347,9207.47734397959,9318.34987897959,9673.09394397959,10007.9892975102,9892.78987030612,9773.33795561225,9789.35498061224,9729.13722816326,9734.50927969388,9837.46198673469,9467.63936806122,9193.97436938775,9253.92486459184,9239.10960153061,9364.41007061224,9151.62172020408,9060.06886397959,9297.48270879592,9356.13843704082,9267.30780102041,9313.4692794898,8794.9357494898,8715.82264428572,9006.33881020408,9122.15426112245,9097.05814030612,9004.15005428571,8975.73131030612,9107.87515336735,9162.72403836735,9273.69243336734,8920.67282336735,8791.998005,8921.9090077551,8924.30012112245,8917.86583336735,9229.95033510204,8966.4514155102,9062.4974844898,9033.38801591837,9225.99394061224,8821.53315306122,8787.6960532653,9116.50651540816,8932.25504306123,8922.63585091837,9015.6064982653,8984.72703887755,9324.19495357143,9252.69813765306,9554.41581938776,9586.74608346939,9560.81664122449,9710.68725979592,10270.6886289796,9860.72813509183,9758.47967719388,9622.66152905102,9778.69339295919,9787.41856632653,9419.00366530613,9566.48959163265,9393.09366663265,8901.14278877551,8812.66634520408,9087.91496020408,9197.49138959184,9340.11116979592,9276.65019479592,9216.8919144898,9166.95041112245,8867.69977989796,8666.86759897959,8628.22985408163,8601.28081377551,8898.51709734694,8881.27622734694,8794.12099384694,9162.82030826531,9126.90464663265,9582.80435408163,9331.81690551021,9331.77851714286,9560.43935673469,9449.82039122449,9421.39742240816,9481.07686530612,9488.77564632653,9713.07722755102,9503.84794602041,9910.19713581633,9899.44541336735,9644.02970591837,9461.61497433674,9331.71259663265,9462.76517469388,9312.34718867347,9114.40983887755,9578.19962602041,9448.4268105102,9231.33648969388,9150.08681819388,9192.68787163265,9311.87585346939,8804.3724172449,8831.47167540816,9369.5328332653,9644.24880791837,9328.00746683673,9627.91026071428,9536.36362418368,9306.20063408164,8984.27822053062,8833.43527663265,9020.47770102041,9017.19004602041,9128.08089326531,9269.2140655102,9345.02777214286,9301.75677714285,8980.37991448979,8943.98903887755,9125.31335265306,9360.16231020408,9586.81081193877,9459.69203928571,9299.14582527551,9685.23108755102,9310.76729387755,9440.02713244898,9297.86927306122,9044.75130306122,9160.74050530612,8977.32807979591,9090.09532010204,8927.33880602041,9029.56222581633,9716.1417277551,9782.61018153061,9788.79843846939,9492.61619275511,9241.92967897959,9074.93603918367,9270.93277163265,9481.73084755102,9015.82410744898,8780.67064887755,8895.40479,9125.167435,9234.37157673469,9591.77357265306,9384.1108555102,9417.85107795919,9225.00766938776,9307.70241530612,9354.45756653061,9318.91372255102,9497.36761755102,9595.54564204081,9745.05352173469,9679.54226717347,9418.63928336735,9176.60231969388,8928.64841571429,9124.3995994898,9066.17009867347,9247.66570336735,9300.60829602041,9376.38755102041,9242.46393642857,9182.21775918367,9361.6764994898,9084.01919561224,9099.83782469388,9196.01111979592,9089.41820285714,8974.54115887755,8973.62262265306,8976.80268755102,9277.62773295918,9455.61657295919,9312.56419622449,9618.09744857143,9464.96734602041,9340.61592867347,9389.2945777551,9316.07036020408,9239.23879244898,9095.72840918367,9457.06316938775,9247.77321653061,9333.91746632653,9269.27091520408,9209.61517734694,9210.51777571429,8952.85465306122,8978.36609806122,9156.39412040816,9151.20768316326,9316.40915081632,9183.28483469388,9407.64171459184,9392.63409265306,9555.52488867347,9304.16971469388,9532.56629091837,9542.51762734693,9767.22569510204,9602.55976244898,9597.16893877551,9406.43137040816,9673.6729244898,9452.87300816326,9850.35414316327,9624.87091816327,9142.52470632653,9268.2312217347,9313.53354367347,9476.78427928571,9659.49080061224,9622.9361,9125.50176234694,9457.61109591837,9416.8053522449,9393.38254622449,9308.94694122449,9167.87051734694,9308.08749765306,9201.34381163265,9224.29094663265,9085.6190205102,9337.17932448979,9266.03791530612,9268.74642591837,9614.91210265306,10023.1555642857,9731.95892316327,9855.13288714286,9557.26421418367,9463.24855316327,9253.73301836225,9552.88447836735,10009.9721966531,9697.01292571429,9551.69297744898,9646.87728795919,9230.09174265306,9019.61841479592,9196.39979144898,9213.36361928572,9108.31215040816,9043.5055422449,9057.97684285714,9235.75569632653,9446.05274051021,9374.94742755102,9412.93276459184,9414.76650928571,9308.62837428571,9383.75428928571,9088.97513136735,9380.37916744898,9219.40958061225,9043.26764387755,8746.32229153061,9461.59912653061,9281.5414877551,9352.82102857143,9392.03885377551,9530.35324438775,9663.38379591837,9575.40478622449,9592.99488428571,9553.08912346939,9521.86790673469,9550.14666755102,9622.47217084694,9126.78694183674,9023.40290612245,9407.83628061224,9614.90351642857,9302.86555612245,9462.94821142857,9384.47242683674,9835.28072581632,9749.093155,9610.9281205102,9308.47930673469,9379.86669510204,9164.29128795919,9288.82323551021,9274.47008989796,9518.09193076632,8927.4954427551,9453.15820020408,9308.66951755102,9281.08638102041,9620.62976704082,9128.54225163266,9253.38888816326,9491.66122938776,9574.79987622449,9249.46101705102,8978.06739377551,9071.94670612245,9084.84732081633,9433.30035316327,9353.92170846939,9250.67259132653,9220.75405714286,9350.94820969388,9453.86640836735,9298.67135663265,9388.43529153062,9501.43456234694,9217.93403897959,9448.87897836735,9516.12028918368,9536.94938612245,9693.06140938775,9433.82830906122,9061.15581969387,9039.95917061224,9352.19337163266,9410.77698183674,9587.35487357143,9471.49715336735,9303.24138336734,9393.64641581633,9349.00397520408,9437.43375367347,9204.88023265306,9203.64105734694,9268.84096153062,9457.62517765306,9221.08089285714,9158.7044722449,9115.0614172449,9116.08818265306,9243.4475422449,9257.94309989796,9080.79783578571,9095.22571010204,9199.31009173469,9179.27284489796,9276.37113908164,9224.71343255102,9356.076355,9438.34291673469,9607.08095785714,9485.02290164286,9279.67488682653,9198.94054642857,9693.89887632653,9641.16174255102,9409.1225227551,9500.13948581633,9465.91494908163,9134.61309357143,9312.21801826531,9331.9381622449,9481.80228979592,9236.33266979592,9162.12375061225,9209.36273887755,9010.56153877551,9488.64783805102,9073.49183765306,9391.82723469388,9317.31691122449,9053.31565204082,9208.80710938776,9156.43495102041,9068.23469795918,9329.81086428572,9250.60412959184,9656.21112551021,9670.81103061225,9329.0778005102,9482.5845005102,9405.29341945918,9564.28355795918,9440.58621122449,9495.71812382653,9819.23716632653,9294.34809489796,9607.33732083673,9674.28521530612,9358.98304520408,9553.44362081633,9475.96265346939,9337.46569897959,9176.02998061224,9252.97356683673,9560.33657153061,9602.80837622449,9595.98035877551,9320.37523020408,9280.00844857143,9060.87978612245,9196.43207153061,9100.49134510204,9058.8598432653,9119.23713081633,9157.52574265306,9003.62882346939,9040.35984887755,9012.1062205102,9158.5101805102,9187.47379979592,8938.43839996224,9228.13807116327,9284.62319693878,9255.52769897959,9252.04352857143,9195.35552755102,9005.94968877551,9659.64200510204,9536.78095173469,9138.57362857143,9116.46999142857,8666.34837142857,8760.35242612245,8854.80389571429,8927.47128857143,9008.61371459183,9444.0975272449,9502.70884714286,9661.30647367347,9628.63231091837,9641.67900091837,9707.98358734694,9371.46051122449,9559.08880755102,9132.67072153061,9175.48416357143,8901.59661857143,9036.12765357143,9152.6982422449,9241.71411170408,9077.08826530612,8937.42803265306,8960.27306428572,8836.62888428572,9060.29745908164,9399.34209561225,9320.38639510204,9438.98462418367,9390.61956173469,9493.50447367347,9660.4833122449,9608.11797173469,9290.34523571429,9351.72241163265,9593.60875408164,9520.81754511225,9563.74520612245,9634.63306112245,9762.47623673469,9454.41793673469,9344.13474591837,9609.84863489796,9901.20785039796,9877.83422591836,9623.62133081632,9726.5600744898,9370.28739581633,9559.46897612245,9232.79176744898,9121.84961591837,8868.90725857143,8738.0919744898,9178.06488140816,9076.42662442857,9224.13729234694,9100.60343571429,9313.52034551021,9307.9455394898,9192.48408306122,9393.59929918367,9572.32786265306,9614.71026479592,9412.74327581632,9256.93321581632,9350.79892214286,9133.08480204082,9129.25235479592,9018.08670806122,8985.37279061225,9215.71303632653,8935.51136285715,9068.69820979592,9175.68077816327,9487.15521816327,9327.90569653061,9397.33474336735,9445.58046102041,9853.65980261225,9351.7363259796,9328.19521530612,9558.29642959184,9638.86300408163,10014.359724898,9493.63767397959,9457.65159367347,9276.76073826531,9255.81831693878,9256.36192102041,9241.41903132653,9096.78342265306,9088.19925520408,9417.21305020408,9311.06163765306,9412.57680755102,9229.41704377551,9378.75771428572,9132.65270959184,9233.86892959184,9216.64048357143,9168.95365622449,9418.37407520408,9431.8304872449,9364.5146122449,9031.44248367347,9168.7748439796,9053.73843122449,9120.35433663265,9064.03697520408,9343.10656020408,9213.67461836735,9272.78011836735,9392.13453336735,9064.14775295919,9132.72864795919,9063.90265551021,9941.19596387755,9590.87811387755,9010.06710887755,9415.74947387755,9504.53042397959,9209.68454183674,9525.53156142857,9396.52821520409,9527.87516642857,9597.55469887755,9742.89352714286,9550.9909232653,9690.59458826531,9531.00528193878,9491.28987928571,9458.39494887755,9424.57936673469,9764.34115887755,9312.61633895918,9070.20337714286,9357.13350693877,9198.8912182653,9137.31703428571,9189.68788908164,9377.76511030612,9099.88013,9559.08423673469,9635.94546846939,9259.49570806123,9251.18826183673,9147.62673285714,9345.88352265306,9111.26744020408,9130.0273644898,9338.98875469388,9593.64492530613,9642.21648989796,9502.44551102041,9072.1365922449,9208.8546822449,9728.9967722449,9814.50299489796,9332.90333428571,9074.90746857143,9124.11211214286,9157.88673255102,9280.95360448979,9332.58997755102,9644.54148469387,9661.51974183673,9476.6784594898,9457.09758244898,9815.65420530612,9812.37405722449,9767.61383040816,9965.09137306122,9711.84311806123,9092.44562204082,9283.97527418368,9582.17782938776,9619.02371377551,9769.05399255102,9440.79894612245,9508.29911183673,9403.60953959183,9314.91726438775,9148.74327183673,8925.09361397959,9228.22496540816,9126.83218673469,9246.6625607347,9037.46792216327,8799.2585777551,8637.95837285714,8877.46102285714,8621.14316673469,8673.04298204081,9027.34952193878,9104.16033714286,9243.99677285714,8985.33919591837,9401.3732905102,9356.2029267347,8992.10580755102,9174.39309979592,9222.61390561224,9131.7353022449,8971.24602663265,8905.37011459184,8857.67793469388,8853.62836836735,9273.10969030612,9369.29957846939,9296.96864959183,9125.83191581633,9162.6439122449,9491.48713459184,9022.60495448979,9152.52298061225,8895.0101627551,9183.67751528571,9152.48072528571,9071.31940408163,9193.84275357143,9116.10648091837,9019.03928112245,8876.86973561224,9008.89738918367,9136.35219734694,9138.79208765306,9356.41685438776,9432.16443938775,9408.96955091837,9211.52320091837,8894.82553581632,9811.53506622449,9463.93779112245,9597.79536734694,9520.77982377551,9327.55344081633,9168.24127653061,9006.37582653061,9234.45806027551,9200.23871173469,8810.84642265306,9052.56587265306,9705.47431295919,9447.21694193878,9218.60948581632,9130.75759438776,9220.76909785714,8912.13201869388,9205.15003948979,9231.20281881633,9139.75133442857,9253.67851861225,9144.6819344898,9215.97427826531,9165.63211571429,8891.98334795918,9124.69692408163,9232.35544418367,9195.24524306122,9034.01246418367,8723.93867244898,8771.28675744898,8501.02036755102,8804.71315258163,8839.53121959184,9027.41075459184,9491.82188867347,9083.15598030612,9348.50534367347,9342.76527734694,9147.31107734694,9371.36906306123,9336.11609204082,9325.13859010204,9152.28930010204,8981.15490040816,8986.66282959184,9073.48796693878,8799.94404653061,8799.44397540816,8963.88824904081,8968.72661904081,9325.64898,9103.53384785714,8947.8956422449,9004.11709091837,9093.00186561224,9521.87979857143,9263.69672438776,9368.82231938776,9222.57080663265,9284.09434510204,9549.44762755102,9647.77860785714,9130.28441591837,9164.31124989796,9338.4984155102,9378.76548367347,9409.1660827551,9480.50509687755,9148.65367857143,8936.87437551021,8907.19385408163,8701.09469408163,8826.10271653061,8539.63340020408,8729.78952285714,8662.54884765306,8991.80696693878,9037.15729010204,9140.01286079592,9174.78231079592,9182.78228591837,9135.03315163265,9160.47793193878,9129.19725887755,9055.45156612245,9003.89591591837,8903.40794091837,9236.93145448979,9591.28207889796,9555.31940316327,9332.34942102041,9455.3141844898,9350.60639020408,9168.57956275511,9348.81680816326,9280.54144642857,9606.9694117347,9772.87798581633,9475.72810183674,9597.43904683674,9163.71440061224,9310.35015081633,9488.07343,9456.48944214286,9521.91211214286,9188.69420714286,9400.99793244898,9402.42592153061,9744.51242357143,9601.69346010204,9251.15681091837,9340.80769591837,9274.77796591837,9393.20935918367,9426.57220918367,9563.74290153061,9679.53701908164,9447.25272714286,9189.87312877551,9296.62443653061,9255.98669285714,9035.65126510204,9288.70368010204,9222.39250306122,9049.76509663265,9415.36300714286,9260.33970408163,9224.01911989796,9233.38301642857,9232.07615285714,9000.23346183673,9025.10253020408,9126.42857102041,8631.52075877551,8960.86529693877,8850.1159872449,8777.80224326531,8894.30630938775,8891.83933704082,8926.78109357143,9025.04398459184,9068.7848,9448.20387387755,9507.85384795918,9165.00284030612,9499.214055,9338.70719642857,9440.06988755102,9341.82764561224,9356.90683755102,9266.5559384898,9471.72519367347,9219.18739806123,9042.05395806123,9050.15533969387,9280.44428540816,9085.8908205102,9112.21470867347,9384.1439522449,9091.49599010204,9208.75551663265,9084.59338765306,9225.9206977551,9244.42161428571,9370.73649159184,9245.68102969388,9089.81285081633,9014.47052979592,9428.62063020408,9065.41207081633,9224.3838044898,8941.05700142857,8810.32869010204,8988.18779867347,8824.56592142857,9163.84704489796,8939.16570683673,9163.93057377551,8949.13591897959,9649.98946653061,9222.62759204081,9274.52208316327,9289.91491061224,9267.59183602041,9414.05337142857,9558.22877714286,9672.76752265306,9387.08763061224,9511.50313834694,9629.96808295919,9632.44911214286,9554.96773989796,9661.31232846939,9720.28141346939,9524.33284416327,9381.00923465306,9379.66620365307,9697.78800365306,9563.5732164898,9560.2020032449,9161.99214344898,8966.76981326531,9358.56397438775,9367.45697040816,9750.07101397959,9730.53824316326,9625.83613448979,9495.03587663265,9414.04446816326,9455.44472658367,9406.39301611224,9490.7236555,9324.57341612245,9200.57456132653,9369.6051472449,9272.93359510204,9377.24287785714,9180.97099785714,9044.13716540816,8923.3413705102,9009.45824928572,9395.48897663265,9269.99989602041,9363.47352806122,9365.78683979592,9263.07688693878,9365.41359530613,8889.47750142858,9163.48095459184,9244.24825959184,8989.64159316327,9010.07924693878,8677.22565743878,8730.00374489796,8769.98052397959,8785.05980336735,8938.34588653061,8857.8027132653,9397.09136357143,9391.92832530612,9566.82301734694,9294.37988836735,9326.70937530612,9567.61421530612,9011.3404737347,8985.42830571428,9126.01721020408,9303.91370653061,9202.29622112245,9225.10838102041,9207.19835571428,9094.03891673469,9301.88955173469,9268.73667357143,9507.44355438776,9225.41863387755,9034.21403673469,9637.04679285714,9251.97685897959,9012.33921397959,9214.16582857143,9075.87869469388,9131.88920295918,8930.1897132653,8935.10707755102,9088.74082714286,9165.31574744898,8704.87780938775,8875.27312020408,9113.82355153061,9329.22175816326,9516.08596520408,9349.95958561225,9166.37330030612,9287.00961418368,9196.46508112245,9216.44065010204,9142.4315732653,9482.12655489796,9286.46241734694,9181.68314938776,9093.36353969388,9054.25220234694,9096.61541806123,9490.63872795919,9353.23633306122,9296.60287806123,9262.13356020408,9172.02874081633,9305.26302726531,9090.74568959184,9052.53236459184,8872.45634908163,9090.64134214286,9407.62108908163,8958.54066265306,8966.41466755102,8887.23348408163,8773.0329872449,8652.08275274489,8631.1159717347,8667.5665567347,8901.20503091837,8858.98310479592,9130.42589438775,8997.65477010204,9376.29063540816,9456.78274183674,9571.95808530612,9854.78388142857,9393.42379040817,9321.57568295918,9406.30596663265,9526.58765704082,9441.97182632653,9696.98528734694,9497.69767479592,9052.64559479591,9253.92615479592,9317.67327979592,9091.21220779592,9397.13797704081,9343.98623204082,9281.97489795919,9620.86816938775,9722.19461867347,9451.47646663265,9219.08349316326,9273.09668265307,9435.92394234694,9441.75324887755,9439.92065387755,9485.75775887755,9060.11136897959,8893.11447112245,9301.63324469388,9204.48512255102,9159.06907367347,9232.40732010204,9713.68111091837,9616.06935367347,9470.0197972449,9454.9793205102,9575.09677959184,9449.84927795918,9464.84288795919,9780.94320795919,9224.53147561225,9223.88638989796,9136.87706989796,8878.47666663265,8857.00739295918,9033.00009724489,9197.03720755102,9122.38624938776,9585.53824653061,9702.97937295919,9378.59523806122,9702.87256020408,9532.77297755102,9458.84605306122,9149.30755979592,8979.40709530612,9052.32918846939,9161.80925132653,8919.70416683673,8838.5388805102,9007.02389897959,8955.05116459184,9366.02100234694,9402.64556530612,9383.43396122449,9384.19786020408,9449.70829791837,9476.97569244898,9631.43837081633,9410.08230030612,9099.0238794898,9125.09330795919,9002.72376632653,9084.39411826531,8998.01334132653,9391.74594571428,9489.48356479592,9541.0257017347,9767.62124540816,9871.92611714286,9426.55866346939,9264.76958397959,9592.61954153061,9861.14321530613,9935.12785183674,9872.57023744898,9696.03063882653,9508.34224581633,9593.2925932653,9717.12430153061,9817.41887653061,9478.80407653061,9473.18618469388,9812.36429283673,9932.14665755102,9661.30259285714,9369.01132285715,9647.40471010204,9467.98110010204,9395.90477938776,9472.24040064286,9045.85682214286,8767.80849653061,8748.25619612245,8767.91026132653,8814.43972183674,8804.33545255102,8783.28905612245,9260.19676040816,9517.61872142857,9390.34637693878,9360.46256020409,8994.39630306122,9160.56323163265,9118.2691644898,8934.3644294898,9132.76806698979,9212.49562346939,9407.65049897959,9338.53066142857,9167.62821122449,9010.75932897959,9154.79692173469,9086.72029534694,9334.48640734694,9452.1617832653,9061.81649877551,8864.47864255102,9124.15518204082,9139.04471765306,9474.65616938776,9404.92915336735,9208.160755,8918.95163846939,9176.39495559184,9304.96587816326,9597.2395127551,9630.44046102041,9173.4726010204,9115.14010663265,9243.36555663265,9741.17832306123,9144.52659193878,9261.10166214286,9140.18382714286,9502.90423030612,9450.931585,9537.27717112245,9230.12148602041,9464.13389234694,9242.01657989796,9201.31512469387,8956.61677846938,9331.96684406122,9109.82351265306,9261.00044163266,9064.78568183673,9489.89188959184,9364.93683326531,9501.91081816326,9574.13641142857,9559.48191755102,9538.47663173469,9500.12301673469,9562.52415295918,9757.88550795918,9428.15731397959,9336.81044908163,9424.78344336735,9786.0983567347,9056.8159822449,8840.94746679592,9101.32886571429,9213.9959072449,9177.93617510204,9394.88118714286,9295.39077673469,9317.55719979592,9087.53967714286,9093.69362336735,9137.25885204082,8952.23495244898,8985.44114704082,8619.40390948979,8682.82558183674,8658.22222561224,8569.72376418367,8619.67958479592,8782.23496979592,8659.05571397959,9151.00630571428,9190.26303010204,9224.38763010204,9314.67582969388,9444.83295469388,9561.88680704082,9294.09573510204,9265.84469255102,9003.79057683674,9273.77102836735,9260.55258591837,9121.74974297959,9227.26606202041,9209.41359214286,8934.6152805102,9028.08308877551,9060.56761836734,8837.48667438775,8908.84658336735,8992.36414357143,8808.46322479592,9271.05865316327,8988.72422040816,9208.67539734694,9192.47495816326,9003.96518163265,9370.03755367347,9754.24801867347,9585.34140571429,9649.96194428571,9348.49786653062,9315.38524520408,9240.47640663265,9231.33890959184,9253.98668377551,9531.08327153061,9202.13314122449,9428.19362153061,9343.43904663265,9153.02021234694,8977.80696979592,9250.930075,9310.82942346939,9606.9443722449,9727.30983897959,9438.55795897959,9552.27470897959,9315.83225897959,9612.63744816326,9130.04100204082,9265.03769265306,9096.32270918368,9323.272325,9637.46748448979,9820.1117035102,9641.65602204082,9507.89020265306,9407.63712030612,9157.60888061224,8875.97458744898,9087.69447806122,9113.12014826531,9308.80618336735,9419.46921979592,9469.53827795918,9330.91446928572,9288.10009928571,9312.23192122449,9238.64543122449,9276.38962622449,9342.49794979592,9327.21638979592,9201.82686051021,9287.43111693877,9118.8432832653,9089.96189265306,9251.22983265306,9217.6231555102,8961.34797666327,9117.39217520408,9384.86656020408,9397.1524405102,9367.88184285714,9695.1175744898,9483.4660010204,9311.92632632653,9405.8453967347,9488.1941122449,9655.09276122449,9348.67880581632,9270.12795530612,9053.68296530612,8983.58489693878,8994.71875,9061.70461,9141.6476432653,9136.92992959184,9156.21436938776,9014.71894081633,9230.53854979592,9289.1007422449,9193.42705887755,9163.04302030612,9251.38769734694,9181.85927734694,8949.00823571429,8938.77246459184,9148.83572959184,9188.62220714286,9038.74250346939,9266.59028602041,9170.17880612245,8914.59390959184,9000.63759244897,8753.97084642857,9126.51693367347,8979.86946132653,9154.27756734694,9275.49634969388,9309.35124673469,9179.55235336735,9113.96747918367,9118.60208918367,9690.11415285715,9329.00112265307,9307.75947979592,9439.98465102041,9548.21514418367,9769.07953581633,9702.69837765307,9797.21043867347,9450.19938561225,9387.54818938776,9345.39755122449,9077.05131028572,9021.18335632653,9158.56762367347,9056.14554602041,9360.97602102041,9114.74088020408,9174.24649,9206.97480785714,9652.52213581633,9303.51000510204,9706.81532,9644.96959222449,9548.49105153061,9660.81265571429,9727.17909653061,9823.97681173469,9723.23043214286,9745.10040193877,9439.35443693877,9365.45336255102,9457.48436336735,9248.87693714286,9421.35654897959,9466.65494857143,9312.46487255102,9042.44006714286,8829.77237714286,8922.54826357143,8948.0537794898,9033.23643426531,9182.19824030612,9065.28446561224,8992.18174734694,9041.70743064285,9557.93842952041,9200.92012747959,9516.79356142857,9453.65178142857,9769.95318897959,9724.91255755102,9727.37300918368,9413.09000918367,9084.80553918367,9511.81721204082,9414.19921938776,9396.28390979592,9450.42062683674,9811.69067520408,9373.33989653061,9306.11826653062,9420.12912530612,9597.30947180612,9472.57446530612,9567.13501857143,9562.70543418367,9484.54288946939,9379.72000295919,9507.05556346939,9360.93711346939,9318.80899204082,9174.46670020408,9780.32687020408,9736.17703979592,9720.91368979591,9251.12598581632,9590.08141897959,9579.10092,9758.697685,9661.99383265306,9415.81682295918,9158.49839653061,9344.69677510204,9055.93596348979,9250.5549594898,9382.57410448979,9103.13923997959,9041.50427816326,8914.60627173469,9458.36665265306,9250.1028177551,9172.40471204082,9220.94965367347,9447.26322204081,9175.74844979592,9003.2100744898,9218.4946744898,9130.62105428572,9202.65415959184,8833.76771122449,9279.87630438776,8861.09560530613,8945.45283193878,8876.01501020408,8959.34514918367,9291.89596959183,9091.55895061225,8868.73510612245,8958.26315040816,9387.78496367347,9170.53910897959,9203.90821591836,8902.9642362449,9457.0910517347,9316.63956826531,9348.97784612245,9680.38729897959,9404.12659765306,9172.86144189796,9021.29965942857,9414.71472275511,9464.59114867347,9708.4699427551,9194.9966694898,9673.52077,9640.4089144898,9695.82348846939,9739.57331428571,9862.790905,9292.77022918367,9037.31717408163,9112.60774704081,9005.98852857143,9147.74226577551,9170.44690244898,9287.12574642857,9749.31318540817,9515.10321040816,9354.52981102041,9201.03843102041,9392.14426540816,10006.3310842857,9439.53534881633,9288.27812263265,9497.43896265306,9459.82422571428,9373.21779306123,9217.32845346939,8872.40027489796,9095.01390928572,9572.4382250102,9534.91821571429,9743.93117122449,9606.57009642857,9701.11944642857,9886.21359642857,9809.02780142857,9515.48608742245,9403.92241306122,9413.20904806122,9324.17171330612,9611.9270217347,9627.92478163265,9505.15847102041,9615.08451846939,9874.80514489796,9572.03365561224,9481.62570714286,9539.32954806123,9347.47733183673,9333.17361333673,9131.93134833674,9207.56812762245,9029.66083609183,9022.73997456122,8931.28492153061,9178.2208777551,9454.88880867347,9275.09532367347,9109.91126163266,9592.0310022449,9527.13689244898,9706.57161193878,9660.18120081633,10127.878647449,10003.9826438775,9743.7486167347,9426.15949367347,9657.31368367347,9559.04598285714,9352.34788122449,9398.41801979592,9229.57361459184,8854.56880336734,9195.52638928572,9334.0279044898,9492.28259795919,9387.11064265306,9435.25277989796,9235.80349438775,9563.824335,9209.68739969388,9394.10084744898,9306.44786,9521.93922928571,9430.48828540816,9573.85577979591,9102.74421071428,9065.08652112245,9541.30450010204,9460.27276938776,9385.58906693878,9328.78702193878,9396.94696622449,9676.34963306123,9284.66764234694,9178.89496734694,9387.63130673469,9300.11645357143,9034.9035155102,9081.76995142857,9129.127475,9221.6269305102,9392.15847265306,9478.71210112245,9197.2499172449,9359.02029540817,9800.69520540816,9581.87805397959,9510.3086194898,9233.63244163265,9146.9702,9174.87428040817,9113.73941285714,9098.55929183674,9480.41056204081,9242.73439122449,9174.61405714286,9557.80091632653,9429.2335794898,9228.02981387755,9463.98996602041,9334.52907051021,9311.63514795918,9260.32086571429,9495.08893632653,9091.00366438776,9282.87380265306,9180.16293765306,9417.45438,8928.45717346939,8799.25477540816,8677.04184346939,8842.82508693878,8918.8203055102,9487.26704204081,9493.36529071428,9187.40156795918,9484.91211661225,9452.30118510205,9266.13653979592,9209.46517479592,9192.27988255102,9484.44353785715,9415.46132438776,9333.68182163266,9240.32065642857,9550.77083602041,9496.47738796939,9548.36354938776,9173.94368938775,9467.27755408163,9293.06669908163,9275.57631,9558.35781163265,9009.63328955102,9120.60667673469,9047.21321326531,9347.57710602041,9323.14236712245,9322.25597989796,9251.05160632653,9461.5103172449,9353.87823897959,9428.8611544898,9172.96730816327,9012.02665816326,8824.33888979592,9099.47428612245,9472.15213622449,9282.3489377551,9060.1965377551,8794.3137677551,9186.9727427551,9221.26822683674,9544.89409112245,8953.40396989796,8783.26418306122,8944.57382979592,9023.87096836735,9142.31878826531,9045.29296255102,9443.12295255103,9242.00045229592,9346.89373959184,9481.42808408163,9853.56806061225,9874.07729877551,9787.36034285714,9829.13255285715,9546.87694122449,9046.40841265306,9214.85558520408,9221.0110597551,9008.51919173469,8798.08547857143,8918.29524591837,8876.78863132653,9071.22049030612,9475.24276554082,9401.12082207143,9241.50493897959,9293.23921183673,9256.9825027551,9349.31917510204,9458.14897510204,9559.71589887755,9329.25282418368,9239.22962785714,9283.75964644898,9189.37533928572,9192.36365173469,9794.35714510204,9412.95869785714,9464.50574836735,9566.56994379592,9724.95483908163,9787.92071234694,9705.57155285714,9042.22479989796,9718.44188561224,9486.83631653061,9101.12496530612,8892.48451163266,8843.81884979592,8922.45650877551,8984.60451702041,9697.96244273469,9563.25564612245,9404.26805653061,9495.59249081633,9218.73131326531,9242.86777306123,9125.05758265306,9088.36546887755,9156.00724234694,9135.62177683674,9441.57684087755,9514.27713632653,9288.86291489796,9385.38864989796,9781.94574673469,8985.82693664286,9080.87374663265,9306.08708132653,9063.86647938775,9064.83081346939,8930.77288316326,9163.36966153061,9383.42866836735,9304.41702010204,9399.1519867347,9279.59992040816,9050.63404795918,8824.48048061224,9183.62293061225,9032.98243918367,9078.36729081632,8829.93115877551,8983.47967377551,9109.22830357143,9265.7088644898,9332.85159387755,9350.46721857143,9321.56185622449,9827.12129795918,9963.20596357143,10227.1943228571,10187.9689619388,10112.1990788775,9898.60371489796,9561.39080928571,9569.80196836734,9527.46302336735,9635.58648234694,9569.30359704082,9244.59995244898,9608.86063489796,9240.06793806122,9376.16744602041,9374.13118183673,9183.5138372449,9195.200205,9348.86175908163,9953.8605405102,9951.55925795918,9324.88320397959,9520.42886116327,9404.59047157143,9140.52377877551,9438.50835010204,9213.2580482653,9522.64808520408,9159.3833,9181.62807683674,9395.93469183673,9450.85134081633,9291.42021693878,9726.53483469388,9522.65692040816,9465.13024857143,9835.03790663265,9550.52642663265,9366.37660663266,9201.16713795918,9475.51377040816,9432.78663142857,9056.50541153061,9272.73077857143,9252.9486577551,9516.21530571429,9277.60441744898,9330.27156530612,9288.35141030612,9180.56027306123,9040.78587326531,8896.13387334694,8738.94373040817,9073.99662459184,8954.77370367347,9408.53193163265,9050.93214510204,9004.78417785714,9290.39671397959,9405.45648244898,9202.00572979592,9136.71627979592,9127.49954071429,9219.56868571429,9077.06624826531,8947.25480387755,9203.69261295918,9571.089735,9395.99324530613,9525.72619826531,9586.16212153061,9339.90196826531,9219.99958265306,9301.16212530612,8906.12571142857,8810.73799306123,9184.12741122449,9664.83268428572,9914.46536183674,9837.54683142857,9791.68854642857,9608.34910591837,9568.75825091837,9758.10609619388,9772.19772244898,9784.11788714285,9507.79430653061,9414.26925653061,9719.95451897959,9717.99978683673,9667.55260755102,9571.47719285714,9634.87782295918,9818.09648020408,9263.12156112245,9336.06009612245,9547.25076204082,9507.10247959184,9686.67677540816,9245.99224591837,9725.7652889796,9653.49191755102,9319.72295510204,9227.69296704081,9625.31527346938,9465.4433377551,9292.96907663265,9166.39283204082,9417.45813663265,9318.11233316327,9125.19980132653,9466.74992204082,9622.1983222449,9405.71978402041,9705.61432122449,9735.98216775511,9665.83955316327,10012.1117695918,9708.16881265306,9634.28511346939,9179.03178540816,9268.71996316326,9442.43135,9469.94909316326,9398.15270479592,9449.00415856123,9706.98211434694,9478.98946434694,9456.33890142857,9104.69743857143,9325.96518224489,9342.78394591837,9662.06644591837,9470.97109591837,9698.61490571429,9621.91674683673,9563.53252602041,9754.07463602041,9485.73149755102,9345.3054455102,9418.06767377551,9273.44772214286,8914.14292316326,9110.47720408163,8904.11204,9086.06824102041,9191.58562346939,9053.14737061224,9146.78765112245,9257.15019459184,9259.3855522449,9227.29701295919,9210.74685469388,8949.48396387755,8894.33634316326,9389.97182857143,9461.61931438775,9036.02347959184,9059.29147285714,9076.16415408163,8835.29988357143,9054.94722295918,9019.1588877551,9327.49649510204,9456.97122591837,9467.24983193877,9622.4507905102,9449.60979020408,9202.8515305102,9166.96016132653,9439.39458102041,9130.68402020409,9149.06275102041,9276.0801055102,9321.41480214286,9600.91497887755,9586.17689081633,9545.87079387755,9390.6593122449,9034.76831122449,9461.04205836735,9191.35334321428,9380.68440566327,9449.86771607143,9366.25242857143,9177.51530081633,9270.06580268367,9274.30936122449,9418.59664897959,9421.53523061224,9587.95462469388,9403.47771693877,9145.94600755102,9192.74157153061,9129.00856408163,8799.61223704082,8836.93206204082,9173.74368540816,9381.06286612245,9457.48517153062,9038.52700122449,9173.42598561225,9118.73244561224,9451.82942561224,9374.75059061225,9444.21086714286,9356.27909408163,9161.31677238775,9129.80727238776,9257.10001438776,9434.29025204082,9659.9527022449,9966.73669744898,9532.86763357143,9313.93363913265,9366.70601857143,9168.99614183674,9157.93102489796,9431.00384612245,9396.93753326531,9247.66434857143,9249.80777816327,9671.02874816327,9139.21018367347,8856.67897642857,9283.54168515306,9520.27547112245,9406.74810622449,9561.69365509184,9279.42514998979,9664.84205806122,9443.13609071428,9753.73497969388,9690.82324469388,9339.16870653061,9776.07429755102,9669.53892183673,9371.98991683674,9631.20508469388,9709.14195163265,9453.44868571429,9126.86857755102,9148.27179765306,8994.66718244898,8936.32378234694,9031.80490234694,9160.03861234694,9082.54142846939,9482.592305,9632.76313214286,9112.87746836734,8977.25696428572,8850.22484285714,8860.66020336734,8825.37934836734,9002.41033142857,8850.04382142857,9020.23213571428,8899.51062489796,9188.18573265306,9073.33557765306,9013.97977102041,9093.15307112245,8890.75233489796,9030.47413989796,9298.19620489796,9392.45874959184,9555.68640928571,9356.88547489796,9395.33786989796,9474.37008163265,9276.2188644898,9241.76475755102,9257.48942744898,9241.32498822449,9322.75328918367,9327.72882408164,9335.19855755103,9509.20282397959,9256.53811969388,9200.17965683673,8869.73707122449,8915.10473591837,9371.85977295919,9412.03470826531,9500.63642071429,9676.96915744898,9449.83988785714,9223.2738444898,9424.35354872449,9549.74607260204,9448.93984795918,9019.91268918367,9245.45744061224,9812.70219836735,9723.0591772449,9461.98879816326,9225.03191061224,9288.26507683674,9113.1531344898,9233.61849795919,8944.28046489796,9186.65878744898,9147.22303744898,9085.67034653061,9173.91843,9536.20465806123,9281.79237989796,9333.91771642857,9356.64989642857,9269.26241102041,9213.25601,9609.03735622449,9821.10686142857,8995.93094826531,8846.75935459184,9156.24327755102,9054.27853693878,8938.71657581633,8871.27141479592,8773.61686683674,8906.20656133673,9049.39424989796,9075.33788255102,8949.47976153061,8824.83576112245,9049.27030755102,9222.14222755102,9065.90548091837,9063.3449355102,9055.21958428571,9067.11496153061,9281.81244602041,9294.59551816327,9460.90763632653,9431.8740382653,9443.09742673469,9704.64047428571,9103.23830428572,9181.14035816327,9034.53290081633,9331.8177044898,9552.65764857143,9575.88895867347,9736.06885163265,9669.02416473469,9389.41497010204,9617.72143010204,9499.87279459184,9390.77000214286,9359.79237632653,9331.20638755102,9017.24148755102,9299.1894217347,9153.22171663265,9269.65239714286,9173.31335714286,9609.97040897959,9232.51750010204,9093.50014489796,9164.32288989796,8982.2536655102,8840.44074540817,9014.20092632653,8568.75107040816,8725.92295,8610.13911469388,8923.25484459184,8742.2347712653,9107.38552367347,9054.59847367347,8953.29507653061,9286.43717602041,9532.85047602041,9240.04358502041,9283.55205071428,9570.22178571428,9317.74478571429,9429.13263959184,9651.22658959184,9438.08622693878,9729.90933102041,9601.31195142857,9310.46907132653,9311.85893061225,9132.01112020408,9162.63955673469,9347.75861846939,9400.13078142857,9165.80522957143,9159.01978,9326.54318659184,9665.57808061224,9664.48496,9611.1790355102,9561.86418163265,9852.22108591837,9524.34193642857,9531.44333132653,9239.44898204082,9118.75519265306,9343.62820948979,9237.01091010204,9104.98809520408,9129.38721765306,9343.09253489796,9574.93475469388,9336.7183622449,9126.77146642857,9135.22581979591,9313.78303,9105.75415693878,9009.46356806122,9056.94608183674,9118.95398714286,9276.54643438776,9585.50697459184,9115.91802010204,8900.3579182449,8877.83215520408,8969.94069408163,9100.80357336735,8948.48443102041,9359.07872204082,9044.0441327551,9314.1425655102,9159.98972353061,9331.28010612245,9411.27579479592,9370.07169571428,9283.8037377551,9095.5179927551,9168.63074673469,9139.0267867347,9395.30132173469,9408.02076938776,9407.97326938776,9134.33668163265,9348.63629734693,9034.94520816326,8951.74700081633,9296.52604395918,9589.33523602041,9461.80146704082,9518.70173663265,9570.45750015307,9784.22924602041,9786.64114469388,9508.93720714286,9338.15468795918,9576.32232653061,9723.7376744898,9466.47250377551,9735.56000612245,9580.83628612245,9434.86600612245,9325.53100612245,9270.91193867347,9726.00161928572,9593.16504959184,9689.64710823469,9546.77031653061,9833.27091183673,9959.17927489796,9737.25870897959,9540.67946612245,9304.91242632653,9320.46128265306,9233.68098081633,9121.38956269388,9542.93421816326,9478.77610208163,9309.81976755102,9218.17991734694,8806.99072632653,9134.60899821429,9241.35533285714,9693.85424918367,9688.63260714286,9818.66782989796,9501.26771306122,9307.3598305102,9345.36080551021,9253.63592867347,9424.77382765306,9156.82752785715,9599.28748397959,9214.82209459184,9408.77682612245,9542.26632357143,9140.49540316327,9364.74764897959,9266.52878255102,9067.08088795918,8900.74173744898,9051.24222112245,9117.34792142857,8924.79898142857,8956.95760918367,9011.37702959184,9335.02664489796,9436.79530306122,9542.42130734694,9308.73575989796,9589.42884071428,9450.28915897959,8987.39918755102,9431.89978326531,9244.74326316327,9595.97001346939,9417.5751872449,9372.16939979592,9310.16751459184,9464.15632683674,9316.60598530612,9344.00175428571,9057.85686612245,9105.49367867347,9006.0620755102,8736.76342040816,8842.23152030612,9229.43943816327,9248.80518142857,9045.26059489796,9273.43124979592,9561.80897979592,9438.69801969387,8969.52333265306,8922.17510744898,8889.49346561225,9072.77735663265,9225.4069577551,9215.29362775511,9443.49503857143,9438.07477228571,9418.7270177551,9493.47235530612,9429.39496224489,9400.2848422449,9402.08422653061,9559.56277653061,9388.41616326531,9407.49206418367,9443.28265653061,8996.3621477551,8970.75205459184,9075.40392571428,9031.53284122449,9246.05448622449,9223.15481591837,9350.51445,9247.86305306122,9337.84816693878,9620.85184897959,9363.18494795918,9097.8118655102,9063.64776561224,9433.11261287755,9218.61480287755,9349.60788030612,9361.63421091837,9422.59465,9385.34400918367,9439.96444867347,9671.15324734694,9636.40409530612,9715.37577540817,9540.89138979592,9549.25589642857,9529.5447472449,9253.0999972449,9554.3022244898,9299.76444948979,9102.33254448979,9351.12684571429,9577.78866510204,9781.07416040816,9562.46597408163,9742.64434693877,9606.82595081633,9401.20028102041,9454.02899979592,9480.93636153061,9356.47587857143,9416.69317510204,9924.22128826531,10015.008779898,9826.60792979592,9640.90583346939,9233.91188122449,9629.15321683673,9409.80974461224,9196.74171836735,9055.77171336735,8858.60549163266,8795.76853285714,9040.04325234694,9041.25555877551,9336.79947377551,9663.65788336735,9712.89560857143,9666.99934432653,9707.21030132653,9644.22575153061,9503.01587846939,9347.58572040816,9242.04353673469,9237.58871867347,9507.30039326531,9685.3412977551,9429.45961387755,9106.31273908163,9233.0859555102,9067.48161204081,9145.10511938775,8965.1868332653,8817.88965714286,9029.72372387755,9159.37869642857,9268.63635094898,9384.03177040816,9108.81760061224,9093.17198,8840.3991377551,8639.2012632653,8861.91362,8970.72593877551,9032.03042928571,9195.97624530612,9322.40628336735,9354.53134561225,9050.21691061224,9557.2713277551,9548.46163469387,9667.36671959184,9558.8599522449,9458.47377183673,9678.32457183673,9370.77712357143,9468.18822765306,9094.95135204082,9064.73647164285,9087.13476385714,8972.9152244898,8954.11758040816,8702.11495326531,9134.10143020409,8987.15997346938,9026.93451857143,9001.22961173469,9120.25479408163,9047.48842744898,9079.02153244898,9304.09452459184,9375.10057857143,9725.89363244898,9587.80959336734,9532.80872897959,9384.80491897959,9336.92181397959,9264.82978948979,9234.39992173469,9156.94956020408,9203.21102387755,9438.33758693878,9673.87580081633,9210.63060816326,9371.52458571429,8900.93079489796,8947.04081530612,8826.85140755102,9502.09081540816,9176.79471857143,9330.13439520408,9253.9100889796,9164.38080102041,8966.13300102041,9093.44384602041,9117.39925204082,8917.76104540816,9044.95210540816,9278.71856102041,9318.34256887755,9297.55860795919,9227.25915112245,9489.93594285714,9352.45683979592,9254.51940371428,9059.06939497959,8908.96655346938,9531.22286183673,9035.9442177551,8820.5973744898,8866.01755857143,8806.59422857143,9261.65673908163,9248.29818244898,9079.41275744898,9163.94236153061,9083.2949644898,9273.83653755102,8815.33250683673,8876.82585561224,8909.66169020408,9101.9386575102,9033.51307479592,9298.6092132653,8841.32262784694,8868.2014842653,9016.75302438776,8832.85290857143,8948.46467357143,9076.55976285714,9001.57008785714,8752.93033704081,8800.69216438776,8793.87845938776,8869.78896288776,9044.71212387755,8661.11309387755,9375.60998938775,9242.63839438776,9412.86327928572,9367.47668673469,9358.45103173469,9094.9928272449,9076.59230418367,9289.01776153061,9089.17728,9249.99183,9172.96778,9567.53425102041,9310.68240622449,8983.34001734694,9000.85547040816,9326.85132377551,9295.52894591837,9263.93510673469,9408.65420719388,9605.37094040816,9508.19487795918,9668.03500622449,9415.8476232653,9619.22549571428,9708.80353571428,9657.90459714285,9479.26011469387,9525.23305938775,10351.5576212245,9670.9164455102,9630.13921602041,9623.02711255102,9591.66285889796,9483.01240593877,9620.82294887755,9236.68468973469,9076.6755655102,9226.77167918368,8946.2953789796,9013.64392163265,9150.9996855102,9107.32706867347,9279.75927056122,9072.70452293878,9336.21056816327,9299.13505877551,9085.40819081633,9143.10260295919,9115.99141581633,9260.17064081633,9277.51150081632,9194.94455846939,9098.16777846939,9091.36087193878,8966.12494571429,9192.23359581633,9115.97421612245,9230.44279234694,9194.48226530612,9268.43468061224,9584.94279561225,9635.99107693877,9439.18447418367,9677.55504897959,9594.95244377551,10003.3104058163,9462.49445714286,9138.90080196939,9156.59445061225,9009.24289020408,8845.15411285714,8750.7149755102,8956.44742030612,8948.29720612245,8815.34302734694,9030.08845857143,9050.47142836735,9063.40636428571,9090.89306102041,9366.60089112245,9355.5593327551,9440.71940908163,9354.34495714286,9698.76995897959,9893.66509704082,9853.03345397959,9966.24932602041,9772.32146234694,9308.93734693878,9382.36047193878,9301.11173918368,9147.76387918367,9249.58005306122,9353.05917020408,9089.29350102041,9483.06729163265,9545.58637673469,9663.17168255102,9614.62788704082,9426.68585346939,9164.86264183674,9125.40877683673,9752.09061459184,9713.41031520408,9691.78411520408,9540.94391632653,9185.42611234694,9109.14071734694,9220.39356377551,9093.08449127551,8902.89168153061,9309.15234285714,9316.03812530613,9136.07601081632,9325.06495653061,9432.5133427551,8987.36563040816,9246.38514653061,9402.09442691837,9324.70846622449,9391.61143061225,9144.38134204082,9156.98036438775,9063.5997677551,8916.8813402551,9143.32653806122,9289.60025306123,9325.56567193877,9200.86542714286,9461.98241602041,9422.94565214286,9316.86907908163,9209.96562744898,9020.73505622449,9005.90733785714,9004.28668336734,9271.11541510204,9538.89733408164,9003.63424673469,8773.10636785714,8769.13716367347,8666.48766920408,8599.51201420408,8663.75793979592,8952.51122040817,9167.48390204082,9112.00408469388,9105.54732755102,9034.50247081633,9004.71958122449,9353.97883408164,9253.93390989796,9201.90782571429,9227.85006653061,9186.89263714286,9124.39343438775,8808.46794795918,8726.02447326531,8666.15847153061,8824.4578455102,8863.61217795918,8899.40022469388,9074.21000459183,8812.01375377551,9004.07173714286,8903.89549387755,9233.73097857143,9333.65357734694,8998.95901436735,9012.33054416327,8976.44595408164,8969.19056571429,9134.31153071429,9108.05224979592,9017.63965979592,8974.75380693877,8852.93157908164,8847.07000469388,8810.59905183673,9041.39655336735,9068.27589816327,8838.84036316326,8926.9897772449,8846.75201057143,9289.43626018367,9270.26543987755,9630.54280273469,9241.43472989796,9339.39455836734,9402.07756377551,8932.70608979592,8879.19391061224,8803.19190836735,8885.27366336735,8572.21294204082,8761.83930897959,8930.08795857143,9077.60718826531,9360.48164459183,9330.11230489796,9068.11897489796,9271.92145744898,9054.15388387755,9294.68992836735,9334.28455020408,9196.49632683673,9150.56902020408,9349.67363877551,8971.9753744898,9141.08133744898,9199.16651357143,9347.71067632653,9287.58022612245,9298.21994989796,8949.39380459184,8892.20601173469,9023.89531285714,9264.54779989796,9565.40707969387,9687.21584132653,9503.75347346939,9594.1372422449,9776.48787306122,9746.30478714286,9609.66938683673,9435.97959234694,9503.18190336735,9244.77461770408,8960.22011266327,9279.48145,9255.85041816326,9088.15353714285,9079.5418755102,8916.87883938775,9250.85021826531,9545.50491326531,9309.15568367347,9542.93577530612,9447.2255144898,9505.1318022449,9085.37085591837,9016.90512908164,9124.50116408163,9312.61158908163,9428.58780826531,9548.40602397959,9304.75233561224,9380.49538609184,9362.51449823469,9283.78849435714,9277.77022598979,9575.14453846939,9491.68878704082,9526.08991122449,9584.3712922449,9343.17933244898,9634.79809744898,9649.27828265306,9431.42370326531,9081.2858244898,9410.8749855102,9215.87420744898,8958.87805244898,8929.11474142857,8978.95218877551,9177.80133540817,9430.53377040816,9435.65774540816,9687.70059592857,9379.8168077551,9318.5882777551,9160.65663377551,9376.5482727551,9628.03099,9047.87376367347,9157.86102346939,9036.26274459184,9226.55235428572,9159.33035765306,9242.66319571429,8928.17757571429,9199.35208030612,9352.64398755102,9764.96832908163,9672.1157967347,9585.59670183673,9652.40904489796,9471.285195,9591.95605459184,9544.89068326531,9265.19753416327,9438.68848846939,9194.83982928571,9238.72112359183,9239.40057938776,9282.04577938776,9664.13873581633,9210.54977438775,9168.80120387755,9405.21662642857,9442.69147908163,9247.54773163265,9498.49174561224,9504.20468571429,9566.19695795918,9471.34075653061,9053.9073572449,9433.19996163265,9165.683095,9286.47543061224,9098.62197211225,9484.54713469388,9348.11676083673,9418.46628775511,9413.9199144898,9427.39626448979,9138.69313193877,9342.16181612245,9047.23293755102,9312.83910071429,9361.64431122449,9445.86268357143,9547.19893397959,9682.75167897959,9463.06730061224,9338.50443561225,9369.32070561225,9366.87202061224,9492.88407061224,9586.91472938776,9291.19450571429,9348.98514142857,9146.26603632653,9248.39449632653,9037.07638826531,9143.52306612245,9029.50765163265,9101.63257265306,9033.82837785714,9063.18306285714,9184.22406734694,9140.78316897959,9017.02088448979,8948.105645,9046.69429377551,9008.68286224489,8961.82030530612,9544.68992346938,9286.02054571429,8975.09971306122,9158.17703418367,9578.90219255102,9839.91562229592,9511.79581308163,9435.31516071429,9249.90588295918,9379.66746102041,9587.53055969388,9705.70294626531,9652.937525,9510.2565427551,9430.79940765306,9207.8721572449,9263.91602632653,9368.46624336735,9426.90842193877,9069.23720867347,9443.52549836735,8981.11024561225,9049.85557061225,9075.16090204082,8878.43579367347,8988.9338005102,9164.8039405102,9075.5736355102,9156.50145632653,8990.77791306122,9445.69491102041,8995.71657040817,9065.37348787755,8967.45613787755,9315.95769591837,9056.41529520408,8932.1288294898,9110.92360571429,9204.26771571429,9304.40980612245,9261.49431326531,9639.50450612245,9602.85153061224,9371.37979918367,9666.85009795918,9754.77380693878,9537.44770193878,9212.30789979592,9053.56642204082,8870.13929704081,8914.71746704081,9040.34207959184,9167.70214653062,8971.70161183674,9011.28277744898,9017.04051734694,9442.88320132653,9601.25424102041,9121.91772244898,9327.33763683673,9481.62781816326,9170.26806795918,9358.37816918368,9456.13132744898,9199.94940836735,9299.8106322449,9392.89537061224,9161.2099527551,9135.71608897959,9289.80590204082,9229.44773632653,9185.84036428572,9339.29764571428,9492.96525969388,9279.12853163265,9300.92670408163,8863.55970071429,8892.98700724489,8974.36894877551,9167.19519377551,9212.02293785714,9196.9399622449,9455.38185785714,9286.42344438776,9332.50824653061,9329.88181571429,9522.56251030612,9328.89085693878,9493.02807040816,9494.92938959183,9212.66573612245,9632.96930142857,9301.58660285714,9554.77288755102,9509.74473755102,9581.47942663266,9622.83370204081,9241.19798418367,9433.59298040816,9899.30531918367,10039.9448263265,10215.8532013265,9903.55453408163,9628.68851408163,9553.92182571428,9328.35653320408,9736.5590222449,9161.76128744898,9033.59596744898,9276.29739132653,9251.48189448979,9079.04921102041,9261.6547577551,9289.13912122449,9408.1382055102,8851.06776397959,9049.45105734694,8947.9967844898,8847.2238477551,8936.9360127551,8798.5858727551,9026.16959887755,9283.05166887755,9380.96562102041,9130.62466602041,9091.87687795918,9353.1509944898,9427.49078938776,9353.82829816327,9589.54847193878,9552.58638091837,9343.69437387755,9644.80530204082,9274.99031877551,9297.45873510204,9349.64534938775,9328.27197795918,9382.99715234694,9142.39102234694,9064.81997510204,9249.15030408163,9097.40325785714,9065.02867632653,8930.24179357143,9195.00534622449,8986.83489346939,8901.34959795918,8792.40999071428,8587.61160571429,8980.26179397959,8904.37167479592,9001.14988540817,9158.19653540817,9280.99714928571,9096.90997795918,9033.66816489796,9450.1682232653,9109.84961010204,9442.83573887755,9280.71391965306,9283.53408465306,9488.83970051021,10001.2017155102,9399.25659244898,9523.93521204082,9366.01853204081,9279.45042428572,9695.05512551021,9136.7329405102,9566.6993255102,9391.45737959183,9424.65287510204,9369.95436806123,9286.66592479592,9051.31671887755,9228.62504897959,9416.36355571428,9240.96224795918,9406.0990197449,9396.59477668367,9489.16214896939,9130.08722631633,9168.44787714285,9430.06224518367,9283.14620459184,9534.37039142857,9733.04448591837,9423.45599479592,9368.38290346939,9108.66675785714,9080.98852112245,9452.36237663265,9311.02274908163,9567.48030938776,9479.16867416326,9303.50164418367,9425.61638091837,9461.36344867347,9317.42949795918,9434.46237122449,9239.81468683673,9272.4166655102,9281.52133214286,9491.49996463265,9220.23733963265,9108.01835187755,9308.04484887755,9164.23769989796,9039.27468459184,8954.79114673469,8966.70800612245,9028.81689979592,9431.93248265306,9317.33194836735,9137.59972132653,9478.66251867347,9544.31420102041,9434.475775,9256.36078265306,9150.53695744898,9070.17579244898,8982.2436577551,9331.7339377551,9370.81513673469,8879.2457055102,8802.7680955102,9096.13919469388,9361.59984183673,9221.68162755102,9428.55324489796,10001.6636426531,9749.73091785714,9727.54744336734,9592.20703857143,9287.73237683674,9215.36818979592,9198.24737326531,9463.4354755102,9037.55798071429,8775.26774591837,9202.95766316327,9118.28934193877,9301.92445693878,9667.82160408163,9547.33865663265,9257.04567816327,9018.86414888776,9733.04458653061,9551.08050714286,9702.40720795918,9854.90990918367,9693.99886118368,9466.88405418368,9063.16482867347,9525.21558612245,9398.27567693878,9698.80159061224,9551.48213612245,9365.02645326531,9525.15064295918,9577.49402785714,9498.13231808163,9490.6102455102,9523.39586632653,9412.37941265306,9428.69241265306,9398.60702602041,9476.75202204082,9513.45420255102,9773.57363040816,9273.74963408164,9725.08565428571,9497.72510612245,9456.67303295919,9725.25173367347,9473.94617795919,9549.53945867347,9863.63380489796,9678.89220683674,9126.54771265306,9349.94618632653,9205.88651244898,9370.04891755102,9101.68068265306,9291.15669020408,9154.54027612245,9099.20296816326,9200.62529261225,9159.81740261224,9423.26924734694,9666.14581561224,9804.55177993878,9610.30083255102,9320.24205938775,9700.03705040816,9052.05673755102,9312.5447877551,9437.94210469388,10030.2613247959,9512.04700030612,9218.6485505102,9435.80217816327,9185.51344489796,9186.49954602041,9290.56952193878,9102.38129112245,9046.53999122449,9160.34396387756,9098.4005677551,9030.60329693877,9204.23034163265,9216.03451326531,9185.93882244898,9262.72756744898,9006.55461969388,9200.54709663266,9121.43086479592,9052.96927510204,9049.13059316327,8927.00208265306,9082.19938081633,9347.7694644898,8958.84177571428,9217.94934469388,9172.19573117347,9127.42789551021,9216.8687372449,9062.79126102041,9144.35717806123,8844.21217377551,8699.98525959184,9083.27034795919,9138.99818336735,9241.35300836735,9193.88487132653,9266.11458346939,9184.28546683673,9099.59087836735,9032.64105418367,9008.11569459184,8822.17333265306,9034.51474520408,8715.72036492857,9340.38491683673,9036.75875295919,8794.65415469388,9161.04701714286,9502.03210663265,9427.78347244898,9237.46938561224,9244.65498642857,9489.53252346939,9212.74864244898,9381.17443265306,9010.40907285715,8987.82411428572,9234.84338571429,8843.00437989796,8754.55309989796,8803.94526479592,8929.35439040816,8795.30372540816,9026.46779540816,9145.95858030612,9271.24981530612,9123.95392673469,9168.34429928572,9084.07666540816,9502.26240540816,9525.52687918367,9405.09891540816,9143.52770204081,9126.06454795918,9164.96816530612,9177.56948214286,9472.43740265306,9370.92404765306,9468.89107938775,8982.9205372449,9208.07213010204,9169.80687877551,8965.00349102041,8964.77098183673,8782.94359030612,8630.60534091837,8695.72687836735,8986.48580826531,9278.76695520408,9486.12741908163,9122.77448163265,9400.66361806123,9606.40047642857,9780.97678091836,9648.82146173469,9547.54343938775,9149.79118234694,9391.62953459184,9148.55324693878,9101.44979693878,9188.59369193878,9458.62787765306,9168.22677785714,9050.68662887755,9199.17025061224,9300.86531561224,9337.72203061225,9754.96635918367,9428.13135122449,9392.18097433673,9500.81260602041,9266.88035785714,9294.47349061225,9213.05188561225,9514.91613265306,9120.10694755102,9280.47517020408,9120.40829948979,9133.74583377551,9286.72265704082,9394.90826989796,9035.2001055102,9229.58891132653,9042.74708489796,8814.06459734694,8936.09844938776,8917.63097459184,9122.52854183673,9232.35468916327,9211.42241497959,9542.29819285714,9586.90450877551,9241.1346727551,9424.74945030612,9571.42147163265,9153.46558816327,8966.49933469388,9096.74807285714,8910.11935755102,8942.70999897959,9107.31588887755,8884.34878040817,9206.27428836735,9321.48113193878,9426.83084040816,9421.47354,9060.59488367347,9021.21363367347,9138.82798616327,9145.943005,9071.7129717347,9093.91863877551,9055.82263397959,9142.00419234694,8976.88258734694,8882.06671795918,8921.24680346939,8911.03777010204,9081.61620908163,9313.21760153061,9370.03151071429,9202.10373948979,9255.46910448979,9059.60947571429,8931.65261632653,9865.59337142857,9675.09857316327,9496.8518877551,9650.27860612245,9616.21782897959,9604.30717857143,9508.38456785714,9501.76232581633,9379.79402898979,9189.2334755102,9304.34495102041,9493.14961377551,9111.24467908164,9376.59692653061,9683.68745385714,9609.79908885714,9718.82909367347,9518.91344826531,9308.19517826531,9442.7108532653,9272.10441913265,9197.80393683673,9346.55057285714,9543.28998642857,9287.84632571429,9067.50446857143,8925.51144295919,9039.12885632653,8842.35919805102,8988.50408642857,9008.13542010204,8965.34822010205,9291.81268857143,9316.93879897959,9647.05464897959,9282.13460408163,9520.16846622449,9409.32154979592,9415.23577918367,9806.37807693877,9667.524725,9430.10541255102,9278.90995030612,9270.23924071428,9125.81308326531,9415.44873367347,9328.85214693878,9345.08783938775,9012.02880112245,9260.41536969388,9271.21430591837,9195.35354959183,9144.02731428571,9209.74699785714,9417.46574938775,9521.70596428572,9473.37299510204,9718.98989979592,9637.80589204082,9957.50144867347,9547.54755030612,9862.62515612245,9572.31964163265,9450.04391112245,9784.79234812244,9680.43385438775,9694.44734857143,10040.773122551,9578.45485644898,9408.87874591837,9112.76521234694,9473.71025826531,9486.21720928572,9359.99617783673,9306.87148928571,9450.03310142857,9591.40401428571,9420.44578959184,9105.7523644898,9308.97105306122,9372.77836459183,9213.41464081632,9042.276185,8987.28628571429,8798.54050540816,9044.47295918367,9087.28227653061,9233.96354612245,9206.26860010204,9176.37361367347,9485.24315285714,9771.92057897959,9503.68733112245,9430.62137061225,9280.9036122449,9068.61277836735,9000.22045877551,8843.98965040816,8839.96014081633,9327.35131163265,9351.10739561224,9125.08345397959,9272.33521336735,9451.15751734694,9339.4272255102,9555.11709887755,9535.48493571429,9516.73021030612,9794.87434244898,9748.01113214286,9491.72944877551,9235.81461755102,9432.95365357143,9202.34924214286,9506.72850816326,8814.31586653061,8912.71769602041,8714.32352785714,8796.96891530612,8902.5067,9401.37401867347,9645.11874214286,9462.13656812245,9329.51960312245,9606.46934367347,9906.27689285714,9448.28141540816,9543.68371040816,9584.04647877551,9407.19139071429,9223.86478071428,9181.59614602041,9134.64920897959,9486.77481714286,9453.1839317347,9127.75772673469,9266.19215163265,9724.23028887755,9625.38104081633,9325.81424663266,9289.88160938775,9280.87156836735,9189.77668714286,9345.00024897959,9438.77414408163,9600.5652062449,9312.82048459184,9164.2047867347,9103.9781777551,9147.20869591837,9514.76221357143,9964.06223673469,9499.87833530612,9637.69992918367,9511.16142326531,9405.64782408163,9473.27922061225,9112.21273653061,9132.13209785714,9110.54053377551,9334.77189663265,9416.75736918368,9199.09726183673,9115.82797,9142.23793663265,9353.12630714285,9271.27467632653,9391.57640061225,9470.45947357143,9301.88328489796,9156.70882397959,9766.41704959184,9083.64963918367,9646.01806510204,9263.15668163265,8904.67160510204,9134.50774806123,9225.31983806122,8977.19538581633,9152.32324438776,9175.40219030613,9114.30835938775,8925.12440714286,8905.62952928571,8955.32510989796,9134.07056642857,9188.23686069387,9392.82456377551,9449.16435989796,9203.66040071429,9220.05093877551,9205.25150591837,9283.39714357143,9287.99911183673,9394.03205204081,9375.97390204082,9662.55429077551,9652.24148785714,9440.13350469387,9375.28741010204,9370.0657532653,9592.69056591836,9544.57152591837,9256.28324285714,9311.31981938776,9464.70433265306,9665.14454928571,10207.2528957347,9563.99361204082,9694.52545704082,9969.36555428571,9500.1769472449,9353.56685785714,9389.90855530612,9468.69996806122,9673.6769327551,9409.60913520408,9190.63997520408,9304.74418744898,9933.30493010204,9411.76516510204,9529.94043224489,9341.04576755102,9307.49382510204,9399.41635836735,9654.91622077551,9465.43002571429,9740.41636183673,9209.73935030612,9619.99207994898,9236.49560938775,9319.82217061225,9247.5387422449,9507.3439622449,9454.9854377551,9218.9272127551,9165.36065122449,9297.83380387755,9130.19828877551,9339.38948469388,9662.99481368367,9526.4499160204,9227.72014020408,8903.97910263265,8822.6644355102,8794.45247510204,9074.09957204082,9251.53770836734,9045.01938735714,9192.62182244898,9139.79623632653,9588.35615836735,9397.67311336735,9288.38882316327,9093.24069734694,8893.25370183673,8993.81659783673,8801.07241691837,8947.48428609184,8993.31330459184,8935.66831071429,8932.46281489796,8865.76858,8989.15206928571,8922.85405367347,8788.30120826531,9076.0602577551,8793.44499397959,9399.24177204082,9313.06627938776,9557.21938183673,9205.40412908163,8865.47992108163,9091.4616522449,9113.67516867347,9331.02342234694,9361.26388581633,9362.375955,9770.20165959184,9662.70068459184,9404.00880459184,9700.18433744898,9504.48454510204,9260.6274305102,9004.77658265306,9233.35356734694,9175.08134918368,9177.81014714286,9370.25574877551,9624.25496326531,9555.15141867347,9588.52226204081,9400.6655522449,9363.97165377551,9780.33109734694,9569.39265346939,9517.67932683673,9409.15911442857,9325.95490142857,9444.39299714286,9506.04947908163,9757.50733132653,9471.84925306122,9648.03425571429,9755.81330571429,9484.14853295919,9400.56022265306,9497.12133530612,9126.07826418367,9186.87336785714,9121.31787734694,9300.01365989796,9260.25068959184,9221.73639081633,9243.10858214286,9347.42778602041,8984.88327581633,9165.48032438776,8900.89739387755,9124.92780187755,9575.89293361224,9209.09484714285,9277.60382806122,9482.75101704081,9684.82592428571,9611.39954061224,9276.57591459183,9256.62265714286,9476.98768663265,9223.38521326531,9393.63869918367,9446.08299795918,9559.15591295918,9463.06368357143,9513.26352244898,9668.42251285714,9480.57856204082,9067.56349897959,9119.81895122449,9568.73377785715,9534.19021785714,9393.10178285714,9589.79240683674,9550.52779581633,9632.96588510204,9569.62662132653,9532.90547102041,10077.8763322449,9755.69620977551,10045.9457797755,9539.91175561225,9462.30840030612,9075.98571744898,9214.69953093265,9278.72168909592,9429.62275663265,9782.32093265306,9530.37156632653,9193.6565244898,9440.21812734694,9087.52961969388,9055.85291693878,9292.30867479592,9331.17823408163,9259.74747908163,9181.93412071429,8909.70145530612,9279.30259193878,9274.32233397959,8990.15605785715,9238.94207770409,9280.26844469388,9226.74383377551,9241.97174887755,9189.30170530612,8979.63175030612,9012.31689581633,9085.12465530612,9406.98886806122,9446.96410620408,8925.23013755102,9304.62775536734,9048.59008020408,9248.73258204082,9106.09747520408,9852.92128673469,9509.57300285714,9463.64342285714,9910.65367785714,9682.45280030612,9458.39895530612,9540.72497561224,9342.12729040816,9392.72825714286,9122.74865520408,9274.91985714285,9529.22114826531,9572.13528656122,9528.38954020408,9634.84652418367,9576.91000938776,9766.87556846939,9359.57141326531,8955.49142928572,9123.08325928572,9163.57877337755,9277.08444420408,9563.58656644898,9870.32062806122,9550.00993306122,9890.41588979592,10023.2265921429,9740.85746306123,9327.08628306123,9201.70524489796,9181.1772877551,9133.23594693878,9304.19184693877,9080.28371193877,9141.33645271429,9057.89971969387,9086.35280040816,9289.06559479592,9473.42755377551,9286.09473887755,9432.37871693877,9214.35149857143,9454.1014322449,9006.91796744898,9122.83362142857,9210.96201836735,9371.41181397959,9259.60410397959,9101.53223897959,9116.27754061225,9494.63399561224,9652.5457,9564.98880734694,9623.15965765306,9330.22227744898,8473.90075071429,8674.00604704082,8697.04524969388,8797.48009693877,8870.36645506122,8983.65664938775,8990.02992438776,9327.57672438776,9512.97027938776,9160.68607132653,8934.35741030612,9008.65130408163,8981.63325040816,9148.23213668367,9049.6496944898,9138.52979571428,9212.13762265306,9328.5262277551,9278.03566938776,9296.08079387755,9700.0265394898,9389.23632448979,9380.38858928572,9551.48385561224,9219.78267346938,9831.95740214286,9842.47957228572,9444.71499673469,9185.20799826531,9227.480635,9270.39745102041,9985.1312605102,9732.31720265306,9483.09838265306,9439.59058265306,9304.36078265306,9454.40409602041,9376.4539817347,9306.89539265306,9327.81234683674,9145.59118785714,9096.92284157143,9265.59381328572,9311.65061040816,9238.19286979592,9167.58178102041,9191.89265265306,8886.17457857143,8993.10036683674,9087.55492316326,9226.95676326531,9106.62962530612,9408.57354714286,9267.52786418368,9506.13216795918,9119.48374316327,8980.83722193878,9184.7284894898,8930.57336846939,9134.00069479592,9163.71416183673,9486.98155040816,9728.52950540816,9636.48074530612,9452.28528612245,9441.38302326531,9981.8084255102,9737.72538255102,9743.29035418367,9318.17043346939,9243.22221714286,9105.01140877551,9152.13251377551,9023.56868377551,9850.47933969388,9810.45914561224,9772.36357183673,9444.80647326531,9358.92783281633,9313.02927,9235.17102,9133.23888663265,9178.47249367347,9024.56041163265,9045.28254806122,9459.55784755102,9389.14844336735,9276.95992836735,9162.88723520408,9040.25145561224,9476.78551857143,9382.03331693878,9449.0637044898,9511.57907581632,9393.21013571429,9417.25489846939,9783.83538193877,10103.2092083571,9876.74896530612,9682.87152530612,9435.86760408163,9566.14776908163,9422.20702222449,9197.17213612245,9141.1871427551,8898.17764642857,8780.31673671429,8830.37668063265,9034.40230265306,9326.93528306122,9768.16217806123,9928.49428561224,9614.61596591836,9358.84931785714,9376.32134571428,9179.15876612245,9262.14679938776,8881.94555061225,8913.37054020408,8848.37106020408,8779.64900040816,8976.96983642857,9352.91649571429,9229.93125204081,9073.28866479592,9360.87896887755,9780.23591908163,9437.52850632653,9453.55098091837,9199.28528418367,9420.67880734694,9264.35062969388,9213.09318265306,9148.28349489796,9020.39076619388,8802.79131622449,9044.92792153061,8966.97832632653,9075.58939,9213.97505806123,9140.68188214286,9215.52914316326,9299.41983908163,9326.24428020408,9218.81990520408,9398.92163265306,9380.83341404081,9189.92302959183,9162.34254234694,8975.02796785714,8970.80137489796,9023.35712612245,9349.47003979592,9305.0173072449,9442.05756459183,9254.19117969388,9343.2019905102,9242.70856877551,9286.87580733674,9433.99807233674,9316.78513244898,9512.70494744898,9440.53154744898,9586.12832744898,9524.79591020408,9384.541764,9845.77909836735,9656.58019836735,9453.38858163266,9528.29906091837,9439.13484591837,9192.9901377551,9249.61704795918,9375.07871061225,9512.79098928571,9469.97286979592,9388.65504132653,9244.85499336735,9223.44538091836,8944.97037993877,8821.2232972449,9249.6791972449,9200.04444938775,9425.03938306122,9591.37627306123,9405.68279091837,9454.67543,9870.67679551021,9581.71941010204,9606.75737908164,9895.34765234694,10070.5934485714,9631.7975467347,9475.1146077551,9417.9089644898,9358.93069836735,9123.55435193878,9169.09910877551,9626.39322744898,9592.14101081633,9386.72404040817,9232.0405472449,9126.40561734694,9581.10272428571,9398.25059928571,9285.07895683673,9414.28452081633,9588.39393571428,9427.88715765306,9250.05671377551,9305.80359204082,9496.38202255102,9417.55080061224,9313.99707928571,9538.4957327551,9540.79605540817,9825.58092408163,9162.84267816327,9349.8892617347,9644.63372836735,9341.29819908164,9335.03605653061,9380.28457959183,9314.56086469388,9469.54291336735,9107.31425244898,8974.67207857143,8982.80710826531,8990.57107755102,9049.46043816327,9292.85107795918,9470.79803434694,9662.99318530612,9479.49679682041,9406.80983071428,9507.77623010204,9278.76388,9312.6547,9224.15997714286,9356.88876857143,9264.96404357143,9092.48891377551,8878.39621438776,9027.5528927551,9021.59224540816,9363.98409785714,9360.35481857143,9132.57094357143,9345.43248163265,9215.63251632653,9401.64345683673,9586.68442214286,9665.80483336734,9734.6006367347,9331.67644408163,9724.3619244898,9558.90624857143,9776.54401857143,9830.66016673469,9342.67332744898,9191.05384428571,9133.09870897959,8829.27750897959,8675.97746734693,8758.47019285715,8656.91936642857,8685.18127755102,8744.46772959184,8721.94059877551,8638.64915020408,9123.01914836735,8857.19917867347,9223.37119602041,9350.16916622449,9024.41546632653,8845.27515561224,8875.43344010204,9036.5828672449,9035.05045755102,9360.24183948979,9208.42411530612,8954.60072918367,9273.67077316327,9238.67324591837,9665.96501255102,9693.87556408163,9871.85066693878,9592.96075530612,9406.09522040816,9760.33182377551,9156.35267765306,9803.99726979592,9811.86811432653,9434.41270071429,9417.21765612245,9541.46136020408,9267.79584277551,9153.45482377551,9125.58433989796,9124.6076777551,9525.98711602041,9610.81354091837,9661.42564959184,8964.48512612245,8824.36055989796,8842.59208112245,8749.95206377551,9301.24063918163,8730.36152632653,9257.3425944898,9374.34589122449,9268.82981193878,9448.57592591837,9413.13528377551,9129.33296316326,9052.53633908163,9482.82833306122,9165.10622306122,9366.84319846939,9332.22896846939,9182.59926795918,9183.50490561224,9312.29296887755,9213.25480744898,9239.61370602041,9278.0275627551,9325.82068887755,9207.57695132653,9152.40629081633,9095.00579581632,8759.56676346939,8924.54259408163,8899.52355989796,9062.89471591837,9119.2057655102,9477.3889967347,9100.87305530612,9811.87668265306,9749.07052765306,9524.97898979592,9472.87498714286,9337.68973367347,9176.46707571428,9339.52758571429,9058.77803367347,9010.96489897959,8986.72910081633,9741.39921897959,9408.41597969387,9402.80413632653,9280.99364591837,9550.60726091837,9642.99581408163,9108.70520908164,9219.44422551021,8973.67799397959,9101.99282908163,9064.72423408163,9136.77861908163,9043.81399367347,9167.63344367347,9185.03075367347,9067.97347897959,9085.00045234694,9101.15473234694,9267.31367040816,9258.32811265306,9372.22081734694,9554.55453938775,10083.4602071429,9725.22167714286,9200.04043734694,8933.34882142857,8938.36158367347,9248.68968061225,9205.10252214286,9436.52209714286,9598.57142744898,9339.74066428571,8933.357635,9001.1079073449,9113.44209489796,8928.55896306122,9548.38725693877,9307.01390704081,9378.91522316327,9675.19006846939,9293.70679520408,8914.38337520408,9260.92548877551,9360.59034989796,9236.27533377551,8958.53708918367,8854.08432859184,9277.49375479592,9166.08147663265,9339.04045040816,9179.47302857143,9359.88018867347,9188.56786367347,9280.94191367347,9369.34751367347,9330.38194367347,9695.77672867347,9244.73681867347,9351.85071632653,9033.24442040816,9219.87717477551,9598.43739653061,9452.38887,9023.95877653062,8942.38720561225,9099.41302755102,9715.66693755102,9417.20746571429,9347.13099979592,9342.44050479592,9088.75024418368,9065.53191836735,8833.73444346939,9076.90934346939,9037.91948346939,8819.29854857143,8886.95458020408,8978.85103020408,9109.19848338775,8874.5273,9122.96901067347,9174.79668785714,9245.83081207143,9430.1795527347,9125.43778612245,9093.27779897959,9124.00245887755,9376.94140969388,9406.4857244898,9236.91308877551,9682.67660714286,10008.2393744898,9341.49751397959,9787.46794561224,9897.75912561225,9630.169415,9632.32305071428,9362.84876244898,9375.22035744898,10131.8135279592,9755.23497795919,9875.3210537449,9687.059104,9680.61187,9601.06610336735,9391.48615714286,9613.23680204082,9659.21328173469,9748.11871836735,9714.58802612245,9486.03043295918,9526.42504153061,9312.65734153061,9340.38870653061,9459.26311387755,9453.32737765306,9221.27692765306,9157.75166204082,9394.26577204082,9467.51297857143,9474.91464816327,9178.40452877551,9212.64536744898,8894.13213908163,8968.34300612245,8960.66055714286,8971.99093795918,8869.83674479592,8994.51772387755,9028.0859817347,9393.49407765306,9218.99635428571,9343.18074387755,9315.88114489796,8858.771815,9066.5149672449,8832.74321938776,9596.10812744898,9210.73040204082,9534.04439306123,9213.63309357143,9086.43119030612,9063.00626979592,9191.39383979592,9482.98378622449,9412.31815489796,9234.35375408163,9102.59398540816,9095.73141865306,9142.3035317347,8966.1085177551,8989.22823072449,8862.92713285714,9115.22867785714,9195.27442071429,8970.94562428571,9171.67458897959,9579.69436081633,9210.92567531632,8941.32790040816,8889.37587908163,8932.75716836735,9047.83996326531,9224.56375714286,8731.9219927551,9048.7848877551,8936.0078977551,8849.44704387755,8920.6504822449,8714.88625591837,8916.84442918368,9021.92242857143,8828.7828327551,9229.25499010204,8880.79966214286,8963.3223322449,8718.14403367347,8879.77923153061,9312.77821316326,8830.03170514286,8942.83491995918,8911.4293377551,8968.89859867347,9018.86614316326,8986.54810979592,9085.0882022449,9124.62038081633,9029.22335540816,8901.47999255102,9130.26291091837,9115.15012102041,9440.09883734694,9230.04521122449,9418.53582173469,9297.06750520408,9382.246095,9244.24445112245,9147.28380387755,9270.07045520408,9454.44974989796,9837.86543959184,9511.01391040816,9220.94351785714,9297.56480908163,9278.56838642857,9418.01609479592,9372.34108683673,9438.59482846939,9434.53385112245,8854.28215183674,8699.21254744898,8676.03539142857,8795.8184039796,8972.64416836735,9285.32412571429,9734.18158481633,9431.15527040816,9159.24521857143,9239.47973663266,9502.51415734694,9319.19209081633,9169.51378418367,9210.66946653061,9337.00869795918,9363.86629295919,9079.40719795918,8993.75075091837,8915.15283673469,8655.14681183674,8603.7988294898,8898.60094193878,9079.69780693877,9078.23870122449,9044.50313346938,8861.7254122449,8939.7044422449,8853.82310163265,8896.32203306122,8758.03869214286,8748.90702040816,8702.0579277551,9156.03315040816,9123.00880969388,9127.675945,8972.98970500001,8943.22919489796,9057.32474565306,8893.35625565306,8840.31650714286,8808.02940867347,8931.80285489796,9021.75878653061,8933.62135255102,8509.73700142857,9199.56984142857,9119.73467408163,9239.284415,9294.57811928571,9284.22019122449,9380.64723469388,9343.84128551021,9732.7581755102,9365.08012387755,9262.52828244898,8864.76097244898,9374.70854183673,9271.28580612245,9082.91219887755,9202.8962589796,9485.71397418367,9526.55507561224,9203.54969632653,9245.26824142857,9361.54412326531,9287.60665326531,9295.2621005102,9173.09631551021,8939.6005527551,9207.99125896938,9198.3236110102,9326.05856876531,9310.19462776531,9137.88932276531,9247.9320127653,9307.24135854082,9412.56071266327,9687.34790479592,9342.28463959184,10004.199795,10172.8749654082,9868.23696489796,9637.77501734694,9817.76187755102,9403.48174357143,9575.13559877551,9760.99264959184,9430.11475816326,9045.94450816327,9241.79444132653,9242.20883061224,9220.39930383673,9274.50743061225,9316.38534693877,9521.01698408163,9423.53474908163,9417.02723306122,9461.75858306123,9081.20211806123,9242.02642846939,9342.02900295919,9527.46510795918,9337.83065295919,8900.62850295918,8979.25313183673,9511.26840377551,9291.89041408163,9176.23897193877,9377.8469594898,9422.23007684694,9350.68993021428,9098.58480571428,8833.91931571429,8935.34639512245,8658.29963512245,8673.77078012245,8596.71751622449,8736.96567785714,8631.03920683673,8975.17774285714,9026.47662989796,8881.80039520408,8978.52999357143,9337.15361163265,9489.7311255102,9487.36653,9032.74663326531,9315.39575357143,9152.1470327551,9171.89185133673,9402.63772602041,9562.18143102041,9219.32831683673,8983.24401122449,9323.4637122449,9258.93423561224,9546.16075142857,9347.63576346939,9405.2438922449,9530.69652571429,9284.87296071429,9545.94033928571,9652.88051428571,9584.62229428571,9697.40861795918,9514.69624295919,9602.84418877551,9395.75992979592,9617.13329387755,9379.26216561225,9065.18137221428,9104.11968183674,8988.10853010204,9214.18009520408,9295.61927612245,9239.90699285714,9207.19570710204,9251.0032377551,9227.02265908163,9242.72913612245,9259.0668332653,9095.96472816326,8855.55812908163,8808.06823459184,8806.11961459183,9157.60306530612,9139.95474795918,9271.15168061224,9247.93135060204,9365.95247663265,9351.23484612245,9617.19124489796,9519.20879183673,9482.6237994898,9885.5764055102,9504.51684835714,9541.36168784694,9104.43673784695,9643.56923743878,9458.29095152041,9344.04783030612,9638.6738194898,9518.88040081633,9561.09291244898,9831.69268744898,9728.25061163265,9772.66649489796,9663.99593010204,9408.41612071429,9654.11743887755,9419.06460561224,9719.19784857143,9322.5381744898,9126.03405244898,9200.33005244898,9181.22832244898,9255.8375717347,9210.0929482653,9475.68771714286,9220.22124673469,8923.31978830612,9007.96733246939,9190.25726246939,9117.85823265306,9463.02752142857,9420.16933602041,9240.61486469388,9121.21767520408,9080.72330081633,9230.19718816326,9050.68369,9045.24211346939,8863.88386173469,8916.7801167347,8771.82605673469,9426.8474622449,9494.40463785715,9750.96621683673,9500.39823081632,9370.55937244898,9506.5460572449,9168.52305969388,9278.76568346939,9271.96901780612,9185.1665377551,9121.86038693878,9324.47816234694,9162.72892846939,9204.93264938776,9429.06302448979,9102.29443061224,8988.19735102041,9049.03291816327,8982.86756153061,9009.79440408163,8819.36447826531,8997.52694826531,9152.44514204081,9092.64651295918,9395.68870918367,8879.0515877551,9038.06943081633,8987.96784285714,9156.65338020408,9127.07743367347,8825.28311530613,9008.21061367346,8917.83948571428,9052.38395816327,9053.08509142857,9440.29479663265,9010.58728214286,9160.08703214285,9171.03639928571,9183.03206408163,9323.22370989796,9431.72155581633,9177.64587285715,9335.59090204082,9285.08765663265,9313.30126979592,9164.24931102041,9412.94575908163,9058.33124193878,9042.95709397959,8805.78751459184,8590.55757591836,8815.93173265306,9146.56140918367,9023.25989479592,9563.52297551021,9404.9886244898,9782.42969693877,9653.98715247959,9396.01299581633,9390.19646626531,9319.99327397959,9373.78194030612,9332.54552193877,9694.33861265306,9277.17368438775,9076.51241243877,9056.36302918367,9330.20893887755,9265.41252469388,9546.86318673469,9160.6054744898,9285.56750540816,8967.51255602041,9164.76973469387,9635.47375428572,9670.12484173469,9601.45271897959,9693.29572122449,9355.72071287755,9368.59988216326,9138.37586224489,9456.33483132653,9266.32254489796,9023.32219897959,9468.48164734694,9198.04218581633,9200.27987326531,9302.51286510205,9115.47395010204,9123.73205460204,9186.00495409184,9230.40696643878,9391.63515591836,9561.65796969388,9466.7094427551,9227.11662734694,9302.82119877551,9095.24241142857,9367.54330642857,9539.13178040816,9461.60895540817,9311.21237479592,9560.1642067347,9257.81340826531,9349.11667061225,9273.22677551021,9687.91406785714,9670.41031234694,9606.75166540816,9391.69606510204,9263.14992469388,9097.96475244898,9324.87081979592,9337.11638785714,9008.33509079592,9221.14301132653,9096.79890081632,9017.79295,9176.94615908163,9052.78315295919,9393.09961642857,9271.12810806123,9111.30533142857,9505.71458091837,8958.49462142857,9129.91209224489,9263.80289530612,9297.80637530612,9064.14490173469,9265.77882857143,9232.95672040817,9348.19166887755,9277.29162071428,9375.51699785714,9020.21635785714,9009.80917663265,9031.20242663265,8862.42526683674,8809.09584510204,8922.08262122449,8923.2671327551,9037.65473918367,8754.05570693878,8929.0895305102,8941.94658969388,9162.44245734694,8955.83925989796,9034.33151112245,9273.97718989796,9176.77947836735,9401.77010530612,9285.1496744898,9474.37392887755,9516.12824265306,9550.77307040816,9344.25100285714,9229.06840285714,9089.35912163265,9362.75677298979,9474.62933992857,9311.66986520408,9019.81835122449,8658.73259020408,8683.73518295918,8737.17763061224,8757.87422561224,8784.12141295918,8835.46968040817,8741.33312683673,8885.23556683674,8965.65098612245,8989.18690612244,9056.54649693877,8957.77197010204,8995.43778265306,9054.9528044898,9340.85621846939,9328.97656938776,9056.24173020408,9232.35464795918,9254.87020979592,9085.77721285715,9027.44682132653,9312.21374336735,9202.11623265306,9247.80103061224,9084.55865612245,9222.4189177551,9346.08241428571,9044.3164608153,8845.05265959184,8977.354425,9027.42983806122,8845.33747089796,8816.89313295918,8906.60165785715,9100.26201867347,8875.46418071429,8851.26167489796,8929.45274295918,8784.29936448979,9037.68860897959,8756.0428072449,8615.72154,8519.20996285714,8629.24806172449,8851.7970205,9063.65063908163,8844.62337081633,8929.19935316327,9205.11754163265,9236.82696255102,9062.10342602041,9129.92387122449,9312.38692642857,9029.90582561224,9011.96549193878,9387.87260408164,9201.08367,9327.56145612245,9160.27774918368,9379.16253479592,9422.94535816327,9404.9004094898,8995.32176989796,9120.1062795102,8933.89819795918,9129.07166122449,9038.55770857143,9049.3324955102,9056.20813530612,9400.69974377551,9287.22616540817,9187.62377102041,9097.6831322449,9292.4140522449,9513.82431785714,9607.65300673469,9615.80781826531,9148.70960132653,9575.84646387755,9510.01640244898,9302.85689989796,9573.88261979592,9252.93721408163,9086.84206836735,8966.31264836735,8878.43832040816,9053.56137040816,8992.27907285715,9065.68854061225,9154.48315806122,9136.25820336735,9563.40530908163,9511.55962908163,9704.12864816327,9553.47339632653,9423.51675459184,9293.54776510204,9320.74316234694,8811.63548693878,8918.42545918367,8900.58825530612,9064.38565857143,8655.79581153061,9232.38719734693,9396.93498530612,9651.54306593877,9442.22794163265,9210.44798632653,9342.27284642857,9299.06550816326,9635.71348663265,9370.80529163265,9147.34367285715,9015.03703408163,8844.22281428571,9189.26160755102,9505.77991214285,9301.627919,9477.0459527551,9253.21648041837,9532.30781489796,9346.72597908163,9659.17801234694,9231.66961928571,9311.91084806122,9185.76476520408,9210.91123306122,9173.44347591837,8958.60047632653,9137.76442040816,9146.47431642857,8883.39430418367,8756.82582806122,8741.93205306122,8942.83751836735,9323.38421918367,8916.87444122449,8773.82962122449,8613.68132867347,8775.00214989796,9105.21171969388,9119.56416244898,8951.92157959184,9227.99755806122,9367.0903022449,9265.10851030612,9334.98143561224,9273.91448204081,9673.28511897959,9365.26364734694,9570.9365822449,9454.48441908163,9224.61827357143,9308.29527244898,8905.0146344898,9155.3357972449,9440.08069081633,9387.29755367347,9800.47340551021,9941.02114202041,9633.32068663265,9206.22923938775,9285.40165142857,9201.65895,9306.8977832653,8977.88635836735,8886.63081836735,9081.30937122449,9189.71345836735,9211.0801,9052.389115,9063.15985,8959.61228530612,9202.92299316326,9030.15129326531,9073.328465,9388.05871448979,9428.29033448979,9215.63497448979,9180.4527744898,9035.4514344898,9036.49417428572,8799.10127836735,9225.60778908164,9438.37133469388,9019.23720469388,8939.96646632653,9390.95242244898,9517.18206612245,9614.84429530612,9424.17986744898,9398.92533193878,9195.85468816327,9373.22006755102,9506.31294608163,9358.57145057143,9715.00116567347,9885.38148367347,10045.1195136735,9887.91121336735,9653.18599918367,9712.02788857143,9531.28010510204,9442.45449816326,9524.53577367347,9287.90538183674,9672.35110693878,9308.37774795918,9314.69353959184,9414.82945846939,9494.34561530612,9464.38197030612,9419.57155287755,9144.4669,9113.7668527551,9025.26293112245,9249.66862520408,9159.73065040817,9098.73407459184,9130.01310959184,8939.36921559184,9178.59028928571,9393.58310897959,9587.78896489796,9464.51566530612,9619.65348540816,9749.97468519898,9623.33731591837,9534.08687040816,9399.42450442857,9440.87474336735,9802.12355918367,9838.9744794898,9485.57088448979,9394.45797040816,9362.1239932653,9132.22646877551,8873.48308173469,8933.12268765306,8517.91203744898,8491.00820846939,8682.86713346939,8937.48980846939,9064.60352734694,9093.20120071428,8806.00085081633,9118.01321397959,9410.52433142857,9303.66583734694,9255.60968877551,9303.96358795919,8937.22807795919,9298.68982622449,9320.78476014285,9312.79905561224,9179.01675571428,9200.28211132653,9273.02699204082,8900.04532897959,9208.00485316327,9186.72537642857,9174.50375989796,8847.53173102041,8765.29595193878,9091.50679265306,8738.57728,8947.50997163265,8975.72128918367,8963.46478265306
876.408163265306,9547.61951428571,9531.09179102041,9673.1835922449,9864.26312836735,9635.22415153061,9238.64895642857,9343.47069642857,9418.73106418368,9210.24619357143,9256.3992655102,9131.6075315102,8889.62527867347,8844.61438418367,8821.6479905102,9253.72139346939,8983.23538561224,8987.87097418367,9109.30795959184,9294.32265938776,9335.10323188776,9299.27664632653,9589.15542755102,9509.11295346939,9436.94408346939,9102.29323306123,9227.88565530613,9235.02945142857,8890.56812387755,9218.91532620408,9411.77540989796,9582.52219489796,9435.29299511224,9972.1534472449,9381.4235172449,9750.42277520408,9814.51823744898,9674.55465051021,9438.16287938776,9507.50847081633,9250.58254642857,9672.93081795918,9685.40681795918,9242.6758077551,9350.05692142858,9284.5422927551,9526.91634632653,9796.76082142857,9801.91491336735,9727.79974387755,9694.18145714285,9729.16080040816,9659.69761938775,9908.41430663265,9440.12934485714,9533.29828485714,9464.07916510204,9763.64320102041,9391.48210897959,9565.70348755102,9685.75727918367,9622.81965,9638.65306795918,9612.99975204082,9828.47604938776,9562.45186979592,9687.6208932653,9996.99748938776,9956.89896112245,9715.21818683674,9658.154325,9796.20353163265,9606.66090578571,9455.78395704081,9549.00344877551,9708.78442959184,9755.08431061225,9715.35321714286,9728.70488234694,9540.32359520408,9253.86689020408,9364.51250326531,9548.84845959184,9516.73651816326,9610.00445214286,9591.24884989796,9789.74821836734,9745.89358612245,9403.02443540816,9469.85231520408,9658.29285673469,9297.87405306122,9375.94043632653,9089.24461132653,9332.51340232653,9365.23921755102,9688.31941428572,9693.78478469388,9989.84629734694,9675.36333969387,9866.80651795918,9945.05699704082,9453.212975,9739.72013561224,9429.64408979592,9487.30946020408,9606.52909602041,9620.99421010204,9480.94111551021,9390.17514816326,9355.33508418367,9325.88176755102,9402.40019,9562.36952,9477.01170428572,9717.60780867347,9639.52967428571,9477.39918265306,9529.30903142857,9665.49434071428,9574.8763805102,9496.05952632653,10312.1594542857,9706.62832877551,10036.5781676531,9774.61753061224,9657.46160142857,9503.38330142857,9778.23220142857,9914.88374387755,9246.16659959184,9519.80605285714,9617.28327306123,9611.58124489796,9562.03144551021,9777.35279520408,9964.33423122449,9789.1276789347,9620.54246283674,9390.40788428572,9134.11688479592,9322.97693551021,9570.25817733673,9635.49242551021,9737.3613255102,10089.3644725714,9990.09352257143,9458.0353922449,10081.9172453061,9809.1062855102,9661.49408510205,9993.28913979592,9583.09488310204,9790.20328755102,9146.18928265306,9299.17261765306,9631.12468081633,9713.9951727551,9652.1456377551,9598.32786806122,9865.56794428572,9749.94790244898,10212.1359229592,9897.71412561224,9458.92259091836,9384.90667683673,9616.12867979592,9598.41348034694,9497.10923734694,9553.50323734694,9476.30663869388,9331.93971704081,9425.96781816327,9739.54001091837,10102.7901206122,10063.8132343878,9971.29055112245,9955.16232265306,9998.72275959184,10078.5286458163,10203.5927993878,9756.45347785714,9489.84761061224,9522.8624927551,9533.35956479592,9627.86455142857,9373.72243040817,9188.02451867347,9518.2924434898,9438.54989826531,9373.70019857143,9395.98588071429,8879.41792663265,8971.48435612245,9231.60247755102,9378.62771826531,9361.64420969388,9200.60097306122,9240.1900172449,9398.46065377551,9453.30953877551,9578.14917214286,9261.07166826531,9203.41709479592,9427.21605265306,9095.29640193878,9098.80866397959,9440.69119387755,9157.28224081633,9263.53770081633,9286.90405714286,9416.06430714285,9009.60806122449,8962.09345816326,9486.60285826531,9147.06227326531,9148.48692969388,9144.68051377551,9091.85314908163,9455.24614908163,9447.3981805102,9719.27540387755,9698.12223081633,9703.11299673469,9831.42702755102,10402.7736069388,9900.97158741837,9789.43514956122,9952.43316129592,9836.47516479592,10005.1377385714,9662.84925306123,9729.3265867347,9576.44319234694,9357.00385816327,9233.07998193877,9395.64882959184,9517.69194836735,9505.00575755102,9405.364485,9326.07633571429,9332.4778017347,9101.71849989796,9044.17739897959,9103.90522959184,8868.80652316327,9163.84945163266,9147.70245510204,9043.56302568368,9413.52478132653,9396.60012010204,9745.9104377551,9409.95362918368,9411.55320734694,9692.85045673469,9582.38386918368,9443.47189897959,9675.49390897959,9774.15544714286,10030.7505736735,9700.07716765306,10125.4038876531,10157.8290435714,9785.90111612245,9644.39166209184,9425.7455905102,9627.55949714285,9526.27635602041,9403.96849602041,9679.16879908163,9646.26999663265,9540.13046928571,9459.16211615306,9587.84482265306,9620.79263714286,9114.62806214286,9163.68104765306,9476.87432469388,9701.59178040817,9437.56715132653,9761.16836806122,9761.48933193878,9449.19850346939,9076.34201114286,8882.86899785714,9100.28797285714,9136.40393867347,9195.16138959184,9294.31416959183,9433.09410030613,9416.52918979592,9055.63219122449,9086.04050010204,9266.47020408163,9498.73827142857,9753.05154295918,9743.0219127551,9410.48621670408,9825.54728346939,9673.5637755102,9870.70757326531,9679.40311387755,9417.62066632653,9431.60226040816,9269.59172877551,9440.90747520408,9211.61274479592,9173.09010295918,9839.58067102041,10023.9958223469,10180.0412221429,9870.3662172449,9643.76292387755,9521.98472081633,9435.36193204082,9595.04489816327,9176.75360785714,9000.14492602041,9173.42130428572,9308.27802602041,9509.67595632653,9758.87450979591,9537.29276979592,9570.40746979592,9376.22012408164,9468.98267408163,9382.42806130613,9446.6089527551,9725.61020816327,9785.93874693877,9940.36919030612,9808.38981084694,9674.67066010204,9338.54936989796,9105.29091326531,9324.36351214286,9414.75428642857,9605.93228622449,9549.25833193877,9631.24004816326,9565.69549234694,9565.57359591837,9819.93040153062,9323.4827972449,9262.67037081633,9461.20980142857,9259.04060816326,9274.00331806122,9140.86909530612,9101.5678822449,9443.85320397959,9561.33633663266,9398.88334765306,9745.98608081633,9663.78192642857,9548.12609438776,9551.52905285714,9512.89593530612,9449.87486265307,9399.46931285714,9862.1046277551,9725.2280177551,9748.3720622449,9554.64165397959,9501.48662265306,9427.69845122449,9347.89176122449,9365.69380132653,9427.98125632653,9302.36013132653,9394.17538632653,9356.94881306122,9537.83636316327,9578.36043632653,9741.01034663265,9478.87280285714,9761.25385785714,9709.93068081632,9898.09433632653,9721.26666612245,9708.26377551021,9572.9930255102,10067.0188673469,9573.57256938775,9959.19347581633,9772.08553653061,9511.37933081633,9653.96941357143,9622.67512571428,9667.59638214286,9867.55948714285,9847.14957632653,9338.68860153061,9839.57642653061,9888.00645591837,9884.29471357143,9676.92754938776,9347.52150918367,9480.60749030612,9402.17297897959,9405.87011969388,9243.19256418367,9653.92182244898,9569.53580020408,9428.78810020408,9696.04375571429,10164.3483157143,9787.65318928572,10050.999545102,9777.31611091837,9586.58626663266,9366.96907468878,9655.37105387755,10023.3055179592,9747.61465795919,9650.36440806122,9813.62964142857,9480.83643448979,9310.15332622449,9383.85859022449,9350.30276622449,9571.01504428572,9630.67524428572,9651.93054081633,9409.08746734694,9567.31905602041,9443.98558387755,9596.95181193878,9525.23776193878,9449.95435632653,9554.64206765306,9213.60577708163,9525.20452622449,9379.16751244898,9253.80804510204,9264.05963438776,10056.9136473469,9841.84438244898,9964.38254816326,9906.47727304081,9764.47259622449,9864.71912693877,9894.16791683674,9736.04644714286,9728.97034714286,9646.3876177551,9624.24215551021,9946.96144023469,9352.45254755102,9205.22519755102,9603.72674755102,9732.48268336735,9467.97371326531,9504.79884,9434.00481132653,10013.7104523469,9803.85574234694,9720.80815234694,9518.1485855102,9530.48622897959,9298.13025408163,9365.56046040817,9443.28126377551,9616.63014015408,9130.30340969388,9627.01772061224,9517.78944653061,9464.83554714285,9838.16226867347,9385.61655367348,9416.62616081633,9531.06022571429,9678.04062287755,9405.92923296939,9153.57745908163,9228.29138693878,9268.84657918368,9621.74128206123,9497.03231739184,9506.02154732653,9427.22981346939,9635.23934153061,9758.19390477551,9446.34935846939,9539.39632459184,9590.85524153061,9376.21923693878,9596.37080734694,9611.89412265306,9602.35744163265,9760.46722816326,9506.28032416327,9205.7259482653,9186.35621020408,9521.43490306123,9558.13267653061,9705.667145,9595.807415,9435.03695642857,9503.28460642857,9504.57793112245,9607.55387612245,9384.63380612245,9476.04314673469,9575.48859989796,9664.72011193878,9375.11113653061,9379.53260285714,9315.6498127551,9355.70227653061,9350.42484510204,9408.56051989796,9185.78981945918,9535.00521214286,9727.13935581632,9616.39730081633,9578.04404397959,9716.41493459184,9700.46229377551,9702.10807183673,9730.69564153061,9561.03539070408,9459.59471090816,9386.93558561225,9748.47220163265,9726.23349969388,9492.32651663265,9583.68623193878,9530.401165,9235.60708704082,9415.74537295919,9479.06561204082,9631.72058693878,9420.16712285714,9360.90500530612,9466.53663153061,9171.10239795918,9571.64773556123,9501.80992214286,9764.33749428572,9534.64347804082,9398.51989122449,9553.82895020408,9651.08848163265,9245.06426816326,9530.14135122449,9546.24235122449,9806.94295122449,9820.54310122449,9545.49716214286,9648.32618459183,9673.58890109184,9832.57903959183,9732.46176183673,9748.14415158163,10045.76127,9738.70668061224,9850.35948042857,9938.6591377551,9609.9674305102,9724.51063142857,9713.87295306122,9631.83762142857,9470.88948673469,9405.99215132653,9706.64618744898,9823.70680561224,9699.73391183673,9418.97771142857,9429.21875428571,9265.46695755102,9461.51888255102,9369.44928387755,9432.46917387755,9633.57734306123,9688.86569367347,9288.57090918367,9362.25746112245,9355.10922867347,9502.79546214286,9428.22327204082,9239.94145506429,9315.12461606123,9492.65078265306,9533.95814387755,9621.88104693878,9596.51901734694,9278.00031326531,9903.8834622449,9736.2947660204,9435.4642367347,9382.85068163265,8812.22703306122,9055.23179591837,9040.75639081633,9096.65625061225,9134.98861214286,9483.67702193878,9544.01281693878,9696.45181693877,9696.44264234694,9825.52494336735,9767.35966653061,9537.27120020408,9734.59601244898,9369.3146317347,9379.6741317347,9141.23975,9238.28495234694,9452.82489530612,9533.01629537755,9370.93396326531,9243.67435918367,9298.12110918367,9148.96731285715,9164.17897785715,9715.1907952449,9536.92715836735,9635.88490785714,9560.95860010204,9651.20998510204,9879.44564081633,9766.72990234694,9384.05607130612,9522.03511204082,9625.00325285714,9723.42330552041,9873.90304693877,9944.79090193878,10216.2475469388,9951.06114081632,9680.8819622449,9781.68746795919,10004.7370728469,9968.36109122449,9755.62692306122,9787.47924469388,9603.70242846939,9736.41141285714,9340.04187357143,9304.41524081633,9201.65388183674,9170.29333367347,9249.52770234694,9111.62755214286,9422.87260459184,9332.99685163266,9408.0204622449,9388.92009785714,9265.42962755102,9455.03618444898,9606.94915444898,9935.353115,9846.00707989796,9729.14583622449,9771.10943642857,9440.16409714286,9455.10232214286,9335.17189010204,9263.66100204082,9423.12850612245,9211.51216734694,9307.3708244898,9372.57031285714,9643.52946102041,9511.1090344898,9626.91692785714,9612.10677857143,10030.991572,9523.8536974898,9531.43334102041,9749.72005938776,9908.51128979592,10337.5442146939,9873.07890255102,9994.96049979592,10027.595097449,9894.89487204082,10131.2629308163,9906.6755627551,9621.0965977551,9547.28101153061,9876.29480653061,9640.18835642857,9508.83966061224,9303.16551438775,9661.55396734694,9342.94085897959,9451.25266408164,9441.22989214286,9346.21610136735,9662.83468132653,9643.35354602041,9576.76557428571,9258.02150530612,9705.31328969388,9771.72563938776,9629.72851010204,9654.66692010204,9934.3591222449,9656.10941836735,9731.49838163265,9837.73009581633,9548.26215467347,9624.13928183674,9366.86424612245,10022.5213271429,9668.97216081633,9263.08081540816,9574.64712734694,9669.63877132653,9313.60629897959,9624.47634959184,9589.90530622449,9685.19411336735,9769.85540010204,9852.09535653062,9652.10492,9774.72067234694,9695.55977418368,9600.8913972449,9644.62512602041,9659.06072795918,9915.36616744898,9411.00695642857,9339.45476122449,9531.94223673469,9331.98507336734,9234.57075673469,9518.05318295919,9722.10957561224,9467.81666877551,9997.44706530612,9992.12082765306,9610.18921010204,9523.26387,9469.80148387755,9778.60700836735,9365.33026918368,9427.32856040816,9611.38524040816,9917.18837102041,9918.05685234694,9656.61674204082,9410.21642204082,9602.48373938776,10042.0914297959,9989.19641979592,9594.62408979592,9272.72630979592,9268.41676479592,9485.63926683674,9582.17531877551,9785.47064285715,9895.02260020408,9875.03910142857,9697.79478357143,9536.16071836735,9963.24664653061,9914.60650008164,9906.08585897959,10101.0438591837,9837.89230051021,9291.50266857143,9457.66164357143,9666.03241632653,9723.98367132653,9932.7598582653,9606.7500877551,9689.69044938775,9594.94708938775,9516.60101091836,9230.23767591837,9069.40898091837,9439.87362336735,9274.34263367347,9366.66795338776,9176.24975032653,9054.63958061224,9029.83167081633,9211.6268077551,9000.23541163265,9118.11636163265,9432.9509872449,9554.75963510204,9544.21520510204,9210.01835510204,9554.00671010204,9469.37895897959,9141.92944795919,9320.89714795919,9436.5863672449,9359.25234673469,9198.50941438775,9161.16068030612,9148.18694897959,9150.64322714286,9655.63191153061,9628.49051683673,9570.21537653061,9501.24820765306,9573.82851836735,9791.28756030613,9313.34935530612,9491.69289979592,9163.58156479592,9441.94494071429,9360.40497928571,9478.30931428571,9694.80347602041,9360.33832867347,9341.13881173469,9313.43060908163,9434.57368306123,9455.52903,9416.45943459184,9441.21814969388,9521.87374693878,9531.29320561224,9334.59404744898,9044.00603622449,10043.0494988776,9717.63029234694,9796.39390530612,9691.613085,9526.58428693878,9540.88729693877,9387.23134489796,9620.56636231633,9563.52958928571,9294.9419532653,9536.66140326531,10034.1358680612,9589.8068272449,9239.58794948979,9279.91754961225,9383.97991540816,9130.13908930612,9462.81899785714,9458.53349759184,9421.3944185102,9603.64673942857,9456.25563897959,9569.66210234694,9481.93957408163,9331.03841816326,9412.43316040817,9588.44075112245,9594.45142126531,9326.0817607551,8978.58416338775,9065.58324561225,8739.98296959183,8993.11150156123,8972.80409591837,9160.16905540816,9731.79243846939,9303.30318030612,9543.05193469388,9498.7361977551,9334.80791816327,9490.48886183674,9538.86677040816,9412.08445173469,9242.73010989796,9110.99754489796,9145.65441489796,9248.35287959184,8966.63505510204,9015.5660427551,9037.46519418367,9038.85469071428,9512.81258,9414.64602459184,9195.00860551021,9295.76562969388,9323.25189581633,9676.13794591837,9394.82097744898,9475.63464183674,9416.99118295918,9571.9501867347,9878.05783040816,9856.30865683673,9302.36299918367,9351.50094785714,9602.91624906123,9694.97063510204,9710.59553785715,9770.81184026531,9403.56368726531,9228.33083726531,9208.55376183673,9030.57285326531,9008.27601326531,8701.23308591837,8886.60657877551,8861.94281255102,9085.44536693877,9224.85660357143,9315.00465112245,9300.76575010204,9332.21278265306,9318.6983744898,9341.63192418367,9347.18179806123,9211.83691020408,9130.75659795919,9068.35400704081,9296.3596055102,9639.49635857143,9643.26492969388,9455.44215857143,9708.94463346939,9769.51167183674,9617.29379132653,9819.88753265306,9790.45400765306,9721.46665295919,9857.03795765306,9704.0174344898,9862.30777744898,9478.39986020408,9436.94525204082,9655.85097653062,9525.42569846939,9573.48934626531,9240.43670779592,9570.51009081633,9764.54379091837,9921.67777908163,9759.22379071429,9286.61650561225,9376.94434897959,9310.91461897959,9535.20210897959,9584.30501,9707.32041295918,9828.7928917347,9569.1109867347,9395.20026673469,9414.36241530612,9476.12474795918,9241.59968795918,9469.09698867347,9403.29689693878,9227.08641418367,9659.67243612245,9518.81259428572,9644.01850357143,9593.54908010204,9521.64697612245,9224.34066183674,9445.23027714286,9543.25489346939,9009.69898326531,9138.92921734694,9021.57901336735,8957.12376734694,9001.72217387755,9073.06738030612,9030.9294205102,9199.50036295918,9351.7456122449,9545.13274326531,9815.22144714286,9461.78466479592,9800.85979867347,9559.535385,9662.49536102041,9741.58570765306,9684.71790636734,9548.2488984898,9748.59968836735,9622.81620622449,9510.67499887755,9324.55871520408,9402.68958132653,9366.52757153061,9267.81362214286,9518.03252775511,9473.44996153061,9502.65840765306,9403.01339581633,9390.63157693878,9540.59258816327,9601.87721816326,9577.23482153062,9253.33093040816,9133.9045172653,9571.4895767347,9254.03551,9343.2668167347,9079.3696622449,8897.4969872449,9109.663235,8957.07283489796,9308.6107277551,9178.32324846939,9370.48588071428,9027.05515530612,9727.13962693877,9291.40868795918,9413.53928806123,9448.64150204081,9469.324385,9605.6303,9721.2210277551,9790.56181734694,9575.19320734694,9661.28225357143,9850.32672010204,9783.76364969388,9834.74029908163,9746.28377418367,9817.57300938775,9681.88552783673,9468.63916567347,9505.50256528572,9763.43370528572,9648.68114110204,9801.31994202041,9792.88217202041,9583.85741734694,9803.85669683673,9717.99822346939,9912.19554744898,9894.75692969388,9803.89548469388,9654.58948969388,9556.69764448979,9520.35573463265,9502.13122060204,9601.5954832551,9591.17368142857,9572.92020622449,9598.51917989796,9692.97794204081,9627.17279785714,9430.90091785714,9185.91897846938,9232.61223867347,9308.86188561225,9663.17970561225,9479.48764091837,9507.72697214285,9498.28165081633,9430.09187959184,9473.6691989796,8988.2875789796,9245.11089540816,9339.21634367347,9365.13185806122,9326.13731130612,8993.28372180612,8956.89311130612,8897.59780969388,8897.39893969388,9067.15624938776,8968.08139938775,9529.17070887755,9536.88789387755,9811.31578551021,9516.78395204082,9480.71763489796,9756.11471163265,9216.70500067347,9234.2817277551,9475.26104693878,9589.73783714285,9542.32263540817,9715.51485040816,10005.3991353061,9777.30241469388,9985.15304969388,9610.95394744898,9645.49894744898,9311.39651428571,9330.56625632653,9832.25997693877,9445.02293816326,9209.32554459183,9319.55151877551,9339.98790693877,9327.94352622449,9258.63701122449,9274.24790612245,9230.87069,9232.85044418367,8814.55058897959,8996.54700306123,9248.95506255102,9587.02236387755,9786.57192030612,9577.25317336735,9362.68677540816,9578.58163459184,9389.66912438775,9426.5269917347,9609.16458142857,9831.62382142857,9434.42163081633,9346.19628081633,9173.73746214286,9199.24932642857,9408.48855642858,10105.8049834694,9807.33123346939,9720.09533846939,9490.53788469388,9543.48728367347,9797.99516604082,9577.00182428572,9469.11221969388,9278.71534908163,9370.64561969388,9574.66599683673,9199.07882877551,9281.88683938775,9163.41062897959,8873.04137867347,8743.01667233673,8734.0283594898,8831.74931591837,9068.97160479592,9030.41774561225,9387.7823405102,9231.17071744898,9604.51143295918,9680.55638142858,9794.71656857143,10095.4127189796,9568.70195163266,9487.0860852449,9612.1537852449,9786.7936472449,9656.75135612245,9756.64920122449,9588.12614479592,9150.39539132653,9339.46583704082,9397.18120836735,9212.1424535102,9540.61181663265,9472.39951040816,9560.76511428572,9826.3506477551,9941.33816071428,9720.58051153061,9512.82737683673,9516.36943530613,9670.26845051021,9579.87606969388,9605.64920122449,9565.64447357143,9178.28981061225,9136.81865479592,9447.19224755102,9348.39457928572,9345.19444469388,9409.28123071429,9883.72053132653,9684.37809816326,9606.46354091837,9667.30820214286,9744.46502489796,9558.68912530612,9594.09613163266,9907.88887204082,9496.99866336735,9592.58560214286,9427.06502908163,9226.85724214285,9252.21036846939,9399.7546972449,9569.34437489796,9417.17078489796,9721.28227632653,9810.29523132653,9622.70956214286,9968.23727040816,9765.05757877551,9591.67911510204,9254.27474510204,9086.35298510204,9192.72107459184,9298.09666765306,9082.78866765306,9138.78165438776,9300.0529855102,9221.19138581632,9633.66265459184,9630.96593142857,9608.50687877551,9575.65532306122,9493.33909244898,9523.55887571429,9687.17917571429,9568.94054642857,9297.30530642858,9262.60357530612,9112.75717367347,9177.64325867347,9183.82302989796,9597.14561714286,9691.85911214285,9763.22344581633,9957.37669781633,10260.6401914694,9750.04412146939,9371.39718144898,9771.02179051021,10067.3848855102,10051.4973738776,10156.9876660204,9765.34562127551,9575.93536540817,9647.03962020408,9817.71266887755,9919.50777938776,9585.33332387755,9551.89976363265,9819.11786316326,9958.46336816327,9774.26261816327,9489.72603061225,9701.36350642857,9546.53724663265,9483.19610142857,9705.14476758163,9285.53794989796,9014.99622387755,8936.16229244898,9083.85760214286,9050.93462469388,9005.1206427551,8977.04996510204,9388.79468306122,9557.93097306122,9468.7458944898,9798.60728265306,9320.16832346939,9533.5101377551,9448.65892775511,9264.7541927551,9419.47402209184,9650.93332959184,9783.59153,9646.89788061225,9541.94928877551,9399.52821877551,9558.32169316327,9712.48298514286,9895.55449306123,9729.89773020408,9324.82642571429,9434.90575683673,9487.78412897959,9505.30016663265,9771.43316530612,9603.64805826531,9424.77288071428,9135.65558948979,9331.43518510205,9474.43567122449,9792.16108295918,9876.97942918367,9451.80503040816,9446.22650540816,9499.27522887755,10132.4130536735,9438.07308581633,9436.62025642857,9315.70242142857,9718.26625357143,9608.36635051021,9740.1125572449,9384.78236030612,9557.92211030612,9386.55091622449,9291.33633571428,9206.93615887755,9527.59871467347,9303.38718367347,9389.38923510204,9246.61189,9639.69625326531,9558.41834061225,9799.79812836734,9855.94912979592,9808.32409714285,9676.71739377551,9612.52946081633,9717.13674234693,9886.8623177551,9594.3901327551,9484.71499316326,9498.79713969388,9959.86303469388,9333.72003367347,9187.80004132653,9415.67159183673,9318.03268357143,9321.4894032653,9529.10650755102,9524.07553469388,9498.88336836735,9284.93477755102,9217.88370091837,9232.40017244898,9105.2149777551,9181.12261357143,8905.11796214286,8867.98050346939,8812.28529622449,8831.00732744898,8860.78207704082,9060.55927836735,8912.0079205102,9383.1984432653,9519.2802994898,9562.0424627551,9680.0506305102,9810.20775551021,9850.2322527551,9420.96433461224,9396.17524479592,9139.35707193878,9585.32280795919,9368.43614959184,9215.9396095102,9282.60512540817,9357.82104561224,9155.24738785714,9168.20434632653,9243.48407836734,9032.62926418367,9104.91231357143,9128.07335214286,8974.51429295918,9515.66480295918,9297.57339591837,9534.47026510204,9587.08184795918,9271.97460693878,9468.71123326531,9840.78002316326,9724.83231020408,9756.33572102041,9506.33020081633,9495.88137295918,9462.6744682653,9430.32669857143,9359.43675969388,9709.98106255102,9427.15292612245,9618.89855663265,9631.09000581632,9377.03021642857,9194.74615755102,9400.49361663265,9483.43284387755,9727.85838530612,9792.97252346939,9514.86614061224,9599.97806734694,9355.16444142857,9717.98099142857,9317.81960122449,9411.10048163265,9191.9220622449,9467.421825,9828.79130816327,9886.84192040816,9754.89736244898,9596.82106673469,9517.32790316326,9348.75668795919,9057.66326704082,9312.77477520408,9299.64271928571,9517.64332255102,9646.72005489796,9850.58722489796,9728.86946928572,9648.47955234694,9663.30080693878,9782.95797204082,9797.3356327551,9761.81733591837,9710.19469755102,9493.95464867347,9365.92326959183,9171.84322367347,9255.9598477551,9457.93351836735,9532.44078408163,9162.73793094898,9309.24132663265,9655.22320918367,9684.08459153061,9657.17422653061,9899.52896632653,9619.44064918367,9596.83138551021,9557.72222857143,9644.58608734694,10027.1142408163,9629.37130581632,9543.68314322449,9370.23653142857,9278.01126428571,9266.57311326531,9342.23114061224,9276.68770367347,9180.54382061224,9283.80985061224,9099.18318489796,9334.41985591837,9518.05046591837,9466.376925,9488.67240438776,9755.73984265306,9706.46634510204,9389.78178510204,9349.58016867347,9822.25883367347,9621.02884551021,9508.09659244898,9537.71819948979,9421.32789061224,9164.58674469388,9303.75893897959,9117.03182316327,9361.64453326531,9325.21893561225,9597.18654285714,9513.94214765306,9494.74897244898,9396.68508561225,9375.0736955102,9343.59420428572,10078.1317855102,9688.31886142858,9719.76453693878,9589.7482122449,9713.21774989796,9900.07233255102,9814.5627339796,9907.43723091837,9517.10071255102,9456.67091265306,9536.37392428571,9101.00283959184,9063.75291959184,9228.29681020408,9216.5375305102,9534.87897693877,9219.74251571429,9248.53411693878,9342.21165846939,9706.34159622449,9383.66305326531,9751.48899591837,9692.68494340817,9693.37520622449,9745.48015902041,9824.88691902041,9863.57400402041,9890.8371272449,9940.88171785714,9765.74809408163,9909.86813806123,9875.26689806123,9648.96488244898,9698.4931155102,9734.00685673469,9660.31733173469,9161.05301816327,8945.37477306122,9111.26226479592,9082.89636602041,9191.61769344898,9272.92701744898,9339.11541744898,9202.06643836735,9140.05592941837,9640.62212503061,9436.54009033674,10031.1302593878,9897.18948959184,10080.8069318367,9845.32941265306,9804.02134428571,9522.12981530612,9344.99766979592,9886.34619979592,9732.06884265306,9657.98597306122,9524.43313540817,9971.11913030612,9548.45848918367,9481.23685918368,9596.77855918368,9739.37468935714,9576.6713155102,9770.94554183673,9705.63915948979,9589.30918612245,9547.11532377551,9663.49221938776,9569.74961020408,9596.66548387755,9392.32949081633,9893.03753306122,10188.9581169388,10156.2714195918,9642.7053127551,10025.4750067347,10001.0333065306,10131.7955739796,9939.45313142857,9632.22356418367,9273.38100877551,9497.19823632653,9301.16351777551,9534.32351459184,9702.42702693877,9491.51976242857,9372.99431897959,9175.99359010204,9749.07301591837,9600.47380142857,9496.51677326531,9511.53921040816,9620.72157265306,9394.91814979592,9110.8334744898,9372.58815204082,9464.61910734694,9559.30070244898,9307.84620102041,9751.38383091837,9419.66153591837,9407.92706459184,9386.75572857143,9178.71235816326,9366.84568591836,9215.27520408163,9072.90022897959,9275.55553,9456.32642530612,9314.98207714285,9293.44124367347,8979.07062693878,9543.08369255102,9850.13453479592,9641.77975265306,9937.28557571429,9515.41477561224,9187.63887283673,9102.50220959184,9475.38383540817,9543.9780805102,9839.57946030612,9325.82872132653,9706.97169653061,9664.12102310204,9734.35230520409,9778.14077020408,9992.21800091837,9588.71939653061,9355.70111693878,9279.22301642857,9122.56986204082,9300.80324781633,9273.58960612245,9383.63867132653,9824.10062132654,9637.24408918368,9555.1786722449,9339.08338204082,9509.68713928571,10127.0530442857,9617.43674963265,9382.54256218367,9675.84529571428,9639.91331102041,9629.46241346939,9352.56922857143,8941.08094755102,9212.9563239796,9668.95497929592,9659.3073655102,9809.7127855102,9666.91455642857,9741.76207255102,9935.72108336735,9902.05338142857,9679.8245190102,9614.71959387755,9605.13867377551,9409.93717857143,9745.2065572449,9741.86130530612,9740.07630530612,9807.60818826531,10077.2448616327,9906.83126989796,9860.31227081633,10037.8064705102,9803.18335632653,9784.28947047959,9581.36826670408,9707.12031537755,9351.1012565,9323.36722966326,9425.47946846939,9640.42596346939,9765.98471438775,9595.47729877551,9452.15614775511,9888.88391530612,9722.71295040816,9778.57460540816,9726.31586370204,10188.821068702,10081.6543046939,9889.96179265307,9607.20454265307,9843.19133265306,9701.65467632653,9467.03198204081,9532.24892591837,9370.00493091837,9019.383925,9499.324075,9505.80298571429,9663.48975714286,9811.0932222449,9730.69482071429,9472.01537602041,9635.5414394898,9328.68696989796,9649.85013479592,9606.40874979592,9713.65699010204,9681.67789112245,9742.23263489796,9286.3400605102,9169.99786683674,9620.04803887755,9526.17857142857,9500.80127142857,9393.17243091837,9678.16031887755,9997.02807918367,9640.38384928571,9548.65024244898,9757.21359244898,9492.36212010204,9563.01874408163,9269.52136653061,9416.61329622449,9550.73201622449,9887.58295428572,9791.13218520408,9509.8452539796,9527.01559785715,9968.69050785714,9770.80954622449,9692.6891917347,9389.26158857143,9279.76912857142,9329.61960612245,9379.86507,9418.03252040816,9711.59654163265,9481.14011163266,9461.05644408163,9814.58113551021,9518.6229105102,9329.11348612245,9514.12827908163,9590.53971255102,9551.00747040816,9423.04731918367,9672.80634612245,9281.54664193878,9402.32242795919,9303.1650817347,9504.49907428572,9212.62659387755,9011.93854928571,8924.83459040817,9094.50619306122,9194.69057489796,9775.52208285714,9759.78654377551,9357.1695744898,9630.39492489796,9641.46203979592,9547.98356428572,9491.31219928571,9377.31800540817,9725.97226846939,9709.97770397959,9620.46520938776,9854.83305928572,9903.93978295918,9968.57231041837,9876.87122285715,9523.35222816326,9764.13987408163,9583.7339272449,9390.39879408163,9644.29231653061,9027.25744653061,9328.2393322449,9186.65428265306,9495.95654846939,9449.63036753061,9442.37914806123,9325.03770265306,9576.49285765306,9494.54131653061,9512.74381653061,9355.1806077551,9199.87331,9047.66631836735,9466.88073102041,10014.2992260204,9679.18102346939,9499.54101938775,9233.65824938775,9549.73775091837,9553.71097908164,10017.7315523469,9728.71359030612,9279.41356510204,9253.23103877551,9187.72603122449,9438.41144132653,9333.25181969387,9718.72244928572,9671.36150209184,9744.16249469388,9788.30141469388,10066.3222789796,10079.4725089796,9895.95796244898,9968.55100265306,9644.50549265306,9236.9197232653,9406.84790316326,9509.69577812245,9267.29408153061,9205.58802959184,9172.12953734694,9144.27817744898,9327.58978744898,9726.99562594898,9725.54349676531,9757.87517979592,9587.24951673469,9437.26661173469,9401.03162122449,9554.47120897959,9989.32365397959,9795.97851397959,9549.09150132653,9416.44438032653,9482.26680867347,9421.46699295919,9997.17413857143,9491.29618357143,9561.74027081633,9649.4822584898,9804.3197794898,9857.8941694898,9785.91347693878,9169.97768438776,9974.68802438775,9643.30784265306,9302.48487387755,9057.00198714286,8995.84609306122,9254.26830061224,9369.30473334694,10010.8484345714,9755.95001632653,9539.39913489796,9658.90839326531,9374.49235734694,9491.12187918367,9330.66150714286,9311.34355908163,9432.6894627551,9288.3981327551,9522.03525357143,9689.73332979592,9473.72140632653,9529.52262295918,9937.47278510204,9208.9617039898,9295.09035969388,9545.87715969388,9300.56003489796,9167.54140902041,9000.76884887755,9343.35140642857,9595.28345081633,9579.73355479592,9823.35347204082,9564.89787469388,9366.11413367347,9142.79159897959,9504.05218367347,9229.2627122449,9316.5226132653,9094.51011142857,9145.35275091837,9389.90417091837,9402.56052612245,9448.91809714286,9444.64438795918,9428.09804642857,9903.16893795918,10050.0367729592,10483.8860395918,10380.1508096939,10292.6013796939,10089.7290646939,9780.10940928571,9968.78726632653,9791.51416214286,9901.6689105102,9861.1809072449,9632.09218102041,9830.63752591836,9510.13677561224,9594.49210153061,9571.86270714286,9399.91614010204,9543.10516010204,9655.42028030612,10052.5335845918,10001.4952591837,9639.93272234694,9600.36685642857,9465.81785483674,9229.80640163265,9492.73453663265,9410.18607479592,9594.38192153061,9359.65141510204,9394.6594727551,9656.43647959184,9785.78744285714,9703.05800061225,10006.1626102041,9851.94348367347,9866.73525673469,10196.3958209184,9912.88721846939,9799.66396010204,9349.52705714286,9652.90916020408,9709.9444722449,9463.92595846939,9609.03617857143,9560.39269285714,9755.09001020408,9424.93731948979,9634.57093061224,9629.24619397959,9609.32599918367,9388.93537938775,9098.15863946938,9008.35042591837,9371.82485316327,9239.07186816326,9816.95809081633,9296.46136714285,9099.93321295918,9404.73812336735,9569.6215567347,9349.5382567347,9383.35617816327,9469.14655132653,9529.39980653061,9413.05053520408,9311.53752918368,9707.7295394898,9983.74450030612,9753.97510244898,9783.51286765306,9774.29272153061,9869.30941316326,9789.38574591837,9901.57477428571,9260.89254408163,9070.9118722449,9347.73682632653,9738.58480673469,9971.36620673469,9997.82029755102,9887.16220438776,9661.18081881633,9650.56692193878,9895.36853905102,9926.24302946939,9961.51170673469,9590.78923020408,9511.76976265306,9912.79199,9815.96997908163,9733.01209571429,9739.97377816327,9851.27339112245,9943.61082714286,9380.74367540816,9488.51531979592,9738.57785020408,9780.02168816327,10070.2027876531,9526.43998877551,9972.79755755102,9940.47444,9631.9643755102,9689.1532405102,10098.8837469388,10023.9978316327,9636.98044887755,9558.37218387755,9616.48350602041,9695.0861494898,9328.30062989796,9763.61889346939,10012.1099508163,9651.02583046939,9928.98152530612,9987.90109020409,9882.58274459184,10247.8070242857,9947.74831428571,9851.48123387755,9453.53259357143,9729.86326520408,9751.58295408164,9658.22540867347,9553.4750594898,9563.39354019388,9824.75414214286,9580.87373295918,9574.65254224489,9274.93080591836,9457.9242422449,9555.65986142857,9874.94236142857,9683.84701142857,9817.85044816327,9660.38541336734,9668.86034520408,9930.22339520408,9632.91445061224,9525.89317571429,9664.08302112245,9596.58812091837,9391.89982520408,9490.60481469388,9115.63365469388,9324.5813022449,9339.19617857143,9344.46866857143,9602.90531234694,9373.91703744898,9410.24890693877,9359.9500117347,9323.79311673469,9070.75297367347,9034.17419173469,9598.87284163265,9613.64819112245,9214.95815265306,9220.50354510204,9247.45413163265,8987.75299336735,9222.88133479592,9252.94033795918,9573.15114489796,9687.20019489796,9541.46417479592,9680.85902316326,9561.90990734694,9282.70647908163,9243.67614908163,9511.28642428571,9310.76542306123,9282.33888734694,9347.26763204081,9647.3640682653,9705.46144132653,9707.52234632653,9715.72875714286,9802.02807142857,9467.71962142857,9820.54661346939,9525.2842575,9973.53124933673,9490.52809484694,9488.60772530612,9419.25459877551,9502.06628758163,9599.9308877551,9829.62103673469,9875.64303877551,9795.95166428571,9562.35229204082,9270.96236142857,9327.13774581633,9269.90473469388,8928.57028397959,8963.18252897959,9378.18853969388,9656.94643428572,9816.60994295919,9295.31810204082,9308.87746316327,9235.66497214285,9515.83417622449,9438.75534122449,9513.233142,9490.11702020408,9180.00107887755,9307.08785234694,9371.97139846939,9584.45175408163,9789.87693897959,10066.4899129592,9584.96198295918,9373.77595545918,9449.82830795918,9258.73410795919,9293.53491795918,9655.70469795918,9606.73392795919,9547.32586285714,9478.82754551021,9941.59199714286,9439.30189795918,9197.02814377551,9605.97186882653,9764.7817282653,9662.68294581633,9772.03729958163,9512.13835978571,9849.21232091837,9681.1233294898,9888.68518540817,9814.67693571429,9517.9572155102,9803.30469742857,9876.03965693877,9822.80464744898,10061.8205810204,10031.1599981633,9792.91657632653,9513.39747306122,9710.75353806122,9505.19543306122,9483.44988357143,9599.33273704081,9711.64965887755,9589.06216887755,9677.47047561224,9769.83821867347,9421.38803163265,9358.75934387755,9315.24650816326,9402.91504010204,9219.92275367347,9115.45007551021,9166.36702020408,9348.65285408163,9195.59649020408,9486.84281836735,9371.99266336735,9165.09017632653,9206.39681887755,8989.38668102041,9066.85761434694,9347.8694922449,9479.72633,9596.827195,9403.44789897959,9444.60556418367,9561.47391265306,9400.61995510204,9332.19862734694,9358.48929683674,9267.0913282653,9346.37933457143,9385.96205428572,9533.44201428572,9680.95573132653,9387.79299846939,9300.57114663265,8959.04799571429,8945.5719115102,9404.88621418368,9447.02771846939,9594.33075989796,9745.24701989796,9576.07977112245,9330.20764612245,9531.73521362245,9638.72096443877,9671.81338510204,9128.30511081633,9371.66901081632,9942.98142081633,9847.85190581633,9676.55469897959,9407.73391020408,9423.00428540817,9306.09187040816,9348.82644571429,9068.61175061225,9230.94549295918,9188.05452540816,9275.70621510204,9343.43589122449,9664.1755017347,9483.55309010204,9435.0229294898,9466.66566051021,9484.99381510204,9435.09495530612,9785.47032071428,9918.98429734694,9188.75485071429,8967.9354782653,9366.60783795919,9345.48533775511,9206.83648479592,9158.58571316327,8970.49926316327,9169.40236133673,9297.79413561224,9298.70285520408,9088.69063663265,8929.92778969388,9144.49585693878,9295.37361489796,9176.87302581633,9104.0517942449,9213.21531653061,9263.06284112245,9437.8159227551,9477.92571897959,9778.71548530612,9638.79884642857,9680.23336959184,9825.40522489796,9193.1649867347,9416.70390306123,9252.65494489796,9552.30971673469,9751.70986326531,9745.66281010204,9890.10359489796,9801.6874477551,9816.7194027551,9871.46541010204,9835.62750887756,9507.58791193877,9418.04530191837,9398.54989857143,9113.6548622449,9426.29466091837,9319.24258316326,9368.55500204082,9277.18228857142,9722.81080612245,9362.18563357143,9266.68136122449,9353.64755112245,9162.38420755102,9094.14593153061,9233.96862959183,8711.13707040816,8996.91350918368,8790.15936734694,9015.47977602041,8964.54996106122,9231.27046653061,9158.82863653061,9261.13745612245,9511.79041520408,9763.97695765306,9328.04129755102,9363.76909969388,9650.43883469388,9386.23995836735,9513.91444081633,9750.46072142857,9669.1597567347,10069.8188616327,9836.39300285714,9610.58871704082,9594.71526122449,9347.04633653062,9359.53975836735,9521.73516091837,9515.42040836734,9260.13649663266,9277.66621020408,9443.79033520408,9718.34726632653,9732.59904081633,9698.38472285714,9751.48742693878,9914.53886138775,9648.27150540816,9717.97715785715,9378.92028285714,9291.24163061224,9518.62249969387,9304.47164846939,9317.29166214286,9289.04365234694,9543.55259,9939.31775469388,9578.93861653061,9460.47526887755,9518.2609255102,9648.26394591836,9416.62308595919,9448.27981295918,9639.91278387755,9316.5584389796,9560.22838826531,9769.23392846939,9369.1516527551,9340.28264069388,9359.84225316326,9406.96121653061,9644.07350397959,9569.17550040817,9683.62342408164,9549.39618581633,9811.76279816326,9496.11322504082,9828.24830204082,9764.94453357143,9743.14818959184,9957.58983979592,9730.40205806122,9735.08668959184,9685.58826632653,9915.23617806122,9897.54798653061,9897.34041061224,9496.13925877551,9652.06949897959,9684.91032571429,9184.98357632653,9488.91656885714,9765.634345,9661.11341479592,9646.57981785714,9665.5489219898,9847.14573663265,9995.42952959184,9761.85224591837,9591.23333653061,9773.49621714286,9884.50347367347,9579.88704010204,9859.31148179592,9817.82691469388,9644.95452448979,9581.29798571429,9515.75721459183,9874.3027694898,9758.68105857143,9875.28083190816,9838.67920020408,9995.96346081633,10111.5131679592,9998.07022938776,9764.96939959184,9767.18926755102,9525.94379040816,9388.69051714286,9283.76780269388,9645.32300673469,9606.53370902041,9462.29553408163,9514.12724061224,9255.67127204082,9523.83366229592,10008.1755230612,9860.00582591837,9874.61526755102,10222.2851115306,9806.27519469388,9630.49097540816,9672.57648265306,9674.45647112245,9682.65371214286,9438.22350744898,9887.62236928572,9509.97662846939,9667.22143346939,9828.0352827551,9515.24199377551,9739.24428081633,9333.88819806122,9135.53196632653,9016.20364357143,9133.25141622449,9469.82175612245,9277.27281612245,9525.77090142857,9558.06475571429,9848.99671428571,10059.4799414286,10126.7359326531,10093.0225296939,10331.6947468367,10086.3483344898,9793.91999571429,10109.9759261224,9934.32136153061,9997.94659918368,9799.24091908163,9755.05645408163,9602.08308193878,9795.7452705102,9567.68161183673,9633.32701628572,9383.24967885714,9455.88274806122,9210.96172,8965.65598530612,9192.80497744898,9577.32251163265,9588.33153653061,9347.13950102041,9449.34884612245,9696.33791571429,9770.01912581632,9198.88137061225,9222.18205561224,9097.40985255102,9224.42539418367,9328.24679632653,9327.52975612245,9515.9601532653,9493.18777653061,9460.00179530612,9562.46169530612,9496.22124469387,9460.28399367347,9494.39062040816,9652.94080755102,9710.59984979592,9573.98537479592,9652.61758836735,9307.97823755102,9258.54695255102,9311.19394081633,9371.19521142857,9585.71685642857,9495.96270530612,9652.95769489796,9481.00077142857,9544.30255102041,9769.30120612245,9617.18851938776,9365.78847285714,9289.62932602041,9580.15700336735,9393.857675,9462.04536112245,9551.26589051021,9682.56393979592,9639.55772836735,9634.13333887755,9822.00137142857,9775.33850918367,9879.76450479592,9708.83775959184,9786.26764459184,9746.93162765306,9503.8830205102,9700.64448612245,9476.27474173469,9253.32200612245,9484.77690612245,9745.15705816327,9911.18394081633,9738.98931326531,9927.10430448979,9872.62622428572,9581.1855332653,9658.34614387755,9760.7225905102,9569.29419285714,9582.69944285715,10083.3937282653,10149.5030011224,9885.95124,9719.74971632653,9346.46523265306,9742.91784010204,9671.16888910204,9412.75598938776,9271.78598438776,9087.61258469388,8878.21834959184,9106.53225540817,9099.96266612245,9468.75374806123,9793.44621234694,9818.66815918368,9692.05720718367,9743.20420744898,9811.37314744898,9768.290385,9598.83168734694,9465.43590571428,9488.309815,9552.32357,9804.90697122449,9507.0018824898,9179.8761174898,9339.54470530612,9104.95264061224,9187.15697693878,8997.37245448979,9051.31993959184,9189.04981489796,9299.588905,9396.41341013265,9557.54911163265,9337.88122632653,9406.98781632653,8998.2801989796,8889.28580612245,9147.76233020408,9475.1636,9441.51304969388,9437.55116040816,9577.70854908163,9537.23139704082,9287.68061265306,9799.98956040816,9863.66892489796,9972.57137306122,9951.93497306122,9740.62086244898,9997.96800448979,9728.76183214286,9814.83364928572,9478.81290102041,9445.66197245918,9412.53737895918,9367.53620571429,9330.79061755102,9063.14297326531,9475.08981469388,9245.4897155102,9294.97057571429,9304.15099540816,9349.32277734694,9182.25245112245,9200.84042551021,9393.32881316327,9562.5674297551,10017.3047834694,10062.2124007143,10100.232835102,9954.18864142857,9869.13421642857,9874.02174581632,9712.51876377551,9249.79475081633,9494.06852102041,9568.70996816327,9845.22986653062,9457.01926653061,9587.7650477551,9195.7384977551,9229.55030306123,9068.44742265306,9692.317255,9409.13568428571,9622.57212010204,9438.93548408164,9364.35776795919,9165.70484387756,9296.4434794898,9355.32597979592,9029.87021479592,9156.05673112245,9384.31172918368,9434.13455663266,9336.62885367347,9396.74647887755,9599.88278857143,9438.41060714286,9317.1815244898,9151.31163163265,9190.60167183673,9641.18372142857,9227.74127040816,9003.81586469388,9082.68380714286,9023.26047714286,9463.80465214286,9383.84224489796,9272.43162928571,9334.38750561224,9343.52632408163,9692.32946,9303.53420887755,9069.14411561224,9046.87767673469,9191.05162755102,9095.18300704081,9387.69459204081,9111.42517845918,9019.53101936735,9159.03935867347,9057.58805959184,9131.3945694898,9261.49612040816,9310.83891071429,9084.11244071429,9016.79515295918,8952.64312551021,8984.06303309184,9244.76871163265,8897.91166571429,9607.29838408163,9431.26969928572,9551.72192295918,9532.25979979592,9514.41730397959,9164.78530969388,9161.22270826531,9391.7110382653,9166.1558644898,9337.48928632653,9260.46523632653,9681.46701795918,9340.48699887755,9256.76005938776,9091.60138061224,9459.70659520408,9496.15057653061,9528.55955530612,9625.71047454082,9802.08562204081,9622.19959142857,9756.96107193877,9522.3304755102,9710.53642387755,9796.32775204082,9781.41094244898,9545.86949510204,9605.53251616326,10390.3803461633,9715.99795979592,9726.12126377551,9704.57024193877,9661.18294693877,9521.41181561224,9694.05025418367,9273.54907438775,9140.95039408163,9272.58618338776,8981.98173314286,9058.80352571429,9192.07716265306,9161.08755867347,9344.60293913265,9122.01028469388,9512.43773020408,9629.31370326531,9258.15168469388,9330.93610336735,9238.17992928572,9376.99725183673,9402.56100285714,9335.48409479592,9244.33624540817,9387.23060663265,9317.15259877551,9488.89439989796,9314.34481285714,9468.33036663266,9452.80874489796,9599.12437040816,9873.1828894898,9908.28641571428,9805.22400071428,9952.31010612245,9796.62855846939,10258.3834972449,9756.43011020408,9334.52610727551,9333.69010367347,9188.29507795919,9100.25756306122,8898.03049918367,9225.8553227551,9330.35446081633,9156.08480857143,9397.56017857143,9395.54691285714,9316.28307979592,9340.34493979592,9649.14274989796,9639.58937765306,9733.66222418367,9685.0199277551,9818.11391530612,9922.23914540816,9944.09584459184,10056.0941884694,9846.59551826531,9394.82113959184,9458.31603316327,9389.64796,9247.84748204082,9317.85516897959,9519.49544653061,9404.90454183674,9670.69534591837,9730.5460722449,9869.42609153061,9830.3033605102,9521.22342489796,9482.8656744898,9539.39584214285,10023.668190102,9916.79910279592,9905.44295846939,10032.8705791837,9598.57418173469,9522.28878673469,9472.87374295918,9390.23527168367,9466.59463622449,9769.98113265306,9692.86230571429,9596.58891612244,9776.98518918367,9729.81375091837,9430.38416918367,9678.69072204082,9466.84516153061,9436.84283234694,9906.43863877551,9699.96397469388,9737.23262969388,9686.06511469388,9532.26438515306,9678.50731030612,9662.07967346939,9648.92593316326,9581.14646795918,9791.29936295919,9782.56997867347,9528.53592397959,9321.8587572449,9089.43729908163,9092.13078030612,9123.8865605102,9416.53603142857,9614.32927489796,9245.91902918367,9082.59427316326,9208.81960040816,8830.29749622449,8763.13920857143,8873.78937244898,9149.60728979592,9494.87427755102,9306.14814685714,9303.47424685714,9286.39953,9208.46204653061,9489.82474346939,9419.11195846939,9380.90143061225,9340.08841795918,9365.54201795919,9235.95146540816,9093.40315204081,9106.22781612245,9078.52720622449,9150.7708822449,9076.48354122449,9345.46875122449,9491.35252295918,9098.65217459184,9082.88743836735,8952.91812040816,9325.82373040816,9516.07836836735,9120.50161885714,9169.85844497959,9116.62700183674,9225.47255183673,9399.56853397959,9256.60133755102,9168.31151571428,9248.11253918367,9135.21316193878,9212.81969693878,9215.56940693878,9417.21040193878,9361.40594795918,9212.22560887755,9198.33555887755,9102.80648387755,9541.18797814286,9518.96956640816,9758.79194273469,9363.56536255102,9622.03436404081,9624.51360622449,9251.45854081633,9157.50137591837,9055.16798591837,9122.98548989796,8677.53911265306,8906.41299265306,9340.81113,9407.40162091837,9605.45977887755,9642.18155877551,9430.49615530612,9580.59046357143,9332.3766544898,9544.77205489796,9660.79779918368,9671.90661010204,9560.78153204082,9537.56205387755,9171.97580591837,9261.8440667551,9288.4893767551,9491.19454938775,9358.87475755102,9477.0502527551,9073.1858327551,9096.2031227551,9363.25695489795,9447.59552479592,9708.90992867347,9821.26215806122,9600.03046265306,9708.92841571428,9872.1763522449,9835.67980877551,9736.91783377551,9556.42129520408,9569.0260185102,9291.76133729591,8994.50214596939,9557.35312632653,9559.02193857143,9474.89274938775,9263.43212857143,9136.80847244898,9427.24821744898,9705.10093530612,9474.92531836735,9683.24961734694,9564.7694622449,9708.03670877551,9268.01864612245,9127.64842989796,9214.56211795919,9399.35048704082,9463.47277887755,9574.85524989796,9341.48356989796,9512.66251996939,9419.15351252041,9489.21184537755,9514.58511047959,9766.15940459184,9749.56872051021,9720.43142959184,9654.52318938776,9479.88330673469,9768.05756863265,9794.00074510204,9485.31233510204,9229.18695510204,9517.60325081632,9373.45267438776,9116.45651938775,9184.65392102041,9316.9572255102,9293.85806357143,9610.94364510204,9566.58717969387,9824.86548327551,9414.63738526531,9414.00683734694,9366.34564438775,9700.12956663265,9844.70650591837,9290.93525510204,9325.30505204082,9061.55382336735,9283.40644816327,9241.38555479592,9429.81456918367,9308.10412265306,9552.34517826531,9705.70584836735,9789.73998459184,9707.88637959184,9711.54419938775,9829.12939714286,9522.66741214286,9645.92723214286,9597.17290081633,9393.29191714286,9610.0188072449,9595.87456806122,9463.31333991836,9353.56496510204,9407.72166142857,9797.16102806123,9368.02010948979,9374.52546020408,9605.4202427551,9664.81436520408,9418.19131816327,9654.61806561225,9547.82522,9668.48647183673,9610.55681122449,9308.60162173469,9723.12951265306,9358.06979459184,9488.48733306122,9431.02141701021,9669.03301632653,9388.45158336735,9526.69014693878,9570.15369734694,9583.63004734694,9252.60016418367,9477.66938020408,9239.75272857143,9484.76606316327,9605.52683367347,9775.45514806122,9637.00016908164,9794.72573571428,9548.99289040816,9444.91391153062,9473.88719377551,9462.33443122449,9576.54251632653,9706.21025632653,9529.98884040816,9451.64170346939,9271.03851020408,9424.88555265306,9201.99415806123,9298.48719306122,9235.92677571428,9304.67414571428,9251.65548683673,9450.4099677551,9648.3230877551,9622.76148326531,9420.15810897959,9432.11641642857,9548.32874683674,9452.73565408163,9440.16125632653,9707.3214455102,9725.0870555102,9120.50424040816,9364.05811989796,9843.75774765306,9925.8977642551,9609.66716765306,9535.8502594898,9404.17107479592,9522.06688673469,9862.29212663265,9871.81809157143,9842.94105642857,9628.3025072449,9562.5158072449,9507.52645928571,9663.56836428571,9618.70247928572,9804.08924642857,9263.73152214286,9644.68649428571,9306.72076765306,9403.2732277551,9285.37053061225,9206.15769163265,9198.92924255102,9411.0900927551,9353.10086530612,9370.43588530612,9177.56372612245,9570.15816367347,9174.93465367347,9121.81251571429,9100.05362285714,9499.60611795919,9362.2145972449,9159.39142459184,9276.79382571429,9364.38052142857,9927.59727306122,9777.93487653061,9978.4327755102,10228.7225020408,9980.11472571428,10048.4557342857,10217.1788812245,9999.85277622449,9700.80523122449,9771.81124122449,9601.72507908163,9664.12793969388,9351.45725387755,9392.58010163266,9107.74373795919,9127.39419867347,9646.33566183673,9817.43642336734,9744.17109,9385.01533061224,9694.69297153061,9808.25777816326,9670.03825571428,9753.59350836735,9851.25756622449,9486.10633367347,9578.69410571428,9736.46517877551,9490.40632418367,9415.47246040817,9506.68481632653,9381.68240244898,9466.82838469388,9565.10547020408,9731.00165969388,9600.61454387755,9626.35023469388,9191.81968438776,9084.38572520408,9198.58098020408,9421.76974357143,9422.945795,9462.36897326531,9703.15757459184,9532.01268071429,9738.98105469388,9621.47156102041,9808.99850540816,9744.29286102041,9935.8910255102,9903.59145489796,9665.45429122449,9966.9795667347,9781.39746,9922.35998142857,9787.2203677551,9798.16489887755,9851.13474530612,9562.89777030612,9632.07970530612,10036.7471338775,10158.6548969388,10311.3972490816,10035.2129957143,9739.49024342857,9646.54777469388,9450.1720505102,9976.05774102041,9463.57693969388,9342.41109397959,9433.29602765306,9373.0216410204,9351.07405591837,9505.06116591837,9426.69346081633,9631.71886632653,9145.03583132653,9326.20266632653,9205.55449959184,9074.6892355102,9209.49820867347,9091.16906295918,9313.89101928571,9551.83100083674,9510.1782255102,9274.52369132653,9282.50082122449,9562.0242577551,9580.09487551021,9522.86853857143,9825.56986377551,9697.11589153062,9556.09955061224,9786.52415918368,9556.41429428572,9477.38509387755,9462.21812938775,9452.28253755102,9745.2049972449,9340.40685744898,9355.31193142857,9520.39976122449,9454.06557622449,9443.88539061225,9239.92317561224,9374.41170377551,9251.75488612245,9150.48542979592,9034.73237193877,8826.1418922449,9264.06625112245,9051.13610377551,9120.69386051021,9233.27061295918,9377.68431908163,9235.54145591837,9335.67012057143,9515.65984448979,9195.65352193878,9509.64061153061,9367.37181132653,9387.97975591837,9651.63873806123,10189.6443,9598.95504918367,9828.06517122449,9609.11522183673,9371.26965040817,9883.57107040816,9325.24888540816,9598.84054893877,9479.91201469388,9519.31541877551,9459.04557377551,9467.87166479592,9156.87495969388,9332.26405097959,9530.37853040816,9313.0073655102,9450.01617794898,9456.05204937755,9576.02742121429,9415.93181325511,9469.00046653061,9643.44803865306,9618.1518127551,10010.4868285714,10000.2986459184,9627.58480173469,9550.21245204082,9367.39431826531,9305.0760105102,9729.42129336735,9639.0303327551,9824.0245877551,9687.95879836734,9677.61646867347,9628.74434704082,9730.97196295918,9543.30099183674,9561.07735326531,9462.18532765306,9409.22370591837,9361.84310112245,9730.62901361225,9600.2684824898,9323.5179457551,9523.5444427551,9481.29556928571,9134.57950928572,9160.83886795918,9242.0450755102,9197.09151979592,9569.03778673469,9550.74792142857,9553.82346826531,9894.81116928571,9984.91083367347,9748.90640520408,9304.17198551021,9362.12560438776,9255.82227204082,9165.2603822449,9500.12229938776,9559.59220204082,9073.95133857143,9009.77099387755,9430.34089673469,9669.57688673469,9569.60362755102,9707.94320816326,10196.8094581633,9949.5917994898,9891.81802867347,9774.54150183674,9533.72369928571,9400.59410571429,9389.17588061225,9576.94326285714,9254.68823214286,8998.07462918367,9330.15553418367,9196.36259581632,9350.36034020408,9831.46895183673,9677.40710112245,9414.61566020408,9411.34381950001,9836.55782122449,9736.53529122449,9984.48126510204,9961.59448877551,9760.062222,9563.07718887755,9186.73149357143,9635.76004938775,9629.33442959184,10327.4110232653,9920.08474836735,9781.11509244898,9714.76431683673,9708.12772540816,9585.21448081633,9691.32683489796,9739.69590306122,9680.56841428572,9696.88141428571,9674.17948928571,9708.58648816327,9769.74889316327,9978.5058377551,9441.9305989796,9898.23119918367,9780.38055387755,9835.46305540817,9866.03587612245,9630.28293673469,9670.2707627551,10025.61272,9843.50686887755,9320.69345918368,9448.87864142857,9373.71105489796,9604.72906040816,9405.85521326531,9441.75031469388,9345.38708836735,9186.91852040816,9382.87780775511,9250.63183612245,9534.12740612245,9703.13325928571,9981.76484565306,9798.52507581633,9479.25608918367,9904.19223693878,9233.16233710204,9494.24678857143,9621.78184265306,10225.5331570408,9679.68481826531,9371.24236438776,9739.79366061224,9758.58183265306,9486.31866397959,9504.14589540816,9211.18118132653,9105.46354959183,9212.7408144898,9173.26826408163,9194.05394502041,9448.22771959184,9479.63698171429,9612.50155195511,9699.33740173469,9416.66834785714,9600.98998357143,9583.19301132653,9608.74678244898,9474.18952989796,9149.83861734694,9243.46596122449,9582.93403061225,9373.61979204081,9400.00075816326,9277.71800423469,9201.16515714286,9338.63886581633,9306.25553693877,9282.36838336735,8888.09725336735,8759.77049836735,9344.60853244898,9543.025545,9650.89222346939,9482.3242639796,9445.25414673469,9287.01221540816,9195.56403755102,9122.82625867347,9110.70344846939,9042.63862653061,9282.75989622449,8829.03964533674,9444.68306132653,9454.18000602041,9174.11582612245,9555.67186612245,9813.90998826531,9776.60348877551,9560.49561010204,9598.136415,9685.13564795919,9450.57140653061,9633.33357142857,9187.85561489796,9181.29860204082,9536.59627959184,9178.63821663265,9104.24965091837,9137.89135132653,9220.07269244898,9123.09491806122,9436.85790561225,9597.06844561224,9701.53743571429,9529.38817571428,9488.85072785715,9342.18929112245,9574.71097316326,9786.11366816327,9800.28978071429,9599.78110612245,9736.26545,9661.63859387755,9693.65755153062,9742.57572387755,9641.06236887755,9761.73371040816,9554.22278622449,9514.55034234694,9541.28232163265,9555.24600530613,9285.12825530612,9162.7333372449,8916.33486255102,9133.91396,9367.98394704082,9526.67208989796,9755.40030071429,9422.69580816326,9738.49209153061,9814.35254704081,9973.98803071428,9815.25508663265,9772.04468959184,9276.58496030612,9648.05318030612,9511.44082204082,9465.84418755102,9553.18365969388,9758.68880418367,9510.61135744898,9414.0539105102,9638.78077591837,9787.4155727551,9813.21500204082,10133.7012,9842.49852673469,9824.99790494898,9751.28666969388,9362.24611663265,9396.90039877551,9304.10212520408,9590.0856722449,9373.15536510204,9473.70175510204,9272.24158397959,9227.93555010204,9502.0494627551,9559.32168010204,9341.01964510204,9471.80241010204,9199.21844612245,9150.5254177551,9256.47513918367,9318.736895,9430.35456959184,9681.49579936735,9780.6338227347,10110.7867769388,10171.5605483673,9795.20158295918,9677.20068704082,9845.01390836735,9423.58068204082,9315.83690204082,9527.57466877551,9492.94071673469,9399.69308061225,9626.06845622449,9378.04262122449,9630.83182714286,9537.55844255102,9783.57244857143,9843.57763387756,9473.55671020408,9418.22317081632,9340.79507432654,9463.05901642857,9288.32963459184,9336.78510244898,9322.96018908163,9252.79600010204,9092.88641061225,9012.40476857143,9087.4670777551,9036.8930072449,9180.36014867346,9474.75468479592,9665.7039217347,9488.68949867347,9483.95973714286,9144.31614428571,9014.36761755102,9988.77599346939,10036.0048956122,9744.13172979592,9798.14145469388,9741.44372489796,9732.36705,9749.18031071429,9751.91120744898,9800.99582082653,9626.76463469387,9791.24802040816,9987.98035663265,9646.39937295919,9712.42584081633,9795.06090418367,9725.72105346939,9805.89075959183,9589.19098744898,9378.47271744898,9512.98839244898,9434.60419178572,9359.34911602041,9635.13220102041,9914.90257663266,9650.18922489796,9342.84463253061,9272.86257846939,9370.92467183674,9194.9058682551,9375.4828627551,9260.54554214286,9230.97648540817,9506.51459469388,9520.3327177551,9820.75005428571,9576.76607346939,9685.17734132653,9545.90387551021,9603.21451742857,9989.01082742857,9903.45663438775,9662.35745091837,9469.12810010204,9535.30589785714,9351.10191183674,9696.13600306123,9534.9564244898,9503.42684387755,9169.97794438775,9420.94917377551,9488.23274755102,9401.36245408163,9234.15229387755,9342.59934887755,9489.60095591836,9587.97997285715,9553.42434612245,9838.75781653061,9774.67691653061,10056.9024045918,9652.56070785714,9922.99233816327,9634.16904734694,9506.59565193878,9828.91172893877,9780.22523969387,9805.74537469388,10109.0317470408,9653.58927510204,9692.29520714286,9413.13371438776,9678.90550683674,9587.7641247551,9503.6031957551,9578.7331627551,9712.75879163265,9928.70199387755,9662.35986020408,9403.0257277551,9674.37321632653,9701.12376867347,9638.61607346939,9446.40523397959,9508.2449877551,9169.46494622449,9389.69154693877,9366.2755867347,9456.16005510204,9343.79931112245,9283.48329326531,9580.98951530612,9884.98276142857,9731.70713602041,9590.78604653061,9503.29355142857,9187.29224693877,9035.37658714286,8952.97966959183,9032.95741959184,9500.02611571429,9628.88484867347,9397.74363765306,9727.51269663265,10007.033134898,9854.11563489796,9749.70418989796,9784.6488655102,9667.7664205102,9889.12745387755,10038.3058272449,9825.23030142857,9448.93272938775,9640.86463928572,9349.18272785715,9531.19930612245,8947.4706444898,9044.25902034694,9182.36152336735,9086.32938061225,9316.22415918367,9758.0606594898,9962.92254989796,9498.91447714286,9366.29751214286,9709.06999795918,10084.6581312245,9507.02263622449,9631.76336102041,9741.68340408163,9557.33439193878,9381.72897785714,9466.11816234694,9310.6071555102,9639.3540322449,9588.40271418368,9245.09773367347,9484.14675979592,9981.08544438776,9857.60516008164,9592.68896908164,9543.65449510204,9547.38871530612,9360.50600265306,9535.62764122449,9604.30839265306,9915.33188787755,9785.88120704081,9675.1961944898,9330.77464518367,9254.43672040816,9600.63495561225,10000.9538232653,9571.29511326531,9766.33853448979,9599.59770612245,9521.30343469387,9593.24960714286,9266.50819734694,9222.78450520408,9240.18239785714,9460.82998887755,9616.16183408163,9598.27276183673,9444.5468622449,9581.00271255102,9800.30252918367,9675.3964355102,9853.31391938776,9842.85494214286,9493.04992367347,9311.53555091837,9861.93870714286,9121.26682408163,9737.17092510204,9455.11538571429,9285.34361734694,9527.03226234694,9474.38938214286,9338.5293327551,9545.53010969388,9687.3139372449,9643.2281022449,9594.54775408163,9160.94455744898,9279.70220581633,9419.2881472449,9339.04465367347,9499.76315887755,9573.37783908163,9384.35604112245,9423.91298040816,9511.76779163265,9582.24940071429,9504.4087,9633.19329285714,9614.69810612245,9894.52720914285,9792.59272377551,9594.78739979592,9572.05088602041,9550.07885,9745.38153693877,9686.72856591837,9623.51343469388,9714.58033367347,9720.42058367347,9824.88496602041,10350.9049623469,9669.59975163265,9807.19018846939,10139.7903346939,9843.9751594898,9674.39349051021,9711.12055081632,9577.23197948979,9781.48815887755,9639.9183760204,9357.78596867347,9414.82942867347,10021.5517476531,9490.53366836734,9639.25765918367,9480.94141734694,9415.67173979592,9633.43684244898,9914.49957628571,9609.80957428572,9929.84206469388,9324.45698214286,9845.99679015306,9502.12890408163,9679.98353387755,9453.96518877551,9811.6241622449,9710.85282142857,9491.00917193877,9414.75505693878,9577.31005693878,9282.0166622449,9503.78129285714,9686.77350931632,9628.63653887755,9334.50357465306,8937.73501071428,8905.0385155102,8854.14255959184,9216.74811408163,9564.96578714286,9472.01424164286,9386.74840257143,9315.27062244898,9925.62509061225,9738.27089418367,9476.39135295918,9258.05188428571,9143.64923244898,9257.50970804081,9140.90235977551,9226.75097547959,9266.34395397959,9107.65600908163,9181.78371693878,9025.27704,9142.29134357143,9053.23095408163,8898.43779683673,9235.98846673469,8986.58679193877,9556.27854632653,9482.71623408163,9652.72202673469,9290.69508010204,9180.43084353061,9415.75710530612,9289.29138295918,9434.26977459184,9495.60520867347,9473.94838683674,9827.06695183674,9719.56597683673,9457.03035234694,9990.80752153062,9753.84472959184,9483.33910846938,9314.79436224489,9498.35821346939,9578.45570102041,9476.37141122449,9553.30729285714,9736.88433469388,9672.17193622449,9730.06877102041,9519.76511510204,9466.27149132653,9824.42978632653,9634.71416816327,9569.86577908163,9447.87904479592,9415.58861938775,9546.3671889796,9653.31442928572,9854.0696517347,9954.76607265306,10088.8497291837,10211.7129546939,9820.5236105102,9671.75126755102,9744.63375571429,9553.38921520408,9615.41974744898,9514.78455285714,9661.86167132653,9841.29641,9608.00685000001,9536.58930295918,9556.33571091837,9101.46763663265,9552.30021010204,9172.39661428572,9321.22825167347,9749.07867157142,9344.20572632653,9488.05493581632,9612.03368030612,10084.8742508163,10027.5684467347,9573.18897173469,9423.17546244898,9634.72033683673,9263.45701546939,9474.20382546939,9497.84009363265,9622.13292071428,9549.97922846939,9721.73869510204,9779.28797244898,9590.56658081633,9244.96128714285,9341.73712428571,9733.94929336735,9715.87599459184,9504.09045959184,9678.35445622449,9674.25001622449,9815.6695822449,9784.82238867347,9708.0128122449,10184.3937310204,9804.24686202041,10213.345616102,9741.68707683674,9655.25446193877,9228.14631826531,9384.54853419796,9534.74941440204,9721.1338305102,10135.0178918367,9916.08497857143,9581.70081836735,9728.43298040816,9229.47024704082,9207.61694183674,9429.84674989796,9583.38941367347,9479.8897105102,9348.31828887755,9212.66921857143,9402.9901605102,9477.1936327551,9293.34046602041,9453.11506464286,9503.34600714286,9397.5485782653,9433.97823948979,9511.22737673469,9355.86211969388,9394.56416969388,9511.48828469388,9656.26173459184,9567.66463183674,9111.83802244898,9449.04936459183,9314.42611693877,9488.48433061224,9333.61915642857,9915.30196918367,9590.79835795918,9544.86877795918,9999.31743663265,9921.4644382653,9751.7172777551,9693.99742377551,9826.45031081632,9748.23548571429,9518.34394908164,9662.97135102041,9858.53864214286,9916.78347839796,9813.38869489796,9806.14400214286,9755.77424081633,9893.22307132653,9460.84327244898,9003.41510928572,9350.71388132653,9308.29504929592,9409.16115857143,9612.82089632653,9945.36910602041,9661.52605061225,9997.08332408164,10104.2972447959,9818.09025612245,9389.09424142857,9417.50638122449,9526.4754155102,9469.00904204082,9643.02701877551,9343.2108327551,9194.59807418367,9230.29744316326,9246.04480693878,9619.24321928572,9731.53819581633,9511.96666132653,9559.29216918367,9726.51045367347,9869.34678530612,9605.45761030612,9542.36981530612,9625.5884057551,10028.7920552041,9930.77253377551,9777.30121734694,9530.87514061225,9871.13307846939,9956.13291346939,9746.27358204082,9839.34367316327,9677.49410193878,8817.89771397959,8828.47784255102,8782.26367622449,8871.38159163265,8936.20716163265,9146.2289277551,9131.81348030613,9474.35935255102,9658.98828551021,9347.83853132653,9116.14455153061,9204.98484163265,9329.79831979592,9463.21814484694,9278.90658836735,9247.79203530612,9424.68253530612,9454.15057591837,9577.23724489796,9587.18223469388,9899.23608357143,9630.37279224489,9644.81138030612,9720.25972704082,9374.50137265306,9890.08320459184,9989.06515718368,9761.20446612245,9306.06546071429,9696.31409622449,9771.28120489796,10320.3812621429,9823.4581544898,9571.13919326531,9563.91947612245,9589.41448510204,9760.78590132654,9704.88002989796,9628.50078,9623.488275,9429.7019127551,9301.54969377551,9426.91872030612,9381.51671285714,9342.82802285714,9289.07645285714,9325.02093265306,9081.12884346939,9073.67103010204,9130.33209785714,9478.44922991837,9419.46463102041,9577.40401322449,9490.34391602041,9685.89232755102,9438.83011173469,9163.74072520408,9380.88752785714,9205.44253581632,9381.24823357143,9367.57188510204,9740.31034755102,10006.1677339796,9897.86425102041,9728.14607469388,9643.19512244898,10189.0220516327,9970.55570663265,10002.3269727959,9760.94292734694,9792.25483918367,9634.14214918368,9681.26325418367,9510.09873659184,9962.96507153061,9919.16492234694,9878.60508734693,9509.09286102041,9374.53229673469,9454.54650142857,9403.32469795918,9256.97300826531,9340.81269612245,9137.89630142857,9273.50908479592,9685.40816020409,9597.63683642857,9581.80211612245,9286.53475928572,9126.05253765306,9506.2283977551,9411.33963244898,9619.51058089796,9764.67509377551,9594.70479367347,9652.67734948979,9822.83842193877,10162.8774540714,10096.0358714286,9980.78807632653,9541.42230122449,9677.27835806122,9433.56474140816,9413.30547653062,9432.84909377551,9158.67534030612,8897.16524038775,8902.99895610204,9428.01493489796,9562.60786893878,10003.8347639388,10101.7932807143,9684.92361816326,9547.52162071428,9521.77977714286,9294.44556,9406.29265,9126.74331428572,9076.10338265306,9066.80558020409,9004.85482,9221.79718622449,9554.56516510204,9561.19320306122,9488.15937091837,9666.48584071428,9925.00578153061,9738.09191163265,9762.40452377551,9341.10806744898,9473.35904897959,9340.02743581633,9393.44008918367,9424.89364551021,9319.47620088775,9060.99622438775,9313.27044846939,9547.99201612245,9614.06336142857,9571.51022295919,9464.28258744898,9570.11366397959,9820.39120765306,9801.39714265306,9704.10259989796,9728.09166040816,9481.01819730612,9442.79005530612,9639.21747744898,9445.57831479592,9364.71132183674,9369.74509755102,9720.40519489796,9938.27191132653,9612.10246704081,9436.10088459184,9500.06591377551,9402.64374795919,9491.05529713265,9652.60233764286,9425.97190755102,9646.27491193877,9632.17164663265,9783.54218173469,9759.74792448979,9553.90855216326,9933.15492897959,9750.01142285714,9769.11805061225,9852.13378418368,9857.02115612245,9818.48292428572,9594.79376469388,9559.45466408164,9858.73825459184,9859.2461522449,9794.91007846939,9294.57304479592,9312.54976132653,9031.01447132653,8978.11467479592,9382.1939217347,9343.32191142857,9798.40334632653,9979.89682408164,9607.29658642857,9721.24272795919,9972.47413510204,9705.11874642857,9765.38967091837,9988.79776255102,10136.2701677551,9657.0682177551,9567.50519387755,9508.64887387755,9526.36934653061,9290.9526527551,9309.81000142857,9775.77012010204,9669.89065326531,9665.63035102041,9542.53506602041,9510.28939163265,9849.53775163265,9666.68562663265,9622.73179561224,9791.90968244898,10016.4352226531,9860.124985,9685.71651581632,9703.1358067347,9704.69362214286,9588.37624755102,9496.10606989796,9630.84642010204,9677.53213418368,9950.13883142857,9308.64538142857,9468.43107438776,9776.21897489796,9499.92502112245,9546.21316428571,9722.66515918367,9594.48521163265,9629.02473663265,9216.55713571429,9189.16159897959,9232.11891969388,9297.67328163265,9311.6578622449,9525.3604,9574.94720291837,9736.50720693877,9514.37119263265,9587.65328704082,9660.55626438776,9371.42797918367,9435.18032734694,9457.49226285715,9507.91932285714,9395.32103010204,9287.83929173469,9008.07527438776,9243.73409642857,9225.94749153061,9522.27987132653,9710.16863897959,9597.43348234694,9694.14896734694,9514.70137346939,9497.73180132653,9702.89691928571,9818.80596724489,9967.85046530612,9517.10271020408,9955.55510380816,9623.84608408164,9841.90666469388,9889.30305530612,9482.35315561225,9336.90249897959,9216.90633567347,8929.21767387755,8849.19657387755,8962.70332387755,8922.45788561224,8885.6594477551,8903.61742428571,8927.74913428571,8973.33216583674,9192.52393693878,9033.28203581633,9380.13082744898,9464.616025,9319.15280836735,9268.71416377551,9432.44886459183,9519.57723459183,9472.47895959184,9697.10008030612,9618.00535204082,9334.56928020408,9506.5267494898,9414.64566714286,9838.23104561224,9752.20458204081,9987.80919795919,9794.94985081633,9660.65360081632,9963.07144622449,9319.35018255102,9992.85921836735,9868.35251326531,9564.01756479592,9600.32461530612,9727.76562020408,9470.71305012245,9391.95463928572,9324.36579418367,9347.39933897959,9596.91800173469,9718.21716704081,9789.83603367347,8996.08260367347,8915.86289744898,9071.40585663265,8809.35502173469,9342.49029123469,8892.07292918367,9438.37549734694,9539.34635244898,9508.78109765306,9713.12564020408,9582.45207357143,9449.92418357143,9325.89932846939,9738.00716979592,9549.92797,9605.7793972449,9650.69431826531,9557.7264377551,9548.89926969388,9550.506735,9463.00042622449,9543.83719622449,9595.16243010204,9585.063835,9456.4283594898,9321.64341408163,9260.17437622449,9069.19695612245,9248.38142510204,9295.06004071429,9459.68067102041,9520.88631653061,9762.23907836735,9349.42177857143,9877.17902918368,9814.37287418367,9757.97670334694,9735.98396265306,9554.94770306122,9395.53921979592,9527.96935020408,9420.24950306123,9388.79107040816,9210.18114530612,9924.19562836735,9695.73983683673,9785.00551959184,9672.16262142857,9951.98636295919,10003.2474426531,9478.83789479592,9617.99782551021,9416.3349572449,9300.1318127551,9262.8632177551,9350.42663948979,9292.16280836735,9323.48811142857,9405.57711122449,9463.14434591837,9402.10562785714,9432.50589561225,9632.35597897959,9530.73207591837,9562.39746428572,9687.24963244898,10144.5447618367,9786.30623183674,9460.09185979592,9443.15376918367,9457.06884081633,9544.68609693878,9511.64010173469,9706.18295183674,9850.70873683674,9503.48902346938,9026.35068438775,9035.95065592857,9179.18611122449,9083.7702655102,9645.67721979592,9369.21579846939,9472.59158316326,9889.81316602041,9498.17180704082,9215.71674622449,9602.0489377551,9587.39284785714,9436.92175785714,9149.56766510204,9069.73297757143,9476.36112663265,9310.80263663265,9454.78087163265,9231.84014816327,9447.16790459184,9277.30984816327,9363.93981285714,9452.1549622449,9455.29724081633,9759.34494867347,9308.30503867347,9495.66306367347,9343.28755510204,9533.61412171428,9742.02287571429,9583.18082795918,9140.85914591837,9151.66245377551,9299.1159655102,9861.22749632653,9557.76785836735,9526.11502591837,9403.03393867347,9412.16333479592,9564.95562571429,9267.10294918367,9511.23272959184,9489.12780306122,9040.27404693878,8926.94149,9012.6837322449,9144.11687346939,9006.49559877551,9200.07190822449,9375.79328785714,9375.03827615306,9474.39167428572,9711.27908081633,9544.54243979592,9498.25435683674,9629.44466969388,9687.29597306122,9530.79019073469,9733.67178387755,10276.0291834694,9539.52052540816,9920.66393336735,10028.3284072449,9831.87623867347,9680.32917989796,9435.98609877551,9626.28164928571,10266.4958067347,9901.04862081633,9964.59373047959,9839.04509991837,9840.11592306123,9874.08350336735,9722.96917346939,9862.54954489796,9906.2518694898,10045.7454326531,9940.82259714286,9558.50645214286,9650.17050928571,9374.91218928571,9443.53000693878,9637.81893020408,9664.02793806123,9457.00399295918,9576.29326938775,9780.09719836735,9954.08899897959,9961.12048897959,9639.98974510204,9667.65012418367,9377.74270642857,9439.24360612245,9444.4104877551,9361.50464693878,9262.16093418368,9156.81798918367,9200.29922418368,9574.44923887755,9430.05474326531,9631.08332755102,9460.5558677551,9055.23976765306,9270.98469336734,9076.99974795919,9908.61960091837,9617.80112040816,9719.86948367347,9457.4920417347,9456.63912908163,9423.71304122449,9540.36726428571,9789.55777112245,9666.35911408163,9515.76659734694,9203.16529234694,9190.02509416326,9267.45249255103,9079.87872836735,9509.98752052041,9437.44659408163,9637.43958397959,9915.23418397959,9672.5394855102,9520.6819644898,9756.78218122449,9369.78720960204,9292.52782979591,9311.7288505102,9405.63500918367,9535.11791836735,9712.26926734694,8915.03136377551,9231.89425877551,9119.11726877551,9176.23500306123,9104.41269897959,8863.98249183674,9112.77176510204,9102.91403714286,8880.27243765306,9257.9109427551,9113.4064927551,9197.99436367347,8971.75023734694,9141.7868805102,9463.54823153061,8990.83384922449,9077.37903693877,9401.28721326531,9533.57691295918,9416.43037704081,9296.15686204082,9410.52612061224,9339.42305428572,9362.31493908163,9127.92728887755,9393.80564887755,9293.23407571428,9558.45502469388,9329.23136469388,9515.08578622449,9374.07229540816,9498.05463663265,9440.64480377551,9547.29051,9490.18879806122,9657.19756744898,9955.56010897959,9626.12299367347,9326.81168642857,9456.3793727551,9751.07275528572,9564.53829410204,9480.11794887755,9550.34344357143,9599.20849193877,9043.17235306123,9143.83908622449,9144.7239955102,9360.50077132653,9391.28300918368,9513.67893877551,9934.70572359184,9775.82263816326,9681.27336020408,9764.7880672449,9821.52787163265,9732.88369489796,9475.28493683674,9557.4908355102,9567.04683428571,9577.10478846939,9305.97210979592,9266.74566112245,9181.96358612245,9071.18426326531,9001.38569316327,9340.89512030612,9230.00242857143,9172.79696816326,9177.98216693877,9328.42270204081,9369.88353204082,9261.28779959184,9360.90783306122,9304.86701867347,9318.89902857143,9075.64118489796,9558.23777489796,9437.22041377551,9284.47384010204,9287.24586867348,9159.77429367347,9220.93786357143,9144.75928785714,9179.03529285715,9108.22002581633,9115.37057204082,9183.39587755102,9171.63987581633,8781.33382183674,9396.78202346939,9413.93982918367,9584.94212928571,9571.47246214285,9479.65133244898,9815.90608489796,9684.25991081633,10081.1497734694,9692.81731571428,9631.46826367347,9251.37409122449,9703.19884061224,9661.1846922449,9417.4054372449,9540.46288714286,9858.7709427551,9650.50674010204,9256.08332448979,9394.21960265306,9461.76157959184,9398.70235122449,9439.87235642857,9356.56227714286,9137.42745479592,9418.15517080612,9519.51662733674,9602.31750754082,9552.84979919388,9385.93247786735,9417.48093521428,9485.19565980612,9550.1750212347,9789.33181418367,9599.13393918367,10227.5852921429,10367.2439160204,10098.4530204082,9969.57596836735,10081.3753057143,9716.08182071429,9703.40909591836,9797.08156591837,9553.45271326531,9271.66761020408,9526.69587806122,9416.92229673469,9357.57574873469,9582.00078775511,9526.0134877551,9650.06145428571,9527.03461438775,9556.46373918367,9568.19612428572,9194.08614336735,9440.18797214286,9451.34870989796,9636.78481489796,9433.21773132653,8991.81861887755,9119.81178163265,9683.99160010204,9478.49756836734,9282.35680581632,9477.96636520408,9484.56664460204,9464.14993347959,9212.04480897959,8954.79112877551,9031.44515867347,8795.50484357143,8898.35770285714,8739.37351581633,8865.6482505102,8877.85302316326,9378.17269387755,9322.65322581633,9208.58373806122,9426.60587928571,9820.85347285714,9935.89115408163,9826.40922795918,9288.37876714286,9552.16452989796,9429.33174091837,9497.75463541837,9675.75712928572,9716.85285714286,9626.60600255102,9579.53320714286,9810.32295714286,9765.97042336735,9890.69983714286,9655.69911040816,9575.62537510204,9836.37332163265,9544.65974602041,9911.53507071429,10018.4752457143,9950.21702571429,10023.3253036735,9832.99580132653,9844.22486346939,9592.4239122449,9902.4521155102,9523.57874602041,9123.88919792857,9161.73890489796,9052.8498872449,9357.14813357143,9387.01283653062,9335.5403055102,9251.46237897959,9336.4235422449,9388.66174030612,9358.16746755102,9358.01190755102,9256.78707755102,9140.77568255102,9146.96344683673,9097.94327908163,9391.45444408163,9371.12808714286,9473.00526877551,9512.85319060204,9558.29192153061,9660.38099959184,9787.07458163265,9712.50588285714,9585.18264683674,10078.4412467347,9720.22879692857,9671.0523127449,9269.11413988776,9821.02377988776,9618.52762254082,9505.88989234694,9777.27714153061,9930.60541306122,9880.2773732653,10144.8380311225,10081.7553667347,10093.0953308163,10069.6518656122,9803.0713994898,10009.6328107143,9667.94036479592,9756.76935755102,9371.61530877551,9171.72035081632,9253.77938836735,9269.23066693877,9433.46998357143,9408.322185,9544.67679142857,9278.16870142857,9083.98183316327,9177.96393540817,9497.21553887755,9576.45048979592,9783.20909693878,9727.55196051021,9634.27748959184,9200.66336132653,9590.12149836735,9458.00747265306,9266.02691938776,9247.63078155102,8948.8695282653,8959.7286522449,8839.09280285714,9459.43233542857,9799.12124112245,9869.05777765306,9673.08732346939,9769.41333816327,9867.51991683674,9608.23917846939,9639.74924877551,9388.95584678572,9331.31705244898,9225.28834571429,9449.9624027551,9310.4262027551,9244.69369379592,9499.13764693877,9215.83261428571,9168.74784530612,9297.76932155102,9362.26687336735,9267.81081877551,9212.78925704082,9404.09205030612,9621.02378693877,9455.27718642857,9579.03502673469,9027.81441428571,9318.67021857143,9232.26244285714,9517.00448632653,9863.25756020408,9177.57420102041,9256.36895653061,9255.62466,9441.30173571429,9342.20399469388,9734.0424705102,9450.49234336735,9601.65430683673,9560.29198704082,9571.83128122449,9687.07880459184,9690.01363744898,9442.05779530613,9666.55222040816,9619.17161989796,9584.9791555102,9324.46015387755,9770.33294683673,9342.86943785715,9282.10744459184,9082.15521867347,8903.71086367347,9085.81074653061,9355.17020918367,9431.0409805102,9958.39439591837,9819.62205714286,9966.81751081632,9883.22567941837,9534.99446928572,9661.68919646939,9583.95149846939,9597.32472806122,9440.19200928571,9743.79704612245,9347.88717663265,9138.81101570408,9156.20003204082,9485.54174295918,9384.59509693878,9616.3829622449,9370.40334591837,9476.10376091837,9173.75078255102,9369.29571469387,9853.23835714286,9847.73425479592,9871.76904755102,9824.86575142857,9522.20833981633,9438.28828706122,9298.80509204081,9613.40581132653,9471.76836,9388.05041734694,9667.08939020408,9365.95218418368,9532.1865577551,9751.03422591837,9555.56550030612,9597.7183117449,9326.46860592857,9408.02200031633,9482.64279346938,9681.21251826531,9574.83669744898,9387.95237755102,9363.07252408163,9205.24862163265,9431.19972030612,9642.64597183673,9572.33220234694,9626.7889772449,9796.17812510204,9477.01460010204,9558.07361510204,9546.62686530613,9898.34161030612,9849.18234867347,9929.82369397959,9528.67013979592,9535.23835612245,9280.15513367347,9598.60208306123,9643.69748744898,9174.74291528572,9347.06088928572,9221.58076897959,9333.11206020408,9585.93871826531,9386.72577336735,9627.54993908163,9500.17862357143,9369.52892612245,9737.82289928572,9143.26976183674,9243.1049877551,9338.3284855102,9347.525358,9137.310033,9812.30425265306,9791.43096163266,9707.75006642857,9697.11766928571,9999.82821418368,9621.72797010204,9501.07424193878,9522.46749193877,9263.47001540817,9004.93764877551,8987.12035346939,9052.52600010204,9216.80529714286,9122.7273244898,9291.64088153061,9212.00155704082,9340.87580102041,9171.97007867347,9269.53379561225,9516.99269561225,9432.28164408163,9665.78302408163,9524.54445326531,9675.75970030613,9673.2533255102,9934.74248265306,9671.41192938775,9551.26941102041,9439.42928897959,9661.10755421428,9664.53866237755,9577.57358969388,9298.82832469388,8945.98963755102,8897.77016540816,9039.54638040816,9053.09992397959,8921.57295540816,9064.75574530613,8962.8197872449,9156.8244517347,9278.4315632653,9294.05272653061,9389.74378673469,9362.20445581633,9344.18074183674,9387.1513677551,9624.85659806123,9662.75706653061,9347.09797820408,9300.25764387755,9342.49309346939,9192.3472022449,9162.64202540816,9501.32861153061,9456.2118,9794.86919795918,9283.12693530612,9408.41902265306,9532.12618522449,9282.80410816224,9091.6278967347,9157.3040927551,9147.64625357143,9013.57927987755,8998.01996887755,8977.56994153062,9249.49174806123,9053.54757622449,9046.70670265306,9062.6917894898,8916.21201959183,9202.81623020408,9030.43854642857,8853.49326857143,8783.4735557551,8858.9309362551,9126.07322866326,9262.90262806123,9116.89037857143,9180.57648255102,9420.1105877551,9564.51124418367,9479.70537908163,9497.9717777551,9609.29749867347,9367.551435,9347.23483887755,9631.85022244898,9456.55239244898,9553.18487244898,9401.97255897959,9556.40318377551,9534.67127734694,9566.34205030612,9175.08760336735,9367.72290318367,9171.34948367347,9424.85139183674,9379.95234122449,9204.66971020408,9279.70505612245,9574.68694908163,9406.2001339796,9228.18269836735,9243.91852530613,9434.21371469388,9637.50200806122,9861.76914142857,9803.84885051021,9402.3918094898,9865.84021489796,9694.62200979592,9651.43649173469,9769.66459489796,9429.45888836735,9312.76783734694,9130.74760510204,8985.3747755102,9137.57845285714,9064.64202714286,9200.94022510204,9253.43114010204,9224.63284663265,9649.66106010204,9613.04669193878,9811.96095346939,9658.27615061224,9720.47534316327,9471.08824322449,9520.82871010204,9015.84937714286,9146.12666734694,9068.37888510204,9214.31138346939,8842.91510908163,9339.01883285714,9474.97754285714,9685.1166505102,9501.08448326531,9390.02705816327,9496.05970112245,9589.61306734694,9764.26007561225,9497.25641122449,9396.68870102041,9234.40702061225,9018.54715102041,9356.4621377551,9636.99231459183,9435.42382663265,9706.54451112245,9576.6107212347,9734.43162673469,9542.67623295918,9790.93279642857,9522.18879071428,9548.36362438775,9337.35311459184,9333.74767510204,9288.38567346939,9423.1554477551,9492.45373551021,9430.27847561224,9165.34437357143,8920.38518316327,8891.67870900816,9122.4141522449,9438.05084530612,9022.94382530612,8854.50063469388,8662.55874581632,8832.98589071428,9198.3016094898,9314.44615428571,9164.18636530612,9391.40302932653,9519.38332061225,9477.49448744898,9477.41376622449,9393.8197922449,9781.36515204082,9831.43488204082,10003.2863720408,10059.0312170408,9752.16762010204,9585.61672510204,9236.08778510204,9543.34694826531,9739.81824183674,9613.94940102041,9875.0655377551,10031.5130628367,9728.53531153061,9326.59937938775,9431.32271306122,9354.41456510204,9428.99415510204,9260.40776571429,9283.87180530613,9266.77207857143,9413.93894408163,9606.28537428572,9408.46742602041,9419.23816102041,9238.92467102041,9429.69516867347,9239.32391081633,9356.52071765307,9590.68223408163,9659.51605,9419.15179204082,9381.25509408163,9212.23358714286,9155.36322938776,8932.26824530612,9342.54957520408,9569.54664897959,9413.47379734694,9332.25777122449,9666.32642122449,9800.78735510204,9876.49212510204,9674.67036663265,9710.16414010204,9376.54911632653,9592.9916622449,9704.40387465306,9492.95009791837,9769.5920587347,9932.62778857143,10092.3658185714,9980.32102561224,9733.64938163265,9788.06263714286,9657.45797204081,9657.64786061224,9758.26787734694,9555.54522755102,9861.62836530612,9503.13110102041,9585.22796408163,9752.87500540816,9783.03086428571,9719.93932214285,9658.51301859183,9497.44248,9770.8323772449,9449.13766581633,9631.45914561224,9249.6986622449,9179.40041091837,9202.42509081633,9011.78119681632,9308.22810234694,9537.25773428571,9797.82787428571,9634.60895428571,9868.05614867347,10033.4207954031,9861.55322204082,9790.01206387755,9574.43258320408,9633.94614581633,9966.19166081633,9998.78703214286,9548.17397387755,9427.13947016326,9469.13107016326,9225.80617367347,9012.04768377551,9061.90916687755,9040.9184427551,8885.33909989796,9102.72731428572,9356.83169704082,9362.64080367347,9348.93793173469,9108.14845326531,9430.01387969387,9671.2542277551,9467.14533163265,9422.11393367347,9456.67741571429,9023.93058,9388.19734459184,9391.57698459184,9400.0430527551,9366.36049,9314.40391051021,9472.8396422449,9015.33494857142,9331.71322010204,9309.80768051021,9299.24551704082,9027.06164530612,8909.238405,9293.05178081633,9024.51853102041,9178.35010510204,9160.33478795918,9204.33502265306
896.326530612245,9698.87570102041,9608.65659285714,9747.56145102041,9927.75195102041,9755.01347602041,9393.80456602041,9527.86144071429,9608.2447294898,9425.9161172449,9463.56742714285,9424.19359110204,9346.24324397959,9311.92670071428,9074.95374357143,9505.75075408163,9196.50334132653,9335.72878030612,9501.42337081633,9668.44136244898,9679.42366780612,9675.40268204082,9784.59392346939,9738.22715346939,9704.7067844898,9330.32692693878,9518.89757877552,9447.79849122449,9068.06266734694,9505.21108232653,9692.62713234694,9826.87258673469,9536.2452600102,10169.9239505102,9554.16102867347,9838.75928602041,9906.22721602041,9859.10210295919,9599.60783061225,9716.9423122449,9541.74975969388,10022.9307291837,9951.55302510204,9435.57514244898,9549.6437744898,9547.28945704082,9773.1323544898,9955.32661938776,9983.68604704082,9944.29434897959,9925.90450816326,9924.23502816326,9874.91912346938,10026.5921892857,9490.35090836735,9618.63866265306,9494.17030714286,9865.47265714286,9551.21499183674,9889.33489591837,9917.61128265306,9830.88664591837,9853.45781183673,9808.77924285714,9976.49661285714,9734.7590777551,9959.62302040816,10177.0873302041,10225.5213978571,10102.5114133673,9986.83344540816,10011.0251561225,9945.27182823469,9991.24681622449,10149.0249569388,9970.35972959184,10005.8745769388,9908.76611918368,9910.66854969388,9721.62743806122,9573.94347387755,9580.30881142857,10027.3786146939,10146.8525120408,9952.06802765306,10039.5584682653,9940.77058265306,10100.7918065306,9696.697265,9662.13661418367,9827.80792918367,9650.91271428571,9673.75033428572,9387.05450928571,9608.99476355102,9560.53848387755,9905.1149744898,9993.52772040816,10060.6967285714,9827.02793897959,9910.0797255102,9993.51280051021,9574.38889704082,9904.30063112245,9639.71832346939,9743.18005408163,9924.23615928571,9963.03858153061,9891.57894408163,9771.83159306122,9841.18335765306,9883.83426142857,9941.67630734694,10101.5204791837,9897.30138693878,10007.303275,9930.62711408163,9782.50370714286,9866.00819877551,9913.90182132653,9920.12048459183,9765.91214673469,10525.4245563265,9924.80015204082,10262.6844023469,9881.07291530612,9884.74845469388,9805.1183077551,9981.25309551021,10070.2952683673,9462.37402326531,9692.19651306122,9818.49351693878,9910.32887346939,9924.09985367347,10033.0927768367,10116.7119832653,10007.7547952612,9938.4315832449,9720.42939040817,9536.15835826531,9458.07225979592,9736.75781611225,9807.29420816327,9985.90295816326,10181.1683161225,10063.0329161224,9771.17819551021,10260.7976177551,10004.1377891837,9852.59881979592,10186.2605040816,9880.20142902041,10071.9285630612,9401.02798367347,9550.55831255102,9916.13252193877,10040.3735669388,9969.05941306122,9683.55829806122,9939.56610642857,9830.92554530612,10292.7004703061,10151.9975054082,9723.83061683673,9562.53468806122,9745.81276387755,9712.08907810204,9613.73043530612,9670.12443530613,9750.00824889796,9562.06874969387,9598.51775918367,9816.05942928571,10260.8756338775,10185.8019354082,10146.2218572449,10045.0732265306,10116.2499363265,10185.5742113265,10426.4785877551,9986.05204663265,9735.44372959184,9792.93754316327,9926.92448316326,10033.0763310204,9875.73929775511,9697.4123227551,10146.6591924694,9910.24085867348,9742.91879653061,9831.24951479592,9519.01412867347,9353.74701775511,9641.06615612245,9769.57858153061,9720.32448112245,9532.36924918368,9610.84229806122,9719.74308602041,9774.59197102041,9746.84263438775,9546.29715806123,9519.73504785714,9837.1433444898,9406.67837989796,9420.9231727551,9827.7342755102,9468.40994693878,9614.13270285714,9629.28619387755,9787.23055612245,9409.19667755102,9356.71373163265,9706.2824705102,9380.15273653061,9308.69005704082,9304.36571867347,9311.57708459184,9675.1433805102,9551.76099683673,9825.54142755102,9855.41726285714,9916.16827673469,9962.39608346939,10562.8511387755,10097.6876161939,9953.29542098979,10051.5283321122,9927.25858765306,10147.818305102,9807.51987142857,9867.88835867347,9790.44465255102,9754.95677959184,9631.52779316326,9677.67019693878,9814.71636367347,9609.97630795918,9515.60358397959,9449.8381744898,9423.54881193878,9402.03588969388,9284.52784285714,9380.46926459183,9188.51173744898,9442.87933836735,9401.32304806122,9365.94217670408,9610.51910581633,9589.55041193878,9799.11619081633,9704.37270000001,9485.75142040817,9789.4856132653,9729.0679244898,9538.60340530612,9804.03347040816,9927.73205040816,10080.0199030612,9762.76037255102,10212.980822551,10245.208022551,9881.84065755102,9763.68562005102,9574.29054255102,9808.98626755102,9671.59593255102,9705.09397765306,9911.80117459184,9795.74596602041,9689.85752540816,9613.29497431633,9756.31018081633,10094.6200881633,9503.42611520408,9461.61402642857,9625.59497959183,9889.19229102041,9654.96969316326,9886.9482655102,9781.81491551021,9600.44445346939,9108.75610206123,9026.91520357143,9310.26742653061,9359.55273214286,9394.32151714286,9456.21001142857,9763.4236817347,9720.47135714286,9441.56533244898,9400.41271744898,9649.10285714286,10025.2147510204,10153.997345,10166.2457637755,9746.01637588775,10320.8246589796,9997.8783122449,10191.077765102,10001.2842261224,9657.93323571428,9666.50815836735,9518.29048387755,9586.08528540816,9512.35580602041,9481.63308459184,9994.37955469388,10182.6736519388,10366.0742466327,10041.6950029592,9818.81793102041,9696.18673816327,9621.93740040817,9859.82809612245,9539.85255479592,9338.03102397959,9509.87388795919,9389.73832183674,9653.78859918367,9799.69455938775,9578.11281938776,9675.65588367347,9475.26822959184,9545.11720816327,9416.02492979592,9655.55677908163,9861.03937571429,9992.1291255102,10119.2569943878,10006.9942802347,9837.21553234694,9589.85565969388,9271.35172244898,9508.91607234694,9662.14700989796,9973.00631377551,9877.41837479592,9935.04837673469,9905.99926887755,9846.4496755102,10263.551375,9797.49738908163,9493.56728306123,9671.08460857143,9719.05926938776,9732.16034459184,9490.82733816326,9444.83799244898,9694.75963867347,9816.00426316327,9527.7662017347,9919.15319204082,9893.50050704082,9869.45102295918,9841.61255489796,9796.37174959184,9720.0123067347,9776.41129285714,10010.8819408163,9924.56549102041,9943.81580102041,9687.49446316327,9614.4953722449,9513.30182979592,9425.95076428571,9450.80536540816,9521.56268673469,9454.24782295918,9652.88811877551,9556.98309816327,9794.66409989796,9811.08562816327,9938.80099663265,9708.61534510204,9896.13296846939,9927.01186040816,10016.5024604082,9883.02212326531,9883.82936530613,9748.55861530612,10341.4917816327,9810.39753877551,10130.0761747959,9999.31498346939,9865.56827979592,9973.21231969388,9966.01859306122,9962.9613894898,10272.1462291837,10029.1760295918,9556.99948071428,10084.741677551,10109.4378379592,10043.193312551,10091.403724898,9931.52598061224,9935.08712908163,9793.86121571428,9785.65989561225,9658.96993561224,9962.99324693877,9807.55830306122,9606.78338877551,9782.90595367347,10290.0229095918,9946.84251010204,10169.846574898,9883.96083255102,9828.15788153062,9636.65569652551,10051.7167106122,10367.3883206122,9860.3011167347,9808.30389071429,10001.4690812245,9765.89852122449,9660.71957622449,9651.93748002041,9557.08020704082,9938.78859734694,9930.74106265307,9918.61372244898,9677.71486734694,9655.83446704082,9506.99140204081,9657.19498193878,9589.68964418367,9599.32125204082,9666.39175989796,9289.96897891837,9738.31216255102,9680.6586,9620.52900204082,9408.74432316326,10138.1607663265,9964.22703877551,10047.1003887755,9994.70818153061,9870.18765663265,10047.8792887755,10118.4532780612,10003.810794898,10001.879205102,9890.24395816327,9839.41828214286,10260.6678137041,9626.21024591837,9376.7099877551,9721.40881836735,9809.88207540816,9563.3105622449,9661.28004183674,9533.57606561225,10127.381385,9956.24415459184,9777.76839214286,9707.02987102041,9710.36654204081,9434.43984857143,9437.3290867347,9572.1387127551,9782.37040586837,9497.35248928572,9843.21980428571,9726.27729346939,9659.39161959184,10082.4536421429,9633.27824959184,9595.73967142857,9591.32095489796,9747.87490530613,9755.63660786735,9675.53581418368,9734.25895918367,9606.02529693878,9916.43452438776,9786.10721057143,9798.08632622449,9610.68616836735,9781.2089372449,9867.72573918367,9592.79793367347,9745.37484153062,9715.53875234694,9634.03396959184,9791.42343795919,9720.12251346939,9655.94563795918,9806.38477918367,9655.88320171429,9406.91780438775,9333.5878122449,9694.7507867347,9876.5108622449,10060.5905472449,9914.98428663265,9868.61705030612,9914.08439030612,9939.56279030613,10042.5387353061,9794.2472367347,9949.73819306122,9945.61515744898,10054.7527072449,9816.95988918367,9711.39332530612,9668.76302438776,9519.25457857143,9514.00963183673,9567.82313112245,9586.57953986735,9772.69232642857,9904.07063765306,9878.60150102041,9850.10823602041,10074.0417060204,9949.96879377551,9826.58459448979,9855.75505193878,9617.76044837755,9572.24670417347,9504.73747806123,9813.74700857143,9928.2133172449,9787.34253704082,9891.06546642857,9795.20841887755,9494.52669887755,9657.93554887755,9704.39670877552,9849.96831836735,9723.25048204082,9807.40343428572,9965.63045826531,9536.07874897959,9871.13213556123,9727.07326928571,9962.34253265306,9795.50468642857,9689.92150510204,9828.91398897959,10074.6736469388,9552.33679285714,9771.15096122449,9787.25196122449,9953.24464285714,10001.5685377551,9987.01370908163,9969.92412336734,9904.93704394898,10083.2570395918,9949.5590755102,9963.6240319898,10207.7288561224,9925.31883877551,10104.4861402245,10261.3965112245,10122.9847713265,10060.3570477551,10010.9469877551,9866.90320102041,9729.97311734694,9540.43159193878,9816.94772193878,9901.66646091837,9828.45630408163,9462.52722959184,9511.39373816327,9565.60697183673,9785.35807642857,9592.78616959183,9697.34361877551,9905.66265734694,9886.36097734694,9468.61190510204,9522.34542336735,9501.30161336735,9650.70707336735,9539.59302836735,9550.75557445204,9463.17889218368,9628.17145918368,9780.11890918367,9878.37005918368,9954.28278469388,9515.37774387755,10046.8482428571,9862.03935785714,9826.55722244898,9660.70607142857,9128.17034183673,9381.95571183674,9348.14495816327,9224.57565693878,9227.17470846939,9554.28541785715,9781.91437346939,9820.72777040816,9946.38553255102,10122.7633252041,9910.23535408163,9698.37498183673,9922.43058918368,9631.52975622449,9642.46690928572,9488.82661938776,9536.14110336735,9742.08336061225,9912.01343007143,9747.13337551021,9548.75525102041,9639.71420510204,9470.62605571429,9485.83772071429,9790.41192734694,9713.71189102041,9750.56778234694,9733.07577765306,9792.51945244898,10030.5623826531,9860.10494765306,9594.21031693878,9773.0963422449,9797.09675,9840.16015429592,9922.64524387755,9988.02131459184,10267.3876836735,10154.0426908163,10027.8154408163,9952.82000571429,10079.8096742755,10137.816505102,9939.41885367347,9912.71873428572,9874.46920806123,10020.5128312245,9623.43707561225,9622.76410204082,9573.17693693878,9390.11196785714,9378.17731030612,9179.14287132653,9512.16155663265,9530.41397551021,9488.14174367347,9616.72210193878,9365.29727857143,9594.23230030612,9833.62799479592,9987.22571173469,10049.1459217347,10061.1979137755,9994.21734204082,9812.98837877551,9815.31847622449,9712.39223091837,9748.44378163265,9872.58109387755,9730.14441836735,9857.68219591837,9788.29702306123,9880.19676408164,9899.52703734694,10033.4144494898,10060.1209144898,10229.2478689388,9949.91144455103,9830.40033367347,9975.94106326531,10197.6905836735,10582.7929963265,10180.7446423469,10357.3191997959,10278.7971637755,10055.95307,10240.0435046939,10024.9036180612,9760.83729816327,9607.67322561225,9936.68702061225,9821.67329785714,9689.77087653061,9679.11250785714,9857.10135204082,9640.55032183673,9653.55066479592,9644.07608867347,9436.05054357143,9728.8313027551,9700.0232505102,9624.56948979592,9289.99412551021,9741.70801540817,9795.96032204082,9640.02152479592,9788.31747418368,10032.1308693878,9718.92825612245,9808.00573061224,9930.74412112245,9653.27440010204,9722.81436326531,9531.27984632654,10180.340805102,9805.21614795918,9633.85084295918,9897.12848857143,10019.1492631633,9446.65281836735,9753.69128428571,9759.37989500001,9831.95583683673,9909.15883479592,9955.14884795919,9788.29483510204,9825.38979285714,9813.73016051021,9754.06357071428,9869.83253418368,10025.4038565306,10122.4962307143,9812.37650744898,9775.22576122449,9861.29644693877,9642.36485193877,9472.40455795919,9784.49269826531,10196.3613654082,9851.04583408163,10382.3250040816,10219.3840990816,9982.24112642857,9830.28812102041,9826.75493285714,10079.1350971429,9582.53164918367,9660.88659816326,9844.39382816327,10048.0400987755,10039.5376888776,9912.98389897959,9682.59023204082,10034.6462679592,10198.3004610204,10052.0005367347,9657.42820673469,9560.89168795919,9543.47847969388,9901.79700561224,9878.60673204081,10110.2816377551,10235.671022449,10210.2115285714,9945.86635744898,9770.82829714286,10154.2770406122,10109.7465992653,10029.8281997959,10382.2045465306,10105.7749915306,9613.29703795918,9679.97860581633,9813.02619816327,9895.04417867347,10083.2481623469,9683.24815734694,9827.17588122448,9897.55419571428,9847.84711030612,9497.04827530612,9233.18213132653,9581.21726744898,9346.15856102041,9414.94862481633,9253.11770236734,9345.78525204082,9566.91995040816,9707.07983836735,9492.68788918367,9591.30807387755,9905.32865867347,9972.6699544898,9919.43152653061,9475.84666530612,9763.80152540816,9616.10859367347,9349.46201326531,9610.79307244898,9716.01252030612,9653.06037530612,9480.27270316326,9463.51487826531,9514.81958673469,9527.69718836735,10143.9569003061,10001.3905923469,9916.29524183673,9940.21004642857,10046.076677551,10176.3237521429,9704.99605020408,9853.30597020408,9738.08504642857,9937.90748153061,9805.96319153061,9867.0094755102,10087.417747449,9755.59040010204,9761.1292627551,9883.51194785714,9871.79687285714,9891.81227285714,9847.38098561225,9853.23015785715,9892.58333469388,9919.42112193878,9715.39084336735,9552.17894438776,10389.758782551,9851.076685,9923.37635102041,9833.9751972449,9784.08386346939,9803.12011734694,9683.28982244898,9945.45946945918,9883.47600357143,9685.30861244898,9928.10827367347,10311.8250690816,9834.4269017347,9343.80508153061,9370.50237938776,9511.16209704082,9227.00455440816,9546.51363234694,9639.09813412245,9576.94678544898,9691.23010942857,9537.91242326531,9714.14278642857,9678.91888,9511.3857132653,9548.34167408164,9741.75005540816,9616.70142122449,9375.69868622449,9083.74523244898,9516.3609227551,9240.41375122449,9547.47903013266,9503.28381836735,9367.38775642857,10007.3744833673,9497.31880887755,9725.70590408163,9628.14313673469,9665.61713775511,9557.18053964286,9776.42949693878,9805.51120336735,9854.86208989796,9640.89098408163,9680.55418061224,9865.99176326531,9647.79794897959,9531.07776112245,9800.52082887755,9521.64374989796,9721.66144122449,9833.29695112245,9580.12293816327,9701.38244806123,9548.797105,9906.0985,9644.25723663266,9649.98273877551,9524.34700459183,9674.97106551021,10000.7071653061,9963.54910989796,9377.64199653061,9402.48657336735,9663.86967183674,9824.47628265306,9841.78842459184,9891.93892983673,9777.08891969388,9620.13369214286,9579.92736428571,9480.54310836735,9483.59730918367,9190.81279285714,9167.51221530612,9319.23484928572,9515.98401795918,9618.36391989796,9770.47729193878,9690.52974193878,9723.11089693878,9676.13240306122,9577.27870785714,9567.76163887755,9352.52899387755,9280.48199183674,9243.50536010204,9361.77083081633,9702.32318510204,9829.44793622449,9629.21082081633,9921.11365081633,9989.65686061225,9772.63075561225,9949.47328163265,9920.03975663266,9862.39740581633,10029.8215343878,9879.09107938776,10037.6956417347,9601.00313938775,9649.37180510204,9765.40073142857,9583.66545030612,9630.48008520408,9318.77176387755,9738.93325204082,9924.78212153061,9999.74911438775,9858.86165602041,9340.11958561225,9431.35507061224,9350.27129408163,9643.50163163265,9710.44335918367,9816.19410765306,9987.76337234694,9749.68886326531,9687.44172265306,9729.68193979592,9711.51276428571,9437.13202163265,9630.36593663266,9647.85780918367,9442.99021010204,9798.0052377551,9631.02882755102,9759.61366581633,9929.39813887755,9661.42254877551,9457.87600061225,9779.57728734694,9762.61402612245,9328.92460979592,9406.55274591837,9308.85367051021,9395.87304285714,9391.76305306122,9479.33088234694,9268.77505642857,9392.13583846939,9768.45635102041,9791.42228897959,9954.1110877551,9590.38877091837,10161.5268203061,9923.0279127551,9845.98624163265,9856.57466295918,9902.16909326531,9815.25317726531,10021.7346834694,9953.03937969388,9931.29721520408,9673.3393805102,9701.55979704082,9567.90809806122,9462.00873479592,9727.37542959184,9873.47913704082,10303.9072545918,9684.993555,9679.6146177551,9933.01881979592,9914.84022122449,9867.38482867347,9351.49466632653,9218.27119867347,9724.39363408163,9490.91783816326,9542.81564020409,9419.8510255102,9222.51876887755,9328.1083472449,9213.4173122449,9558.2643122449,9448.17746295919,9636.62046153061,9240.29586530612,9766.02355,9334.73532173469,9497.02837673469,9568.53061244897,9671.50985336735,9780.32050204081,9879.28686653061,9932.10061530612,9835.8426155102,9893.69476173469,10166.4271476531,9986.18911908163,10044.6806358163,9936.86491806123,9957.60271346939,9859.01582191836,9673.53121567347,9745.83532855102,9930.4072887551,9862.58390436735,9978.43578079592,10010.4091465102,9721.59909795919,9946.91096112245,9855.79170612245,10039.3992682653,10031.3942743878,9983.12930591837,9833.82331091837,9751.91266795918,9678.46228055102,9743.56874019388,9735.27777917347,9739.54665387755,9854.99198479592,9778.78948193877,9880.19319918367,9875.96843908163,9750.61536520408,9532.53029071428,9829.51301010204,9834.30521010204,10205.1393770408,9926.00655112245,9819.00633540816,9743.37476102041,9761.9791244898,9951.73146020409,9282.17841938776,9470.85514153061,9520.46755979592,9681.79369214286,9611.95169867347,9505.08731325511,9164.14668234694,9098.2243027551,8938.00421959184,9121.30372459184,9208.49592448979,9964.37868846939,9862.70537346939,10209.5550773469,9830.13306020408,9840.98295265306,10162.0845626531,9649.89464965307,9730.65134408163,10129.8618938776,10085.4008738775,10062.9373823469,10120.3921626531,10214.4811934694,9901.66576469387,10102.6123129592,9765.97201132653,9726.70722153061,9397.67255387755,9425.05949693877,9933.93712959184,9551.12130693877,9315.91800479592,9422.46105755102,9466.16628755102,9536.88449255102,9474.59374387755,9443.05779387755,9395.86200020408,9333.33309785714,8944.93723979592,9107.2900132653,9370.64667173469,9677.74536632653,9939.90007030612,9775.1129294898,9517.19446622449,9764.53555806123,9675.92555295918,9713.51161010204,10011.8681314286,10260.0922836735,9636.70073265306,9543.68312755102,9339.38818867347,9364.05622377551,9622.18982112245,10196.1332381633,9916.61534326531,9798.12822806122,9653.57052653061,9782.95193673469,10054.2040425714,9856.42184061225,9887.25861867347,9784.24728989796,9759.23008908163,9928.41642132653,9365.71976367347,9666.73447469388,9382.85444632653,9314.35325418367,9180.75978907143,8912.79736765306,9052.72285673469,9346.92105173469,9269.5518517347,9693.5640894898,9539.84555214286,9912.9678227551,9854.39109163266,9860.12032816327,10158.3372181633,9687.51517204082,9630.67232540816,9805.69795397959,9900.20172030613,9815.15807142857,9817.51769142857,9817.85467132653,9412.56370357143,9528.13212989796,9463.31793367347,9317.57886085714,9655.58306357143,9641.89025122449,9722.7817877551,10062.68066,10136.4703127551,9956.33818806123,9746.18981142857,9723.60792306123,9871.42945153062,9813.36467683674,9852.4219532653,9697.32355826531,9420.66065714286,9582.89432622449,9839.47851632653,9776.23498704082,9781.69104204081,9675.76530418368,10186.6389333673,9965.25770693878,9941.71447561225,10004.7996143878,10046.8195193878,9860.07445326531,9923.93269693878,10137.8972822449,9872.94973683674,10056.7600980612,9790.81395561224,9757.94768091837,9789.82370112245,9913.89599112245,9986.29102591836,9878.44041551021,10099.7807865306,10104.7135068367,9941.37303969388,10281.7323969388,10018.4117928571,9834.58988163265,9373.94198510204,9147.34369959184,9323.47024193878,9360.73840255102,9149.11243112245,9245.75865193878,9450.25142142857,9319.0770227551,9800.42070132653,9715.87015816327,9723.07449693878,9697.30529285714,9610.65340244898,9603.36514183674,10000.6569785714,10125.3822035714,9734.57373908164,9674.86658408164,9469.06756408163,9601.21058785715,9517.87926459184,9963.82788857143,10003.4389447959,9977.8313394898,10154.5874009184,10498.8832162245,9933.17564622449,9559.02980622449,9804.94617928572,10109.1803612245,10074.4241453061,10199.5982058163,9931.65190005102,9864.04793459184,9819.70955428571,10003.1828890816,10108.0171804082,9844.45481306123,9704.26300816327,9870.2069872449,10135.3605718367,10000.8671173469,9869.4866189796,9992.45112642857,9846.68135112245,9772.00264612245,9908.96773023469,9524.84116602041,9281.04120061225,9241.66341142857,9284.19441540816,9332.94714020408,9099.5363760204,9087.64998367347,9534.23296173469,9588.98488438775,9864.93747326531,10005.1958714286,9644.81344795918,10012.0561030612,9932.59292367347,9695.65170908163,9675.62222413265,9863.50610306123,9977.08235816326,9986.59676734694,9853.67389081633,9585.17787683673,9786.21582071429,9953.89911779592,10181.262127551,9912.99675969388,9579.59457265306,9831.27682520408,9799.71335755102,9824.14624010204,10012.7785806122,9847.13549908163,9707.98665214286,9527.68410377551,9718.25123000001,9823.28814469388,10080.8679217347,10346.4352067347,9972.84196918367,9944.96830132653,9873.36681255102,10522.7879373469,10009.765989898,9849.01686255102,9869.73162959184,10171.3939372449,9961.2098994898,10139.969900102,9692.07429908163,9794.9782327551,9628.95265316326,9574.20974387755,9527.84859153061,9800.90642487755,9510.39333469388,9564.64394183674,9469.82061551021,9780.55980632653,9704.44832122449,10124.240765102,10225.5408767347,10094.8846889796,10051.5210484694,9851.47584265306,9883.5998960204,10041.6760532653,9749.20386826531,9627.41336683673,9653.74506683673,10075.4593044898,9558.50938163266,9679.8336127551,9896.97770408163,9587.71201826531,9526.3663522449,9715.12056265306,9748.67274183673,9718.74712755102,9585.28679693878,9436.72080193878,9456.89850714286,9632.59826959184,9723.75497071429,9487.46253561225,9294.26663,9161.14691459184,9173.44747234694,9184.77562397959,9595.25107020408,9205.61588377551,9508.40813836735,9692.89985255102,9723.59315663266,9782.21106030612,9883.87448530613,9929.52979989796,9599.23447387755,9501.41597520408,9262.82547153061,9761.17955795919,9524.16334857143,9356.56966257143,9400.62842357143,9556.55126112245,9334.82492030612,9336.45214122449,9356.57238469387,9228.31702948979,9299.03120948979,9239.24567357143,9171.21423397959,9621.51520826531,9513.57172857143,9669.13590959184,9847.50302959184,9499.92087959184,9652.24509285715,10022.888370102,9950.97809081633,9934.04472244898,9723.57574632654,9579.06088704082,9544.15427091837,9521.55611571429,9492.03746969388,9942.17203887755,9640.77689122449,9827.49932051021,9713.26261193877,9496.82816642857,9318.95000142857,9477.42708663265,9531.51123163265,9809.08074081633,9856.63432755102,9592.80104755102,9715.49155673469,9416.79006081633,9787.09199081633,9493.24787571429,9555.54209897959,9375.58038469388,9776.54611479592,10113.0678346939,10000.5445885714,9912.16941755102,9719.67288428571,9658.31365622449,9580.32613285714,9307.16924663265,9580.68704663265,9594.73248459184,9684.22050214286,9714.53841173469,10027.1722922449,9893.6969539796,9813.05728908163,9896.50783142857,9973.82620571429,10076.5022690816,9965.22004163265,9803.83606020408,9676.91034316327,9529.60473469388,9528.54838632653,9471.41793408164,9682.88790408164,9725.88188306122,9267.26437809184,9403.2566405102,9847.81637551021,9858.18964357143,9806.08680918367,10004.1827969388,9934.30966163265,9862.63772938776,9671.48458857143,9793.04054163266,10091.026622449,9692.99440785714,9584.39710571429,9449.34812244898,9403.48103979592,9419.12263979592,9586.81186918367,9521.5948832653,9255.96483755102,9359.23086755102,9466.31368836735,9545.26047,9796.43231469388,9637.91971806123,9563.52463663265,9928.68001571429,9905.37204469388,9597.35341326531,9413.96095846939,9904.15576326531,9712.43874081633,9599.79102387755,9628.72012887755,9482.24425510204,9236.27202897959,9417.37401897959,9207.49242704082,9490.08287755102,9478.78484091837,9848.86578571428,9792.46624459184,9734.68611204082,9739.79973908163,9782.27812408163,9702.37813408163,10454.9136079592,10022.8935287755,10046.7390716327,9768.26295918368,9877.18742642857,9961.47116765306,9910.59100112246,10006.0114311225,9568.80770112245,9532.40763612245,9650.04664265306,9121.84555806123,9152.55977142857,9449.27975040817,9482.84910806122,9758.68168714285,9478.23153836735,9513.56385,9665.58686357143,10014.5647535714,9772.22728,10091.4221993878,9930.37110263266,9802.85800867347,9860.06733520408,10037.1477523469,10075.8348373469,10031.3909760204,10069.6678682653,9983.18389918367,10101.1096787755,10108.4919266327,9851.3408044898,9930.65035102041,9846.26905163265,9740.6770732653,9399.62751,9109.16447816327,9264.92089336735,9418.72249887755,9443.35497834694,9398.67816969388,9444.22951765306,9378.01455653061,9284.41496798979,9723.26638788776,9697.42713931633,10243.9786308163,9981.55644163266,10212.9492216327,9928.91021163265,9953.29208163266,9668.61378571428,9460.39551571429,10022.8124120408,9837.74191122449,9846.03718428571,9647.42144316327,10223.7962129592,9842.12279836735,9767.25190918368,9923.96430204082,9918.84327813265,9705.23327163265,9948.43936428571,9887.53715438775,9794.07376673469,9769.85976663266,9927.97971530612,10103.8790612245,10034.5227144898,9717.11193163265,9981.3322577551,10297.1229959184,10246.2217918367,9770.66131030612,10170.2132883673,10155.9551812245,10190.9820503061,10056.8831336735,9780.66033867347,9433.8799855102,9629.69048530612,9381.55458389796,9672.16822887755,9879.71936571428,9747.8625542653,9676.16044142857,9466.51384520408,9970.82905673469,9837.56862795918,9802.1110222449,9864.90522469388,9814.30049,9549.63615897959,9307.57908061225,9598.98456632653,9777.6430655102,9888.87124632653,9787.68987857143,10160.381529898,9828.65923489796,9767.7432105102,9740.94746020408,9503.03707040816,9405.66713469388,9366.46609897959,9250.69717448979,9525.44723816326,9719.13208673469,9472.88742918367,9479.62361918367,9185.3943044898,9696.7652072449,10029.278082551,9797.16190020408,10065.7397938776,9640.13842071428,9283.66762969388,9264.42110857143,9637.44426908164,9660.92082785714,10000.3427756122,9522.7418172449,9962.88684244898,9731.39690214286,9862.36647765307,9879.90140387755,10165.9808809184,9796.43446591837,9557.87739040816,9493.6536205102,9305.6919577551,9452.6857814898,9410.58050918368,9458.9780105102,10077.9296141837,10014.7769912245,9822.99363959184,9586.88423408163,9710.3653127551,10288.1944902041,9868.50805779592,9650.83907646939,9932.18773857143,9835.58956816326,9837.96644306123,9546.29100306123,9149.12788142857,9453.92419744898,9853.07999664285,9751.97599020408,9861.36611734694,9742.77458765306,9791.20658765306,9997.05128765306,10021.7310926531,10205.9125863571,10058.8067734694,9933.3993472449,9755.75428877551,9951.21745602041,9943.06667102041,10030.2515689796,10040.628895,10147.4218291837,10007.5269668367,9963.53809183673,10229.3861868367,9986.19531448979,10002.9455051735,9771.49852078572,9902.95898578572,9632.90518813265,9639.62519598979,9905.20515826531,10059.1128665306,10138.0462827551,10087.7674661224,9976.11224979592,10209.9048622449,10019.099974898,9881.59458642857,9820.0943265,10288.368926398,10195.6124571429,9962.24662122449,9668.13305183674,9931.59959081632,9805.75108581633,9686.63027183673,9668.10159734694,9514.27797173469,9201.51763112245,9679.69222091837,9685.4009744898,9863.06446530612,10114.8309916327,10051.6086452041,9598.09656479592,9694.12351520408,9423.8752527551,9936.12713989796,9838.85992938776,9982.38570438775,9939.71323397959,9886.15383387755,9598.0186605102,9314.83739091837,9652.30451030612,9551.23336530612,9638.84600714286,9491.54474377551,9767.286605,10145.57318,9776.66025867347,9769.99283469388,10076.2234985714,9734.95227928572,9781.95947673469,9523.71092673469,9743.01982173469,9833.97698459183,10007.715862449,9848.96121744898,9578.09368561225,9626.58949132653,10072.2536054082,9932.90255540816,9899.43382561225,9672.96564979592,9538.26826122449,9656.64147142857,9747.00808428572,9908.97631020408,9948.09097224489,9709.70056163266,9544.23198979592,9937.11863673469,9647.48582602041,9446.78135408163,9566.68525765306,9722.61946846939,9666.71442959184,9581.00914795918,9928.7845677551,9528.18352765306,9692.40855510204,9645.08190540817,9651.42043142858,9384.75179795918,9307.3483427551,9317.68923326531,9486.28270122449,9601.10929122449,10165.1277032653,9952.72636214285,9542.49661734694,9859.63938510204,9909.45427244898,9927.54257040816,9876.98639928571,9928.00931561225,10101.3325113265,9955.30343255102,9837.48987877552,10074.2639472449,10115.8490135714,10222.1550634796,10105.2815218367,9788.30729040816,9884.74804285714,9659.25925928571,9458.78379428571,9715.61416612245,9138.96109612245,9535.79683591837,9378.8514244898,9723.27465091837,9686.23305814286,9645.26867969388,9404.53432346939,9667.37762540816,9651.18958469388,9637.03116734694,9482.72586428572,9293.60299693877,9247.55580408163,9794.24828,10439.3816076531,9873.78300887755,9818.30337244898,9683.22005755102,9781.87692336735,9741.75837887755,10223.7744278571,10013.5675576531,9569.05978714285,9460.8602277551,9397.7275744898,9849.5062617347,9671.03333397959,10052.0738821429,9961.2753992347,9975.56410081633,9934.09041979592,10210.7972289796,10224.4732365306,10039.3481479592,10226.1916579592,9953.86875,9638.07636,9806.49299295918,10020.897427102,9617.93377132653,9608.70712959184,9260.52846122449,9312.17248438775,9495.48409438775,9828.05049003061,9893.81187003061,10150.3286491837,9856.04572714286,9868.85111806123,9854.62755387755,9964.10581306122,10282.6868907143,10155.5283323469,9679.25082581633,9550.89566706122,9710.18782806123,9716.06887867347,10169.6238022449,9576.1113472449,9667.45461714286,9741.75753236735,9881.13683091837,9940.24910153062,9955.93951020408,9385.85243336735,10180.4109172449,9931.27047469387,9728.97830612245,9463.02512428572,9217.30070183673,9512.80136795918,9622.34856089796,10179.1955182449,9901.78410306123,9740.62211530612,9912.2149055102,9792.38776367347,9898.87132612245,9674.71150612245,9593.13472908163,9756.34210357143,9506.86524806123,9629.84134030612,9828.52170326531,9705.90065836735,9732.52444336735,10123.0365942857,9418.14767745918,9481.00156295918,9713.40132622449,9824.77901306122,9633.30129806123,9511.85798091837,9637.43410030612,9708.48449285714,9662.0309527551,9953.0962622449,9761.49366734694,9665.04152346939,9456.57603163265,9942.98945102041,9580.41416530612,9728.49911530612,9498.58402163265,9416.07960295918,9667.24231887755,9673.3677977551,9761.12723061224,9776.23301061225,9706.91674846939,9971.04887459184,10157.8624041837,10547.7398473469,10432.9135772449,10356.303990102,10186.6572597959,10157.600195,10390.3781397959,10199.6374621429,10208.9692854082,10136.1347827551,10035.2839789796,10078.9659993878,9832.66942459184,9863.21649132653,9853.37611734694,9763.73078091837,9928.48891316327,9850.78091112245,10224.3082315306,10125.0601244898,10073.7694529592,9872.17378704082,9617.25393014286,9321.82955530612,9604.5102727551,9676.35937887755,9786.77709479592,9661.54118653062,9727.11151765306,9896.3071632653,10110.2403836735,10033.8458006122,10195.1815693878,10036.1077040816,10025.692114898,10300.811449898,10038.7631164286,9950.89459132653,9528.93736632653,9789.93417959184,9883.23649265306,9716.55187785714,9875.94974693878,9697.0945322449,9862.08285979592,9600.14756928571,9837.08701734694,9880.82811234694,9727.16566183674,9644.35283040816,9324.42042314285,9342.52628102041,9703.05201846939,9562.98096204082,9974.03136428571,9398.30820428571,9273.84739561225,9567.03405091837,9750.23839214286,9577.79372102041,9754.85346081633,9616.01187336735,9640.30795408163,9575.5061972449,9499.46949265306,9923.1908894898,10130.5154360204,9985.97982693878,10011.5043921429,10012.3555521429,10110.963655,10057.8066806122,10195.1853018367,9532.8993277551,9300.89809673469,9422.07016591837,9989.26099795919,10043.6224704082,10167.9487434694,10052.6960684694,9775.73412510204,9812.87177459184,10074.7221417041,10063.0227940816,10298.8609063265,9717.94394183673,9753.67752857143,10077.9904740816,9933.80080357143,9884.37709285714,10017.1403220408,10125.8981392857,10213.8435142857,9634.15236295918,9762.92936530612,9867.3783322449,9944.21292653061,10322.6311672449,9744.30302346939,10139.3749012245,10154.7091083673,9755.14910204081,9827.79029969388,10235.6683928571,10151.2999530612,9704.09315010204,9587.75686857143,9660.86186520408,9842.74432908163,9433.18692989796,10000.9701169388,10202.145132449,9984.77502026531,10103.1656763265,10175.4627840816,10065.0571558163,10410.0320436735,10165.7750520408,10052.2319961225,9703.32299357143,9972.34741928571,10033.0080336735,9782.2889605102,9756.49913663265,9797.05540141837,10092.7720135714,9827.58986357143,9768.31123530612,9469.10457122449,9676.68354612245,9721.66994693878,10017.9663857143,9826.87103571429,9982.54832571429,9707.32931520408,9723.84938520408,10058.3602635714,9713.55123163265,9639.93487918367,9861.10125234694,9794.82892112245,9683.9210272449,9716.19583061224,9456.18329306123,9677.52513285714,9494.69391326531,9493.9724032653,9922.4054572449,9637.08742908163,9780.71850897959,9765.81884642857,9685.33509795919,9671.14140367347,9597.72319377551,10101.7083314286,10011.3863239796,9679.39902326531,9578.41900244898,9605.17811530612,9237.54322397959,9456.95785826531,9567.73115326531,9976.24662244898,10062.9658867347,9803.99169295918,9945.87739397959,9958.90671142857,9612.0994805102,9573.0691505102,9816.7608755102,9663.93913938776,9483.98057244898,9560.01624591836,9820.52677969388,9776.84903887755,9801.97166632654,10040.1352163265,10136.1748306122,9835.89694183673,10128.3889257143,9794.49248198979,10110.9950434184,9615.75796382653,9745.44425591837,9628.99282122449,9613.75922513265,9851.77573367347,10049.9002857143,10101.3703938776,10030.8992214286,9772.49957653061,9530.0921655102,9617.41620704082,9502.37039795918,9306.54425683674,9507.63384877551,10058.8267437755,10206.3145118367,10214.8066776531,9665.88460204082,9585.19093255102,9550.68619867347,9617.31879806122,9507.14406714286,9565.32311244898,9628.20281938776,9237.72561765306,9577.45261765306,9465.03845765306,9735.71218265306,9875.98014265306,10148.8943590816,9689.02479438776,9541.81656178571,9639.24207755102,9378.17427040817,9429.90088142857,9815.67628387755,9782.47884040817,9807.42109142857,9681.89849857143,10172.995012449,9689.02739183674,9501.26554785714,9844.96692698979,10077.3252221429,9950.3547294898,10161.049150602,9839.6724577449,10038.6841280612,9964.74497030612,10207.6291323469,10045.2455918367,9767.93516244898,9936.24810989796,10167.3952528571,10147.3321127551,10121.4517418367,10083.1673955102,9922.46467040816,9638.32384897959,9826.73308744898,9577.48848591837,9507.96734091837,9701.14726969387,9774.02203479591,9725.06005193877,9934.17156336734,10049.2571758163,9817.35380714285,9670.5920744898,9504.48441020408,9629.01421153061,9684.49249428571,9625.50686469388,9592.03933061225,9717.81467857143,9769.3632677551,9866.38466122449,9673.74276132653,9369.50278857143,9287.69081806122,9315.97400346939,9470.11567826531,9772.82766530613,9697.86676571429,9828.12070581633,9596.16609591837,9655.60968683673,9884.24388102041,9754.12261387755,9690.60619387755,9782.86256765307,9625.06424561224,9476.01892673469,9535.28843163266,9865.47785714286,10026.4963843878,9666.339925,9459.42490377551,9095.40439408163,9105.01902877551,9514.94596520408,9560.31052520408,9697.82315071429,9892.04968520408,9764.87179234694,9585.06392244898,9867.17862260204,9917.65440260204,10010.2573483673,9338.53806142858,9551.3701655102,10298.3242183673,9953.08542581633,9909.18371020408,9705.96603265306,9598.57863846939,9509.62802959184,9431.43496142857,9148.09154367347,9308.6648094898,9380.65253091837,9343.52116081633,9432.29246591837,9713.05156734694,9745.26308806123,9641.6230294898,9721.1970972449,9898.45150489796,9643.9358855102,9858.090945,9961.89232326531,9270.55515755102,9064.35582234694,9550.60109897959,9519.06114714286,9302.26588704082,9316.54514438776,9006.65875683674,9323.25840317347,9466.24074479592,9576.57804091836,9329.39454683673,9139.58406683673,9241.39204816327,9342.08571765306,9230.96096265306,9126.01955316326,9396.06637571428,9421.82522683673,9600.87422683673,9671.03027408163,9957.81933428571,9783.6022627551,9936.61790122449,9916.7261322449,9648.76251204082,9830.64710204082,9633.41896204082,9821.18664326531,9964.80812653061,9942.51935806122,10147.5710846939,10020.8335783673,10043.8251394898,10197.0597005102,10084.2086007143,9699.5542072449,9512.98893969388,9520.42696428571,9370.5594622449,9675.90250989796,9498.88637193877,9528.35221367347,9516.87767265306,9914.54673469388,9804.38174581632,9579.0449,9743.72763479592,9373.11965551021,9354.81151275511,9792.32847040816,9406.06599897959,9529.55948877551,9278.01953877551,9279.39682744898,9161.672358,9370.65613591837,9303.04971510204,9402.1032,9647.84944642857,10064.6722147959,9481.54843530612,9576.74182622449,9837.45670306123,9542.52970918367,9693.04989795918,10008.8422173469,10029.4389914286,10319.7857157143,10076.1663314286,9887.97361397959,9830.19170408164,9529.54729775511,9538.82214918367,9684.39287316327,9660.99213081632,9427.95585377551,9460.84691734694,9628.96825765306,9809.83610938775,9824.33395408163,9728.74892244898,9846.27369285714,9934.63437010204,9753.76899112245,9829.32804153061,9598.05918897959,9454.64562755102,9708.43374969387,9431.14978234694,9616.55046153061,9564.86695438776,9684.29180632653,10093.5502842857,9728.04729591837,9658.46604806123,9654.93118918367,9902.81736265306,9646.92774785714,9679.78520071428,9806.54585632653,9425.81405857143,9639.91771030612,9872.46090397959,9576.6932405102,9670.05973457143,9600.52571234694,9565.76839408163,9884.23651010204,9963.63622897959,9990.02096387756,9847.62288887755,10138.51724,10014.6760158571,10369.4452387755,10105.318710102,9987.31378755102,10187.454305102,9923.23464173469,9911.30891102041,9887.87019591837,10041.7135543878,10018.3162846939,10060.2601795918,9589.11094897959,9700.57327897959,9789.91800918367,9400.76793959184,9585.6485082449,9842.0323472449,9770.21247418367,9757.20822418367,9725.66957168368,9914.48187581633,10114.7856806122,9997.26512857143,9894.66440387755,9878.78235714286,9910.1286744898,9627.8625294898,9883.09189122449,10003.4867504082,9799.23506020408,9769.27524081633,9725.05167581632,10023.4688378571,9901.57582673469,10040.7421717041,9968.09220020408,10068.6026159184,10147.1476259184,10033.5020059184,9801.41810591837,9877.75152836735,9647.86803979592,9467.44266530612,9347.9224202449,9744.70423183673,9698.11617432653,9554.55991530612,9738.29752959184,9550.41638040816,9800.02931147959,10292.0311777551,10118.9624073469,10064.2916683673,10609.7483115306,10143.6904089796,10041.6191131633,10072.7480391837,10065.9410317347,9927.90020010204,9770.28418091837,10185.5849666327,9774.75499255102,9869.30745061224,10041.9816439796,9671.93112153061,9988.64606938775,9488.73729704082,9259.67343673469,9240.35394908163,9303.54612867347,9555.88444693878,9563.62345387755,9839.44298673469,9903.43992857143,9892.49571734694,10129.2780826531,10271.5359257143,10214.1212588776,10608.9083713265,10289.4410518367,9981.66644979592,10291.3361863265,10067.3091754082,10157.714762449,9922.92416479592,9836.51473346939,9830.92628602041,9914.17879520408,9682.62660367347,9796.74900622449,9546.99686122449,9676.99952357143,9413.62508469388,9297.03606938776,9648.597355,9941.15093,9838.76895387755,9525.86865204082,9636.82514408163,9821.1154955102,9947.11086969388,9297.85479897959,9320.69030336735,9193.3866227551,9423.15339928571,9590.93319020408,9721.0406867347,9742.39435244898,9800.67980836735,9695.96350510204,9702.65758877551,9723.46254734694,9694.8931677551,9639.39278979592,9820.2345377551,9887.32171938776,9717.2581872449,9762.71754020408,9513.93754367347,9464.50625867347,9533.74978163265,9774.07222163265,9979.97664214286,9810.05975632653,9952.05414795918,9752.86400204082,9795.26829183673,10050.8241367347,9812.68955408163,9671.94286469388,9584.08850969388,9828.7258594898,9639.48538316327,9610.9976672449,9769.44128540816,9932.23845989796,9956.89520183674,9878.71702561224,10002.7779693878,9958.33351938776,10089.2088435714,9974.76052081633,10023.3098058163,9958.39073581633,9779.11353071428,9804.59926877551,9755.85694173469,9574.12374591837,9788.63075816327,10166.3325520408,10164.436077551,9935.95465714286,10084.8429408163,10065.336654898,9841.14076387755,9866.70284897959,10265.5825211224,9848.54457653061,9907.40840408164,10195.7489227551,10277.0508041837,10164.0654608163,10026.3860873469,9764.58853979592,9920.18587520408,9848.43692420408,9480.81630510204,9339.84630010204,9191.22351510204,9215.37933142857,9450.17909469388,9459.05148469388,9809.46161785715,10069.7171166327,10061.0357616327,9721.09153106122,9786.90118806123,9865.93192806122,9813.99295806122,9669.96008979592,9545.60108163265,9534.97908704082,9650.87489387755,9897.61318142857,10021.7654031633,9694.63963816327,9875.76450816327,9585.62897448979,9512.41725306122,9459.42728102041,9532.24725102041,9663.57242244898,9637.68019622449,9731.72840972449,9810.81698877551,9752.84515469388,9730.69110551021,9513.96407653062,9292.79946122449,9551.34233632653,9845.44457346939,9754.23077622449,9620.70476979592,9717.52588846938,9631.8585272449,9484.71159428571,9913.87148510204,9955.68729897959,10079.8385389796,10039.7919767347,9851.12768102041,10171.252957551,9849.30161234694,9899.77807663266,9614.9348244898,9485.04365021428,9497.73668528571,9464.46568469388,9431.07529469388,9197.77291040816,9490.35327734694,9406.1721632653,9496.74745632653,9603.56359540816,9694.12353653061,9400.09915418367,9401.33075918368,9636.09438663266,9706.92910857143,10126.9489661224,10180.9083607143,10254.3418932653,10119.4162434694,9972.77924561224,9990.663115,9800.07421459183,9341.09962673469,9597.92397081633,9653.07059346939,9948.59692346939,9613.86068673469,9724.25887244898,9311.49083979592,9403.43385816327,9321.46793714286,9799.62023377551,9512.74047877551,9766.8325972449,9641.84323183674,9530.04319183674,9330.84709183674,9449.27481438775,9567.95575102041,9242.49998602041,9423.93718683674,9610.01009326531,9589.48720989796,9542.05101979592,9685.40441846939,9997.12532918367,9644.77256530612,9469.5949977551,9332.1353877551,9449.64284020408,9809.30951020408,9437.95914183673,9295.56430346939,9357.04752346939,9342.97969959184,9707.5399572449,9525.76462448979,9469.3132394898,9566.92464846939,9647.18468632653,10165.9734783674,9791.92068642857,9510.0775605102,9385.54965469388,9401.63291734694,9229.74063234694,9532.99203367347,9341.24650029592,9278.7969642653,9199.13284867347,9159.59085489796,9186.54324091837,9545.75977755102,9703.46093622449,9509.64970397959,9404.3955672449,9286.44643367347,9268.89812084694,9487.27747591837,9197.37857081633,9831.76020755102,9602.13074622449,9679.13963622449,9663.70588163265,9686.87714479592,9272.33442642858,9353.81639397959,9727.37353010204,9264.39902244898,9400.29417316326,9330.99326530612,9853.10767244898,9592.57855153061,9485.09342653062,9315.5125122449,9648.54687479592,9630.61826122449,9593.0445322449,9688.12371535714,9876.65786153061,9708.34309265306,9799.19156867347,9725.07889632653,9919.99463918367,9977.48043020408,10074.663542449,9794.05530510204,9817.04843377551,10585.2802433673,10090.544372449,10146.9540645918,10054.5673007143,10011.1800057143,9754.55425663265,9897.17212418367,9361.18756153061,9330.48470530612,9484.11274010204,9134.37808540817,9134.20593591837,9253.90962591837,9256.83094459184,9470.64890852041,9411.80630734694,9701.52443122449,9816.26368632653,9454.37762040816,9593.32775806123,9444.87144663266,9545.61408489796,9614.16898265306,9627.66505806123,9515.7570127551,9567.22031785714,9618.02945285714,9670.34861826531,9542.46473326531,9697.39624826531,9803.90984285715,9890.22237755102,10140.567565,10122.13933,10120.7004639796,10065.1808112245,9891.90008459184,10505.9306119388,10159.0327306122,9659.37925094898,9544.08085469388,9352.78625714286,9351.22664653061,8966.58165306122,9400.30736418367,9578.73890204082,9363.56457428572,9466.76350653061,9520.32883653061,9474.61683265306,9463.97216408163,9741.20351663266,9777.28207663265,9822.14555520408,9882.82766122449,10001.0133585714,10079.9930437755,10071.8329143878,10174.1230637755,10040.1773372449,9628.43754612245,9818.46742928572,9670.73312877552,9561.98355040816,9566.07429530612,9800.53322265306,9797.35243571429,9802.77797959184,9873.13204469388,10119.2136996939,10029.2857196939,9688.0831544898,9829.49395,10020.340840102,10202.3495941837,9994.61258418367,9997.02616418368,10162.6168520408,9802.77148071429,9703.60875918367,9525.87656683673,9503.13084433673,9583.59289683673,9855.67744183673,9819.06367530613,9908.82539040816,10095.7583891837,10005.7678141837,9904.61694265306,10091.3325057143,9794.92680602041,9782.53670989796,10101.5803979592,9922.34624612245,10008.3682531633,10010.3680861224,9810.67838311224,9990.32215846939,9939.08337755102,9889.09641479592,9962.27391081633,10203.495942551,10144.5159970408,9920.7504872449,9617.64214295918,9388.87755520408,9435.2713960204,9460.53767602041,9589.30247489796,9696.89916591837,9471.92181591837,9373.1624905102,9672.71986469388,9174.30122887755,9094.27805346939,9203.8160377551,9351.98766938776,9883.73250204082,9576.32262071429,9584.97638397959,9551.49609020408,9538.89825469388,9806.0616244898,9593.66526806122,9585.51175510204,9606.88643877551,9572.88707959184,9386.96144989796,9322.64406428571,9376.36480183674,9480.96333071429,9404.50698836735,9329.28105142857,9694.81744102041,9719.45360663265,9284.94758540816,9170.08579081633,9142.61546653061,9563.36094387755,9772.74787653061,9322.83089640817,9264.94035253061,9250.39194530612,9335.45621367347,9494.09223785714,9364.10275918367,9257.23618244898,9418.76779673469,9338.40507500001,9695.26585204082,9733.48232734694,9898.52163867347,9664.95641632653,9610.03423642857,9561.75219561224,9487.55245020408,9921.0229965102,9895.42292661224,9937.19699171428,9591.13145642857,9648.02641744898,9673.32328010204,9510.68607040816,9460.81776979592,9310.87104306123,9416.9426194898,9281.44915428572,9429.6620789796,9844.27235244898,9836.10396173469,9906.80016663265,9979.59598122449,9845.91367367347,9856.49039010204,9598.07071979592,9672.59146918368,9921.25724408164,9910.6056982653,9814.60027122449,9735.7481132653,9548.14880408163,9545.55748336734,9572.20279336735,9705.65835020408,9571.3,9569.91896622449,9361.1760094898,9328.7193505102,9667.91066081632,9822.45314969387,9934.61097091837,9979.87916785714,9823.79496581633,9963.68827346939,10035.7450359184,9980.17140816327,9856.16859948979,9870.6828294898,9715.08061387755,9430.07292913265,9235.56238372449,9809.73706122449,9801.76102122449,9839.78413306122,9527.02544285714,9308.32219653061,9612.96122010204,9940.50728265306,9606.5662744898,9972.70739693878,9834.47630204082,10022.2845379592,9784.60736244899,9618.23910744898,9785.86964244898,9664.57161132653,9733.92355540816,9840.80029540816,9592.89894193878,9658.9443420102,9526.8017970102,9599.4270270102,9767.26787782653,9990.46670357143,10048.2677837755,9879.04787142857,9822.37942102041,9616.24755244898,9993.06959846939,10033.4797897959,9574.00716755102,9617.35948571429,10050.2102326531,9774.55356826531,9588.34709693877,9734.42027816326,9813.78455204082,9654.81222744899,9789.26130530612,9631.7246282653,9973.94210888776,9592.41210295918,9749.58632102041,9829.48484438775,10088.9530952041,10207.4995226531,9653.26622285715,9807.70000306123,9625.05174785715,9920.88310918368,9706.31494520408,9656.08281918367,9804.30089816327,10010.921715,10082.0584218367,9981.4114172449,9802.06594591837,9834.93829469388,9949.1913,9898.99080867347,10016.5216694898,9855.89983734694,9589.15749367347,9879.42164295919,9867.63586295918,9711.78232155102,9456.50851938776,9468.95106938776,9896.30115663265,9464.63380744898,9495.42096204082,9745.71209173469,9822.67629948979,9566.3091644898,9773.5311727551,9743.50358142857,9895.65296020408,9902.35848877551,9600.46115642857,10090.5147697959,9644.87512112245,9739.28541122449,9744.60338231633,9860.03121836734,9604.44555765306,9684.38165306123,9823.30199183674,9811.5473622449,9416.37917316326,9771.97176795919,9665.0427755102,9685.30568642857,9804.16796122449,9906.89402642857,9757.67819275511,10018.245722449,9830.25514081633,9749.09035846939,9756.678455,9717.34982102041,9674.64581387755,9787.67477846939,9767.8629444898,9699.47263163266,9435.67518367347,9580.95770693877,9280.09278806123,9374.34849346938,9361.44767306122,9482.87213183673,9468.99149704082,9893.81962693878,10127.0350510204,10108.6052771429,9825.52681816326,9926.37402969388,10047.3718223469,9866.63089489795,9795.68595326531,9791.95212244898,9808.14277836735,9698.21707469388,9832.24215459184,10173.6040129592,10097.4664622143,9792.83003295919,9707.17478295918,9600.57498704081,9627.54791632653,9917.44801591837,9951.46090340817,9949.35877806123,9689.79771969388,9647.75777071428,9625.71185622449,9772.09344571428,9707.67479744898,9975.44404744898,9463.39743520408,9808.79785959184,9497.31835377551,9645.98220938776,9573.36106938776,9456.54672836735,9562.9219160204,9802.17547438775,9756.17565918367,9781.55138326531,9389.43568306123,9633.96033142857,9232.55887857143,9225.55729122449,9447.40358612245,9733.16956285715,9728.98626051021,9596.94510622449,9425.03058897959,9473.26487448979,9988.11958928571,9917.35829285714,10125.125055102,10537.1762673469,10366.1813685714,10283.5167336735,10290.0960753061,10068.5423427551,9754.84744163265,9822.41471387755,9717.50481030612,9750.29395989796,9421.00554489796,9593.78337306123,9330.38768102041,9324.68822316327,9916.06942346939,9994.81645438775,9874.41892959183,9649.83992653061,9847.35239295918,9947.32255489796,9966.05596795918,9969.12248653062,10047.588710102,9655.86138795918,9680.75804142857,9851.08866142857,9607.87198642857,9721.26529714286,9768.75016122449,9566.56129122449,9648.39426122449,9780.36579571428,9960.070325,9836.20688673469,9867.51645714286,9394.74001295918,9374.65125071428,9480.70929959184,9793.23331295918,9647.4169317347,9707.53530081633,9921.86018581633,9876.7598705102,10075.9435771429,9966.14027530613,10171.6308788775,10050.1030426531,10152.7572102041,10142.9763589796,9895.46698714286,10199.82353,10030.8561763265,10113.9011263265,9863.15755795918,9907.78823683674,10009.6670346939,9709.89965153061,9795.21045285714,10177.5807469388,10288.4251897959,10376.6132280612,10156.0162891837,9872.55359561225,9851.86099102041,9790.67390765306,10285.4790287755,9906.78118663265,9739.47474908164,9846.03209908163,9714.13025204082,9652.66817020408,9782.64162306123,9765.54167714286,9963.44346428572,9560.54443540816,9654.33535510204,9428.62950367347,9245.68421,9581.45721071428,9325.72525030612,9576.42351928572,9732.30678755102,9697.38010163265,9495.00616806123,9542.5537844898,9841.25195979592,9795.32340102041,9689.26700387755,10066.1676658163,9823.75183814286,9880.00335265306,10088.1967,9741.98753408164,9701.28372632653,9709.34104367347,9721.81359081633,10259.3676319388,9732.462355,9718.38673326531,9864.81086530612,9742.14644561224,9747.74000897959,9515.90974051021,9566.72454622449,9536.73112816327,9467.2077122449,9355.5227172449,9132.19999346939,9643.71151846939,9361.73382377551,9375.64471357143,9589.02792581633,9770.19295581633,9718.65596836735,9734.66446428571,9871.19523428571,9602.95277377551,9878.73033622449,9620.23410928572,9627.06907020408,9898.00958091837,10473.4575244898,9934.86849,10004.243335,9777.60692693877,9463.13463408163,9940.63993265306,9411.79515683674,9732.68763102041,9782.14652959184,9554.7297222449,9485.80803887755,9562.77886867347,9339.57256969388,9548.29566989796,9778.29178265306,9778.22742142857,9816.86423447959,9898.93228978572,9714.13413243878,9987.55303570408,9941.6877277551,10039.0642713061,10009.5793770408,10564.9060010204,10250.0902919388,9858.01130693878,9921.07503979592,9825.76304479592,9651.14049418367,10097.8839117347,9993.41647663265,10215.5195040816,9972.90747897959,10014.1642839796,9760.87831846939,9895.37400071429,9789.89405,9722.17856979592,9709.99594397959,9599.75924795918,9539.6433994898,9982.39977891837,9818.72054983673,9539.22755085714,9699.51027132653,9595.92689918367,9279.57304295918,9326.57051795918,9392.25326836734,9388.5765789796,9766.61359897959,9714.4680377551,9780.77423561225,10022.7835890816,10201.9343867347,9834.94104438775,9395.89135510205,9566.49027071429,9425.40460571428,9300.89980571429,9616.14853571428,9674.94973571428,9192.00365795918,9252.78828979592,9667.06554367347,9914.72620714286,9860.03661122449,9946.11035,10402.7909581633,10118.1378852041,9966.09293520408,9883.77380489796,9678.09102989796,9503.95964489796,9658.68990510204,9760.73732408163,9538.54678316326,9493.60056183674,9736.34458928572,9540.34162132653,9681.11124857143,9975.02253816326,9782.02699806122,9550.3501377551,9697.26692541837,9974.69887693878,9903.75381632653,10165.7214926531,10121.6656183673,9856.77820404082,9689.17923683674,9359.73515683674,9718.36173367347,9685.49865653061,10510.6201110204,10040.6968779592,9857.52917367347,9797.66696744898,9834.46254785714,9698.91134540816,9946.72136857143,10069.3858693878,10105.7252214286,10111.5393204082,10142.2367770408,10009.734102449,9994.19041051021,10122.0517755102,9956.67413775511,10158.6587093877,9928.26109489796,9962.24265234694,9990.50346020408,9825.84335102041,9785.88239520408,10298.105235102,10308.3960090816,9798.90458714286,9765.12150693877,9548.48820387755,9790.5269532653,9619.45739183673,9585.3819922449,9589.71080265306,9431.7489277551,9845.95956285715,9676.22082591837,10014.9932632653,9729.95173581632,10152.3369068776,9936.33329377551,9539.03855632653,9968.82126265306,9336.86407928572,9566.07185918367,9685.01238938775,10319.4121380612,9804.66368397959,9510.67029744898,9805.63655469388,9859.38659795918,9565.86444397959,9620.7468117347,9506.42979540816,9415.26095673469,9358.68255408164,9329.58698061225,9388.01421918367,9588.26822938776,9561.11703540816,9629.90695468368,9760.58603581633,9478.65434622449,9763.25415479592,9760.22981479591,9764.87895979592,9774.59856153062,9516.58520102041,9694.56333877552,10050.8439612245,9685.82571448979,9625.53900918367,9478.52126831633,9392.18959040817,9537.63078479592,9499.34492836735,9524.7581539796,9117.9989327551,9024.28718795918,9659.41170510204,9724.07453234694,9935.40792367347,9579.34811622449,9584.98134795918,9422.47594479592,9323.31171897959,9309.57932397959,9331.53247091837,9283.66964489796,9430.21369214285,9058.29668411225,9584.48881234694,9887.43041214286,9763.35756285714,10075.4563722449,10131.4304933673,10117.3762959184,10016.7814509184,10052.2081986735,9945.02466632653,9700.48345653062,9944.61535306122,9549.41253632653,9515.68320612245,9848.73888163265,9493.85900438775,9464.28110193878,9176.37935153061,9263.67483632653,9215.28041959183,9630.66706428572,9886.54833438775,9863.80126938776,9690.90615734694,9718.20897377551,9455.28716642857,9619.90628683673,10049.55366,10122.0692438775,9924.75994897959,10087.5528857143,10079.7954357143,10173.2858658163,10122.5994034694,10115.1834668367,10257.565834898,10084.043269898,9913.96180561225,9907.34533285714,9805.42953183674,9530.17293489796,9451.37986989796,9198.01942989796,9458.10035693878,9639.099045,9679.76010112245,9850.17194051021,9724.02764081633,10035.9903731633,9986.91082255102,10121.4808133673,9936.76267540816,9975.46860979592,9566.49025132653,9793.35276826531,9753.61050510205,9637.72105306123,9671.7997939796,9906.8689194898,9751.25610438776,9621.03466663265,9836.06521897959,10056.1458890816,10081.594277551,10330.8146244898,10074.1151338776,9967.81771209184,9880.33380295919,9474.74879479591,9690.23709387755,9579.81021540817,9757.36475530612,9513.03438632653,9554.57261,9307.313825,9276.679895,9545.346755,9637.70033520408,9369.82943061224,9500.61219561224,9254.20446653061,9466.46873612245,9604.04376367347,9692.68532663265,9673.2700377551,9967.49130753062,10010.418571102,10192.9865632653,10261.1010710204,9954.23193602041,9833.16203602041,10034.1623981633,9982.18547387755,9767.76286530612,9854.87136061225,9671.96695857143,9573.25830408163,9991.41854806123,9818.83986612245,9941.56968836735,9730.30791704082,9958.43001489796,10097.8859522449,9572.76701122449,9488.67673673469,9514.64128412246,9561.83798561225,9383.96811561225,9413.57328163265,9498.23037071429,9314.47663785714,9317.51806142857,9335.24632142857,9288.70242020408,9175.66282336735,9378.86077336734,9547.774195,10001.8067013265,9742.82625785714,9617.88462693877,9366.12589734694,9196.59287959184,10125.0547397959,10215.8666354082,9964.4611377551,9926.84021326531,9821.57636836734,9883.68050836734,9937.327675,9914.5058972449,9961.05501572449,9881.74600918367,10005.9861285714,10269.9530352041,9929.36968316327,9900.13695306122,10035.2635276531,9928.42306163265,10037.9846718367,9780.19078377551,9571.56112602041,9643.52478979591,9594.26218668368,9528.14608887755,9756.41619020408,10082.1149037755,9736.43814816327,9410.56355806122,9432.70175316327,9460.85624408163,9230.10836539796,9410.68535989796,9445.30542928572,9441.4874639796,9716.59855897959,9798.85366938775,9936.75345,9816.61786530612,9917.22379071429,9811.49691836735,9643.04672581633,10032.0290756122,9943.52959540816,9740.79299520408,9521.78812785714,9705.75304785714,9486.19451285715,9896.84274285714,9740.4576622449,9606.62395816326,9454.2534872449,9666.61754316327,9798.42613122449,9675.88638469388,9452.94405612245,9528.02315193877,9695.97905224489,9876.26824795919,9754.41373489796,10050.0955453061,9906.56265755102,10218.9783347959,9811.27559193877,10080.2718785714,9770.07710591837,9572.98013744898,9870.10397159183,9918.10196887755,9932.20371510204,10164.6099237755,9855.6466444898,9952.33772142857,9947.45400826531,9947.3925817347,9841.01694857143,9719.92473385714,9898.55262397959,9961.98137387755,10246.7414938775,10198.7868091837,9993.12724816327,10116.0300530612,10027.6798482653,10033.1572326531,9711.93557887755,9793.9769,9651.97209316327,9761.55680612245,9727.63573163265,9841.51605918368,9744.31975193878,9615.29699326531,9768.21067469388,10088.3324565306,10121.7341360204,9940.02342408163,9827.64180959184,9474.04508367347,9279.45358265306,9157.01280408163,9193.71641122449,9555.99795857143,9763.06972928571,9639.93014173469,9873.7708572449,10114.0906367347,9958.16356428571,9860.30995397959,9840.77340816327,9723.89096316326,9974.7784244898,10103.2713494898,9997.44190795918,9732.01206244898,9823.68857091837,9598.65998091837,9694.84097734694,9227.06553836735,9139.61294826531,9380.27825540817,9285.52965306122,9410.35185306122,9974.95753806122,10054.3747992857,9566.21421428572,9453.66140540816,9862.3110832653,10146.4790755102,10006.5624529592,10023.7600469388,9973.54777346939,9689.83182459184,9533.05095948979,9667.54194091837,9559.50441877551,9827.26632102041,9857.15443051021,9651.02870510204,9891.11235367347,10305.064300102,10174.2326736735,9886.84003438776,9932.45598489796,9899.62862142857,9625.31875163265,9723.13114530612,9697.54054714286,10087.5556348163,9970.57514581632,9709.2178022449,9567.31081367347,9499.40514040816,9786.4929617347,10196.6344467347,9748.96088979592,9975.07041122449,9729.51848979592,9666.36937448979,9766.12873387755,9456.70916734694,9465.64737744898,9429.19075234694,9696.07973153061,9816.82342326531,9810.03504244898,9615.9538822449,9799.80893153061,9902.85243979592,9886.38392326531,9972.66528632653,10019.844817449,9670.81770571428,9451.77485397959,10019.2096663265,9343.80013591837,10034.5822659184,9813.05363673469,9881.95788469388,10078.2588562245,9949.21901887755,9847.4327817347,9945.04993622449,10109.2336331633,10077.9694308163,10189.5130908163,9664.65279622449,9770.43977010204,9762.22464010204,9556.5357832653,9568.82602153061,9659.06945683674,9506.77963132653,9692.71545795918,9685.83431918367,9759.97744561224,9695.78032959183,9822.50559183673,9791.95327142857,10072.8254234286,9962.49884112245,9855.3984044898,9721.98607785714,9750.92436530612,9937.24654204082,9822.94676428572,9946.95804285714,9983.21033979592,9958.2198867347,10032.2577527551,10602.0731633673,9874.23959653062,10049.3359394898,10388.2912642857,10082.5400411224,9901.33164663265,9901.2297022449,9708.95193071428,9946.23386112245,9924.37659234693,9580.1703194898,9562.83483153061,10119.5299208163,9600.02683469387,9846.00073163265,9682.87206938776,9588.69625306123,9769.52982571429,10101.793776898,9756.64382183674,10109.2452708163,9546.33587214286,9958.74319035714,9732.6063255102,9968.83827163265,9694.76966673469,10130.2846479592,10094.7368357143,9936.97141683673,9992.49824673469,9945.60625285714,9663.79900102041,9823.95798061225,9892.84252911224,9902.66429397959,9543.35927244898,9174.69589969388,9172.64627551021,9155.01061877551,9499.18269040817,9740.37016448979,9628.34927205102,9527.77573908164,9471.62213428572,10169.9013787755,10028.7667715306,9826.97260071429,9415.72437857143,9330.91315591836,9462.60255191837,9381.69256691837,9477.63487241837,9517.22785091837,9380.59202336735,9466.93860877551,9570.03170612245,9737.82890826531,9694.99801326531,9618.36024989796,9948.42227489796,9778.29015928571,10037.8654687755,9805.65930959184,9931.03527959184,9556.48790908164,9583.19048638776,9665.00992367347,9601.96281357143,9622.32134479592,9636.90780663265,9609.52655112245,9898.16827428572,9782.50959214286,9533.73288663265,10095.8658323469,9849.31704612245,9532.02346112244,9496.96275102041,9636.53382755102,10157.5790969388,9857.59770306122,9866.46575408163,9996.02227142857,10079.7090362245,10047.7966281633,9803.63724510204,9641.2246394898,10059.6649957143,9898.53931571429,9785.02812336734,9733.80554357143,9674.51179285714,9649.08923285714,9808.21637663265,10003.7032566327,10062.4428193878,10206.5278893878,10349.6154393878,9947.39675438776,9801.46830938776,9878.65558938775,9679.23667744898,9851.5848994898,9691.7996344898,9806.53730479592,9982.6031222449,9672.55105918368,9677.98062295918,9639.73490653061,9431.10711826531,9847.31419183674,9537.84741020408,9555.32002432653,9919.13439687755,9537.13329122449,9888.76580969388,9918.86455867347,10346.2956916327,10308.1538997959,9870.93638397959,9667.38570122449,9832.46131785714,9425.52868816327,9638.73448795918,9654.26048346939,9793.48783377551,9772.29211234694,9956.72849897959,10017.9719989796,9790.82755408164,9464.52104469388,9641.35893448979,9873.20025765306,10150.4854680612,9726.68219122449,9919.80948418368,9860.73852377551,10061.8627679592,9925.54811622449,9945.92409183673,10319.7147928571,9902.50717589796,10420.7052803878,9977.39438397959,9796.37634867347,9417.78950704082,9515.19670032041,9700.39748093265,10058.7018866327,10450.8236336735,10149.2999163265,9802.12222346939,10162.9993130612,9665.76439806123,9720.49186795919,9692.38555928572,9878.70032387755,9662.65542295919,9622.65405744898,9638.2337022449,9753.33083602041,9867.0347694898,9704.15724969388,9755.01682586735,9825.61400306122,9729.62679255102,9815.05988642857,10183.1337093878,10018.2060605102,9980.84026357143,10070.6175163265,10015.0422213265,9721.21559408164,9411.27832040816,9739.46584520408,9521.6221455102,9724.70414897959,9737.77943744898,10127.8870912245,9772.65997387755,9731.51472040816,10173.5371784694,10023.3675523469,9958.59737265306,9919.82941153061,10026.9355026531,10060.887277551,9766.70103989796,9925.73178163265,10118.7163666327,10194.1251151327,10206.4154377551,10110.9965592857,10023.6967836735,10083.1827717347,9798.96403265306,9182.89312479592,9751.78177928572,9688.71041664286,9810.09898714286,9816.43333693878,10137.2039364286,9964.05860571429,10247.0344302041,10283.2422382653,10030.52803,9628.05964081633,9620.52307551021,9772.21607857143,9828.42695,9938.94805204082,9378.67633948979,9318.04403030612,9486.99966561224,9551.11435795918,9932.06973357143,10074.2331794898,9732.20171132653,9718.96911795918,9966.52554959183,9982.86905877551,9639.3324227551,9759.34193673469,9693.05477459184,10138.6485445918,10043.2780733673,9926.84422163265,9728.36742938776,10023.1741996939,10107.8224591837,9909.94327897959,9976.63179336735,9858.85294071429,9033.43477010204,8951.1613717347,8856.6531227551,8999.04667265306,9080.22826734694,9365.65783183673,9329.738515,9592.21962418368,9753.64863734694,9444.63842234694,9269.0010205102,9343.15957040816,9493.065975,9590.2351225,9391.305415,9302.74305734693,9459.28499204082,9548.98449306122,9669.7783867347,9704.73545102041,9954.31791602041,9715.17211836734,9751.5959994898,9767.57830867347,9450.62557040816,9973.42387683674,10056.2386773878,10045.8370110204,9684.57187908163,10022.5608839796,10029.1310581633,10452.5658217347,9981.94181020408,9817.12057591837,9768.92552387755,10009.9146238776,10235.4630258163,10164.1946941837,10064.7830677551,10080.6603096939,9876.83260153061,9658.01697846939,9742.07511112245,9581.90274693877,9574.53191408163,9527.36558897959,9508.22579163265,9105.81659102041,9155.99118602041,9217.59321479592,9516.47716153061,9475.65248653061,9601.65915112245,9674.47271010204,9763.9480444898,9516.7755094898,9248.72492969388,9523.38610581633,9462.80465622449,9650.70699071428,9543.25219734694,9920.34288816327,10182.1877319388,10053.5015769388,9871.22462693878,9864.31972632653,10378.1827336735,10128.5026223469,10093.6328680612,9965.95584265306,9879.5137722449,9760.57683326531,9807.69793826531,9647.21156683674,10209.1554856122,10155.2459666327,10023.3501214286,9611.36153040816,9420.88720122449,9629.82498102041,9602.25628367347,9377.31505520408,9513.85018183673,9204.2641105102,9636.04358377551,10155.4500618367,10066.3075668367,9964.03668755102,9608.4266172449,9551.19332479592,9773.97834204082,9737.25119020408,9761.25193428572,9915.64774928571,9747.51098877551,9780.89416071428,9925.35336602041,10310.6038714184,10303.55645,10185.1644242857,10134.4657881633,10020.7905256122,9766.63710561225,9793.34936061225,9815.21402030612,9603.58024030612,9315.52372202041,9558.23109283674,9791.41635469388,9786.36835183674,10033.4051641837,10168.7928713265,9787.72164734693,9814.98995663265,9725.74732836734,9559.03658571429,9733.51825285715,9330.87298265306,9178.98083265306,9245.63079959184,9204.56832612245,9446.14244438775,9690.6842477551,9872.55929489796,9780.6617505102,9940.24746071429,10144.2718090816,9979.10385836735,9948.59714826531,9582.66537295918,9721.27423163265,9504.28626887755,9566.67162857143,9559.02740408164,9434.40306517347,9347.91985397959,9591.93365112245,9877.89780795919,9746.50164612245,9735.47015704082,9587.63337704082,9731.44668704081,9932.99655948979,9895.29593632653,9771.10922663266,9754.15938183673,9728.0890475102,9637.38662653061,9852.56045153061,9914.23321479592,9554.93365326531,9755.52542,10052.8874744898,10267.0721460204,9705.12795540816,9750.9688072449,9882.28561336735,9712.20007040817,9946.6858522347,10115.4322090714,9754.42824591837,9984.83033030612,10095.4512160204,10062.9542296939,9880.68851938775,9663.14921338775,10022.9371122449,9847.9124622449,9841.46176632653,9894.45238132653,10111.6166357143,9989.28082244898,9726.2555622449,9638.46792204082,9956.54719438775,9949.06519938776,9908.89361989796,9357.26623561224,9428.02043642857,9178.39968561224,9205.58743806122,9598.77184520408,9661.60606857143,10217.0103626531,10493.6517118367,9776.0662027551,9948.52136877551,10059.2483622449,9769.92692051021,9884.3440494898,10097.410867449,10204.9736765306,9928.17377040817,9752.86637857143,9652.82452795918,9788.35675061225,9549.74507112245,9539.94657489796,9941.14480479592,9748.07640979592,9728.76389040817,9651.10452989796,9549.30335918367,9886.04629061224,9875.58917173469,9786.39286193878,9952.68725959184,10198.4263673469,10035.242552551,9846.53179132653,9931.23723693878,9780.96130520408,9668.59402,9662.20480765306,9711.16030765306,9765.50830765306,10010.7133795918,9333.45785897959,9529.80104397959,9871.64154714286,9645.62438540817,9724.33660204081,9869.59765204081,9752.29181061225,9780.44917540816,9397.65189591837,9463.22441326531,9707.72947887755,9665.15525714285,10018.1253071429,9922.77580816327,9906.09106393877,9880.37040102041,9660.15769242857,9690.24148683673,9858.13097357143,9715.78579102041,9814.86244163265,9688.83924244898,9835.51123102041,9674.88382132653,9559.04346887755,9252.64481112245,9489.45288826531,9474.98702826531,9717.23726214286,10062.432945102,10048.8077394898,9980.44967346938,9754.32130306122,9702.18018806122,9864.67824989796,10007.4404754082,10202.339122449,9735.65763061225,9991.05041268367,9706.96439428572,10013.6550734694,10226.038442449,10180.1509215306,9997.74606530612,9885.17941469388,9619.12068469388,9539.09958469388,9665.4291,9640.44509908163,9648.95852551021,9618.69782551021,9642.82953551021,9687.18530051021,9902.79375469388,9896.05049908164,9880.35795397959,9748.67480846939,9700.54821122449,9608.51399438775,9746.88348091836,9834.01185091836,9763.90486163265,9806.70474969387,9735.98448469388,9685.7414577551,9697.16966091837,9682.4446255102,10019.3984523469,9920.72110530612,10106.0293183673,10138.4402997959,10028.8166314286,10333.4451564286,9763.12009887755,10152.5761581633,9955.26133959184,9923.00792602041,9900.34236632653,9997.09174897959,9795.67412767347,9764.7425372449,9633.51127581633,9611.56285734694,9780.42738459184,9780.05473153061,10049.436534898,9132.23638040817,9252.86688520408,9371.68712397959,9057.27557397959,9496.78891286734,9042.37669346939,9606.83295346939,9762.86545346939,9684.71688846939,9906.95135346939,9848.54338887755,9751.98697438776,9596.1760427551,9891.0111677551,9892.24408020408,9825.55529520408,10029.2927182653,10000.2584132653,9961.2738982653,9993.78729214286,9837.28156091837,9816.53282989796,9916.66849744898,9834.30465132653,9758.08747785714,9597.08332836735,9511.65438744898,9501.86673163265,9701.50047612244,9742.85626316327,9777.29342204082,9744.47817877551,9993.14071714286,9574.98460010204,9952.15238897959,9917.37124214286,9828.0434022449,10012.634674898,9927.02772142857,9828.55334632653,9908.59109102041,9736.55341938776,9655.19811530612,9499.66360591837,10173.8455873469,9921.0504205102,9896.0842322449,9900.19035816327,10102.6065660204,10170.7231110204,9695.42020602041,10004.8257673469,9934.15771438776,9685.10188418367,9687.76270755102,9743.04057214285,9795.21446346939,9678.50674,9695.27450918367,9982.34498673469,9907.04515234694,9899.92347316327,10011.0599606122,9758.09119836735,9699.40826836735,9773.78691836734,10235.8239683673,9831.44266247959,9661.25777102041,9659.43436428571,9662.72648367347,9994.27405204082,9907.97231806123,10094.6557008163,10242.3291286735,9853.59079489796,9288.4148594898,9277.08179735714,9473.01258285714,9384.88562673469,9768.13270755102,9454.49796642857,9559.75461561224,9983.42578887755,9713.65175091837,9551.58654928572,9849.64957142857,9799.28702336735,9593.70234806123,9318.79728714286,9235.68817655102,9540.93260887755,9497.78598744898,9660.55720204082,9644.58103775511,9805.53923887755,9637.63101387755,9749.08930979592,9721.93531387755,9695.36657959184,9953.60655948979,9561.47027193878,9682.37554183674,9712.69865714286,9803.37361967347,9809.48812918368,9682.15035408163,9373.03964163266,9465.22386602041,9718.12085530612,10074.364327551,9978.05231326531,9763.81856102041,9628.65390744898,9527.6901472449,9781.30151122449,9477.2369322449,9729.73739040817,9655.86153755102,9196.23187612245,9035.0982877551,9156.99632346939,9305.20365142857,9338.38807632653,9489.8860992449,9518.26539397959,9519.81557145918,9645.01357306123,9877.87679530613,9735.0635867347,9666.9909017347,9782.34438928571,10087.9096704082,9880.42718040817,9955.77017857143,10566.0891785714,9971.02527438775,10328.0003517347,10404.7339603061,9999.71574765306,9803.01174316326,9718.73553265306,9755.7208605102,10378.0799234694,10001.1910357143,10201.3634531327,10040.8516560408,10040.3792495918,10092.1922523469,9923.13095530612,10089.5135816327,10034.8031816327,10186.2617366327,10033.798475102,9723.63323622449,9825.12755622449,9440.88470622449,9551.5882222449,9744.36795326531,9740.96929704082,9613.202095,9731.71271714286,9895.60548581633,10238.2996744898,10338.6708379592,9850.75896346939,10119.2244347959,9759.30573908163,9800.49005306123,9832.6765,9631.12779,9590.12854683674,9508.74008142857,9442.39927561225,9792.04933989796,9682.29720428572,9952.81289081633,9724.11478612245,9352.02732071428,9528.86053418367,9340.97884183674,10115.2551111224,9845.28061836735,9934.43204387755,9681.5652294898,9710.91329438775,9648.27960857143,9759.02307346939,9896.26750969388,9842.84962020408,9596.83729081632,9276.35218520408,9310.34336640816,9365.81693836735,9236.01472836735,9794.66663480612,9724.44893795919,9894.99111561224,10165.1059880612,9877.20154061224,9702.95395428571,9989.58500163265,9464.75944847959,9397.62594020408,9460.82305357143,9645.32260612245,9798.49058163265,9971.72196020408,9094.93942397959,9428.5598077551,9328.7900922449,9294.04509081633,9286.38258265306,9142.56583265306,9389.50728346939,9369.7947622449,9101.0194672449,9408.91389459183,9476.94592744898,9712.18436571429,9454.22175571429,9522.53306418367,9645.02671316326,9256.94573289796,9430.42142061224,9549.16392653061,9676.74534867347,9487.7474482653,9411.69361489796,9598.65293693878,9500.42028693878,9556.33877377551,9176.77961520408,9445.64946397959,9439.17527714286,9737.05001714286,9598.42047959184,9748.48316704081,9518.21305153061,9727.43966928571,9854.67387928572,9902.37925693878,9785.21105316326,10177.3836409184,10097.9355295918,9702.85163877551,9390.8162872449,9564.94619091837,9806.05563,9618.91746142857,9596.73394438775,9690.17328132653,9799.65303989796,9363.50358571429,9579.86737295918,9597.26257408163,9721.18407030613,9743.14625408164,9741.60466428572,10162.9071327755,9886.76054081633,9824.41445938775,9973.83964377551,10038.9322930612,10202.4632438776,9958.67893683674,9986.19850693877,9959.13821387755,9883.02939255103,9610.90539755102,9658.51440295918,9575.94507897959,9633.16116836735,9502.20717887756,9914.91231622449,9375.69012132653,9266.53297938775,9355.87063530612,9519.18861530612,9538.78972081632,9528.57573836735,9603.75053306122,9595.43785540816,9667.1990244898,9380.11413285714,9837.65201979592,9719.48631683673,9579.58239316327,9661.50751357144,9598.22565285714,9631.10762683673,9636.0318205102,9754.29732551021,9960.3837727551,9693.77575979592,9818.07631428572,9801.67194112245,9345.76463612245,9599.01048673469,9597.73560673469,9738.99882214285,9730.77945499999,9653.76049163265,9850.51582346939,9717.90968346939,10140.8330214286,9885.98051265306,9759.10949877551,9638.0806755102,9808.99872653061,9778.07122653061,9589.84674377551,9689.79071612245,9959.30846091836,9813.30453928571,9292.32828897959,9473.09007081633,9504.54297346939,9519.04090244898,9615.08381622449,9583.87008122449,9446.44572316326,9682.43921162245,9753.5850599898,9899.3151299898,9804.7926889898,9645.0993839898,9580.39793317347,9774.28923123469,9750.0864334796,9940.22804132653,9681.48073857143,10327.5747592857,10524.3010909184,10252.00242,10218.5524836735,10146.0162836735,9859.11779459184,9821.41356673469,10017.2940438776,9893.45158469388,9643.77739591837,9774.47766887755,9700.90205183673,9641.55550383673,9842.01855816327,9774.14293163265,9869.91772816327,9677.24391969388,9786.24874857143,9792.67904346939,9393.5554927551,9710.52192336735,9562.39563642857,9901.87233122449,9743.08289663266,9201.72137112245,9371.8838367347,10118.5931470408,9988.24488877551,9691.31930377551,9901.40009377551,9818.6520772551,9685.25741694898,9443.57949653061,9216.97046979592,9520.13338112245,9334.57376397959,9531.75741918368,9183.98047704082,9265.58670561224,9233.67516806122,9595.23155204081,9570.64183704082,9586.13336867347,9712.51635581633,10094.9913289796,10285.2435112245,10237.2955483673,9691.27300183674,9844.87419316327,9823.70853377551,9882.98502827551,9966.67178030612,9921.36923428571,9806.33609234694,9999.999,10217.8513602041,10164.2839458163,10067.0949616327,9842.66075734694,9888.15800571429,10114.6061461225,9808.92611581633,10165.5595535714,10195.364922449,10149.2761208163,10219.6547016327,10145.2906572449,10047.6178816327,9837.45909408163,10101.9740642857,9774.05140295918,9385.88522670408,9340.38310153061,9160.00546030613,9706.46334173469,9608.66675122449,9593.37217204082,9479.38983781633,9498.01066979592,9647.75430357143,9587.60083857143,9510.32972755102,9342.48020571428,9267.75752602041,9348.84926418367,9312.21366765306,9657.6105367347,9664.15432040816,9750.9224877551,9764.67859754082,9740.95968887755,9784.76083285714,9901.67645306122,9799.92014795918,9652.31056479592,10140.8648146939,9906.58815447959,9850.17553947959,9422.73916396939,9992.12144988776,9728.48648682653,9632.21019132653,9935.80308132653,10074.0919559184,9959.47953591837,10203.3032058163,10201.8267405102,10148.159087551,10159.9927127551,9920.39930642857,10092.1430388776,9795.36704132653,9851.50003734694,9431.47780795919,9227.62759795918,9308.25970734694,9414.23149163265,9587.71238357143,9556.91353397959,9622.45216122449,9400.85569061224,9440.93491683674,9510.46257520408,10009.854289898,9864.22884489796,9978.45021734694,9796.50713602041,9772.50996979592,9425.4176960204,9627.85905183673,9473.00523214286,9403.89969408164,9363.4604489796,9105.19890561224,9325.80601938776,9133.92106755102,9704.66361255102,10101.5767745918,9992.99756908163,9780.70580408163,9890.90660408163,9977.47451132653,9774.82770561224,9884.23430285714,9663.29935903061,9713.40170346939,9516.89846040817,9788.85075846939,9667.89054540817,9636.23954877551,9760.5640022449,9390.93336122449,9331.92544591836,9445.07169091837,9583.70760642858,9460.69706326531,9459.96267826531,9682.36211969388,9874.10469306122,9702.34543132653,9723.05640734694,9162.34270785714,9445.29505632653,9405.78830918367,9785.61091795918,10069.8179163265,9322.22398877551,9429.21183714285,9547.20915204082,9583.66131326531,9504.55046183673,9847.4526527551,9600.63251071429,9762.32659030612,9737.28054418367,9779.7577722449,9892.34364663265,9881.23968846939,9721.18975244899,9925.5056244898,9884.89974132653,9815.10007489796,9605.79270387755,9999.48039887755,9643.5242072449,9476.96795214286,9257.49150030612,9079.04714530612,9169.82113571429,9481.75068469388,9558.35433969388,10116.5778918367,10002.8931387755,10113.623742449,10035.3943214592,9720.36015602041,9945.526623,9867.788925,9728.570275,9555.259815,9826.33797346939,9407.30067806122,9252.90351529591,9338.75116979592,9675.16014091837,9536.17284183673,9750.5071122449,9648.7405622449,9764.2218905102,9418.53639173469,9643.76597999999,10045.280427551,10016.9672558163,10125.0817730612,9896.41470489796,9842.84998593878,9650.4512472653,9521.26982244898,9845.58541744898,9667.29987653061,9689.94241020408,9763.39231163265,9493.57910520408,9657.70974367347,9889.28704265306,9683.28024193877,9885.66260562245,9695.2201834796,9685.46080235715,9658.95556795918,9798.37685969388,9695.06145336735,9588.67663469388,9541.20292346939,9467.04256530612,9636.19336744898,9856.93293734694,9747.64223377551,9745.58899112245,9983.76681693878,9694.24253989796,9821.84034367347,9816.14767346939,10058.4446215306,9957.92164153061,10336.040667449,9745.92986326531,9906.07649693877,9499.69930714286,9855.98179836735,9990.46810377551,9573.83178671429,9670.78982193878,9621.62850571428,9588.94848265306,9954.89273867347,9656.04008765306,9728.05424142857,9638.39994581633,9453.7971232653,9953.20945438776,9289.21839693878,9521.27751428571,9469.91195163265,9466.46702918367,9231.94587561224,9884.18728061224,10000.4498765306,9804.84405867347,9786.24522867347,10132.7493317347,9788.58679969388,9791.76419295918,9728.99520418367,9571.96955867347,9453.35636857143,9421.58207040816,9501.3385694898,9645.26567673469,9547.89667755103,9712.80622846939,9517.15562846939,9753.1084622449,9712.221695,9612.42044459184,9882.11966704082,9760.73264204082,9986.59099244898,9820.25701959184,10048.2345431633,9878.57960714286,10163.0152612245,9884.50556408163,9798.45064367347,9749.08651142857,10201.441970949,10043.8370011531,10054.7141396939,9776.58956857143,9317.24198,9450.04781459184,9591.82402959184,9595.80042459184,9394.83478071429,9605.55382428572,9511.36723622449,9619.82929867347,9787.79144081633,9619.4213510204,9642.31120102041,9661.21246602041,9639.33534387755,9902.80308816327,10077.7116919388,9996.74689387755,9643.94813387755,9538.23614816327,9614.85368326531,9630.60102489796,9337.23486969388,9812.4837094898,9699.0518755102,9999.27388163265,9546.48572142857,9605.71397387755,9699.84384571429,9511.87649959081,9320.83303204082,9363.68504948979,9416.38727581633,9256.3980137551,9244.13383091837,9206.48321132653,9466.67086030612,9319.90122112245,9292.01421693878,9251.99065071429,9079.02482571428,9341.37693326531,9213.8485694898,9129.37806142857,8826.10551142857,9045.60113580612,9303.59249907143,9479.00321377551,9396.09619081633,9501.86683459184,9768.68189591837,9929.34044010204,10031.529330102,9914.30793285715,9914.94884969388,9719.59349520408,9697.38732867347,9953.12275306123,9851.22197408163,9814.22306836735,9695.51483653062,9729.50087255103,9717.35033040816,9802.54546153062,9423.16218602041,9601.53885216326,9320.24254285714,9609.89276938775,9570.27105346939,9491.95955204082,9464.38269795918,9822.60503785714,9604.02437785715,9315.16203061225,9447.04811510204,9706.74917795918,9933.98367336735,10072.2602914286,9916.07044377551,9612.88951867347,10085.5625087755,9798.56952918367,9903.58060602041,9893.97179489796,9631.29102510204,9524.77289346939,9364.6018744898,9317.85684489796,9345.57455510204,9286.95752020408,9445.51800551021,9396.264375,9377.73767295919,9725.840775,9820.57223785714,9996.55676326531,9889.32370714286,9935.66049336735,9692.48780530612,9899.93578153061,9553.59821795919,9766.79990612245,9687.71087489796,9808.27640489796,9557.33834989796,9619.74651142857,9736.03330306122,9936.92536520408,9567.93822836735,9652.70765,9670.551675,9822.21254387755,9946.66421234694,9731.55929285714,9710.90578673469,9482.46132163265,9230.4173122449,9597.06826020408,9822.87190540816,9686.89289908163,9950.79470908163,9769.49386307143,10080.8978797959,9880.90296765306,9885.17890438776,9868.79188867347,9886.82423867347,9712.28073295918,9687.24626693877,9740.70277346939,9764.74152122449,9928.71937755102,9901.88355112245,9448.68494602041,9185.34495459184,9105.64121221429,9341.42436632653,9691.59767857143,9391.70555734694,9131.90142306122,9040.36326704081,9147.44964153061,9608.57400336735,9841.87158367347,9666.71703367347,9667.04697091837,9682.52162877551,9730.60598785714,9543.95123938775,9523.80642673469,9912.01061122449,9971.00281571429,10108.5314067347,10255.7448956122,9930.505595,9878.56786326531,9579.43858653061,9684.11860438776,9936.69716938775,9854.00880408163,10023.5691244898,10182.154668551,9907.32692295918,9551.66643265306,9726.96606326531,9662.20317142857,9646.44086734694,9721.85969836735,9773.91248081633,9507.79333163266,9619.2567022449,10063.5835497959,9837.11302602041,9846.51778142857,9666.20429142857,9816.69116357143,9503.64018836735,9697.69971153062,9823.55737285714,9929.88597244898,9652.13841857143,9620.36229,9448.85395102041,9401.54757959184,9230.58428183674,9471.33854704082,9715.17179102041,9560.51620979592,9581.40076734694,9796.76137346939,10072.0656234694,10303.3066516327,10174.8403380612,10282.1367768367,10057.1631979592,10344.1249744898,10095.2590256735,9784.44817138776,9966.84172138776,10034.7594363265,10251.7021091837,10143.7705078571,9877.92428081633,10041.3359895918,10000.3105108163,10092.1648626531,10153.2638997959,10142.2460479592,10357.1276979592,9922.06842653061,10014.0327702041,10023.3262462245,9972.46566020408,9802.19212540816,9760.64222736734,9701.84608469388,9876.72026806123,9591.50021071429,9794.36080581632,9440.20208040817,9346.72064316327,9270.87967,9077.4514882449,9413.64346846939,9647.64955040816,9906.76864857143,9749.21809081633,9959.06478438775,10110.4830688724,9913.72579142857,9898.86973673469,9677.84267973469,9706.26933928572,10064.9061236735,10149.027909898,9699.25209204081,9532.04808204081,9583.37410244898,9394.51824510204,9207.49831030612,9191.32787163265,9105.01125785714,8946.61662785714,9246.04118959184,9478.082485,9468.20902428571,9454.7384405102,9137.46360489796,9526.14677418367,9752.68071306122,9567.77089897959,9621.48442653061,9694.96981163266,9186.06541734694,9625.64249071429,9630.90799806122,9651.21810887755,9659.68739102041,9510.96269928572,9800.16331877551,9198.06202,9475.0194527551,9482.81509581633,9622.70927622449,9239.3840122449,9205.01884173469,9581.79504,9329.80780755102,9389.47897755102,9296.35577979592,9306.55210408163
916.244897959184,9926.82503163266,9895.46086020408,9883.26425612245,10061.8210765306,9863.10197806122,9748.67804765306,9931.52626520409,10210.0461152041,10001.6547335714,10016.7128557143,10034.5791706939,10127.6699337755,9886.17724765306,9626.85165989796,10180.8149540816,9865.77480459183,9921.36917581632,10065.3979626531,10101.2246971429,10100.3408486225,9997.99908,9976.65263816327,9850.60355510204,9925.3553222449,9623.08669428572,9849.71675428572,9645.84579020408,9199.09813979592,9758.3709149796,9870.70730173469,10039.990535102,9731.85526960204,10382.0705292857,9928.89297520408,10333.5023462245,10056.0802072449,9918.326425,9741.39075,9884.98177591837,10017.6650982653,10325.6363079592,10198.8809165306,9804.81808326531,10013.2289642857,9924.85597153061,10104.7755216327,10143.7139620408,10124.5936570408,10120.1519565306,10050.9976985714,10127.4548179592,10105.7049257143,10073.0747713265,9681.86683673469,9790.77446020408,9584.23632183674,9945.45158693878,9795.93625714286,10123.7827636735,10153.9022593959,10089.2213385714,9918.23596306122,9848.94477979592,10146.2746046939,9833.78272469388,10093.1831755102,10252.0397791837,10314.0719282653,10210.5294027551,10124.5346760204,10280.9275579592,10159.3467784388,10124.7267231633,10215.7383964286,10034.4118676531,10049.2457195918,9956.69242959184,10001.9067064286,9833.93560744898,9683.32477183674,9676.46773183674,10129.6616830612,10316.2402934694,10074.4546019388,10126.3073740816,10018.4703489796,10199.7417912245,9772.14196806123,9749.30502438775,9889.45064244898,9754.3533,9743.85251693878,9446.59434897959,9726.87023171429,9629.40396857143,9977.40409795919,10147.2550455102,10102.2990255102,9842.35100377551,9947.29600959184,10071.3883845918,9767.12335928571,10143.8869668367,9886.70565612245,9934.23221285714,10259.7250545918,10186.1822645918,10178.0533185714,10170.7886236735,10246.0805717347,10064.0112867347,10051.42839,10196.2788353061,10007.6925818367,10134.4994382653,10062.0158589796,9929.21782346939,10100.9579067347,10042.729195,10197.960140102,10015.0728753061,10624.3464810204,10298.8376659184,10379.2454009184,9991.2910377551,10009.4449944898,9918.16944326531,10063.4969644898,10138.8114918367,9678.37715714286,9815.89234163265,9936.13642428572,10116.3988453061,10159.5833763265,10196.5398756122,10197.537292449,10108.553914649,10034.613026102,10017.0741189796,9787.07634602041,9808.56658428572,10107.0976446837,10145.7413469388,10090.1270591837,10275.3208765306,10194.6301640816,9971.94087306123,10349.0145493878,10101.2919221224,9941.35777755102,10281.127422449,10068.134322898,10130.0751626531,9693.94719183673,9761.71162683674,9969.17418193878,10136.5025867347,10018.3050267347,9770.32233255102,9985.72514928572,9943.67028183674,10502.6105390816,10417.1238986735,9958.23121479592,9937.72341561224,10095.3435583673,10081.4420713673,9800.58725836735,9962.56956979592,9927.52690379592,9738.90582418367,9713.64197653061,9889.03929153061,10402.0548940816,10316.6980680612,10276.7033643878,10075.4909685714,10266.0521406122,10470.7257176531,10498.5372515306,10118.6295739796,9906.1469632653,9910.26773908163,10046.9828494898,10180.8305189796,10196.3009455102,10014.8417472449,10497.7795867551,10224.4302427551,10045.0071038776,10151.6882578571,9897.56467785714,9661.70088571429,10030.1099559184,10131.7615182878,10085.0925215306,9909.95713632653,9988.78652622449,10026.2369386735,10100.9417359184,10260.2697548571,10152.7263064286,10016.2072152041,10286.1387628571,10247.2761166327,9903.52276663265,9972.12709897959,9862.57559795919,9938.39455795919,9971.75149795919,10066.5675112245,9745.77991428571,9660.2342744898,9880.6716194898,9472.27373142858,9450.05756010204,9659.34083091837,9607.2411539796,9884.09535602041,9768.74590908163,9971.62013918367,10004.3587422449,10128.0184242857,10145.9901742857,10761.7590563265,10297.8528449694,10243.8510395612,10310.1122618878,10139.1327061429,10357.7625355102,10137.9858030612,10162.0849331633,10161.0871270408,9995.29368591837,9871.60863214285,10023.6270232653,10273.9099230612,10279.5850283673,10211.0471311224,10248.6118908163,10217.5334278571,10198.4926141837,10142.6392232653,10237.6871511224,10084.3071068367,9949.12748326531,10047.8482313265,9978.66193996939,10041.691109898,10021.4479303061,10067.1244663265,9927.38987755103,9576.16176836735,9886.83727755102,9847.53994183674,9819.66873591837,9918.69777857143,10038.4174157143,10205.6280422449,9850.59514785714,10254.8580739796,10290.7014172449,10036.7969136735,9925.94631494898,9735.78333438776,9931.85174877551,9847.11162540816,9890.71206234694,10106.1883847959,9968.40273846939,9773.61627336734,9667.01623513265,9993.97342653061,10434.8400202041,9958.16556622449,9796.35602887755,9752.98246571428,10026.69961,9865.95686459183,10154.5356220408,10008.8267869388,9778.38335551021,9183.00091716327,9173.08892806123,9554.07882653061,9478.58171683673,9513.3821222449,9552.01320265306,9894.01378114286,9844.74703632653,9584.68249571428,9511.91879581632,9758.37733918367,10187.6792587755,10263.0745467347,10338.7167792857,10036.3713554796,10813.8718508163,10271.3821859184,10357.4876457143,10212.3460240816,9858.97779489796,9974.35643795918,9951.65478571429,9845.60790459184,9760.41912459183,9683.16483663265,10059.89557,10227.721207449,10473.5178456122,10106.7013835714,9926.45148204082,9989.34467285714,9916.05443510204,10145.3471512245,9865.13538132653,9772.11471581632,9964.93475142857,9877.17755816327,10179.8582970204,10037.0588461224,9838.01098591837,9910.74312244898,9897.62585857143,10046.0562306122,9676.32167061225,9960.01211632653,10159.8031313265,10273.2104891837,10226.131740102,10133.034008602,10011.2502507143,9736.60039846939,9698.72491632654,10100.2065947959,9904.26498540816,10191.132477449,10108.2732047959,9998.27239836735,10083.8771066326,9933.19106918367,10380.2062531633,9950.6719705102,9627.46420755102,10090.4094167347,10046.2243734694,10130.5329739796,9961.90635081633,9963.68805571429,9936.49008969388,10120.1175447959,9681.06682112245,10005.7408979592,9946.88840397959,9948.20531459184,9929.71312102041,9888.12780469388,9864.27620285715,10148.2347371224,10342.1891846939,10396.7977155102,10287.3915255102,9878.60458561225,9950.03640489796,9846.69019306123,9831.38313163265,9792.636845,9865.5908322449,9897.37815153061,9953.76520020408,9858.70249755102,10109.2758915306,10219.247939449,10216.8203039796,10004.0086853061,10076.7243482653,10205.9116053061,10308.2933508163,10313.4296167347,10373.4439191837,10238.1538981633,10444.5007969388,9994.83747040816,10344.8385054082,10267.1522304082,10133.128234898,10196.6995215306,10190.2774173469,10242.6656692857,10487.4819216327,10289.607612449,10007.9492872449,10307.8284010204,10203.4579402041,10173.4223905102,10186.2043881633,10255.1918667347,10253.9433417347,10129.5690897959,10112.1464813265,10079.881987449,10149.7313906122,9915.94634695918,9773.00940612245,9897.83349346939,10540.9047579592,10024.6572337755,10253.3939587755,9920.78185520408,9909.21403520408,9712.98260468878,10311.5807044898,10564.3008895918,9979.76017693878,9966.91420091837,10059.5174361225,9833.09508346939,9732.42562846939,9819.48968553062,9608.63024459184,10085.1225771429,10080.8180157143,10123.0311091837,9878.46793367347,9758.57654459184,9686.88958061224,10019.2419490816,9955.78357887755,9978.63247122449,9911.09786112245,9515.53684259184,9833.57186663265,9854.40433412245,9938.78378412245,9643.8420142449,10277.5105910204,10102.5534010204,10231.6570295918,10174.9618686735,10048.6728480612,10315.1756357143,10453.088399898,10298.578824898,10440.8591657143,10238.3335946939,10253.7478568367,10581.8360039082,10061.7662153061,9865.49862653061,10098.6422326531,10246.4684286735,10124.0975093878,9877.10836387755,9717.52549112245,10289.0099792653,10078.1595692653,9817.40545397959,9779.472315,9831.27189204081,9693.34286693878,9522.36689081633,9640.12556581633,9871.59148576633,9716.45439336735,9952.59269469388,9830.35862081633,9784.71355122449,10199.4136760204,9789.03206734694,9709.71330367347,9670.41815428571,9833.43028428572,10004.750528398,9985.96219071429,10073.8651469388,9938.23259693878,10216.6674284694,10084.5067113878,10072.6634760204,10084.0650491837,10079.2789984694,10018.1480902041,9818.8134867347,9990.68599357143,9899.62624622449,9794.91274510204,9982.99272367347,9881.89286102041,9813.26267183673,9981.82880163265,9870.19997722449,9615.10217581632,9655.5578122449,9917.52744183674,10037.7224479592,10358.6480360204,10205.1207484694,10220.765127449,10266.232467449,10314.617367449,10405.359312449,10062.9348830612,10151.1394946939,10149.3646717347,10258.1013817347,10108.7700132653,9996.01619673469,9972.61730193878,9744.4779377551,9725.56456795918,9658.14782704082,9865.87031027551,9974.54946010204,10117.6145162245,10064.9981418367,10103.8447482653,10305.3045080612,10193.4115978571,9963.80801,9888.90340113266,9804.90580552041,9731.56928376531,9613.48035153062,9901.00064020408,10132.4749396939,10210.1546343878,10312.7076807143,10201.1331535714,9903.33143357143,10052.2562835714,10044.8653257143,10102.5097102041,10033.2367208163,10068.4962883673,10285.3673092857,9814.35855510204,10125.2859314796,9964.25988153061,10251.8124967347,9952.40625683674,9830.43465816327,9949.47245428572,10308.0753010204,9731.99925714286,9972.17302551021,9986.96650918368,10124.6277316327,10163.6025367347,10190.227409898,10149.3196147959,10046.0972255816,10181.2666140816,10086.1667104082,10137.4694306837,10332.6394731837,10094.7555108163,10290.0728796122,10353.4090693878,10257.6882872449,10150.8314926531,10094.0248963265,9966.57708469388,9865.77730204081,9633.54914704082,9940.9505994898,9984.44967520408,9920.52532653061,9650.69412142858,9660.16274938776,9724.2582544898,9977.34485336735,9776.03635632653,9928.34569632653,10052.8265677551,10033.058287551,9567.69325938776,9559.77674132653,9718.1220294898,9793.19018030612,9691.30564489796,9763.93977832959,9637.34346932653,9785.89292632653,9890.19098302041,10043.5216387755,10002.2824607143,9635.88120510204,10300.6409142857,10113.1516321429,10034.1085383673,9816.28350081632,9356.32019183673,9511.37115367347,9505.59118469388,9502.39218755102,9451.36290030612,9795.1328227551,9983.8191977551,10032.4330834694,10173.7277366327,10391.3788747959,10057.2556797959,9956.06906408163,10082.9355314286,9777.79135867347,9773.59576091837,9656.73595959184,9692.7310394898,9875.84721061224,10042.8898545612,9859.73840204082,9642.04459183674,9770.57432836735,9615.53224755102,9672.28761255102,9862.40966,9796.41550428572,10025.9582170408,9815.50614765306,9855.88847387755,10156.8860693878,10090.6814803061,9892.63394857143,10050.5682690612,10076.9828910204,10040.2332610306,10083.7199847143,10048.8560292857,10321.8183918367,10193.3344269388,10094.2636652653,10010.5746940204,10141.1362789694,10211.1067579592,10070.0156526531,10025.9739602041,10012.6070384694,10195.0798218367,9806.59186520408,9695.67696734694,9653.48505302041,9418.4688294898,9451.3952082653,9236.5468672449,9568.91178867347,9692.93221367347,9769.27310734694,9849.17436561225,9444.81415755102,9715.30469663265,10080.1026335714,10155.8484780612,10201.2175017347,10252.8004090816,10174.3763704082,10163.0409018367,9943.98199663265,9848.80256765306,9936.20785102041,9973.84219204082,9885.38540102041,10041.7379969388,10049.1353169388,10017.3114706122,10086.5594061225,10186.7580154082,10309.8964455102,10407.6941681225,10356.4680498571,10295.4510938775,10357.8675208163,10576.3306693878,10748.4641004082,10360.8702386735,10531.3802232653,10399.9681492857,10210.8634914286,10546.5481322449,10323.8628652041,9984.23563408163,9863.02268602041,10171.4862718367,10105.6129203061,9931.54463081632,9888.7923182653,10030.3785695918,9928.92453020408,9953.48758275511,9873.54071316326,9714.39421867347,9933.08183336735,9911.01571193878,9834.60699,9611.47829081633,9855.45075418368,9908.36196897959,9753.3413905102,9939.76239051021,10173.0574491837,9844.33198040816,9872.51364006122,10111.0324523469,9865.65590683674,9932.85324938776,9785.63148714286,10321.9157636735,10009.7613402041,9693.05702642857,10017.8774244898,10170.3234388776,9943.33209183674,9977.74643428571,10033.3852592857,10082.4370552041,10149.9778694898,10450.417127551,10000.5512963265,10092.1928810204,10046.180729898,9951.18789112245,10165.2498545918,10283.1626320408,10192.0886266327,9926.66249530612,9858.13801030613,10027.3633908163,9926.30818255102,9761.02167020409,10035.7292288776,10519.0387347959,10144.9915626531,10624.8281216327,10436.6568237755,10300.3307738367,10288.9917267551,10131.245785102,10262.5709310204,9961.99235551021,10067.9037559184,10145.3103561224,10285.144782449,10111.2124878571,10069.4432489796,9860.22148306123,10198.0063332653,10347.0345971429,10252.511422449,10014.136825102,9790.67805122449,9824.34672459184,10127.4035535714,10018.8322116327,10274.7587197959,10411.8467865306,10383.7683622449,10157.6781605102,9973.22084,10401.6901202041,10310.0231206939,10187.6317702041,10604.047575102,10271.529120102,9736.87295734694,10066.774809898,10074.1877757143,10243.9401194898,10252.4347541837,9889.6773267347,10068.2694528571,10189.0350793878,10159.6114780612,9764.88523265306,9727.84068846938,9896.33818438776,9657.42760795918,9694.44941787755,9772.239664,9885.30379755102,10155.5417571429,10268.2767471429,10078.3352340816,10056.8232085714,10347.9295015306,10257.9286585714,10133.0185804082,9679.11440142857,10059.5691012245,9728.15644775511,9517.29372653062,9840.16534795919,9949.5635694898,9889.33259714286,9603.10791642857,9558.05221295918,9552.89438867347,9837.68104142857,10322.7352019388,10192.9344907143,10122.8090159184,10327.6678554082,10245.7093708163,10314.1100158163,10066.8139740816,10330.89723,10089.733257449,10174.7388882653,10011.7139517347,10041.3128118367,10331.7305311224,9975.45394908163,9919.297575,10173.8661820816,10222.877597551,10254.7290116327,10293.8825037755,10305.3540331633,10324.9256940816,10238.2491709184,10164.1411527551,10021.5747027551,10554.1746327551,10180.5194127551,10157.1551183673,10234.3389809184,10313.1850928571,10273.6355169388,9991.15986693878,10141.5698806837,10144.4319841837,9873.82428285714,10113.6172661224,10499.1271821429,10029.1140929592,9536.62573153061,9604.98460306123,9677.47856438775,9318.43476461225,9770.260365,9828.01314330612,9702.99130504081,9730.30929391837,9647.14484755102,9818.72021540816,9802.53167795918,10213.6246755102,9965.20661653062,10238.6653654694,9781.57535387755,9553.29318593878,9516.67432795918,9912.20713908163,9505.70621346939,9958.34315054082,9939.17970612245,9682.98986602041,10403.4607460204,9839.01893683674,10031.3963106122,9863.01224693877,10036.0482704082,9804.82527290817,9911.1243244898,9963.09255459184,10219.3045392857,9820.25872795918,10057.7453955102,10164.1325459184,10017.3219542857,9869.33078744898,10041.350763449,9805.18593344898,10108.484208449,10256.3759531633,9847.97348571429,9912.66934928571,9708.48685928571,10104.9590985714,9757.39665602041,9851.36076836735,9787.68987234693,9914.48372877551,10217.6204789796,10254.8764364286,9650.06667816327,9636.88688561224,9938.01497183674,10106.3495938776,10060.120327449,10140.0983339184,10067.9067319388,9855.21394622449,9823.86166020408,9762.33465326531,9899.46042551021,9508.38247142857,9425.41777142857,9572.38351867347,9753.87561489796,9810.95586418367,9939.27792928572,9859.33037928572,9928.92228489796,9833.57385285714,9876.88735867347,9609.35704091837,9526.64832959184,9393.09951836735,9446.83824785714,9561.21987571429,9849.68437591837,10065.7860913265,9769.39598102041,10049.0815640816,10106.9654340816,9879.48156377551,10060.5836534694,10079.8320570408,10048.2281466327,10319.700009898,10074.279054898,10394.1413927551,9926.5060577551,9918.92260714286,10025.22696,9754.31714112245,9925.0701872449,9877.83665367347,10032.1667540816,10111.2413072449,10186.9303613265,10226.1174735714,9784.56909540817,9995.65908040816,9863.9983189796,10139.0057177551,10203.3970430612,10299.678655,10474.4957276531,10114.8588267347,10105.6426273469,9928.38180591837,9984.78870591836,9964.71060040816,9987.54151540817,9955.5390377551,9824.9951182653,10212.9236010204,9721.59989285714,9911.90131071429,10083.9265368367,9716.41248285714,9551.28069551021,9870.62134214286,9848.13308938776,9469.31794755103,9521.96226020408,9454.15771642857,9540.0193122449,9571.47672857143,9661.69624989796,9462.78799642857,9494.10985806122,9929.69424277551,9948.74287857143,9975.49314879592,9754.93045879592,10383.7208815306,10129.4147270408,9967.84582836735,9979.22650887755,9976.824485,10060.0689119592,10294.1313806122,10110.2821868367,10120.3748723469,9854.9233672449,9906.13422561225,9733.75598173469,9621.19998071429,9863.98195714286,10002.1083207143,10617.1826556122,9847.37070602041,9864.96511469388,9975.26940938776,9944.94139857143,9905.32212663266,9585.4939255102,9443.3246905102,10168.8693422449,9817.51053,9847.80767081633,9647.30349285714,9476.05451377551,9614.95750397959,9442.38399285715,9738.56534387755,9634.02710744898,9761.84929622449,9473.14503673469,9889.99010734694,9728.84134153061,9964.52806897959,9733.52735755101,9843.08194357143,9947.36340632653,10086.1321537755,10166.0095637755,10053.3540528571,10015.6843713265,10197.1759143878,10038.7831645918,10106.5386854082,10110.5769488776,10131.6131828571,10081.7468594694,9967.02001832653,9883.12669834694,10046.6708899796,9994.08096316327,10060.6545181633,10076.7580981633,9923.63965763266,10279.5027229592,10177.7685438775,10147.0981866327,10104.7444876531,10060.6713295918,10032.1977445918,9861.79964959183,9766.42191524489,9906.68573509184,9784.93520427551,9831.35768755102,9949.41430928571,9939.81565173469,10042.6227567347,9957.84718479592,9866.36449581633,9997.16214418367,10299.1385676531,10106.6975835714,10553.8840688776,10278.5196752041,10106.0420717347,10038.8818426531,10139.0930326531,10400.9921483674,9707.93209489797,9793.61990479592,9826.20764755102,9958.39921397959,9981.04339459184,10014.8380683571,9602.65435581633,9523.77895581633,9300.83310081633,9640.44164867347,10078.9378857143,10206.3028190816,10081.926522449,10394.8067895918,9997.00373265306,10054.9830087755,10440.5550687755,10216.4821557755,10220.4374808163,10420.6982320408,10351.8402608163,10261.6639021429,10313.8445171429,10353.1295408163,10062.7594320408,10251.1906986735,9856.85898887756,9809.26737438776,9559.1065,9600.01464918367,10099.1352683673,9724.00372428571,9616.18105173469,9678.53334938775,9584.02106,9642.77020173469,9581.82858673469,9776.17602653062,9652.85001653062,9641.26189785714,9392.6020377551,9535.63782142857,9719.40179010204,9937.88567857143,10095.3535203061,9846.27685704082,9689.24447336735,9864.40524336735,9789.19145214286,9857.50277683674,10049.2930455714,10377.0375289796,9825.50971836735,9672.30002244898,9545.69368969388,9550.84768091837,9783.35447316327,10316.0598185714,10094.1312473469,10013.2828423469,9833.00706734694,9899.15706734694,10155.7169776735,9943.64212367347,10074.6341833674,10059.4286872449,10030.7581190816,10343.2254537755,9787.3682177551,10024.0024140816,9943.22518102041,9590.07719908163,9546.53148907143,9323.93286357143,9352.38107081633,9426.27349989796,9330.63390010204,9846.68094969388,9734.39315826531,10166.4687429592,10147.9397587755,10086.4834687755,10314.4525087755,9871.08021285715,9962.56394785714,10275.1046421429,10213.8192345918,10087.5751261224,10044.802652449,10122.7256284694,9645.73393418367,9651.34634316327,9574.44460612245,9346.87227330612,9811.99489663265,9763.86560163265,9763.10094979592,10226.5711146939,10339.4544672449,10086.9411294898,9931.61976693877,9956.13633734694,10015.3073423469,9990.3555727551,10006.0864226531,9805.68891846939,9561.81632346939,9913.63009153061,10070.2270459184,9904.67227285715,9949.19945040816,9780.61902928572,10385.726670102,10171.5671661224,10090.1618621429,10173.6372470408,10180.2697969388,10014.7630744898,10019.7850431633,10195.2743596939,9987.9548717347,10248.848892551,10032.4916937755,10098.7355905102,10022.2310552041,10196.8730576531,10302.1086002041,10246.5354779592,10333.0212640816,10333.387892551,10166.7096723469,10599.7643071429,10266.6789091837,10019.1628744898,9695.60537081633,9632.98270571429,9799.63872969388,9451.49176683674,9443.46942091837,9719.77470091837,9824.59574795919,9720.65994316327,10136.5994870408,10103.0937928571,9983.36579285714,9972.3208377551,9896.92396367347,9789.63391530612,10285.9446540816,10420.8419603061,9963.91081704082,9904.1914122449,9706.36951163265,9858.04196908164,9666.56241602041,10105.7111832653,10240.6736803061,10221.0946456122,10381.2892554082,10739.6474686735,10184.2773431837,10068.0707919388,10051.3467160204,10239.678655102,10117.4590561225,10241.4814103061,10097.9338304592,10032.1234023469,10090.3318791837,10183.5851241837,10244.027425102,10003.8884591837,9836.03157979592,9937.37453071429,10239.6679314286,10258.5093642857,10161.3371659184,10269.966599898,10356.4080652041,10272.7385253061,10381.8960563571,10122.061192551,9904.73731285715,9851.86794408163,9646.90588887755,9879.12973612245,9528.71265969388,9525.80871632653,9909.13858826531,9715.57481397959,10076.0731761225,10102.4381004082,9863.54482632653,10259.7361891837,10191.2269181633,10203.9179280612,9946.07037923469,10067.7759622449,10250.37625,10211.1194693673,10010.0268389796,9816.02762826531,9827.33707642857,9998.04538575511,10220.3922487755,10011.3198427551,9884.7738277551,9967.9294272449,9975.57461979592,9955.02387173469,10132.912255102,9953.74942663265,9832.3767194898,9685.4115272449,9862.02532285715,9939.01384265306,10162.7651503061,10550.9018271429,10102.511082449,10099.8523176531,9988.11752663265,10613.6124578571,10222.5036562245,10049.1755094898,10099.9548744898,10345.418555098,10098.3187443878,10241.6968627551,9830.67674091837,10054.5111041837,9766.1039582653,9841.00371326531,9719.73980377551,9979.45797589796,9657.18305,9664.14945142858,9573.90376142858,9842.39355734694,9766.09158142858,10343.3648957143,10446.9671357143,10237.4848857143,10193.2618882653,10048.8277557143,10032.4059407143,10087.8248443878,9892.77187438776,9777.96000765306,9761.08656220408,10138.3336357143,9640.47939489796,9711.73410785715,9975.3325577551,9898.93886377552,9749.38883530612,9906.21742795918,9855.33842081632,9895.18484897959,10007.3785106122,9747.98635867347,9788.15318673469,9838.12707857143,9927.28432071429,9626.76630153061,9407.87164938776,9638.42505438776,9562.82604581632,9646.2639557347,10243.6528407347,9769.37376234694,9760.68219142857,9875.35099132653,9948.05409132653,9940.78806132653,9967.35907061225,10017.6873821429,9847.59898,9672.29730969388,9358.54316867347,9846.21246428572,9600.71026514286,9611.61236869388,9703.91657459184,9776.47025785714,9478.70243561224,9448.10832653062,9448.82357693877,9316.77351438775,9384.64937683673,9452.30813010204,9427.44946295918,9849.5886072449,9913.46399122449,9782.35931632653,9989.47113142857,9993.71749081633,10181.046112449,10135.3355423469,10062.3844071429,10077.9671702041,9881.63899489796,9632.97298642857,9596.36186193877,9636.44941265306,9736.40336357143,10054.2954880612,9806.69586877551,9934.27723132653,9782.32529357142,9537.5385927551,9434.87196163266,9585.08501520408,9642.82230918367,9925.37623408163,9956.30605326531,9700.69310693877,9884.31159387755,9653.16833020408,9943.4545855102,9789.67558795918,9834.27025877551,9790.1402867347,10193.6574617347,10360.7731471429,10032.7015571429,10155.4205053061,9803.54978938776,9969.94803377551,9978.21166551021,9852.81281602041,10144.791442551,9977.31076418367,9989.13602010204,9964.29327683673,10241.3476346939,10033.6537019388,9893.75788091837,10020.4449406122,10093.6830332653,10231.6761447959,10142.5710640816,10192.8375722449,9940.2471572449,9639.07533612245,9850.48104163265,9822.28518020408,9888.15416,9842.12137959183,9352.84306890816,9540.3405017347,9891.23808346939,9991.81244234694,9875.03437734694,10014.4495902041,10126.2806287755,10072.6163130612,9923.89225591837,9965.01537714286,10249.487035102,9752.81652112245,9709.2223677551,9644.18563857143,9571.68053081633,9510.23668081633,9647.87519693877,9577.91614193877,9322.3528467347,9432.65098183674,9667.45185877551,9616.27987387755,9880.96264067347,9691.91191214286,10041.9120621429,10185.2668032653,10201.4260304082,9882.26857632653,9773.93633193878,10171.4720469388,9803.01838061225,9667.90929020408,9693.21116867347,9608.5511632653,9399.06006367347,9590.99129753061,9451.65041683674,9754.97500816327,9752.1495572449,10075.3068673469,10083.2052690816,9841.27868142857,9868.93329010204,9946.78657612245,9916.43767081633,10661.2810855102,10182.3408410204,10161.9963359184,9845.13873469388,9938.72338908164,10085.5034721429,10073.1930862245,10227.9206005102,9871.91253581633,9660.56391061225,9799.08606102041,9484.05928744898,9555.7294755102,9823.41190959184,9894.48313459184,10046.3171769388,9729.71363020409,9782.24892346939,10082.3398370408,10427.3474984694,10053.5190718367,10287.8888095918,10104.7519063061,9953.09753418368,10052.3054147959,10193.1755686735,10184.0896842857,10114.8304484694,10142.7386223469,10060.8828573469,10148.3195555102,10235.1767164286,10023.2283116327,10115.7105763265,9886.69288142857,9791.03734591836,9531.27510979592,9224.55118346939,9566.55544214286,9759.43518479592,9584.95082732653,9499.65884642857,9547.01320132653,9649.06964428572,9622.9017190102,9891.37110115306,9747.05937727551,10337.3274797959,10158.2783040816,10306.8933122449,10059.349945102,10114.6538236735,9968.43454489796,9764.40560551021,10204.2761555102,9942.24757795918,9978.55835448979,10153.3416247959,10415.1919011224,9952.12896265306,9878.89958775511,10043.0582193878,10112.687201398,9875.19917877551,10112.7431918367,10018.0272052041,9933.9157022449,9903.97070422449,10041.4647192245,10317.9791792857,10368.1903812041,10129.5822006122,10215.3358516327,10408.7058869388,10295.5808869388,9861.79785846938,10455.6448355102,10423.9781803673,10443.9065453673,10216.2748377551,9959.39916112245,9772.19045489796,10078.0095995918,9755.41493695918,9947.21971867347,10111.4690289796,10230.310416102,10308.7307310204,9795.63004397959,10127.2028734694,10014.0246834694,9966.93835959183,10110.1675395918,10052.9914395918,9866.49927122449,9652.16599489796,9922.14586632653,10047.9063995918,10219.6228544898,10194.1426132653,10545.4918237755,10116.5410287755,10028.5307656122,10007.0478806122,9806.56173163265,9653.26340408163,9561.3238244898,9540.45724591837,9703.60078204081,9928.05447489796,9874.15946816326,9902.86804,9490.67953122449,9941.29097479592,10078.0145561224,9847.05794112245,10219.1106204082,9803.84716540816,9873.36239010204,9975.39016367347,10255.1546852041,10085.166007449,10382.275625,9857.82326010204,10414.4099261224,10126.0122511224,10118.3126807143,9963.76647612245,10258.2544511225,9992.62765163265,9705.94718836735,9695.28786642857,9752.29704142858,9668.4780814898,9590.81905,9734.972415,10403.9088223469,10364.2424579592,10091.6834481633,9908.35426204082,10127.5878247551,10662.239557551,10222.9918659592,10017.3557458571,10337.7458795918,10197.7379026531,9996.60377959184,9668.85827755102,9367.23883755102,9692.99917908164,10086.5710905204,9979.29784122449,10074.5467377551,10179.3895543878,10268.0153076531,10050.4254435714,10053.6293960204,10331.255745949,10195.6093389796,10282.1440915306,9954.2090077551,10125.2696662245,10172.9405797959,10216.3818942857,10139.0771760204,10217.8350893878,10141.2867492857,10168.7561997959,10339.1456776531,10183.3320002041,10178.6491143571,10021.4853799694,10150.7828612959,10001.1327228265,9882.7272837449,10243.3033315306,10232.7161265306,10252.975657449,10353.5357008163,10172.1140838776,10370.6361738776,10212.0795202041,9995.21687520408,9998.23796731633,10378.3780661939,10380.6329161224,10130.6968202041,9788.13152591837,10074.1095193878,9872.41317846939,9797.41121367347,9868.49615653061,9640.79666867347,9360.16447806122,9792.52022602041,9809.36061795919,9982.82186020408,10616.6800206122,10619.6972723469,10239.8768866326,10330.4902641837,10061.8764329592,10440.1102521429,10249.9452926531,10278.1881656122,10424.0977156122,10176.8851542857,9921.39253397959,9392.3589439796,9877.92710622449,9704.60679795919,9792.1809744898,9674.9484539796,9869.13334091837,10499.0650738776,10047.6406566327,9884.19616530613,10236.5059802041,9845.24009561225,9952.0987155102,9649.90386653061,9869.21276153061,9929.95503867347,10253.8875236735,10417.8275521429,9908.58477540817,9971.01489540817,10170.5858682653,10026.3916649592,10114.4726217347,9915.84263673469,9860.63753061224,10020.0189591837,10006.7829461225,10173.0429167347,10164.3662071429,10129.9159197959,9894.04200836735,10048.7282132653,9752.23810969388,9582.59497040816,9648.12188928572,9776.85043683674,9756.50457857143,9815.19225408163,10303.7529759184,9787.42114602041,10186.2653693878,10098.4301094898,10014.8089010204,9647.9039332653,9832.74498826531,9750.65260326531,9915.92255387755,9950.54431102041,10444.1396210204,10272.3705219388,9844.54857897959,9951.62623306123,10011.7408802041,10094.7399463265,10055.6164543878,10195.2817068367,10342.1671223469,10222.367562551,10164.8033665306,10181.9522821429,10214.3696492857,10291.0847247041,10193.7340626531,9951.30760571428,10027.7760959184,9820.80562397959,9681.32571469388,9795.73249469388,9366.59112469388,9781.82310326531,9485.41920102041,9885.26108255102,9798.81326855102,9760.69886234694,9495.07212857143,9761.60888357143,9734.22422,9816.77883265306,9730.77051122449,9508.45539489796,9492.88039387755,9990.87483081632,10711.6052608571,10048.1910594898,10005.2114544898,9845.85284326531,9907.29426826531,9896.53263806123,10318.1457921429,10147.4865729592,9755.18936081632,9995.41102734694,9651.89190918367,10058.8520270408,9846.27400642857,10190.4388578572,10270.1454460306,10165.8581161225,10067.1121283673,10316.1079802041,10380.2709977551,10202.910334898,10323.3533112245,10098.6684469388,9786.43185816326,9907.5110105102,10387.3241776735,9912.79167540816,9900.07475408163,9831.29835102041,10122.2764211224,9994.60751887755,9986.19017982653,10051.8757579898,10396.4186104082,9960.46444030612,10023.3711105102,10174.0366881633,10264.2605936735,10537.2756262245,10396.875509898,9827.46806479592,9694.69724257143,9808.71921642857,9924.43157051021,10544.6245169388,9801.32212520408,9895.21270877552,9786.89613257143,9942.39904663265,10009.2673729592,10168.6711569388,9583.61386908163,10376.5391835714,10194.8984461224,10038.9053404082,9798.61737530613,9432.79679183673,9841.59004897959,9933.86739559183,10411.4107836122,10112.4904276122,9952.93661742857,10173.0750020408,10194.5041181633,10246.3372471429,9873.59976346939,9794.2701172449,9877.5043672449,9758.25236602041,9749.02392316326,9962.09250204082,9828.90977591837,9841.873825,10206.415967551,9532.16221011224,9712.78316173469,10146.279387449,10398.1105040816,10175.616785,10055.1366313265,10038.1617486735,10081.8326518367,10025.3478460204,10174.4112016327,9937.82534326531,9895.45074183674,9620.24076122449,10049.2142067347,9684.92716122449,9941.09913163265,9703.36275836734,9610.49442336735,9784.66955051021,9907.70678040816,10011.1062642857,9998.74252693878,10015.8949484694,10105.4809264286,10193.8830964286,10640.4151616327,10531.6986076531,10386.9466071429,10282.5284393878,10331.6779052041,10563.9595997959,10312.1445427551,10309.7301904082,10419.9063480612,10380.2008606122,10246.8147391837,10001.285167449,10043.5117280612,10096.5909459184,10085.9411380612,10157.5943192857,10045.9097080612,10529.5038988776,10376.3810673469,10301.0955254082,10146.2087380612,9871.80444116327,9653.00061857142,9820.83246459184,9881.52469193877,9914.07646193877,9781.44378612245,9869.75423867347,9988.28135367347,10201.8740640816,10341.7392585714,10639.8058342857,10215.2996589796,10172.6938467347,10485.1133656122,10188.0863643878,10147.7305443878,9796.30500510204,10030.970335102,10104.3735187755,9988.55499377551,10088.3537510204,10014.8154710204,10153.0904210204,9924.01742030612,10157.9902438776,10232.9519433673,10348.2583683674,9832.67891204082,9788.13021089796,9806.4574667347,10191.8100682653,10147.556617551,10443.524307551,9927.96392673469,9843.41056704082,10112.5866692857,9960.82794832653,9990.04291061224,10114.3996508163,9734.84638969388,9816.51173183674,9767.15239765306,9706.88094326531,10075.821440102,10234.5881278571,10043.0514703061,10198.2635433673,10221.7749090816,10315.8842836531,10229.926373449,10407.5643532653,9744.54740959184,9407.6006422449,9504.34415163265,10121.4973267347,10162.2254897959,10299.5637204082,10146.2527613265,9851.67770295919,9927.69313989796,10305.1352359898,10373.508719551,10814.8430979592,10230.2061381633,10271.3650689796,10217.3450516327,10098.4889586735,10058.8857295918,10349.0414246939,10366.6194372449,10509.6553169388,9725.34547459184,9966.20974885714,10010.9615928571,10098.6863469388,10491.1849613265,9947.9402322449,10335.6385206122,10415.8324191837,9966.5741555102,10036.6831812245,10335.2322162245,10207.1304018571,9793.89412561224,9713.41095408163,9956.48683255102,10070.9393770408,9753.74187806122,10075.9006961224,10276.4915677551,10089.7931939388,10222.8301834694,10296.6212942857,10185.1428292857,10514.679305102,10351.4037622449,10258.1201195918,9875.46388030612,10103.0634703061,10105.3728204082,9850.98903397959,9911.68495806123,9958.0626799898,10240.8721656122,10059.4195880612,10038.7067595918,9975.40747591837,9932.69320591836,9849.56791040816,10098.0906428571,9911.60674387755,10172.422284898,9946.51134581633,10100.6819647959,10439.9088227551,9987.51847040816,9836.10773632653,10112.7002992857,10068.8405843878,10136.8161843878,10189.5016444898,9989.13064408163,9885.4515022449,9610.31772530612,9581.3857472449,10063.2228878571,9751.99947806123,9929.46024877551,9922.54693520409,9849.24526020408,9963.43996897959,9966.03450193878,10321.1704395918,10159.5513939796,9909.69784469388,9810.21509938775,9714.13104622449,9500.56732602041,9796.78654397959,9891.75175122449,10221.450137551,10295.231739898,10110.3580149388,10332.9434082653,10352.8408283673,10048.3471913265,10009.7424221429,10135.2746471429,9929.49539959184,9819.36194163265,9944.83877448979,10191.5361694898,10101.1125694898,10152.7195193878,10388.0987616326,10348.0860328571,10064.724754898,10328.8493512245,9992.37294015306,10341.266025051,9825.06201076531,9886.62936,9727.67154163266,9756.21719758163,9993.80354897959,10088.1952802041,10154.0880883673,10080.8887832653,9860.08656030612,9702.14218183674,9776.89779683674,9634.39429387755,9519.27972214286,9774.67853857143,10240.2786292857,10388.3820767347,10341.380622551,9920.60671836735,9757.29242030612,9819.35600479592,9873.18980418367,9702.55766714286,9704.01627367347,9738.44787755102,9325.97169459184,9660.49130316327,9577.58069112245,9845.94299408163,10008.3247118367,10191.1245472449,9727.3009522449,9635.49632362244,9739.85367612245,9480.00262612245,9583.14868612245,9979.70949020408,9971.33292346939,9927.93042346939,9767.17754510204,10264.4473365306,9840.79592040817,9822.57666214286,10138.3771596429,10384.5408547959,10185.0083919388,10347.540423051,10018.1986108061,10104.7219390612,10083.215627449,10346.0679739796,10143.0585810204,9880.00470306122,10019.8255911224,10259.6206532653,10335.0916682653,10189.9121938776,10196.6648638776,10031.3660210204,9728.98839040816,9996.1186272449,9709.43886306122,9800.24333601836,9868.25877438775,9913.5360482653,9891.61154785714,10075.3676378571,10202.9653033673,9959.08121734693,9872.11906020409,9701.30207244898,9754.12837173469,10016.9634738775,9858.19972387756,9865.96700612245,9961.22609081633,10014.0789259184,10119.0354755102,9916.86270112245,9522.49161612245,9430.20932112245,9609.42310755102,9889.46668295919,10038.5918089796,9984.26849632653,10067.5000896939,9994.27834693878,10063.9348562245,10154.4768055102,9907.49825255102,9843.98183255102,10311.1694492857,9761.22825816326,9586.61996346939,9706.60104183674,9987.6936489796,10192.0043507143,9845.49560357143,9618.64452622449,9352.08849204082,9367.1805267347,9777.97500602041,9805.38185989796,9772.77365785714,9979.79775867347,9863.52997295918,9782.17855102041,10048.2043470918,10098.4096083163,10429.2416746939,9752.71892061225,10027.8921185714,10581.5169508163,10077.8689727551,10022.59695,9870.03935530612,10055.2259364286,9813.98325510204,9765.23408387755,9749.19857020408,9915.59726867347,9852.30270234694,9788.75872204082,9862.50997204082,10098.8307485714,9837.55918765306,9787.37461295919,9915.20159785714,10107.7850895918,10224.7742422449,10307.6601878571,10484.4450628571,10077.1293346939,9886.49251622449,10312.2842785714,10223.9218931633,10478.0624180612,10170.3846666327,9838.44434785714,10137.9114399082,9920.60666112245,10026.9581268367,9944.13473663265,9650.28150561224,9565.33022204082,9614.72103193878,9397.43232183674,9213.11569193877,9501.18719408163,9522.65114316327,9734.52837479592,9809.74240979592,10058.5890353061,9929.15937295918,10003.342694898,9939.42453367347,9824.81409367347,10037.3271244898,9839.23602122449,9961.33487122449,10076.2298740816,10016.7226192857,10244.6388018367,10093.258604898,10089.7555368367,10319.7560619388,10185.6955790816,9812.53883683673,9577.43782336735,9560.63399,9564.17032102041,9854.95946867347,9634.0900627551,9722.52871163265,9715.04251489796,10041.5346,10000.2300409184,9937.71356979592,10104.623510102,9598.27127591837,9599.41028010205,9978.29524897959,9775.92739897959,9971.49859693878,10021.6624244898,9953.82743357143,9902.43833555102,10053.7648971429,9953.10974163266,9802.35215510204,10046.6145852041,10514.6138658163,10082.2791312245,10073.7685078571,10522.1335928571,10213.5634163265,10087.7748277551,10242.7935777551,10204.4843477551,10454.350534898,10112.9501173469,9952.33885112245,9895.75319326531,9586.67819469388,9677.43753457551,9864.61310642857,9799.89162244898,9674.37039846939,9644.72119632653,9763.60522112245,9935.30548183673,9925.5945544898,9985.51382857143,9926.62363979592,10014.4949382653,10032.8715707143,9930.22816765306,9757.90121367347,9497.74281714285,9761.58150806122,9502.87743663265,9745.10094520408,9771.12704316327,10031.282047551,10424.6389581633,10088.7369428571,9973.27001336735,9808.20661571428,10047.924112449,10048.6830560204,9757.38092561224,9832.55106377551,9749.24030551021,9885.90764540817,10096.0119619388,9913.39862948979,10152.3568453878,10089.1371176531,10093.1435371429,10173.7558864286,10197.0115044898,10229.068832449,10069.0171072449,10221.329154898,10064.3563758571,10465.1338332653,10168.4341068367,10070.5592842857,10256.6882912245,10024.9532707143,10211.8190612245,10124.4111012245,10247.1573196939,10210.3764102041,10299.3621738776,9781.43405,9811.94002489796,9881.04487040816,9726.14381510204,9907.24467967347,10195.9353252041,10029.587170102,10022.9403037755,9955.79315127552,10113.7163576531,10290.9478677551,10222.896444898,10135.4954283674,10079.1461612245,10031.3838510204,9698.13180795919,9961.42905142857,10073.4976718367,9870.76709183673,9949.15385102041,9912.96952744898,10248.5343419388,10123.8238012245,10330.7426676224,10077.2421644898,10207.7748444898,10369.7807197959,10321.7679036735,9853.79295714286,10181.3525926531,9770.12797285715,9693.58628408163,9570.88071636735,10123.8867608163,9995.01070902041,9647.69346469388,9872.67414816327,9775.87457857143,9938.26168494898,10409.7333120408,10208.0230969184,10187.7799577551,10704.8730933673,10252.567587551,10280.6062039796,10284.2457289796,10429.3232847959,10202.9709756122,10148.3821717347,10394.8501088776,9933.72182010204,9992.64276183674,10187.8856909184,9803.39428683674,10140.4332295918,9630.55437357143,9398.20780918367,9492.48783989796,9518.62451642858,9775.05867142857,9820.16066,10085.4200061224,10074.3793367347,9962.9354867347,10198.9167961224,10345.47824,10286.290676,10727.2414466327,10355.4915018367,10099.2814926531,10428.3734526531,10158.608082551,10212.2070606122,10124.1358872449,10042.7473722449,10003.5000972449,10046.8492972449,9821.42216591836,9908.03394091837,9657.93064591836,9776.94057969388,9505.01608571429,9408.07254969388,9765.38730632653,10045.3245440816,9891.26845693877,9702.38218979592,9768.83022877551,9910.07391795919,10094.4408380612,9432.74358163266,9417.96999316327,9286.068135,9515.21095438776,9725.92050653061,9893.08719081633,9878.71087285714,10013.0082716327,10030.6599887755,10035.2905193878,9921.21061469387,9903.8123544898,9710.6515244898,9882.7186244898,9943.82877918367,10223.0643670408,10162.9981173469,10233.2741522449,9931.90010357143,10011.1068510204,10188.2903726531,10384.7873935714,10226.1019359184,10363.8960785714,9953.6799222449,9849.74863897959,10130.4344518367,10096.7727518367,9961.75229122449,9907.69757908163,10047.7155023469,9718.74108683674,9903.63638683674,10101.2450180612,10279.1826876531,10105.294532449,10090.345917449,10175.7573612245,10090.1559653061,10181.1729639796,10071.7574228571,10124.6535180612,10069.1040480612,9871.14479704082,9890.77843918367,9934.88475193877,9799.25655510204,10064.4486987755,10528.4787987755,10482.2191195918,10034.3391910204,10176.3612620408,10171.6973295918,9982.21102714286,9983.03597346939,10386.3195947959,9906.06028122449,9961.45944255102,10257.0993856122,10365.0887196939,10252.6062081633,10171.0224057143,9930.54343887755,10386.5495588776,10272.2663201225,9913.71236632653,9724.64935928572,9403.29893755103,9427.86720081633,9647.61138346939,9779.44373367347,10129.4851790816,10343.5996252041,10315.6599404082,9931.40403840816,10043.6042027551,10120.101040102,10102.154527449,9914.00662244898,9917.90354081633,9764.70598295919,9699.60589969388,10275.8376304082,10290.6959223469,9877.88798734694,10075.6959918367,9910.66783979591,9663.79606979592,9621.86988877551,9685.32483377551,9857.94072734694,9896.53225071429,9989.12063278571,10010.2794112245,10231.2581393878,10059.7690493878,9914.31546938776,9780.88945306122,9706.45196081633,10052.3921316327,9892.27920173469,9761.7315177551,9846.49459357143,9774.12989357143,9638.7766422449,10123.7009577551,10125.2028204082,10392.1619363265,10400.3090510204,10168.5711410204,10546.4030767347,10220.6049435714,10253.3532935714,9877.51923265306,9790.32921756122,9806.55910161225,10021.1250153061,9982.67262122449,9772.05289408163,9919.79731734694,9882.38741632653,9948.1983644898,9999.62535459184,10127.5949102041,9820.66665826531,9581.6888622449,9844.76993051021,9826.65535346939,10215.1094130612,10286.8844107143,10295.157225102,10258.0283342857,10094.0720527551,10038.5428711224,10036.7229921429,9839.89227979592,9767.66860857143,9764.38730163265,10042.0176334694,9714.75347653061,9811.79447653061,9419.80287653061,9498.91773020408,9631.27059653061,9949.05279214286,10059.7761295918,10135.893307449,9971.32580734695,9843.26531020409,9779.09377959185,10002.0300756122,10120.8965183673,9486.97781255102,9706.46118479592,9724.94581979592,9680.4957894898,9716.86439428572,9871.88791336735,10231.8972710204,9728.00103285714,9806.72402428571,9645.87530816327,9763.07213816327,9884.14383673469,9555.67583367347,9426.96536673469,9657.71088877551,9650.98067306123,9966.1624572449,9798.62775306122,9753.97836806123,9817.94692193877,9967.95533530612,10443.8261681633,10150.4875843878,10018.1203819388,9728.62790020408,9811.82719326531,9606.21639893878,9872.88183163265,9683.95312294898,9632.81914589796,9525.72225275511,9512.2038777551,9453.67503275511,9682.75558571429,9890.30358826531,9761.9141794898,9740.94269581633,9595.81624387755,9579.25368207143,9709.08207387755,9449.83420551021,10038.5065442857,9752.80337785715,9743.60513520408,9785.65603510204,9777.45941438775,9445.57828459184,9549.33927459184,9964.19508520408,9444.9813867347,9543.14194683673,9484.89533265307,10043.5433969388,10024.5867331633,9941.76518979592,9584.17199387755,9744.30136255102,9686.00958265306,9713.41114142857,9995.41953372449,10114.3773994898,9910.42635591836,9900.04308132653,9931.82719632653,10100.9335014286,10143.9534057143,10212.0860046939,10190.2511655102,10080.8743762245,10900.7776407143,10392.7655669388,10414.5388847959,10238.2810288775,10183.6509385714,9957.92733234694,10052.8537505102,9545.37911091837,9691.07751795918,9938.51278561225,9578.00039969388,9642.87216653061,9823.15734428571,9730.85187928571,9842.88396158163,9704.63460530613,9924.38481693878,10171.0760536735,10059.680077551,10101.0769841837,9935.32755071429,9646.44877979592,9703.08878469387,9720.02149928571,9654.88381540817,9789.14010561224,9901.59443857143,9858.77451316326,9961.1139377551,10052.5069343878,10333.0177493878,10000.8958326531,10262.4255680612,10287.7652728571,10249.9494488776,10174.554422449,9996.54386785714,10692.4762207143,10302.3907187755,9959.45730890816,10160.5370436735,10142.4738344898,9875.5898055102,9450.94213469388,9902.64983357143,9897.89477959184,9681.19420285715,9746.82539020409,9756.78289571429,9782.87622040816,9773.91307020408,10028.7431394898,9940.67412581633,9938.05259887755,10000.4754808163,10145.7248969388,10196.2742835714,10299.8548858163,10315.5110147959,10228.9816719388,9842.29244510205,10116.4983435714,10069.9747144898,10033.3041626531,10069.1633953061,10150.2191553061,10201.6080581633,10191.0629326531,10259.4291942857,10360.7803492857,10188.7639947959,9858.09773612245,10052.0305104082,10231.8008954082,10418.3665227551,10220.9366454082,10258.4727254082,10234.5487295918,9863.93905826531,9753.26518163265,9598.32356071429,9555.84471168368,9633.74588459184,9896.142852,9851.07761181633,10060.5694563265,10236.8634663265,10209.4899264286,10074.9772304082,10267.67117,9910.92714846939,9891.94140989796,10234.6885167347,10182.4768353061,10265.4963064286,10304.2009657143,10142.7261357653,10208.7919778367,10130.2360763061,10093.8227513061,10119.7218389796,10303.9627279592,10238.4428179592,10068.4144294898,9855.03773663265,9861.52168051021,9882.5294060204,10052.5174209184,10039.2203653061,10296.9231067347,10114.6575593878,10096.2324890816,10055.6039534694,9925.16555540817,9653.58194326531,9748.1512132653,9720.03920408164,10183.3356997959,9942.64743295918,9767.40312887755,9701.96247081632,9714.52365102041,9992.8042089796,9895.42735969388,9866.64941346939,9912.94491346938,9884.81258836735,9948.83640846939,9940.36120918367,9763.46789367347,9955.99192051021,9727.12412306122,9748.65064530612,10035.3017614286,10009.5082690816,9595.49628030612,9498.64442142857,9582.68751122449,9808.66900244898,9864.81249,9412.88989375511,9539.90987661225,9780.24285775511,9828.39117081633,9996.79451132653,9878.27325714286,9588.92972122449,9789.99640285714,9632.62991785715,9819.69457346939,9878.83515897959,10087.6843172449,9825.59912346939,9789.03166295918,9721.57368234694,9680.98150734694,10090.1247397755,10069.8662653878,10173.5384815102,9869.4008727551,9947.7359827551,9727.30064132654,9640.89401632653,9750.8884167347,9677.41120632653,9816.48396846939,9781.69298693878,9992.28905244898,10167.606652449,10153.5032209184,10061.3978809184,10183.904875102,10100.2076614286,10074.5689309184,9813.14483204082,9879.288281,9997.59609571429,10133.7116411224,9973.24681061225,9881.07822755102,9781.13633061225,9786.55644561224,9787.51831989796,9802.99889061224,9662.11430081633,9655.98909806122,9633.90952887755,9632.88555989796,9841.00190673469,10030.6236335714,10334.9034209184,10266.6173272449,10225.180392551,10261.2828355102,10387.9875446939,10204.225455102,9990.52075173469,9985.02585153061,9866.94717265306,9645.3860330102,9556.1143069898,10035.8474361225,10007.3658834694,10148.7273251633,9851.00864516326,9624.60144,9936.6117939796,10225.3408793878,9770.89441408163,10123.2232414286,10147.60147,10274.324762449,10035.8969465306,10000.2512264286,10201.7216583673,10072.4469752041,10049.1615462245,10147.2796781633,9918.10679357143,9944.52894813265,9808.52533966326,9896.17123190816,10163.0479282347,10180.5576833673,10447.796527449,10257.9651185714,10237.5058887755,10242.2807981633,10427.0885594898,10204.7381404082,9810.17552632653,10093.0553732653,10568.5286267347,9935.7541417347,9772.50648673469,9961.23581653061,10034.1247912245,9885.95972234695,10040.4447073469,9834.63613234694,10045.7480095,9727.59579989796,9967.36203734694,10052.4805423469,10475.4871647959,10846.6784697959,10209.4101597959,10349.9475330612,9989.86325375511,10189.6007432653,9918.95591193877,9806.52017428572,9959.41884204082,10137.4933680612,10176.7640953061,10095.2373641837,9971.14250816327,9997.07575489796,10149.7765871429,10148.3246105102,10244.3038513265,9974.65441591837,9752.81821,9977.9619694898,9961.53791806122,9789.4826922653,9835.80661326531,10038.1162897959,10481.0830688776,9875.72203602041,9878.27653551021,10093.0127372449,10152.7595890816,9943.70577632653,10185.5751213265,10188.8120885714,10200.1175285714,10214.2821285714,9890.56274622449,10385.5902922449,10454.6011537755,10049.1476173469,10060.4201170102,10465.4209122449,10138.5812658163,10066.9581971429,10114.3606171429,10087.746514898,9825.32846908163,10054.0588681633,10004.3500440816,9945.05351765306,10036.9952744898,10046.4312366327,9971.18105112245,10252.3263489796,10006.9737916327,9958.02702989796,9992.83162806123,9890.75526387755,9880.14003163265,9974.36888418367,10016.199797551,10202.0938336735,9966.55030204082,10021.7752191837,9853.98793704082,9799.30040979591,9806.43608734694,10084.763095102,10132.4047909184,10157.9262259184,10379.7543755102,10425.9841281633,10162.744565102,10031.2922123469,10125.5462590816,9989.3902010204,9864.09410122449,9925.95592857143,9963.34711204082,9985.32780938775,10081.3330607143,10337.9859692857,10211.5370593571,10167.0625631633,10002.8982747959,9697.96923602041,10077.3147857143,10156.4984428571,10291.8758040204,10289.4389133673,10284.8227047959,10257.8571013265,10245.6630439796,10239.0128018367,9946.87317091837,10191.0921739796,9722.62678255102,9997.75657755102,9674.7154772449,9828.92187163265,9787.06422755102,9592.3533844898,9767.45142724489,9943.96073969388,9902.65806938775,9974.16320673469,9870.97706061225,9975.95925591837,9451.19010102041,9443.11029734694,9724.2907167347,9915.91074857143,9929.99581255102,9697.21775826531,9490.64304020408,9522.74290326531,10008.8377252041,9956.66975061225,10194.3342606122,10614.8833597959,10564.4941163265,10483.9274244898,10479.1678344898,10259.3092386735,9951.33065183673,10022.0292036735,9951.03301030612,9954.15410887755,9607.29445102041,9860.53091183674,9555.73606918368,9521.62200397959,10023.1807985714,10061.3212405102,10035.076744898,9857.83084387755,9926.7705082653,10012.2137812245,10043.9167105102,10099.6134226531,10121.4681868367,10025.6776306122,10096.3120934694,10335.9955138775,10073.8249292857,10197.7886989184,10086.4579226531,9629.42311,9750.91041959184,10023.1030940816,10256.2094362245,10077.8824957143,10029.8252379592,9481.81480295918,9622.87251316326,10031.2632028571,10216.0640647959,10135.655660102,10208.5739557143,10278.548100102,10381.6073160204,10408.6776246531,10203.1027146531,10393.2694260204,10251.4868270204,10326.3877995918,10291.7698316326,10092.0626638776,10428.7646608163,10147.2701365306,10214.0742416327,10031.5073804082,9973.84341112245,10083.9815020408,9783.98805561225,9883.82038959184,10227.3682284694,10327.773344898,10404.3746611224,10268.30729,10062.3348160204,10055.6188410204,9897.77099540816,10358.749184898,10045.5220278571,9914.05419153061,10094.8898306939,9885.17129959184,9913.58266,10187.4610944898,10259.6462240816,10300.738092449,9888.27815010204,9872.21671469387,10079.4504859184,10023.4545916327,10088.938447449,9822.90640540817,9951.08250908164,10121.6952079592,9980.43307306123,9787.49205377552,9709.10074571429,9983.87163469388,10145.320114898,9846.32457816327,10165.9742305102,9951.92038883674,10006.2121832653,10204.5227265306,9839.53141979592,9778.67527508163,9803.06636897959,9864.78243387755,10367.3246841837,10066.7923982653,9983.69761326531,9996.98214755102,9828.09371255102,9849.7816444898,9633.03605887755,9866.72387887755,9675.65489244898,9571.44971816327,9460.70993316326,9247.71182306123,9771.06490826531,9516.96129622449,9507.3575717347,9746.21614153061,9936.1790272449,9915.81382755102,10023.6557522449,10196.016534898,10002.4156113265,10427.1543413265,9866.19946132653,10002.3986497959,10128.2465588776,10854.0572887755,10319.2513824286,10344.7593274286,10510.2772297755,10230.909934898,10526.2162589796,9961.89463418367,10070.0215383673,10083.3390620408,9902.18883040817,9821.97480051021,9906.20202785715,9718.30746765306,10201.9156194898,10395.9379773469,10179.3165826531,10114.7065610102,10234.8036218265,9973.10404876531,10281.832053051,10263.1899665306,10240.020413551,10224.5285619388,10751.8825091837,10404.3750952041,9942.66061979592,10159.5452402041,10152.0983386735,10059.0509982653,10410.8380382653,10243.5454133673,10468.585557551,10081.9107004082,10243.2859513265,10082.2889817347,10077.5272190816,9932.64650918367,9878.27516265306,9885.06257765306,9784.37099285714,9771.70932193878,10221.1512809592,10120.9083926939,10118.9832386122,10280.1416692857,10153.068677551,9705.19209602041,9670.27333836735,9779.15612183673,9725.93993612245,9921.49827551021,9868.13180102041,9979.59441051021,10181.1655839796,10268.4121408163,9903.32968622449,9496.34907244899,9744.45264438775,9557.36040591837,9471.02078387755,9788.29107918367,9899.49550510204,9645.36409673469,9647.40138571428,9754.78483877551,9996.54124959184,9924.01227244898,9984.18322632653,10524.4133263265,10287.1432811224,10207.5978596939,10127.1675191837,9911.64980132653,9651.9288489796,10000.9476867347,10145.1369008163,10330.884589898,10211.0619838776,10081.4102243878,10043.6335764286,10030.1121608163,10242.8745708163,10102.3105572449,9871.94107653061,10067.2504356225,10202.558702449,10068.547522449,10222.6967092449,10194.6288295918,9897.70867491837,9946.10692030613,9780.70299193878,10015.6442618367,9934.26773795918,10577.8775077551,10146.0372504082,10069.5611244898,9980.95307704082,10121.4707835714,9958.42801214286,10290.8414983673,10250.1052522449,10175.8545244898,10204.488247102,10267.460545,10234.6837558367,10163.8122733673,10306.8777632653,10161.5385487755,10262.807117551,10015.5316285714,10160.4974462245,10111.4523020408,10027.8578014286,10049.3163462245,10437.3125595918,10573.5128492857,10028.044207551,9898.65678040816,9708.24495285714,9971.08089591837,9846.91457142857,9830.98643102041,9837.96373734694,9701.75441346939,10083.3806965306,9923.72832387755,10253.0581032653,9872.72355010204,10272.1103401429,9980.48518214285,9706.95005408163,10141.4775544898,9541.85753438776,9651.93064897959,9992.31306122449,10756.8406933673,9999.26942928572,9657.95307091837,9962.75874755102,9955.38850326531,9791.84421948979,10039.3581876531,9936.17480765306,9878.43303632653,9481.59756632654,9537.18122857143,9701.46787142857,9784.37742285714,9792.30888642857,9842.02125692857,9983.34476520408,9862.76286744898,9891.11365397959,9917.14943418367,10110.7790304082,10350.0565643878,10040.7253769388,10284.8513693878,10544.1072805714,10042.1504806122,9797.20010408163,9750.80263933673,9624.51201102041,9723.59848255102,9745.54904755102,9718.50765091837,9299.74886683674,9303.01573,9999.40874632653,10004.1003792041,10060.9537026531,9732.69750030613,9751.55342653061,9687.52749377551,9693.90375510204,9671.46718316326,9711.87421765306,9684.52339387755,9762.81212071428,9446.85856778571,9838.30062459184,10045.7962019388,9911.11111591837,10134.4446263265,10375.8763205102,10370.7188330612,10124.4313466327,10170.280575,10056.7341530612,9775.99031193878,10128.1890295918,9760.78244959184,9747.5373067347,9919.56810326531,9655.35831969388,9615.44742234694,9333.96636275511,9422.39835571429,9412.64628571429,9798.73301734694,10057.8581584694,10030.8897369388,10032.9231544898,10093.0179023469,9734.12842969388,9985.25797622449,10293.2843390612,10352.008317551,10168.2279536531,10335.1533214286,10316.4971789796,10328.7214364286,10253.9422473469,10277.9106670408,10397.2694087143,10174.3056223469,10048.10522,10069.961585,9855.48924,9741.00407795919,9653.91007193878,9466.23613193878,9814.19675693878,9842.96089193878,9760.16974479592,9930.14715153062,9881.89127265306,10231.9317376531,10157.9415727551,10253.9613543878,10113.5650143878,10095.050794898,9942.1199105102,10083.1552805102,9990.77701428572,9850.42853775511,9868.38342153061,10088.260627449,10104.4120309184,9988.73567438776,10254.3981931633,10468.6119686735,10419.8438867347,10762.3595816327,10247.0602171429,10112.0686321531,10166.9394209184,9713.30078499999,10062.00338,9912.69246030613,9956.8726522449,9772.93173734694,9782.21081816326,9700.30054540816,9605.87614602041,9826.62670397959,9804.24657295919,9700.63795265306,9864.19077887755,9924.52923387755,10215.7134810204,10156.5149004082,10132.5854756122,9923.06610714286,10255.6032320204,10246.833908449,10329.6811257143,10365.1009785714,10289.764909898,10330.9677808367,10286.6635483673,10416.5455246939,10275.8806612245,10145.6017626531,9895.93810755102,9850.58837755102,10217.8467592857,10048.3477793878,10221.9587434694,10056.5938864286,10190.0137046939,10510.1090257143,9927.16884183674,9758.98287346939,9712.11643718368,9851.62303459184,9555.91591051021,9706.05964285714,9807.23665642857,9676.98495418367,9725.90970836735,9793.02382959184,9773.62496795919,9710.75899846939,9833.12018397958,10039.1570378571,10608.6319339796,10287.2532333673,10142.6947685714,10076.2247069388,9898.73167448979,10256.4096683673,10241.9505006122,10073.4766397959,10049.6052730612,9892.66214489796,9999.64995755102,10057.9662435714,10030.7106035714,10035.3278585816,10016.9061808163,10121.9205710204,10333.6178807143,10163.3193456122,10250.3505153061,10290.1215462245,10133.0758332653,10306.384512449,10088.6744517347,9812.53987010204,10097.3334967347,10065.3099611735,9933.81588602041,10101.1273710204,10236.9802521429,9913.58722857143,9536.88590193878,9573.89261336735,9562.32300836735,9363.82936233674,9544.40635683674,9729.65120683674,9721.07011500001,9940.03816612245,9988.54662551021,10088.2163571429,9999.27059897959,10145.4134121429,10029.6593653061,9808.32489928572,10079.9752362245,9999.73142091837,10048.5821339796,10128.955662551,9986.97114377551,10063.3341087755,10300.8376516327,10006.3446326531,9941.49810918367,9787.19753214286,9788.79248704082,9890.29097204082,9831.80164591837,9648.47784795919,9735.80719989796,9951.70965632653,10107.9949602041,9983.40168591837,10244.6274310204,10333.8099310204,10619.5921960204,10031.3349021429,10532.0581071429,10228.2225753061,10051.6297292857,10064.9920005714,10062.5236465918,10138.4458838775,10323.9394088776,10062.6598784082,10263.8669084082,10340.4416694898,10293.5931905102,10186.6999655102,10104.1680365102,10092.9526205102,10136.4959255102,10408.1135420408,10369.6241420408,10152.1407963265,10231.0390126531,10194.9329476531,10230.5902126531,9998.91774091837,10180.115322449,10159.4227339796,10110.0822489796,9911.13157142857,10016.4764142857,10108.3036233674,9903.65770551021,10058.5444318367,10330.9838646939,10272.8559415306,10088.8173257143,9943.43015081633,9944.55822714286,9640.51879102041,9614.28446387755,9650.11817714286,9796.27837061225,9867.40663153061,9895.57420642857,10164.2183090816,10205.4263204082,10135.7490720408,9997.53368153061,9989.74452653061,9841.04723153061,10116.4929579592,10230.661439898,10230.4399997959,10040.9029306122,10101.075697449,9891.15120744898,9931.35668346939,9342.56581489796,9367.89767683674,9686.14175132653,9513.96072877551,9662.54008367347,10248.7407054082,10394.2567543878,9689.82421938776,9577.82823908163,9945.71058836735,10265.7180632653,10242.0176213265,10294.4043859184,10213.8681789796,9904.1923417347,9916.86981438775,10038.6826003061,9952.20555612245,10150.2143791837,10207.8532113265,10081.5048593878,10207.8851918367,10634.6471556122,10525.0510240816,10168.4178419388,10143.0594426531,10014.021842449,9719.0208077551,9769.15877183673,9899.9332622449,10226.1737482653,10015.6517521429,9727.85789479592,9684.87421163265,9605.02730163265,9874.74562112245,10274.9054691837,9872.98836632653,10167.6859397959,9849.84192959184,9735.72541938775,9847.54114,9547.70943469388,9578.3911472449,9679.9682972449,9803.42472234694,10007.8344773469,9989.91547204082,9795.25106489796,9886.96006520408,9982.24327632653,9989.55140612245,10090.985924898,10147.5652039796,9947.32346061224,9790.13038255102,10335.7619806122,9880.98926857143,10302.3151797959,9962.58910163266,10061.7684673469,10209.0645756122,10081.9149321429,10119.7933694898,10276.6675770408,10412.9036070408,10174.3773532653,10310.8070418367,9814.91129418367,9894.0676772449,9914.35791561225,9719.51442918367,9701.30641887755,9862.56370193878,9722.30932520408,9926.39397020408,9754.80120591837,9976.77416193878,9943.74930510204,9946.77191428571,9903.12500612245,10109.236407,10010.9891790816,10029.3212404082,9835.48831887755,9875.04920816326,10068.17407,9948.19384285715,10071.9413826531,10124.1876863265,10080.5053357143,10190.1425966327,10680.5018276531,10129.3965110204,10238.2641560204,10504.7162269388,10436.2872813265,10325.7363254082,10214.2589463265,9762.02720132653,10040.7418488776,10050.5784596939,9673.41123285715,9813.60297438776,10225.9275618367,9633.80876673469,9896.27496367347,9735.68630969388,9829.70203612245,9931.90987612245,10187.9423181225,10019.1452661225,10286.3076214286,9763.4653905102,10002.8022854592,9783.61522959183,10157.603797551,9932.02706061224,10343.5115602041,10330.6509534694,10168.6246203061,10236.3246455102,10137.3045426531,9853.73488265307,9970.08508469388,10058.8351382959,10139.0102776531,9772.02502142857,9433.1270027551,9509.0575877551,9492.31476775511,9734.00719551021,9866.03004510204,9906.39954960204,9838.18497785714,9726.53675244898,10505.64134,10299.6018884694,10145.3387994898,9899.40814081633,9775.3155755102,9828.5272315102,9799.77208471429,9843.77197956122,9872.13759418368,9812.52605602041,9874.74983734694,10085.0890122449,10250.576295,9991.22482326531,10018.178869898,10164.3912534082,10033.1077460204,10177.4973811225,9914.98896612245,10070.6180326531,9696.56143765307,9736.5218047551,9768.64128693878,9661.04394513265,9716.21268153061,9744.43628622449,9808.67893683674,10040.666417551,10076.9165329592,9984.81003377551,10529.9073629592,10213.7146958571,10024.4663576531,9977.68261632653,10094.4741006122,10271.9185428571,9946.47414632653,9967.91925693878,10096.1794069388,10229.5598688776,10153.7927663878,9918.44603638775,9935.81331091837,10295.3880783673,10152.2824136735,10007.2027590816,9925.86171908163,9865.00579591837,10008.6491410204,10048.0535660204,10168.3049878571,10269.7944316327,10566.8091495918,10710.6986255102,10193.512857449,10080.148114898,10074.5066928571,9926.66352193877,9994.53942214286,9820.61161183674,10047.3880537755,10137.8334079592,9762.19392265307,9794.26717663265,9678.20766504081,9595.93466193878,9979.66595306123,9767.02184367347,9872.85186310204,10130.5995707551,9926.32238163265,10236.5512266327,10098.7040503673,10460.9086263265,10542.720472449,10229.7209902449,10017.3796952449,10228.1026715306,9675.82764591837,9796.61470081632,9862.34662081633,10004.9665633673,10031.0662770408,10228.2880820408,10282.8285010204,10178.9544246939,9960.78331816326,9971.1343732653,10164.1683760204,10526.2396284694,9946.36317020408,10091.1064245918,10203.1715135714,10378.3107985714,10106.0036335714,10129.1038540816,10475.7484814286,9960.14693304081,10702.6082028367,10283.1297982653,10290.3699364286,10013.7181745918,10156.1065972592,10187.9759458306,10308.249309898,10611.0396444898,10345.349122449,10279.4091522449,10696.1989573469,10303.5568717347,10255.8049597959,10147.4420368367,10211.8330596327,10032.6529546327,10162.9137215306,10060.7399659184,10251.4269945918,10265.3298103061,10274.7199741837,10313.7526789286,10386.4541306122,10470.0695831633,10335.6026572449,10736.9119436735,10479.3713807143,10285.6002990816,10209.1286265306,10157.5746331633,9775.15536755102,9503.53777142857,9822.96585642857,9584.27062102041,9837.04867428571,9991.44432112245,10390.1989381633,10049.3750677551,10151.1759877551,10520.0055188776,10260.7763419388,10208.2213253061,10181.9190319388,10271.4963918367,10173.8019218367,9893.61045663266,10010.2738091837,10192.1804145918,10293.4498875816,10340.7400306122,10199.5935562245,10206.9307795918,10249.5638145918,10021.4138295918,9383.27806561225,9888.23647010204,9892.54963296939,9910.6362455102,9913.53510530612,10316.0903823469,10069.2837761225,10343.0807491837,10356.4145891837,10111.9760091837,9830.86422857143,9774.05799653061,10045.8836897551,10127.3819897551,10134.2867785714,9603.54463948979,9669.72536908163,9815.85293357143,9881.5628077551,10081.1314356122,10228.0552937755,10041.3008468367,10060.6447795918,10317.8210753061,10341.4430832653,10039.2228947959,10215.5853128571,10103.5893107143,10313.8330807143,10284.7122354082,10146.0724502041,9946.24549102041,10261.5875690816,10228.1887991837,10044.7791691837,10125.5990994898,9996.94661316327,9221.92629867347,9192.37521867347,9164.52481867347,9462.53752653061,9351.37456326531,9641.06223897959,9695.3719472449,9892.53767010204,9994.72791612245,9618.1309672449,9508.62207234694,9724.65634959183,9827.25819459184,9900.16222617347,9605.91350846939,9371.42567877551,9664.94925122449,9787.68805428571,9753.82186877551,9792.81134285715,10037.2928027551,9747.38754479591,9803.21343602041,9820.53572704082,9530.06230204081,10043.2951396939,10112.9358090204,10135.0796089796,9866.80547010204,10162.4346376531,10131.2554081633,10522.2864237755,10091.038732449,9976.42640244898,9891.76160244898,10110.6331595918,10347.7704176531,10254.0566084694,10175.0762708163,10329.9621690816,10157.6719090816,9842.00302234694,9950.53534581633,9822.81114102041,9826.29124020408,9828.36748897959,9878.90629285714,9332.27933510204,9336.95263010205,9490.71656989796,9796.76137989796,9668.13499571429,9710.06489193878,10244.5650652041,9798.1091594898,9859.34910663265,9445.86952357143,9810.89677602041,9780.70687663265,9782.65708357143,9716.92006163265,10111.2352228571,10260.5359166327,10132.99818,10032.1958871429,9992.43525510204,10527.1940071429,10187.2349354082,10142.9389047959,10060.6714773469,10052.5258202041,9913.02178836735,9956.83950969388,9822.80337091837,10381.5871480612,10241.4894310204,10217.3954591837,9868.76743857143,9706.01269918368,9928.51645244898,9981.93720306122,9730.49180214286,9832.31615204082,9496.37637377551,9788.55393765306,10330.1715293878,10239.4672352041,10195.1039689796,9818.81539193878,9813.19500765306,9959.05589510204,9957.39649489796,9848.70806632653,9994.46036479592,9913.26796408164,10083.0288768367,10040.9771141837,10438.0536132551,10402.2672716327,10281.2144881633,10360.0262057755,10202.3512552041,10318.922152551,10448.199597551,10444.5978886735,9994.98324112245,9986.56810365306,9955.80374793878,10191.4170771429,9959.7223467347,10124.772285,10275.6102335714,9902.86000653061,10069.8262209184,9940.51379571428,9859.23260918368,9951.06923428572,9750.53327938776,9602.75704836735,9740.48548959184,9711.88945469388,9878.60972397959,9970.25612204082,10082.5347897959,9927.85557112245,10086.3067211224,10293.5431511224,10258.7267969388,10208.8475719388,9892.99626887755,9941.36088367347,9706.24441683674,9787.81027918367,9857.18108020409,9761.67719884694,9741.68615091836,9963.58132887756,10170.1316191837,10083.7077453061,10157.6420866327,10128.6825119388,10219.4591219388,10402.3894666327,10132.8920526531,9991.38897765307,9947.7871544898,10105.579916898,9891.54569183673,10017.4871107143,10099.1874637755,9736.04978979592,10018.3120506122,10281.2936418367,10313.4842436224,9943.54333336734,10078.0899858163,10296.4922758163,10159.5749665306,10262.3823752959,10408.4866131735,10108.3744028571,10191.1372178571,10209.8963082653,10116.0495856122,9915.72774234694,9705.97747838775,10050.8241793878,9877.51626857143,9885.1270022449,9944.68082642858,10192.4489928571,10064.6382589796,9899.55048326531,9749.73918285714,10083.5206709184,10052.7494330612,9973.16052795919,9453.55698561224,9527.05675683673,9293.32801826531,9335.80420438776,9751.91696153062,9772.37066714286,10328.4566585714,10629.8522753061,9833.75600479592,10057.6069187755,10140.2588265306,10032.2352266327,10100.7793217347,10260.0697733673,10341.0882542857,10249.8407993878,10007.7447397959,9950.97907285715,10024.9210728571,9773.75533234694,9792.12246673469,10022.3970435714,9912.99196081633,9887.46865571429,9852.77077683673,9862.10134897959,9948.53516897959,9985.7330439796,9921.30102397959,10089.4994318367,10289.2500002041,10173.9513252041,9990.11300969388,10058.6804644898,9848.55217153061,9744.59984653061,9786.47020683674,9960.25735683674,9793.5351494898,10087.2063806122,9405.36279285714,9634.07959030613,9976.98542530613,9757.95739867347,9905.67129795918,10029.1632718367,10010.5179159184,10099.6484731633,9710.96131428572,9609.12423571429,9866.91929091837,9852.53466938775,10326.7764040816,10076.2393230612,10079.7190951633,10335.0110328571,10135.7437799796,10282.1340539796,10359.879819898,10217.8489440816,10019.7535406122,9861.12005061225,9975.06538714286,9806.47298357143,9691.61439071429,9463.71097438776,9791.31815030612,9690.92930928572,9988.36052173469,10194.1973510204,10204.2292572449,10195.2076220408,9906.20633489796,10086.5672494898,10081.3673582653,10200.6141229592,10340.9086446939,9862.23724183673,10054.2016918673,9768.93394408164,10142.5884363265,10383.9921179592,10475.704880102,10224.0628214286,10118.9483214286,9983.11902142857,9931.08370591837,10069.6852012245,10031.1883866326,10130.4491234694,10124.1074234694,9989.96305489796,10069.0322168367,10276.6576659184,10244.096417449,10073.1989090816,9994.64425030613,10044.9925479592,9871.41802295918,9959.03602887755,10046.1643988775,9939.82630959184,9949.30849969387,9981.22923979592,9912.14980979592,9808.79341908163,9792.37049102041,10080.5604276531,10028.2203246939,10167.9963706531,10263.3388522449,10128.4658397959,10497.3636727551,9957.68518438776,10268.1030926531,10042.3796365306,10115.5235352041,10057.6570989796,10202.4916244898,9889.20898563265,9928.52812234694,9840.94031867347,9891.24374510204,9970.31557030612,9864.00789071429,10296.439834898,9590.20475632654,9876.69226683673,10011.8542772449,9790.60998846938,10199.7195838878,9738.59432693878,10050.4009826531,9971.15461306123,9958.0662427551,10099.7701185714,10052.373850102,10129.9313278571,10101.713377449,9993.97745244898,10014.085792449,9865.93536744898,10125.1839621429,10162.7644540816,10139.0838390816,10237.869445,10081.622482551,10022.291602551,10029.941802551,9968.28225030613,9909.77288908163,9761.21066408163,9641.01123846939,9845.3103744898,9814.60008020408,10020.366755,10201.1369404082,10147.371217551,10249.9170191837,10113.3102547959,10494.0241636735,10365.8217278571,10297.7953730612,10238.5570389796,10202.4088220408,10036.1030986735,10108.3479826939,9984.80828714286,9942.11448183673,9947.14652077551,10423.7177030612,10100.1679884694,10033.6875869388,10055.7605169388,10219.7007880612,10260.8246830612,9853.95091153062,10174.6176065306,10017.8630190816,9818.73234765306,9809.60450265306,9932.5256027551,9971.92183591837,9868.64001959184,9828.49493938775,10152.5068238775,10104.4947892857,10054.3391615306,10104.129597551,9901.46756244898,9777.53862102041,9854.45239346938,10303.2422083673,9865.02627786735,9857.70960265306,9791.57932979592,9847.98325591837,10148.4793763265,10203.8010392857,10221.4178893878,10349.980397551,9965.41530489796,9399.71191030612,9563.77591368368,9582.92087285714,9613.87406857143,9849.94685857143,9676.16297255102,9636.43990112245,10016.0057253061,9961.11673255102,9975.7510717347,10243.4186428571,10095.4860213265,9902.93514397959,9661.57319122449,9464.84721736735,9682.25557214286,9703.23016806123,9845.99788571429,9861.3396577551,9956.38010459184,9859.3702944898,9983.70003122449,9867.07790571429,9785.31132653062,10141.2210686735,9750.96848316326,9824.84144693878,9920.02492551021,9966.20885538776,9952.22392612245,9867.14481326531,9621.8460722449,9674.63977520408,9970.52499816327,10151.3882331633,10117.725269898,10114.0682969388,9875.27414051021,9711.80847422449,10094.5988892245,9796.84199285714,9880.60529285715,9738.33527326531,9307.23519142858,9263.13009387755,9420.22591367347,9565.19975520408,9496.95535897959,9875.49576189796,9625.28916989796,9764.44685941837,9984.36454916327,10156.0403591633,10137.5546320408,9817.81466806123,10071.8676586735,10261.758144898,10085.6774906122,10105.8384765306,10740.10915,10214.0337788776,10540.5781021429,10610.4752692857,10216.8503845918,9998.72727581633,10054.3404632653,9958.40360744898,10434.3519530612,10054.5559979592,10332.0875753776,10318.5690274694,10168.9368312245,10216.1407319388,10036.0622585714,10316.591695102,10220.2031942857,10366.8503325102,10254.1183791837,9889.02281377551,9971.60958785714,9809.38280010204,9804.65165081633,9913.93045734694,9822.76204704082,9766.86492561225,9883.13214571429,10016.7090327551,10366.9139183673,10444.3253483674,10006.3427695918,10355.6290327551,10146.234105,10154.4323530612,10051.6155377551,9898.13590428571,9920.71430397959,9857.8661855102,9702.87930336735,9950.98407969388,9814.29284510204,10139.1787071429,10048.9374065306,9735.18603295918,9707.31206683673,9519.28674183674,10241.6645096939,10052.7882342857,10089.8998885714,9806.42040255102,9806.20841765306,9748.9907922449,9853.3521722449,9986.23637438776,10032.0200283673,9795.9097622449,9481.4615382653,9392.66992712245,9447.84012755103,9375.50558755102,10058.6154388878,10085.2809767347,10198.8855462245,10590.7440431633,10136.7491855102,9925.52637061225,10188.3680608163,10015.301921949,9962.1496810204,9997.80959642857,10196.4978163265,10161.3387877551,10327.8255030612,9751.89062193878,10082.099375102,9811.65756571429,9650.81427244899,9627.42310714286,9516.52297142857,9816.00785693878,9737.84346836735,9574.78298153062,9661.30347214286,9680.54242846939,9979.82350285714,9777.58589285714,9874.63931071429,9734.70871995918,9463.45536840816,9515.75794510204,9670.84103612245,9826.4838494898,9642.85837561224,9560.39017571429,9720.90255189796,9625.01468765306,9682.47034765306,9283.12931989796,9570.33766663266,9555.0638832653,9870.13093897959,9775.36916040817,9857.03294765306,9604.01490561225,9933.25089785714,10139.5171886735,10167.2645622449,10048.597615,10512.2204462245,10191.687494898,9807.42298775511,9698.95246683673,10022.7934507143,10095.5097708163,9869.13704755102,9642.40614602041,9784.05799132654,10036.2799578571,9975.14674510204,9941.73057357143,9954.52893265306,10038.7588319388,10060.6741820408,10200.2703310204,10346.5443209388,9937.58813653061,9944.36904530612,10115.8758096531,10129.2700612245,10379.6027545306,10226.8590268367,10263.6569110204,10152.3865934694,10137.6009045918,9865.24432979592,9955.04200581633,9823.97561122449,9879.23396040816,9750.98864826531,10159.8369798163,9617.84680981632,9634.79313481633,9711.40609481633,10019.8310748163,9933.59998714286,9956.78272714286,9974.42225408163,9966.75263397959,10047.5922969388,9781.24181857143,10147.148908551,10005.0919096939,10025.9609119388,10052.3459660204,10132.3823863265,10097.8719013265,9962.8496755102,10166.2617683674,10558.5785437755,10173.3070930612,10180.4780208163,10015.5288321429,9540.92765489796,9678.92796326531,9821.56183530612,10068.8853519388,10160.1318060204,10263.6050508163,10430.0725234694,10304.0142977551,10460.7459018367,10185.7668818367,9972.66018408163,9866.80365612245,10128.4565197959,10000.4682967347,9777.14371418367,9877.19661204082,10166.0847241837,10151.1900352041,9834.88050734694,10024.535445102,9672.98151326531,9778.10812897959,9811.72539581633,9784.13961489796,9653.47473438776,9946.3203932551,10143.4863865204,10140.118560602,9974.20916858164,9903.65443296939,9842.86889235714,10011.7688026633,9986.27637633674,10101.6594607143,9797.11300795918,10382.8953562245,10599.1362958163,10349.2543355102,10253.9881616327,10213.1357665306,10112.7279627551,10020.9018412245,10305.4140783674,10302.2624991837,9983.9383817551,9835.93276704082,9775.98059285714,9809.24223853061,10039.9377040816,10020.057405102,10088.5411516327,9870.74067173469,9986.00441081633,9971.65849346939,9792.37022744898,9866.99845704082,9650.35483744898,9986.88048306122,9841.83896306123,9310.12007928572,9481.16610714286,10297.3330654082,10221.6625859184,9937.176115,10132.8213856122,10038.2568374592,9876.58978327551,9778.81421081632,9570.15659020408,10114.8272913265,9948.65486397959,10091.516382449,9758.89060969388,9807.25863418367,9762.30736397959,9883.36703571428,9832.18315744898,9905.82880744898,10000.5783537755,10326.1670955102,10513.339637551,10438.7628402041,9884.92226734694,9922.17066928572,9900.15051602041,9988.24158031633,10083.3653884694,10075.2141955102,9933.1621872449,10070.8903522449,10324.7413,10192.5965115306,10166.9044840816,9931.79328081633,10029.3815730612,10247.8194522449,9950.23012193878,10304.871130102,10294.8461044898,10376.8814344898,10391.0796308163,10447.9298241837,10256.6004336735,10059.0878930612,10322.6761091837,9892.34810908164,9533.4780532347,9472.7361994898,9551.07352969388,9847.44632744898,9749.45663489796,9765.52886489796,9635.21063169388,9580.09394479592,9801.49433826531,9693.56676816326,9630.90355102041,9493.43340877551,9532.12901377551,9616.58623357143,9534.80722581632,9897.3623122449,9926.98427959184,10039.8290591837,10180.9670791735,10075.3246256122,10008.556142449,10069.4101653061,10104.4622357143,9676.93441010204,10160.2138161224,9977.60574182653,9994.65650682653,9702.40174764287,10227.2741682551,9922.03603784694,9770.24071193878,10222.555717449,10120.5223778163,10046.1600481633,10345.2458452041,10335.5590007143,10191.4001669388,10228.5021072449,9969.59023397959,10118.9540088776,10067.6767331633,10089.0353985714,9789.88036918368,9560.67842857143,9663.32148897959,9809.89134877551,9882.65535908164,9815.28664418367,9961.11433061224,9835.95796612245,9862.48252581633,9842.6513894898,10255.6021694898,10096.7377244898,10189.5467744898,9971.6458094898,9981.55454061225,9639.82280010204,9780.1909855102,9619.4373205102,9680.71390428572,9535.96186428572,9311.63318928572,9594.89270612245,9332.69339714286,9902.29607989796,10499.9644235714,10343.2232139796,10182.7223,9974.20810306122,10131.1884409184,9898.74910663265,10018.8065844898,9830.65431780612,9798.80478877551,9806.63544104082,10019.7806052041,9854.01514438775,9834.14126510204,9926.63902979592,9904.39123673469,9893.71108673469,9733.38786846939,9896.23386969388,9960.1956122449,9816.09301091837,10054.7183809184,10242.288114898,10054.8056096939,10001.5638420408,9504.13705602041,9825.03789102041,9514.80247040817,9853.33441153061,10245.3675632653,9484.54771326531,9801.0603432653,9849.26826306122,9973.73796306123,9920.71258306122,10204.059755,9987.81038214286,10138.1620678571,10031.890929898,10106.6880987755,10155.6524670408,10143.2931109184,9965.82352591837,10126.8710959184,10158.9100223469,9971.6722544898,9977.38414163265,10344.0680156122,9907.32430704082,9715.20056540816,9683.88330540816,9557.04031979591,9735.41670040816,10047.8775132653,9823.47860336735,10176.9106871837,10274.9858420408,10304.6043138775,10216.8326214592,10040.8550145918,10200.146788102,10127.2211960204,10005.1711321429,9856.24975030612,9969.34131530612,9655.83884540817,9481.5477010102,9537.46955632653,9880.72931540816,9811.4004422449,9921.36546387755,9780.25485877551,9904.11738397959,9515.59992397959,9706.17208224489,10064.6139503061,10038.5142534694,10163.0886343878,9910.49599785714,9979.60960002041,9833.63357257143,9660.83369224489,9925.56141908163,9727.39798244898,9844.7624044898,9961.04517428571,9798.62636704082,9763.71763755102,9945.3274722449,9928.63410724489,10144.3748827653,10195.0760177653,10215.993714602,9945.50596183673,10101.537650102,10038.0861692857,9976.3266367347,9811.30263163265,9813.88956530612,10023.8159692857,10007.6104787755,9902.14066540817,9910.38375132654,10182.320492449,9911.66962969388,10047.8673804082,10006.4101779592,10073.283722898,10042.2893588776,10607.3057286735,10164.0914526531,10232.7845987755,9655.39317428572,9998.03624734694,10194.3294062245,9803.00904222449,9875.85988255103,9790.93110571428,9833.26979408163,10411.0219223469,10013.8601243878,10099.0316728571,10068.0524221429,9982.44327265306,10256.8241129592,9534.50505857143,9770.89713877551,9682.65152142857,9664.27433183673,9618.93297863265,10191.3640497143,10339.5349404082,10241.0946834694,10226.3238243878,10581.2690323469,10237.9280656122,10036.6346029592,10014.9355105102,9926.01194051021,10014.44951,9942.69712,9979.98939908163,9931.65236367347,9768.13383061225,9790.21391214286,9714.53071826531,9966.52446632653,9942.68318887755,9963.87440785715,10126.2787180612,9908.36378795918,10208.544897551,9977.49682979592,10170.7145335714,9943.78432551021,10221.444172449,10055.1023681633,10000.0768967347,9950.39087673469,10458.9494646224,10341.3135787041,10363.1093803061,9987.12060836735,9685.92877795919,9711.80857479592,9799.41723591837,9798.58233683673,9588.98127765306,9851.35104061225,9745.17099336735,9814.38230071429,9979.88551122449,9794.47948265306,9986.44502346939,9914.31919336735,9860.64738653061,10091.8641787755,10256.5685939796,10146.4296489796,9819.44661346939,9709.70316346939,9727.32423632653,9988.25922081633,9542.81260642857,9982.53740030613,9922.75107755102,10197.2021244898,9667.74720816327,9714.51058714286,9810.75561122449,9663.08271040714,9569.03389938776,9758.41105765306,9825.58129479592,9517.36801416326,9571.91630438776,9508.10605765306,9610.15640214286,9462.80817316327,9439.48980959184,9328.83482520408,9256.66823122449,9557.56892102041,9409.23534479592,9325.41844102041,9230.86549102041,9273.64152519387,9526.92802519388,9518.073165,9427.40333408163,9631.77451704082,9912.09447551021,10175.2681747959,10285.5657545918,10034.5934553061,10106.3408843878,9866.39076663265,9815.35382867347,10046.3726602041,9981.01206632653,10000.1622118367,9776.93209510205,9834.56969193878,9827.27099265307,9910.36221765307,9602.6034717347,9776.73090420408,9506.18015612245,9910.64793265306,10311.1465636735,9972.47185204082,9870.64292244898,10033.8448164286,9903.67736561225,9868.82387551021,9976.5168967347,10144.9212363265,10111.9170613265,10161.1581785714,10026.1923635714,9739.33853500001,10290.814025102,9974.68754510204,10093.7460037755,10087.087394898,9846.19161081633,9771.27575469388,9567.77225918368,9551.20309693877,9624.76361836735,9603.69032836735,9939.9760422449,9723.77539540817,9779.81765663266,9951.595535,10006.634255,10056.9302242857,9965.73847428571,10006.450819898,9931.80297836735,10366.1198819388,9733.06254244898,10074.899522449,9928.8399444898,10061.8280104082,9800.74439989796,9791.47036714285,9851.32368346939,10085.6392794898,9683.58087938776,9785.1072622449,9912.31224193878,9923.75178040816,10036.096395,9918.13260714286,9892.89559795918,9533.69710857143,9358.81430693878,9717.90699612245,10008.9026160204,9871.29139908163,10024.0561309184,9837.77065633674,10192.9763034694,10064.5310772449,9915.12366459184,9984.27709622449,10154.181697449,10066.0645452041,10073.987597551,10051.1034653061,10018.5025987755,10260.12589,10080.8865811224,9574.61652867347,9365.75727867347,9315.69852201021,9537.44480163266,9920.96159510204,9693.59825734694,9474.98386387755,9428.18897112245,9532.90686602041,9992.21586051021,10146.3117873469,9885.21112469388,9916.52227418368,9848.97893918367,9937.802835,9614.20322408163,9620.69186387755,10025.6054481633,10122.0837785714,10162.1368279592,10344.1251207143,10024.1384021429,10111.891805102,9861.1957477551,9839.96391255102,10079.8395408163,9976.51427551021,10215.5910604082,10334.6029983469,10071.0682323469,9747.6252377551,9902.43353163265,9876.82747653061,9892.56145734694,9792.17130714285,9806.29251551021,9818.24607551021,9816.99281551021,10213.6149855102,9987.8534505102,10001.7472734694,9785.04963346939,9979.02259846939,9756.50408346939,9935.17962928572,10133.0564504286,10326.7178061224,9995.35519938775,9861.45734346939,9777.01743326531,9699.01870244898,9650.2889022449,9832.33652234694,10114.8957610204,10004.0761638776,10084.3584438775,10173.8300557143,10189.1580557143,10423.4400344898,10284.2238692857,10478.3800927551,10270.0892142245,10577.1459642245,10237.0132828163,10042.0724305714,10321.2714417959,10078.3989303061,10317.5945460204,10289.6169364286,9975.5538777551,10132.4440038776,10112.6925536735,10239.9403520408,10408.0878320408,10437.0210720408,10606.2632926531,10183.3938779592,10261.6286902041,10152.2802329592,10069.1472969388,9895.36743765306,9816.91076512245,9946.78690918367,10135.2229435714,10191.4126086735,10283.4272854082,10081.4722102041,9997.92790642857,9849.70330265306,9692.59477395918,9991.07443785714,10066.1135373469,10182.9818934694,10005.7426304082,10305.1560511224,10446.1055537704,10243.4826877551,10144.1191779592,10099.2776638163,9927.93502336735,10268.2311440816,10249.4194190816,9779.04619489796,9663.1947044898,9704.92745346939,9664.95435734694,9444.76114091837,9431.70792265306,9368.39009663266,9270.12296663265,9501.65536102041,9543.03311306123,9667.78165897959,9602.45907316327,9670.23373959184,9685.66886193877,9856.66311,9788.83034591837,9680.22944510204,10010.981885102,9562.25828653062,9796.66943561224,9729.22711234694,9775.6954072449,9783.31673612245,9640.39336969388,9972.56115632653,9629.14871081632,9619.8139672449,9804.00095112245,10035.609815,9518.24681183674,9686.09026887755,9763.99345795918,9595.60894428572,9649.30716326531,9498.29894714286,9432.9791
936.163265306123,10387.3302818367,10360.213027551,10313.7508344898,10498.8712765306,10161.3714515306,10164.7499170408,10470.6852733674,10703.2325878571,10390.0129596939,10284.5200593878,10332.9213253878,10351.8347239796,10256.0227011224,10094.6443456122,10417.9046406122,10301.8647678571,10227.6299578571,10371.6417789796,10303.3780306122,10274.8668302551,10118.9585677551,10024.6641928571,9898.48182285714,10003.5579389796,9821.59506530612,10051.9681379592,9950.5224155102,9682.03583122449,10247.4433680408,10259.7617996939,10278.5030897959,9983.54180388776,10521.1058256122,10064.7507584694,10459.5493907143,10214.4564656122,10046.4000617347,9868.84621122449,9975.8399767347,10178.1739770408,10424.6395704082,10481.2968740816,10186.3070873469,10206.3583687755,10066.4060086735,10195.4127991837,10268.7219093878,10255.4897415306,10207.9404214286,10133.668474898,10298.3054710204,10412.2924061224,10412.4978811225,10036.6252297959,10163.6406197959,9864.65773775511,10121.7665530612,10030.8074530612,10275.6997653061,10223.2096368163,10285.6334357143,10172.6540353061,10089.7898030612,10382.0812463265,10064.5932385714,10280.9492938776,10299.1081530612,10390.3687347959,10291.0247782653,10378.3264947959,10340.4280669388,10317.3056506837,10282.8007080612,10371.5728066327,10272.1298554082,10321.3709514286,10235.9485569388,10247.2516476531,10164.4152727551,10109.2950983674,10086.9232706122,10475.9428177551,10535.3855069388,10193.062592551,10204.8117434694,10238.4347428571,10565.7125414286,10123.9507847959,10077.1893607143,10252.4939391837,10131.3940171429,10093.1985320408,9858.52868367347,9901.53896559184,9886.68142979592,10256.8166040816,10242.6686830612,10205.5653822449,10057.6450135714,10049.452885102,10224.0315862245,10007.9634776531,10308.797230102,10096.0231291837,10006.5927512245,10283.3405784286,10261.4502413265,10311.8896846939,10223.4083763265,10390.9936954082,10223.0459304082,10298.4890961225,10444.5077455102,10411.2739532653,10430.5258994898,10472.6002059184,10224.0809622449,10261.2471406122,10280.6140692857,10381.0620192857,10212.5069283673,10781.7926287755,10457.8222487755,10521.7240813265,10217.4727806122,10248.710447551,10092.9533179592,10262.0815567347,10417.6243163265,9964.81645918368,10114.0606191837,10179.8876965306,10237.8353236735,10270.1410559184,10281.3928160204,10233.6631879592,10146.8885395469,10132.2274787551,10227.1416957143,10045.6277345918,10047.3477581633,10341.288080602,10385.2363657143,10414.1833302041,10437.5547997959,10299.2125077551,10215.4370089796,10669.2493493878,10138.9212089796,10048.5290620408,10455.1890387755,10308.7819147347,10302.8308222449,10027.7935644898,10112.4805386735,10216.1676594898,10180.9325905714,10088.3233426531,9932.25748765306,10117.8915288776,10110.5893540816,10668.5664790816,10555.4367839796,10151.6005372449,10088.8622352041,10192.3351906122,10178.4337036122,10005.4299934694,10039.7410102041,9958.08526053061,9824.44649969388,9936.64793571428,10102.8160690816,10556.5811920408,10485.2463170408,10414.049672551,10208.1182546939,10404.7811773469,10571.6200303061,10601.5644303061,10267.4861486735,10115.9138979592,10136.2457607143,10452.2650045918,10237.6071940816,10274.0768691837,10113.9147635714,10642.0955924694,10266.2864003061,10156.5683867347,10230.4395828367,10058.8600480612,9863.23311877552,10180.6007816327,10205.935459051,10228.8152790816,9987.9824955102,10074.0439421429,10143.3112023469,10140.3180893878,10273.7152626531,10277.0374611225,10243.0281196939,10514.4656653061,10483.4516803061,10171.2665135714,10230.3680255102,10234.8949897959,10300.8742967347,10326.0538163265,10271.31437,10220.4154787755,10145.2183626531,10367.6561186735,9924.42137183674,10003.6862168367,10193.6504468367,10155.0348127551,10519.0304254082,10107.5171254082,10194.3999632653,10162.7084802041,10277.6074002041,10365.1274420408,10869.8903012245,10347.2997702755,10293.7778358878,10343.0982918061,10192.6060747959,10414.8039730612,10250.9823536735,10289.5639037755,10273.9070286735,10304.5996112245,10125.514557449,10218.824522449,10361.9329144898,10381.4494540816,10325.0698290816,10398.8091698367,10328.4045185102,10351.7008085102,10286.6824914286,10422.1677417347,10286.1370586735,10212.4607881633,10371.1744933673,10276.5591448673,10296.5937315306,10320.1941996939,10386.7431887755,10224.266722449,9825.63131530613,10096.6915737143,10134.7306704082,10027.5686640816,10190.2617173469,10267.9796810204,10276.9174320408,10035.0406715306,10419.219300102,10430.6748633674,10322.542852449,10242.7866455612,10086.2533343878,10048.0256144898,10244.6414213265,10123.3311194898,10378.2281194898,10257.6987547959,10035.2801794898,9854.09038043878,10186.8507971429,10600.1745871429,10384.8591254082,10047.8309815306,9893.58364285714,10189.8636838776,10115.7093217347,10271.3673342857,10166.3568081633,9947.84334,9816.81059879592,9681.95276479592,9964.67758979592,9866.07282295918,9901.22260795919,9746.35106142857,10033.6976814286,10171.3737755102,9903.8907977551,9872.83183785714,9998.70594285715,10448.4909489796,10432.9414687755,10583.7090229592,10255.2273718061,10984.6936753061,10381.4913463265,10523.2590477551,10379.6568493878,10078.9527491837,10159.0104604082,10074.9219608163,9952.39252826531,9888.68953602041,9779.97555377551,10173.3453083673,10356.5316009184,10625.2357109184,10314.7037509184,10436.4201779592,10497.7205279592,10286.2013820408,10393.8951593469,10082.9595319388,9986.98531295918,10068.9721518367,10063.9724691429,10194.838374898,10136.849337551,9975.47303734694,10075.6603073469,10077.4235622449,10247.2148669388,9877.7846489796,10017.770467551,10201.4118168367,10361.380727551,10314.4478972449,10203.7687118673,10235.9543220204,10076.7164482653,9952.61096408164,10416.1796111225,10131.1148503061,10354.2377843878,10199.3148443878,10159.3385216327,10200.3582678571,10169.0482785714,10625.5426535714,10211.3453472449,9995.98175040817,10443.1754404082,10294.2107408163,10314.2597119388,10228.09783,10273.4764965306,10228.1450611225,10338.6917358163,10099.0060905102,10176.5531746939,10177.3244856122,10151.5316443878,10044.2301732653,9959.85283571429,9977.5174689796,10219.6663196939,10518.9900887755,10715.7362787755,10606.3300887755,10257.5750264286,10258.1414579592,10225.7891726531,10201.5082826531,10019.8202654082,10077.5544979592,10145.048225,10075.3374193878,10020.1924522449,10286.4177213265,10324.2813231633,10348.7640027551,10176.7141093878,10214.2386123469,10287.6684171428,10368.2739918775,10430.3340967347,10492.0672367347,10380.0155112245,10698.3845112245,10469.8603932653,10798.2085213265,10709.6006320408,10290.2482259184,10304.8759709184,10302.5816732653,10394.3234068367,10636.0194061225,10426.2577896327,10103.6358766326,10358.7714316327,10313.4774116327,10283.9907668367,10301.3488118367,10354.0290642857,10358.0889596939,10311.8724861224,10343.5546241837,10239.9317784694,10363.8270734694,10013.3646517347,9897.39151428572,10072.5569608163,10738.7688840816,10170.3062937755,10377.9165779592,10000.901182551,9994.99308908164,9807.4195867296,10464.5792633878,10702.4427263265,10156.3150969388,10158.3292882653,10146.6631536735,10031.5865283673,9956.68338234694,10024.429379,9851.9859417347,10166.9018085714,10266.8663504082,10356.8475679592,10117.4391667347,10060.7162956123,10052.8728091837,10093.7973576531,9979.5793282653,10024.5375973469,9960.45065704081,9719.34507687755,10161.722007449,10125.230802449,10207.0574279592,9888.68670693878,10559.4868530612,10217.8273773469,10388.204014898,10286.8995752041,10205.1612362245,10512.8245744898,10560.6863994898,10493.1873387755,10544.4150714286,10385.0379387755,10410.8716780612,10734.0576039082,10195.2587867347,10162.9539285714,10415.251244898,10351.2759890816,10218.8753097959,9988.65326020408,9795.34559316327,10305.6755026531,10099.130195102,9979.46036255102,10047.9890088776,10153.3701614286,10189.2032914286,9941.17547857143,10085.790402551,10241.351642501,10059.3654015306,10068.4405216327,10066.4010465306,10094.6621593878,10494.8350176531,10077.0380955102,9899.83543469388,9837.17148857143,10000.6957859184,10078.0632754184,10163.0305752041,10344.5201971429,10308.8426826531,10477.3798080612,10292.6311350612,10275.0129445918,10360.5656295918,10312.7521241837,10298.2860861224,10237.9935561225,10446.4938368367,10272.5029890816,10259.675834898,10251.8062257143,10052.3177471429,10042.4249563265,10320.4046261224,10265.079616,10046.4491370408,10016.6374689796,10163.790967551,10298.9502283674,10442.8691854082,10336.2651447959,10281.0746323469,10335.1978470408,10339.9325915306,10449.8188095918,10190.2205895918,10298.5199012245,10372.7565537755,10479.1480180612,10195.2647226531,10231.2960702041,10314.4269386735,10237.791827551,9918.80121653061,9956.79164336735,10258.5793343571,10201.1620070408,10366.2660096939,10379.0159377551,10322.4368045918,10632.8801937755,10551.9165243878,10277.0774018367,10191.5976092959,10191.1877442959,10121.0534102959,9961.76065357143,10244.3771953061,10358.2288009184,10400.3929727551,10633.7739219388,10495.8148796939,10170.2232429592,10384.2313733674,10169.2542893878,10394.5321265306,10289.7114514286,10299.7288108163,10475.3680794898,10199.3229326531,10397.8292225,10235.5566554082,10393.7873061224,10201.3072623878,10213.7181079592,10298.906135102,10831.9374238776,10216.614915102,10438.4057781633,10438.7522781633,10361.0099781633,10367.1913897959,10371.1213062245,10280.8323974898,10340.2341329286,10469.3781160408,10149.6169560408,10148.0607632143,10343.9444378775,10232.5338807347,10422.8013396122,10504.2344959184,10429.6088966327,10361.6917991837,10285.4349591837,10460.0469091837,10277.9826938775,10054.764000102,10306.1599872449,10395.7317772449,10246.383995102,10130.8638520408,10027.3582367347,10089.417694898,10034.0841137755,10153.9039085714,10322.288955102,10217.5290910204,10160.1784732653,9743.86041530612,9807.69234622449,9965.33861438776,10060.2783856122,9898.61610285714,9926.56022445204,9763.80515953062,9866.00910714286,10011.5483587755,10305.8064102041,10218.9722345918,10128.6409822449,10782.2692163265,10188.4189521429,10159.9229808163,9906.76583428571,9699.19285510204,9786.51937857143,9729.39520110204,9684.44897448979,9589.37439622449,9932.9148594898,10160.6346112245,10211.0208091837,10324.9729366327,10492.9080466327,10285.0774826531,10204.9321257143,10249.5496432653,9937.31400316327,9943.95370622449,9868.59873877551,9963.27927377551,10090.6361126531,10250.5052859898,10117.1005489796,10020.6537387755,10052.0289887755,10001.0547087755,10076.9186615306,10186.4596314286,10096.8334757143,10450.0685435714,10034.5247337755,10168.1356461224,10562.0442285714,10228.5395717347,9980.39638163265,10096.909055102,10189.5285791837,10106.9328875612,10154.1933413265,10107.7410109184,10380.1365893878,10261.6630102041,10151.5779226531,10163.3856535714,10338.7467834592,10316.9088265306,10158.8381902041,10074.5850936735,10054.8736478571,10334.4891928571,9946.32794479592,10005.2445616327,9807.99013653061,9762.8920172449,9865.16174704081,9614.52971214286,9811.04568622449,9818.63426387755,9911.96419918368,9964.12844806122,9573.63558530612,9786.40594112245,10338.1788894898,10222.3247658163,10272.9138956122,10306.8746078571,10222.3944728571,10303.9313471429,10188.4164378571,10052.9964578571,10143.0482228571,10110.2711189796,10061.3892340816,10270.164427551,10259.5586030612,10159.0204771429,10211.0457032204,10293.7593860204,10436.9192940408,10467.990186898,10417.6611029184,10339.5285359184,10427.9898359184,10735.2505485714,10898.4844285714,10493.3173235714,10618.9063085714,10544.9077403061,10442.7160832653,10608.3069955102,10401.9127839796,10212.8987491837,10094.8224827551,10340.8872053061,10406.7843447959,10184.5450765306,10193.7553252041,10253.6802479592,10124.9762432653,10201.2204219388,10161.0384519388,9938.78305377551,10248.1286496939,10163.4407147959,10129.2835397959,9989.79033571429,10149.9623460204,10179.7798220408,9864.15851132653,10056.5054292857,10258.3201316327,9900.29492163265,9956.66960010204,10232.8280690816,9961.33759622449,10119.0010959184,10131.6565238776,10589.3858061225,10203.3739132653,9911.49067867347,10292.6213477551,10298.4774539796,10185.6065489796,10170.9942689796,10192.7240409184,10292.1563368367,10338.8086596939,10774.2398018367,10347.7797734694,10411.3764271429,10355.4689939796,10231.3371756122,10395.9167876531,10543.5512397959,10372.424509898,10221.3185116327,10171.4594837755,10355.1093295918,10292.7443796939,10175.8967583674,10349.6265758163,10744.7922347959,10363.5300761225,10671.5572689796,10497.289947449,10324.8372228571,10352.2404421429,10211.1412010204,10297.1975004082,10019.0787620408,10153.0813820408,10230.3990034694,10434.1341070204,10326.5021303061,10523.5313481633,10369.8131883673,10451.4395046939,10504.6279946939,10411.7593763265,10423.5470459184,10504.4111369388,10392.0880641837,10647.7810523469,10233.6357018367,10407.329374898,10523.2736861224,10477.9601822449,10453.6715947959,10273.5988853061,10732.3596973469,10774.6012598776,10561.2869657143,10939.1120526531,10613.7134017347,10201.3596087755,10395.741682551,10405.350567551,10499.0030480612,10533.9414337755,10118.9514887755,10239.0417079592,10322.4885397959,10276.4394539796,9914.63576204082,9905.47939459184,10064.1432623469,9825.17587734694,9848.34141053061,9954.14450644898,9925.98695673469,10216.1035987755,10330.1222736735,10341.2588483673,10399.3164110204,10558.0328636531,10459.5672132653,10246.3777387755,9812.16766632653,10165.6681687755,10153.9277946939,10033.983277551,10127.6298989796,10054.4220119388,10095.9502865306,9890.54791030612,9894.45418030612,9857.21142540817,10156.4842834694,10388.6267639796,10268.8855609184,10231.4084363265,10470.4858986735,10330.3319430612,10374.1795566327,10364.9244879592,10438.0897406122,10284.2418933673,10367.9500356122,10249.1936864286,10262.4980673469,10618.4663515306,10287.5816747959,10141.4513260204,10239.9890489796,10311.7425653061,10504.5140553061,10352.3723278571,10446.1287152041,10443.94049,10417.7456615306,10252.0859792857,10153.302010102,10687.026982551,10278.8308515306,10287.4456281633,10428.4598739796,10422.3687014286,10406.4445153061,10216.2039795918,10274.4936378265,10313.1334964286,10044.3771583673,10249.8710502041,10638.4475323469,10310.9758109184,10034.2452294898,9870.16207734694,9934.13387255102,9664.60071155102,9977.20008744898,9999.5105657551,9906.92817320408,9931.07464820408,9882.28047530613,9961.26988642857,9961.80315142857,10404.1493102041,10254.9922108163,10405.171107551,9941.7440722449,9728.80301704082,9824.19922020408,10357.2701431633,9812.46029510204,10168.7901750306,10106.7768008163,9716.33975328571,10449.8921145918,9962.20361683673,10132.3007016327,10062.9293612245,10280.4470663265,10175.7232402551,10223.7325489796,10235.0555370408,10409.5410347959,10070.4557834694,10286.0715714286,10618.4599214286,10156.0776489796,10085.6497723469,10172.1849592857,9978.01292112245,10268.5261185714,10399.4179817347,9992.94155959184,10071.9438407143,9977.40694989796,10368.6026989796,10058.2458560204,10078.5961010204,9911.64546989796,10027.6485573469,10314.7948785714,10434.4703331633,10006.4388495918,9916.12887214286,10160.3083428571,10236.1321689796,10152.3297890816,10330.7947522857,10251.470640102,10173.4824645918,10264.1385459184,10239.0617389796,10364.1609071429,9978.34853673469,9890.35831020408,9833.27366969388,10009.7093332653,9973.61008867347,10055.9111586735,10005.8390511225,10020.7752832653,10151.908294898,10242.7740619388,9905.7058817347,9829.51216632653,9777.43687346939,9878.70234989796,10025.5987981633,10276.9482983673,10462.3900778571,10269.705274898,10395.5691420408,10468.3207185714,10177.3767515306,10210.7672889796,10278.772675,10304.8708172449,10535.682413449,10290.261458449,10649.841653449,10206.387785102,10254.351052449,10292.5333142857,10091.8491819388,10235.3021015306,10261.7463965306,10270.0922879592,10291.3830329592,10349.9160066327,10404.8532707143,9992.19111826531,10203.2811032653,10091.3781271429,10329.2083397959,10422.4213887755,10411.6304647959,10599.5437472449,10244.3757716327,10227.0946644898,10099.8277438776,10135.092425102,10050.954744898,10059.5345880612,10121.9219361224,10104.3390411224,10422.694121551,10022.1485214286,10200.7284780612,10336.4672556122,9965.90035632653,9983.48496081633,10056.0132760204,10144.3141469388,9862.59935979592,9790.86341938776,9738.57192459184,9828.15833877551,9744.63036734694,9728.53449397959,9568.26058295918,9625.4497894898,10017.7886277551,10025.9990957143,10038.1743484694,9859.37862826531,10573.4137647959,10341.7076421429,10253.55427,10134.750475,10084.4826123469,10304.1565352245,10351.5155165306,10352.2557709184,10304.3432923469,10106.0510733673,10209.7122917347,10080.8193254082,10236.6422423469,10279.7821869388,10410.5519247959,10926.960260102,10189.6339921429,10385.3385302041,10248.7415395918,10245.6820446939,10239.8668490816,10110.5974969388,10027.7848211225,10564.0772891837,10198.0928891837,10158.4535891837,10069.1099010204,9933.66132602041,9976.30308602041,10073.4518663265,10092.2261806122,10024.613209898,9948.03929663265,9706.30236897959,9908.93646073469,9916.77040316326,10140.3685816327,9860.81369306122,10000.5714288776,10206.37985,10251.1917854082,10288.8508280612,10202.7591471429,10212.576652551,10399.2627335714,10219.2525670408,10237.1936552041,10309.2353945918,10328.1916767347,10319.1746668163,10171.9565330204,10128.4397163061,10220.4688724286,10084.787545898,10084.8355547755,10100.9391347755,9944.70258367347,10347.6788388775,10235.3603838776,10353.7781388776,10276.5758888776,10332.3303838776,10303.8567988775,10159.668852449,9965.86648544898,10033.0112228061,9981.67101080612,10113.7390304082,10301.937350102,10077.0809888776,10194.5560489796,10112.8381733673,9951.79899704082,10045.3008094898,10378.901039898,10225.9523541837,10730.7213733673,10420.091882551,10229.3366954082,10245.7889512245,10355.640782449,10560.8935920408,9955.69260102042,10110.9514313265,10174.133814898,10122.0134637755,10322.6714884694,10427.7533459082,10364.795115,10279.6442782653,10056.6984232653,10121.5507343878,10548.4635469388,10477.8225876531,10494.3438738776,10607.2788822449,10231.340557551,10287.0863271429,10658.64343,10386.009638102,10405.929922449,10516.2780997959,10417.1786338775,10366.0085964286,10450.418035102,10474.844637551,10270.3642344082,10530.9008443878,10049.4936847959,9952.37831642857,9788.79211918367,9794.82970918367,10336.6458908163,10091.075965102,10138.6717619388,10157.2513942857,10185.3927171429,10279.5023690816,10215.1124071429,10419.4708244898,10264.4263091837,10121.827672551,9995.58779693877,10186.0129023673,9933.57697377551,10275.2712716327,10352.2249452041,10219.7943276531,10121.4569182653,10096.4905192857,9960.20960602041,10078.4568641837,10163.3349672449,10452.3300359184,10023.832202449,9997.95223102041,9843.484555,9870.60753438776,10072.5491143878,10345.5839667347,10315.8700167347,10235.0216117347,10110.8854795918,10154.9786938775,10295.5531078776,10091.0712118367,10217.6223094898,10157.6098431633,10161.5622627551,10469.5386680612,9995.21736265306,10146.8690757143,10183.3884993878,9845.03066438775,9846.66806009183,9700.91740234694,9625.42665571429,9719.46590887755,9772.59103887756,10155.546059898,10072.3451868367,10301.6074747959,10386.7545885714,10279.0657965306,10493.8503793878,10169.0281434694,10168.071360102,10438.5540033673,10407.542815,10198.2206518367,10172.5844218367,10309.8438790816,9873.10208887755,9870.59367785714,9802.85599387755,9446.04271983673,9976.73149010204,9923.83429306123,9991.57700612245,10295.0393134694,10432.3550284694,10191.0217731633,10189.0005036735,10399.4860536735,10458.6570586735,10446.5730511225,10423.3823671429,10499.4624592857,10272.9182544898,10143.1694588776,10329.0850295918,10085.84187,10101.8936022449,9944.356995,10636.1718456122,10464.0823918367,10235.4457768367,10401.831189898,10399.8271259184,10192.24777,10223.776070102,10283.0477621429,10112.1905052041,10371.670117449,10331.3320321429,10348.3801982653,10245.3202817347,10351.0784135714,10453.7047912245,10373.5869155102,10543.6369738776,10538.6178860204,10474.559242551,10922.2574418367,10476.9455418367,10336.5143112245,9985.91099530612,10071.6495506122,10375.5700031633,10105.994052551,9974.41650255102,10170.8976356122,10108.6285806122,10166.2230656122,10384.2626935714,10468.7317585714,10370.7650157143,10357.2983806122,10415.4969963265,10293.7994002041,10417.3562418367,10628.0294668367,10111.0660513265,10021.6676840816,9912.95774469388,10038.861922551,9784.33936867347,10140.8918041224,10279.2331264694,10260.0441864694,10463.730372551,10798.4516486735,10206.2318936735,10363.3237907143,10421.7046180612,10390.9541085714,10329.8107234694,10363.5534266327,10202.1492622959,10191.0740162245,10223.0651665306,10356.9793217347,10395.2480753061,10195.2712355102,10003.5622438776,10080.9764045918,10381.1434983673,10375.3146128571,10243.6528185714,10366.4674484694,10451.4252023469,10445.4593767347,10474.863511051,10308.5099978571,10236.7319169388,10276.9334216327,10213.5222513265,10295.8905087755,9986.11891683673,10087.4000061224,10301.1422739796,10094.7389078571,10192.1735928571,10222.53176,9994.4793744898,10370.6327969388,10296.7909140816,10349.1797570408,10168.8463220918,10245.2298997959,10345.0678989796,10258.2888556122,10181.3838430612,10055.8354894898,10038.8298727551,10198.3458596327,10421.6876332653,10223.3452635714,10085.4189640816,10198.2591476531,10219.744652449,10203.9578717347,10390.1036795918,10261.8818307143,10158.2668296939,9948.77226193878,10074.7264546939,10144.3772197959,10349.6921437755,10738.0988357143,10317.7317530612,10261.6854343878,10079.5197026327,10640.7977470408,10402.5613137755,10244.9852176531,10304.4837540816,10427.4557310816,10495.240630102,10462.263450102,10385.3945547959,10431.7405478571,10274.2847231633,10357.2050434694,10109.1805037755,10457.4639199796,10461.6189797959,10284.9862187755,10205.4541328571,10306.3730512245,10191.7701242857,10546.3534683673,10478.1421136735,10336.2682338775,10417.9076119388,10152.8462287755,10167.306317449,10256.889777449,10149.645527449,10162.3603668367,9881.56681693878,10391.2361916327,9889.38512551021,9863.20942295919,10193.6064928571,10106.3395907143,9973.76049612245,10149.686374898,10079.058855102,10112.7418795918,10166.8723959184,9901.13333255102,9984.64789897959,10015.8216740816,10056.4283741837,9729.4293227551,9541.16272897959,9755.04499438776,9642.72322459184,9676.57342071429,10273.9623057143,9871.0596794898,10285.4226444898,10065.893039898,10217.5402341837,10188.0352939796,10115.1501812245,10141.1650013265,10046.460895102,9820.89313010204,9695.10185112245,10132.5609834694,9907.77125918368,9834.33551155102,9952.74912969388,9978.35035091837,9630.26290091837,9708.75829428572,9745.82828673469,9601.59803969388,9621.80358704082,9771.85433785715,9706.60691357143,10006.3121929592,10103.8142928571,9956.90190244898,10084.4413395918,10100.9194279592,10353.8042969388,10315.8067476531,10221.7212989796,10252.1224979592,10044.305052449,9804.63955744898,9747.67070357143,9914.80580040817,9998.52824316327,10218.653650102,9993.03798510204,10023.0689647959,9941.68220908163,9638.34058908163,9661.70426420408,9785.68719357143,9975.78976591837,10095.0750912245,10102.7086304082,9895.37502408163,10022.6456427347,9893.78825551021,10065.7529855102,10086.2325389796,10097.6738469388,10102.9063969388,10444.225747449,10519.7478765306,10170.6256538775,10309.2577212245,10165.4846812245,10381.1076378571,10371.5212238776,10199.057120102,10414.8755935714,10116.938509898,10083.562849898,10100.6797364286,10376.7625714286,10339.4103003061,10364.0786062245,10254.7614018367,10342.7575802041,10433.7778884694,10270.7369334694,10334.8105857143,10137.0824768367,9870.28094183674,10104.0767873469,10075.5064585714,10059.3852530612,10033.6926616326,9465.95619666327,9690.92628540817,10042.8253969388,10154.7719819388,10047.7300271429,10103.3126804082,10191.6193479592,10307.6922791837,10202.2029710204,10048.3034130612,10356.464697551,9839.97226683673,9781.91118816327,9741.92479897959,9658.51084714286,9601.72131020408,9726.00507893877,9697.75272316326,9650.59863040816,9759.40163163265,9873.96418938776,9785.82418857143,9954.31785785715,9786.4439672449,10136.848427449,10355.1975636735,10298.7265120408,9997.92172040817,10148.6798380612,10545.9819653061,10139.0664418367,10000.1543510204,10042.5696094898,9912.22552653061,9731.25700653062,9766.27160091837,9706.85608622449,10009.9121,10068.409645,10328.5595183673,10314.5703241837,10084.2045157143,10151.9840080612,10204.2899430612,10303.4577030612,10919.3834830612,10437.9801077551,10312.5727577551,10173.6158167347,10036.1250372449,10196.9501084694,10215.9859821429,10463.7678621429,10179.8926460204,10133.7508208163,10225.4003059184,9961.98376091837,9921.37169591837,10158.5177830612,10181.6618545918,10266.939032449,10035.0090873469,10136.9092744898,10334.5244533673,10562.4658347959,10254.3702897959,10373.9908397959,10162.9161781429,10211.4929607143,10427.7091511224,10437.3840254082,10377.0387883673,10348.1749223469,10371.9078958163,10260.3801993878,10289.3157771429,10415.7282519388,10295.346407551,10262.8223955102,10038.1517271429,9913.19094795918,9750.78235591837,9424.55924346939,9750.03203112245,10027.8717835714,9885.79557426531,9850.11031663266,9884.98204622449,9930.46033816327,10011.2313920714,10175.5144007449,9978.94437278572,10530.4511385714,10306.9130236735,10335.5691118367,10183.2831863265,10189.4895367347,10215.8287685714,10061.4946887755,10366.0871967347,10136.097542449,10172.8169965306,10381.1839158163,10563.6765652041,10238.3630569388,10250.2516612245,10346.5600234694,10290.3086226224,10060.5605779592,10213.6281670204,10078.8338020204,9994.4808970204,10000.6857905102,10121.7004667347,10385.5345403061,10424.5068690816,10280.7941553061,10330.3917802041,10493.6013914286,10414.4566918367,10092.0901347959,10474.7792466939,10432.9086166939,10457.719372551,10276.2518361225,10256.6837423469,10122.8186973469,10415.1604608163,10078.3610798163,10282.3104656122,10350.4702657143,10413.658641,10424.4019689796,10045.9483084694,10260.2269322449,10135.9858659184,10067.6922130612,10311.7086542857,10238.392195102,10232.9587981633,10011.5719581633,10060.7181308163,10133.9665885714,10333.8317830612,10432.2462442857,10757.2168233674,10360.1251793878,10289.5476019388,10264.9573218367,10066.0402377551,9916.90910489796,9870.7731877551,9981.80760102041,9853.52237795918,10079.5529928571,10051.8174383673,10065.7236946939,9686.49855857143,10052.0893735714,10211.5990467347,9944.95496846939,10292.0951881633,9901.30467316326,9963.39998316326,10178.0841959184,10339.7855941837,10217.6341747959,10513.0763947959,10053.0449070408,10636.3192220408,10359.9837968367,10320.3933439796,10073.2313038776,10289.5929266327,10079.0676757143,10032.2417018367,10102.1171268367,10184.5973516327,10217.0529835306,9915.9861177551,10069.3687876531,10621.8380978571,10527.3772212245,10227.4140081633,10077.9495391837,10210.3848041837,10895.6719371429,10468.2867271837,10338.7829540204,10462.3350195918,10357.1735773469,10213.226217551,10148.6763877551,9847.0569477551,10171.1281627551,10500.8744354184,10197.0856461633,10208.746432449,10261.2865107143,10432.269999898,10222.830755,10201.0982013265,10408.4675247245,10228.9306553061,10331.9555686735,10036.8516371429,10286.251205,10367.7489108163,10386.8535077551,10309.3958327551,10386.5768195918,10318.8581545918,10274.6776304082,10430.4875254082,10369.1280704082,10376.2869519082,10329.7114869082,10383.5377102755,10296.3116779286,10184.3302470102,10423.1681735714,10339.7428828571,10369.9937627551,10520.3870277551,10335.1511140816,10544.3447130612,10425.0621177551,10226.8498527551,10266.5508652755,10552.8849804796,10673.385127551,10428.003187551,10100.8011426531,10475.4220704082,10278.7697254082,10224.9951810204,10309.3119932653,10004.0407911225,9842.48464948979,10088.5980056122,10119.0021653061,10253.1755887755,10797.4726753061,10744.3977678571,10391.1558988775,10409.2871788776,10177.2141888775,10705.3688770408,10457.9715946939,10466.762632102,10612.672182102,10487.4633232653,10341.9669792857,9845.56103785715,10411.2316090816,10249.0006640816,10315.9744030612,10319.7129111225,10115.648860102,10797.6824004082,10494.2002117347,10229.7868346939,10438.3335002041,9964.30119642857,10164.6444269388,10001.6394285714,10212.4871464286,10208.5741088775,10575.6462461225,10699.6893762245,10370.3572966327,10459.8924096939,10325.5225356122,10153.544299898,10367.9656592857,10177.6825844898,10152.6289714286,10287.1468857143,10263.8165873469,10458.5571020408,10370.234932449,10346.6195544898,10187.6660071429,10274.8080132653,10129.3305382653,9966.83530918367,9961.17876806123,10001.7831678571,10079.9678128571,10141.7545177551,10595.9625612245,10233.7302603061,10417.9467620408,10422.7922192857,10153.1274630612,9819.67380306122,10080.0758743878,9979.58675877551,10119.0610787755,10137.3595187755,10521.1207569388,10371.8655741837,9994.22221653061,10126.6158,10181.8206242857,10318.4074214286,10383.6917564286,10400.1349921429,10525.0649705102,10356.5601441837,10338.2193555102,10351.2206380612,10420.9303966326,10506.5709430714,10387.2759863265,10283.496104898,10243.5037244898,10001.4284276531,9925.86951714286,10026.4398281633,9607.24132673469,10071.5271522449,9776.12073571429,10168.6297605102,10001.4115428367,10052.9184827551,9947.00940204082,10113.4321092857,10167.4921889796,10450.7957469388,10237.1732377551,9934.2373622449,9927.23797346939,10134.0711259184,10723.5935362245,10180.1380881429,10140.655507551,10035.637624898,10101.6516996939,10129.3306192857,10521.171952551,10248.9571741837,9991.61106979592,10310.5092420408,9924.24214510204,10311.1916735714,10076.2560843878,10304.6547554082,10292.4697379082,10251.7036271429,10181.7537773469,10410.0796267347,10450.592724898,10272.6584365306,10413.405085102,10160.1014432653,9999.85017122449,10141.738772551,10582.0669501633,10149.0423243878,10212.8247989796,10211.739,10473.1403884694,10214.6712331633,10259.1502267653,10222.7364241122,10649.9056063265,10196.7464117347,10118.8053680612,10284.8572008163,10349.9715030612,10634.4742866327,10536.0005466327,9973.67711663265,9830.21152053061,9937.26364173469,10218.919670102,10727.2496997959,10035.5500737755,10104.5502814286,10047.7271660408,10107.9603217347,10196.485452551,10253.1690740816,9911.26162908163,10739.4890815306,10447.2690338775,10205.3515061224,9999.58516306123,9601.22666408163,9962.77925510204,10231.9957739592,10440.8545542653,10193.9451929592,10058.340865102,10332.7955004082,10347.4492728571,10495.2434965306,10114.6570765306,10059.9363923469,10135.7063117347,10054.3955929592,10006.5546117347,10094.751462449,9955.60620816327,9977.48569193877,10333.9003434694,9745.02463256123,10018.622920102,10227.9848396939,10522.6240346939,10216.3075078571,10128.5304190816,10110.711289898,10149.687137551,10187.6925390816,10336.1202265306,10086.164755102,10224.7761091837,9951.31639795918,10200.3776479592,10077.4041979592,10362.6766977551,10152.2979379592,10059.4296029592,10215.2657219388,10231.0253518367,10316.6650895918,10262.8372355102,10347.0457105102,10338.7623513265,10424.5497560204,10835.2168330612,10632.7982305102,10530.8345479592,10444.573994898,10522.226699898,10706.9545479592,10420.5880509184,10380.0719663265,10568.6551735714,10596.6798085714,10469.9566585714,10444.5747041837,10366.3731080612,10372.2499867347,10380.3843082653,10398.0872282653,10273.5594782653,10751.5842282653,10590.3101232653,10517.3079282653,10423.7313135714,10069.7686770816,10059.0218063265,10206.8548645918,10155.3899360204,10187.9417060204,10133.8794110204,10125.8346860204,10244.3618010204,10344.9013877551,10423.1351169388,10805.060877551,10324.7795785714,10286.0551761224,10682.0041839796,10457.1164786735,10420.4709443878,10233.2119520408,10290.9779,10236.1120069388,10120.2934819388,10239.1688326531,10165.6305526531,10282.7622361224,10153.4686570408,10339.0770965306,10408.2266960204,10568.3067781633,10229.6990957143,10292.6309415102,10191.5073565306,10322.0020960204,10267.1251334694,10611.4756887755,10177.095612449,10166.5119588776,10473.3182488776,10086.4203638776,10150.4669812245,10284.5557312245,10105.1769407143,10154.9697857143,10028.4891707143,9988.00847632654,10288.0505507143,10482.3608972449,10129.6190041837,10304.2609352041,10274.9091833673,10347.4416439796,10273.8150470408,10460.8082042857,9873.41334714286,9632.91475693878,9815.37696795919,10258.2479018367,10349.6429412245,10483.6111861225,10451.8733572449,10255.4097764286,10207.432772551,10442.2586580306,10383.7369697551,10882.7752583673,10345.5676389796,10363.4061146939,10405.5245308163,10180.2317480612,10119.0715230612,10406.3746814286,10443.2925172449,10571.7501806122,10022.4688545918,10125.7642120408,10183.7964332653,10311.0957608163,10636.6855352041,10133.8686204082,10578.5572104082,10653.1356481633,10171.1193612245,10089.9126304082,10418.3233637755,10288.7136935714,10046.3216521429,9945.72749693878,10239.6069182653,10216.2823627551,9954.63834418367,10260.2195169388,10370.1035457143,10257.4079498571,10352.0969528571,10414.8249881633,10300.8193994898,10611.5453263265,10627.6867744898,10415.5836759184,10094.3336509184,10313.3912017347,10309.3395209796,10082.6602943878,10153.2187907143,10221.7271893776,10409.0549541837,10259.3129227551,10236.4992057143,10277.975304898,10239.0723981633,10175.0479663265,10412.1353204082,10300.3278704082,10454.7287012245,10273.0335458163,10382.9951035714,10780.0507247959,10402.7031006122,10460.9979502041,10512.7496152041,10406.7333452041,10445.9348129592,10318.6185857143,10044.9222085714,9956.04250632653,9886.16418367347,10088.6537145918,10342.5780307143,10081.8019147959,10398.277787551,10240.2812862245,10144.9975263265,10361.3607057143,10240.9783154082,10395.4944832653,10298.6401710816,10156.4408365306,10084.5770585714,9987.16701357143,9920.03714234694,10189.8448921429,10098.7103369388,10348.9455326531,10378.281425,10185.695072449,10390.9370200612,10428.4621935102,10109.0112585102,10110.5432943878,10214.9819904082,10117.2143404082,10064.1650244898,10093.1303091837,10427.535900102,10262.7950307143,10236.5550210204,10443.6257420408,10407.6334920408,10198.6889467347,10556.4007185714,10318.353662602,10788.0342903571,10150.6200760714,10184.6402073469,10152.5778938776,10196.2433130918,10270.9725138776,10323.5329508163,10436.1556716327,10351.51096,10353.958637449,10347.6524606122,10439.9391756122,10165.9851220408,10069.701547449,10194.9332365306,10386.7732064286,10486.6173677551,10576.6884613265,10181.9462571429,10072.8329631633,10162.2920047959,10153.3332654082,10088.7679773469,9894.54577938776,9901.53095306123,9615.08804316326,9867.32695540817,9887.89770663266,10053.825672449,10276.0563722449,10369.9605039796,9994.73754571429,9972.60223627551,10021.2338091837,9761.38275918368,9864.52881918368,10242.8275440816,10224.3105597959,10182.479692449,10043.843092449,10482.1600022449,10167.9850591837,10289.505882551,10563.1453310714,10754.8328180612,10322.1384229592,10555.2517161122,10280.3110095816,10168.6134922449,10181.0736670408,10516.2941907143,10330.7488153061,10103.1345655102,10233.1236935714,10376.70821,10459.7045719388,10333.0479367347,10309.1124761225,10220.2011561224,9931.58782959184,10270.8977782653,9918.20033122449,9973.15404819388,10042.4455768367,10112.7716245918,10236.299985,10412.7449015306,10453.233625,10321.8482463265,10565.2691312245,10208.1231928571,10331.2434190816,10404.5389489796,10250.0661259184,10486.7695869388,10398.2916128571,10428.2648113878,10504.7396979592,10402.3711929592,10101.1772773469,9902.95977010204,10358.8467402041,10154.9221690816,10224.2055673469,10235.9802012245,10190.9952537755,10249.2128857143,10443.3933280612,10421.8681059184,10268.4228741837,10229.1984713265,10803.2774737755,10050.2126295918,9884.9298655102,10003.0655267347,10269.9174767347,10543.893705,10251.4880362245,10194.5966405102,9927.94725938776,9908.15555897959,10021.274275,10065.8406211224,10099.281192551,10150.7788422245,10081.3814484694,10161.8294142857,10231.8291185204,10248.711569949,10623.6372106122,10084.4196553061,10195.9977997959,10704.6381793878,10204.5862005102,10217.6823173469,10009.3370855102,10324.1872221429,10060.4773836735,10067.1150063265,10215.1875416327,10341.7975707143,10089.5978084694,10205.840375102,10187.860225102,10403.5502587755,10078.049412551,10038.0808305102,10134.6753635714,10244.5176793878,10317.4200793878,10511.1564784694,10694.2735538776,10278.3207167347,10140.8433505102,10512.5020091837,10303.8126415306,10603.8406980612,10328.2946882653,10179.3041229592,10186.3157374592,9972.8078782653,10212.2889256122,10233.396577449,10025.9371178571,9831.82347265306,9958.55769316327,9935.39021571429,9949.02886336734,10138.7258879592,9977.02349418368,10249.4645870408,10325.4354710204,10407.8979210204,10159.9990096939,10095.3632410204,10214.7269581633,10135.5947385714,10307.2507,10121.7463681633,10156.2817932653,10197.3229765306,10140.751327449,10324.3988393878,10232.9850808163,10240.5909915306,10450.6139386735,10278.2132541837,10011.7568478571,9829.22998255102,9810.11666755102,9747.73918469388,9964.55345895919,9852.81097091837,9962.22752591837,9844.90605040816,10228.2497604082,10187.2947458163,10118.3641591837,10287.5298745918,10028.5293004082,10050.9957739796,10334.1075469388,10064.8100357143,10118.006727551,10281.0021273469,10253.5046017755,10192.3452547755,10426.9914808163,10299.4464240816,10048.5095367347,10263.0303541837,10737.6431364286,10274.9458577551,10280.9963780612,10748.0074361224,10345.9845089796,10128.3650273469,10268.3108957143,10244.3723665306,10526.9564242857,10195.3400887755,10075.8484376531,10059.2196826531,9790.15087836735,9859.75115871429,10057.221992551,9967.98786857143,9876.59945275511,9772.7755877551,9965.72584234694,10129.2402695918,10130.360905102,10241.6483061224,10187.2206234694,10089.5248888776,10420.436945,10160.983915,10021.4325246939,9754.22669795918,9956.44143744898,9808.23088030612,10040.0601390816,10125.6396390816,10250.2586818367,10538.403295551,10314.5980020408,10212.0363635714,9979.02958714285,10149.9948589796,10240.5600568367,9998.94047010204,9999.16728989796,9988.48675857143,10199.6008943878,10278.2073121429,10155.8943854082,10351.9259274286,10257.478489898,10281.3002828571,10405.4707060204,10437.4845004082,10320.3941965306,10307.8142215306,10249.3307508163,10116.8579938163,10526.5850708163,10245.9721035714,10136.5113585714,10322.0554985714,10144.7437682653,10319.129502449,10245.0786326531,10367.4447503061,10367.3429404082,10379.0295787755,10474.7080287755,10205.8586942857,10175.8403997959,9988.43006367347,10112.9245964082,10412.035077449,10232.629155,10245.0596343878,10196.5372533163,10230.1499319388,10340.26154,10401.7766436735,10302.0037385714,10271.8695739592,10218.2729820408,10355.5870316327,10481.8691726531,10403.9016608571,10214.0580926531,10198.5691285714,10051.1372694898,10536.9250056122,10254.5727702041,10485.4247508878,10275.9221869388,10394.9564942857,10534.5320483673,10460.0535481633,10113.4615538776,10329.7395432653,9915.01567244898,9804.29893755102,9728.50749473469,10228.1668477551,10161.6251094286,9755.58282836735,9938.74998,9924.47336673469,10106.6902367857,10497.9065826531,10227.1725178571,10323.1838679592,10779.4465994898,10509.025805102,10455.1742333674,10442.8802383674,10595.8683533673,10354.1736033673,10234.6927113265,10553.1019680612,10216.1845584694,10329.9260679592,10624.0650680612,10294.6295496939,10412.3850214286,10114.3482470408,10044.9293193878,10143.6553011224,10190.7619776531,10377.4706428571,10284.1157579592,10340.4602759184,10244.9108938776,10187.2729663265,10458.4029438776,10525.3253179592,10387.9257826531,10883.3009335714,10518.0331879592,10602.4436844898,10752.8937447347,10569.0273817347,10366.0492757143,10264.0146382653,10203.9337640816,10169.1906033673,10238.4735911225,10134.7265863265,10234.3798307143,10024.1214295918,10253.9105592857,9989.45468571429,9841.79230479592,10011.3214659184,10335.3796677551,10153.6118446939,10020.8511326531,10060.1088736735,10251.7133179592,10611.2012176531,9947.14796938776,9917.19516867347,9804.72929010204,9986.13352581633,10328.0313685714,10360.4513663265,10291.7427128571,10422.3263291837,10315.9294108163,10369.6637683673,10180.6349208163,10219.6045055102,10042.2974428571,10129.1000816327,10115.1326306122,10345.4150433673,10290.8143928571,10394.3645073469,10188.1732215306,10243.3250465306,10443.8526338776,10524.5806217347,10400.7879861225,10549.9462202041,10321.9401561225,10155.2817561225,10329.7569959184,10291.4235408163,10280.9207279592,10348.550252551,10343.6245635714,9887.32269744898,10080.4776766327,10301.577860102,10467.236350102,10348.812174898,10288.0212110408,10471.5299160408,10445.309403102,10418.8382264286,10369.2218783674,10481.4040523469,10486.2271545918,10312.750930102,10192.7594906122,10144.6692539796,9976.26517959184,10141.5358016327,10592.2789493878,10583.7403510204,10129.7941951429,10243.3167951429,10237.1965226531,10285.3457659184,10177.4178318775,10480.146042551,10029.6378795918,10033.2778119388,10333.8164196939,10474.6170547551,10377.5944669388,10419.4642293878,10332.1922609184,10786.3537772449,10774.0086997143,10239.0771622449,10106.180489898,9784.08874163266,9819.19992326531,9954.65360795919,10123.0493867347,10414.5533790816,10436.2212141837,10540.3732310204,10095.8659869796,10232.0552517347,10246.6896792857,10320.0440458163,10112.2326742857,10097.1430616327,10015.2325168367,9941.77901112245,10538.6010712245,10523.5377276531,10038.7258473469,10259.5520142857,10197.4374234694,9824.19872857143,9733.26323408163,9834.28759540817,9991.63239387755,10043.870540102,10085.7955164592,10093.8846222449,10316.6349455102,10150.2120595918,10000.7844061225,10036.4625302041,9968.1461322449,10368.3883002041,10259.3270482653,10139.8125732653,10246.7750082653,10186.268307449,10083.3636018367,10355.4465018367,10442.5764967347,10488.1687522449,10511.7445522449,10287.2964908163,10634.9390930612,10290.1565970408,10320.5236462245,10122.9944816327,10277.6660747041,10115.7435465102,10351.3168969388,10255.1221232653,10128.9634406122,10249.7189908163,10326.3245306122,10250.5591073469,10288.5530076531,10366.2202926531,10268.8371276531,10020.8978826531,10116.6620203061,10060.6909371429,10477.8369559184,10548.9296515306,10527.0084487755,10479.5789171429,10297.3794921837,10300.0476066327,10305.2283105102,10088.3591655102,10042.6088004082,9988.94842408163,10148.1259930612,9894.12752346939,10001.2778553061,9665.4275622449,9669.98712734694,9710.32008142857,10080.202519898,10228.0553740816,10296.7297731633,10247.7363522449,10114.6013783674,10083.9740016327,10225.5749429592,10342.6839142857,9793.49325377551,9894.67846969388,9917.8968622449,9870.39400989796,9918.52399836735,10114.7760341837,10714.4135853061,10132.8797093469,10164.3792912245,10053.3566583673,10171.5086712245,10228.9864163265,9887.50213571429,9752.46048918368,10115.8333091837,10066.593175102,10372.3345919388,10290.3136061224,10217.1587492857,10047.9002378571,10276.9042993878,10744.5402579592,10353.0756003061,10210.2604737755,9944.65058632653,9993.4083744898,9768.46034877551,10119.9789377551,9816.73580743878,9932.21583977551,10059.5314405102,10048.8413879592,9949.03690867347,10114.0303297959,10399.4395637755,10309.0202145918,10418.5369121429,10384.2370173469,10328.4709106429,10342.0397840816,10262.9941687755,10497.4245642857,10357.2616962245,10094.1884576531,10102.5514489796,10103.3546539796,9860.6903539796,9783.02219377551,10367.6619178571,9914.65442755102,9935.84682846939,9894.02536530613,10278.4198132653,10306.1410882653,10305.6644632653,9956.14826326531,10107.8797180612,10032.7407255102,10073.5140312245,10200.863647602,10292.3763435714,10150.9715787755,10145.4964527551,10180.6278371429,10314.9078177551,10344.5830265306,10298.5203430612,10263.2058822449,10181.4747215306,10957.6644745918,10514.2659285714,10532.0268819388,10342.7108721429,10353.0881781633,10084.0219352041,10205.3993292857,9689.32867581632,9909.91182979592,10136.1267615306,9871.00543642858,9901.16668081633,10095.4546487755,10078.4731609184,10229.9425044388,10195.4677481633,10329.7721434694,10425.2985761225,10320.6591061225,10287.8550972449,10222.481620102,10006.8649226531,10133.2776826531,9968.36927234694,9955.81309336735,10101.7031709184,10217.6678059184,10175.0358682653,10237.1545761225,10270.2243564286,10507.5428232653,10307.1182302041,10543.9779158163,10599.7571438776,10363.3677876531,10336.4304726531,10203.3360988776,10831.5397305102,10428.1368057143,10127.9093795204,10286.5858032653,10236.5525010204,10056.9297177551,9852.11016285714,10243.3867564286,10246.8738820408,10051.4515485714,10184.0316036735,10176.9896508163,10030.6012812245,10075.7204412245,10119.8735162245,10033.5308496939,10046.4565237755,10131.5915816327,10321.3556973469,10410.2849856122,10461.5307192857,10359.6339813265,10487.4525669184,10273.6532736735,10519.0627252041,10450.9020328571,10387.3453136735,10533.1562606122,10564.3369389796,10542.5781153061,10514.9096122449,10402.110304898,10472.3712994898,10357.2363890816,10172.77483,10214.4923018367,10394.2626868367,10597.2302475306,10518.6363988776,10550.0684117347,10538.4904981633,10229.064772551,10073.183377551,10164.9629158163,9945.3233525,10000.3519621429,10103.1460444898,10067.8782754898,10179.3304991837,10403.831474898,10329.8279472449,10204.4954957143,10409.4366638776,10113.3702488776,10114.7604507143,10432.3556734694,10320.6538634694,10443.786152551,10496.680437551,10333.3393790306,10294.4706791837,10237.121262551,10184.6168844898,10277.0965944898,10368.1974120408,10325.1263081633,10117.5755613265,9992.26290561224,10037.8584470408,10057.5098154082,10242.4785147959,10260.7195697959,10689.9848740816,10310.5349393878,10255.8011184694,10222.9418779592,10191.0551921429,10119.5049677551,10208.6733683673,10149.4552653061,10405.3398153061,10128.3954468367,10093.3570513265,10128.5197361224,10011.0664934694,10170.8778489796,10081.0057690816,10040.5553653061,10086.8508653061,10169.0995234694,10164.386355,10310.777294898,10165.2918242857,10348.9550429592,10114.2975679592,10218.6565669388,10299.8268018367,10186.0577454082,9893.84054357143,9913.26380102041,9889.09719408163,10019.3698428571,10076.7366030612,9611.12437906123,9755.96660151021,9883.34413408164,10084.4285720408,10236.5369480612,10195.8036,10006.2437987755,10247.949982449,10112.376697449,10273.0837857143,10248.7222732653,10438.7356519388,10300.7764908163,10335.5316058163,10051.1551313265,10033.6137563265,10290.809798551,10329.7936992653,10481.0250937551,10194.8814458163,10269.061097449,10095.2728817347,10036.8841526531,10155.1918820408,10225.148067551,10182.0889847959,10077.8526217551,10362.1718067347,10513.4472483673,10414.0807164286,10348.932882551,10397.431364898,10489.1573532653,10313.8050435714,10106.9089222449,9899.73655132653,10203.0714867347,10299.1411529592,10113.9330485714,10096.0003385714,10164.3680926531,10173.6410496939,10042.5518982653,10042.6761726531,9885.6687367347,9900.36440908163,9823.89427377551,9847.63399744898,10028.549492449,10173.4115078571,10469.5387535714,10452.4934158163,10346.8503872449,10356.8296918367,10496.9281434694,10356.3528959184,10177.2189872449,10157.1279396939,10011.2639955102,9866.02487913265,9819.30053882654,10333.1741520408,10264.4028467347,10317.2509954082,10092.0474460204,9936.36844857143,10164.3896731633,10389.6524418367,9916.95571122449,10291.6267112245,10306.1936132653,10399.3329991837,10164.8379032653,10132.0870962245,10275.9555591837,10181.2958817347,10233.7045033673,10214.0393697959,10111.2323858163,10170.2662950714,9993.27251598979,9994.6620947653,10280.0442327245,10305.3688739796,10615.2971388776,10346.0548520408,10356.6075691837,10372.6595116327,10459.6854456122,10261.5830706122,9937.24431938776,10192.5033308163,10722.4479969388,10194.3434845918,10014.1727357143,10106.050825102,10194.4094716327,10305.0557464286,10443.2577542857,10252.2337433673,10501.6291123571,10285.2317660204,10353.6295479592,10438.3294439796,10518.8721309184,10909.1215465306,10290.1079038776,10421.305082449,10049.971884898,10308.4379489796,10148.4119952041,10152.485737551,10417.2916444898,10417.3413705102,10439.0418612245,10376.0631617347,10272.3254836735,10245.7227222449,10379.6594397959,10408.6345076531,10428.0586276531,10355.5199302041,10125.8376018367,10270.9427282653,10246.6133670408,10166.5444392041,10172.8046704082,10445.0022428571,10948.7522243878,10436.5074294898,10406.4334204082,10314.1905458163,10333.0281331633,10061.2693706122,10305.1319156122,10310.5429844898,10326.4801183673,10318.5582257143,10374.1467666327,10762.1800473469,10739.1792721429,10295.9924373469,10324.7728476225,10701.2183942857,10391.6753347959,10271.8310755102,10290.156522449,10349.1920030612,10227.6164854082,10192.8459771429,10155.6088489796,10078.4218037755,10239.3513867347,10318.7411958163,10095.6277866327,10430.870377551,10150.5300867347,10104.5736809184,10231.2118264286,10145.8704720408,10162.2080393878,10232.7405862245,10363.3036302041,10477.3075883673,10375.3315636735,10479.1739142857,10203.4765166327,10036.6447374286,10037.2287787755,10424.8221959184,10410.9216684694,10378.3095708163,10670.9731755102,10770.5708710204,10535.8726957143,10398.4874490816,10353.2241652041,10224.5785438775,10178.5104073469,10294.4914228571,10284.8471916327,10271.9189534694,10437.5863158163,10434.950259898,10353.0160009898,10393.4290717347,10239.4721160204,9913.84925438775,10231.7911858776,10271.7499702041,10352.884335449,10367.5019219388,10385.5977088775,10436.2842036122,10406.0040464286,10307.4405067347,10160.5980852041,10471.6483780612,9926.99140051021,10152.3598906122,9972.59096704082,10143.4492104082,10154.8918340816,10072.7761763265,9990.58515377551,10239.2621547959,10340.8568365306,10315.9171964082,10326.5387822449,10426.6415758776,10036.5320540816,9847.77853816327,10010.7667208163,9969.36808612245,10385.8498672449,10085.2597239796,9737.80731489796,9699.75165665306,10099.2059096939,10145.3579726531,10346.8181063265,10705.2154540816,10639.9082983673,10523.4079453061,10522.5650487755,10462.4185264286,10219.0397359184,10306.1384959184,10213.616767449,10201.3790003061,9764.70627387755,10028.489302449,9802.58567489797,9729.54627214286,10197.23485,10256.0846703061,10246.3615653061,9986.66832346938,10033.1641147959,10088.2002481633,10108.0859630408,10164.0217903265,10185.9596353265,10222.1609420408,10262.5084604082,10505.2244334694,10259.3187778571,10269.833800102,10193.861105102,9889.05439122449,9914.98784693877,10082.9720683673,10307.8265413673,10197.9861163673,10142.5357663673,9768.78533438776,9816.89678744898,10166.6390526531,10387.8585252041,10281.6443878571,10318.9368508163,10329.0482768367,10438.6722209184,10432.3151208163,10226.7402108163,10469.8873513265,10297.2659293878,10400.3176866939,10320.8192966939,10280.9270157143,10479.8791428571,10257.4319165306,10302.6538297959,10500.1424130612,10190.4539368367,10299.789244898,10161.4634596939,10143.8240589796,10494.9318733673,10409.8337812245,10479.5077292857,10438.1766712245,10365.8883017347,10327.265965102,10175.3629129592,10504.2881297959,10155.6438303061,10027.0650005102,10167.0820855102,9924.98662122449,10132.0197379592,10583.01647,10550.2365832653,10466.7782459184,10062.6425966327,10059.1577,10305.0240536735,10418.5501969388,10417.5942115306,10271.0018094898,10395.4676743878,10514.9027483673,10515.3906816327,10173.8711766327,9925.09237755102,10118.6281693878,10309.6032193878,10009.9015753061,10246.5882186735,10128.979079449,10242.3687497959,10346.67742,10041.5616985714,9858.2232205102,9911.08634489796,9959.93450979592,10475.5365894898,10164.2617305102,10125.8019291837,10143.4222091837,10038.7186354082,10095.9952804082,9998.68777316327,10057.1779972449,9860.64811897959,9826.99576428572,9636.53355561224,9621.66114142858,10172.9876470408,10104.8116145918,10074.0371554082,9985.43147989796,10270.5695823469,10181.5502214286,10195.7507877551,10338.979245102,10233.4342554082,10597.5350984694,10015.7132511224,10151.508915102,10195.3392613265,10933.9443087755,10354.277982551,10400.0890793878,10542.0222294898,10320.6084944898,10657.1728361225,10092.2269660204,10159.3521363265,10126.0963085714,10319.6808614286,10150.6960507143,10204.8496792857,10161.5485993265,10358.8000035714,10447.5545313469,10309.6365989796,10342.3305283571,10422.6070132551,10249.9765834592,10417.9794877449,10452.5907110204,10365.3389743673,10314.5153031633,10864.3035965306,10450.9347462245,10422.6101112245,10278.2796846939,10375.7082203061,10291.7434505102,10651.8413178571,10462.6961215306,10572.0671367347,10271.7992093878,10448.299237449,10251.8848290816,10255.1366411224,10148.625627551,10047.9950822449,10054.7824972449,10166.1559230612,10079.8224488776,10596.2447748367,10472.9186771837,10389.5751912653,10726.5106256122,10399.4719240816,10300.3162188776,9837.20747183673,9893.09653163265,10102.5174508163,10185.9698942857,10139.1844018367,10218.0404264286,10376.2436154082,10410.9500881633,10305.9677335714,10086.4396397959,10125.6721247959,10031.2353393878,9861.54597612245,10094.3604857143,10282.4215581633,10053.341815102,10027.478255102,10113.5348253061,10240.7613663265,10194.7263663265,10159.4094928571,10600.1527189796,10499.9417835714,10514.9750894898,10507.8143375143,10274.0742707143,10145.4487183674,10325.1987495918,10243.5504159184,10399.7179698163,10378.0996353061,10270.5941403061,10222.1181152041,10254.2467261225,10470.9573855102,10429.9336090816,10321.4437034694,10404.4514099082,10298.7193902041,10134.9295310204,10318.5174121429,10437.7152091837,10062.626841898,10097.9312815306,9986.87138132653,10143.1263797959,10021.5650563265,10644.6641338775,10234.66273,10161.5494334694,10035.4061884694,10305.093070102,10091.841150102,10390.9661004082,10338.6881,10368.8946869388,10263.0172808163,10316.5214784694,10282.3337734694,10207.9764639796,10395.3823918367,10326.2657940816,10374.9839346531,10349.1429106122,10441.4904241837,10303.5260040816,10184.5337940816,10347.8242241837,10690.38782,10699.9235003061,10241.4487030612,10208.6628179592,10103.6256793878,10090.0262379592,10050.1050338776,10102.1357065306,10087.3597263265,9982.5873522449,10427.8769373469,10174.5006463265,10438.0007726531,10035.4736043878,10353.0309511633,10058.0990164286,9822.99698183673,10336.6450446939,9816.24480459184,9965.10171020408,10110.8819261224,10913.4106411224,10196.4083329592,10071.6119117347,10270.069992449,10184.8065530612,10130.2330521429,10192.3903117347,10281.4845790816,10480.7272363265,10089.50835,10125.4329469388,9971.6906722449,9959.40744897959,9920.92817295919,9972.15557366327,10109.2184425918,10024.1252788776,10045.9778041837,10110.3556492857,10254.6893887755,10432.3517345918,10198.4615336735,10520.2117122449,10680.7273506123,10342.7314308163,10091.6175591837,10090.7278213776,9972.86361795919,10000.3469429592,9902.97299367347,9797.70404683674,9504.72785826531,9431.89816346939,10119.366727551,10029.2601964286,10160.5407814286,9872.32772846939,10045.2573571429,10014.875877449,9965.96126489796,9886.81281989796,9989.02168826531,10146.0485693878,10138.256757449,9771.00436778572,10129.2152245918,10445.1467896939,10097.6846669388,10309.6421222449,10470.5062503061,10444.0195391837,10280.6404294898,10356.867937449,10372.5172244898,10272.4508507143,10555.2347846939,10135.8002536735,10000.3989071429,10120.7940273469,10011.3424952041,10046.0227652041,10092.6558892857,10157.7055842857,10051.3973346939,10146.4329846939,10164.5316466327,10154.0461230612,10242.8516777551,10299.3042207143,10207.8786843878,10402.2198896939,10336.8577602041,10444.1352465306,10227.0003545918,10434.5631940816,10441.0354908163,10405.1596996939,10395.3399269388,10352.6944319388,10450.4952943878,10225.9167252041,10205.3163030612,10279.4094231633,10147.8761481633,10080.4492767347,10101.0025617347,9913.3286217347,10249.4810467347,10069.107100102,9878.22964602041,10111.1852282653,10024.710244898,10308.9132923469,10289.6381723469,10382.259483449,10353.9594294898,10235.2669557143,10149.6231378571,10316.0829017347,10239.1610095918,10139.4412332653,10171.0411782653,10281.5717531633,10297.6449219388,10138.8520033673,10288.5868264286,10533.3887164286,10473.9235418367,10825.412402449,10352.6366971429,10162.4163942347,10278.4742494898,9807.98045928571,10156.6830542857,10285.4178439796,10462.0942216327,10404.9096781633,10255.8258630612,10085.4932882653,10019.2943582653,10191.7064509184,10245.1108741837,10155.2627122449,10375.0528972449,10281.4406012245,10550.2961912245,10489.9470938776,10362.4637588776,10112.3738308163,10468.3995748776,10399.0960639592,10443.4366008163,10509.290492449,10366.1996588775,10367.9709988776,10348.9214638776,10477.6218267347,10463.1693620408,10326.2029912245,10292.868767551,10244.8594653061,10488.0297809184,10248.56603,10584.0198210204,10346.3438537755,10475.6770393878,10814.5271685714,10236.1603846939,10305.1694693878,10376.1896371837,10535.9286141837,10225.8484247959,10351.1298102041,10171.4642482653,10071.5151623469,10077.6634430612,10124.0669846939,9895.1065467347,9865.74309479592,9952.52153295918,10271.0310219388,10837.9748809184,10509.3321109184,10304.1570208163,10302.0540861225,10148.068105102,10478.8851459184,10435.713894898,10261.9410822449,10138.9823069388,10064.6864514286,10056.7524877551,10204.1947929592,10169.9721362245,10131.1632671531,10131.3516167347,10174.6657440816,10348.7534219388,10265.4762888776,10362.4194790612,10357.8367505102,10259.4902932653,10362.5738728571,10120.9767498571,9940.43792642857,10238.9020220408,10201.9604101531,10082.8872472449,10250.1987322449,10372.1867011225,10004.76894,10057.7895876531,10079.8608990816,10091.6948765306,9997.28925213265,10196.7739119388,10297.3991015306,10410.1160015306,10428.2950791837,10450.8022691837,10513.0471191837,10441.0117014286,10261.3423578571,10241.992384898,9942.30875969388,10241.2183382653,10221.2243568367,10260.3612168367,10318.0690054082,10345.9062813265,10409.9084479592,10418.3579030612,10137.5438506122,10186.3669353061,10068.5014696939,10052.2801609184,10121.6378659184,10259.4253397959,10054.0279132653,10149.0274080612,10288.1824808163,10385.7114908163,10324.1152165306,10358.6597208163,10427.3795636735,10713.1618286735,10234.583042551,10735.306247551,10485.3990753061,10364.3139088776,10277.6984062857,10163.3974664286,10288.2358467347,10585.244412551,10231.8787132653,10356.1534004082,10557.1429747959,10453.090470102,10380.0493495918,10236.1285863061,10224.9131703061,10270.1530373469,10507.5174808163,10483.0588159184,10289.3475873469,10314.8480787755,10281.3954227551,10310.04222,10079.0968184694,10373.1339401225,10335.6815123469,10256.2540522041,10343.4242571429,10362.0212008163,10490.1660058163,10221.4412912245,10607.2417767347,10466.8754667347,10466.8073227551,10351.0147628571,10218.282085102,10221.616794898,9882.50206734694,9989.56003571429,10014.0347857143,10057.626935102,10065.1263384694,10061.3684060204,10321.9629735714,10352.5793061224,10261.3374014286,10103.6421827551,10093.8735718367,9935.02248214285,10222.2090493878,10301.7709521429,10409.8203165306,10124.8645338775,10401.7460852041,10286.4752237755,10283.026287551,9730.84108428572,9929.08956663265,10035.1678615306,9771.1654622449,10121.9918591837,10560.550240102,10860.5942376531,10195.6396357143,10027.0382676531,10347.4694863265,10685.9927897959,10425.9052543878,10409.6925083674,10317.6784781633,10068.4414347959,10106.7182931633,10151.5210831633,10065.0553181633,10263.1098081633,10364.8032203061,10260.8170234694,10396.4191914286,10823.1078511225,10691.0578187755,10295.7651043878,10313.1495981633,10154.7705665306,9865.99018040817,9923.40263469388,9939.51807857143,10266.0145598163,10118.4804162245,9890.82045928571,9770.57240387755,9685.52240367347,10003.4234105102,10360.075654898,10210.6224136735,10556.256112449,10194.7135528571,10083.8735014286,10175.788137551,9979.40243469388,10097.814012551,10168.3677503061,10276.1627223469,10425.5523916327,10299.562292449,10145.3195955102,10099.8492876531,10112.5902122449,10109.8307416327,10162.5786122449,10231.5484872449,10031.7146140816,10319.4014678571,10883.1380255102,10362.2400828571,10436.499987551,10141.852817551,10315.1334138775,10481.484179,10438.4936337755,10438.0677294898,10467.9034684694,10546.4652072449,10358.3744185714,10586.5772189796,10005.7704782653,10086.2274078571,10255.1118054082,10188.7006659184,9990.50511642857,10079.8175496939,10055.9050558163,10259.9897008163,10159.4189079592,10306.8808721429,10199.0205867347,10192.9560938775,10213.8914069388,10226.7700339388,10158.3868676531,10207.9485126531,10018.7366176531,9973.86329510204,10155.100585102,10391.639144898,10353.9248765306,10380.0652377551,10360.7224018367,10370.3215660204,10908.5594182245,10225.9895367347,10334.8571817347,10596.5281167347,10486.9666017347,10497.2362090816,10297.1150218367,9839.69109561224,10440.8792268367,10431.581047449,9984.73486510204,10030.1858368367,10482.537772449,9951.78604020408,10085.3242902041,10037.5958647959,10008.2994397959,10086.5549818367,10305.3879266939,10122.3020836735,10370.3713434694,9853.20266030612,10236.5511083163,10017.5138328571,10210.973944898,10184.5036671429,10394.1191271429,10402.4177212245,10284.337570102,10308.8578283673,10354.0428120408,10081.5155046939,10289.8016495918,10261.8246125816,10289.6566172449,10390.3668091837,10137.3125007143,10214.0763591837,10209.0049146939,10317.0381873469,10303.0450532653,10361.8008108265,10231.0899370408,9915.23001897959,10650.6229285714,10391.1882758163,10280.2149729592,10038.0801510204,9929.10480081632,9947.36135395918,9900.90871018368,9962.59661833673,10004.9851468367,10125.9128254082,10288.0425353061,10432.5403987755,10291.0016419388,10136.3172579592,10077.3534478571,10288.9564982653,10187.1759623469,10260.0239668367,10184.0451738776,10523.9155061225,10117.2392131633,10084.591139449,10280.1006257143,10012.4867900306,10142.8851019388,10129.9493127551,10242.873000102,10104.87272,10247.6900460204,10052.6246566327,10607.508320102,10243.3026856122,10155.3528221429,10157.229557551,10250.8460761225,10495.5139857143,10127.1966846939,10101.6989936735,10213.4481257143,10434.9971113265,10216.7874496939,9959.85813561224,10173.1882378571,10574.1794244898,10427.1941018367,10350.4390447959,10281.9558705102,10178.1996416327,10215.5612818367,10133.8613868367,10254.9475405102,10363.2485332653,10680.9812234694,10833.7313234694,10360.3572145918,10296.5969308163,10287.4181332653,10104.6663203061,10181.6321372449,10101.5791579592,10332.1252170408,10439.2937385714,10111.2731785714,10010.0944831633,9876.55366622449,9875.13543051021,10148.4666281633,9936.64117755103,10041.3224345306,10311.8723927959,10037.2595534694,10340.6588841837,10188.9789169388,10654.3662977551,10745.8138242857,10336.6879828571,10128.5333939796,10413.638080102,9922.71218510204,10087.9310216327,10153.6629416327,10274.6896837755,10244.4757296939,10364.7470841633,10457.0140341633,10262.2553883674,10212.8923508163,10191.4641814286,10292.1649882653,10689.7830337755,10024.0337402041,10143.2113146735,10405.1099569755,10649.1240189796,10384.0186294898,10399.1061642857,10659.7010765306,10215.2683738571,10808.7084991633,10451.7053660204,10435.9603527551,10160.2033529592,10331.9690972592,10362.7467115449,10399.6070633673,10715.8340832653,10528.1173832653,10412.5917832653,10867.805932449,10462.1679603061,10326.4857161224,10270.3622735714,10259.86139,10065.6309609184,10237.7554909184,10211.7182014286,10326.5757362245,10504.537949898,10521.8364778571,10490.6343552551,10518.5107395918,10585.4682656939,10450.6331156939,10852.0126906939,10631.5163827551,10407.2240219388,10372.7221522449,10320.4794511224,10067.7868818367,9909.52455510204,10135.9397605102,9874.63849040816,10043.3821693878,10220.5335178571,10545.5966769388,10266.3503942857,10416.6346408163,10733.3752152041,10397.4620994898,10376.524062449,10310.6913690816,10348.9040555102,10242.6064683673,9965.98944234694,10217.4700859184,10393.0534709184,10482.336325949,10512.3767277551,10378.8480347551,10419.734924898,10472.3929423469,10253.9902230612,9737.35360438776,10220.1274007143,10117.2551554184,10089.5930544898,10143.1132644898,10565.2681566327,10399.7191842857,10471.9218327837,10508.5776646939,10290.3950879592,10060.9353526531,9879.91968836735,10129.1798332653,10208.0316271429,10254.2211153061,9802.34798030612,9842.6121894898,9914.61593765306,9966.23800122449,10288.5608356123,10470.9150856122,10291.543650102,10283.1025608163,10406.9790916735,10567.1975579592,10222.537862551,10332.8133846939,10176.4262380612,10407.0660403061,10384.464977449,10322.3947726531,10075.3783089796,10390.6863907143,10353.2568257143,10158.6896887755,10345.2031986735,10298.2835286735,9948.46182112245,9931.28719418368,9647.38627989797,9787.60788489796,9787.11766122449,9904.82663285714,10008.4694272449,10104.7020762245,10206.35977,9788.99047744898,9742.05412051021,9898.20907040816,10000.8109154082,10152.6237282143,9834.59769255102,9748.26581346938,9901.90330959184,10085.8447195918,9847.88777204082,10046.4829220408,10302.0618639796,10045.3847856122,10200.6830768367,10157.8559270408,9782.08870367347,10269.9152503061,10314.0165996327,10326.4586440816,10147.0045280612,10238.4151633674,10365.9349142857,10743.6747511224,10228.5524908163,10394.7646840816,10299.1460359184,10546.134344898,10544.9659184694,10463.6023811225,10362.6746312245,10376.9592584694,10204.3303445918,10061.9652427551,10312.220860102,10208.6235602041,10203.8089202041,10218.5731502041,10161.4853263265,10027.0666983673,10079.0264137755,10119.9228637755,10384.5987676531,10256.479754898,10315.566389898,10853.0301545918,10094.6569664286,9976.26926663265,9713.31738887755,10075.4321752041,10122.6030937755,10135.3473933673,10139.9567563265,10493.5994563265,10471.170796551,10356.322141551,10282.8836385714,10106.17396,10669.2982295918,10319.652277449,10271.6736639796,10364.1436993878,10371.8899826531,10265.5932455102,10345.8776117347,10241.6434958163,10517.5812933673,10344.4142820408,10418.6330934694,10357.6717761224,10215.0111783673,10166.5261381633,10227.6313520408,10040.3490143878,10129.1745553061,9713.4039794898,9901.62849438776,10389.2218562449,10287.9675923469,10242.9648195918,9877.92433193878,9940.08408193877,10084.1724869388,10111.4216197959,9937.14191285714,10080.8830778571,10050.835055102,10127.2623205102,10124.1791043878,10517.4921259082,10456.9132271429,10336.791017551,10414.1768527551,10335.5944678571,10471.8654182653,10465.979318,10526.1559339796,10083.418137449,10235.842233449,10174.237563449,10392.6588110204,10218.7762406122,10226.8993841837,10476.1998547959,10106.1836269388,10133.0066719388,10000.0484569388,9958.98672428572,10091.1834416327,9888.70130306123,9875.85500306123,9975.31037408164,10027.1610302041,10239.0509239796,10185.0063334694,10249.6852734694,10104.8478331633,10230.3452362245,10446.0752621429,10331.8034781633,10356.6910731633,9986.94870561225,10047.7967567347,9792.90023071429,9873.95421265306,10140.3604479592,10050.6197478265,9970.33907132653,10068.3294203061,10288.592882449,10228.9484126531,10290.7787066327,10237.1525352041,10307.2372145918,10566.4442809184,10434.0521097959,10362.5233956122,10332.8543818367,10287.0966487347,10393.8991408163,10387.1035147959,10427.5846021429,10379.8087771429,10484.434075102,10533.4697226531,10439.1336648469,10090.3976656122,10233.1112368367,10430.7381705102,10256.4205477551,10371.5803132551,10439.9680975408,10263.0078204082,10345.7706354082,10331.8127323469,10298.4985786735,10225.6818815306,10057.4849555306,10311.5338157143,10157.1944657143,10171.8453357143,10220.9836333674,10373.3035418367,10203.3113023265,10059.7535359184,10050.7945420408,10311.0801994898,10253.3417453061,10361.5727606122,9867.2450427551,9883.54164255102,9981.36908765306,10032.7058043878,10262.9571868367,10311.2364695918,10598.623985102,10734.5645373469,9947.96055377551,10350.6755306122,10482.364944898,10313.700067449,10345.4411372449,10439.3465888776,10440.0772722449,10309.4477222449,10156.9521222449,10192.2100553061,10265.3081353061,10134.0980833673,10022.3465997959,10297.0988190816,10202.9420065306,10136.3683659184,10089.1244882653,10035.9049808163,10075.5137363265,10120.6934096939,10041.6776247959,10192.0179559184,10402.526734898,10353.471575,10316.7650872449,10492.2729134694,10209.4708164286,10105.5184914286,10144.0856015306,10361.902502551,10040.1336960204,10327.5645153061,9540.82719857143,9845.64585602041,10086.4163387755,9912.32651255102,10044.1995971429,10183.8510240816,10094.9304612245,10214.8088833673,9904.79527510205,9864.17810510204,10139.7753533673,10104.9127061224,10667.4618612245,10233.2137622449,10243.5564486327,10432.4195397959,10290.2558905918,10434.9940396939,10409.2051758163,10377.9132285714,10358.0122402041,10243.632597551,10221.2091936735,10050.0006080612,9876.95720051021,9720.69474581633,9977.63179030612,9827.66114561225,10158.2232784694,10357.3325657143,10396.8430282653,10358.5410734694,10171.3064234694,10320.6008809184,10286.1122509184,10307.2408458163,10431.5132189796,10007.6559561224,10116.8028955408,9973.67798612245,10293.0085689796,10480.9477428571,10598.5767678571,10311.7773716327,10206.6628716327,10067.3784635918,10045.4153242857,10205.546524898,10156.9449376531,10297.0791429796,10331.8270206122,10252.6463895918,10253.2301752041,10492.4644373469,10499.6487292857,10302.8966784694,10356.9056029592,10243.6456471429,10095.1257147959,10230.4218231633,10322.9259780612,10327.2333259184,10267.233887449,10269.727194898,10020.689764898,9981.22029377551,9927.85177755102,10126.7494672449,10121.3118287755,10222.2523263265,10307.0857636735,10192.2473702857,10654.4789086735,10117.0132872449,10390.6411823673,10181.881552449,10292.2639368367,10198.167265102,10341.3861971429,10031.9298986939,10053.2322631633,10030.3552827551,10136.953834898,10314.6191294898,10192.6524376531,10520.5778634694,9759.70197020409,9955.77367908163,10088.3896719388,9874.54548887755,10254.5635834796,9828.05344081633,10136.1104883673,10121.9679902041,10136.8393578571,10189.8591320408,10259.3140623469,10256.1458723469,10353.3349447959,10260.6324565306,10279.42987,10131.279445,10435.5981090816,10407.7873340816,10346.6020786735,10297.6738943878,10170.6400507143,10120.3315747959,10260.6654147959,10237.184540102,10207.5786588775,10066.356204898,10147.8274547959,10305.3738234694,10222.1755271429,10208.7960990816,10435.7799477551,10322.136435102,10454.1320416327,10345.3298947959,10529.8055525714,10525.6161196939,10442.5786338776,10378.5736340816,10341.1432183673,10161.6404356122,10185.4802506122,10141.2099091837,10058.0779969388,10033.2701483673,10505.4155802041,10272.9637970408,10154.2434420408,10143.1199773469,10286.0149423469,10327.1388373469,10112.7709988776,10290.7748168163,10152.5416118163,9986.32419459184,9977.19634959184,10133.2964178571,10188.3074428571,10175.370917551,10057.326427551,10278.5699173469,10206.5756778571,10185.9617680612,10280.2339861224,10103.6349616327,9963.49567040817,10044.9699265306,10408.1200704082,9969.7075317449,9960.0734822449,9899.9554877551,9947.49487959184,10291.2705759184,10301.2427217347,10379.7311722449,10391.4085614286,10097.0427795918,9586.83426459184,10027.331632051,9943.6835055102,10053.0616073469,10254.8639920408,10031.3410256122,9867.86732683674,10129.0085720408,10276.7145570408,10143.8027239796,10461.6374955102,10400.6456943878,10249.2730296939,9911.65995040816,9854.62446226531,10071.3206252041,10080.2074456122,10038.8306906122,9986.24124061224,10093.1381535714,10093.4120197959,10238.6661781633,10066.9696873469,10109.0872710204,10821.2541560204,10240.7327460204,10284.5755710204,10495.1539038776,10464.4559247755,10423.9999955102,10421.2964989796,10005.87236,10108.4640568367,10248.5322593878,10431.6977205102,10346.2632703061,10157.248347551,9924.42703438776,9770.26902989796,10111.0076089796,9891.93404102041,9951.73906469388,9812.11372346939,9581.11813836735,9573.56893877551,9599.68157244898,9675.1700305102,9637.96630183673,10041.9456431225,9816.69842663266,9909.38347043878,10006.3392260204,10237.2089466327,10230.7402663265,10110.615292551,10341.8513403061,10467.938924898,10332.1949457143,10339.7346357143,11009.4097230612,10450.6735805102,10704.582465,10875.8838031633,10375.3937180612,10286.3150309184,10291.5660171429,10621.1948584694,10475.6746110204,10228.0209604082,10465.2046753776,10558.0125552245,10427.4864826531,10492.6770919388,10308.5889161224,10440.4237530612,10383.9760367347,10379.6313123469,10300.354111102,10216.0679407143,10353.5633192857,10293.6053490816,10132.8342381633,10091.0555255102,10059.6989678571,10063.1139480612,10174.3422036735,10339.5046188775,10598.4834489796,10682.8981973469,10310.7112569388,10572.5603372449,10289.2014821429,10310.2519583673,10279.9528287755,10213.5934569388,10177.8469288776,10104.6729079592,9889.21330418368,10193.8294041837,10109.0892532653,10384.9959765306,10279.555084898,10162.4423921429,9958.9832872449,9807.67315000001,10307.1269223469,10162.3341338776,10219.2230938776,10021.1705478571,10211.6179923469,10064.0837106122,10079.6876081633,10204.8552515306,10342.0524038776,10283.8716928571,9891.28300765306,10234.036943449,10242.2242989796,10208.021265102,10658.2542841939,10409.1086444898,10457.583149898,10791.186390102,10407.5397455102,10251.6497665306,10447.0131779592,10319.9616386837,10378.6481973469,10456.5679580612,10727.8779816327,10729.3027485714,10832.1450179592,10259.9076137755,10426.6520616327,10231.8922228571,10409.2066683674,10172.8607683673,10234.8400530612,10314.7946569388,10173.6083336735,10232.8110386735,10260.2633741837,10033.2540243878,10126.1579493878,9988.43678428572,10088.5142764286,9979.24761428571,9862.84589004082,9890.81789204082,9941.65805000001,9916.24827683674,9732.47149683673,9703.11244020408,9858.94129112245,9849.16560989796,9886.42927989796,9610.46055214286,10132.0310017347,9951.3644322449,10259.0976528571,10078.2459755102,10144.5159068367,10059.2969382653,10307.4549631633,10335.6913829592,10324.0001279592,10186.5382126735,10582.5267687959,10337.4988737959,9987.79353346939,9935.96239336735,10134.5294894898,10192.6329402041,10087.2650818367,9821.71602806122,9909.47804928572,10160.665452551,10102.0551234694,10149.1329658163,10157.396164898,10243.306249898,10263.960944898,10369.916444898,10427.1175878776,10089.820727551,10099.899662449,10236.7170413265,10388.8932114286,10486.4309126531,10312.9427386735,10327.4754853061,10320.0986934694,10325.606420102,10035.7170179592,10001.9648360204,9861.60422918367,10026.7634693878,9924.95069153062,10245.4155868367,9784.27328214286,9848.20217857143,9854.24698346939,10162.6719634694,10114.3289932653,10136.9034189796,10226.6904095918,10166.0394156122,10237.3758785714,10113.4635206122,10279.3870976531,10092.7222586735,10315.9873747959,10153.453897449,10315.4995936735,10284.2689196939,10058.2721210204,10414.390972449,10734.346007449,10256.914035102,10324.5262591837,10114.9772092857,9655.80346857143,9741.57910367347,9927.20018632653,10148.5096935714,10410.6924088775,10503.9503014286,10571.4464463265,10519.5362402041,10569.4865732653,10336.8777442857,10160.8778477551,10112.1499153061,10322.74665,10244.0331367347,10070.1411386735,10182.73211,10408.2157903061,10466.3149996939,10099.1301808163,10270.2707422449,10056.7998887755,10404.1873534694,10450.5064162245,10471.0486140816,10209.9624119388,10379.5230585612,10375.9993048878,10505.0066177449,10272.9881836837,10120.9780509286,10097.1461641939,10344.8882753163,10311.5212277653,10401.2809962245,10255.9249589796,10553.9469284694,10754.3142166327,10504.3339714286,10410.2429089796,10422.4022653061,10326.1197578571,10106.4397473469,10431.0095693878,10406.1237755102,10017.084314898,9956.78690459184,9927.73580061225,10057.9408181224,10267.0501604082,10286.7727330612,10347.5650091837,10186.0297741837,10304.3829091837,10183.4569591837,10163.488505,10135.7525133674,9877.14582112245,10237.1174042857,10130.629672449,9720.04870377551,9840.4124789796,10507.9940739796,10355.3695761224,10230.711857449,10538.495597449,10686.0151337857,10411.8822387857,10157.1294859184,9884.22504040816,10443.1006354082,10305.6873754082,10405.0486832653,10124.0122586735,10221.3140586735,10181.7148986735,10288.8721904082,10304.6176741837,10329.9383319388,10445.1768954082,10398.534298898,10689.1840387755,10610.1284014286,10064.6222167347,10105.8756917347,10065.2978756122,10275.1814423571,10340.8303464286,10343.5250514286,10146.8288558163,10247.2467979592,10524.694552898,10404.489127449,10381.2086473469,10253.5606644898,10313.6882628571,10544.946255102,10179.5773031633,10546.1711166327,10370.4965073469,10453.964365102,10464.2740708163,10526.7026458163,10385.1697508163,10210.5861718367,10571.4296255102,10222.6249547959,10123.388861398,9997.78781989796,10277.8246113265,10257.7200213265,10126.7915206122,10114.0408706122,10060.2617010816,10132.256655,10164.9033586735,10005.2022595918,10024.7992,9967.22284959184,9981.20129540817,9964.83087438776,9872.9757727551,10125.7652893878,10260.3649195918,10229.4350583673,10352.7134538673,10265.4909607143,10187.7998926531,10242.4272093878,10248.8504867755,9825.72999295919,10286.5184426531,10165.8800891735,10265.4088251939,10139.4370619286,10543.7831519286,10332.6218909082,9976.85661683674,10293.479935,10204.6556937755,10155.1545053061,10488.0866484694,10502.6493382653,10504.4103628571,10408.7848321429,10348.5872135714,10306.1232154082,10319.471369898,10475.6283393878,10299.9247087755,9823.69292244898,10065.461962449,10152.2057173469,10128.7089876531,10126.8525156122,10194.5748122449,10102.6751293878,10000.2599739796,10047.1636066327,10460.1143866327,10367.6497571429,10407.91167,10230.2981213265,10223.2576381633,10479.0559429592,10433.894487551,10272.2163327551,10550.9563708163,10447.8651691837,10249.1524423469,10476.3528062041,10279.4733187755,10300.7177247959,11014.0739664286,10627.8943486735,10478.1546795918,10217.8529132653,10385.7874645918,10171.2768127551,10139.9129804082,10037.0426447449,10011.1879704082,9929.95741112245,10220.3837921429,10066.3309811224,10121.5830079592,10212.6899930612,10268.2089632653,10315.7464010204,10109.9647460204,10400.828612551,10328.7304530612,10205.0827823469,10387.7087237755,10489.2645838775,10273.9461517347,10207.5251767347,9989.17561928571,10308.7353277551,10089.56365,10238.4304523469,10499.3352367347,9709.83031734694,10026.3429473469,9995.05436836735,10112.7370806122,10044.5630108163,10341.1573619388,10205.7080719388,10425.1251454082,10406.5316572449,10436.9743918367,10428.0737968367,10406.7667468367,10250.0563618367,10420.7297195918,10301.5320394898,10229.9761830612,10076.6041322449,10388.8720192857,10024.6131592857,9909.12082867347,9806.75714418367,9746.23573408163,10033.7697816327,10222.3788438776,10025.1896662245,10199.1168040816,10308.0572240816,10340.2207325306,10312.3536614592,10090.8889696939,10329.438588102,10265.4639743878,10192.0744178571,10083.1503507143,10202.3956173469,10199.2145637755,9921.4164332551,9691.69965346939,10174.9259868367,10102.4441132653,10221.833694898,10145.5165122449,10195.0340496939,9708.40788357143,9868.95590755102,10094.7348078163,10136.0054893878,10241.8757856122,10045.6174092857,10114.2243420612,9943.58496277551,9755.4866477551,10017.3645484694,9852.13318979592,9981.07775142857,10151.7168922449,10064.6725103061,10126.2876416327,10146.8934008163,10113.7605733673,10195.0946750102,10244.3784438878,10354.9466688878,10130.4282993877,10300.9715052041,10211.6949660204,10200.3440310204,10134.7277740816,10001.0790955102,10083.8892427551,10070.3856702041,10188.6639609184,10156.2013072449,10390.2427422449,10220.1613496939,10327.556037551,10163.1145571429,10236.9164388163,10245.1394390816,10816.993762551,10315.3509261225,10321.7566938776,9900.69281836735,10159.1353555102,10307.7407356122,9921.29804140816,10005.6517907143,9950.70179428571,9987.68431897959,10596.0604031633,10316.6229162245,10190.0191691837,10131.4272070408,10072.0840946939,10332.836610102,9816.18332959184,10112.8383265306,10014.232625102,9930.07575265306,9834.8020527551,10280.0253910204,10463.9574053061,10286.1768844898,10325.6763937755,10792.5005584694,10332.1936252041,10225.6014123469,10179.9552970408,10118.407102551,10066.4964206122,10040.200577551,10016.5047133673,10090.7599371429,10102.7501653061,10005.8260754082,10066.4684594898,10298.6383544898,10204.6315072449,10204.0637466327,10540.842865,10231.4104736735,10411.3412955102,10171.7144053061,10323.4206278571,10116.8669773469,10381.8715806122,10267.2626416327,10377.5339571429,10296.6971302041,10548.2813887041,10530.3123587041,10412.2278521429,10189.503567551,9999.77224326531,9938.23156867347,10077.5816979592,9884.541445,9963.78281234694,10184.2622487755,10129.7420096939,10052.8757211224,10428.8752010204,10231.8890083673,10329.0638928571,10033.7686823469,9969.2378367347,10292.3964616327,10348.0382939796,10364.9509428571,10039.6894828571,9929.61321653061,9990.60445673469,10251.0026779592,9774.88140234694,10216.2259309184,10035.2930220408,10367.6086269388,9971.21471428572,10010.6003259184,10120.854032449,9914.60651897857,9920.53236877551,9985.33766989796,10047.1179931633,9788.93379130612,9864.29190030613,9754.98027357143,10019.5316837755,9914.49943438776,9780.80925775511,9733.38730275511,9600.24595734694,9896.45752510204,9544.81837132654,9411.74496836735,9317.19201836734,9339.57044682653,9592.85694682653,9704.16432744898,9624.19335244898,9749.63121010204,10050.572955102,10296.7063784694,10387.1650945918,10174.2282397959,10300.0194647959,10212.9334153673,10045.1142858163,10223.1564912245,10112.5932271429,10110.9109044898,10196.8397114286,10386.7004066327,10437.4374244898,10548.3990584694,10234.0762619388,10380.5510997143,10135.4907989796,10487.6885036735,10916.9877710204,10592.6928104082,10585.7947285714,10544.8460654082,10200.7521762245,10280.9151122449,10208.220737551,10256.3353595918,10209.3504952041,10240.0162153061,10116.2884366327,10026.0514533674,10618.1540430612,10050.7284663265,10166.9260013265,10275.5429757143,10307.8057618367,10300.9216526531,10147.7936742857,10148.6022410204,10285.1726306122,10278.8252304082,10392.7105442857,10183.7146586735,10573.122619898,10112.949019898,10142.6308337755,10135.0346377551,10033.73692,10107.9252435714,10010.9760673469,10462.6976709184,10021.8971661225,10393.0683306122,10124.8815412245,10269.6212957143,10190.8021060204,9974.44619408163,10103.6037561225,10567.2397080612,10201.5894181633,10091.6143683674,10076.3449921429,10176.1153285714,10253.158150102,10253.7953540816,10242.8957612245,9929.40557714286,9787.45473061225,10079.0501132653,10320.0630584694,10147.7248031633,10256.711399898,10062.0097416429,10287.0216414286,10225.6311013265,10001.3596119388,10164.3132611224,10260.5439359388,10212.4145159388,10308.4550632653,10301.4667910204,10287.2335783673,10386.2166667347,10225.5377717347,9670.54747153061,9539.56342193878,9480.48458772449,9689.48575918368,9945.10742653061,9910.48181653061,9777.88923163265,9700.67203397959,10007.1414778571,10265.0510730816,10257.3035204082,9974.1265822449,9996.58335051021,10022.9875930612,10119.8905480612,9919.06343795919,9910.87014306123,10120.2199289796,10226.6763034694,10264.5809434694,10485.487312551,10216.990342551,10347.3659438776,10273.5040461225,10317.5429211225,10402.6323861225,10287.2493204082,10287.4573583673,10398.4261224286,10142.3820658163,9972.93492551021,10097.9061565306,9993.90120102041,10064.4950806122,9917.40864428571,9961.15655428572,9963.26374326531,9962.01048326531,10336.0832993878,10110.3217643878,10137.1653914286,9920.46775142857,10114.4407164286,9908.83907040816,10130.1594941837,10179.380442551,10419.703275102,10099.8049740816,10010.3203953061,9977.85169897959,9966.38590816327,10016.5141797959,10056.9213684694,10265.9137532653,10218.7562108163,10305.7040622449,10323.5760520408,10335.3725010204,10443.1132112245,10318.7373505102,10521.8466139796,10318.0317868367,10604.0673029592,10429.0091179184,10293.659559551,10610.7868899592,10248.0758029592,10521.0209696939,10608.7447527551,10230.7509267347,10389.1747467347,10392.3668067347,10365.8963789796,10472.3735483673,10511.4407373469,10715.3075640816,10356.0359640816,10364.6910881633,10384.2103443878,10360.6133516327,10242.1732531633,10177.7680957347,10249.7354154694,10208.3681378571,10357.6475809184,10464.660225,10228.526457551,10297.1490194898,10256.0392210204,10116.5749931429,10318.8886121429,10231.8097634694,10317.1544812245,10115.6361683673,10398.5355821429,10563.4995166275,10353.1192146939,10289.0009959184,10300.7998450408,10131.3712331633,10543.4655257143,10550.9573227551,10357.8429540816,10394.6830453061,10308.1734395918,10250.8500879592,9992.02401846939,9818.01174306123,10008.5179823469,9910.25085234694,10063.1748181633,9992.33406653062,10067.6404010204,10076.7584935714,10170.119482449,10164.7695476531,10132.5665508163,10189.5832193878,10048.1604002041,10428.9547993878,9924.03596938776,10157.1620396939,10118.3793980612,10099.6773762245,10083.9873777551,10059.6776317347,10072.5496044898,9822.34034959184,9844.48308438776,10011.2968152041,10437.3105252041,9949.49356693878,9938.36430193878,10012.0170930612,9956.5312789796,10093.2016489796,9956.1617389796,9824.70418979592
956.081632653061,10534.0281002041,10580.6078116326,10479.8878002041,10675.6409079592,10356.1033013265,10279.9643174694,10637.3091523469,10789.2177045918,10554.6125947959,10417.0911532653,10435.2093092653,10441.3534903061,10422.644549898,10429.9223803061,10456.9905685714,10599.8856639796,10525.6508539796,10539.7467689796,10511.2037104082,10545.7736394388,10335.9809381633,10249.6246673469,10292.9270034694,10443.7509834694,10365.8018361224,10515.5015338776,10366.1723738775,10241.9110765306,10561.7005794694,10519.3977905102,10535.6144255102,10296.4170116429,10617.1930890816,10344.687995,10717.6597184694,10339.8705939796,10238.681950102,10125.0315377551,10275.3153316327,10374.089637449,10567.1238695918,10821.0173230612,10540.0152338776,10343.1054491837,10240.5535623469,10358.5910116327,10414.777095102,10460.9791011225,10329.7444889796,10287.8740130612,10545.9375142857,10891.5023806122,10831.9307919184,10392.986445102,10533.377254898,10124.7660067347,10292.8383502041,10245.7707655102,10419.0997971429,10373.0167431429,10517.355722449,10505.5213626531,10408.9341506122,10438.2552334694,10142.5915706122,10391.8550685714,10463.9406077551,10440.8706583061,10354.5672684694,10414.1443956327,10415.318116551,10471.5007200714,10429.2161923469,10553.2862745918,10537.4400790816,10653.8219520408,10568.0475671429,10490.2186094898,10451.1633054082,10470.1396330612,10486.4986685714,10849.1733871429,10965.4966171429,10476.5026286735,10387.8909812245,10462.1171091837,10856.7883197959,10405.2233547959,10259.663732551,10420.6670108163,10355.1118153061,10437.3561302041,10487.8201061224,10165.6482845714,10158.9046385714,10488.0841985714,10487.1833714286,10409.9725397959,10427.1173809184,10291.5337142857,10431.648007449,10130.022267449,10445.3323837755,10206.0415914286,10053.8235562041,10313.8779868367,10351.1585050408,10430.5206114286,10305.7608806122,10532.6720060204,10394.0570408163,10542.3533491837,10583.4917277551,10524.2325485714,10542.0314728367,10674.3739078367,10381.2132478367,10447.1019811837,10526.2262792857,10625.3021015306,10377.9106347347,10885.6798244286,10536.7599844286,10807.650179898,10539.0729316327,10477.459275102,10387.2394587755,10552.4998587755,10717.8106208163,10379.5909265306,10481.2660702041,10374.6270767347,10328.3787381633,10309.9277138776,10369.539175,10321.1327883673,10236.3931934245,10272.152865898,10328.5470402041,10132.3810545918,10211.4506797959,10490.7429659082,10485.5656512245,10512.0653644898,10524.0177734694,10395.7545644898,10331.564124898,10874.0549789796,10219.6214389796,10120.3578289796,10790.2730653061,10457.6295245306,10583.4864385714,10323.9223581633,10327.2423207143,10347.608309898,10340.0762002041,10333.5999669388,10104.1507019388,10301.5629107143,10282.126704898,10821.4741647959,10740.9186609184,10343.4996509184,10276.8023615306,10397.4714506122,10358.8025146327,10310.7299042857,10265.3345832653,10210.8062223673,10126.8125690816,10269.7878132653,10422.7233782653,10608.4018634694,10540.4000111224,10546.1753117347,10379.7255071429,10470.6595079592,10603.3021447959,10643.2265523469,10591.1840180612,10531.6835897959,10447.0400482653,10722.3074478571,10426.3843391837,10495.2827885714,10382.7915941837,10943.3789761429,10444.1208158163,10379.3837628571,10423.093555,10335.687839898,10096.7864820408,10424.0973591837,10439.2493937449,10420.2974190816,10028.6920079592,10213.818115,10334.6264239796,10271.5002471429,10462.018437551,10523.570132551,10429.7195254082,10644.4705532653,10721.7711054082,10394.5092237755,10389.8703742857,10478.2429597959,10530.1144197959,10544.5185016327,10365.2733516326,10513.0290540816,10411.572972449,10636.6605592857,10169.2788467347,10233.3884509184,10348.2579972449,10302.1726152041,10686.1240721429,10466.7471111224,10452.9166693878,10272.2683997959,10374.3009680408,10458.5924369388,11015.9108204082,10408.0245104796,10413.3646730306,10438.1700552755,10354.0737629592,10500.9009644898,10371.9805342857,10406.9264496939,10446.0309943878,10798.6364438776,10472.3869533673,10554.668145102,10565.2472320408,10552.0433763265,10480.8027278571,10463.7741410204,10518.0266708163,10495.0194669388,10422.7474873469,10565.7800192857,10429.910717449,10329.6626528572,10421.1795703061,10332.5763399694,10354.7988923673,10452.048642551,10578.3342279592,10384.7504259184,10077.990054898,10183.3197387755,10292.8184040816,10220.3609053061,10373.7958404082,10441.5840969388,10419.5724295918,10324.9011654082,10605.4203141837,10611.2124141837,10548.8056191837,10578.5353312755,10411.5844323469,10372.9540022449,10375.120193,10253.7507003878,10526.3619378571,10492.1877160204,10297.5719323469,10126.1024416633,10431.4178502041,10848.2090830612,10821.1615168367,10316.0415376531,10159.7977673469,10418.632995102,10357.5166176531,10392.1106571429,10378.7484991837,10281.9803453061,10225.4637947143,10241.5411219388,10477.548,10421.2371535714,10478.1989161224,10307.85239,10559.6291855102,10836.2991081633,10531.0982304082,10495.9049929592,10556.1044653061,10849.7857571429,10773.3431361225,10913.7783372449,10377.6572828265,11062.7184869388,10441.139522449,10602.557382449,10455.725092449,10395.1406785714,10424.0713940816,10397.4330481633,10280.6734731633,10204.7440631633,10151.9400162245,10433.3322046939,10376.925038551,10645.629148551,10358.9786831633,10504.9277997959,10577.9967328571,10453.9340426531,10494.7702866327,10306.9609578571,10253.6471290816,10347.4439522449,10269.267140102,10398.1413857143,10341.9380757143,10269.4655132653,10308.0877295918,10272.3476355102,10403.2021504082,10034.2082904082,10208.3045887755,10396.106070102,10516.9651185714,10470.9789756122,10415.2452822755,10486.1172077551,10287.4488066327,10084.3705336735,10574.8541937755,10249.6126303061,10494.3047803061,10305.1526717347,10326.2403471429,10395.529409898,10540.0439210204,11008.9682309184,10492.673215,10411.3343544898,10609.9707316327,10486.0421438776,10532.8939366327,10510.4461440816,10509.7712840816,10445.0078690816,10372.2274690816,10304.9643333673,10338.3863497959,10364.3488937755,10308.9157582653,10436.1300732653,10263.7573526531,10368.9118261225,10399.6511219388,10695.5365377551,10887.8036426531,10724.6911289592,10495.9484903673,10540.9810136735,10442.2641634694,10493.9617173469,10316.6712815306,10403.7942469388,10405.5702739796,10335.7498483673,10366.3029032653,10512.9244935714,10538.9109888776,10575.5607405102,10520.3406481633,10415.4110341837,10394.1900863265,10434.3127291837,10556.8715626531,10618.7222787755,10561.6087410204,10947.3039785714,10621.320852449,10980.5600513265,10892.09211,10445.6359614286,10489.1900921429,10480.7613083673,10552.6331578571,10830.4039965306,10507.5582566327,10226.5489876531,10476.5017738776,10459.6645138776,10428.3860292857,10445.7440742857,10535.1173981633,10559.8996068367,10458.3819181633,10486.1041035714,10413.8087439796,10508.7225838775,10168.5063621429,10139.716255102,10264.2205597959,10857.7640381633,10434.5640509184,10641.9814902041,10165.794995,10210.3970094898,9925.48049693368,10599.1230270408,10838.6861440816,10286.7387971429,10347.0800376531,10368.6462414286,10359.3181528571,10348.4214415306,10435.1733871633,10338.2796131633,10341.7561891837,10478.0746912245,10526.5697322449,10289.7503793878,10519.6298670408,10482.036172449,10516.2629482653,10402.5821829592,10453.9029938776,10428.1248272449,10165.9374238163,10838.5971584694,10577.0209285714,10629.385902449,10384.616615102,10915.8350518367,10378.7904963265,10542.2440918367,10382.0441245918,10345.7118445918,10557.2652065306,10638.4616907143,10634.9249718163,10686.9697669388,10525.9223189796,10596.3612439796,10895.2958445204,10468.7122520408,10496.9668897959,10842.9675367347,10448.3350811224,10405.3106836735,10220.6478336735,10227.9441635714,10503.8757618367,10389.9630079592,10375.4839992857,10493.230092551,10571.4410063265,10569.6017914286,10309.0769602041,10412.0538617347,10321.0899443378,10225.1087762245,10266.7667312245,10437.8431546939,10418.6354693878,10809.4395339796,10376.9753971429,10175.568852449,10164.3061110204,10279.6513010204,10287.7645692959,10265.2882409184,10591.6658744898,10556.4892716327,10722.8966207143,10470.8909703673,10496.8777160204,10740.8686438775,10456.2612511225,10474.3782636735,10355.0839077551,10480.3355041837,10508.0406890816,10442.2232142857,10467.1125508163,10521.4916389796,10389.212495102,10463.8033710204,10344.0282839592,10145.3159056122,10116.2398514286,10346.738705102,10508.1184642857,10550.2795229592,10561.4435509184,10395.0454923469,10481.8638784694,10409.0815176531,10535.7719612245,10361.7318132653,10408.4708960612,10483.9909978571,10591.7496594898,10322.0543510204,10430.0204353061,10547.9696154082,10466.6069942857,10168.7001197959,10234.3818082653,10393.3501047653,10392.9447435714,10544.6679582653,10603.4427357143,10414.0091270408,10938.7214552041,10846.316472551,10505.3614108163,10502.1398827653,10553.0794734796,10468.0069878469,10305.1341290816,10463.0946361224,10491.138672551,10507.324225898,10712.1431978571,10609.3842278571,10221.1334641837,10580.4393056122,10418.2610230612,10588.5779802041,10530.6064657143,10551.5925230612,10731.4721143878,10432.0459928571,10557.325697602,10375.0075154082,10474.7813104082,10461.1893417347,10367.7825640816,10468.1761326531,10932.2058587755,10375.5567257143,10559.6088097959,10572.6750293878,10568.1764479592,10547.9990040816,10565.1731103061,10517.8999154082,10480.0719388469,10565.3508859184,10245.5897259184,10231.9652196429,10386.7315143878,10262.415320102,10458.787449449,10566.0269305918,10493.9714062245,10411.2421983878,10426.2139397959,10611.4128342857,10402.2583040816,10192.0513429592,10335.1252152449,10418.3355386122,10314.4530842857,10227.4595969796,10209.4737330612,10251.8679371429,10174.3937405102,10267.0261691837,10458.4601591837,10414.7794065306,10349.7795261224,10262.5202295918,10367.1192462245,10450.2168613265,10481.4749284694,10246.7775028571,10258.9273550643,10187.619033,10153.7868295918,10223.5213306122,10509.1240614286,10405.1187607143,10227.5374397959,10930.1839185306,10347.7460980612,10251.8244240816,10053.8338744898,9841.80023734694,9971.82505653061,9833.39158897959,9802.63559653061,9758.26454989796,10065.2482060204,10341.3160708163,10355.9692402041,10414.1749888775,10580.3586468367,10534.9154277551,10478.2291114286,10500.9650461225,10259.5620929592,10302.700067449,10173.1424410204,10249.193532551,10212.928105102,10373.9758608878,10293.0898118367,10300.2864118367,10327.4468736735,10244.828105102,10348.089470102,10395.0953063265,10360.5835695918,10735.2166217347,10258.0304017347,10352.8122391837,10777.2866434694,10330.1579621429,10097.1662128571,10224.7362273469,10331.8644463265,10299.8945634796,10294.2940170408,10271.8926864286,10490.7710357143,10416.0685867347,10302.8023708163,10444.3886188776,10590.4861969286,10476.9999544898,10260.1875640816,10166.1448491837,10135.8734843878,10373.6900815918,10045.0380458163,10119.0919008163,10099.0806428571,10095.105260102,10015.9448809184,9934.3897427551,10054.6609631633,10007.636027551,10054.7793889796,10177.3705876531,9782.6215755102,9906.08297438775,10397.0662413061,10466.1779556122,10448.5526635714,10521.7314617347,10501.6622083673,10638.5775940816,10462.909065,10308.7123666327,10480.0390418367,10398.9311214286,10469.4830673469,10536.9990061224,10453.3895934694,10267.4995583673,10267.4575070714,10396.8636615306,10503.2930280612,10557.7501728163,10461.703017,10420.7686095918,10537.6378965306,10881.4591734694,10964.4535002041,10562.5370813265,10647.4681102041,10673.0936225306,10574.2809836735,10666.874734898,10495.1137070408,10467.5306016327,10376.9342541837,10524.2197608163,10626.5299735714,10546.4582553061,10525.5373886735,10490.2696097959,10357.0259940816,10427.2849554082,10415.053855,10230.4135970408,10574.1909564286,10504.6880664286,10485.0011765306,10317.3302765306,10404.0666790816,10376.2640883674,10142.5777680612,10343.4211180612,10390.4075010204,10186.0764673469,10187.7193633673,10467.7830629592,10153.6540827551,10314.627538,10338.3951513878,10801.8200263265,10409.5227238776,10225.8660111224,10592.4805761224,10474.7726211225,10364.6359981633,10415.2290420408,10391.5061137755,10444.3483623469,10473.6915790816,10921.1142861225,10509.3314336735,10573.885485102,10536.258739898,10376.4452513265,10436.2745483265,10607.4759533265,10489.9615923469,10399.7567163265,10382.1343923469,10488.3885212245,10423.8733841837,10325.6761373469,10470.5365817347,10857.3944894898,10434.2684657143,10752.2063189796,10541.2115156122,10453.5234157143,10447.6187556327,10368.1335393878,10379.6659826531,10097.8278626531,10205.71318,10291.5871744898,10483.045294898,10370.7057780612,10579.8385830612,10443.8685630612,10589.1062110204,10642.2947010204,10528.88794,10528.4596434694,10657.9822122449,10496.7356490816,10890.4152209184,10393.9115628571,10541.1620530612,10597.9905697959,10590.1678995918,10589.0431368367,10414.4677812245,10823.8295757143,10857.4308631429,10669.8233371429,11006.1201301429,10714.693915,10333.4267420408,10486.8773092857,10496.5992106122,10584.8385954082,10622.1799364286,10196.432802449,10330.957032449,10411.8486528571,10503.4021664286,10137.7299559184,10189.1294741837,10362.3576623469,10319.4919569388,10278.6856105306,10520.0492023673,10408.9310193878,10367.2290871429,10484.1210853061,10486.5367642857,10590.4556818367,10582.624582551,10494.5289012245,10438.8526138776,10080.5879663265,10317.4525735714,10337.2143036735,10314.5207406122,10321.3163087755,10208.5256164286,10334.1463393878,10284.3920143877,10301.744737449,10263.461649898,10310.0318710204,10537.4765003061,10485.4905209184,10541.0923234694,10635.5889343878,10527.1706673469,10487.9722513265,10671.8968944898,10612.0540320408,10453.5182970408,10492.1460876531,10397.8526180612,10460.0510569388,10948.9264819388,10474.8600654082,10220.4903354082,10455.9121691837,10397.966737551,10609.1331057143,10433.3149009184,10519.7640421429,10591.1317006122,10526.6386113265,10347.7214496939,10393.7798331633,10906.891432551,10509.1053145918,10560.7302295918,10527.2563847959,10518.6604397959,10540.0464497959,10482.0502997959,10446.9330212959,10523.0206549184,10308.1693,10470.7065895918,10890.1114817347,10635.8661715306,10514.4283523469,10418.3399916327,10470.4450419388,10114.2003217551,10339.2753262245,10494.9914698367,10458.1336507551,10442.2964869796,10413.383765102,10330.1148537755,10398.0565820408,10635.178462449,10542.55984,10649.6031,10302.2205967347,10025.513059898,10135.913154898,10641.5657982653,10027.1425755102,10347.7147513571,10194.8379389796,10105.1515529592,10581.2676280612,10205.1686986735,10386.948044898,10400.0013755102,10560.1798704082,10578.7920869898,10537.6154010204,10500.9074068367,10636.9540933673,10363.616532449,10530.9775814286,10964.6999989796,10462.0241653061,10396.3214784694,10546.0402572449,10433.8329966327,10587.2166234694,10562.236132551,10270.2123106122,10311.1980929592,10415.7191968367,10833.2183928571,10419.6936580612,10494.3771479592,10199.8447719388,10377.9323634694,10570.2921336735,10686.2333170408,10279.3493393878,10311.8701907143,10409.6265361224,10407.7546114286,10370.2904072449,10441.9933245306,10337.4190882653,10347.6117033674,10465.0773428571,10418.8011857143,10500.0619616327,10116.8407114286,10021.6450114286,10058.0038184694,10203.4898057143,10250.3196964286,10279.4522011224,10334.6154245918,10396.751722449,10816.9238704082,10928.8714354082,10387.8107205102,10307.91665,10354.6326285714,10324.3125070408,10325.2199712245,10387.672984898,10560.6501572449,10430.1236212245,10464.2083504082,10564.8705526531,10342.286777449,10275.6550022449,10532.3043584694,10446.9591254082,10610.8676914286,10362.8283682653,10667.0689509796,10255.2240612857,10450.0011171429,10419.9371510204,10252.3497260204,10384.7086409184,10411.1529359184,10399.033305102,10442.3310643878,10385.333779898,10489.2924763469,10265.6025682653,10471.1733461224,10263.7278516327,10508.8003536735,10642.7271985714,10472.0968087959,10652.911960102,10376.0597889796,10450.5865379592,10289.3923640816,10291.660225102,10327.4202930612,10376.6248876531,10425.0870673469,10345.7816947959,10577.2223929592,10350.4321336735,10482.4268943878,10566.488672551,10462.3797644898,10435.1168567347,10370.530640102,10467.359225102,10380.1607597959,10262.4095581633,10358.2157633673,10447.5845857143,10352.109222449,10130.5207578571,10280.7849421429,10251.0172629592,10505.1544869388,10469.8925634694,10450.5978733673,10289.109842551,10775.412099898,10497.6413188776,10413.6429691837,10237.3823494898,10253.5782341837,10385.0340150204,10457.0742271429,10528.1108552041,10433.7494080612,10403.9046672449,10502.5010521429,10355.1345041837,10428.1310552041,10443.1129206122,10530.0381229592,11001.7958310122,10223.7285108367,10481.6601858367,10512.4982265306,10493.1464911224,10762.8645388776,10534.1195969388,10536.4108619388,10912.2076585714,10476.9270942857,10441.7809530612,10539.0116173469,10445.3552035714,10489.4264941837,10563.9955861224,10425.6435753061,10462.858630102,10136.1140084694,9839.20086897959,10050.0868740816,10155.2253684694,10448.4285816327,10155.2459604082,10288.8472207143,10506.6819212245,10489.2142005102,10466.3416105102,10422.22711,10513.8861117347,10682.6401213265,10475.0604503061,10455.1530613265,10527.570375,10450.8661977551,10545.4248562041,10528.3954779184,10469.5133469184,10533.0086254898,10307.7434205918,10237.4563682449,10243.0878053878,10177.8588416327,10395.8135396939,10283.4950846939,10401.9128396939,10324.7105896939,10380.4650846939,10351.9914996939,10352.8565567347,10249.1611611633,10278.5019302959,10397.1481842755,10369.2175814286,10475.3026496939,10156.014737449,10308.4525034694,10187.0797092857,10055.7339658163,10193.0694519388,10546.9117070408,10375.3184203061,10822.3032641837,10529.1862211224,10318.3906358163,10361.5484695918,10417.6799261225,10759.2419346939,10239.1088989796,10414.3034435714,10467.2700883673,10446.3574064286,10624.2602986735,10593.1747891735,10528.2341735714,10434.0857735714,10368.4704008163,10433.4429813265,10716.7880977551,10584.5231668367,10580.4874820408,10678.3183826531,10351.0060036735,10463.6121871429,10815.0749971429,10427.8316136327,10469.5477704082,10561.8255197959,10507.3031769388,10479.5617456122,10599.5384795918,10524.5634538776,10303.903227551,10622.719092551,10229.0821576531,10147.7028688776,10171.913215102,10217.2784112245,10615.7102418367,10514.0881018367,10590.8823843878,10444.9584614286,10489.5290414286,10520.2554464286,10530.6926857143,10545.3953591837,10479.3520318367,10375.0985509184,10222.9330581633,10478.2529470408,10380.0077166327,10404.3878677551,10455.8117729592,10423.6208172449,10459.6123815306,10402.6380192857,10303.4724713265,10409.6064009184,10467.5872509184,10510.0106222449,10406.4314204082,10344.29985,10260.677955,10247.7042431633,10285.136770102,10409.1566614286,10378.7308273469,10329.6104664286,10281.9738940816,10288.3085171429,10409.1847750204,10245.2779406122,10300.7649945102,10353.8789817347,10275.7762543878,10680.806855,10339.5394381633,10430.1734981633,10423.2595769388,10270.3798031633,10125.5838451939,10155.6823003061,10247.1086353061,10302.9412088775,10283.9071796939,10433.2046560204,10320.4251643878,10532.9272929592,10664.1385277551,10487.0082402041,10662.9223944898,10407.0833293878,10372.9234135714,10508.0729778571,10478.5091923469,10303.0822879592,10388.8710985714,10522.5704978571,10331.9827984694,10341.2121411225,10377.3677020408,10119.2702059592,10499.0756696939,10398.9930420408,10475.9835163265,10419.3887569388,10589.9510321429,10470.648790102,10452.9708006122,10479.59511,10534.7990013265,10551.0936519388,10476.963282449,10585.5576782653,10404.774732449,10267.3169129592,10503.4689142857,10313.9203526531,10251.2439981633,10095.1202368367,10778.758247449,10574.1747379592,10347.8764582653,10566.7175727551,10549.7398169388,10427.8952073469,10503.0575639796,10574.9344294898,10443.8348011224,10549.8686611224,10631.4093803061,10640.3754790816,10514.4636192857,10543.0609956122,10529.9325478163,10508.6222578163,10586.1401278163,10617.2451743878,10483.8565813061,10978.098575102,10544.7313453061,10566.3097140816,10332.7721014286,10288.9978506122,10778.0240745918,10428.0268362245,10266.9256005102,10386.7541131633,10335.1422642857,10431.9701615306,10441.6464830612,10549.9085336735,10483.1425336735,10554.7996336735,10617.2275673469,10434.6842940816,10537.7589167347,10866.705892551,10452.2844390816,10353.4074963265,10246.0902263265,10339.1591776531,10284.1014768367,10601.2575933673,10312.4355061224,10336.4268126531,10590.8523772449,10872.589102551,10303.7832859184,10427.8602005102,10592.6901466327,10464.2085879592,10397.2137310204,10420.9752766327,10381.5299390306,10369.2382562245,10397.1272006122,10609.0414262245,10592.6768526531,10505.9439640816,10369.6846234694,10368.4333096939,10607.291885102,10611.9219183674,10524.1725628571,10532.9786580612,10568.8805715306,10636.5558804082,10568.7298602347,10499.3765915306,10456.780592449,10501.8437236735,10391.3067684694,10403.9253693878,10232.0202923469,10540.8061530612,10575.4602086735,10510.5930609184,10487.1577446939,10550.0732714286,10351.1544663265,10510.5358630612,10464.3049430612,10756.0470427551,10458.7997751531,10412.6294502041,10525.2389785714,10449.896585,10408.3802428571,10387.9099262245,10171.7889594898,10390.6986310612,10538.2839369388,10470.8120478571,10338.8962563265,10439.700509898,10479.203674898,10460.9782594898,10646.4809877551,10580.2360184694,10566.0843113265,10314.294692551,10341.9952993878,10399.0059793878,10460.9817388775,10838.2843238776,10421.2409138775,10373.0933360204,10223.1100017347,10837.0339807143,10502.6404341837,10403.7019960204,10573.5894683673,10571.7186531224,10597.4403913265,10602.9136113265,10505.7063317347,10458.0719098367,10333.2701164286,10427.6901214286,10266.0604680612,10489.751431,10552.9938304082,10456.0744944898,10433.352267551,10494.5828389796,10339.9627589796,10628.3743991837,10523.0363714286,10479.9348953061,10521.1812858163,10240.4623679592,10318.663932551,10474.244122551,10365.426169898,10344.4155917347,10144.0248291837,10799.9320895918,10396.9263091837,10397.2329862245,10444.1235865306,10400.9845743878,10301.8321185714,10495.7675463265,10382.387644898,10526.3515204082,10536.5722591837,10315.2707590816,10306.3491040816,10387.6827338776,10434.6551594898,10301.3030070408,10095.5283922449,10285.5079972449,10167.9204172449,10160.0308272449,10475.862022449,10065.0882788776,10456.144387551,10381.9805821429,10569.7198056122,10427.7990511224,10355.2491944898,10288.5693315306,10247.0861453061,10002.8613435714,10194.6475852041,10523.2670091837,10404.3153528571,10193.9143448163,10157.3609764286,10165.2992990816,9887.11810846939,10112.1795834694,10075.8142840816,10023.1926317347,10015.1316227551,10319.2601623469,10254.731929898,10328.6442623469,10428.4982561224,10358.6121922449,10367.6374765306,10368.3958326531,10533.5131938776,10520.6887476531,10438.9176520408,10447.177384898,10442.3632259184,10300.2526676531,10234.4780076531,10398.9314289796,10426.4360788776,10534.7917143878,10361.447002449,10362.6917745918,10126.9442415306,9810.73352153061,9783.3770494898,9866.97473867347,10081.8039769388,10189.0788589796,10272.9053355102,10154.3199771429,10138.3898943878,10080.6151495918,10252.5798795918,10358.7826744898,10343.5564844898,10348.7890344898,10600.0313241837,10747.7848877551,10368.4807977551,10467.4382573469,10422.8314842857,10632.4153643878,10543.27038,10361.4386292857,10585.5463282653,10291.7366182653,10199.4802545918,10202.208595,10437.321415102,10563.736910102,10497.6206743878,10491.5047406123,10516.6404855102,10572.341415,10517.8616742857,10501.7667120408,10398.9541115306,10196.6055683673,10442.5890383673,10440.5270238776,10374.6109020408,10375.9809983673,10267.3031966633,10350.5635119388,10354.3536744898,10379.9188507143,10276.1347530612,10306.6772779592,10337.19573,10472.6566487755,10399.6540906122,10242.6443395918,10547.1997897959,10157.8516752041,10155.3563373469,10084.7764173469,9993.66416734694,10050.9765387755,10111.0919307143,10142.6375907143,10109.0296508163,10230.740467551,10307.87892,10203.3714783673,10416.0777415306,10181.7873896939,10339.4393817347,10454.9416341041,10397.7733641041,10288.7152693878,10411.5038768367,10832.9914204082,10426.9162704082,10289.3774157143,10403.1178890816,10447.2748265306,10388.6242595918,10407.1253315306,10092.4704535714,10292.1335112245,10352.1891337755,10494.4546073469,10505.8771394898,10384.6295610204,10461.6085890816,10454.3551812245,10431.1453689796,10995.8223128571,10478.1869396939,10399.9973182653,10395.0518908163,10197.6789662245,10339.7639407143,10377.0604990816,10578.3117117347,10342.4580327551,10342.8418102041,10402.5610259184,10169.3527166327,10294.3893612245,10379.5571959184,10372.7623672449,10388.4216140816,10351.1504955102,10430.8192255102,10557.937547449,10767.4412331633,10489.3503167347,10617.6067830612,10407.7870403878,10346.4984045918,10552.7320380612,10568.6041931633,10528.5950583673,10433.5733463265,10524.4467023469,10434.2001357143,10379.8037846939,10454.823407449,10490.1305644898,10415.2663493878,10433.2831414286,10262.6214214286,10114.5954906122,9871.41421897959,10100.278880102,10449.8345509184,10401.3832681429,10454.5676227551,10336.9464727551,10245.8075116327,10294.0107567653,10346.6420603367,10208.3062782959,10612.0247808163,10396.366697551,10427.6746183673,10345.4169718367,10434.3727887755,10412.4686653061,10171.4991914286,10453.2111363265,10312.97866,10346.0876218367,10480.8733896939,10613.9715235306,10385.1833536735,10416.7933746939,10450.7890309184,10487.3997087449,10291.31464,10378.16338,10243.369015,10185.2008997959,10287.0729721429,10355.6455259184,10635.7470056122,10589.0306045918,10405.313235102,10441.362555102,10643.8466312245,10577.0403663265,10477.230922551,10667.1086473469,10511.7319569388,10543.5429619388,10451.6449785714,10313.0434403061,10322.2294181633,10650.8380281633,10449.2711451224,10442.9561637755,10477.6751087755,10531.4735697755,10833.9237261224,10363.4737615306,10403.4980004082,10275.609657551,10423.6988110204,10716.5205114286,10522.9086297959,10376.6080497959,10189.2130904082,10226.4135602041,10351.013084898,10538.772924898,10483.0822591837,10911.6795594898,10562.1872114286,10469.5193645918,10465.9227489796,10354.7117846939,10200.3357846939,10224.2714204082,10363.0046153061,10209.6543942857,10410.3557561224,10442.6889832653,10474.9556722449,10374.8657463265,10714.4332613265,10576.248632449,10335.4618715306,10499.630672449,10199.032457449,10261.127767449,10432.6256789796,10542.6818741837,10343.5932996939,10757.9082429592,10306.7147876531,10867.8978679592,10529.7566315306,10477.3692633674,10341.5239610204,10343.3152382653,10151.4503773469,10169.7774028571,10263.7695633673,10347.9764255102,10447.6497712857,10319.9684459184,10486.5838609184,10954.6778968367,10667.812912449,10438.4682702041,10263.0336822449,10395.4689472449,11020.8678818367,10608.728735551,10449.0979966735,10535.759742449,10544.9451402041,10435.8451369388,10488.3904689796,10245.3736944898,10487.0803423469,10543.6550097041,10256.3992690816,10340.6365522449,10333.2896462245,10582.7385086735,10401.8844051837,10362.3036758163,10433.3667204388,10375.4019346939,10526.2730033673,10301.8180663265,10509.4512631633,10614.7000483673,10603.6642740816,10492.5562241837,10581.2869181633,10562.0919521429,10472.6649908163,10632.1007960204,10527.5432530612,10508.2599184388,10473.344104051,10545.842183949,10604.6742958878,10438.971426398,10687.4651207143,10492.8766510204,10397.0915894694,10636.63711,10467.6764238776,10711.6423222449,10595.1782742857,10478.1504131633,10459.3119256837,10618.4951700714,10922.8594885714,10658.4650334694,10420.4525453061,10681.3367565306,10502.2885823469,10485.9101918367,10581.1375695918,10194.4376245918,10307.1298494898,10560.4986219388,10504.3763604082,10567.1967728571,11036.9500528571,10945.3692145918,10565.4076994898,10583.5389794898,10353.5936629592,10898.2655368367,10657.3950395918,10536.1253422449,10623.6023187143,10541.9272887143,10470.1770172449,10359.6740052041,10644.2552143878,10514.5311306122,10546.8906283673,10730.2009192857,10521.0137621429,11015.5321522449,10717.8963472449,10401.099187551,10645.7134128571,10283.1764058163,10481.1540818367,10323.9823185714,10467.1297666326,10438.625977449,10681.2839650816,10786.4826700816,10432.6850300816,10561.0826000816,10377.9502100816,10347.3248862245,10574.3790486735,10491.1577130612,10389.6265342857,10488.1030257143,10627.2986322449,10886.0294979592,10593.9643359184,10651.3926881633,10581.6023895918,10538.6010377551,10531.9170933673,10458.6599132653,10303.0094392857,10301.4693337755,10324.8190846939,10301.999947551,10661.1080883673,10511.5447052041,10508.9318420408,10521.2119345918,10600.2220957143,10266.7684357143,10635.5079907143,10320.4183587755,10490.6375604082,10478.4249412245,10668.3219779592,10561.3467641837,10322.1006234694,10585.6853646939,10530.1554877551,10491.007170449,10569.5181654082,10554.9444409184,10674.0666231633,10490.361655,10512.1768471429,10546.576107449,10556.9518045918,10606.0830702143,10481.5630618367,10504.6488026531,10518.3195734694,10368.4685286735,10220.0731004082,10248.5473753061,10032.6578297959,10356.5085991837,10072.9840928571,10395.1892978571,10240.6705514082,10417.1382480612,10370.3768265306,10380.7484764286,10493.5965893878,10677.2776634694,10504.9541669388,10439.354994898,10510.7267612245,10544.1705463265,10754.5918811735,10221.4512952041,10259.4717195918,10141.95108,10184.8008094898,10216.7271860204,10587.0615860204,10322.0823260204,10312.9185434694,10716.5453136735,10144.5739377551,10476.4927862245,10411.4853196939,10461.8768943878,10470.3779605612,10445.6882569388,10468.3607320408,10556.7120385714,10560.5228262245,10395.8997012245,10557.2658857143,10220.1704553061,10380.4914079592,10508.7980611224,10909.7776099592,10430.4661441837,10494.4611006122,10451.8384291837,10845.4883047959,10452.3769735714,10535.5694339082,10417.7706881939,10777.6896503878,10340.3857821429,10237.9206739796,10441.2601936735,10422.2414757143,10823.020469898,10724.502625,10226.7232778571,10034.1096099184,10104.104830102,10250.9299700816,10844.1655387755,10405.7586288775,10500.198287551,10469.1902986939,10445.7425707143,10381.8995578571,10323.8074526735,10118.6735180612,10957.4214937755,10705.5291114286,10536.3875061224,10430.9383957143,10283.5830763265,10290.5560608163,10418.1302231429,10537.5543654898,10431.9282664286,10360.8209793878,10584.29992,10610.3661057143,10810.0948863265,10511.2211010204,10494.185102551,10559.6351688776,10411.3785215306,10397.0374370408,10276.5807908163,10084.1073455102,10137.701210102,10486.0954028571,10021.4260033776,10450.3134129592,10348.731390102,10661.6232530612,10444.6248460204,10359.3979727551,10339.9480431633,10457.65225,10450.7299119388,10515.0991040816,10456.7613857143,10488.5045806122,10458.0484510204,10519.7237255102,10396.7502755102,10539.7905785714,10406.8285236735,10290.6493094898,10375.5428956122,10383.3918806122,10396.6875438776,10411.3680279592,10516.8324729592,10487.7368241837,10569.7752441837,10924.4101334694,10666.3992027551,10655.7564218367,10581.1055893878,10597.282869898,10790.325024898,10545.588119898,10528.4506979592,10604.3133210204,10653.0306886735,10526.3075386735,10553.5746286735,10466.1400586735,10584.6767493878,10582.345890102,10500.0648903061,10448.9650356122,10958.9037794898,10823.1351602041,10622.0367164286,10637.8428494898,10333.7328883061,10443.9641953061,10599.2429576531,10517.6209058163,10528.7260596939,10625.7373355102,10579.1894778571,10636.5436534694,10506.1997985714,10462.2448828571,10946.5058906122,10541.943724898,10530.4325271429,10891.2785543878,10616.7608635714,10624.0329241837,10486.1322995918,10609.4543734694,10502.4178742857,10388.2627023469,10510.1790673469,10438.16562,10528.4777669388,10364.111032551,10427.6675318163,10548.8727556122,10816.8379606122,10496.7188506122,10490.9119047755,10403.6404820408,10533.6805186735,10482.5789781633,10881.2648846939,10378.4294926531,10459.9511396939,10746.3704421429,10349.4053371429,10378.6972342857,10485.2274044898,10437.9437696939,10498.9727253061,10372.6715219388,10353.6668677551,10551.4058772449,10600.3343856122,10323.3972935714,10519.9632921429,10503.3377562245,10499.266015,10407.0913152041,10606.3520222449,10132.0054961225,10246.75351,10322.2246353061,10349.080085102,10435.2538213673,10571.3559316122,10581.7708527551,10427.1576868367,10424.6629194898,10574.2310768061,10419.1584653061,10965.4007642857,10514.8513644898,10449.3722840816,10544.4335028571,10364.389980102,10373.9194897959,10483.2037534694,10514.3952084694,10677.7361010204,10312.0182996939,10473.0723895918,10422.7323769388,10456.9768773469,10806.7894494898,10342.7773232653,10747.3660808163,10857.5831497959,10370.7314608163,10268.7732991837,10537.5929519388,10448.6544107143,10213.3676827551,10107.1317155102,10376.249460102,10318.1765033673,10139.163429898,10371.1613729184,10485.8073504082,10355.7298974082,10450.4189004082,10514.0932232653,10422.2698845918,10730.5429787755,10653.9818936735,10557.2358144898,10301.8334047959,10491.0415294898,10495.1624191837,10430.7104421429,10393.4143662245,10456.6276167245,10514.5032339796,10414.7271413265,10399.4027644898,10579.2671969388,10546.7253202041,10511.3603032653,10609.6871026531,10470.0748389796,10597.1091269388,10453.2551805102,10593.4537041837,10967.5718186735,10504.0959444898,10581.1979218367,10632.9495868367,10551.3387288776,10575.310230102,10541.7044236735,10326.7836573469,10328.9198502041,10369.0554693878,10520.8170186735,10669.0864164286,10298.6870694898,10633.4240544898,10649.2701147959,10410.6502744898,10470.4401930612,10476.525760102,10511.0028571429,10418.6982069388,10321.1777793878,10326.301925102,10274.3648056122,10238.9837362245,10333.6995103061,10172.3747681633,10523.0847097959,10503.2340970408,10299.9376220408,10426.7417371429,10440.6509387347,10124.1753556122,10335.3600678571,10418.3542091837,10383.0372016327,10392.7249816327,10346.4740397959,10761.129369898,10592.9727980612,10369.0679204082,10503.2438026531,10461.1947755102,10324.9070597959,10679.8622702041,10533.2204295408,10943.4329219898,10384.9244060714,10291.9011485714,10278.5464832653,10285.2292977857,10371.4543930612,10449.7196389796,10547.9312636735,10422.0653318367,10434.9449741837,10448.1354518367,10563.5711017347,10278.7031355102,10213.7929731633,10421.6365202041,10514.6615897347,10592.1851055102,10662.9197719388,10481.9811346939,10390.7208407143,10503.9833537755,10445.3665837755,10441.3003589796,10173.4582338776,10322.5622387755,10352.0123513265,10364.4035105102,10422.7095331633,10398.4378295918,10611.361417551,10662.6175733673,10452.6939640816,10595.0685893367,10519.5596316327,10244.2530285714,10373.2170763265,10656.6304828571,10622.9882122449,10629.0073087755,10414.8433981633,10734.1258332653,10326.0798053061,10529.2395417347,10742.4295392347,10943.8825017347,10379.1105405102,10787.1992046837,10483.4610914184,10427.9633538776,10369.5439090816,10733.8700517347,10525.9690130612,10435.7447410204,10438.2986180612,10510.6017310204,10590.363607449,10503.699382449,10534.036192449,10605.8020132653,10426.2266785714,10629.8038435714,10308.5607291837,10363.158758398,10358.3192339796,10383.6334409184,10423.8162407143,10431.6141967469,10601.9972543878,10505.8393734694,10761.090005102,10425.6973918367,10476.4569715306,10540.1785722449,10351.1036059184,10559.0526620408,10422.9724290408,10472.2201063265,10625.047132449,10544.4365266327,10391.2238671429,10240.4332394898,10540.7869158571,10405.7134419388,10386.2406769388,10375.4122044898,10384.1346262245,10473.7749653061,10546.5006429592,10619.8484789796,10458.5531841837,10433.7567784694,10942.6480886735,10257.065264898,10079.593927551,10249.6027642857,10444.1955987755,10701.172565,10553.5200954082,10364.3898854082,10287.3253206122,10253.8366808163,10379.4231458163,10437.3483384694,10460.1463884694,10377.695407551,10361.1482168367,10453.7440418367,10385.5858470918,10465.525239949,10849.8937073469,10441.4278532653,10384.5696828571,10882.5766428571,10475.8327594898,10388.6380897959,10258.7744959184,10495.9516045918,10362.4909367347,10352.6096226531,10455.079995102,10578.4589449388,10352.077590102,10486.8785342857,10468.8983842857,10769.4711730612,10451.7501880612,10455.7229917347,10574.5405860204,10635.6293212245,10529.2719069388,10633.0437933673,10804.8482844898,10507.516355102,10209.4841356122,10572.9857365306,10453.402539898,10769.5978376531,10522.6081964286,10362.2065447959,10428.9381858265,10326.8721366326,10594.8145460204,10529.6177652041,10342.8475831633,10199.6777134694,10294.7021237755,10358.3790789796,10394.9577592857,10525.7765042857,10206.0694982653,10462.399162551,10467.1766891837,10559.3898581633,10450.9679117347,10423.8899961225,10419.90772,10452.9279222449,10619.4845571429,10466.7107783673,10452.29653,10532.6102806122,10496.8610111224,10443.3137546939,10402.1004283673,10429.4803552041,10525.5925740204,10568.9622139796,10426.238495,10341.033505,10342.7747144898,10294.6958581633,10354.6078582653,10296.1708841837,10260.3814820408,10190.6296359184,10465.0021112245,10450.3360886735,10408.8066836735,10441.5286652041,10479.6716942857,10497.5258147959,10846.5012346939,10521.7377744898,10369.1309663265,10448.9254714286,10414.3471414286,10353.8482597347,10565.1088861225,10444.2114522449,10392.0754132653,10510.1050382653,10920.779597449,10433.579314898,10428.9028343878,10809.7518920408,10412.7443420408,10248.1185293878,10400.4225836735,10386.8042053061,10668.664724898,10341.3924877551,10235.6199905102,10195.4305244898,10006.0357413673,10219.9276450408,10375.1107884694,10308.5304828571,10261.5280752041,10218.1257040816,10269.5250096939,10334.8685565306,10242.910301449,10392.6865038776,10407.9334949184,10158.684575,10520.7762305102,10431.438102551,10431.6237212245,10231.2615938775,10325.475892551,10181.5515582653,10443.1894888776,10499.3160039796,10477.4396589796,10607.9788708163,10493.1231744898,10465.2025439796,10316.7467095918,10424.3438310204,10535.070205,10456.622515,10421.326545,10309.9615504082,10518.2537637755,10490.8923964286,10524.6449686735,10594.5895970204,10491.0651468367,10483.9915793878,10653.4093515306,10552.0977422449,10448.0384767347,10452.6202937755,10352.3092987755,10356.9322556531,10710.5907040816,10456.6329662245,10351.42646,10500.4078612245,10386.308727449,10525.1743446939,10467.0220755102,10520.3964839796,10502.1633928571,10498.1039285714,10583.6929953061,10346.2232902041,10369.7906755102,10323.9778712245,10440.7691572245,10501.7318764286,10364.4379162245,10478.8228364286,10446.8903102551,10478.6000360204,10527.1394367347,10575.7392255102,10535.5911814286,10446.6413146939,10442.5358642857,10596.4005059184,10639.4438585714,10491.3842194898,10350.0729961224,10458.8466877551,10192.9772635714,10724.3287827551,10413.5688981633,10529.0340474184,10435.5048308163,10462.0900204082,10610.3452804082,10533.2016442857,10461.3999681633,10525.0579804082,10232.9176989796,10071.2638173469,9896.98497085714,10366.2816369388,10480.5917345306,10096.5664744898,10346.0806408163,10360.6530038775,10253.3125114796,10537.462745102,10396.6926790816,10414.3419797959,10832.0464147959,10571.6133397959,10554.062552551,10501.3105522449,10650.7646237755,10406.3222937755,10348.3181643878,10602.2600256122,10392.0957633673,10483.0822634694,10657.7281860204,10378.8306903061,10627.2257112245,10387.204122551,10493.0955195918,10337.5453572449,10344.0127360204,10506.2988973878,10434.1414620408,10499.0285293878,10432.5703977551,10409.6160018367,10660.9314110204,10597.1594510204,10536.8347110204,11025.5089660204,10591.4613393878,10908.6010822449,10821.8250340816,10585.7589761429,10533.9769646939,10541.963952551,10507.2649640816,10491.4010911225,10524.6447384694,10445.7642746939,10536.6025721429,10327.6178800204,10582.286957449,10357.2246816327,10183.289062551,10257.8647208163,10617.9900683673,10407.7668038776,10274.9061712245,10257.5130271429,10452.6606742857,10872.2021392857,10230.3902771429,10135.8770345918,10022.7158829592,10120.7046184694,10441.1729867347,10441.7908085714,10430.620844898,10584.2816359184,10516.9570846939,10494.98285,10303.5681704082,10469.1751481633,10449.3134612245,10361.8838955102,10304.7575232653,10495.4523892245,10334.8806442245,10467.0438185714,10350.2918288776,10405.4436538775,10600.8124438776,10620.3111388776,10495.9571938776,10616.0446132653,10679.2283614286,10512.5699614286,10540.8043114286,10528.5885393878,10454.1564906122,10498.0167584694,10439.6313284694,10046.8259262245,10170.993615,10416.3359543878,10677.7762090816,10545.0024304082,10408.2278093878,10533.7514282653,10507.1622732653,10500.464707449,10489.466505102,10598.0442086735,10522.1600958163,10400.5499082653,10279.7560932653,10249.4240058163,10162.9612877551,10347.1369683673,10730.4955261224,10769.5903622449,10275.7367782653,10360.3391982653,10454.6402569388,10614.27017,10431.9001272449,10830.4919313265,10490.2497346939,10375.8615384694,10434.9868434694,10567.886645102,10502.7247306122,10620.9746873469,10486.5402641837,10894.915130102,10951.0995431837,10422.4577340816,10270.3199517347,10204.9013579592,10320.161015102,10307.6605263265,10426.6859336735,10597.5711584694,10472.2698684694,10793.2695993878,10259.444405551,10396.427562551,10442.5771852041,10513.8541907143,10292.2910869388,10261.5946795918,10260.3161482653,10213.3462558163,10742.9192918367,10799.8565888776,10304.1449759184,10502.4866842857,10482.1022602041,10195.6915040816,10255.9968810204,10365.1866729592,10203.5315306122,10393.4130278571,10236.5008246224,10201.8195232653,10435.6937932653,10350.6832371429,10194.0632989796,10212.3285489796,10124.333245102,10540.117032449,10400.490110102,10359.220785102,10453.9967486735,10489.5270609184,10407.1133228571,10464.973172449,10553.3835346939,10531.7658044898,10557.1035840816,10372.3479632653,10687.1458642857,10425.6210676531,10493.0393358163,10390.5140061225,10534.6472424592,10326.1467736531,10591.2732685714,10463.133115102,10261.6369016327,10422.8251677551,10486.7779612245,10412.1990561225,10479.0775911225,10572.1066785714,10487.5065092857,10236.5205910204,10301.8472466327,10246.3038387755,10660.9951269388,10750.7287862245,10627.3740702041,10565.6944202041,10335.7787478571,10417.1278578571,10430.1271278571,10253.1535226531,10296.7114146939,10305.122264898,10531.6089918367,10382.6739316327,10457.515994898,10142.2734438776,10194.1479602041,10253.9365208163,10287.0028205102,10380.2419361224,10448.6760288776,10438.6544573469,10398.5554030612,10412.459977551,10301.8911992857,10420.1052042857,10106.2233645918,10115.8667745918,10012.0300126531,10151.6265058163,10187.0520697959,10296.599922551,10869.3354359184,10203.5611881633,10352.7530957143,10248.8026408163,10301.642995102,10476.303265102,10179.2972969388,10114.9212238776,10467.1659438775,10295.0078608163,10578.4507670408,10542.4679244898,10456.3894088776,10277.5326219388,10444.8380920408,10918.3273695918,10485.9559454082,10418.7171037755,10239.9551630612,10266.1023261224,10184.6664712245,10719.8312418367,10243.8241523367,10313.3759479388,10278.3368507143,10352.84169,10234.3849919388,10406.7305520408,10487.7245013265,10426.6342376531,10590.2143596939,10531.4356869388,10550.1504404388,10539.6973432653,10431.9339,10568.9849855102,10536.7889423469,10355.665139898,10413.4925853061,10441.0011952041,10309.1128845918,10024.1556154082,10774.268952551,10477.6514214286,10233.6509223469,10161.3241673469,10447.0916377551,10542.1803739796,10465.5385795918,10112.489555102,10279.9293390816,10322.9005761224,10325.6022138776,10358.4684739286,10510.5663147959,10380.7733844898,10548.1966486735,10401.4531167347,10449.3497557143,10410.8175106122,10496.2010822449,10374.4432073469,10354.7855643878,11033.7409231633,10597.6583981633,10589.4998831633,10564.3256194898,10536.9712918367,10401.9377719388,10442.3406582653,9977.62306153061,10135.7336720408,10404.6028105102,10173.6333221429,10216.7664359184,10363.0326218367,10426.5618752041,10538.746912398,10508.7213340816,10525.4697640816,10557.6632642857,10435.5473392857,10460.0961641837,10454.2312682653,10270.8230204082,10440.1178202041,10344.3766356122,10328.2617647959,10385.2879423469,10452.7927085714,10340.6587623469,10469.1316273469,10421.4071423469,10596.7975073469,10421.9030806122,10670.0021723469,10681.7874516327,10425.3743978571,10502.8075561224,10357.7702413265,10863.0366013265,10619.1539591837,10347.1443091122,10445.5892387755,10364.9233973469,10396.0069189796,10128.2468295918,10320.7697813265,10328.2962667347,10148.8121479592,10290.1900187755,10329.9262873469,10059.2875067347,10103.1025802041,10276.3568972449,10162.4706597959,10308.1840605102,10504.4126734694,10511.7247008163,10560.4274272449,10549.7815884694,10423.4016327551,10554.8737285714,10372.0158667347,10621.9672294898,10597.8038871429,10569.2661167551,10679.0355299796,10679.6801822449,10615.9910486735,10614.5381322449,10582.4967042857,10648.7325384694,10564.0206033673,10496.2434381633,10499.344694898,10467.5205021429,10672.9123040816,10534.4351676122,10557.1153226122,10640.6091583673,10420.7770533673,10264.8956583673,10414.5328333673,10269.0076855612,10340.6952180612,10530.4153097959,10362.2658050816,10346.3386893877,10569.287922449,10456.2586858163,10335.4127677551,10590.9683071429,10349.2815690816,10370.7534354082,10663.3591636735,10549.2258218367,10588.7427766327,10590.664765102,10444.932137602,10461.8305657143,10469.8059035714,10394.2305785714,10406.0628204082,10419.5870139796,10405.5843306122,10142.7525023265,10114.3237611224,10171.8545237755,10274.770895,10414.1094762245,10396.1502726531,10850.5060130612,10442.1351977551,10356.2537427551,10360.5798159184,10428.495969898,10437.3553330612,10505.5530663265,10428.796655102,10673.3205369388,10376.4720839796,10444.8632737755,10499.2553089796,10434.4104383673,10413.7877712245,10316.8878362245,10369.9609326531,10392.3234306122,10484.5665277551,10512.0123268367,10652.9569212245,10529.8095687755,10598.3731776531,10466.0599455102,10400.635902449,10459.7967704082,10333.6467364286,10256.912115,10366.9494928571,10355.3462757143,10393.3941571429,10478.1538193878,10150.0192219184,10296.5841606939,10292.5800708163,10447.1567391837,10557.3708623469,10487.4221163265,10425.8345702041,10545.1732459184,10432.2458609184,10553.0381428571,10485.7813528571,10586.5092478571,10509.9220928571,10594.5588078571,10506.721715,10436.2721930612,10519.1240454898,10547.0905704898,10621.4794949796,10491.9580666327,10561.9793837755,10303.2388056122,10285.9666938775,10438.3927187755,10580.3000797959,10430.2188052041,10368.430640102,10457.6803473469,10574.4847473469,10505.7516960204,10520.9742109184,10441.4103052245,10533.9809170612,10376.5482145918,10212.9914371429,9978.58195091837,10258.7838295918,10378.6532084694,10191.3502410204,10409.8819520408,10414.2200806122,10460.3260823469,10321.2441433673,10470.8020318367,10389.4251693878,10432.7836743878,10313.0949431633,10350.4831729592,10355.8918702041,10451.7285652041,10658.4105652041,10775.499375,10494.9650984694,10487.8621291837,10553.7861906122,10521.4053436735,10505.1479954082,10479.109860102,10243.5347508163,10172.3724709694,10117.5041959694,10591.0323608163,10635.9190642857,10584.9762292857,10551.7476133673,10434.9670383673,10582.0156609184,10668.1329771429,10275.4199173469,10566.7180855102,10610.7744257143,10649.3553808163,10423.3364808163,10377.3951833673,10468.8365232653,10389.0574788776,10399.2434212449,10466.3343867347,10334.7108123469,10377.8576746633,10215.2506561939,10209.6683841531,10379.6289945612,10476.1432521429,10748.4252780612,10476.4293826531,10561.6746281633,10650.5098463265,10573.7192176531,10458.5636387755,10099.4117022449,10284.43517,10863.4973204082,10375.5930180612,10418.7455295918,10384.7931373469,10443.7557673469,10436.860477449,10534.3740506122,10346.1535952041,10596.0005211327,10382.4720262245,10453.1423114286,10509.5381564286,10580.5515782653,11023.303835102,10420.2128757143,10556.3254128571,10271.9943369388,10546.2518040816,10458.1257727551,10436.0499538775,10517.9482261224,10508.6584423469,10502.5086823469,10519.6774417347,10530.7361571429,10501.4190061224,10601.7706469388,10591.5968544898,10611.0209744898,10524.2807028571,10356.1954304082,10428.8284313265,10407.1765580612,10406.3960016531,10331.843867551,10562.2320865306,11038.8534917347,10488.5995215306,10435.1777769388,10448.9575956122,10478.3586156122,10309.4575502041,10464.532349898,10476.2993644898,10502.2915555102,10454.0253546939,10541.1068339796,10948.2160402041,10895.0671317347,10436.1973769388,10502.4988423163,10886.1264010204,10581.539230102,10424.0869840816,10523.0449840816,10666.2194340816,10556.5226276531,10470.197697551,10499.3932,10453.6211976531,10522.1316193878,10552.7708462245,10360.9171152041,10640.0890689796,10407.8202469388,10309.7296403061,10458.7405996939,10410.6585510204,10479.9106640816,10563.6383188776,10545.4874844898,10544.9985869388,10446.3515369388,10619.9023653061,10479.0718084694,10439.1105729592,10445.3663893878,10538.0469010204,10566.8751178571,10609.3752677551,10908.9902661224,11028.1535771429,10755.7609173469,10583.9532586735,10533.3453286735,10403.1833236735,10380.8154742857,10399.2691065306,10446.7116661224,10397.7031573469,10588.2894003061,10619.8935186735,10502.1073548673,10781.2442268367,10541.0747819388,10203.2195819388,10321.0544063265,10410.733495102,10506.2504007551,10484.5957196939,10440.6406835714,10567.4338443878,10492.9927205102,10425.8490167347,10410.3960709184,10763.1628209184,10284.6776311224,10445.375402449,10298.5010323469,10533.9438491837,10463.3960887755,10364.6288171429,10361.5256170408,10475.6178529592,10385.8594680612,10338.8801856122,10412.5683685306,10443.4184876531,10155.4020902041,10093.8582320408,10083.9998006122,10179.0869393878,10485.7278115306,10410.0617541837,10064.7465677551,10224.4713997959,10363.0249772449,10428.8394828571,10464.368782449,10843.610417551,10743.4335934694,10559.2176435918,10580.0824634694,10549.1274467143,10462.7288804082,10518.5840853061,10426.7653337755,10329.3605341837,9935.4351244898,10175.3374904082,10119.8799136735,9980.23664010204,10389.90789,10446.8439192857,10470.1495095918,10246.8896622449,10319.0480929592,10338.1054569388,10314.4538053061,10449.6625636735,10434.3472841837,10454.8426787755,10379.9523489796,10644.8790981633,10363.9428127551,10442.1375578571,10325.7179010204,10328.8406463265,10154.5296557143,10231.9476173469,10398.1176184694,10285.5879028571,10309.1910389796,10194.9622629592,10079.7298831633,10387.7714526531,10555.9360041837,10499.1937133674,10444.1538479592,10377.4694645918,10609.5671429592,10494.6394440816,10332.7385781633,10610.9494094898,10520.3667679592,10542.2405997959,10516.3551485714,10600.9996989796,10570.0262697959,10420.3492859184,10419.2177385714,10678.4696928571,10365.6494778571,10511.4262,10474.6721119388,10295.6836118367,10661.8566086735,10493.9394177551,10616.8653156122,10514.4109642041,10563.3966329592,10457.6270197959,10351.2169886735,10604.0416757755,10430.3131090816,10173.647210102,10287.0224987755,10195.7829153061,10491.0193671429,10923.6021312245,10853.5299779592,10695.5691844898,10313.4199862245,10335.6604577551,10501.5880059184,10478.4984959184,10506.7970915306,10477.9015866327,10528.2703268367,10586.9479336735,10621.11654,10428.9839813265,10229.7377763265,10491.6306444898,10532.74325,10446.5036712245,10536.2329852041,10300.3945276122,10472.6626832653,10555.296605102,10333.2235820408,10374.176667449,10382.9949161224,10326.1291061224,10890.3702166327,10454.7584754082,10446.0884067347,10479.456794898,10457.423637449,10525.9935742857,10541.6187037755,10446.8278972449,10370.1315781633,10451.479594898,10233.9806570408,10371.6725087755,10537.8204123469,10443.6278921429,10439.1289390816,10286.6170594898,10503.1697276531,10438.2924669388,10419.1088995918,10480.5940689796,10401.0700652041,10796.7585796939,10211.8459458163,10365.0314740816,10418.2583982653,11002.6948004082,10477.8762994898,10523.6864279592,10603.8096627551,10502.4733963265,10862.0784346939,10268.7019562245,10212.1548469388,10212.1650240816,10389.7553702041,10227.9342352041,10277.4974452041,10274.0747382653,10401.1851365306,10463.1691565306,10462.0806115306,10465.9424259082,10552.1642659082,10401.5512034592,10556.1372934592,10508.9640614286,10444.0628741633,10430.8243788776,10905.4927536122,10517.6291188776,10481.8108622449,10328.6557444898,10498.4017937755,10399.9336382653,10791.6646537755,10605.9653958163,10682.1927497959,10384.2002293878,10524.2706266327,10386.0045368367,10410.7958578571,10436.0402336735,10383.51623,10307.0517715306,10341.6780346939,10346.6135862245,10831.0464891224,10529.7161477959,10476.1221477959,10878.2054652041,10490.3515602041,10408.5177515306,9991.49103530612,10194.0385397959,10381.3049044898,10364.2094265306,10264.4915079592,10476.9216635714,10455.1062592857,10553.3955479592,10417.4250423469,10459.9218420408,10523.9542452041,10585.2909426531,10387.4033110204,10451.4908489796,10585.7374314286,10423.3757936735,10412.4819679592,10481.2879395918,10519.1285467347,10455.8228222449,10409.4159157143,10659.6557167143,10585.1428372449,10582.8647547959,10541.3766692551,10444.7822976531,10316.8735112245,10476.6467328571,10448.6821495918,10466.7309394898,10557.5652391837,10426.0255668367,10434.0360988775,10459.41987,10567.9238867347,10517.2089517347,10407.5472067347,10586.3294917449,10502.6258238775,10323.5543408163,10551.7858958163,10602.9093216327,10446.7084031224,10370.9948419388,10313.1375017347,10232.9076146939,10068.7190753061,10715.3277553061,10397.9810116327,10421.5897461225,10187.1844909184,10517.8034723469,10288.8289319388,10500.9164753061,10487.2393797959,10533.6000757143,10485.4056393878,10455.8466413265,10464.9581995918,10327.0078280612,10486.497165102,10384.4989195918,10566.5415719388,10516.0753030612,10617.3862156122,10521.2835510204,10312.46374,10452.2597682653,10780.035587551,10744.9645757959,10384.5504791837,10347.8826271429,10296.2839104082,10438.2729083673,10362.9035520408,10408.2719667347,10421.0965506122,10299.8587930612,10800.4946312245,10391.139285102,10783.0369346939,10351.2497490816,10663.7138670816,10426.8281815306,10195.0151002041,10651.6915759184,10127.6390996939,10312.9123755102,10424.5107944898,10979.0268858367,10457.3841013265,10445.4918545918,10516.6572393878,10462.2728428571,10458.3807541837,10493.0848219388,10599.9391627551,10787.8920077551,10428.8197234694,10461.5590877551,10393.6256559184,10256.7104589796,10279.3269109184,10223.6036852959,10247.7645839796,10273.5859156122,10237.3876609184,10309.0324147959,10454.0246026531,10542.6232919388,10315.1177365306,10671.1708177551,10918.4062885714,10616.8517255102,10454.9139691837,10516.7114401531,10496.5130057143,10572.2125143878,10374.3352140816,10371.4148815306,10381.9494827551,10315.3394716327,10557.1707295918,10402.8018345918,10405.187517551,10271.7583039796,10409.6931489796,10510.2501570408,10424.6072710204,10452.7811137755,10468.3986494898,10527.3550755102,10539.314212551,10130.2813453367,10503.4917796939,10981.3421039796,10418.2766342857,10516.8526122449,10535.3864321429,10542.06483,10402.7176515306,10490.7107415306,10553.1274942857,10586.1443347959,10956.0274459184,10428.5007944898,10373.0255173469,10546.8705212245,10546.8469707143,10446.7845611224,10474.5962933673,10526.9021108163,10299.6685612245,10411.844172449,10316.6878562245,10310.6758412245,10445.9015859184,10410.2077158163,10402.3232970408,10602.2211721429,10468.7574655102,10520.9281735918,10298.7484174286,10531.3024518367,10560.388385102,10510.0389386735,10591.3797181633,10431.3464505102,10531.4934952041,10301.6028278571,10514.4130757143,10644.5236037755,10455.168475102,10518.0959608163,10590.3794152041,10385.2365003061,10849.1044059184,10338.3192633673,10209.5676623469,10556.5218854082,10440.5220489796,10520.5400047959,10313.0963354694,10433.5228292857,10535.5449178571,10409.4993918367,10316.8172727551,10467.412840102,10385.0785107143,10460.9327683673,10497.3521154082,10525.1246021429,10491.5845727551,10413.7771054082,10400.2822013265,10899.5331156122,10571.6921465306,10904.8927791837,10500.9703732653,10325.3616595408,10513.287449898,10312.9377376531,10418.9115755102,10580.2823705102,10606.9103879592,10568.5526322449,10454.7310081633,10372.9831678571,10306.7842378571,10414.8912692857,10341.9595954082,10260.0503942857,10482.5286380612,10379.633094898,10685.194487551,10576.1120755102,10540.0659511224,10331.7311326531,10661.2130616122,10510.1372992653,10493.381683898,10603.5738765306,10544.0419860204,10480.2389837755,10477.8061353061,10578.9242363265,10575.8718477551,10444.0093873469,10464.0065432653,10404.739372449,10591.9013913265,10450.7412997959,10828.4333495918,10543.7755888776,10711.0857091837,11019.0171985714,10461.8078495918,10452.36646,10777.0772718776,10830.4371188776,10506.5945988776,10518.1171638776,10336.8415488776,10311.5202221429,10332.5414263265,10501.8862908163,10318.5213161224,10418.7592315306,10291.8554539796,10393.1565721429,11051.189065,10651.3106790816,10448.5142212245,10533.9674212245,10438.6862163265,10579.9850059184,10528.9575697959,10407.0800810204,10489.2682714286,10339.6263020408,10312.674134898,10442.7760137755,10354.8361013265,10351.5111687857,10325.1919489796,10300.1293191837,10414.1464458163,10400.4718760204,10479.0398228571,10576.7368812245,10477.5050565306,10473.95076,10318.3487396939,10270.7692341837,10521.4691908163,10462.3267703571,10395.5953388775,10481.4690136735,10592.4735017347,10454.3684818367,10489.3499570408,10457.183150102,10493.2618073469,10392.3859888673,10627.9871343878,10490.4198864286,10489.2000937755,10477.6523871429,10582.4333857143,10638.1533704082,10605.3307163265,10458.7247488776,10441.0987326531,10182.063729898,10352.6913417347,10388.9371341837,10501.6970370408,10493.9551054082,10535.2684121429,10620.7459281633,10647.6744714286,10433.1884397959,10256.2644561224,10223.9036843878,10194.6843611224,10322.7997508163,10476.8216018367,10436.4195765306,10385.689070102,10419.5664228571,10551.6806542857,10504.2660467347,10512.6202367347,10541.7260144898,10830.1253178571,10357.3384064286,10860.6556,10578.5826969388,10495.4581792857,10577.5860062857,10403.2363978571,10568.8035834694,10934.8694496939,10518.6543679592,10532.6253979592,10645.2234229592,10552.8496105102,10529.1063153061,10337.3193118163,10326.1038958163,10373.6581206122,10555.9751069388,10551.6333569388,10341.6181663265,10395.4211661224,10365.7729011224,10431.0990677551,10246.6054237755,10486.4019943878,10469.8615843878,10410.6912839796,10601.6037122449,10476.1678512245,10597.4101288776,10301.7004530612,10643.5656018367,10508.0521604082,10623.4865813265,10564.2712859184,10444.0658569388,10473.0197869388,10156.886994898,10363.2666904082,10380.7599010204,10331.4705612245,10278.8585323469,10226.4676931633,10500.0672831633,10551.6146855102,10442.8729416327,10416.2137468367,10385.0009806122,10205.7948335714,10472.7101530612,10518.6075066327,10553.429827551,10511.7786685714,10626.411397449,10507.9240145918,10473.6099328571,10212.700914898,10356.3686707143,10289.508912551,10125.5500377551,10459.5589046939,10847.4842611224,11001.1392315306,10378.0628204082,10234.9558258163,10504.0590746939,10886.9678712245,10500.0556692857,10493.3541606122,10445.7093391837,10297.2647654082,10424.2920094898,10384.3983296939,10346.723885102,10524.9389281633,10540.4959366327,10438.1897155102,10563.6187285714,10990.3038535714,10826.0057485714,10369.2763129592,10517.9099859184,10303.8468514286,9997.53463102041,10094.9306755102,10044.8375155102,10337.8824316531,10194.3615888776,10054.0835452041,9902.95581265306,9818.40956795918,10145.6588913265,10599.1125487755,10420.248772449,10744.0153873469,10517.4735163265,10450.1988530612,10430.010795102,10280.8297326531,10316.3621896939,10405.8216135714,10533.2938458163,10583.8547055102,10503.328114898,10374.7997097959,10465.090232551,10363.4365959184,10363.6642702041,10411.7994455102,10348.3087923469,10210.1800465306,10498.6234990816,11003.3929742857,10401.1109142857,10569.1339953061,10279.755587551,10404.8574377551,10508.972114898,10536.5562380612,10575.4124737755,10540.9870368367,10568.831672449,10491.8545546939,10817.3377112245,10289.9364013265,10322.4184058163,10432.6473888776,10481.2190455102,10302.2661488776,10426.5500252041,10391.1319411225,10520.1766457143,10423.8739957143,10782.9809660204,10367.2909010204,10396.7743806122,10387.6428806122,10400.5397923061,10412.1754288776,10461.7370738775,10378.4323421429,10052.6685885714,10216.134707551,10857.622997551,10570.7933697959,10625.2801393878,10484.8307165306,10503.0587860204,11003.7323122449,10304.8528961225,10445.0136311224,10684.390537551,10555.0920807143,10599.9385505102,10415.8979802041,10073.390917449,10740.3835692857,10779.5711392857,10205.5159257143,10265.0084060204,10691.9115577551,10251.8377157143,10435.3463718367,10325.7250505102,10251.7736353061,10369.3160022449,10412.6866709796,10221.8429471429,10460.6768471429,10051.3289180612,10345.7524989286,10197.60005,10284.3873659184,10245.6985369388,10480.0691936735,10464.1112584898,10409.3316070408,10341.1739728571,10489.6341753061,10321.857027551,10357.5828985714,10335.9364195204,10334.8407209184,10436.0005259184,10279.0114268367,10356.9700118367,10368.6326918367,10497.5816318367,10551.4465497959,10636.5640542959,10443.4516947959,10100.5296634694,10761.8357606122,10513.4467690816,10462.0151384694,10394.9644102041,10279.7511416326,10473.9318662041,10427.3201612041,10354.9872203775,10439.1812080612,10482.8091080612,10501.9650944898,10555.8144879592,10421.5517064286,10379.0085928571,10350.9695437755,10578.6870043878,10436.6268643878,10406.5044643878,10534.0115012245,10882.5763008163,10518.8943682653,10521.9992333265,10562.8064408163,10440.1371614592,10429.7233386735,10402.1189362245,10530.4556562245,10243.5499844898,10406.1459768367,10284.4857580612,10847.5883252041,10471.4548521429,10368.7357121429,10386.751522449,10533.4756704082,10835.2252346939,10452.4236459184,10354.84915,10342.6384191837,10568.5785496939,10395.7633786735,10059.1416182653,10260.4770121429,10669.2363071429,10593.0816879592,10540.010299898,10449.9344445918,10527.0610653061,10462.2971910204,10323.6199735714,10430.8224035714,10518.6150163265,10779.2259914286,10931.9760914286,10576.5179564286,10589.7420302041,10534.3258926531,10458.8743509184,10460.4212286735,10425.9801293878,10558.4749882653,10836.3599381633,10554.6776683674,10388.6477852041,10287.664760102,10337.043610102,10380.6790342857,10184.4135504082,10255.3427133061,10488.7257809592,10219.0424853061,10546.7123311224,10463.6031618367,10924.3446653061,11011.9007508163,10628.9352787755,10339.949140102,10752.0028127551,10136.6710742857,10364.9506128571,10430.6825328571,10593.4704639796,10416.0763213265,10425.4718426531,10509.0925704082,10407.8669834694,10485.0553630612,10481.923754898,10484.4553147959,10860.3260892857,10285.2345876531,10401.1549116327,10525.7540268163,10785.6362665306,10530.8566015306,10589.4438465306,10845.9315983673,10399.9896103878,10892.5783703878,10533.4218790816,10524.4989943878,10290.8872139796,10528.8917552184,10607.0538080755,10557.0976441837,10928.3182540816,10631.1789644898,10533.1863912245,11035.6337018367,10615.8526631633,10515.1513404082,10547.926189898,10511.3815457143,10295.5723407143,10404.0295666327,10316.002745102,10504.2222107143,10553.4775066327,10588.1792766327,10554.1196191327,10582.2442008163,10670.9911960204,10562.1364905102,10958.5911663265,10847.195090102,10419.794475898,10493.1425134694,10535.6152407143,10580.5127818367,10321.3672206122,10520.3706911224,10361.6275877551,10469.3143489796,10430.4137741837,10908.3177014286,10456.6764591837,10605.9344140816,10864.3579013265,10564.1932368367,10554.0789967347,10491.3013358163,10506.9808228571,10423.3393336735,10313.3017439796,10443.4962683673,10501.6009384694,10574.5260641122,10613.7563714286,10493.0285286735,10562.5405040816,10525.489295,10433.8992438776,10088.5500717347,10422.9299311225,10422.2671656224,10427.5540157143,10446.0046583673,10639.039925,10540.37823,10516.1525599388,10605.4064657143,10440.7794289796,10481.7136755102,10210.8554163265,10480.7457108163,10517.6024067347,10525.9837081633,10313.1181180612,10450.0164894898,10439.6221207143,10130.2714765306,10548.2071743878,10703.668739898,10640.4758013265,10552.0133718367,10468.023967449,10652.1025114286,10385.6096884694,10447.8718736735,10284.3932315306,10533.5407982653,10505.6071047959,10446.5081093878,10284.5400467347,10562.4160966327,10526.0270969388,10329.6912771429,10489.3935535714,10405.8918627551,10373.8526633265,10508.1908452041,10434.3279411225,10535.6485828571,10468.096477551,10411.8600797959,10442.3521394898,10496.0805231633,10610.8431985714,10336.340299898,10395.4251694898,10259.8050520408,10276.8832888775,10452.1999812755,10190.7262523469,10280.2506073469,10321.9287073469,10443.2501093878,10178.4642244898,10258.2875438776,10521.6152803061,10316.3931529592,10522.991829898,10512.8568107143,10059.0730408163,10615.7683258163,10518.4852161633,10544.9463987755,10451.3278843878,10426.1976594898,10600.1723306122,10889.219539898,10353.1292632653,10587.9172616327,10452.6851932653,10679.2298932653,10666.0234482653,10547.6440380612,10511.4785187755,10534.350025,10327.1681209184,10268.9514672449,10551.1607172449,10593.1703389796,10588.3556989796,10582.9443761224,10444.7317079592,10449.3532220408,10521.198802551,10583.7241615306,10586.1324243878,10479.0134793878,10535.2665409184,11136.4844417347,10405.8744278571,10304.3775278571,10028.9234378571,10510.3941690816,10372.0830868367,10357.4289233673,10372.8962310204,10808.4942534694,10529.0031084694,10449.5189353061,10357.0582769388,10399.2170844898,10858.6711306122,10483.9036045918,10438.2016229592,10521.388784898,10497.4905002041,10575.8760087755,10542.2287290816,10419.1580239796,10567.5682339796,10517.279245102,10557.1661516327,10530.0109116327,10380.8576310204,10379.7070430612,10487.4622630612,10426.3114388776,10492.0271940816,10186.3947896939,10310.2127490816,10574.0655073469,10473.7368260204,10497.0598630612,10262.4969427551,10351.960879898,10375.7659195918,10370.7346304082,10274.2298138775,10400.0708176531,10405.5934714286,10365.0359188776,10418.9760813265,10598.8170763367,10509.021527551,10505.0368069388,10563.975749898,10422.0907009184,10554.618845,10513.6550982653,10562.5124615306,10156.7698315306,10391.0132783469,10426.8392091633,10552.9002567347,10462.275665102,10321.1551215306,10576.2103252041,10314.1567738775,10417.8708352041,10299.9226916326,10275.6720244898,10516.7365273469,10353.8626846939,10396.3649234694,10396.2117169388,10438.622097551,10527.2083547959,10450.2748546939,10562.2629163265,10290.1783807143,10420.9672133673,10557.5877785918,10454.070857551,10496.3234817347,10434.9192709184,10380.0649867347,10204.5151913265,10249.5921704082,10666.3489704082,10381.5125421122,10212.4968696939,10199.4528639796,10421.3081087755,10384.04919,10459.2863070408,10440.7533094898,10512.6225309184,10845.3409196939,10586.8195218367,10522.773079898,10427.2190669388,10489.3133913878,10568.8280273469,10528.9909678571,10499.8324409184,10493.4735530612,10604.9252912245,10646.5370212245,10564.021215051,10285.3350892857,10489.7001723469,10627.9753505102,10454.4226561225,10546.0522369286,10533.5478591735,10461.7403,10540.286387551,10442.854037551,10483.756967551,10596.270409898,10437.8698687959,10561.7350697959,10447.7299814286,10456.8351591837,10473.0443237755,10486.5917228571,10309.9778628571,10212.8117714286,10211.5373420408,10380.4834392857,10367.4925736735,10574.1947083673,10348.9359958163,10340.4643078571,10368.2200243878,10372.2952778571,10370.7269790816,10463.7327957143,10797.1490671429,10847.7351571429,10228.0436221429,10483.9848410204,10640.7701126531,10471.3000282653,10662.6452217347,10641.0562543878,10512.0677165306,10393.0081667347,10241.1936438776,10303.9081471429,10543.1335618367,10500.3611445918,10370.3492320408,10675.9792109184,10492.7307097959,10402.6775659184,10370.9791390816,10365.4944040816,10389.5872722449,10459.5344941837,10377.6929905102,10360.654357551,10557.4171030612,10484.460129898,10559.7220576531,10709.0566440816,10605.7985796939,10448.6944226531,10557.8315784694,10935.2928188775,10477.2040082653,10811.178305102,10043.8844965306,10211.2210090816,10209.0834573469,10186.555692551,10277.3059418367,10441.8090989796,10438.3737004082,10427.9615376531,10319.1968183674,10253.0893255102,10402.196270102,10304.926835102,10873.0378761225,10424.1084261224,10442.2813431224,10500.867332551,10420.453613449,10545.4526390816,10529.8047860204,10459.0257391837,10467.7871173469,10426.7749236735,10403.0407120408,10237.5616441837,10219.4612923469,10122.0472417347,10261.3646066327,10146.3642129592,10303.6199688776,10471.1657165306,10548.0782831429,10453.8495181429,10458.3294412245,10586.0021762245,10592.5743196939,10406.777635,10525.38248,10073.0381302041,10278.6535708469,10181.7101765306,10388.9013257143,10545.6326626531,10733.6818062245,10443.6770612245,10419.2767408163,10303.3454082653,10297.5640877551,10487.43045,10476.908050102,10509.5192036735,10477.0147877551,10457.1694518367,10409.2990276531,10604.9814977551,10679.865587449,10496.1827611225,10592.8902339796,10530.922322449,10446.7742178571,10554.1808513265,10531.6901856122,10588.4813859184,10476.549387449,10548.6857887755,10215.692247551,10203.6138007143,10101.4590489796,10290.5042443878,10270.384594898,10335.245234898,10372.131022449,10392.966587449,10794.8173960204,10236.4893905102,10477.6366918367,10310.8763865306,10450.3134658163,10354.5156118367,10495.2736438776,10241.5648195102,10231.6899811224,10171.4561019388,10330.8274569388,10483.4385609184,10387.1275609184,10644.2905908163,10269.3947926531,10430.9000035714,10492.598525,10265.7923658163,10551.3435036837,10254.3456312245,10292.7872,10415.0390289796,10500.717292551,10422.3820422449,10382.1397554082,10364.3302907143,10560.7300531633,10475.5656359184,10492.4834759184,10344.3330509184,10578.0116696939,10627.5674255102,10467.874182551,10331.9584429592,10304.973115,10267.600735,10412.2288184694,10329.9209982653,10324.1019796939,10207.2221222449,10359.3594564286,10517.8548438776,10393.7318179592,10350.4033111225,10495.563002449,10371.7402783673,10485.6489642857,10395.6449856122,10583.5165802041,10670.8723811224,10621.6221644898,10616.6096357143,10689.9582081633,10456.9739947959,10371.6484789796,10347.46406,10248.94916,10246.2407602041,10623.9356504082,10539.7587682653,10443.5098842857,10260.3911806122,10479.8170088776,10461.420125102,10395.914310102,10423.3176269388,10486.4277137755,10367.5657158163,10432.4487708163,10469.751942551,10505.9663022449,10399.4861181633,10326.2952377551,10503.563184898,10458.0003962245,10472.3550129592,10543.3704377551,10318.1043391837,10239.3750234694,10331.4851734694,10719.6243255102,10390.8984766429,10377.0210271429,10430.7799918367,10293.7006693878,10393.6712067347,10345.5239717347,10514.1417040816,10554.6337495918,10457.9260918367,10006.420229898,10358.9422136837,10196.7150971429,10286.2830071429,10449.4976208163,10339.7008766327,10222.2294172449,10397.0796026531,10441.7680709184,10314.3943207143,10523.0989073061,10453.2032123061,10425.0918968367,10179.3628136735,10180.1284071633,10304.2576843878,10236.8028888776,10232.3036734694,10209.3099397959,10352.5305154082,10296.5682057143,10471.697114898,10322.4976883673,10375.5147693878,10948.3359970408,10359.2248811224,10386.2671753061,10586.5956528571,10642.9742388571,10526.4719077551,10520.6817885714,10207.7280834694,10372.4643813265,10445.6897818367,10608.4513964286,10514.8318729592,10320.4562977551,10238.0618033673,9982.9987139796,10366.7108391837,10215.1236791837,10166.6989006122,10232.5253487755,10257.7500914286,10272.475055102,10302.397205102,10268.2908121429,10300.392887551,10433.6961063878,10245.067245,10290.8241581939,10174.6129009184,10440.6833778571,10368.761347551,10357.2794931633,10593.7470839796,10576.6244744898,10465.835947551,10504.330727551,11120.84356,10729.5036331633,10902.8317752041,11129.7442064286,10530.7598764286,10491.9277464286,10346.3819408163,10690.0757762245,10561.0298681633,10406.858,10590.6542868061,10664.8358748163,10503.4397214286,10595.0413415306,10359.6970154898,10462.6629158571,10457.3785046939,10408.8844233673,10424.6719918367,10453.0183290816,10451.9224443878,10435.8983680612,10315.1937763265,10230.873104898,10134.1274460204,10131.3716460204,10249.6072679592,10431.2664529592,10904.4823714286,10949.3989708163,10505.2441859184,10749.6792286735,10462.2901615306,10470.2682683673,10397.7847802041,10421.0668389796,10459.2467947959,10431.2803610204,10309.8810572449,10435.4557619388,10366.4676532653,10592.0624958367,10429.9830718367,10394.7576294898,10311.2862852041,10251.4064989796,10507.8586152041,10383.2684020408,10462.4936326531,10403.2663886735,10723.6736637755,10336.9098465306,10424.1729910204,10475.7838231633,10595.9996085714,10612.9736067347,10233.5683952041,10565.1107177347,10536.9232336735,10477.0239826531,10689.1460243367,10503.2635589796,10573.1829729592,10883.7402478571,10527.658,10389.8615291837,10590.7561453061,10469.7850176633,10518.6844336735,10571.749590102,10882.6673193878,10857.8419183673,10941.9006329592,10482.883019898,10551.0228779592,10455.8722085714,10566.961722449,10419.5190663265,10461.5330440816,10562.1906218367,10473.6808742857,10521.7298052041,10468.2532429592,10416.1487733673,10477.9255004082,10475.7818046939,10502.0040315306,10399.7282504082,10435.5738584082,10477.1357097959,10335.3560146939,10370.3626262245,10154.6951237755,10141.3178689796,10451.2923339796,10484.6090956122,10460.7387452041,10317.5876603061,10825.569978,10421.6988240816,10725.0658140816,10393.8100706122,10353.075452551,10411.7142023469,10532.7144507143,10434.409350102,10507.7827020408,10312.5418134694,10645.1800581633,10594.2710062245,10236.0272663265,10091.5700505102,10327.1808490816,10475.9660718367,10482.2499553061,10212.7077382653,10331.4868476531,10396.9836276531,10270.19293,10419.0455260204,10434.1334571429,10452.8840831633,10493.6538253061,10543.2951602041,10531.3800327755,10258.6901343673,10322.2967559184,10530.8626270408,10679.3731416327,10646.7651816327,10397.3996023469,10404.5308081633,10484.4118028571,10558.7661441837,10277.1733097959,10164.3141213265,9971.00760897959,10287.3864836735,10139.9420482653,10631.1892011224,10285.9645311224,10322.5145459184,10276.8333997959,10537.7824491837,10541.0143442857,10412.5607942857,10491.775852449,10420.510569898,10396.072734898,10277.7397011837,10465.5821107143,10196.4208326531,10677.0821835714,10243.2629835714,10453.974652449,10443.5344045918,10365.9108067347,10596.3318079592,10956.1544570408,10476.7285312245,10595.0878795918,10466.0096656122,10193.0914794898,10270.1834418367,10471.0142332653,10530.9757986735,10468.8634562245,10586.1471587755,10603.4897466735,10569.9543553061,10644.2832953061,10480.4067318367,10447.3850253061,10462.4035938776,10501.4348177551,10422.8020120408,10321.7238062245,10449.7926163265,10544.0581537755,10570.6309439796,10451.3537318367,10581.4392626531,10402.1625438775,10759.0074228571,10548.9478058163,10590.3673420408,10377.2205931633,10527.4382291735,10534.6176789694,10631.8988561531,10392.9648528673,10346.825637051,10494.9717066429,10565.2687659286,10491.0494006225,10595.1930096939,10453.1671122449,10819.8385143878,10912.1587707143,10656.6405159184,10484.7442217755,10596.0198102041,10579.3436645918,10405.3557055102,10600.9065126531,10538.111907551,10134.7040632653,10093.0896707143,10125.8340946939,10294.4138017959,10502.2875204082,10472.8756760204,10530.4960791837,10366.8254135714,10437.809112449,10355.9524557143,10425.8668009184,10420.0182529592,10105.1386778571,10485.8310740816,10556.4246153061,10318.926342551,10455.5396244898,10876.3798031633,10579.7228346939,10440.5122854082,10898.9364152041,10846.4975150102,10556.257466949,10239.6155428571,9974.80200897959,10567.1936694898,10439.333220102,10504.9027781633,10236.0180341837,10333.3198341837,10315.4982986735,10433.7722240816,10432.1530290816,10388.1865290816,10518.505305,10467.6916547959,10925.9968073469,10932.7762728571,10435.72591,10471.9882176531,10396.671667449,10421.8363392959,10477.5346109184,10465.4265818367,10387.3947382653,10506.1150897959,10534.7559933469,10570.1911666327,10597.0600908163,10585.1979028571,10575.7467097959,10742.06589,10411.2814770408,10672.4353927551,10493.9357677551,10579.4575477551,10494.3326616939,10556.7612366939,10431.0151136735,10278.8340377551,10636.3836628571,10300.1158464286,10325.9218467041,10201.1645111225,10459.8713233673,10436.3165778571,10297.5252316327,10300.8743036735,10373.7800765918,10540.6777162245,10372.605357449,10114.7138855102,10273.1796893878,10271.3352183673,10249.8748233673,10245.8614111224,10207.7025707143,10373.3005346939,10496.7880653061,10421.5048653061,10607.5939546837,10474.6722143878,10462.532012449,10436.6774734694,10357.4464090816,9979.17534561225,10485.4325887755,10503.9867020306,10608.5275517245,10448.9141925408,10857.4314090714,10695.9452031531,10455.6472984694,10563.2055680612,10514.6092182653,10440.9242073469,10656.539229898,10667.391639898,10585.2201646939,10564.1945462245,10538.1049562245,10423.7376521429,10432.2158821429,10569.7984771429,10449.0519026531,10002.7122069388,10357.2293236735,10375.8015477551,10356.6921529592,10395.8585043878,10512.2778632653,10487.8617191837,10384.1916964286,10327.0126711224,10561.7055272449,10584.7524795918,10443.9045434694,10324.0540784694,10503.0453973469,10661.6012605102,10593.5979569388,10419.9578084694,10590.3387242857,10546.9797842857,10384.9945592857,10540.2529332653,10414.8243677551,10513.5087160204,11246.2225843878,10776.6017794898,10740.447367551,10444.433227551,10478.6769335714,10441.4108045918,10482.4830620408,10416.8511325,10467.6165418367,10342.7105662245,10680.2879962245,10435.1013647959,10380.8167977551,10439.4926338776,10485.8889,10676.8245030612,10538.9312317347,10853.797090102,10558.3188012245,10420.4518962245,10558.356315,10687.5397095918,10413.7848345918,10545.529562449,10268.480227449,10547.9718665306,10298.63783,10506.9672311224,10704.2682497959,9940.19223959184,10266.7112514286,10180.3342037959,10394.3365520408,10301.5713102041,10519.518150102,10374.5845339796,10554.0513439796,10547.2972945918,10521.9290989796,10494.6075060204,10455.9449570408,10299.2345720408,10500.3799069388,10478.5319841837,10429.7649473469,10193.5379916327,10443.2656466326,10246.2737256122,10377.6350694898,10263.1159503061,10287.5762279592,10540.4739408163,10540.8109510204,10466.8392090816,10391.3162840816,10470.8704306122,10546.7047719388,10496.6532688061,10230.6513703061,10473.5361146327,10465.3759239796,10440.5846913265,10425.5451854082,10476.5613622449,10465.480625,10321.4725295816,10029.2183371429,10462.8976723469,10444.8842853061,10594.5882853061,10499.3905353061,10525.5785503061,9882.36793581633,10026.3948177551,10162.0827722449,10360.0669526531,10390.7306012245,10288.256955,10339.2728828775,10253.3937758367,10109.5888785714,10403.6901315306,10078.7361530612,10196.0547530612,10343.2632820408,10375.0261470408,10471.6981028571,10318.597487551,10203.1691658163,10245.0971661735,10366.0151342959,10453.6104699082,10253.5095669388,10488.1696980612,10391.1023084694,10436.6345020408,10461.875755102,10251.0097928571,10433.4383776531,10404.2188812245,10425.1276511225,10325.6663064286,10450.4894971429,10360.3948731633,10478.8490828571,10246.9161428571,10360.1488712653,10392.7174593878,10887.0852862245,10472.0962108163,10409.8913497959,10153.6169332653,10367.7938302041,10404.9024713265,10053.3677791633,10057.2534357143,10010.2238977551,10042.3127426531,10679.5158666327,10425.9542290816,10385.1012434694,10424.1729590816,10512.8036314286,10811.9491809184,10425.1369153061,10566.5831816327,10430.4247863265,10240.1302902041,10195.8110676531,10475.4878181633,10610.4035802041,10371.7178691837,10439.5058162245,10988.6819796939,10473.2781815306,10488.1862482653,10536.3690439796,10620.726147449,10410.5072838776,10491.6191040816,10366.9733307143,10490.2386757143,10403.0249857143,10293.9855447959,10305.2739896939,10472.1863663265,10440.2955111224,10346.4636417347,10679.6138192857,10440.2399442857,10593.4551393878,10263.8844538776,10500.5978690816,10267.1174181633,10506.7032393878,10439.7541544898,10563.6137702041,10497.9667063265,10678.1719525816,10561.7231127857,10460.7374145918,10290.2383935102,10279.9315522449,10285.9998441837,10387.2950497959,10090.4505535714,10204.0829103061,10352.7534308163,10406.1590384694,10223.8015784694,10563.2804155102,10499.3747357143,10805.5169234694,10566.4221435714,10497.889777551,10571.8533289796,10485.7642317347,10481.9520867347,10315.9570787755,10186.1581573469,10284.3495771429,10426.7568979592,10191.9371717347,10583.250857449,10321.0741714286,10600.7111969388,10243.1122255102,10303.8058555102,10569.045854898,10239.4154414275,10439.1210891837,10314.2564841837,10417.2875217347,10324.4906402857,10348.4222166327,10364.4832388776,10604.2539409184,10510.2276996939,10310.6568944898,10334.5973292857,10237.2330104082,10358.9351536735,9915.34587357143,9768.18524102041,9675.58155020408,9885.12237254081,10031.8933276429,10113.6793805102,10054.5230361225,10068.2202182653,10289.0772204082,10371.8608088775,10450.8015196939,10335.1886532653,10467.4681741837,10354.4693419388,10323.1197735714,10427.7654969388,10318.8813455102,10329.9103642857,10431.3437053061,10519.7173419388,10568.9039310204,10642.7504845918,10324.4437345918,10529.7921297143,10307.4469095918,10524.1126653061,11103.5143902041,10661.3548763265,10642.8982408163,10685.5713352041,10372.9085452041,10466.9376465306,10419.1556804082,10458.9102120408,10427.2085427551,10424.1575602041,10339.5116060204,10279.6090043878,10810.1485353061,10242.3462159184,10412.741799898,10354.8021212245,10534.1700412245,10554.3375614286,10470.3291153061,10463.6535918367,10444.4501020408,10532.985632449,10589.5533667347,10372.4247229592,10788.2325652041,10328.0589652041,10273.2011923469,10308.8889765306,10228.2425418367,10309.6786668367,10223.3293073469,10683.8228723469,10280.8006914286,10594.5584122449,10482.6742044898,10577.8787018367,10458.2842958163,10335.9664104082,10471.8024846939,10851.2363631633,10358.5035714286,10339.2925846939,10335.9074403061,10419.8269885714,10471.3173229592,10617.9001006122,10595.4440457143,10391.7619571429,10299.8049371429,10519.4178787755,10613.2311545918,10492.7354256122,10593.0098856122,10387.871439398,10465.26348,10508.3442278571,10253.5784390816,10485.8358590816,10393.0709010204,10413.0314646939,10455.7997142857,10479.9774122449,10464.1695765306,10480.9322612245,10260.2019000816,10278.9213909184,10215.4106709184,10313.1093999694,10335.9646520408,10423.1895040816,10388.5638940816,10296.7856240816,10311.5432507143,10359.4052690816,10479.0761458163,10536.6245510204,10227.5124091837,10446.094902551,10351.4336277551,10525.1212154082,10468.4566726531,10389.5616593878,10517.2927020408,10465.7335871429,10497.5123006122,10772.3043007143,10496.7915490816,10471.3309418367,10381.6761153061,10395.6305739796,10479.0305332653,10508.8633626531,10414.6913626531,10516.0006036531,10270.6965376531,10290.8246193878,10300.0243244898,10354.6971540816,10417.1977295918,10252.1456891837,10296.1828297959,10334.8588193878,10424.9026981633,10583.4078059184,10357.6462709184,10395.2128957143,10236.6096067347,10340.8324288776,10251.6794067347,10468.7970615306,10378.2965990816,10560.5173493878,10253.8567328571,10244.1933012245,10277.8991112245,10273.2703387755,10328.9530063265,10350.7037052041,10477.2644708163,10440.1578993878,10536.6626793878,10497.5350793878,10499.1304128571,10472.6319328571,10424.9278852041,10641.6892852041,10474.0940758163,10672.9220164286,10492.6968899796,10419.2705654694,10820.9310866939,10479.9954078571,10696.1789460204,10816.4814760204,10378.5629414694,10557.5106765306,10560.7027365306,10525.7136965306,10543.7695265306,10598.2378653061,10888.2965985714,10551.001427551,10567.4816936735,10578.6554809184,10547.0834132653,10402.5866437755,10369.130743898,10361.13798,10325.8055490816,10495.3256845918,10613.0574415306,10396.789325102,10410.3451456122,10534.8536536735,10447.3853953878,10576.9259327551,10417.9888095918,10508.639984898,10312.0134218367,10510.3209956122,10627.2738149949,10445.4953722449,10448.8326828571,10489.7042672857,10290.011255,10636.1139212245,10792.8932456122,10508.1510406122,10488.5204206122,10435.5769740816,10352.0532889796,10321.6199184694,10266.2594512245,10346.2209231633,10282.124007449,10379.4645712245,10282.845637551,10369.071487551,10443.016042551,10643.94576,10455.3820196939,10490.664087551,10532.2784479592,10380.4528830612,10866.5290230612,10377.2446036735,10427.1872521429,10502.2845878571,10596.5719435714,10545.3538655102,10485.693290102,10546.948335102,10398.943025102,10435.531170102,10473.0903335714,10899.1040435714,10380.8484689796,10409.4900754082,10384.9723359184,10468.3297687755,10582.9244183673,10441.7976022449,10353.6950938775
976,10751.90795,10671.49881,10597.77005,11055.85912,10773.012315,10591.9638,11103.000805,11036.670745,10832.168245,10674.51872,10657.662486,10611.194145,10542.421665,10569.767015,10531.67555,10668.812925,10627.865765,10652.56923,10660.75279,10712.4843925,10611.97763,10558.5725,10668.16243,10705.07746,10562.530895,10684.330005,10627.16783,10548.30565,10705.028916,10703.061215,10695.54865,10569.2920345,10711.011475,10569.281895,11093.473345,10668.068125,10510.158675,10811.70975,10632.15573,10718.171215,10804.11807,11125.04267,10793.62777,10598.82105,10457.456555,10665.23563,10747.2022,10728.630995,10715.9235,10678.321729,10795.74992,11179.87365,11096.39472,10599.34179,11120.86365,10600.54825,10780.98343,10739.48872,10758.18393,10656.795946,10614.3735,10717.07837,10655.07374,10812.17115,10652.56714,10787.08743,10754.50962,10527.745565,10843.212075,10730.16323,10728.390455,10555.7872915,10493.637015,10693.049425,10698.708935,10772.17373,10653.67711,10562.376915,10699.156885,10522.95396,10607.17312,10977.63483,11112.6718805,10605.6514655,10608.36917,10787.87615,11077.03729,10629.007445,10566.330995,10808.46777,10600.07515,10677.90272,10784.988,10832.468136,10549.19629,10570.4942,10608.7396,10618.1508,10623.838485,10666.4915,10722.309825,10664.026945,10683.112625,10709.0899,10720.43867,10731.196155,10754.126915,10678.00594,10609.56239,10769.356675,10668.38294,10758.91659,10762.08657,10714.46739,10691.568495,10899.67598,10679.07182,10629.13635,10696.382685,10731.729805,10589.78497,11119.110925,10631.406535,11121.625995,10715.3056,10681.71562,10577.30574,10749.44822,10854.07866,10602.0286,10700.24251,10846.66732,10758.27845,10697.68852,10782.642835,10726.18409,10688.1314922,10584.714821,10642.55837,10512.906395,10515.11957,10638.4996355,10580.60705,10646.204,10552.27947,10628.23633,10558.50632,11276.95233,10608.50799,10422.90198,11033.30895,10701.523678,10791.70081,10694.80605,10732.290135,10618.462985,10683.86589,10790.36412,10670.073355,10895.218485,10590.5978,11049.119075,10969.912965,10680.606735,10578.038135,10648.80142,10586.436633,10714.96105,10646.18895,10563.551934,10514.115495,10586.27155,10709.540055,10645.75331,10641.511765,10607.058195,10644.70363,10533.33306,10663.016585,10709.523295,10660.40762,10658.727195,10643.538935,10809.945875,10550.09773,10640.75825,10561.040095,11105.916049,10613.423745,10717.75707,10702.994755,10657.745095,10709.91218,10607.3799,10613.7505315,10633.676575,10574.49934,10594.839293,10599.895505,10663.17457,10555.781585,10628.05218,10566.287405,10744.90707,11060.330585,10873.442685,10726.6541,10608.34905,10651.40206,10594.99255,10483.09319,10773.42095,10682.39455,10846.499915,10473.56168,10618.758755,10587.362385,10654.518535,10753.590535,10602.965635,10633.73901,10532.15189,10607.60461,10584.6852,11077.5981,10462.6302815,10722.8799465,10744.0868365,10587.312045,10592.45305,10589.834,10555.001525,10750.244625,11030.95,10625.168685,10679.231,10690.91098,10640.16051,10622.707235,10595.47144,10675.02643,10682.24204,10518.077568,10730.275013,10685.448695,10669.44007,10721.206465,10790.1966665,10762.25147,10742.298565,11092.32685,10615.51355,10697.63605,10690.24484,10744.2635,10714.65084,10757.2843,10679.54933,10735.00595,10703.978745,10668.841785,10743.437595,10670.46088,10759.1286125,10567.646485,10836.10579,10652.724365,10636.131085,10698.609195,10604.991315,10658.456305,10580.3622335,10746.85404,11075.52378,11114.121705,10623.210005,10674.6812,10696.93557,10725.687045,10604.59684,10627.47344,10634.48868,10655.990419,10701.397575,10725.66898,10706.940025,10825.47461,10592.54819,10826.91031,11118.9973,10683.44006,10705.425145,10701.11315,11077.46204,10858.42651,10994.554605,10573.3341065,11219.95332,10620.6857,10741.77081,10599.98482,10614.45107,10690.85441,10781.0396,10591.864265,10634.059345,10742.639245,10985.50107,10639.394625,10718.713235,10632.077255,10729.81753,10773.02293,10636.9331,10612.540585,10686.624215,10508.566775,10643.33714,10588.168785,10707.5274,10820.97479,10502.12065,10690.76345,10601.8252,10709.726,10742.33764,10691.64842,10699.858095,10706.07716,10652.020675,10664.9772435,10638.12217,10729.325005,10631.11355,11194.875655,10754.937065,10814.847775,10559.127535,10645.09099,10717.268425,10730.14165,11150.386875,10599.118285,10571.06228,10726.85573,10597.54275,10687.937815,10595.26076,10601.46609,10520.879925,10552.677105,10729.567815,10795.24344,10766.102255,10668.093375,10721.02451,10540.78842,10624.51637,10645.142335,10918.30605,11103.85169,10899.734495,10674.56502,10624.43111,10548.29259,10755.20785,10581.238895,10719.2961,10706.792825,10641.08613,10673.79774,10683.284405,10704.237915,10787.007165,10749.63974,10602.631895,10560.82569,10613.32344,10678.85821,10742.617,10688.2679,11121.74915,10710.9787,11113.921935,11090.18987,10561.45664,10586.355735,10589.59084,10657.555405,11075.39561,10716.247355,10500.387535,10709.9738,10687.54554,10530.192045,10547.55009,10677.97498,10713.340675,10649.64089,10602.655725,10648.020185,10740.14205,10598.363345,10606.09058,10677.04387,11058.95613,10676.010855,10955.73907,10639.480055,10787.365585,10578.62609775,11140.532505,11095.11059,10589.30319,10652.709005,10633.49207,10593.62748,10566.889795,10745.303519,10669.733745,10457.35255,10602.64878,10611.18542,10409.8498,10816.151765,10667.10755,10739.331735,10612.433735,10683.54795,10631.871615,10300.492083,10971.683185,10729.64949,10746.39493,10558.54626,11013.8335,10565.8921,10714.0277,10607.700605,10616.335525,10763.697,10716.850625,10689.084995,10919.83065,10606.9104,10685.423875,11080.9234235,10613.39859,10578.256985,11072.28245,10528.718505,10710.9893,10606.86013,10587.003755,10716.44023,10610.3306,10636.662395,10622.308195,10683.48168,10712.30068,10698.65314,10700.762025,10781.21319495,10482.816375,10816.25255,10687.4903,10699.85921,11101.793045,10665.08947,10559.84358,10819.3071,10724.30603,10669.9731695,10659.079345,10789.3953,10648.05065,11046.406555,10706.943832,10763.444705,11054.89165,10788.647625,10762.24408,10574.8282,10685.078365,10693.595035,10619.67199,10619.91687,10749.83504,10570.23663,10676.4422,10677.497246,10728.516835,10586.394,10615.57413,10715.16745,10737.137815,10767.871585,10635.317576,10707.787625,10652.569525,10760.69202,10711.31865,10547.509345,10666.924785,10650.702035,10421.55148,10705.32341,10655.254755,10618.10245,10350.06684,10508.651025,10743.3188215,10696.236555,10716.747555,10765.02005,10558.473935,11102.297855,11035.385455,10631.63271,10719.3284695,10650.4747845,10511.9243855,10516.558875,10686.74595,10722.107155,10707.868905,11075.122295,11164.266575,10794.449575,11020.200271,10734.60217,10677.317315,10731.59563,10701.46007,10882.281705,10519.31437,10653.1785825,10550.518205,10674.23315,10686.359605,10627.23032,10563.98948,11099.52342,10616.8653,10684.5474,10686.2468,10663.58403,10706.34445,10718.530265,10676.303045,10581.1941505,10758.35468,10659.27527,10641.0944225,10654.023785,10651.140345,10645.479439,10674.035895,10613.154775,10662.973695,10603.62015,10703.4366,10693.4815,10657.296545,10672.880335,10731.6278,10598.94205,10749.89336,10639.64418,10767.17388,10779.812905,10630.22279,10597.45133,10697.97564,10637.83096,10636.94075,10641.438285,10704.718695,10757.352355,10583.20522,10705.67656935,10765.788733,10668.94825,10542.29232,10712.99955,10654.163085,10579.26415,11116.90244,10702.845115,10789.76678,10677.71105,10557.04096,10694.72274,10792.6971,10845.72894,10798.242605,10927.011075,10774.37172,10485.5137,10526.975225,10646.688674,10611.37844,10602.64257,10619.30596,10631.847695,10818.324145,10789.51915,10656.016435,10607.39673,10790.7703115,10718.54434,10816.0885,10700.10145,10762.90467,10650.515235,10625.06491,10633.64119,11143.382765,10726.578145,10746.27238,11021.84362,10508.352315,10648.94157,10781.18871,10702.91245,10779.7257945,10720.049495,10660.895405,10793.40505,10739.01565,10705.95417,10704.822725,10645.6234355,10563.3048,10759.20562,10781.87567,10783.757255,10915.32511,10596.609255,10626.65422,10638.21356,10662.657805,10641.168355,10682.427655,10877.900975,10655.20575,10432.80406,10771.255655,10681.1377,10663.958985,10833.3948,10754.039925,10707.644635,10729.388475,10665.36844,10781.23854,10788.300865,10624.600785,10711.417,10618.0626,10668.66919,10658.02625,10639.453275,10582.27841,10821.5253785,10897.226275,11162.362275,10609.797957,10706.551117,10704.55075,10635.37366,11086.56761,11035.15563,10634.388625,10695.29316,10785.22817,10688.76997,10791.87107,10575.783125,10528.39023,10570.143279,10645.22194,10795.832055,10661.27545,10648.052725,10592.94498,10647.11863,10690.780534,10756.103655,10561.011415,10726.343365,10705.348825,10742.25005,10599.10411,10695.324295,10699.15517,10513.789715,10629.733185,10815.44715,10665.8146,10827.977045,11105.386505,10631.620995,10746.40451,10664.26757,11017.06285,10710.38264,10418.726445,10723.65281,10817.205555,10563.91889,10622.39722,10637.332595,10620.792095,10636.576575,11070.13998,10658.09693,10714.44428,10716.431235,10526.799295,10509.62419,10714.998245,10607.024945,10684.57768,10679.315645,10787.8063,10686.946305,10591.59651,10632.394385,11042.490145,10647.14558,11032.82775,10695.099445,10652.70375,10721.29454,10846.68079,10913.24649,10711.76617,10809.85114,10720.61617,10799.74363,10622.763845,10776.41875,10639.19433,10705.29382,10804.84626,10641.0792,10627.03042,10699.56914,10549.744745,11062.842375,10694.12228,10686.1021,10718.034,10703.3414,10699.528095,10583.37525,11038.83681,11221.682186,10779.32576,11070.942955,10953.165085,10735.88134,10532.33041,10543.17433,10690.533095,10743.064245,10565.43352,10693.50374,10643.1712,10760.266375,10566.41156,10781.752315,10792.585725,10752.93461,10470.859694,10750.973934,10720.23807,10710.52983,10665.83897,10662.30308,10779.81393,10680.276305,10573.93753,10643.9968,10692.71465,10567.459605,10650.38806,10634.39575,10661.25055,10633.388205,10699.67241,10630.391745,10649.710895,10664.716505,10635.08172,10688.701385,10661.756075,10699.99055,10805.150275,10585.45644,10564.721115,10748.8395,10683.10686,10574.926675,10548.090745,10591.397025,10702.24755,11085.995625,10698.038345,10383.712375,10654.42381,10566.69698,10764.69737,10495.397305,10669.623165,10690.33065,10587.589175,10640.042175,10705.539625,11092.770035,10670.933235,10718.03825,10621.193685,10570.02714,10715.4535,10619.45275,10536.4114215,10672.694905,10460.21654,10564.65134,11039.749065,10776.735125,10677.639255,10636.90656,10701.158535,10673.092134,10505.275815,10772.530978,10686.460913,10609.906088,10665.69416,10576.977865,10621.17783,10741.9063,10649.72717,10698.97268,10787.38974,10647.595915,10779.87501,11015.315835,10379.85224,10744.1645485,10640.89105,10568.089755,10946.735415,10636.126215,10671.8228,10711.1111,10739.2477,10682.2840525,10675.35235,10674.626145,10775.620905,10532.53451,10706.94915,11039.03443,10682.67613,10779.018605,10726.271195,10643.272265,10815.96679,10702.047195,10609.18998,10676.978585,10687.883405,11085.86945,10646.402985,10728.06805,10601.169825,10832.53064,11102.01415,11265.807415,10648.390448,10720.819283,10736.50543,10816.7153,10759.977395,10732.521538,10631.688145,10625.659455,10622.47249,10711.64978,11214.768,10832.28048,10739.2686,10804.260585,10756.85812,10672.842125,10646.485195,10695.971245,10674.38756,11092.92915,11149.639965,10677.908365,10634.97315,10689.06039,10570.719145,10641.39368,10617.26687,10686.525845,10595.60804,10587.99336,10667.16658,10727.841675,10414.6067,10698.666275,10696.936965,10662.580575,10640.998365,10935.09025,10318.301935,10643.5748,10665.94946,10476.614035,10639.453625,10714.70922,10568.45625,10586.135495,10564.867785,10687.426285,10613.217705,10836.34844,10463.07887,10692.62055,10810.42325,10611.296255,10820.696105,10631.91311,10635.17315,10657.81735,10609.32349,10682.86702,10671.160155,10815.0463,10694.404005,10781.462295,10573.40305,10693.453425,10706.579945,10676.97469,10627.46372,10536.296595,10623.64527,10596.05862,10484.28518,10633.189345,10665.28848,10610.79805,10485.458415,10692.504885,10667.646365,10799.42144,10730.60229,10659.710705,10543.958765,11051.202155,10715.783125,10671.58988,10557.573265,10654.389875,10561.064864,10667.63641,10702.776285,10643.104355,10545.005205,10663.181995,10680.593345,10661.962745,10538.0686,10702.858885,11384.133118,10811.853535,10718.11219,10795.88044,10695.768885,11140.506545,10641.58363,10696.671445,11091.88693,10641.62423,10612.05203,10711.65105,10714.398705,10798.659375,10690.14864,10551.12751,10697.891825,10901.559335,10489.57254,10736.23727,10815.407295,10767.652,10680.22494,10700.508225,10721.7264,10662.460965,10691.928475,10772.44199,10714.757175,10761.137785,10586.570165,10578.541595,10684.108365,10612.35039,10705.887726,10672.007532,10664.621291,10678.699601,10747.385401,10758.260756,10682.996436,10667.38136,10716.411705,10600.20513,10695.701425,10674.327985,10664.85585,10641.532465,10654.12952,10584.857453,10599.2076405,10688.5880455,10574.46341,10722.960995,10603.534635,10779.42589,10744.725415,10626.213005,11191.679205,11147.054505,10966.956155,10970.570225,10594.047095,10693.054415,10841.68001,10827.9244,11130.6265,10599.99385,10629.329765,10655.70972,10745.692735,10764.869265,10682.6734255,10589.640825,10535.009865,10605.92296,10679.163365,11147.40102,10670.683715,10658.1988,10758.23266,10386.3709955,10596.955954,11074.16278,10655.138572,10596.33409,10735.35225,10646.24228,10625.256915,10773.35113,10766.62552,10501.01915,10666.620615,10862.673185,10712.049525,10751.52686,10713.79443,10734.121,10631.79512,10736.946365,10581.59092,10646.86146,10692.343465,10679.5416,10605.15587,10617.29226,10547.315425,10607.82751,10719.698655,10686.713825,10612.65964,10623.078505,10660.138785,10610.468145,10655.459035,10576.203955,10678.392005,10735.733575,10698.18327,10596.9777,10759.56535,10731.491455,10676.860735,10646.762615,11015.17333,10748.77178,10711.105875,10746.87865,10743.0773,10785.850964,10725.0493,10596.895105,10680.311635,10704.007975,11138.446275,10606.73596,10681.37189,10609.12994,10774.293795,10738.8141605,10707.712635,10659.20847,10635.390515,10584.693045,10620.976465,10578.958295,10727.424335,10864.60916,10717.01617,10940.05211,10670.34922,10600.845205,10722.161655,10682.489605,10499.17255,10635.01767,10759.072355,10689.425025,10685.553035,10723.2271,10618.309708,10916.114235,10787.90474,10725.91135,10523.25093,10724.715175,10690.951735,10672.52317,10625.6643,10605.441945,10692.018405,10572.32342,10683.984435,10835.70745,10645.481715,10823.27791,10700.23814,10642.52412,10486.735575,10846.848585,10626.88286,10473.116465,10695.648895,10685.41925,10535.77958,10678.698655,10729.890325,10621.391495,10626.541895,10726.804875,10781.942265,10595.868195,10605.308485,10590.048495,10558.009805,10649.410325,10735.492565,10549.608565,11118.8023,10701.41545,10747.1569,10705.95663,10546.26429,11076.434865,10710.719495,10360.042445,10650.139775,10589.64372,10713.348915,10643.44851,10661.6584,10564.0254,10636.0503,10684.61508,10582.8684,10580.17027,11083.415745,10708.036365,10694.15718,10611.81071,10636.635985,10545.815285,11049.400465,10598.30842,10460.91522,10724.437505,11017.756005,10379.74205,10504.944595,10692.302615,10695.93475,10635.1245,10613.626945,10647.1928925,10664.990175,10694.73329,10663.737385,10705.12746,10684.56723,10528.71235,10529.589575,10747.29822,10800.82975,10691.47064,10670.199505,10675.695295,10763.45329,10691.0339435,10668.581465,10621.15607,10704.75584,10590.931395,10543.45808,10399.006925,10671.99765,10659.110875,10598.213415,10653.44311,10669.6314,10474.67955,10690.99215,10658.04734,11054.728755,10700.7237725,10650.4378,10682.0448,10680.805335,10605.6979,10728.129865,10515.940375,10600.858448,10667.28341,10650.321175,10685.33041,10731.363165,10687.88068,10663.989125,10764.55545,10672.280544,10680.666894,10450.512725,10598.66249,10659.56439,10695.696885,11125.24477,10609.76798,10550.094205,10364.115615,11125.018995,10790.578995,10628.407685,10647.739195,10648.909477,10659.975115,10634.690925,10562.651845,10762.07883,10567.016005,10662.81315,10696.598115,10697.792731,10760.54005,10696.63153,10687.66689,10692.7123,10643.47781,10710.08111,10666.18959,10553.05251,10704.840195,10706.52181,10826.566995,10929.639605,10769.599905,10745.597175,10745.01957,11015.90985,10642.241627,10809.043625,10771.5877,10700.159105,10589.93479,10792.76793,10565.77875,10646.437505,10654.518305,10553.985565,10566.22515,10572.15904,10619.278035,10735.219505,10536.94138,10784.576185,10637.032605,10584.613615,10657.84365,10571.183345,10591.21797,10710.661525,10701.129775,10627.305125,10599.31501,10654.443495,10593.42551,10699.265895,10656.212875,10896.16679,10676.24893,10504.870514,10747.908745,10776.080125,10680.864655,10857.93853,10886.9323,10837.457555,10708.847635,10700.719995,10592.681985,10677.749695,10618.79665,10517.24415,10705.50545,10637.2205,10822.3659,10700.713015,10527.56325,10693.0537,10696.92798,10574.232635,10466.359275,10588.45384,10655.033835,10759.327045,10686.33448,10679.562495,10762.029715,10768.086995,10882.541225,10767.192855,10928.26655,10760.04312,10798.4431,10777.34122,10743.446465,10631.57909,10685.78661,10718.0927,10603.30485,10622.90233,10711.540635,10917.5644,10538.45074,10655.7528,10603.59887,10764.350845,10591.841895,10464.582165,10787.467715,10588.160055,10492.809195,10685.074195,10748.38798,10684.423955,10680.179835,10653.76226,10585.56217,10670.576555,10659.8566,10661.37731,10613.498945,10332.493072,10524.02029,10610.30252,10616.46732,10570.24168,10589.5370675,10595.553135,10564.89566,10589.719175,10432.19855,10613.16688,10668.22453,10620.54191,10558.61106,10569.50234,10723.2062,10730.027365,10743.19026,10694.13593,10602.49483,10716.0391,10759.702645,10611.285755,10577.92006,10711.13359,10763.22743,10664.13716,10739.533815,10569.590095,10658.352445,10745.1499455,10597.4880755,10554.4328,10774.759885,11087.03443,10614.78536,10472.13321,10694.631485,10635.6849,10678.16118,10678.459555,10336.762167,10582.4378387,10638.884185,10665.01861,10757.707815,10702.11121,10714.248535,10614.13902,10538.94898,11080.84751,10628.693165,10571.766435,10697.31205,10675.449725,10748.153035,10531.333995,10714.746525,10602.362645,10668.97838,10763.07941,10628.123715,10745.5729,10570.09263,10584.506295,10617.98339,10675.50532,10685.28965,10634.537075,10926.532175,10655.59293,10790.46718,10606.695071,10603.587925,10638.270125,10667.188085,10648.57312,10562.48055,10701.820955,10715.08379,10675.40147,10691.665145,10618.95458,10542.1621,10748.67887,10745.03475,10636.86156,10607.01887,10879.095125,10933.730155,10551.802861,10667.590435,10586.328685,10766.62733,10768.2492435,10723.8903285,10607.7695585,10783.85663,10713.733436,10804.727565,10749.39928,10592.9906,10644.8309,10627.33028,10758.66209,10579.8088,10653.627985,10634.082385,10659.816345,10547.42124,10618.953,10632.561575,10703.0872965,10559.83595,10733.08457,10610.404015,10763.45431,10674.026605,10589.02823,10834.342675,10869.895325,10583.0399,10585.54702,10784.96236,10720.17321,10544.577,10788.50653,10625.2712,10646.591005,10627.04415,10671.266655,10621.58221,10850.17967,10752.780539,10668.793785,10678.06483,10720.432591,10974.60662,10639.815135,10700.24472,10668.67828,10748.75156,10847.82394,10618.46354,10831.30938,10684.67367,10683.190678,10653.64828,10763.14972,10645.169249,11124.590235,10766.23709,10668.810835,10697.28145,10679.16955,10801.60455,10770.7435,10694.45695,10553.92238,10756.13502,10561.438675,10645.56708,10657.03033,10987.254505,10745.04471,10675.594145,10801.69494,10627.160925,10570.185245,10705.855,10695.252065,10641.008585,11138.597145,10665.188055,10999.57542,10646.332645,10828.059445,10749.96433,10814.914935,10593.76359,10727.26852,10790.094045,10684.92127,10914.971557,10663.30645,10783.929965,11087.089335,10774.55118,10645.50761,10468.18528,10635.943295,11067.25788,10658.812568,10614.084853,10645.60431,10677.73406,10557.99504,10577.7494,10735.02755,10770.900405,10807.3558395,10620.226145,10781.4573,10665.563005,10822.161805,10623.64845,10640.704435,10618.1377935,10624.19432,10675.896635,10474.3328,10609.461855,10772.15542,10727.37517,10574.320395,10670.62139,10674.128865,10671.9062,10781.522895,10677.06339,10562.6174495,10603.6646565,10705.2514215,10716.3672065,10625.3614715,11036.008595,10894.90434,10638.60484,10769.58696,10509.87264,10763.136945,10736.32011,10672.560965,10666.9806265,10746.7686315,11012.51655,10765.08181,10531.28141,10782.12165,10670.913605,10646.37643,10777.1274,10498.677955,10539.487595,10687.471075,10586.4953,10658.5851,11190.17091,11076.364785,10703.711875,10693.101705,10467.527495,10972.464845,10757.918413,10578.86841,10645.951817,10564.251667,10614.671805,10731.093425,10724.190525,10609.9331,10597.55174,10840.117055,10611.903255,11097.51393,10972.583175,10622.99025,10779.263675,10581.500365,10729.83764,10565.30794,10721.692785,10686.668725,10855.917685,10961.11639,10636.27915,10588.31844,10468.51252,10439.089495,10681.513695,10613.91443,10514.8451,10580.08509,10753.76302,11085.44305,10664.414288,10746.17288,10711.55125,10702.7307,10708.427725,10599.4536,10592.261725,10618.822235,10578.04218,10562.02214,10704.11343,10716.122035,10670.557783,10648.278418,11066.519153,10747.52307,11059.104185,10684.932949,10649.80441,10613.64208,10741.37045,10702.425905,10467.78749,10778.93778,10716.50365,10602.19081,10680.310435,10685.428635,10731.718895,10556.303235,10610.8644,10649.548715,10696.629185,10633.1034645,10546.04693,10617.41662,10657.0207,10635.365515,10646.80772,10679.39722,10443.53615,10697.42026,10661.29492,10756.614575,10660.076101,10736.359395,10724.5316,10624.821805,10698.19307,10709.47901,10677.7149,10668.4819,10732.30915,10741.19173,10939.9177575,10600.343035,10669.2986,10521.24212,10523.942845,10804.716435,11109.924735,10808.345075,10741.32423,11101.20509,10569.21915,10620.378325,10696.123585,10590.300475,10694.0599075,10613.81246,10727.21603,10637.92373,10657.056985,10562.14055,10721.31911,10791.85405,10555.55121,10658.294795,11100.108742,10581.904455,10703.18285,10646.99825,11152.105115,10637.439375,10701.9753035,10693.0719935,11154.376885,10729.689132,10795.209165,10553.21654,10638.07721,11053.879305,11108.900865,10690.479315,10818.802214,10886.519075,10721.39369,11301.47964,10662.856735,10711.18021,10679.527164,10762.573485,10638.346975,10743.972905,10522.847065,11099.793805,10836.10184,10718.87385,10611.88189,10767.11796,10476.43102,10746.717066,10889.051701,10820.103095,10494.18516,10656.05353,10714.02918,10889.70162,10619.7763,10652.811925,10743.081975,10554.394395,10605.119975,10641.91289,10590.98809,10630.946375,10818.29808,10849.7438295,10809.644215,10698.890915,10750.04218,10568.239505,10657.865085,10698.113035,10770.37929,10670.227865,10769.9377,10688.15102,10613.09395,10632.23884,10645.42965,10843.2425,10775.69413,10800.08174,10656.868105,10616.779525,10713.93621,10627.31275,10705.95425,10695.793425,10750.901775,10677.036515,11015.57778,10714.902865,10699.721805,10638.313485,10640.466395,10811.400292,10599.303265,10604.22552,10641.81119,10696.631065,10597.446305,10634.343595,10569.237275,10660.45359,10650.074025,10563.559805,10542.544755,11099.343905,10936.8332,10681.234005,10732.994435,10400.988823,10566.86329,10704.102035,10600.064635,10596.374155,10709.91861,10677.157335,10698.20545,10582.62141,10551.98142,11047.54395,10690.4089,10671.18357,11026.635635,10721.128395,10750.038675,10581.73019,10758.96295,10655.23343,10542.443515,10654.4895,10553.10992,10685.80226,10568.795145,10591.372485,10656.351765,10950.70878,10624.04082,10599.487416,10518.17466,10593.423075,10600.99596,11048.25104,10470.93533,10614.229805,11136.085365,10698.85558,10616.65031,10767.95201,10680.625155,10693.54337,10648.321735,10497.16911,10762.838405,10722.752485,10578.949465,10794.851035,10659.987445,10711.238515,10676.971085,10740.86761,10557.35453,10861.77121,10560.23831,10554.17525,10558.528364,10716.986615,10741.184195,10672.110455,10761.317795,10780.9163815,10622.82662,11063.26074,10622.35305,10654.4145,10785.51791,10611.668925,10637.7293,10692.48312,10745.489915,10863.6521,10716.972125,10728.41921,10713.29067,10641.8979,11114.398905,10582.2469,11040.45334,11077.68544,10596.5694,10581.57084,10694.232275,10682.330525,10603.811195,10451.2388,10705.338405,10787.176325,10831.071745,10627.643654,10796.64259,10749.580917,10509.18689,10680.66508,10592.530745,10844.87951,10798.31786,10720.38032,10563.679615,10654.797925,10569.5840855,10623.359835,10616.398905,10708.1994055,10724.624035,10554.314035,10732.79412,10653.01341,10616.50719,10651.804,10688.02325,10725.63875,10780.45719,10563.869505,10740.991825,11118.122635,10678.8855,10758.58347,10698.193185,10636.455735,10676.768395,10722.2021,10724.73099,10567.50974,10674.3062,10728.701635,10775.894295,10491.715615,10671.331825,10753.10512,10599.20678,10626.69492,10663.717605,10682.03731,10631.05856,10664.95731,10654.59243,10650.582235,10686.086275,10727.880505,10422.41004,10697.96145,10670.128265,10452.45182,10703.9168,10755.25541,10484.777245,10604.692425,10738.42095,10655.19572,10782.6157,10688.9135,11063.772545,11199.157345,10722.0695,10828.71895,10742.7016,10625.94725,10755.52889,10698.8786475,10995.9445475,10724.1471975,10506.77441,10508.82356,10632.6918435,10711.6335,10584.41782,10678.64637,10617.86229,10698.940265,10771.22754,10725.286005,10653.8717,10564.801265,10511.93131,10557.042345,10676.9621,10686.91671,10742.11461,10727.408455,10608.061465,10545.730195,10681.21246,10639.57504,10659.44,10714.851235,10628.881735,10635.066675,10562.0273,10760.78921,10814.099705,10602.51331,10770.3789475,10678.9711,10398.19955,10681.79896,10829.47154,10713.39827,10801.97697,10529.60397,10870.02218,10657.41257,10652.453635,10903.1354025,11001.895915,10482.680455,10975.6127455,10612.5735255,10756.53116,10616.788995,10896.701565,10610.3565,10690.7038,10667.273155,10634.75941,10744.251975,10719.94634,10683.47467,10728.4523,10582.13365,10777.950815,10638.67657,10716.1505135,10547.840385,10656.276445,10695.753535,10734.394083,10675.04421,10745.8307,10930.97719,10603.58129,10592.973935,10690.34988,10599.98793,10667.06305,10602.400165,10623.61769,10753.6031,10659.478195,10760.78367,10705.847415,10819.245265,10790.072015,10696.33355,10749.26448,10532.251915,10589.08566,10612.990895,10720.47998,10678.721675,10577.869905,11036.343285,10816.1555,10651.49679,10766.48336,10678.4374,11153.489365,10807.615375,10550.186215,10821.04029,10602.92824,10624.539155,10715.805565,10752.661015,10589.78397,10677.477465,10676.66157,10554.7585075,10646.5843975,11041.972135,10629.9659,10603.25329,11083.83645,10740.356235,10635.2533,10412.5537,10646.94494,10595.86182,10574.18798,10662.33863,10692.34769,10562.888215,10688.91532,10663.30854,10890.93287,10627.269335,10615.554705,10817.675835,11057.47936,10871.83581,10809.155735,10875.47913,10684.9704,10400.017855,10789.14675,10709.089515,10989.292985,10786.297025,10590.509555,10686.3708695,10654.722255,10775.064695,10659.312555,10607.67413,10602.00407,10723.484685,10782.61063,10629.932395,10618.30641,10584.887205,10680.881685,10643.84237,10740.52087,10713.401075,10785.77289,10723.5195,10582.57791,10719.35381,10550.473145,10570.65623,10632.83615,10641.817555,10574.9254,10572.46943,10604.303615,10629.856985,10839.144915,10719.734165,10660.338955,10688.35899,10600.47655,10651.389405,10679.318325,10733.24158,10508.56176,10758.34028,10785.824785,10748.72352,10563.911895,10628.89443,10637.219275,11086.21631,10663.04345,10498.67465,10637.63385,10652.78127,10483.794873,10646.93547,10545.03596,10563.7393,10617.634875,11006.357225,10546.62827,10734.734265,11055.40375,10725.8264,10592.77844,10632.2395,10630.86328,10776.828,10652.59803,10744.997115,10683.642,10503.899295,10729.644373,10730.290815,10638.058723,10644.449375,10650.921,10708.720275,10741.02339,10634.026455,10700.43725,10702.337855,10546.871015,10621.343885,10535.607815,10543.37104,10651.4245,11206.568615,10674.614315,10717.121235,11126.610235,10803.42615,10667.54966,10581.91213,10595.378995,10470.81196,10572.60328,10686.955525,10655.920685,10667.165395,10478.47113,10664.475845,10697.691305,10687.484215,10716.368956,10634.141345,10596.63394,10691.158085,10674.86143,10726.91232,10752.760995,10602.51584,10729.610123,10966.7483,10715.941405,10498.78166,10618.99466,10601.755905,10728.66871,10681.06256,10572.591035,10655.20125,10621.59095,10679.21735,10633.36028,10660.9372,10614.77841,10691.346746,10678.820265,10567.736515,10677.877665,10682.5234625,10612.784535,10669.17805,10675.8189,10656.25876,10553.93103,10594.78485,10844.91921,10781.06338,10585.108245,10649.961,10610.8943,10663.244535,11157.045895,10591.43029,10678.7535615,10615.03264,10592.08892,10762.38033,10681.88558,10613.24133,11239.03446,10724.66941,10666.3047,10619.642108,10700.79289,10790.065908,10440.31395,10810.4632,10608.03751,10607.6794625,10630.47204,10557.744925,10612.29425,11065.684185,10627.99952,10632.528255,10577.15928,10723.948345,10472.277195,10510.709285,10735.717535,10515.803735,10542.34932,10744.530665,10563.491695,10766.61073,10547.08251,10721.76067,10581.902045,10622.999545,10622.10493,10516.28173,10616.10315,10698.92605,10633.13742,10693.3838,10625.57249,10597.38075,11073.263855,10679.87441,11038.19981,11072.56681,10760.346685,10697.99984,10766.647365,10723.76327,10638.944143,10706.313635,10656.6918,10719.944895,10659.772905,10693.931255,10630.63189,10753.321565,10581.71412,10677.41403,10748.15871,10885.11431,10620.38299,10611.79112,11088.158985,10728.09086,10622.377155,10590.932485,10638.481085,10780.45644,10808.7406,10545.58531,10715.93107,10662.77286,10650.64401,10565.98732,10678.91093,10621.51247,10707.44472,10630.2917,10800.56026,10642.531215,10605.85401,10564.098225,10555.7573,10678.89899,10710.170285,10595.99489,10775.0693,10753.89541,10627.18831,10658.31454,10619.8562,10597.90073,10638.132225,10663.885535,10822.835025,10840.472255,10734.111865,10816.047905,10840.66607,10601.78897,10700.908595,10694.70529,10594.115615,10570.42833,10676.020165,10630.387245,10601.903245,10508.27592,10703.781505,10646.4606,10502.97015,11092.9245,11010.99255,10632.666315,10567.269515,10691.92106,10697.528225,10571.304615,11006.833915,10668.1943,10562.911665,10585.85053,10764.40596,10544.603615,10704.45137,10535.668625,11019.433235,11080.167654,10626.46305,10676.386595,10593.62036,10723.50716,10646.25408,10745.62175,10678.637595,10508.699505,11123.10179,10714.010728,10692.245695,10706.084875,10743.033105,10649.8994,10572.9333,10660.222385,10438.511165,10968.08816,11023.206325,10486.39493,10585.9337,10762.67685,10484.9163,10743.85543,10739.728275,10615.4497,10654.270585,10790.4585985,10623.9484,10726.03057,10775.26105,10735.30786,10820.89434,10597.13553,10949.66355,10765.219415,10660.05023,10733.736965,10772.315065,10692.25828,10665.33037,10657.5093,10688.33059,10752.11109,10580.07998,10835.39388,10594.295545,10680.181045,10628.522,10821.3335645,10684.337121,10681.8263,10610.09256,10434.50054,10583.12465,10790.5921,10656.52559,10714.688625,10677.94256,10648.026395,10683.7318,10687.987605,10582.46448,11031.21755,11126.396115,10825.74843,10729.41382,10573.853395,10719.264915,10701.744975,10554.75699,10589.31208,10597.32652,10805.962,10650.73267,10650.14667,10763.69145,10832.474141,10790.59658,10810.663545,10637.65449,10677.652735,10724.47293,10685.47635,10905.2182,10707.806745,10781.87125,10542.209285,10819.453195,10797.60263,10725.768665,10757.03693,10615.567695,11107.76222,10644.5268,10595.83386,10569.97825,10595.75974,10823.71889,10788.87585,10680.76553,10684.48725,10493.541392,10705.851645,10671.93155,10684.947195,10579.731925,10664.12132,11023.61236,10617.460655,10684.878185,10580.58667,10588.6761,10753.09751,11071.55455,10651.3629605,10654.066201,10584.100265,10748.66929,10612.369985,10691.90815,10715.942925,10640.299505,10655.203755,10595.77977,10623.2865035,10619.15503,10633.98898,10763.59763,10790.603435,10772.441575,10692.6656,10739.285235,10584.109335,10338.143995,11044.781875,10670.063969,10783.792855,10670.0018,10621.96455,10781.921525,10673.77415,10488.9701,10668.473435,10720.99615,10617.75688,10666.8522225,10735.152655,10604.16941,10806.506065,10639.41818,10713.81213,10568.41515,10740.168,10555.9244,10617.866195,11070.486325,10670.329,10627.710655,10658.061985,10795.38072,10714.996925,10820.263415,10593.531335,10672.58139,10677.562935,10560.817569,10650.96443,10457.12558,10551.591635,10614.4552075,10569.86878,10645.04792,10678.38117,10501.478075,10607.589455,10541.669565,10315.506165,10716.21815,10609.016745,10623.185755,10660.158935,10704.15056,10504.403855,10753.32166,10536.902975,10695.7146,10557.26565,10739.618865,10775.32753,10530.930315,10595.7718,10477.538555,11137.169065,10952.8169,10760.1193785,10744.58802,10660.98335,10661.67217,10536.66075,10719.846905,10739.02935,10768.76241,10797.01008,10808.41706,10843.34355,10910.61851,10852.164185,10646.21043,10674.249425,10727.5429,10652.02155,10669.884755,10721.204895,10698.466125,10703.50183,10447.60339,10742.944165,10698.41539,10637.953385,10739.266775,10750.32094,10662.162275,10663.03926,10654.15821,10759.613715,10671.078385,10665.59928,10692.9763,10579.808985,10787.98054,10628.036365,10664.84062,10769.6432,10819.074595,10626.0453,10788.457975,10618.2122525,10650.850505,11004.28419,10717.694471,10575.672552,10660.22143,10550.680755,10526.07996,10657.00867,10578.935305,10546.723365,10798.35931,10684.78319,10670.794245,10653.36163,10638.5214025,10679.06832,10666.863125,10647.81408,10693.47782,10695.408695,10654.04658,10344.60747,10630.536395,10629.306945,10683.937995,10683.461975,10720.19618,11017.94012,10596.13037,10733.675515,10724.54708,10610.519515,10617.43275,10698.76771,10613.94785,10794.8141,10587.666085,10630.927335,10727.85284,10695.95442,10562.9135,10473.435755,10696.09731,10751.2709,10606.53715,10670.511055,10839.1037,10616.29931,10703.170085,10640.47462,10547.28273,10581.96354,10425.353459,10655.677349,10617.43012,10608.31505,10634.47937,10672.1479,10630.395326,10727.945936,10629.29325,10677.73773,10704.517565,10620.8051,10558.97521,10698.46486,10602.577725,10685.78765,10621.67846,10691.019155,10557.800595,10650.53441,10634.22586,10530.888585,10656.124471,10616.491606,10730.933706,10668.919685,10922.243755,10633.271175,10620.2477,10716.79758,10782.55129,10613.141975,10553.481735,10638.53081,10646.14021,10595.481405,10623.612565,10559.73867,10617.04527,10652.348245,10687.17439,10507.545195,10720.56811,10920.283135,10918.45021,11185.58215,10712.53155,10736.959015,10607.654525,10637.15429,10548.24123,10742.051505,10591.013375,10626.016675,10742.39586,10523.355715,10752.019115,11121.729875,10599.062525,10607.82346,10699.64359,10647.3819,10647.195825,10556.718515,10467.31177,10723.2492975,10724.3977225,11178.3798,10718.44046,10652.663625,10681.037495,10563.76232,10726.975265,10777.0764,10404.52665,10660.2731,10708.13425,10831.90009,10572.82534,10562.919085,10551.23644,10710.750145,10708.426465,10771.52165,10735.370645,10861.4856665,10719.5163215,10716.1083515,10844.2474615,10688.634375,10964.187445,10606.16625,10729.85347,10759.51088,10766.951225,10724.8534,10325.18509,10802.66575,11070.30695,10594.072105,10842.98535,10586.96702,10621.83775,10578.722305,10762.04514,10473.956425,10646.8721795,10635.794105,10673.1822,10667.976375,10697.376135,11272.49144,10565.90163,10644.2444,10638.36579,10666.314082,10628.037935,10658.70776,10616.37284,10545.331335,10653.482045,10690.859855,10656.0921,10576.48635,10680.2268,10671.7854,10699.85882,10650.19467,10569.80526,10621.607945,10682.493965,10666.075529,10561.36145,10777.83969,11224.722375,10666.837685,10629.34761,10635.356005,10734.652525,10603.78494,10834.720785,10746.18086,10570.0227,10673.6919,10695.299565,11086.71078,11108.021215,10541.79285,10629.9284415,11067.2714,10711.040875,10495.88934,10593.52792,10745.9786,10673.680015,10624.58942,10659.70164,10631.797235,10651.6315,10650.798095,10477.363805,10998.2148,10769.2201,10599.356835,10670.335205,10658.83922,10688.84972,10730.659625,10646.13367,10715.3073,10597.41732,10742.26113,10642.010985,10648.675015,10666.98747,10644.87237,10657.570595,10760.99518,10989.84985,11199.64087,10816.33896,10683.118315,10613.172885,10648.9959,10577.06117,10588.306,10598.65741,10527.12193,10709.041935,10787.294775,10705.5641765,10924.113525,10696.416675,10510.822575,10605.58811,10730.08544,10984.917333,10798.578425,10577.180415,10695.064725,10609.226045,10602.57964,10672.178975,10928.267835,10545.415815,10695.89821,10639.879415,10763.9035,10667.08496,10650.02837,10722.266815,10619.927905,10701.912345,10653.470875,10725.88354,10850.402295,10884.7699,10780.60928,10733.63183,10481.38597,10649.221325,10616.263365,10515.49734,10558.32195,10668.799465,10631.03034,10620.81674,10953.8338,10866.92581,10604.8062,10627.20356,10593.214435,10601.50279,10688.29652,10715.927295,10796.005815,10831.8999,10809.46107,10827.96663,10399.729735,10644.08165,10701.600205,10686.07712,10721.79955,10710.924195,10641.46621,10609.12684,10814.54038,10703.759125,10693.43414,10438.31757,10713.02809,10468.588615,10611.235645,10586.41975,10796.53703,10590.29062,10671.43361,10696.149525,10660.73771,10694.87096,10709.591965,10455.190215,10779.01523,10578.4818,10576.523125,10584.25546,10652.542205,10836.033815,10533.111715,10673.99905,10698.606495,10620.44856,10619.86337,10618.01632,10667.89235,10673.36509,10704.74321,10699.36941,11073.86796,10557.753605,10668.95875,10588.020825,10411.85756,10799.543705,10612.28667,10796.469995,10629.04661,10718.883665,10608.09344,10666.574525,10792.664705,10685.407105,10677.076395,10728.86138,10657.72985,10751.75456,11101.04622,11037.22677,11012.2251,10733.698065,10782.13895,10977.44447,10582.36446,10629.383755,10658.160445,10650.473805,10644.18119,10678.765855,10610.739765,10447.08311,10695.66027,10661.8085,10619.65006,10712.005525,10524.953497,10675.69302,10700.67369,10648.67078,10680.610755,10596.71821,10543.41075,11062.703311,10635.391405,10603.25892,10706.2202,10572.503565,10671.71976,10618.56254,10643.221624,10533.73184,10639.65,10671.259955,10740.18887,10775.861395,10729.111535,10689.801935,10651.912235,10628.816615,10632.154,10621.8486,10738.21012,10613.418135,11008.007325,10421.404545,10712.85671,10757.003935,11034.99645,10544.82517,10706.00709,10702.899335,10669.5676,11078.53462,10593.562015,10576.52278,10519.5487,10748.73768,10596.977925,10690.540235,10733.809145,10759.73727,10853.10447,10594.133425,10565.5303355,10657.2906755,10572.1344355,10768.5376755,10653.71324,10634.882306,10570.320775,11006.939985,10759.256965,10682.42548,10650.3652,10729.008655,10693.119635,10889.12999,10695.42361,10781.981915,10542.76053,10678.174985,10539.350305,10645.386215,10662.75875,10689.89583,10631.549265,10663.4148,10620.694325,11041.055083,10600.639058,10528.521458,11077.018395,10643.1636,10709.305225,10553.04601,10590.05017,10709.51728,10717.7023,10579.82755,10524.271505,10526.004815,10710.4747,10607.429875,10684.0513,10675.365835,10713.97917,10504.20032,10618.1862,10699.8254,10648.70111,10638.49375,10569.94381,10610.3271,10653.34085,10516.93105,10755.352745,10684.307275,10723.113425,10626.2829715,10616.432995,10440.6213,10565.87515,10562.74927,10536.600695,10724.97112,10537.883905,10701.364964,10540.8898,10616.54858,10553.398795,10455.6929,10684.5453295,10593.12898,10473.48644,10693.146205,10660.25211,10691.590947,10664.827055,10700.766785,10629.7594,10693.56318,11123.33636,10581.25833,10580.04099,10385.623695,10695.106855,10541.604885,10752.36149,10597.70005,10610.61149,10788.57287,10734.528115,10821.28162,10555.780635,10760.34645,10718.4513,10666.310225,10573.40082,10690.196775,10628.103,10499.95237,10731.536485,11068.17823,11084.30965,10753.47868,10666.22921,10687.69582,10676.65284,10526.55685,10681.33723,10604.26848,10498.57212,11018.13955,10559.52432,11132.5287,10574.491695,10781.710783,10671.703225,10659.78192,11009.05595,10566.407265,10747.5722,10570.99532,11113.68734,10622.892035,10604.019725,10757.29032,10676.97985,10659.478465,10723.628375,10753.835825,11131.31582,10704.63075,10748.9235,10667.27231,10659.08831,10732.757915,10788.3108955,10814.497535,10617.223885,10503.538765,10628.195125,10702.98997,10763.730685,10478.40605,10707.70362,11048.04777,10706.71349,10554.80075,10674.6756275,10578.34227,10785.335365,10549.40971,10649.544905,10804.313195,10729.22404,10773.96875,10695.960705,10718.45544,10647.270855,10583.009584,10726.933635,10558.46623,10596.422145,10588.320915,10638.22985,10686.064145,10504.9329635,10654.267445,11143.412655,10547.87042,10803.43826,10772.913075,10697.1533,10702.369925,10670.353765,10673.5006,10735.931515,11112.3405,10603.6127,10526.07652,10715.32023,10666.998115,10525.645465,10592.925325,10644.25672,10561.72216,10663.59869,10656.191215,10589.2038,10736.34689,10668.105035,10725.319395,10724.484015,10604.52167,10675.39101,10417.22828,10669.20795,10671.36822,10707.305175,10728.712,10708.102975,10711.016245,10517.136625,10711.07555,10731.397215,10569.82209,10595.92899,10805.773325,10592.142335,11155.11641,10721.201345,10673.169595,10800.370265,10573.41062,10686.611425,10576.21611,10478.946415,10677.368355,10731.81902,10672.615585,10762.178905,10618.851225,10700.71535,10737.564795,10623.76092,10617.512855,10640.800735,10562.763165,11081.066355,10666.08361,11092.00298,10777.85871,10643.3248775,10647.093255,10554.149705,10560.99975,10696.368195,10700.14357,10660.32853,10596.97672,10646.928125,10619.797855,10685.075755,10586.701385,10647.96492,10694.055785,10783.07069,10766.356615,10672.05703,10716.704245,10481.85492,10732.844531,10621.122016,10648.358705,10703.99376,10652.079075,10656.282025,10672.74299,10643.13658,10679.52815,10626.64948,10670.81663,10641.9199,10753.020095,10540.18822,11107.89247,10723.994315,10970.37762,11074.71794,10697.82975,10815.0745,11046.981578,11118.528875,10688.123255,10661.21667,10490.780435,10549.860425,10635.75515,10776.037073,10561.89011,10714.452075,10687.251905,10675.289635,11183.075795,10819.961565,10643.46598,10660.79983,10626.785,10750.36485,10715.877,10608.95565,10769.95533,10710.9882,10576.53819,10688.165175,10702.456285,10747.2757545,10662.3722,10517.1022,10599.930925,10495.080575,10623.031556,10702.221534,10611.30878,10684.73478,10706.159205,10578.876475,10705.71785,10623.8998275,10596.420445,10681.97729,10706.496365,10640.57774,10653.751605,10633.675595,10635.65087,10545.7940205,10793.139915,10571.765465,10631.502315,10608.34411,10732.87255,10765.27265,10726.2364,10614.456205,10666.8526,10726.158695,10666.732355,10733.110085,10676.540645,10655.796395,10652.295255,10783.16496,10908.94269,10625.14895,10611.96875,10692.403475,10608.349595,10667.36741,10665.88405,10592.40055,10624.825505,10710.94559,10627.9069,10642.568652,10693.12828,10615.88573,10882.360995,10480.018545,11044.6307,10681.07056,10619.842915,10749.375742,10580.281995,10748.56671,11147.679335,10679.42351,10723.83093,10837.311445,10683.355145,10589.44942,10634.336091,10645.752525,10738.21768,10612.65155,10669.32832,10581.05749,10658.76874,10625.031845,10729.2566,10578.940185,10700.482445,10618.483185,10633.841535,10762.21855,10662.09155,10747.219855,10344.362705,10720.49309,10561.71728,10712.944485,10654.20247,10656.99273,10637.2887,10709.14555,10628.25615,10695.53815,10705.99151,10661.767295,10717.134595,10681.294795,10695.81885,10582.344748,10677.360055,10692.48435,10506.579405,10736.64305,10739.572875,10642.03511,10635.71663,10771.702825,10689.579035,10703.62228,10733.76327,10823.299385,10618.829745,10634.67305,10706.57455,10941.409625,11081.194585,10704.18646,10666.544725,10626.56067,11093.81755,10678.645055,10694.83135,10740.4023,10724.864145,10678.331785,10645.327695,10544.74019,10722.69809,10672.965195,10600.80634,10651.11532,11081.318145,10880.59599,10516.534115,10655.86999,10740.6925,10582.56172,10897.03766,10626.63073,10697.608949,10617.072255,10690.712015,10844.80944,10765.89087,10709.763375,10706.09771,10553.66235,10864.4301,10674.70055,10596.9323215,10645.14039,10643.0445,10658.039925,10754.304585,10781.335205,10783.98761,10599.32812,10565.00862,10709.096965,10568.94731,10644.78967,10737.87158,10623.500055,10504.84403,10771.988285,11134.1117,10541.20099,10727.88536,10442.68211,10606.32625,10607.46849,10681.496275,10731.948045,10611.970865,10666.9962,10679.38249,11168.49395,10768.829285,10700.513855,10716.417015,10728.06677,10600.239195,10609.180615,10604.928115,10724.71506,10629.16821,11162.349415,10560.09395,10623.43035,10618.48485,10618.688127,10658.458035,10722.42098,10964.197285,10848.9419,10740.33149,11028.41556,10720.1236,10768.20916,10650.54302,10563.157535,11090.20558,10572.67407,10683.979565,10795.25718,10626.382845,10668.662665,10635.10249,10321.668695,11125.709155,11149.259925,10765.62954,10697.534155,11136.53447,10566.77633,10687.99768,10672.401195,10634.52655,10764.56429,10690.975482,10713.13723,10785.87943,10431.880365,10681.6177875,10617.70255,10661.28349,10644.35453,10614.1245,10578.90018,10658.573125,10604.14361,10641.95691,10621.32856,10766.53765,10710.1988485,10699.103145,10720.13935,10498.411315,10474.13822,10483.07483,10652.65637,10691.82807,10723.3199945,10635.999335,10704.14867,11111.79389,10617.858745,10513.446975,10613.66465,10368.5897,10632.294921,10612.793501,10520.0697265,10628.389255,10732.894155,10692.94557,10723.46545,10688.914295,10674.89309,10706.641805,10720.455885,10555.558745,10615.269695,10668.76608,10971.03445,10665.776705,10678.740957,10632.04758,10614.9088335,10591.637605,10627.087575,10775.213045,10599.01932,10816.413185,10620.830205,11113.257715,10656.453955,10630.532775,10681.73713,10700.86323,11057.5791,10679.3013,10675.27615,10555.5823,10645.729625,10766.176215,10669.990635,10589.040715,10926.77231,10701.70793,10664.483785,10561.667435,10705.97335,10624.85709,10600.016645,10669.517745,10712.05154,11026.69762,11212.90983,10703.740375,10662.36229,10694.45057,10636.109705,10622.431375,10572.57561,10705.530925,11035.06717,10672.13845,10545.135975,10628.453175,10728.086655,10661.57662,10592.05405,10704.711508,10853.911903,10593.65628,10767.031725,10630.71592,10981.95451,11087.11909,10739.18959,10668.016245,11063.664525,10527.93348,10681.38659,10615.84571,10810.958995,10644.447395,10598.14958,10634.39058,10583.49488,10611.47531,10690.10255,10750.890625,11116.756515,10604.621455,10564.19824,10673.735636,10956.71804,10694.452305,10722.04115,11027.6627,10584.424531,11061.994761,10628.996035,10641.848915,10339.520105,10604.4742993,10676.3219993,10621.985985,11002.860715,10668.46784,10577.93373,11071.426115,10665.018615,10630.52107,10651.663755,10611.45634,10552.881905,10615.683785,10461.33119,10709.348585,10652.508545,10679.088565,10583.2123875,10630.63515,10750.709245,10660.428095,11100.57347,11112.786845,10573.907625,10534.307505,10612.229735,10735.719505,10478.8348,10702.904845,10749.7696,10799.2471,10732.100825,11086.26131,10561.66258,10732.7487,10926.3646,10698.716785,10783.31479,10644.372035,10647.93842,10714.79635,10731.829795,10684.094,10623.870585,10662.2853835,10722.7284,10557.74071,10660.98892,10669.887865,10695.14245,10524.285535,10624.541265,10645.1266595,10596.08033,10683.093,10704.417815,10578.881415,10571.833038,10640.09319,10612.69422,10763.22274,10658.7488,10659.82367,10683.17297,10823.5839,10699.198965,10733.849055,10865.215935,10530.37111,10678.275505,10759.63642,10724.392345,10620.099645,10578.238585,10810.29382,10592.146275,10756.76885,10527.462945,10691.115915,10719.006155,10621.55374,10719.46451,10756.432615,10741.42765,10593.533197,10712.084325,10605.784555,10554.202455,10680.474585,10657.573685,10754.33914,10609.02605,10622.13744,10637.107115,10691.431915,10767.35247,10612.858305,10718.165145,10587.58775,10604.420295,10780.9069425,10495.450285,10657.27244,10667.70976,10743.4016122,10769.1712,10644.28835,10656.385165,10488.801905,10691.076885,10703.150225,10308.58325,10777.690885,10701.820658,10679.42476,10583.243975,10548.075485,10682.67375,11016.999035,10470.04227,10649.880565,10558.55938,10757.75313,10759.636635,10698.980835,10675.29448,10772.740125,10649.098825,10520.404365,10677.075615,10679.65513,10643.11414,10636.19542,10527.55136,10568.04713,10623.830875,10698.840475,10675.185085,10577.96901,10717.474295,11302.000955,10557.243635,10724.833485,10364.112695,10777.132465,10583.117495,10523.580505,10562.50233,11037.06643,10702.194755,10641.8948,10502.74048,10691.89756,11101.0305,10700.679805,10578.312515,10646.78012,10725.8059,10685.06911,10644.054775,10463.053315,10589.141045,10659.36124,10700.4643,10648.96136,10574.20859,10564.05538,10668.9819,10654.036245,10825.57359,10597.465795,10638.181615,10729.37733,10601.861265,10653.16539,10722.122185,10608.101335,10551.21769,10680.95803,10562.88752,10650.972985,10767.7558,10668.792325,10700.417465,10702.4227305,10699.33145,10637.246,10683.829125,10569.031795,10672.187675,10709.342595,10658.654405,10522.676025,10617.487851,10599.850901,10732.76812,10774.11101,10560.406555,10689.713485,10510.49798,10718.825545,10576.56491,10627.23198,10668.36096,10693.65465,10607.3799,10696.22737,10649.71527,10714.524175,10595.65146,10686.7519,10390.969425,10545.447055,10652.762485,10536.26556,10606.072925,10669.061175,10640.758,10711.786475,10647.44275,11041.13535,10660.2971315,10744.502185,10719.770685,10784.22221,10647.59009,10705.032005,10661.280125,10736.522365,11084.251075,10796.68193,10744.694975,10623.79734,10776.682082,10803.1513,10652.071835,10747.400105,10620.388,10702.03693,10710.66446,10723.6531675,10581.419005,10704.587945,10756.663795,10607.77785,10828.5426655,10744.8413955,10636.8133,10735.37859,10648.61344,10568.62096,10686.908135,10535.387479,10667.81268,10588.98308,10703.77723,10700.941565,10734.2274,10688.26058,10750.65146,10747.05492,10648.794435,10566.28334,10695.18318,10464.847925,10473.786115,10549.945015,10556.865085,10542.382085,10717.23381,11029.81207,10991.30263,10476.181865,10694.71893,10744.50975,10618.349195,10773.837325,10731.367955,10683.51731,10681.96245,10654.26535,10689.11653,10923.15017,10694.780765,10595.77397,10961.293975,10935.0891,10704.94354,10574.764895,10586.3682,10595.35646,10652.237635,10544.469715,10579.84813,10742.2268,10517.307155,10634.298825,10769.110836,10735.266975,10584.58077,10811.992965,11064.151415,10599.693575,11036.93455,10830.18717,10805.337505,10763.30879,10651.509115,10725.70115,10742.79015,10685.78308,10555.263755,10553.9106,10661.98385,10676.119355,10602.59303,11052.77818,10623.21973,10659.187117,10688.449575,10611.152471,10701.348305,10654.680445,10538.99954,10693.12391,10698.35722,10702.30613,10637.429305,10881.772125,10781.745705,10725.791025,10744.419515,10690.182755,10925.56119,10782.00456,10639.805895,10594.32075,10674.312785,10684.757145,10619.115055,10753.5216,10381.8619,10828.4163035,10638.54246,10489.07475,10678.82652,10895.457595,10723.8954,10735.0667,10626.661645,10472.01797,10606.14085,10672.338295,10662.57597,10644.6516,10634.96896,10570.450475,10675.57757,10754.281695,10600.460055,10722.813305,10706.65175,10599.848725,10714.287885,10604.410065,10645.11639,10584.253925,10662.33175,10786.40517,10936.784015,10740.2349,10765.751075,10676.51609,10647.36533,10611.07106,10625.565089,11110.280485,10585.554755,10752.22332,10526.59352,10708.335025,10609.134758,10680.19704,10734.231164,10679.930275,10578.109035,10621.53169,10686.988505,10584.682795,10680.71152,10567.49692,10655.593141,10642.512535,10448.328765,10707.5386645,10552.54577,10471.26243,10645.64608,10705.915065,10673.24943,10586.875245,10691.196505,11048.563505,10816.86448,10679.79397,10542.973345,10625.213565,10714.06466,10671.865985,10832.712485,10666.023015,10673.135335,10670.331005,10647.392735,10738.108285,10670.33921,10779.687565,11186.75075,10718.29072,10668.134505,10654.81295,10528.87431,10648.76646,10601.444015,10732.72716,10805.143135,10660.06788,10687.278545,11065.0631,10624.974655,10715.59398,10805.25424,10744.34308,10642.48301,10727.52895,10628.906815,10650.42995,10552.22196,10634.396785,10679.68099,10571.925295,10701.83182,10790.977245,10689.774675,10742.45102,10651.069755,10606.519865,10546.07357,10586.59086,10739.99001,10728.048335,10701.640315,10734.85343,10685.60498,10677.18305,10742.08369,11237.17605,10786.7051195,10688.53527,10706.82127,10565.6324,10608.08625,10593.207215,10635.05096,10662.40707,10671.33895,10324.164285,10651.3363545,10505.9651,10595.00389,10796.63788,11061.106695,10731.723985,10592.61502,10612.313305,10580.855365,10700.66019,10638.363995,10598.043175,10486.46883,10692.252599,10672.522915,10762.666915,10596.69885,10830.57335,10834.683065,10782.80683,10692.04727,10621.64837,10695.2184,11266.053145,10763.185075,10998.41485,11241.96805,10891.202936,10676.90688,10599.6785,10442.56731,10545.647565,10605.91385,10856.005415,10697.507025,10667.52561,10703.072255,10622.587765,10972.55048,10861.37052,10506.05517,10547.424592,10704.70402,10647.2825,10549.7158,10679.853255,10697.42321,10741.968457,10581.818125,10679.4226835,10505.847005,10695.333115,10503.82058,10495.715215,10693.187275,10678.81779,10580.94322,10590.72503,11178.63572,10993.443605,11098.781965,11204.619995,10639.420347,10750.724535,10462.58045,10713.045015,10731.36437,10622.3999,10664.7464715,10727.615654,10560.70699,10667.688575,10578.165325,10691.840185,10686.39052,10444.210905,10598.56207,10630.898525,10586.808465,10591.177145,10594.04006,10700.15208,10618.920695,10630.136795,10666.20201,10577.904795,11106.57405,11097.91273,10646.047,10913.082795,10609.769655,10617.55477,10539.38034,10585.38213,10666.818105,10651.77917,10616.194775,10685.050565,10485.55026,10655.289792,10605.06413,10514.508585,10808.849575,10723.89423,10576.73302,10597.12875,10630.03988,10784.831305,11016.515525,10652.30448,10842.569,10754.874975,10674.87091,10645.75812,10340.486525,10676.899921,10653.93375,10562.15652,10758.9187145,10576.14084,10766.949685,11025.438385,10586.48046,10558.46019,10790.21837,10760.5719495,10704.20668,10641.13899,11036.6562,11052.3841,11113.537275,10654.904115,10717.56846,10626.77502,10720.4198,10593.21055,10625.34105,10755.11841,10634.49985,10686.398555,10631.240665,10632.119355,10709.17798,10704.54922,10713.662005,10570.4579,10691.735818,10768.30994,10607.9797,10738.213665,10596.082385,10477.92282,10733.944085,10770.953165,10768.652135,10630.148095,11131.90055,10719.46562,11056.92411,10638.7133,10630.752765,10638.700325,10671.214205,10573.557615,10684.67501,10477.83804,10705.31214,10744.456095,10435.19315,10723.926475,10657.262545,10660.71003,10669.34074,10655.636875,10796.193915,10706.936495,10514.1375,10574.735175,10631.97102,10649.827855,10700.5656,10750.11425,10781.795894,10611.03192,10605.52294,10689.400155,10724.80875,10752.80383,10550.964955,10596.65246,10619.09337,10680.395365,10621.43422,10792.454725,10599.12508,10742.2993,10535.292985,11122.028005,10795.417825,10768.18085,10508.87541,10778.38794,10760.06733,10631.41562,10691.87503,10626.855885,10601.85055,10570.41243,10702.064965,10701.97927,10863.207065,10512.149585,10870.44016,10706.205585,10830.84137,10656.3286,11060.313505,10680.47387,10800.1213,10652.411585,10585.009255,10561.94085,10664.03633,10743.286765,10539.510355,10659.15971,10659.140705,10633.16868,10730.1491,10660.20098,10600.47464,10658.96435,10626.56005,10685.62625,10621.991605,10551.42495,10668.829045,10604.980531,10539.895816,10628.883386,10604.6044,11058.05248,10626.284805,10677.32887,10665.587365,10649.8207555,10658.6413355,10786.1389155,10474.9918745,10611.0719595,10691.5475995,10692.5433445,10589.9908345,10723.168575,10744.93246,11050.445445,11018.938445,10766.37477,10661.044385,10673.88395,10695.378265,10605.5841,10656.78042,10734.8162,10839.16574,10651.407425,10710.08766,10862.585412,10722.17355,10702.771175,10970.12712,10581.053085,10630.58457,10627.11477,10612.043905,10697.511255,10502.286425,10603.32494,10719.8239,10470.47798,10735.76085,11053.433695,10696.14075,10575.356515,11134.750115,11069.8121995,11117.3813445,10653.98053,10469.71918,10694.322415,10591.801265,10706.70861,10497.312575,10572.885375,10596.805215,10746.5382,10716.632685,10639.443385,10747.605665,10704.636325,11217.2351,11129.05288,10571.176155,10696.711035,10662.777445,10614.2401395,10719.935075,10722.23339,10592.221095,10602.98896,10638.82581,10698.830905,10682.34298,10643.44358,10650.76496,10900.86254,10636.931275,10845.485775,10715.1628,10754.51413,10637.311285,10679.43796,10642.1405,10440.34264,10715.20175,10487.672455,10510.5127065,10583.813605,10787.620945,10725.569355,10640.12159,10643.42402,10699.304997,10801.662455,10689.980555,10467.65363,10626.510795,10773.57297,10779.859225,10714.798805,10575.819485,10693.7631,10656.37445,10583.45105,10797.6282455,10655.130245,10719.21579,10563.07335,10783.719465,10783.038495,10701.12575,10679.4800255,10729.5827205,10576.0211105,11015.3434005,10870.4939705,10604.658375,10687.021565,10659.424205,10584.93027,10735.030505,10757.05365,10717.28757,10673.112575,10678.693485,10582.964895,10640.317915,10735.31952,10769.68731,10700.95144,10693.30501,10725.22776,10504.649705,10625.662835,10695.57585,10659.56746,10676.675825,10670.679865,10968.086115,10771.22805,10654.95975,10580.334385,10574.30077,10721.703085,10734.80911,10813.180895,10672.83584,10609.827,10498.656825,10680.00588,10565.84434,10708.169685,11405.265745,11044.637605,11043.8062,10756.06267,10641.300845,10651.619415,10718.03609,10687.1966825,10679.40815,10566.176955,10808.90197,10690.664625,10670.25741,10588.42314,10590.7308,10817.37721,10712.239745,11013.428485,10671.89065,10494.142175,10630.859285,10711.85888,10615.186915,10686.30749,10596.215905,10675.21214,10638.46635,10717.836405,11155.23212,10541.40214,10746.85968,10678.67523,10688.33555,10784.67462,10701.200565,10566.253655,10707.919925,10721.896035,10634.46196,10736.424415,10639.132615,10561.08293,10558.8971,10669.539875,10737.41158,10666.88755,11132.016945,10677.799995,10752.733145,10439.755785,10558.52473,10751.6804,10725.411,10713.987305,10609.24943,10697.0608,10744.978625,10685.3069135,10474.611515,10658.944823,10706.248975,10620.806325,10646.100465,10696.335,10580.515445,10497.0081955,10749.41285,10692.217245,10542.42519,10714.1151,10695.19943,10696.214165,10707.117855,10772.624118,10813.02786,10802.06142,10753.46794,10646.486355,10692.074109,10810.224384,10679.78405,10705.731305,10657.9948,10647.3721,10690.35618,10650.652745,10683.65499,10705.90401,10770.856345,10756.1293345,10621.9217845,10819.8261195,10441.55542,10597.643585,10571.660875,10626.38404,10595.295243,10656.09015,10769.412345,10700.50452,10646.631845,10809.630935,10734.09642,10776.688545,10878.92306,10803.0778,10740.942588,10661.41136,11106.647315,10601.94074,10471.70765,10393.54575,10573.79113,10711.836005,10687.204951,10733.74845,10691.67527,10702.04235,11032.167605,10659.235605,10663.47767,10749.675855,10677.37216,11144.441785,10671.04946,10840.57861,10778.98896,10536.36042,10697.620515,10779.63549,10698.312,10549.87915,10590.967205,11089.529435,10522.350375,10562.063655,10658.698945,11045.468025,10668.15183,10654.67393,10585.079245,10697.19734,10731.2106,10677.590055,10647.225755,10760.38985,10735.152145,10436.940165,10772.922515,10706.63469,10709.60587,10599.08974,10702.411385,10508.71005,10641.95035,10537.22091,10616.990076,10581.20794,10812.4948325,10661.0166525,10758.667855,10565.551071,10664.17522,10686.138005,10770.2934,10527.505985,10655.516955,10741.11541,10636.535125,10468.405765,10673.5042,10625.430485,10968.382585,10761.424165,10671.88522,10633.888524,10657.504445,10673.05135,10649.94824,10609.32149,10658.80962,10828.34938,10571.416325,10928.803635,10715.7673,11090.48425,10764.63935,10805.31828,11113.24321,10752.68604755,10749.58263,10647.012825,10747.202385,10683.956926,10752.136735,10747.002245,10772.188695,10805.761265,10588.20887,10729.567475,10592.83829,10642.05097,10870.208975,10713.8244,10622.56622,10759.4631505,10761.8806505,10822.748005,10770.70863,10592.006855,10571.2365,10626.815635,10713.199785,10701.98199,10778.485015,10660.549895,10700.880945,10685.91665,10718.41722,10697.12269,10602.03508,10678.139844,10698.964959,10719.639815,10405.644215,10718.522644,10623.74815,10804.2799,11199.01021,10686.55909,10658.23099,10728.825175,10666.777735,10575.70605,10753.86136,10700.59993,10625.605955,10619.01172,10592.023555,10521.879635,11139.82607,10619.76162,10642.198805,10586.6451,10663.5423,10683.54686,10653.32609,10646.72609,10539.92996,10670.01365,10707.21378,10533.501725,10867.116415,10601.708682,10529.813652,10746.78565,10695.74405,10793.757775,10604.70394,11079.472805,10572.52502,10709.20745,10868.99788,10670.20258,10669.397255,10631.16899,10751.72025,11095.489455,10622.84916,10586.37525,10562.359845,10653.2201,10718.569045,10722.10605,10717.03795,10548.81692,10503.7663,10583.04795,10684.191925,10542.735685,10655.553305,10432.1581545,10526.92737,10697.715585,10602.228135,10849.606255,10806.67826,10759.93443,10649.45369,10714.93759,10618.76515,10691.87109,10463.11834,10716.099395,10676.290575,10798.4137265,10716.9131,10679.3276,10706.91569,10553.03417,10677.629565,10594.503815,10671.153555,10744.1432,10428.0501,10730.678875,10541.18994,10649.933795,10635.99339,10709.88242,10791.79834,10707.44429,10737.64821,11039.909655,10736.415125,10725.50795,10594.08541,10574.276685,10760.24115,10705.5897,10560.39336,10721.455591,10590.196255,10733.68557,10362.82269,10583.67612,10749.88365,10670.80632,10650.42623,10694.95385,10588.40909,10682.725445,10506.808255,10698.5253,10600.61127,10674.318035,10652.86847,10683.508485,10567.726595,10703.92445,10581.63194,10659.88319,10581.32725,10500.21655,10689.11299,10566.769195,10579.99219,10533.59554,10558.61719,10671.83217,10589.67158,10631.91497,10576.346485,10703.002785,10599.976205,10763.422005,10560.439187,10518.415802,10942.395612,10599.994055,10852.255685,11085.582555,10740.3939,10760.27331,10677.32777,10630.27663,10642.40692,10734.02575,11034.4527,10696.8678,10689.28066,10705.739435,10691.2423,10650.025505,10588.237959,10570.84996,10586.561245,10755.458025,10690.845665,10533.40591,10545.543375,10649.46717,10581.162421,10707.691675,10633.52748,10734.23682,10586.18546,10676.013715,10782.04331275,10565.79904,10679.2302,10691.843893,10493.665575,10678.23256,11045.295715,10694.57985,10667.09498,10615.47013,10483.66949,10564.478845,10610.66039,10633.341915,10573.505215,10606.64343,10657.67271,10624.83234,10644.361095,10760.66732,10542.649565,10627.23446,10643.08474,10479.69234,11118.72333,10762.28378,10717.763555,10611.019945,10702.039915,10670.94689,10705.815985,10750.03283,10589.71437,10589.282515,10610.74185,11059.704315,10525.42165,10570.260585,10522.65141,10566.558235,10737.43992,10603.10719,10520.50279
