"depths","iter1","iter2","iter3","iter4","iter5","iter6","iter7","iter8","iter9","iter10","iter11","iter12","iter13","iter14","iter15","iter16","iter17","iter18","iter19","iter20","iter21","iter22","iter23","iter24","iter25","iter26","iter27","iter28","iter29","iter30","iter31","iter32","iter33","iter34","iter35","iter36","iter37","iter38","iter39","iter40","iter41","iter42","iter43","iter44","iter45","iter46","iter47","iter48","iter49","iter50","iter51","iter52","iter53","iter54","iter55","iter56","iter57","iter58","iter59","iter60","iter61","iter62","iter63","iter64","iter65","iter66","iter67","iter68","iter69","iter70","iter71","iter72","iter73","iter74","iter75","iter76","iter77","iter78","iter79","iter80","iter81","iter82","iter83","iter84","iter85","iter86","iter87","iter88","iter89","iter90","iter91","iter92","iter93","iter94","iter95","iter96","iter97","iter98","iter99","iter100","iter101","iter102","iter103","iter104","iter105","iter106","iter107","iter108","iter109","iter110","iter111","iter112","iter113","iter114","iter115","iter116","iter117","iter118","iter119","iter120","iter121","iter122","iter123","iter124","iter125","iter126","iter127","iter128","iter129","iter130","iter131","iter132","iter133","iter134","iter135","iter136","iter137","iter138","iter139","iter140","iter141","iter142","iter143","iter144","iter145","iter146","iter147","iter148","iter149","iter150","iter151","iter152","iter153","iter154","iter155","iter156","iter157","iter158","iter159","iter160","iter161","iter162","iter163","iter164","iter165","iter166","iter167","iter168","iter169","iter170","iter171","iter172","iter173","iter174","iter175","iter176","iter177","iter178","iter179","iter180","iter181","iter182","iter183","iter184","iter185","iter186","iter187","iter188","iter189","iter190","iter191","iter192","iter193","iter194","iter195","iter196","iter197","iter198","iter199","iter200","iter201","iter202","iter203","iter204","iter205","iter206","iter207","iter208","iter209","iter210","iter211","iter212","iter213","iter214","iter215","iter216","iter217","iter218","iter219","iter220","iter221","iter222","iter223","iter224","iter225","iter226","iter227","iter228","iter229","iter230","iter231","iter232","iter233","iter234","iter235","iter236","iter237","iter238","iter239","iter240","iter241","iter242","iter243","iter244","iter245","iter246","iter247","iter248","iter249","iter250","iter251","iter252","iter253","iter254","iter255","iter256","iter257","iter258","iter259","iter260","iter261","iter262","iter263","iter264","iter265","iter266","iter267","iter268","iter269","iter270","iter271","iter272","iter273","iter274","iter275","iter276","iter277","iter278","iter279","iter280","iter281","iter282","iter283","iter284","iter285","iter286","iter287","iter288","iter289","iter290","iter291","iter292","iter293","iter294","iter295","iter296","iter297","iter298","iter299","iter300","iter301","iter302","iter303","iter304","iter305","iter306","iter307","iter308","iter309","iter310","iter311","iter312","iter313","iter314","iter315","iter316","iter317","iter318","iter319","iter320","iter321","iter322","iter323","iter324","iter325","iter326","iter327","iter328","iter329","iter330","iter331","iter332","iter333","iter334","iter335","iter336","iter337","iter338","iter339","iter340","iter341","iter342","iter343","iter344","iter345","iter346","iter347","iter348","iter349","iter350","iter351","iter352","iter353","iter354","iter355","iter356","iter357","iter358","iter359","iter360","iter361","iter362","iter363","iter364","iter365","iter366","iter367","iter368","iter369","iter370","iter371","iter372","iter373","iter374","iter375","iter376","iter377","iter378","iter379","iter380","iter381","iter382","iter383","iter384","iter385","iter386","iter387","iter388","iter389","iter390","iter391","iter392","iter393","iter394","iter395","iter396","iter397","iter398","iter399","iter400","iter401","iter402","iter403","iter404","iter405","iter406","iter407","iter408","iter409","iter410","iter411","iter412","iter413","iter414","iter415","iter416","iter417","iter418","iter419","iter420","iter421","iter422","iter423","iter424","iter425","iter426","iter427","iter428","iter429","iter430","iter431","iter432","iter433","iter434","iter435","iter436","iter437","iter438","iter439","iter440","iter441","iter442","iter443","iter444","iter445","iter446","iter447","iter448","iter449","iter450","iter451","iter452","iter453","iter454","iter455","iter456","iter457","iter458","iter459","iter460","iter461","iter462","iter463","iter464","iter465","iter466","iter467","iter468","iter469","iter470","iter471","iter472","iter473","iter474","iter475","iter476","iter477","iter478","iter479","iter480","iter481","iter482","iter483","iter484","iter485","iter486","iter487","iter488","iter489","iter490","iter491","iter492","iter493","iter494","iter495","iter496","iter497","iter498","iter499","iter500","iter501","iter502","iter503","iter504","iter505","iter506","iter507","iter508","iter509","iter510","iter511","iter512","iter513","iter514","iter515","iter516","iter517","iter518","iter519","iter520","iter521","iter522","iter523","iter524","iter525","iter526","iter527","iter528","iter529","iter530","iter531","iter532","iter533","iter534","iter535","iter536","iter537","iter538","iter539","iter540","iter541","iter542","iter543","iter544","iter545","iter546","iter547","iter548","iter549","iter550","iter551","iter552","iter553","iter554","iter555","iter556","iter557","iter558","iter559","iter560","iter561","iter562","iter563","iter564","iter565","iter566","iter567","iter568","iter569","iter570","iter571","iter572","iter573","iter574","iter575","iter576","iter577","iter578","iter579","iter580","iter581","iter582","iter583","iter584","iter585","iter586","iter587","iter588","iter589","iter590","iter591","iter592","iter593","iter594","iter595","iter596","iter597","iter598","iter599","iter600","iter601","iter602","iter603","iter604","iter605","iter606","iter607","iter608","iter609","iter610","iter611","iter612","iter613","iter614","iter615","iter616","iter617","iter618","iter619","iter620","iter621","iter622","iter623","iter624","iter625","iter626","iter627","iter628","iter629","iter630","iter631","iter632","iter633","iter634","iter635","iter636","iter637","iter638","iter639","iter640","iter641","iter642","iter643","iter644","iter645","iter646","iter647","iter648","iter649","iter650","iter651","iter652","iter653","iter654","iter655","iter656","iter657","iter658","iter659","iter660","iter661","iter662","iter663","iter664","iter665","iter666","iter667","iter668","iter669","iter670","iter671","iter672","iter673","iter674","iter675","iter676","iter677","iter678","iter679","iter680","iter681","iter682","iter683","iter684","iter685","iter686","iter687","iter688","iter689","iter690","iter691","iter692","iter693","iter694","iter695","iter696","iter697","iter698","iter699","iter700","iter701","iter702","iter703","iter704","iter705","iter706","iter707","iter708","iter709","iter710","iter711","iter712","iter713","iter714","iter715","iter716","iter717","iter718","iter719","iter720","iter721","iter722","iter723","iter724","iter725","iter726","iter727","iter728","iter729","iter730","iter731","iter732","iter733","iter734","iter735","iter736","iter737","iter738","iter739","iter740","iter741","iter742","iter743","iter744","iter745","iter746","iter747","iter748","iter749","iter750","iter751","iter752","iter753","iter754","iter755","iter756","iter757","iter758","iter759","iter760","iter761","iter762","iter763","iter764","iter765","iter766","iter767","iter768","iter769","iter770","iter771","iter772","iter773","iter774","iter775","iter776","iter777","iter778","iter779","iter780","iter781","iter782","iter783","iter784","iter785","iter786","iter787","iter788","iter789","iter790","iter791","iter792","iter793","iter794","iter795","iter796","iter797","iter798","iter799","iter800","iter801","iter802","iter803","iter804","iter805","iter806","iter807","iter808","iter809","iter810","iter811","iter812","iter813","iter814","iter815","iter816","iter817","iter818","iter819","iter820","iter821","iter822","iter823","iter824","iter825","iter826","iter827","iter828","iter829","iter830","iter831","iter832","iter833","iter834","iter835","iter836","iter837","iter838","iter839","iter840","iter841","iter842","iter843","iter844","iter845","iter846","iter847","iter848","iter849","iter850","iter851","iter852","iter853","iter854","iter855","iter856","iter857","iter858","iter859","iter860","iter861","iter862","iter863","iter864","iter865","iter866","iter867","iter868","iter869","iter870","iter871","iter872","iter873","iter874","iter875","iter876","iter877","iter878","iter879","iter880","iter881","iter882","iter883","iter884","iter885","iter886","iter887","iter888","iter889","iter890","iter891","iter892","iter893","iter894","iter895","iter896","iter897","iter898","iter899","iter900","iter901","iter902","iter903","iter904","iter905","iter906","iter907","iter908","iter909","iter910","iter911","iter912","iter913","iter914","iter915","iter916","iter917","iter918","iter919","iter920","iter921","iter922","iter923","iter924","iter925","iter926","iter927","iter928","iter929","iter930","iter931","iter932","iter933","iter934","iter935","iter936","iter937","iter938","iter939","iter940","iter941","iter942","iter943","iter944","iter945","iter946","iter947","iter948","iter949","iter950","iter951","iter952","iter953","iter954","iter955","iter956","iter957","iter958","iter959","iter960","iter961","iter962","iter963","iter964","iter965","iter966","iter967","iter968","iter969","iter970","iter971","iter972","iter973","iter974","iter975","iter976","iter977","iter978","iter979","iter980","iter981","iter982","iter983","iter984","iter985","iter986","iter987","iter988","iter989","iter990","iter991","iter992","iter993","iter994","iter995","iter996","iter997","iter998","iter999","iter1000","iter1001","iter1002","iter1003","iter1004","iter1005","iter1006","iter1007","iter1008","iter1009","iter1010","iter1011","iter1012","iter1013","iter1014","iter1015","iter1016","iter1017","iter1018","iter1019","iter1020","iter1021","iter1022","iter1023","iter1024","iter1025","iter1026","iter1027","iter1028","iter1029","iter1030","iter1031","iter1032","iter1033","iter1034","iter1035","iter1036","iter1037","iter1038","iter1039","iter1040","iter1041","iter1042","iter1043","iter1044","iter1045","iter1046","iter1047","iter1048","iter1049","iter1050","iter1051","iter1052","iter1053","iter1054","iter1055","iter1056","iter1057","iter1058","iter1059","iter1060","iter1061","iter1062","iter1063","iter1064","iter1065","iter1066","iter1067","iter1068","iter1069","iter1070","iter1071","iter1072","iter1073","iter1074","iter1075","iter1076","iter1077","iter1078","iter1079","iter1080","iter1081","iter1082","iter1083","iter1084","iter1085","iter1086","iter1087","iter1088","iter1089","iter1090","iter1091","iter1092","iter1093","iter1094","iter1095","iter1096","iter1097","iter1098","iter1099","iter1100","iter1101","iter1102","iter1103","iter1104","iter1105","iter1106","iter1107","iter1108","iter1109","iter1110","iter1111","iter1112","iter1113","iter1114","iter1115","iter1116","iter1117","iter1118","iter1119","iter1120","iter1121","iter1122","iter1123","iter1124","iter1125","iter1126","iter1127","iter1128","iter1129","iter1130","iter1131","iter1132","iter1133","iter1134","iter1135","iter1136","iter1137","iter1138","iter1139","iter1140","iter1141","iter1142","iter1143","iter1144","iter1145","iter1146","iter1147","iter1148","iter1149","iter1150","iter1151","iter1152","iter1153","iter1154","iter1155","iter1156","iter1157","iter1158","iter1159","iter1160","iter1161","iter1162","iter1163","iter1164","iter1165","iter1166","iter1167","iter1168","iter1169","iter1170","iter1171","iter1172","iter1173","iter1174","iter1175","iter1176","iter1177","iter1178","iter1179","iter1180","iter1181","iter1182","iter1183","iter1184","iter1185","iter1186","iter1187","iter1188","iter1189","iter1190","iter1191","iter1192","iter1193","iter1194","iter1195","iter1196","iter1197","iter1198","iter1199","iter1200","iter1201","iter1202","iter1203","iter1204","iter1205","iter1206","iter1207","iter1208","iter1209","iter1210","iter1211","iter1212","iter1213","iter1214","iter1215","iter1216","iter1217","iter1218","iter1219","iter1220","iter1221","iter1222","iter1223","iter1224","iter1225","iter1226","iter1227","iter1228","iter1229","iter1230","iter1231","iter1232","iter1233","iter1234","iter1235","iter1236","iter1237","iter1238","iter1239","iter1240","iter1241","iter1242","iter1243","iter1244","iter1245","iter1246","iter1247","iter1248","iter1249","iter1250","iter1251","iter1252","iter1253","iter1254","iter1255","iter1256","iter1257","iter1258","iter1259","iter1260","iter1261","iter1262","iter1263","iter1264","iter1265","iter1266","iter1267","iter1268","iter1269","iter1270","iter1271","iter1272","iter1273","iter1274","iter1275","iter1276","iter1277","iter1278","iter1279","iter1280","iter1281","iter1282","iter1283","iter1284","iter1285","iter1286","iter1287","iter1288","iter1289","iter1290","iter1291","iter1292","iter1293","iter1294","iter1295","iter1296","iter1297","iter1298","iter1299","iter1300","iter1301","iter1302","iter1303","iter1304","iter1305","iter1306","iter1307","iter1308","iter1309","iter1310","iter1311","iter1312","iter1313","iter1314","iter1315","iter1316","iter1317","iter1318","iter1319","iter1320","iter1321","iter1322","iter1323","iter1324","iter1325","iter1326","iter1327","iter1328","iter1329","iter1330","iter1331","iter1332","iter1333","iter1334","iter1335","iter1336","iter1337","iter1338","iter1339","iter1340","iter1341","iter1342","iter1343","iter1344","iter1345","iter1346","iter1347","iter1348","iter1349","iter1350","iter1351","iter1352","iter1353","iter1354","iter1355","iter1356","iter1357","iter1358","iter1359","iter1360","iter1361","iter1362","iter1363","iter1364","iter1365","iter1366","iter1367","iter1368","iter1369","iter1370","iter1371","iter1372","iter1373","iter1374","iter1375","iter1376","iter1377","iter1378","iter1379","iter1380","iter1381","iter1382","iter1383","iter1384","iter1385","iter1386","iter1387","iter1388","iter1389","iter1390","iter1391","iter1392","iter1393","iter1394","iter1395","iter1396","iter1397","iter1398","iter1399","iter1400","iter1401","iter1402","iter1403","iter1404","iter1405","iter1406","iter1407","iter1408","iter1409","iter1410","iter1411","iter1412","iter1413","iter1414","iter1415","iter1416","iter1417","iter1418","iter1419","iter1420","iter1421","iter1422","iter1423","iter1424","iter1425","iter1426","iter1427","iter1428","iter1429","iter1430","iter1431","iter1432","iter1433","iter1434","iter1435","iter1436","iter1437","iter1438","iter1439","iter1440","iter1441","iter1442","iter1443","iter1444","iter1445","iter1446","iter1447","iter1448","iter1449","iter1450","iter1451","iter1452","iter1453","iter1454","iter1455","iter1456","iter1457","iter1458","iter1459","iter1460","iter1461","iter1462","iter1463","iter1464","iter1465","iter1466","iter1467","iter1468","iter1469","iter1470","iter1471","iter1472","iter1473","iter1474","iter1475","iter1476","iter1477","iter1478","iter1479","iter1480","iter1481","iter1482","iter1483","iter1484","iter1485","iter1486","iter1487","iter1488","iter1489","iter1490","iter1491","iter1492","iter1493","iter1494","iter1495","iter1496","iter1497","iter1498","iter1499","iter1500","iter1501","iter1502","iter1503","iter1504","iter1505","iter1506","iter1507","iter1508","iter1509","iter1510","iter1511","iter1512","iter1513","iter1514","iter1515","iter1516","iter1517","iter1518","iter1519","iter1520","iter1521","iter1522","iter1523","iter1524","iter1525","iter1526","iter1527","iter1528","iter1529","iter1530","iter1531","iter1532","iter1533","iter1534","iter1535","iter1536","iter1537","iter1538","iter1539","iter1540","iter1541","iter1542","iter1543","iter1544","iter1545","iter1546","iter1547","iter1548","iter1549","iter1550","iter1551","iter1552","iter1553","iter1554","iter1555","iter1556","iter1557","iter1558","iter1559","iter1560","iter1561","iter1562","iter1563","iter1564","iter1565","iter1566","iter1567","iter1568","iter1569","iter1570","iter1571","iter1572","iter1573","iter1574","iter1575","iter1576","iter1577","iter1578","iter1579","iter1580","iter1581","iter1582","iter1583","iter1584","iter1585","iter1586","iter1587","iter1588","iter1589","iter1590","iter1591","iter1592","iter1593","iter1594","iter1595","iter1596","iter1597","iter1598","iter1599","iter1600","iter1601","iter1602","iter1603","iter1604","iter1605","iter1606","iter1607","iter1608","iter1609","iter1610","iter1611","iter1612","iter1613","iter1614","iter1615","iter1616","iter1617","iter1618","iter1619","iter1620","iter1621","iter1622","iter1623","iter1624","iter1625","iter1626","iter1627","iter1628","iter1629","iter1630","iter1631","iter1632","iter1633","iter1634","iter1635","iter1636","iter1637","iter1638","iter1639","iter1640","iter1641","iter1642","iter1643","iter1644","iter1645","iter1646","iter1647","iter1648","iter1649","iter1650","iter1651","iter1652","iter1653","iter1654","iter1655","iter1656","iter1657","iter1658","iter1659","iter1660","iter1661","iter1662","iter1663","iter1664","iter1665","iter1666","iter1667","iter1668","iter1669","iter1670","iter1671","iter1672","iter1673","iter1674","iter1675","iter1676","iter1677","iter1678","iter1679","iter1680","iter1681","iter1682","iter1683","iter1684","iter1685","iter1686","iter1687","iter1688","iter1689","iter1690","iter1691","iter1692","iter1693","iter1694","iter1695","iter1696","iter1697","iter1698","iter1699","iter1700","iter1701","iter1702","iter1703","iter1704","iter1705","iter1706","iter1707","iter1708","iter1709","iter1710","iter1711","iter1712","iter1713","iter1714","iter1715","iter1716","iter1717","iter1718","iter1719","iter1720","iter1721","iter1722","iter1723","iter1724","iter1725","iter1726","iter1727","iter1728","iter1729","iter1730","iter1731","iter1732","iter1733","iter1734","iter1735","iter1736","iter1737","iter1738","iter1739","iter1740","iter1741","iter1742","iter1743","iter1744","iter1745","iter1746","iter1747","iter1748","iter1749","iter1750","iter1751","iter1752","iter1753","iter1754","iter1755","iter1756","iter1757","iter1758","iter1759","iter1760","iter1761","iter1762","iter1763","iter1764","iter1765","iter1766","iter1767","iter1768","iter1769","iter1770","iter1771","iter1772","iter1773","iter1774","iter1775","iter1776","iter1777","iter1778","iter1779","iter1780","iter1781","iter1782","iter1783","iter1784","iter1785","iter1786","iter1787","iter1788","iter1789","iter1790","iter1791","iter1792","iter1793","iter1794","iter1795","iter1796","iter1797","iter1798","iter1799","iter1800","iter1801","iter1802","iter1803","iter1804","iter1805","iter1806","iter1807","iter1808","iter1809","iter1810","iter1811","iter1812","iter1813","iter1814","iter1815","iter1816","iter1817","iter1818","iter1819","iter1820","iter1821","iter1822","iter1823","iter1824","iter1825","iter1826","iter1827","iter1828","iter1829","iter1830","iter1831","iter1832","iter1833","iter1834","iter1835","iter1836","iter1837","iter1838","iter1839","iter1840","iter1841","iter1842","iter1843","iter1844","iter1845","iter1846","iter1847","iter1848","iter1849","iter1850","iter1851","iter1852","iter1853","iter1854","iter1855","iter1856","iter1857","iter1858","iter1859","iter1860","iter1861","iter1862","iter1863","iter1864","iter1865","iter1866","iter1867","iter1868","iter1869","iter1870","iter1871","iter1872","iter1873","iter1874","iter1875","iter1876","iter1877","iter1878","iter1879","iter1880","iter1881","iter1882","iter1883","iter1884","iter1885","iter1886","iter1887","iter1888","iter1889","iter1890","iter1891","iter1892","iter1893","iter1894","iter1895","iter1896","iter1897","iter1898","iter1899","iter1900","iter1901","iter1902","iter1903","iter1904","iter1905","iter1906","iter1907","iter1908","iter1909","iter1910","iter1911","iter1912","iter1913","iter1914","iter1915","iter1916","iter1917","iter1918","iter1919","iter1920","iter1921","iter1922","iter1923","iter1924","iter1925","iter1926","iter1927","iter1928","iter1929","iter1930","iter1931","iter1932","iter1933","iter1934","iter1935","iter1936","iter1937","iter1938","iter1939","iter1940","iter1941","iter1942","iter1943","iter1944","iter1945","iter1946","iter1947","iter1948","iter1949","iter1950","iter1951","iter1952","iter1953","iter1954","iter1955","iter1956","iter1957","iter1958","iter1959","iter1960","iter1961","iter1962","iter1963","iter1964","iter1965","iter1966","iter1967","iter1968","iter1969","iter1970","iter1971","iter1972","iter1973","iter1974","iter1975","iter1976","iter1977","iter1978","iter1979","iter1980","iter1981","iter1982","iter1983","iter1984","iter1985","iter1986","iter1987","iter1988","iter1989","iter1990","iter1991","iter1992","iter1993","iter1994","iter1995","iter1996","iter1997","iter1998","iter1999","iter2000","iter2001","iter2002","iter2003","iter2004","iter2005","iter2006","iter2007","iter2008","iter2009","iter2010","iter2011","iter2012","iter2013","iter2014","iter2015","iter2016","iter2017","iter2018","iter2019","iter2020","iter2021","iter2022","iter2023","iter2024","iter2025","iter2026","iter2027","iter2028","iter2029","iter2030","iter2031","iter2032","iter2033","iter2034","iter2035","iter2036","iter2037","iter2038","iter2039","iter2040","iter2041","iter2042","iter2043","iter2044","iter2045","iter2046","iter2047","iter2048","iter2049","iter2050","iter2051","iter2052","iter2053","iter2054","iter2055","iter2056","iter2057","iter2058","iter2059","iter2060","iter2061","iter2062","iter2063","iter2064","iter2065","iter2066","iter2067","iter2068","iter2069","iter2070","iter2071","iter2072","iter2073","iter2074","iter2075","iter2076","iter2077","iter2078","iter2079","iter2080","iter2081","iter2082","iter2083","iter2084","iter2085","iter2086","iter2087","iter2088","iter2089","iter2090","iter2091","iter2092","iter2093","iter2094","iter2095","iter2096","iter2097","iter2098","iter2099","iter2100","iter2101","iter2102","iter2103","iter2104","iter2105","iter2106","iter2107","iter2108","iter2109","iter2110","iter2111","iter2112","iter2113","iter2114","iter2115","iter2116","iter2117","iter2118","iter2119","iter2120","iter2121","iter2122","iter2123","iter2124","iter2125","iter2126","iter2127","iter2128","iter2129","iter2130","iter2131","iter2132","iter2133","iter2134","iter2135","iter2136","iter2137","iter2138","iter2139","iter2140","iter2141","iter2142","iter2143","iter2144","iter2145","iter2146","iter2147","iter2148","iter2149","iter2150","iter2151","iter2152","iter2153","iter2154","iter2155","iter2156","iter2157","iter2158","iter2159","iter2160","iter2161","iter2162","iter2163","iter2164","iter2165","iter2166","iter2167","iter2168","iter2169","iter2170","iter2171","iter2172","iter2173","iter2174","iter2175","iter2176","iter2177","iter2178","iter2179","iter2180","iter2181","iter2182","iter2183","iter2184","iter2185","iter2186","iter2187","iter2188","iter2189","iter2190","iter2191","iter2192","iter2193","iter2194","iter2195","iter2196","iter2197","iter2198","iter2199","iter2200","iter2201","iter2202","iter2203","iter2204","iter2205","iter2206","iter2207","iter2208","iter2209","iter2210","iter2211","iter2212","iter2213","iter2214","iter2215","iter2216","iter2217","iter2218","iter2219","iter2220","iter2221","iter2222","iter2223","iter2224","iter2225","iter2226","iter2227","iter2228","iter2229","iter2230","iter2231","iter2232","iter2233","iter2234","iter2235","iter2236","iter2237","iter2238","iter2239","iter2240","iter2241","iter2242","iter2243","iter2244","iter2245","iter2246","iter2247","iter2248","iter2249","iter2250","iter2251","iter2252","iter2253","iter2254","iter2255","iter2256","iter2257","iter2258","iter2259","iter2260","iter2261","iter2262","iter2263","iter2264","iter2265","iter2266","iter2267","iter2268","iter2269","iter2270","iter2271","iter2272","iter2273","iter2274","iter2275","iter2276","iter2277","iter2278","iter2279","iter2280","iter2281","iter2282","iter2283","iter2284","iter2285","iter2286","iter2287","iter2288","iter2289","iter2290","iter2291","iter2292","iter2293","iter2294","iter2295","iter2296","iter2297","iter2298","iter2299","iter2300","iter2301","iter2302","iter2303","iter2304","iter2305","iter2306","iter2307","iter2308","iter2309","iter2310","iter2311","iter2312","iter2313","iter2314","iter2315","iter2316","iter2317","iter2318","iter2319","iter2320","iter2321","iter2322","iter2323","iter2324","iter2325","iter2326","iter2327","iter2328","iter2329","iter2330","iter2331","iter2332","iter2333","iter2334","iter2335","iter2336","iter2337","iter2338","iter2339","iter2340","iter2341","iter2342","iter2343","iter2344","iter2345","iter2346","iter2347","iter2348","iter2349","iter2350","iter2351","iter2352","iter2353","iter2354","iter2355","iter2356","iter2357","iter2358","iter2359","iter2360","iter2361","iter2362","iter2363","iter2364","iter2365","iter2366","iter2367","iter2368","iter2369","iter2370","iter2371","iter2372","iter2373","iter2374","iter2375","iter2376","iter2377","iter2378","iter2379","iter2380","iter2381","iter2382","iter2383","iter2384","iter2385","iter2386","iter2387","iter2388","iter2389","iter2390","iter2391","iter2392","iter2393","iter2394","iter2395","iter2396","iter2397","iter2398","iter2399","iter2400","iter2401","iter2402","iter2403","iter2404","iter2405","iter2406","iter2407","iter2408","iter2409","iter2410","iter2411","iter2412","iter2413","iter2414","iter2415","iter2416","iter2417","iter2418","iter2419","iter2420","iter2421","iter2422","iter2423","iter2424","iter2425","iter2426","iter2427","iter2428","iter2429","iter2430","iter2431","iter2432","iter2433","iter2434","iter2435","iter2436","iter2437","iter2438","iter2439","iter2440","iter2441","iter2442","iter2443","iter2444","iter2445","iter2446","iter2447","iter2448","iter2449","iter2450","iter2451","iter2452","iter2453","iter2454","iter2455","iter2456","iter2457","iter2458","iter2459","iter2460","iter2461","iter2462","iter2463","iter2464","iter2465","iter2466","iter2467","iter2468","iter2469","iter2470","iter2471","iter2472","iter2473","iter2474","iter2475","iter2476","iter2477","iter2478","iter2479","iter2480","iter2481","iter2482","iter2483","iter2484","iter2485","iter2486","iter2487","iter2488","iter2489","iter2490","iter2491","iter2492","iter2493","iter2494","iter2495","iter2496","iter2497","iter2498","iter2499","iter2500","iter2501","iter2502","iter2503","iter2504","iter2505","iter2506","iter2507","iter2508","iter2509","iter2510","iter2511","iter2512","iter2513","iter2514","iter2515","iter2516","iter2517","iter2518","iter2519","iter2520","iter2521","iter2522","iter2523","iter2524","iter2525","iter2526","iter2527","iter2528","iter2529","iter2530","iter2531","iter2532","iter2533","iter2534","iter2535","iter2536","iter2537","iter2538","iter2539","iter2540","iter2541","iter2542","iter2543","iter2544","iter2545","iter2546","iter2547","iter2548","iter2549","iter2550","iter2551","iter2552","iter2553","iter2554","iter2555","iter2556","iter2557","iter2558","iter2559","iter2560","iter2561","iter2562","iter2563","iter2564","iter2565","iter2566","iter2567","iter2568","iter2569","iter2570","iter2571","iter2572","iter2573","iter2574","iter2575","iter2576","iter2577","iter2578","iter2579","iter2580","iter2581","iter2582","iter2583","iter2584","iter2585","iter2586","iter2587","iter2588","iter2589","iter2590","iter2591","iter2592","iter2593","iter2594","iter2595","iter2596","iter2597","iter2598","iter2599","iter2600","iter2601","iter2602","iter2603","iter2604","iter2605","iter2606","iter2607","iter2608","iter2609","iter2610","iter2611","iter2612","iter2613","iter2614","iter2615","iter2616","iter2617","iter2618","iter2619","iter2620","iter2621","iter2622","iter2623","iter2624","iter2625","iter2626","iter2627","iter2628","iter2629","iter2630","iter2631","iter2632","iter2633","iter2634","iter2635","iter2636","iter2637","iter2638","iter2639","iter2640","iter2641","iter2642","iter2643","iter2644","iter2645","iter2646","iter2647","iter2648","iter2649","iter2650","iter2651","iter2652","iter2653","iter2654","iter2655","iter2656","iter2657","iter2658","iter2659","iter2660","iter2661","iter2662","iter2663","iter2664","iter2665","iter2666","iter2667","iter2668","iter2669","iter2670","iter2671","iter2672","iter2673","iter2674","iter2675","iter2676","iter2677","iter2678","iter2679","iter2680","iter2681","iter2682","iter2683","iter2684","iter2685","iter2686","iter2687","iter2688","iter2689","iter2690","iter2691","iter2692","iter2693","iter2694","iter2695","iter2696","iter2697","iter2698","iter2699","iter2700","iter2701","iter2702","iter2703","iter2704","iter2705","iter2706","iter2707","iter2708","iter2709","iter2710","iter2711","iter2712","iter2713","iter2714","iter2715","iter2716","iter2717","iter2718","iter2719","iter2720","iter2721","iter2722","iter2723","iter2724","iter2725","iter2726","iter2727","iter2728","iter2729","iter2730","iter2731","iter2732","iter2733","iter2734","iter2735","iter2736","iter2737","iter2738","iter2739","iter2740","iter2741","iter2742","iter2743","iter2744","iter2745","iter2746","iter2747","iter2748","iter2749","iter2750","iter2751","iter2752","iter2753","iter2754","iter2755","iter2756","iter2757","iter2758","iter2759","iter2760","iter2761","iter2762","iter2763","iter2764","iter2765","iter2766","iter2767","iter2768","iter2769","iter2770","iter2771","iter2772","iter2773","iter2774","iter2775","iter2776","iter2777","iter2778","iter2779","iter2780","iter2781","iter2782","iter2783","iter2784","iter2785","iter2786","iter2787","iter2788","iter2789","iter2790","iter2791","iter2792","iter2793","iter2794","iter2795","iter2796","iter2797","iter2798","iter2799","iter2800","iter2801","iter2802","iter2803","iter2804","iter2805","iter2806","iter2807","iter2808","iter2809","iter2810","iter2811","iter2812","iter2813","iter2814","iter2815","iter2816","iter2817","iter2818","iter2819","iter2820","iter2821","iter2822","iter2823","iter2824","iter2825","iter2826","iter2827","iter2828","iter2829","iter2830","iter2831","iter2832","iter2833","iter2834","iter2835","iter2836","iter2837","iter2838","iter2839","iter2840","iter2841","iter2842","iter2843","iter2844","iter2845","iter2846","iter2847","iter2848","iter2849","iter2850","iter2851","iter2852","iter2853","iter2854","iter2855","iter2856","iter2857","iter2858","iter2859","iter2860","iter2861","iter2862","iter2863","iter2864","iter2865","iter2866","iter2867","iter2868","iter2869","iter2870","iter2871","iter2872","iter2873","iter2874","iter2875","iter2876","iter2877","iter2878","iter2879","iter2880","iter2881","iter2882","iter2883","iter2884","iter2885","iter2886","iter2887","iter2888","iter2889","iter2890","iter2891","iter2892","iter2893","iter2894","iter2895","iter2896","iter2897","iter2898","iter2899","iter2900","iter2901","iter2902","iter2903","iter2904","iter2905","iter2906","iter2907","iter2908","iter2909","iter2910","iter2911","iter2912","iter2913","iter2914","iter2915","iter2916","iter2917","iter2918","iter2919","iter2920","iter2921","iter2922","iter2923","iter2924","iter2925","iter2926","iter2927","iter2928","iter2929","iter2930","iter2931","iter2932","iter2933","iter2934","iter2935","iter2936","iter2937","iter2938","iter2939","iter2940","iter2941","iter2942","iter2943","iter2944","iter2945","iter2946","iter2947","iter2948","iter2949","iter2950","iter2951","iter2952","iter2953","iter2954","iter2955","iter2956","iter2957","iter2958","iter2959","iter2960","iter2961","iter2962","iter2963","iter2964","iter2965","iter2966","iter2967","iter2968","iter2969","iter2970","iter2971","iter2972","iter2973","iter2974","iter2975","iter2976","iter2977","iter2978","iter2979","iter2980","iter2981","iter2982","iter2983","iter2984","iter2985","iter2986","iter2987","iter2988","iter2989","iter2990","iter2991","iter2992","iter2993","iter2994","iter2995","iter2996","iter2997","iter2998","iter2999","iter3000","iter3001","iter3002","iter3003","iter3004","iter3005","iter3006","iter3007","iter3008","iter3009","iter3010","iter3011","iter3012","iter3013","iter3014","iter3015","iter3016","iter3017","iter3018","iter3019","iter3020","iter3021","iter3022","iter3023","iter3024","iter3025","iter3026","iter3027","iter3028","iter3029","iter3030","iter3031","iter3032","iter3033","iter3034","iter3035","iter3036","iter3037","iter3038","iter3039","iter3040","iter3041","iter3042","iter3043","iter3044","iter3045","iter3046","iter3047","iter3048","iter3049","iter3050","iter3051","iter3052","iter3053","iter3054","iter3055","iter3056","iter3057","iter3058","iter3059","iter3060","iter3061","iter3062","iter3063","iter3064","iter3065","iter3066","iter3067","iter3068","iter3069","iter3070","iter3071","iter3072","iter3073","iter3074","iter3075","iter3076","iter3077","iter3078","iter3079","iter3080","iter3081","iter3082","iter3083","iter3084","iter3085","iter3086","iter3087","iter3088","iter3089","iter3090","iter3091","iter3092","iter3093","iter3094","iter3095","iter3096","iter3097","iter3098","iter3099","iter3100","iter3101","iter3102","iter3103","iter3104","iter3105","iter3106","iter3107","iter3108","iter3109","iter3110","iter3111","iter3112","iter3113","iter3114","iter3115","iter3116","iter3117","iter3118","iter3119","iter3120","iter3121","iter3122","iter3123","iter3124","iter3125","iter3126","iter3127","iter3128","iter3129","iter3130","iter3131","iter3132","iter3133","iter3134","iter3135","iter3136","iter3137","iter3138","iter3139","iter3140","iter3141","iter3142","iter3143","iter3144","iter3145","iter3146","iter3147","iter3148","iter3149","iter3150","iter3151","iter3152","iter3153","iter3154","iter3155","iter3156","iter3157","iter3158","iter3159","iter3160","iter3161","iter3162","iter3163","iter3164","iter3165","iter3166","iter3167","iter3168","iter3169","iter3170","iter3171","iter3172","iter3173","iter3174","iter3175","iter3176","iter3177","iter3178","iter3179","iter3180","iter3181","iter3182","iter3183","iter3184","iter3185","iter3186","iter3187","iter3188","iter3189","iter3190","iter3191","iter3192","iter3193","iter3194","iter3195","iter3196","iter3197","iter3198","iter3199","iter3200","iter3201","iter3202","iter3203","iter3204","iter3205","iter3206","iter3207","iter3208","iter3209","iter3210","iter3211","iter3212","iter3213","iter3214","iter3215","iter3216","iter3217","iter3218","iter3219","iter3220","iter3221","iter3222","iter3223","iter3224","iter3225","iter3226","iter3227","iter3228","iter3229","iter3230","iter3231","iter3232","iter3233","iter3234","iter3235","iter3236","iter3237","iter3238","iter3239","iter3240","iter3241","iter3242","iter3243","iter3244","iter3245","iter3246","iter3247","iter3248","iter3249","iter3250","iter3251","iter3252","iter3253","iter3254","iter3255","iter3256","iter3257","iter3258","iter3259","iter3260","iter3261","iter3262","iter3263","iter3264","iter3265","iter3266","iter3267","iter3268","iter3269","iter3270","iter3271","iter3272","iter3273","iter3274","iter3275","iter3276","iter3277","iter3278","iter3279","iter3280","iter3281","iter3282","iter3283","iter3284","iter3285","iter3286","iter3287","iter3288","iter3289","iter3290","iter3291","iter3292","iter3293","iter3294","iter3295","iter3296","iter3297","iter3298","iter3299","iter3300","iter3301","iter3302","iter3303","iter3304","iter3305","iter3306","iter3307","iter3308","iter3309","iter3310","iter3311","iter3312","iter3313","iter3314","iter3315","iter3316","iter3317","iter3318","iter3319","iter3320","iter3321","iter3322","iter3323","iter3324","iter3325","iter3326","iter3327","iter3328","iter3329","iter3330","iter3331","iter3332","iter3333","iter3334","iter3335","iter3336","iter3337","iter3338","iter3339","iter3340","iter3341","iter3342","iter3343","iter3344","iter3345","iter3346","iter3347","iter3348","iter3349","iter3350","iter3351","iter3352","iter3353","iter3354","iter3355","iter3356","iter3357","iter3358","iter3359","iter3360","iter3361","iter3362","iter3363","iter3364","iter3365","iter3366","iter3367","iter3368","iter3369","iter3370","iter3371","iter3372","iter3373","iter3374","iter3375","iter3376","iter3377","iter3378","iter3379","iter3380","iter3381","iter3382","iter3383","iter3384","iter3385","iter3386","iter3387","iter3388","iter3389","iter3390","iter3391","iter3392","iter3393","iter3394","iter3395","iter3396","iter3397","iter3398","iter3399","iter3400","iter3401","iter3402","iter3403","iter3404","iter3405","iter3406","iter3407","iter3408","iter3409","iter3410","iter3411","iter3412","iter3413","iter3414","iter3415","iter3416","iter3417","iter3418","iter3419","iter3420","iter3421","iter3422","iter3423","iter3424","iter3425","iter3426","iter3427","iter3428","iter3429","iter3430","iter3431","iter3432","iter3433","iter3434","iter3435","iter3436","iter3437","iter3438","iter3439","iter3440","iter3441","iter3442","iter3443","iter3444","iter3445","iter3446","iter3447","iter3448","iter3449","iter3450","iter3451","iter3452","iter3453","iter3454","iter3455","iter3456","iter3457","iter3458","iter3459","iter3460","iter3461","iter3462","iter3463","iter3464","iter3465","iter3466","iter3467","iter3468","iter3469","iter3470","iter3471","iter3472","iter3473","iter3474","iter3475","iter3476","iter3477","iter3478","iter3479","iter3480","iter3481","iter3482","iter3483","iter3484","iter3485","iter3486","iter3487","iter3488","iter3489","iter3490","iter3491","iter3492","iter3493","iter3494","iter3495","iter3496","iter3497","iter3498","iter3499","iter3500","iter3501","iter3502","iter3503","iter3504","iter3505","iter3506","iter3507","iter3508","iter3509","iter3510","iter3511","iter3512","iter3513","iter3514","iter3515","iter3516","iter3517","iter3518","iter3519","iter3520","iter3521","iter3522","iter3523","iter3524","iter3525","iter3526","iter3527","iter3528","iter3529","iter3530","iter3531","iter3532","iter3533","iter3534","iter3535","iter3536","iter3537","iter3538","iter3539","iter3540","iter3541","iter3542","iter3543","iter3544","iter3545","iter3546","iter3547","iter3548","iter3549","iter3550","iter3551","iter3552","iter3553","iter3554","iter3555","iter3556","iter3557","iter3558","iter3559","iter3560","iter3561","iter3562","iter3563","iter3564","iter3565","iter3566","iter3567","iter3568","iter3569","iter3570","iter3571","iter3572","iter3573","iter3574","iter3575","iter3576","iter3577","iter3578","iter3579","iter3580","iter3581","iter3582","iter3583","iter3584","iter3585","iter3586","iter3587","iter3588","iter3589","iter3590","iter3591","iter3592","iter3593","iter3594","iter3595","iter3596","iter3597","iter3598","iter3599","iter3600","iter3601","iter3602","iter3603","iter3604","iter3605","iter3606","iter3607","iter3608","iter3609","iter3610","iter3611","iter3612","iter3613","iter3614","iter3615","iter3616","iter3617","iter3618","iter3619","iter3620","iter3621","iter3622","iter3623","iter3624","iter3625","iter3626","iter3627","iter3628","iter3629","iter3630","iter3631","iter3632","iter3633","iter3634","iter3635","iter3636","iter3637","iter3638","iter3639","iter3640","iter3641","iter3642","iter3643","iter3644","iter3645","iter3646","iter3647","iter3648","iter3649","iter3650","iter3651","iter3652","iter3653","iter3654","iter3655","iter3656","iter3657","iter3658","iter3659","iter3660","iter3661","iter3662","iter3663","iter3664","iter3665","iter3666","iter3667","iter3668","iter3669","iter3670","iter3671","iter3672","iter3673","iter3674","iter3675","iter3676","iter3677","iter3678","iter3679","iter3680","iter3681","iter3682","iter3683","iter3684","iter3685","iter3686","iter3687","iter3688","iter3689","iter3690","iter3691","iter3692","iter3693","iter3694","iter3695","iter3696","iter3697","iter3698","iter3699","iter3700","iter3701","iter3702","iter3703","iter3704","iter3705","iter3706","iter3707","iter3708","iter3709","iter3710","iter3711","iter3712","iter3713","iter3714","iter3715","iter3716","iter3717","iter3718","iter3719","iter3720","iter3721","iter3722","iter3723","iter3724","iter3725","iter3726","iter3727","iter3728","iter3729","iter3730","iter3731","iter3732","iter3733","iter3734","iter3735","iter3736","iter3737","iter3738","iter3739","iter3740","iter3741","iter3742","iter3743","iter3744","iter3745","iter3746","iter3747","iter3748","iter3749","iter3750","iter3751","iter3752","iter3753","iter3754","iter3755","iter3756","iter3757","iter3758","iter3759","iter3760","iter3761","iter3762","iter3763","iter3764","iter3765","iter3766","iter3767","iter3768","iter3769","iter3770","iter3771","iter3772","iter3773","iter3774","iter3775","iter3776","iter3777","iter3778","iter3779","iter3780","iter3781","iter3782","iter3783","iter3784","iter3785","iter3786","iter3787","iter3788","iter3789","iter3790","iter3791","iter3792","iter3793","iter3794","iter3795","iter3796","iter3797","iter3798","iter3799","iter3800","iter3801","iter3802","iter3803","iter3804","iter3805","iter3806","iter3807","iter3808","iter3809","iter3810","iter3811","iter3812","iter3813","iter3814","iter3815","iter3816","iter3817","iter3818","iter3819","iter3820","iter3821","iter3822","iter3823","iter3824","iter3825","iter3826","iter3827","iter3828","iter3829","iter3830","iter3831","iter3832","iter3833","iter3834","iter3835","iter3836","iter3837","iter3838","iter3839","iter3840","iter3841","iter3842","iter3843","iter3844","iter3845","iter3846","iter3847","iter3848","iter3849","iter3850","iter3851","iter3852","iter3853","iter3854","iter3855","iter3856","iter3857","iter3858","iter3859","iter3860","iter3861","iter3862","iter3863","iter3864","iter3865","iter3866","iter3867","iter3868","iter3869","iter3870","iter3871","iter3872","iter3873","iter3874","iter3875","iter3876","iter3877","iter3878","iter3879","iter3880","iter3881","iter3882","iter3883","iter3884","iter3885","iter3886","iter3887","iter3888","iter3889","iter3890","iter3891","iter3892","iter3893","iter3894","iter3895","iter3896","iter3897","iter3898","iter3899","iter3900","iter3901","iter3902","iter3903","iter3904","iter3905","iter3906","iter3907","iter3908","iter3909","iter3910","iter3911","iter3912","iter3913","iter3914","iter3915","iter3916","iter3917","iter3918","iter3919","iter3920","iter3921","iter3922","iter3923","iter3924","iter3925","iter3926","iter3927","iter3928","iter3929","iter3930","iter3931","iter3932","iter3933","iter3934","iter3935","iter3936","iter3937","iter3938","iter3939","iter3940","iter3941","iter3942","iter3943","iter3944","iter3945","iter3946","iter3947","iter3948","iter3949","iter3950","iter3951","iter3952","iter3953","iter3954","iter3955","iter3956","iter3957","iter3958","iter3959","iter3960","iter3961","iter3962","iter3963","iter3964","iter3965","iter3966","iter3967","iter3968","iter3969","iter3970","iter3971","iter3972","iter3973","iter3974","iter3975","iter3976","iter3977","iter3978","iter3979","iter3980","iter3981","iter3982","iter3983","iter3984","iter3985","iter3986","iter3987","iter3988","iter3989","iter3990","iter3991","iter3992","iter3993","iter3994","iter3995","iter3996","iter3997","iter3998","iter3999","iter4000","iter4001","iter4002","iter4003","iter4004","iter4005","iter4006","iter4007","iter4008","iter4009","iter4010","iter4011","iter4012","iter4013","iter4014","iter4015","iter4016","iter4017","iter4018","iter4019","iter4020","iter4021","iter4022","iter4023","iter4024","iter4025","iter4026","iter4027","iter4028","iter4029","iter4030","iter4031","iter4032","iter4033","iter4034","iter4035","iter4036","iter4037","iter4038","iter4039","iter4040","iter4041","iter4042","iter4043","iter4044","iter4045","iter4046","iter4047","iter4048","iter4049","iter4050","iter4051","iter4052","iter4053","iter4054","iter4055","iter4056","iter4057","iter4058","iter4059","iter4060","iter4061","iter4062","iter4063","iter4064","iter4065","iter4066","iter4067","iter4068","iter4069","iter4070","iter4071","iter4072","iter4073","iter4074","iter4075","iter4076","iter4077","iter4078","iter4079","iter4080","iter4081","iter4082","iter4083","iter4084","iter4085","iter4086","iter4087","iter4088","iter4089","iter4090","iter4091","iter4092","iter4093","iter4094","iter4095","iter4096","iter4097","iter4098","iter4099","iter4100","iter4101","iter4102","iter4103","iter4104","iter4105","iter4106","iter4107","iter4108","iter4109","iter4110","iter4111","iter4112","iter4113","iter4114","iter4115","iter4116","iter4117","iter4118","iter4119","iter4120","iter4121","iter4122","iter4123","iter4124","iter4125","iter4126","iter4127","iter4128","iter4129","iter4130","iter4131","iter4132","iter4133","iter4134","iter4135","iter4136","iter4137","iter4138","iter4139","iter4140","iter4141","iter4142","iter4143","iter4144","iter4145","iter4146","iter4147","iter4148","iter4149","iter4150","iter4151","iter4152","iter4153","iter4154","iter4155","iter4156","iter4157","iter4158","iter4159","iter4160","iter4161","iter4162","iter4163","iter4164","iter4165","iter4166","iter4167","iter4168","iter4169","iter4170","iter4171","iter4172","iter4173","iter4174","iter4175","iter4176","iter4177","iter4178","iter4179","iter4180","iter4181","iter4182","iter4183","iter4184","iter4185","iter4186","iter4187","iter4188","iter4189","iter4190","iter4191","iter4192","iter4193","iter4194","iter4195","iter4196","iter4197","iter4198","iter4199","iter4200","iter4201","iter4202","iter4203","iter4204","iter4205","iter4206","iter4207","iter4208","iter4209","iter4210","iter4211","iter4212","iter4213","iter4214","iter4215","iter4216","iter4217","iter4218","iter4219","iter4220","iter4221","iter4222","iter4223","iter4224","iter4225","iter4226","iter4227","iter4228","iter4229","iter4230","iter4231","iter4232","iter4233","iter4234","iter4235","iter4236","iter4237","iter4238","iter4239","iter4240","iter4241","iter4242","iter4243","iter4244","iter4245","iter4246","iter4247","iter4248","iter4249","iter4250","iter4251","iter4252","iter4253","iter4254","iter4255","iter4256","iter4257","iter4258","iter4259","iter4260","iter4261","iter4262","iter4263","iter4264","iter4265","iter4266","iter4267","iter4268","iter4269","iter4270","iter4271","iter4272","iter4273","iter4274","iter4275","iter4276","iter4277","iter4278","iter4279","iter4280","iter4281","iter4282","iter4283","iter4284","iter4285","iter4286","iter4287","iter4288","iter4289","iter4290","iter4291","iter4292","iter4293","iter4294","iter4295","iter4296","iter4297","iter4298","iter4299","iter4300","iter4301","iter4302","iter4303","iter4304","iter4305","iter4306","iter4307","iter4308","iter4309","iter4310","iter4311","iter4312","iter4313","iter4314","iter4315","iter4316","iter4317","iter4318","iter4319","iter4320","iter4321","iter4322","iter4323","iter4324","iter4325","iter4326","iter4327","iter4328","iter4329","iter4330","iter4331","iter4332","iter4333","iter4334","iter4335","iter4336","iter4337","iter4338","iter4339","iter4340","iter4341","iter4342","iter4343","iter4344","iter4345","iter4346","iter4347","iter4348","iter4349","iter4350","iter4351","iter4352","iter4353","iter4354","iter4355","iter4356","iter4357","iter4358","iter4359","iter4360","iter4361","iter4362","iter4363","iter4364","iter4365","iter4366","iter4367","iter4368","iter4369","iter4370","iter4371","iter4372","iter4373","iter4374","iter4375","iter4376","iter4377","iter4378","iter4379","iter4380","iter4381","iter4382","iter4383","iter4384","iter4385","iter4386","iter4387","iter4388","iter4389","iter4390","iter4391","iter4392","iter4393","iter4394","iter4395","iter4396","iter4397","iter4398","iter4399","iter4400","iter4401","iter4402","iter4403","iter4404","iter4405","iter4406","iter4407","iter4408","iter4409","iter4410","iter4411","iter4412","iter4413","iter4414","iter4415","iter4416","iter4417","iter4418","iter4419","iter4420","iter4421","iter4422","iter4423","iter4424","iter4425","iter4426","iter4427","iter4428","iter4429","iter4430","iter4431","iter4432","iter4433","iter4434","iter4435","iter4436","iter4437","iter4438","iter4439","iter4440","iter4441","iter4442","iter4443","iter4444","iter4445","iter4446","iter4447","iter4448","iter4449","iter4450","iter4451","iter4452","iter4453","iter4454","iter4455","iter4456","iter4457","iter4458","iter4459","iter4460","iter4461","iter4462","iter4463","iter4464","iter4465","iter4466","iter4467","iter4468","iter4469","iter4470","iter4471","iter4472","iter4473","iter4474","iter4475","iter4476","iter4477","iter4478","iter4479","iter4480","iter4481","iter4482","iter4483","iter4484","iter4485","iter4486","iter4487","iter4488","iter4489","iter4490","iter4491","iter4492","iter4493","iter4494","iter4495","iter4496","iter4497","iter4498","iter4499","iter4500","iter4501","iter4502","iter4503","iter4504","iter4505","iter4506","iter4507","iter4508","iter4509","iter4510","iter4511","iter4512","iter4513","iter4514","iter4515","iter4516","iter4517","iter4518","iter4519","iter4520","iter4521","iter4522","iter4523","iter4524","iter4525","iter4526","iter4527","iter4528","iter4529","iter4530","iter4531","iter4532","iter4533","iter4534","iter4535","iter4536","iter4537","iter4538","iter4539","iter4540","iter4541","iter4542","iter4543","iter4544","iter4545","iter4546","iter4547","iter4548","iter4549","iter4550","iter4551","iter4552","iter4553","iter4554","iter4555","iter4556","iter4557","iter4558","iter4559","iter4560","iter4561","iter4562","iter4563","iter4564","iter4565","iter4566","iter4567","iter4568","iter4569","iter4570","iter4571","iter4572","iter4573","iter4574","iter4575","iter4576","iter4577","iter4578","iter4579","iter4580","iter4581","iter4582","iter4583","iter4584","iter4585","iter4586","iter4587","iter4588","iter4589","iter4590","iter4591","iter4592","iter4593","iter4594","iter4595","iter4596","iter4597","iter4598","iter4599","iter4600","iter4601","iter4602","iter4603","iter4604","iter4605","iter4606","iter4607","iter4608","iter4609","iter4610","iter4611","iter4612","iter4613","iter4614","iter4615","iter4616","iter4617","iter4618","iter4619","iter4620","iter4621","iter4622","iter4623","iter4624","iter4625","iter4626","iter4627","iter4628","iter4629","iter4630","iter4631","iter4632","iter4633","iter4634","iter4635","iter4636","iter4637","iter4638","iter4639","iter4640","iter4641","iter4642","iter4643","iter4644","iter4645","iter4646","iter4647","iter4648","iter4649","iter4650","iter4651","iter4652","iter4653","iter4654","iter4655","iter4656","iter4657","iter4658","iter4659","iter4660","iter4661","iter4662","iter4663","iter4664","iter4665","iter4666","iter4667","iter4668","iter4669","iter4670","iter4671","iter4672","iter4673","iter4674","iter4675","iter4676","iter4677","iter4678","iter4679","iter4680","iter4681","iter4682","iter4683","iter4684","iter4685","iter4686","iter4687","iter4688","iter4689","iter4690","iter4691","iter4692","iter4693","iter4694","iter4695","iter4696","iter4697","iter4698","iter4699","iter4700","iter4701","iter4702","iter4703","iter4704","iter4705","iter4706","iter4707","iter4708","iter4709","iter4710","iter4711","iter4712","iter4713","iter4714","iter4715","iter4716","iter4717","iter4718","iter4719","iter4720","iter4721","iter4722","iter4723","iter4724","iter4725","iter4726","iter4727","iter4728","iter4729","iter4730","iter4731","iter4732","iter4733","iter4734","iter4735","iter4736","iter4737","iter4738","iter4739","iter4740","iter4741","iter4742","iter4743","iter4744","iter4745","iter4746","iter4747","iter4748","iter4749","iter4750","iter4751","iter4752","iter4753","iter4754","iter4755","iter4756","iter4757","iter4758","iter4759","iter4760","iter4761","iter4762","iter4763","iter4764","iter4765","iter4766","iter4767","iter4768","iter4769","iter4770","iter4771","iter4772","iter4773","iter4774","iter4775","iter4776","iter4777","iter4778","iter4779","iter4780","iter4781","iter4782","iter4783","iter4784","iter4785","iter4786","iter4787","iter4788","iter4789","iter4790","iter4791","iter4792","iter4793","iter4794","iter4795","iter4796","iter4797","iter4798","iter4799","iter4800","iter4801","iter4802","iter4803","iter4804","iter4805","iter4806","iter4807","iter4808","iter4809","iter4810","iter4811","iter4812","iter4813","iter4814","iter4815","iter4816","iter4817","iter4818","iter4819","iter4820","iter4821","iter4822","iter4823","iter4824","iter4825","iter4826","iter4827","iter4828","iter4829","iter4830","iter4831","iter4832","iter4833","iter4834","iter4835","iter4836","iter4837","iter4838","iter4839","iter4840","iter4841","iter4842","iter4843","iter4844","iter4845","iter4846","iter4847","iter4848","iter4849","iter4850","iter4851","iter4852","iter4853","iter4854","iter4855","iter4856","iter4857","iter4858","iter4859","iter4860","iter4861","iter4862","iter4863","iter4864","iter4865","iter4866","iter4867","iter4868","iter4869","iter4870","iter4871","iter4872","iter4873","iter4874","iter4875","iter4876","iter4877","iter4878","iter4879","iter4880","iter4881","iter4882","iter4883","iter4884","iter4885","iter4886","iter4887","iter4888","iter4889","iter4890","iter4891","iter4892","iter4893","iter4894","iter4895","iter4896","iter4897","iter4898","iter4899","iter4900","iter4901","iter4902","iter4903","iter4904","iter4905","iter4906","iter4907","iter4908","iter4909","iter4910","iter4911","iter4912","iter4913","iter4914","iter4915","iter4916","iter4917","iter4918","iter4919","iter4920","iter4921","iter4922","iter4923","iter4924","iter4925","iter4926","iter4927","iter4928","iter4929","iter4930","iter4931","iter4932","iter4933","iter4934","iter4935","iter4936","iter4937","iter4938","iter4939","iter4940","iter4941","iter4942","iter4943","iter4944","iter4945","iter4946","iter4947","iter4948","iter4949","iter4950","iter4951","iter4952","iter4953","iter4954","iter4955","iter4956","iter4957","iter4958","iter4959","iter4960","iter4961","iter4962","iter4963","iter4964","iter4965","iter4966","iter4967","iter4968","iter4969","iter4970","iter4971","iter4972","iter4973","iter4974","iter4975","iter4976","iter4977","iter4978","iter4979","iter4980","iter4981","iter4982","iter4983","iter4984","iter4985","iter4986","iter4987","iter4988","iter4989","iter4990","iter4991","iter4992","iter4993","iter4994","iter4995","iter4996","iter4997","iter4998","iter4999","iter5000"
0,-39.536,-40.4134,-40.3176,-41.2366,-41.0662,-42.1595,-40.3446,-39.3344,-42.1551,-41.5483,-43.0449,-42.3842,-42.684,-42.5851,-42.7228,-41.1589,-41.3753,-41.0626,-40.7029,-42.0262,-42.0344,-42.7337,-38.6737,-42.0487,-42.1791,-38.9482,-41.2819,-43.2757,-42.8677,-42.6728,-42.9552,-41.6843,-41.3744,-41.4629,-41.4316,-40.9642,-40.8166,-40.0212,-40.3774,-42.6479,-42.5418,-45.5978,-42.8449,-41.899,-42.0552,-42.1557,-38.757,-40.4242,-42.9968,-44.0094,-40.6203,-40.131,-42.4098,-43.0701,-44.1914,-42.173,-42.6486,-42.1616,-43.5034,-42.7578,-42.402,-42.6175,-40.9934,-43.1131,-42.6718,-44.1133,-43.7475,-42.2536,-42.737,-41.9818,-41.4299,-44.3923,-43.8534,-41.3874,-42.7668,-43.6525,-42.7607,-42.5886,-42.3843,-41.6897,-43.7891,-45.1545,-42.0572,-41.3184,-41.3371,-41.8058,-40.4309,-40.8364,-42.5775,-41.0301,-41.2675,-38.4653,-39.9868,-41.4604,-41.156,-42.0771,-42.2875,-42.5187,-42.2401,-42.0091,-43.5286,-43.656,-42.3544,-43.0128,-42.0755,-41.842,-41.6525,-42.1024,-41.5366,-40.0228,-43.6602,-44.3967,-44.8354,-42.4595,-41.5476,-41.5846,-42.0259,-42.0269,-42.2335,-42.3204,-42.115,-44.6814,-43.4017,-41.8848,-42.8231,-41.7884,-43.8569,-40.2193,-40.883,-41.6202,-41.1583,-41.6702,-42.3521,-39.3266,-40.85,-40.4349,-39.9818,-42.0836,-42.0894,-42.2983,-41.1876,-41.1118,-41.4563,-41.6381,-40.721,-43.1853,-44.0221,-43.7011,-44.5024,-43.3538,-42.4841,-44.3851,-43.0726,-43.987,-41.8085,-42.5519,-43.6851,-41.4143,-40.9212,-40.8664,-41.4618,-41.8259,-42.4785,-44.2979,-42.8142,-48.149,-41.5175,-42.1019,-42.44,-41.3841,-43.4079,-43.8044,-43.6061,-42.1004,-44.5522,-40.8172,-40.8287,-41.333,-41.7861,-41.7347,-41.8116,-43.9043,-46.7539,-42.8718,-41.7202,-42.5371,-41.5444,-40.4424,-42.523,-40.7695,-41.6048,-41.9002,-41.9284,-42.1029,-41.7815,-41.7243,-41.978,-42.2843,-42.8674,-39.6246,-41.7109,-42.8099,-44.0393,-43.3962,-40.6301,-40.2764,-40.5374,-40.6632,-41.1659,-43.036,-43.0108,-41.2244,-44.6903,-44.2335,-44.2629,-44.4597,-40.4246,-43.3231,-41.5296,-39.8752,-39.8752,-43.6694,-42.6138,-37.9205,-43.6003,-42.8943,-42.448,-41.0768,-40.5687,-40.0588,-42.0505,-41.9623,-40.9054,-40.9633,-42.1806,-41.7288,-43.2618,-42.5803,-42.637,-42.3929,-42.0271,-41.7838,-42.3905,-42.9,-41.6954,-43.441,-41.1575,-41.5542,-43.959,-40.6053,-41.3202,-41.3694,-40.4112,-40.461,-43.8196,-42.9833,-42.2714,-40.4946,-43.2549,-42.2706,-42.4336,-42.3134,-41.6636,-41.2092,-41.9561,-40.625,-41.0916,-42.1338,-41.2246,-42.7247,-41.5354,-39.8453,-43.1008,-43.2774,-42.5165,-39.6839,-38.7416,-40.0284,-43.6841,-43.3375,-36.5848,-43.1847,-43.5301,-44.3486,-42.7562,-38.6517,-42.9418,-42.6004,-43.4008,-43.3008,-43.2166,-43.1266,-42.2497,-41.4581,-40.1911,-40.642,-40.2559,-41.1213,-42.1181,-42.8996,-43.7597,-41.4944,-41.1708,-41.9813,-42.3164,-42.273,-42.72,-41.1077,-37.9648,-38.8435,-39.8301,-40.5143,-41.442,-42.286,-44.3071,-43.131,-41.3893,-43.5773,-44.0977,-43.2902,-42.572,-41.8341,-42.1435,-40.9591,-41.905,-44.5177,-42.8808,-43.8811,-42.1973,-40.8069,-39.997,-42.7876,-41.9995,-41.7196,-41.833,-40.4909,-42.9459,-43.2324,-42.239,-42.9268,-43.3928,-41.93,-42.1867,-42.2482,-42.7643,-42.9014,-41.5962,-41.9773,-42.4336,-41.4974,-42.7137,-42.5598,-42.2349,-41.3118,-42.3277,-44.6301,-42.5249,-43.8918,-41.7819,-41.9855,-42.1347,-43.196,-42.7085,-40.3006,-40.2817,-39.9059,-42.0831,-41.916,-41.6022,-43.1546,-41.1965,-41.2608,-40.0665,-40.9021,-44.2612,-44.2612,-43.7396,-43.7403,-42.8194,-42.7537,-42.4238,-42.0255,-42.036,-42.7492,-44.292,-44.1013,-42.1709,-43.327,-40.5627,-40.9317,-39.839,-42.645,-41.8882,-40.6393,-41.1226,-43.5624,-43.2885,-40.9748,-41.0409,-42.9466,-40.658,-42.6173,-42.2119,-44.0104,-40.3797,-42.2096,-40.8091,-41.0398,-40.1953,-42.771,-42.9675,-43.1476,-42.2704,-41.9368,-42.0915,-42.8734,-43.1412,-41.6823,-41.9505,-42.811,-42.5079,-43.541,-46.2782,-44.87,-42.7826,-41.99,-41.639,-41.4885,-40.7228,-41.2291,-41.5626,-41.3119,-42.0635,-41.9489,-42.5275,-40.8572,-38.8818,-41.8026,-41.9479,-42.7785,-42.9571,-44.1584,-44.6035,-42.5243,-41.3959,-41.6207,-40.6086,-39.4617,-40.6318,-40.1447,-42.1494,-40.7164,-39.0166,-46.1521,-42.4395,-40.1617,-41.9695,-40.4494,-40.9888,-42.4305,-42.668,-42.9675,-43.0672,-36.0682,-42.9389,-41.9362,-43.8,-42.5555,-42.3121,-41.7786,-41.5445,-42.6372,-42.3591,-44.1316,-43.122,-41.1194,-42.1524,-41.5618,-40.487,-41.4346,-41.0677,-38.8843,-39.8479,-42.7273,-42.5284,-41.7406,-39.6312,-41.2991,-41.5516,-42.0049,-42.424,-42.9094,-43.1076,-42.6617,-42.7093,-44.8405,-43.2822,-41.1421,-39.8103,-41.0516,-41.0391,-42.0879,-42.3697,-42.8083,-43.2245,-43.1414,-44.7086,-43.2977,-42.2645,-45.1812,-43.8495,-45.0837,-42.6593,-41.7562,-43.2251,-42.8899,-41.4925,-41.5923,-42.7237,-43.307,-41.2775,-42.5049,-42.9527,-44.9874,-41.4831,-41.9516,-42.0531,-41.8281,-41.7058,-41.7844,-42.3673,-42.5914,-41.4456,-44.0194,-41.3122,-43.9152,-41.4012,-40.2525,-40.7396,-41.4156,-41.0786,-40.7271,-42.5398,-43.1224,-43.0983,-42.2745,-42.0391,-42.0018,-42.3722,-44.2177,-42.9372,-43.979,-41.2597,-42.862,-42.2683,-41.473,-37.6788,-44.4841,-38.8217,-42.9766,-42.8288,-44.3829,-42.4706,-44.803,-43.0683,-41.7873,-42.4575,-42.9967,-39.9462,-40.272,-42.0682,-40.7998,-42.3378,-42.8423,-43.2294,-41.9384,-41.2612,-41.6039,-42.614,-43.1355,-38.2237,-44.7561,-43.3615,-40.1014,-42.1033,-42.1789,-42.2558,-42.0818,-42.2551,-41.8357,-43.9043,-43.0131,-42.4242,-43.4181,-42.4267,-41.0807,-43.7892,-41.1961,-41.6163,-41.7219,-41.9448,-42.6731,-42.513,-40.578,-40.7823,-40.5248,-41.1591,-42.1913,-41.9881,-41.9056,-42.402,-42.1785,-41.8909,-41.1488,-42.0382,-41.5579,-42.0088,-41.1182,-41.6028,-41.6138,-42.8092,-41.3845,-38.2971,-41.1823,-42.4364,-41.164,-41.3514,-42.6054,-37.4972,-40.5413,-43.173,-41.2159,-42.3897,-41.062,-41.7464,-41.766,-41.383,-42.6656,-43.5855,-41.1066,-41.3301,-41.4854,-42.592,-43.9175,-42.5096,-42.0366,-41.7774,-42.1468,-42.1819,-41.7675,-42.1382,-42.2325,-43.0316,-41.3179,-42.7035,-43.9648,-41.7072,-43.4126,-41.2731,-41.9693,-42.3149,-42.4778,-42.0978,-40.7008,-41.0136,-41.5912,-42.0277,-37.5409,-38.4881,-41.6108,-40.1225,-41.8128,-42.7953,-41.7643,-36.6722,-41.2311,-41.904,-42.6169,-42.403,-42.4618,-41.0412,-41.6124,-41.4608,-41.3057,-42.4932,-41.3956,-41.5093,-39.9899,-41.2996,-43.2375,-42.1621,-41.1679,-41.9144,-41.3795,-42.5198,-41.7591,-39.4988,-40.7946,-38.4718,-43.1113,-42.1534,-42.116,-40.7842,-40.6608,-40.9517,-41.3311,-41.6039,-39.6836,-39.3817,-44.7762,-42.8348,-43.3275,-42.6255,-42.5575,-41.8,-40.7923,-42.4027,-42.4027,-41.6751,-41.2121,-42.2753,-41.3063,-42.3396,-42.3909,-43.0201,-43.2927,-41.6034,-41.83,-40.6802,-41.0147,-42.7001,-42.3574,-43.4232,-42.884,-42.2457,-42.1973,-40.7743,-41.36,-41.6279,-40.9027,-40.6091,-40.9983,-42.362,-42.6164,-42.3473,-43.6206,-44.367,-40.2049,-40.8594,-40.3814,-41.3721,-41.6352,-43.1312,-40.6973,-42.3013,-41.763,-43.464,-43.4975,-43.26,-42.5574,-41.8977,-42.9298,-43.1362,-41.783,-41.5991,-42.975,-42.7164,-41.9947,-38.7268,-39.3738,-41.7231,-41.1977,-42.2796,-41.709,-41.4367,-40.807,-41.1148,-42.5633,-42.7835,-42.9362,-42.5349,-41.6315,-41.1679,-41.7055,-40.8435,-39.7789,-42.612,-43.2553,-41.119,-40.6679,-41.2949,-41.1136,-41.4992,-39.2658,-41.78,-40.3824,-36.4099,-41.3212,-42.2187,-42.2969,-41.0405,-41.8267,-41.0138,-44.1318,-43.0817,-43.2959,-43.7443,-42.1157,-40.9853,-41.6411,-41.7173,-41.459,-43.4956,-41.8642,-42.1612,-45.2778,-47.6499,-41.3024,-45.2958,-43.8177,-44.4249,-43.4514,-41.9143,-42.2303,-42.1066,-42.8093,-44.8591,-42.1722,-42.3307,-42.1846,-43.241,-42.1278,-42.8697,-42.2329,-40.877,-41.6774,-41.3005,-42.0775,-42.7029,-42.9524,-42.4098,-41.7167,-42.9976,-40.196,-40.9969,-41.2103,-42.0748,-43.0588,-42.0828,-43.753,-40.4555,-40.5658,-41.5607,-40.9762,-42.3647,-42.3396,-42.014,-41.6235,-41.772,-40.473,-40.1631,-44.678,-43.4812,-43.2666,-42.5361,-40.9238,-41.4063,-41.3702,-42.1327,-40.5312,-43.7793,-42.8782,-43.0109,-43.3258,-44.1672,-42.2911,-41.8491,-41.8416,-41.999,-43.3585,-44.009,-42.9107,-41.0942,-42.546,-42.1096,-43.0996,-41.51,-43.7462,-41.6081,-40.8911,-41.8265,-41.9891,-42.5404,-43.4869,-42.3122,-42.1541,-39.1408,-40.966,-40.8259,-41.868,-42.9483,-43.1817,-43.4376,-43.2817,-41.3535,-42.2286,-42.3954,-42.8906,-42.5908,-42.5566,-43.3525,-44.4017,-46.9082,-44.1045,-43.3262,-42.5306,-43.7645,-41.5717,-41.8183,-42.052,-41.3907,-41.2074,-40.9418,-41.1659,-41.8012,-41.9488,-42.1402,-41.9624,-41.7522,-43.4666,-42.5634,-43.8877,-44.7664,-43.0292,-42.0524,-42.3785,-42.2904,-41.2185,-44.4796,-41.7677,-42.6136,-42.1132,-43.6186,-41.2565,-39.7797,-41.4296,-43.4412,-39.7798,-40.4798,-41.7612,-42.8569,-43.3647,-41.829,-43.05,-43.0549,-43.188,-41.8296,-41.4209,-41.9131,-42.8582,-42.9109,-43.8458,-40.3747,-42.9356,-42.1201,-41.8572,-42.2346,-41.3722,-41.2971,-41.6408,-42.0632,-41.6075,-39.3847,-43.1816,-41.8379,-43.1613,-42.6285,-42.1964,-38.2069,-42.1902,-42.7848,-43.6367,-39.9567,-41.3011,-42.9544,-40.8614,-41.8105,-40.2423,-39.8323,-42.8258,-43.4389,-42.6689,-43.1718,-40.8354,-40.6261,-41.2907,-41.7878,-40.1169,-43.2959,-43.9959,-40.3855,-42.0924,-41.7865,-42.3172,-45.2601,-43.1407,-42.94,-42.0728,-41.1036,-41.0059,-42.5611,-42.7707,-42.4428,-44.5893,-43.7431,-42.9785,-41.0747,-46.3413,-41.1261,-41.4112,-42.4516,-41.933,-42.2651,-42.6724,-42.74,-44.3923,-40.393,-41.9659,-45.8862,-44.288,-44.6455,-42.4519,-42.0826,-39.425,-41.7188,-42.3631,-41.4692,-41.3615,-36.3833,-40.772,-41.1219,-41.0204,-41.9525,-43.8366,-40.769,-43.258,-42.3479,-41.1419,-42.8061,-42.5115,-42.7979,-41.8691,-42.6398,-41.5865,-41.7828,-41.4282,-41.7728,-43.9885,-44.7534,-43.8343,-43.3778,-43.2957,-41.8903,-42.4262,-42.1675,-41.7397,-42.0438,-40.7272,-43.0436,-41.3314,-41.2097,-41.3506,-41.2535,-43.1024,-42.6073,-42.9685,-42.9133,-42.8333,-42.8517,-42.6779,-42.7898,-41.9419,-43.5532,-43.0626,-41.313,-41.213,-42.7813,-43.768,-42.7397,-40.1662,-41.8553,-41.8109,-40.7691,-40.7417,-41.7721,-40.2055,-38.8889,-43.0967,-40.4948,-41.6425,-40.8472,-41.1092,-42.2111,-42.2343,-41.8058,-43.1351,-42.2407,-43.4354,-42.3994,-43.0906,-42.6704,-43.1302,-42.5567,-42.0583,-42.2909,-42.2247,-42.7468,-40.9546,-38.1936,-34.1056,-42.1257,-41.5172,-39.8188,-40.3196,-42.401,-38.6914,-36.6,-44.8974,-42.3467,-41.8479,-42.9226,-42.2201,-43.64,-43.0947,-42.1119,-40.823,-41.3289,-41.9601,-41.8544,-42.5631,-42.4493,-42.2061,-41.4817,-40.744,-41.9987,-39.1064,-43.48,-42.7264,-42.3253,-42.0224,-42.4775,-43.0282,-40.425,-38.8248,-41.1831,-41.8715,-41.5391,-42.0594,-41.8921,-42.7768,-41.3187,-41.23,-41.3062,-41.2689,-40.5813,-42.9792,-41.0918,-41.2143,-41.8109,-42.6533,-43.0297,-42.7161,-42.6018,-43.5794,-43.9096,-43.3923,-40.764,-43.0652,-42.3224,-42.568,-42.9322,-41.4677,-44.0367,-42.6909,-42.8112,-42.4405,-42.0406,-43.4212,-41.411,-41.6824,-41.6349,-44.893,-42.7583,-39.2491,-42.3874,-41.0011,-41.9796,-40.68,-41.3178,-41.5544,-40.5094,-42.4444,-43.1892,-41.8419,-43.2221,-41.5407,-39.8864,-39.6568,-42.0073,-41.0494,-42.049,-41.9839,-40.0443,-40.6947,-41.9158,-41.6687,-42.1131,-42.403,-42.4253,-41.004,-40.7047,-41.3061,-41.1378,-39.6834,-41.8023,-42.1295,-42.7308,-41.714,-41.8904,-42.7198,-40.0468,-43.0957,-43.2461,-42.8195,-43.2898,-40.8407,-41.6915,-42.5156,-43.8423,-43.3984,-44.4865,-43.43,-42.298,-40.6669,-42.486,-40.5912,-43.8775,-41.3806,-39.4328,-37.8092,-42.4528,-40.7921,-42.8662,-42.2651,-43.6071,-43.7045,-41.0572,-41.6318,-42.7854,-42.7674,-43.0248,-44.1505,-45.1151,-42.8353,-41.0476,-41.8774,-41.3252,-43.762,-43.7423,-43.0614,-41.6984,-42.1745,-42.3873,-40.4092,-43.1789,-42.4261,-42.4261,-39.816,-39.8749,-40.1983,-40.4992,-40.168,-41.816,-41.5254,-41.1957,-40.9657,-40.5975,-43.9239,-45.4955,-43.6299,-41.2524,-41.8703,-43.9119,-43.815,-43.6071,-42.8818,-43.4986,-43.3147,-43.1565,-43.2081,-41.6353,-41.748,-42.5415,-40.9393,-41.3396,-41.2672,-41.2422,-40.8205,-41.7148,-39.4864,-41.4762,-42.3771,-40.894,-41.4559,-40.2392,-38.7133,-41.2229,-41.0702,-41.2631,-41.9119,-41.2345,-39.2082,-45.4348,-45.3749,-41.983,-42.8783,-42.1299,-41.0615,-41.3276,-41.8669,-41.6972,-43.3335,-41.7534,-42.9319,-41.1742,-42.9391,-42.7125,-42.2365,-44.7548,-45.2005,-42.891,-43.4875,-43.3938,-43.2401,-41.4626,-40.6247,-41.6096,-40.5919,-41.7419,-41.4022,-41.4931,-41.2611,-42.3005,-43.2633,-43.0469,-44.8633,-45.6286,-41.6081,-40.3578,-39.7845,-41.6701,-41.7709,-43.9681,-42.1534,-39.3257,-43.0362,-43.6019,-41.1503,-44.8214,-44.3394,-44.3012,-43.8958,-41.9379,-41.1897,-41.8329,-42.0144,-45.2908,-42.0632,-43.1905,-41.4166,-41.3542,-41.7663,-42.0441,-42.8998,-43.7125,-42.5497,-41.5781,-40.1871,-38.8561,-40.1221,-41.6084,-40.1703,-40.7059,-40.8591,-39.3315,-41.6792,-42.5225,-41.8444,-42.1325,-39.6903,-42.1747,-43.7552,-42.2132,-40.8342,-39.3368,-40.87,-40.56,-43.1191,-41.2611,-44.1146,-42.347,-41.8122,-40.9745,-40.6838,-40.5179,-43.1247,-42.825,-44.7501,-42.3093,-41.9523,-40.7094,-40.262,-42.5901,-42.2743,-42.354,-40.451,-42.3415,-41.2075,-41.3493,-41.4884,-40.2338,-40.7941,-43.0265,-43.1639,-41.325,-41.7782,-42.0907,-43.9715,-42.376,-43.0945,-41.6549,-42.8881,-40.9156,-41.284,-41.5562,-45.7879,-45.6402,-42.1242,-43.3945,-39.9553,-42.6494,-45.6829,-42.1882,-42.8546,-42.8917,-39.8933,-42.3915,-43.6543,-41.86,-43.6488,-42.2986,-40.8949,-43.0676,-42.8449,-41.9135,-39.8513,-41.0885,-41.4832,-41.4812,-40.9223,-41.0715,-38.9122,-39.8951,-42.6307,-42.7149,-42.1378,-40.8895,-42.7898,-44.5015,-42.9422,-42.0743,-42.0099,-42.2302,-41.6896,-42.5135,-40.5719,-41.6607,-40.6901,-43.7078,-42.1217,-39.0931,-41.4438,-43.034,-42.8375,-42.6385,-40.2862,-41.8881,-41.5404,-42.5761,-43.2023,-43.1781,-42.3567,-37.8745,-40.1116,-41.7683,-41.017,-41.2333,-41.9442,-43.7791,-41.603,-40.394,-41.4747,-42.2802,-39.9485,-40.3551,-42.8298,-40.5642,-40.4802,-41.6883,-42.3829,-42.7699,-43.4574,-41.4505,-42.0332,-41.9538,-42.0405,-42.0197,-42.0568,-41.1038,-42.9287,-42.142,-41.378,-40.3978,-38.6708,-40.7168,-34.5211,-37.7318,-39.0439,-42.5553,-41.89,-41.1639,-38.8949,-41.6439,-41.0546,-41.9722,-42.8677,-46.8806,-44.8215,-42.2288,-41.7155,-41.5497,-41.1772,-39.0996,-40.4492,-42.5776,-41.9902,-41.7807,-41.9764,-42.7285,-43.2567,-43.3511,-45.5939,-41.7918,-44.2513,-45.1667,-42.6802,-42.5886,-42.2669,-43.1415,-41.2748,-42.0412,-41.6145,-43.946,-47.6538,-44.1025,-44.457,-41.279,-41.2924,-41.9526,-42.8694,-40.6965,-43.8271,-41.2123,-42.7095,-42.4751,-39.4396,-41.5931,-43.7303,-41.6472,-39.5273,-40.2631,-42.2935,-43.5333,-41.5527,-41.8628,-41.9526,-40.8473,-43.4357,-42.7423,-41.3113,-42.1748,-42.94,-42.173,-39.765,-41.2185,-41.5675,-42.4097,-42.9999,-42.0833,-41.3072,-41.9977,-39.0285,-41.5574,-44.7877,-44.2217,-43.3755,-43.164,-43.4769,-42.3761,-42.6012,-42.1848,-40.696,-42.7604,-41.4338,-41.9724,-41.6372,-41.4873,-41.5497,-41.3218,-40.9472,-42.1345,-42.1945,-41.0367,-41.4818,-41.3515,-41.0391,-41.0436,-40.6715,-42.7844,-42.0808,-43.377,-42.6671,-42.8821,-40.5316,-41.1292,-42.1034,-42.7745,-42.1088,-41.9369,-41.0501,-42.2192,-48.9408,-43.2343,-42.0357,-43.8099,-42.0209,-41.8352,-41.496,-40.7492,-42.3028,-42.6358,-43.4564,-42.8134,-42.7194,-43.2706,-44.6244,-41.3671,-43.1777,-42.6479,-41.0049,-41.3696,-41.3137,-42.2606,-39.6952,-43.3763,-42.9391,-44.0808,-45.9984,-41.6494,-45.3581,-40.7346,-40.9097,-39.7364,-43.9078,-42.9162,-39.1375,-40.8224,-41.5353,-43.73,-42.4705,-42.3867,-40.8082,-40.4419,-40.3822,-41.0628,-43.6585,-39.7783,-41.2127,-41.4133,-40.9426,-38.3091,-42.9116,-42.6358,-41.1418,-43.5402,-43.3041,-42.5605,-41.7735,-43.2689,-43.174,-44.131,-43.575,-41.7616,-38.6575,-38.7174,-39.6117,-42.9147,-43.4403,-41.5019,-40.9292,-41.4253,-40.7908,-42.8508,-41.5035,-43.7281,-41.1388,-42.4702,-42.2353,-42.0153,-42.3786,-42.4693,-44.0612,-43.9208,-41.4195,-41.6322,-42.7414,-42.914,-44.3315,-42.2147,-42.2864,-41.8023,-43.3314,-43.1809,-42.8164,-41.4342,-43.571,-43.155,-42.939,-41.2304,-42.1315,-39.0012,-39.1948,-38.7228,-42.9571,-42.4115,-42.4647,-42.5807,-40.104,-40.7359,-39.8011,-39.8156,-39.1147,-41.6094,-42.1635,-41.1005,-39.747,-42.1876,-42.5258,-41.0236,-40.2048,-44.7506,-42.7865,-43.2913,-42.3912,-43.2543,-43.0979,-43.1383,-43.1557,-42.7021,-37.2203,-42.8539,-41.1633,-40.4991,-42.0668,-42.0668,-41.9297,-41.9263,-40.0507,-41.7862,-41.3645,-42.0137,-42.6323,-42.6855,-43.0728,-43.1933,-43.0759,-42.3894,-41.4819,-41.2448,-42.5585,-42.1698,-40.4445,-45.3211,-42.1341,-43.5483,-42.0677,-40.2453,-43.911,-41.9381,-40.9771,-41.0694,-43.001,-43.3016,-40.7147,-41.6057,-42.9187,-39.4325,-42.3171,-45.2739,-41.7554,-42.3152,-42.4716,-42.1924,-44.1511,-41.3438,-41.5583,-41.3385,-42.8724,-43.0978,-40.9021,-42.2691,-40.0872,-40.1805,-38.6981,-40.4169,-41.5199,-43.9669,-41.8312,-42.1321,-40.5259,-42.9725,-42.7047,-42.594,-41.9372,-41.3527,-42.2271,-43.2586,-41.4822,-43.4913,-39.4893,-41.4071,-42.7302,-43.0471,-41.1474,-39.771,-40.4549,-38.3216,-34.352,-37.4187,-42.6461,-41.369,-42.0051,-43.035,-42.2647,-42.354,-43.5506,-43.4927,-42.266,-43.5943,-42.6137,-43.5014,-43.4088,-43.8672,-43.2526,-43.397,-41.7792,-43.6287,-42.8403,-40.9809,-40.1906,-41.3283,-41.198,-41.5732,-41.8146,-42.1135,-41.0974,-40.7128,-39.7303,-42.1431,-42.0033,-42.0033,-42.448,-42.3041,-41.9378,-43.1351,-42.727,-42.4618,-43.7142,-40.9456,-43.6591,-42.9639,-42.9453,-44.2151,-42.1107,-42.1107,-42.3084,-41.3878,-41.4768,-39.3793,-42.4446,-41.7496,-38.6171,-42.2431,-43.3584,-43.9297,-38.8316,-42.8842,-42.8964,-43.2212,-41.1434,-40.9214,-42.0127,-43.257,-42.9413,-42.8777,-42.5904,-42.536,-42.6619,-42.4072,-41.8029,-43.4273,-40.9102,-42.3989,-41.4731,-42.0386,-41.7339,-42.1147,-41.9106,-40.5777,-42.3337,-42.7906,-43.242,-41.971,-42.022,-41.3154,-42.1462,-44.8373,-42.0387,-43.7624,-40.1526,-41.7892,-41.2599,-42.0706,-43.1769,-42.2063,-42.2443,-40.954,-40.9193,-42.6032,-43.1511,-42.7479,-42.1044,-41.4487,-40.9099,-43.104,-42.8479,-42.8118,-40.8481,-40.8021,-40.7581,-40.5614,-41.7958,-40.9924,-41.8368,-40.4634,-40.6533,-42.1704,-42.4315,-42.6023,-41.0148,-40.7355,-39.6056,-40.291,-41.5089,-44.3155,-40.835,-40.8214,-43.0824,-41.9723,-40.6611,-41.1541,-41.0622,-41.219,-42.8175,-42.9758,-42.0243,-45.6911,-38.9562,-42.3493,-40.3776,-41.2156,-43.4731,-43.5908,-44.5265,-43.7331,-42.1131,-42.4781,-42.7219,-42.2414,-41.6147,-42.7098,-42.2334,-39.7902,-41.7748,-41.2274,-41.15,-41.9614,-43.6783,-44.503,-41.9345,-41.4702,-41.8292,-42.3719,-41.2844,-42.7498,-43.3781,-43.3479,-42.8074,-43.7406,-42.5439,-42.8111,-43.1688,-44.2735,-42.9276,-43.4299,-40.9138,-40.9329,-41.756,-39.5948,-40.8764,-41.3196,-41.5718,-41.7648,-39.1314,-41.9613,-42.7013,-39.3598,-38.576,-41.5018,-41.6112,-42.9954,-40.7163,-41.4322,-44.2461,-42.3288,-39.3484,-42.5751,-41.9816,-43.1543,-41.4676,-41.6091,-42.2791,-41.8373,-42.1135,-42.299,-42.355,-42.7854,-41.6837,-42.652,-41.9427,-42.8052,-41.9753,-41.9226,-41.7108,-42.6113,-42.2716,-43.5207,-44.2539,-43.1143,-41.103,-42.8038,-43.9671,-42.7503,-42.6371,-42.1838,-43.255,-43.6256,-45.4129,-45.0731,-43.8176,-42.034,-41.4431,-40.1376,-41.216,-41.3846,-42.5468,-41.2617,-41.7979,-41.7979,-40.8067,-42.0437,-41.136,-43.8642,-42.6636,-42.8439,-42.723,-42.5938,-42.7112,-45.3001,-44.19,-43.6052,-43.0337,-43.0311,-43.3703,-42.8943,-40.6911,-40.4741,-42.8185,-42.8972,-43.7681,-45.3367,-43.1492,-43.029,-41.0158,-42.8965,-42.3363,-41.3147,-43.8512,-41.5304,-42.5214,-41.4011,-42.8188,-42.7128,-42.3223,-42.3104,-42.0338,-42.4358,-42.2251,-42.2748,-48.8929,-42.5397,-41.5518,-39.3459,-44.2358,-42.9268,-43.1218,-42.9329,-42.6662,-42.6072,-42.1292,-42.0203,-40.1698,-40.1744,-41.0486,-43.9543,-43.1004,-42.6713,-41.8098,-44.3913,-42.7679,-39.2738,-41.6285,-41.0661,-41.2323,-42.3331,-40.0821,-41.2174,-43.2078,-42.1775,-41.1825,-42.6704,-43.2784,-42.8365,-41.891,-44.9753,-37.6595,-42.2998,-42.77,-43.4373,-42.0028,-40.7258,-40.5679,-38.5808,-39.3792,-41.7894,-42.0305,-42.3588,-41.8181,-40.6258,-40.7743,-41.0821,-41.2391,-42.3087,-43.1904,-41.7222,-43.6053,-43.6472,-40.8231,-42.0222,-42.7965,-41.6277,-41.897,-44.2107,-42.9886,-45.2301,-44.2517,-41.691,-39.9754,-40.079,-42.7232,-43.0953,-42.5247,-42.7897,-40.9031,-42.1476,-42.6164,-42.2407,-42.8586,-41.7444,-42.3516,-39.403,-39.403,-40.8443,-44.0374,-44.3813,-43.0653,-43.7986,-42.7497,-43.2429,-41.8047,-41.8437,-42.4154,-41.6521,-42.5848,-42.3583,-44.0468,-42.224,-41.9659,-39.3182,-43.249,-43.249,-41.2565,-41.7255,-41.8281,-42.2947,-43.0062,-42.622,-42.3203,-43.3083,-41.8545,-41.7716,-43.1141,-43.1815,-43.878,-39.8307,-41.7978,-44.5324,-40.9911,-39.6732,-39.6309,-39.6648,-39.6775,-39.6625,-41.5221,-42.0343,-40.9335,-43.8798,-42.4151,-42.2194,-41.0719,-41.368,-41.2484,-41.0867,-40.9256,-42.0632,-42.0188,-42.9632,-41.365,-41.4785,-40.7185,-41.1583,-40.9374,-40.9374,-41.5817,-41.8518,-40.4351,-40.0756,-41.6349,-41.7363,-43.9398,-42.6506,-41.9597,-42.1346,-41.2425,-38.6469,-43.0772,-42.5726,-42.6703,-43.9303,-40.8057,-42.0251,-43.5006,-43.9836,-42.9431,-42.0235,-40.6835,-41.154,-40.8341,-42.681,-42.7194,-42.9235,-44.0471,-42.1416,-40.7929,-40.6253,-41.2997,-41.4869,-42.2838,-40.8201,-42.3617,-44.0805,-45.5266,-43.9449,-43.9449,-44.2312,-41.1267,-43.1341,-42.6854,-40.8608,-40.5292,-41.8188,-41.0504,-41.2477,-41.6761,-44.4107,-42.1666,-41.3483,-40.9138,-39.8974,-39.4078,-41.1897,-42.1052,-40.0409,-41.9325,-43.0356,-42.7328,-43.7214,-42.7079,-43.5665,-41.9065,-41.1115,-40.4006,-39.7784,-42.1389,-42.2098,-42.4282,-42.7229,-42.5712,-42.1121,-39.0654,-41.2556,-41.9459,-40.153,-42.8925,-42.6619,-42.3832,-42.8968,-41.5427,-43.0116,-42.3354,-42.1468,-46.9682,-42.1119,-40.9964,-40.4286,-41.125,-40.502,-40.8628,-40.1253,-42.4866,-42.8723,-42.973,-43.9948,-44.5225,-41.4187,-41.2964,-41.8256,-41.1579,-42.3412,-39.6937,-41.9196,-42.3985,-41.8872,-42.9001,-42.7142,-42.5751,-41.7722,-41.5202,-41.8344,-41.8254,-41.2023,-41.134,-42.5538,-39.278,-41.8771,-41.5521,-43.7451,-43.5865,-42.415,-42.3458,-40.6854,-40.741,-41.7334,-42.2116,-41.4425,-41.4131,-41.3499,-43.0296,-43.2161,-41.1839,-41.7254,-42.9901,-43.2504,-40.8451,-40.7613,-41.1422,-40.5304,-40.9325,-45.0237,-44.0014,-43.4737,-43.0101,-42.4219,-41.6271,-41.6423,-41.6052,-41.683,-42.4861,-41.7005,-41.3127,-43.0131,-43.9573,-42.5688,-43.1283,-41.1631,-42.8216,-40.7534,-40.484,-41.0998,-42.6135,-40.9904,-41.535,-43.4105,-44.6443,-46.4177,-42.9852,-42.5995,-42.2592,-41.7336,-44.8396,-42.8518,-41.0241,-41.0241,-42.6393,-41.1701,-41.5034,-41.5142,-43.3195,-42.9931,-43.3398,-42.6355,-43.2492,-41.7857,-42.0781,-42.2467,-41.749,-42.3893,-41.4413,-40.0378,-41.0993,-42.4457,-41.8795,-41.1836,-42.8974,-41.0724,-40.9403,-43.7117,-44.4029,-41.6347,-42.5378,-39.9646,-41.5943,-43.037,-42.6991,-41.2813,-42.554,-42.2146,-42.1017,-41.965,-42.2651,-41.6123,-41.8349,-41.9649,-41.4386,-41.3213,-42.2507,-43.2087,-43.7296,-43.5932,-41.494,-41.0234,-41.9185,-41.8035,-40.5693,-42.4488,-41.6556,-42.3122,-43.0435,-41.2793,-41.338,-39.5337,-41.9333,-43.0479,-41.6485,-41.2349,-40.0151,-42.5193,-40.377,-40.7967,-42.0299,-41.8463,-42.4337,-43.7441,-41.1949,-41.5513,-40.2627,-40.2254,-42.3779,-42.2691,-42.005,-41.6418,-41.7411,-41.9219,-42.0021,-39.9418,-41.5247,-41.6326,-43.1491,-42.1371,-43.368,-43.4959,-40.5976,-42.9274,-43.0228,-43.4444,-43.9179,-45.0412,-40.8618,-41.3491,-41.3513,-38.5366,-42.0053,-41.1803,-41.1927,-37.2079,-41.5047,-43.1937,-42.854,-40.6546,-40.7827,-40.5962,-39.7084,-43.2537,-45.9794,-44.3141,-42.0915,-42.4876,-40.77,-40.271,-41.0883,-40.4311,-40.859,-43.5602,-40.2414,-42.3817,-42.1276,-42.5809,-42.4855,-43.0475,-40.671,-42.6598,-41.2374,-39.5177,-41.2345,-43.1471,-39.726,-42.5911,-42.6972,-41.9036,-41.7515,-43.9763,-43.0734,-43.3287,-42.5269,-41.6248,-41.953,-41.9359,-42.0196,-40.464,-40.1693,-40.0528,-41.4134,-42.5317,-42.0992,-40.1393,-41.8743,-41.5391,-41.1391,-43.8948,-40.2251,-42.1156,-41.2977,-39.5569,-40.2123,-42.1798,-43.1791,-42.5705,-43.8768,-45.0438,-44.5974,-43.012,-42.5602,-40.8323,-40.8345,-40.8545,-40.3581,-43.3374,-42.0414,-42.512,-42.3437,-43.8689,-41.4637,-41.3689,-41.8478,-41.9105,-44.3328,-40.7652,-42.347,-42.8643,-41.7351,-42.629,-42.6265,-43.4459,-41.8453,-41.3778,-41.7808,-41.6785,-41.8195,-41.7417,-41.9149,-41.9875,-41.5431,-42.5527,-44.9138,-39.9337,-39.1579,-41.5113,-41.8205,-39.953,-41.1925,-43.9485,-42.602,-42.602,-42.5624,-41.127,-40.7175,-41.6108,-40.8847,-41.8057,-41.9309,-41.0124,-43.4895,-44.6919,-43.5215,-41.6565,-42.5824,-42.0027,-42.8928,-43.178,-42.8854,-42.6199,-42.6756,-42.2346,-40.6437,-41.4108,-43.8197,-40.7242,-41.618,-40.1548,-41.9268,-40.9132,-41.3476,-43.3542,-43.1167,-43.5474,-42.2042,-41.8882,-39.74,-41.0836,-42.0466,-39.2537,-38.928,-34.2987,-41.0287,-40.0035,-42.7984,-42.706,-42.4172,-40.6276,-41.0137,-42.0297,-41.4612,-41.8801,-42.2685,-39.4194,-39.2277,-40.723,-40.8796,-39.3552,-41.0372,-39.4452,-40.2909,-38.7272,-41.9242,-40.4776,-40.0957,-41.9042,-44.3853,-38.9248,-42.156,-42.868,-43.6336,-44.1736,-41.8159,-42.3115,-41.4438,-42.1668,-38.062,-37.1769,-40.317,-41.3155,-42.2047,-43.5833,-43.2404,-41.5878,-40.6199,-39.0691,-42.2808,-43.6451,-43.3065,-43.3527,-41.4006,-42.253,-42.5044,-44.6529,-44.2344,-41.0125,-40.8571,-39.6392,-40.3001,-42.1857,-42.1343,-41.0771,-43.59,-40.4618,-40.031,-41.2559,-42.8901,-43.1726,-42.8629,-42.3044,-42.4745,-42.9636,-41.4325,-41.0865,-44.2685,-42.2195,-41.927,-41.7911,-43.1769,-42.3957,-41.7661,-42.0378,-41.8286,-40.0813,-42.1235,-42.2638,-41.7584,-42.6477,-41.6374,-41.7368,-39.5753,-39.9169,-40.3743,-41.7903,-41.4807,-42.5426,-42.6804,-41.828,-42.4601,-43.6215,-41.226,-40.7048,-42.473,-42.4416,-42.2567,-40.2803,-40.8302,-49.0898,-47.1984,-41.9061,-42.6823,-41.5545,-41.9927,-41.4416,-42.824,-43.7181,-41.3791,-42.0138,-43.8653,-43.1392,-43.1392,-41.4887,-43.1324,-43.3863,-43.3552,-44.8035,-40.7989,-40.3181,-40.3647,-42.9608,-42.0952,-42.6006,-42.8177,-44.7176,-41.5629,-41.5526,-41.2592,-42.8384,-41.6237,-41.7713,-42.5386,-42.5252,-45.8509,-42.6543,-42.9492,-40.9043,-41.5285,-41.2019,-40.9195,-42.6102,-44.9831,-41.6341,-42.8132,-40.9179,-41.8322,-42.6602,-41.6408,-42.3042,-42.7058,-42.5786,-41.7585,-40.7875,-40.9015,-41.0656,-42.2726,-41.8807,-41.6179,-43.4165,-42.8755,-41.7469,-42.8032,-42.2149,-41.7054,-42.2733,-43.0545,-41.9144,-40.3485,-41.5395,-43.186,-42.5585,-42.4242,-41.7777,-42.2796,-42.9602,-42.73,-41.8614,-41.1857,-41.6788,-42.3142,-42.3094,-42.3074,-40.3236,-43.3119,-41.9762,-39.6758,-42.9575,-42.8186,-42.7731,-42.5785,-41.2139,-42.0047,-42.8733,-42.7563,-44.2713,-41.0542,-41.253,-40.8678,-39.4929,-39.7968,-43.2423,-42.145,-41.1365,-42.8076,-41.7788,-41.0146,-42.1226,-42.8743,-41.922,-40.7923,-39.0331,-38.99,-39.1096,-39.0916,-43.2509,-43.0485,-43.1447,-40.222,-41.3856,-42.4776,-41.7051,-41.7856,-40.224,-42.4897,-42.2864,-42.3926,-41.1804,-40.7286,-40.4967,-40.9296,-42.6479,-39.0219,-40.6169,-46.4268,-44.9993,-43.716,-44.1987,-43.9871,-44.1243,-43.5765,-42.5712,-40.4474,-41.0675,-41.6996,-43.4275,-42.0204,-42.4876,-42.8433,-41.0863,-41.0952,-43.2831,-41.619,-39.9142,-41.9152,-42.7338,-42.259,-41.8382,-41.4148,-41.572,-41.812,-44.4931,-41.4415,-41.1731,-41.247,-42.5345,-41.1073,-41.3866,-41.5534,-40.0915,-43.89,-43.8878,-43.9284,-42.7014,-43.2547,-44.714,-42.0338,-42.368,-42.3486,-41.3813,-40.7043,-41.4934,-40.5446,-40.5446,-41.7548,-40.9051,-40.228,-41.4626,-42.2661,-41.979,-42.7462,-42.4033,-42.7138,-42.1922,-41.6248,-39.0648,-40.4015,-39.5097,-40.4251,-41.5086,-42.4664,-43.5778,-41.3553,-42.5682,-43.8543,-42.8125,-39.1307,-39.6852,-41.8531,-42.7517,-46.2625,-44.5791,-38.6814,-40.3578,-40.658,-40.4357,-40.129,-41.3454,-41.2872,-42.0489,-41.6164,-42.9428,-41.6323,-42.4299,-42.9528,-40.7996,-41.1536,-43.8003,-42.3797,-41.9304,-41.0669,-42.1341,-43.4975,-40.0084,-42.2159,-41.6339,-39.8633,-39.8552,-42.9357,-41.9571,-42.1784,-42.0653,-41.4553,-38.9697,-39.9205,-42.6733,-41.6142,-43.6151,-42.8127,-41.8558,-40.18,-41.7985,-43.1071,-42.8704,-41.962,-42.4539,-41.8337,-39.8493,-38.1929,-42.9861,-41.241,-44.4662,-43.2524,-43.6555,-41.7447,-40.9709,-40.1578,-42.9897,-42.9072,-46.6963,-43.2517,-45.1542,-40.4296,-43.9036,-45.4911,-38.6096,-43.0309,-43.6501,-42.919,-43.7018,-42.0702,-42.1846,-42.9618,-44.1079,-43.7821,-43.7529,-43.3732,-43.341,-41.2652,-41.7668,-43.0455,-42.1543,-41.671,-38.6612,-38.5816,-42.4419,-41.3947,-39.4988,-41.1059,-42.2667,-41.5171,-42.5693,-43.1674,-42.1736,-41.7442,-41.3513,-42.0072,-42.2659,-42.1903,-41.6186,-45.4981,-42.8872,-42.9777,-41.0747,-40.0603,-39.1118,-40.6029,-39.3048,-38.1113,-42.4643,-42.5889,-42.3583,-42.7923,-44.0481,-43.531,-41.8592,-42.7543,-42.3236,-41.6184,-41.1844,-47.8262,-42.7781,-43.0054,-44.0038,-44.2654,-43.6922,-40.0163,-41.9505,-42.5496,-44.164,-42.3374,-43.292,-43.3311,-43.3329,-42.6073,-42.7777,-42.1592,-44.0212,-43.2451,-42.053,-44.1127,-41.9766,-42.1639,-41.9752,-41.408,-41.4604,-42.0117,-41.9524,-39.9033,-42.1616,-43.532,-43.6985,-42.5606,-41.7809,-42.9003,-41.8632,-41.7106,-41.7589,-43.6634,-41.5412,-41.9412,-41.5097,-44.86,-42.4267,-42.7644,-42.9998,-43.4699,-41.4552,-40.1962,-41.412,-43.5478,-44.3781,-41.3115,-41.4242,-41.534,-41.4509,-41.4509,-40.1539,-41.9943,-42.372,-41.0739,-41.3336,-40.6206,-40.9066,-44.661,-42.6306,-41.4102,-42.5923,-43.0535,-41.9777,-41.5989,-42.4886,-41.6897,-40.6547,-39.8439,-39.1236,-40.9511,-42.8041,-41.6327,-40.9666,-40.8645,-40.4409,-41.0376,-41.1917,-41.2775,-42.7482,-43.1225,-42.9027,-43.8023,-41.9163,-38.6089,-40.1429,-43.6133,-43.3631,-41.8852,-41.5537,-43.0754,-42.7167,-41.8053,-41.5796,-41.2523,-40.1162,-41.0364,-40.4078,-41.2045,-41.9952,-41.1926,-41.5365,-40.3575,-41.8012,-42.9441,-40.41,-40.6311,-44.3531,-44.4347,-44.4574,-44.8219,-41.7851,-42.1232,-40.4474,-41.2869,-41.305,-40.0116,-43.278,-43.2706,-42.8265,-42.8265,-42.1699,-41.0175,-41.5195,-41.6452,-40.9937,-40.3471,-41.07,-40.0724,-42.753,-38.1774,-43.4929,-42.7276,-42.921,-42.4466,-42.8299,-46.6199,-43.7137,-41.2911,-40.9845,-41.7998,-40.0344,-40.3645,-42.2051,-42.1324,-42.4855,-41.7584,-42.3958,-42.6943,-43.6783,-40.123,-42.1843,-42.7719,-42.8126,-41.4894,-41.4512,-42.6631,-42.365,-41.9486,-41.9498,-42.1569,-43.5105,-42.6684,-41.8863,-41.8982,-41.4358,-42.7905,-41.9692,-43.1049,-42.9811,-41.928,-40.9332,-39.3856,-40.8334,-40.9038,-40.8635,-40.8518,-41.8092,-43.9959,-41.2279,-43.0074,-42.7956,-42.3218,-40.8765,-39.3299,-41.0239,-43.3301,-44.102,-41.9667,-41.9698,-42.3773,-42.1809,-42.2845,-42.5619,-40.9443,-40.0567,-41.043,-43.4009,-41.5699,-40.7663,-42.7711,-42.5372,-40.9092,-41.1658,-42.5106,-42.473,-43.5059,-41.3204,-40.5001,-40.8298,-41.1008,-41.0378,-41.9275,-42.8274,-42.4116,-42.3839,-41.4507,-41.374,-41.2328,-41.7573,-40.9494,-41.2716,-41.1021,-39.6962,-40.8802,-43.0549,-38.4994,-41.7633,-41.0224,-40.8974,-39.844,-41.1206,-43.1814,-43.5437,-44.2641,-41.7424,-39.8197,-41.8226,-42.9451,-42.941,-41.1088,-42.0744,-43.928,-42.4588,-42.6054,-40.8075,-42.5836,-42.2582,-43.0101,-42.922,-41.4209,-41.9503,-42.075,-42.0249,-38.4407,-44.6713,-42.2509,-39.4911,-42.2826,-43.0723,-41.698,-41.5661,-40.0292,-43.9191,-44.6397,-42.2118,-40.4724,-42.5777,-41.9689,-40.1007,-39.7511,-40.796,-40.5535,-41.4817,-41.7501,-42.0329,-40.552,-41.4025,-41.7068,-41.8053,-42.1468,-43.1376,-44.1319,-44.5031,-42.3735,-40.9895,-42.3942,-41.5767,-41.488,-42.1813,-42.1012,-42.5379,-39.2732,-41.3422,-41.4756,-42.9988,-44.4094,-43.6335,-41.8039,-42.0392,-40.7162,-39.3785,-42.8514,-45.8696,-42.1429,-43.1177,-42.3531,-42.2174,-46.1848,-41.538,-38.6373,-46.3714,-40.3819,-39.8685,-40.9175,-38.5736,-39.1163,-39.1163,-40.8487,-42.4726,-41.6005,-41.0653,-42.6601,-41.0917,-41.6136,-44.3214,-41.6304,-41.1727,-41.3067,-40.2991,-41.5246,-40.6132,-42.3805,-42.7319,-41.5409,-43.1348,-41.7554,-41.1498,-44.5781,-45.3194,-45.2415,-42.1836,-42.3843,-44.1589,-43.423,-42.772,-42.7392,-41.903,-41.7155,-39.5416,-38.58,-41.3868,-43.2327,-41.5446,-41.4945,-41.4654,-41.0837,-40.099,-41.7605,-43.068,-41.8386,-42.7301,-42.4955,-41.1447,-42.5688,-40.0216,-40.1181,-41.1882,-41.7042,-41.0255,-42.9197,-43.3784,-43.7374,-41.9889,-42.0215,-42.6429,-41.7728,-41.5469,-43.1295,-39.4597,-41.3109,-37.8846,-44.659,-43.6675,-43.7301,-42.4147,-41.5173,-42.0781,-44.1743,-43.3329,-40.0634,-40.9681,-40.9681,-41.693,-41.9281,-41.5138,-40.6819,-43.3877,-41.4806,-42.9939,-43.1508,-42.5087,-41.7936,-42.6195,-42.8568,-42.9768,-40.7102,-41.4561,-41.7581,-42.8315,-39.2689,-40.9246,-41.0823,-43.105,-42.0498,-41.27,-42.5788,-41.407,-44.85,-40.8429,-42.8925,-42.9425,-42.2625,-43.373,-43.3125,-40.2266,-43.8232,-43.3288,-41.8016,-43.251,-42.9472,-40.7133,-41.4004,-43.2109,-42.1965,-41.3298,-41.7348,-44.0018,-43.6132,-42.2152,-42.3561,-42.5771,-41.7246,-42.7859,-41.2202,-42.3205,-41.8235,-41.9721,-42.357,-41.2201,-41.5712,-43.2889,-43.7111,-42.1162,-41.8282,-41.8049,-41.9104,-43.0455,-43.0747,-41.8215,-42.4452,-44.4535,-44.5259,-42.3674,-40.5329,-40.2956,-40.0453,-41.8114,-41.4079,-40.6173,-41.6711,-42.2678,-42.6913,-42.639,-42.9755,-42.5655,-41.327,-39.7829,-39.9289,-40.6213,-41.2496,-38.5621,-40.7136,-40.7219,-42.6086,-42.571,-42.5816,-42.5748,-42.583,-41.2291,-41.2259,-41.2956,-34.6134,-41.5661,-41.4613,-40.1276,-43.5977,-43.7913,-39.929,-42.473,-43.3015,-39.9526,-38.3405,-42.6428,-41.0678,-41.5908,-41.5183,-41.508,-42.3205,-43.4326,-41.7355,-41.147,-42.5485,-43.1205,-43.1046,-40.6008,-43.1559,-41.5382,-43.0432,-42.4035,-41.0849,-40.1806,-40.1275,-40.9711,-41.9916,-43.734,-43.2188,-43.6088,-42.8172,-42.4142,-44.1708,-39.4881,-40.6612,-43.3095,-45.6757,-41.2594,-42.2029,-41.8691,-42.4011,-43.2504,-44.1114,-42.7608,-41.6018,-41.4349,-40.1136,-41.2996,-41.0523,-42.6512,-42.6892,-43.6424,-41.7567,-42.2653,-42.3499,-41.7852,-42.222,-42.4597,-41.6718,-41.7235,-42.7473,-41.3922,-41.8137,-41.9525,-41.9835,-41.9717,-41.764,-41.5406,-42.8458,-43.2298,-42.9372,-43.2459,-43.6455,-44.8539,-43.2372,-42.3476,-40.1574,-42.0606,-43.271,-42.4982,-40.8181,-41.5632,-44.7843,-46.3331,-45.4623,-42.397,-42.737,-42.2937,-41.4509,-40.6767,-41.4694,-40.8616,-42.8773,-41.1066,-40.262,-40.4204,-41.4276,-43.358,-42.0495,-41.7444,-42.6236,-41.8703,-41.7126,-40.6737,-42.5912,-39.4075,-39.8156,-40.5974,-42.9038,-42.78,-43.1683,-41.7454,-42.354,-42.7281,-42.2388,-41.6605,-42.8998,-43.3046,-43.6849,-43.4921,-44.0094,-44.4704,-42.3188,-40.9111,-41.4086,-38.9386,-43.319,-41.7939,-39.7496,-41.1709,-42.9553,-40.7723,-43.2428,-42.4713,-42.3775,-42.0486,-42.7813,-43.9093,-43.4189,-41.8538,-41.8016,-42.2195,-42.7853,-43.4623,-44.3047,-42.5582,-42.5301,-42.3002,-41.0449,-39.1176,-41.281,-41.1504,-43.3735,-42.104,-42.1073,-42.3532,-42.9983,-42.0243,-40.975,-42.1988,-42.1837,-42.3045,-43.5511,-42.8908,-44.1182,-42.2115,-42.3042,-42.1471,-42.214,-41.7109,-42.1082,-41.7933,-41.0155,-40.8134,-42.8345,-40.3713,-43.2905,-42.9188,-43.2704,-43.5877,-43.3767,-44.0514,-37.2664,-42.315,-42.4213,-43.251,-41.5406,-41.293,-41.6317,-42.6883,-42.2739,-42.2194,-43.4225,-43.7782,-42.5797,-42.2063,-41.2531,-40.9691,-41.0061,-38.1519,-38.1136,-41.2662,-41.1435,-41.2074,-42.0811,-42.2192,-39.5294,-42.277,-40.9869,-43.802,-43.6718,-40.7229,-44.4806,-41.8341,-42.1226,-41.7822,-41.9022,-42.417,-41.1635,-42.8858,-40.3677,-40.9633,-38.9166,-40.413,-41.9724,-42.4414,-42.0809,-41.0058,-42.2413,-44.7581,-43.0283,-42.1971,-42.3099,-41.279,-40.3391,-42.5906,-42.2549,-43.2228,-43.3524,-40.8785,-39.843,-42.2266,-41.8388,-41.8388,-41.9064,-41.5874,-42.9513,-43.2706,-41.6145,-43.1147,-41.6826,-40.9455,-40.2516,-40.279,-43.6047,-42.2337,-41.6643,-41.5926,-42.4581,-43.249,-41.0683,-43.1158,-43.1659,-41.0551,-42.2125,-43.5263,-42.9713,-39.2141,-42.9449,-42.8357,-41.4486,-40.2404,-41.3722,-41.4904,-43.0729,-41.7055,-40.8784,-43.147,-42.376,-42.5369,-42.6405,-41.246,-42.767,-41.2838,-41.6709,-41.6943,-42.832,-42.3495,-42.0048,-41.764,-41.5,-41.2882,-40.5982,-43.942,-43.9124,-42.029,-42.3617,-43.7779,-40.7295,-40.5061,-40.5037,-41.7827,-39.5548,-41.1675,-41.9054,-43.0052,-43.1199,-41.0022,-41.1634,-41.6174,-42.2707,-40.4604,-42.0164,-42.1147,-40.4197,-41.9022,-42.4434,-42.5141,-41.5466,-40.12,-41.7893,-41.929,-43.397,-42.668,-42.8916,-42.8839,-41.9961,-43.2441,-40.8881,-42.7503,-41.9735,-42.8375,-42.4467,-42.358,-42.0776,-40.6868,-41.0231,-42.5086,-44.9366,-43.2595,-43.3295,-43.4398,-40.6936,-43.6628,-40.9316,-44.5131,-44.2838,-43.9425,-40.9206,-42.3403,-42.5394,-42.9278,-43.9872,-42.2243,-46.8065,-43.5028,-41.1826,-41.7729,-41.2183,-42.2526,-42.3178,-41.5518,-42.9753,-42.8253,-42.7784,-44.1697,-43.979,-45.7,-45.4541,-42.4601,-46.5692,-45.9435,-39.4324,-40.0202,-41.6971,-42.5784,-41.6582,-42.0231,-41.0684,-41.6228,-41.6947,-42.724,-41.7287,-41.9393,-43.2216,-43.2595,-43.1251,-41.1858,-41.1976,-42.8555,-43.2643,-43.3452,-41.4114,-42.1368,-42.3998,-42.5595,-42.5088,-42.533,-42.4763,-41.6311,-42.7547,-42.6321,-40.8313,-42.7265,-41.5015,-43.0111,-43.7587,-43.1361,-44.8487,-44.133,-42.3144,-42.4556,-43.5064,-43.2349,-39.0041,-42.1817,-41.4761,-40.4392,-42.7224,-41.2726,-38.5145,-40.906,-41.9411,-41.5966,-42.1337,-43.5203,-42.9128,-42.9547,-42.3759,-43.0761,-45.619,-45.1184,-44.3744,-42.1894,-41.7777,-41.5334,-41.2825,-42.0725,-42.3497,-42.104,-41.4493,-42.1275,-41.1534,-42.5965,-42.6652,-41.7603,-41.8265,-41.3453,-41.543,-40.3195,-40.2689,-40.2969,-40.7955,-38.9761,-37.8442,-41.9105,-40.5261,-43.01,-41.8555,-41.4671,-41.2822,-43.3837,-42.587,-42.5413,-43.4403,-38.3521,-38.8429,-39.7671,-40.4855,-42.3902,-42.9477,-42.3476,-43.2062,-40.4546,-40.8297,-41.108,-43.9005,-41.7714,-41.865,-42.9856,-44.1648,-43.2134,-40.3691,-40.2789,-39.9868,-41.8142,-41.8871,-42.9409,-40.814,-43.6218,-39.3176,-42.0287,-43.2048,-43.0142,-41.6845,-42.4305,-42.9461,-43.1497,-43.1719,-42.0459,-42.0522,-41.4722,-40.6131,-39.7832,-42.3378,-42.558,-42.46,-42.871,-41.8596,-42.9278,-41.6311,-41.7125,-40.5819,-38.8762,-41.3576,-40.7315,-42.2838,-42.4786,-42.7388,-43.1639,-43.2835,-43.87,-40.5959,-42.115,-43.0588,-41.0003,-42.0248,-42.4375,-41.1765,-41.2141,-40.5303,-42.2707,-41.83,-41.1851,-41.984,-41.6115,-41.3144,-39.9547,-40.7219,-40.1771,-40.7249,-41.3691,-41.0521,-43.031,-41.7671,-41.5372,-40.3425,-41.7409,-43.2285,-43.1946,-42.6989,-42.6148,-45.4968,-40.4354,-41.7233,-42.3222,-43.1624,-41.9235,-41.2623,-41.2143,-38.5136,-40.9794,-44.211,-42.8881,-43.1855,-41.8417,-42.0407,-42.4941,-39.2541,-38.9326,-40.5804,-41.4445,-41.3852,-41.385,-41.3739,-41.3778,-41.1911,-41.2677,-41.8421,-42.0882,-43.258,-41.1055,-40.6308,-40.5397,-42.4123,-43.0198,-40.2584,-40.5003,-41.6623,-42.727,-41.8406,-41.3715,-42.0447,-40.6286,-42.0271,-41.9415,-41.0735,-43.2227,-45.9259,-40.9741,-42.3032,-43.3149,-42.8357,-43.7784,-43.6029,-45.2485,-44.3958,-39.7311,-39.0731,-42.5754,-40.537,-40.0307,-44.2316,-42.4379,-43.4524,-41.1776,-42.0312,-43.7049,-43.55,-41.8486,-41.4973,-42.0253,-40.9973,-42.3712,-40.7722,-41.1803,-42.7062,-42.2699,-41.6349,-41.2116,-41.5102,-42.8965,-42.7416,-43.7961,-41.9462,-42.642,-42.5021,-42.9653,-42.1381,-41.5011,-42.3988,-41.9958,-43.2002,-43.6536,-42.3497,-43.3278,-43.0666,-42.4049,-42.3014,-39.1099,-41.5143,-41.5336,-41.8515,-42.5947,-41.6827,-44.9029,-39.7716,-39.169,-41.0261,-43.2527,-41.9517,-41.8642,-42.8652,-41.4442,-41.8073,-41.8668,-42.0515,-41.3733,-41.6904,-42.4784,-41.9783,-40.851,-39.3706,-40.78,-41.5394,-38.9652,-41.3706,-41.7281,-41.179,-40.914,-41.2947,-41.9843,-41.7039,-42.3028,-44.4571,-44.1267,-44.9272,-43.9635,-44.3495,-44.6452,-43.3114,-42.89,-42.8857,-42.3825,-42.0577,-40.1498,-43.2029,-40.571,-42.2489,-42.2239,-42.2839,-41.4855,-42.8386,-41.6888,-43.2687,-43.147,-43.4712,-40.3557,-41.6778,-41.7547,-41.3826,-40.9835,-43.1046,-40.6851,-44.5578,-42.5704,-42.5823,-42.3557,-40.9764,-44.966,-44.1406,-42.0105,-40.5316,-45.6162,-39.9512,-42.0843,-42.6307,-43.8794,-43.6145,-43.343,-41.576,-42.7309,-42.7948,-42.7497,-41.9088,-42.5415,-42.3184,-44.2174,-41.3405,-41.3792,-43.0196,-39.0396,-40.8899,-39.6268,-40.286,-40.0819,-40.0007,-41.2252,-37.2602,-40.6762,-40.5337,-41.1933,-39.8923,-41.4034,-41.402,-41.8315,-42.0714,-41.5889,-41.667,-42.3837,-44.2159,-42.0413,-37.2363,-38.7227,-38.5385,-39.6214,-40.5184,-43.4374,-42.4218,-41.4122,-41.2647,-39.6512,-42.4377,-42.5737,-42.5001,-42.9611,-42.8406,-43.538,-43.4677,-40.4662,-42.5462,-42.1464,-41.7286,-41.6599,-42.3351,-42.0011,-41.5286,-43.9867,-40.9333,-40.1767,-44.0948,-42.9744,-42.4316,-43.7843,-38.4202,-41.655,-48.4329,-45.5213,-45.1754,-42.943,-40.861,-42.6756,-43.0583,-42.8401,-43.0291,-42.8738,-43.0661,-43.1082,-38.8357,-41.8125,-42.1113,-44.0513,-42.3721,-42.6587,-40.8095,-40.511,-39.6459,-42.4065,-44.5817,-41.6148,-41.3496,-42.6903,-41.8262,-40.3043,-40.7702,-42.8437,-42.4545,-42.1061,-42.3456,-42.3463,-42.0752,-43.5444,-42.0811,-40.2005,-40.0559,-41.9167,-42.619,-43.1771,-42.5622,-42.2672,-42.2653,-42.1596,-42.0356,-42.8883,-42.2969,-43.4391,-42.1895,-42.4475,-39.4683,-44.8604,-43.2838,-41.6475,-43.4617,-43.6082,-42.6224,-41.8581,-41.0993,-40.4388,-41.3586,-42.093,-42.2194,-43.9328,-42.6569,-40.0911,-42.3571,-42.7535,-41.4975,-42.0522,-40.3453,-41.131,-40.5223,-45.5969,-43.2546,-45.165,-45.7068,-43.2686,-42.6333,-40.711,-43.2011,-42.6602,-42.1316,-44.1998,-44.6108,-43.6027,-43.2409,-41.7833,-43.3441,-42.1831,-44.6906,-43.0048,-40.8683,-41.6868,-41.0348,-42.4148,-41.8279,-42.0554,-42.0397,-40.0083,-40.863,-41.4484,-42.4024,-44.7417,-41.5816,-43.7123,-43.5067,-39.3553,-40.3208,-40.5252,-40.3972,-43.4982,-41.3611,-42.6722,-42.4229,-40.8042,-42.3111,-42.5809,-39.6033,-38.5356,-47.4552,-42.5973,-39.4094,-41.8534,-41.9201,-42.1414,-41.7206,-40.8799,-42.9674,-41.7964,-41.7038,-45.117,-45.4398,-45.4162,-42.3171,-42.0997,-43.3153,-43.4994,-44.0042,-44.1533,-44.2902,-42.3785,-43.0017,-43.5824,-45.3996,-39.7167,-41.0364,-42.05,-42.6007,-43.5969,-43.1753,-43.3316,-43.3299,-41.4461,-41.2574,-40.0226,-40.845,-39.7554,-42.8201,-41.7353,-42.0202,-42.469,-42.3683,-44.3722,-41.1978,-40.446,-42.8208,-43.1697,-40.4165,-41.8536,-43.0035,-42.3947,-40.676,-41.0377,-41.8581,-40.2143,-41.453,-43.884,-42.5445,-41.7572,-41.9279,-42.1628,-42.5165,-45.967,-41.6377,-42.8485,-41.4942,-42.4231,-40.6467,-40.5968,-41.6553,-41.5043,-41.9099,-43.4115,-45.4204,-44.7391,-40.9105,-42.2178,-40.349,-41.531,-42.477,-42.9933,-42.8515,-44.4107,-43.8192,-45.4847,-42.7676,-42.5915,-43.5198,-42.0705,-42.2368,-43.1746,-44.1493,-42.6304,-42.0724,-43.956,-44.641,-40.9551,-41.6773,-43.4692,-41.6917,-40.7385,-41.1977,-40.7725,-39.473,-40.4716,-39.9499,-42.2989,-42.0584,-41.477,-42.2657,-45.6493,-45.725,-42.8734,-40.325,-42.1794,-42.6105,-41.6411,-43.1992,-45.3609,-46.4232,-41.2903,-41.6995,-41.7651,-42.3399,-40.8549,-40.8205,-42.7575,-42.0322,-42.1188,-41.0579,-41.3693,-41.4505,-42.0747,-41.9423,-43.8776,-41.5175,-44.2354,-42.8748,-43.8163,-43.3274,-42.8601,-42.6355,-41.5527,-41.6565,-40.755,-40.9423,-41.6541,-41.7722,-42.583,-43.8621,-42.5355,-40.3221,-43.6868,-42.4952,-41.9532,-41.6707,-42.3107,-42.2107,-42.2107,-37.6115,-39.0514,-40.9481,-41.1473,-40.4016,-42.809,-39.377,-40.5041,-40.6125,-40.0995,-39.6085,-40.4603,-42.246,-41.4256,-41.208,-41.7411,-42.0113,-42.9645,-43.0184,-42.2905,-42.5913,-43.3301,-44.1757,-40.3289,-41.2134,-43.1883,-39.9524,-42.0081,-42.0426,-42.0441,-41.4388,-39.3186,-40.4651,-40.1345,-42.1663,-43.249,-42.9348,-42.5709,-42.242,-40.548,-41.3201,-40.4986,-40.2603,-42.9092,-42.0133,-39.4617,-43.3964,-44.3931,-41.9931,-40.4901,-42.6424,-40.6688,-40.5209,-40.5209,-40.271,-40.1825,-44.6123,-42.6363,-42.8483,-40.7255,-40.0891,-42.2649,-42.132,-41.6464,-42.2404,-42.4612,-43.5038,-41.1387,-41.4504,-43.7104,-42.6518,-41.1559,-42.9836,-41.4522,-41.5416,-39.7635,-37.3281,-38.757,-39.7242,-46.9123,-43.4519,-45.2442,-43.2334,-41.3709,-42.6863,-42.7609,-42.9211,-42.8247,-39.8618,-41.1745,-41.9147,-43.7292,-41.021,-40.8896,-41.9517,-41.7812,-38.2777,-39.4153,-36.9027,-40.1467,-42.5915,-40.2029,-43.0339,-43.2806,-45.4843,-43.3082,-42.4705,-42.4167,-43.002,-41.6054,-41.9074,-40.898,-40.429,-40.9855,-40.9855,-40.9855,-40.9855,-42.2014,-44.1244,-39.8717,-40.3962,-42.3484,-39.272,-40.3805,-42.0392,-42.3052,-44.1394,-44.386,-41.4401,-41.4752,-42.6269,-42.2274,-42.1679,-43.0621,-43.2472,-42.9198,-42.6854,-41.6839,-41.7341,-42.4682,-39.3578,-42.8449,-44.7349,-42.7519,-43.3751,-44.0583,-42.1645,-44.8957,-41.7211,-42.3026,-40.8629,-39.0208,-41.5598,-40.1008,-42.7188,-42.3628,-40.1538,-42.7449,-42.9505,-39.1788,-42.0354,-42.735,-41.2695,-41.1169,-42.2476,-41.6372,-41.0771,-42.297,-42.6914,-42.3544,-41.6091,-41.5713,-41.8781,-40.7872,-38.3537,-45.1937,-43.0885,-42.7096,-43.0157,-42.5975,-42.5868,-42.448,-42.8291,-42.4389,-44.0983,-43.1767,-41.5903,-43.7379,-43.0787,-42.1195,-41.4313,-40.378,-43.4183,-41.4177,-41.909,-42.4917,-43.1677,-42.1931,-41.5358,-42.2378,-42.2146,-43.2642,-41.0289,-42.8516,-41.1713,-40.8696,-43.0268,-41.9367,-42.8053,-41.3643,-41.2993,-41.3817,-43.0788,-42.3876,-44.0754,-41.1633,-42.0418,-42.0824,-41.9224,-41.9644,-43.5087,-41.1784,-41.725,-43.8408,-40.7497,-41.1937,-42.1854,-42.5535,-43.1929,-42.7195,-43.0075,-42.5939,-41.5135,-44.1793,-41.2447,-41.9456,-41.8067,-42.7238,-43.5518,-42.3768,-42.6924,-42.6184,-42.218,-40.5935,-41.7016,-41.1053,-42.5649,-40.4108,-42.633,-41.4959,-41.3768,-42.1039,-43.0513,-42.8895,-44.5543,-41.7147,-41.2781,-41.6934,-42.3984,-43.7003,-40.1681,-40.1842,-43.5473,-42.6636,-43.1014,-38.8345,-42.2461,-44.7756,-44.9073
1.24489795918367,-31.6776936734694,-32.7530448979592,-33.2014146938776,-33.2176769387755,-32.5950802040816,-33.1528375510204,-33.5776832653061,-31.2095734693878,-33.0684404081633,-32.715836122449,-33.6241595918367,-33.1592197959184,-31.2517036734694,-31.9618006122449,-32.7537816326531,-32.4325512244898,-31.6123495918367,-31.4892102040816,-32.0655116326531,-31.8746546938776,-32.8270226530612,-32.6198502040816,-31.5755781632653,-33.2085675510204,-33.8183030612245,-30.987363877551,-33.0516057142857,-34.2254785714286,-32.0221863265306,-33.2467563265306,-33.6611404081633,-32.8299757142857,-31.5013134693878,-33.4207969387755,-33.7577128571429,-32.5738616326531,-32.7981002040816,-31.3291979591837,-31.0865646938776,-32.7326612244898,-31.8810167346939,-33.8105085714286,-34.9449767346939,-30.9632436734694,-31.2018559183673,-30.8381583673469,-28.3337432653061,-30.035563877551,-32.8559857142857,-32.9871730612245,-30.7317144897959,-30.9801659183673,-32.9919851020408,-33.3835116326531,-34.7009951020408,-32.8551628571429,-33.4959359183674,-32.9125434693878,-34.8333081632653,-33.4069855102041,-33.43439,-33.6366193877551,-30.9229224489796,-33.7434253061225,-33.8981575510204,-34.7327697959184,-33.5412165306122,-32.1902806122449,-32.5464644897959,-31.5279312244898,-33.3013387755102,-34.0541444897959,-33.5357604081633,-31.7846804081633,-32.3004697959184,-33.657986122449,-32.8436934693878,-33.5542510204082,-33.3499510204082,-32.8897030612245,-34.36155,-34.9795132653061,-31.8064736734694,-32.2512106122449,-31.7364842857143,-33.6743008163265,-31.7437281632653,-31.7715883673469,-32.5203553061224,-32.0825702040816,-31.821376122449,-28.6879212244898,-30.0573195918367,-31.2675987755102,-31.3998342857143,-33.0555734693878,-32.5875912244898,-33.0623181632653,-33.6048528571429,-33.3738528571429,-34.4473059183673,-34.3563757142857,-32.3086212244898,-33.0951212244898,-31.9174065306122,-33.5146659183673,-33.0696132653061,-33.9660955102041,-33.8013518367347,-30.1684865306122,-33.0323691836735,-33.8084569387755,-34.0216436734694,-31.6589395918367,-32.2722014285714,-31.9172951020408,-32.943,-33.1653802040816,-33.3729636734694,-32.8102012244898,-31.8514263265306,-34.9604151020408,-34.2414420408163,-32.5186981632653,-33.9944579591837,-32.6940220408163,-35.1671512244898,-33.8836532653061,-33.0443257142857,-33.6346775510204,-32.9694359183673,-32.7447297959184,-33.5716355102041,-28.580566122449,-30.8390783673469,-30.6499024489796,-31.3348010204082,-33.2584312244898,-32.1586871428571,-32.0889914285714,-31.2256028571429,-32.0619644897959,-32.2530806122449,-32.6989857142857,-32.3617218367347,-35.0085487755102,-36.3331620408163,-35.2407112244898,-36.10392,-35.3573597959184,-33.5571981632653,-34.8701581632653,-34.0837520408163,-35.0779251020408,-32.4636610204082,-33.2079448979592,-32.9614120408163,-31.4251142857143,-30.9994255102041,-30.3828528571429,-31.1467497959184,-31.827116122449,-31.6768440816326,-34.0248651020408,-35.2098030612245,-41.140436122449,-34.508936122449,-34.2211481632653,-36.9994348979592,-32.9612946938775,-34.1206624489796,-35.3669546938776,-34.8655842857143,-33.7504336734694,-34.2876304081633,-32.5918230612245,-32.3085934693878,-32.4240869387755,-31.9810346938775,-31.6597906122449,-30.5857451020408,-32.6784451020408,-35.5280451020408,-32.6141769387755,-32.4345559183673,-35.5383832653061,-34.2848148979592,-32.8152836734694,-34.3505063265306,-33.4834234693878,-34.0861516326531,-34.676243877551,-32.9890865306122,-32.1921802040816,-33.0582510204082,-32.4507936734694,-33.4934602040816,-32.5541651020408,-32.6309028571429,-28.6920928571429,-30.6243865306122,-31.7233865306122,-34.0229630612245,-33.3258095918367,-31.9223002040816,-31.988666122449,-32.2710285714286,-32.3613614285714,-32.2671951020408,-33.4773497959184,-34.0286371428571,-30.8142893877551,-34.1893989795918,-33.6305920408163,-33.8887171428571,-35.087323877551,-31.7398059183673,-33.7917006122449,-31.9982006122449,-30.5157210204082,-30.1761875510204,-32.4405573469388,-32.4140148979592,-28.3129875510204,-32.9926365306122,-32.8078130612245,-32.9931991836735,-31.3706542857143,-30.9137942857143,-30.2842969387755,-33.3864832653061,-32.4405485714286,-31.1630402040816,-31.198146122449,-33.009312244898,-30.9401034693878,-33.4339281632653,-32.7524281632653,-32.8091281632653,-31.9055559183673,-32.2359028571429,-32.7659957142857,-32.3682497959184,-32.5722518367347,-31.4569483673469,-32.72574,-31.2223304081633,-32.5025718367347,-34.4265175510204,-31.811813877551,-32.5923324489796,-32.9142024489796,-32.7195232653061,-30.52288,-35.8390446938776,-35.4692826530612,-33.1344963265306,-32.1149055102041,-33.4967797959184,-32.4481434693878,-32.5553720408163,-32.7973128571429,-31.8727016326531,-31.1491546938776,-30.517716122449,-33.4825473469388,-31.2486648979592,-32.4301316326531,-31.5968704081633,-32.8438453061224,-31.7420740816327,-30.3687383673469,-33.1991555102041,-33.3414212244898,-33.8458604081633,-31.373596122449,-29.2080220408163,-30.6262708163265,-34.4034479591837,-34.0332944897959,-28.8635195918367,-35.4634195918367,-35.4371553061224,-34.1791655102041,-32.8639669387755,-29.9630218367347,-33.3351091836735,-32.2716683673469,-32.8527546938775,-33.5260728571429,-34.051287755102,-34.1905357142857,-33.5270983673469,-32.4825351020408,-31.784017755102,-31.9064389795918,-32.8594881632653,-32.5898524489796,-33.4658351020408,-34.4843636734694,-35.0840185714286,-32.8692614285714,-33.1815179591837,-33.529812244898,-34.182386122449,-31.0018681632653,-32.2251367346939,-30.9935887755102,-29.1267091836735,-30.1253924489796,-31.1696436734694,-31.2323532653061,-32.5208993877551,-32.9513940816327,-35.3641265306122,-35.2242920408163,-31.29929,-34.38521,-33.3802863265306,-33.04525,-32.5719089795918,-32.1997226530612,-32.3546059183673,-30.857163877551,-32.0127544897959,-34.7917728571429,-33.4371036734694,-34.6909520408163,-33.3395397959184,-32.9060804081633,-30.9578955102041,-33.8009430612245,-33.6827848979592,-33.6405234693878,-34.2422595918367,-32.985733877551,-33.7215671428571,-34.0007969387755,-33.3063591836735,-33.6559951020408,-34.8578791836735,-32.7150287755102,-33.8550336734694,-33.4957830612245,-34.013787755102,-33.0114326530612,-32.3914369387755,-32.1370414285714,-32.8223653061224,-31.4478118367347,-33.2900714285714,-32.9417806122449,-32.165567755102,-31.3492924489796,-32.1952140816327,-34.8044814285714,-33.6999926530612,-35.970003877551,-33.4174804081633,-33.0880897959184,-33.2197491836735,-34.5311367346939,-34.28684,-32.3548520408163,-32.1496904081633,-32.9453642857143,-35.1225642857143,-35.9505485714286,-35.4431295918367,-37.4738442857143,-35.6553097959184,-35.104007755102,-33.6287591836735,-35.5542673469388,-39.9232659183673,-39.6814942857143,-40.7453714285714,-40.7460714285714,-38.2703685714286,-37.819347755102,-35.1348726530612,-33.5215771428571,-33.0780504081633,-34.2394634693878,-36.2068608163265,-34.9245595918367,-32.5937879591837,-35.1421195918367,-32.674727755102,-32.8091267346939,-32.2484587755102,-34.4689334693878,-33.5989224489796,-32.7428126530612,-32.8862057142857,-34.9907048979592,-32.6994975510204,-32.7238030612245,-32.1303312244898,-34.6582436734694,-32.8531993877551,-34.5594365306122,-34.5242318367347,-35.5768263265306,-31.668626122449,-32.4984373469388,-31.4836191836735,-31.566163877551,-29.8811710204082,-32.9434518367347,-32.7260606122449,-32.9155595918367,-32.0383595918367,-30.5450002040816,-33.5543259183674,-33.2900883673469,-32.6679606122449,-32.3300289795918,-31.4439844897959,-32.0452469387755,-33.5342646938775,-33.926453877551,-35.1390397959184,-33.7882918367347,-31.7008918367347,-32.3178026530612,-32.0714736734694,-31.3366185714286,-30.5709185714286,-31.557276122449,-32.1467644897959,-31.6456034693878,-33.9063310204082,-33.8912481632653,-34.254617755102,-33.9587348979592,-31.5913165306122,-33.9509787755102,-32.8315744897959,-32.2955130612245,-33.0422844897959,-34.3289471428571,-34.9390832653061,-32.7471204081633,-32.225097755102,-31.7989281632653,-31.559523877551,-31.1673308163265,-31.28172,-29.6088297959184,-31.7682083673469,-30.7905048979592,-29.7199136734694,-35.4731910204082,-32.8382244897959,-30.8266583673469,-32.3711873469388,-31.3544244897959,-31.9577624489796,-33.057787755102,-33.1819646938775,-33.5405102040816,-33.9614934693878,-27.6655246938775,-33.9675553061224,-31.5121216326531,-34.9136320408163,-34.061586122449,-34.3001857142857,-32.6528381632653,-33.0624997959184,-32.4690104081633,-32.4771248979592,-33.7980755102041,-33.4458936734694,-31.8128789795918,-32.3265946938776,-32.8394597959184,-31.3605036734694,-32.7748657142857,-32.0520244897959,-30.3465034693878,-31.0379065306122,-32.6450955102041,-30.7628942857143,-32.6880755102041,-30.6727524489796,-32.7477216326531,-32.6427491836735,-33.1679171428571,-33.906906122449,-34.0799736734694,-34.1698675510204,-33.4664230612245,-34.281602244898,-33.5638657142857,-33.467026122449,-31.8119383673469,-29.8717691836735,-30.8927097959184,-30.7471924489796,-32.0985773469388,-32.2496381632653,-31.9693469387755,-35.4159024489796,-32.1626075510204,-33.1412695918367,-32.339112244898,-31.5188520408163,-35.8364357142857,-33.9664044897959,-34.1494748979592,-31.7251495918367,-33.6830491836735,-35.4663108163265,-34.7348846938775,-33.3354181632653,-33.3728487755102,-34.6850826530612,-35.2683826530612,-33.7700806122449,-34.849462244898,-32.4222948979592,-34.2444410204082,-31.0408710204082,-31.9765065306122,-31.3520193877551,-32.7183102040816,-33.0833130612245,-32.604572244898,-33.0328185714286,-32.6537655102041,-31.3562995918367,-34.6985128571429,-32.0011475510204,-33.3162757142857,-31.5620867346939,-30.4288732653061,-32.9033283673469,-33.9660185714286,-32.1274475510204,-32.6332216326531,-33.3880695918367,-34.41526,-34.5121765306122,-34.0710706122449,-34.1976744897959,-34.7808067346939,-35.3469420408163,-36.5806120408163,-34.9243769387755,-35.9661769387755,-33.1337655102041,-34.5365457142857,-34.26388,-32.3808753061224,-28.6981185714286,-33.0242291836735,-29.1951281632653,-32.9133055102041,-32.7844653061224,-34.6017491836735,-34.2466173469388,-35.5460757142857,-34.0316604081633,-32.9010067346939,-31.2553479591837,-31.816346122449,-30.513707755102,-30.3761940816327,-32.4425742857143,-31.4039326530612,-31.7877379591837,-32.1717691836735,-33.9243230612245,-32.7281593877551,-32.2274485714286,-32.1395881632653,-33.3369332653061,-34.3928928571429,-29.9374475510204,-34.0252165306122,-33.1395806122449,-30.4327506122449,-32.7127732653061,-32.4349218367347,-32.4223510204082,-31.599896122449,-31.4951606122449,-33.9665879591837,-34.768267755102,-34.1160757142857,-32.4826067346939,-33.6204542857143,-34.5056259183673,-32.5775863265306,-35.3966332653061,-32.7090081632653,-32.9618814285714,-32.6674334693878,-33.1810669387755,-33.6450626530612,-33.4149620408163,-30.703992244898,-30.6576942857143,-31.9324146938776,-32.0909893877551,-33.007476122449,-33.0614969387755,-32.5252067346939,-32.4710132653061,-31.8750646938776,-31.8678157142857,-31.0740524489796,-32.3606869387755,-32.7786679591837,-32.2323424489796,-33.2573789795918,-32.8793393877551,-32.8444026530612,-34.6996981632653,-32.7654987755102,-29.8477783673469,-32.1748781632653,-32.7250008163265,-31.3931071428571,-31.7580669387755,-32.963192244898,-30.4229926530612,-33.2727142857143,-33.6652536734694,-30.8505185714286,-32.0675414285714,-31.7780987755102,-32.5102779591837,-32.7191273469388,-33.2893706122449,-34.2360348979592,-34.2929716326531,-32.7227475510204,-33.2139753061224,-32.0208765306122,-32.9114120408163,-34.3326197959184,-33.9221818367347,-33.1604153061224,-33.02207,-32.5029240816326,-33.0255883673469,-33.4348626530612,-33.1304918367347,-33.4698624489796,-32.6669157142857,-31.5390646938776,-32.1988269387755,-34.0206048979592,-31.7186989795918,-34.0180895918367,-31.5765524489796,-31.7767851020408,-32.2677767346939,-32.1025589795918,-31.7833224489796,-30.1316412244898,-31.1946665306122,-31.7405465306122,-31.8495387755102,-28.6547063265306,-28.99406,-32.2007159183673,-30.4289028571429,-32.145793877551,-33.2883628571429,-33.6025373469388,-30.2354053061224,-35.1215267346939,-35.2187734693878,-34.8585589795918,-32.2139957142857,-32.6761924489796,-32.3455006122449,-33.1855363265306,-32.0309842857143,-31.7049348979592,-32.3319569387755,-31.9363051020408,-32.3251897959184,-30.8421283673469,-31.6234687755102,-33.348242244898,-32.2935075510204,-31.2567569387755,-32.2164208163265,-31.6717981632653,-33.1434526530612,-32.3825783673469,-30.1355116326531,-31.4479932653061,-29.3483163265306,-35.096783877551,-32.9813528571429,-33.01114,-31.6403,-31.4210179591837,-32.2441989795918,-31.7203259183673,-32.5373455102041,-31.3131302040816,-31.5917385714286,-37.5090334693878,-35.5676334693878,-36.0603334693878,-34.6762040816327,-33.8494263265306,-32.348386122449,-31.496236122449,-32.7969926530612,-32.5139775510204,-32.7757228571429,-32.7660524489796,-32.7329455102041,-30.959143877551,-32.2946055102041,-31.82631,-33.0741744897959,-33.2638020408163,-32.00078,-32.5996418367347,-29.815552244898,-30.8090265306122,-32.2239848979592,-32.2404504081633,-33.072782244898,-33.1738955102041,-33.210043877551,-33.2864573469388,-31.891143877551,-31.5104046938776,-32.2665163265306,-32.0630406122449,-30.9037012244898,-31.4715689795918,-33.1286167346939,-32.8235969387755,-33.0252551020408,-33.4489620408163,-34.0979736734694,-30.23384,-31.8098134693878,-30.906332244898,-31.5790355102041,-31.9488606122449,-33.98364,-31.9887781632653,-33.6688289795918,-33.3683542857143,-35.2205097959184,-33.5774185714286,-33.2232093877551,-33.0916316326531,-32.5754559183673,-32.8902581632653,-32.6853563265306,-31.1527914285714,-31.4618087755102,-32.9704646938776,-32.202166122449,-33.6023075510204,-30.6191032653061,-29.9332781632653,-32.6629442857143,-32.0146355102041,-32.8835708163265,-31.5107585714286,-31.0065091836735,-30.7463073469388,-31.9211663265306,-33.7038342857143,-34.1523236734694,-33.0454110204082,-32.2305683673469,-32.2293957142857,-32.3955148979592,-32.6749230612245,-30.2167024489796,-29.1521024489796,-33.1905997959184,-34.2227685714286,-31.2284351020408,-30.5510002040816,-31.1263493877551,-31.2332183673469,-31.8446055102041,-33.9954871428571,-34.160763877551,-32.4598320408163,-29.0724589795918,-32.3060846938776,-32.5682385714286,-32.0156985714286,-31.2667936734694,-31.7047708163265,-31.0266932653061,-34.4886959183673,-34.3968934693877,-34.5932291836735,-35.5824128571429,-34.3236844897959,-33.2420346938776,-32.8165536734694,-32.5902808163265,-32.1423330612245,-34.6572353061225,-30.9895059183673,-32.7496967346939,-34.6602395918367,-36.6195563265306,-30.8180063265306,-34.7735365306122,-33.2366773469388,-33.6957593877551,-32.9176710204082,-30.7902279591837,-33.4989840816327,-33.7524632653061,-33.287262244898,-35.5695344897959,-33.1643051020408,-32.8512253061225,-32.4046940816327,-33.2775836734694,-32.1117867346939,-32.3844846938776,-32.3612326530612,-31.4196471428571,-32.5232171428571,-31.6798040816327,-33.6777875510204,-33.6067044897959,-33.7736428571429,-33.638547755102,-32.2062646938776,-33.259622244898,-30.6285732653061,-30.1081634693878,-31.6055885714286,-32.2871757142857,-32.6272646938775,-32.8245934693878,-32.9492651020408,-31.2657006122449,-30.1634575510204,-30.9473971428571,-31.2500612244898,-32.5011493877551,-33.045092244898,-31.7631242857143,-32.2281555102041,-32.7017606122449,-31.4464191836735,-29.8770434693878,-34.3919434693878,-33.7705726530612,-33.073773877551,-33.2533689795918,-34.4552230612245,-32.2872232653061,-31.7521432653061,-32.4813297959184,-31.9227679591837,-33.8419891836735,-33.8326842857143,-33.0930967346939,-33.776922244898,-33.967053877551,-32.4441687755102,-30.7793304081633,-32.5605620408163,-33.0779616326531,-34.3372597959184,-34.3975163265306,-32.6268469387755,-31.11643,-32.5163924489796,-31.8220993877551,-32.8526332653061,-31.7139353061224,-33.61837,-31.4132571428571,-31.0410689795918,-31.7809702040816,-32.3317791836735,-33.1747712244898,-32.7213834693878,-33.1771387755102,-32.4028018367347,-29.2730540816327,-31.3285104081633,-31.3774606122449,-31.7251565306122,-33.9402806122449,-34.6174369387755,-33.7762083673469,-33.7001187755102,-31.3804232653061,-32.046816122449,-32.7954689795918,-33.4864042857143,-33.6573748979592,-33.1919048979592,-33.98717,-33.6027330612245,-36.5952163265306,-33.7166232653061,-33.1254189795918,-32.9111614285714,-33.5781473469388,-33.9517916326531,-34.1184318367347,-33.9375932653061,-32.9762604081633,-32.3370912244898,-31.9409636734694,-31.8922318367347,-31.8507306122449,-31.6926583673469,-32.7019687755102,-32.7960793877551,-32.0158281632653,-34.482582244898,-32.7217346938776,-34.5229924489796,-34.9859836734694,-33.7746783673469,-33.5198569387755,-33.2713120408163,-33.1832120408163,-32.0383734693877,-34.36763,-33.6349932653061,-34.4109051020408,-33.0614224489796,-34.0997242857143,-31.1891346938776,-30.8855887755102,-32.6708091836735,-33.1823071428571,-31.8528375510204,-32.3987440816326,-32.6554187755102,-33.857233877551,-34.1185440816326,-33.9993263265306,-34.8460602040816,-34.4470406122449,-34.0327714285714,-33.9499187755102,-33.5412187755102,-34.0334187755102,-32.8037069387755,-32.7937014285714,-33.7217544897959,-30.8136969387755,-33.0376155102041,-33.0357932653061,-32.24055,-32.7865216326531,-31.5276091836735,-31.5258710204082,-32.4492453061224,-33.5430187755102,-34.6010275510204,-33.1439144897959,-35.4725818367347,-34.8701687755102,-36.1935687755102,-36.0947526530612,-33.5199840816326,-32.6628216326531,-35.0994853061224,-34.0250008163265,-33.1227648979592,-29.5581669387755,-30.9448934693878,-34.2144444897959,-31.9294065306122,-33.36078,-32.3317951020408,-31.3912942857143,-33.4841853061224,-34.5289910204082,-33.586883877551,-33.0255579591837,-31.0690012244898,-30.4226673469388,-32.8135424489796,-36.2608763265306,-34.5899763265306,-40.2674118367347,-41.6212197959184,-36.508003877551,-39.7986755102041,-39.2436589795918,-36.8605259183673,-39.8034259183673,-35.4975493877551,-34.5079575510204,-36.2808375510204,-34.7768791836735,-34.4234148979592,-33.3028187755102,-32.2602132653061,-31.4762946938775,-33.4614434693878,-32.278822244898,-32.6307214285714,-30.9416289795918,-34.714973877551,-30.8203118367347,-31.1914093877551,-32.1081287755102,-32.5982571428571,-33.1315824489796,-33.2811512244898,-33.083363877551,-34.5260479591837,-30.704432244898,-30.7228904081633,-35.6770532653061,-34.2474248979592,-34.2743048979592,-31.5705830612245,-31.9271457142857,-31.0267565306122,-33.1587944897959,-33.1487636734694,-31.5140497959184,-31.4591459183673,-28.4144840816327,-31.6581891836735,-32.1075440816327,-31.5820318367347,-30.5378563265306,-33.0020912244898,-30.5652312244898,-33.2750512244898,-32.5142144897959,-31.2843124489796,-32.5723789795918,-32.198902244898,-31.7408781632653,-31.7413073469388,-32.5680526530612,-31.5483275510204,-32.1121712244898,-31.2925644897959,-31.5457267346939,-34.2526510204082,-35.1425387755102,-34.1211455102041,-33.0642934693878,-31.6349524489796,-31.7873181632653,-31.5429783673469,-33.8784216326531,-33.364337755102,-33.6037902040816,-31.2243087755102,-32.6779446938775,-31.5738524489796,-31.8899208163265,-32.4555053061224,-31.5567034693878,-32.0145420408163,-31.9601732653061,-32.7738563265306,-34.1394708163265,-34.5161865306122,-35.2491953061225,-31.6611257142857,-33.9245704081633,-32.8376748979592,-34.175607755102,-33.1113089795918,-31.5312889795918,-31.5408524489796,-32.6011967346939,-33.2609242857143,-32.1846832653061,-30.8559691836735,-32.6169246938776,-32.3658716326531,-32.7864159183673,-34.5446975510204,-36.0144220408163,-31.2375289795918,-28.4438202040816,-34.4748479591837,-31.7119204081633,-32.8596204081633,-31.3727173469388,-32.0935991836735,-33.1444583673469,-32.77625,-32.9435830612245,-33.8585810204082,-33.7704516326531,-32.3207518367347,-32.5238485714286,-32.123746122449,-31.4775224489796,-31.9373224489796,-31.418647755102,-34.3237614285714,-35.132612244898,-34.1583836734694,-35.3580567346939,-32.4995393877551,-29.821897755102,-26.1183844897959,-34.7017012244898,-32.7188587755102,-31.0204587755102,-31.5804412244898,-33.0468242857143,-30.1331,-28.2431618367347,-34.4104293877551,-31.9878791836735,-30.9650144897959,-32.4166944897959,-32.052283877551,-33.9182432653061,-33.4806642857143,-31.9601679591837,-30.891316122449,-30.6834040816327,-32.5647181632653,-32.4250946938775,-32.8886742857143,-33.0301655102041,-32.9604918367347,-31.9278302040816,-31.345667755102,-33.7562679591837,-29.401636122449,-32.7895383673469,-32.3641432653061,-33.0960248979592,-31.8013769387755,-31.8564040816327,-34.418597755102,-32.3525836734694,-29.9619481632653,-32.5550234693878,-32.3462006122449,-32.3726175510204,-32.5982875510204,-32.1963118367347,-31.6065671428571,-31.1166367346939,-30.8515720408163,-31.3031834693878,-31.0469308163265,-31.0689102040816,-32.0055240816327,-31.5494579591837,-31.4456853061224,-32.9512724489796,-33.7550183673469,-34.0120451020408,-33.4929124489796,-33.4522357142857,-34.5204767346939,-34.5570924489796,-33.7585451020408,-31.5549669387755,-33.5066618367347,-32.3373224489796,-33.0493608163265,-31.1747985714286,-30.9784885714286,-34.0139144897959,-32.7549585714286,-32.4905228571429,-32.255056122449,-31.3733308163265,-33.494122244898,-32.6894814285714,-31.32704,-30.5822726530612,-36.7824026530612,-34.3807093877551,-30.441036122449,-34.1154140816327,-32.3090108163265,-32.5383063265306,-30.9192406122449,-31.6555991836735,-32.8075228571429,-31.0129573469388,-32.9479573469388,-33.9025102040816,-32.3639191836735,-33.4186281632653,-32.4469693877551,-32.2388175510204,-31.3808553061224,-32.8967508163265,-32.0055026530612,-32.9106771428571,-32.8121391836735,-31.0950397959184,-31.5367948979592,-34.4709491836735,-34.2787242857143,-32.018546122449,-32.893162244898,-33.5401893877551,-31.146063877551,-31.8531393877551,-32.8901914285714,-31.9370206122449,-29.5688032653061,-32.6451791836735,-33.1379755102041,-34.7405220408163,-33.5157244897959,-33.656346122449,-33.7468867346939,-31.8665630612245,-33.9166440816327,-34.9048355102041,-33.9246542857143,-33.0827197959184,-31.6793714285714,-31.0504359183673,-32.0526310204082,-34.1443830612245,-33.7431083673469,-34.5924120408163,-33.6146269387755,-32.1323002040816,-31.2086757142857,-33.2728214285714,-32.5597657142857,-35.8460657142857,-32.9217424489796,-31.0552093877551,-29.7854093877551,-34.3517883673469,-32.9546581632653,-33.4622532653061,-32.5645065306122,-32.84121,-33.2070473469388,-30.5824293877551,-31.1290316326531,-32.2826316326531,-31.6777742857143,-31.9351742857143,-33.0170165306122,-34.6785104081633,-32.3920502040816,-31.3647587755102,-31.9803989795918,-32.7796975510204,-34.2321567346939,-34.3168289795918,-33.9020881632653,-33.0654808163265,-33.123656122449,-32.5995387755102,-30.9551087755102,-34.069222244898,-33.1261520408163,-33.7966167346939,-32.5745530612245,-32.3763069387755,-34.2199389795918,-34.1455395918367,-29.6616712244898,-31.4803218367347,-31.2133748979592,-31.73887,-31.471323877551,-29.4419444897959,-32.7238020408163,-34.1926481632653,-33.1763548979592,-32.0404414285714,-31.8953808163265,-32.1188446938776,-32.2307265306122,-33.0902144897959,-32.9107648979592,-32.9404710204082,-33.1143546938776,-32.2737514285714,-32.6873055102041,-32.6766408163265,-31.5838314285714,-32.4472448979592,-30.9623765306122,-31.6109714285714,-32.1547212244898,-32.1257997959184,-31.6093879591837,-33.4475571428571,-31.1744155102041,-32.5115902040816,-33.4267940816327,-31.9117375510204,-32.9470597959184,-32.6960146938775,-31.7949787755102,-32.7330444897959,-31.8648767346939,-31.6003016326531,-32.204086122449,-31.9530885714286,-29.4437557142857,-34.1813830612245,-34.6249197959184,-31.3917940816326,-33.2423167346939,-33.1566381632653,-31.9064208163265,-31.1778971428571,-33.9991697959184,-32.7535169387755,-34.39761,-33.6539071428571,-34.7823248979592,-32.25112,-33.5482246938776,-32.8996167346939,-31.34922,-34.4488873469388,-33.4418287755102,-31.3248646938776,-32.4689330612245,-32.8927246938775,-33.0312271428571,-31.5092051020408,-30.6713051020408,-33.2982753061224,-33.7847481632653,-34.0884291836735,-34.5010459183673,-32.1841140816327,-32.2201904081633,-33.6460316326531,-34.077583877551,-33.5404732653061,-34.9243583673469,-35.6613244897959,-32.5200710204082,-30.7574955102041,-30.45577,-32.3131232653061,-32.0981424489796,-34.6909336734694,-33.2258632653061,-30.0971095918367,-34.0104034693878,-35.1635085714286,-33.0926232653061,-33.2410728571429,-33.9933393877551,-35.4467387755102,-32.0945781632653,-31.8096965306122,-31.1044330612245,-31.899112244898,-31.766337755102,-34.8011404081633,-33.1788736734694,-34.2357248979592,-33.0730075510204,-32.6878553061224,-32.3518214285714,-32.6125165306122,-33.0253191836735,-33.4524120408163,-32.8749755102041,-32.0361563265306,-31.6104626530612,-30.5117232653061,-31.4070797959184,-33.1933504081633,-33.0413669387755,-32.8102965306122,-32.7376844897959,-31.4832275510204,-33.5351397959184,-33.3485357142857,-34.051986122449,-34.4096510204082,-31.7946467346939,-34.4134334693878,-35.8707010204082,-35.8581453061225,-34.5148240816327,-32.3983487755102,-34.1466173469388,-32.1413526530612,-35.2722342857143,-31.9336397959184,-34.4303395918367,-33.78931,-32.6157030612245,-33.1700106122449,-32.2536124489796,-32.799022244898,-32.5563130612245,-32.6657363265306,-34.3882167346939,-31.8117726530612,-31.9060979591837,-30.6631979591837,-30.5690875510204,-32.566243877551,-33.3580171428571,-34.1394163265306,-32.0845263265306,-35.1636673469388,-33.7581302040816,-33.8999302040816,-33.3662997959184,-32.5514475510204,-32.3353171428571,-33.7554585714286,-34.1264387755102,-31.9916514285714,-30.96534,-31.4631928571429,-33.743293877551,-31.556492244898,-32.4846455102041,-31.1866402040816,-33.5216495918367,-32.7950185714286,-32.5538791836735,-35.136012244898,-37.7491208163265,-38.0704236734694,-32.3840063265306,-33.3919814285714,-30.9934912244898,-31.6227412244898,-35.1072055102041,-32.2302363265306,-32.0905275510204,-33.3392244897959,-30.7507071428571,-35.2805806122449,-35.3444442857143,-34.4781908163265,-34.656242244898,-32.8176687755102,-31.6300083673469,-33.7636185714286,-33.7312759183673,-32.6741910204082,-31.1965328571429,-32.7941557142857,-32.5654357142857,-32.8236940816327,-32.2647940816327,-32.430576122449,-30.271276122449,-31.3808444897959,-33.6571020408163,-34.861087755102,-31.5752765306122,-30.4836220408163,-33.3835626530612,-34.4615473469388,-32.8845697959184,-32.5343855102041,-33.4878265306122,-34.1211836734694,-34.3133306122449,-35.3211518367347,-32.3104210204082,-32.6621044897959,-31.6407748979592,-35.2882936734694,-34.6801730612245,-31.1815244897959,-31.9756040816327,-32.8445973469388,-33.4571565306122,-33.7540740816327,-31.3428032653061,-33.5719575510204,-32.2520544897959,-32.5588044897959,-32.4030467346939,-35.6122451020408,-34.1019559183673,-31.0864075510204,-32.2458616326531,-33.9025616326531,-33.1176120408163,-33.5860785714286,-32.7590814285714,-33.9608636734694,-31.6981187755102,-30.1176910204082,-31.3313336734694,-33.8176202040816,-31.1265555102041,-31.059372244898,-33.5876028571429,-30.8968951020408,-30.1500118367347,-31.6170381632653,-31.8431332653061,-32.5853773469388,-33.6083026530612,-33.2320571428571,-33.1145144897959,-33.3355581632653,-31.5488859183673,-31.6674895918367,-33.4712118367347,-33.5262430612245,-34.7039081632653,-32.9751316326531,-32.8193016326531,-31.951192244898,-30.6783932653061,-32.3786975510204,-26.8895767346939,-29.4978457142857,-29.8993651020408,-35.4729634693878,-31.811853877551,-31.40207,-30.2611840816327,-33.1045597959184,-31.1216836734694,-32.0049120408163,-32.2272085714286,-35.9835724489796,-34.5738610204082,-33.1686442857143,-32.7936151020408,-33.2139753061224,-33.7828173469388,-30.8159991836735,-30.6094393877551,-32.3993889795918,-32.5488565306122,-32.3393565306122,-33.4968024489796,-35.4508763265306,-34.6343126530612,-34.9761485714286,-36.4975551020408,-32.6384014285714,-35.7158314285714,-36.1144244897959,-33.1152879591837,-32.9999726530612,-32.411802244898,-33.4471932653061,-32.7605693877551,-32.2180089795918,-32.3895695918367,-33.2774734693878,-36.6600936734694,-34.8131585714286,-33.7638867346939,-30.8137404081633,-31.1411908163265,-30.9865179591837,-33.2433759183673,-32.6784857142857,-34.7058197959184,-31.851302244898,-31.6498016326531,-31.2504775510204,-29.9957667346939,-32.1551426530612,-34.2800679591837,-32.9905530612245,-31.2875569387755,-32.1775002040816,-34.3330995918367,-35.0433324489796,-32.1024804081633,-33.1046565306122,-33.1126916326531,-31.9735428571429,-34.4424575510204,-33.9435230612245,-32.233616122449,-32.6830008163265,-32.9153844897959,-32.3809189795918,-30.0857440816327,-31.2178612244898,-31.4646053061225,-31.965217755102,-32.5390473469388,-31.3085712244898,-31.5867753061225,-31.8484079591837,-29.4947228571429,-31.3849528571429,-34.2991857142857,-33.6651520408163,-33.8217297959184,-34.0157304081633,-33.6060542857143,-34.1116830612245,-33.8430316326531,-33.4312626530612,-32.0258957142857,-32.3265242857143,-33.1639304081633,-33.0182846938775,-31.4648026530612,-32.2864210204082,-31.6519644897959,-31.9321073469388,-32.1948951020408,-33.5085646938776,-33.25983,-32.859923877551,-32.1728140816327,-31.5751046938776,-31.0056457142857,-31.655637755102,-31.1848671428571,-32.7368036734694,-32.247052244898,-33.6606710204082,-32.6405548979592,-32.8032816326531,-30.2516808163265,-32.2337193877551,-33.133897755102,-34.0797965306122,-33.1381648979592,-32.9386530612245,-31.3021630612245,-32.0048495918367,-39.1434406122449,-33.442517755102,-32.2493579591837,-33.8802079591837,-31.9001908163265,-31.7782171428571,-31.4681975510204,-30.5902475510204,-31.8284526530612,-32.0383820408163,-34.4305785714286,-32.676693877551,-33.5909616326531,-34.6949585714286,-34.7644346938776,-30.5094734693878,-32.4378283673469,-33.9656704081633,-30.0818167346939,-31.6715959183673,-30.1446871428571,-33.1436395918367,-30.6310232653061,-33.1205318367347,-32.9576948979592,-33.185316122449,-34.9878751020408,-31.4496273469388,-35.1756812244898,-31.1982957142857,-30.815967755102,-32.0620273469388,-34.0311655102041,-33.4620340816327,-32.4198812244898,-32.8841836734694,-32.289256122449,-33.7956769387755,-33.0412195918367,-32.8169079591837,-32.0586587755102,-33.4357263265306,-33.2197542857143,-32.4695557142857,-34.9978569387755,-30.47763,-31.4527497959184,-31.5610904081633,-32.3450234693878,-29.6845963265306,-33.0011540816326,-32.7375540816327,-32.1729948979592,-34.2432895918367,-33.6222546938776,-32.6660634693878,-31.7926302040816,-34.7368051020408,-34.7407126530612,-35.4354126530612,-35.3769112244898,-33.2357669387755,-30.0273569387755,-30.5361920408163,-31.4249148979592,-34.7474971428571,-35.1974197959184,-33.8286726530612,-33.60432,-35.2617106122449,-34.6272106122449,-35.9975993877551,-32.95801,-35.1760742857143,-32.2556936734694,-32.806032244898,-32.6282606122449,-32.0596891836735,-32.1988328571429,-32.2872795918367,-33.672227755102,-33.7694912244898,-31.0925859183673,-31.6660573469388,-32.9604608163265,-31.9915391836735,-34.2958173469388,-33.2313295918367,-33.7419557142857,-33.2309534693878,-33.9072859183674,-32.927136122449,-34.7684708163265,-35.7449416326531,-37.6256412244898,-36.2205697959184,-35.873643877551,-34.2399618367347,-35.6283397959184,-31.1364948979592,-31.477142244898,-31.0875046938775,-36.9349808163265,-35.0009087755102,-34.9455412244898,-33.7062955102041,-31.5349565306122,-32.5387573469388,-32.5163928571429,-31.4695053061224,-31.0852948979592,-33.1327155102041,-33.6868155102041,-34.9408320408163,-33.1560869387755,-33.2972732653061,-33.8823116326531,-31.6955048979592,-30.0691146938775,-34.961593877551,-33.8929987755102,-34.3977987755102,-32.79346,-33.3121465306122,-33.393957755102,-34.0297053061225,-33.8922026530612,-34.126446122449,-29.3742808163265,-31.9214675510204,-30.5870702040816,-30.4139451020408,-31.9888655102041,-32.0827059183673,-32.1012306122449,-31.6985171428571,-29.9674373469388,-31.616342244898,-32.2477636734694,-32.8425491836735,-32.1505704081633,-32.8486275510204,-33.669986122449,-33.7727089795918,-33.6783146938775,-33.848727755102,-32.2212659183674,-32.0109187755102,-33.5229932653061,-33.1880479591837,-31.3857385714286,-35.6874820408163,-31.77203,-33.2649946938775,-32.069862244898,-30.474593877551,-34.9184795918367,-32.6014151020408,-32.0333920408163,-31.6931273469388,-34.6753589795918,-34.4780993877551,-32.221732244898,-32.8044457142857,-33.637276122449,-29.87502,-32.0587175510204,-36.7792391836735,-33.9679532653061,-34.2422608163265,-35.7848173469388,-34.8245834693878,-34.2070169387755,-31.8222602040816,-31.9902259183674,-31.8582036734694,-33.8537989795918,-33.3930734693878,-31.1396475510204,-32.5988197959184,-31.0272683673469,-31.1211036734694,-29.9440024489796,-31.6797704081633,-32.8429114285714,-36.3156575510204,-32.37193,-32.5768483673469,-31.0881916326531,-33.1551848979592,-33.0740324489796,-33.2696146938775,-32.5760528571429,-31.9657087755102,-32.263696122449,-33.2151118367347,-31.9118851020408,-33.5325271428571,-30.2412767346939,-31.7241467346939,-32.9043075510204,-32.0415671428571,-31.9106679591837,-31.556466122449,-33.2577465306122,-31.2221212244898,-27.2525212244898,-30.5111471428571,-33.9436781632653,-33.81781,-34.45391,-36.143157755102,-33.8425544897959,-33.4071673469388,-32.8412283673469,-35.2353540816327,-33.492307755102,-35.2261830612245,-33.5157242857143,-33.3490081632653,-33.2700646938776,-34.1953885714286,-33.4141465306122,-32.7243902040816,-30.9045059183673,-34.4045165306122,-35.8245779591837,-31.2687165306122,-31.4286969387755,-32.6266873469388,-32.183756122449,-32.8236214285714,-33.6101871428571,-34.4131089795918,-31.042097755102,-31.3251489795918,-29.1301681632653,-31.4779720408163,-32.5472791836735,-33.2558875510204,-33.7992955102041,-33.3753308163265,-33.1787975510204,-33.0996912244898,-33.0610893877551,-32.9717934693877,-34.337006122449,-31.8692855102041,-34.3667708163265,-33.5393128571429,-32.942793877551,-33.6845206122449,-31.2880053061225,-31.534183877551,-31.8008885714286,-31.0091853061224,-30.5030618367347,-28.33159,-31.7319293877551,-31.4359440816327,-29.4744448979592,-32.5151934693878,-33.003313877551,-33.6120853061224,-29.4653736734694,-33.05527,-32.8848932653061,-33.1398420408163,-31.3237818367347,-31.2536469387755,-32.4640712244898,-33.7983773469388,-33.9411981632653,-33.8422430612245,-33.9359440816327,-34.0614069387755,-34.0492228571429,-34.2004716326531,-34.6155936734694,-33.2318844897959,-32.9427783673469,-34.8653751020408,-32.0087259183673,-31.7259773469388,-32.5489183673469,-32.4759032653061,-31.4854634693878,-30.8529430612245,-32.9323551020408,-33.1118420408163,-33.8762467346939,-32.9652214285714,-32.7571955102041,-31.6020712244898,-31.8401504081633,-33.6739265306122,-31.6714885714286,-33.4503748979592,-30.2245885714286,-31.8866093877551,-31.7978787755102,-31.6919604081633,-34.426176122449,-32.7436563265306,-33.7071383673469,-32.8013748979592,-31.8651446938775,-35.5846146938776,-34.1697587755102,-33.246266122449,-32.8119836734694,-33.3523069387755,-32.4817416326531,-34.2026808163265,-34.8711665306122,-34.8350665306122,-33.9755163265306,-33.9295163265306,-33.8079840816327,-32.8664491836735,-34.2840359183673,-32.9810085714286,-33.0863624489796,-31.2077081632653,-31.3081497959184,-32.3513295918367,-32.2990887755102,-32.8914236734694,-30.8419171428571,-31.8287406122449,-29.7307581632653,-31.044346122449,-31.9458304081633,-34.7170130612245,-30.4237067346939,-30.4586951020408,-32.807896122449,-32.5498167346939,-30.7660659183673,-31.2566508163265,-32.1703171428571,-32.4945932653061,-32.3401897959184,-32.3352463265306,-32.7147414285714,-34.8694510204082,-30.1216571428571,-33.4189995918367,-31.8502232653061,-34.3266583673469,-38.0485567346939,-36.4400065306122,-38.9087734693878,-34.5808716326531,-34.29168,-35.1288448979592,-32.3526220408163,-32.5874902040816,-32.1081114285714,-33.0250167346939,-33.5148816326531,-30.9893814285714,-32.9684540816327,-31.9767624489796,-32.1306893877551,-32.0068473469388,-35.4369510204082,-36.1801226530612,-32.3705216326531,-31.7489287755102,-32.2949497959184,-33.112436122449,-31.0786020408163,-33.1425863265306,-34.3133506122449,-34.0615463265306,-33.9773387755102,-34.444137755102,-32.9974995918367,-32.9926146938776,-33.2422948979592,-35.9183673469388,-33.8895287755102,-34.4424089795918,-32.1629889795918,-31.9847228571429,-33.7528124489796,-32.3390616326531,-32.8655563265306,-32.4166748979592,-31.9605404081633,-32.2922095918367,-30.7468006122449,-32.8023865306122,-33.5723263265306,-30.7253371428571,-30.5159579591837,-32.9249883673469,-32.4524608163265,-33.73255,-31.5675075510204,-32.5004555102041,-34.1921795918367,-33.8654234693878,-31.2914826530612,-33.8514651020408,-31.287142244898,-33.4501834693878,-31.7692971428571,-31.9669046938775,-32.6184304081633,-31.9450171428571,-32.1883144897959,-34.9155724489796,-34.1963993877551,-34.7303002040816,-33.709506122449,-34.133686122449,-33.6953257142857,-33.884833877551,-30.8254710204082,-34.4350242857143,-31.1532436734694,-32.1377742857143,-30.8912034693878,-32.774877755102,-33.5772940816327,-32.4376940816327,-31.777867755102,-32.8874159183674,-33.1238395918367,-31.9178079591837,-32.3989720408163,-31.9456720408163,-33.1845597959184,-33.7587753061224,-34.2275914285714,-34.2459734693877,-33.6383806122449,-31.936607755102,-31.8316412244898,-30.2328806122449,-31.5085097959184,-32.315456122449,-33.3298493877551,-33.1027632653061,-33.7749683673469,-33.4263097959184,-32.5118826530612,-32.8941730612245,-35.8014006122449,-34.3810653061224,-32.9519020408163,-32.9374502040816,-32.4892042857143,-32.0663328571429,-32.0656791836735,-33.9969120408163,-32.8868120408163,-33.96232,-33.3383226530612,-34.0089883673469,-34.4789897959184,-33.4147630612245,-32.1332108163265,-31.6831908163265,-34.4961081632653,-34.6681755102041,-34.9926026530612,-37.4534459183674,-34.6806820408163,-33.6097410204082,-32.5838695918367,-33.3989991836735,-32.2766655102041,-31.4028846938776,-33.6550002040816,-31.883187755102,-32.952267755102,-32.1567367346939,-32.9676112244898,-33.4653618367347,-32.3465093877551,-32.4150795918367,-31.6953208163265,-32.8525630612245,-34.1960434693878,-32.6677481632653,-36.5715597959184,-31.5512097959184,-30.9541579591837,-29.1395916326531,-34.1808587755102,-31.9092165306122,-33.221836122449,-33.1509773469388,-33.1057073469388,-32.3366051020408,-32.8216830612245,-33.8146546938776,-31.6761973469388,-32.7721495918367,-32.9455093877551,-34.7095757142857,-32.8971665306122,-32.2873571428571,-32.2838159183674,-33.5462718367347,-33.4146828571429,-30.960993877551,-33.3274706122449,-33.1205636734694,-33.2111112244898,-34.0496236734694,-33.0303381632653,-30.7961102040816,-32.5326008163265,-33.5689932653061,-33.4579081632653,-34.1831214285714,-34.196782244898,-34.5180669387755,-33.8835175510204,-35.9212193877551,-29.1974679591837,-33.4033857142857,-33.6643432653061,-34.5902085714286,-34.4513859183674,-32.4680183673469,-32.4841924489796,-32.0000951020408,-32.4367775510204,-35.0840185714286,-34.2522655102041,-34.3398146938776,-33.7991146938776,-32.6469875510204,-32.6466226530612,-32.2017946938775,-32.4175414285714,-31.6023036734694,-32.7577069387755,-32.5764451020408,-35.1902255102041,-35.3832187755102,-32.0340332653061,-33.3384889795918,-33.8135528571429,-32.0213079591837,-31.7435375510204,-33.8830389795918,-32.9650426530612,-34.531646122449,-33.3675571428571,-31.7922934693878,-30.2508671428571,-30.317443877551,-32.4963632653061,-33.5502191836735,-33.3783102040816,-33.8228120408163,-32.051663877551,-33.5297814285714,-33.4332732653061,-32.2124742857143,-32.9414565306122,-32.8011526530612,-33.9487006122449,-30.9656418367347,-31.1867606122449,-32.6800724489796,-35.4403089795918,-34.8409497959184,-33.1731540816327,-34.4294108163265,-33.3805108163265,-33.6132781632653,-32.5802924489796,-31.9624095918367,-31.1204532653061,-30.3571532653061,-31.8133079591837,-33.642956122449,-34.1978146938775,-34.1556295918367,-33.8887779591837,-31.9504208163265,-35.9641185714286,-34.3757532653061,-32.2243046938776,-31.6803187755102,-30.7171616326531,-31.2852332653061,-32.091532244898,-33.3036648979592,-33.597847755102,-34.6232693877551,-33.1056185714286,-33.4295387755102,-35.7304608163265,-35.4260969387755,-35.2513426530612,-31.9116924489796,-33.3570557142857,-36.2206520408163,-32.2629585714286,-30.5046510204082,-30.5647189795918,-32.0612993877551,-30.2823297959184,-30.5684332653061,-32.2445975510204,-32.8948691836735,-32.0105195918367,-33.9419165306122,-32.2661316326531,-32.5582573469388,-31.2933883673469,-31.7642720408163,-30.7790571428571,-30.9732983673469,-33.1794714285714,-32.96566,-31.4058332653061,-33.1796963265306,-31.5814963265306,-31.0919304081633,-29.9325546938775,-33.7180553061224,-34.43236,-33.9986126530612,-34.4855824489796,-34.7516365306122,-33.3075985714286,-33.3617532653061,-35.1533512244898,-33.2938253061225,-34.9735095918367,-33.5571059183673,-32.6944224489796,-33.0017546938776,-33.7929932653061,-30.3906744897959,-33.9942502040816,-33.2823746938775,-32.7244491836735,-34.6024040816327,-31.7061059183673,-32.3342167346939,-34.1375481632653,-34.0910930612245,-33.9842789795918,-33.2143779591837,-33.5657087755102,-32.2043663265306,-31.6292746938775,-33.6521036734694,-32.291786122449,-32.2623806122449,-33.7004169387755,-32.2324736734694,-32.7590132653061,-32.4668985714286,-32.7493548979592,-32.0404897959184,-33.2314248979592,-31.8353104081633,-32.2809769387755,-33.7859906122449,-34.2861175510204,-33.7090751020408,-33.9309408163265,-34.0320746938775,-30.9275746938775,-35.1543414285714,-33.5976324489796,-31.351447755102,-31.890317755102,-33.877147755102,-32.595463877551,-32.630902244898,-32.5342416326531,-34.5212928571429,-32.3643232653061,-31.7386089795918,-31.0982153061225,-30.72727,-29.4892248979592,-32.5033871428571,-33.6395702040816,-31.1366179591837,-32.0502136734694,-33.1052730612245,-32.5099718367347,-32.2650273469388,-32.7589244897959,-32.9136093877551,-31.3475867346939,-30.7006797959184,-30.1062275510204,-29.5659169387755,-32.1912067346939,-33.2203918367347,-34.3664275510204,-34.878237755102,-31.4821718367347,-32.1841383673469,-29.8922573469388,-33.0005197959184,-33.4387653061224,-31.6112073469388,-34.2960936734694,-34.8118224489796,-36.5775312244898,-33.7053075510204,-32.7637791836735,-33.8656210204082,-32.1753271428571,-31.8057687755102,-35.1113312244898,-30.7635720408163,-30.9885906122449,-31.2189444897959,-32.374612244898,-32.1872642857143,-32.2423546938776,-31.6749326530612,-33.4913408163265,-33.8946810204082,-33.6011591836735,-34.2233220408163,-36.2570995918367,-33.4350448979592,-32.6513928571429,-31.5822434693878,-31.6807781632653,-33.0411275510204,-30.9121026530612,-33.5719367346939,-33.4135485714286,-34.2235832653061,-34.5991702040816,-34.6817324489796,-33.6524557142857,-32.6384210204082,-33.3793142857143,-32.6508126530612,-32.4639416326531,-32.4430859183673,-31.6847140816327,-34.2756767346939,-31.1113075510204,-33.7104075510204,-32.6378214285714,-34.2783357142857,-34.1197357142857,-32.0118234693877,-32.0068228571429,-30.4597708163265,-30.6449273469388,-31.36767,-32.2321369387755,-31.1077430612245,-32.86761,-32.8263824489796,-33.0039263265306,-33.4680385714286,-31.9631524489796,-31.6503785714286,-32.3955453061224,-33.0255302040816,-32.4766718367347,-31.163896122449,-32.0348502040816,-29.8604169387755,-31.4464771428571,-35.3698026530612,-35.8529951020408,-34.5893612244898,-33.1857014285714,-33.4905165306122,-32.4372757142857,-34.6493595918367,-34.9584034693878,-34.5422528571429,-33.4955091836735,-32.1365216326531,-31.7709306122449,-32.7463642857143,-34.3096893877551,-32.5320965306123,-32.7257708163265,-32.6422963265306,-34.0228853061224,-32.7006281632653,-31.9894263265306,-33.1932912244898,-34.1116436734694,-32.911223877551,-33.4986110204082,-34.7892206122449,-36.5912293877551,-35.8065259183673,-32.2525363265306,-31.6919032653061,-32.1036710204082,-32.0202712244898,-34.6182532653061,-32.7413612244898,-31.612073877551,-31.1730108163265,-32.4777457142857,-32.0824444897959,-32.1535565306122,-32.6253795918367,-34.4234093877551,-34.3662808163265,-34.0622228571429,-33.5270297959184,-33.7887473469388,-32.4515546938775,-33.1804408163265,-33.9858808163265,-32.564902244898,-32.8055651020408,-31.6115981632653,-32.3683571428571,-32.5044871428571,-33.452133877551,-33.2698355102041,-32.2042008163265,-34.2471269387755,-33.0335212244898,-32.3219336734694,-34.1508214285714,-35.8104648979592,-34.6802393877551,-34.5399032653061,-32.4134846938775,-34.829736122449,-35.0427632653061,-34.8793357142857,-33.3835055102041,-34.3837471428571,-33.9778446938776,-33.7515593877551,-35.3213406122449,-31.7620702040816,-31.6341565306122,-31.6674697959184,-32.1215789795918,-31.3755544897959,-31.9469320408163,-33.377913877551,-33.6079348979592,-33.3550810204082,-33.5720826530612,-31.2436969387755,-31.0998204081633,-32.7014248979592,-32.9192732653061,-32.5543606122449,-32.765323877551,-32.7886648979592,-33.2074769387755,-33.9155844897959,-32.1205981632653,-31.4086689795918,-31.2863506122449,-33.2252014285714,-32.9700651020408,-31.6471391836735,-32.3386973469388,-30.9315651020408,-32.3405412244898,-31.5722848979592,-31.226347755102,-34.5170279591837,-34.4811475510204,-34.153622244898,-35.3374908163265,-32.5610720408163,-31.8581634693878,-30.5752775510204,-30.7705369387755,-32.7782553061224,-34.0549893877551,-32.0728181632653,-32.2620291836735,-32.1963428571429,-32.5554869387755,-32.0803504081633,-29.4979526530612,-32.291466122449,-32.9854640816326,-33.5116851020408,-34.7671173469388,-35.2279981632653,-34.348676122449,-32.4567765306122,-35.6786206122449,-34.8660916326531,-36.1243004081633,-35.8569616326531,-36.8327163265306,-32.6071928571429,-32.5980648979592,-32.25315,-28.9951916326531,-31.2850106122449,-31.2201702040816,-32.5782924489796,-29.2473875510204,-32.5767026530612,-33.1635571428571,-33.1381565306122,-30.9387565306122,-31.2097210204082,-30.7888440816327,-30.2444616326531,-33.3306681632653,-35.7633814285714,-34.392786122449,-32.3147934693878,-33.0785118367347,-30.9098355102041,-30.9167744897959,-31.8076604081633,-31.6920906122449,-31.8260951020408,-33.5160893877551,-33.0825271428571,-33.8303091836735,-33.410762244898,-33.3987193877551,-33.9950593877551,-34.1135520408163,-31.4340189795918,-33.7278065306122,-33.7425416326531,-31.717903877551,-32.272442244898,-33.7889779591837,-31.7279165306122,-33.5923675510204,-34.0085093877551,-33.7386379591837,-33.1422214285714,-35.733096122449,-34.8425206122449,-34.6797465306122,-33.3146053061224,-33.2824275510204,-32.8159344897959,-31.9365310204082,-31.7945808163265,-30.2363042857143,-31.4216012244898,-31.949286122449,-31.9940663265306,-32.1263946938776,-32.4844795918367,-30.893866122449,-32.3824759183673,-31.9525765306122,-31.6107132653061,-32.2565975510204,-30.3472455102041,-32.2263546938776,-31.8627802040816,-30.6418620408163,-30.8150259183673,-32.381706122449,-32.5279273469388,-33.0518608163265,-34.5099636734694,-35.0018679591837,-34.2724528571429,-33.3912418367347,-33.3056534693878,-31.9262875510204,-31.7362628571429,-30.0634506122449,-30.536552244898,-33.8296785714286,-33.7079783673469,-34.1785783673469,-33.9934971428571,-34.4512220408163,-31.4269467346939,-32.0582957142857,-34.4482634693878,-33.4455548979592,-36.2964608163265,-34.0382693877551,-34.4423585714286,-35.1726232653061,-33.7628979591837,-33.5411826530612,-33.5429153061225,-33.6461130612245,-33.0233804081633,-31.3941789795918,-31.1216102040816,-32.891387755102,-34.4537251020408,-34.2502028571429,-34.4234028571429,-33.8377630612245,-35.8739965306122,-35.9764144897959,-38.3375144897959,-34.7769467346939,-34.0011467346939,-34.761376122449,-34.2928759183674,-33.6449402040816,-33.2256759183674,-35.5010706122449,-34.1839128571429,-34.1367436734694,-34.3202667346939,-31.5349491836735,-31.0627063265306,-31.1341246938775,-32.8333473469388,-34.2263006122449,-34.3463591836735,-32.9063465306122,-34.4958093877551,-36.1639506122449,-35.1155008163265,-34.4934567346939,-33.5940126530612,-32.3809210204082,-33.0979926530612,-33.1251004081633,-32.8325004081633,-32.2211926530612,-31.9957448979592,-32.9126671428571,-33.649103877551,-33.3675765306122,-34.548646122449,-32.757873877551,-32.4339271428571,-31.0063187755102,-32.8027810204082,-31.708847755102,-31.9794689795918,-33.286486122449,-33.0900055102041,-33.4239520408163,-32.4266967346939,-33.3950081632653,-31.0657751020408,-32.1796665306122,-33.3015279591837,-31.57014,-32.3083048979592,-27.483443877551,-33.1110742857143,-31.7276797959184,-34.5299495918367,-33.4633297959184,-33.6218714285714,-32.4667834693878,-33.0592626530612,-33.8393669387755,-34.1674424489796,-34.8660959183673,-35.81348,-32.96438,-34.4636373469388,-34.9115051020408,-33.7611240816327,-32.2367240816327,-34.3478902040816,-33.2942587755102,-33.6025363265306,-32.9006418367347,-36.0976418367347,-35.000957755102,-31.3899418367347,-32.666023877551,-34.3202626530612,-30.0081312244898,-32.3246424489796,-32.2727855102041,-33.9807483673469,-33.9068144897959,-32.124767755102,-33.8365957142857,-33.5572593877551,-34.2757155102041,-29.6300571428571,-28.4279189795918,-31.3519420408163,-33.4627708163265,-33.5130714285714,-35.6555283673469,-34.2992067346939,-31.7633889795918,-31.3166530612245,-30.2064224489796,-34.1162736734694,-33.32268,-34.2734706122449,-33.9347855102041,-34.4118797959184,-35.1922126530612,-35.6972232653061,-36.2911071428571,-36.1522734693878,-32.9303734693878,-32.8778518367347,-32.1114265306122,-33.0089691836735,-35.2104620408163,-34.2324097959184,-33.7940485714286,-36.9029310204082,-33.1496553061224,-32.2326230612245,-32.7512302040816,-32.3029648979592,-32.9964555102041,-34.082012244898,-32.9143463265306,-34.1582081632653,-36.0329418367347,-30.9563973469388,-30.9740195918367,-33.9459555102041,-32.8289981632653,-32.4193159183673,-32.3701479591837,-33.9003685714286,-31.8473683673469,-31.5364248979592,-32.5913648979592,-32.2963540816327,-30.4370755102041,-31.9406704081633,-32.5490271428571,-31.8716444897959,-32.7609444897959,-32.94612,-33.3228957142857,-31.9635955102041,-32.4944946938775,-32.9308310204082,-33.9828726530612,-32.8725667346939,-33.5688402040816,-34.4152485714286,-33.1944459183674,-33.0236240816326,-32.7065583673469,-31.0324393877551,-30.9586681632653,-32.6682459183673,-32.5244316326531,-32.4979697959184,-31.2953485714286,-32.2970344897959,-37.1928081632653,-35.9053206122449,-32.7717981632653,-32.8598185714286,-31.4820928571429,-31.6169983673469,-31.0059191836735,-32.1327416326531,-32.8019383673469,-31.5126114285714,-30.7810359183674,-32.6523546938775,-36.3676646938776,-36.3676646938776,-34.1231367346939,-34.929792244898,-35.53011,-35.0397048979592,-34.4904665306122,-30.9725220408163,-30.3165275510204,-31.1773530612245,-34.8857444897959,-31.7615012244898,-34.1684206122449,-33.4970369387755,-35.4859969387755,-33.2529820408163,-33.2426820408163,-32.686807755102,-34.3853436734694,-32.6674185714286,-32.5749897959184,-32.8219971428571,-31.6979240816326,-34.223963877551,-31.7921171428571,-32.5670497959184,-30.6024332653061,-31.5934175510204,-31.6526985714286,-31.4368383673469,-32.809392244898,-35.8823232653061,-32.3271432653061,-32.9646255102041,-32.5694648979592,-32.7936930612245,-33.9319465306123,-33.3690630612245,-33.1739440816327,-33.3387520408163,-33.5739418367347,-32.1426467346939,-31.1716467346939,-31.3769351020408,-31.5410351020408,-32.1433010204082,-31.7514010204082,-31.7640097959184,-33.3441675510204,-32.4324493877551,-31.57027,-32.62657,-32.50553,-32.2725218367347,-33.0823055102041,-32.3232804081633,-30.9997820408163,-30.2303304081633,-30.8033132653061,-32.6976973469388,-32.8980171428571,-33.7921895918367,-32.6477179591837,-32.7749285714286,-33.6408689795918,-33.6557271428571,-33.5683255102041,-32.9571610204082,-33.6524573469388,-34.8209724489796,-34.7669616326531,-34.8471995918367,-32.410406122449,-33.6482302040816,-32.3027079591837,-29.9976271428571,-33.5777416326531,-34.7449014285714,-34.2263028571429,-33.1850851020408,-30.8337291836735,-31.4639497959184,-33.776706122449,-32.8292471428571,-33.683803877551,-33.3226367346939,-33.5453387755102,-33.4154051020408,-30.5236965306122,-30.3651418367347,-34.2720757142857,-34.4155530612245,-33.0719514285714,-34.4333208163265,-33.254933877551,-32.3843573469388,-34.2424332653061,-34.1648444897959,-33.4215255102041,-32.2918255102041,-31.2157508163265,-30.9500132653061,-31.2830759183673,-31.1997810204082,-35.1530130612245,-34.7717585714286,-34.5959981632653,-31.7478551020408,-32.605197755102,-33.7441926530612,-32.8650173469388,-33.0680526530612,-31.0521271428571,-33.2578355102041,-33.877612244898,-34.0016267346939,-33.0187991836735,-33.1796134693878,-32.709103877551,-32.4549571428571,-35.9503614285714,-33.0508589795918,-34.9394806122449,-37.5597404081633,-35.5529520408163,-34.9834640816327,-35.448922244898,-36.2168453061225,-36.0101546938776,-35.7559016326531,-34.7506016326531,-32.6268016326531,-32.918783877551,-34.6842887755102,-36.1640557142857,-32.6746397959184,-33.3701540816326,-33.8538171428571,-32.8970251020408,-33.5410969387755,-35.3389330612245,-33.3975569387755,-31.7127624489796,-33.721007755102,-34.5811126530612,-33.8295344897959,-32.8733163265306,-32.9612706122449,-31.700643877551,-32.9822997959184,-34.0315875510204,-31.5940334693878,-32.4828781632653,-32.5567781632653,-33.9254953061224,-32.6957236734694,-35.1171444897959,-35.2839444897959,-29.3178293877551,-34.3465002040816,-34.7041753061225,-34.8039079591837,-33.1670253061224,-31.8447744897959,-34.0823224489796,-31.4021224489796,-31.9628440816327,-31.9590053061224,-31.8426428571429,-31.3309155102041,-31.7432595918367,-31.4025548979592,-31.3568048979592,-32.552402244898,-31.5412763265306,-30.5097787755102,-31.7215473469388,-33.0179895918367,-32.5787008163265,-34.4130148979592,-33.6685730612245,-33.7110465306122,-31.6883734693878,-32.7607779591837,-31.3095836734694,-31.6604614285714,-31.3081504081633,-30.5698404081633,-31.6553820408163,-32.3455663265306,-34.379672244898,-32.0124404081633,-34.0107963265306,-35.647086122449,-34.1024469387755,-29.967217755102,-30.5588530612245,-33.3066389795918,-36.796817755102,-39.7878230612245,-39.7445636734694,-33.1522355102041,-34.3236551020408,-34.6238551020408,-34.399077755102,-33.4119414285714,-35.2837926530612,-35.2255926530612,-32.8508095918367,-31.5944610204082,-33.0306610204082,-33.6450346938775,-33.4120957142857,-34.1357853061225,-31.6486912244898,-31.5612006122449,-32.6237181632653,-31.3948697959184,-31.9747144897959,-32.123017755102,-33.5834063265306,-35.2183434693878,-30.851752244898,-32.2968891836735,-31.7148891836735,-30.8976569387755,-30.1265465306122,-34.2590102040816,-34.1458010204082,-33.961762244898,-33.3336604081633,-32.7311920408163,-30.4861685714286,-31.1289808163265,-34.5098940816327,-33.4404863265306,-35.4667697959184,-34.9379734693878,-33.8094642857143,-31.9936630612245,-33.3709391836735,-34.6069616326531,-33.4756655102041,-32.1177079591837,-33.6482636734694,-32.6636571428571,-31.4799755102041,-29.8235755102041,-35.3118642857143,-33.1449057142857,-35.125543877551,-36.3970955102041,-35.4024614285714,-35.4436863265306,-34.8904946938775,-30.3339491836735,-33.6787844897959,-33.2785616326531,-36.2238697959184,-33.0714597959184,-34.8285930612245,-32.9270606122449,-35.1081842857143,-37.3657008163265,-31.0982342857143,-34.9172526530612,-32.7980630612245,-33.1021330612245,-34.9101812244898,-32.1397112244898,-32.7414514285714,-33.2577208163265,-34.2018859183673,-34.1115832653061,-34.2612128571429,-32.9395732653061,-32.9073732653061,-30.8315732653061,-31.7983791836735,-33.0844489795918,-34.0964365306122,-34.0947253061224,-30.8003042857143,-30.3778344897959,-34.0749781632653,-34.145397755102,-31.687687755102,-32.5190669387755,-32.5073846938776,-31.5834118367347,-32.7299004081633,-33.3785308163265,-32.1727495918367,-33.7686491836735,-33.3599389795918,-33.3541632653061,-34.0569308163265,-31.1835720408163,-31.2204279591837,-34.9423363265306,-32.9001555102041,-33.8409955102041,-32.3831834693878,-32.3549916326531,-31.4064916326531,-31.6348169387755,-31.3108620408163,-31.4337793877551,-33.5570302040816,-34.0021416326531,-33.4454157142857,-34.2546279591837,-35.216183877551,-34.5116644897959,-31.8882893877551,-32.5646483673469,-32.4939853061224,-31.2603883673469,-31.4132581632653,-36.1790965306122,-31.7735630612245,-33.2678704081633,-33.7381846938775,-34.5182348979592,-34.008997755102,-31.1817820408163,-32.8221363265306,-32.437692244898,-34.2347810204082,-31.8115014285714,-32.7511875510204,-33.2714530612245,-33.101096122449,-31.8933844897959,-33.7493140816327,-34.1468002040816,-33.9159275510204,-33.3328116326531,-31.7898495918367,-33.9207951020408,-33.6984144897959,-31.6192283673469,-32.1074291836735,-32.1356140816327,-31.244667755102,-32.2635763265306,-32.5139571428571,-29.9104667346939,-32.1687667346939,-34.2549955102041,-32.843823877551,-33.9095551020408,-32.6478928571429,-34.1947410204082,-32.8537116326531,-31.8391816326531,-31.6111765306122,-36.1489718367347,-33.947982244898,-33.9139983673469,-32.2770014285714,-35.8021971428571,-33.2415191836735,-33.9628095918367,-33.0806771428571,-33.9862175510204,-31.8588044897959,-30.1698540816326,-31.5683428571429,-33.2611210204082,-34.0357740816327,-30.7786175510204,-31.1077430612245,-30.720803877551,-31.6137910204082,-32.1747793877551,-30.266957755102,-31.7055918367347,-32.7916387755102,-32.8156204081633,-32.5097632653061,-31.7047653061225,-31.6681873469388,-34.7975489795918,-33.9268710204082,-32.2638724489796,-33.6952010204082,-34.2630265306122,-32.5587646938775,-33.1280914285714,-33.076847755102,-32.7199736734694,-32.4770524489796,-31.679996122449,-31.4608048979592,-32.8101769387755,-34.1841402040816,-32.7499546938775,-32.349403877551,-32.0942312244898,-31.8584614285714,-32.0109818367347,-31.523473877551,-31.3826028571429,-32.6519530612245,-34.0052781632653,-33.240362244898,-34.0492963265306,-31.7495544897959,-30.2949983673469,-31.5235004081633,-34.7887163265306,-33.8567728571429,-33.6038648979592,-33.2418151020408,-35.071527755102,-34.70435,-33.7551424489796,-32.4960775510204,-31.8144048979592,-30.9783253061224,-32.0006691836735,-32.0965997959184,-30.3747093877551,-31.4216591836735,-30.9191916326531,-31.0942087755102,-30.5894579591837,-32.3540428571429,-33.7255559183673,-31.1495775510204,-31.1856359183673,-35.2961810204082,-37.7013581632653,-35.5387767346939,-34.5791410204082,-32.0942665306122,-32.2020230612245,-30.0609673469388,-32.0242367346939,-30.1241357142857,-29.8959326530612,-32.7943657142857,-32.1081975510204,-33.8427685714286,-33.006657755102,-33.2810671428571,-31.8520134693878,-32.3080891836735,-32.035197755102,-32.3456179591837,-32.1021657142857,-32.9703951020408,-30.6630628571429,-34.5905651020408,-30.8752144897959,-35.5669957142857,-33.1254904081633,-34.4348916326531,-32.880306122449,-32.7683608163265,-37.498233877551,-33.4139620408163,-31.9430740816327,-33.8571479591837,-35.1473640816327,-32.8489112244898,-30.554816122449,-32.4815755102041,-33.1623375510204,-33.4383908163265,-32.7344085714286,-32.8945271428571,-32.0819059183673,-34.3484869387755,-32.1829163265306,-34.2442163265306,-34.1542806122449,-34.8538055102041,-33.1185940816327,-32.9556055102041,-33.1215297959184,-32.0576432653061,-31.779563877551,-31.5125755102041,-31.759723877551,-33.3843755102041,-32.7523644897959,-32.888252244898,-33.3219859183673,-31.5862046938776,-33.0780924489796,-31.6433565306122,-32.7564865306122,-33.4818065306122,-32.1000285714286,-31.3518428571429,-29.4290306122449,-31.2751357142857,-31.5219253061224,-30.6677234693878,-31.5969173469388,-31.8806657142857,-31.8658010204082,-31.41971,-33.1763536734694,-32.2403218367347,-32.3356767346939,-31.1807491836735,-30.1865228571429,-31.4150928571429,-32.8493912244898,-33.7137995918367,-31.6982214285714,-31.2774087755102,-32.7038204081633,-32.1522136734694,-33.2532757142857,-33.1832993877551,-31.020882244898,-30.142706122449,-31.1731626530612,-33.2983912244898,-32.2322565306122,-32.4705614285714,-31.7314320408163,-35.1517059183673,-32.640923877551,-32.7493934693878,-36.2399867346939,-35.6738902040816,-35.5218091836735,-33.503523877551,-33.6003153061225,-33.9300153061224,-34.5098495918367,-31.887463877551,-33.0337497959184,-34.37585,-31.9400287755102,-32.0993746938776,-33.2884891836735,-32.7384914285714,-33.3597914285714,-33.8351055102041,-32.6747375510204,-33.2278163265306,-31.8001602040816,-30.5737993877551,-30.9943532653061,-34.0964773469388,-29.3352828571429,-32.175257755102,-31.6336285714286,-31.6426293877551,-30.6417391836735,-31.8033728571429,-32.7673306122449,-33.5042453061224,-34.8160714285714,-33.1076757142857,-30.3514542857143,-32.1330363265306,-33.0342930612245,-34.5899879591837,-31.7047412244898,-32.8241732653061,-33.9788626530612,-32.6232346938775,-32.7894667346939,-31.2891595918367,-32.0026146938775,-32.0706397959184,-32.7870851020408,-31.2913291836735,-30.4620508163265,-31.4529344897959,-31.5776344897959,-31.9448367346939,-28.6734297959184,-34.9236120408163,-33.6659467346939,-32.7721865306122,-34.1698365306122,-34.5777387755102,-32.7661185714286,-32.9807359183673,-31.1627504081633,-34.7938236734694,-35.8468736734694,-33.4189736734694,-33.084963877551,-36.9375528571429,-34.8218287755102,-31.726893877551,-31.3086253061225,-31.3062673469388,-31.0235197959184,-31.9771655102041,-32.4087716326531,-33.0133902040816,-32.3990387755102,-32.0234885714286,-31.2602885714286,-32.8914446938776,-32.8336187755102,-33.7268810204082,-34.2584524489796,-35.2516408163265,-33.8459987755102,-33.1228653061224,-33.4683314285714,-32.9985812244898,-31.7414573469388,-32.4347573469388,-32.3546573469388,-33.5759791836735,-30.3112791836735,-32.5816787755102,-33.075563877551,-32.1588136734694,-33.44282,-31.774153877551,-31.57725,-30.8536175510204,-30.14734,-28.9473506122449,-32.0308963265306,-34.4012763265306,-31.5689110204082,-33.0556255102041,-32.6428336734694,-32.4465818367347,-36.1726583673469,-32.8200542857143,-29.9193542857143,-35.8782920408163,-31.0356916326531,-30.9845471428571,-32.0555693877551,-31.1798895918367,-32.656947755102,-32.3316185714286,-32.7189063265306,-34.1463987755102,-33.4466175510204,-33.17434,-35.9931610204082,-34.5413208163265,-34.5019585714286,-36.8531202040816,-32.8458273469388,-33.1897544897959,-33.6878248979592,-33.4679340816327,-32.86687,-31.1659308163265,-31.7917714285714,-32.7268044897959,-31.118776122449,-33.9521214285714,-32.2025012244898,-31.8959257142857,-35.0704657142857,-35.127582244898,-34.7867597959184,-33.4640234693878,-33.5529565306122,-34.8706540816327,-34.1688269387755,-33.6484789795918,-33.1373269387755,-32.9458844897959,-32.745176122449,-30.7261040816327,-29.7815467346939,-32.0943089795918,-34.5718204081633,-33.6876132653061,-31.9988540816327,-31.9618365306122,-32.0152408163265,-30.1608426530612,-32.026393877551,-33.0558210204082,-32.1517751020408,-33.2812871428571,-33.3228926530612,-31.5352704081633,-33.4432871428571,-32.960576122449,-30.9294832653061,-32.0090195918367,-32.5645326530612,-31.8521581632653,-33.4257720408163,-34.1743465306122,-34.0959267346939,-31.8590283673469,-32.6986583673469,-33.3543304081633,-31.2764553061224,-30.1354557142857,-32.1471844897959,-30.2891093877551,-31.2155991836735,-30.1317365306122,-34.6340981632653,-33.9615659183673,-34.0241659183673,-32.9338808163265,-32.5369795918367,-32.8010581632653,-34.8629114285714,-33.6701763265306,-30.4006763265306,-31.0715595918367,-31.6072516326531,-33.0643508163265,-33.0749459183673,-32.1674920408163,-31.3319195918367,-32.7399134693878,-30.8328134693878,-32.3461134693878,-32.5030134693878,-31.0500989795918,-31.4731344897959,-32.9551330612245,-33.4119459183673,-33.5796753061224,-32.0046285714286,-32.0365671428571,-32.166186122449,-33.6018265306122,-30.6418193877551,-31.7328336734694,-31.1369346938775,-33.3667359183673,-32.2021840816327,-31.3296765306122,-32.7668006122449,-31.975117755102,-34.2926428571429,-32.9254236734694,-34.3541681632653,-32.574603877551,-31.4828289795918,-33.1308634693877,-32.7252030612245,-29.8888802040816,-33.422973877551,-34.6986818367347,-32.4858667346939,-34.059246122449,-33.6188310204082,-31.1730618367347,-31.012647755102,-33.7128887755102,-33.3882120408163,-31.8867385714286,-32.2917385714286,-34.0080953061224,-32.8146065306122,-30.1488895918367,-30.3157706122449,-30.5367706122449,-30.6671673469388,-33.6723879591837,-32.5149148979592,-33.0864942857143,-32.1592451020408,-31.7496204081633,-33.5372589795918,-31.6197955102041,-32.1520779591837,-33.8757908163265,-33.967906122449,-33.0550732653061,-32.6100169387755,-32.5989542857143,-32.6471018367347,-32.6781765306122,-32.2267836734694,-32.145617755102,-32.7224971428571,-33.6387353061224,-34.4788265306122,-32.4310228571429,-29.7667734693878,-31.9005808163265,-32.498317755102,-34.4559951020408,-33.0877987755102,-32.6174985714286,-32.6624830612245,-34.4733569387755,-32.6283665306122,-32.1674910204082,-33.4843481632653,-33.4079932653061,-31.735907755102,-30.8106216326531,-31.3620973469388,-31.70005,-33.0472412244898,-30.3597412244898,-32.1099981632653,-32.9217926530612,-34.7060002040816,-32.8247312244898,-32.8123130612245,-32.17308,-35.275262244898,-34.0947391836735,-34.0915391836735,-33.0830081632653,-29.0490048979592,-34.0244459183673,-32.8353646938776,-31.9364079591837,-32.98309,-33.605183877551,-29.8216610204082,-33.0047667346939,-33.8332667346939,-31.2000087755102,-29.4989732653061,-33.4057069387755,-32.3738559183673,-33.871586122449,-32.5836175510204,-32.261682244898,-33.2666808163265,-33.0182318367347,-32.1779079591837,-31.5894079591837,-33.4241946938775,-33.3471795918367,-33.2773381632653,-31.3307046938775,-33.2674514285714,-32.3655553061225,-33.6998797959184,-33.6742879591837,-31.8233820408163,-30.4373065306122,-30.0986891836735,-31.1184173469388,-32.758303877551,-34.4602197959184,-34.0377895918367,-34.059312244898,-33.6231181632653,-33.1471173469388,-33.8432883673469,-31.8485844897959,-32.2589355102041,-35.3204046938775,-36.1495789795918,-31.8488055102041,-32.8143526530612,-32.0662008163265,-33.1695591836735,-33.9612453061224,-35.3850512244898,-32.9177404081633,-31.4136795918367,-31.5958116326531,-31.3654779591837,-32.4620444897959,-32.1569189795918,-33.1739412244898,-34.3276187755102,-33.7213475510204,-31.8704175510204,-33.6914512244898,-33.361886122449,-32.7469544897959,-33.3625093877551,-33.5870134693878,-32.5370873469388,-32.3752375510204,-34.2003036734694,-34.0146234693878,-35.2124293877551,-34.725157755102,-34.0531763265306,-33.6294769387755,-33.65466,-33.0650234693878,-34.1926512244898,-34.1740885714286,-32.7557148979592,-32.8646212244898,-34.5620397959184,-35.0042548979592,-33.0214428571429,-32.763827755102,-29.6747242857143,-33.0147855102041,-34.4824934693878,-33.8076046938776,-30.9380669387755,-31.8688559183673,-33.8770767346939,-35.7282251020408,-35.1772642857143,-32.1955965306122,-32.7486483673469,-32.9804689795918,-32.2713959183673,-31.0608591836735,-32.3265208163265,-31.7323524489796,-34.49834,-32.9720010204082,-31.3478334693878,-31.8772130612245,-31.6047202040816,-33.8213844897959,-32.2340771428571,-31.7404124489796,-32.676666122449,-31.8956048979592,-32.4622985714286,-31.6078053061224,-33.2438089795918,-30.53078,-30.8757387755102,-31.5394228571429,-32.803693877551,-32.7562932653061,-33.2058671428571,-32.0297308163265,-32.9604730612245,-33.6220324489796,-32.8966002040816,-31.8584224489796,-33.3458430612245,-33.8094893877551,-34.6000828571429,-33.4536785714286,-34.3258118367347,-34.9196175510204,-32.4956587755102,-31.3454908163265,-31.8124659183673,-29.89596,-32.7786730612245,-32.3307085714286,-30.1393612244898,-30.46052,-33.8750765306122,-31.6698551020408,-34.1965995918367,-33.4192485714286,-32.2843404081633,-33.3208320408163,-33.6171330612245,-33.2028787755102,-33.5761765306122,-31.226442244898,-31.9434397959184,-32.5667728571429,-36.6699504081633,-33.1164385714286,-34.6258051020408,-32.2782185714286,-32.9074993877551,-32.692637755102,-32.2388030612245,-30.3440073469388,-32.394246122449,-32.0124506122449,-34.8627053061225,-32.3207826530612,-33.1410718367347,-33.114476122449,-34.234977755102,-32.6989063265306,-32.6508404081633,-33.5153255102041,-33.6704404081633,-34.7189632653061,-35.3363669387755,-34.5467842857143,-35.5115730612245,-33.6582169387755,-34.4712024489796,-33.2168369387755,-34.4266653061224,-32.6782191836735,-34.0473985714286,-34.3276344897959,-33.5112675510204,-32.8993595918367,-35.93723,-32.3220636734694,-34.0646110204082,-34.2269846938775,-33.996296122449,-34.0150197959184,-34.1944944897959,-35.0207981632653,-30.1712783673469,-31.9266626530612,-31.293343877551,-32.8989514285714,-31.7272187755102,-31.8489924489796,-31.21412,-32.8489751020408,-32.6071304081633,-32.0824573469388,-33.7123332653061,-34.1268671428571,-33.1280736734694,-33.4288855102041,-33.5219226530612,-32.6527459183673,-32.5062479591837,-31.4980573469388,-33.1583210204082,-35.7696393877551,-33.750026122449,-33.4317548979592,-33.4576669387755,-33.3009875510204,-30.6940230612245,-32.5341546938776,-31.614586122449,-34.4443136734694,-34.6507963265306,-32.957326122449,-35.5161146938776,-34.3795763265306,-33.1392793877551,-32.5327948979592,-31.8797879591837,-32.7165932653061,-31.155167755102,-33.7131428571429,-31.3021040816327,-31.0539993877551,-29.3222087755102,-31.5374875510204,-32.645437755102,-32.9574187755102,-32.2935869387755,-31.4933604081633,-30.8219755102041,-33.8326389795918,-33.623593877551,-32.7874018367347,-33.7817514285714,-32.81037,-31.5605028571429,-34.0399934693878,-32.7015530612245,-34.2986991836735,-34.4595710204082,-30.9096185714286,-30.3319671428571,-30.7477693877551,-33.0378569387755,-33.2251518367347,-33.2668455102041,-32.3605648979592,-33.8954516326531,-35.0719759183674,-33.083986122449,-33.4720814285714,-33.2543793877551,-32.0621073469388,-31.0539702040816,-31.0855904081633,-34.8602504081633,-33.8069234693878,-32.8210055102041,-32.7776393877551,-32.5131206122449,-33.5797779591837,-31.6972932653061,-34.0094834693878,-35.2088732653061,-32.3779246938776,-33.5064057142857,-34.8541789795918,-34.2317055102041,-30.3335581632653,-34.2198210204082,-34.1464989795918,-31.0192308163265,-30.1624530612245,-32.724167755102,-32.3724063265306,-33.7057275510204,-31.956816122449,-31.565193877551,-33.7110095918367,-33.9849644897959,-33.1442195918367,-33.8698328571429,-32.9290732653061,-33.2615318367347,-30.8951389795918,-31.3196606122449,-32.6361610204082,-32.6602375510204,-32.621282244898,-33.1192412244898,-33.0229863265306,-32.7081197959184,-31.9336881632653,-31.975302244898,-34.3082824489796,-34.7985518367347,-32.3187336734694,-33.0785955102041,-34.2774985714286,-32.0266548979592,-32.187592244898,-32.185192244898,-34.2143179591837,-30.7483046938776,-31.9463540816326,-32.2415683673469,-33.4926857142857,-34.3343812244898,-33.8969697959184,-33.8672771428571,-33.6353383673469,-34.4775889795918,-31.778606122449,-32.1437865306122,-32.4348589795918,-31.1257151020408,-32.5270228571429,-32.416157755102,-35.065726122449,-33.7317904081633,-32.4722183673469,-33.9836404081633,-32.1614683673469,-33.6536442857143,-32.3452936734694,-31.7223879591837,-33.0946946938775,-32.936442244898,-34.2128881632653,-32.2735804081633,-36.0228091836735,-35.4083314285714,-37.3805769387755,-38.3067171428571,-37.6402973469388,-33.4653336734694,-32.0306759183673,-32.2301367346939,-33.3725802040816,-35.2197108163265,-32.9171118367347,-34.3893897959184,-34.2731432653061,-31.9822273469388,-33.9241126530612,-31.655603877551,-33.7016467346939,-33.7594451020408,-34.1316210204082,-31.9977565306122,-33.0185040816326,-33.0951310204082,-33.4431340816326,-34.2103440816327,-32.3858091836735,-36.9902430612245,-34.6894453061225,-31.8377485714286,-33.6511483673469,-32.3460491836735,-32.1107151020408,-33.6391930612245,-32.8052963265306,-33.3413832653061,-33.077836122449,-32.695037755102,-33.6394442857143,-32.3674010204082,-33.6971046938776,-33.4512046938775,-32.0030442857143,-36.5096028571429,-35.1170581632653,-30.2027887755102,-31.7238389795918,-33.6108653061224,-34.186966122449,-33.2604793877551,-32.356093877551,-31.2067042857143,-31.7931479591837,-32.0425081632653,-33.553596122449,-32.6092248979592,-32.7578663265306,-32.6531134693878,-34.4695991836735,-33.9591404081633,-30.1313053061224,-29.621293877551,-31.99445,-32.6496153061224,-34.0537795918367,-32.4695967346939,-33.7072224489796,-32.5055751020408,-32.415262244898,-32.3760402040816,-34.0138271428571,-33.8873879591837,-33.4137402040816,-33.7397091836735,-32.3679163265306,-31.2323648979592,-32.9085126530612,-30.5307744897959,-32.5916402040816,-32.6622646938775,-32.9318083673469,-35.2052846938776,-35.7621442857143,-35.2057836734694,-34.033603877551,-35.2439997959184,-34.6903312244898,-30.1437753061224,-32.6808753061224,-31.7654104081633,-32.0404336734694,-32.7538173469388,-32.8956567346939,-29.8932704081633,-32.1352581632653,-32.7489602040816,-30.484503877551,-32.0398806122449,-33.1910330612245,-32.5196324489796,-32.4726093877551,-32.8789967346939,-34.07189,-36.3424934693878,-35.9335055102041,-34.9634071428571,-32.7588746938776,-32.1347826530612,-33.9634244897959,-33.5484842857143,-36.5331397959184,-35.1309848979592,-33.5923214285714,-32.9302391836735,-34.9219683673469,-34.4662065306122,-33.585306122449,-33.3021481632653,-32.7747634693878,-32.6886004081633,-32.2074004081633,-32.9461330612245,-33.7438244897959,-31.8859687755102,-31.1202591836735,-31.0300597959184,-29.725113877551,-29.0219318367347,-31.7890936734694,-31.9657085714286,-34.9168934693878,-32.8709967346939,-31.3064793877551,-31.1660595918367,-32.8032873469388,-32.0112806122449,-31.8248697959184,-32.4379665306122,-30.2668114285714,-32.5960518367347,-34.4881475510204,-33.9883028571429,-34.7111963265306,-33.2311593877551,-31.4122046938776,-32.5199585714286,-31.899412244898,-32.6377983673469,-32.5028544897959,-34.2857048979592,-32.9692120408163,-34.0156071428571,-32.2174567346939,-34.1796851020408,-32.9845216326531,-30.7810328571429,-31.8735232653061,-30.6892297959184,-32.6765120408163,-32.7387557142857,-34.1400565306122,-31.498416122449,-32.7933787755102,-29.908287755102,-31.9139040816327,-33.1329530612245,-32.9097989795918,-31.5770240816327,-32.3238955102041,-32.8028955102041,-32.8700048979592,-33.8214589795918,-34.1197591836735,-34.3416630612245,-33.7999187755102,-32.9480765306122,-31.8876214285714,-34.4422214285714,-34.1743840816327,-34.197886122449,-34.5700328571429,-31.8574673469388,-32.8651902040816,-31.0888932653061,-31.9040859183673,-31.669127755102,-30.7255044897959,-33.3175385714286,-31.7819534693878,-31.9168624489796,-33.0002955102041,-33.1070867346939,-32.8873669387755,-32.6737326530612,-33.6268924489796,-31.7528669387755,-32.2021389795918,-33.4678446938776,-31.1723534693878,-32.0957553061224,-31.5248987755102,-32.278093877551,-34.9982746938776,-32.6355057142857,-32.9662579591837,-30.5546853061224,-32.8504957142857,-33.082606122449,-32.2157446938776,-31.8954148979592,-30.656806122449,-31.7379320408163,-31.0440928571429,-31.4633695918367,-32.4497048979592,-31.1676351020408,-34.6798883673469,-33.4159883673469,-33.3552451020408,-31.4280097959184,-31.7504071428571,-33.100732244898,-32.8208155102041,-35.4110930612245,-35.45218,-36.2911655102041,-31.5314665306122,-32.4388634693878,-31.9057404081633,-33.9527818367347,-31.8136089795918,-34.5375355102041,-32.9235908163265,-31.0768534693877,-33.4342353061224,-35.4828087755102,-33.9716428571429,-32.9255116326531,-31.1402334693878,-31.3236846938776,-31.9802395918367,-29.1075467346939,-29.4053834693878,-30.5478171428571,-31.6505267346939,-32.194666122449,-31.392316122449,-30.9792385714286,-31.7005857142857,-31.022673877551,-30.9126263265306,-31.3602832653061,-32.9790824489796,-33.4534824489796,-31.8802210204082,-31.4003173469388,-31.7324951020408,-33.2318497959184,-34.0780465306122,-31.0730075510204,-31.3068032653061,-32.0179634693878,-33.3837918367347,-33.7935920408163,-31.8681357142857,-33.2937146938775,-31.8649789795918,-32.948743877551,-31.9484426530612,-31.4141375510204,-32.4783218367347,-37.8097130612245,-32.9912914285714,-33.2243708163265,-33.408226122449,-32.8158151020408,-33.3108124489796,-33.2202393877551,-34.4667997959184,-37.2274659183674,-30.7327534693878,-30.6297663265306,-34.0334579591837,-30.7349971428571,-29.4152808163265,-33.6161808163265,-32.4217995918367,-32.4954181632653,-30.0971616326531,-32.0792740816326,-35.2934730612245,-34.1412604081633,-32.6899604081633,-32.2345246938776,-32.6638540816327,-31.5158957142857,-34.1612348979592,-31.6328065306122,-30.7178289795918,-31.9208895918367,-34.3386053061224,-32.8942348979592,-32.8164812244898,-33.1299328571429,-33.1917236734694,-33.5743208163265,-33.2727908163265,-31.4228908163265,-32.539516122449,-32.5026065306122,-33.6746265306122,-34.4202804081633,-33.1832271428571,-34.7430759183673,-34.4631091836735,-36.393757755102,-36.847157755102,-34.5584687755102,-34.9736259183673,-34.3880055102041,-34.1947979591837,-34.0912979591837,-31.8481985714286,-33.9297467346939,-33.7163255102041,-33.6465269387755,-34.5545389795918,-33.0538018367347,-35.0376812244898,-31.2134120408163,-31.7996148979592,-32.0913553061225,-35.5930669387755,-32.8571851020408,-33.4400626530612,-34.4410626530612,-33.4518804081633,-32.0805636734694,-33.6746244897959,-33.1505916326531,-32.3330253061225,-31.5961573469388,-32.2737224489796,-32.1293520408163,-31.9413151020408,-30.0704653061225,-31.8356446938776,-31.6306595918367,-29.4142681632653,-31.7580083673469,-32.0387728571429,-32.9171724489796,-32.8402267346939,-33.1201646938775,-33.1933659183673,-32.3890506122449,-33.3325259183673,-33.5937967346939,-33.29432,-34.5698481632653,-33.9187793877551,-34.1853687755102,-33.9427997959184,-32.6882375510204,-32.2668375510204,-33.5881173469388,-34.0531989795918,-34.5255444897959,-32.8215587755102,-34.9901463265306,-33.0559493877551,-33.0657359183673,-31.7352612244898,-31.6697506122449,-31.3891783673469,-33.2498855102041,-31.1856955102041,-32.7622591836735,-32.6405591836735,-33.1203589795918,-29.8327642857143,-30.544142244898,-31.0796751020408,-30.8791344897959,-31.7021134693878,-33.2543448979592,-31.9584648979592,-35.6600287755102,-34.2727691836735,-34.0296269387755,-35.1823987755102,-32.9966663265306,-36.0059465306122,-35.3342042857143,-33.43329,-31.7937110204082,-35.5403071428571,-31.8488936734694,-32.6397944897959,-33.2437834693878,-33.8096320408163,-33.0673385714286,-34.4934063265306,-32.7939171428571,-34.3365530612245,-33.5933110204082,-33.2640879591837,-31.87979,-33.3461483673469,-34.4173563265306,-36.1721597959184,-32.8458018367347,-32.6221520408163,-32.9129955102041,-30.3627981632653,-31.7730889795918,-30.6608830612245,-30.8015706122449,-30.7652081632653,-30.7380616326531,-31.8384951020408,-28.7295491836735,-33.108203877551,-32.9072185714286,-32.8644595918367,-32.4571842857143,-33.0145928571429,-33.0490957142857,-33.4785957142857,-31.6980263265306,-31.0922814285714,-30.86756,-32.6107779591837,-34.6022253061224,-33.2722387755102,-28.9076587755102,-29.4411018367347,-29.9959853061224,-31.9474381632653,-30.560486122449,-33.4613853061224,-33.9235040816327,-32.8074279591837,-32.2909526530612,-31.0079606122449,-34.8522130612245,-32.4594891836735,-31.6901904081633,-31.932362244898,-31.9421532653061,-31.90957,-32.8994873469388,-33.1837834693878,-32.72276,-32.1816018367347,-32.8840979591837,-32.4716691836735,-32.1503034693878,-32.4712193877551,-32.2036420408163,-33.3576242857143,-30.5122093877551,-29.7437081632653,-33.3474340816327,-32.2662110204082,-34.3053293877551,-34.7237583673469,-30.6285081632653,-32.9648404081633,-38.4136624489796,-35.8530987755102,-35.5602189795918,-34.2280046938776,-30.8468167346939,-32.8594302040816,-32.7244891836735,-32.9618346938775,-33.1028065306122,-33.5212426530612,-32.5962467346939,-33.6430042857143,-30.5008716326531,-33.4776716326531,-33.5166489795918,-34.9921526530612,-32.9656634693878,-33.003557755102,-33.472967755102,-33.8837857142857,-31.1503428571429,-32.055957755102,-34.4421306122449,-31.4818659183673,-30.8305857142857,-32.3837524489796,-31.2769595918367,-30.0367924489796,-30.8744314285714,-31.8830706122449,-31.6870289795918,-32.40527,-32.7294106122449,-33.8858987755102,-32.6950557142857,-37.5954310204082,-32.2801055102041,-32.3069506122449,-31.6003787755102,-33.4518046938775,-34.1933563265306,-34.779167755102,-34.1428430612245,-33.4137595918367,-32.78163,-32.0691791836735,-31.6362079591837,-32.6900087755102,-32.1414332653061,-32.6344936734694,-31.4795806122449,-31.7558183673469,-28.3004573469388,-33.6274616326531,-33.6346581632653,-32.0451663265306,-33.2839620408163,-34.3617328571429,-33.2167726530612,-32.1788191836735,-33.0834269387755,-32.5176014285714,-31.4995434693878,-33.2052253061225,-34.1910032653061,-34.4140114285714,-33.6634708163265,-32.3219408163265,-34.0651459183673,-34.8595895918367,-32.82208,-33.1157746938775,-33.1851573469388,-33.9708573469388,-29.908636122449,-34.2413267346939,-31.6253110204082,-33.5884448979592,-34.3409936734694,-32.7758032653061,-32.8533567346939,-31.2649881632653,-33.5690879591837,-32.1658346938776,-32.1903553061224,-34.4357789795918,-34.6722069387755,-34.8338006122449,-34.469983877551,-32.9051981632653,-35.5494204081633,-33.5186724489796,-34.7098048979592,-33.142046122449,-31.4501116326531,-31.938116122449,-31.0906173469388,-33.2915030612245,-32.6476365306122,-33.2747736734694,-32.0865665306122,-30.6596142857143,-32.993053877551,-32.0926432653061,-32.6143151020408,-34.2558746938776,-31.4769624489796,-33.5873706122449,-33.493487755102,-29.5412216326531,-31.2566357142857,-31.9192951020408,-32.047183877551,-35.4930206122449,-32.6505614285714,-33.9276757142857,-33.1391979591837,-31.310496122449,-32.817396122449,-33.330187755102,-31.5473536734694,-29.9866491836735,-36.8568483673469,-33.6211624489796,-31.4593073469388,-33.7948642857143,-33.3628083673469,-33.969503877551,-33.3112769387755,-33.3785806122449,-33.1349593877551,-32.0757387755102,-32.0566624489796,-35.6590371428571,-34.9979195918367,-34.1498859183674,-32.4114220408163,-30.2867636734694,-32.6372251020408,-33.1489075510204,-33.0831832653061,-33.7744736734694,-34.58754,-32.7210795918367,-31.8147232653061,-32.3966432653061,-34.2138432653061,-29.6950846938776,-31.4965726530612,-31.9729369387755,-31.851616122449,-32.0493759183673,-31.6277759183673,-35.3469240816327,-36.251123877551,-32.7978187755102,-32.23916,-31.2287030612245,-30.5782642857143,-30.3286467346939,-33.0026479591837,-31.7333291836735,-32.7165920408163,-33.0601981632653,-34.3058304081633,-33.96743,-32.479617755102,-31.3840267346939,-33.0879636734694,-33.1862159183673,-31.7509395918367,-32.355563877551,-32.1878140816327,-33.2883834693878,-32.0834404081633,-32.9630055102041,-32.5905940816327,-32.3295520408163,-33.632127755102,-35.3293351020408,-35.2121008163265,-36.1469304081633,-34.536193877551,-36.0098544897959,-36.4968083673469,-40.9249142857143,-35.0821046938776,-36.0274924489796,-34.6731924489796,-34.9213946938775,-31.5867185714286,-32.0578332653061,-31.9118944897959,-31.0540663265306,-31.4596663265306,-32.7057759183673,-34.1735810204082,-34.0728142857143,-30.329713877551,-31.633752244898,-30.627367755102,-31.809367755102,-32.9529704081633,-33.5421093877551,-33.62586,-35.18506,-33.742273877551,-35.2765740816326,-32.3610497959184,-32.7149526530612,-32.9771202040816,-31.0986665306122,-31.6799532653061,-32.6249363265306,-33.5996363265306,-32.111896122449,-31.553896122449,-33.2974575510204,-33.6464346938776,-31.7711142857143,-32.4933142857143,-34.3955495918367,-31.1824457142857,-30.9621171428571,-32.3113071428571,-33.7223067346939,-31.9273746938775,-32.5820965306122,-31.7980716326531,-33.2177802040816,-33.0030495918367,-32.3330875510204,-33.2705902040816,-36.1085265306122,-36.5764814285714,-33.9577395918367,-30.7085118367347,-32.3594830612245,-32.9491830612245,-33.0845055102041,-34.4288689795918,-36.7306946938776,-36.7874159183673,-33.3357257142857,-34.0374518367347,-32.8407004081633,-33.021876122449,-31.8094091836735,-31.742542244898,-32.7100281632653,-31.4665144897959,-33.5049526530612,-32.3230610204082,-32.7663579591837,-32.2905408163265,-32.8481014285714,-32.6814044897959,-34.0083228571429,-31.8100471428571,-34.06243,-34.0059602040816,-35.1804179591837,-34.6398920408163,-34.0326530612245,-34.642607755102,-32.2804883673469,-32.9066724489796,-31.9025928571429,-31.4466914285714,-32.7592044897959,-32.8773044897959,-33.5541534693878,-32.9094504081633,-31.9210518367347,-31.3716944897959,-34.0979734693878,-33.1790683673469,-32.2263889795918,-31.5350395918367,-33.7827630612245,-34.5613871428571,-34.728987755102,-30.3603926530612,-30.6725769387755,-31.7142312244898,-31.9134312244898,-31.8895230612245,-34.108296122449,-31.0966608163265,-35.2251724489796,-34.6663444897959,-34.0267881632653,-35.0039336734694,-36.3271267346939,-40.5243683673469,-33.9149936734694,-34.7508512244898,-33.8615183673469,-34.862436122449,-36.0810234693878,-35.2016981632653,-34.2265863265306,-34.4879853061224,-31.9448732653061,-33.9347834693878,-30.2470067346939,-31.4078616326531,-33.5495530612245,-31.0746467346939,-32.2449504081633,-33.6776948979592,-33.5782834693878,-34.3227640816327,-31.7176887755102,-32.41798,-31.7674163265306,-32.9071597959184,-32.7078763265306,-32.6855302040816,-32.7865373469388,-34.0311510204082,-31.5999348979592,-32.3990616326531,-32.9864748979592,-30.8875379591837,-34.1642151020408,-33.5582642857143,-30.8942126530612,-34.8782106122449,-36.1026646938775,-33.2478785714286,-32.0972842857143,-34.6399593877551,-32.8633146938775,-33.3724469387755,-33.3809495918367,-32.8006163265306,-31.3595595918367,-35.3680114285714,-33.4308397959184,-34.81826,-32.4438412244898,-31.5800606122449,-33.6663026530612,-33.2292491836735,-33.3689863265306,-33.9795808163265,-33.1799379591837,-34.9241375510204,-31.91184,-32.1567387755102,-34.7144934693878,-33.3613008163265,-31.97357,-33.6979559183673,-32.4925946938775,-32.6271097959184,-30.9213881632653,-28.8477057142857,-29.501133877551,-30.5705524489796,-36.1826116326531,-33.1209151020408,-34.7762140816327,-32.7815230612245,-31.4781565306122,-32.3825410204082,-31.8979204081633,-32.7205430612245,-32.0857371428571,-33.8032426530612,-30.7206810204082,-32.7411091836735,-33.9772544897959,-31.8205816326531,-32.2140555102041,-34.4641491836735,-33.2294232653061,-29.5096471428571,-30.1432751020408,-28.4171518367347,-31.3055218367347,-32.3097010204082,-30.9571424489796,-31.6172893877551,-33.40531,-36.722807755102,-34.0928553061224,-32.8677430612245,-32.8139430612245,-34.2675842857143,-32.0839846938776,-32.3859846938776,-31.5984379591837,-31.1294379591837,-31.6859379591837,-31.6859379591837,-31.6859379591837,-31.8511483673469,-33.0670483673469,-34.159377755102,-30.8224371428571,-31.8847953061224,-33.3087726530612,-31.3118112244898,-32.1507285714286,-33.276886122449,-33.376692244898,-35.5531146938776,-35.602273877551,-33.5791544897959,-32.8408118367347,-33.1019367346939,-32.61929,-33.3919046938775,-33.3820846938776,-33.4702444897959,-33.1346032653061,-32.9174202040816,-31.8242832653061,-32.4168355102041,-32.7310314285714,-29.9845275510204,-32.5485855102041,-34.4451959183673,-32.2074897959184,-33.0305457142857,-34.3644414285714,-32.8513685714286,-36.2353557142857,-32.2427083673469,-32.8860424489796,-31.4806518367347,-31.6363765306122,-32.8070718367347,-31.1319202040816,-33.7492853061225,-33.5062971428571,-29.850626122449,-31.5911246938776,-32.9579655102041,-29.8316953061225,-32.4437226530612,-33.0534036734694,-31.4516246938776,-31.6719089795918,-32.4408167346939,-31.4247542857143,-33.241986122449,-33.4511285714286,-34.1295769387755,-33.9366987755102,-31.3367871428571,-32.0259702040816,-33.0701979591837,-31.6640151020408,-29.8326224489796,-35.6254516326531,-33.5643085714286,-33.19848,-33.5491597959184,-32.3927851020408,-32.3820851020408,-31.8745712244898,-33.2323310204082,-32.6625793877551,-34.3219793877551,-32.6521583673469,-31.0657583673469,-33.1492585714286,-32.3877902040816,-31.78061,-31.7574593877551,-31.1931553061224,-33.7126148979592,-31.7559597959184,-31.4403667346939,-31.6842428571429,-32.9963483673469,-33.0681224489796,-32.6680806122449,-33.6407463265306,-33.9356053061224,-34.333127755102,-32.0778471428571,-35.2856828571429,-31.2444214285714,-31.1598814285714,-33.1218814285714,-31.2641151020408,-32.516492244898,-32.3217595918367,-31.9710679591837,-31.8948306122449,-33.4756695918367,-32.9663740816327,-34.7799336734694,-31.6413991836735,-32.5005285714286,-31.7361153061224,-31.7782120408163,-31.9350414285714,-31.6601097959184,-30.420166122449,-31.2000973469388,-32.9820779591837,-30.2305363265306,-31.9149526530612,-33.610692244898,-34.0753216326531,-34.1754442857143,-34.3899624489796,-34.4271902040816,-33.2791253061224,-33.1249044897959,-35.3561355102041,-32.0932559183673,-30.6050153061224,-32.0870346938775,-33.3301236734694,-33.3712485714286,-32.0973787755102,-31.9757706122449,-31.8020667346939,-32.5830873469388,-31.3838195918367,-33.088947755102,-32.2368959183673,-33.8380408163265,-31.2381802040816,-34.2220710204082,-31.9411214285714,-32.0059675510204,-31.8193,-33.2488116326531,-34.3643142857143,-35.08527,-32.9838446938776,-32.6420934693878,-32.80082,-33.0516314285714,-34.333202244898,-32.9053404081633,-33.1833544897959,-33.3919079591837,-31.4225946938776,-33.1128865306122,-30.7180765306122,-33.1521702040816,-35.3508136734694,-33.6865242857143
2.48979591836735,-23.8193873469388,-25.0926897959184,-26.0852293877551,-25.198753877551,-24.1239604081633,-24.1461751020408,-26.8107665306122,-23.0847469387755,-23.9817808163265,-23.883372244898,-24.2034191836735,-23.9342395918367,-19.8194073469388,-21.3385012244898,-22.7847632653061,-23.7062024489796,-21.8493991836735,-21.9158204081633,-23.4281232653061,-21.7231093877551,-23.6196453061224,-22.5060004081633,-24.4774563265306,-24.3684351020408,-25.457506122449,-23.026527755102,-24.8213114285714,-25.1752571428571,-21.1766726530612,-23.8207126530612,-24.3670808163265,-23.9756514285714,-21.6282269387755,-25.378693877551,-26.0838257142857,-24.1835232653061,-24.7796004081633,-22.6371959183673,-21.7957293877551,-22.8174224489796,-21.2202334693878,-22.0232171428571,-27.0450534693878,-20.0274873469388,-20.3485118367347,-19.5206167346939,-17.9104865306122,-19.646927755102,-22.7151714285714,-21.964946122449,-20.8431289795918,-21.8293318367347,-23.5741702040816,-23.6969232653061,-25.2105902040816,-23.5373257142857,-24.3432718367347,-23.6634869387755,-26.1632163265306,-24.0561710204082,-24.46678,-24.6557387755102,-20.8524448979592,-24.3737506122449,-25.1245151020408,-25.3522395918367,-23.3349330612245,-22.1269612244898,-22.3559289795918,-21.0740624489796,-25.1727775510204,-23.7159889795918,-23.2181208163265,-22.1819608163265,-21.8341395918367,-23.663472244898,-22.9266869387755,-24.5199020408163,-24.3156020408163,-24.089706122449,-24.934,-24.8045265306122,-21.5557473469388,-23.1840212244898,-22.1358685714286,-25.5428016326531,-23.0565563265306,-22.7067767346939,-22.4632106122449,-23.1350404081633,-22.375252244898,-18.9105424489796,-20.1278391836735,-21.0747975510204,-21.6436685714286,-24.0340469387755,-22.8876824489796,-23.6059363265306,-24.9696057142857,-24.7386057142857,-25.3660118367347,-25.0567514285714,-22.2628424489796,-23.1774424489796,-21.7593130612245,-25.1873318367347,-24.4867265306122,-25.8297910204082,-26.0661036734694,-20.3141730612245,-22.4045383673469,-23.220213877551,-23.2078873469388,-20.8583791836735,-22.9968028571429,-22.2499902040816,-23.8601,-24.3038604081633,-24.5124273469388,-23.3000024489796,-21.5878526530612,-25.2394302040816,-25.0811840816326,-23.1525963265306,-25.1658159183673,-23.5996440816327,-26.4774024489796,-27.5480065306122,-25.2056514285714,-25.6491551020408,-24.7805718367347,-23.8192595918367,-24.7911710204082,-17.834532244898,-20.8281567346939,-20.8649048979592,-22.6878020408163,-24.4332624489796,-22.2279742857143,-21.8796828571429,-21.2636057142857,-23.0121289795918,-23.0498612244898,-23.7598714285714,-24.0024436734694,-26.8317975510204,-28.6442240816327,-26.7803224489796,-27.70544,-27.3609195918367,-24.6302963265306,-25.3552163265306,-25.0949040816327,-26.1688502040816,-23.1188220408163,-23.8639897959184,-22.2377240816326,-21.4359285714286,-21.0776510204082,-19.8993057142857,-20.8316995918367,-21.828332244898,-20.8751881632653,-23.7518302040816,-27.605406122449,-34.131872244898,-27.500372244898,-26.3403963265306,-31.5588697959184,-24.5384893877551,-24.8334248979592,-26.9295093877551,-26.1250685714286,-25.4004673469388,-24.0230608163265,-24.366446122449,-23.7884869387755,-23.515173877551,-22.1759693877551,-21.5848812244898,-19.3598902040816,-21.4525902040816,-24.3021902040816,-22.356553877551,-23.1489118367347,-28.5396665306122,-27.0252297959184,-25.1881673469388,-26.1780126530612,-26.1973469387755,-26.5675032653061,-27.452287755102,-24.0497730612245,-22.2814604081633,-24.3350020408163,-23.1772873469388,-25.0089204081633,-22.8240302040816,-22.3944057142857,-17.7595857142857,-19.5378730612245,-20.6368730612245,-24.006626122449,-23.2554191836735,-23.2145004081633,-23.700932244898,-24.0046571428571,-24.0595228571429,-23.3684902040816,-23.9186995918367,-25.0464742857143,-20.4041787755102,-23.6884979591837,-23.0276840816327,-23.5145342857143,-25.714947755102,-23.0550118367347,-24.2603012244898,-22.4668012244898,-21.1562420408163,-20.4771751020408,-21.2117146938776,-22.2142297959184,-18.7054751020408,-22.3849730612245,-22.721326122449,-23.5383983673469,-21.6645085714286,-21.2588885714286,-20.509793877551,-24.7224665306122,-22.9187971428571,-21.4206804081633,-21.432992244898,-23.8380244897959,-20.1514069387755,-23.6060563265306,-22.9245563265306,-22.9812563265306,-21.4182118367347,-22.4447057142857,-23.7481914285714,-22.3459995918367,-22.2445036734694,-21.2184967346939,-22.01048,-21.2871608163265,-23.4509436734694,-24.8940351020408,-23.018327755102,-23.8644648979592,-24.4590048979592,-25.0278465306122,-20.58476,-27.8584893877551,-27.9552653061224,-23.9975926530612,-23.7352110204082,-23.7386595918367,-22.6256869387755,-22.6771440816327,-23.2812257142857,-22.0818032653061,-21.0891093877551,-19.079332244898,-26.3400946938775,-21.4057297959184,-22.7264632653061,-21.9691408163265,-22.9629906122449,-21.9487481632653,-20.8921767346939,-23.2975110204082,-23.4054424489796,-25.1752208163265,-23.063292244898,-19.6744440816327,-21.2241416326531,-25.1227959183673,-24.7290889795918,-21.1422391836735,-27.7421391836735,-27.3442106122449,-24.0097310204082,-22.971733877551,-21.2743436734694,-23.7284183673469,-21.9429367346939,-22.3047093877551,-23.7513457142857,-24.8859755102041,-25.2544714285714,-24.8044967346939,-23.5069702040816,-23.3769355102041,-23.1708779591837,-25.4630763265306,-24.0584048979592,-24.8135702040816,-26.0691273469388,-26.4083371428571,-24.2441228571429,-25.1922359183673,-25.0783244897959,-26.048372244898,-19.7307363265306,-21.7302734693878,-20.8794775510204,-20.2886183673469,-21.4072848979592,-22.5091873469388,-21.9504065306122,-23.5997987755102,-23.6167881632653,-26.4211530612245,-27.3175840816327,-21.20928,-25.19312,-22.6628726530612,-22.8003,-22.5718179591837,-22.5653453061224,-22.5657118367347,-20.755227755102,-22.1205089795918,-25.0658457142857,-23.9934073469388,-25.5008040816327,-24.4817795918367,-25.0052608163265,-21.9187910204082,-24.814286122449,-25.3660697959184,-25.5614469387755,-26.6515191836735,-25.480567755102,-24.4972342857143,-24.769193877551,-24.3737183673469,-24.3851902040816,-26.3229583673469,-23.5000575510204,-25.5233673469388,-24.743366122449,-25.2632755102041,-23.1214653061225,-23.186673877551,-22.2967828571429,-23.2111306122449,-21.3982236734694,-23.8664428571429,-23.3237612244898,-22.0962355102041,-21.3867848979592,-22.0627281632653,-24.9788628571429,-24.8750853061225,-28.048207755102,-25.0530608163265,-24.1906795918367,-24.3047983673469,-25.8662734693878,-25.86518,-24.4091040816327,-24.0176808163265,-25.9848285714286,-28.1620285714286,-29.9850971428571,-29.2840591836735,-31.7930885714286,-30.1141195918367,-28.9472155102041,-27.1910183673469,-30.2064346938775,-35.5853318367347,-35.1017885714286,-37.7511428571429,-37.7518428571429,-33.7213371428571,-32.8849955102041,-27.8459453061224,-25.0176542857143,-24.1201008163265,-25.7297269387755,-28.1217216326531,-25.7478191836735,-23.0166759183674,-26.9572391836735,-24.7867555102041,-24.6865534693878,-24.6579175510204,-26.2928669387755,-25.3096448979592,-24.8463253061224,-24.6498114285714,-26.4190097959184,-22.1104951020408,-24.472806122449,-23.2197624489796,-26.3698873469388,-25.0483987755102,-26.5015730612245,-26.8365636734694,-27.1432526530612,-22.957552244898,-22.7872746938776,-22.1581383673469,-22.092527755102,-19.5670420408163,-23.1159036734694,-22.4846212244898,-22.6835191836735,-21.8063191836735,-19.1532004081633,-25.0171518367347,-23.7067767346939,-22.1947212244898,-22.9777579591837,-20.9374689795918,-21.279493877551,-24.5606293877551,-24.311907755102,-23.9998795918367,-22.7065836734694,-20.6191836734694,-22.6456053061225,-22.5039473469388,-21.1847371428571,-20.4190371428571,-21.885452244898,-22.7309289795918,-21.9793069387755,-25.7491620408163,-25.8335963265306,-25.9817355102041,-27.0602697959184,-24.3008330612245,-26.0993575510204,-23.7152489795918,-21.812526122449,-23.1274689795918,-24.4994942857143,-25.2746665306122,-22.9699408163265,-23.0542955102041,-21.9771563265306,-22.510447755102,-22.8729616326531,-21.93164,-19.0729595918367,-21.3870167346939,-20.8646097959184,-20.4232273469388,-24.7942820408163,-23.2369489795918,-21.4916167346939,-22.7728746938775,-22.2594489795918,-22.9267248979592,-23.6850755102041,-23.6959293877551,-24.1135204081633,-24.8557869387755,-19.2628493877551,-24.9962106122449,-21.0880432653061,-26.0272640816326,-25.567672244898,-26.2882714285714,-23.5270763265306,-24.5804995918367,-22.3008208163265,-22.5951497959184,-23.4645510204082,-23.7697873469388,-22.5063579591837,-22.5007893877551,-24.1171195918367,-22.2340073469388,-24.1151314285714,-23.0363489795918,-21.8087069387755,-22.2279130612245,-22.5628910204082,-18.9973885714286,-23.6355510204082,-21.7143048979592,-24.1963432653061,-23.7338983673469,-24.3309342857143,-25.389812244898,-25.2505473469388,-25.2321351020408,-24.271146122449,-25.8539044897959,-22.2872314285714,-23.651852244898,-22.4817767346939,-19.9332383673469,-20.7338195918367,-20.4552848979592,-22.1092546938775,-22.1295763265306,-21.130393877551,-27.6073048979592,-21.1838151020408,-21.5739391836735,-21.3805244897959,-20.7732040816326,-26.4916714285714,-24.0833089795918,-23.2152497959184,-20.7909991836735,-25.6098983673469,-27.7075216326531,-26.5798693877551,-25.1783363265306,-25.1533975510204,-26.6464653061224,-27.2297653061224,-26.2626612244898,-27.1940244897959,-21.8918897959184,-23.5014820408163,-20.5986420408163,-22.0014130612245,-20.6509387755102,-23.6085204081633,-24.460826122449,-23.4247444897959,-23.6983371428571,-22.7161310204082,-21.2669991836735,-25.3776257142857,-22.6900951020408,-22.7173514285714,-21.7229734693878,-20.6052465306122,-25.0670567346939,-26.5164371428571,-23.1762951020408,-24.5393432653061,-24.2363391836735,-25.70812,-25.9260530612245,-25.8676412244898,-26.3562489795918,-27.5598134693878,-28.3216840816327,-28.9435240816327,-26.911553877551,-27.953353877551,-25.0078310204082,-26.2110914285714,-26.25946,-23.2887506122449,-19.7174371428571,-21.5643583673469,-19.5685563265306,-22.8500110204082,-22.7401306122449,-24.8205983673469,-26.0226346938775,-26.2891514285714,-24.9950208163265,-24.0147134693878,-20.0531959183674,-20.635992244898,-21.0812155102041,-20.4803881632653,-22.8169485714286,-22.0080653061224,-21.2376759183673,-21.5012383673469,-24.619246122449,-23.5179187755102,-23.1936971428571,-22.6752763265306,-24.0598665306122,-25.6502857142857,-21.6511951020408,-23.2943330612245,-22.9176612244898,-20.7641012244898,-23.3222465306122,-22.6909436734694,-22.5889020408163,-21.117992244898,-20.7352212244898,-26.0974759183674,-25.6322355102041,-25.2190514285714,-22.5410134693878,-23.8228085714286,-26.5845518367347,-24.0744726530612,-27.0040665306122,-24.2219163265306,-24.3074628571429,-23.6129669387755,-24.417333877551,-24.6170253061224,-24.3169240816326,-20.8299844897959,-20.5330885714286,-23.3400293877551,-23.0228787755102,-23.823652244898,-24.134893877551,-23.1448134693878,-22.5400265306122,-21.5716293877551,-21.8447314285714,-20.9993048979592,-22.683173877551,-23.9994359183673,-22.4558848979592,-25.3965579591837,-24.1558787755102,-24.0750053061224,-26.5901963265306,-24.1464975510204,-21.3984567346939,-23.1674563265306,-23.0136016326531,-21.6222142857143,-22.164733877551,-23.3209844897959,-23.3487853061225,-26.0041285714286,-24.1575073469388,-20.4851371428571,-21.7453828571429,-22.4941975510204,-23.2741559183673,-23.6722546938775,-25.1957412244898,-25.8064697959184,-25.0004432653061,-24.3388951020408,-25.0978506122449,-22.5563530612245,-23.2308240816327,-24.7477395918367,-25.3347636734694,-24.2842306122449,-24.26674,-22.8590481632653,-23.8692767346939,-25.1022253061224,-24.1227836734694,-24.7072248979592,-22.3022314285714,-21.7602293877551,-21.694153877551,-24.0764097959184,-21.7301979591837,-24.6235791836735,-21.8800048979592,-21.5842702040816,-22.2206534693878,-21.7273179591837,-21.4688448979592,-19.5624824489796,-21.3757330612245,-21.8898930612245,-21.6713775510204,-19.7685126530612,-19.50002,-22.7906318367347,-20.7353057142857,-22.478787755102,-23.7814257142857,-25.4407746938776,-23.7986106122449,-29.0119534693878,-28.5335469387755,-27.1002179591837,-22.0249914285714,-22.8905848979592,-23.6498012244898,-24.7586726530612,-22.6011685714286,-22.1041697959184,-22.170713877551,-22.4770102040816,-23.1410795918367,-21.6943567346939,-21.9473375510204,-23.4589844897959,-22.4249151020408,-21.345613877551,-22.5184416326531,-21.9640963265306,-23.7671053061224,-23.0060567346939,-20.7722232653061,-22.1013865306122,-20.2248326530612,-27.082267755102,-23.8093057142857,-23.90628,-22.4964,-22.1812359183673,-23.5366979591837,-22.1095518367347,-23.4707910204082,-22.9426604081633,-23.8017771428571,-30.2418669387755,-28.3004669387755,-28.7931669387755,-26.7269081632653,-25.1413526530612,-22.896772244898,-22.200172244898,-23.1912853061225,-22.6252551020408,-23.8763457142857,-24.3200048979592,-23.1905910204082,-20.611987755102,-22.2496110204082,-21.26172,-23.1282489795918,-23.2349040816327,-22.39816,-23.3692836734694,-18.9509044897959,-20.6033530612245,-21.7478697959184,-22.1235008163265,-22.7223644897959,-23.4637910204082,-24.174387755102,-24.3756146938775,-23.007987755102,-21.6608093877551,-22.9051326530612,-23.2233812244898,-21.1983024489796,-21.9448379591837,-23.8952334693878,-23.030793877551,-23.7032102040816,-23.2773240816327,-23.8289473469388,-20.26278,-22.7602269387755,-21.4312644897959,-21.7859710204082,-22.2625212244898,-24.83608,-23.2802563265306,-25.0363579591837,-24.9737085714286,-26.9770195918367,-23.6573371428571,-23.1864187755102,-23.6258632653061,-23.2532118367347,-22.8507163265306,-22.2345126530612,-20.5225828571429,-21.3245175510204,-22.9659293877551,-21.687932244898,-25.2099151020408,-22.5114065306122,-20.4927563265306,-23.6027885714286,-22.8315710204082,-23.4875416326531,-21.3125171428571,-20.5763183673469,-20.6856146938776,-22.7275326530612,-24.8443685714286,-25.5211473469388,-23.1546220408163,-21.9262367346939,-22.8272914285714,-23.6231297959184,-23.644346122449,-19.5899048979592,-18.5253048979592,-23.7691995918367,-25.1902371428571,-21.3378702040816,-20.4341004081633,-20.9577987755102,-21.3528367346939,-22.1900110204082,-28.7251742857143,-26.541527755102,-24.5372640816326,-21.7350179591837,-23.2909693877551,-22.9177771428571,-21.7344971428571,-21.4930873469388,-21.5828416326531,-21.0395865306122,-24.8455918367347,-25.7120869387755,-25.8905583673469,-27.4205257142857,-26.5316689795918,-25.4987693877551,-23.9920073469388,-23.4632616326531,-22.825666122449,-25.8188706122449,-20.1148118367347,-23.3381934693878,-24.0426791836735,-25.5892126530612,-20.3336126530612,-24.2512730612245,-22.6556546938776,-22.9666187755102,-22.3839420408163,-19.6661559183673,-24.7676681632653,-25.3983265306122,-23.7652244897959,-26.2799689795918,-24.1564102040816,-23.3717506122449,-22.6247881632653,-23.3141673469388,-22.0957734693878,-21.8992693877551,-22.4895653061224,-21.9622942857143,-23.3690342857143,-22.0591081632653,-25.2780751020408,-24.5105089795918,-24.5948857142857,-24.8672955102041,-22.6958293877551,-23.5216444897959,-21.0611465306122,-19.2194269387755,-22.0008771428571,-22.4995514285714,-22.1957293877551,-23.5663869387755,-22.1455302040816,-22.0759012244898,-19.7611151020408,-20.3340942857143,-21.5239224489796,-22.6375987755102,-23.7505844897959,-21.5122485714286,-22.8328110204082,-23.6315212244898,-22.4198383673469,-19.5909869387755,-24.1058869387755,-24.0599453061224,-22.880947755102,-23.9706379591837,-27.986646122449,-23.1681465306122,-22.1340865306122,-22.8299595918367,-23.3143359183673,-23.9046783673469,-24.7871685714286,-23.1752934693878,-24.2280444897959,-23.766907755102,-22.5972375510204,-19.7095608163265,-23.2795240816327,-24.1569232653061,-25.3160195918367,-24.7860326530612,-22.342993877551,-21.13866,-22.4867848979592,-21.5345987755102,-22.6056665306122,-21.9178706122449,-23.49054,-21.2184142857143,-21.1910379591837,-21.7354404081633,-22.6744583673469,-23.8091424489796,-21.9558669387755,-24.0420775510204,-22.6515036734694,-19.4053081632653,-21.6910208163265,-21.9290212244898,-21.5823130612245,-24.9322612244898,-26.053173877551,-24.1148167346939,-24.1185375510204,-21.4073465306122,-21.865032244898,-23.1955379591837,-24.0822085714286,-24.7239497959184,-23.8272097959184,-24.62184,-22.803766122449,-26.2822326530612,-23.3287465306122,-22.9246379591837,-23.2917228571429,-23.3917946938776,-26.3318832653061,-26.4185636734694,-25.8231865306122,-24.5618208163265,-23.4667824489796,-22.9401273469388,-22.6185636734694,-21.9002612244898,-21.4365167346939,-23.2637375510204,-23.6297587755102,-22.2794563265306,-25.4985644897959,-22.8800693877551,-25.1582848979592,-25.2055673469388,-24.5201567346939,-24.987313877551,-24.1641240816327,-24.0760240816326,-22.8582469387755,-24.25566,-25.5022865306122,-26.2082102040816,-24.0096448979592,-24.5808485714286,-21.1217693877551,-21.9914775510204,-23.9120183673469,-22.9234142857143,-23.9258751020408,-24.3176881632653,-23.5496375510204,-24.857567755102,-24.8723881632653,-26.1696526530612,-26.6421204081633,-25.8391812244898,-24.8775428571429,-26.0702375510204,-25.6615375510204,-26.1537375510204,-22.749213877551,-22.6765028571429,-23.5977089795918,-21.252693877551,-23.1396310204082,-23.9514865306122,-22.6239,-23.3384432653061,-21.6830183673469,-21.7546420408163,-23.2576906122449,-25.0228375510204,-27.5945551020408,-26.9031289795918,-27.7635636734694,-27.9024375510204,-29.2258375510204,-29.5610053061224,-24.8435681632653,-27.1187432653061,-28.0087706122449,-25.2652016326531,-22.6088297959184,-19.159633877551,-20.5886869387755,-25.4744889795918,-22.9974130612245,-24.91106,-24.4212902040816,-22.9502885714286,-24.1425706122449,-25.6190820408163,-24.504867755102,-22.8793159183673,-21.3026024489796,-20.2192346938776,-24.3363848979592,-30.7339526530612,-29.0630526530612,-37.2389236734694,-39.2465395918367,-32.630507755102,-37.5049510204082,-36.7008179591837,-31.4038518367347,-34.3467518367347,-27.8543987755102,-26.0759151020408,-30.4888751020408,-28.4501583673469,-27.8409297959184,-24.0445375510204,-21.7497265306122,-20.5097893877551,-22.3335869387755,-20.8145444897959,-22.2829428571428,-20.8085579591837,-23.088647755102,-20.5145236734694,-20.9716187755102,-21.7646575510204,-23.2635142857143,-23.9980648979592,-23.8899024489796,-23.426727755102,-24.6597959183673,-21.0158644897959,-19.4798808163265,-25.4679065306122,-24.2068497959184,-23.9031097959184,-20.689266122449,-21.7716914285714,-22.6285130612245,-24.5987889795918,-23.9344273469388,-21.5588995918367,-21.5567918367347,-20.4456681632653,-22.5443783673469,-23.0931881632653,-22.1436636734694,-19.1232126530612,-22.1675824489796,-20.3614624489796,-23.2921024489796,-22.6805289795918,-21.4267248979592,-22.3386579591837,-21.8863044897959,-20.6838563265306,-21.6135146938776,-22.4963053061224,-21.5101551020408,-22.4415424489796,-21.1569289795918,-21.3186534693878,-24.5168020408163,-25.5316775510204,-24.4079910204082,-22.7507869387755,-19.9742048979592,-21.6843363265306,-20.6597567346939,-25.5893432653061,-24.9889755102041,-25.1637804081633,-21.7214175510204,-22.3122893877551,-21.8163048979592,-22.5701416326531,-23.5604106122449,-21.8599069387755,-20.9266840816327,-21.3130465306122,-22.5792126530612,-25.3656416326531,-26.1990730612245,-27.6466906122449,-20.6443514285714,-25.0593408163265,-23.7334497959184,-24.7980155102041,-23.1600179591837,-21.7495779591837,-21.8687048979592,-22.4210934693878,-22.7538485714286,-21.6296665306122,-21.5457383673469,-23.3785493877551,-22.9208432653061,-24.8037318367347,-28.3476951020408,-30.2567440816327,-22.2695579591837,-17.9987404081633,-25.8529959183673,-22.9290408163265,-24.0767408163265,-21.8982346938776,-23.0779983673469,-24.0778167346939,-23.3182,-24.081366122449,-24.5820620408163,-25.3002032653061,-21.2061036734694,-22.6482971428571,-21.156892244898,-20.2846448979592,-20.7444448979592,-20.2805955102041,-26.5892228571429,-27.9743244897959,-26.0920673469388,-27.9693134693878,-24.0444787755102,-21.4501955102041,-18.1311689795918,-27.2777024489796,-23.9205175510204,-22.2221175510204,-22.8412824489796,-23.6926485714286,-21.5748,-19.8863236734694,-23.9234587755102,-21.6290583673469,-20.0821289795918,-21.9107889795918,-21.884467755102,-24.1964865306122,-23.8666285714286,-21.8084359183673,-20.959632244898,-20.0379081632653,-23.1693363265306,-22.9957893877551,-23.2142485714286,-23.6110310204082,-23.7148836734694,-22.3739604081633,-21.9473355102041,-25.5138359183673,-19.696872244898,-22.0990767346939,-22.0018865306122,-23.8667497959184,-21.580353877551,-21.2353081632653,-25.8089955102041,-24.2801673469388,-21.0990963265306,-23.9269469387755,-22.8209012244898,-23.2061351020408,-23.1371751020408,-22.5005236734694,-20.4363342857143,-20.9145734693878,-20.4731440816327,-21.3001669387755,-20.8249616326531,-21.5565204081633,-21.0318481632653,-22.0071159183673,-21.6770706122449,-24.0916448979592,-24.8567367346939,-24.9943902040816,-24.2697248979592,-24.3026714285714,-25.4615534693878,-25.2045848979592,-24.1247902040816,-22.345933877551,-23.9481236734694,-22.3522448979592,-23.5307216326531,-19.4173971428571,-20.4892771428571,-23.9911289795918,-22.8190171428571,-22.1698457142857,-22.069612244898,-20.7060616326531,-23.5670444897959,-23.9679628571429,-20.97168,-19.5296453061225,-28.6718053061225,-26.0031187755102,-21.632972244898,-25.8434281632653,-23.6169216326531,-23.0970126530612,-21.1584812244898,-21.9933983673469,-24.0606457142857,-21.5165146938776,-23.4515146938776,-24.6158204081633,-22.8859383673469,-23.6151563265306,-23.3532387755102,-24.5912351020408,-23.1049106122449,-23.7862016326531,-22.9616053061224,-23.7723542857143,-23.6403783673469,-22.1457795918367,-22.3788897959184,-27.0260983673469,-26.8887485714286,-21.923992244898,-23.3833244897959,-24.6550787755102,-21.288127755102,-23.0015787755102,-24.4742828571429,-22.7362412244898,-19.4542065306122,-23.4880583673469,-24.1464510204082,-26.7502440816327,-25.3174489795918,-25.422292244898,-24.7739734693878,-23.686326122449,-24.7375881632653,-26.5635710204082,-25.0298085714286,-22.8756395918367,-22.5180428571429,-20.4093718367347,-21.5896620408163,-24.446466122449,-24.0878167346939,-24.6983240816327,-23.799253877551,-21.9666004081633,-21.7504514285714,-24.0596428571429,-24.5283314285714,-27.8146314285714,-24.4628848979592,-22.6776187755102,-21.7616187755102,-26.2507767346939,-25.1172163265306,-24.0583065306122,-22.8639130612245,-22.07532,-22.7095946938776,-20.1076587755102,-20.6262632653061,-21.7798632653061,-20.5881485714286,-20.8455485714286,-21.8835330612245,-24.2419208163265,-21.9488004081633,-21.6819175510204,-22.0833979591837,-24.2341951020408,-24.7023134693878,-24.8913579591837,-24.7427763265306,-24.4325616326531,-24.072812244898,-22.8117775510204,-21.5010175510204,-24.9595444897959,-23.8262040816327,-25.1671334693878,-25.333106122449,-24.877713877551,-28.2415779591837,-27.7918791836735,-19.1553424489796,-21.1446436734694,-20.9013497959184,-22.28204,-21.976947755102,-18.2863889795918,-21.5237040816327,-22.8897963265306,-22.7228097959184,-22.8284828571429,-21.9204616326531,-20.3257893877551,-20.6464530612245,-22.5733289795918,-22.9397297959184,-22.3823420408163,-22.9140093877551,-21.3910028571429,-22.1665110204082,-23.7179816326531,-21.4196628571429,-22.3529897959184,-20.9854530612245,-21.8823428571429,-23.0422424489796,-23.0093995918367,-22.3982759183674,-25.1803142857143,-22.8624310204082,-23.5469804081633,-24.4764881632653,-22.9294751020408,-24.4382195918367,-25.1528293877551,-24.8766575510204,-24.2431889795918,-22.6595534693878,-21.9375032653061,-22.496272244898,-22.6716771428571,-19.6793114285714,-22.927966122449,-23.8749395918367,-20.8005881632653,-23.6063334693878,-24.1833763265306,-22.7513416326531,-21.0281942857143,-26.1314395918367,-23.809833877551,-25.46172,-25.5544142857143,-26.6327497959184,-23.32804,-24.1573493877551,-23.0867334693878,-20.46194,-24.1429746938776,-21.6831575510204,-19.7587293877551,-21.450366122449,-22.3916493877551,-22.8223542857143,-21.5558102040816,-20.7179102040816,-24.9869506122449,-26.9775963265306,-26.4349583673469,-27.5998918367347,-22.8751281632653,-23.1792808163265,-24.9915632653061,-24.891867755102,-24.0340465306122,-24.9854167346939,-25.6940489795918,-23.4320420408163,-21.1571910204082,-21.12704,-22.9561465306122,-22.4253848979592,-25.4137673469388,-24.2983265306122,-20.8685191836735,-24.9846069387755,-26.7251171428571,-25.0349465306122,-21.6607457142857,-23.6472787755102,-26.5922775510204,-20.2933563265306,-21.6814930612245,-21.019166122449,-21.9653244897959,-21.5182755102041,-24.3114808163265,-24.2945473469388,-25.2809497959184,-24.7294151020408,-24.0215106122449,-22.9373428571429,-23.1809330612245,-23.1508383673469,-23.1923240816327,-23.2002510204082,-22.4942126530612,-23.0338253061224,-22.1673465306122,-22.6920595918367,-24.7783008163265,-25.912433877551,-24.9146930612245,-24.6162689795918,-23.6349551020408,-25.3910795918367,-24.1745714285714,-26.259572244898,-26.6868020408163,-23.8989934693878,-26.6521669387755,-27.9862020408163,-29.5030906122449,-28.1954481632653,-25.4598975510204,-27.4232346938775,-23.7227053061224,-27.4253685714286,-22.6061795918367,-24.7460791836735,-25.23162,-23.419206122449,-25.3655212244898,-23.8234248979592,-25.0801444897959,-21.987926122449,-22.5064726530612,-24.0263334693878,-21.3142453061224,-21.8598959183673,-20.6169959183673,-20.8761751020408,-22.542387755102,-24.4417342857143,-25.9248326530612,-23.7180526530612,-27.9858346938776,-26.3087604081633,-26.4505604081633,-25.2441995918367,-24.8690951020408,-23.8765342857143,-24.4844171428571,-25.0889775510204,-22.6583028571429,-20.15248,-20.8356857142857,-23.515087755102,-20.7369844897959,-21.8747910204082,-20.7183804081633,-24.1551991836735,-24.6744371428571,-23.8237583673469,-28.7158244897959,-29.7103416326531,-30.5006473469388,-22.6438126530612,-23.3894628571429,-22.0316824489796,-20.5960824489796,-24.5315110204082,-22.2722726530612,-21.3264551020408,-23.7867489795918,-21.6081142857143,-28.1696612244898,-27.0345885714286,-27.0963816326531,-25.6636844897959,-23.3367375510204,-22.3651167346939,-24.4596371428571,-24.6176518367347,-23.4348820408163,-22.5417657142857,-24.4998114285714,-23.6476714285714,-24.1661881632653,-23.6072881632653,-23.789652244898,-21.630352244898,-22.8665889795918,-24.6835040816326,-27.0072755102041,-21.0127530612245,-20.0777440816327,-23.9773253061224,-24.4215946938775,-22.8269395918367,-22.9944710204082,-24.9657530612245,-26.0121673469388,-26.9370612244898,-28.1288036734694,-24.0489420408163,-23.6635089795918,-22.5914497959184,-26.8687873469388,-27.238646122449,-23.2699489795918,-22.5074081632653,-22.6551946938776,-24.0768130612245,-24.8696481632653,-22.3994065306122,-25.2558151020408,-22.9637089795918,-22.5415089795918,-21.6037934693878,-28.0463902040816,-25.8472118367347,-24.2983151020408,-24.3801232653061,-26.0368232653061,-25.2182240816327,-25.9388571428571,-23.5739628571429,-24.1426273469388,-21.7932375510204,-19.8413820408163,-21.1879673469388,-25.3550404081633,-22.3046110204082,-21.7636444897959,-24.3454057142857,-21.2295902040816,-19.8198236734694,-21.5457763265306,-21.3033665306122,-22.4008546938775,-23.7592053061224,-25.0136142857143,-24.1958289795918,-24.7173163265306,-21.0572718367347,-21.3152791836735,-24.8856236734694,-25.948686122449,-26.4791163265306,-23.8082632653061,-24.2606032653061,-23.5045844897959,-22.6859865306122,-24.0405951020408,-19.2580534693878,-21.2638914285714,-20.7548302040816,-28.3906269387755,-21.733707755102,-21.64024,-21.6274681632653,-24.5652195918367,-21.1887673469388,-22.0376240816327,-21.5867171428571,-25.0865448979592,-24.3262220408163,-24.1084885714286,-23.8717302040816,-24.8782506122449,-26.3884346938775,-22.5323983673469,-20.7696787755102,-22.2211779591837,-23.1075130612245,-22.8980130612245,-25.0172048979592,-28.1732526530612,-26.0119253061224,-26.6011971428571,-27.4012102040816,-23.4850028571429,-27.1803628571429,-27.0621489795918,-23.5503759183673,-23.4113453061224,-22.5567044897959,-23.7528865306122,-24.2463387755102,-22.3948179591837,-23.1646391836735,-22.6089469387755,-25.6663873469388,-25.5238171428571,-23.0707734693878,-20.3484808163265,-20.9899816326531,-20.0204359183673,-23.6173518367347,-24.6604714285714,-25.5845395918367,-22.4903044897959,-20.5901032653061,-20.0258551020408,-20.5519334693878,-22.7171853061224,-24.8298359183673,-24.333906122449,-23.047813877551,-24.0919004081633,-26.3726991836735,-26.5533648979592,-22.6522608163265,-24.3465130612245,-24.2727832653061,-23.0997857142857,-25.4492151020408,-25.144746122449,-23.155932244898,-23.1912016326531,-22.8907689795918,-22.5888379591837,-20.4064881632653,-21.2172224489796,-21.3617106122449,-21.5207355102041,-22.0781946938775,-20.5338424489796,-21.8663506122449,-21.6991159183673,-19.9609457142857,-21.2125057142857,-23.8106714285714,-23.1086040816326,-24.2679595918367,-24.8674608163265,-23.7352085714286,-25.847266122449,-25.0848632653061,-24.6777253061225,-23.3557914285714,-21.8926485714286,-24.8940608163265,-24.0641693877551,-21.2924053061224,-23.0855420408163,-21.7542289795918,-22.5424146938776,-23.4425902040816,-24.8826293877551,-24.32516,-24.683147755102,-22.8638281632653,-21.7987093877551,-20.9721914285714,-22.2676755102041,-21.6982342857143,-22.6892073469388,-22.4133044897959,-23.9443420408163,-22.6140097959184,-22.7244632653061,-19.9717616326531,-23.3382387755102,-24.1643955102041,-25.3850930612245,-24.1675297959184,-23.940406122449,-21.554226122449,-21.7904991836735,-29.3460812244898,-23.6507355102041,-22.4630159183673,-23.9505159183673,-21.7794816326531,-21.7212342857143,-21.4403951020408,-20.4312951020408,-21.3541053061224,-21.4409640816327,-25.4047571428571,-22.539987755102,-24.4625232653061,-26.1193171428571,-24.9044693877551,-19.6518469387755,-21.6979567346939,-25.2834408163265,-19.1587334693878,-21.9735918367347,-18.9756742857143,-24.0266791836735,-21.5668465306122,-22.8647636734694,-22.9762897959184,-22.289832244898,-23.9773502040816,-21.2498546938775,-24.9932624489796,-21.6619914285714,-20.7222355102041,-24.3876546938776,-24.1545310204082,-24.0078681632653,-25.7022624489796,-24.9459673469388,-23.043212244898,-23.861353877551,-23.6119391836735,-23.2471159183673,-23.3091175510204,-26.4295526530612,-26.0573085714286,-23.8763114285714,-26.337213877551,-21.17696,-21.6927995918367,-21.7088808163265,-23.7474469387755,-21.0600926530612,-23.0907081632653,-22.8393081632653,-23.2041897959184,-24.9463791836735,-23.9404093877551,-22.7716269387755,-21.8117604081633,-26.2047102040816,-26.3074253061224,-26.7398253061224,-27.1788224489796,-24.709933877551,-21.397213877551,-22.3549840816327,-23.2381297959184,-26.5802942857143,-26.9545395918367,-26.1554453061224,-26.27944,-29.0981212244898,-28.4636212244898,-29.1443987755102,-24.41252,-26.6240485714286,-23.3725873469388,-23.1418644897959,-23.0212212244898,-22.1040783673469,-22.0190657142857,-22.1052591836735,-23.2832555102041,-23.6181824489796,-20.7656718367347,-21.6999146938775,-23.1795216326531,-21.0690783673469,-24.2601346938775,-24.2479591836735,-25.1975114285714,-24.6596069387755,-24.4831718367347,-22.673372244898,-26.7205416326531,-30.0556832653061,-31.6802824489796,-29.2861395918367,-28.808287755102,-27.2495236734694,-29.1251795918367,-23.2717897959184,-23.7594844897959,-23.4522093877551,-30.9128616326531,-27.5903175510204,-27.4263824489796,-24.8318910204082,-22.9659130612245,-24.3416146938775,-25.2316857142857,-23.1234106122449,-23.0558897959184,-24.6560310204082,-25.2101310204082,-28.7811640816326,-26.565173877551,-24.4069465306122,-25.2388232653061,-22.3674097959184,-19.9334293877551,-25.172587755102,-24.9994975510204,-25.5042975510204,-23.19572,-23.3699930612245,-23.6900155102041,-24.9211106122449,-24.6287053061225,-25.550792244898,-21.5282616326531,-20.9890351020408,-20.0108404081633,-20.3287902040816,-21.9109310204082,-22.0986118367347,-22.2727612244898,-21.4707342857143,-19.8841746938776,-21.4464844897959,-23.1310273469388,-23.6713983673469,-21.6688408163265,-23.0117551020408,-24.267172244898,-24.3521179591837,-24.2807293877551,-25.3080555102041,-22.9606318367347,-22.7770375510204,-24.4874865306122,-24.2062959183673,-22.3269771428571,-26.0538640816327,-21.40996,-22.9816893877551,-22.0720244897959,-20.703887755102,-25.9259591836735,-23.2647302040816,-23.0896840816327,-22.3168546938776,-26.3497179591837,-25.6545987755102,-23.7287644897959,-24.0031914285714,-24.355852244898,-20.31754,-21.8003351020408,-28.2845783673469,-26.1805065306122,-26.1693216326531,-29.0980346938776,-27.4567669387755,-24.262933877551,-22.3007204081633,-22.4221518367347,-22.3779073469388,-24.8351979591837,-23.6883469387755,-21.3771951020408,-22.9285395918367,-21.9673367346939,-22.0617073469388,-21.1899048979592,-22.9426408163265,-24.1659228571429,-28.6644151020408,-22.91266,-23.0215967346939,-21.6504832653061,-23.3378697959184,-23.4433648979592,-23.9452293877551,-23.2149057142857,-22.5787175510204,-22.300292244898,-23.1716236734694,-22.3415702040816,-23.5737542857143,-20.9932534693878,-22.0411934693878,-23.0784151020408,-21.0360342857143,-22.6739359183673,-23.341932244898,-26.0605930612245,-24.1226424489796,-20.1530424489796,-23.6035942857143,-25.2412563265306,-26.26662,-26.90272,-29.2513155102041,-25.4204089795918,-24.4603346938775,-22.1318567346939,-26.9780081632653,-24.7186155102041,-26.858066122449,-24.4177485714286,-23.1966163265306,-23.1313293877551,-24.5235771428571,-23.5756930612245,-22.0517804081633,-20.0298118367347,-25.1803330612245,-28.8088559183673,-21.5565330612245,-22.666793877551,-23.9250746938775,-23.169512244898,-24.0740428571429,-25.4057742857143,-26.7127179591837,-20.9867955102041,-21.9374979591837,-18.5300363265306,-20.8128440816327,-23.0912583673469,-24.5084751020408,-25.1505910204082,-24.4465616326531,-24.4197951020408,-23.0642824489796,-23.3951787755102,-23.4817869387755,-24.959812244898,-22.7929710204082,-25.0744416326531,-24.1147257142857,-22.940287755102,-23.1539412244898,-20.4653106122449,-20.957667755102,-21.2933771428571,-20.6305706122449,-19.5293236734694,-17.28388,-21.0192587755102,-21.1222881632653,-20.3317897959184,-22.7872869387755,-22.648227755102,-23.2944706122449,-20.0991473469388,-23.22634,-22.8733865306122,-23.0584840816327,-21.5041636734694,-21.585893877551,-22.9154424489796,-24.3397546938775,-24.9410963265306,-24.806786122449,-25.2814881632653,-25.586813877551,-25.4365457142857,-25.9937432653061,-27.4282873469388,-23.0364689795918,-24.9753567346939,-27.3318502040816,-22.5443518367347,-21.4133546938776,-23.3639367346939,-22.8371065306122,-21.0603269387755,-21.128186122449,-23.5310102040816,-23.4330840816326,-24.5104934693878,-23.9594428571429,-23.4923910204082,-21.8887424489796,-21.5341008163265,-22.5105530612245,-21.3042771428571,-23.1383497959184,-20.2965771428571,-21.9840187755102,-22.3358575510204,-21.3133208163265,-25.675452244898,-23.2810126530612,-25.1699767346939,-24.6487497959184,-22.8109893877551,-28.5660293877551,-25.1884175510204,-23.744632244898,-23.5195673469388,-25.255913877551,-24.0535832653061,-25.3013616326531,-26.8944330612245,-26.8583330612245,-27.1029326530612,-27.0569326530612,-26.8578681632653,-25.1714983673469,-26.7722718367347,-24.9696171428571,-24.3359248979592,-21.9520163265306,-21.9629995918367,-22.5322591836735,-22.1666775510204,-23.1805473469388,-20.6690342857143,-22.9219812244898,-19.8559163265306,-21.797692244898,-22.3827608163265,-25.118526122449,-20.0124134693878,-20.0959902040816,-22.533392244898,-23.1273334693878,-20.8710318367347,-21.3592016326531,-23.2784342857143,-23.7701865306122,-21.8628795918367,-21.6946926530612,-23.4051828571429,-24.0478020408163,-21.2871142857143,-24.4886991836735,-23.3228465306122,-27.4377167346939,-32.6240134693878,-29.2892130612245,-33.2910469387755,-25.4286432653061,-26.47026,-27.7795897959184,-21.9833440816326,-22.9335804081633,-22.6015228571429,-23.3402334693878,-24.7963632653061,-22.1885628571429,-24.1621081632653,-22.7261248979592,-23.1113787755102,-22.0522946938775,-27.1956020408163,-27.8572453061224,-22.8065432653061,-22.0276575510204,-22.7606995918367,-23.852972244898,-20.8728040816327,-23.5353726530612,-25.2486012244898,-24.7751926530612,-25.1472775510204,-25.1476755102041,-23.4510991836735,-23.1741293877551,-23.3157897959184,-27.5632346938776,-24.8514575510204,-25.4549179591837,-23.4121779591837,-23.0365457142857,-25.7496248979592,-25.0833232653061,-24.8547126530612,-23.5137497959184,-22.3492808163265,-22.8196191836735,-22.3622012244898,-23.6434730612245,-24.4433526530612,-22.0908742857143,-22.4559159183673,-24.3481767346939,-23.2937216326531,-24.4697,-22.4187151020408,-23.5687110204082,-24.1382591836735,-25.4020469387755,-23.2345653061224,-25.1278302040816,-20.5926844897959,-23.7460669387755,-22.0709942857143,-22.3247093877551,-22.9577608163265,-22.0527342857143,-22.2631289795918,-27.5321448979592,-26.0377987755102,-26.6752004081633,-25.735312244898,-25.615372244898,-25.4479514285714,-24.964467755102,-19.6756420408163,-26.9474485714286,-20.5956873469388,-21.6642485714286,-19.5108069387755,-22.0290555102041,-22.9006881632653,-21.7610881632653,-22.4527355102041,-22.9710318367347,-22.2805791836735,-21.0853159183673,-22.1608440816326,-21.7075440816327,-23.1141195918367,-23.8919506122449,-23.0422828571429,-23.4188469387755,-23.4591612244898,-21.8392155102041,-22.2201824489796,-20.3281612244898,-21.8010195918367,-23.246312244898,-24.1128987755102,-24.9438265306122,-25.7520367346939,-25.0547195918367,-24.2170653061224,-23.744646122449,-30.4668012244898,-24.8979306122449,-23.2402040816327,-23.0310004081633,-22.2554085714286,-21.5388657142857,-21.4201583673469,-22.6937240816327,-21.5836240816326,-24.31944,-23.6429453061224,-24.9868767346939,-25.5876795918367,-23.935226122449,-23.5753216326531,-22.8922816326531,-26.1737163265306,-26.4391510204082,-26.2171053061224,-29.5701918367347,-26.2121640816327,-24.1904820408163,-24.1519391836735,-23.9014983673469,-22.2170310204082,-21.4910693877551,-23.4588004081633,-22.2359755102041,-23.3831355102041,-22.9123734693878,-23.1164224489796,-24.2179236734694,-22.3707187755102,-22.5197591836735,-21.3568416326531,-23.269326122449,-26.1669869387755,-23.0606963265306,-24.2502195918367,-20.5627195918367,-20.3565159183673,-18.9332832653061,-24.1259175510204,-20.8916330612245,-23.321872244898,-23.3690546938775,-23.5452146938776,-22.0660102040816,-23.514166122449,-25.6090093877551,-23.1825946938776,-25.3698991836735,-24.8424187755102,-25.4648514285714,-22.6939330612245,-21.9034142857143,-22.7578318367347,-22.7012436734694,-24.0614657142857,-22.648187755102,-25.0264412244898,-25.1750273469388,-25.1899224489796,-25.7661473469388,-25.9785763265306,-20.3748204081633,-21.8574016326531,-24.9604865306122,-25.7333163265306,-25.6958428571429,-25.1151644897959,-26.199633877551,-25.8760351020408,-26.8671387755102,-20.7354359183673,-24.5069714285714,-24.5586865306122,-25.7431171428571,-26.8999718367347,-24.2102367346939,-24.4004848979592,-25.4193902040816,-25.4943551020408,-28.3786371428571,-26.4740310204082,-26.3208293877551,-25.7801293877551,-24.6681751020408,-24.5189453061224,-23.3214893877551,-23.5959828571429,-20.8959073469388,-22.325013877551,-23.4306902040816,-26.7751510204082,-27.1192375510204,-23.2449665306122,-24.6547779591837,-24.8306057142857,-22.4149159183673,-21.5900751020408,-23.5553779591837,-22.9414853061224,-23.833192244898,-22.4834142857143,-21.8935869387755,-20.5263342857143,-20.555887755102,-22.2695265306122,-24.0051383673469,-24.2319204081633,-24.8559240816327,-23.200227755102,-24.9119628571429,-24.2501465306122,-22.1842485714286,-23.0243130612245,-23.8579053061224,-25.5458012244898,-22.5282836734694,-22.9705212244898,-24.5158448979592,-26.8432179591837,-25.3005995918367,-23.2810081632653,-25.0602216326531,-24.0113216326531,-23.9836563265306,-23.3558848979592,-22.0811191836735,-19.8255065306122,-19.0622065306122,-21.0418159183673,-24.927612244898,-24.3488293877551,-26.0872591836735,-25.8116559183673,-24.5826416326531,-28.6792371428571,-25.5025065306122,-23.1921093877551,-21.6351375510204,-19.6062232653061,-20.2757665306122,-21.1768644897959,-23.9853297959184,-24.8753955102041,-25.9382387755102,-24.3567371428571,-25.0874775510204,-28.3468216326531,-27.670693877551,-26.6246853061224,-23.9926848979592,-24.9163114285714,-27.9089040816327,-23.5348171428571,-21.3361020408163,-21.4985379591837,-24.4577987755102,-20.8871595918367,-21.4743665306122,-22.9670951020408,-23.7554383673469,-23.0875391836735,-24.0040330612245,-22.1171632653061,-22.8971146938776,-21.5148767346939,-22.1605440816327,-20.3097142857143,-20.8598967346939,-25.4333428571429,-23.86812,-20.7928665306122,-23.3961926530612,-21.7979926530612,-20.7053608163265,-19.1466093877551,-26.2778106122449,-27.92732,-27.0598253061224,-27.3894648979592,-27.6514730612245,-26.1800971428571,-26.6479065306122,-28.6718024489796,-24.8513506122449,-26.0072191836735,-24.4636118367347,-23.4291448979592,-23.8689093877551,-26.3434865306122,-22.1344489795918,-24.9113004081633,-23.9921493877551,-22.7785983673469,-25.2745081632653,-22.6065118367347,-22.6433334693878,-24.7744963265306,-24.198586122449,-25.0254579591837,-24.4052559183673,-26.4479175510204,-23.2547326530612,-22.4244493877551,-24.6232073469388,-21.864172244898,-21.6012612244898,-23.353733877551,-22.3233473469388,-24.7251265306122,-24.3084971428571,-24.1990097959184,-22.5940795918367,-24.1790497959184,-22.8505208163265,-22.200253877551,-23.4914812244898,-23.0456351020408,-23.4732502040816,-23.9169816326531,-23.8329493877551,-20.7284493877551,-27.1745828571429,-24.5098648979592,-21.8420955102041,-23.2514355102041,-25.9354955102041,-24.140527755102,-24.0141044897959,-23.3923832653061,-24.6318857142857,-22.5620465306122,-22.1289179591837,-21.2826306122449,-21.55714,-19.5706497959184,-23.8170742857143,-25.1739404081633,-22.2323359183673,-22.1679273469388,-23.174946122449,-22.2871436734694,-20.8086546938776,-22.8099489795918,-22.2607187755102,-20.7886734693878,-20.2898595918367,-19.8118551020408,-19.353433877551,-22.2435134693878,-24.2309836734694,-26.3046551020408,-27.0335755102041,-20.3931436734694,-22.2561767346939,-20.7191146938775,-24.7454395918367,-24.9316306122449,-23.0694146938775,-25.6996873469388,-26.9617448979592,-30.7718624489796,-24.5138151020408,-23.9848583673469,-24.7196420408163,-22.0152542857143,-21.4647375510204,-23.2544624489796,-19.4152440816327,-20.9807812244898,-22.0092889795918,-23.6242244897959,-23.8725285714286,-23.6219093877551,-23.2245653061225,-24.4960816326531,-24.9170620408163,-24.2293183673469,-24.4518440816327,-27.9916991836735,-25.4513897959184,-24.0063857142857,-21.3388869387755,-22.2036563265306,-23.7410551020408,-22.1305053061224,-25.2242734693878,-24.4285971428571,-26.5599665306122,-26.2982404081633,-26.6492648979592,-24.7298114285714,-23.5046420408163,-25.2384285714286,-23.4672253061225,-23.1024832653061,-23.6838718367347,-22.2354281632653,-25.9975534693878,-22.9446151020408,-25.5437151020408,-23.7235428571429,-24.8115714285714,-24.6529714285714,-21.6086469387755,-21.6678457142857,-20.2341416326531,-20.5488546938776,-21.00194,-22.252673877551,-20.772986122449,-24.32212,-24.3028648979592,-22.9782526530612,-23.7199771428571,-22.7424048979592,-21.5753571428571,-21.8009906122449,-22.8006604081633,-24.1082436734694,-21.566492244898,-22.9275004081633,-19.190433877551,-21.9604542857143,-25.7159053061224,-27.7045902040816,-25.7050224489796,-23.3613028571429,-24.5591330612245,-23.2474514285714,-27.6564191836735,-28.3116069387755,-27.4015057142857,-24.5049183673469,-22.5725432653061,-22.2291612244898,-22.4796285714286,-24.6620787755102,-22.4953930612245,-22.3232416326531,-24.1214926530612,-25.2241706122449,-24.6478563265306,-23.4948526530612,-25.2867824489796,-25.6097873469388,-24.832047755102,-25.4622220408163,-26.1679412244898,-28.5381587755102,-25.1953518367347,-21.5198726530612,-20.7843065306122,-21.9481420408163,-22.3069424489796,-24.3969065306122,-22.6309224489796,-22.200047755102,-21.3219216326531,-22.3161914285714,-22.9947889795918,-22.8037130612245,-23.7365591836735,-25.5273187755102,-25.7394616326531,-24.7846457142857,-24.4185595918367,-24.3282946938776,-23.1174093877551,-24.2827816326531,-25.7250616326531,-23.3808044897959,-23.2218302040816,-21.7818963265306,-24.6989142857143,-23.9096742857143,-24.458567755102,-24.6601710204082,-23.2248016326531,-25.596853877551,-24.9946424489796,-23.7035673469388,-24.5899428571429,-27.2180297959184,-27.7257787755102,-26.5420065306122,-24.8623693877551,-28.065172244898,-27.0485265306122,-27.0595714285714,-25.4857110204082,-26.2134942857143,-25.7410893877551,-25.4014187755102,-28.6776812244898,-21.2590404081633,-21.6560130612245,-21.5000395918367,-22.2782579591837,-21.3125089795918,-22.5725640816327,-24.505127755102,-24.0071697959184,-22.9805620408163,-23.5509653061225,-20.993393877551,-21.1762408163265,-23.4843497959184,-24.0350465306122,-24.5394212244898,-23.081847755102,-23.9217297959184,-24.102753877551,-24.7876689795918,-22.9618963265306,-21.4793379591837,-23.0390012244898,-24.5171028571429,-22.8922302040816,-21.6457783673469,-23.4424946938776,-21.8480302040816,-22.1617824489796,-22.7675697959184,-21.6559955102041,-27.0041559183673,-27.1159951020408,-25.8735444897959,-26.9308816326531,-23.9272440816327,-22.1650269387755,-20.8878551020408,-21.315673877551,-23.1786106122449,-25.8408787755102,-22.1406363265306,-22.8822583673469,-22.6515857142857,-23.189073877551,-22.1586008163265,-19.0541053061224,-23.058232244898,-24.3383281632653,-23.8742702040816,-27.3971346938775,-27.0879963265306,-25.201452244898,-24.3159530612245,-28.4298412244898,-26.7093832653061,-28.8042008163265,-27.7960232653061,-28.6242326530612,-24.3525857142857,-23.8470297959184,-23.155,-19.4537832653061,-20.5647212244898,-21.2600404081633,-23.9638848979592,-21.2868751020408,-23.6487053061224,-23.1334142857143,-23.4223130612245,-21.2229130612245,-21.6367420408163,-20.9814881632653,-20.7805232653061,-23.4076363265306,-25.5473628571429,-24.471472244898,-22.5380869387755,-23.6694236734694,-21.0496710204082,-21.5625489795918,-22.5270208163265,-22.9530812244898,-22.7931902040816,-23.4719787755102,-25.9236542857143,-25.2789183673469,-24.6939244897959,-24.2165387755102,-25.5046187755102,-25.1796040816327,-22.1970379591837,-24.7958130612245,-26.2476832653061,-23.918107755102,-23.3103844897959,-24.4308559183673,-23.7298330612245,-24.5936351020408,-25.3198187755102,-25.5736759183673,-24.5329428571429,-27.489892244898,-26.6116412244898,-26.0307930612245,-24.1023106122449,-24.9400551020408,-23.6788689795918,-21.9371620408163,-21.5695616326531,-20.0086085714286,-22.6739024489796,-23.845772244898,-22.5747326530612,-21.7210893877551,-22.8697591836735,-21.648432244898,-22.8906518367347,-22.3660530612245,-22.0823265306122,-20.6183951020408,-20.4693910204082,-22.3371093877551,-22.4278604081633,-21.7268240816326,-21.4177518367347,-22.583612244898,-21.8767546938776,-23.5332216326531,-25.1431273469388,-24.9599359183673,-23.9475057142857,-23.7704836734694,-24.0511069387755,-23.0202751020408,-22.6380257142857,-19.2724012244898,-20.7150044897959,-24.3219571428571,-25.3745567346939,-25.8451567346939,-25.6432942857143,-25.0335440816326,-21.3901934693878,-22.7476914285714,-27.0487269387755,-24.9806097959184,-28.2601216326531,-27.3113387755102,-26.5377171428571,-27.4809465306122,-25.7906959183673,-24.4533653061224,-24.4593306122449,-23.846326122449,-24.2014608163265,-21.4105579591837,-20.4624204081633,-24.1042755102041,-27.0879502040816,-26.7587057142857,-26.9319057142857,-25.688026122449,-30.2048930612245,-29.4001289795918,-31.7612289795918,-29.6201934693878,-28.8443934693878,-28.011452244898,-26.7652518367347,-27.3368804081633,-25.2588518367347,-27.0536412244898,-25.7658257142857,-25.6714873469388,-26.0781334693878,-21.9428983673469,-21.4079126530612,-20.6574493877551,-24.7819946938776,-26.6469012244898,-26.7618183673469,-24.8002930612245,-25.5021187755102,-27.6360012244898,-26.7095016326531,-27.3304134693878,-24.6056253061224,-22.7591420408163,-23.3031853061224,-23.0722008163265,-22.7796008163265,-21.8224853061225,-21.3158897959184,-23.5907342857143,-26.654507755102,-25.3243530612245,-25.277592244898,-24.791547755102,-23.2498542857143,-21.8578375510204,-23.6787620408163,-22.5044955102041,-22.6113379591837,-23.218772244898,-23.0633110204082,-23.3005040816327,-22.6491934693878,-24.9018163265306,-22.3915502040816,-23.2757330612245,-24.5564559183673,-23.88658,-25.6886097959184,-20.668187755102,-25.1934485714286,-23.4518595918367,-26.2614991836735,-24.2206595918367,-24.8265428571429,-24.3059669387755,-25.1048253061225,-25.649033877551,-26.8736848979592,-27.8520918367347,-29.35846,-26.50936,-29.6995746938776,-29.1000102040816,-26.6426481632653,-25.1182481632653,-27.6585804081633,-27.1433175510204,-26.9141726530612,-27.0740836734694,-30.2710836734694,-29.5243155102041,-22.6841836734694,-23.427847755102,-24.2552253061225,-21.0914624489796,-22.4932848979592,-21.6775710204082,-24.3278967346939,-23.6400289795918,-22.4336355102041,-25.3616914285714,-25.6707187755102,-26.3846310204082,-21.1981142857143,-19.6789379591837,-22.3868840816327,-25.6100416326531,-24.8214428571429,-27.7277567346939,-25.3580134693878,-21.9389779591837,-22.013406122449,-21.3437448979592,-25.9517473469388,-23.00026,-25.2404412244898,-24.5168710204082,-27.4231595918367,-28.1314253061224,-28.8900465306122,-27.9293142857143,-28.0701469387755,-24.8482469387755,-24.8986036734694,-24.5836530612245,-25.7178383673469,-28.2352240816327,-26.3305195918367,-26.5109971428571,-30.2158620408163,-25.8375106122449,-24.434246122449,-24.2465604081633,-21.7158297959184,-22.8203110204082,-25.3011244897959,-23.5242926530612,-25.8419163265306,-29.1022836734694,-20.4802946938775,-20.8615391836735,-23.6234110204082,-23.4384963265306,-22.9116318367347,-22.9491959183673,-24.6238371428571,-21.2990367346939,-21.3067497959184,-23.1449297959184,-22.7641081632653,-20.7928510204082,-21.7578408163265,-22.8342542857143,-21.9848889795918,-22.8741889795918,-24.25484,-24.9089914285714,-24.3518910204082,-25.0720893877551,-25.4873620408163,-26.1754453061224,-24.2644334693878,-24.5950804081633,-26.1500971428571,-24.5608918367347,-23.5871481632653,-21.7916167346939,-20.8388787755102,-21.2125363265306,-22.8634918367347,-22.6072632653061,-22.7392395918367,-22.3103971428571,-23.7638689795918,-25.2958163265306,-24.6122412244898,-23.6374963265306,-23.0373371428571,-21.4096857142857,-21.2412967346939,-20.5702383673469,-21.4414832653061,-21.8857767346939,-21.6461228571429,-19.5482718367347,-21.4394093877551,-29.5961293877551,-29.5961293877551,-26.7575734693878,-26.7271844897959,-27.67392,-26.7242097959184,-24.1774330612245,-21.1461440816327,-20.3149551020408,-21.990006122449,-26.8106889795918,-21.4278024489796,-25.7362412244898,-24.176373877551,-26.254393877551,-24.9430640816327,-24.9327640816327,-24.1144155102041,-25.9322873469388,-23.7111371428571,-23.3786795918367,-23.1053942857143,-20.8706481632653,-22.597027755102,-20.9299342857143,-22.1848995918367,-20.3005665306122,-21.6583351020408,-22.1034971428571,-21.9541767346939,-23.0085844897959,-26.7815465306122,-23.0201865306122,-23.1160510204082,-24.2210297959184,-23.755186122449,-25.2036930612245,-25.097326122449,-24.0436881632653,-23.9717040816327,-24.5692836734694,-22.5267934693878,-21.5557934693878,-21.8523702040816,-22.0164702040816,-22.0140020408163,-21.6221020408163,-21.9101195918367,-23.2718351020408,-21.9893987755102,-21.39364,-22.44994,-22.79616,-22.8396436734694,-23.8913110204082,-21.5920608163265,-20.0851640816327,-20.1121608163265,-20.0671265306122,-22.2093946938776,-23.2375342857143,-25.1601791836735,-23.5177359183674,-23.2702571428571,-24.3215379591837,-24.5814542857143,-25.2752510204082,-24.7286220408163,-25.6261146938776,-27.3277448979592,-27.2245232653061,-27.3869991836735,-24.497212244898,-23.9845604081633,-22.6292159183673,-20.3194542857143,-24.1979832653061,-26.6712028571429,-25.6795057142857,-23.7916702040816,-20.4535583673469,-20.9231995918367,-24.680112244898,-22.9021942857143,-23.096307755102,-25.5910734693878,-25.8376775510204,-25.9630102040816,-21.5544930612245,-20.9334836734694,-25.3018514285714,-26.686106122449,-25.0074028571429,-26.0590416326531,-24.731067755102,-23.7541146938776,-26.3622665306122,-25.4553889795918,-24.9210510204082,-23.7913510204082,-23.3984016326531,-22.9100265306122,-23.4565518367347,-23.3079620408163,-27.055126122449,-26.4950171428571,-26.0472963265306,-23.2737102040816,-23.8247955102041,-25.0107853061225,-24.0249346938776,-24.3505053061225,-21.8802542857143,-24.0259710204082,-25.4688244897959,-25.6106534693878,-24.8571983673469,-25.6306269387755,-24.921507755102,-23.9803142857143,-29.2528228571429,-27.0798179591837,-29.2620612244898,-28.6926808163265,-26.1066040816326,-26.2509281632653,-26.6991444897959,-28.4465906122449,-27.8960093877551,-27.9353032653061,-26.9300032653061,-24.8062032653061,-24.770067755102,-27.6689775510204,-28.9006114285714,-23.3288795918367,-24.2527081632653,-24.8643342857143,-24.7077502040816,-25.986993877551,-27.394766122449,-25.176113877551,-23.5113248979592,-25.5268155102041,-26.4284253061225,-25.4000689795918,-23.9084326530612,-24.5077412244898,-21.829287755102,-24.1525995918367,-23.5700751020408,-21.7465669387755,-23.7926563265306,-23.8665563265306,-25.3164906122449,-24.2841473469388,-28.8476889795918,-29.0144889795918,-18.5441587755102,-24.8030004081633,-25.5205506122449,-25.6794159183674,-23.6326506122449,-20.4348489795918,-23.4506448979592,-20.7704448979592,-21.5576881632653,-21.5694106122449,-22.3039857142857,-21.9575310204082,-21.9931191836735,-22.2605097959184,-22.1690097959184,-23.3500044897959,-22.1774526530612,-20.7915575510204,-21.9804946938776,-23.7698791836735,-23.1784016326531,-26.0798297959184,-24.933846122449,-24.7082930612245,-21.1845469387755,-23.8967559183673,-23.5543673469388,-22.9194228571429,-23.1066008163265,-20.7145808163265,-21.8021640816327,-22.2247326530612,-25.1815444897959,-22.6695808163265,-25.4533926530612,-27.439872244898,-25.392393877551,-20.8037355102041,-21.432506122449,-24.7601779591837,-30.8419355102041,-33.313146122449,-34.9100273469388,-27.6230710204082,-28.2895102040816,-28.5897102040816,-28.3624555102041,-26.6948828571429,-29.2221853061224,-29.1639853061224,-23.6527191836735,-21.5725220408163,-23.1185220408163,-25.6577693877551,-24.3942914285714,-25.3187706122449,-22.4977824489796,-21.9688012244898,-21.4471363265306,-20.4100395918367,-22.0190289795918,-23.1791355102041,-25.0327126530612,-26.9391869387755,-21.6951044897959,-22.3778783673469,-21.7958783673469,-21.932013877551,-20.3978930612245,-25.5823204081633,-26.3345020408163,-25.7451244897959,-24.6020208163265,-24.0070840816327,-22.0026371428571,-22.3374616326531,-26.3464881632653,-25.2667726530612,-27.3184395918367,-27.0632469387755,-25.7631285714286,-23.807326122449,-24.9433783673469,-26.1068232653061,-24.0809310204082,-22.2734159183673,-24.8426273469388,-23.4936142857143,-23.1106510204082,-21.4542510204082,-27.6376285714286,-25.0488114285714,-25.784887755102,-29.5417910204082,-27.1494228571429,-29.1426726530612,-28.8100893877551,-20.5100983673469,-24.3678689795918,-23.6499232653061,-25.7514395918367,-22.8912195918367,-24.502986122449,-25.4245212244898,-26.3127685714286,-29.2403016326531,-23.5868685714286,-26.8036053061224,-21.946026122449,-23.285266122449,-26.1185624489796,-22.2092224489796,-23.2983028571429,-23.5536416326531,-24.2958718367347,-24.4410665306122,-24.7695257142857,-22.5059465306122,-22.4737465306122,-20.3979465306122,-21.8299583673469,-23.1233979591837,-26.0385730612245,-26.5184506122449,-22.9394085714286,-22.1740689795918,-25.7080563265306,-26.8960955102041,-23.8765755102041,-23.932233877551,-22.7480693877551,-21.6497236734694,-22.8905008163265,-23.5896616326531,-22.1718991836735,-25.7930983673469,-25.3685779591837,-24.7011265306122,-25.8479616326531,-20.1768440816327,-20.8222559183673,-24.3865726530612,-22.9131110204082,-24.7042910204082,-23.6916669387755,-24.6496832653061,-23.7011832653061,-22.666733877551,-23.3169240816327,-24.7562587755102,-24.6497604081633,-25.4153832653061,-24.5325314285714,-25.7169559183673,-26.384267755102,-25.4923289795918,-21.9173787755102,-22.3749967346939,-22.6643706122449,-20.9023767346939,-21.6421163265306,-24.5319930612245,-20.769026122449,-23.5303408163265,-23.4725693877551,-24.7710697959184,-24.3257955102041,-22.3472640816327,-23.6937726530612,-22.3257844897959,-24.3055620408163,-21.2856028571429,-22.2103751020408,-23.211806122449,-22.869292244898,-21.1794689795918,-24.7209281632653,-26.1344004081633,-23.8106551020408,-23.4205232653061,-21.5266991836735,-23.7288902040816,-25.4202289795918,-21.0745567346939,-22.2396583673469,-22.8632281632653,-21.0289355102041,-22.5154526530612,-23.0755142857143,-19.9176334693878,-22.1759334693878,-24.9779910204082,-21.989147755102,-25.2585102040816,-23.5148857142857,-25.4891820408163,-23.8442232653061,-21.9677632653061,-21.4634530612245,-28.6345436734694,-26.3547644897959,-25.8867967346939,-23.0443028571429,-26.7443942857143,-24.0563383673469,-25.1612191836735,-23.1615542857143,-24.5025351020408,-22.2624089795918,-20.1435081632653,-21.7246857142857,-22.9744420408163,-23.6934481632653,-20.2457351020408,-20.791286122449,-19.907607755102,-21.7766820408163,-22.8986587755102,-20.3800155102041,-21.4168836734694,-23.2112775510204,-24.5573408163265,-23.6859265306122,-22.7889306122449,-22.4297746938775,-24.9340979591837,-25.2231420408163,-23.1175448979592,-24.7981020408163,-25.4725530612245,-23.1398293877551,-24.6572828571429,-23.6650955102041,-23.7502473469388,-24.2994048979592,-23.516092244898,-23.7980097959184,-24.669253877551,-25.5641804081633,-23.8672093877551,-23.732207755102,-23.3239624489796,-23.2760228571429,-22.9843636734694,-21.855247755102,-21.4877057142857,-22.555706122449,-24.8880563265306,-23.5780244897959,-24.2962926530612,-21.5828089795918,-21.9810967346939,-22.9041008163265,-25.9641326530612,-24.3504457142857,-25.3225297959184,-24.9299302040816,-27.0676555102041,-26.692,-25.7049848979592,-23.4125551020408,-22.3765097959184,-21.8404506122449,-22.9649383673469,-23.7853995918367,-19.5449187755102,-20.8481183673469,-20.6457832653061,-20.6519175510204,-20.8214159183673,-22.9068857142857,-24.5070118367347,-21.8891551020408,-21.7401718367347,-26.2392620408163,-30.9680163265306,-26.6201534693878,-24.3363820408163,-22.4034330612245,-22.280846122449,-19.6745346938776,-22.7615734693878,-18.9432714285714,-19.7802653061224,-22.3107314285714,-20.9457951020408,-24.8590371428571,-23.1868155102041,-24.3922342857143,-22.6865269387755,-23.0966783673469,-22.4251955102041,-23.6975359183673,-23.8572314285714,-24.8707902040816,-21.2537257142857,-26.4281302040816,-23.5730289795918,-27.6410914285714,-23.5233808163265,-25.9487832653061,-23.314012244898,-22.7068216326531,-28.376567755102,-23.1142240816327,-22.5950481632653,-26.7297959183673,-28.4949281632653,-25.6634224489796,-20.745132244898,-22.7580510204082,-24.1922751020408,-24.3912816326531,-23.7104171428571,-23.3932542857143,-21.4695118367347,-25.018673877551,-24.2428326530612,-26.3041326530612,-25.5366612244898,-26.8950110204082,-24.7477881632653,-24.4600110204082,-23.5799595918367,-21.7502865306122,-21.610527755102,-21.0753510204082,-21.362547755102,-23.2582510204082,-22.8363289795918,-23.8902044897959,-24.7457718367347,-21.7366093877551,-23.3656848979592,-21.3175130612245,-22.4080730612245,-23.9825130612245,-22.2720571428571,-21.7704857142857,-19.4724612244898,-21.7168714285714,-22.1400506122449,-20.4719469387755,-22.3420346938775,-21.9521314285714,-19.7357020408163,-21.61152,-23.3453073469388,-21.6850436734694,-22.3495534693878,-21.4849983673469,-21.0431457142857,-21.8062857142857,-22.3686824489796,-23.3255991836735,-21.4297428571429,-20.5850175510204,-23.0303408163265,-22.1235273469388,-24.2220514285714,-23.8046987755102,-21.0974644897959,-20.228712244898,-21.3033253061224,-23.1958824489796,-22.8946130612245,-24.1748228571429,-20.6917640816327,-27.7662118367347,-24.372647755102,-24.3329869387755,-29.9693734693878,-28.8747804081633,-27.5377183673469,-25.686647755102,-26.7005306122449,-27.0302306122449,-27.9188991836735,-22.737127755102,-24.1399995918367,-25.9243,-21.4684575510204,-21.8148493877551,-25.1262783673469,-24.1029828571429,-25.4867828571429,-25.9129110204082,-24.4000751020408,-25.1840326530612,-22.4982204081633,-21.4513987755102,-21.1085065306122,-25.1380546938776,-20.1711657142857,-22.5872155102041,-22.2448571428571,-22.3878587755102,-21.4394783673469,-22.4861457142857,-22.3532612244898,-23.4647906122449,-25.3680428571429,-24.4729514285714,-20.8832085714286,-22.4434726530612,-23.123486122449,-26.2389759183673,-22.3006824489796,-23.5739465306122,-24.0297253061224,-22.7876693877551,-22.9735334693878,-21.7708191836735,-21.4216293877551,-21.8830795918367,-22.5640702040816,-19.6606583673469,-19.5032016326531,-20.9555689795918,-21.0802689795918,-21.8647734693878,-18.9061595918367,-25.1759240816327,-25.0809934693878,-26.0532730612245,-26.0570730612245,-26.0831775510204,-23.8342371428571,-24.3953718367347,-22.2963008163265,-25.6685473469388,-27.0540473469388,-24.6261473469388,-25.697527755102,-31.2974057142857,-27.6747575510204,-23.353087755102,-22.8661506122449,-21.8165346938775,-21.4935395918367,-22.4726310204082,-23.0674432653061,-23.9938804081633,-24.2460775510204,-22.6444771428571,-20.8137771428571,-23.9775893877551,-23.5204375510204,-24.3161620408163,-24.3850048979592,-26.0001816326531,-25.3184975510204,-25.2562306122449,-24.5424628571429,-24.4204624489796,-21.9949146938776,-22.6882146938776,-22.6081146938775,-24.6140583673469,-21.3493583673469,-23.8211575510204,-24.675527755102,-21.3188273469388,-22.47624,-19.914807755102,-21.3506,-19.6680351020408,-19.57848,-18.5162012244898,-21.2103926530612,-22.9329526530612,-20.9949220408163,-22.9935510204082,-22.9325673469388,-22.6757636734694,-26.1605167346939,-24.1021085714286,-21.2014085714286,-25.3851840816327,-21.6894832653061,-22.1005942857143,-23.1936387755102,-23.7861791836735,-26.1975955102041,-25.5469371428571,-24.5891126530612,-25.8201975510204,-25.2927351020408,-25.28338,-29.3262220408163,-27.9909416326531,-27.3903171428571,-29.3848404081633,-24.0612546938776,-25.2068089795918,-26.0689497959184,-26.6367681632653,-24.20914,-21.7186616326531,-21.2030428571429,-22.7217089795918,-20.696652244898,-24.7694428571429,-22.6496024489796,-22.6420514285714,-25.5628314285714,-24.9357644897959,-24.3320195918367,-24.7444469387755,-24.7216130612245,-25.5824081632653,-24.914653877551,-24.5249579591837,-23.535453877551,-23.9887689795918,-23.774852244898,-21.9106081632653,-20.9830934693878,-22.8018179591837,-25.9109408163265,-25.8306265306122,-22.5032081632653,-22.4582730612245,-22.9467816326531,-20.2226853061224,-22.292287755102,-23.0436420408163,-22.4649502040816,-23.8324742857143,-24.1502853061224,-21.9258408163265,-24.3177742857143,-25.899552244898,-21.7408665306122,-22.8298391836735,-23.4248653061224,-22.6788163265306,-23.9318440816327,-24.9702930612245,-24.4544534693878,-21.7291567346939,-23.3758167346939,-24.0657608163265,-20.7801106122449,-18.7240114285714,-21.1648689795918,-21.1185187755102,-21.1202983673469,-22.3788730612245,-24.6091963265306,-24.2556318367347,-24.3182318367347,-23.4530616326531,-23.5566591836735,-23.5240163265306,-25.5515228571429,-24.0074526530612,-20.7379526530612,-21.1750191836735,-22.2464032653061,-24.4357016326531,-24.2217918367347,-22.8211840816327,-21.9819391836735,-22.0921269387755,-20.1850269387755,-21.6983269387755,-21.8552269387755,-19.5914979591837,-21.1526689795918,-23.290766122449,-23.9670918367347,-24.1825506122449,-23.2990571428571,-22.6170342857143,-22.574272244898,-24.3721530612245,-22.0147387755102,-22.5410673469388,-21.1915693877551,-23.6284718367347,-22.3545681632653,-21.3893530612245,-22.9548012244898,-22.5432355102041,-23.7352857142857,-25.0079473469388,-25.8158363265306,-22.206707755102,-20.7031579591837,-22.8887269387755,-22.137906122449,-19.5511604081633,-23.022747755102,-26.0685636734694,-23.1701334693878,-24.867492244898,-24.2904620408163,-21.6328236734694,-20.6248955102041,-24.2148775510204,-24.5799240816327,-22.4436771428571,-22.8486771428571,-24.0143906122449,-22.0160130612245,-18.0825791836735,-18.2754412244898,-18.4964412244898,-19.6097346938776,-24.5588759183673,-23.8096297959184,-23.8524885714286,-22.4949902040816,-21.5271408163265,-24.7175179591837,-22.0194910204082,-22.7329559183673,-24.4626816326531,-24.224712244898,-23.9939465306122,-23.391833877551,-23.3930085714286,-23.3838036734694,-22.3108530612245,-21.3788673469388,-22.4697355102041,-22.9997942857143,-22.8239706122449,-24.4317530612245,-22.4946457142857,-19.0006469387755,-23.5055616326531,-24.9513355102041,-27.1005902040816,-24.7676975510204,-24.6176971428571,-23.653866122449,-26.678913877551,-22.5654330612245,-21.6959820408163,-23.9931963265306,-24.2504865306122,-22.1448155102041,-21.8383432653061,-22.7952946938776,-22.7788,-24.8448824489796,-22.1573824489796,-23.5063963265306,-25.1216853061224,-26.8034004081633,-23.0784624489796,-23.043026122449,-21.77136,-27.9675244897959,-26.9603783673469,-26.9571783673469,-24.8704163265306,-23.4846097959184,-26.4827918367347,-24.2094293877551,-23.7452159183673,-22.36848,-23.419067755102,-19.7143220408163,-23.5365334693878,-24.3650334693878,-22.4474175510204,-20.6574465306122,-24.168613877551,-23.6799118367347,-26.152372244898,-23.6489351020408,-23.0153644897959,-24.2128616326531,-22.6038636734694,-22.6203159183673,-22.0318159183673,-24.2998893877551,-23.5738591836735,-23.4500763265306,-22.0606093877551,-23.3790028571429,-23.1929106122449,-24.3565595918367,-24.9450759183673,-22.5618640816326,-20.6940130612245,-20.0698783673469,-21.2657346938775,-23.525007755102,-25.1864395918367,-24.8567791836735,-24.5098244897959,-24.4290363265306,-23.8800346938776,-23.5157767346939,-24.2090689795918,-23.8566710204082,-27.3313093877551,-26.6234579591837,-22.4382110204082,-23.4258053061224,-22.2633016326531,-23.9380183673469,-24.6720906122449,-26.6587024489796,-23.0746808163265,-21.2255591836735,-21.7567232653061,-22.6173559183673,-23.6244889795918,-23.2615379591837,-23.6966824489796,-25.9660375510204,-23.8002951020408,-21.9841351020408,-25.1176024489796,-24.373872244898,-23.7087089795918,-24.5030187755102,-24.7143269387755,-23.4023746938775,-23.0269751020408,-25.6533073469388,-26.6370469387755,-28.6111587755102,-27.4978155102041,-26.1228526530612,-25.287253877551,-25.54532,-24.5894469387755,-25.5395024489796,-25.1183771428571,-22.5742297959184,-22.4833424489796,-25.4785795918367,-25.1546097959184,-22.8056857142857,-23.1800555102041,-19.1920485714286,-23.9689710204082,-25.6939869387755,-25.1170093877551,-21.058033877551,-22.1745118367347,-22.9698534693878,-25.1233502040816,-24.8922285714286,-21.9941930612245,-22.7602967346939,-23.6672379591837,-23.0918918367347,-21.4450183673469,-23.1836416326531,-22.6031048979592,-26.11938,-24.8374020408163,-22.4336669387755,-23.334026122449,-21.7818404081633,-24.2847689795918,-22.4186542857143,-21.7364248979592,-22.729732244898,-21.9209097959184,-23.2119971428571,-22.5419106122449,-23.8964179591837,-21.65406,-21.9358775510204,-22.4814457142857,-22.703587755102,-22.7325865306122,-23.2434342857143,-22.3140616326531,-23.566946122449,-24.5159648979592,-23.5544004081633,-22.0563448979592,-23.791886122449,-24.3143787755102,-25.5152657142857,-23.4152571428571,-24.6422236734694,-25.3688351020408,-22.6725175510204,-21.7798816326531,-22.2163318367347,-20.85332,-22.238346122449,-22.8675171428571,-20.5291224489796,-19.75014,-24.7948530612245,-22.5674102040816,-25.1503991836735,-24.3671971428571,-22.1911808163265,-24.5930640816327,-24.452966122449,-22.4964575510204,-23.7334530612245,-20.5990844897959,-22.0852795918367,-22.9140457142857,-30.5546008163265,-22.7705771428571,-24.9469102040816,-21.9982371428571,-23.2848987755102,-23.0850755102041,-23.432706122449,-21.5704146938776,-23.507492244898,-22.8745012244898,-26.3519106122449,-22.5375653061224,-24.1748436734694,-23.875752244898,-25.4716555102041,-23.3735126530612,-24.3266808163265,-24.8318510204082,-25.1571808163265,-27.1334265306122,-27.121633877551,-26.2027685714286,-26.904946122449,-25.104933877551,-26.6382048979592,-24.286573877551,-26.6393306122449,-23.6455383673469,-25.9865971428571,-26.8619689795918,-26.0070351020408,-24.9853191836735,-29.03996,-24.2728273469388,-24.8387220408163,-25.5351693877551,-24.722192244898,-24.4423395918367,-25.0122889795918,-25.9901963265306,-23.0761567346939,-21.5383253061224,-20.165387755102,-22.5469028571429,-21.9138375510204,-22.4049848979592,-20.79654,-23.0096502040816,-22.9403608163265,-21.9455146938776,-24.0021665306122,-24.4755342857143,-23.6764473469388,-24.6514710204082,-25.7907453061225,-24.3363918367347,-24.0063959183673,-24.8442146938775,-28.2030420408163,-30.2730787755102,-26.356552244898,-25.6561097959184,-24.834233877551,-24.3827751020408,-21.858646122449,-22.7913093877551,-22.242272244898,-25.0866273469388,-25.6297926530612,-25.191752244898,-26.5516293877551,-26.9250526530612,-24.1559587755102,-23.2833897959184,-21.8573759183673,-23.0161865306122,-21.1468355102041,-24.5404857142857,-22.2365081632653,-21.1446987755102,-19.7278175510204,-22.6619751020408,-23.3184755102041,-23.4734375510204,-22.506273877551,-21.9809208163265,-19.4026510204082,-22.9071779591837,-24.218887755102,-23.3777036734694,-25.2536028571429,-24.34174,-22.7819057142857,-25.4893869387755,-23.148206122449,-25.3745983673469,-25.5667420408163,-20.9407371428571,-20.8209342857143,-19.2689387755102,-24.236913877551,-24.6115036734694,-24.6272910204082,-23.1337297959184,-24.8396032653061,-26.8733518367347,-24.553472244898,-23.8294628571429,-24.8261587755102,-23.1787146938776,-21.8563404081633,-21.8921808163265,-26.1158008163265,-25.3801469387755,-23.9777110204082,-23.9626787755102,-22.5681412244898,-23.9105559183673,-22.3262865306122,-24.9031669387755,-27.2518465306122,-23.7007493877551,-24.8003114285714,-26.1820579591837,-25.4921110204082,-21.4530163265306,-25.4947420408163,-25.4572979591837,-20.5898616326531,-20.084506122449,-24.0761355102041,-23.2544126530612,-24.3385551020408,-22.208132244898,-22.251987755102,-24.2750191836735,-25.5939289795918,-23.7515391836735,-25.0991657142857,-24.6121465306122,-23.7560636734694,-20.5064779591837,-20.9684212244898,-23.5780220408163,-22.4884751020408,-22.8930644897959,-24.2336824489796,-24.2819726530612,-23.9162395918367,-22.5791763265306,-23.3524044897959,-24.6745648979592,-25.6847036734694,-22.6084673469388,-23.7954910204082,-24.7770971428571,-23.3238097959184,-23.8690844897959,-23.8666844897959,-26.6459359183673,-21.9418093877551,-22.7252081632653,-22.5777367346939,-23.9801714285714,-25.5488624489796,-26.7917395918367,-26.5711542857143,-25.6532767346939,-26.6844779591837,-23.096812244898,-22.2711730612245,-22.7550179591837,-21.8317302040816,-23.1518457142857,-22.3889155102041,-27.617352244898,-25.9169808163265,-24.8244367346939,-26.1779808163265,-22.3939367346939,-23.9102885714286,-22.0225873469388,-20.5531759183673,-23.3054893877551,-23.8767844897959,-25.1816763265306,-23.6590608163265,-29.2953183673469,-28.8431628571429,-31.923653877551,-34.1667342857143,-32.9225946938775,-24.8530673469388,-23.3745518367347,-23.4371734693878,-24.2365604081633,-25.5028216326531,-22.5747236734694,-25.4492795918367,-25.1064865306122,-23.2708546938776,-24.1854253061224,-22.379607755102,-22.8901934693878,-23.2350902040816,-24.3207420408163,-23.0749130612245,-23.6967081632653,-23.6508620408163,-23.9584681632653,-24.4334881632653,-22.5473183673469,-27.173986122449,-25.8760906122449,-22.4928971428571,-25.5293967346939,-23.4737983673469,-21.9688302040816,-24.960586122449,-24.0587926530612,-23.7074665306122,-23.330372244898,-22.6116755102041,-23.1091885714286,-20.7558020408163,-21.6942093877551,-21.4483093877551,-21.5459885714286,-26.4500057142857,-24.2906163265306,-20.9731775510204,-23.4274779591837,-25.5246306122449,-25.795532244898,-24.8627587755102,-22.689087755102,-21.3450085714286,-21.9634959183673,-22.3903163265306,-24.383192244898,-23.4897497959184,-23.5764326530612,-22.0846269387755,-25.6796983673469,-24.7931808163265,-19.0768106122449,-18.044987755102,-21.1334,-22.0349306122449,-24.7623591836735,-23.5277934693878,-25.2776448979592,-22.6113502040816,-22.2710244897959,-22.2432804081633,-25.4946542857143,-25.2984759183673,-25.1963804081633,-24.7247183673469,-22.1037326530612,-21.6334297959184,-23.0905253061224,-19.5600489795918,-22.1721804081633,-21.5658293877551,-22.7275167346939,-25.5618693877551,-27.3912885714286,-28.0971673469388,-25.611607755102,-26.9815995918367,-26.1457624489796,-21.2834506122449,-23.1800506122449,-22.0547208163265,-23.6416673469388,-22.7852346938776,-24.5187134693878,-21.2720408163265,-23.3645163265306,-23.5568204081633,-19.372407755102,-21.9460612244898,-22.861766122449,-22.1264648979592,-21.9905187755102,-23.3820934693878,-25.06768,-27.0659869387755,-26.7486110204082,-25.5524142857143,-23.3283493877551,-22.4918653061225,-26.3934489795918,-25.8144685714286,-30.9937795918367,-27.9122697959184,-25.0806428571429,-24.4111783673469,-27.7164367346939,-27.7790130612245,-24.574112244898,-23.9390963265306,-23.7892269387755,-23.5507008163265,-23.0695008163265,-24.349266122449,-27.1681489795918,-23.5030375510204,-21.9436183673469,-21.2646195918367,-20.474127755102,-20.1996636734694,-21.6676873469388,-23.4053171428571,-26.8237869387755,-23.8864934693878,-21.1458587755102,-21.0499191836735,-22.2228746938775,-21.4355612244898,-21.1084395918367,-21.4356330612245,-22.1815228571429,-26.3492036734694,-29.2091951020408,-27.4911057142857,-27.0321926530612,-23.5146187755102,-20.4768093877551,-21.8337171428571,-23.3442244897959,-24.4458967346939,-23.8977089795918,-24.6709097959184,-24.1670240816327,-26.1662142857143,-21.4493134693878,-24.1945702040816,-22.7556432653061,-21.1929657142857,-23.4681465306122,-21.3916595918367,-23.5388240816327,-23.5904114285714,-25.3392130612245,-22.182832244898,-21.9649575510204,-20.4989755102041,-21.7991081632653,-23.061106122449,-22.8053979591837,-21.4695481632653,-22.2172910204082,-22.6596910204082,-22.5903097959184,-24.4710179591837,-26.1936183673469,-26.631126122449,-26.1276375510204,-25.2830530612245,-23.9920428571429,-26.5466428571429,-25.7907681632653,-25.935772244898,-26.2690657142857,-21.8553346938776,-22.8025804081633,-20.5466865306122,-22.0956718367347,-22.7563555102041,-22.5748089795918,-25.2774771428571,-22.8324069387755,-21.5499248979592,-23.5219910204082,-23.4753734693878,-22.610833877551,-22.0639653061224,-23.3837848979592,-22.909833877551,-22.2892779591837,-23.8768893877551,-21.3444069387755,-22.1667106122449,-20.6122975510204,-23.379687755102,-28.7824493877551,-24.7407114285714,-23.6618159183673,-19.2793706122449,-24.5158914285714,-24.181212244898,-22.8199893877551,-22.4764297959184,-21.358912244898,-22.7539640816326,-21.9110857142857,-22.2018391836735,-23.5303097959184,-21.2831702040816,-26.3287767346939,-25.0648767346939,-25.1732902040816,-22.5135195918367,-21.7599142857143,-22.9729644897959,-22.4470310204082,-28.123286122449,-28.28956,-27.0855310204082,-22.6275330612245,-23.1544269387755,-21.4892808163265,-24.7431636734694,-21.7037179591837,-27.8127710204082,-24.6328816326531,-23.6401069387755,-25.8890706122449,-26.7546175510204,-25.0551857142857,-22.6655232653061,-20.4387669387755,-20.6066693877551,-21.4663791836735,-18.9609934693878,-19.8781669387755,-20.5152342857143,-21.8565534693878,-23.004132244898,-21.399632244898,-20.5845771428571,-22.0233714285714,-20.854247755102,-20.5575526530612,-20.8784665306122,-23.8699648979592,-23.6489648979592,-22.6549420408163,-22.1698346938776,-22.9252902040816,-24.0513995918367,-25.1362930612245,-21.8876151020408,-22.1133065306122,-22.3736269387755,-24.0405836734694,-25.7465840816327,-22.3647714285714,-24.5427293877551,-23.1013579591837,-23.870387755102,-21.9553853061224,-21.7547751020408,-21.7339436734694,-29.693526122449,-25.0084828571429,-24.1455416326531,-23.501552244898,-22.7959302040816,-22.8432248979592,-22.8375787755102,-23.6850995918367,-30.0591318367347,-21.7344069387755,-22.1864326530612,-25.4915159183673,-20.9329942857143,-18.7998616326531,-23.0007616326531,-22.4056991836735,-21.5384363265306,-19.0167232653061,-22.1273481632653,-26.882046122449,-24.7325208163265,-23.5313208163265,-22.9717493877551,-23.3024081632653,-22.0344914285714,-25.9512697959184,-22.4934130612245,-20.2553579591837,-21.1355791836735,-26.4073106122449,-24.1535697959184,-24.4213624489796,-24.7496657142857,-23.4869473469388,-24.4070416326531,-22.7494816326531,-20.8995816326531,-22.437032244898,-22.5031130612245,-24.3839530612245,-26.7024608163265,-24.8653542857143,-27.0873518367347,-26.9304183673469,-29.5873155102041,-30.0407155102041,-26.7672375510204,-26.6194518367347,-25.7094110204082,-25.9846959183673,-25.8811959183673,-24.5864971428571,-26.3451934693878,-25.8990510204082,-25.441553877551,-26.5143779591837,-24.4249036734694,-25.1724624489796,-22.6552240816327,-24.4302297959184,-23.1566106122449,-27.933433877551,-23.7626702040816,-25.0159253061224,-26.0169253061224,-25.4595608163265,-22.3538273469388,-25.4824489795918,-24.2496832653061,-23.2927506122449,-21.5019146938775,-22.0690448979592,-22.2804040816326,-23.0316302040816,-20.7703306122449,-22.8912893877551,-21.7219191836735,-19.8633363265306,-22.1454167346939,-22.3494457142857,-24.6553448979592,-24.7664534693878,-24.9456293877551,-24.4024318367347,-23.0742012244898,-24.3622518367347,-22.7304934693878,-22.46194,-24.2124963265306,-23.8740587755102,-24.0212375510204,-23.2403995918367,-22.0650751020408,-21.6436751020408,-24.2905346938776,-25.7238979591837,-26.9933889795918,-25.4933175510204,-26.7773926530612,-25.5408987755102,-23.8825718367347,-21.2466224489796,-21.0556012244898,-21.2928567346939,-23.6611710204082,-20.6825910204082,-22.2558183673469,-22.1341183673469,-22.7695179591837,-19.3098285714286,-19.4104844897959,-20.4046502040816,-20.3756689795918,-22.4207269387755,-23.4040897959184,-23.2318297959184,-26.7622575510204,-25.9751383673469,-25.476953877551,-28.0090975510204,-25.0169326530612,-27.0458930612245,-26.5278085714286,-24.85608,-23.0558220408163,-25.4644142857143,-23.7465873469388,-23.1952889795918,-23.8568669387755,-23.7398640816326,-22.5201771428571,-25.6438126530612,-24.0118342857143,-25.942206122449,-24.3918220408163,-23.7784759183673,-21.85078,-24.1507967346939,-26.5163126530612,-28.1269195918367,-24.3511036734694,-23.8651040816327,-22.8063910204082,-21.6859963265306,-22.6562779591837,-21.694966122449,-21.3171412244898,-21.4485163265306,-21.4754232653061,-22.4517902040816,-20.1988983673469,-25.540207755102,-25.2807371428571,-24.5356191836735,-25.0220685714286,-24.6257857142857,-24.6961914285714,-25.1256914285714,-21.3246526530612,-20.5956628571429,-20.06812,-22.8378559183673,-24.9885506122449,-24.5031775510204,-20.5790175510204,-20.1595036734694,-21.4534706122449,-24.2734763265306,-20.602572244898,-23.4853706122449,-25.4252081632653,-24.2026559183673,-23.3172053061224,-22.3647212244898,-27.266726122449,-22.3452783673469,-20.8802808163265,-20.9036244897959,-21.0437065306122,-20.28114,-22.3312746938776,-25.9013669387755,-22.89932,-22.2168036734694,-24.0395959183673,-23.2834383673469,-21.9655069387755,-22.9413387755102,-22.8786840816326,-22.7285485714286,-20.0911187755102,-19.3107163265306,-22.6000681632653,-21.5580220408163,-26.1790587755102,-25.6632167346939,-22.8368163265306,-24.2746808163265,-28.3944248979592,-26.1848975510204,-25.9450379591837,-25.5130093877551,-20.8326334693877,-23.0432604081633,-22.3906783673469,-23.0835693877551,-23.1765130612245,-24.1686853061225,-22.1263934693878,-24.1778085714286,-22.1660432653061,-25.1428432653061,-24.9219979591837,-25.9330053061224,-23.5592269387755,-23.3484155102041,-26.1364355102041,-27.2565714285714,-22.6547857142857,-21.7054155102041,-24.3025612244898,-21.3489318367347,-20.3115714285714,-22.0772048979592,-20.7277191836735,-19.7692848979592,-20.9786628571429,-20.9224412244898,-20.9195579591837,-22.70444,-23.1132212244898,-25.4254975510204,-23.3149114285714,-31.6464620408163,-22.4791110204082,-24.4134012244898,-23.1448575510204,-24.9869093877551,-25.7677126530612,-26.3812355102041,-25.723486122449,-24.5603191836735,-23.29796,-21.9787583673469,-21.2368159183673,-22.4917175510204,-21.9859665306122,-21.8298873469388,-20.7696612244898,-21.0641367346939,-17.1326146938775,-22.3945232653061,-23.9855163265306,-22.4428326530612,-23.1062240816327,-25.1152657142857,-23.8111453061224,-22.4995383673469,-25.067553877551,-24.5964028571429,-21.6404869387755,-24.3174506122449,-26.1626065306122,-24.8952228571429,-24.6700416326531,-24.5527816326531,-25.7731918367347,-26.9656791836735,-24.14666,-24.1793493877551,-26.0250146938776,-26.8107146938776,-19.294972244898,-22.8857534693878,-19.9960220408163,-22.0118897959184,-22.9751873469388,-22.2830065306122,-23.0734134693878,-21.8189763265306,-23.9370759183673,-21.6714693877551,-22.2491106122449,-24.6717579591837,-24.733613877551,-26.0649012244898,-25.699067755102,-24.0270963265306,-27.7547408163265,-24.8542448979592,-24.7290097959184,-23.279292244898,-22.0319232653061,-22.189432244898,-21.1464346938775,-24.168206122449,-23.4673730612245,-24.4941473469388,-22.1334330612245,-21.3109285714286,-25.123107755102,-22.7368865306122,-22.8262302040816,-23.7700493877551,-21.3723248979592,-23.4624412244898,-23.4802755102041,-19.7271432653061,-22.1924714285714,-23.3133902040816,-23.697167755102,-27.4878412244898,-23.9400228571429,-25.1831514285714,-23.8554959183673,-21.816792244898,-23.323692244898,-24.0794755102041,-23.4914073469388,-21.4376983673469,-26.2584967346939,-24.6450248979592,-23.5092146938775,-25.7363285714286,-24.8055167346939,-25.797607755102,-24.901953877551,-25.8772612244898,-23.3025187755102,-22.3550775510204,-22.4095248979592,-26.2010742857143,-24.5560391836735,-22.8835718367347,-22.5057440816327,-18.4738273469388,-21.9591502040816,-22.7984151020408,-22.1621665306122,-23.3956473469388,-24.88488,-23.0636591836735,-20.6277465306122,-21.2108865306122,-23.0280865306122,-19.6734693877551,-21.9567453061224,-21.895873877551,-21.102532244898,-20.5018518367347,-20.0802518367347,-27.3622481632653,-29.172347755102,-24.1495375510204,-23.22092,-22.434806122449,-20.3115285714286,-20.9018934693878,-23.1851959183673,-21.7313583673469,-23.4129840816327,-23.6513963265306,-26.2433608163265,-23.56266,-23.7614355102041,-22.3220534693878,-23.3551273469388,-23.2027318367347,-23.0853791836735,-22.857527755102,-21.3721281632653,-24.1820669387755,-23.4908808163265,-24.8883110204082,-23.3230881632653,-24.4448040816327,-25.8112555102041,-26.7746702040816,-27.8797016326531,-30.5366608163265,-27.144487755102,-29.8569089795918,-30.4771167346939,-35.8828285714286,-28.5265093877551,-29.2064848979592,-27.8521848979592,-27.4196893877551,-22.5267371428571,-23.5188665306122,-22.1684889795918,-20.6038326530612,-21.0094326530612,-22.0000518367347,-22.9267620408163,-23.4065285714286,-19.748927755102,-21.0497044897959,-20.9057355102041,-22.0877355102041,-23.4289408163265,-24.0909187755102,-24.40022,-25.95942,-23.665347755102,-25.0684481632653,-21.9544995918367,-22.8384053061224,-22.4344404081633,-20.1268330612245,-21.1231065306122,-22.0752726530612,-23.0499726530612,-21.593392244898,-21.035392244898,-22.6389151020408,-22.6518693877551,-22.5871285714286,-23.3093285714286,-25.3218991836735,-20.6731914285714,-21.1857342857143,-23.4249142857143,-26.6721134693878,-24.3817493877551,-24.6925930612245,-23.6462432653061,-24.1366604081633,-23.9476991836735,-23.1891751020408,-24.2754804081633,-26.5677530612245,-27.4279628571429,-25.0420791836735,-21.0920236734694,-22.539566122449,-23.287866122449,-24.5279110204082,-25.6585379591837,-28.1004893877551,-27.1516318367347,-25.3811514285714,-26.3754036734694,-23.9163008163265,-23.703852244898,-22.7639183673469,-22.6645844897959,-22.6625563265306,-20.9008289795918,-24.8911053061224,-23.5882220408163,-24.1634159183673,-23.1305816326531,-23.6215028571429,-23.4205089795918,-24.1390457142857,-22.1025942857143,-23.88946,-25.1371204081633,-26.5445359183673,-25.9523840816327,-25.205206122449,-26.6497155102041,-23.0082767346939,-24.1568448979592,-23.0501857142857,-21.9510828571429,-23.8643089795918,-23.9824089795918,-24.5253069387755,-21.9568008163265,-21.3066036734694,-22.4212889795918,-24.5091469387755,-23.8629367346939,-22.4995779591837,-21.3993791836735,-25.254826122449,-26.9120742857143,-27.2472755102041,-23.1092853061224,-22.293753877551,-22.4803624489796,-22.6795624489796,-23.377446122449,-25.407592244898,-22.8163216326531,-29.9462448979592,-28.7201889795918,-27.9540763265306,-30.3993673469388,-32.1939534693878,-38.8027367346939,-26.4043873469388,-28.2937024489796,-25.9819367346939,-27.713572244898,-29.1975469387755,-27.3849963265306,-26.1626726530612,-26.3846706122449,-20.5596465306122,-23.6938669387755,-20.1651134693878,-21.6023232653061,-23.910806122449,-22.1968934693878,-22.4818008163265,-25.3127897959184,-25.1124669387755,-27.2067281632653,-24.1167775510204,-24.37086,-23.4003326530612,-23.6480195918367,-22.1667526530612,-22.4362604081633,-23.0021746938776,-25.8203020408163,-22.6518697959184,-23.4780232653061,-25.4743497959184,-21.5147759183673,-25.4192302040816,-25.1032285714286,-22.3267253061224,-26.3600212244898,-27.8122293877551,-24.5026571428571,-23.7044685714286,-26.6375187755102,-25.0578293877551,-26.223993877551,-26.2409991836735,-25.3302326530612,-22.5366191836735,-26.1237228571429,-24.2253795918367,-26.78822,-24.1621824489796,-23.0710212244898,-25.0677053061224,-24.3264983673469,-25.0915726530612,-25.7187616326531,-23.8986759183673,-26.3444751020408,-22.68498,-22.8630775510204,-25.7185869387755,-24.0708016326531,-22.79124,-24.4123118367347,-23.5329893877551,-23.7126195918367,-22.0792763265306,-20.3673114285714,-20.245267755102,-21.4169048979592,-25.4529232653061,-22.7899302040816,-24.3082281632653,-22.329646122449,-21.5854130612245,-22.0787820408163,-21.0349408163265,-22.519986122449,-21.3467742857143,-27.7446853061224,-20.2668620408163,-23.5675183673469,-24.2253089795918,-22.6201632653061,-23.5385110204082,-26.9765983673469,-24.6776465306122,-20.7415942857143,-20.8712502040816,-19.9316036734694,-22.4643436734694,-22.0279020408163,-21.7113848979592,-20.2006787755102,-23.53002,-27.9613155102041,-24.8775106122449,-23.264986122449,-23.211186122449,-25.5331685714286,-22.5625693877551,-22.8645693877551,-22.2988759183674,-21.8298759183673,-22.3863759183673,-22.3863759183673,-22.3863759183673,-22.7167967346939,-23.9326967346939,-24.1943555102041,-21.7731742857143,-23.3733906122449,-24.2691453061224,-23.3516224489796,-23.9209571428571,-24.514572244898,-24.4481844897959,-26.9668293877551,-26.818547755102,-25.7182089795918,-24.2064236734694,-23.5769734693878,-23.01118,-24.6159093877551,-23.7020693877551,-23.6932889795918,-23.3494065306122,-23.1494404081633,-21.9646665306122,-23.0995710204082,-22.9938628571429,-20.6112551020408,-22.2522710204082,-24.1554918367347,-21.6630795918367,-22.6859914285714,-24.6705828571429,-23.5382371428571,-27.5750114285714,-22.7643167346939,-23.4694848979592,-22.0984036734694,-24.2519530612245,-24.0543436734694,-22.1630404081633,-24.7797706122449,-24.6497942857143,-19.547452244898,-20.4373493877551,-22.9654310204082,-20.4845906122449,-22.8520453061225,-23.3718073469388,-21.6337493877551,-22.2269179591837,-22.6340334693878,-21.2123085714286,-25.406872244898,-24.6052571428571,-25.567753877551,-25.5189975510204,-21.0644742857143,-22.4806404081633,-24.2622959183674,-22.5408302040816,-21.3115448979592,-26.0572032653061,-24.0401171428571,-23.68736,-24.0826195918367,-22.1880702040816,-22.1773702040816,-21.3011424489796,-23.6355620408163,-22.8862587755102,-24.5456587755102,-22.1276167346939,-20.5412167346939,-22.5606171428571,-21.6968804081633,-21.44172,-22.0836187755102,-22.0083106122449,-24.0069297959184,-22.0942195918367,-20.9717334693878,-20.8767857142857,-22.8249967346939,-23.9431448979592,-23.8003612244898,-25.0436926530612,-25.6566106122449,-25.4020555102041,-23.1267942857143,-27.7197657142857,-21.3175428571429,-21.4501628571429,-23.2169628571429,-20.5915302040816,-22.2276844897959,-23.2792191836735,-22.6428359183673,-22.4079612244898,-23.8725391836735,-23.5451481632653,-25.4844673469388,-22.1194983673469,-22.9592571428571,-21.3898306122449,-21.6340240816327,-21.9056828571429,-19.8115195918367,-19.661932244898,-20.6751946938776,-22.1233559183673,-19.7113726530612,-22.6362053061224,-25.0359844897959,-25.5971432653061,-25.1579885714286,-26.0604248979592,-25.8468804081633,-23.9643506122449,-24.7363089795918,-26.5329710204082,-22.9418118367347,-19.2644306122449,-22.3673693877551,-23.9364473469388,-23.1906971428571,-21.8179575510204,-21.2591412244898,-20.9857334693878,-22.9481746938776,-22.1741391836735,-24.4762955102041,-23.3684918367347,-25.1111816326531,-22.0655604081633,-25.8111420408163,-22.3863428571429,-22.6351351020408,-21.5347,-23.4463232653061,-25.8391285714286,-25.61624,-24.2529893877551,-24.0060869387755,-23.90824,-23.7048628571429,-24.9661044897959,-25.6425808163265,-26.1825089795918,-23.2365159183673,-20.1815893877551,-23.1243730612245,-22.6016530612245,-24.0582404081633,-25.9260273469388,-22.4657485714286
3.73469387755102,-15.9610810204082,-17.4323346938776,-18.9690440816327,-17.1798308163265,-15.6528406122449,-15.1395126530612,-20.0438497959184,-14.9599204081633,-14.8951212244898,-15.0509083673469,-14.7826787755102,-14.7092593877551,-8.38711102040816,-10.7152018367347,-12.8157448979592,-14.9798536734694,-12.0864487755102,-12.3424306122449,-14.7907348979592,-11.5715640816327,-14.4122679591837,-12.3921506122449,-17.3793344897959,-15.5283026530612,-17.0967091836735,-15.0656916326531,-16.5910171428571,-16.1250357142857,-10.3311589795918,-14.3946689795918,-15.0730212244898,-15.1213271428571,-11.7551404081633,-17.3365908163265,-18.4099385714286,-15.7931848979592,-16.7611006122449,-13.945193877551,-12.5048940816327,-12.9021836734694,-10.5594502040816,-10.2359257142857,-19.1451302040816,-9.09173102040817,-9.49516775510204,-8.20307510204082,-7.48722979591836,-9.25829163265306,-12.5743571428571,-10.9427191836735,-10.9545434693878,-12.678497755102,-14.1563553061224,-14.0103348979592,-15.7201853061224,-14.2194885714286,-15.190607755102,-14.4144304081633,-17.4931244897959,-14.7053565306122,-15.49917,-15.6748581632653,-10.7819673469388,-15.0040759183673,-16.3508726530612,-15.9717093877551,-13.1286495918367,-12.0636418367347,-12.1653934693878,-10.6201936734694,-17.0442163265306,-13.3778334693878,-12.9004812244898,-12.5792412244898,-11.3678093877551,-13.6689583673469,-13.0096804081633,-15.4855530612245,-15.2812530612245,-15.2897091836735,-15.50645,-14.6295397959184,-11.3050210204082,-14.1168318367347,-12.5352528571429,-17.4113024489796,-14.3693844897959,-13.6419651020408,-12.4060659183674,-14.1875106122449,-12.9291283673469,-9.13316367346939,-10.1983587755102,-10.8819963265306,-11.8875028571429,-15.0125204081633,-13.1877736734694,-14.1495544897959,-16.3343585714286,-16.1033585714286,-16.284717755102,-15.7571271428571,-12.2170636734694,-13.2597636734694,-11.6012195918367,-16.859997755102,-15.9038397959184,-17.6934865306122,-18.3308555102041,-10.4598595918367,-11.7767075510204,-12.6319708163265,-12.3941310204082,-10.0578187755102,-13.7214042857143,-12.5826853061225,-14.7772,-15.4423406122449,-15.6518910204082,-13.7898036734694,-11.3242789795918,-15.5184453061224,-15.920926122449,-13.7864944897959,-16.337173877551,-14.505266122449,-17.7876536734694,-21.2123597959184,-17.3669771428571,-17.6636326530612,-16.591707755102,-14.8937893877551,-16.0107065306122,-7.08849836734694,-10.8172351020408,-11.0799073469388,-14.0408030612245,-15.6080936734694,-12.2972614285714,-11.6703742857143,-11.3016085714286,-13.9622934693878,-13.8466418367347,-14.8207571428571,-15.6431655102041,-18.6550463265306,-20.955286122449,-18.3199336734694,-19.30696,-19.3644793877551,-15.7033944897959,-15.8402744897959,-16.106056122449,-17.2597753061225,-13.7739830612245,-14.5200346938776,-11.514036122449,-11.4467428571429,-11.1558765306122,-9.41575857142857,-10.5166493877551,-11.8295483673469,-10.073532244898,-13.4787953061224,-20.0010091836735,-27.1233083673469,-20.4918083673469,-18.4596444897959,-26.1183046938776,-16.1156840816327,-15.5461873469388,-18.4920640816327,-17.3845528571429,-17.0505010204082,-13.7584912244898,-16.1410691836735,-15.2683804081633,-14.6062608163265,-12.3709040816327,-11.5099718367347,-8.13403530612245,-10.2267353061224,-13.0763353061225,-12.0989308163265,-13.863267755102,-21.5409497959184,-19.7656446938776,-17.5610510204082,-18.0055189795918,-18.9112704081633,-19.0488548979592,-20.2283316326531,-15.1104595918367,-12.3707406122449,-15.6117530612245,-13.9037810204082,-16.5243806122449,-13.0938953061225,-12.1579085714286,-6.82707857142857,-8.45135959183674,-9.55035959183674,-13.9902891836735,-13.1850287755102,-14.5067006122449,-15.4131983673469,-15.7382857142857,-15.7576842857143,-14.4697853061224,-14.3600493877551,-16.0643114285714,-9.99406816326531,-13.1875969387755,-12.424776122449,-13.1403514285714,-16.3425716326531,-14.370217755102,-14.7289018367347,-12.9354018367347,-11.7967630612245,-10.7781626530612,-9.98287204081633,-12.0144446938776,-9.09796265306122,-11.7773095918367,-12.6348391836735,-14.0835975510204,-11.9583628571429,-11.6039828571429,-10.7352908163265,-16.0584497959184,-13.3970457142857,-11.6783206122449,-11.6678383673469,-14.6667367346939,-9.36271040816327,-13.7781844897959,-13.0966844897959,-13.1533844897959,-10.930867755102,-12.6535085714286,-14.7303871428571,-12.3237493877551,-11.9167555102041,-10.9800451020408,-11.29522,-11.3519912244898,-14.3993155102041,-15.3615526530612,-14.2248416326531,-15.1365973469388,-16.0038073469388,-17.3361697959184,-10.64664,-19.8779340816327,-20.4412479591837,-14.8606889795918,-15.3555165306122,-13.9805393877551,-12.8032304081633,-12.798916122449,-13.7651385714286,-12.2909048979592,-11.0290640816327,-7.64094836734694,-19.1976420408163,-11.5627946938775,-13.0227948979592,-12.3414112244898,-13.0821359183673,-12.155422244898,-11.4156151020408,-13.3958665306122,-13.4694636734694,-16.5045812244898,-14.7529883673469,-10.140866122449,-11.8220124489796,-15.842143877551,-15.4248834693878,-13.4209587755102,-20.0208587755102,-19.2512659183673,-13.8402965306122,-13.0795008163265,-12.5856655102041,-14.1217275510204,-11.6142051020408,-11.7566640816326,-13.9766185714286,-15.7206632653061,-16.3184071428571,-16.0818951020408,-14.5314053061225,-14.9698532653061,-14.4353169387755,-18.0666644897959,-15.5269573469388,-16.1613053061225,-17.6538910204082,-17.7326557142857,-15.6189842857143,-17.202953877551,-16.6268367346939,-17.9143583673469,-8.45960448979592,-11.2354102040816,-10.7653663265306,-11.4505275510204,-12.6891773469388,-13.8487310204082,-12.6684597959184,-14.6786981632653,-14.282182244898,-17.4781795918367,-19.410876122449,-11.11927,-16.00103,-11.9454589795918,-12.55535,-12.5717269387755,-12.9309679591837,-12.776817755102,-10.6532916326531,-12.2282634693878,-15.3399185714286,-14.5497110204082,-16.310656122449,-15.6240193877551,-17.1044412244898,-12.8796865306122,-15.8276291836735,-17.0493546938775,-17.4823704081633,-19.0607787755102,-17.9754016326531,-15.2729014285714,-15.5375908163265,-15.4410775510204,-15.1143853061224,-17.7880375510204,-14.2850863265306,-17.1917010204082,-15.9909491836735,-16.5127632653061,-13.2314979591837,-13.9819108163265,-12.4565242857143,-13.5998959183673,-11.3486355102041,-14.4428142857143,-13.7057418367347,-12.0269032653061,-11.4242773469388,-11.930242244898,-15.1532442857143,-16.0501779591837,-20.1264116326531,-16.6886412244898,-15.2932693877551,-15.3898475510204,-17.2014102040816,-17.44352,-16.463356122449,-15.8856712244898,-19.0242928571429,-21.2014928571429,-24.0196457142857,-23.1249887755102,-26.1123328571429,-24.5729293877551,-22.7904232653061,-20.7532775510204,-24.8586020408163,-31.247397755102,-30.5220828571429,-34.7569142857143,-34.7576142857143,-29.1723057142857,-27.9506432653061,-20.5570179591837,-16.5137314285714,-15.1621512244898,-17.2199904081633,-20.0365824489796,-16.5710787755102,-13.439563877551,-18.7723587755102,-16.8987832653061,-16.5639802040816,-17.0673763265306,-18.1168004081633,-17.0203673469388,-16.9498379591837,-16.4134171428571,-17.8473146938775,-11.5214926530612,-16.2218091836735,-14.3091936734694,-18.0815310204082,-17.2435981632653,-18.4437095918367,-19.1488955102041,-18.7096789795918,-14.2464783673469,-13.0761120408163,-12.8326575510204,-12.6188916326531,-9.2529130612245,-13.2883555102041,-12.2431818367347,-12.4514787755102,-11.5742787755102,-7.76140061224489,-16.479977755102,-14.1234651020408,-11.7214818367347,-13.6254869387755,-10.4309534693878,-10.5137408163265,-15.5869940816327,-14.6973616326531,-12.8607193877551,-11.6248755102041,-9.53747551020408,-12.9734079591837,-12.9364210204082,-11.0328557142857,-10.2671557142857,-12.2136283673469,-13.3150934693878,-12.3130104081633,-17.5919930612245,-17.7759444897959,-17.7088532653061,-20.1618046938775,-17.0103495918367,-18.2477363265306,-14.5989234693878,-11.3295391836735,-13.2126534693878,-14.6700414285714,-15.6102497959184,-13.1927612244898,-13.8834932653061,-12.1553844897959,-13.4613716326531,-14.5785924489796,-12.58156,-8.5370893877551,-11.0058251020408,-10.9387146938776,-11.1265410204082,-14.1153730612245,-13.6356734693878,-12.1565751020408,-13.1745620408163,-13.1644734693878,-13.8956873469388,-14.3123632653061,-14.2098940816327,-14.6865306122449,-15.7500804081633,-10.8601740816326,-16.0248659183673,-10.6639648979592,-17.140896122449,-17.0737583673469,-18.2763571428571,-14.4013144897959,-16.0984993877551,-12.1326312244898,-12.7131746938776,-13.1310265306122,-14.0936810204082,-13.1998369387755,-12.6749840816327,-15.3947793877551,-13.1075110204082,-15.4553971428571,-14.0206734693878,-13.2709104081633,-13.4179195918367,-12.4806865306122,-7.23188285714286,-14.5830265306122,-12.7558573469388,-15.6449648979592,-14.8250475510204,-15.4939514285714,-16.8727183673469,-16.4211210204082,-16.2944026530612,-15.0758691836735,-17.4262067346939,-11.0105971428571,-13.8366783673469,-13.1516151020408,-9.99470755102041,-10.5749293877551,-10.1633773469388,-12.1199320408163,-12.0095144897959,-10.2914408163265,-19.7987073469388,-10.2050226530612,-10.0066087755102,-10.4219367346939,-10.027556122449,-17.1469071428571,-14.2002134693878,-12.2810246938776,-9.85684877551021,-17.5367475510204,-19.9487324489796,-18.4248540816327,-17.0212544897959,-16.9339463265306,-18.6078479591837,-19.1911479591837,-18.7552418367347,-19.5385867346939,-11.3614846938776,-12.7585230612245,-10.1564130612245,-12.0263195918367,-9.9498581632653,-14.4987306122449,-15.8383391836735,-14.2449167346939,-14.3638557142857,-12.7784965306122,-11.1776987755102,-16.0567385714286,-13.3790426530612,-12.1184271428571,-11.8838602040816,-10.7816197959184,-17.2307851020408,-19.0668557142857,-14.2251426530612,-16.4454648979592,-15.0846087755102,-17.00098,-17.3399295918367,-17.6642118367347,-18.5148234693878,-20.3388202040816,-21.296426122449,-21.306436122449,-18.8987308163265,-19.9405308163265,-16.8818965306122,-17.8856371428571,-18.25504,-14.1966259183673,-10.7367557142857,-10.1044875510204,-9.94198448979592,-12.7867165306122,-12.6957959183673,-15.0394475510204,-17.7986520408163,-17.0322271428571,-15.9583812244898,-15.1284202040816,-8.85104387755102,-9.45563836734694,-11.6487232653061,-10.584582244898,-13.1913228571429,-12.6121979591837,-10.687613877551,-10.8307075510204,-15.3141691836735,-14.3076781632653,-14.1599457142857,-13.2109644897959,-14.7827997959184,-16.9076785714286,-13.3649426530612,-12.5634495918367,-12.6957418367347,-11.0954518367347,-13.9317197959184,-12.9469655102041,-12.7554530612245,-10.6360883673469,-9.97528183673469,-18.228363877551,-16.4962032653061,-16.3220271428571,-12.5994202040816,-14.0251628571429,-18.663477755102,-15.5713589795918,-18.6114997959184,-15.7348244897959,-15.6530442857143,-14.5585004081633,-15.6536008163265,-15.5889879591837,-15.218886122449,-10.9559767346939,-10.4084828571429,-14.7476440816327,-13.9547681632653,-14.6398283673469,-15.2082908163265,-13.7644202040816,-12.6090397959184,-11.2681940816327,-11.8216471428571,-10.9245573469388,-13.0056608163265,-15.220203877551,-12.6794273469388,-17.5357369387755,-15.4324181632653,-15.3056079591837,-18.4806944897959,-15.5274963265306,-12.9491351020408,-14.1600344897959,-13.3022024489796,-11.8513214285714,-12.5714008163265,-13.6787767346939,-16.2745779591837,-18.7355428571429,-14.6497610204082,-10.1197557142857,-11.4232242857143,-13.2102963265306,-14.038033877551,-14.6253820408163,-17.1021118367347,-17.3769046938776,-15.7079148979592,-15.9550426530612,-16.9817259183673,-13.0918295918367,-13.550236122449,-15.1628593877551,-16.7473455102041,-15.4080459183673,-15.51141,-13.215172244898,-14.7129651020408,-16.7695879591837,-15.1150755102041,-15.9445873469388,-11.9375471428571,-11.9813940816327,-11.1894808163265,-14.1322146938775,-11.7416969387755,-15.2290687755102,-12.1834573469388,-11.3917553061224,-12.1735302040816,-11.3520769387755,-11.1543673469388,-8.99332367346939,-11.5567995918367,-12.0392395918367,-11.4932163265306,-10.8823189795918,-10.00598,-13.380547755102,-11.0417085714286,-12.8117816326531,-14.2744885714286,-17.2790120408163,-17.3618159183673,-22.9023802040816,-21.8483204081633,-19.3418769387755,-11.8359871428571,-13.1049773469388,-14.9541018367347,-16.3318089795918,-13.1713528571429,-12.5034046938776,-12.0094708163265,-13.0177153061225,-13.9569693877551,-12.5465851020408,-12.2712063265306,-13.5697267346939,-12.5563226530612,-11.4344708163265,-12.8204624489796,-12.2563944897959,-14.3907579591837,-13.6295351020408,-11.4089348979592,-12.7547797959184,-11.1013489795918,-19.0677516326531,-14.6372585714286,-14.80142,-13.3525,-12.941453877551,-14.8291969387755,-12.498777755102,-14.4042365306122,-14.5721906122449,-16.0118157142857,-22.9747004081633,-21.0333004081633,-21.5260004081633,-18.777612244898,-16.4332789795918,-13.4451583673469,-12.9041083673469,-13.5855779591837,-12.7365326530612,-14.9769685714286,-15.8739573469388,-13.6482365306122,-10.2648316326531,-12.2046165306122,-10.69713,-13.1823234693878,-13.206006122449,-12.79554,-14.1389255102041,-8.08625673469388,-10.3976795918367,-11.2717546938775,-12.0065512244898,-12.3719467346939,-13.7536865306122,-15.1387316326531,-15.4647720408163,-14.1248316326531,-11.8112140816327,-13.5437489795918,-14.3837218367347,-11.4929036734694,-12.4181069387755,-14.6618502040816,-13.2379908163265,-14.3811653061224,-13.105686122449,-13.5599210204082,-10.29172,-13.7106404081633,-11.9561967346939,-11.9929065306122,-12.5761818367347,-15.68852,-14.5717344897959,-16.4038869387755,-16.5790628571429,-18.7335293877551,-13.7372557142857,-13.1496281632653,-14.1600948979592,-13.930967755102,-12.8111744897959,-11.7836689795918,-9.89237428571429,-11.1872263265306,-12.9613940816327,-11.1736983673469,-16.8175226530612,-14.4037097959184,-11.0522344897959,-14.5426328571429,-13.6485065306122,-14.0915124489796,-11.1142757142857,-10.1461275510204,-10.6249220408163,-13.5338989795918,-15.9849028571429,-16.8899710204082,-13.2638330612245,-11.6219051020408,-13.4251871428571,-14.8507446938776,-14.6137691836735,-8.96310734693878,-7.89850734693878,-14.3477993877551,-16.1577057142857,-11.4473053061224,-10.3172006122449,-10.7892481632653,-11.4724551020408,-12.5354165306122,-23.4548614285714,-18.9222916326531,-16.614696122449,-14.3975769387755,-14.2758540816327,-13.2673157142857,-11.4532957142857,-11.7193810204082,-11.4609124489796,-11.0524797959184,-15.202487755102,-17.0272804081633,-17.1878875510204,-19.2586385714286,-18.7396534693878,-17.7555040816327,-15.1674610204082,-14.3362424489796,-13.5089991836735,-16.9805059183674,-9.24011775510204,-13.9266902040816,-13.4251187755102,-14.5588689795918,-9.84921897959184,-13.7290095918367,-12.0746320408163,-12.2374781632653,-11.8502130612245,-8.54208387755102,-16.036352244898,-17.0441897959184,-14.2431867346939,-16.9904034693878,-15.1485153061224,-13.8922759183673,-12.844882244898,-13.3507510204082,-12.0797602040816,-11.4140540816327,-12.6178979591837,-12.5049414285714,-14.2148514285714,-12.438412244898,-16.8783626530612,-15.4143134693878,-15.4161285714286,-16.0960432653061,-13.1853940816327,-13.7836667346939,-11.4937197959184,-8.33069040816326,-12.3961657142857,-12.7119271428571,-11.7641940816327,-14.3081804081633,-11.3417953061224,-12.8861018367347,-9.35877265306123,-9.72079142857143,-11.7977836734694,-12.7740481632653,-14.4560767346939,-11.2613728571429,-13.4374665306122,-14.5612818367347,-13.3932575510204,-9.30493040816327,-13.8198304081633,-14.3493179591837,-12.6881216326531,-14.6879069387755,-21.5180691836735,-14.0490697959184,-12.5160297959184,-13.1785893877551,-14.705903877551,-13.9673675510204,-15.7416528571429,-13.2574902040816,-14.6791667346939,-13.5667616326531,-12.7503063265306,-8.63979122448979,-13.998486122449,-15.2358848979592,-16.2947793877551,-15.1745489795918,-12.0591408163265,-11.16089,-12.4571773469388,-11.2470981632653,-12.3586997959184,-12.1218059183673,-13.36271,-11.0235714285714,-11.3410069387755,-11.6899106122449,-13.0171375510204,-14.4435136734694,-11.1903504081633,-14.9070163265306,-12.9002055102041,-9.53756224489796,-12.0535312244898,-12.4805818367347,-11.4394695918367,-15.9242418367347,-17.4889108163265,-14.4534251020408,-14.5369563265306,-11.4342697959184,-11.6832483673469,-13.5956069387755,-14.6780128571429,-15.7905246938776,-14.4625146938776,-15.25651,-12.0047991836735,-15.9692489795918,-12.9408697959184,-12.7238569387755,-13.6722842857143,-13.2054420408163,-18.7119748979592,-18.7186955102041,-17.7087797959184,-16.1473812244898,-14.5964736734694,-13.9392910204082,-13.3448955102041,-11.9497918367347,-11.1803751020408,-13.8255063265306,-14.4634381632653,-12.5430844897959,-16.5145467346939,-13.0384040816327,-15.7935773469388,-15.4251510204082,-15.2656351020408,-16.4547708163265,-15.056936122449,-14.968836122449,-13.6781204081633,-14.14369,-17.3695797959184,-18.0055153061224,-14.9578673469388,-15.0619728571429,-11.0544040816327,-13.0973663265306,-15.1532275510204,-12.6645214285714,-15.9989126530612,-16.236632244898,-14.4438563265306,-15.8579016326531,-15.626232244898,-18.3399789795918,-18.4381806122449,-17.2313218367347,-15.7223142857143,-18.1905563265306,-17.7818563265306,-18.2740563265306,-12.6947208163265,-12.5593042857143,-13.4736634693878,-11.6916908163265,-13.2416465306122,-14.8671797959184,-13.00725,-13.8903648979592,-11.8384275510204,-11.9834130612245,-14.0661359183673,-16.5026563265306,-20.5880826530612,-20.6623434693878,-20.0545455102041,-20.9347063265306,-22.2581063265306,-23.0272579591837,-16.167152244898,-21.5746648979592,-20.9180559183673,-16.5054024489796,-12.0948946938775,-8.76110081632653,-10.2324804081633,-16.7345334693878,-14.0654195918367,-16.46134,-16.5107853061225,-14.5092828571429,-14.8009559183674,-16.7091730612245,-15.4228516326531,-12.733073877551,-11.5362036734694,-10.0158020408163,-15.8592273469388,-25.2070289795918,-23.5361289795918,-34.2104355102041,-36.8718593877551,-28.7530116326531,-35.2112265306122,-34.1579769387755,-25.947177755102,-28.890077755102,-20.2112481632653,-17.6438726530612,-24.6969126530612,-22.1234375510204,-21.2584446938775,-14.7862563265306,-11.2392397959184,-9.54328408163265,-11.2057304081633,-9.35026673469388,-11.9351642857143,-10.6754869387755,-11.4623216326531,-10.2087355102041,-10.7518281632653,-11.4211863265306,-13.9287714285714,-14.8645473469388,-14.4986536734694,-13.7700916326531,-14.793543877551,-11.3272967346939,-8.2368712244898,-15.2587597959184,-14.1662746938776,-13.5319146938776,-9.80794918367347,-11.6162371428571,-14.2302695918367,-16.0387834693878,-14.7200910204082,-11.6037493877551,-11.654437755102,-12.476852244898,-13.4305675510204,-14.078832244898,-12.7052955102041,-7.70856897959184,-11.3330736734694,-10.1576936734694,-13.3091536734694,-12.8468434693878,-11.5691373469388,-12.1049369387755,-11.5737067346939,-9.62683448979592,-11.4857220408163,-12.4245579591837,-11.4719826530612,-12.7709136734694,-11.0212934693878,-11.0915802040816,-14.7809530612245,-15.9208163265306,-14.6948365306122,-12.4372804081633,-8.31345734693877,-11.5813544897959,-9.77653510204082,-17.3002648979592,-16.6136132653061,-16.7237706122449,-12.2185263265306,-11.9466340816326,-12.0587573469388,-13.2503624489796,-14.6653159183673,-12.1631104081633,-9.83882612244899,-10.6659197959184,-12.3845689795918,-16.5918124489796,-17.8819595918367,-20.0441859183673,-9.62757714285715,-16.1941112244898,-14.6292246938775,-15.4204232653061,-13.2087269387755,-11.9678669387755,-12.1965573469388,-12.2409902040816,-12.2467728571429,-11.0746497959184,-12.2355075510204,-14.1401740816327,-13.4758148979592,-16.821047755102,-22.1506926530612,-24.499066122449,-13.3015869387755,-7.5536606122449,-17.231143877551,-14.1461612244898,-15.2938612244898,-12.4237520408163,-14.0623975510204,-15.0111751020408,-13.86015,-15.2191491836735,-15.3055430612245,-16.8299548979592,-10.0914555102041,-12.7727457142857,-10.1900383673469,-9.09176734693878,-9.55156734693878,-9.14254326530612,-18.8546842857143,-20.8160367346939,-18.0257510204082,-20.5805702040816,-15.5894181632653,-13.0784932653061,-10.1439534693878,-19.8537036734694,-15.1221763265306,-13.4237763265306,-14.1021236734694,-14.3384728571429,-13.0165,-11.5294855102041,-13.4364881632653,-11.2702375510204,-9.19924346938776,-11.4048834693878,-11.7166516326531,-14.4747297959184,-14.2525928571429,-11.656703877551,-11.0279483673469,-9.39241224489796,-13.7739544897959,-13.5664840816327,-13.5398228571429,-14.1918965306122,-14.4692755102041,-12.8200906122449,-12.5490032653061,-17.271403877551,-9.99210836734694,-11.4086151020408,-11.6396297959184,-14.6374746938776,-11.3593308163265,-10.614212244898,-17.1993932653061,-16.2077510204082,-12.2362444897959,-15.2988704081633,-13.2956018367347,-14.0396526530612,-13.6760626530612,-12.8047355102041,-9.26610142857142,-10.7125102040816,-10.094716122449,-11.2971504081633,-10.6029924489796,-12.0441306122449,-10.058172244898,-12.464773877551,-11.9084559183673,-15.2320173469388,-15.9584551020408,-15.9767353061224,-15.0465373469388,-15.1531071428571,-16.4026302040816,-15.8520773469388,-14.4910353061224,-13.1369008163265,-14.3895855102041,-12.3671673469388,-14.0120824489796,-7.65999571428571,-10.0000657142857,-13.9683434693878,-12.8830757142857,-11.8491685714286,-11.8841683673469,-10.0387924489796,-13.6399667346939,-15.2464442857143,-10.61632,-8.47701795918368,-20.5612079591837,-17.6255281632653,-12.8249083673469,-17.571442244898,-14.9248324489796,-13.6557189795918,-11.3977218367347,-12.3311975510204,-15.3137685714286,-12.0200720408163,-13.9550720408163,-15.3291306122449,-13.4079575510204,-13.8116844897959,-14.2595081632653,-16.9436526530612,-14.8289659183673,-14.6756524489796,-13.9177079591837,-14.6340314285714,-14.4686175510204,-13.1965193877551,-13.2209846938776,-19.5812475510204,-19.4987728571429,-11.8294383673469,-13.8734867346939,-15.7699681632653,-11.4301916326531,-14.1500181632653,-16.0583742857143,-13.5354618367347,-9.33960979591836,-14.3309375510204,-15.1549265306122,-18.759966122449,-17.1191734693878,-17.1882383673469,-15.8010602040816,-15.5060891836735,-15.558532244898,-18.2223065306122,-16.1349628571429,-12.6685593877551,-13.3567142857143,-9.76830775510204,-11.1266930612245,-14.7485491836735,-14.4325251020408,-14.804236122449,-13.9838808163265,-11.8009006122449,-12.2922271428571,-14.8464642857143,-16.4968971428571,-19.7831971428571,-16.0040273469388,-14.3000281632653,-13.7378281632653,-18.1497651020408,-17.2797744897959,-14.6543597959184,-13.1633195918367,-11.30943,-12.2121420408163,-9.63288816326531,-10.1234948979592,-11.2770948979592,-9.49852285714286,-9.75592285714286,-10.7500495918367,-13.8053312244898,-11.5055506122449,-11.9990763265306,-12.1863969387755,-15.6886926530612,-15.1724702040816,-15.4658869387755,-15.5834644897959,-15.7996424489796,-15.0219683673469,-13.0240163265306,-12.0469263265306,-15.8498667346939,-14.526256122449,-16.5376502040816,-18.0916591836735,-17.3791208163265,-22.2632169387755,-21.4382187755102,-8.64901367346939,-10.8089655102041,-10.5893246938776,-12.82521,-12.4825716326531,-7.13083346938775,-10.323606122449,-11.5869444897959,-12.2692646938776,-13.6165242857143,-11.9455424489796,-8.53273408163265,-9.06217959183673,-12.0564434693878,-12.9686946938775,-11.8242130612245,-12.7136640816327,-10.5082542857143,-11.6457165306123,-14.7593224489796,-11.2554942857143,-12.2587346938776,-11.0085295918367,-12.1537142857143,-13.9297636734694,-13.8929993877551,-13.187163877551,-16.9130714285714,-14.5504465306122,-14.5823706122449,-15.526182244898,-13.9472126530612,-15.9293793877551,-17.6096440816326,-17.9583363265306,-15.7533334693878,-13.4542302040816,-12.2747048979592,-12.7884583673469,-13.3902657142857,-9.91486714285714,-11.6745491836735,-13.1249593877551,-10.209382244898,-13.9703502040816,-15.2101144897959,-13.5962624489796,-10.8784914285714,-18.2637093877551,-14.8661508163265,-16.52583,-17.4549214285714,-18.4831746938776,-14.40496,-14.7664740816327,-13.2738502040816,-9.57465999999999,-13.8370620408163,-9.92448632653061,-8.19259408163266,-10.4317991836735,-11.8905740816327,-12.6134814285714,-11.6024153061225,-10.7645153061224,-16.6756259183673,-20.1704444897959,-18.7814875510204,-20.698737755102,-13.566142244898,-14.1383712244898,-16.3370948979592,-15.7061516326531,-14.5276197959184,-15.0464751020408,-15.7267734693878,-14.3440130612245,-11.5568865306122,-11.79831,-13.5991697959184,-12.7526273469388,-16.1366010204082,-15.3707897959184,-11.6399287755102,-15.9588104081633,-18.2867257142857,-16.9772697959184,-10.0804185714286,-13.3012181632653,-17.7378163265306,-8.49213448979592,-11.5532895918367,-10.9338991836735,-12.0315367346939,-11.2702132653061,-13.8218212244898,-15.4102210204082,-16.3261746938776,-16.3858226530612,-15.3551659183673,-13.5228642857143,-13.7493495918367,-13.2763575510204,-12.932236122449,-13.5255265306122,-12.9522689795918,-14.4571879591837,-13.8229697959184,-13.9770393877551,-16.3632512244898,-18.7835008163265,-17.0190895918367,-16.4948534693878,-15.7866826530612,-17.2470193877551,-15.0006071428571,-18.4671583673469,-18.9639530612245,-16.0033402040816,-18.8909004081633,-20.1017030612245,-23.1480359183673,-21.876072244898,-18.5214463265306,-20.6998520408163,-15.3040579591837,-19.5785028571429,-13.2787193877551,-15.0618187755102,-16.67393,-14.2227091836735,-17.5610318367347,-15.3932373469388,-17.3612667346939,-11.4195391836735,-12.3472089795918,-13.6644502040816,-10.8167179591837,-11.813693877551,-10.570793877551,-11.1832626530612,-12.5185316326531,-15.5254514285714,-17.7102489795918,-15.3515789795918,-20.8080020408163,-18.8593906122449,-19.0011906122449,-17.1220993877551,-17.1867426530612,-15.4177514285714,-15.2133757142857,-16.0515163265306,-13.3249542857143,-9.33962,-10.2081785714286,-13.2868816326531,-9.91747673469388,-11.2649365306122,-10.2501206122449,-14.7887487755102,-16.5538557142857,-15.0936375510204,-22.2956367346939,-21.6715624489796,-22.9308710204082,-12.9036189795918,-13.3869442857143,-13.0698736734694,-9.56942367346939,-13.9558165306122,-12.3143089795918,-10.5623826530612,-14.2342734693878,-12.4655214285714,-21.0587418367347,-18.7247328571429,-19.7145724489796,-16.6711267346939,-13.8558063265306,-13.1002251020408,-15.1556557142857,-15.504027755102,-14.1955730612245,-13.8869985714286,-16.2054671428571,-14.7299071428571,-15.508682244898,-14.949782244898,-15.1487283673469,-12.9894283673469,-14.3523334693878,-15.709906122449,-19.1534632653061,-10.4502295918367,-9.67186612244898,-14.5710879591837,-14.3816420408163,-12.7693093877551,-13.4545565306122,-16.4436795918367,-17.9031510204082,-19.5607918367347,-20.9364555102041,-15.7874630612245,-14.6649134693878,-13.5421246938776,-18.4492810204082,-19.7971191836735,-15.3583734693878,-13.039212244898,-12.4657920408163,-14.6964695918367,-15.985222244898,-13.4560097959184,-16.9396726530612,-13.6753634693878,-12.5242134693878,-10.8045402040816,-20.4805353061225,-17.592467755102,-17.5102226530612,-16.5143848979592,-18.1710848979592,-17.318836122449,-18.2916357142857,-14.3888442857143,-14.3243910204082,-11.8883563265306,-9.56507306122449,-11.0446010204082,-16.8924606122449,-13.4826665306122,-12.4679167346939,-15.1032085714286,-11.5622853061225,-9.48963551020409,-11.4745144897959,-10.7635997959184,-12.2163320408163,-13.9101079591837,-16.7951714285714,-15.2771434693878,-16.0990744897959,-10.565657755102,-10.9630687755102,-16.3000355102041,-18.3711291836735,-18.2543244897959,-14.6413948979592,-15.7019048979592,-15.0579767346939,-14.6935797959184,-15.7024926530612,-11.6265302040816,-13.0299371428571,-11.6102953061225,-21.3082904081633,-11.6555616326531,-11.87841,-12.993752244898,-16.0258793877551,-11.2558510204082,-12.070336122449,-10.9462257142857,-14.1895173469388,-14.0785830612245,-15.0483328571429,-14.9498453061224,-16.5425259183673,-18.9940520408163,-14.2487975510204,-10.9299181632653,-12.0429669387755,-13.6661695918367,-13.4566695918367,-16.5376073469388,-20.8956289795918,-17.3895379591837,-18.2262457142857,-18.3048653061224,-14.3316042857143,-18.6448942857143,-18.0098734693878,-13.985463877551,-13.8227179591837,-12.7016067346939,-14.0585797959184,-15.7321081632653,-12.5716269387755,-13.9397087755102,-11.9404204081633,-14.6726810204082,-16.2344757142857,-12.3776602040816,-9.8832212244898,-10.8387724489796,-9.05435387755102,-13.991327755102,-16.6424571428571,-16.4632593877551,-13.1293067346939,-9.53040489795919,-8.80123265306122,-11.1081002040816,-13.2792279591837,-15.379603877551,-15.6772591836735,-14.8080708163265,-16.0063006122449,-18.4122987755102,-18.0633973469388,-13.2020412244898,-15.5883695918367,-15.4328748979592,-14.2260285714286,-16.4559726530612,-16.3459691836735,-14.0782483673469,-13.6994024489796,-12.8661534693878,-12.7967569387755,-10.727232244898,-11.2165836734694,-11.2588159183674,-11.0762532653061,-11.6173420408163,-9.75911367346939,-12.1459259183674,-11.549823877551,-10.4271685714286,-11.0400585714286,-13.3221571428571,-12.552056122449,-14.7141893877551,-15.7191912244898,-13.8643628571429,-17.5828491836735,-16.3266948979592,-15.9241879591837,-14.6856871428571,-11.4587728571429,-16.6241912244898,-15.1100540816327,-11.1200079591837,-13.8846630612245,-11.8564934693878,-13.1527220408163,-14.6902853061225,-16.2566940816327,-15.39049,-16.5063716326531,-13.554842244898,-12.0223140816327,-10.9387371428571,-12.8797132653061,-12.2116014285714,-12.6416110204082,-12.5795567346939,-14.2280130612245,-12.5874646938775,-12.6456448979592,-9.69184244897959,-14.4427581632653,-15.1948932653061,-16.6903895918367,-15.1968946938776,-14.9421591836735,-11.8062891836735,-11.5761487755102,-19.5487218367347,-13.8589532653061,-12.676673877551,-14.020823877551,-11.6587724489796,-11.6642514285714,-11.4125926530612,-10.2723426530612,-10.8797579591837,-10.843546122449,-16.3789357142857,-12.4032816326531,-15.3340848979592,-17.5436757142857,-15.0445040816327,-8.79422040816326,-10.9580851020408,-16.6012112244898,-8.23565020408164,-12.275587755102,-7.80666142857142,-14.9097187755102,-12.5026697959184,-12.6089955102041,-12.9948846938776,-11.3943483673469,-12.9668253061225,-11.0500820408163,-14.8108436734694,-12.1256871428571,-10.6285032653061,-16.7132820408163,-14.2778965306122,-14.553702244898,-18.9846436734694,-17.0077510204082,-13.7971683673469,-13.9270308163265,-14.1826587755102,-13.677323877551,-14.5595763265306,-19.4233789795918,-18.8948628571429,-15.2830671428571,-17.6765708163265,-11.87629,-11.9328493877551,-11.8566712244898,-15.1498704081633,-12.4355889795918,-13.180262244898,-12.941062244898,-14.2353846938776,-15.6494687755102,-14.2585640816327,-12.8771904081633,-11.8308906122449,-17.6726153061225,-17.8741379591837,-18.0442379591837,-18.9807336734694,-16.1841008163265,-12.7670708163265,-14.173776122449,-15.0513446938775,-18.4130914285714,-18.7116593877551,-18.4822179591837,-18.95456,-22.9345318367347,-22.3000318367347,-22.2911981632653,-15.86703,-18.0720228571429,-14.4894810204082,-13.4776967346939,-13.4141818367347,-12.1484675510204,-11.8392985714286,-11.9232387755102,-12.8942832653061,-13.4668736734694,-10.438757755102,-11.7337720408163,-13.3985824489796,-10.1466175510204,-14.2244520408163,-15.2645887755102,-16.6530671428571,-16.0882604081633,-15.059057755102,-12.4196083673469,-18.6726124489796,-24.3664248979592,-25.7349236734694,-22.3517093877551,-21.7429316326531,-20.2590855102041,-22.6220193877551,-15.4070846938776,-16.0418267346939,-15.8169140816326,-24.8907424489796,-20.1797263265306,-19.9072236734694,-15.9574865306122,-14.3968695918367,-16.1444720408163,-17.9469785714286,-14.7773159183673,-15.0264846938776,-16.1793465306122,-16.7334465306122,-22.621496122449,-19.9742608163265,-15.5166197959184,-16.5953348979592,-13.0393146938776,-9.79774408163265,-15.3835816326531,-16.1059963265306,-16.6107963265306,-13.59798,-13.4278395918367,-13.9860732653061,-15.8125159183673,-15.3652079591837,-16.9751383673469,-13.6822424489796,-10.0566026530612,-9.4346106122449,-10.2436353061224,-11.8329965306122,-12.114517755102,-12.4442918367347,-11.2429514285714,-9.80091204081633,-11.2766267346939,-14.0142910204082,-14.5002475510204,-11.1871112244898,-13.1748826530612,-14.8643583673469,-14.9315269387755,-14.8831440816327,-16.7673832653061,-13.699997755102,-13.5431563265306,-15.4519797959184,-15.224543877551,-13.2682157142857,-16.420246122449,-11.04789,-12.6983840816326,-12.0741867346939,-10.9331816326531,-16.9334387755102,-13.9280453061224,-14.145976122449,-12.9405820408163,-18.0240769387755,-16.8310981632653,-15.2357967346939,-15.2019371428571,-15.0744283673469,-10.76006,-11.5419526530612,-19.7899175510204,-18.3930597959184,-18.0963824489796,-22.4112520408163,-20.0889504081633,-14.3188508163265,-12.7791806122449,-12.854077755102,-12.8976110204082,-15.8165969387755,-13.9836204081633,-11.6147426530612,-13.2582593877551,-12.9074051020408,-13.0023110204082,-12.4358073469388,-14.2055112244898,-15.4889342857143,-21.0131726530612,-13.45339,-13.4663451020408,-12.2127748979592,-13.5205546938775,-13.8126973469388,-14.6208440816327,-13.8537585714286,-13.1917263265306,-12.3368883673469,-13.1281355102041,-12.7712553061224,-13.6149814285714,-11.7452302040816,-12.3582402040816,-13.2525226530612,-10.0305014285714,-13.437203877551,-15.1273983673469,-18.8634395918367,-17.0231636734694,-13.0535636734694,-16.6960414285714,-16.5388344897959,-18.71543,-19.35153,-22.3594732653061,-16.9982634693878,-15.5135020408163,-11.4224851020408,-18.720662244898,-15.9449232653061,-18.4899491836735,-15.3197728571429,-13.0442244897959,-12.9925940816327,-14.8517657142857,-13.7372395918367,-11.3791706122449,-9.15511775510205,-15.9561495918367,-21.793133877551,-11.8443495918367,-13.9048908163265,-15.2234620408163,-14.1552683673469,-15.3244642857143,-17.2013614285714,-19.0123269387755,-10.9314932653061,-12.5498469387755,-7.92990448979592,-10.147716122449,-13.6352375510204,-15.7610626530612,-16.5018865306122,-15.5177924489796,-15.6607926530612,-13.0288736734694,-13.7292681632653,-13.9917804081633,-15.5826183673469,-13.7166565306122,-15.7821124489796,-14.6901385714286,-12.9377816326531,-12.6233618367347,-9.64261591836735,-10.3811516326531,-10.7858657142857,-10.2519559183674,-8.55558551020408,-6.23617,-10.3065881632653,-10.808632244898,-11.1891346938776,-13.0593804081633,-12.2931416326531,-12.9768559183673,-10.7329210204082,-13.39741,-12.8618797959184,-12.977126122449,-11.6845455102041,-11.9181408163265,-13.3668136734694,-14.8811320408163,-15.9409944897959,-15.7713291836735,-16.627032244898,-17.1122208163265,-16.8238685714286,-17.7870148979592,-20.2409810204082,-12.8410534693878,-17.0079351020408,-19.7983253061224,-13.079977755102,-11.1007320408163,-14.1789551020408,-13.1983097959184,-10.6351904081633,-11.4034291836735,-14.1296653061225,-13.754326122449,-15.1447402040816,-14.9536642857143,-14.2275865306122,-12.1754136734694,-11.2280512244898,-11.3471795918367,-10.9370657142857,-12.8263246938776,-10.3685657142857,-12.0814281632653,-12.8738363265306,-10.9346812244898,-16.9247283673469,-13.8183689795918,-16.6328151020408,-16.4961246938776,-13.7568340816327,-21.5474440816327,-16.2070763265306,-14.2429983673469,-14.2271510204082,-17.1595208163265,-15.6254248979592,-16.4000424489796,-18.9176995918367,-18.8815995918367,-20.2303489795918,-20.1843489795918,-19.907752244898,-17.4765475510204,-19.260507755102,-16.9582257142857,-15.5854873469388,-12.6963244897959,-12.6178493877551,-12.7131887755102,-12.0342663265306,-13.4696710204082,-10.4961514285714,-14.0152218367347,-9.98107448979592,-12.5510383673469,-12.8196912244898,-15.5200391836735,-9.60112020408164,-9.73328530612245,-12.2588883673469,-13.7048502040816,-10.975997755102,-11.4617524489796,-14.3865514285714,-15.0457797959184,-11.3855693877551,-11.0541389795918,-14.0956242857143,-13.2261530612245,-12.4525714285714,-15.5583987755102,-14.7954697959184,-20.5487751020408,-27.1994702040816,-22.1384195918367,-27.6733204081633,-16.2764148979592,-18.64884,-20.4303346938775,-11.614066122449,-13.2796706122449,-13.0949342857143,-13.6554502040816,-16.0778448979592,-13.3877442857143,-15.355762244898,-13.4754873469388,-14.0920681632653,-12.0977420408163,-18.9542530612245,-19.5343679591837,-13.2425648979592,-12.3063863265306,-13.2264493877551,-14.5935083673469,-10.667006122449,-13.9281589795918,-16.1838518367347,-15.4888389795918,-16.3172163265306,-15.8512132653061,-13.9046987755102,-13.3556440816327,-13.3892846938775,-19.2081020408163,-15.8133863265306,-16.4674269387755,-14.6613669387755,-14.0883685714286,-17.7464373469388,-17.8275848979592,-16.8438689795918,-14.6108246938776,-12.7380212244898,-13.3470287755102,-13.9776018367347,-14.4845595918367,-15.3143789795918,-13.4564114285714,-14.395873877551,-15.7713651020408,-14.1349824489796,-15.20685,-13.2699226530612,-14.6369665306122,-14.0843387755102,-16.9386704081633,-15.1776479591837,-16.4041953061224,-9.89822673469388,-14.0419504081633,-12.3726914285714,-12.6825140816327,-13.2970912244898,-12.1604514285714,-12.3379434693878,-20.1487173469388,-17.8791981632653,-18.6201006122449,-17.7611183673469,-17.0970583673469,-17.2005771428571,-16.0441016326531,-8.52581306122449,-19.4598728571429,-10.0381310204082,-11.1907228571429,-8.13041040816327,-11.2832332653061,-12.224082244898,-11.084482244898,-13.1276032653061,-13.054647755102,-11.4373187755102,-10.252823877551,-11.922716122449,-11.469416122449,-13.0436793877551,-14.0251259183673,-11.8569742857143,-12.5917204081633,-13.2799418367347,-11.7418232653061,-12.6087236734694,-10.4234418367347,-12.0935293877551,-14.1771683673469,-14.8959481632653,-16.7848897959184,-17.7291051020408,-16.6831293877551,-15.9222479591837,-14.5951191836735,-25.1322018367347,-15.4147959183673,-13.528506122449,-13.1245506122449,-12.0216128571429,-11.0113985714286,-10.7746375510204,-11.390536122449,-10.280436122449,-14.67656,-13.9475679591837,-15.9647651020408,-16.6963693877551,-14.4556891836735,-15.0174324489796,-14.1013724489796,-17.8513244897959,-18.2101265306122,-17.4416079591837,-21.686937755102,-17.743646122449,-14.7712230612245,-15.7200087755102,-14.4039975510204,-12.1573965306122,-11.5792540816327,-13.2626006122449,-12.5887632653061,-13.8140032653061,-13.6680102040816,-13.2652336734694,-14.9704855102041,-12.3949281632653,-12.6244387755102,-11.0183624489796,-13.6860891836735,-18.1379304081633,-13.4536444897959,-11.9288793877551,-9.57422938775511,-9.75887387755102,-8.72697489795918,-14.0709763265306,-9.87404959183674,-13.4219083673469,-13.5871320408163,-13.9847220408163,-11.7954153061225,-14.2066491836735,-17.4033640816327,-14.6889920408163,-17.9676487755102,-16.7393281632653,-16.2201271428571,-12.4906995918367,-11.5194714285714,-13.231847755102,-11.8562155102041,-14.7082485714286,-14.3353816326531,-16.7254118367347,-17.2294910204082,-17.1687336734694,-17.4826710204082,-18.9268144897959,-9.9535306122449,-11.1822024489796,-16.3519797959184,-18.0087244897959,-17.2085642857143,-16.0335467346939,-17.8812008163265,-17.8685526530612,-17.8130581632653,-12.273403877551,-15.6105571428571,-15.4530297959184,-16.8960257142857,-19.348557755102,-15.9524551020408,-16.3167773469388,-18.8386853061225,-18.5519326530612,-21.6732557142857,-18.6957965306122,-18.3018440816327,-17.7611440816327,-16.6893626530612,-16.3912679591837,-14.4411840816327,-14.7744242857143,-10.1895110204082,-11.8923208163265,-14.2849353061224,-18.3600765306122,-18.8552563265306,-14.4558997959184,-15.9710669387755,-15.8476585714286,-12.808523877551,-11.4366126530612,-13.2277169387755,-12.9179279591837,-13.1347383673469,-11.5992714285714,-11.9948804081633,-10.8018014285714,-10.7943316326531,-12.0426897959184,-14.4600575510204,-15.0855306122449,-15.889036122449,-14.3487916326531,-16.2941442857143,-15.0670197959184,-12.1560228571429,-13.1071695918367,-14.9146579591837,-17.1429018367347,-14.0909255102041,-14.7542818367347,-16.3516173469388,-18.2461269387755,-15.7602493877551,-13.388862244898,-15.6910324489796,-14.6421324489796,-14.3540344897959,-14.1314773469388,-12.1998287755102,-8.53055979591836,-7.76725979591836,-10.270323877551,-16.2122683673469,-14.4998440816327,-18.0188887755102,-17.734533877551,-17.2148624489796,-21.3943557142857,-16.6292597959184,-14.1599140816327,-11.5899563265306,-8.49528489795919,-9.26629979591837,-10.2621967346939,-14.6669946938776,-16.1529432653061,-17.2532081632653,-15.6078557142857,-16.7454163265306,-20.9631824489796,-19.9152908163265,-17.9980279591837,-16.0736773469388,-16.4755671428571,-19.597156122449,-14.8066757142857,-12.1675530612245,-12.4323569387755,-16.8542981632653,-11.4919893877551,-12.3802997959184,-13.6895926530612,-14.6160075510204,-14.1645587755102,-14.0661495918367,-11.9681948979592,-13.2359720408163,-11.7363651020408,-12.556816122449,-9.84037142857142,-10.7464951020408,-17.6872142857143,-14.77058,-10.1798997959184,-13.6126889795918,-12.0144889795918,-10.3187912244898,-8.36066408163265,-18.8375659183673,-21.42228,-20.1210379591837,-20.2933473469388,-20.5513095918367,-19.0525957142857,-19.9340597959184,-22.1902536734694,-16.4088759183674,-17.0409287755102,-15.370117755102,-14.1638673469388,-14.7360640816327,-18.8939797959184,-13.8782234693878,-15.8283506122449,-14.7019240816327,-12.8327475510204,-15.946612244898,-13.506917755102,-12.9524502040816,-15.4114444897959,-14.3060791836735,-16.0666369387755,-15.596133877551,-19.3301263265306,-14.3050989795918,-13.2196240816327,-15.5943110204082,-11.4365583673469,-10.9401418367347,-13.0070508163265,-12.4142210204082,-16.6912397959184,-16.1500957142857,-15.6486646938776,-13.1476693877551,-15.1266746938776,-13.8657312244898,-12.1195308163265,-13.1969718367347,-11.8051526530612,-13.2374253061224,-13.9030224489796,-13.6338240816327,-10.5293240816327,-19.1948242857143,-15.4220973469388,-12.3327432653061,-14.6125532653061,-17.9938432653061,-15.6855916326531,-15.3973067346939,-14.2505248979592,-14.7424785714286,-12.7597697959184,-12.5192269387755,-11.4670459183674,-12.38701,-9.65207469387755,-15.1307614285714,-16.7083106122449,-13.328053877551,-12.2856410204082,-13.2446191836735,-12.0643155102041,-9.35228204081633,-12.8609734693878,-11.6078281632653,-10.2297602040816,-9.8790393877551,-9.51748265306122,-9.14095081632653,-12.2958202040816,-15.2415755102041,-18.2428826530612,-19.1889132653061,-9.30411551020408,-12.3282151020408,-11.5459720408163,-16.4903593877551,-16.4244959183673,-14.5276220408163,-17.1032810204082,-19.1116673469388,-24.9661936734694,-15.3223226530612,-15.2059375510204,-15.5736630612245,-11.8551814285714,-11.1237063265306,-11.3975936734694,-8.06691612244898,-10.9729718367347,-12.7996334693878,-14.8738367346939,-15.5577928571429,-15.0014640816327,-14.7741979591837,-15.5008224489796,-15.9394430612245,-14.8574775510204,-14.680366122449,-19.7262987755102,-17.4677346938776,-15.3613785714286,-11.0955304081633,-12.7265344897959,-14.4409826530612,-13.3489079591837,-16.8766102040816,-15.4436457142857,-18.8963497959184,-17.9973106122449,-18.6167973469388,-15.8071671428571,-14.3708630612245,-17.0975428571429,-14.2836379591837,-13.7410248979592,-14.924657755102,-12.786142244898,-17.7194302040816,-14.7779226530612,-17.3770226530612,-14.8092642857143,-15.3448071428571,-15.1862071428571,-11.2054704081633,-11.3288685714286,-10.0085124489796,-10.4527820408163,-10.63621,-12.2732108163265,-10.4382291836735,-15.77663,-15.7793473469388,-12.9525789795918,-13.9719157142857,-13.5216573469388,-11.5003357142857,-11.2064359183673,-12.5757906122449,-15.7398155102041,-11.9690883673469,-13.8201506122449,-8.52045081632653,-12.4744314285714,-16.0620079591837,-19.5561853061224,-16.8206836734694,-13.5369042857143,-15.6277495918367,-14.0576271428571,-20.6634787755102,-21.6648104081633,-20.2607585714286,-15.5143275510204,-13.0085648979592,-12.6873918367347,-12.2128928571429,-15.0144681632653,-12.4586895918367,-11.9207124489796,-15.6006889795918,-16.4254559183673,-16.5950844897959,-15.0002789795918,-17.3802736734694,-17.1079310204082,-16.7528716326531,-17.4258330612245,-17.5466618367347,-20.4850881632653,-14.584177755102,-10.7872089795918,-9.87670979591837,-11.7926130612245,-12.5936136734694,-14.1755597959184,-12.5204836734694,-12.7880216326531,-11.4708324489796,-12.1546371428571,-13.9071334693878,-13.4538695918367,-14.8477387755102,-16.6312281632653,-17.1126424489796,-15.5070685714286,-15.3100893877551,-14.8678420408163,-13.7832640816327,-15.3851224489796,-17.4642424489796,-14.1967067346939,-13.6380953061224,-11.9521944897959,-17.0294714285714,-15.3148614285714,-15.4650016326531,-16.0505065306122,-14.2454024489796,-16.9465808163265,-16.9557636734694,-15.0852010204082,-15.0290642857143,-18.6255946938776,-20.7713181632653,-18.5441097959184,-17.3112540816327,-21.3006083673469,-19.0542897959184,-19.2398071428571,-17.5879165306122,-18.0432414285714,-17.5043340816326,-17.0512781632653,-22.0340218367347,-10.7560106122449,-11.6778695918367,-11.3326093877551,-12.4349369387755,-11.2494634693878,-13.198196122449,-15.6323416326531,-14.4064046938776,-12.6060430612245,-13.5298479591837,-10.7430908163265,-11.2526612244898,-14.2672746938776,-15.1508197959184,-16.5244818367347,-13.3983716326531,-15.0547946938776,-14.9980308163265,-15.6597534693878,-13.8031944897959,-11.5500069387755,-14.7916518367347,-15.8090042857143,-12.8143953061224,-11.6444175510204,-14.5462920408163,-12.7644953061224,-11.9830236734694,-13.9628546938776,-12.0856432653061,-19.491283877551,-19.7508426530612,-17.5934667346939,-18.5242724489796,-15.293416122449,-12.4718904081633,-11.2004326530612,-11.8608108163265,-13.5789659183673,-17.6267681632653,-12.2084544897959,-13.5024875510204,-13.1068285714286,-13.8226608163265,-12.2368512244898,-8.61025795918368,-13.8249983673469,-15.691192244898,-14.2368553061224,-20.0271520408163,-18.9479944897959,-16.0542283673469,-16.1751295918367,-21.1810618367347,-18.5526748979592,-21.4841012244898,-19.7350848979592,-20.4157489795918,-16.0979785714286,-15.0959946938776,-14.05685,-9.91237489795918,-9.84443183673469,-11.2999106122449,-15.3494773469388,-13.3263626530612,-14.7207079591837,-13.1032714285714,-13.7064695918367,-11.5070695918367,-12.0637630612245,-11.174132244898,-11.3165848979592,-13.4846044897959,-15.3313442857143,-14.5501583673469,-12.7613804081633,-14.2603355102041,-11.1895065306122,-12.2083234693878,-13.2463812244898,-14.2140718367347,-13.7602853061225,-13.4278681632653,-18.7647814285714,-16.7275275510204,-15.9770867346939,-15.0343581632653,-17.0141781632653,-16.245656122449,-12.9600569387755,-15.8638195918367,-18.7528248979592,-16.1183116326531,-14.3483267346939,-15.072733877551,-15.7317495918367,-15.5949026530612,-16.6311281632653,-17.408713877551,-15.9236642857143,-19.2466883673469,-18.3807618367347,-17.3818395918367,-14.8900159183673,-16.5976826530612,-14.5418034693878,-11.9377930612245,-11.3445424489796,-9.78091285714286,-13.9262036734694,-15.7422583673469,-13.1553989795918,-11.3157840816327,-13.2550387755102,-12.4029983673469,-13.398827755102,-12.7795295918367,-12.5539397959184,-8.98019265306122,-10.5915365306122,-12.4478640816327,-12.9929406122449,-12.811786122449,-12.020477755102,-12.7855183673469,-11.2255820408163,-14.0145824489796,-15.7762910204082,-14.918003877551,-13.6225585714286,-14.1497255102041,-14.7965604081633,-14.1142626530612,-13.5397885714286,-8.4813518367347,-10.8934567346939,-14.8142357142857,-17.0411351020408,-17.5117351020408,-17.2930914285714,-15.615866122449,-11.3534402040816,-13.4370871428571,-19.6491904081633,-16.5156646938776,-20.2237824489796,-20.5844081632653,-18.6330757142857,-19.7892697959184,-17.818493877551,-15.3655479591837,-15.3757459183674,-14.0465391836735,-15.3795412244898,-11.4269369387755,-9.8032306122449,-15.3171632653061,-19.7221753061224,-19.2672085714286,-19.4404085714286,-17.5382891836735,-24.5357895918367,-22.8238434693878,-25.1849434693878,-24.4634402040816,-23.6876402040816,-21.2615283673469,-19.237627755102,-21.0288206122449,-17.292027755102,-18.6062118367347,-17.3477385714286,-17.2062310204082,-17.8360002040816,-12.3508475510204,-11.7531189795918,-10.1807740816327,-16.7306420408163,-19.0675018367347,-19.1772775510204,-16.6942395918367,-16.5084281632653,-19.1080518367347,-18.3035024489796,-20.1673702040816,-15.6172379591837,-13.1373630612245,-13.5083779591837,-13.0193012244898,-12.7267012244898,-11.4237779591837,-10.6360346938775,-14.2688014285714,-19.6599116326531,-17.2811295918367,-16.0065383673469,-16.8252216326531,-14.0657814285714,-12.7093563265306,-14.5547430612245,-13.3001432653061,-13.2432069387755,-13.1510583673469,-13.0366165306122,-13.177056122449,-12.8716902040816,-16.4086244897959,-13.7173253061225,-14.3717995918367,-15.811383877551,-16.20302,-19.0689146938775,-13.8529316326531,-17.2758228571429,-15.1760393877551,-17.9930487755102,-14.9779893877551,-16.0312142857143,-16.1451504081633,-17.1503879591837,-17.4587008163265,-19.5799273469388,-20.838087755102,-22.90344,-20.05434,-24.9355120408163,-23.2885153061224,-19.524172244898,-17.999772244898,-20.9692706122449,-20.9923763265306,-20.2258089795918,-21.2475255102041,-24.4445255102041,-24.0476732653061,-13.9784255102041,-14.1896716326531,-14.1901879591837,-12.1747936734694,-12.6619273469388,-11.0823565306122,-14.6750451020408,-13.3732434693878,-12.7425032653061,-16.8867871428571,-17.7841781632653,-18.4935465306122,-12.7661714285714,-10.9299569387755,-13.421826122449,-17.7573124489796,-16.1298142857143,-19.7999851020408,-16.4168202040816,-12.1145669387755,-12.7101591836735,-12.4810673469388,-17.7872210204082,-12.67784,-16.2074118367347,-15.0989565306122,-20.4344393877551,-21.0706379591837,-22.0828697959184,-19.5675214285714,-19.9880204081633,-16.7661204081633,-16.9193555102041,-17.0558795918367,-18.4267075510204,-21.259986122449,-18.4286293877551,-19.2279457142857,-23.5287930612245,-18.5253659183673,-16.6358691836735,-15.7418906122449,-11.1286946938775,-12.6441665306122,-16.5202367346939,-14.1342389795918,-17.5256244897959,-22.1716255102041,-10.0041920408163,-10.7490587755102,-13.3008665306122,-14.0479944897959,-13.403947755102,-13.528243877551,-15.3473057142857,-10.7507051020408,-11.0770746938776,-13.6984946938775,-13.231862244898,-11.1486265306122,-11.5750112244898,-13.1194814285714,-12.0981334693878,-12.9874334693878,-15.56356,-16.4950871428571,-16.7401865306122,-17.6496840816327,-18.0438930612245,-18.3680179591837,-15.6563002040816,-15.6213206122449,-17.8849457142857,-15.927337755102,-14.150672244898,-10.8766751020408,-10.6453181632653,-11.4664044897959,-13.058737755102,-12.6900948979592,-12.9805093877551,-13.3254457142857,-15.2307034693878,-13.3988244897959,-13.3191618367347,-14.5031944897959,-13.2148557142857,-11.3372785714286,-10.8655951020408,-10.1345575510204,-10.7502248979592,-10.9696151020408,-11.7796342857143,-8.31550775510205,-10.2264640816326,-22.8245940816327,-22.8245940816327,-19.3920102040816,-18.5245767346939,-19.81773,-18.4087146938776,-13.8643995918367,-11.319766122449,-10.3133826530612,-12.8026591836735,-18.7356334693878,-11.0941036734694,-17.3040618367347,-14.8557108163265,-17.0227908163265,-16.633146122449,-16.622846122449,-15.5420232653061,-17.4792310204082,-14.7548557142857,-14.1823693877551,-13.3887914285714,-10.043372244898,-10.9700916326531,-10.0677514285714,-11.8027493877551,-9.99869979591836,-11.7232526530612,-12.5542957142857,-12.4715151020408,-13.2077767346939,-17.6807697959184,-13.7132297959184,-13.2674765306122,-15.8725946938776,-14.7166791836735,-16.4754395918367,-16.8255891836735,-14.913432244898,-14.604656122449,-15.5646255102041,-12.9109402040816,-11.9399402040816,-12.3278053061224,-12.4919053061225,-11.8847030612245,-11.4928030612245,-12.0562293877551,-13.1995026530612,-11.5463481632653,-11.21701,-12.27331,-13.08679,-13.4067655102041,-14.7003165306122,-10.8608412244898,-9.17054612244898,-9.9939912244898,-9.33093979591836,-11.7210920408163,-13.5770514285714,-16.5281687755102,-14.387753877551,-13.7655857142857,-15.0022069387755,-15.5071814285714,-16.9821765306123,-16.5000830612245,-17.5997720408163,-19.8345173469388,-19.6820848979592,-19.9267987755102,-16.5840183673469,-14.3208906122449,-12.955723877551,-10.6412814285714,-14.8182248979592,-18.5975042857143,-17.1327085714286,-14.3982553061224,-10.0733875510204,-10.3824493877551,-15.5835183673469,-12.9751414285714,-12.5088116326531,-17.8595102040816,-18.1300163265306,-18.5106153061225,-12.5852895918367,-11.5018255102041,-16.3316271428571,-18.9566591836735,-16.9428542857143,-17.6847624489796,-16.2072016326531,-15.1238720408163,-18.4820997959184,-16.7459334693878,-16.4205765306122,-15.2908765306122,-15.5810524489796,-14.8700397959184,-15.630027755102,-15.4161430612245,-18.9572391836735,-18.2182757142857,-17.4985944897959,-14.7995653061224,-15.0443932653061,-16.2773779591837,-15.1848520408163,-15.6329579591837,-12.7083814285714,-14.7941065306122,-17.0600367346939,-17.2196802040816,-16.6955975510204,-18.0816404081633,-17.1339116326531,-15.5056714285714,-22.5552842857143,-21.1087769387755,-23.5846418367347,-19.8256212244898,-16.660256122449,-17.518392244898,-17.9493667346939,-20.6763359183673,-19.7818640816327,-20.1147048979592,-19.1094048979592,-16.9856048979592,-16.6213516326531,-20.6536663265306,-21.6371671428571,-13.9831193877551,-15.135262244898,-15.8748514285714,-16.5184753061225,-18.4328908163265,-19.4505991836735,-16.9546708163265,-15.3098873469388,-17.3326232653061,-18.2757379591837,-16.9706034693878,-14.9435489795918,-16.0542118367347,-11.9579316326531,-15.3228993877551,-13.1085626530612,-11.8991004081633,-15.1024344897959,-15.1763344897959,-16.7074859183674,-15.8725710204082,-22.5782334693878,-22.7450334693878,-7.77048816326531,-15.2595006122449,-16.3369259183673,-16.554923877551,-14.0982759183673,-9.02492346938776,-12.8189673469388,-10.1387673469388,-11.152532244898,-11.1798159183673,-12.7653285714286,-12.5841465306122,-12.2429787755102,-13.1184646938776,-12.9812146938776,-14.1476067346939,-12.8136289795918,-11.0733363265306,-12.2394420408163,-14.5217687755102,-13.7781024489796,-17.7466446938776,-16.1991191836735,-15.7055395918367,-10.6807204081633,-15.032733877551,-15.7991510204082,-14.1783842857143,-14.9050512244898,-10.8593212244898,-11.948946122449,-12.1038989795918,-15.9834167346939,-13.3267212244898,-16.8959889795918,-19.2326583673469,-16.6823408163265,-11.6402532653061,-12.3061591836735,-16.2137169387755,-24.8870532653061,-26.8384691836735,-30.0754910204082,-22.0939065306122,-22.2553653061224,-22.5555653061224,-22.3258332653061,-19.9778242857143,-23.1605779591837,-23.1023779591837,-14.4546287755102,-11.5505830612245,-13.2063830612245,-17.6705040816327,-15.3764871428571,-16.5017559183674,-13.3468736734694,-12.3764018367347,-10.2705544897959,-9.4252093877551,-12.0633434693878,-14.2352532653061,-16.4820189795918,-18.6600304081633,-12.5384567346939,-12.4588675510204,-11.8768675510204,-12.9663708163265,-10.6692395918367,-16.9056306122449,-18.5232030612245,-17.5284867346939,-15.8703812244898,-15.282976122449,-13.5191057142857,-13.5459424489796,-18.183082244898,-17.0930589795918,-19.1701093877551,-19.1885204081633,-17.7167928571429,-15.6209891836735,-16.5158175510204,-17.6066848979592,-14.6861965306122,-12.429123877551,-16.0369910204082,-14.3235714285714,-14.7413265306122,-13.0849265306122,-19.9633928571429,-16.9527171428571,-16.4442316326531,-22.6864865306122,-18.8963842857143,-22.8416589795918,-22.7296840816327,-10.6862475510204,-15.0569534693878,-14.0212848979592,-15.2790093877551,-12.7109793877551,-14.1773791836735,-17.9219818367347,-17.5173528571429,-21.1149024489796,-16.0755028571429,-18.6899579591837,-11.0939891836735,-13.4683991836735,-17.3269436734694,-12.2787336734694,-13.8551542857143,-13.8495624489796,-14.389857755102,-14.7705497959184,-15.2778385714286,-12.0723197959184,-12.0401197959184,-9.96431979591837,-11.8615375510204,-13.1623469387755,-17.9807095918367,-18.9421759183673,-15.0785128571429,-13.9703034693878,-17.3411344897959,-19.6467932653061,-16.0654632653061,-15.3454008163265,-12.9887540816327,-11.7160355102041,-13.0511012244898,-13.8007924489796,-12.1710487755102,-17.8175475510204,-17.3772169387755,-16.0480897959184,-17.6389924489796,-9.17011612244898,-10.424083877551,-13.8308089795918,-12.9260665306122,-15.5675865306122,-15.0001504081633,-16.9443748979592,-15.9958748979592,-13.6986508163265,-15.322986122449,-18.0787381632653,-15.7424906122449,-16.8286248979592,-15.6196471428571,-17.179283877551,-17.5523516326531,-16.4729934693878,-11.9464681632653,-12.1853451020408,-12.8347559183673,-10.5443651020408,-11.8709744897959,-12.8848895918367,-9.76448918367347,-13.7928112244898,-13.2069540816327,-15.0239046938776,-14.6425932653061,-13.512746122449,-14.5654089795918,-12.2138767346939,-14.3763430612245,-10.7597042857143,-11.6695626530612,-13.1521591836735,-12.6374883673469,-10.4655534693878,-15.692542244898,-18.1220006122449,-13.7053826530612,-13.5082348979592,-11.2635487755102,-13.5369853061224,-17.1420434693878,-10.5298851020408,-12.3718875510204,-13.590842244898,-10.8132032653061,-12.7673289795918,-13.6370714285714,-9.92480020408163,-12.1831002040816,-15.7009865306122,-11.1344716326531,-16.6074653061224,-14.3818785714286,-16.7836230612245,-14.8347348979592,-12.0963448979592,-11.3157295918367,-21.1201155102041,-18.7615467346939,-17.8595951020408,-13.8116042857143,-17.6865914285714,-14.8711575510204,-16.3596287755102,-13.2424314285714,-15.0188526530612,-12.6660134693878,-10.117162244898,-11.8810285714286,-12.6877630612245,-13.351122244898,-9.71285265306123,-10.4748291836735,-9.09441163265306,-11.9395730612245,-13.6225381632653,-10.4930732653061,-11.1281755102041,-13.6309163265306,-16.2990612244898,-14.8620897959184,-13.8730959183674,-13.1913620408163,-15.0706469387755,-16.5194130612245,-13.9712173469388,-15.9010030612245,-16.6820795918367,-13.7208940816327,-16.1864742857143,-14.2533432653061,-14.7805210204082,-16.1217573469388,-15.3521883673469,-16.1352146938776,-16.5283308163265,-16.9442206122449,-14.9844640816327,-15.1150116326531,-14.5536936734694,-14.6935842857143,-13.9577455102041,-12.1870216326531,-11.5928085714286,-12.4594591836735,-15.7708344897959,-13.9156867346939,-14.5432889795918,-11.4160634693878,-13.6671951020408,-14.2847012244898,-17.1395489795918,-14.8441185714286,-17.0411946938776,-16.6180453061225,-19.0637832653061,-18.67965,-17.6548273469388,-14.3290326530612,-12.9386146938775,-12.7025759183673,-13.9292075510204,-15.4741993877551,-8.71512816326531,-10.2745775510204,-10.3723748979592,-10.2096263265306,-11.053373877551,-13.4597285714286,-15.288467755102,-12.6287326530612,-12.294707755102,-17.1823430612245,-24.2346744897959,-17.7015302040816,-14.0936230612245,-12.7125995918367,-12.3596691836735,-9.28810204081633,-13.4989102040816,-7.76240714285714,-9.66459795918367,-11.8270971428571,-9.78339265306123,-15.8753057142857,-13.3669732653061,-15.5034014285714,-13.5210404081633,-13.8852675510204,-12.8151932653061,-15.049453877551,-15.6122971428571,-16.7711853061225,-11.8443885714286,-18.2656953061224,-16.2708434693878,-19.7151871428571,-13.9212712244898,-17.4626748979592,-13.7477183673469,-12.6452824489796,-19.2549016326531,-12.814486122449,-13.247022244898,-19.602443877551,-21.842492244898,-18.4779336734694,-10.9354483673469,-13.0345265306122,-15.2222126530612,-15.3441724489796,-14.6864257142857,-13.8919814285714,-10.857117755102,-15.6888608163265,-16.3027489795918,-18.3640489795918,-16.9190418367347,-18.9362165306122,-16.376982244898,-15.9644165306122,-14.0383893877551,-11.4429297959184,-11.4414916326531,-10.6381265306122,-10.9653716326531,-13.1321265306122,-12.9202934693878,-14.8921567346939,-16.169557755102,-11.8870140816327,-13.6532773469388,-10.9916695918367,-12.0596595918367,-14.4832195918367,-12.4440857142857,-12.1891285714286,-9.51589183673469,-12.1586071428571,-12.7581759183673,-10.2761704081633,-13.0871520408163,-12.0235971428571,-7.60560306122449,-11.80333,-13.5142610204082,-11.1297655102041,-12.3634302040816,-11.7892475510204,-11.8997685714286,-12.1974785714286,-11.8879736734694,-12.9373987755102,-11.1612642857143,-9.89262632653061,-13.3568612244898,-12.0948410204082,-15.1908271428571,-14.4260981632653,-11.1740467346939,-10.3147183673469,-11.4334879591837,-13.0933736734694,-13.5569695918367,-15.8790842857143,-9.65209612244898,-20.380717755102,-16.1043716326531,-15.9165804081633,-23.6987602040816,-22.0756706122449,-19.5536275510204,-17.8697716326531,-19.8007459183674,-20.1304459183673,-21.3279487755102,-13.5867916326531,-15.2462493877551,-17.47275,-10.9968863265306,-11.5303240816326,-16.9640675510204,-15.4674742857143,-17.6137742857143,-17.9907165306122,-16.1254126530612,-17.1402489795918,-13.1962806122449,-12.3289981632653,-11.2226597959184,-16.1796320408163,-11.0070485714286,-12.9991732653061,-12.8560857142857,-13.1330881632653,-12.2372175510204,-13.1689185714286,-11.9391918367347,-13.4253359183673,-15.9200142857143,-15.8382271428571,-11.4149628571429,-12.7539089795918,-13.2126791836735,-17.887963877551,-12.8966236734694,-14.3237197959184,-14.0805879591837,-12.9521040816327,-13.1576002040816,-12.2524787755102,-10.8406440816327,-11.6955193877551,-12.3410553061224,-8.0299875510204,-8.54435244897959,-10.4582034693878,-10.5829034693878,-11.7847102040816,-9.1388893877551,-15.428236122449,-16.4960402040816,-19.3343595918367,-17.9443095918367,-17.5886163265306,-14.9023557142857,-15.810007755102,-13.4298512244898,-16.5432710204082,-18.2612210204082,-15.8333210204082,-18.3100916326531,-25.6572585714286,-20.5276863265306,-14.9792816326531,-14.4236759183674,-12.3268020408163,-11.9635593877551,-12.9680965306122,-13.7261148979592,-14.9743706122449,-16.0931163265306,-13.2654657142857,-10.3672657142857,-15.0637340816327,-14.2072563265306,-14.9054430612245,-14.5115573469388,-16.7487224489796,-16.7909963265306,-17.3895959183673,-15.6165942857143,-15.8423436734694,-12.2483720408163,-12.9416720408163,-12.8615720408163,-15.6521375510204,-12.3874375510204,-15.0606363265306,-16.2754916326531,-10.4788410204082,-11.50966,-8.05546163265306,-11.12395,-8.48245265306123,-9.00962,-8.0850518367347,-10.3898889795918,-11.4646289795918,-10.4209330612245,-12.9314765306122,-13.2223010204082,-12.9049455102041,-16.1483751020408,-15.3841628571429,-12.4834628571429,-14.892076122449,-12.3432748979592,-13.2166414285714,-14.3317081632653,-16.3924687755102,-19.7382432653061,-18.7622557142857,-16.4593189795918,-17.4939963265306,-17.1388526530612,-17.39242,-22.6592830612245,-21.4405624489796,-20.2786757142857,-21.9165606122449,-15.2766820408163,-17.2238634693878,-18.4500746938776,-19.805602244898,-15.55141,-12.2713924489796,-10.6143142857143,-12.7166134693878,-10.2745283673469,-15.5867642857143,-13.0967036734694,-13.3881771428571,-16.0551971428571,-14.7439467346939,-13.8772793877551,-16.0248704081633,-15.8902695918367,-16.294162244898,-15.6604808163265,-15.4014369387755,-13.9335808163265,-15.0316534693878,-14.8045283673469,-13.095112244898,-12.1846402040816,-13.5093269387755,-17.2500612244898,-17.9736397959184,-13.007562244898,-12.9547095918367,-13.8783224489796,-10.2845279591837,-12.5581816326531,-13.0314630612245,-12.7781253061224,-14.3836614285714,-14.9776779591837,-12.3164112244898,-15.1922614285714,-18.8385283673469,-12.5522497959184,-13.6506587755102,-14.2851979591837,-13.5054744897959,-14.437916122449,-15.7662395918367,-14.8129802040816,-11.5992851020408,-14.0529751020408,-14.7771912244898,-10.2837659183673,-7.31256714285714,-10.1825534693878,-11.9479281632653,-11.0249975510204,-14.6260095918367,-14.5842944897959,-14.549697755102,-14.612297755102,-13.9722424489796,-14.5763387755102,-14.2469744897959,-16.2401342857143,-14.3447289795918,-11.0752289795918,-11.2784787755102,-12.8855548979592,-15.8070524489796,-15.368637755102,-13.474876122449,-12.6319587755102,-11.4443404081633,-9.53724040816326,-11.0505404081633,-11.2074404081633,-8.13289693877551,-10.8322034693878,-13.6263991836735,-14.522237755102,-14.7854259183673,-14.5934857142857,-13.1975014285714,-12.9823583673469,-15.1424795918367,-13.3876581632653,-13.3493010204082,-11.2462040816327,-13.890207755102,-12.506952244898,-11.4490295918367,-13.1428018367347,-13.1113532653061,-13.1779285714286,-17.0904710204082,-17.2775044897959,-11.8388116326531,-9.92348693877552,-12.6465904081633,-11.5506091836735,-9.2134406122449,-12.6225216326531,-17.4384455102041,-13.8544002040816,-15.6757383673469,-14.9620930612245,-12.0925855102041,-10.2371432653061,-14.7168663265306,-15.771636122449,-13.0006157142857,-13.4056157142857,-14.0206859183673,-11.2174195918367,-6.01626877551021,-6.2351118367347,-6.4561118367347,-8.55230204081633,-15.445363877551,-15.1043446938776,-14.6184828571429,-12.8307353061225,-11.3046612244898,-15.8977769387755,-12.4191865306122,-13.313833877551,-15.0495724489796,-14.4815183673469,-14.9328197959184,-14.1736508163265,-14.1870628571429,-14.1205055102041,-11.9435295918367,-10.5309510204082,-12.7938532653061,-13.2770914285714,-12.0092059183673,-14.3846795918367,-12.5582685714286,-8.23452040816327,-15.1105424489796,-17.4043532653061,-19.7451853061225,-16.4475963265306,-16.6178957142857,-14.6452491836735,-18.8844708163265,-12.5024995918367,-11.2244730612245,-14.5020444897959,-15.0929797959184,-12.5537232653061,-12.8660648979592,-14.2284920408163,-13.85755,-16.6425236734694,-13.9550236734694,-14.9027944897959,-17.3215779591837,-18.9008006122449,-13.3321936734694,-13.2737391836735,-11.36964,-20.6597867346939,-19.8260175510204,-19.8228175510204,-16.6578244897959,-17.9202146938776,-18.941137755102,-15.5834940816327,-15.554023877551,-11.75387,-13.2329516326531,-9.60698306122449,-14.0683002040816,-14.8968002040816,-13.6948263265306,-11.8159197959184,-14.9315208163265,-14.985967755102,-18.4331583673469,-14.7142526530612,-13.7690467346939,-15.1590424489796,-12.1894955102041,-13.062723877551,-12.474223877551,-15.1755840816326,-13.8005387755102,-13.6228144897959,-12.7905140816327,-13.4905542857143,-14.0202659183674,-15.0132393877551,-16.215863877551,-13.300346122449,-10.9507195918367,-10.0410675510204,-11.4130520408163,-14.2917116326531,-15.9126593877551,-15.6757687755102,-14.9603367346939,-15.2349544897959,-14.6129520408163,-13.1882651020408,-16.5695534693878,-15.4544065306122,-19.3422140816327,-17.0973369387755,-13.0276165306122,-14.0372579591837,-12.4604024489796,-14.7064775510204,-15.3829359183673,-17.9323536734694,-13.2316212244898,-11.0374387755102,-11.9176348979592,-13.869233877551,-14.7869334693878,-14.3661569387755,-14.2194236734694,-17.6044563265306,-13.8792426530612,-12.0978526530612,-16.5437536734694,-15.3858583673469,-14.6704634693878,-15.6435281632653,-15.8416404081633,-14.2676620408163,-13.6787126530612,-17.1063110204082,-19.2594704081633,-22.0098881632653,-20.2704732653061,-18.1925289795918,-16.9450308163265,-17.43598,-16.1138704081633,-16.8863536734694,-16.0626657142857,-12.3927446938775,-12.1020636734694,-16.3951193877551,-15.3049646938776,-12.5899285714286,-13.5962832653061,-8.70937285714286,-14.9231565306122,-16.9054804081633,-16.4264140816327,-11.1780008163265,-12.480167755102,-12.0626302040816,-14.5184753061225,-14.6071928571429,-11.7927895918367,-12.7719451020408,-14.3540069387755,-13.912387755102,-11.8291775510204,-14.0407624489796,-13.4738573469388,-17.74042,-16.7028030612245,-13.5195004081633,-14.7908391836735,-11.9589606122449,-14.7481534693878,-12.6032314285714,-11.7324373469388,-12.7827983673469,-11.9462146938776,-13.9616957142857,-13.4760159183673,-14.5490269387755,-12.77734,-12.9960163265306,-13.4234685714286,-12.6034816326531,-12.7088797959184,-13.2810014285714,-12.5983924489796,-14.1734191836735,-15.4098973469388,-14.2122006122449,-12.2542673469388,-14.2379291836735,-14.8192681632653,-16.4304485714286,-13.3768357142857,-14.9586355102041,-15.8180526530612,-12.8493763265306,-12.2142724489796,-12.620197755102,-11.81068,-11.6980191836735,-13.4043257142857,-10.9188836734694,-9.03976,-15.7146295918367,-13.4649653061225,-16.1041987755102,-15.3151457142857,-12.0980212244898,-15.865296122449,-15.2887991836735,-11.7900363265306,-13.8907295918367,-9.97172673469388,-12.2271193877551,-13.2613185714286,-24.4392512244898,-12.4247157142857,-15.2680153061224,-11.7182557142857,-13.6622981632653,-13.4775132653061,-14.6266091836735,-12.7968220408163,-14.6207383673469,-13.7365518367347,-17.8411159183673,-12.7543479591837,-15.2086155102041,-14.6370283673469,-16.7083332653061,-14.0481189795918,-16.0025212244898,-16.1483765306122,-16.6439212244898,-19.5478897959184,-18.9069008163265,-17.8587528571429,-18.2983191836735,-16.5516508163265,-18.8052073469388,-15.3563108163265,-18.8519959183673,-14.6128575510204,-17.9257957142857,-19.3963034693878,-18.5028026530612,-17.0712787755102,-22.14269,-16.2235910204082,-15.6128330612245,-16.8433540816327,-15.4480883673469,-14.8696593877551,-15.8300834693878,-16.9595944897959,-15.9810351020408,-11.1499879591837,-9.03743163265306,-12.1948542857143,-12.1004563265306,-12.9609773469388,-10.37896,-13.1703253061224,-13.2735912244898,-11.8085720408163,-14.2919997959184,-14.8242014285714,-14.2248210204082,-15.8740565306122,-18.0595679591837,-16.020037755102,-15.506543877551,-18.1903720408163,-23.2477630612245,-24.7765181632653,-18.9630783673469,-17.8804646938776,-16.2108008163265,-15.4645626530612,-13.0232691836735,-13.0484640816327,-12.8699583673469,-15.7289410204082,-16.6087889795918,-17.4261783673469,-17.5871440816327,-19.4705289795918,-15.1726381632653,-14.0339846938776,-11.834963877551,-13.3157797959184,-11.1385032653061,-15.3678285714286,-13.170912244898,-11.2353981632653,-10.1334263265306,-13.7864626530612,-13.9915132653061,-13.9894563265306,-12.7189608163265,-12.4684812244898,-7.98332653061225,-11.9817169387755,-14.8141816326531,-13.9680055102041,-16.7254542857143,-15.87311,-14.0033085714286,-16.9387804081633,-13.5948591836735,-16.4504975510204,-16.6739130612245,-10.9718557142857,-11.3099014285714,-7.7901081632653,-15.4359708163265,-15.9978555102041,-15.9877365306122,-13.9068946938776,-15.7837548979592,-18.674727755102,-16.0229583673469,-14.1868442857143,-16.3979381632653,-14.2953220408163,-12.6587106122449,-12.6987712244898,-17.3713512244898,-16.9533704081633,-15.1344165306122,-15.1477181632653,-12.6231618367347,-14.241333877551,-12.9552797959184,-15.7968504081633,-19.2948197959184,-15.0235740816327,-16.0942171428571,-17.5099369387755,-16.7525165306122,-12.5724744897959,-16.7696630612245,-16.7680969387755,-10.1604924489796,-10.0065591836735,-15.4281032653061,-14.1364189795918,-14.9713826530612,-12.4594483673469,-12.9387816326531,-14.8390287755102,-17.2028934693878,-14.3588587755102,-16.3284985714286,-16.2952197959184,-14.2505955102041,-10.1178169387755,-10.6171818367347,-14.5198830612245,-12.3167126530612,-13.1648467346939,-15.3481236734694,-15.5409589795918,-15.1243593877551,-13.2246644897959,-14.7295067346939,-15.0408473469388,-16.5708555102041,-12.8982010204082,-14.5123865306122,-15.2766957142857,-14.6209646938776,-15.5505767346939,-15.5481767346939,-19.077553877551,-13.1353140816327,-13.504062244898,-12.9139051020408,-14.4676571428571,-16.7633436734694,-19.6865093877551,-19.2750314285714,-17.6712151020408,-18.8913669387755,-14.4150183673469,-12.3985595918367,-13.0751769387755,-12.5377453061224,-13.7766685714286,-12.3616732653061,-20.1689783673469,-18.1021712244898,-17.1766551020408,-18.3723212244898,-12.6264051020408,-14.1669328571429,-11.6998810204082,-9.38396387755102,-13.5162840816327,-14.8171267346939,-16.1504644897959,-15.0445412244898,-22.5678275510204,-22.2779942857143,-26.4667308163265,-30.0267514285714,-28.2048920408163,-16.2408010204082,-14.718427755102,-14.6442102040816,-15.1005406122449,-15.7859324489796,-12.2323355102041,-16.5091693877551,-15.9398297959184,-14.5594820408163,-14.4467379591837,-13.1036116326531,-12.0787402040816,-12.7107353061225,-14.5098630612245,-14.1520695918367,-14.374912244898,-14.2065930612245,-14.473802244898,-14.656632244898,-12.7088275510204,-17.3577291836735,-17.0627359183673,-13.1480457142857,-17.4076451020408,-14.6015475510204,-11.8269453061225,-16.2819791836735,-15.3122889795918,-14.0735497959184,-13.5829083673469,-12.5283132653061,-12.5789328571429,-9.14420306122449,-9.69131408163266,-9.44541408163266,-11.0889328571429,-16.3904085714286,-13.4641744897959,-11.7435663265306,-15.1311169387755,-17.4383959183673,-17.4040983673469,-16.4650381632653,-13.0220816326531,-11.4833128571429,-12.133843877551,-12.7381244897959,-15.2127883673469,-14.3702746938776,-14.3949989795918,-11.5161404081633,-16.8897975510204,-15.6272212244898,-8.02231591836735,-6.46868163265307,-10.27235,-11.4202459183673,-15.4709387755102,-14.5859902040816,-16.8480673469388,-12.7171253061224,-12.1267867346939,-12.1105206122449,-16.9754814285714,-16.709563877551,-16.9790206122449,-15.7097275510204,-11.8395489795918,-12.0344946938776,-13.2725379591837,-8.58932346938776,-11.7527206122449,-10.4693940816327,-12.5232251020408,-15.9184540816327,-19.0204328571429,-20.9885510204082,-17.1896116326531,-18.7191993877551,-17.6011936734694,-12.4231259183674,-13.6792259183673,-12.3440312244898,-15.2429010204082,-12.8166520408163,-16.1417702040816,-12.6508112244898,-14.5937744897959,-14.3646806122449,-8.26031163265306,-11.8522418367347,-12.5324991836735,-11.7332973469388,-11.5084281632653,-13.8851902040816,-16.06347,-17.7894804081633,-17.5637165306122,-16.1414214285714,-13.8978240816327,-12.8489479591837,-18.8234734693878,-18.0804528571429,-25.4544193877551,-20.6935546938776,-16.5689642857143,-15.8921175510204,-20.5109051020408,-21.0918195918367,-15.5629183673469,-14.5760444897959,-14.8036904081633,-14.4128012244898,-13.9316012244898,-15.7523991836735,-20.5924734693878,-15.1201063265306,-12.7669775510204,-11.4991793877551,-11.2231416326531,-11.3773955102041,-11.5462810204082,-14.8449257142857,-18.7306804081633,-14.9019902040816,-10.9852381632653,-10.9337787755102,-11.6424620408163,-10.8598418367347,-10.3920093877551,-10.4332995918367,-14.0962342857143,-20.1023555102041,-23.9302426530612,-20.9939085714286,-19.3531889795918,-13.7980781632653,-9.54141408163265,-11.1474757142857,-14.7890367346939,-16.2539951020408,-15.2925634693878,-15.0561146938776,-15.364836122449,-18.3168214285714,-10.6811702040816,-14.2094553061225,-12.5267648979592,-11.6048985714286,-15.0627697959184,-12.0940893877551,-14.401136122449,-14.4420671428571,-16.5383695918367,-12.8672483673469,-11.1365363265306,-11.0896632653061,-11.684312244898,-12.9892591836735,-12.7009969387755,-11.362072244898,-12.1106865306122,-12.5164865306122,-12.3106146938776,-15.1205769387755,-18.2674775510204,-18.9205891836735,-18.4553563265306,-17.6180295918367,-16.0964642857143,-18.6510642857143,-17.407152244898,-17.6736583673469,-17.9680985714286,-11.8532020408163,-12.7399706122449,-10.0044797959184,-12.287257755102,-13.8435832653061,-14.4241134693878,-17.2374157142857,-13.8828604081633,-11.1829873469388,-14.0436865306122,-13.8436602040816,-12.3343008163265,-11.4541979591837,-13.1406773469388,-14.0668008163265,-12.3764169387755,-14.2859340816327,-11.5164604081633,-12.2376659183673,-9.69969632653061,-14.4812816326531,-22.5666240816327,-16.8459171428571,-14.357373877551,-8.00405591836735,-16.1812871428571,-15.2798183673469,-13.4242340816327,-13.0574446938776,-12.0610183673469,-13.769996122449,-12.7780785714286,-12.9403087755102,-14.6109146938776,-11.3987053061225,-17.9776651020408,-16.7137651020408,-16.9913353061224,-13.5990293877551,-11.7694214285714,-12.8451967346939,-12.0732465306122,-20.8354791836735,-21.12694,-17.8798965306122,-13.7235995918367,-13.8699904081633,-11.0728212244898,-15.5335455102041,-11.5938269387755,-21.0880065306122,-16.3421724489796,-16.2033604081633,-18.3439059183673,-18.0264263265306,-16.1387285714286,-12.4055348979592,-9.73730040816327,-9.88965408163265,-10.9525187755102,-8.81444020408163,-10.3509504081633,-10.4826514285714,-12.0625802040816,-13.8135983673469,-11.4069483673469,-10.1899157142857,-12.3461571428571,-10.6858216326531,-10.2024789795918,-10.3966497959184,-14.7608473469388,-13.8444473469388,-13.4296630612245,-12.9393520408163,-14.1180853061225,-14.8709493877551,-16.1945395918367,-12.7022226530612,-12.9198097959184,-12.7292904081633,-14.6973755102041,-17.699576122449,-12.8614071428571,-15.7917440816327,-14.3377369387755,-14.7920316326531,-11.9623279591837,-12.0954126530612,-10.9895655102041,-21.5773391836735,-17.0256742857143,-15.0667124489796,-13.5948783673469,-12.7760453061225,-12.3756373469388,-12.4549181632653,-12.9033993877551,-22.890797755102,-12.7360604081633,-13.7430989795918,-16.949573877551,-11.1309914285714,-8.1844424489796,-12.3853424489796,-12.3895987755102,-10.5814544897959,-7.93628489795918,-12.175422244898,-18.4706191836735,-15.3237812244898,-14.3726812244898,-13.7089740816327,-13.940962244898,-12.5530871428571,-17.7413046938776,-13.3540195918367,-9.79288693877551,-10.3502687755102,-18.4760159183673,-15.4129046938776,-16.0262436734694,-16.3693985714286,-13.7821710204082,-15.2397624489796,-12.2261724489796,-10.3762724489796,-12.3345483673469,-12.5036195918367,-15.0932795918367,-18.9846412244898,-16.5474814285714,-19.431627755102,-19.3977275510204,-22.7808732653061,-23.2342732653061,-18.9760063265306,-18.265277755102,-17.0308165306122,-17.774593877551,-17.671093877551,-17.3247957142857,-18.7606402040816,-18.0817765306122,-17.2365808163265,-18.4742169387755,-15.7960055102041,-15.3072436734694,-14.097036122449,-17.0608446938775,-14.2218659183673,-20.2738008163265,-14.6681553061225,-16.5917879591837,-17.5927879591837,-17.4672412244898,-12.6270910204082,-17.2902734693878,-15.3487748979592,-14.2524759183673,-11.4076720408163,-11.8643673469388,-12.431456122449,-14.1219453061224,-11.4701959183673,-13.9469340816327,-11.8131787755102,-10.3124044897959,-12.5328251020408,-12.6601185714286,-16.3935173469388,-16.6926802040816,-16.7710940816327,-15.611497755102,-13.7593518367347,-15.391977755102,-11.8671902040816,-11.62956,-13.8551444897959,-13.8293381632653,-13.8571063265306,-12.5379993877551,-11.4419126530612,-11.0205126530612,-14.9929520408163,-17.3945969387755,-19.4612334693878,-18.1650763265306,-18.5646389795918,-18.0258481632653,-14.699407755102,-10.7579836734694,-10.4414518367347,-11.1965351020408,-14.0724565306122,-10.1794865306122,-11.7493775510204,-11.6276775510204,-12.4186769387755,-8.78689285714286,-8.27682673469388,-9.72962530612245,-9.87220346938775,-13.1393404081633,-13.5538346938776,-14.5051946938775,-17.8644863265306,-17.6775075510204,-16.9242808163265,-20.8357963265306,-17.0371989795918,-18.0858395918367,-17.7214128571429,-16.27887,-14.3179330612245,-15.3885214285714,-15.6442810204082,-13.7507834693878,-14.4699504081633,-13.670096122449,-11.9730157142857,-16.7942189795918,-15.2297514285714,-17.5478591836735,-15.1903330612245,-14.292863877551,-11.82177,-14.9554451020408,-18.6152689795918,-20.0816793877551,-15.8564055102041,-15.108056122449,-12.6997865306122,-13.0091944897959,-13.5394669387755,-12.7290491836735,-11.8327118367347,-12.1318244897959,-12.2127848979592,-13.0650853061225,-11.6682475510204,-17.9722116326531,-17.6542557142857,-16.2067787755102,-17.5869528571429,-16.2369785714286,-16.3432871428571,-16.7727871428571,-10.9512789795918,-10.0990442857143,-9.26868,-13.064933877551,-15.3748759183673,-15.7341163265306,-12.2503763265306,-10.8779055102041,-12.9109559183673,-16.5995144897959,-10.6446583673469,-13.5093559183673,-16.926912244898,-15.597883877551,-14.3434579591837,-13.7214818367347,-19.6812391836735,-12.2310675510204,-10.0703712244898,-9.87488673469388,-10.1452597959184,-8.65270999999999,-11.7630620408163,-18.6189504081633,-13.07588,-12.2520055102041,-15.195093877551,-14.0952075510204,-11.7807104081633,-13.4114581632653,-13.553726122449,-12.0994728571429,-9.67002816326531,-8.87772448979592,-11.852702244898,-10.8498330612245,-18.0527881632653,-16.6026751020408,-15.0451244897959,-15.5845212244898,-18.3751873469388,-16.5166963265306,-16.3298569387755,-16.7980140816327,-10.8184502040816,-13.2270906122449,-12.0568675510204,-13.2053040816327,-13.2502195918367,-14.8161279591837,-11.6565402040816,-14.7126128571429,-13.8312148979592,-16.8080148979592,-16.3273469387755,-16.8738579591837,-14.1527904081633,-13.6932732653061,-18.7999032653061,-20.6293571428571,-14.1592285714286,-11.3548732653061,-14.1629918367347,-11.215997755102,-9.79255714285715,-11.7706573469388,-10.1784787755102,-9.50177734693878,-11.0828942857143,-9.9618118367347,-10.1520869387755,-13.00361,-13.4970318367347,-16.9650963265306,-13.9347671428571,-25.6974930612245,-12.6781165306122,-16.5198518367347,-14.6893363265306,-16.5220140816327,-17.3420689795918,-17.9833032653061,-17.3041291836735,-15.7068787755102,-13.81429,-11.8883375510204,-10.837423877551,-12.2934263265306,-11.8304997959184,-11.0252810204082,-10.0597418367347,-10.3724551020408,-5.96477204081632,-11.1615848979592,-14.3363744897959,-12.8404989795918,-12.928486122449,-15.8687985714286,-14.4055179591837,-12.8202575510204,-17.0516808163265,-16.6752042857143,-11.7814304081633,-15.4296759183674,-18.1342097959184,-15.3764342857143,-15.6766124489796,-16.7836224489796,-17.481237755102,-19.0717687755102,-15.47124,-15.2429240816327,-18.8648720408163,-19.6505720408163,-8.68130836734694,-11.5301802040816,-8.36673306122449,-10.4353346938776,-11.6093810204082,-11.7902097959184,-13.2934702040816,-12.3729644897959,-14.305063877551,-11.1771040816327,-12.3078659183673,-14.9077369387755,-14.7950208163265,-17.2960018367347,-16.9281516326531,-15.1489944897959,-19.9600612244898,-16.1898173469388,-14.7482146938776,-13.4165383673469,-12.6137348979592,-12.4407483673469,-11.2022520408163,-15.0449091836735,-14.2871095918367,-15.7135210204082,-12.1802995918367,-11.9622428571429,-17.2531616326531,-13.3811297959184,-13.0381453061224,-13.2842240816327,-11.2676873469388,-13.3375118367347,-13.4670632653061,-9.91306489795918,-13.1283071428571,-14.7074853061224,-15.3471516326531,-19.4826618367347,-15.2294842857143,-16.4386271428571,-14.571793877551,-12.3230883673469,-13.8299883673469,-14.8287632653061,-15.4354610204082,-12.8887475510204,-15.6601451020408,-15.6688873469388,-15.5591220408163,-17.6777928571429,-16.2482251020408,-17.6257116326531,-16.4926308163265,-18.3759418367347,-13.4700781632653,-12.6344163265306,-12.7623873469388,-16.7431114285714,-14.1141587755102,-11.617257755102,-12.600066122449,-6.66089102040817,-11.2810753061225,-12.4479226530612,-11.2411497959184,-13.0168210204082,-15.18222,-13.4062387755102,-9.44076979591837,-10.0251297959184,-11.8423297959184,-9.65185408163266,-12.4169179591837,-11.8188108163265,-10.3534483673469,-8.95432775510204,-8.53272775510204,-19.377572244898,-22.0935716326531,-15.5012563265306,-14.20268,-13.6409091836735,-10.0447928571429,-11.4751402040816,-13.367743877551,-11.7293875510204,-14.109376122449,-14.2425944897959,-18.1808912244898,-13.15789,-15.0432532653061,-13.2600802040816,-13.6222910204082,-13.219247755102,-14.4198187755102,-13.3594916326531,-10.556442244898,-15.0757504081633,-14.8983212244898,-16.8136165306122,-14.055582244898,-16.560056122449,-17.9903832653061,-18.2200053061224,-20.5473024489796,-24.9263912244898,-19.7527816326531,-23.7039634693878,-24.4574251020408,-30.8407428571429,-21.9709140816327,-22.3854773469388,-21.0311773469388,-19.9179840816326,-13.4667557142857,-14.9798997959184,-12.4250834693878,-10.1535989795918,-10.5591989795918,-11.294327755102,-11.6799430612245,-12.7402428571429,-9.16814163265306,-10.4656567346939,-11.1841032653061,-12.3661032653061,-13.9049112244898,-14.6397281632653,-15.17458,-16.73378,-13.5884216326531,-14.860322244898,-11.5479493877551,-12.9618579591837,-11.8917606122449,-9.15499959183674,-10.5662597959184,-11.5256089795918,-12.5003089795918,-11.0748883673469,-10.5168883673469,-11.9803726530612,-11.6573040816327,-13.4031428571429,-14.1253428571429,-16.2482487755102,-10.1639371428571,-11.4093514285714,-14.5385214285714,-19.6219202040816,-16.8361240816327,-16.8030895918367,-15.4944148979592,-15.0555406122449,-14.8923487755102,-14.0452626530612,-15.2803706122449,-17.0269795918367,-18.2794442857143,-16.1264187755102,-11.4755355102041,-12.7196491836735,-13.6265491836735,-15.9713165306122,-16.8882069387755,-19.4702840816327,-17.515847755102,-17.4265771428571,-18.7133555102041,-14.9919012244898,-14.3858283673469,-13.7184275510204,-13.5866267346939,-12.6150844897959,-10.3351434693878,-16.2772579591837,-14.8533830612245,-15.560473877551,-13.9706224489796,-14.3949042857143,-14.1596134693878,-14.2697685714286,-12.3951414285714,-13.71649,-16.2682806122449,-17.908653877551,-17.264876122449,-16.3777591836735,-18.6568232653061,-13.7360651020408,-15.4070173469388,-14.1977785714286,-12.4554742857143,-14.9694134693878,-15.0875134693878,-15.4964604081633,-11.0041512244898,-10.6921555102041,-13.4708834693878,-14.9203204081633,-14.5468051020408,-12.7727669387755,-11.2637187755102,-16.7268891836735,-19.2627614285714,-19.7655632653061,-15.8581779591837,-13.9149308163265,-13.2464936734694,-13.4456936734694,-14.8653691836735,-16.7068883673469,-14.5359824489796,-24.6673173469388,-22.7740334693878,-21.8813644897959,-25.7948010204082,-28.0607802040816,-37.0811051020408,-18.8937810204082,-21.8365536734694,-18.1023551020408,-20.5647083673469,-22.3140704081633,-19.5682944897959,-18.0987589795918,-18.2813559183673,-9.17441979591837,-13.4529504081633,-10.0832202040816,-11.7967848979592,-14.2720591836735,-13.3191402040816,-12.7186512244898,-16.9478846938776,-16.6466504081633,-20.090692244898,-16.5158663265306,-16.32374,-15.0332489795918,-14.3888793877551,-11.6256289795918,-12.1869906122449,-13.2178120408163,-17.6094530612245,-13.7038046938776,-14.5569848979592,-17.9622246938776,-12.142013877551,-16.6742453061224,-16.6481928571429,-13.7592379591837,-17.8418318367347,-19.5217940816326,-15.7574357142857,-15.3116528571429,-18.6350781632653,-17.2523440816326,-19.0755408163265,-19.1010487755102,-17.8598489795918,-13.7136787755102,-16.8794342857143,-15.0199193877551,-18.75818,-15.8805236734694,-14.5619818367347,-16.4691079591837,-15.4237475510204,-16.8141589795918,-17.4579424489796,-14.617413877551,-17.7648126530612,-13.45812,-13.5694163265306,-16.7226804081633,-14.7803024489796,-13.60891,-15.126667755102,-14.5733840816327,-14.7981293877551,-13.2371644897959,-11.8869171428571,-10.9894016326531,-12.2632573469388,-14.7232348979592,-12.4589453061225,-13.840242244898,-11.8777691836735,-11.6926695918367,-11.7750230612245,-10.1719612244898,-12.3194291836735,-10.6078114285714,-21.6861279591837,-9.81304306122449,-14.3939275510204,-14.4733634693878,-13.4197448979592,-14.8629665306122,-19.4890475510204,-16.1258697959184,-11.9735414285714,-11.5992253061225,-11.4460555102041,-13.6231655102041,-11.7461030612245,-12.4656273469388,-8.78406816326531,-13.65473,-19.1998232653061,-15.6621659183673,-13.6622291836735,-13.6084291836735,-16.7987528571429,-13.0411540816327,-13.3431540816327,-12.999313877551,-12.530313877551,-13.086813877551,-13.086813877551,-13.086813877551,-13.5824451020408,-14.7983451020408,-14.2293332653061,-12.7239114285714,-14.8619859183673,-15.2295179591837,-15.3914336734694,-15.6911857142857,-15.7522583673469,-15.5196767346939,-18.3805440816327,-18.0348216326531,-17.8572634693878,-15.5720355102041,-14.0520102040816,-13.40307,-15.8399140816327,-14.0220540816327,-13.9163334693878,-13.5642097959184,-13.3814606122449,-12.1050497959184,-13.7823065306122,-13.2566942857143,-11.2379826530612,-11.9559565306122,-13.865787755102,-11.1186693877551,-12.3414371428571,-14.9767242857143,-14.2251057142857,-18.9146671428571,-13.2859251020408,-14.0529273469388,-12.7161555102041,-16.8675295918367,-15.3016155102041,-13.1941606122449,-15.8102559183673,-15.7932914285714,-9.24427836734694,-9.28357408163265,-12.9728965306122,-11.1374859183674,-13.2603679591837,-13.6902110204082,-11.8158740816327,-12.7819269387755,-12.8272502040816,-10.9998628571429,-17.5717583673469,-15.7593857142857,-17.0059308163265,-17.1012963265306,-10.7921614285714,-12.9353106122449,-15.454393877551,-13.4176453061224,-12.7904673469388,-16.4889548979592,-14.5159257142857,-14.17624,-14.6160793877551,-11.9833553061224,-11.9726553061224,-10.7277136734694,-14.0387930612245,-13.1099381632653,-14.7693381632653,-11.6030751020408,-10.0166751020408,-11.9719757142857,-11.0059706122449,-11.10283,-12.4097781632653,-12.8234659183674,-14.3012446938776,-12.4324793877551,-10.5031002040816,-10.0693285714286,-12.6536451020408,-14.8181673469388,-14.9326418367347,-16.4466389795918,-17.3776159183673,-16.4709832653061,-14.1757414285714,-20.1538485714286,-11.3906642857143,-11.7404442857143,-13.3120442857143,-9.91894530612245,-11.9388767346939,-14.2366787755102,-13.314603877551,-12.9210918367347,-14.2694087755102,-14.123922244898,-16.1890010204082,-12.5975975510204,-13.4179857142857,-11.0435459183673,-11.489836122449,-11.8763242857143,-7.9629293877551,-8.90369836734695,-10.1502920408163,-11.264633877551,-9.19220897959183,-13.3574579591837,-16.4612767346939,-17.1189648979592,-16.1405328571429,-17.7308873469388,-17.2665706122449,-14.6495759183673,-16.3477134693878,-17.7098065306122,-13.790367755102,-7.92384591836735,-12.6477040816327,-14.5427710204082,-13.0101457142857,-11.5385363265306,-10.5425118367347,-10.1694002040816,-13.3132620408163,-12.9644587755102,-15.8636432653061,-14.500087755102,-16.3843224489796,-12.8929406122449,-17.4002130612245,-12.8315642857143,-13.2643026530612,-11.2501,-13.6438348979592,-17.3139428571429,-16.14721,-15.5221340816327,-15.3700804081633,-15.01566,-14.3580942857143,-15.5990067346939,-18.3798212244898,-19.1816634693878,-13.081123877551,-8.94058408163266,-13.1358595918367,-14.4852295918367,-14.9643106122449,-16.5012410204082,-11.2449728571429
4.97959183673469,-8.10277469387755,-9.77197959183673,-11.8528587755102,-9.16090775510204,-7.18172081632653,-6.13285020408163,-13.2769330612245,-6.83509387755102,-5.80846163265306,-6.21844448979591,-5.36193836734694,-5.48427918367346,3.04518530612246,-0.0919024489795888,-2.84672653061224,-6.25350489795918,-2.32349836734694,-2.76904081632653,-6.15334653061225,-1.42001877551021,-5.2048906122449,-2.27830081632653,-10.2812126530612,-6.68817020408163,-8.73591224489795,-7.10485551020408,-8.36072285714285,-7.07481428571428,0.514354693877557,-4.96862530612245,-5.77896163265306,-6.26700285714286,-1.88205387755102,-9.29448775510204,-10.7360514285714,-7.40284653061224,-8.74260081632653,-5.25319183673469,-3.2140587755102,-2.98694489795918,0.101333061224487,1.55136571428572,-11.2452069387755,1.84402530612245,1.35817632653062,3.11446653061224,2.93602693877552,1.13034448979592,-2.43354285714286,0.0795077551020427,-1.06595795918367,-3.52766367346938,-4.73854040816326,-4.32374653061224,-6.22978040816326,-4.90165142857143,-6.03794367346939,-5.16537387755102,-8.82303265306122,-5.35454204081633,-6.53156,-6.6939775510204,-0.711489795918368,-5.6344012244898,-7.57723020408163,-6.59117918367347,-2.92236612244898,-2.00032244897959,-1.97485795918367,-0.166324897959178,-8.91565510204082,-3.03967795918367,-2.58284163265306,-2.97652163265306,-0.901479183673473,-3.67444448979592,-3.09267387755102,-6.45120408163265,-6.24690408163265,-6.48971224489796,-6.0789,-4.45455306122449,-1.05429469387755,-5.04964244897959,-2.93463714285714,-9.27980326530612,-5.68221265306122,-4.57715346938775,-2.34892122448979,-5.23998081632653,-3.48300448979592,0.644215102040818,-0.268878367346943,-0.68919510204082,-2.13133714285714,-5.99099387755102,-3.48786489795918,-4.69317265306123,-7.69911142857143,-7.46811142857143,-7.20342367346938,-6.45750285714286,-2.17128489795918,-3.34208489795918,-1.44312612244898,-8.53266367346939,-7.32095306122449,-9.55718204081633,-10.5956073469388,-0.605546122448978,-1.14887673469388,-2.04372775510204,-1.58037469387754,0.742741632653065,-4.44600571428572,-2.91538040816327,-5.6943,-6.58082081632653,-6.79135469387755,-4.27960489795918,-1.06070530612245,-5.79746040816326,-6.7606681632653,-4.42039265306122,-7.50853183673469,-5.41088816326531,-9.09790489795918,-14.8767130612245,-9.52830285714286,-9.67811020408163,-8.40284367346938,-5.96831918367347,-7.23024204081632,3.65753551020408,-0.806313469387753,-1.29490979591836,-5.39380408163265,-6.78292489795918,-2.36654857142857,-1.46106571428571,-1.33961142857143,-4.91245795918368,-4.64342244897959,-5.88164285714286,-7.28388734693877,-10.4782951020408,-13.2663481632653,-9.85954489795918,-10.90848,-11.3680391836735,-6.77649265306122,-6.32533265306122,-7.1172081632653,-8.35070040816327,-4.42914408163266,-5.17607959183674,-0.7903481632653,-1.45755714285713,-1.23410204081632,1.06778857142858,-0.201599183673466,-1.83076448979591,0.728123673469398,-3.20576040816326,-12.396612244898,-20.1147444897959,-13.4832444897959,-10.5788926530612,-20.6777395918367,-7.6928787755102,-6.25894979591836,-10.0546187755102,-8.64403714285714,-8.70053469387755,-3.49392163265306,-7.91569224489796,-6.74827387755101,-5.69734775510204,-2.5658387755102,-1.43506244897959,3.09181959183674,0.999119591836738,-1.85048040816326,-1.84130775510204,-4.57762367346938,-14.5422330612245,-12.5060595918367,-9.93393469387755,-9.83302530612245,-11.625193877551,-11.5302065306122,-13.0043755102041,-6.17114612244898,-2.46002081632653,-6.88850408163265,-4.63027469387755,-8.03984081632653,-3.36376040816327,-1.92141142857143,4.10542857142858,2.63515387755102,1.53615387755102,-3.97395224489796,-3.11463836734693,-5.79890081632653,-7.12546448979592,-7.47191428571428,-7.45584571428572,-5.57108040816327,-4.80139918367347,-7.08214857142858,0.416042448979596,-2.68669591836734,-1.82186816326531,-2.76616857142857,-6.97019551020408,-5.68542367346939,-5.19750244897958,-3.40400244897959,-2.43728408163265,-1.07915020408163,1.2459706122449,-1.81465959183673,0.509549795918375,-1.16964612244897,-2.54835224489796,-4.62879673469388,-2.25221714285714,-1.94907714285714,-0.960787755102039,-7.39443306122449,-3.87529428571428,-1.93596081632653,-1.90268448979591,-5.49544897959183,1.42598612244898,-3.95031265306122,-3.26881265306123,-3.32551265306122,-0.443523673469379,-2.86231142857142,-5.71258285714286,-2.30149918367347,-1.58900734693877,-0.741593469387752,-0.57996,-1.41682163265305,-5.34768734693878,-5.82907020408164,-5.43135551020408,-6.40872979591837,-7.54860979591837,-9.64449306122449,-0.708519999999993,-11.8973787755102,-12.9272306122449,-5.72378530612244,-6.97582204081633,-4.22241918367347,-2.98077387755102,-2.9206881632653,-4.24905142857143,-2.50000653061225,-0.9690187755102,3.79743551020408,-12.0551893877551,-1.71985959183673,-3.31912653061224,-2.71368163265306,-3.20128122448979,-2.36209632653061,-1.93905346938775,-3.49422204081633,-3.53348489795918,-7.83394163265306,-6.44268448979592,-0.607288163265302,-2.41988326530612,-6.56149183673469,-6.12067795918367,-5.69967836734694,-12.2995783673469,-11.1583212244898,-3.67086204081632,-3.18726775510203,-3.89698734693877,-4.51503673469388,-1.28547346938776,-1.2086187755102,-4.20189142857143,-6.55535102040816,-7.38234285714286,-7.35929346938775,-5.55584040816326,-6.56277102040816,-5.69975591836735,-10.6702526530612,-6.99550979591837,-7.50904040816327,-9.23865469387755,-9.05697428571429,-6.99384571428571,-9.21367183673469,-8.17534897959183,-9.78034448979592,2.81152734693877,-0.740546938775502,-0.651255102040821,-2.61243673469387,-3.97106979591837,-5.18827469387755,-3.38651306122448,-5.75759755102041,-4.94757632653062,-8.53520612244898,-11.5041681632653,-1.02925999999999,-6.80894,-1.22804530612245,-2.3104,-2.57163591836735,-3.2965906122449,-2.98792367346939,-0.551355510204075,-2.33601795918367,-5.61399142857142,-5.10601469387755,-7.12050816326531,-6.76625918367347,-9.20362163265306,-3.84058204081633,-6.84097224489796,-8.73263959183673,-9.40329387755102,-11.4700383673469,-10.4702355102041,-6.04856857142858,-6.30598775510204,-6.50843673469387,-5.84358040816326,-9.25311673469388,-5.07011510204082,-8.86003469387755,-7.23853224489795,-7.76225102040816,-3.3415306122449,-4.77714775510204,-2.61626571428571,-3.98866122448979,-1.29904734693877,-5.01918571428572,-4.08772244897959,-1.95757102040816,-1.46176979591836,-1.79775632653061,-5.32762571428571,-7.2252706122449,-12.2046155102041,-8.32422163265306,-6.39585918367347,-6.47489673469388,-8.53654693877551,-9.02186,-8.51760816326531,-7.75366163265306,-12.0637571428571,-14.2409571428571,-18.0541942857143,-16.9659183673469,-20.4315771428571,-19.0317391836735,-16.6336310204082,-14.3155367346939,-19.5107693877551,-26.9094636734694,-25.9423771428571,-31.7626857142857,-31.7633857142857,-24.6232742857143,-23.0162910204082,-13.2680906122449,-8.00980857142857,-6.20420163265306,-8.71025387755103,-11.9514432653061,-7.39433836734694,-3.8624518367347,-10.5874783673469,-9.01081102040816,-8.44140693877551,-9.47683510204082,-9.94073387755103,-8.73108979591836,-9.0533506122449,-8.17702285714286,-9.27561959183673,-0.932490204081631,-7.97081224489796,-5.39862489795918,-9.79317469387755,-9.43879755102041,-10.385846122449,-11.4612273469388,-10.2761053061224,-5.53540448979592,-3.3649493877551,-3.50717673469388,-3.14525551020408,1.06121591836734,-3.46080734693877,-2.00174244897959,-2.21943836734694,-1.34223836734694,3.63039918367348,-7.94280367346939,-4.54015346938775,-1.24824244897959,-4.27321591836734,0.0755620408163296,0.252012244897962,-6.6133587755102,-5.08281551020408,-1.72155918367346,-0.543167346938773,1.54423265306122,-3.3012106122449,-3.36889469387755,-0.880974285714288,-0.115274285714285,-2.54180448979592,-3.89925795918368,-2.64671387755102,-9.43482408163265,-9.71829265306123,-9.43597102040817,-13.2633395918367,-9.71986612244897,-10.3961151020408,-5.48259795918367,-0.846552244897964,-3.29783795918367,-4.84058857142857,-5.94583306122449,-3.41558163265306,-4.71269102040816,-2.33361265306122,-4.41229551020408,-6.28422326530612,-3.23148,1.99878081632654,-0.624633469387753,-1.01281959183673,-1.82985469387754,-3.43646408163265,-4.03439795918367,-2.82153346938776,-3.5762493877551,-4.06949795918367,-4.86464979591837,-4.93965102040816,-4.7238587755102,-5.25954081632653,-6.64437387755102,-2.4574987755102,-7.05352122448979,-0.239886530612239,-8.2545281632653,-8.57984448979592,-10.2644428571429,-5.27555265306122,-7.61649918367347,-1.96444163265306,-2.83119959183674,-2.79750204081632,-4.41757469387755,-3.89331591836734,-2.8491787755102,-6.67243918367347,-3.98101469387755,-6.79566285714286,-5.00499795918368,-4.73311387755102,-4.60792612244898,-2.39848204081633,4.53362285714286,-5.53050204081632,-3.79740979591836,-7.09358653061225,-5.91619673469388,-6.65696857142857,-8.35562448979591,-7.59169469387755,-7.35667020408162,-5.88059224489796,-8.99850897959183,0.266037142857144,-4.02150448979592,-3.82145346938776,-0.0561767346938709,-0.416039183673469,0.128530204081635,-2.1306093877551,-1.88945265306123,0.547512244897959,-11.9901097959184,0.773769795918369,1.56072163265307,0.536651020408165,0.7180918367347,-7.80214285714285,-4.31711795918367,-1.34679959183674,1.07730163265306,-9.46359673469388,-12.1899432653061,-10.2698387755102,-8.86417265306122,-8.71449510204082,-10.5692306122449,-11.1525306122449,-11.2478224489796,-11.8831489795918,-0.831079591836733,-2.01556408163265,0.285815918367341,-2.05122612244898,0.751222448979597,-5.38894081632652,-7.21585224489796,-5.06508897959183,-5.02937428571428,-2.84086204081633,-1.08839836734693,-6.73585142857143,-4.06799020408162,-1.51950285714285,-2.04474693877551,-0.957993061224485,-9.39451346938776,-11.6172742857143,-5.27399020408163,-8.35158653061224,-5.93287836734694,-8.29384,-8.75380612244898,-9.46078244897959,-10.6733979591837,-13.1178269387755,-14.2711681632653,-13.6693481632653,-10.885907755102,-11.927707755102,-8.75596204081633,-9.56018285714286,-10.25062,-5.10450122448979,-1.75607428571428,1.35538326530612,-0.315412653061223,-2.72342204081632,-2.65146122448979,-5.25829673469388,-9.57466938775509,-7.77530285714285,-6.92174163265306,-6.24212693877551,2.3511081632653,1.72471551020408,-2.21623102040816,-0.688776326530608,-3.56569714285714,-3.2163306122449,-0.137551836734687,-0.160176734693877,-6.00909224489796,-5.09743755102041,-5.12619428571428,-3.74665265306123,-5.50573306122448,-8.16507142857142,-5.07869020408163,-1.83256612244898,-2.47382244897959,-1.42680244897959,-4.54119306122448,-3.20298734693877,-2.92200408163265,-0.154184489795917,0.784657551020416,-10.3592518367347,-7.36017102040816,-7.42500285714286,-2.65782693877551,-4.22751714285715,-10.7424036734694,-7.06824530612245,-10.2189330612245,-7.24773265306123,-6.99862571428572,-5.50403387755102,-6.88986775510204,-6.56095061224489,-6.1208481632653,-1.08196897959184,-0.283877142857143,-6.15525877551021,-4.88665755102041,-5.45600448979592,-6.28168775510204,-4.38402693877551,-2.67805306122449,-0.964758775510205,-1.79856285714285,-0.849809795918368,-3.32814775510204,-6.44097183673469,-2.90296979591837,-9.67491591836735,-6.70895755102041,-6.53621061224489,-10.3711926530612,-6.90849510204082,-4.49981346938775,-5.15261265306122,-3.59080326530612,-2.08042857142857,-2.97806775510204,-4.03656897959184,-9.2003706122449,-11.4669571428571,-5.14201469387756,0.245625714285723,-1.10106571428571,-3.92639510204081,-4.8019118367347,-5.5785093877551,-9.00848244897959,-8.94733959183673,-6.41538653061225,-7.57119020408163,-8.86560122448979,-3.62730612244898,-3.8696481632653,-5.57797918367346,-8.15992734693877,-6.53186122448979,-6.75608,-3.57129632653061,-5.55665346938775,-8.43695061224489,-6.10736734693877,-7.18194979591836,-1.57286285714285,-2.20255877551021,-0.684807755102042,-4.18801959183673,-1.75319591836735,-5.83455836734694,-2.48690979591836,-1.19924040816326,-2.12640693877552,-0.976835918367343,-0.839889795918367,1.57583510204081,-1.73786612244898,-2.18858612244898,-1.31505510204082,-1.99612530612245,-0.511940000000003,-3.97046367346938,-1.34811142857143,-3.14477551020408,-4.76755142857142,-9.1172493877551,-10.9250212244898,-16.7928069387755,-15.163093877551,-11.5835359183673,-1.64698285714286,-3.31936979591836,-6.2584024489796,-7.90494530612245,-3.74153714285714,-2.90263959183674,-1.84822775510204,-3.55842040816326,-4.77285918367348,-3.39881346938775,-2.59507510204081,-3.68046897959183,-2.68773020408163,-1.52332775510204,-3.12248326530612,-2.54869265306122,-5.01441061224489,-4.25301346938775,-2.04564653061225,-3.40817306122449,-1.97786530612245,-11.0532355102041,-5.46521142857143,-5.69656,-4.2086,-3.7016718367347,-6.12169591836734,-2.88800367346938,-5.33768204081633,-6.20172081632653,-8.22185428571429,-15.707533877551,-13.766133877551,-14.258833877551,-10.8283163265306,-7.72520530612245,-3.99354448979592,-3.60804448979592,-3.9798706122449,-2.84781020408164,-6.07759142857143,-7.42790979591837,-4.10588204081633,0.0823244897959228,-2.15962204081632,-0.132540000000006,-3.23639795918367,-3.17710816326531,-3.19292,-4.90856734693877,2.77839102040816,-0.192006122448973,-0.795639591836725,-1.88960163265305,-2.02152897959184,-4.04358204081633,-6.10307551020408,-6.5539293877551,-5.24167551020408,-1.9616187755102,-4.18236530612244,-5.5440624489796,-1.78750489795918,-2.89137591836734,-5.42846693877551,-3.44518775510204,-5.05912040816326,-2.93404816326531,-3.29089469387755,-0.320660000000004,-4.66105387755102,-2.48112897959184,-2.19984204081633,-2.88984244897959,-6.54096,-5.86321265306122,-7.77141591836734,-8.18441714285714,-10.4900391836735,-3.81717428571429,-3.1128375510204,-4.69432653061224,-4.60872367346938,-2.77163265306122,-1.33282530612245,0.737834285714293,-1.04993510204081,-2.95685877551021,-0.659464489795916,-8.42513020408163,-6.29601306122449,-1.61171265306123,-5.48247714285714,-4.46544204081633,-4.69548326530612,-0.916034285714282,0.284063265306116,-0.564229387755098,-4.34026530612245,-7.12543714285714,-8.25879469387755,-3.37304408163265,-1.31757346938775,-4.02308285714286,-6.07835959183674,-5.58319224489796,1.66369020408163,2.72829020408163,-4.92639918367347,-7.12517428571429,-1.55674040816326,-0.200300816326532,-0.620697551020406,-1.59207346938775,-2.88082204081633,-18.1845485714286,-11.3030555102041,-8.6921281632653,-7.06013591836735,-5.2607387755102,-3.61685428571428,-1.17209428571428,-1.94567469387755,-1.33898326530613,-1.06537306122449,-5.55938367346938,-8.34247387755101,-8.48521673469388,-11.0967514285714,-10.9476379591837,-10.0122387755102,-6.34291469387755,-5.20922326530612,-4.19233224489796,-8.1421412244898,1.63457632653061,-4.51518693877551,-2.80755836734694,-3.52852530612245,0.635174693877552,-3.20674612244898,-1.4936093877551,-1.50833755102041,-1.31648408163265,2.58198816326531,-7.30503632653061,-8.69005306122449,-4.72114897959183,-7.70083795918367,-6.14062040816326,-4.4128012244898,-3.06497632653061,-3.38733469387756,-2.06374693877551,-0.928838775510208,-2.74623061224489,-3.04758857142857,-5.06066857142856,-2.81771632653061,-8.47865020408163,-6.31811795918367,-6.23737142857142,-7.32479102040816,-3.67495877551021,-4.04568897959184,-1.92629306122448,2.55804612244898,-2.79145428571428,-2.92430285714286,-1.3326587755102,-5.04997387755102,-0.538060408163268,-3.69630244897959,1.04356979591837,0.892511428571432,-2.07164489795918,-2.91049755102041,-5.16156897959183,-1.01049714285714,-4.04212204081632,-5.49104244897959,-4.36667673469388,0.981126122448984,-3.53377387755101,-4.63869061224489,-2.49529551020407,-5.40517591836734,-15.049492244898,-4.92999306122449,-2.89797306122448,-3.52721918367347,-6.09747183673469,-4.03005673469388,-6.69613714285714,-3.33968693877551,-5.13028897959183,-3.36661551020408,-2.90337510204081,2.42997836734694,-4.7174481632653,-6.31484653061224,-7.27353918367346,-5.56306530612245,-1.77528775510204,-1.18312,-2.42756979591836,-0.959597551020401,-2.11173306122449,-2.32574122448979,-3.23488,-0.82872857142857,-1.49097591836735,-1.64438081632653,-3.35981673469387,-5.07788489795918,-0.424833877551016,-5.77195510204081,-3.14890734693878,0.330183673469392,-2.41604163265306,-3.03214244897958,-1.29662612244898,-6.9162224489796,-8.92464775510204,-4.79203346938775,-4.95537510204082,-1.46119306122448,-1.50146448979591,-3.99567591836735,-5.27381714285714,-6.85709959183674,-5.09781959183674,-5.89118,-1.20583224489796,-5.65626530612245,-2.55299306122449,-2.52307591836735,-4.05284571428572,-3.0190893877551,-11.0920665306122,-11.0188273469388,-9.59437306122449,-7.73294163265306,-5.72616489795918,-4.93845469387755,-4.07122734693877,-1.99932244897959,-0.924233469387751,-4.38727510204082,-5.29711755102041,-2.80671265306123,-7.53052897959184,-3.19673877551021,-6.42886979591837,-5.64473469387755,-6.01111346938776,-7.92222775510204,-5.9497481632653,-5.8616481632653,-4.49799387755102,-4.03171999999999,-9.23687306122449,-9.80282040816326,-5.90608979591837,-5.54309714285714,-0.987038775510207,-4.20325510204081,-6.39443673469388,-2.40562857142857,-8.07195020408163,-8.15557632653061,-5.33807510204082,-6.85823551020408,-6.38007632653061,-10.5103053061224,-10.2342408163265,-8.62346244897959,-6.56708571428572,-10.3108751020408,-9.90217510204082,-10.3943751020408,-2.64022775510203,-2.44210571428571,-3.34961795918367,-2.13068775510204,-3.34366204081633,-5.78287306122449,-3.3906,-4.44228653061224,-1.99383673469388,-2.21218408163265,-4.87458122448979,-7.98247510204082,-13.5816102040816,-14.4215579591837,-12.3455273469388,-13.9669751020408,-15.2903751020408,-16.4935106122449,-7.49073632653061,-16.0305865306122,-13.8273412244898,-7.74560326530612,-1.58095959183673,1.63743224489796,0.123726122448986,-7.99457795918367,-5.13342612244898,-8.01161999999999,-8.60028040816326,-6.06827714285714,-5.4593412244898,-7.79926408163265,-6.34083551020408,-2.5868318367347,-1.76980489795918,0.187630612244895,-7.38206979591837,-19.6801053061224,-18.0092053061224,-31.1819473469388,-34.4971791836735,-24.8755155102041,-32.9175020408163,-31.6151359183673,-20.4905036734694,-23.4334036734694,-12.5680975510204,-9.21183020408163,-18.9049502040816,-15.7967167346939,-14.6759595918367,-5.52797510204082,-0.728753061224488,1.4232212244898,-0.0778738775510206,2.11401102040816,-1.5873857142857,-0.542415918367347,0.164004489795929,0.0970526530612261,-0.532037551020409,-1.07771510204081,-4.59402857142857,-5.73102979591836,-5.10740489795919,-4.11345551020408,-4.92729183673469,-1.63872897959184,3.00613836734694,-5.04961306122449,-4.12569959183674,-3.16071959183674,1.07336775510203,-1.46078285714285,-5.83202612244897,-7.47877795918367,-5.50575469387756,-1.64859918367347,-1.75208367346939,-4.50803632653061,-4.31675673469388,-5.06447632653061,-3.26692734693878,3.70607469387755,-0.498564897959177,0.0460751020408168,-3.32620489795919,-3.01315795918367,-1.71154979591837,-1.87121591836735,-1.26110897959184,1.43018734693877,-1.35792938775511,-2.35281061224489,-1.43381020408163,-3.10028489795918,-0.885657959183668,-0.864506938775506,-5.04510408163265,-6.30995510204081,-4.98168204081632,-2.12377387755102,3.34729020408164,-1.47837265306122,1.10668653061224,-9.01118653061224,-8.23825102040816,-8.28376081632653,-2.71563510204082,-1.5809787755102,-2.30120979591837,-3.93058326530612,-5.7702212244898,-2.46631387755102,1.24903183673469,-0.0187930612244926,-2.18992530612245,-7.81798326530612,-9.56484612244898,-12.4416812244898,1.38919714285714,-7.32888163265306,-5.52499959183673,-6.04283102040816,-3.25743591836735,-2.18615591836735,-2.52440979591837,-2.06088693877551,-1.73969714285714,-0.519633061224489,-2.92527673469387,-4.9017987755102,-4.03078653061224,-8.83836367346939,-15.9536902040816,-18.7413881632653,-4.33361591836734,2.89141918367347,-8.60929183673469,-5.36328163265306,-6.51098163265306,-2.9492693877551,-5.04679673469388,-5.94453346938776,-4.4021,-6.35693224489795,-6.02902408163266,-8.35970653061224,1.02319265306122,-2.89719428571428,0.776815510204081,2.10111020408164,1.64131020408163,1.99550897959184,-11.1201457142857,-13.6577489795918,-9.95943469387755,-13.1918269387755,-7.13435755102041,-4.70679102040817,-2.15673795918367,-12.4297048979592,-6.32383510204082,-4.62543510204082,-5.36296489795918,-4.98429714285714,-4.4582,-3.17264734693877,-2.94951755102041,-0.911416734693873,1.68364204081632,-0.898977959183668,-1.54883551020408,-4.75297306122449,-4.63855714285715,-1.5049718367347,-1.09626448979592,1.25308367346939,-4.37857265306122,-4.1371787755102,-3.86539714285714,-4.77276204081632,-5.22366734693878,-3.26622081632653,-3.15067102040816,-9.02897183673469,-0.28734448979592,-0.718153469387751,-1.27737306122449,-5.40819959183673,-1.13830775510203,0.006883673469396,-8.58979102040816,-8.13533469387755,-3.37339265306122,-6.67079387755102,-3.77030244897959,-4.87317020408162,-4.21495020408162,-3.10894734693877,1.90413142857143,-0.510446938775509,0.283711836734696,-1.29413387755102,-0.381023265306119,-2.53174081632653,0.915503673469395,-2.92243183673469,-2.1398412244898,-6.37238979591837,-7.06017346938776,-6.95908040816326,-5.82334979591836,-6.00354285714285,-7.34370693877551,-6.49956979591836,-4.85728040816326,-3.92786775510204,-4.83104734693877,-2.38208979591837,-4.49344326530612,4.09740571428572,0.489145714285719,-3.94555795918367,-2.94713428571428,-1.52849142857142,-1.69872448979592,0.628476734693884,-3.71288897959183,-6.52492571428571,-0.260960000000004,2.5756093877551,-12.4506106122449,-9.24793755102041,-4.01684448979591,-9.29945632653061,-6.23274326530612,-4.21442530612244,-1.63696244897959,-2.66899673469387,-6.56689142857143,-2.5236293877551,-4.4586293877551,-6.04244081632653,-3.92997673469388,-4.00821265306122,-5.1657775510204,-9.29607020408163,-6.55302122448979,-5.56510326530612,-4.8738106122449,-5.49570857142857,-5.29685673469388,-4.24725918367347,-4.06307959183673,-12.1363967346939,-12.1087971428571,-1.73488448979592,-4.36364897959184,-6.8848575510204,-1.57225551020408,-5.29845755102041,-7.64246571428571,-4.33468244897959,0.77498693877552,-5.17381673469388,-6.16340204081633,-10.7696881632653,-8.92089795918367,-8.95418448979592,-6.82814693877551,-7.32585224489795,-6.37947632653061,-9.88104204081633,-7.24011714285714,-2.46147918367347,-4.19538571428571,0.872756326530613,-0.663724081632644,-5.05063224489795,-4.77723346938776,-4.9101481632653,-4.16850775510204,-1.63520081632654,-2.83400285714285,-5.63328571428571,-8.46546285714285,-11.7517628571429,-7.54516979591837,-5.92243755102041,-5.7140375510204,-10.0487534693878,-9.44233265306122,-5.25041306122449,-3.46272612244898,-0.543540000000007,-1.7146893877551,0.841882448979597,0.379273469387762,-0.774326530612242,1.59110285714286,1.33370285714286,0.38343387755102,-3.36874163265306,-1.06230081632653,-2.31623510204082,-2.28939591836735,-7.14319020408163,-5.64262693877551,-6.04041591836734,-6.42415265306122,-7.16672326530612,-5.97112448979592,-3.23625510204081,-2.59283510204082,-6.74018897959184,-5.22630816326531,-7.90816693877551,-10.850212244898,-9.88052775510204,-16.2848559183673,-15.0845583673469,1.85731510204082,-0.473287346938783,-0.277299591836737,-3.36838,-2.98819551020408,4.02472204081633,0.876491836734694,-0.284092653061222,-1.81571959183673,-4.40456571428572,-1.97062326530612,3.26032122448979,2.52209387755103,-1.53955795918367,-2.99765959183673,-1.26608408163265,-2.5133187755102,0.374494285714285,-1.12492204081633,-5.80066326530612,-1.09132571428571,-2.16447959183674,-1.03160612244898,-2.42508571428571,-4.81728489795918,-4.77659918367346,-3.9760518367347,-8.64582857142857,-6.23846204081633,-5.61776081632653,-6.57587632653061,-4.96495020408163,-7.42053918367347,-10.0664587755102,-11.0400151020408,-7.26347795918367,-4.24890693877551,-2.61190653061225,-3.08064448979592,-4.10885428571428,-0.150422857142857,-0.421132244897954,-2.37497918367347,0.381823673469391,-4.33436693877551,-6.23685265306122,-4.44118326530612,-0.728788571428566,-10.3959791836735,-5.92246775510204,-7.58994,-9.35542857142857,-10.3335995918367,-5.48188,-5.37559877551021,-3.46096693877551,1.31262000000001,-3.5311493877551,1.83418489795918,3.3735412244898,0.586767755102045,-1.3894987755102,-2.40460857142856,-1.64902040816327,-0.811120408163262,-8.36430122448979,-13.3632926530612,-11.1280167346939,-13.7975836734694,-4.25715632653061,-5.09746163265306,-7.68262653061224,-6.52043551020408,-5.02119306122449,-5.10753346938775,-5.75949795918367,-5.25598408163265,-1.95658204081632,-2.46958,-4.24219306122448,-3.07986979591836,-6.85943469387755,-6.44325306122449,-2.41133836734694,-6.93301387755102,-9.84833428571428,-8.91959306122449,1.49990857142858,-2.95515755102041,-8.88335510204082,3.30908734693878,-1.42508612244897,-0.848632244897964,-2.09774897959184,-1.02215102040817,-3.33216163265306,-6.52589469387755,-7.37139959183673,-8.04223020408163,-6.68882122448979,-4.10838571428571,-4.31776612244898,-3.40187673469387,-2.67214816326531,-3.85080204081633,-3.41032530612244,-5.8805506122449,-5.47859306122449,-5.26201918367347,-7.94820163265307,-11.654567755102,-9.12348612244898,-8.37343795918367,-7.93841020408163,-9.10295918367347,-5.82664285714286,-10.6747444897959,-11.2411040816327,-8.10768693877551,-11.129633877551,-12.2172040816327,-16.7929812244898,-15.5566963265306,-11.5829951020408,-13.9764693877551,-6.8854106122449,-11.7316371428571,-3.95125918367347,-5.37755836734694,-8.11624,-5.02621224489796,-9.75654244897959,-6.96304979591837,-9.64238897959184,-0.851152244897953,-2.18794530612245,-3.30256693877551,-0.319190612244896,-1.76749183673469,-0.524591836734693,-1.49035020408163,-2.49467551020408,-6.60916857142857,-9.49566530612245,-6.98510530612245,-13.6301693877551,-11.4100208163265,-11.5518208163265,-8.99999918367347,-9.50439020408163,-6.95896857142857,-5.94233428571428,-7.01405510204081,-3.99160571428572,1.47324,0.419328571428572,-3.05867551020408,0.902031020408167,-0.655082040816325,0.218139183673472,-5.42229836734694,-8.43327428571428,-6.36351673469387,-15.8754489795918,-13.6327832653061,-15.3610946938776,-3.16342530612245,-3.38442571428571,-4.10806489795918,1.45723510204082,-3.38012204081632,-2.35634530612245,0.201689795918369,-4.68179795918367,-3.32292857142857,-13.9478224489796,-10.4148771428571,-12.3327632653061,-7.67856897959184,-4.37487510204082,-3.83533346938776,-5.85167428571428,-6.39040367346939,-4.95626408163265,-5.23223142857143,-7.91112285714286,-5.81214285714285,-6.85117632653061,-6.29227632653061,-6.50780448979592,-4.34850448979591,-5.83807795918367,-6.7363081632653,-11.2996510204082,0.112293877551025,0.734011836734695,-5.1648506122449,-4.3416893877551,-2.71167918367347,-3.91464204081633,-7.92160612244898,-9.79413469387755,-12.1845224489796,-13.7441073469388,-7.52598408163265,-5.66631795918367,-4.49279959183674,-10.0297746938775,-12.355592244898,-7.44679795918367,-3.57101632653061,-2.2763893877551,-5.31612612244898,-7.10079632653061,-4.51261306122449,-8.62353020408163,-4.38701795918367,-2.50691795918367,-0.00528693877550523,-12.9146804081633,-9.33772367346938,-10.7221302040816,-8.64864653061224,-10.3053465306122,-9.41944816326531,-10.6444142857143,-5.20372571428572,-4.50615469387755,-1.98347510204081,0.71123591836735,-0.901234693877548,-8.42988081632653,-4.66072204081633,-3.17218897959184,-5.86101142857142,-1.89498040816326,0.840552653061216,-1.40325265306122,-0.223833061224489,-2.0318093877551,-4.06101061224489,-8.57672857142857,-6.35845795918367,-7.48083265306122,-0.0740436734693901,-0.610858367346943,-7.71444734693878,-10.793572244898,-10.0295326530612,-5.47452653061224,-7.14320653061224,-6.61136897959183,-6.70117306122449,-7.36439020408163,-3.99500693877551,-4.79598285714285,-2.46576040816326,-14.225953877551,-1.57741551020408,-2.11658,-4.36003632653061,-7.48653918367347,-1.32293469387755,-2.10304816326531,-0.30573428571428,-3.29248979591837,-3.83094408163265,-5.98817714285714,-6.02796040816326,-8.2068012244898,-11.5996693877551,-5.96519673469388,-1.0901575510204,-1.86475591836734,-4.22482612244898,-4.01532612244898,-8.05800979591836,-13.6180053061224,-8.7671506122449,-9.85129428571428,-9.20852040816326,-5.17820571428572,-10.1094257142857,-8.95759795918367,-4.42055183673469,-4.23409061224489,-2.84650897959184,-4.36427306122449,-7.21787755102041,-2.74843591836735,-4.71477836734694,-1.27189387755102,-3.67897469387755,-6.94513428571428,-1.68454693877551,0.582038367346939,-0.687563265306125,1.91172816326532,-4.36530367346938,-8.62444285714286,-7.34197918367347,-3.76830897959184,1.52929346938776,2.42338979591838,-1.6642669387755,-3.8412706122449,-5.9293718367347,-7.02061224489795,-6.56832775510204,-7.92070081632653,-10.4518983673469,-9.57342979591836,-3.75182163265306,-6.83022612244898,-6.59296653061224,-5.35227142857143,-7.46273020408163,-7.54719224489796,-5.00056448979592,-4.20760326530612,-2.84153795918367,-3.00467591836735,-1.04797632653061,-1.21594489795918,-1.1559212244898,-0.631771020408166,-1.1564893877551,1.01561510204082,-2.4255012244898,-1.40053183673469,-0.893391428571427,-0.867611428571429,-2.83364285714286,-1.9955081632653,-5.16041918367347,-6.57092163265306,-3.99351714285714,-9.31843224489796,-7.56852653061225,-7.1706506122449,-6.01558285714285,-1.02489714285714,-8.35432163265305,-6.1559387755102,-0.947610612244894,-4.68378408163265,-1.95875795918367,-3.7630293877551,-5.93798040816326,-7.6307587755102,-6.45582,-8.32959551020409,-4.24585632653061,-2.24591877551021,-0.905282857142858,-3.49175102040816,-2.72496857142858,-2.59401469387755,-2.74580897959184,-4.51168408163265,-2.56091959183673,-2.56682653061225,0.588076734693885,-5.5472775510204,-6.22539102040816,-7.99568612244898,-6.22625959183674,-5.94391224489796,-2.05835224489796,-1.36179836734694,-9.75136244897959,-4.06717102040816,-2.89033183673469,-4.09113183673469,-1.53806326530612,-1.60726857142857,-1.38479020408163,-0.113390204081632,-0.4054106122449,-0.246128163265311,-7.35311428571428,-2.26657551020408,-6.20564653061224,-8.96803428571429,-5.18453877551021,2.06340612244898,-0.218213469387756,-7.91898163265306,2.68743306122449,-2.57758367346938,3.36235142857144,-5.79275836734693,-3.43849306122448,-2.35322734693878,-3.01347959183674,-0.49886448979592,-1.95630040816327,-0.850309387755097,-4.62842489795918,-2.58938285714286,-0.534771020408165,-9.0389093877551,-4.40126204081633,-5.09953632653061,-12.2670248979592,-9.06953469387755,-4.55112448979592,-3.99270775510203,-4.75337836734694,-4.10753183673469,-5.81003510204081,-12.4172053061224,-11.7324171428571,-6.68982285714286,-9.01592775510204,-2.57562,-2.17289918367347,-2.00446163265306,-6.55229387755102,-3.81108530612245,-3.26981632653061,-3.04281632653061,-5.26657959183674,-6.35255836734694,-4.5767187755102,-2.98275387755102,-1.85002081632653,-9.14052040816327,-9.44085061224489,-9.3486506122449,-10.7826448979592,-7.65826775510204,-4.13692775510204,-5.9925681632653,-6.86455959183673,-10.2458885714286,-10.4687791836735,-10.8089906122449,-11.62968,-16.7709424489796,-16.1364424489796,-15.4379975510204,-7.32154,-9.51999714285714,-5.60637469387756,-3.81352897959184,-3.80714244897959,-2.19285673469388,-1.65953142857143,-1.74121836734693,-2.50531102040816,-3.31556489795918,-0.111843673469387,-1.7676293877551,-3.61764326530612,0.775843265306122,-4.18876938775509,-6.28121836734694,-8.10862285714285,-7.51691387755102,-5.63494367346939,-2.16584448979592,-10.6246832653061,-18.6771665306122,-19.7895648979592,-15.4172791836735,-14.6775755102041,-13.2686473469388,-16.1188591836735,-7.54237959183673,-8.32416897959184,-8.1816187755102,-18.8686232653061,-12.7691351020408,-12.3880648979592,-7.08308204081633,-5.82782612244898,-7.9473293877551,-10.6622714285714,-6.4312212244898,-6.99707959183674,-7.70266204081633,-8.25676204081633,-16.4618281632653,-13.383347755102,-6.62629306122449,-7.95184653061224,-3.71121959183674,0.337941224489803,-5.59457551020408,-7.21249510204081,-7.71729510204081,-4.00023999999999,-3.48568612244897,-4.28213102040817,-6.7039212244898,-6.1017106122449,-8.39948448979592,-5.83622326530612,0.875829795918371,1.14161918367348,-0.158480408163257,-1.75506204081633,-2.13042367346939,-2.61582244897959,-1.01516857142857,0.282350612244898,-1.10676897959183,-4.89755469387755,-5.32909673469388,-0.705381632653058,-3.33801020408163,-5.46154448979592,-5.51093591836734,-5.4855587755102,-8.22671102040816,-4.43936367346939,-4.30927510204081,-6.41647306122449,-6.2427918367347,-4.20945428571429,-6.78662816326531,-0.68582,-2.4150787755102,-2.07634897959183,-1.16247551020408,-7.94091836734694,-4.59136040816326,-5.20226816326531,-3.5643093877551,-9.69843591836734,-8.00759755102041,-6.74282897959183,-6.40068285714285,-5.79300448979592,-1.20258,-1.28357020408163,-11.2952567346939,-10.6056130612245,-10.0234432653061,-15.7244693877551,-12.721133877551,-4.37476775510204,-3.25764081632653,-3.28600367346939,-3.41731469387756,-6.79799591836735,-4.27889387755101,-1.85229020408163,-3.58797918367347,-3.84747346938776,-3.94291469387755,-3.68170979591837,-5.46838163265306,-6.81194571428571,-13.3619302040816,-3.99412,-3.91109346938775,-2.77506653061224,-3.70323959183673,-4.18202979591837,-5.2964587755102,-4.49261142857142,-3.80473510204082,-2.37348448979592,-3.08464734693878,-3.20094040816326,-3.65620857142857,-2.49720693877551,-2.67528693877551,-3.42663020408163,0.975031428571434,-4.20047183673469,-6.91286448979591,-11.666286122449,-9.92368489795918,-5.95408489795918,-9.78848857142857,-7.83641265306122,-11.16424,-11.80034,-15.4676310204082,-8.57611795918367,-6.5666693877551,-0.713113469387757,-10.4633163265306,-7.17123102040816,-10.121832244898,-6.22179714285714,-2.89183265306121,-2.8538587755102,-5.17995428571428,-3.89878612244898,-0.70656081632653,1.71957632653061,-6.73196612244898,-14.7774118367347,-2.13216612244898,-5.14298775510204,-6.5218493877551,-5.14102448979592,-6.57488571428571,-8.99694857142857,-11.3119359183674,-0.876191020408164,-3.16219591836735,2.67022734693878,0.517411836734695,-4.17921673469388,-7.01365020408164,-7.85318204081632,-6.58902326530612,-6.90179020408164,-2.99346489795919,-4.0633575510204,-4.50177387755102,-6.20542448979592,-4.64034204081633,-6.48978326530612,-5.26555142857143,-2.93527551020408,-2.09278244897959,1.1800787755102,0.195364489795914,-0.278354285714286,0.126658775510201,2.41815265306123,4.81154,0.406082448979589,-0.494976326530612,-2.04647959183674,-3.33147387755102,-1.93805551020408,-2.65924122448979,-1.36669469387755,-3.56848,-2.85037306122449,-2.8957681632653,-1.86492734693878,-2.25038775510204,-3.81818489795918,-5.4225093877551,-6.94089265306122,-6.73587224489795,-7.97257632653061,-8.63762775510205,-8.21119142857143,-9.58028653061225,-13.0536746938776,-2.64563795918367,-9.04051346938776,-12.2648004081633,-3.61560367346939,-0.7881093877551,-4.99397346938775,-3.55951306122449,-0.210053877551019,-1.67867224489796,-4.72832040816326,-4.0755681632653,-5.7789869387755,-5.94788571428571,-4.96278204081632,-2.46208489795918,-0.922001632653064,-0.183806122448978,-0.569854285714285,-2.51429959183674,-0.440554285714285,-2.17883755102041,-3.41181510204081,-0.556041632653056,-8.17400448979592,-4.35572530612244,-8.09565346938776,-8.34349959183673,-4.7026787755102,-14.5288587755102,-7.22573510204082,-4.74136448979592,-4.93473469387754,-9.06312775510204,-7.19726653061225,-7.49872326530612,-10.940966122449,-10.904866122449,-13.3577653061224,-13.3117653061224,-12.9576363265306,-9.78159673469387,-11.7487436734694,-8.94683428571429,-6.83504979591836,-3.44063265306122,-3.27269918367347,-2.89411836734693,-1.90185510204081,-3.75879469387755,-0.323268571428578,-5.10846244897959,-0.106232653061227,-3.30438448979591,-3.25662163265306,-5.92155224489796,0.810173061224489,0.629419591836736,-1.98438448979591,-4.2823669387755,-1.08096367346938,-1.56430326530612,-5.49466857142857,-6.32137306122448,-0.908259183673472,-0.413585306122442,-4.78606571428571,-2.40450408163265,-3.61802857142857,-6.62809836734694,-6.26809306122449,-13.6598334693878,-21.7749269387755,-14.987626122449,-22.055593877551,-7.12418653061224,-10.82742,-13.0810795918367,-1.2447881632653,-3.62576081632653,-3.58834571428571,-3.97066693877551,-7.35932653061224,-4.58692571428571,-6.54941632653061,-4.22484979591837,-5.0727575510204,-2.1431893877551,-10.7129040816327,-11.2114906122449,-3.67858653061224,-2.58511510204082,-3.69219918367347,-5.33404448979591,-0.461208163265304,-4.32094530612245,-7.11910244897959,-6.20248530612245,-7.48715510204082,-6.55475102040816,-4.35829836734694,-3.53715877551021,-3.46277959183673,-10.8529693877551,-6.77531510204081,-7.47993591836735,-5.91055591836734,-5.14019142857143,-9.74324979591837,-10.5718465306122,-8.83302530612244,-5.70789959183674,-3.12676163265306,-3.87443836734693,-5.59300244897959,-5.32564612244898,-6.18540530612245,-4.82194857142857,-6.3358318367347,-7.19455346938776,-4.97624326530612,-5.944,-4.12113020408163,-5.70522204081632,-4.03041836734693,-8.47529387755102,-7.1207306122449,-7.68056040816327,0.796231020408172,-4.33783387755102,-2.67438857142857,-3.0403187755102,-3.63642163265306,-2.26816857142857,-2.41275795918367,-12.7652897959184,-9.7205975510204,-10.5650008163265,-9.78692448979592,-8.57874448979592,-8.95320285714286,-7.12373551020408,2.62401591836735,-11.9722971428571,0.51942530612245,-0.717197142857145,3.24998612244898,-0.537411020408157,-1.54747632653061,-0.407876326530612,-3.80247102040816,-3.13826367346939,-0.594058367346939,0.57966816326531,-1.6845881632653,-1.2312881632653,-2.97323918367347,-4.15830122448979,-0.671665714285709,-1.76459387755101,-3.10072244897959,-1.64443102040816,-2.99726489795918,-0.518722448979588,-2.38603918367347,-5.10802448979592,-5.6789975510204,-8.62595306122449,-9.70617346938775,-8.31153918367347,-7.62743061224489,-5.44559224489796,-19.7976024489796,-5.93166122448979,-3.81680816326531,-3.21810081632653,-1.78781714285714,-0.483931428571424,-0.129116734693874,-0.0873481632653039,1.0227518367347,-5.03368,-4.2521906122449,-6.94265346938776,-7.80505918367347,-4.97615224489796,-6.45954326530612,-5.31046326530612,-9.52893265306123,-9.98110204081632,-8.66611061224489,-13.8036836734694,-9.27512816326531,-5.35196408163265,-7.28807836734694,-4.90649673469388,-2.09776204081632,-1.66743877551021,-3.06640081632652,-2.94155102040816,-4.24487102040816,-4.42364693877551,-3.41404489795919,-5.72304734693877,-2.41913755102041,-2.72911836734694,-0.679883265306124,-4.10285224489796,-10.108873877551,-3.84659265306122,0.392460816326533,1.41426081632653,0.838768163265307,1.47933346938776,-4.01603510204082,1.14353387755102,-3.52194448979592,-3.8052093877551,-4.4242293877551,-1.52482040816327,-4.89913224489796,-9.1977187755102,-6.1953893877551,-10.5653983673469,-8.63623755102041,-6.97540285714286,-2.28746612244898,-1.13552857142857,-3.70586367346939,-1.01118734693878,-5.35503142857143,-6.02257551020408,-8.42438244897959,-9.28395469387755,-9.14754489795919,-9.19919469387755,-11.8750526530612,0.467759183673472,-0.507003265306118,-7.74347306122449,-10.2841326530612,-8.72128571428571,-6.95192897959183,-9.56276775510204,-9.86107020408163,-8.75897755102041,-3.81137183673469,-6.71414285714285,-6.34737306122449,-8.04893428571429,-11.7971436734694,-7.69467346938775,-8.23306979591837,-12.2579804081633,-11.6095102040816,-14.9678742857143,-10.9175620408163,-10.2828587755102,-9.74215877551021,-8.71055020408163,-8.2635906122449,-5.5608787755102,-5.95286571428571,0.516885306122447,-1.45962775510204,-5.13918040816326,-9.94500204081633,-10.5912751020408,-5.66683306122449,-7.28735591836735,-6.86471142857143,-3.20213183673469,-1.28315020408163,-2.90005591836735,-2.89437061224489,-2.43628448979592,-0.715128571428565,-2.09617387755102,-1.07726857142857,-1.03277551020408,-1.81585306122449,-4.91497673469387,-5.93914081632653,-6.92214816326531,-5.49735551020408,-7.67632571428571,-5.88389306122448,-2.12779714285714,-3.19002612244898,-5.9714106122449,-8.74000244897959,-5.65356734693877,-6.53804244897959,-8.18738979591836,-9.64903591836735,-6.21989918367347,-3.49671632653061,-6.32184326530612,-5.27294326530612,-4.72441265306122,-4.90706979591836,-2.31853836734694,2.76438693877552,3.52768693877552,0.501168163265305,-7.49692448979592,-4.6508587755102,-9.95051836734693,-9.65741183673469,-9.84708326530612,-14.1094742857143,-7.75601306122449,-5.1277187755102,-1.54477510204082,2.61565346938775,1.74316693877551,0.652471020408164,-5.34865959183674,-7.43049102040816,-8.56817755102041,-6.85897428571428,-8.40335510204082,-13.5795432653061,-12.159887755102,-9.3713706122449,-8.15466979591836,-8.03482285714286,-11.2854081632653,-6.07853428571429,-2.99900408163266,-3.36617591836734,-9.2507975510204,-2.09681918367347,-3.28623306122449,-4.41209020408164,-5.47657673469388,-5.24157836734694,-4.12826612244898,-1.81922653061225,-3.5748293877551,-1.95785346938775,-2.95308816326531,0.62897142857144,-0.633093469387752,-9.94108571428572,-5.67304,0.433066938775511,-3.82918530612245,-2.23098530612245,0.0677783673469463,2.4252812244898,-11.3973212244898,-14.91724,-13.1822506122449,-13.1972297959184,-13.451146122449,-11.9250942857143,-13.2202130612245,-15.7087048979592,-7.96640122448979,-8.07463836734694,-6.27662367346938,-4.89858979591837,-5.6032187755102,-11.4444730612245,-5.62199795918367,-6.74540081632652,-5.4116987755102,-2.88689673469388,-6.61871632653062,-4.40732367346939,-3.26156693877551,-6.04839265306122,-4.41357224489796,-7.10781591836734,-6.78701183673469,-12.2123351020408,-5.35546530612245,-4.0147987755102,-6.56541469387755,-1.00894448979592,-0.279022448979582,-2.66036775510204,-2.50509469387755,-8.65735306122449,-7.99169428571429,-7.09831959183673,-3.70125918367346,-6.07429959183673,-4.88094163265306,-2.03880775510203,-2.90246244897958,-0.564670204081636,-3.00160040816326,-3.88906326530611,-3.4346987755102,-0.330198775510198,-11.2150657142857,-6.33432979591836,-2.82339102040816,-5.97367102040817,-10.0521910204082,-7.23065551020409,-6.78050897959184,-5.10866653061224,-4.85307142857143,-2.95749306122449,-2.90953591836735,-1.6514612244898,-3.21688,0.266500408163267,-6.44444857142857,-8.24268081632653,-4.42377183673469,-2.40335469387755,-3.31429224489796,-1.84148734693878,2.1040906122449,-2.91199795918368,-0.9549375510204,0.329153061224488,0.531780816326531,0.776889795918372,1.07153224489796,-2.34812693877551,-6.25216734693878,-10.1811102040816,-11.3442510204082,1.78491265306123,-2.40025346938775,-2.3728293877551,-8.23527918367347,-7.9173612244898,-5.9858293877551,-8.50687469387755,-11.2615897959184,-19.1605248979592,-6.13083020408163,-6.42701673469388,-6.42768408163265,-1.69510857142857,-0.782675102040812,0.459275102040813,3.28141183673469,-0.965162448979598,-3.58997795918368,-6.12344897959183,-7.24305714285714,-6.3810187755102,-6.3238306122449,-6.50556326530612,-6.96182408163266,-5.48563673469388,-4.9088881632653,-11.4608983673469,-9.48407959183674,-6.71637142857143,-0.852173877551017,-3.24941265306122,-5.14091020408163,-4.5673106122449,-8.52894693877551,-6.45869428571429,-11.2327330612245,-9.69638081632653,-10.5843297959184,-6.88452285714285,-5.23708408163265,-8.95665714285715,-5.1000506122449,-4.37956653061224,-6.16544367346939,-3.33685632653061,-9.44130693877551,-6.61123020408163,-9.21033020408163,-5.89498571428572,-5.87804285714286,-5.71944285714286,-0.802293877551016,-0.989891428571426,0.217116734693874,-0.356709387755103,-0.270479999999999,-2.29374775510204,-0.103472244897958,-7.23114,-7.25582979591837,-2.92690530612245,-4.22385428571428,-4.30090979591836,-1.42531428571429,-0.611881224489792,-2.35092081632653,-7.37138734693877,-2.37168448979592,-4.71280081632653,2.14953224489796,-2.98840857142857,-6.4081106122449,-11.4077804081633,-7.93634489795919,-3.71250571428571,-6.69636612244898,-4.86780285714286,-13.6705383673469,-15.018013877551,-13.1200114285714,-6.52373673469388,-3.44458653061224,-3.14562244897959,-1.94615714285715,-5.3668575510204,-2.42198612244898,-1.51818326530612,-7.07988530612245,-7.62674122448979,-8.54231265306122,-6.50570530612245,-9.47376489795918,-8.60607469387755,-8.67369551020408,-9.38944408163265,-8.92538244897959,-12.4320175510204,-3.97300367346939,-0.0545453061224421,1.03088693877551,-1.63708408163266,-2.88028489795919,-3.95421306122449,-2.41004489795918,-3.37599551020408,-1.61974326530612,-1.99308285714286,-4.81947795918367,-4.10402612244898,-5.95891836734694,-7.7351375510204,-8.48582326530612,-6.22949142857142,-6.20161918367347,-5.4073893877551,-4.4491187755102,-6.48746326530612,-9.20342326530611,-5.01260897959184,-4.05436040816326,-2.12249265306122,-9.36002857142856,-6.72004857142857,-6.47143551020408,-7.44084204081633,-5.26600326530612,-8.29630775510203,-8.91688489795919,-6.46683469387755,-5.46818571428572,-10.0331595918367,-13.8168575510204,-10.5462130612245,-9.7601387755102,-14.5360444897959,-11.0600530612245,-11.4200428571429,-9.69012204081633,-9.87298857142857,-9.2675787755102,-8.70113755102041,-15.3903624489796,-0.252980816326527,-1.69972612244897,-1.16517918367347,-2.59161591836735,-1.18641795918367,-3.8238281632653,-6.75955551020408,-4.80563959183674,-2.23152408163265,-3.5087306122449,-0.492787755102036,-1.32908163265306,-5.05019959183674,-6.26659306122448,-8.50954244897959,-3.71489551020408,-6.18785959183673,-5.89330775510204,-6.53183795918368,-4.64449265306122,-1.62067591836735,-6.54430244897959,-7.10090571428572,-2.73656040816326,-1.64305673469387,-5.6500893877551,-3.68096040816326,-1.80426489795919,-5.15813959183674,-2.51529102040816,-11.9784118367347,-12.3856902040816,-9.31338897959183,-10.1176632653061,-6.6595881632653,-2.77875387755102,-1.51301020408163,-2.40594775510204,-3.97932122448979,-9.41265755102041,-2.27627265306123,-4.12271673469387,-3.56207142857143,-4.45624775510204,-2.31510163265306,1.8335893877551,-4.59176448979592,-7.04405632653061,-4.59944040816326,-12.6571693877551,-10.8079926530612,-6.90700448979592,-8.03430612244898,-13.9322824489796,-10.3959665306122,-14.1640016326531,-11.6741465306122,-12.2072653061225,-7.84337142857143,-6.34495959183673,-4.9587,-0.370966530612243,0.875857551020417,-1.33978081632653,-6.73506979591837,-5.36585020408163,-5.7927106122449,-3.07312857142857,-3.99062612244898,-1.79122612244898,-2.49078408163265,-1.36677632653061,-1.85264653061224,-3.56157265306123,-5.11532571428571,-4.62884448979592,-2.98467387755102,-4.85124734693878,-1.32934204081633,-2.85409795918367,-3.96574163265306,-5.47506244897959,-4.72738040816326,-3.38375755102041,-11.6059085714286,-8.17613673469388,-7.26024897959184,-5.85217755102041,-8.52373755102041,-7.3117081632653,-3.72307591836734,-6.93182612244897,-11.2579665306122,-8.31851551020408,-5.38626897959183,-5.7146118367347,-7.73366612244898,-6.59617020408163,-7.9424375510204,-9.24375183673469,-7.31438571428571,-11.0034844897959,-10.1498824489796,-8.73288612244897,-5.67772122448979,-8.25531020408163,-5.40473795918367,-1.93842408163265,-1.11952326530611,0.446782857142864,-5.17850489795918,-7.63874448979591,-3.73606530612245,-0.910478775510207,-3.64031836734694,-3.15756448979592,-3.90700367346938,-3.19300612244897,-3.02555306122449,2.65800979591837,-0.713682040816323,-2.5586187755102,-3.55802081632653,-3.8967481632653,-2.62320367346938,-2.98742448979592,-0.574409387755104,-4.49594326530612,-6.40945469387755,-4.87607183673469,-3.29761142857142,-4.52896734693877,-5.54201387755102,-5.20825020408162,-4.44155142857143,2.30969755102041,-1.07190897959184,-5.30651428571429,-8.70771346938776,-9.17831346938775,-8.94288857142857,-6.1981881632653,-1.31668693877551,-4.12648285714285,-12.249653877551,-8.05071959183673,-12.1874432653061,-13.8574775510204,-10.7284342857143,-12.0975930612245,-9.84629183673469,-6.27773061224489,-6.2921612244898,-4.24675224489796,-6.55762163265306,-1.44331591836735,0.855959183673477,-6.53005102040816,-12.3564004081633,-11.7757114285714,-11.9489114285714,-9.38855224489796,-18.866686122449,-16.2475579591837,-18.6086579591837,-19.3066869387755,-18.5308869387755,-14.5116044897959,-11.7100036734694,-14.7207608163265,-9.32520367346939,-10.1587824489796,-8.92965142857143,-8.74097469387755,-9.59386693877551,-2.75879673469387,-2.09832530612245,0.295901224489796,-8.67928938775511,-11.4881024489796,-11.5927367346939,-8.58818612244897,-7.5147375510204,-10.5801024489796,-9.89750326530612,-13.0043269387755,-6.6288506122449,-3.51558408163265,-3.71357061224489,-2.96640163265306,-2.67380163265306,-1.0250706122449,0.0438204081632705,-4.94686857142857,-12.6653155102041,-9.23790612244898,-6.73548448979592,-8.85889551020408,-4.88170857142858,-3.56087510204082,-5.43072408163265,-4.09579102040816,-3.87507591836734,-3.08334448979591,-3.00992204081633,-3.05360816326531,-3.09418693877551,-7.91543265306122,-5.04310040816327,-5.46786612244897,-7.06631183673469,-8.51946,-12.4492195918367,-7.03767551020408,-9.35819714285714,-6.90021918367347,-9.72459836734694,-5.73531918367348,-7.23588571428571,-7.98433387755102,-9.1959506122449,-9.26836775510204,-12.2861697959184,-13.8240836734694,-16.44842,-13.59932,-20.1714493877551,-17.4770204081633,-12.4056963265306,-10.8812963265306,-14.2799608163265,-14.8414351020408,-13.5374453061224,-15.4209673469388,-18.6179673469388,-18.5710310204082,-5.27266734693877,-4.95149551020408,-4.1251506122449,-3.25812489795918,-2.83056979591836,-0.487142040816323,-5.02219346938775,-3.10645795918367,-3.05137102040816,-8.41188285714286,-9.89763755102041,-10.6024620408163,-4.33422857142857,-2.18097591836735,-4.45676816326531,-9.90458326530612,-7.43818571428572,-11.8722134693878,-7.47562693877551,-2.29015591836735,-3.40691224489796,-3.61838979591836,-9.62269469387755,-2.35542,-7.17438244897959,-5.68104204081632,-13.4457191836735,-14.0098506122449,-15.2756930612245,-11.2057285714286,-11.905893877551,-8.68399387755102,-8.94010734693878,-9.52810612244898,-11.1355767346939,-14.2847481632653,-10.5267391836735,-11.9448942857143,-16.8417240816327,-11.2132212244898,-8.83749224489796,-7.23722081632653,-0.54155959183673,-2.46802204081633,-7.73934897959184,-4.74418530612245,-9.20933265306122,-15.2409673469388,0.471910612244898,-0.636578367346942,-2.97832204081632,-4.65749265306122,-3.89626367346938,-4.10729183673469,-6.07077428571429,-0.202373469387751,-0.847399591836734,-4.25205959183673,-3.69961632653061,-1.50440204081632,-1.39218163265306,-3.40470857142857,-2.21137795918367,-3.10067795918367,-6.87228,-8.08118285714286,-9.12848204081632,-10.2272787755102,-10.6004240816326,-10.5605906122449,-7.04816693877551,-6.64756081632653,-9.61979428571428,-7.29378367346939,-4.7141963265306,0.0382665306122476,-0.451757551020407,-1.72027265306122,-3.25398367346938,-2.77292653061225,-3.22177918367347,-4.34049428571429,-6.69753795918367,-1.50183265306122,-2.02608244897959,-5.36889265306122,-3.39237428571428,-1.26487142857142,-0.489893469387752,0.301123265306117,-0.0589665306122384,-0.0534534693877546,-1.91314571428571,2.91725632653061,0.9864812244898,-16.0530587755102,-16.0530587755102,-12.0264469387755,-10.3219689795918,-11.96154,-10.0932195918367,-3.55136612244898,-1.49338816326531,-0.311810204081631,-3.61531224489796,-10.6605779591837,-0.760404897959177,-8.87188244897959,-5.53504775510204,-7.79118775510204,-8.32322816326531,-8.3129281632653,-6.96963102040816,-9.02617469387755,-5.79857428571428,-4.98605918367346,-3.67218857142857,0.783903673469389,0.656844489795915,0.794431428571436,-1.42059918367347,0.303166938775519,-1.78817020408163,-3.00509428571429,-2.98885346938776,-3.40696897959184,-8.57999306122449,-4.40627306122449,-3.41890204081633,-7.52415959183674,-5.67817224489796,-7.74718612244898,-8.55385224489795,-5.78317632653062,-5.23760816326531,-6.55996734693878,-3.2950869387755,-2.32408693877551,-2.80324040816326,-2.96734040816327,-1.75540408163265,-1.36350408163265,-2.20233918367347,-3.12717020408163,-1.1032975510204,-1.04037999999999,-2.09667999999999,-3.37741999999999,-3.97388734693877,-5.50932204081632,-0.129621632653055,1.7440718367347,0.124178367346943,1.40524693877552,-1.2327893877551,-3.91656857142857,-7.89615836734693,-5.2577718367347,-4.26091428571429,-5.68287591836734,-6.43290857142856,-8.68910204081633,-8.27154408163265,-9.5734293877551,-12.3412897959184,-12.1396465306122,-12.4665983673469,-8.67082448979592,-4.65722081632653,-3.2822318367347,-0.963108571428577,-5.43846653061225,-10.5238057142857,-8.58591142857143,-5.00484040816326,0.306783265306123,0.15830081632653,-6.48692448979592,-3.04808857142857,-1.92131551020408,-10.1279469387755,-10.4223551020408,-11.0582204081633,-3.61608612244898,-2.07016734693877,-7.36140285714286,-11.227212244898,-8.87830571428571,-9.31048326530612,-7.68333551020408,-6.49362938775511,-10.6019330612245,-8.03647795918367,-7.92010204081632,-6.79040204081632,-7.76370326530612,-6.83005306122449,-7.80350367346939,-7.52432408163265,-10.859352244898,-9.94153428571428,-8.94989265306122,-6.32542040816327,-6.26399102040816,-7.5439706122449,-6.3447693877551,-6.9154106122449,-3.53650857142857,-5.56224204081632,-8.65124897959183,-8.82870693877551,-8.53399673469387,-10.532653877551,-9.34631551020408,-7.03102857142857,-15.8577457142857,-15.1377359183673,-17.9072224489796,-10.9585616326531,-7.2139081632653,-8.78585632653061,-9.19958897959184,-12.9060812244898,-11.6677187755102,-12.2941065306122,-11.2888065306122,-9.16500653061225,-8.47263551020409,-13.6383551020408,-14.3737228571429,-4.63735918367347,-6.01781632653061,-6.88536857142857,-8.32920040816327,-10.878787755102,-11.506432244898,-8.73322775510204,-7.10844979591837,-9.13843102040816,-10.1230506122449,-8.54113795918367,-5.97866530612245,-7.60068244897959,-2.08657551020409,-6.49319918367346,-2.64705020408162,-2.05163387755102,-6.41221265306122,-6.48611265306123,-8.0984812244898,-7.46099469387755,-16.3087779591837,-16.4755779591837,3.00318244897959,-5.71600081632653,-7.15330122448979,-7.4304318367347,-4.5639012244898,2.38500204081633,-2.18728979591836,0.492910204081639,-0.747376326530613,-0.790221224489798,-3.22667142857143,-3.21076204081633,-2.49283836734693,-3.97641959183674,-3.79341959183674,-4.94520897959184,-3.44980530612245,-1.35511510204081,-2.4983893877551,-5.27365836734694,-4.37780326530612,-9.41345959183673,-7.46439224489796,-6.70278612244898,-0.176893877551016,-6.16871183673469,-8.04393469387755,-5.43734571428571,-6.70350163265307,-1.00406163265306,-2.09572816326531,-1.98306530612245,-6.78528897959184,-3.98386163265306,-8.33858530612244,-11.0254444897959,-7.97228775510204,-2.47677102040816,-3.17981224489796,-7.66725591836735,-18.9321710204082,-20.363792244898,-25.2409546938775,-16.5647420408163,-16.2212204081633,-16.5214204081633,-16.2892110204082,-13.2607657142857,-17.0989706122449,-17.0407706122449,-5.25653836734694,-1.52864408163266,-3.29424408163265,-9.6832387755102,-6.35868285714286,-7.6847412244898,-4.19596489795918,-2.78400244897959,0.906027346938778,1.55962081632654,-2.10765795918367,-5.29137102040816,-7.93132530612245,-10.380873877551,-3.38180897959184,-2.53985673469387,-1.95785673469387,-4.00072775510204,-0.940586122448984,-8.22894081632653,-10.7119040816326,-9.31184897959184,-7.13874163265306,-6.55886816326531,-5.03557428571429,-4.75442326530612,-10.0196763265306,-8.91934530612244,-11.0217791836735,-11.313793877551,-9.67045714285715,-7.43465224489795,-8.08825673469387,-9.10654653061224,-5.29146204081632,-2.58483183673469,-7.23135469387755,-5.15352857142857,-6.37200204081633,-4.71560204081633,-12.2891571428571,-8.85662285714285,-7.10357551020408,-15.8311820408163,-10.6433457142857,-16.5406453061224,-16.6492787755102,-0.862396734693881,-5.74603795918367,-4.39264653061225,-4.80657918367346,-2.53073918367347,-3.85177224489796,-10.4194424489796,-8.72193714285714,-12.9895032653061,-8.56413714285714,-10.5763106122449,-0.241952244897959,-3.65153224489796,-8.53532489795918,-2.34824489795918,-4.41200571428572,-4.14548326530612,-4.48384367346939,-5.10003306122449,-5.78615142857142,-1.63869306122449,-1.60649306122449,0.46930693877551,-1.89311673469388,-3.20129591836734,-9.92284612244897,-11.3659012244898,-7.21761714285714,-5.76653795918367,-8.97421265306122,-12.3974910204082,-8.25435102040817,-6.75856775510204,-3.2294387755102,-1.78234734693877,-3.21170163265306,-4.01192326530612,-2.17019836734694,-9.84199673469388,-9.38585591836735,-7.39505306122449,-9.43002326530613,1.83661183673469,-0.0259118367346929,-3.27504530612245,-2.93902204081633,-6.43088204081632,-6.30863387755102,-9.23906653061224,-8.29056653061225,-4.73056775510204,-7.32904816326531,-11.4012175510204,-6.83522081632653,-8.24186653061224,-6.70676285714286,-8.64161183673469,-8.72043551020408,-7.45365795918367,-1.97555755102041,-1.99569346938776,-3.00514122448979,-0.186353469387754,-2.09983265306122,-1.23778612244898,1.24004775510204,-4.05528163265306,-2.9413387755102,-5.27673959183673,-4.95939102040816,-4.6782281632653,-5.43704530612244,-2.10196897959183,-4.44712408163265,-0.233805714285715,-1.12875020408163,-3.09251224489795,-2.40568448979592,0.248362040816332,-6.66415632653062,-10.1096008163265,-3.60011020408163,-3.59594653061225,-1.00039836734693,-3.34508040816326,-8.86385795918367,0.0147865306122483,-2.50411673469388,-4.31845632653061,-0.597471020408165,-3.01920530612244,-4.19862857142857,0.0680330612244902,-2.19026693877551,-6.42398204081632,-0.279795510204089,-7.95642040816326,-5.24887142857143,-8.07806408163265,-5.82524653061225,-2.22492653061224,-1.16800612244897,-13.6056873469388,-11.1683289795918,-9.83239346938775,-4.57890571428572,-8.62878857142857,-5.68597673469387,-7.55803836734694,-3.32330857142857,-5.53517020408164,-3.06961795918367,-0.0908163265306072,-2.03737142857143,-2.40108408163265,-3.00879632653061,0.820029795918366,-0.158372244897961,1.71878448979592,-2.10246408163265,-4.3464175510204,-0.606131020408156,-0.839467346938783,-4.05055510204081,-8.04078163265306,-6.03825306122449,-4.9572612244898,-3.9529493877551,-5.20719591836735,-7.81568408163265,-4.82488979591837,-7.00390408163265,-7.89160612244898,-4.3019587755102,-7.71566571428571,-4.84159102040816,-5.81079469387755,-7.94410979591837,-7.18828448979591,-8.47241959183674,-8.38740775510203,-8.32426081632653,-6.1017187755102,-6.49781551020408,-5.78342489795918,-6.11114571428571,-4.93112734693877,-2.51879551020408,-1.69791142857143,-2.36321224489796,-6.65361265306122,-4.25334897959184,-4.79028530612245,-1.24931795918368,-5.35329346938775,-5.66530163265305,-8.31496530612245,-5.33779142857143,-8.75985959183673,-8.30616040816327,-11.0599110204082,-10.6673,-9.60466979591837,-5.24551020408163,-3.50071959183673,-3.5647012244898,-4.89347673469388,-7.16299918367347,2.11466244897959,0.298963265306121,-0.0989665306122447,0.232664897959189,-1.28533183673469,-4.01257142857143,-6.06992367346939,-3.36831020408163,-2.84924367346939,-8.12542408163265,-17.5013326530612,-8.78290693877551,-3.85086408163265,-3.02176612244898,-2.43849224489795,1.09833061224489,-4.23624693877551,3.41845714285715,0.451069387755105,-1.34346285714286,1.37900979591836,-6.89157428571428,-3.54713102040817,-6.61456857142857,-4.35555387755102,-4.67385673469388,-3.20519102040817,-6.40137183673469,-7.36736285714285,-8.67158040816327,-2.43505142857143,-10.1032604081633,-8.96865795918367,-11.7892828571429,-4.31916163265306,-8.97656653061225,-4.18142448979592,-2.58374326530613,-10.1332355102041,-2.51474816326531,-3.89899632653061,-12.4750918367347,-15.1900563265306,-11.2924448979592,-1.12576448979592,-3.31100204081633,-6.25215020408162,-6.29706326530612,-5.66243428571428,-4.39070857142857,-0.24472367346938,-6.35904775510204,-8.36266530612244,-10.4239653061224,-8.30142244897959,-10.9774220408163,-8.00617632653061,-7.46882204081633,-4.49681918367347,-1.13557306122448,-1.27245551020408,-0.200902040816324,-0.568195510204085,-3.00600204081633,-3.00425795918367,-5.89410897959183,-7.59334367346938,-2.0374187755102,-3.94086979591837,-0.665826122448976,-1.71124612244898,-4.98392612244898,-2.61611428571428,-2.60777142857143,0.440677551020414,-2.60034285714286,-3.37630122448979,-0.0803938775510247,-3.8322693877551,-2.09506285714285,4.52449591836735,-1.99514,-3.68321469387755,-0.574487346938774,-2.37730693877551,-2.09349673469388,-2.75639142857143,-2.58867142857142,-1.40726489795919,-2.54919836734693,-0.892785714285715,0.799764897959186,-3.68338163265306,-2.06615469387755,-6.15960285714286,-5.04749755102041,-1.25062897959184,-0.400724489795913,-1.56365061224489,-2.99086489795918,-4.21932612244898,-7.58334571428571,1.38757183673469,-12.9952236734694,-7.83609551020408,-7.50017387755101,-17.4281469387755,-15.2765608163265,-11.5695367346939,-10.0528955102041,-12.9009612244898,-13.2306612244898,-14.7369983673469,-4.43645551020408,-6.35249918367347,-9.0212,-0.525315102040814,-1.2457987755102,-8.80185673469387,-6.83196571428572,-9.74076571428571,-10.0685220408163,-7.85075020408163,-9.09646530612245,-3.89434081632653,-3.20659755102041,-1.33681306122449,-7.2212093877551,-1.84293142857143,-3.41113102040816,-3.46731428571428,-3.8783175510204,-3.03495673469388,-3.85169142857143,-1.52512244897959,-3.3858812244898,-6.47198571428571,-7.20350285714286,-1.94671714285714,-3.06434530612245,-3.30187224489795,-9.53695183673469,-3.49256489795918,-5.07349306122448,-4.13145061224489,-3.1165387755102,-3.34166693877551,-2.73413836734694,-0.259658775510196,-1.50795918367347,-2.11804040816326,3.60068326530613,2.41449673469388,0.0391620408163291,-0.0855379591836751,-1.70464693877551,0.628380816326533,-5.68054816326531,-7.91108693877551,-12.615446122449,-9.83154612244898,-9.09405510204081,-5.97047428571429,-7.22464367346939,-4.56340163265306,-7.41799469387755,-9.46839469387755,-7.04049469387755,-10.9226555102041,-20.0171114285714,-13.3806151020408,-6.60547551020409,-5.98120122448979,-2.8370693877551,-2.43357918367347,-3.46356204081632,-4.38478653061225,-5.95486081632652,-7.94015510204081,-3.88645428571429,0.0792457142857188,-6.1498787755102,-4.89407510204081,-5.49472408163265,-4.63810979591837,-7.49726326530612,-8.26349510204081,-9.52296122448979,-6.69072571428571,-7.26422489795918,-2.5018293877551,-3.1951293877551,-3.1150293877551,-6.69021673469388,-3.42551673469388,-6.30011510204081,-7.87545551020408,0.361145306122452,-0.543079999999996,3.80388448979593,-0.897299999999994,2.70312979591836,1.55924,2.34609755102041,0.430614693877551,0.00369469387755572,0.15305591836735,-2.86940204081633,-3.51203469387755,-3.13412734693877,-6.13623346938775,-6.66621714285714,-3.76551714285715,-4.3989681632653,-2.99706653061224,-4.33268857142857,-5.46977755102041,-8.99875836734694,-13.2788910204082,-11.9775742857143,-8.32952530612245,-9.16779510204082,-8.98497020408163,-9.50146,-15.9923440816327,-14.8901832653061,-13.1670342857143,-14.4482808163265,-6.4921093877551,-9.24091795918367,-10.8311995918367,-12.9744363265306,-6.89368,-2.82412326530612,-0.0255857142857181,-2.71151795918367,0.147595510204077,-6.40408571428571,-3.54380489795918,-4.13430285714286,-6.54756285714286,-4.55212897959183,-3.42253918367346,-7.30529387755102,-7.05892612244898,-7.00591632653061,-6.40630775510204,-6.27791591836734,-4.33170775510204,-6.07453795918367,-5.83420448979592,-4.27961632653061,-3.38618693877551,-4.21683591836734,-8.58918163265307,-10.1166530612245,-3.51191632653061,-3.45114612244898,-4.80986326530612,-0.346370612244897,-2.82407551020408,-3.01928408163265,-3.09130040816326,-4.93484857142857,-5.8050706122449,-2.70698163265306,-6.06674857142858,-11.7775044897959,-3.36363306122448,-4.47147836734694,-5.1455306122449,-4.33213265306122,-4.9439881632653,-6.56218612244898,-5.17150693877551,-1.46941346938775,-4.73013346938776,-5.48862163265306,0.21257877551021,4.09887714285714,0.799762040816326,-2.77733755102041,-0.929696734693877,-6.87314612244898,-4.55939265306122,-4.84376367346938,-4.90636367346939,-4.49142326530612,-5.59601836734694,-4.96993265306122,-6.92874571428572,-4.68200530612245,-1.41250530612245,-1.38193836734694,-3.52470653061224,-7.17840326530612,-6.51548367346938,-4.12856816326531,-3.28197836734694,-0.79655387755102,1.11054612244898,-0.402753877551014,-0.559653877551014,3.32570408163266,-0.511737959183669,-3.96203224489796,-5.07738367346938,-5.38830122448979,-5.88791428571428,-3.77796857142857,-3.39044448979592,-5.91280612244898,-4.76057755102041,-4.15753469387755,-1.3008387755102,-4.15194367346938,-2.65933632653061,-1.50870612244898,-3.33080244897959,-3.67947102040816,-2.62057142857143,-9.17299469387755,-8.73917265306122,-1.47091551020408,0.856184081632648,-2.40445387755101,-0.963312244897956,1.12427918367347,-2.22229551020408,-8.80832734693877,-4.53866693877551,-6.48398448979592,-5.63372408163265,-2.55234734693877,0.150608979591844,-5.21885510204082,-6.9633481632653,-3.55755428571428,-3.96255428571428,-4.02698122448979,-0.418826122448976,6.05004163265306,5.80521755102041,5.58421755102041,2.50513061224489,-6.33185183673469,-6.39905959183673,-5.38447714285714,-3.16648040816327,-1.08218163265306,-7.07803591836734,-2.81888204081633,-3.89471183673469,-5.63646326530612,-4.73832448979591,-5.87169306122449,-4.95546775510204,-4.98111714285714,-4.85720734693877,-1.57620612244897,0.316965306122455,-3.11797102040816,-3.55438857142857,-1.19444122448979,-4.33760612244897,-2.62189142857143,2.53160612244898,-6.71552326530612,-9.85737102040816,-12.3897804081633,-8.12749510204081,-8.61809428571429,-5.63663224489796,-11.090027755102,-2.43956612244898,-0.752964081632655,-5.01089265306122,-5.93547306122449,-2.96263102040816,-3.89378653061225,-5.6616893877551,-4.9363,-8.44016489795919,-5.75266489795919,-6.29919265306123,-9.5214706122449,-10.9982008163265,-3.58592489795918,-3.50445224489796,-0.967919999999999,-13.3520489795918,-12.6916567346939,-12.6884567346939,-8.44523265306122,-12.3558195918367,-11.3994836734694,-6.9575587755102,-7.36283183673469,-1.13926,-3.04683551020408,0.50035591836734,-4.60006693877551,-5.42856693877551,-4.94223510204081,-2.97439306122448,-5.69442775510204,-6.29202367346938,-10.7139444897959,-5.77957020408164,-4.52272897959184,-6.10522326530612,-1.77512734693877,-3.50513183673469,-2.91663183673469,-6.0512787755102,-4.02721836734694,-3.79555265306122,-3.5204187755102,-3.60210571428571,-4.8476212244898,-5.66991918367347,-7.48665183673469,-4.0388281632653,-1.20742612244898,-0.0122567346938709,-1.5603693877551,-5.05841551020408,-6.63887918367347,-6.49475836734694,-5.41084897959184,-6.04087265306122,-5.3458693877551,-2.86075346938775,-8.93003795918368,-7.05214204081633,-11.3531187755102,-7.57121591836734,-3.61702204081632,-4.6487106122449,-2.65750326530613,-5.47493673469388,-6.0937812244898,-9.20600489795918,-3.38856163265307,-0.849318367346939,-2.07854653061224,-5.12111183673469,-5.94937795918367,-5.47077591836734,-4.74216489795919,-9.24287510204081,-3.95819020408163,-2.21157020408163,-7.96990489795918,-6.39784448979592,-5.63221795918368,-6.7840375510204,-6.96895387755102,-5.1329493877551,-4.33045020408163,-8.55931469387755,-11.881893877551,-15.4086175510204,-13.0431310204082,-10.2622053061224,-8.60280775510203,-9.32664,-7.63829387755101,-8.23320489795918,-7.00695428571428,-2.21125959183673,-1.72078489795918,-7.31165918367347,-5.45531959183673,-2.37417142857143,-4.01251102040816,1.77330285714286,-5.87734204081633,-8.11697387755102,-7.7358187755102,-1.29796775510204,-2.78582367346939,-1.15540693877551,-3.91360040816326,-4.32215714285714,-1.59138612244897,-2.78359346938776,-5.04077591836734,-4.73288367346938,-2.21333673469388,-4.89788326530612,-4.34460979591837,-9.36145999999999,-8.56820408163265,-4.60533387755102,-6.24765224489796,-2.13608081632653,-5.21153795918367,-2.78780857142857,-1.72844979591837,-2.83586448979592,-1.97151959183673,-4.71139428571428,-4.41012122448979,-5.20163591836734,-3.90062,-4.05615510204082,-4.36549142857142,-2.50337551020407,-2.68517306122449,-3.31856857142857,-2.88272326530612,-4.77989224489796,-6.30382979591837,-4.87000081632652,-2.45218979591836,-4.68397224489796,-5.32415755102041,-7.34563142857142,-3.33841428571428,-5.27504734693877,-6.26727020408163,-3.02623510204081,-2.64866326530612,-3.02406367346939,-2.76804,-1.15769224489796,-3.94113428571428,-1.30864489795918,1.67062,-6.63440612244898,-4.36252040816326,-7.05799836734694,-6.26309428571428,-2.00486163265305,-7.1375281632653,-6.12463224489796,-1.08361510204082,-4.04800612244897,0.655631020408165,-2.36895918367347,-3.60859142857142,-18.3239016326531,-2.07885428571428,-5.58912040816326,-1.43827428571429,-4.0396975510204,-3.86995102040816,-5.82051224489796,-4.0232293877551,-5.73398448979592,-4.59860244897958,-9.33032122448979,-2.9711306122449,-6.24238734693878,-5.39830448979592,-7.94501102040816,-4.72272530612244,-7.67836163265306,-7.46490204081633,-8.13066163265306,-11.9623530612245,-10.692167755102,-9.51473714285714,-9.69169224489796,-7.99836775510204,-10.9722097959184,-6.42604775510204,-11.0646612244898,-5.58017673469388,-9.86499428571428,-11.9306379591837,-10.9985702040816,-9.15723836734694,-15.24542,-8.17435469387755,-6.38694408163265,-8.1515387755102,-6.17398448979592,-5.29697918367346,-6.64787795918367,-7.92899265306122,-8.88591346938775,-0.761650612244892,2.09052448979592,-1.84280571428571,-2.28707510204081,-3.51696979591836,0.0386200000000017,-3.33100040816326,-3.60682163265306,-1.6716293877551,-4.58183306122449,-5.17286857142857,-4.77319469387755,-7.09664204081633,-10.3283906122449,-7.70368367346938,-7.0066918367347,-11.5365293877551,-18.2924840816327,-19.2799575510204,-11.5696044897959,-10.1048195918367,-7.58736775510204,-6.54635020408163,-4.18789224489796,-3.3056187755102,-3.49764448979592,-6.37125469387755,-7.58778530612244,-9.66060448979592,-8.6226587755102,-12.0160053061224,-6.18931755102041,-4.78457959183674,-1.8125518367347,-3.61537306122449,-1.13017102040816,-6.19517142857143,-4.10531632653061,-1.3260975510204,-0.539035102040813,-4.91095020408163,-4.66455102040816,-4.50547510204081,-2.93164775510204,-2.95604163265306,3.43599795918367,-1.05625591836735,-5.40947551020408,-4.55830734693878,-8.19730571428571,-7.40448,-5.22471142857143,-8.38817387755102,-4.04151224489795,-7.52639673469388,-7.78108408163266,-1.00297428571429,-1.79886857142857,3.6887224489796,-6.63502775510204,-7.38420734693877,-7.34818204081633,-4.68005959183674,-6.72790653061224,-10.4761036734694,-7.49244448979591,-4.54422571428572,-7.96971755102041,-5.4119293877551,-3.46108081632654,-3.50536163265306,-8.62690163265306,-8.52659387755102,-6.29112204081633,-6.33275755102041,-2.67818244897959,-4.57211183673469,-3.58427306122449,-6.69053387755102,-11.3377930612245,-6.34639877551021,-7.38812285714285,-8.83781591836735,-8.01292204081632,-3.69193265306123,-8.04458408163265,-8.07889591836735,0.268876734693876,0.0713877551020374,-6.78007102040816,-5.01842530612245,-5.60421020408163,-2.71076448979591,-3.62557551020408,-5.40303836734694,-8.81185795918367,-4.96617836734694,-7.55783142857143,-7.97829306122449,-4.74512734693878,0.270844081632653,-0.265942448979594,-5.46174408163265,-2.14495020408163,-3.43662897959183,-6.46256489795918,-6.79994530612245,-6.33247918367347,-3.87015265306123,-6.10660897959183,-5.40712979591837,-7.45700734693877,-3.18793469387755,-5.22928204081632,-5.77629428571429,-5.91811959183674,-7.23206897959184,-7.22966897959184,-11.5091718367347,-4.3288187755102,-4.28291632653061,-3.25007346938776,-4.95514285714285,-7.97782489795918,-12.5812791836735,-11.9789085714286,-9.68915346938776,-11.0982559183673,-5.73322448979592,-2.52594612244898,-3.39533591836734,-3.24376040816326,-4.40149142857143,-2.33443102040816,-12.7206044897959,-10.2873616326531,-9.52887346938775,-10.5666616326531,-2.85887346938775,-4.42357714285714,-1.37717469387755,1.78524816326531,-3.7270787755102,-5.75746897959183,-7.11925265306122,-6.43002163265306,-15.8403367346939,-15.7128257142857,-21.009807755102,-25.8867685714286,-23.4871893877551,-7.62853469387755,-6.06230367346938,-5.85124693877551,-5.96452081632653,-6.06904326530612,-1.88994734693878,-7.56905918367347,-6.77317306122448,-5.8481093877551,-4.7080506122449,-3.82761551020408,-1.26728693877551,-2.18638040816327,-4.69898408163265,-5.22922612244898,-5.05311632653061,-4.76232408163265,-4.98913632653061,-4.87977632653061,-2.87033673469387,-7.54147224489796,-8.2493812244898,-3.80319428571428,-9.28589346938775,-5.72929673469388,-1.68506040816326,-7.60337224489795,-6.56578530612245,-4.43963306122448,-3.83544448979592,-2.44495102040815,-2.04867714285714,2.46739591836734,2.31158122448979,2.5574812244898,-0.631877142857142,-6.33081142857143,-2.63773265306122,-2.51395510204082,-6.83475591836735,-9.35216122448979,-9.01266448979592,-8.06731755102041,-3.35507551020408,-1.62161714285714,-2.30419183673469,-3.08593265306122,-6.04238448979591,-5.25079959183674,-5.21356530612245,-0.947653877551019,-8.09989673469388,-6.46126163265306,3.0321787755102,5.10762448979592,0.588699999999996,-0.805561224489793,-6.17951836734694,-5.64418693877551,-8.41848979591837,-2.82290040816326,-1.98254897959183,-1.97776081632652,-8.45630857142857,-8.12065183673469,-8.76166081632653,-6.69473673469388,-1.57536530612245,-2.43555959183674,-3.45455061224489,2.38140204081633,-1.33326081632652,0.627041224489801,-2.31893346938775,-6.2750387755102,-10.6495771428571,-13.8799346938775,-8.76761551020408,-10.4567991836735,-9.05662489795919,-3.5628012244898,-4.1784012244898,-2.63334163265306,-6.84413469387755,-2.8480693877551,-7.76482693877551,-4.02958163265306,-5.82303265306122,-5.17254081632653,2.85178448979592,-1.75842244897959,-2.20323224489795,-1.34012979591836,-1.02633755102041,-4.38828693877551,-7.05925999999999,-8.51297387755102,-8.37882204081632,-6.73042857142857,-4.4672987755102,-3.2060306122449,-11.2534979591837,-10.3464371428571,-19.9150591836735,-13.4748395918367,-8.05728571428571,-7.37305673469388,-13.3053734693877,-14.404626122449,-6.55172448979592,-5.21299265306122,-5.81815387755102,-5.27490163265306,-4.79370163265306,-7.15553224489796,-14.0167979591837,-6.73717510204082,-3.59033673469388,-1.73373918367346,-1.97215551020408,-2.55512734693878,-1.42487469387755,-6.28453428571428,-10.637573877551,-5.91748693877551,-0.82461755102041,-0.817638367346937,-1.0620493877551,-0.284122448979595,0.324420816326537,0.569033877551021,-6.01094571428571,-13.8555073469388,-18.6512902040816,-14.4967114285714,-11.6741853061224,-4.0815375510204,1.39398122448979,-0.461234285714283,-6.23384897959183,-8.06209346938775,-6.68741795918367,-5.44131959183674,-6.5626481632653,-10.4674285714286,0.0869730612244908,-4.22434040816326,-2.29788653061225,-2.01683142857143,-6.65739306122449,-2.79651918367347,-5.2634481632653,-5.29372285714285,-7.73752612244898,-3.55166448979592,-0.308115102040816,-1.68035102040816,-1.56951632653061,-2.91741224489795,-2.59659591836735,-1.25459632653061,-2.00408204081633,-2.37328204081633,-2.03091959183674,-5.77013591836734,-10.3413367346939,-11.210052244898,-10.7830751020408,-9.95300612244898,-8.20088571428571,-10.7554857142857,-9.02353632653061,-9.41154448979592,-9.66713142857143,-1.8510693877551,-2.67736081632653,0.537726938775506,-2.47884367346938,-4.93081102040816,-6.27341795918367,-9.19735428571428,-4.93331387755102,-0.81604979591836,-4.56538204081632,-4.2119469387755,-2.05776775510203,-0.844430612244892,-2.89756979591836,-5.22376775510204,-2.46355591836735,-4.6949787755102,-1.68851387755102,-2.30862122448979,1.21290489795918,-5.58287551020408,-16.3507987755102,-8.95112285714286,-5.05293183673469,3.2712587755102,-7.84668285714285,-6.37842448979592,-4.0284787755102,-3.63845959183674,-2.76312448979592,-4.7860281632653,-3.64507142857143,-3.67877836734694,-5.69151959183674,-1.51424040816327,-9.62655346938775,-8.36265346938775,-8.80938040816326,-4.68453918367346,-1.77892857142857,-2.71742897959183,-1.69946204081632,-13.547672244898,-13.96432,-8.67426204081632,-4.81966612244898,-4.58555387755102,-0.656361632653066,-6.32392734693877,-1.48393591836734,-14.3632420408163,-8.05146326530613,-8.76661387755102,-10.7987412244898,-9.29823510204081,-7.22227142857143,-2.14554653061224,0.964166122448972,0.827361224489799,-0.438658367346939,1.33211306122449,-0.823733877551021,-0.450068571428567,-2.26860693877551,-4.62306448979592,-1.41426448979591,0.204745714285714,-2.66894285714285,-0.517395510204082,0.152594693877553,0.0851669387755081,-5.65172979591836,-4.03992979591837,-4.20438408163265,-3.7088693877551,-5.31088040816327,-5.69049918367347,-7.25278612244897,-3.51683020408164,-3.72631306122449,-3.08495387755102,-5.35416734693877,-9.65256816326531,-3.35804285714286,-7.0407587755102,-5.57411591836735,-5.71367551020408,-1.96927061224489,-2.43605020408164,-0.245187346938778,-13.461152244898,-9.04286571428571,-5.98788326530612,-3.68820448979592,-2.75616040816327,-1.90804979591836,-2.0722575510204,-2.12169918367347,-15.7224636734694,-3.73771387755102,-5.29976530612245,-8.40763183673469,-1.32898857142857,2.43097673469387,-1.76992326530613,-2.37349836734694,0.375527346938782,3.14415346938775,-2.22349632653061,-10.059192244898,-5.91504163265306,-5.21404163265306,-4.4461987755102,-4.57951632653062,-3.07168285714286,-9.53133959183673,-4.21462612244898,0.669584081632649,0.435041632653061,-10.5447212244898,-6.67223959183674,-7.63112489795918,-7.98913142857143,-4.07739469387755,-6.07248326530612,-1.70286326530612,0.147036734693884,-2.23206448979592,-2.50412612244898,-5.80260612244898,-11.2668216326531,-8.22960857142857,-11.7759036734694,-11.8650367346939,-15.9744310204082,-16.4278310204082,-11.1847751020408,-9.91110367346939,-8.35222204081633,-9.56449183673469,-9.46099183673469,-10.0630942857143,-11.1760869387755,-10.2645020408163,-9.03160775510204,-10.4340559183673,-7.16710734693877,-5.44202489795919,-5.53884816326531,-9.69145959183673,-5.28712122448979,-12.614167755102,-5.57364040816326,-8.16765061224489,-9.1686506122449,-9.47492163265306,-2.90035469387755,-9.09809795918367,-6.44786653061224,-5.2122012244898,-1.3134293877551,-1.65968979591836,-2.5825081632653,-5.21226040816327,-2.1700612244898,-5.00257877551021,-1.90443836734693,-0.761472653061226,-2.92023346938776,-2.97079142857142,-8.13168979591837,-8.61890693877551,-8.5965587755102,-6.82056367346939,-4.44450244897958,-6.42170367346938,-1.00388693877551,-0.797179999999997,-3.49779265306123,-3.78461755102041,-3.69297510204081,-1.83559918367347,-0.818750204081631,-0.397350204081633,-5.6953693877551,-9.06529591836734,-11.9290779591837,-10.8368351020408,-10.3518853061224,-10.5107975510204,-5.51624367346938,-0.269344897959179,0.172697551020413,-1.10021346938775,-4.48374204081632,0.323617959183679,-1.24293673469388,-1.12123673469387,-2.06783591836735,1.73604285714286,2.85683102040817,0.94539959183674,0.631262040816331,-3.85795387755102,-3.70357959183674,-5.77855959183673,-8.96671510204082,-9.37987673469387,-8.37160775510203,-13.6624951020408,-9.05746530612245,-9.12578612244898,-8.91501714285714,-7.70166,-5.58004408163265,-5.31262857142857,-7.54197469387755,-4.30627795918367,-5.08303387755102,-3.6003281632653,-1.42585428571428,-7.94462530612245,-6.44766857142857,-9.15351224489795,-5.98884408163266,-4.80725183673469,-1.79276,-5.76009346938775,-10.7142253061224,-12.0364391836735,-7.36170734693877,-6.35100816326531,-2.59318204081632,-4.33239265306122,-4.42265591836734,-3.76313224489796,-2.34828244897959,-2.81513265306122,-2.95014653061224,-3.67838040816326,-3.13759673469387,-10.4042155102041,-10.0277742857143,-7.87793836734694,-10.1518371428571,-7.84817142857143,-7.99038285714285,-8.41988285714285,-0.577905306122439,0.397574285714292,1.53076,-3.29201183673469,-5.7612012244898,-6.96505510204081,-3.92173510204081,-1.59630734693878,-4.36844122448979,-8.92555265306123,-0.686744489795913,-3.5333412244898,-8.42861632653061,-6.99311183673469,-5.36971061224489,-5.07824244897959,-12.095752244898,-2.11685673469388,0.739538367346938,1.15385102040816,0.753186938775514,2.97572000000001,-1.19484938775511,-11.336533877551,-3.25244,-2.28720734693877,-6.35059183673469,-4.90697673469388,-1.59591387755102,-3.88157755102041,-4.2287681632653,-1.47039714285714,0.751062448979596,1.55526734693878,-1.10533632653061,-0.141644081632649,-9.92651755102041,-7.54213346938776,-7.25343265306122,-6.89436163265306,-8.35594979591836,-6.84849510204081,-6.71467591836735,-8.0830187755102,-0.804266938775498,-3.41092081632653,-1.72305673469388,-3.3270387755102,-3.32392612244897,-5.4635706122449,-1.18668693877551,-5.24741714285714,-5.49638653061225,-8.47318653061225,-7.73269591836735,-7.81471061224489,-4.74635387755102,-4.03813102040817,-11.4633710204082,-14.0021428571429,-5.66367142857143,-1.00433102040816,-4.02342244897959,-1.08306367346938,0.726457142857143,-1.46410979591836,0.370761632653057,0.765730204081635,-1.18712571428571,0.998817551020409,0.615384081632648,-3.30278,-3.88084244897959,-8.50469510204081,-4.55462285714286,-19.7485240816327,-2.87712204081632,-8.62630244897959,-6.23381510204081,-8.0571187755102,-8.91642530612245,-9.58537102040817,-8.88477224489795,-6.85343836734694,-4.33062,-1.79791673469387,-0.438031836734694,-2.09513510204082,-1.67503306122449,-0.220674693877555,0.650177551020406,0.319226530612248,5.2030706122449,0.0713534693877591,-4.68723265306122,-3.23816530612245,-2.7507481632653,-6.62233142857143,-4.9998906122449,-3.14097673469388,-9.03580775510204,-8.75400571428571,-1.92237387755102,-6.5419012244898,-10.1058130612245,-5.85764571428572,-6.68318326530612,-9.01446326530612,-9.18928367346939,-11.1778583673469,-6.79582,-6.3064987755102,-11.7047293877551,-12.4904293877551,1.93235551020408,-0.174606938775511,3.26255591836734,1.14122040816327,-0.243574693877548,-1.29741306122449,-3.51352693877551,-2.92695265306122,-4.67305183673469,-0.682738775510202,-2.36662122448979,-5.14371591836735,-4.85642775510204,-8.52710244897959,-8.15723551020408,-6.27089265306122,-12.1653816326531,-7.52538979591837,-4.76741959183673,-3.55378448979592,-3.19554653061224,-2.69206448979591,-1.2580693877551,-5.92161224489796,-5.10684612244898,-6.93289469387755,-2.22716612244898,-2.61355714285714,-9.38321551020408,-4.02537306122449,-3.25006040816326,-2.7983987755102,-1.16304979591837,-3.2125824489796,-3.45385102040817,-0.0989865306122439,-4.06414285714285,-6.10158040816327,-6.99713551020407,-11.4774824489796,-6.51894571428571,-7.69410285714285,-5.28809183673469,-2.82938448979592,-4.33628448979592,-5.57805102040816,-7.37951469387755,-4.33979673469388,-5.06179346938775,-6.69274979591836,-7.6090293877551,-9.61925714285714,-7.69093346938775,-9.45381551020408,-8.08330775510204,-10.8746224489796,-3.6376375510204,-2.91375510204082,-3.11524979591837,-7.28514857142856,-3.67227836734693,-0.350943673469395,-2.69438816326531,5.15204530612245,-0.603000408163261,-2.09743020408163,-0.320133061224489,-2.63799469387755,-5.47956,-3.74881836734694,1.74620693877551,1.16062693877551,-0.656573061224492,0.3697612244898,-2.87709061224489,-1.74174775510204,0.39563551020408,2.59319632653062,3.01479632653061,-11.3928963265306,-15.0147955102041,-6.85297510204082,-5.18444,-4.84701224489795,0.221942857142857,-2.04838693877551,-3.55029183673469,-1.72741673469388,-4.80576816326531,-4.83379265306122,-10.1184216326531,-2.75312,-6.32507102040817,-4.19810693877551,-3.88945469387755,-3.23576367346939,-5.75425836734694,-3.86145551020408,0.259243673469385,-5.96943387755102,-6.30576163265307,-8.73892204081633,-4.78807632653061,-8.67530816326531,-10.1695110204082,-9.66534040816326,-13.2149032653061,-19.3161216326531,-12.3610755102041,-17.5510179591837,-18.4377334693878,-25.7986571428571,-15.4153187755102,-15.5644697959184,-14.2101697959184,-12.4162787755102,-4.40677428571428,-6.44093306122449,-2.68167795918367,0.296634693877557,-0.108965306122442,-0.588603673469386,-0.433124081632648,-2.07395714285715,1.41264448979592,0.118391020408168,-1.46247102040816,-2.64447102040816,-4.38088163265306,-5.1885375510204,-5.94894,-7.50814,-3.51149551020408,-4.65219632653061,-1.14139918367346,-3.0853106122449,-1.34908081632653,1.81683387755102,-0.00941306122448538,-0.975945306122441,-1.95064530612244,-0.556384489795917,0.00161551020408268,-1.32183020408163,-0.662738775510199,-4.21915714285714,-4.94135714285714,-7.17459836734694,0.345317142857148,-1.63296857142857,-5.65212857142857,-12.5717269387755,-9.2904987755102,-8.91358612244898,-7.34258653061224,-5.97442081632654,-5.83699836734694,-4.90135020408163,-6.28526081632653,-7.48620612244898,-9.13092571428572,-7.21075836734693,-1.85904734693878,-2.89973224489795,-3.96523224489796,-7.41472204081633,-8.11787591836735,-10.8400787755102,-7.88006367346939,-9.47200285714286,-11.0513073469388,-6.06750163265306,-5.06780448979592,-4.67293673469388,-4.50866897959184,-2.56761265306123,0.230542040816324,-7.6634106122449,-6.11854408163265,-6.9575318367347,-4.81066326530612,-5.16830571428572,-4.89871795918368,-4.40049142857143,-2.68768857142857,-3.54351999999999,-7.39944081632653,-9.27277183673469,-8.57736816326531,-7.55031224489796,-10.6639310204082,-4.46385346938776,-6.65718979591837,-5.34537142857143,-2.95986571428571,-6.07451795918367,-6.19261795918367,-6.46761387755102,-0.0515016326530571,-0.077707346938773,-4.52047795918367,-5.33149387755102,-5.23067346938775,-3.04595591836735,-1.12805836734694,-8.19895224489795,-11.6134485714286,-12.2838510204082,-8.6070706122449,-5.53610775510204,-4.01262489795918,-4.21182489795918,-6.35329224489796,-8.00618448979591,-6.25564326530613,-19.3883897959184,-16.8278779591837,-15.8086526530612,-21.1902346938775,-23.9276069387755,-35.3594734693878,-11.3831746938776,-15.3794048979592,-10.2227734693878,-13.4158444897959,-15.430593877551,-11.7515926530612,-10.0348453061224,-10.1780412244898,2.21080693877551,-3.21203387755102,-0.00132693877550594,-1.99124653061224,-4.63331224489795,-4.44138693877551,-2.95550163265306,-8.58297959183673,-8.18083387755102,-12.9746563265306,-8.91495510204082,-8.27662,-6.66616530612245,-5.12973918367347,-1.08450530612244,-1.93772081632653,-3.4334493877551,-9.39860408163265,-4.75573959183674,-5.63594653061224,-10.4500995918367,-2.76925183673469,-7.92926040816327,-8.19315714285714,-5.1917506122449,-9.32364244897959,-11.2313587755102,-7.01221428571429,-6.91883714285714,-10.6326375510204,-9.4468587755102,-11.927087755102,-11.9610983673469,-10.3894653061224,-4.89073836734693,-7.63514571428571,-5.81445918367347,-10.72814,-7.59886489795918,-6.05294244897959,-7.87051061224489,-6.52099673469387,-8.53674530612245,-9.19712326530612,-5.33615183673469,-9.18515020408163,-4.23126,-4.27575510204082,-7.72677387755102,-5.48980326530612,-4.42658,-5.84102367346939,-5.61377877551021,-5.88363918367347,-4.39505265306122,-3.40652285714285,-1.73353551020408,-3.10960979591837,-3.99354653061224,-2.12796040816327,-3.37225632653061,-1.42589224489796,-1.79992612244898,-1.47126408163265,0.691018367346942,-2.11887224489796,0.131151428571428,-15.6275706122449,0.640775918367346,-5.22033673469388,-4.72141795918368,-4.21932653061224,-6.18742204081632,-12.0014967346939,-7.57409306122449,-3.20548857142857,-2.32720040816326,-2.96050734693878,-4.78198734693878,-1.46430408163265,-3.21986979591836,2.63254244897959,-3.77943999999999,-10.4383310204082,-6.4468212244898,-4.05947224489796,-4.00567224489796,-8.06433714285715,-3.51973877551021,-3.82173877551021,-3.6997518367347,-3.2307518367347,-3.7872518367347,-3.7872518367347,-3.7872518367347,-4.44809346938776,-5.66399346938775,-4.26431102040817,-3.67464857142857,-6.35058122448979,-6.18989061224489,-7.43124489795918,-7.46141428571428,-6.98994448979592,-6.59116897959183,-9.79425877551021,-9.25109551020408,-9.99631795918367,-6.93764734693877,-4.52704693877551,-3.79496,-7.0639187755102,-4.3420387755102,-4.13937795918367,-3.77901306122449,-3.61348081632653,-2.24543306122449,-4.46504204081632,-3.51952571428572,-1.86471020408163,-1.65964204081632,-3.57608367346939,-0.574259183673462,-1.99688285714286,-5.28286571428571,-4.91197428571428,-10.2543228571429,-3.80753346938776,-4.63636979591836,-3.33390734693878,-9.48310612244898,-6.54888734693878,-4.22528081632653,-6.8407412244898,-6.93678857142857,1.05889551020409,1.8702012244898,-2.98036204081632,-1.7903812244898,-3.6686906122449,-4.00861469387755,-1.9979987755102,-3.33693591836735,-3.02046693877551,-0.787417142857137,-9.73664448979592,-6.91351428571429,-8.44410775510204,-8.68359510204081,-0.519848571428561,-3.38998081632653,-6.6464918367347,-4.29446040816326,-4.26938979591837,-6.92070653061224,-4.99173428571429,-4.66512,-5.14953918367348,-1.77864040816326,-1.76794040816326,-0.15428489795918,-4.44202408163265,-3.3336175510204,-4.99301755102041,-1.07853346938775,0.507866530612247,-1.38333428571428,-0.315060816326522,-0.763940000000005,-2.73593755102041,-3.6386212244898,-4.59555959183674,-2.77073918367347,-0.0344669387755019,0.738128571428568,-2.48229346938776,-5.69318979591836,-6.06492244897959,-7.84958530612245,-9.09862122448979,-7.53991102040816,-5.22468857142857,-12.5879314285714,-1.46378571428571,-2.03072571428571,-3.40712571428571,0.753639591836738,-1.65006897959184,-5.19413836734694,-3.9863718367347,-3.4342224489796,-4.66627836734694,-4.70269632653061,-6.89353469387755,-3.07569673469388,-3.87671428571429,-0.697261224489793,-1.34564816326531,-1.84696571428572,3.88566081632653,1.85453551020408,0.374610612244901,-0.405911836734688,1.32695469387756,-4.0787106122449,-7.88656897959184,-8.64078653061225,-7.12307714285714,-9.40134979591836,-8.68626081632653,-5.33480122448979,-7.95911795918367,-8.88664204081632,-4.63892367346939,3.41673877551021,-2.9280387755102,-5.14909469387754,-2.82959428571428,-1.25911510204082,0.174117551020409,0.646933061224487,-3.67834938775511,-3.75477836734694,-7.25099102040816,-5.63168367346938,-7.65746326530612,-3.72032081632653,-8.98928408163265,-3.27678571428571,-3.89347020408164,-0.965499999999999,-3.84134653061224,-8.78875714285714,-6.67818,-6.79127877551021,-6.73407387755102,-6.12307999999999,-5.01132571428571,-6.23190897959183,-11.1170616326531,-12.1808179591837,-2.92573183673469,2.3004212244898,-3.14734612244898,-6.36880612244897,-5.87038081632652,-7.07645469387754,-0.0241971428571404
6.22448979591837,-0.821313265306122,-2.6231306122449,2.09869795918368,0.014056122448979,2.24877448979592,2.89274285714286,2.09922448979592,3.81749591836735,3.62730000000001,3.12632142857143,2.71902653061225,2.99251326530613,3.39752040816327,4.28580102040817,2.18867551020408,-2.48122142857143,1.51399897959183,1.06534897959183,-0.930521428571425,4.01584489795918,0.215494897959185,3.15694489795919,-1.54565408163265,1.76852551020409,1.25570918367348,3.23238469387756,0.911416326530617,4.7274112244898,0.984701428571434,2.47065918367347,2.29088979591837,1.04403571428572,1.82242040816327,-5.46377244897959,-6.90510306122449,-1.4203693877551,-3.58826836734694,0.301361224489797,3.23221326530612,2.90890612244898,3.44831224489796,5.16191836734694,-5.39953673469388,3.75412857142856,3.65637755102041,4.62569387755101,4.43259387755102,4.94272346938776,-0.618438775510209,2.19304489795919,0.106602653061227,2.56737040816327,1.22519693877551,0.867384693877556,2.06181224489796,1.14259795918368,-0.911916326530612,-1.26190102040816,3.1838306122449,-0.00622959183673366,-1.10832142857142,2.17846224489797,4.50617551020408,2.09955102040816,0.906893877551024,1.58951020408163,0.675615306122446,3.99969897959184,1.60345714285714,3.02505816326531,0.367391836734695,0.361669387755106,1.74929591836735,0.743455102040819,2.43473265306122,-0.23074285714286,1.9048224489796,0.786536734693879,3.36927346938776,4.60294591836735,1.53663775510205,2.78964183673469,2.42046020408163,0.643257142857149,2.83196632653061,-2.78684285714285,-0.201661224489794,1.84713163265307,0.542766326530614,2.49378571428572,2.07057653061225,1.19614571428571,7.17142857093594e-05,1.2959,1.86851428571429,2.56665918367347,2.3534806122449,1.66010714285714,2.45986632653062,2.19662551020409,0.865241836734699,2.19615408163266,4.30813061224489,0.775393877551025,3.28003265306122,-0.485749999999996,-0.515829591836733,-0.982644897959181,-2.02099591836734,6.12675918367348,3.95394591836734,1.89950306122449,2.99878163265306,3.3543918367347,-3.50858918367347,-0.00522653061224565,2.79077959183674,3.78470306122449,0.783822448979591,2.26101020408164,1.82240306122449,-2.5951081632653,0.21610408163266,2.13859081632654,0.612759183673475,1.55175102040817,3.28871326530612,-1.94068673469387,2.49270204081633,-0.8810081632653,2.93685306122449,1.77554285714286,1.23595714285714,4.16623591836734,-0.309664081632648,0.835189795918365,1.58499897959183,-4.21378469387754,4.05513163265306,1.70277346938775,1.04421428571428,-1.83454489795918,2.20239693877552,2.71108775510204,1.98979081632654,-3.99333571428571,-5.05817755102041,0.191150000000004,2.61054693877552,2.05880510204082,3.40783775510204,3.86863775510204,4.79352959183674,-1.75991530612245,1.73434795918367,1.86343469387755,0.855217346938775,0.175967346938786,-0.355010816326529,1.95608918367347,0.928550612244899,1.12068877551021,4.13106938775511,3.53673979591837,-5.72432142857142,-13.888862244898,-7.26646020408163,-5.27997755102041,-14.5403295918367,1.23227346938777,1.88008367346939,-4.0222306122449,-2.60668061224489,0.396015306122449,2.77770918367348,-0.778237755102039,2.93051836734695,1.16163469387756,2.11730816326531,2.9157612244898,4.11250836734694,2.66958265306123,1.51716224489796,0.565352040816328,0.603248979591842,-0.420193877551018,-1.23695612244898,0.713691836734698,1.37072959183674,2.56229081632654,-1.92719489795918,-2.09727653061224,1.11082040816327,1.37279693877552,2.03330816326531,1.4872806122449,-1.69979897959184,-1.87706224489796,-0.426412244897965,5.69566632653061,3.90183959183673,3.89702653061225,3.06529489795919,1.47762959183674,3.06535204081633,4.34463265306123,0.944334693877556,1.01076020408163,3.54417551020408,4.34267551020409,0.752532653061228,5.39517346938776,1.01201734693878,1.64481122448979,0.693797959183675,-3.17617857142857,-2.10758469387755,2.67789693877551,2.37224183673469,-0.751498979591837,-0.0453891836734686,2.66898877551021,1.11623571428572,3.20109489795919,3.40894795918368,0.808902040816325,0.553244897959181,0.148426530612246,1.5194612244898,3.63435612244899,0.228657142857145,4.25071020408163,0.734162244897956,2.2946530612245,2.23092857142857,3.15148673469388,0.363718367346939,0.574561224489796,1.92155510204082,2.09309795918368,0.0783918367346965,0.629919387755101,2.57244489795919,2.73233673469388,0.452175306122452,4.00059387755102,2.95260102040817,-1.27975714285714,-2.2846,-4.68697102040816,-5.66542102040816,-6.59614285714285,-5.66889795918367,3.60022857142857,-8.80371326530612,-3.49933571428571,2.58798367346939,0.0815826530612256,1.01822755102041,1.84887448979592,2.04185,1.06693775510204,2.75288367346939,2.10113673469388,6.90155,2.13887959183674,2.84216938775511,1.16973367346938,2.15739489795918,1.14031224489796,1.36098061224489,1.64855714285714,0.636316326530616,1.68119183673469,1.95109387755102,1.26928469387755,1.72897142857143,1.62422142857143,1.00785,1.23073571428572,-2.43659387755102,-4.40401632653061,-4.53953979591836,2.51874795918367,3.04677755102041,2.09769081632653,1.49469081632653,1.06376020408163,2.09911632653061,2.39859081632653,2.20441020408164,1.65295408163265,1.57494897959184,2.32157755102041,1.82110714285715,2.77744999999999,0.0370326530612299,0.763137755102047,1.86442448979592,1.8275530612245,0.0314948979591811,2.28150918367347,2.3492836734694,2.52749795918368,0.451208163265305,3.45649632653061,0.501513061224497,3.1846887755102,2.12984591836735,0.858388775510205,-1.27198163265306,0.266441836734696,-1.77846428571429,1.42081326530612,-0.841616326530606,-1.59091326530612,3.13256632653062,4.8904887755102,0.490666326530609,1.72699897959184,1.26418979591836,1.01131734693878,0.0231499999999949,3.22051938775511,2.92210918367347,-0.927194897959179,-3.65344897959184,-4.25406632653061,1.21935816326531,0.995846938775516,1.89244897959184,4.14637857142858,3.66365918367347,-2.30765408163265,3.20648163265307,-0.0400326530612247,2.95163367346939,2.93212959183673,-0.416342857142856,0.429551020408165,-1.51582857142857,1.95712142857143,2.95421530612245,3.7410724489796,5.00422040816327,1.62362448979592,2.07930102040816,1.94340510204082,4.54658979591837,-0.221559183673465,-0.727675510204087,1.4264806122449,4.6890918367347,0.197937755102046,5.44126020408163,1.93572346938776,1.82729387755102,3.28194387755102,-0.0276999999999976,0.137391836734697,2.26100918367347,2.16054081632654,1.45751836734694,2.22123775510204,0.762690816326531,-1.59083367346939,-3.05950714285714,-0.209257142857133,1.55553979591837,2.30285612244899,3.04652857142858,3.65595306122449,3.76538775510205,-4.7709775510204,-12.3741867346939,-13.2660755102041,-14.6683346938775,-13.5913612244898,-7.97265918367347,-7.32278775510204,1.28507346938776,-0.994363265306124,1.89998469387756,0.0202826530612228,-3.62144285714285,-2.13155714285714,3.59377040816326,-2.35573673469387,3.50507142857144,2.80513367346939,2.18671428571429,0.518626530612249,2.9077918367347,0.254275510204085,2.4436612244898,2.03472040816327,0.375729387755106,0.0544010204081617,0.0674540816326559,-4.33729591836734,-5.14733979591837,1.25865816326531,3.13863673469388,3.99447653061226,2.74213877551021,1.29870714285714,3.05158163265306,0.176054081632654,4.01246326530612,3.14720204081633,2.13042346938776,4.26017755102041,2.45601428571429,5.89502346938776,0.107782653061228,0.167411224489801,0.443494897959187,-0.706108163265306,0.757676326530618,2.74868775510204,-0.862005102040809,0.687542857142862,0.539229591836742,3.12906734693878,3.39738979591836,0.409337755102039,1.40774183673469,1.16670714285714,3.0032112244898,2.17551326530612,2.05816530612245,0.965901020408164,0.7534918367347,1.73239591836735,1.58096836734694,2.22432142857143,3.4228336734694,2.37815102040817,0.0733153061224545,2.34097346938775,3.1738836734694,2.82214183673469,0.764918367346944,2.69812040816327,-0.0444112244897896,2.17077551020408,0.395245918367348,-1.94572755102041,-0.202546938775504,3.58868775510204,2.99583163265307,3.42262244897959,2.95510102040817,1.5076693877551,0.94158775510204,2.17946326530612,1.5407612244898,0.927036734693879,1.07102448979592,0.059036734693878,1.20833979591837,3.94694285714286,2.17749591836735,0.921413265306124,2.04002755102041,0.616320000000005,3.77918265306123,4.46344081632653,-1.91628367346938,0.324486734693884,-0.154290816326526,-0.728027142857143,0.566685714285712,3.45670816326531,1.58887040816327,1.88227857142858,2.47678571428572,1.35164795918368,1.37948979591837,1.13947959183674,0.451624489795915,0.635335714285715,2.28013265306122,2.95627346938776,9.29112857142858,0.605434693877553,1.62908265306122,-3.00886530612245,-0.434154081632652,1.3542918367347,-1.06608163265306,0.955743877551022,-1.07768469387755,-0.160037755102038,-1.03337448979591,0.69875632653061,-0.619853061224494,1.41907142857143,2.58918265306123,1.6723612244898,2.98807857142857,2.13517857142857,2.37615204081632,2.59743265306122,-2.10845102040816,4.26132959183674,3.55566428571429,2.02192448979592,2.16088673469388,-1.88037857142857,-0.323487755102037,1.41531530612245,6.35225204081633,1.31322755102041,2.78345408163266,-4.14791734693877,-1.31811122448979,1.78387857142857,1.81246836734694,0.616764285714291,-0.631398979591838,3.21761530612246,1.27417448979592,1.92095816326531,4.01956734693877,2.60933673469388,4.19095612244898,0.358069387755108,0.886630612244901,0.6393306122449,4.03464183673469,2.63443775510204,1.72411428571429,1.26368877551021,-2.22319081632653,2.19062551020409,2.80825612244898,1.56303367346939,3.70717448979592,-1.76578265306122,1.78705204081633,2.0967530612245,2.35813367346939,1.23457755102041,-5.77929897959184,-5.36301836734694,-1.96295204081632,-9.82444591836735,-12.9184448979592,-12.9424369387755,-8.90907244897959,-9.7482193877551,-6.82297040816327,-6.2536306122449,-8.11347755102041,-3.07227040816326,0.148721428571425,2.24067040816327,0.791542448979597,0.306513265306123,2.6357306122449,0.90817244897959,-0.225172448979581,0.890743877551023,0.646036734693879,1.42543163265306,4.89567653061224,3.36907346938776,1.04204081632653,4.65045816326531,4.03889591836735,0.729246938775518,2.10520408163266,2.00755816326531,1.08787448979592,1.60007653061225,3.61491632653061,0.556263265306121,1.30497857142858,-3.08150918367346,1.04210102040817,2.80315,1.07297448979592,1.27552857142858,-0.85299285714285,0.788472448979593,1.2196,3.15918877551021,2.03512346938776,3.93966836734694,3.85691836734694,2.51215204081633,2.65006428571429,2.47371224489796,-0.122958163265302,3.61738673469388,-1.39047244897959,0.474151020408164,1.18473163265306,-1.33131428571429,0.0576897959183684,0.152103061224498,1.16455306122449,0.230321632653057,1.18821428571429,-5.16158816326531,-0.649783673469386,-2.89717244897959,-0.0517051020408168,1.54110102040817,2.09943571428571,2.10510102040816,2.58659081632653,3.42727244897959,1.69701428571429,-0.373176530612234,3.27134489795919,2.14935816326531,-0.252149999999999,0.772762244897965,-0.378633673469377,1.82181224489796,1.08810816326531,1.4715724489796,1.4479918367347,0.744521428571427,2.02128571428572,2.94847142857143,2.47425714285714,-1.4534693877551,2.10424591836735,2.77226428571429,0.416754081632656,1.33176326530612,2.55548775510204,2.08428571428572,-0.344461224489798,-0.321268367346939,2.79021530612245,0.775180612244899,-1.35323571428571,-0.24337857142857,-2.20432551020408,0.85573775510205,-3.14610918367347,1.28887448979592,0.479670408163269,-2.1841918367347,-0.0389989795918311,2.78019285714287,2.58270816326531,0.492214285714289,1.87470306122449,3.44887653061224,2.08870612244898,0.131040816326533,3.69740714285714,-1.13758265306122,1.69187857142857,3.69289897959184,1.9537775510204,0.990666326530612,0.480113877551014,2.53445591836735,2.15039795918368,0.785124489795915,3.62525306122449,3.4550193877551,1.71180204081632,0.797751020408163,3.94940816326531,2.62471632653061,2.46665918367347,0.875590816326538,2.21678571428572,5.35061530612246,1.60715306122449,-3.94119081632653,2.97282142857143,-0.708917346938772,-2.92153571428571,-2.53590204081633,-0.0921091836734695,1.77543163265306,3.13054591836734,1.85462142857143,1.84016530612245,1.05586836734694,0.708211224489804,-1.73492959183673,2.78403775510204,1.99656632653061,0.355100000000005,2.3325112244898,2.30004285714286,1.84914897959184,3.43474795918367,-0.0827744897959182,-0.0723938775510182,-8.40603775510204,-0.0478908163265279,-0.949353061224488,-1.18935306122448,1.49775918367347,-1.13707244897959,1.8059418367347,1.90563163265306,2.03374897959185,1.38335204081633,-3.74039591836735,-1.79899591836734,-2.29169591836734,-1.22706122448979,-1.19862142857143,2.43692244897959,2.17317040816327,1.51324081632653,1.76163469387755,1.10632448979592,-0.675478571428564,2.93286836734694,0.545113673469389,2.13576836734694,2.73151530612245,-0.456798979591833,1.7341081632653,-0.524891836734692,0.247558163265309,3.2259906122449,2.67007142857143,1.49354897959184,0.40797653061225,-0.0990908163265289,0.420416326530614,1.71380918367347,-0.463821428571423,-0.496425510204078,2.79947448979592,3.23730816326532,0.0388214285714321,1.33548979591837,0.355057142857145,0.918242857142855,2.10044795918368,2.13342653061225,2.17625918367346,0.603927551020413,-0.0284693877551051,3.92579795918367,3.01767755102041,1.91818979591836,2.98611734693878,1.30873877551021,0.132941836734696,3.24715714285715,0.524248979591842,0.860055102040819,4.54337244897959,1.10613265306123,5.55856836734694,1.42395306122449,4.06643163265306,1.97772448979592,2.7685,0.892066326530614,-0.740862244897967,1.43822653061224,-4.69729693877551,-4.02282653061224,1.6777806122449,-5.07248714285714,1.73570816326531,-0.938364285714289,-0.609239795918365,2.83560510204081,2.02985510204082,-0.588435714285717,2.62175918367348,0.838765306122452,1.14276122448979,3.2050112244898,0.484711224489792,3.46793979591837,1.35756020408164,4.32667551020408,4.41960612244898,-1.14136224489796,-3.08526734693877,0.547587755102044,1.90773775510203,1.17837959183673,0.520965306122454,1.64791122448979,-8.84404387755101,-0.601386734693873,-1.00418469387755,1.17136632653061,3.18274795918368,1.19602755102041,2.86708673469388,3.81607653061224,0.554043877551018,2.1639581632653,1.47712448979592,-0.143691836734691,0.846376530612245,2.27990714285714,1.25205102040817,2.14506734693878,2.35522755102041,2.6094530612245,3.3929306122449,1.39578673469388,3.09365408163266,0.752667346938776,2.93135306122449,2.46584693877551,3.31620102040816,4.19312959183674,1.06747040816327,2.31699489795918,3.19449387755102,2.94342428571429,-6.30465795918368,-7.69585795918367,1.80916632653062,1.48501326530613,1.52219693877552,0.213604081632651,2.7406887755102,1.26744081632653,4.92327040816327,4.22387040816326,0.908518367346938,2.18942551020408,0.949906122448986,1.80785714285715,1.16601326530613,-0.239065306122443,3.4618918367347,-0.0124938775510151,2.23843979591836,3.82537040816327,1.91110918367347,3.91076959183674,0.699257142857144,-0.199388775510208,1.62390510204082,-2.10750204081633,1.15714795918367,-0.27942142857143,3.0845693877551,2.79862653061225,2.11585714285715,2.69673877551021,2.31809795918368,4.00917448979592,0.906573469387755,-1.56805612244898,-1.10119795918367,1.59907530612245,0.238401020408165,-0.875948979591837,1.89543265306123,2.27871428571429,-0.293654081632649,0.902038775510203,3.11585918367347,0.224314285714287,1.63750714285715,4.43107040816327,-0.273772448979586,-0.306332653061226,1.35836836734695,4.66182448979592,0.931629591836741,3.92417653061225,3.26343877551021,2.38545306122449,1.07970510204082,0.200777551020407,2.18856938775511,1.23308265306122,0.102392857142862,3.11299285714286,2.46442551020408,1.86108265306123,0.865460204081629,1.87821224489796,2.44071632653061,0.756548979591837,-2.35834571428571,-4.08119571428571,0.379825510204087,-2.9752081632653,1.95370102040817,2.7135418367347,1.8136112244898,-0.816507142857139,2.36952346938776,0.757605102040814,-0.487143877551016,2.09186020408163,-0.0373734693877577,2.46095714285715,1.78526632653061,2.23750816326531,0.885676530612248,-1.12630306122449,-1.00825102040817,-0.000425510204082435,3.50536326530613,2.01004489795918,1.00121428571429,2.10221122448979,2.49860918367347,4.3623,1.59770714285715,2.74050204081633,2.28091938775511,0.296763265306127,1.79040918367347,1.33857755102041,-1.50944081632653,0.581971428571431,1.59024285714286,-1.35447244897959,0.97633367346939,1.62634489795918,0.758749999999999,1.28981632653061,0.520874489795918,1.77093469387755,1.9168693877551,-1.68786836734694,0.294031632653065,0.38213163265307,0.912148979591842,6.5608255102041,0.795654081632659,-4.60365204081632,2.25543469387755,3.27325204081633,3.08501632653061,-0.717188775510199,-2.83331122448979,4.19794183673469,1.17541632653062,1.99378979591837,0.435097959183675,-3.32617346938776,0.425328571428577,0.879119387755107,3.06804591836735,3.34334387755102,1.84377551020408,-1.70601428571428,-1.29436326530612,2.84835102040817,0.736485714285722,-1.23260755102041,-1.69260102040816,0.721568367346945,0.27676734693878,2.29591938775511,1.6688418367347,1.33008163265306,1.08427244897959,1.35648979591837,0.972132653061227,2.82059591836735,-5.31801530612245,-4.66866632653061,-0.922766326530612,0.4753724489796,-0.946476530612236,-1.80493061224489,1.34039387755102,0.262748979591844,0.17094081632654,1.26206938775511,1.65300408163265,4.55926734693877,1.78413265306123,0.00233265306122554,-1.34428979591837,-3.22292857142856,-3.75942448979592,-2.4623775510204,3.81070204081633,2.33530612244899,-0.858280612244894,3.03196938775511,1.02731224489796,1.68867551020408,-6.79005346938775,-15.2651530612245,-16.2097510204082,-22.9411244897959,-25.2592214285714,-17.0590316326531,-21.5168428571429,-23.1361642857143,-9.70371122448979,-15.2663948979592,-8.96773469387755,-7.80221224489796,-17.1520408163265,-6.0143387755102,-8.36453979591836,1.0183306122449,3.43013367346939,3.97891428571429,3.3516887755102,3.16344346938775,0.626094897959193,1.68877755102041,2.78500408163266,1.53269795918367,0.902197959183667,3.53022142857143,-1.86719591836734,-0.542059183673466,-1.35749081632653,-1.49042346938776,0.432237755102046,1.30903469387755,5.26893571428571,-2.70808265306123,-1.65206734693878,-0.868867346938778,3.38771326530612,-0.694902448979591,-3.74815816326531,-2.67687857142857,1.36140612244898,0.510653061224492,-0.533560204081635,0.624408163265307,0.508523469387758,-4.04618571428571,2.17018775510204,6.83612653061225,3.20916836734694,0.898876938775509,1.66184183673469,-2.06943979591837,5.35531530612245,4.38773775510204,0.542117346938776,2.49232346938775,3.17608775510204,1.39687142857143,3.02090918367347,1.35789897959183,2.87656938775511,2.0650112244898,-1.62521020408163,2.37019591836735,1.13959081632653,3.35770000000001,5.10518469387756,1.6481887755102,3.07552448979592,2.05481428571429,1.78875204081633,1.08471836734695,1.58911326530612,4.4765418367347,3.45499897959184,0.00423265306122689,1.09152244897959,1.30217653061225,1.67724204081632,0.789722244897957,2.56991836734694,0.440262244897964,3.88292857142858,3.48327653061225,2.82502448979591,-0.372925510204076,0.496903061224496,0.860875510204085,1.19489183673469,0.952036734693875,4.29466428571429,1.8114775510204,2.20810510204082,3.21384897959184,0.786647959183676,-0.930860204081629,2.79005000000001,0.0693122448979597,-5.42979387755102,-15.1006204081633,-1.70686122448979,3.66679489795918,-3.85053367346939,-3.32584693877551,0.826130612244904,3.15034795918367,-1.07557959183673,-1.1497693877551,2.7331418367347,4.01050102040817,2.90188265306123,0.776419387755107,2.74879591836735,0.030773469387761,3.55223673469388,4.32800408163265,4.20704489795918,5.63883877551021,1.97938469387755,0.134702040816329,1.22373469387756,-4.8625775510204,-1.26223571428571,0.550041836734689,1.89109795918367,-8.0590081632653,-4.7108,-3.05518367346939,0.830516326530619,2.07201326530612,1.17441428571429,1.40752142857143,1.57898775510204,3.35935102040817,3.15961734693877,2.73527448979592,0.832658163265311,0.208677551020408,2.28020510204081,1.46926632653061,0.705505102040816,1.59277265306122,2.20312755102042,1.87659591836735,3.36442040816327,1.68183367346939,2.60526734693878,3.11554693877551,3.14960408163265,-0.751580612244895,3.65399081632653,1.98449591836735,-0.876126530612247,-1.32653265306122,0.887633673469393,2.03938367346939,-5.55725,-3.65644081632653,2.51641020408163,-5.17091326530612,-1.22225612244897,-1.49488775510203,-1.25709081632653,2.71875102040817,3.39033979591837,1.6886693877551,2.39353979591837,1.33194387755102,1.99044795918367,0.657787755102044,3.3973306122449,0.580726530612248,4.05206326530612,1.34967448979592,-0.140214285714281,3.42883979591837,2.77147857142857,3.61636020408164,1.90209795918368,2.37936632653062,3.3980418367347,1.4910387755102,1.24345000000001,4.12559591836735,0.920804081632653,4.74911571428572,0.831377551020406,0.053925510204083,0.821333673469389,2.08397755102041,2.05907857142857,1.27428510204082,1.25019285714286,-1.42597448979592,1.36331020408163,3.50515918367347,-5.95685408163265,3.75425714285715,3.13447244897959,-0.374205102040809,0.447496938775508,1.36695816326531,2.48050306122449,1.13097142857143,2.74730408163265,2.95811530612245,1.02311530612245,3.18650204081633,1.6387224489796,1.43341836734694,2.98704285714286,2.28988775510204,0.840017346938787,-0.0473663265306135,1.07947448979592,-2.18070408163265,-0.184291836734696,0.00540918367347309,1.11780510204082,-3.39319489795918,-0.121462244897955,-1.40368979591838,1.6267724489796,1.80710204081633,3.61066428571429,1.93394795918367,-0.569565306122446,1.85206428571429,4.86184897959184,1.03637346938775,2.64911428571429,2.74240204081633,3.19826734693878,3.07875102040816,2.5329418367347,2.23667448979592,-0.376036734693875,1.24157755102042,3.62479795918368,3.14072346938776,2.44359183673469,2.17572408163265,-0.0391106122448946,4.29556224489796,1.56593571428571,3.32465816326531,1.34024897959184,1.59268673469387,2.78430714285714,-1.34281326530611,1.91810612244899,4.39475714285716,2.88422244897959,3.89165102040817,1.21873265306123,0.139890816326533,-0.403066326530604,3.98913367346939,0.584434693877554,3.02064795918367,2.24450204081633,4.06985306122449,1.40756551020408,4.00027857142857,3.86347142857143,4.30608775510204,4.97067244897959,0.483092857142863,0.358100000000006,0.904189795918362,3.25770306122449,-0.428361224489797,3.75391836734694,-0.499051020408161,1.14475510204082,3.10119591836735,0.389698979591833,2.43899591836735,1.98719897959184,2.06914591836735,1.79198673469388,0.846851020408167,-2.02837755102041,-2.46833469387755,-11.1761030612245,-11.0327306122449,2.46139693877551,1.03983163265306,1.27843571428571,1.98104591836734,2.45685408163266,4.37926,1.98882040816326,0.135627346938779,1.23327448979592,-2.20606836734694,1.5745,5.51827448979592,3.67943265306123,0.57858877551021,2.15112653061225,2.77831020408164,1.23119795918368,1.97947959183674,2.26269285714285,0.62069387755102,2.64510408163265,2.53025306122449,2.05141530612245,0.577775510204084,-2.26314897959184,0.249625510204083,2.78756224489796,-0.805320408163256,2.96769387755102,4.10051020408164,1.63978469387755,0.26144693877551,-3.22748673469388,-6.40473469387755,-7.0498775510204,0.436055102040822,0.518204081632655,0.678573469387758,0.335691836734693,0.019989795918371,3.90302551020408,0.418032040816329,1.91718877551021,1.11487040816327,2.65993877551021,1.29145,0.584242857142852,1.69744489795919,-8.00715510204082,-2.4305806122449,1.3221581632653,-0.245658163265304,0.299265306122457,-1.26974285714286,-3.44882142857143,-0.652263265306122,1.80489632653062,-1.42611020408163,4.82703979591837,5.77926836734694,2.4782693877551,2.34227857142858,3.7265418367347,1.11430510204082,1.3321112244898,0.384117346938776,-1.87732857142857,-0.313745918367344,-2.99564591836735,-0.543917346938771,2.42037857142858,3.5229193877551,-0.888188775510202,1.85433163265306,4.40775918367347,1.28925510204083,4.02476734693878,2.2618693877551,1.14723571428571,0.249469387755105,3.32038979591838,2.00900918367348,0.137646938775512,1.28366020408163,2.3424806122449,2.56171428571429,5.2646224489796,2.52445408163266,4.0386418367347,3.23249795918367,4.17966469387755,1.70552551020409,1.06786734693877,1.45959387755102,3.96056836734694,1.87089795918367,1.30380306122449,3.9972,3.22811326530612,0.809764285714293,2.63407244897959,0.895560204081633,1.01794285714286,1.86757653061224,3.63735102040817,3.33091632653061,1.14522142857143,1.92797142857143,1.54508673469388,3.62206428571429,-1.57395306122448,-1.16352346938775,-1.39008775510204,2.85774795918368,1.91715816326531,0.0375499999999986,2.05630612244898,-0.943838775510201,1.41406428571429,-5.0978,3.44029489795919,2.15389387755103,0.145797959183678,1.74642346938776,-2.03502142857142,0.15475510204082,2.54916326530612,2.88816020408164,2.48300816326531,4.64107040816327,4.50908877551021,-0.0482653061224436,2.75548469387756,-0.435523469387752,2.05933673469388,1.60211020408163,-0.623536734693876,4.04038571428571,2.01951020408164,1.44995714285715,0.136003061224487,3.1539806122449,-1.43263673469387,-4.62576326530612,1.32702551020408,0.763214285714286,0.921108163265309,1.1194836734694,3.41710918367347,1.24965612244898,1.1213612244898,1.50961734693878,0.76679795918368,-0.0720204081632634,2.89033265306122,0.880138163265307,1.73376326530613,4.47115102040816,2.48836020408163,3.3022112244898,-1.10815408163266,0.109107142857145,1.13485306122449,-1.33089387755101,3.60451020408163,-1.0528775510204,2.37261734693877,2.77715,-0.17517448979592,1.84631020408164,1.00542142857143,1.29057346938776,1.26526224489796,2.18625306122449,0.731762244897957,-6.0543806122449,0.802688775510209,-0.957243877551019,1.0579112244898,2.24000306122449,1.1594193877551,1.69278877551021,1.83111836734694,2.56056734693878,5.10777653061225,-0.652513265306124,-0.278770408163258,0.763064285714291,0.809552040816333,2.20006224489796,3.67483571428571,2.3358306122449,0.87247346938776,2.55012040816327,1.28738755102041,1.72128693877551,2.68546428571429,-0.312022448979586,1.51031428571428,4.52091734693878,-1.11558163265306,2.06331428571429,2.54640000000001,0.0899224489795927,4.51345,2.50135102040817,6.77053775510204,0.793625510204084,2.95754285714287,2.64845918367347,2.55596326530612,0.998294897959186,-0.724235714285709,-0.387096938775511,3.2174612244898,1.57197142857143,1.87100918367347,0.292867346938783,1.63693775510204,-2.44202142857142,-1.82036734693877,-0.967405102040813,1.12374489795919,2.29747755102041,3.28874387755103,1.14986020408164,0.0162010204081628,1.49575102040817,1.60291632653061,4.0426306122449,1.97358469387755,-2.75840306122449,1.10558163265306,2.5692612244898,0.567148979591841,0.0327653061224502,2.26136530612244,1.91273163265307,3.09983163265306,3.33182346938776,1.32871530612245,-0.219489795918365,-1.8877806122449,-0.0994234693877551,3.92115,2.68852346938775,2.74047142857143,2.03767040816327,3.52399387755103,1.12030102040817,0.782014285714292,3.57385510204083,3.16716428571429,0.230006122448984,1.78467142857143,1.03590204081633,1.83651734693877,-1.43907448979592,0.215391836734696,2.48480918367347,0.925912244897963,-1.30517448979592,1.42888775510204,1.21299489795918,0.85016040816327,1.54341122448979,1.53018469387755,0.0942275510204116,3.62198163265306,2.88413571428571,3.56599897959184,-1.30401632653061,5.53308877551021,1.71487551020409,0.524358163265306,2.29582959183673,0.0834693877551089,-6.37947959183673,-0.241559183673472,0.115971428571434,1.94357142857144,3.54539693877551,4.39486734693878,3.87957551020409,1.21620918367348,0.813981632653068,0.786968367346939,0.485547959183672,1.64570000000001,1.45007346938775,-1.56106428571428,2.60335918367348,2.00197653061225,-0.0287806122448959,1.95293367346939,3.20278775510204,1.74983775510204,2.52563918367347,-1.78031632653061,0.354575510204084,-0.10565408163265,1.72840714285715,2.23372897959184,5.3990530612245,1.67450510204082,-0.156627551020404,-1.22692755102041,0.0857571428571511,2.6084806122449,0.983703061224492,0.82155510204082,0.88698673469389,3.25185510204082,-0.589315306122447,0.367252040816334,0.571138775510213,0.894414285714289,0.961245918367354,2.60506224489796,2.21856326530613,2.33635102040817,0.209543877551023,1.63607551020408,2.48350612244898,1.71431632653061,0.168445918367349,0.877142857142859,3.86635204081633,0.625482653061222,1.43854387755102,2.41094081632653,0.204671224489794,1.7642918367347,1.71004387755103,1.73795918367347,-3.01103979591837,2.66948367346939,-2.2022193877551,1.56847448979592,2.66436836734694,2.4525418367347,1.17707653061224,0.882503061224501,-0.0883867346938736,2.88643571428571,3.74794387755102,1.53924285714286,2.53777755102041,-2.28708367346939,-4.19526428571429,-5.1181075510204,-4.53105612244898,-2.39080510204081,-0.10910306122449,2.29458775510204,1.12150918367348,-0.149637755102043,1.53705510204083,0.608330612244897,-0.12407755102041,2.12849081632653,2.79675102040816,4.88653469387756,2.06303979591837,3.21385,-1.0182193877551,-4.54599183673469,-4.75002081632653,1.94649489795919,5.57025816326531,2.06856020408163,3.42405204081633,3.53411224489796,1.9689887755102,2.41195204081633,3.92475918367347,2.43662448979592,2.54109285714286,2.08063469387755,6.03902857142857,2.54028265306123,3.46245714285714,2.68454285714286,1.62208877551021,0.0255734693877567,5.55581224489796,0.463110000000001,2.24412142857143,2.90931453061224,1.11417551020409,4.40612306122449,-2.53160204081632,1.1305693877551,-0.0330714285714335,0.0485785714285618,1.46864387755102,1.37566938775511,2.46836938775511,1.37173673469389,3.71679081632653,3.37449183673469,0.199369387755098,1.72093979591837,1.04227448979592,1.63844693877551,3.46970204081633,2.87209489795919,3.36396632653062,2.56477142857143,3.04550918367348,3.75295918367347,2.59552755102042,0.681204081632663,-0.257925510204077,3.30535204081633,2.13230714285714,2.66689183673469,2.60232755102041,-2.16005612244898,0.581593877551024,1.14042959183673,1.47890306122449,-0.273276530612247,1.61880510204082,1.39931836734694,3.06399285714286,4.17066530612245,2.12395,2.63384897959184,3.00442653061225,1.82611734693878,2.20158571428571,2.2802806122449,1.69099489795919,0.450903061224492,-2.50101224489796,0.875954081632658,-1.10243673469387,-0.599359183673467,-1.5572469387755,-4.80445306122448,-6.83442551020408,2.67552142857144,2.73383265306123,1.96314795918367,1.87778163265307,0.355386734693877,1.29376224489796,1.04967244897959,2.53776938775511,2.28103265306123,0.459788775510206,2.13465,2.10777857142857,1.21398163265307,1.62005632653061,2.52579081632654,-0.382558163265302,-1.11606020408163,0.994848979591836,3.84227653061224,1.31366224489796,-0.961774489795916,-5.60945102040816,-4.24173265306121,0.52660408163266,2.76918877551021,1.59713367346939,3.51077040816327,-0.371311224489791,2.63592551020409,0.673170408163271,-7.51329999999999,-4.34022142857142,-3.66627346938775,1.21915510204082,2.08743775510204,0.694890816326534,-2.1301887755102,4.31603673469388,0.104431632653061,0.119973469387761,2.78200816326532,-5.38513571428571,-5.22163469387755,-4.36525612244899,-5.52217857142857,1.12348775510204,3.72563469387755,2.18010816326531,1.85353673469388,1.74619387755102,2.36052448979593,0.244091836734698,2.61568469387755,2.27912653061225,3.50070102040816,0.387834693877549,0.272024489795918,2.41329081632653,2.42540897959184,2.27155612244899,1.72904387755102,1.85506632653061,2.54235714285714,2.28192857142858,2.63480918367347,2.37446020408163,0.465361224489796,0.143323469387756,4.62269081632653,1.7163724489796,3.20617142857143,0.817683673469387,0.369283673469392,0.503524489795922,3.49361734693878,7.02032040816327,0.496552040816325,-1.02668877551021,5.49615612244899,-3.34645510204082,2.41181734693878,2.4851612244898,2.78906428571429,3.27802653061225,-3.40764693877551,0.978218367346943,-1.45026224489796,3.17278367346939,2.51357653061225,1.29412755102041,0.433763265306125,2.66517142857143,3.34684387755102,0.764128571428576,4.95865714285714,-0.807444897959178,1.15503367346939,-0.176022448979582,-6.17302959183674,2.99952755102042,1.22922142857143,-0.207725510204083,0.0299724489795907,-0.0333489795918398,4.36665816326531,0.504375510204086,2.9909336734694,-0.560029591836736,5.6077112244898,5.95339591836735,1.44348979591837,1.04206224489796,-0.174846938775507,0.736030612244903,0.166366326530606,-3.38938183673469,-0.187803061224491,2.21930408163266,2.93168673469387,1.65825714285715,3.88727857142858,1.81982755102041,1.37100510204081,2.94181632653061,1.83576224489796,3.17319693877551,0.0209224489795954,1.63513163265306,1.08964183673469,2.97869081632653,2.54749693877551,-1.47066122448979,-2.84814081632653,-0.4882469387755,0.59756938775511,-1.87970714285714,-2.61937857142856,-3.72233571428571,0.106531632653066,-4.50853571428571,-1.66565408163265,1.17635510204082,4.44799693877551,2.77360102040817,3.3599224489796,0.335594897959194,1.34829693877551,0.321106122448987,0.804582653061228,-1.60808571428571,-0.177271428571431,1.74352653061224,2.04447163265306,3.0129193877551,-4.12163673469387,3.81528673469388,1.70325,0.741722448979597,2.01759081632653,0.77505204081633,2.3386193877551,3.4843,1.77389897959183,0.634336734693873,4.21130204081633,2.37465,-1.96528163265306,-4.81133163265307,-5.4208693877551,-4.15211938775509,-4.03400408163265,1.92455612244898,2.62128775510205,3.9351224489796,1.55228367346939,2.40361326530612,0.647162244897966,1.97733775510205,2.40699387755103,2.52763775510204,2.11294897959184,1.89590918367347,1.7206306122449,2.1235306122449,3.12813285714287,5.56727244897959,3.10122244897959,3.47153673469388,0.141759183673471,2.83331428571429,0.865418367346943,0.361993877551023,2.74181734693878,1.33487857142857,2.38122755102041,1.62245102040817,1.87998469387755,2.10540612244899,0.934374489795919,2.00823571428572,2.09408265306123,2.21880510204083,1.28753673469387,1.16868367346939,3.98617959183674,3.43245408163265,4.53737448979592,0.584108163265303,2.06406326530612,-0.552740816326523,6.78646020408163,1.39571326530612,-1.05790204081632,1.05281428571429,3.42070714285714,2.13247244897959,2.14692653061225,2.35152040816327,3.43257857142858,0.562688775510208,1.12098163265307,2.57275,3.72187244897959,2.75458367346939,2.00182653061224,2.42978265306122,0.570142040816328,0.612075510204082,0.491904081632653,1.62227551020408,-0.205594897959186,3.6632693877551,-0.362295918367352,1.67375408163265,2.18802346938776,-2.65572244897959,1.59557755102041,1.46557142857143,1.31524081632654,2.16422448979592,1.2590918367347,0.965391836734694,2.50551428571429,4.43406326530613,3.17065510204082,-0.679916326530609,0.598871428571435,2.8801418367347,0.909991836734699,1.65072857142858,2.08106122448981,2.97370408163266,1.59315714285714,3.2635806122449,3.58313979591837,2.52148979591837,0.671542857142856,-2.77405408163266,2.57937244897959,0.874240816326533,-1.77486632653061,3.08811428571429,1.81116183673469,1.85962612244898,1.93959693877551,-0.141169387755097,4.08356020408164,1.7394887755102,1.58706326530613,1.96532755102041,1.67269591836735,1.68808673469388,2.04506428571429,3.12792448979592,3.95134693877551,3.18879387755102,3.62156530612245,-5.10404285714286,-10.7019836734694,-2.77802448979591,-10.318087755102,4.70162959183674,2.06769795918367,1.53270612244899,1.59162448979592,-0.801075510204082,0.868985714285719,1.61712040816327,-1.89634693877551,0.873398979591839,1.47718673469388,3.34538367346939,-0.883728571428571,2.56462040816327,3.07183265306123,2.57458265306123,-0.150791836734692,2.02378877551021,0.75310816326531,0.761264285714291,5.17119387755102,1.8924724489796,-0.0823653061224476,0.655092857142854,-0.451302040816322,-0.797737755102037,1.9887918367347,2.12257959183673,2.35785204081633,1.43114693877551,-0.865117346938773,3.75890204081632,0.711210204081635,0.390679591836739,2.62361530612246,3.91783469387756,2.15352448979593,1.36933571428571,2.04629795918367,1.2057112244898,2.07447448979592,2.7484918367347,3.57749897959183,0.439277551020411,0.580757142857141,-0.254456122448977,1.95459795918368,2.55445,3.36840510204082,-0.947885714285711,0.921114285714287,2.49883775510204,2.34633367346939,0.202584693877551,3.16497857142858,4.07803367346939,1.73204897959185,1.10857040816327,1.31052551020408,5.07821632653061,1.38034183673469,0.101709183673474,0.453072448979597,4.40260102040816,1.31658775510205,-0.513173469387755,-0.144975510204082,1.96652857142858,3.0127518367347,1.70555204081633,2.82087142857143,0.0928693877550982,4.41243653061224,1.63817040816327,3.34850918367347,1.28736632653061,1.09714693877551,2.24907551020408,0.918210204081634,1.9446206122449,1.0049887755102,1.02863979591837,2.49547040816327,1.77747040816327,5.46778979591837,1.05844693877552,0.377843877551022,0.771442857142855,-0.103467346938775,1.86293979591837,3.21746326530612,1.67507040816327,1.68574081632654,-0.0811061224489737,-1.27656428571428,0.937704081632655,1.94977040816327,5.76274285714286,-3.81076224489795,1.7065836734694,3.76822040816327,1.31985510204082,3.07889285714286,0.0988724489795946,2.62634285714287,2.2871418367347,3.58927857142858,0.55780408163265,1.54305204081632,0.214829591836737,0.967487755102042,3.57087448979592,1.62144387755103,2.77940102040816,-0.834234693877546,-1.28793469387754,0.233843877551031,1.3346112244898,2.50114081632654,-2.06639489795918,-4.04193571428571,-0.620657142857147,2.35366020408164,2.56650306122449,2.26924795918368,2.02302857142857,0.547734693877552,-0.711871428571429,1.37888673469387,-0.732364285714283,3.08589387755102,2.77459387755102,1.71171836734694,0.805111224489794,-0.0659969387755055,2.43334897959184,1.96417653061225,3.04764897959183,2.86972040816327,2.82250306122449,0.718461224489799,6.07555,0.986137755102041,0.843713265306126,2.58824693877551,1.96605612244898,5.16759285714286,-0.922951020408155,1.01404183673469,-2.41618469387755,0.797897959183677,3.14039897959184,2.83231020408163,2.71101020408164,0.294891836734694,1.8376775510204,0.410320408163265,2.87133673469388,2.11639795918368,-1.78454897959183,0.398488775510208,3.62635510204082,2.51246836734695,2.04983673469388,2.08955102040816,3.78394795918368,0.248802040816333,-0.0584765306122392,4.13883163265307,1.24730612244898,1.10383673469388,2.82874387755103,1.87404387755102,1.24141020408164,0.79638163265306,-1.17742244897959,-3.99270102040816,2.49781428571429,0.0824948979591884,-3.6328918367347,1.57927959183674,-0.387541836734689,-2.39880510204081,3.03500816326531,3.57570816326531,1.77051938775511,3.12053163265307,2.76082653061225,1.4971418367347,3.75465306122449,-0.146848979591839,3.74601530612245,1.97245612244898,0.0926285714285786,1.11895612244898,0.752138775510211,3.22917857142857,0.551652040816331,2.47960204081633,3.83449897959184,4.2159418367347,1.78455714285714,1.73219387755103,1.75649183673469,1.98739897959184,2.25560102040816,2.17410612244899,-0.0437857142857103,-0.943538775510203,1.10400102040816,-0.00587040816326834,1.52003979591837,3.32173979591838,3.23846530612245,2.62003163265306,1.67731836734694,2.30087653061225,3.41453775510204,0.461629591836734,1.94661326530613,-0.481295918367342,0.232042857142861,2.61839285714286,4.90017040816327,1.4723112244898,1.56173979591837,1.04957857142858,-1.66182918367346,3.99652918367348,4.58374142857144,1.6885381632653,2.57283979591837,0.193281632653067,1.51124387755103,0.0851755102040865,-2.24393265306122,-5.82619285714285,-2.54526428571429,-0.613327551020406,-0.486275102040815,4.87473061224489,3.84243775510204,1.91118204081632,1.18136530612245,-1.1512387755102,-1.67561632653061,-0.906803061224488,0.445142857142857,-1.34718163265306,2.11218877551021,2.94090306122449,2.8658724489796,2.68846836734694,2.2833806122449,1.34163163265306,-1.23160204081633,-1.37900306122448,-6.86051326530612,0.32283673469388,0.305821428571424,0.595959183673473,0.127396938775516,0.695471428571429,0.845841836734695,1.64014591836735,2.18207653061224,1.80876836734694,-0.56471530612245,3.66860000000001,1.29794897959184,-1.15033265306123,-2.0376306122449,3.88902551020408,-0.386824489795914,0.824779591836737,1.36431612244899,6.04071224489796,3.1622418367347,-0.29464081632652,3.1677448979592,2.85399795918368,2.89573979591837,3.87232142857143,1.62242142857143,1.7060806122449,2.37531836734694,2.03577857142857,1.76612346938776,2.55784693877552,0.109051020408167,-4.41762346938775,1.93506836734694,2.03985102040817,0.0540408163265331,3.6262806122449,0.39537142857143,2.32705816326531,2.37357346938776,0.369981632653063,-1.62472244897959,-0.450178571428566,2.29631020408164,1.27161530612246,2.28904591836735,0.697055102040824,1.67320816326531,0.588702040816326,4.95072551020409,4.73824591836735,2.41058673469388,-0.959784693877547,-0.402313265306121,4.19074387755102,2.71598367346939,-0.0105612244897921,0.736635714285718,2.62134387755103,1.62467551020408,1.26930612244898,0.125289795918372,1.08852040816327,1.57540612244898,1.70455510204082,2.81921938775511,0.63535204081633,2.11333673469388,1.66334591836735,3.32269387755102,3.69826428571428,1.59189285714286,2.12298775510205,-0.704647959183673,1.48662448979592,1.78221224489796,2.88195612244898,2.47961734693878,1.5216681632653,0.518003061224491,1.5747612244898,2.27188571428572,5.83329081632654,2.07530816326531,2.14245510204081,3.74720612244898,0.673781632653056,1.61750816326531,2.9936581632653,2.40273979591837,2.64593979591837,1.65396265306122,0.0614602040816368,0.751975510204088,5.54162142857144,1.56251326530612,4.01952040816326,1.68293673469388,-0.833168367346933,-0.382737755102037,-0.0606877551020402,2.61042857142858,-1.03877448979591,-0.404446938775511,-13.7784683673469,1.06820918367347,2.49565918367347,1.58027857142858,0.83917244897959,1.8511112244898,2.57511938775509,5.59934795918367,1.33079795918367,2.90286530612245,3.25862857142857,1.87887448979592,3.03113265306123,3.49961836734694,2.19972448979592,2.49601530612245,2.19831836734694,4.6233612244898,1.12496734693878,4.51267755102041,3.92108877551021,1.49570918367347,3.18340714285715,3.94245204081633,2.80609897959184,1.1483775510204,2.38486530612245,0.693467346938778,1.54468367346939,0.913039795918374,2.96078673469388,6.61138877551021,2.8755387755102,-0.511532653061223,1.34105510204082,1.97339489795919,4.85956836734694,-0.673106122448981,0.601560204081634,2.50957448979592,1.33357448979592,3.57583979591837,3.73443979591837,1.7613806122449,0.850551020408172,1.82306020408163,0.908177551020406,2.74139285714286,0.846033673469389,1.29231326530612,3.10020714285715,0.986704081632659,3.36882551020408,2.71118673469388,0.247515306122454,1.57127448979592,2.50832653061224,0.845548979591835,3.42707755102041,2.07849081632654,4.18674081632653,4.57426632653062,0.82124693877551,2.42867244897959,0.455151020408174,1.02023877551021,3.92647244897959,2.49362959183673,3.14724591836735,0.326630612244907,3.24756224489796,3.04631530612246,3.22058877551021,2.89163673469388,1.4574,1.55982755102041,0.703455102040818,1.74183163265306,1.45739897959184,-0.591636734693879,2.48318163265307,1.79775714285715,1.25499489795919,0.412854081632657,-0.196373469387755,2.20152959183674,1.44832040816328,2.07129693877552,-1.74217959183673,-0.0302295918367346,4.70586530612245,1.39859836734694,2.53828163265306,2.69737857142857,1.34889693877551,4.0797,1.11064285714286,2.85981530612245,1.52163469387755,1.00264693877552,0.348360204081636,4.26601632653061,1.64238571428572,2.69329795918368,1.5964530612245,-0.339516326530612,0.970287755102039,-0.403410204081634,-2.99904897959183,-5.49111836734694,-2.46605408163266,1.67247653061225,1.85692755102041,0.58133265306123,1.40010306122449,-0.632706122448982,-1.0230387755102,1.80550612244898,3.60494897959184,0.810038775510208,4.12765,4.34344387755102,-0.153136734693881,-0.715054081632653,0.676144897959192,1.77827040816327,2.95011530612246,3.47736734693878,1.34561938775511,2.50024387755102,0.575439795918374,3.10549081632654,2.67487653061225,-0.0205112244897929,0.0236257142857108,1.76863775510205,1.66878163265306,0.909619387755102,1.18190918367347,3.93751938775511,1.62950816326531,1.85845612244898,1.55190918367347,1.97742755102041,1.85722959183674,3.64059183673469,3.18762653061224,2.44128265306123,1.78588673469388,4.44260918367348,1.81621428571429,1.78162755102042,0.92502857142857,3.84805,2.72462653061224,-1.14008367346939,-3.36728469387755,2.16877244897959,0.117879591836733,2.32432959183674,1.99037448979592,3.18106530612245,-0.444702040816328,-0.22467755102041,5.97295408163266,2.45562142857144,2.02015,1.43540714285714,-1.45027857142856,2.42846428571429,4.67964489795918,2.62600918367348,1.05274387755103,0.301110204081638,0.638933673469382,3.43800102040817,3.86429387755102,1.48608775510204,0.390888775510203,3.62497142857142,2.3344081632653,1.46086734693878,4.49279489795919,-2.82760306122448,-1.95968469387755,2.56778265306123,4.08149285714286,4.13352959183675,4.75660714285715,3.55951020408164,-1.54345306122449,-0.323610204081632,1.24633775510205,-1.42328367346939,2.56394795918368,2.90001326530613,3.27730612244898,3.08264285714285,-1.37611530612245,1.40727448979592,1.35203775510205,0.687846938775516,-0.0905459183673458,3.13781734693877,0.668035714285717,0.83472244897959,3.57577755102041,0.736716326530609,2.52770918367348,3.27555102040816,2.04654693877551,0.325979591836734,1.03591632653061,1.48264591836735,-1.40512653061224,-2.08062040816327,0.78391632653061,1.97257755102041,-5.88387653061224,0.346172448979596,0.221507142857144,0.400619387755104,0.895845918367346,0.0026561224489825,2.38851734693878,-1.51121632653061,-3.47940612244898,0.552207142857148,3.82585408163265,0.358265306122444,1.04733163265306,0.377170408163267,-0.145028571428573,-1.45372857142856,-1.07878061224489,-1.14119897959183,-0.405656122448974,0.954177551020415,4.50233673469388,-0.355909183673466,1.80255612244898,3.1380306122449,1.18330408163266,3.09432346938776,2.04388367346939,2.94624693877552,1.42463979591837,1.4377693877551,1.60908367346939,2.71377551020408,2.52951020408164,1.94092959183674,0.489621428571433,4.40423265306123,0.0999516326530631,0.44312857142857,2.11007448979592,0.359779591836737,0.670576530612247,1.45157959183673,3.75871428571428,1.76806326530612,0.444202040816325,2.30176632653062,4.35496020408164,1.72939081632654,0.49718163265306,2.84884795918368,-3.00350204081633,2.56315657142857,1.80979387755102,0.717178571428568,1.43761020408164,1.19447142857143,0.346963265306128,0.070922448979597,0.475380612244893,-2.19365,-2.92777857142857,1.49616020408164,2.5949530612245,-0.849893877551015,1.39303163265307,0.849153061224497,1.82085714285715,1.00488265306123,2.26459897959184,3.26683877551021,0.588118367346937,1.18497857142857,3.17833265306123,-1.17203673469387,-1.99782551020408,-1.28079795918367,-1.45399795918367,2.33052346938776,-5.62272959183673,-1.34032142857143,1.87441530612245,1.15311530612246,2.95822142857144,-5.35723571428571,-7.21279591836735,-6.99267244897959,-7.44274693877551,3.25059795918367,3.20467653061225,4.68473877551021,0.610854081632661,1.85260510204082,0.389835714285716,3.64690306122449,1.14284693877551,-1.00480102040816,0.443448979591842,-2.2990306122449,1.93283469387755,2.68990408163266,4.32095306122449,0.17754897959184,-1.2749693877551,0.0538357142857238,3.33323673469388,3.60845714285715,3.70984081632653,1.30408979591836,2.36076530612245,1.47681938775511,-2.52479693877551,-2.00158469387755,-1.07940612244898,-4.05016122448979,-1.19895,3.1011693877551,2.57578877551021,3.2844387755102,3.48047142857143,0.308548979591843,-0.654668367346934,0.489407142857143,1.73908367346939,0.860138775510212,2.07924285714286,0.682508163265309,2.42278469387755,1.77009591836735,2.3519530612245,1.78264591836735,-0.132093877551018,4.11427040816326,3.7520112244898,-0.0238448979591848,-1.93998979591837,-2.43534183673469,-4.43084387755102,-2.99309999999999,-5.18261224489795,1.87253265306123,-6.05099591836735,-7.7953,-6.3186969387755,-8.20227653061224,-3.27255510204082,-0.0320693877551026,1.46704693877552,-1.01443673469387,0.298363265306129,1.83320306122449,-1.3637969387755,-4.75680102040816,2.53369081632653,0.100186734693874,0.56149897959184,1.84021734693878,3.01460816326531,2.91600714285715,0.973388775510204,2.76322142857143,3.91381428571429,1.21639285714286,1.22845,1.35171224489796,4.5625918367347,0.547041836734692,-1.39644489795919,2.25958673469388,-0.0950632653061234,-2.09147040816326,-1.67842142857143,1.77282244897959,2.98464489795918,0.423557142857149,-8.01920510204081,0.454926530612247,-0.219018367346935,0.247909183673475,-7.07956632653061,-8.11809591836735,-7.69750408163264,-3.62102142857143,-2.1571387755102,0.397157142857141,-0.591136734693874,2.10175714285715,0.232101020408168,1.08123265306123,2.9918612244898,0.854459183673471,0.0353285714285754,2.10934387755103,1.18132551020408,2.64637142857143,3.23732653061224,0.497322448979584,-2.61478775510204,2.23363571428572,0.141946938775513,-4.69619081632653,5.76052346938776,0.781963265306119,-1.67790897959184,-2.48512551020408,-3.45210857142857,-3.86137742857143,-1.04002653061224,2.29144795918368,4.36854081632654,0.799106122448988,1.98152346938775,2.9377,2.75240714285715,0.172468367346935,3.88760204081633,2.99830204081633,-0.816383673469383,0.915566326530609,1.17653673469388,1.31798367346939,2.96747755102042,2.58115510204082,1.9096806122449,3.41912959183674,-1.82132040816326,-0.817976530612244,1.5749612244898,2.52401632653062,2.85565204081633,0.812744897959187,-1.38162142857143,2.03848673469388,0.388359183673472,1.04249795918368,2.24555000000001,0.988053061224495,2.89661326530612,3.90714387755103,3.14849897959184,3.12672346938776,1.75378775510205,2.54578775510204,2.18988775510204,4.77952857142858,0.843685714285712,4.09048897959184,1.67145428571429,-6.64135204081632,-3.50796836734694,2.19454489795919,-0.546124489795908,3.44949489795919,0.728120408163266,0.95345918367347,2.47836122448979,5.67683979591837,2.47642653061225,0.141857142857148,2.08616326530613,1.95072142857143,3.64741938775511,0.0183540816326531,-1.24606530612244,-1.03704285714285,1.44569591836735,1.2915224489796,3.43367040816327,-0.664981632653056,0.657418367346938,3.07190612244898,1.62748183673469,4.9415,5.59065306122449,3.52841326530613,1.93512448979592,1.30794387755102,3.52888979591837,1.09384285714286,3.27311836734694,2.96394489795918,3.44009285714286,0.990438775510205,2.67608979591837,2.50630408163265,1.21773775510204,3.53906734693877,3.04462755102041,0.829270408163264,1.02277857142858,2.41615408163266,0.315626530612244,2.76730612244898,3.9283724489796,2.32658265306123,1.34441224489796,2.98451326530613,5.01446326530613,4.14349081632654,4.11796632653062,4.48834591836735,2.41530102040817,0.461790816326535,2.12417346938776,4.9539918367347,1.68601734693878,3.24707040816327,0.741109183673468,1.38611428571429,2.52106020408164,2.76066734693878,1.43461428571429,1.51042244897959,-0.895219387755096,-1.49035408163265,3.74643571428572,2.89892551020409,1.31865204081633,1.77542857142858,-0.952602040816327,-1.94539795918367,-0.103053061224491,0.472125510204085,-0.0738055102040841,0.321308163265307,0.0425744897959159,1.00936734693878,2.48418673469389,3.76610102040816,2.41532857142857,-3.31057959183673,-2.7572818367347,2.09348673469388,1.9865306122449,-0.770522448979587,-6.47612755102041,-1.78249897959184,0.765703061224495,-3.16100714285714,-0.0713367346938778,2.10478979591837,1.48348571428572,3.61750204081633,1.93435204081633,0.769266326530619,-2.48667142857142,-0.486329591836729,-0.06148265306122,-3.03275408163265,-0.480719387755101,0.268726530612247,-1.63738673469387,-2.87056734693878,-2.06326632653061,-2.15544387755102,-0.575961224489796,-0.977449999999989,-5.58635102040817,-3.13501326530613,-2.95386734693877,0.913523469387756,-0.0488714285714247,0.232885714285713,1.1369724489796,1.48924489795919,0.904222448979594,-5.40307857142857,2.13814489795919,-2.17325612244897,-1.62666632653061,-3.56586428571428,0.552208163265309,4.68295000000001,2.05402653061225,0.77500918367347,-1.66804693877551,1.50060612244899,0.686222448979594,0.424530612244904,2.20472653061225,1.40989693877551,-1.45312551020407,2.3758806122449,3.09697244897959,1.74721734693878,2.35635918367347,2.56005000000001,0.252319387755108,-0.0408530612244835,1.4066112244898,3.04120000000001,2.88238979591838,1.51323673469388,4.55288673469388,2.85214897959184,1.98175306122449,6.35179693877551,1.22970918367347,1.2411806122449,4.46732653061225,1.82869489795919,1.24162346938776,0.564082653061224,3.74540612244898,3.50253061224491,3.33573061224491,4.21905755102041,2.85726224489796,1.96156836734694,0.637068367346941,1.90514693877551,4.85583367346939,0.27078367346939,0.979135102040818,4.30046530612245,2.57273673469388,1.03418979591837,2.9531,2.65748163265306,4.25496020408163,2.32352653061224,0.866441836734688,3.16352040816327,0.6327306122449,2.93479795918367,1.48826020408163,2.34407142857143,0.509896938775519,2.38797551020408,4.34644489795919,2.90321836734694,-0.307273469387756,-2.07081632653061,0.340256122448984,2.82090102040816,0.521655102040816,2.13839183673469,3.57541734693877,-0.76485918367347,-0.127022448979591,-2.0103775510204,-7.54299795918367,-3.88376530612245,2.02856836734694,3.01683265306123,-1.09323979591836,-14.9598846938775,-16.3768989795918,-20.3698428571429,-13.3239408163265,-13.3969653061224,-13.6971653061224,-11.5166051020408,-9.27030306122449,-14.0084285714286,-13.3035510204082,3.41241326530612,2.32293163265306,0.84002959183674,-0.251246938775509,-0.0274948979591896,-0.0847469387755133,1.55309081632653,1.56832755102042,3.15726632653061,2.0041812244898,-0.107703061224485,1.92527040816327,2.50669897959185,3.8293806122449,1.91426734693877,2.54550510204082,2.05812142857143,-0.00037857142857467,2.90908367346939,1.39352040816328,1.74676224489797,0.638972448979592,1.60262040816327,1.61626428571429,0.616667346938774,2.19361428571429,-0.780458163265301,0.313576530612247,3.13575918367348,1.66154489795919,2.24689489795919,1.79517040816327,1.28210000000001,0.395346938775509,-1.00348673469387,0.133443877551019,-5.02881632653061,-2.78550204081633,1.98257959183674,2.14535918367347,-0.3300887755102,1.84650816326531,2.33228469387755,3.3073224489796,2.00599081632653,1.92754795918368,-0.703110204081625,1.31566632653061,-0.238497959183674,3.44011836734694,1.5703612244898,3.0050112244898,1.64935714285714,0.42469285714286,2.41466632653062,1.00908775510204,3.52417551020408,-5.76238163265306,3.29287653061224,1.72997551020408,1.63847346938776,3.94045204081633,0.432926530612242,-0.255930612244893,3.00241938775511,3.69965102040816,0.983911224489799,5.28891326530613,1.35996224489796,1.21433571428571,-1.15571428571429,3.66234693877552,-1.94166020408163,-1.88892448979591,1.56696020408164,2.63373367346939,-1.39270306122448,-0.71473979591836,0.219283673469386,-0.852926530612238,-0.537584693877546,1.10372857142857,0.00470204081633163,-0.434205102040815,2.0398193877551,1.11126836734694,1.66169693877552,2.90864489795919,1.93298673469388,2.05669346938775,4.58623979591836,3.81323265306122,0.0587081632653055,-0.171226530612245,0.282013265306123,-0.495501020408158,0.452998979591838,1.19156020408164,3.4964612244898,0.992209183673474,0.668171428571432,1.52413673469388,0.140982653061231,-0.46756428571428,0.597970408163272,1.86782040816327,3.83127959183674,4.79225204081633,3.12915918367348,1.52401734693877,-0.601943877551013,4.09657040816326,2.97247857142857,1.19410102040816,2.60190918367347,-0.592386734693871,0.71717040816327,1.97134693877551,0.487600000000004,0.586861224489805,0.591592857142856,3.48396632653061,3.66675612244898,2.44448163265306,1.80422551020408,0.559390612244898,3.22827857142857,-1.59242959183673,4.00239081632653,3.4392193877551,0.561882653061226,-0.0837999999999961,-0.702292857142853,3.24887448979592,1.88240918367347,1.83096632653062,2.23357142857143,1.97400408163266,0.789504081632654,5.06525408163265,2.80695408163265,2.30364285714287,3.67281122448979,-1.29731428571428,1.58106632653061,-1.25513367346938,-0.697072448979594,0.990838775510207,0.620884693877554,-10.0239408163265,-9.02845,-5.42284897959184,1.78187448979592,1.79021836734694,2.63296326530613,2.33514795918368,1.65674897959184,0.794055102040812,3.61234489795919,2.89102755102041,0.0525102040816359,2.2895418367347,2.31587653061224,2.43195306122448,2.22590102040817,4.36430306122449,0.442453061224489,1.69768673469389,3.36854591836735,4.03229387755102,0.359655102040822,-0.99335102040816,0.89514285714286,1.83885918367347,2.21417346938776,2.83215714285714,1.03045306122449,4.41857653061225,1.06116632653061,3.31965918367348,-1.2346112244898,1.37991428571429,1.55044693877552,1.26939693877551,-3.08542959183673,1.99386836734695,0.550563265306124,2.62849489795919,2.15302959183674,2.45098979591837,1.93608673469388,2.49888469387756,2.66186020408164,1.58717244897959,1.90115714285715,2.7659693877551,1.69247959183674,-1.40449285714286,2.4477806122449,1.72418775510204,2.60406836734694,2.37611020408164,-0.0230775510204069,4.78284285714286,2.62057244897959,1.37081020408164,4.14724285714286,1.77489183673469,3.50233571428571,2.18038979591837,3.42991428571429,4.07515510204082,0.839099999999998,-0.491350000000001,0.161078571428574,3.66618775510204,2.65768367346939,2.50704183673469,2.08437653061225,0.792853061224491,0.109279591836735,-1.30279183673469,-0.398104081632649,-0.684473469387756,2.22961326530612,-0.783684693877543,0.21818571428572,1.30567040816327,0.665700000000005,2.02771734693878,4.46477551020407,-0.552689795918368,5.63505204081633,1.46055265306123,0.103302040816322,2.69850775510204,-5.25497755102041,0.128050000000001,-1.22653979591837,1.78599387755103,4.34110918367347,1.16944387755102,0.589448979591841,-1.675,-0.386269387755101,2.7943918367347,-0.557617346938773,-0.891749999999996,0.601711224489804,6.34173979591837,3.02943571428571,1.62837959183674,3.12363265306122,0.887712244897966,5.04406734693878,2.8123112244898,-1.89753163265305,0.618306122448985,0.907341836734703,1.0905887755102,0.0553142857142852,1.26014489795919,0.697703061224493,1.9257693877551,2.89781326530613,2.12445408163266,2.85432857142858,3.7775530612245,1.5427306122449,2.51916428571429,1.87880510204082,2.93946224489796,-1.41405204081632,3.35245714285714,2.1327918367347,0.433421428571436,1.8407306122449,3.19577244897959,1.47544489795919,1.74904693877552,3.08906122448981,-0.119219387755101,1.7935887755102,-1.68669489795918,1.61377244897959,4.71025306122449,-1.45728979591836,-0.429387755102038,1.03106326530613,1.15004816326531,0.827696938775514,0.934116326530617,3.31913367346938,-0.0320479591836684,2.62105102040817,7.06150102040817,4.8259193877551,0.120611224489804,2.81943571428572,0.381742857142852,1.99079693877551,-0.344193877551024,1.60193979591837,1.82851734693878,0.314965306122456,1.22166836734693,2.81647448979592,0.327187755102043,2.00718877551021,1.82326224489796,0.130858163265304,1.69514387755102,2.02569795918368,2.07578673469388,-0.211613265306119,-1.27276020408163,2.03422959183674,2.64650387755102,-2.80164387755101,0.552009183673473,0.478465306122457,-5.36831734693877,-3.20806734693877,0.653603061224498,0.950274489795927,0.363905102040816,0.856082653061227,0.984396938775516,4.08675816326531,2.86681836734694,-1.16542551020408,2.22177040816327,2.29001224489797,1.33900714285715,3.49564081632653,2.5300836734694,2.20313367346939,1.60643877551021,-0.807991836734688,1.51351326530613,1.86242346938776,1.90801326530612,2.70961734693878,1.84584285714286,2.36093571428572,0.896506122448987,-1.69591836734694,1.20693265306123,1.27432755102041,3.88994285714286,2.27221428571429,-1.13411632653061,0.724335714285714,2.40617346938776,0.795324489795916,2.23309795918368,-1.17862959183673,1.99536734693878,1.27796224489796,1.51623775510204,2.4252306122449,1.98985408163265,2.20257755102041,1.68830612244898,-0.185121020408162,1.74203571428572,5.43066020408163,5.39122755102041,2.49880510204082,0.581758163265302,-1.0441918367347,2.79955306122449,1.89569081632653,0.470564285714289,0.337393877551024,0.894168367346944,2.09210612244899,4.01373367346939,1.31426326530613,2.78470510204082,4.04211428571429,1.77666836734694,3.9862418367347,-1.17830918367346,-5.43807857142857,-1.86958469387755,0.288473469387754,3.00309795918367,-1.15038571428571,-1.15439857142857,-2.43242102040816,-3.57189489795919,-3.73691428571428,-6.67798448979592,-1.6993,1.11555673469388,1.61474387755102,2.0167306122449,2.19154591836735,1.66798265306122,-0.303081632653063,1.80247959183674,0.532179591836735,0.0550122448979655,1.47449795918367,3.36773367346939,1.91232346938776,1.99242346938776,0.205157142857143,3.74470612244898,-0.509202040816326,1.64530714285714,1.28890387755102,0.386753877551018,4.56536244897959,0.00242469387755184,3.88053346938775,2.89380734693877,3.66171510204082,1.85543673469387,1.29864857142858,3.70231836734694,1.7660887755102,1.39639489795919,-0.138766326530606,0.940083673469393,-0.431328571428568,5.13957959183673,2.26656836734695,3.63556224489796,2.22638673469388,1.38303469387755,-3.11756224489796,-6.79642040816327,-2.43006428571429,1.29185612244898,4.15535306122449,4.98372040816328,3.24210408163266,1.73441938775511,2.33850612244898,2.25359081632654,-0.109156122448969,0.629495918367347,3.87039897959185,-0.0103571428571367,-0.482245918367346,-0.993329591836727,1.96791734693878,3.16637959183673,-0.955724489795924,1.20045612244898,0.218772448979597,-1.13990612244898,-1.31128979591836,0.726320408163267,2.93597857142857,0.925107142857149,-1.01426020408163,1.47625,2.05175816326531,1.52819591836735,2.37814387755103,3.96303469387756,3.59092040816327,1.22327040816327,1.28974489795919,0.739037755102046,3.80159795918367,1.8140612244898,-1.8283887755102,0.844117346938774,2.35322142857143,-1.24956326530612,1.60108469387755,-1.16010408163265,-0.541770408163266,3.86441020408164,-0.130292857142855,0.66365510204082,-0.91654387755102,-2.61293775510204,-9.78637040816326,-1.50068571428571,0.238742857142861,-0.432332653061222,0.444311224489797,1.06794387755102,3.76820204081633,-0.289172448979589,5.47439693877551,2.68234489795918,-2.65757040816326,0.93512918367347,7.02022346938776,3.2118,1.54004897959184,4.19281632653062,1.5616112244898,0.398631632653065,-0.244907142857139,2.86001530612245,1.03142857142857,2.13910612244898,3.77014591836735,3.8415,4.13242857142857,1.08138163265306,6.43522244897959,3.6668112244898,-1.59394591836734,0.466674489795919,0.866478571428567,0.849569387755109,2.38753877551021,4.44072040816327,3.19002448979593,1.15464693877552,5.05329693877551,2.41465816326531,0.501277551020407,1.81317244897959,2.59495408163266,-1.5117469387755,2.89503367346939,2.21960000000001,-0.183189795918363,0.968968367346936,1.85282346938776,4.77091428571429,1.68156938775511,1.46691224489797,0.232617346938774,2.2867806122449,1.52184795918368,1.7029693877551,4.36349387755103,1.52288571428572,3.68950714285714,2.38363469387755,-0.529084693877552,1.97086224489796,1.57309653061224,2.95751428571429,2.88078673469388,4.80196020408163,2.16158571428572,-1.37971428571429,1.4895642857143,1.4195012244898,-1.84465204081633,1.07752755102041,0.690792857142861,2.68448265306123,-1.33292551020409,0.577302857142853,7.67403775510204,6.4347506122449,6.2137506122449,4.06735510204081,3.54293775510205,1.95760102040817,3.60267142857143,3.5958193877551,5.72091020408163,0.156676530612247,3.21600204081632,2.63695306122449,1.31997653061225,1.51231836734694,0.32841326530612,1.29081734693878,0.256636734693875,-0.491256122448981,2.18008469387755,2.05780000000001,2.07779693877551,1.55908979591837,3.78981734693878,-1.84721428571428,2.21727755102041,3.12995632653061,0.837316326530615,1.56239081632654,0.431453061224493,2.04320204081633,6.17313163265307,1.97861326530612,-0.712694897959178,-0.502971428571427,3.13047142857143,2.68952857142857,0.252401020408165,-1.09863265306122,2.20784693877552,1.20112551020408,-1.57774795918367,1.18200204081633,1.66205306122449,2.16955612244898,1.1806530612245,-0.551625510204079,0.691001020408165,-0.764581632653064,1.89579183673469,-1.15930714285714,3.79868775510204,2.67033673469388,3.02774693877551,2.51242040816327,2.06423163265307,3.06903367346939,2.50616836734694,3.98972142857143,-0.131996938775507,3.91764591836735,2.44044387755102,2.40627040816327,-0.283394897959173,2.54997857142858,1.51748163265307,-0.568569387755096,-3.62195102040816,2.57092040816326,-2.09816632653062,-3.49264897959184,0.859751020408166,3.19360714285714,4.26349081632654,-0.358202040816322,4.73927755102041,3.25977040816327,2.30473367346939,1.22857551020408,-0.0240214285714311,0.778939795918367,-4.56963979591837,-1.21344897959183,2.72906734693878,3.35366428571429,3.21513775510205,-0.859731632653058,3.66663163265307,1.20755816326531,0.448602040816328,2.81611938775511,1.38056836734694,1.40810510204082,2.92554285714286,0.610836734693879,-3.65247653061224,0.0576438775510217,1.93432346938776,-0.654199999999997,4.03538775510204,2.36243673469388,2.91544285714286,-1.58177040816326,1.34275510204082,2.88425918367347,2.49611734693878,0.510830612244902,-0.408124489795913,0.319127551020409,0.706559183673468,-1.6768693877551,-0.486880612244903,0.988336734693877,0.425143877551026,3.10334081632654,3.83510102040816,0.71713877551021,-0.730904081632653,4.36528979591837,3.22787755102041,-0.67635918367347,2.19909081632653,-1.87411428571428,4.07530918367348,1.48482857142858,2.59732551020409,0.327491836734691,1.88085408163266,-1.49534183673469,-0.595528571428568,2.23717653061225,1.79942040816327,0.629070408163265,0.370382653061228,1.95513265306122,0.306432653061223,3.80664387755102,-2.02494387755102,-0.742655102040816,0.414213265306131,2.19020408163265,1.44402653061225,2.3622775510204,1.90033571428572,1.36322959183673,1.77868673469388,5.21016224489796,0.841422448979592,2.53184897959185,2.16869183673469,1.37027346938776,2.61737653061225,-4.38494081632653,-1.61030306122448,0.668853061224496,0.969755102040821,1.58239897959184,0.161812244897969,0.324279591836737,1.13787653061225,0.622167346938774,1.32557959183674,-0.509517346938775,1.28852448979592,0.50162448979592,2.29926734693878,2.03353469387755,0.669093877551024,3.49041632653062,3.58099081632654,2.34218265306123,2.34887653061225,1.51405918367348,2.56236020408164,4.00006020408163,1.81090816326531,-1.39652551020408,2.00552857142857,3.26345510204082,5.11263979591838,5.10701428571429,2.01841836734695,2.92497142857143,1.77608469387755,3.57436020408164,0.348620408163268,3.92387142857143,-2.42927755102041,0.309263265306124,5.7488693877551,0.0458418367346924,1.45742244897959,0.394344897959185,1.18934489795919,1.72483265306123,-1.9129887755102,1.40977551020408,1.53599387755102,0.253019387755107,1.66543326530612,0.575229591836738,0.267507142857144,-2.51760918367346,4.05200714285715,0.47493367346939,1.85464591836735,2.20615204081633,2.53837448979592,1.07426632653062,3.14832653061224,1.44430000000001,2.44341224489796,-0.011191836734687,1.71196428571429,-1.31767346938776,3.25263979591837,-1.42076632653061,2.99303979591838,2.87984285714285,0.325919387755105,2.23157755102041,0.663795918367354,3.51617346938776,3.08294795918368,2.14232244897959,5.42878877551021,-1.13555510204082,1.86995408163265,2.11581632653062,4.35268775510205,2.69804795918368,1.25497448979592,2.19489897959184,2.42685510204082,0.805486734693885,1.65451836734694,5.13046734693878,2.50399081632654,1.77197653061225,-0.0140540816326462,2.19553571428572,-0.847741836734696,3.83150204081634,4.47224591836735,3.81615,3.33033673469388,1.41142448979592,-1.73792551020408,0.639145714285717,1.73145510204082,2.59869489795919,1.75513367346939,3.66325612244898,1.02340714285715,2.14043163265306,1.65204591836735,3.6658193877551,2.35202142857143,3.52145408163265,3.08765204081633,1.32144387755103,4.30443571428572,4.22690612244898,0.283556122448982,1.96316326530613,1.53199693877551,3.24578673469388,2.35641836734694,3.6313918367347,-0.0567071428571388,-0.102426530612236,2.80539387755102,1.47876530612245,2.56509795918368,1.74254591836735,2.94456020408163,2.98839081632653,0.929233673469389,3.37647959183673,1.17878367346939,1.77298163265307,1.57853367346939,2.76910714285714,-1.61459285714286,-0.521111224489797,-1.81427755102041,1.14301632653061,-1.1219612244898,4.29882571428571,3.19683775510204,-0.141646938775514,2.22939081632653,-0.0470346938775457,2.51988469387755,3.28075102040816,-0.325146938775505,1.35968775510205,0.160553061224494,0.559855102040819,2.02350306122449,-0.206452040816325,6.78952040816327,0.259274489795922,1.74103265306123,2.14519693877551,3.1631387755102,2.35582346938776,-0.527132653061223,2.74345306122449,3.48442959183674,0.597445918367351,1.92252040816327,0.252365306122445,-0.45827857142857,-3.24033367346939,-4.17309489795918,-1.05110918367347,2.25796224489797,1.83889081632653,4.86859591836735,1.14551326530612,1.22755000000001,2.09305816326531,2.26531530612245,1.45479591836735,-2.75470714285714,2.03081530612245,1.29343367346939,0.986054081632663,0.583415306122452,1.40173326530612,3.91124489795918,-0.219010204081624,2.15747857142858,-0.427523469387749,1.24689081632653,1.71874081632653,1.37685,-0.521781632653052,2.69371428571428,1.73697857142857,0.898617346938774,2.8455693877551,2.34924795918367,3.98752142857143,0.702080612244903,1.75395918367347,1.03202551020408,-4.65698163265306,-3.44687040816327,-5.34245163265306,2.53180816326531,0.842852040816331,-4.25559755102041,3.83333469387756,3.81082142857143,0.296402040816327,0.916352040816328,1.05738673469387,-0.874373469387753,1.82800204081633,-0.0741448979591812,4.06252551020409,2.61560510204082,4.42027653061225,-0.583367346938773,1.31792653061225,1.24715918367347,-1.5575081632653,-2.00525510204082,-0.201259183673464,4.49148775510205,1.38188367346939,2.88331326530613,4.34730204081633,-0.729265306122453,2.79577040816327,2.82896938775511,3.3483418367347,1.58932040816327,1.66083877551021,-1.73555163265306,0.973623469387759,3.39314387755102,3.42620306122449,-0.348212244897952,-1.17148469387755,2.66434693877551,2.82862857142857,-0.133601020408163,-1.34099591836734,-5.15626836734693,-5.68792040816325,-3.3366663265306,1.31176020408164,2.42751020408164,2.47988775510205,3.92782959183674,3.7971112244898,2.6090775510204,2.4420387755102,2.68107959183674,3.06376122448979,1.24573877551021,-0.0630112244897956,4.26743571428571,3.46199489795918,2.19513571428572,1.80659285714286,2.86869591836736,1.93272040816327,3.26212551020409,3.37627551020408,4.72357857142858,0.503731632653065,0.138291836734696,3.92759591836735,0.904094897959181,2.24182755102041,1.95911836734694,-1.63206326530612,2.76553469387755,0.860802040816328,1.07086428571429,1.68195408163266,2.76122755102041,4.36837448979591,3.39094387755101,3.29859448979592,1.51040306122449,1.56467142857143,2.29401530612245,1.19036632653061,2.10146224489796,2.29015102040817,1.43831224489796,2.21600714285714,2.14352244897959,2.15312755102041,1.69606836734694,3.60038571428572,0.864537755102046,2.90729183673469,2.61095,1.36464897959184,0.0727999999999991,-2.95898367346939,4.52275918367347,5.53201836734693,4.27378673469387,6.49233571428572,3.51440408163266,3.77563265306123,-1.01918571428572,2.43638571428572,4.40283571428572,2.67792959183674,1.87160714285715,1.70819081632653,1.35782142857143,3.84749897959184,1.42849999999999,2.3175918367347,-0.156910204081629,3.31308428571429,1.45864387755103,2.6240112244898,1.9610193877551,-0.063452040816327,2.43932346938776,1.65978367346939,1.4927806122449,1.15748265306123,-1.75722755102041,3.21603775510204,2.73598265306123,2.95189489795918,-0.0899561224489736,3.23463163265307,-2.7824387755102,-0.316437755102039,-1.01891530612244,-1.57368673469388,5.43459897959183,0.893045918367353,-1.90502122448979,-0.061968775510197,2.57974081632653,3.57517551020408,0.815639795918376,0.154630612244899,3.23903571428572,0.392127551020413,1.75457346938776,3.58354387755102,-4.63732653061224,-2.50918469387755,-9.62133571428571,-4.33177755102041,-3.96392142857143,2.29680408163266,-2.59462959183673,-2.95703265306122,1.1338612244898,0.0219367346938801,1.99740714285714,2.54315714285714,2.30636530612245,1.75258775510205,-4.81517959183673,2.37350714285714,1.92684285714286,2.98039897959184,2.38872040816326,0.890859183673472,1.61719285714286,0.649661224489801,-0.202079591836728,1.2117306122449,2.13469285714286,2.4657387755102,2.39325306122449,2.73419285714286,0.990653877551024,1.10189755102041,1.70785306122449,-4.28885918367346,-3.49091326530611,-1.71587346938775,1.33235306122449,2.55230102040817,3.29141734693878,0.525203877551018,3.3181836734694,2.11976326530612,2.23614387755103,0.765169387755101,2.93662959183674,1.63640510204082,2.35511224489796,-1.08594795918367,2.13396326530612,3.26769285714286,-1.12301632653061,1.1722306122449,-0.698090816326529,-1.60417857142857,-1.52104183673469,1.57240510204082,2.37327346938776,1.73482653061225,1.35484285714286,1.51706734693878,1.25843775510204,2.36901020408164,2.23070204081633,0.652783673469381,0.628738775510204,6.13355,2.06876326530613,0.838950000000004,1.49845510204082,0.365315306122449,-0.797147959183673,0.416141836734695,1.61203877551021,1.37792857142858,0.802321428571432,1.14808367346939,1.11262857142858,3.73742755102041,1.5112112244898,-2.14642653061224,2.40847346938776,1.24413979591837,2.26011836734694,1.28942653061225,3.16841632653061,0.741860204081638,1.39224693877551,0.0879551020408196,1.53851734693878,0.171040816326531,2.53497448979592,0.515327551020415,3.22109795918368,3.09627653061225,3.30200408163266,2.31286938775511,1.21428367346939,0.998806122448984,1.96885306122449,5.02026326530612,1.97263979591837,0.303569387755103,0.691072448979598,1.72397448979592,0.156536734693877,3.52798469387756,0.292156122448979,0.780364285714288,0.751920408163263,2.55948163265306,3.51577857142858,1.96071938775511,0.328496938775515,0.512742857142856,1.8785887755102,1.34169387755102,1.53574285714286,0.0552693877551071,-0.346532653061221,-1.66379489795918,0.508340816326529,-0.916835714285717,3.50425306122449,3.14140102040817,5.31400408163266,-8.69513877551021,1.3969887755102,-0.079638775510201,-1.30404183673468,0.75452346938776,-5.12601428571429,2.59065816326531,4.04247346938775,2.41258469387755,2.86298163265306,2.69035367346939,3.7361193877551,1.96202448979592,0.803247959183676,-0.88408163265306,2.14915000000001,2.04154591836735,0.285369387755102,1.11093673469388,0.983634489795919,1.30330571428571,1.48810204081633,1.33775102040816,3.39215204081633,0.365274489795921,1.82394081632653,1.72791020408164,1.53131428571429,-0.0299438775510201,-0.0585836734693879,0.310162244897958,2.60345714285715,3.65179897959184,-0.527327551020406,-0.52608367346938,0.706668367346941,-2.17363775510204,1.72635816326531,4.57606326530612,1.86417448979591,-0.0049163265306067,-0.918861224489792,2.4114642857143,0.380444897959181,2.84766326530612,2.01231326530613,1.20407653061225,2.96603775510204,1.62851938775511,-1.54183673469387,0.650960204081636,0.702228571428574,1.27072448979592,3.69537510204081,1.22849591836735,0.644397959183676,4.27216224489796,5.88695510204082,1.82760102040816,-0.717263265306121,-1.85886530612244,-2.59508367346938,-0.20039081632653,-0.921719387755104,0.588080612244894,-5.8924193877551,-0.208293877551017,1.97089632653061,3.07465408163265,-2.85654897959183,-0.105092857142856,1.17744285714286,-1.31541122448979,1.6449612244898,3.01074693877552,0.562976530612247,1.22105734693878,2.01295,2.73262857142858,-0.130863265306123,0.904136734693878,3.13909285714286,2.06449795918368,1.65265408163265,2.88249693877551,4.34456632653062,1.29450102040817,2.57740102040816,2.61130714285715,1.15926734693878,2.76331836734694,1.13566020408163,0.0427887755102088,0.958188775510207,2.73218571428572,-1.43279285714286,1.42908469387756,2.78623469387755,1.81773571428572,-6.42882959183673,0.470905102040818,-4.42172244897959,3.63582959183673,1.88319693877552,0.647964285714291,0.689165306122455,0.856516326530617,-4.64304081632653,-1.39691326530612,1.87667755102041,0.517821428571435,1.32528571428572,1.04873775510205,-2.32075918367347,-0.0147142857142866,1.3825193877551,1.34606530612245,1.5842306122449,1.3290806122449,2.9333806122449,-2.32802551020408,-3.42956632653061,-1.15086428571428,-1.26719285714285,3.02002040816327,0.1790724489796,3.2212,0.763142857142859,-0.565000000000002,-1.53590510204083,2.92591530612246,0.105098979591829,1.87854693877551,2.78941224489796,1.5501887755102,3.08256428571429,2.61974693877552,4.27117755102041,3.15919897959184,-0.206824489795915,1.83661428571429,0.82639306122449,3.01666326530612,1.42508775510204,0.262886734693882,1.66580857142857,0.578516326530611,0.700216326530615,-0.434786734693878,1.97842024489796,3.10922024489796,4.0241918367347,4.67216428571429,1.35734285714286,2.23455306122449,-1.88090816326531,1.89061938775511,2.30667653061225,1.77682040816327,0.0623653061224569,2.90381938775511,1.74166734693878,3.1346724489796,-0.130723469387753,2.34664489795919,2.77433775510204,1.38599285714286,1.31398673469388,0.520845918367349,2.14990510204082,1.09994387755102,3.27393979591837,4.0241,2.24497346938776,3.04220816326531,0.492968367346942,3.40666632653061,-0.251521428571426,-0.793483673469382,1.40712346938777,1.98829693877552,0.503268367346947,2.68163469387756,0.705286734693884,1.49302040816327,1.17851122448979,2.68185714285715,-2.09831428571428,2.5294306122449,0.938263265306121,3.21262959183674,-0.237815306122448,3.13096428571429,1.63708979591837,-4.17238265306122,2.09157448979593,3.92515,1.72516020408164,1.57566428571429,4.23300510204082,2.70971795918367,-1.10492653061224,3.9862612244898,1.67181020408164,0.980783673469387,0.87175204081632,1.15051428571429,3.11719285714286,2.88795306122449,1.79720408163266,2.84394489795919,0.734313265306127,-2.16043265306122,-0.74873367346939,-5.05413469387755,1.0294806122449,3.26104795918367,3.09737653061224,2.37805816326531,4.61255816326531,3.73262857142857,4.11995204081633,0.691244897959185,1.71487653061224,1.4387306122449,0.931662244897956,3.08183775510204,1.71459285714286,-0.667348979591833,2.0873724489796,1.22093387755102,2.03746489795919,2.34313979591837,5.04125510204082,-3.22214897959184,-0.686310204081637,-2.24091632653061,-0.0506224489795883,-0.751271428571424,4.18504897959184,0.96724387755102,1.85018469387755,5.64919795918368,0.036702040816321,1.73305204081632,2.48225918367347,-0.303106122448979,-3.50796020408164,0.787239795918366,0.575570408163268,1.27676428571428,2.25664591836735,1.04581224489796,1.07522448979593,1.18543367346939,1.08614183673469,-1.58258163265306,2.08033673469388,-1.04771428571428,4.55539489795918,1.09125714285715,2.36224591836735,2.02828979591837,1.52902551020408,2.48679387755102,2.10858306122449,1.09634489795918,3.29974489795918,1.83428367346938,2.20757653061225,0.545604081632656,0.212151020408166,2.85509693877551,-4.73108163265306,2.73503979591837,-0.985487755102035,1.3145918367347,2.00394795918368,2.47935306122449,2.0839081632653,-0.810990816326526,-0.046230612244897,-0.132080612244899,-0.576073877551013,0.573728367346939,1.55818469387755,2.35927040816326,3.50053979591837,4.58865612244897,1.63395387755102,6.58559653061225,2.67931632653061,0.218394897959187,0.310315306122448,1.89450000000001,0.852188775510212,2.13760204081633,1.13372448979592,-5.72763265306123,-3.51059489795918,1.93619285714286,0.93107346938775,1.52662448979592,2.94988571428572,-0.330941836734691,-1.63061428571428,-1.07205204081632,-1.28566632653061,1.65535918367347,-1.42377142857142,1.04950714285715,2.34948061224491,3.2465887755102,2.45636632653061,3.83137265306122,2.51778040816327,1.38783163265307,2.59643673469388,0.997497959183674,1.47181020408164,-1.37994183673469,2.62450816326531,4.08056632653062,2.53945612244898,3.81059387755102,2.88450306122449,3.25440306122449,2.62754795918368,2.73758367346939,1.92743775510204,0.44543265306122,-0.617516326530618,0.98974795918368,1.86610510204082,2.34190918367347,0.735501020408165,1.62342142857143,4.9723112244898,2.15772244897959,-1.1705081632653,-3.29386122448979,1.97627346938776,-2.36828,0.466904081632654,1.82163265306122,1.83659183673469,1.97979387755102,2.76035714285715,1.10446632653061,0.435683673469395,0.132615306122458,0.80341938775511,2.7335887755102,-0.849631632653059,0.566475510204084,1.64216020408163,3.42742346938775,2.73478775510204,-0.48933163265306,2.04396224489796,0.636884693877554,1.62933877551021,1.91356530612246,1.26072346938776,2.20646428571429,3.0088030612245,1.99772551020408,0.953701020408166,0.49602755102041,1.81020408163266,1.74610408163266,1.00995306122449,4.76298163265307,4.31172142857142,-0.219869387755105,6.62078571428572,3.73717653061224,1.75770714285714,3.51712448979593,4.00583163265306,0.142426530612251,-0.406740816326535,2.3487306122449,2.60784489795919,0.790644897959186,1.33602836734694,1.50584693877551,0.367327551020411,2.51572755102041,4.72637755102041,5.35896938775511,0.0196775510204112,-2.91586836734693,-2.33543673469388,-0.641844897959182,-1.31853163265306,2.35887448979592,1.20590918367347,-2.33179979591837,2.66537448979591,0.0196846938775526,-3.67575489795918,-5.96443775510204,0.246903061224486,1.92048265306123,1.64088673469388,2.18524285714286,3.69838571428572,1.21734285714286,3.43793571428572,2.30154591836734,0.824543877551025,3.37955714285714,-0.279382653061221,3.43026224489796,-1.37920918367347,-6.02180204081633,-6.69335714285714,-11.5342959183673,-16.0947581632653,-9.28941836734694,-9.40744387755102,-10.6832581632653,-5.15999999999999,-5.58652755102041,-3.69256428571428,0.280098979591843,1.52310816326532,1.94011734693877,-2.27383571428571,1.77789489795919,2.48606836734694,1.27987244897959,0.920651020408164,4.59890714285714,1.86287551020408,6.61374489795919,1.59978979591837,2.96378163265306,3.09177755102041,1.97076428571429,1.94698367346939,1.11687142857142,1.27458979591837,2.16800612244898,-0.385943877551013,0.266191836734697,-0.397791836734694,2.68932959183674,3.12958571428571,0.833067551020413,0.919159183673473,-0.228695918367342,2.56289489795918,3.97899285714285,1.24244285714286,2.64505510204082,1.83172653061224,-1.84890204081633,-3.65923775510204,3.5899306122449,3.63201428571428,-0.0969602040816246,1.89364591836735,-1.87519591836735,-0.428588775510205,-0.46492551020408,-0.599856122448985,-0.695288775510202,-1.19544591836734,1.85978367346939,2.56603673469388,1.09329489795919,2.03280816326531,3.14048979591836,3.83726224489796,0.484411224489794,0.0148397959183679,1.81863469387755,2.7579306122449,2.04750408163265,2.52161224489796,-1.70062653061224,4.63745306122449,1.28947653061225,1.32854591836735,1.69045204081633,3.70459795918367,1.67936224489795,1.98683265306123,2.78222551020409,0.352508163265311,2.18884285714286,3.0191418367347,2.68580204081633,1.10824285714286,3.29006632653062,4.48661734693878,2.43583979591837,-2.14312244897958,3.07598877551021,0.471481632653065,2.05338571428571,1.47249285714286,0.57136836734694,1.68310918367347,1.65398367346939,2.81770816326531,1.55430612244898,1.21589795918368,3.46862959183674,0.703796326530612,-0.690337755102041,-1.07950816326531,0.224874489795926,0.517312244897956,2.63005510204082,-1.43698673469387,-3.42888673469388,-3.47159591836734,0.462551020408167,0.190360204081635,0.899750000000004,-0.60716836734694,-0.70912959183673,1.04134387755103,4.58032857142857,-0.726094897959179,-2.23562448979591,-1.21432448979591,-7.16866836734693,-14.76205,-28.2477969387755,-0.0813520408163253,-1.33016224489795,2.91488979591837,-1.34874387755101,-3.67343979591836,-3.01225,-0.738029591836732,2.65643265306123,3.15189,0.82179693877551,2.1620724489796,1.43718571428571,0.371500000000005,0.876456122448987,1.10632551020408,2.06806020408164,2.00142346938776,0.87220408163266,2.11876428571429,-0.832585714285711,2.42197142857143,1.35454795918368,2.30576938775511,3.04073265306122,1.92658673469387,1.19255510204082,1.45990102040816,2.73718163265307,0.653564285714287,0.286832653061225,-0.083014285714281,2.85176020408164,0.513222448979596,1.60649795918368,-1.03862959183672,-0.0118295918367339,-0.302743877551018,0.207215306122448,5.20930408163266,0.717732653061233,3.41799081632654,0.231702040816328,1.56616938775511,3.65050204081634,2.82860510204082,1.89758163265307,-0.278112244897953,2.06973367346939,1.2900418367347,2.42601938775511,3.23946428571429,2.57881428571429,3.99183673469388,1.63074897959184,-0.987783673469385,0.791897959183672,2.54958163265306,4.71803469387756,2.47474591836735,0.692395918367349,3.33584693877551,1.83858979591837,3.30338571428572,1.81281020408164,3.42992653061225,0.46156428571428,0.174394897959185,2.03910204081632,-0.735225510204084,2.48973163265306,1.31327040816327,1.6613806122449,4.58878163265307,1.06368061224489,2.12953469387755,-2.90608673469387,1.69283367346938,-3.38746428571429,0.949401020408161,1.62383469387755,2.18338367346939,0.347401020408165,1.27113265306123,0.575217346938774,-1.69305591836735,1.62531020408163,0.223990816326531,-0.348174897959189,1.63464693877551,6.51278571428571,2.9173806122449,0.500512244897966,0.524609183673474,1.80135408163265,1.85515408163266,-2.21774591836735,-0.0544295918367403,3.6174193877551,4.03968775510204,0.461381632653057,1.98498367346938,1.98498367346938,2.35449795918367,4.18012755102041,2.69649285714286,2.07677244897959,1.47675714285714,1.39605612244898,1.71670408163266,-0.885488775510199,-1.47080612244897,-1.47941020408164,-6.0351187755102,-6.23158979591837,-4.03708775510204,-1.59991530612244,0.183638775510204,0.659940816326534,0.591447959183673,-0.924066326530613,-1.38853775510204,0.568471428571435,2.42141632653061,2.81275612244898,2.92726530612245,2.03410816326531,1.33625102040816,2.20118265306123,2.05129285714286,0.282379591836734,0.637049387755107,-1.21275673469389,-3.85910102040816,-2.74745102040816,-7.64512551020408,-0.0800071428571401,0.935093877551023,0.880406122448978,-1.53234387755102,1.42430612244898,0.721088775510209,1.1840918367347,0.92065306122449,1.93179714285715,2.74846714285714,-0.306235714285713,2.79113163265306,0.831337755102039,1.57094081632653,3.56883979591837,2.25292040816327,2.38932040816327,4.47179591836735,1.98579591836735,4.82549591836736,1.04006224489796,2.56581224489796,2.27729693877552,1.23626734693878,-0.93174897959184,1.90897755102041,-1.16469591836735,-0.258258163265301,0.762669387755098,3.45848163265306,0.291943877551018,1.89437653061224,1.70394183673469,1.89520102040816,0.770679591836736,4.13037653061225,1.72571530612245,1.3053918367347,1.84607020408164,2.73642551020408,1.62577959183674,-0.413082244897968,-0.754084693877553,-1.82188673469388,1.59170102040816,0.95588673469388,2.95890102040817,6.56934489795918,2.35918469387754,2.34237142857143,2.71078877551021,1.80506020408164,1.03813265306123,0.848969387755101,2.14227857142857,-4.86592857142857,1.21119897959183,1.96612346938776,1.52036428571428,4.27297551020408,2.80114285714286,0.970765306122448,1.94115816326531,1.56081428571428,2.26426836734694,1.31022346938776,1.7277887755102,0.8139918367347,-3.24071755102041,1.91672551020408,1.05571122448979,1.37495204081633,5.45045918367347,3.12517510204081,1.65616918367347,0.464935918367349,3.46050612244899,0.426326530612246,1.01964489795919,1.5635306122449,0.241427551020409,1.56671836734695,2.18476326530613,2.1013,3.52796326530613,1.77420000000001,2.70502653061225,6.80362551020409,2.83405102040816,0.517908163265315,1.8946306122449,2.32851836734693,1.47398081632653,5.5303806122449,3.49842448979592,4.33781224489796,-2.59015918367347,1.06321428571429,2.20666530612245,1.85562959183674,-0.697314285714288,3.8957112244898,1.90192551020408,1.42627142857143,1.14972959183674,0.711257142857146,2.29331530612246,0.133527551020409,0.264851020408165,1.52539387755103,1.24398571428572,-0.328696938775509,2.98138775510204,-2.42236020408163,-1.74567,3.97754897959183,0.971330612244904,1.5217724489796,0.732422448979595,-3.77019897959183,1.73630510204082
7.46938775510204,6.45053408163265,4.51719326530612,16.1641775510204,9.20828734693877,11.6952593877551,11.9186514285714,17.6188693877551,14.5122151020408,13.06888,12.4796257142857,10.7776618367347,11.4568359183673,3.56518948979592,8.5594112244898,7.14185061224489,1.20849428571429,5.2527387755102,4.8040887755102,4.23539428571429,9.37311387755101,5.57276387755102,8.51421387755102,7.21719510204082,10.2188306122449,11.2745110204082,13.6092316326531,10.2009195918367,16.5755034693878,1.28212871428572,9.87683102040816,10.340337755102,8.32935285714285,5.42408448979592,-1.70324693877551,-3.13820367346939,4.52197673469387,1.51832795918367,5.80362346938775,9.63107591836734,8.73776734693877,6.67339469387755,8.63619204081633,0.411895918367341,5.51380428571428,5.81199306122449,5.97348265306121,5.78038265306123,8.64549816326531,1.05790346938775,4.15810387755102,1.13389618367347,8.61147448979592,7.13136632653061,5.98359163265306,10.3334246938776,7.13228755102041,4.14700040816326,2.5524787755102,15.2463067346939,5.27537448979592,4.25584428571429,11.0490946938776,9.64296061224489,9.80624122448979,9.38619265306122,9.75020224489796,4.16345836734693,9.93199877551021,5.07156857142857,6.09539979591837,9.66968020408163,3.64740326530613,5.98167510204082,4.36538612244898,5.65210918367347,3.10377857142857,6.82032693877551,7.99433408163265,12.9951481632653,15.7338151020408,9.12197530612245,9.98499020408163,5.78228224489796,6.27991857142857,8.53466959183673,3.67880857142857,5.22544653061224,8.22740795918368,3.31502959183674,10.2073228571429,7.55928183673469,1.59431885714285,0.108012957142852,3.1442,5.77242714285715,11.1165810204082,8.13051673469388,7.96166857142857,12.6442395918367,11.8785206122449,8.91703020408163,10.8390448979592,10.7281067346939,4.79620265306123,7.91260918367347,7.55649,6.25966448979592,7.59919612244898,6.56760489795919,12.8070310204082,8.96468510204081,5.73198367346938,7.47402795918367,5.82956020408163,-2.71013902040817,2.7923081632653,11.2658955102041,14.1752936734694,8.33757693877551,8.75213224489796,4.58250367346938,0.498600204081638,7.15648489795919,8.65078897959184,8.72226102040817,8.47886122448979,15.7369459183673,11.1053459183673,14.5834124489796,7.92962020408164,14.3290636734694,9.49971142857142,9.69691857142857,4.50431410204081,0.0284141020408208,2.83770775510204,8.5359987755102,-1.74891163265305,10.4183279591837,4.7491881632653,3.30173714285714,1.14383612244898,9.00892632653062,11.2980453061224,11.2787089795918,2.46342714285714,3.1586469387755,10.26835,16.2149163265306,15.576156122449,13.6131253061224,14.0739253061224,16.7529655102041,4.79223163265306,7.84481755102041,8.86454163265305,2.34948081632653,1.67023081632654,0.373369020408164,2.68446902040817,1.90561873469388,3.95468653061225,7.41070326530613,10.220397755102,0.932434285714287,-7.67602469387755,-1.06287224489796,-0.024093061224491,-8.39130551020408,10.1657981632653,9.99998040816327,1.97007326530612,3.38562326530612,9.50500836734694,8.98279102040816,6.34108469387755,12.6286220408163,7.98645163265306,6.71508979591837,7.17118346938775,4.96311104081633,4.18078918367347,4.75383469387755,2.84116244897959,5.71570877551021,13.8205673469388,10.0989726530612,11.4116602040816,12.6250055102041,16.8647989795918,7.71055612244898,8.87120816326531,8.36516448979592,5.10431632653062,10.9584297959184,7.55223673469387,4.60450122448979,-0.527754693877553,0.922895306122443,7.13019959183673,5.00486151020408,6.11247183673469,10.054923877551,5.97859551020409,11.9322124489796,15.8677691836735,9.36308163265306,9.48011224489795,12.6630406122449,13.4798406122449,8.56808918367347,10.2837881632653,4.59736081632653,4.99255346938775,4.03852755102041,0.524865714285714,1.38513836734694,10.5256963265306,8.08590020408163,0.806391224489795,0.843950979591837,3.92857653061225,3.92598285714286,5.77737387755102,7.88705755102041,4.05400244897959,5.66407387755102,2.42731183673469,4.88489346938776,8.14317734693878,7.83439857142857,12.353452244898,3.28641469387755,6.39919367346939,9.93322428571428,4.72593408163266,4.58585204081633,4.31819346938775,7.09227612244898,4.49720755102042,2.90492020408163,6.92783326530612,7.36058387755102,6.95357408163265,1.49519936734694,8.47890265306122,7.2292612244898,2.70511142857143,1.16007,-4.07673822448979,-5.0551882244898,-5.76872142857143,-1.75523755102041,7.81515428571428,-5.79149591836735,5.96045714285714,10.8860004081633,7.11694918367347,6.18358306122449,6.5953093877551,6.92246,6.31292530612245,7.93014040816326,5.05479408163265,9.86676,16.4504755102041,7.31618326530613,5.57168040816326,6.94919387755101,5.38958469387755,4.98288673469387,5.13801857142857,4.67066959183674,6.81718020408163,11.7547026530612,8.97128163265305,3.94527571428571,5.57902571428572,8.54867,8.54960285714285,0.752187346938775,3.49445040816327,2.05467224489796,8.6420275510204,9.21985306122449,8.04746897959183,7.44446897959183,3.28000224489795,5.28617959183674,8.94616897959183,10.957412244898,10.6899048979592,10.5127187755102,10.1806930612245,10.2045985714286,11.25035,10.7994991836735,8.50890530612245,11.2499093877551,12.9379436734694,9.12684387755101,11.5677010204082,13.9718004081633,13.2678675510204,10.7177197959184,3.92436259183673,1.58935967346939,6.91599653061224,6.80386510204082,5.62303653061224,2.56524204081632,3.82558020408163,2.11830285714285,7.73976591836735,6.83115040816327,8.35578408163265,7.19558959183674,16.6317065306122,2.05939959183673,5.66093877551021,4.99727775510203,5.23045081632653,2.92125999999999,6.88689326530613,8.10300102040816,3.67561612244898,-2.3340687755102,-1.49301959183674,9.19043979591837,11.2336263265306,7.5703787755102,15.1670742857143,16.1279510204082,4.77159510204081,18.0010979591837,10.4389208163265,11.9481004081633,12.1703555102041,5.62840857142857,6.6527212244898,6.20816571428571,8.94789571428572,14.8265083673469,14.7577969387755,17.8376244897959,6.5066993877551,8.89661122448979,6.41506612244898,13.063907755102,0.706393979591841,3.4782993877551,6.87228673469388,11.2787102040816,1.71926530612245,12.632052244898,9.1563681632653,10.8836526530612,18.8945826530612,8.26769,6.63124020408163,10.9939310204082,12.8914989795918,11.9711920408163,13.0066353061224,9.28544897959183,8.94062959183673,8.19229142857142,17.8336714285714,20.283037755102,25.3215173469388,25.4004142857143,24.1810836734694,22.0403653061224,10.1253469387755,2.33104591836734,-0.454830612244898,2.66101836734693,4.83362653061225,8.87964897959183,8.55003469387755,15.9593081632653,5.99627408163265,9.98994163265306,8.75449918367346,4.71263857142857,3.06599142857143,11.0146444897959,5.87678591836735,16.0980857142857,14.1037404081633,13.9181471428571,11.0160418367347,14.6025002040816,9.5854206122449,13.1040834693878,13.3907044897959,1.52926926530613,8.07585122448979,5.47612489795918,1.07137489795919,-0.914437755102044,12.9629397959184,17.8537040816326,18.3623418367347,11.0124565306122,5.87823857142857,9.56422795918367,3.39482489795918,6.84099591836734,9.70155244897959,6.16076816326531,10.6772530612245,6.14703714285714,8.00752816326531,8.15025918367347,4.79371346938776,1.98887387755102,2.76458020408163,1.27605059183674,5.10754530612245,4.83564387755102,6.39383142857143,2.65204551020409,6.67781081632653,5.09673775510204,4.02052530612245,6.10453020408163,3.07931857142857,6.00447346938775,6.81025591836734,7.95794836734694,4.47762122448979,10.9756602040816,13.2396351020408,12.6436420408163,17.8551357142857,16.6630704081633,15.2344612244898,5.56988836734694,5.4069081632653,9.58822040816327,10.4487602040816,7.42644204081633,8.75076448979592,4.54882653061225,6.58654061224489,5.13209510204081,2.32683693877551,2.72103367346939,5.02949530612245,6.50361795918368,7.7665569387755,7.6648612244898,6.35622326530612,5.84048530612245,7.10822591836734,6.58308346938776,5.85526408163265,6.9551093877551,4.98482408163265,7.08130775510204,13.1497514285714,10.9946351020408,4.21659591836735,11.1356130612245,1.313062,15.8653491836735,17.5825489795918,6.43747959183673,5.86576408163266,7.29092102040816,0.359524428571428,3.85650285714285,9.64292979591837,7.53415448979592,7.59902428571429,7.72775285714286,9.36409755102041,6.67722775510204,9.06254551020408,5.8489293877551,5.95096285714285,9.13615918367347,8.23223816326531,13.9318342857143,6.69276163265306,6.99670918367347,1.00141163265306,4.99077510204081,9.35179020408163,6.20300204081632,9.49848265306122,5.15698836734694,5.50260469387755,6.9240506122449,0.950743591836732,2.67490632653061,6.59143571428571,5.11298918367347,3.62625346938776,5.72375428571428,6.30557428571428,6.54418244897959,4.50086918367346,7.80775877551021,7.62403551020408,5.39106714285715,3.3493093877551,3.44863408163265,3.98433571428571,3.57198469387755,4.04122836734694,11.5328824489796,12.1351130612245,17.8770948979592,1.94011918367347,6.21776653061225,12.3202342857143,14.2665520408163,12.4482371428571,10.0368412244898,18.4424683673469,3.2390093877551,5.74403979591837,7.64151081632652,7.18132408163265,7.50966734693878,6.04903326530613,8.98044673469388,6.28582673469388,13.0941502040816,8.03536530612245,4.41534714285715,9.24120653061224,-0.502828979591833,5.7859406122449,7.57815734693877,3.96235040816327,16.8966193877551,8.12574081632653,8.81659244897959,12.5843336734694,10.6348004081633,10.7766830612245,-2.89831877551021,-1.33368204081633,6.76197755102041,-6.59652510204082,-11.660263877551,-12.3306953265306,-7.0328369387755,-7.66595326530612,-4.99319448979592,-3.03072673469388,-6.0741230612245,-1.15770448979592,1.93558571428571,2.94971448979592,1.75650393877552,3.21922591836735,7.84363673469387,7.0143969387755,9.14308306122449,9.54694265306122,8.18933408163265,9.07267795918367,7.29595183673469,4.85449816326531,4.19740897959184,9.91374979591837,11.6098051020408,4.58398632653062,4.20950489795919,4.03357979591837,8.1480393877551,8.25571183673469,12.3511495918367,4.77315591836734,8.07458428571429,1.94106897959184,7.1268012244898,7.33727999999999,4.5085193877551,3.86175428571429,2.74016857142858,4.68405693877551,5.26634,6.35308653061225,3.12709816326531,18.3457520408163,15.1086920408163,12.4666424489796,7.88072714285714,9.12333469387755,10.5414602040816,14.3393940816327,7.44525306122449,8.18328122448979,9.36023795918367,2.76004285714285,6.97497775510204,6.82657367346939,8.41974367346939,1.39991695918367,2.51609714285714,-4.29456279591837,3.50656959183674,-0.448756938775511,6.13333387755102,7.4086412244898,6.79103285714286,5.05440122448979,6.87777897959183,7.6077269387755,6.64463714285714,5.64942816326531,9.38562387755102,14.0396897959184,6.16688,8.05739469387755,9.64530959183674,10.5539746938775,6.62833979591837,8.05603693877551,6.40891020408164,3.45370571428571,6.94407285714286,9.88922571428571,14.2255585714286,8.60576673469388,9.31281510204081,5.16825714285715,1.78783489795919,6.52282591836735,9.88157530612245,9.72401285714286,8.32906653061224,8.30807795918367,11.9943683673469,9.12092673469387,6.14906714285714,3.03920571428571,-0.672590612244895,7.23693530612245,1.80814897959183,9.0920193877551,7.69009448979592,-0.934700204081636,5.4180112244898,14.0454114285714,11.2674897959184,8.14823714285714,5.20698367346939,9.03152183673469,4.73336734693878,4.35634897959184,9.07237857142857,3.48110081632653,5.77870428571428,8.49669877551021,5.93451306122448,2.81803959183673,1.65020965306122,3.33290110204081,5.93981755102041,3.6442193877551,8.47826367346939,8.84891326530612,3.81437244897959,5.48860122448979,9.17365979591837,8.32924959183673,9.66299102040816,10.8989489795918,15.4703428571429,27.7612683673469,18.5454836734694,3.69922102040816,7.49980571428571,1.78194918367347,0.326017142857141,2.7821775510204,3.46097897959184,6.37145795918367,8.02294510204081,7.20022571428571,8.41033836734694,5.43233204081633,3.90528346938776,0.0782144897959203,8.18252530612245,5.40993959183673,3.72901,7.13327346938775,9.58013142857143,7.8967387755102,8.85042755102041,3.1422706122449,1.71277734693878,-5.84829530612245,5.30685102040816,3.72522632653061,1.72781632653062,6.62985102040816,3.78550306122449,6.41794020408163,9.11855795918367,10.2669687755102,11.0188124489796,8.30507489795918,10.2464748979592,9.75377489795918,8.40172653061224,5.29160428571428,8.81703693877551,7.89580448979592,6.93780897959184,6.28309163265306,8.2616493877551,6.04872571428572,9.92989204081633,0.843163408163266,6.33533204081633,5.46722836734694,2.2033612244898,6.56002979591836,2.02755979591837,5.33577979591837,3.49997273469388,5.40975571428572,3.6462887755102,2.5752318367347,1.68288102040816,4.79697959183673,9.51038102040816,5.57927428571429,4.1798593877551,7.4757593877551,10.6246197959184,5.56742571428572,4.34877775510204,3.49681857142857,7.21684142857142,7.57529755102041,9.2904818367347,7.20221102040816,4.39251306122449,0.102406734693874,12.5049375510204,8.45021306122449,5.94163775510204,8.79857081632653,9.13680653061225,6.08389020408163,14.3054985714286,9.2381487755102,12.261926122449,12.8779269387755,5.22813918367347,15.8245820408163,7.40180367346939,10.8511379591837,5.1692693877551,4.65584,2.69747959183674,1.34532530612244,3.39564183673469,-1.04720632653062,-1.84688183673469,4.86475673469388,-4.80666657142857,7.88715979591836,2.72477285714285,-0.467302755102038,5.25583612244897,4.49949612244898,3.07269714285714,12.3837510204082,9.94409836734694,5.56898346938775,7.63123346938776,4.91093346938775,13.027137755102,8.26348224489796,6.8569306122449,5.96199734693877,2.54973530612244,0.871429183673468,2.52214530612245,3.88229530612244,2.83796551020408,2.50454836734694,6.09121346938775,0.56429734693878,10.1516559183673,6.67984836734694,9.41776959183673,11.6167075510204,5.92828306122449,6.80223408163266,9.51096183673469,2.30992265306122,5.28065979591836,8.4701893877551,8.04698979591837,10.1884518367347,15.7434785714286,13.5252012244898,14.3759408163265,11.0512630612245,10.4063236734694,10.9493367346939,10.9453740816327,4.39580489795919,5.95146081632653,8.58895367346939,8.37628632653061,5.86717122448979,11.5409655102041,3.49488448979592,6.02726387755102,7.60509265306123,3.12548314285714,-5.43312855102041,-6.82432855102041,8.28961959183673,10.6691359183673,9.16259632653062,4.75912489795918,8.48011653061224,5.83373897959183,11.8598044897959,9.28770448979591,4.45965204081632,7.3561006122449,6.90808734693878,6.35017857142858,10.8314259183673,5.78970163265307,13.1698302040816,7.27548734693878,8.09188775510203,11.6653144897959,5.65301102040816,5.10455951020408,4.08806857142857,2.40781346938775,4.45588612244898,0.729707551020405,2.70054755102041,3.04124428571428,4.98621326530612,4.5596218367347,6.21104857142857,8.23303653061225,9.76751755102041,8.9416593877551,5.7811581632653,2.26914265306122,2.06826244897959,2.05588936734694,3.9020112244898,2.78766122448979,6.18945918367347,9.93595714285714,14.6003051020408,6.67928653061224,9.06962102040817,3.87751714285714,9.35792857142857,12.8675944897959,6.10487306122449,2.61228081632653,7.79602204081633,12.6540693877551,4.66643551020409,5.2587818367347,11.2226565306122,11.0820736734694,9.42181612244898,5.90049306122448,6.04709326530613,3.52325918367347,2.50736142857143,7.08200142857143,6.9460706122449,5.95441918367347,4.86534224489795,4.46035469387755,6.27376959183673,3.0300687755102,-1.50113885714285,-3.22398885714285,1.0184706122449,-0.284099795918368,6.9788312244898,4.97216020408163,5.95313346938776,1.27858142857143,5.92772816326531,8.40919612244897,7.94824734693877,8.92946224489796,4.80290183673469,6.28225857142858,4.95707959183673,8.41457979591837,6.99109183673469,4.55111632653061,2.9933987755102,5.8324193877551,8.11509591836735,9.63224387755102,4.44152714285714,6.63457346938775,8.99893102040816,11.69694,14.3719785714286,16.6008224489796,14.2188932653061,8.32005591836735,9.28442102040816,7.57021306122449,0.940481020408167,3.04044571428572,3.97569142857143,1.57157306122449,7.20157040816327,5.97101387755102,9.03644999999999,5.68711959183673,7.4303693877551,9.14719163265306,9.82274326530612,4.50818795918367,6.49008795918367,6.57818795918368,6.25945877551021,17.1613806122449,10.8598448979592,0.54545755102041,10.4021216326531,12.0778924489796,7.05714959183673,2.67874346938776,0.641186530612244,10.7405902040816,10.4447895918367,12.177627755102,6.15272755102041,0.114761836734691,7.19005428571429,12.3278732653061,16.4553051020408,15.3661326530612,10.2422306122449,6.91093285714286,7.32558408163265,16.1804612244898,4.00190285714286,-0.171571061224487,-0.176701224489797,3.46201204081633,3.79257081632653,10.3579532653061,6.65233020408164,7.04118795918367,4.04960693877551,4.82178775510204,6.76309918367347,13.6617151020408,2.96653163265306,5.14276040816326,10.5618904081633,15.0422969387755,13.5203581632653,13.0195632653061,10.1741026530612,16.7352387755102,14.2843489795918,10.2738732653061,4.76563489795918,7.35649081632653,3.29960918367347,7.98685918367347,2.35913224489796,1.50474571428572,1.0302706122449,1.06293693877551,13.0795524489796,12.4902873469388,4.56428326530612,8.57531326530613,3.70827469387755,3.04468061224489,-6.3294561632653,-10.8687336734694,-14.4724212244898,-14.6134293877551,-15.9068757142857,-9.17689795918367,-9.96440142857143,-14.5582571428571,1.17191653061225,-7.05421387755102,-5.43475163265307,-6.50963469387755,-15.4664489795918,3.82563346938775,-2.05763775510204,7.51943673469387,7.48316040816327,6.39442714285714,6.65294653061224,4.0392951632653,2.70400387755103,3.78827306122449,5.25591489795919,2.82050755102041,2.1900075510204,8.04256571428571,0.749504897959188,4.58116897959184,2.29840102040816,1.01538183673469,5.71665530612245,4.14445163265306,7.38206285714286,-0.497679183673475,0.695449183673468,1.28832918367347,5.55927591836734,-0.0855149387755101,-1.76952979591837,2.06238571428571,8.18944734693877,2.53997367346939,0.540232755102038,5.70957979591837,5.26232816326531,-3.16116285714286,7.54061530612245,9.82810183673469,6.79812204081633,1.59582932653061,6.56664020408163,-1.27388775510204,12.3756683673469,10.5804453061224,2.20352081632653,3.3878781632653,7.61687530612245,5.04118571428571,7.38257102040816,5.7292087755102,6.53257326530612,4.87290346938776,1.68941775510204,11.0348351020408,7.20099897959183,8.75864000000001,6.69803163265307,4.65847653061224,4.8957893877551,13.1670971428571,11.8432824489796,10.4686720408163,5.80722591836734,10.4622602040816,9.1445187755102,3.84929918367347,7.91937693877551,4.97186183673469,1.92779144897958,1.43426069387755,7.23918204081633,8.68991469387755,17.4162142857143,19.5469418367347,4.1011693877551,6.5512093877551,6.46743367346939,7.7233506122449,5.55557020408163,3.97950408163265,11.0661871428571,5.57871306122448,6.04658612244899,6.8336387755102,4.40526755102041,2.95228775510204,9.56715,8.99240469387755,5.16621734693877,-11.4951344897959,0.814206530612245,4.28100887755102,0.843839591836732,-1.40083632653061,8.13914673469388,9.19371755102041,2.81156448979592,3.57379673469387,9.82967020408164,14.4030212244898,11.8270291836735,9.92364326530612,4.31791510204081,2.84294816326531,6.19113408163265,6.40546489795918,6.62899387755102,9.15725653061225,15.1683316326531,14.0377224489796,12.4588516326531,3.48234693877551,4.56683714285714,5.75496020408163,5.8732775510204,-3.73919979591837,-3.21752,-1.60540040816327,6.98156959183674,9.09002591836734,6.75826714285714,5.92474571428571,6.00818530612245,7.5286512244898,4.47881081632653,6.25499938775511,3.08437979591837,5.09099306122449,9.15404612244897,4.32387959183673,2.37177612244898,1.76069818367347,8.7379330612245,7.83344510204082,10.5534944897959,8.08702040816327,10.4105908163265,9.44444632653061,9.39824489795918,7.52639326530612,7.49926897959184,4.55401510204082,-0.640896836734696,2.66934081632654,2.77699040816327,3.92874040816327,-2.61766,0.762561020408162,8.35666224489795,-3.78983591836735,1.20950265306123,1.78692469387756,1.59238102040817,8.4819812244898,4.71514775510204,3.75440326530612,4.36555775510204,3.83507265306122,4.23107755102041,3.74193530612245,5.73762673469388,3.98323183673469,10.1843559183673,9.0527793877551,6.74677285714286,13.839597755102,11.3558342857143,13.244102244898,11.1510175510204,11.2504095918367,11.6303902040816,6.84677653061224,7.25988,10.5753251020408,6.26664489795918,5.21573085714286,1.00449306122449,3.9530206122449,4.48701040816326,5.58464306122449,5.70975428571428,1.75306912244898,6.13054142857143,3.6126006122449,2.84206224489796,4.26599102040816,0.509955102040816,16.8335285714286,10.2581769387755,8.56193387755102,7.09420632653061,6.88400979591837,6.50391367346938,4.83323571428572,12.0709548979592,8.37294836734694,6.43794836734694,12.4144824489796,7.14226693877551,6.80235204081633,11.1241814285714,13.9414853061224,8.21834081632654,5.41049040816326,6.9812493877551,1.03724510204082,4.86061979591836,4.17980102040817,6.23240612244899,5.37164612244898,11.9424953061224,-1.23521775510205,7.55853693877551,10.4958424489796,8.71566714285715,9.1393675510204,6.48095163265306,7.98857714285714,8.84824877551021,7.1974481632653,11.4586471428571,16.3465224489796,15.3827808163265,15.1750012244898,11.9005002040816,11.8222393877551,5.57447591836735,12.4105530612245,14.5225475510204,8.6661781632653,9.04053020408163,3.32305689795918,0.421530265306125,13.6358946938775,7.85390285714285,11.5318097959184,6.7772287755102,4.70494408163264,8.33861857142857,2.86561408163266,12.3408773469388,20.6765285714286,13.3464569387755,13.7296812244898,8.13331918367347,10.3633289795918,8.65623040816327,13.2259404081633,4.53737163265306,6.4648075510204,6.09472244897959,7.17704367346939,2.2779496122449,8.67941428571428,5.98888571428571,7.14318530612245,9.4488069387755,4.22518142857143,1.62812000000001,4.01690775510203,8.73230367346939,6.25595653061224,13.1482420408163,4.9775787755102,8.68715612244898,13.3963651020408,6.7056887755102,8.04570510204081,6.48599877551021,10.8734751020408,8.77225408163265,9.60396122448979,6.81979693877551,4.94241836734694,-6.08184367346939,-7.01926673469388,2.90044132653061,2.40590795918367,2.68823285714285,7.26201510204081,7.83441489795918,4.553781,2.93301948979592,0.373961816326533,4.1588593877551,-0.124462040816324,5.01245999999999,7.6173093877551,4.66298918367347,2.55675653061225,7.2195418367347,6.71414224489796,4.86811755102041,3.42983551020408,5.53142142857142,6.99976265306122,6.27440489795918,7.13499367346938,5.01953836734694,3.4685406122449,0.181681224489793,5.2076806122449,9.51038469387754,7.02807551020409,12.1887526530612,13.831342244898,9.84320163265306,5.42524632653061,0.893635918367346,-2.80770163265306,-3.10854306122449,8.12241612244898,5.21134489795918,3.86284816326531,3.64717020408163,4.06295775510204,7.8612906122449,1.08362544897959,6.10172653061225,1.68361448979592,9.61021653061224,8.79567,5.54084142857142,3.99495387755103,-5.70964612244898,0.970443265306117,10.2338597959184,8.88095020408163,10.9735183673469,2.86387857142857,-1.64644571428572,2.03970408163265,2.12392259183674,0.542247755102039,7.67379775510204,8.03232204081633,4.21765326530612,5.96123428571429,9.78973020408164,3.75779612244898,3.34517346938776,9.13982081632653,9.68661571428571,10.5532048979592,7.87130489795918,3.07605918367347,9.91283428571429,14.7709832653061,4.68483346938775,8.68600795918367,13.9159910204082,8.28936612244899,13.3087308163265,6.39062326530612,4.66885285714285,4.66004326530612,9.66610775510205,10.8706410204082,6.67943632653061,4.88643224489796,11.6221367346939,15.0379571428571,19.5509469387755,3.37306989795919,10.9765702040816,15.4027075510204,4.86806463265306,4.7195106122449,2.84822081632653,4.91066265306122,8.85553204081632,6.98584755102041,9.11592367346938,15.40603,14.5472359183673,8.28888714285715,9.33199693877551,6.03858224489796,5.34685142857143,6.31196183673469,11.0890612244898,10.0254795918367,8.14514571428571,9.31890571428571,8.32039408163265,15.2449171428571,8.55585632653061,6.79751183673469,5.57429469387755,13.7030375510204,12.9852097959184,5.84658,14.8696673469388,9.39633346938775,10.9629171428571,0.905209999999999,19.227343877551,21.3106326530612,16.0046775510204,15.1823581632653,9.99339428571429,7.17194612244898,16.9371959183673,9.68611224489796,10.3131797959184,17.4683744897959,14.0500365306122,9.69174163265306,12.4954916326531,8.79614183673469,4.84219408163265,5.28601224489795,1.92744591836735,8.29766285714286,5.70219224489796,3.28997857142858,1.62791367346938,8.72971673469387,3.68156591836735,0.188394081632655,9.63825061224489,15.2768571428571,13.3335997959184,13.8778204081633,15.9058010204082,12.0548973469388,9.19538346938775,8.93125081632653,8.52670755102041,3.75733551020408,4.15082918367346,1.17150279591837,6.43560591836735,7.9194312244898,5.50736224489796,6.26321346938775,3.12178510204081,8.65851857142857,8.61269367346939,13.3490673469388,20.995112244898,13.3676469387755,7.83859081632653,8.87471,3.67390061224489,2.05809224489796,5.28779571428571,4.8323081632653,2.16715969387755,9.00956367346939,4.70165469387755,1.85210326530612,12.0687165306122,10.4848373469388,9.79012346938775,8.80711367346938,6.08300326530612,9.20792653061225,10.0377720408163,10.0486908163265,15.4758718367347,6.58883408163265,5.19819551020409,8.35991714285714,7.88545244897959,10.9090446938775,11.6878828571429,10.5040667346939,8.45850816326531,16.4998244897959,2.30602406122449,2.55158532653061,10.5098471428571,3.61747306122449,5.63504714285714,12.9380708163265,5.66184204081633,13.9832371428571,17.3999,14.0346469387755,16.61585,10.6551712244898,18.0707753061224,11.6570906122449,18.4018714285714,12.7801110204082,8.62725591836734,4.15773387755102,3.78784714285715,6.29042367346938,10.9273134693878,11.7987957142857,8.07853102040816,2.97236081632654,3.12654530612245,8.07908428571428,5.68469918367347,8.83676387755102,10.927913877551,14.9792530612245,16.0770826530612,13.013252244898,5.17004122448979,7.4340512244898,5.08399959183673,7.25827673469388,4.72726163265306,2.86655632653061,6.82095795918367,8.25147346938776,6.94840877551021,1.83151836734694,3.53368836734693,5.11612795918368,6.30322795918367,8.61510816326531,6.64411836734694,8.14006224489796,2.50876326530612,7.26137183673469,7.80807,5.8703581632653,13.2265457142857,14.9564744897959,17.1663326530612,7.67226122448979,8.69667714285715,13.788056122449,13.0667671428571,7.81200734693878,7.53348571428572,6.82775244897959,6.05809081632652,11.4428806122449,1.87011020408163,7.00019102040816,6.15606469387755,4.8368906122449,4.06102530612245,4.41818387755102,1.84797848979592,6.27829346938775,6.80987163265306,6.12700306122449,13.2840579591837,14.0209928571429,18.8611887755102,3.29679040816327,12.1027265306122,5.1845306122449,5.19533979591836,8.55481551020408,8.21931326530612,0.858394489795918,8.28241897959183,10.1097757142857,13.1299257142857,12.2618363265306,18.9986408163265,16.7798306122449,6.78750102040817,5.78637795918368,4.31675204081633,5.25462755102041,10.5151,5.5548381632653,1.49146285714286,6.36539102040817,7.59438183673469,6.84802326530612,5.47282040816326,5.69279530612245,4.05867530612244,2.96701402040817,0.687320408163269,9.34961061224489,7.09925510204082,7.16071857142857,2.7655767755102,8.23723367346939,4.91152612244898,3.43212693877551,3.39638693877551,7.16628857142858,11.8009067346939,9.90175367346939,12.150226122449,11.3802440816327,10.214756122449,5.60964163265306,7.2961424489796,6.44537653061225,9.24095714285714,9.46484510204082,10.1861546938775,8.59363591836735,7.4334612244898,3.31413265306123,4.2035406122449,6.07793734693877,4.46400959183673,0.807925102040818,2.77032142857143,6.58502244897959,3.56530918367347,4.15578265306122,5.61144897959184,1.12528446938775,6.26405020408164,5.30141265306123,8.59208102040816,0.455702244897954,9.27902040816326,4.89485673469388,10.7117893877551,12.5174120408163,10.9173002040816,3.24185183673469,10.1354436734694,5.93105591836735,6.61484285714285,12.1668526530612,4.93058142857143,8.78710306122448,1.27878959183674,-0.846277142857145,-3.90701106122448,-0.80548734693878,-0.659986122448977,1.90038632653061,5.38056530612245,5.65519102040817,2.31050469387755,5.56951612244899,3.85447673469388,4.17471693877551,6.72894897959184,8.08174122448979,9.08530163265307,9.65193775510204,12.66092,5.93062673469388,-2.98723020408163,-3.68620197959184,5.85562387755102,12.4476097959184,13.9221922448979,10.8769324489796,9.90252469387755,7.96461653061224,6.25912244897959,9.38137102040816,6.1545993877551,5.07050142857143,4.43354163265306,12.2523142857143,12.4481391836735,9.11802857142857,11.5707614285714,12.2457865306122,5.1581881632653,8.92546469387755,0.976791000000001,12.4319057142857,2.95284263673469,4.7058306122449,5.28114067346939,0.631957551020411,5.62471326530612,2.15482428571428,2.99531428571427,3.28735265306122,4.57966326530613,5.67236326530613,7.30219408163266,9.96912897959183,7.18068020408163,9.46371326530611,7.78056775510204,7.1288793877551,15.6637163265306,16.0856224489796,10.264933877551,10.6776795918367,9.84773571428572,10.1582710204082,13.3295110204082,17.7417030612245,13.1823448979592,6.1379493877551,15.6876424489796,6.76368857142857,7.42468020408163,7.12169306122449,2.16209265306123,4.90374265306123,5.45900551020408,5.91101367346939,4.6537681632653,9.56807612244898,7.31359204081633,9.04661142857143,10.1253483673469,13.43396,14.7692387755102,15.4184618367347,14.5083908163265,12.0836728571429,8.66060673469388,9.36626387755102,7.75184367346939,5.23682530612245,12.2723848979592,8.63800591836735,10.4927189795918,13.8072836734694,6.61367632653061,1.7983193877551,12.6967757142857,15.0493591836735,9.5107775510204,7.50287795918367,4.42717408163265,4.67256469387755,3.6343669387755,6.71837326530613,6.97399918367348,4.12887653061224,4.24647,5.88167428571428,5.96311795918368,2.29629859183674,9.18499897959184,5.46469020408163,5.85063775510204,9.5056187755102,13.3203818367347,4.68026469387755,8.7280506122449,7.5812387755102,11.4661408163265,16.6206448979592,20.3889765306122,16.5941704081633,23.3591744897959,6.78819653061225,13.6500606122449,9.54828448979592,3.93091,4.10566428571429,5.07556183673469,9.51185612244898,9.99180530612245,9.34452897959184,6.42268346938776,15.1033140816327,7.19047795918367,7.93170816326531,13.8634797959184,5.77350714285715,2.96625836734693,-2.21470734693878,-3.19607428571429,5.88330530612244,7.00086163265306,9.92121979591837,10.9224440816327,11.2191826530612,8.66733938775511,3.87033020408163,9.46673163265306,11.2600818367347,13.1087612244898,9.17868163265306,6.3513093877551,3.79416897959184,3.55432477551021,4.57400734693878,5.10325265306123,5.74057959183673,7.62269857142857,5.46351428571429,4.85842102040817,5.74421224489796,5.76571346938775,5.5540981632653,9.86486897959184,6.69104693877551,11.8616357142857,7.09477040816326,6.16508040816327,9.2369193877551,11.4044708163265,18.3848444897959,7.37420244897959,4.12665346938775,15.2125473469388,-0.00950612244898252,5.38838081632653,7.29568346938776,7.56893714285714,7.6296918367347,1.05130367346939,6.48501204081633,2.21521530612245,9.86589040816326,14.7903618367347,10.6038230612245,7.58841591836735,11.7354357142857,12.4843326530612,2.60432428571429,11.1339485714286,9.71358612244898,12.9819004081633,9.7009730612245,3.42615448979591,18.8594030612245,6.76087571428571,2.7343293877551,3.24174693877551,3.24901122448979,15.5670797959184,5.2056206122449,7.75217040816327,2.35721448979592,15.0694834693878,15.8636551020408,6.50820775510205,7.51539469387755,6.42825367346939,14.9414367346939,4.23853959183673,-3.01822920408163,2.28528632653061,8.07693489795919,10.0034540816326,8.57347857142857,12.2508142857143,7.38168306122449,5.01184612244897,8.90132959183673,6.79690469387755,9.95044632653061,2.42688693877551,5.85600795918367,5.51742020408163,4.83231897959184,9.25398632653061,3.92533653061225,5.99702102040816,8.98612367346939,7.14009326530613,6.04576142857143,2.53956571428572,3.71774714285714,12.0859979591837,6.51834714285714,5.21961510204082,8.89931612244898,9.51663632653061,16.0935112244898,13.9203669387755,10.827843877551,8.89292632653061,3.41838734693878,4.35501918367347,1.86211714285715,3.44229428571428,4.05657183673469,2.19353695918367,12.7664832653061,6.59480591836735,9.69999408163265,8.51755999999999,7.98132693877551,9.14527897959183,8.10166244897959,13.7263732653061,18.3988,4.3005687755102,4.33768408163265,5.60139244897959,4.08509,0.127952040816326,-2.71809795918368,-3.09216326530612,-1.82341326530612,-1.26440489795919,6.75728734693878,9.25624530612245,12.3544669387755,9.28300040816327,9.41369591836734,7.74818469387755,9.18386530612245,7.67159265306123,7.04955530612245,2.88098877551021,3.44852102040816,3.57780673469388,3.98070673469387,3.66705042857144,6.15147193877551,5.66273693877551,7.33226408163265,2.21409102040816,8.93871714285715,3.54303204081633,3.26162265306123,6.76270081632653,6.15614428571428,7.53316306122449,6.0479512244898,5.52365163265306,6.37266734693878,5.6069993877551,9.40518285714286,11.1296391836735,11.172136122449,10.5577440816326,10.9971904081633,16.2432955102041,16.5252948979592,22.3018193877551,3.69775979591836,13.2209259183673,11.2289610204082,17.204152244898,3.44405591836735,2.79068755102041,5.58136714285714,6.93822857142857,5.84505693877551,8.9800718367347,8.72441448979592,12.6415742857143,7.03167653061224,7.15172795918368,7.52961,8.27137693877551,5.55589040816327,4.44358183673469,7.28439918367346,1.43221644897959,3.2844606122449,4.30298489795918,3.6639206122449,7.74977612244897,11.6582032653061,7.35766489795918,11.7220848979592,9.04266816326531,9.29832306122449,10.4142230612245,7.61759571428571,7.51450897959184,13.4437593877551,9.71592020408163,9.42222020408163,16.0431571428571,19.8956959183673,19.860006122449,12.0479204081633,14.2654857142857,15.6246602040816,13.6545102040816,12.2913942857143,10.9999334693878,9.34068489795919,6.38435857142857,9.36025673469388,8.99067775510204,8.74459775510204,1.51338642857143,-0.549184897959188,5.1451569387755,4.96839897959184,-0.427799591836731,12.0879671428571,2.65531220408163,2.93762434693878,5.75773632653061,3.91200673469388,9.16924224489796,4.93338653061224,8.63862591836735,10.2447330612245,4.12204510204082,3.64744408163266,8.83488714285714,8.5721993877551,11.4996363265306,13.0204626530612,13.5339283673469,3.47952857142857,0.465099591836736,9.5158906122449,1.52141469387755,16.5720055102041,15.0473775510204,16.2675673469388,4.3024893877551,1.9097893877551,5.24216285714286,7.13662448979592,3.51237367346939,6.2780487755102,9.49079408163265,10.8876104081633,3.22479571428571,7.18498448979592,16.9489591836735,16.4517091836735,3.27639979591837,6.54748653061224,5.11359979591837,6.80383714285714,10.7273726530612,8.04932693877551,6.92057163265306,7.47219142857142,6.55464755102041,4.90028469387755,8.28256020408163,7.71300551020408,8.11005244897959,13.7807463265306,4.99294918367347,15.0352624489796,7.29749224489796,5.86459551020408,15.0632083673469,18.5280816326531,13.1896693877551,8.41614285714285,7.1453875510204,6.21265346938775,9.7299993877551,10.8045502040816,13.3509687755102,5.64428306122449,7.47828857142857,6.65836265306122,8.84830755102041,11.04016,10.830286122449,3.73987714285714,5.78760714285714,13.5148153061224,11.8369004081633,8.07172163265306,5.39496428571429,12.4724304081633,6.05028877551021,5.16590448979592,6.17891061224489,12.3821695918367,5.07124020408163,13.0601010204082,10.6603269387755,19.4854112244898,12.4722553061224,7.54485183673469,8.6725993877551,11.0596242857143,3.22213620408164,15.4865724489796,4.98471571428572,0.741878265306118,5.40458783673469,3.67091448979592,8.14815102040816,2.83291959183674,5.92300632653061,7.56093061224489,2.27496224489796,3.15178073469388,3.56875653061224,3.15559775510204,7.88748448979592,7.64772448979592,11.523147755102,3.74808632653062,3.74473265306122,3.05929142857143,2.67836918367347,4.11921775510204,8.75256591836735,8.42006448979592,9.01960897959184,8.47017265306123,7.15982285714286,10.2015748979592,11.5483444897959,17.0053914285714,12.3536153061224,9.31408040816327,11.3178044897959,5.76833612244898,7.85615142857143,0.515931938775513,5.25030142857144,4.51282020408164,6.01019428571429,6.08176489795918,7.27329244897959,7.34123551020408,9.73805530612245,12.1023593877551,9.69448265306123,10.8575812244898,7.86666836734694,7.41296836734694,9.13587265306123,16.5938234693878,14.3325389795918,1.11694612244898,-0.882222857142858,3.57832142857142,6.71161224489796,6.70581367346939,7.52388755102041,6.90956428571429,5.26073163265306,2.90769428571428,6.08751408163265,4.18737285714286,8.51641265306122,8.20511265306122,3.97087204081632,5.63515346938775,10.0104436734694,8.6578387755102,3.3567318367347,4.5251187755102,4.75789448979592,4.01795367346939,5.36428346938776,10.90614,5.40435530612245,5.40708591836735,9.55825632653061,5.34393734693877,15.2469714285714,7.35296877551021,8.20207020408163,5.74547836734694,10.2542175510204,13.2707187755102,7.86736224489795,6.44859224489796,4.20356020408163,4.55327306122448,6.11587448979592,11.7749340816327,12.6945075510204,5.7074212244898,9.96993653061224,16.527606122449,17.0222520408163,3.48459408163266,4.55146122448979,15.3600175510204,10.8285424489796,8.60725816326531,15.2630779591837,12.0989073469388,12.1180340816327,14.4586926530612,7.51318265306122,9.18128224489796,7.90743795918367,5.66116306122449,3.8159587755102,12.7225471428571,8.40192387755102,5.02626979591836,14.8721755102041,14.3240397959184,6.13229387755102,16.4411897959184,16.9818897959184,12.2932932653061,14.5589279591837,11.0732218367347,8.92429020408163,6.86794367346939,1.01393122448979,12.6268683673469,13.9482873469388,10.8168642857143,7.87135734693877,8.78089653061225,13.3415842857143,4.2078924489796,6.13584244897959,10.5091687755102,11.2777002040816,5.89743857142857,4.03890265306123,5.50839020408163,4.9410687755102,5.43609122448979,6.06011734693878,4.74950714285714,3.98288346938775,9.11447122448979,5.42961551020407,10.726047755102,12.527747755102,8.52702836734694,8.36163795918367,9.30447204081632,13.3857218367347,12.4931553061224,7.44102551020408,12.1134459183674,8.69595489795918,6.63251142857143,8.67055142857143,16.1530644897959,8.17383346938776,7.79216775510204,6.95176428571429,-1.15886302040816,5.06095802040817,5.46914771428572,2.71617279591836,12.665177755102,4.95400795918368,13.0295626530612,9.8555206122449,5.36314081632653,2.47372857142857,2.60444285714285,3.82576693877551,0.422446877551022,6.98627673469387,5.79320530612245,3.00896044897959,7.66491836734694,5.08729346938775,5.18707040816326,4.99875632653061,9.30208142857142,10.9659920408163,16.4928765306122,15.3146036734694,13.9381069387755,13.4498020408163,15.9397867346939,8.73999795918367,0.412447551020407,0.490186326530616,-4.55711591836735,2.62623408163265,3.80617571428571,5.53285102040816,5.67244632653061,6.58275571428571,5.73722020408163,4.98802510204082,7.87391183673469,5.47519204081633,1.70340163265306,6.58440000000001,3.0926187755102,7.65783081632653,1.50674326530612,7.2257006122449,2.9498506122449,3.76841551020408,2.50935334693878,9.53663469387755,17.8404602040816,14.4632510204082,19.674593877551,19.0544775510204,19.396737755102,19.8142357142857,16.6005357142857,19.3030867346939,12.7486920408163,12.1652642857143,9.79135816326531,9.98413632653061,5.7643112244898,2.60218183673469,9.48048204081632,10.8201412244898,5.45603897959184,10.0822467346939,7.37089571428571,9.02201979591836,7.94111816326531,6.73927795918367,1.04573306122449,6.16910571428572,11.384202244898,14.8616683673469,9.91180510204081,5.33402612244899,9.89865979591837,2.03918244897959,10.0899506122449,12.0877251020408,7.24304408163265,6.73217836734694,7.17758408163265,15.5254526530612,9.08274040816327,6.00336653061225,6.29809285714286,7.19115265306123,6.0556906122449,2.94650734693877,3.13369775510204,5.98216448979592,6.49902734693878,3.60323612244898,16.9544132653061,7.56973244897959,6.97385408163266,9.28366510204081,16.7881326530612,14.6684171428571,9.96022142857142,9.32280530612245,3.34809244897959,5.8414393877551,6.39199469387755,7.32733734693877,8.11822081632653,2.63244579591837,7.45172367346938,11.4147334693878,8.93073285714286,14.0425089795918,7.38922979591837,6.02241612244898,5.22676734693877,4.15350795918367,4.05527979591837,5.52658979591836,4.13136775510205,4.37456775510204,2.07589218367346,2.34541224489796,7.7230306122449,21.3920357142857,14.5536459183673,6.10655448979591,5.66871408163266,0.579267959183678,7.46309469387755,7.78514469387755,11.2075942857143,6.4105206122449,10.5028136734694,-8.40347204081633,8.23404102040816,11.4207310204082,9.56927428571429,3.24635693877551,4.35644346938776,4.52861326530611,7.76677755102041,3.4982275510204,9.35042836734694,12.6512342857143,11.0142593877551,12.4564791836735,13.3459520408163,10.9001793877551,11.9618583673469,9.85414204081632,14.1516234693878,13.7828408163265,18.6096530612245,14.5917565306122,3.71200102040816,9.56548857142858,13.0222024489796,10.1560387755102,10.8478630612245,11.2260683673469,12.6907108163265,12.8347504081633,12.468157755102,12.8214740816327,18.5051065306122,14.7692565306122,4.00040081632653,7.00099612244898,10.101893877551,13.0351120408163,8.10326265306122,7.79845224489796,14.2886993877551,8.5340393877551,13.029507755102,13.188107755102,4.19439673469388,2.5493512244898,3.28534224489796,2.02587806122449,5.63070142857143,3.87182040816327,2.53911591836735,13.4613185714286,9.22455489795919,9.60239061224489,9.59934408163265,4.71806836734694,4.4498893877551,5.50396183673469,3.9248787755102,14.2660430612245,6.44287897959184,13.0828189795918,6.86157959183674,4.53629632653061,11.2518369387755,12.3799912244898,9.97802653061224,11.5290269387755,11.6879355102041,11.1427151020408,14.4405367346939,21.7067846938775,19.3630683673469,12.9774765306122,9.17406408163266,5.97811,4.95313306122449,6.71414612244898,5.80776795918367,4.3091987755102,5.86273591836734,12.6149579591837,12.1759485714286,9.00346387755102,10.3324748979592,8.21179183673469,13.1233555102041,12.3327744897959,13.1075663265306,8.99160448979592,3.80140448979592,9.36673836734694,1.59064504081632,6.61397795918367,8.20611428571428,6.57003632653061,10.5091,5.51519142857143,7.24984836734694,4.92557163265306,6.77034632653061,4.71912224489796,14.5132195918367,11.0279328571429,13.9149575510204,9.39820367346939,5.46848040816326,7.29658530612244,3.55415775510204,0.399211224489796,-1.85462204081632,-0.0301248979591877,7.33503183673469,5.73884306122449,10.5605591836735,9.51234367346939,5.15344265306122,5.35823346938775,8.84521734693877,15.5603887755102,10.5650965306122,14.75507,14.1592526530612,9.74834591836734,12.4892051020408,11.952243877551,13.3831344897959,20.6149683673469,18.1238408163265,14.1937132653061,14.7621526530612,11.061837755102,15.5474989795918,14.1013218367347,15.4947765306122,0.129791857142854,5.12850530612246,4.38051795918367,4.30515326530612,3.42199102040816,11.6719832653061,10.0105097959184,8.47360734693878,5.22549102040816,7.38800306122449,4.07557551020409,8.52770020408163,11.4091318367347,11.1462191836735,12.1193240816327,12.5746810204082,9.80590714285715,9.43273306122449,8.35404428571428,12.32949,6.97686183673469,4.21674959183673,0.283428367346935,6.98789693877551,1.74147551020408,10.2833855102041,7.6048393877551,8.07983836734694,4.2005475510204,1.94460693877551,24.0982948979592,17.4215357142857,13.40458,13.0409185714286,3.70195571428572,7.56091714285714,10.814053877551,7.58425102040817,6.00868265306123,10.039872244898,3.43719040816326,10.9684012244898,11.2553526530612,7.37135530612245,2.97661653061224,5.27214571428571,9.22212979591836,9.96342081632653,13.575943877551,7.04295632653061,6.90042836734693,12.0480291836735,16.2635414285714,22.3796255102041,20.0257785714286,21.456412244898,8.62173632653061,11.621297755102,10.3499653061224,3.43456959183673,10.0603375510204,6.06648591836735,5.54010734693878,7.41277142857142,3.92858163265306,8.1606093877551,8.46706530612245,4.34433632653062,3.71260489795918,7.98708081632653,3.71995285714286,2.90945693877551,8.93694306122449,4.94125959183673,10.1278610204082,11.1463312244898,6.99867632653061,5.43267551020408,3.27625959183673,5.73576510204082,1.04348816326531,1.22474551020408,6.23651959183673,7.25078306122448,-0.185791836734696,8.86799693877551,7.68267857142857,6.60459326530612,10.3309151020408,7.29002734693877,8.44802081632653,3.85087040816327,4.30388265306122,9.44077857142857,13.0421448979592,6.37638836734693,9.84137795918367,7.31675448979592,7.63752571428571,6.33004571428572,5.11726326530612,8.7480712244898,9.36379265306122,10.6585430612245,14.6985240816327,7.53610897959184,8.97768734693877,8.13243673469388,3.35409489795919,5.61552816326531,9.24085040816326,13.5725963265306,6.51436775510204,3.65173326530612,6.78573040816326,8.5288806122449,8.91510224489796,7.00065551020409,3.90457571428572,5.98558918367347,0.762514959183675,3.33008428571428,7.7153893877551,4.53866551020408,3.86263183673469,5.80126551020408,7.98653714285714,7.97782591836734,7.25597244897959,9.43186959183674,11.962992244898,7.93170897959184,6.48278795918367,10.8917975510204,-1.69312244897959,2.64098908571428,4.57583265306122,6.68280428571428,11.613132244898,11.6012457142857,9.65247591836735,6.28755693877551,2.13003673469387,-0.383779999999999,6.42613571428571,11.061072244898,17.4897836734694,12.2623673469388,13.5847779591837,13.8834836734694,13.5495885714286,8.25740918367347,10.8125787755102,10.7423265306122,7.70592204081632,3.69068428571428,5.36175918367347,4.12882591836735,8.4106293877551,9.26417244897959,9.09097244897958,14.1090881632653,7.74747448979591,13.7057642857143,22.5892683673469,21.8679683673469,24.7195357142857,3.83720714285714,-2.76609510204082,0.759083061224484,-5.66169632653061,16.7426775510204,15.4009418367347,18.1931265306123,10.8482848979592,6.38099612244898,2.75855285714286,6.87914367346939,10.9944963265306,9.5268987755102,12.5538287755102,3.95984326530612,11.3879716326531,16.0389448979592,18.6362836734694,13.4597387755102,4.01833673469388,3.52238285714286,10.3342440816326,10.1253485714286,10.0323289795918,3.49875775510204,4.53832836734694,7.85220326530612,7.66815367346939,5.22128836734694,4.51642265306122,0.705946530612243,2.39212,9.72177326530612,10.5636765306122,10.6342665306122,10.8024757142857,3.58917877551021,1.57272795918368,3.92274857142857,6.48995040816326,9.64041653061225,9.17572142857143,6.78698979591837,11.9242816326531,12.1030851020408,17.2894836734694,10.6363851020408,9.11581734693877,15.1744044897959,17.3154234693878,5.62877612244898,3.29758224489796,3.07011979591837,0.281107346938777,3.25025,1.91777530612245,17.7138591836735,4.41213489795918,-2.00213,7.68553367346939,1.13018816326531,5.89416387755102,10.8793367346939,17.3650163265306,12.9404959183673,14.2532959183673,19.2778336734694,16.0808336734694,9.1963887755102,10.3250589795918,5.08209408163265,5.1585087755102,6.87492081632653,8.79334979591836,6.19928857142857,6.90801653061224,8.55961571428571,10.8335671428571,10.8638914285714,12.40853,13.3736046938775,13.4671602040816,3.17471020408163,1.56546612244898,14.4956140816326,7.22558408163265,7.72015551020408,4.06638428571428,5.73977693877551,9.32767387755102,4.38515857142858,-6.52506612244898,3.14007183673469,6.70171795918367,6.11871102040817,-0.723789591836736,-2.24582510204082,-0.10646489795918,3.95073428571428,7.61939346938775,9.49495857142857,7.76399591836735,13.7999885714286,11.6677212244898,16.5870591836735,16.6040734693877,13.7457510204082,17.0822142857143,15.5320826530612,11.2371506122449,12.5529457142857,6.90274183673469,3.3424869387755,2.44883469387755,9.17125285714286,9.51047632653061,5.90882102040816,10.9626781632653,2.05560591836734,-0.527864775510205,-0.433060612244895,-3.15901228571429,-3.76838031428571,3.9199581632653,4.65102755102041,9.50091897959184,5.77701734693878,7.5984781632653,7.2931,6.79635857142858,3.64735204081632,9.92345244897959,9.03415244897959,5.19558959183674,9.92202959183673,11.5264440816327,12.9319604081633,16.6374530612245,15.811806122449,10.8733567346939,13.5040355102041,5.96937551020408,5.6218681632653,7.81166346938775,4.86927959183674,6.04829244897959,3.22554387755102,0.358534285714287,6.76480408163265,3.89602102040816,6.36545755102041,11.19547,3.32115367346939,7.71313591836735,13.1855426530612,9.6346787755102,7.42363816326531,3.86193530612246,4.65393530612244,4.29803530612245,9.51112428571429,3.48202285714285,5.0960627755102,2.18096114285715,2.81435755102041,9.13334795918367,16.529793877551,9.2559406122449,18.986443877551,11.5912244897959,5.36148102040816,6.35253346938775,11.598607755102,8.51657183673469,10.9897485714286,4.80794591836735,12.8131657142857,12.8275832653061,7.80419489795918,5.81055163265306,6.22160857142858,9.85840510204082,11.6402969387755,12.6705144897959,3.57484204081633,4.89724204081632,5.21758734693877,2.42051420408163,8.97665,12.5457236734694,6.63571591836735,5.5548893877551,5.53371265306122,9.99721775510204,5.50632142857143,15.1721020408163,10.301883877551,10.2492614285714,9.50780653061224,11.018947755102,12.7852148979592,11.0143253061224,12.8645108163265,11.3087830612245,8.19158448979591,5.25234428571429,7.07513489795918,3.32773183673469,8.43878734693877,9.53805693877551,5.90934918367347,4.78604469387755,9.03018591836735,11.0601359183673,9.24414897959184,10.2665795918367,12.3233851020408,8.7537612244898,6.37923897959184,4.23667816326531,8.03550020408163,3.10525081632653,4.94065448979592,2.57310102040816,6.61616714285714,12.968032244898,10.7605808163265,7.06665714285714,8.66828693877551,4.58352673469388,5.69015510204081,15.8275728571429,15.4453806122449,15.0813724489796,15.7967142857143,10.6289575510204,4.76023244897959,4.36595632653061,4.1278306122449,0.669016387755099,6.02074979591837,10.6504993877551,10.6221208163265,9.94147408163266,7.11007122448979,4.53429428571429,-0.232905510204083,-2.62707920408164,5.99874408163266,14.1740567346939,8.91371306122449,-1.94187306122449,-0.0678387755102068,3.49164367346939,0.959891428571424,11.1416459183673,13.136527755102,12.3177828571429,14.9646224489796,10.3589624489796,12.1986495918367,3.01047428571429,6.92966448979592,6.63791081632653,1.64675510204082,5.84043673469388,8.34505183673469,4.21613591836735,5.11639918367346,5.80836040816326,4.60976734693877,5.12808653061224,4.25086000000001,-3.7416612244898,-0.0190959183673529,0.928409183673468,5.28485816326531,5.40252428571429,9.12494285714285,11.1288969387755,11.543513877551,12.4058969387755,-1.52391428571428,11.318893877551,11.6276826530612,12.0100704081633,10.9198928571429,12.1070397959184,16.62065,12.9290318367347,10.7700210204082,9.62778367346939,14.7531673469388,13.7525469387755,12.2027467346939,13.6336118367347,11.3213263265306,10.8182693877551,19.2835867346939,10.8044469387755,9.48971081632653,11.6022910204082,13.4943,11.4430432653061,11.4834163265306,11.5784234693878,13.22332,14.966987755102,13.2075840816326,17.7246540816327,11.6807287755102,11.5830036734694,14.7662863265306,8.93417102040816,5.01985673469388,10.9308118367347,10.062113877551,8.95331816326531,9.22753918367346,14.9983873469388,23.5395367346939,23.3727367346939,5.27563606122449,11.4143546938775,11.0752920408163,8.68695204081633,8.32310632653061,7.17768040816327,2.59263040816327,1.29626912244898,9.25901836734694,5.81858408163265,5.20708775510204,9.06347,7.73113795918368,12.471162244898,8.38929183673468,6.62158020408162,9.73100448979592,2.49173673469388,8.2961875510204,8.20874224489796,9.02130571428571,10.4597563265306,12.2589706122449,15.429783877551,5.85960204081633,5.50412183673469,3.87260040816326,6.06846734693878,12.3673512244898,1.90854612244898,6.27886020408163,9.05786081632652,5.20260897959183,3.63838306122449,4.28067693877551,-4.13929755102041,0.127731632653058,6.45627204081633,9.16464918367347,5.44790224489796,-11.0206416326531,-12.4314687755102,-15.4981214285714,-10.1212789795918,-10.6262083673469,-10.9264083673469,-6.76506612244898,-5.32528367346939,-10.9674042857143,-9.60507122448979,12.0725459183673,6.07166795918367,4.87800551020409,9.20482367346938,6.25891612244897,7.49496367346938,7.24544897959184,5.8333230612245,5.25974959183673,2.27307046938776,1.75965632653062,9.11312448979592,12.9761787755102,18.1384867346939,7.14600081632653,7.55030612244898,5.97571571428572,3.91721571428571,6.66077040816326,11.0317444897959,14.2828846938776,10.6186969387755,10.3441444897959,9.78224714285714,6.22172081632653,9.11092714285714,8.47669020408163,9.56415183673469,17.3934510204082,14.721893877551,14.228763877551,11.0423844897959,10.66817,9.91393632653061,3.19937591836735,2.73295265306122,-2.93632959183673,-0.530842448979592,10.3369155102041,8.98118102040816,11.7003934693878,12.5930897959184,11.7697316326531,22.6505469387755,14.7285989795918,20.5985275510204,15.407487755102,3.36629959183673,5.20565244897959,11.2429520408163,7.87904346938776,8.46335346938776,7.07007857142857,11.3245214285714,13.5902895918367,15.1055653061224,15.6887706122449,-1.00344795918367,6.70575183673469,7.0375606122449,11.8353081632653,10.1684524489796,5.20122183673469,3.53671326530613,10.4483532653061,12.4848212244898,7.70861346938776,12.1580859183673,4.20196469387755,1.79788785714285,-0.572162142857151,10.4743663265306,6.03824775510205,7.6197306122449,10.366932244898,11.0372804081633,6.17571632653061,11.041902244898,8.70396040816326,5.00802816326531,2.03647836734694,3.87234428571428,3.1107224489796,3.03999387755102,6.15332326530612,12.1141620408163,12.7601863265306,13.239853877551,13.3485640816327,2.0969976632653,9.10195775510204,10.8437191836735,2.93994979591837,6.0404781632653,6.83764591836735,8.2653687755102,9.2138687755102,7.06292224489796,14.3691634693878,13.4809010204082,8.14816571428571,11.3097940816326,6.95430918367347,7.70042285714286,9.92448448979592,11.1943344897959,9.56871551020408,11.5235024489796,9.20187102040817,3.09026081632653,0.758057346938782,9.32571448979591,4.55037428571428,6.36868122448979,8.06645102040816,4.00758591836735,6.32695448979592,8.58450632653061,6.35885,3.15197346938776,5.54880142857142,7.08826959183673,8.36650734693877,7.90609795918367,5.91377061224489,0.697037734693877,13.1351142857143,6.93315448979591,11.5631789795918,10.4264332653061,1.97914918367347,3.06197,7.45732857142857,6.3611193877551,6.17758102040816,7.92833959183674,4.94153571428571,6.88796489795919,5.70346489795918,9.97921489795918,7.72091489795918,11.0221114285714,7.51038346938775,5.32859285714286,8.37261959183673,5.53641959183673,4.36641306122448,4.09567653061225,2.27046163265306,-6.50773897959184,-6.97946,-1.07359877551021,8.0947893877551,12.2319120408163,10.9374659183673,12.2465275510204,6.5544887755102,7.07070612244897,10.245733877551,5.75546306122449,2.01316224489796,6.88690020408163,7.55692183673469,3.89519367346938,4.4779712244898,6.87369367346938,2.86583367346939,7.68792408163266,7.24468510204082,8.81377265306122,4.68369612244898,6.0338987755102,7.79703142857143,8.59965102040816,8.33010816326531,10.8411085714286,9.87896367346939,13.6636618367347,9.11236959183673,14.5712710204082,1.72687653061224,10.4859071428571,7.89215632653062,8.31809632653061,1.71793448979592,11.1929920408163,9.59621591836735,13.692313877551,12.6612755102041,10.998197755102,10.3669340816327,10.7730616326531,11.438042244898,8.06366693877551,6.23363857142857,7.13933326530612,5.64749551020408,3.78015857142857,9.09955673469387,8.18468530612245,6.35223204081632,10.095772244898,5.56952693877551,17.9518714285714,10.5531369387755,11.532302244898,16.6696714285714,14.6902102040816,17.7745928571428,14.027697755102,12.0985371428571,11.619996122449,5.164,3.83355,7.46870428571428,5.06307530612244,4.87949040816326,4.98526020408163,3.7929118367347,2.74287367346939,4.14237551020408,3.39014979591837,2.46726510204082,1.35895183673469,12.6062859183673,16.1003683673469,9.22065285714286,6.37743448979592,4.25311,6.40301081632653,7.71422061224489,3.03788224489796,7.70224244897959,2.31826618367347,1.39945244897959,3.85395730612245,-3.74083306122449,3.70082,4.10314224489796,7.87714265306123,13.3528010204082,5.45682265306122,7.5526487755102,3.97482,7.90213673469387,7.95417020408163,9.01107918367347,7.19807,13.0671234693878,17.020287755102,15.0941028571429,7.37557551020408,8.75843918367346,11.9403146938776,12.5572008163265,9.47967346938775,8.73753204081633,16.5792673469388,13.1907002040816,3.18038653061224,3.31567714285714,8.74814387755103,7.65826367346939,9.49004326530612,10.1494559183673,4.35624489795919,12.0657642857143,15.9877736734694,13.5765367346939,13.3764671428571,14.816656122449,13.9280146938776,4.60003755102041,11.1735285714286,5.28384020408163,1.99824571428572,3.74243673469388,6.84918693877551,5.86281387755102,6.41630632653062,12.0719834693878,7.33653673469387,5.52428653061224,0.44317612244898,3.75926693877551,11.0663036734694,1.96980224489796,1.62998469387755,4.57085591836735,1.70529879591837,4.15356632653061,5.16000959183674,6.60539040816326,3.67726244897959,7.2502912244898,9.4386212244898,11.5971932653061,3.82398346938776,6.09400285714286,3.02034142857142,5.98156632653061,1.95581734693877,5.70224775510204,4.94355081632653,3.05372836734694,3.20022204081632,4.6885893877551,4.24337530612245,5.98127653061224,9.78865469387755,5.23920979591836,4.52462265306123,4.32732755102041,5.61138408163266,2.44558408163266,1.56728775510204,11.6738355102041,3.74242365306123,7.43873734693878,8.94211102040816,8.44980836734694,6.78799918367347,8.94824918367347,12.9473936734694,12.0065493877551,13.734856122449,15.0626091836735,16.8579663265306,12.5995197959184,12.0915620408163,6.6804193877551,4.84011448979592,5.71334469387756,11.5128485714286,13.8514489795918,14.8742304081633,14.5472804081633,11.0833365306123,7.48455979591837,6.85646591836735,6.86388816326531,5.04215591836734,12.6566508163265,5.44336142857143,8.06940285714286,5.17657734693878,0.368607959183676,5.36614918367347,6.33049306122449,9.22169142857143,7.85728714285714,4.13525040816327,8.64039285714285,6.67380816326531,4.5578293877551,7.69513755102041,7.17981448979592,7.41803081632653,7.58110469387755,7.09223530612245,7.89543673469388,7.24663489795918,7.06293306122449,3.49238734693878,0.989971775510204,5.49606285714286,7.09729224489796,8.23492306122449,4.82448612244898,1.08521979591836,-0.54073020408164,4.84412367346939,9.43573897959184,8.84882714285714,13.3941326530612,11.6634320408163,13.3231273469388,14.0154804081633,9.85239591836735,10.107506122449,15.5411371428571,13.0626020408163,15.0502102040816,8.60531897959184,9.28993571428571,9.71417836734694,7.1577581632653,11.9964275510204,0.406247142857143,-0.0127312857142843,-1.54250322448979,-2.90114387755102,-1.63232714285714,-5.5306603877551,0.367989999999998,1.99503108163266,9.36021265306122,8.88749673469388,9.84907510204082,7.91461918367346,6.85681204081632,11.8940955102041,10.6237955102041,6.76441469387755,10.2158975510204,9.17268040816326,6.94245816326531,7.02255816326531,7.06608857142857,10.8850673469388,5.23221755102041,11.1847485714286,2.05145865306122,1.14930865306122,5.14187593877551,0.746700632653062,4.8911341632653,4.07446981632653,4.82540712244898,3.12366408163265,2.42404628571429,7.13450204081633,6.31113653061224,6.22479387755102,2.74367040816327,7.96747040816327,5.76217571428571,14.0477955102041,8.86831204081633,10.2229646938775,8.74671408163265,8.20236163265306,2.73842530612245,-0.313564489795924,7.16349285714285,10.9380973469388,17.5617836734694,19.0493244897959,16.0665448979592,19.6455132653061,19.7451673469388,17.8126989795918,14.3444826530612,7.72338510204081,17.0671887755102,10.8638514285714,12.1042948979592,4.86106448979592,6.68237081632653,6.23506551020408,0.662580612244891,2.09716234693877,6.79896693877551,1.14484265306122,1.40454224489796,7.96297448979592,10.3790242857143,5.17096857142858,5.23629775510205,10.00649,11.1055897959184,9.44070510204081,11.0264126530612,12.2359916326531,13.2681844897959,8.24886448979592,6.80500387755102,4.78637530612245,11.7987975510204,12.2463434693877,6.46706346938775,5.11449081632653,8.09593571428572,2.21893408163265,3.41536163265306,0.36936510204082,1.81016551020408,10.774602244898,4.59685857142857,7.08731612244898,0.743577346938775,0.746344693877552,-7.87973448979592,0.240167142857149,4.87448142857143,4.20709081632653,5.14747346938775,7.02184265306122,14.1173624489796,4.51384306122449,12.3651063265306,10.062983877551,0.0658555102040852,1.49478302040816,9.8000681632653,5.481,5.7765487755102,9.23244959183674,10.0077334693878,5.27220795918367,4.26883142857143,10.5940683673469,6.48831428571428,9.85347734693878,12.5012751020408,14.63606,12.9327242857143,3.45578795918367,14.2177269387755,10.8221734693878,3.93977489795919,7.4176493877551,5.78900428571428,4.89414326530613,5.44723653061224,7.64893448979592,6.66521938775511,2.72005632653062,6.61870632653061,5.21781979591837,4.87790306122449,8.66115693877551,10.5546448979592,2.79226367346939,9.52226040816326,7.76328,5.48809224489796,6.65022204081632,7.8101581632653,10.7781071428571,7.45000326530613,5.49780469387756,1.83729081632653,7.83445673469388,6.65265755102041,5.92261326530612,17.9936326530612,11.8136728571429,8.76313857142857,3.75688163265306,1.20683836734694,4.77748469387755,1.85709883673469,8.05031714285714,14.6208840816326,14.143002244898,10.7980528571429,2.78972285714285,5.43983714285715,2.53641246938776,1.42748755102041,9.10561306122449,4.85256142857143,9.28491918367347,1.2394693877551,1.41005742857142,9.12399530612245,6.87410373469388,6.65310373469388,5.47132612244897,13.4304153061225,10.3084512244898,12.5857057142857,10.3097532653061,12.467012244898,7.36497183673469,9.19146244897959,9.12049367346939,8.23547183673469,7.70475204081632,6.48083591836734,7.48757081632653,5.42825408163265,3.79307265306122,5.82619163265306,3.64685000000001,7.19889632653061,6.59574775510204,8.67690081632653,0.517232857142859,6.97149306122449,3.55884359183674,8.37611959183674,13.0466989795918,13.3437836734694,12.2447424489796,21.0775479591837,9.57063591836734,9.70768612244898,1.29818428571429,6.90410571428572,10.3601042857143,6.39078122448979,0.636580816326532,8.26163632653061,8.03554061224489,1.68809244897959,10.8278324489796,9.06364367346939,10.6360573469388,11.9311436734694,9.9373493877551,4.8767712244898,1.85813204081632,4.63387020408163,11.1148514285714,20.4449653061224,18.1662040816326,14.5550663265306,17.5357244897959,15.6266479591837,13.1189704081633,12.4031320408163,9.02727571428572,2.66165367346939,7.22343510204082,9.44049265306122,10.2138844897959,4.30721612244899,8.01906428571429,8.69563795918367,5.10537673469388,3.4595887755102,10.9116744897959,0.212700408163258,-0.987428775510206,3.3649712244898,9.84469857142857,11.4039889795918,5.27768755102041,13.4889930612245,10.2688944897959,8.07247040816326,5.97496061224489,4.72709428571428,7.17955775510204,-1.74949775510204,1.5046612244898,6.56878081632653,6.60853714285715,7.90602530612245,3.25504204081633,13.9893379591837,8.88522979591836,6.24655244897959,11.6674932653061,8.06466204081632,5.57598612244898,14.8513914285714,8.26149408163265,4.0433581632653,7.65488265306122,7.42134816326531,3.25041,10.6764453061224,10.1765740816327,11.9200014285714,6.02409551020408,5.98887612244898,6.51026102040816,6.98304081632653,6.09083673469388,5.0781906122449,6.05727306122449,6.08814102040816,5.87587673469387,2.87693326530612,4.07680408163265,8.81721265306123,12.6130789795918,13.3095712244898,8.19567653061225,5.46323510204081,13.869587755102,10.7563730612245,7.19552897959183,16.3917989795918,11.7759428571429,21.3586010204082,13.2954742857143,13.8450906122449,10.0073702040816,11.4173948979592,5.21059979591837,5.77182571428571,6.5900618367347,5.20527448979592,8.55075448979592,6.12901918367347,6.18632918367346,4.53762918367346,5.69916265306122,1.74089734693877,6.60809387755102,8.55523591836735,5.57184489795918,5.58280183673469,5.75680306122448,7.63442285714286,6.97195551020408,5.03490408163266,13.1706746938775,6.66643693877551,9.76466877551021,6.46349020408163,7.59051816326531,9.54324183673469,0.534871020408163,5.32798632653062,5.88237367346939,8.16506612244898,5.19913877551021,5.46577469387756,3.32464551020408,3.88524183673469,3.97205081632653,4.51138551020409,3.60821918367347,6.9310493877551,6.1441493877551,8.45454081632653,8.07572163265305,5.63662265306123,9.41576959183674,9.78452897959184,7.93123918367347,7.50574183673469,7.75635102040817,11.424552244898,12.862252244898,5.98168979591837,1.7864793877551,9.29912428571428,13.897946122449,13.537237755102,15.5007171428571,10.2830220408163,8.81164571428571,6.11515163265306,10.122822244898,3.36651448979592,8.91445571428571,-1.04994306122449,1.79396591836735,9.71658326530612,6.68609020408163,7.22265693877551,7.82012387755102,8.61512387755102,5.34846918367347,3.25316346938775,8.91702061224489,4.02082265306122,4.46168326530613,2.51494291836735,3.40418551020408,4.04732857142857,13.4501989795918,10.1126185714286,6.47874040816326,5.03111510204081,8.39572244897959,8.89337938775511,7.93718959183674,10.2931818367347,8.59411,9.45049469387755,9.32140979591837,6.31005714285714,3.53968183673469,11.893787755102,5.06616040816327,10.681977755102,13.4752814285714,8.10186326530612,12.6246330612245,13.3739551020408,17.8244081632653,15.7515275510204,14.0301269387755,18.9371765306122,8.73449387755102,10.1553848979592,15.3861795918367,14.3005553061225,15.3361275510204,14.5359193877551,15.4831887755102,14.072116122449,17.0089540816327,11.5130520408163,16.6860708163265,13.1922489795918,9.6958018367347,5.19737510204082,11.0333028571429,6.20101979591836,16.6426224489796,9.62023510204082,5.38507,8.41716408163266,5.0080093877551,-0.0866306122448983,1.07605385714286,6.71429612244898,8.74652387755102,5.07006040816326,11.8839273469388,7.16209857142857,9.01175795918367,10.4002551020408,17.7644132653061,12.4367157142857,14.0834048979592,17.8446724489796,21.1796826530612,28.1902928571429,20.1634673469388,10.7154773469388,11.5291459183673,9.59634632653061,10.6561040816326,7.95044204081633,10.7230402040816,6.20712142857143,7.35733816326531,15.3497326530612,11.5991383673469,17.2649775510204,9.65688510204081,10.648362244898,7.70230897959183,5.38791040816326,7.79143551020408,8.52276040816326,7.59815795918368,4.36642040816327,5.97247857142857,1.58877857142857,3.53593653061224,0.763706938775509,5.12246959183673,0.584146530612244,4.98571185714285,7.33872530612245,5.05723367346938,8.97338897959184,8.09693836734694,12.4685116326531,11.7816612244898,7.72975367346939,6.69168530612245,7.82688367346939,8.89159612244898,4.93427367346938,1.25398755102041,9.75068448979592,7.1217993877551,10.8747991836735,11.6528063265306,10.9832765306122,11.4400181632653,9.45101081632653,13.0077736734694,11.4861855102041,9.16692510204081,9.23115448979592,3.87440836734693,2.48636571428571,2.09026959183673,0.11251612244898,4.12884897959184,10.8449446938776,6.26549897959184,14.3054951020408,5.79794591836735,9.12583,15.6151397959184,10.8759383673469,10.2999951020408,3.28525142857143,12.0962883673469,6.21388040816326,10.0217848979592,9.24527836734694,2.37964791836735,7.64713387755102,6.30726775510205,9.30101428571429,4.6793218367347,5.10802897959184,6.99690897959183,8.11247,7.76661204081633,10.3247271428571,11.0405242857143,9.78486081632652,10.4043532653061,4.2891475510204,8.13935571428572,6.81766673469388,5.54832102040816,5.4130206122449,-2.96939795918368,-0.183594489795925,-4.48245495918367,8.88455979591837,7.76442244897959,-3.24543506122449,15.1599516326531,10.7643857142857,5.75946244897959,7.56220244897959,8.00410408163265,5.45064183673469,10.8979924489796,11.425326122449,12.4469506122449,9.47541612244898,12.0574018367347,3.70272918367347,10.6221818367347,15.1876510204082,8.91598020408163,5.67367387755102,10.7474689795918,14.7419153061225,5.19030040816326,9.10527591836735,11.9099824489796,2.84791163265306,7.84435448979592,18.5135632653061,17.0810602040816,12.7653544897959,13.9620365306122,-0.756299959183678,6.29838816326531,8.07092265306122,4.90835367346939,2.92381530612245,3.33993836734694,12.4604863265306,12.0980142857143,15.7227887755102,13.1609448979592,10.8705479591837,14.7785755102041,17.0710704081633,10.257522244898,10.914552244898,10.8033253061225,13.8327855102041,13.6657534693878,7.01071306122448,12.4709865306122,12.1401255102041,11.9789734693877,7.13644653061224,3.60973653061224,9.71421285714285,9.02910387755101,9.04064285714285,8.81096142857143,10.7671751020408,8.58194448979591,11.4928306122449,11.6069806122449,12.2800842857143,8.51941795918367,8.51887020408163,11.6314851020408,11.128553877551,10.1979330612245,5.49500204081633,4.29412408163265,12.1066016326531,6.08901244897959,5.89648714285715,5.70958489795919,7.47579306122449,6.10750938775509,4.28824765306122,3.8520113877551,3.51410367346939,9.42408571428571,7.12751836734694,4.80259959183673,11.0483446938775,13.9917312244898,11.9236146938775,12.5307585714286,7.57264693877551,5.82642306122449,5.59917204081633,10.2372728571429,7.73373530612245,11.0493602040816,10.41285,3.5393487755102,8.23521,0.448899591836735,5.85394102040816,5.77054704081632,7.83927408163265,13.7349528571429,13.2150348979592,13.2034191836735,6.36294714285714,7.61842285714286,10.7255728571429,7.24233551020409,12.2296685714286,11.5576989795918,11.5090057142857,14.4151887755102,4.31135999999999,6.98998020408163,3.03205775510204,4.07744914285714,4.12342265306123,4.46932346938776,6.14223326530612,6.0909375510204,15.6068581632653,17.3400204081633,11.7838167346939,12.8276291836735,5.52141693877551,9.96018530612245,9.60725918367347,8.46837387755102,6.63681265306123,9.25256795918368,2.14337346938776,3.31490469387755,3.71909163265306,1.93194591836735,7.8752587755102,3.42047510204082,-1.77399446938775,1.06427546938776,6.07121897959183,11.5130806122449,8.67171775510205,8.81208673469387,14.8974428571429,7.47654306122449,7.9229681632653,10.3255626530612,1.9629481632653,5.32978836734694,0.751627142857142,4.84335693877551,0.0558042857142871,11.9858448979592,8.17453448979592,8.56990081632653,8.79735346938776,5.18806408163265,9.79346857142857,10.3392185714286,9.37246836734694,10.6658953061225,4.43020448979592,11.4963185714286,7.38303142857143,7.6103487755102,6.66809448979592,4.24724102040816,4.54127142857143,7.55675346938776,10.2724544897959,8.31002673469388,4.97398142857143,5.63523653061224,5.72980367346939,5.62655142857143,1.48938365306123,1.46027006122449,9.42054367346939,5.33311897959184,11.8341540816327,11.1696918367347,14.4276836734694,9.1347612244898,5.03822081632653,1.34997865306122,12.8868304081633,12.3347859183673,11.1650126530612,6.91485326530612,12.4475255102041,13.811146122449,4.48158469387755,1.9383324489796,6.46919591836734,8.48049142857143,4.36351040816326,5.05216673469388,3.79106102040816,1.99438571428572,4.65236979591837,6.62661612244898,4.9188781632653,5.05010183673469,4.15936142857143,5.85759081632653,5.00931530612245,5.88455224489796,6.36762244897959,3.56023040816326,3.16139653061224,18.07979,14.5535959183673,12.96026,13.856806122449,10.7278583673469,6.59839244897959,11.6423702040816,12.2851465306122,12.2095242857143,11.3079157142857,4.03052040816326,4.79807428571429,6.81475306122449,5.40429346938776,0.535818163265311,11.0992181632653,11.725657755102,9.42428204081632,3.2572118367347,10.8731395918367,5.61770224489796,4.72848632653061,0.859051122448983,5.87782081632654,5.50837897959184,7.4515993877551,5.65262306122449,8.04873755102041,8.4257718367347,5.24404489795919,10.1919032653061,18.9685204081633,10.9829873469388,8.95259367346939,6.61049591836735,11.816707755102,6.94857326530612,5.33268693877551,7.0187993877551,2.96989408163265,11.8308316326531,4.14278734693877,5.15946714285714,7.15409448979591,6.53635795918367,16.7379642857143,12.3169632653061,9.48230632653061,5.64807142857143,5.43055653061224,5.29967265306122,4.65197142857143,13.7634632653061,13.3788408163265,5.31008612244898,5.77674897959183,2.65828714285714,7.56060367346938,12.6109912244898,12.0567448979592,-3.04464653061225,10.8647365306122,8.62817346938775,8.22314979591837,10.8293581632653,-3.14342714285715,7.23479979591837,6.9937281632653,3.84561163265306,6.04441795918367,3.90212240816326,8.21318326530612,4.24710938775511,3.76306755102041,2.76404204081633,5.60541000000001,3.73571510204081,3.12763326530612,2.59693408163266,1.6559403877551,2.36704985714286,8.59511244897959,6.64165122448979,10.9615424489796,4.3534793877551,8.93088897959183,9.11695224489796,10.3127871428571,3.36196734693877,3.51704959183673,3.60112469387755,10.5379885714286,17.0437887755102,2.19217693877551,5.95131959183674,6.94607204081633,1.27409469387755,5.31702979591837,11.5440559183673,3.8296193877551,13.5403204081633,7.20749653061225,10.7994871428571,4.35179387755102,8.37788591836734,5.82355591836735,4.3619718367347,7.95887530612245,19.1492132653061,0.540665918367351,6.56014224489796,9.82155428571428,3.7503993877551,4.80392312244898,4.09996510204082,3.54565755102041,8.05112469387755,8.49079612244898,5.7803512244898,8.64017408163265,2.10810163265307,-0.0851204081632622,3.96180102040816,2.64101673469387,4.15081673469387,-2.32968326530612,3.71248734693878,3.11952259183673,5.57850489795918,4.82757122448979,6.42582857142857,9.99290142857143,5.32986653061225,7.30094346938775,12.0925763265306,2.69119183673469,2.13758981632654,6.16034,7.89000428571429,5.48056408163265,13.1493140816326,14.5586414285714,16.0079775510204,15.2700948979592,21.9402663265306,25.3497295918367,13.8519112244898,15.1348112244898,13.6129185714286,11.9249208163265,15.0545320408163,12.400032244898,11.3222365306122,12.2376365306122,14.5552928571429,7.58448857142857,10.0247316326531,10.9872116326531,9.15429285714286,-3.23464551020408,6.17598612244898,3.77960306122449,12.8472155102041,11.9611563265306,10.4877871428571,10.8894483673469,4.51388959183674,-0.250268979591835,3.58987408163265,8.93303306122449,2.21135571428572,4.18993285714286,4.57635530612245,0.470438979591834,2.02155285714286,7.72496326530612,4.48559836734694,3.80984673469388,5.48900673469388,8.77446673469388,3.4346693877551,1.71170040816326,6.28268285714286,4.23221857142858,10.4537044897959,6.74035693877551,7.33565,2.16893142857143,2.24405,0.58287387755101,9.48571836734694,1.8997687755102,4.44374632653061,5.85223469387755,8.76154653061224,15.2940671428571,17.2855163265306,19.5088530612245,16.7585887755102,10.1436306122449,9.15896714285715,1.76558267346939,5.73112591836735,3.82420530612245,4.92881408163266,2.85531728571429,2.25521959183673,2.37691959183674,1.05296591836735,2.04945499387755,3.18025499387755,6.97638020408164,8.60535714285715,6.50487142857143,8.10748367346939,1.93626020408163,12.7806132653061,14.0497118367347,11.9518444897959,13.8964183673469,14.9314632653061,12.6409108163265,15.2384169387755,7.42344183673469,10.259813877551,10.8281553061224,10.3277214285714,6.87051408163266,6.06167510204082,7.82814612244898,3.49205265306123,14.531987755102,14.52403,13.6935281632653,12.0704197959184,5.72343204081633,8.52559959183673,5.19560428571429,9.16091959183673,14.9406581632653,11.3525563265306,7.32583204081633,7.87592163265307,5.68231408163266,7.35534448979592,6.05308346938775,7.63775857142857,-1.52482714285714,7.94595673469387,5.47540591836734,9.52651551020409,9.97189163265306,16.3819071428571,11.171887755102,1.78281081632653,12.0571693877551,15.90006,11.900072244898,3.59223714285715,7.95741612244898,3.72833455102041,0.955728163265308,13.7359534693878,10.306472244898,5.82620040816326,3.22625244897958,6.61907714285714,15.2327514285714,6.35626367346939,7.05032489795918,14.162743877551,8.44711591836735,0.952770816326538,3.50887959183673,1.97841836734694,4.05968673469387,5.6444175510204,4.88948183673469,3.84836979591837,6.08286979591838,8.56609428571429,19.7126724489796,4.53693387755102,5.61758183673469,9.21046673469387,6.71447469387754,7.66780530612245,7.24520142857143,2.7980112244898,5.52728693877551,1.52495165306123,2.35381587755102,5.66996775510204,10.132066122449,3.45852122448979,6.13276775510203,2.72528040816326,6.76234306122449,6.81316428571429,15.2413487755102,8.61694265306122,11.8036916326531,12.0433175510204,3.37818244897958,5.07453244897959,8.22374102040816,2.60262265306122,-1.67563224489796,2.61956775510204,6.33785448979592,8.02388714285714,13.0263951020408,9.82738469387755,9.9623393877551,7.05931040816326,6.13490020408163,8.34061204081632,18.3204040816326,3.50358285714286,10.035273877551,6.12218857142857,5.69609510204082,3.17650275510204,4.4002706122449,4.46227265306122,3.30269167346939,3.25294387755102,5.45634387755102,2.89404040816326,7.6480918367347,4.88555489795919,8.9332712244898,10.2319763265306,10.4375020408163,8.27738775510204,6.65111469387755,8.84788020408163,12.0916175510204,13.9246336734694,13.8077097959184,7.25703102040816,6.72687326530612,3.97837326530612,0.497959346938782,1.42902804081633,5.10242163265306,6.29155448979591,7.10369775510204,8.41427734693877,2.79239865306123,7.80503383673469,5.14352959183673,5.04496387755102,3.75789836734694,6.44754000000001,8.29717653061225,9.23729244897959,5.3183493877551,-2.49791918367347,1.68818612244898,5.69475142857143,8.3804681632653,13.2191293877551,11.7455628571429,5.97727979591837,5.74681285714286,7.04226755102041,8.63983040816326,10.1028010204082,3.39139428571429,13.8969785714286,17.3173867346939,4.40583153061224,4.94192959183673,4.21584818367347,3.72434048979592,2.85699795918368,6.38030408163265,5.42070755102041,5.78645224489796,1.80751979591837,5.81196979591837,10.4695195918367,10.1879473469388,12.4564226530612,14.3401536734694,14.7100536734694,11.5263275510204,17.7590204081633,11.3934053061224,5.57881918367346,2.20331040816326,5.08782755102041,6.33776612244898,5.83615102040816,7.35151122448979,8.31285571428571,16.9295934693878,6.44980693877551,0.140780204081636,2.76581653061225,7.9220181632653,-1.634938,3.61186489795918,4.68764918367346,6.80117020408163,7.33711265306122,5.50378857142857,6.20814959183673,6.93847040816327,7.24202836734695,13.1555832653061,11.9951565306122,5.96317204081632,6.3638906122449,6.03000224489795,11.1622981632653,11.0319953061224,6.38142204081632,8.39163469387755,6.25390163265306,9.94052653061225,11.4623683673469,12.1877281632653,12.1261971428571,15.5429336734694,12.1066206122449,12.8541412244898,4.53471306122449,6.45088489795919,6.52769489795919,9.28567367346939,13.1647979591837,8.86432571428571,2.13079673469387,7.91712285714286,7.97172183673469,5.50458857142857,7.23631938775511,10.5874079591837,5.6964018367347,2.83008102040816,2.77484673469388,3.89275387755102,2.07555387755102,2.15137304081633,5.80283632653061,2.34360306122449,4.49200306122449,6.7026530612245,7.54975326530613,11.4893830612245,9.26672795918367,2.11325591836734,3.82615612244898,2.12219204081633,4.3603093877551,4.35733102040816,-1.25662375510204,6.96467938775509,4.77050163265306,-2.65522987755102,-1.87559530612245,3.12351367346938,10.1581591836735,7.42616408163266,8.19897142857143,10.5817128571429,8.16071142857143,10.7006828571429,4.19762510204081,7.57998265306123,13.0830885714286,8.18657081632653,11.6311146938775,5.90707897959183,-1.9353124489796,-3.81441857142857,-9.94788510204081,-12.9132097959184,-6.28976204081633,-1.23069265306123,-2.89986979591837,15.7386,4.29681693877551,8.26352285714285,14.8981887755102,15.5697897959184,8.24179081632653,1.82039714285714,6.14940387755102,4.53782204081633,2.51768693877551,2.2766312244898,9.52735857142857,5.68755061224489,11.725183877551,2.92947775510204,7.30177795918367,8.76160306122449,8.26953714285715,9.04391040816326,8.14668571428571,10.049937755102,7.77421734693878,3.78127734693878,1.52380020408164,2.16990979591837,6.61933551020409,4.28135285714285,1.51364206122449,2.67002102040817,1.34612489795919,5.55885387755101,7.84735142857142,3.67181142857143,5.82473612244898,7.83039183673469,1.1420275510204,-0.236515306122454,6.71346673469388,8.82180714285714,5.40268775510205,16.4826051020408,5.53793489795918,8.06633346938775,6.3914993877551,4.71293265306122,4.38119346938776,2.41982489795918,9.99066040816326,12.6268040816327,11.335443877551,11.2818397959184,8.06307775510203,10.5228746938776,4.84719346938775,7.42561775510204,11.7745816326531,16.4387367346939,11.9799348979592,14.5825446938775,7.6781981632653,15.3720836734694,7.59741183673469,7.27929510204081,7.84159244897959,9.91388755102041,2.97623469387755,11.6543491836735,11.6857606122449,7.64099979591837,9.15234142857143,11.1892702040816,10.2423824489796,6.54430142857143,9.20565959183674,12.4810408163265,12.287227755102,4.9614230612245,14.7787765306122,8.47984795918367,14.8494428571429,7.35324142857143,7.77457204081632,8.68119102040816,6.18647040816326,11.7098897959184,9.28209734693878,8.87698755102041,6.86488551020408,1.32141759183673,3.05446469387755,3.08353020408163,5.61607938775511,3.97785469387755,6.28187612244898,5.29554591836735,4.76459591836734,5.36283489795918,9.56248122448979,5.87262224489796,5.7401,2.90366795918367,4.88723448979592,10.0946526530612,15.4588942857143,18.159256122449,12.5007306122449,13.5220306122449,7.00984795918367,-5.51262,-21.0462863265306,11.2836575510204,12.8456153061224,16.140187755102,10.8003273469388,8.16494224489796,5.74247,8.57933448979592,15.5697591836735,3.918904,4.75217632653061,4.19349693877552,4.75933285714286,5.29908,6.13496734693878,5.07313061224489,12.757202244898,12.2122881632653,14.8312448979592,13.2096971428571,6.60139714285714,11.5221257142857,7.79258755102041,5.57686326530613,7.93133918367346,7.21288408163265,11.823386122449,7.63000122448979,11.1011779591837,11.8170871428571,3.23763918367347,7.74825285714286,13.939842244898,6.17048693877551,12.5768375510204,9.18580448979592,6.95947448979592,6.28373734693877,11.0943583673469,19.9796448979592,13.4541591836735,18.9343989795918,10.9053824489796,7.98364326530612,14.9701724489796,11.462296122449,14.5998979591837,7.02662530612245,10.1859704081633,10.4599602040816,11.3737732653061,15.0739871428571,14.4133371428571,13.3206040816327,12.4839187755102,2.15596959183674,5.78911755102041,12.8472779591837,14.9411616326531,9.33805510204081,7.17994510204081,12.2853063265306,9.54094775510204,10.9827628571429,6.97779224489796,8.52518183673469,3.93969714285713,4.23297387755102,6.10343244897959,1.7712893877551,6.29641795918367,4.31347448979592,4.67450673469387,8.37045795918367,4.12926673469387,3.98224163265306,9.92644591836735,2.58819540816326,-1.67693714285715,6.55220122448979,7.41104163265306,10.5491104081633,12.7773212244898,10.1212491836735,4.27280081632653,-1.20287610204082,6.14613224489795,5.16604897959184,0.615193122448974,6.41597632653061,10.2674228571429,9.56122673469388,11.4756446938776,7.45864102040816,7.59981489795918,7.65361489795918,3.58071489795918,3.30994448979591,11.0218732653061,11.7531253061224,4.06005795918367,7.69843040816326,7.69843040816326,8.4436175510204,12.7999130612245,11.0440814285714,8.3574569387755,6.56319857142857,9.12994734693877,9.60441489795918,5.63669346938776,4.48248265306123,3.97692775510203,-5.61860953061225,-2.75264775510204,1.11742469387755,6.80541163265306,7.27970653061224,5.77462897959184,4.89082755102041,5.17185040816326,1.45285469387755,5.19183571428572,8.56209959183673,9.18329734693878,8.02184836734693,8.48628979591837,6.11067122448979,6.17861918367347,5.65247142857143,4.03365551020408,1.69280626530613,-0.587971081632661,-2.5731712244898,-0.702071224489792,-5.1367806122449,3.55167142857143,6.44247265306123,5.00858734693877,6.42785734693877,9.38450734693877,5.60041653061225,9.19318020408163,8.76144367346938,2.64752757142857,3.45547457142857,2.24591714285714,7.29321795918367,5.24650530612244,7.08212897959184,9.06482775510204,7.77852448979592,7.72582448979592,9.64845510204082,13.7730251020408,16.6127251020408,10.5396046938775,13.8624146938776,4.94985632653062,5.78053081632653,4.73144122448979,8.06375306122449,1.84972489795918,6.35576020408163,6.45424326530612,11.5589579591837,5.66634265306122,5.45853183673469,5.06361020408163,3.8026212244898,5.91031551020408,11.5558318367347,8.39348836734693,3.55364020408164,3.03116824489797,6.74837061224489,3.42078551020409,-0.22869169387756,1.09956836734694,-0.127954081632654,7.72032122448979,4.58359408163265,5.8276812244898,12.317623877551,7.11183163265305,10.3597757142857,11.4849665306122,11.477332244898,11.2058491836735,9.22881326530612,9.48284428571428,2.85867571428571,3.7653187755102,5.86775816326531,6.36489714285714,7.67309061224489,7.15506142857143,7.08770836734694,7.81200979591837,6.48098714285713,9.15027204081632,7.26633816326531,10.3378765306122,4.60981020408164,-2.75314206122449,4.4018406122449,3.32802346938775,4.48341244897959,6.84386102040816,4.23768812244897,2.78367202040817,1.16931910204082,5.45429734693878,4.85180183673469,9.93138387755102,11.7966167346939,7.57838306122449,12.5787620408163,13.0939659183673,9.50609,15.0666859183673,12.46567,10.0188518367347,10.0579506122449,8.53018122448979,6.12279979591837,6.52791673469388,5.80462204081632,2.61689797959184,10.3149467346939,10.6342293877551,12.4117846938776,2.00480897959184,7.72188714285714,12.0897483673469,7.37163551020408,7.59267285714285,11.0285034693878,7.63773061224489,3.68649571428571,6.06061551020408,10.2275185714286,11.2565183673469,7.02823306122449,7.23649122448979,9.15313265306123,7.44777285714285,5.51678367346939,17.1937653061224,7.38205775510204,-0.715197000000002,5.4952787755102,4.99217673469388,9.40858693877551,7.29370693877551,-0.5659187755102,3.33913612244898
8.71428571428572,13.7223814285714,11.6575171428571,30.2296571428572,18.4025185714286,21.1417442857143,20.94456,33.1385142857143,25.2069342857143,22.51046,21.83293,18.8362971428572,19.9211585714286,3.73285857142858,12.8330214285714,12.0950257142857,4.89821,8.99147857142857,8.54282857142857,9.40131000000001,14.7303828571429,10.9300328571429,13.8714828571429,15.9800442857143,18.6691357142857,21.2933128571429,23.9860785714286,19.4904228571429,28.4235957142857,1.57955600000001,17.2830028571429,18.3897857142857,15.61467,9.02574857142858,2.05727857142858,0.628695714285715,10.4643228571429,6.62492428571429,11.3058857142857,16.0299385714286,14.5666285714286,9.89847714285714,12.1104657142857,6.22332857142857,7.27347999999999,7.96760857142858,7.32127142857142,7.12817142857143,12.3482728571429,2.73424571428571,6.12316285714286,2.16118971428572,14.6555785714286,13.0375357142857,11.0997985714286,18.6050371428571,13.1219771428572,9.20591714285714,6.36685857142857,27.3087828571429,10.5569785714286,9.62001,19.9197271428572,14.7797457142857,17.5129314285714,17.8654914285714,17.9108942857143,7.65130142857143,15.8642985714286,8.53968,9.16574142857144,18.9719685714286,6.93313714285715,10.2140542857143,7.98731714285715,8.86948571428572,6.4383,11.7358314285714,15.2021314285714,22.6210228571429,26.8646842857143,16.7073128571429,17.1803385714286,9.14410428571428,11.91658,14.2373728571429,10.14446,10.6525542857143,14.6076842857143,6.08729285714286,17.92086,13.0479871428571,1.992492,0.215954199999995,4.9925,9.67634000000001,19.6665028571429,13.9075528571429,14.26323,22.8286128571429,21.5604157142857,16.9688185714286,19.4819357142857,17.1480828571429,8.81701142857144,12.5451857142857,15.59873,13.0351585714286,16.1810371428572,15.1562057142857,19.4873028571429,13.9754242857143,9.56446428571429,11.9492742857143,8.30472857142858,-1.91168885714286,5.58984285714286,19.7410114285714,24.5658842857143,15.8913314285714,15.2432542857143,7.34260428571428,3.59230857142858,14.0968657142857,15.1629871428572,16.8317628571429,15.4059714285714,28.1851785714286,24.1513785714286,26.6741228571429,16.7402485714286,25.7212742857143,17.22388,18.15788,4.84239228571428,0.36649228571429,4.84022571428571,15.4869985714286,0.715961428571439,16.7815242857143,7.79560285714286,5.55926,4.12221714285715,15.8154557142857,19.8850028571429,20.5676271428572,8.92019000000001,11.3754714285714,20.34555,29.8192857142857,29.0935071428572,23.8184128571429,24.2792128571429,28.7124014285714,11.3443785714286,13.9552871428571,15.8656485714286,3.84374428571429,3.1644942857143,1.10174885714286,3.41284885714286,2.88268685714286,6.78868428571429,10.6903371428572,16.9040557142857,7.58919000000001,-1.46318714285714,5.14071571428572,5.23179142857143,-2.24228142857142,19.0993228571429,18.1198771428572,7.96237714285715,9.37792714285715,18.6140014285714,15.1878728571429,13.4604071428571,22.3267257142857,14.8112685714286,11.3128714285714,11.4266057142857,5.81371371428572,5.69199571428572,7.99050714285715,5.11697285714286,10.8281685714286,28.0613285714286,21.4349014285714,22.1096285714286,23.8792814285714,31.1673071428572,17.3483071428572,19.8396928571429,15.6195085714286,8.83583571428572,19.8835514285714,13.6171928571429,10.9088014285714,0.821552857142856,2.27220285714285,8.56473285714286,6.10788342857143,8.32791714285715,17.0445528571429,10.4795614285714,20.7990728571429,27.3909057142857,17.7818285714286,17.9494642857143,21.7819057142857,22.6170057142857,16.3836457142857,15.1724028571429,8.18270428571429,8.34029571428571,7.38325714285715,4.22591,4.87786142857143,18.3734957142857,13.7995585714286,2.36428142857143,1.73329114285714,5.18816428571429,6.73573,8.35365285714286,12.3651671428572,7.29910285714286,10.7749028571429,4.70619714285715,8.25032571428572,12.6519985714286,15.44014,20.4561942857143,5.83866714285714,10.5037342857143,17.63552,6.30038142857143,8.80798571428572,8.06182571428572,12.2629971428571,6.90131714285715,5.73144857142858,13.2257471428571,12.1487228571429,11.1748114285714,2.53822342857143,12.9572114285714,11.5059214285714,6.68998,4.60474,-3.46650542857143,-4.44495542857143,-4.9413,2.15842285714286,12.03008,-2.77927857142857,15.42025,19.1840171428572,14.1523157142857,11.3489385714286,11.3417442857143,11.80307,11.5589128571429,13.1073971428571,8.00845142857143,12.83197,30.7620714285714,11.7901971428572,9.97362714285714,11.7409928571429,9.63885714285715,8.60479285714286,8.62748,8.70502285714286,11.9531685714286,21.5583114285714,16.6732785714286,6.16158,9.53383000000001,16.08949,15.86847,3.94096857142857,11.3929171428572,8.64888428571429,14.7653071428571,15.3929285714286,13.9972471428571,13.3942471428571,5.49624428571428,8.47324285714286,15.4937471428571,19.7104142857143,19.7268557142857,19.4504885714286,18.0398085714286,18.58809,19.72325,21.5619657142857,16.2546728571429,20.6353942857143,24.0483342857143,18.2221928571429,20.8538928571429,25.5943171428572,24.0082371428571,20.9842314285714,4.39222885714286,2.67720628571429,10.6473042857143,11.4778842857143,10.3876842857143,6.40246571428571,7.38471857142858,6.01507,14.0587185714286,14.5039171428572,18.3024814285714,11.2586128571429,28.3729242857143,3.62813285714285,9.59487857142858,8.73036571428571,9.44958428571429,5.81937,10.5532671428572,13.2838928571429,8.27842714285715,-1.01468857142857,1.26802714285714,17.1615214285714,21.4714057142857,13.2483085714286,26.18777,28.5922428571429,11.8508442857143,32.7957142857143,20.9178742857143,20.9445671428571,21.4085814285714,11.67316,12.8758914285714,13.93216,15.93867,26.6988014285714,25.7745214285714,30.6710285714286,11.3897742857143,15.7139214285714,10.8867271428572,21.5812257142857,1.63434714285715,7.68427428571428,12.3180928571429,17.8683285714286,3.24059285714286,19.8228442857143,16.3770128571429,19.9400114285714,34.5072214285714,16.56308,13.1250885714286,19.7268528571429,23.6224571428572,22.4848657142857,23.7920328571429,17.8082071428571,19.4720928571429,19.44409,35.8766,39.0105357142857,48.3401785714286,47.7543,44.7062142857143,40.3153428571429,25.0216714285714,17.0362785714286,12.3564142857143,19.9903714285714,23.2586142857143,25.7319571428572,24.4228571428572,30.6335428571429,12.9869114285714,18.0798985714286,17.4887157142857,13.04672,8.26354,18.4355185714286,14.1093085714286,28.6911,25.4023471428572,25.64958,21.5134571428571,26.2972085714286,18.9165657142857,23.7645057142857,24.7466885714286,2.68280914285715,16.0973014285714,10.8847957142857,6.48004571428573,3.31846428571429,24.6672214285714,32.5687714285714,32.7302071428572,19.2827742857143,10.45777,16.0768742857143,6.61359571428572,9.66952857142857,16.2559028571429,10.1911128571429,17.0943285714286,9.83806,10.1200328571429,16.1927357142857,9.42001571428572,3.53425285714286,6.23526857142857,1.79442485714286,7.46640285714286,10.5332928571429,12.10012,4.76486142857144,10.2265542857143,6.79608571428571,7.63171285714286,10.8013185714286,4.99193,9.00573571428572,11.4449985714286,13.8577314285714,7.98934142857143,21.1978285714286,24.7468742857143,23.7063157142857,33.48595,29.9033071428572,28.0907714285714,11.0664614285714,8.47284285714286,16.0025571428572,18.0753785714286,14.0879657142857,14.8034085714286,9.14206428571429,11.0023057142857,9.86894428571429,6.59940142857143,5.64461428571429,6.47030285714286,10.0114042857143,12.1104914285714,12.3746214285714,11.2047771428571,10.7393828571429,12.0369885714286,11.6254057142857,10.7834914285714,12.8391942857143,9.91061142857143,12.9542757142857,22.35256,19.8117742857143,7.51177857142858,20.2311985714286,2.00980400000001,27.9515157142857,30.7016571428572,14.7912428571429,11.4070414285714,14.7361328571429,1.447076,7.14632,15.8291514285714,13.4794385714286,13.31577,12.97872,17.3765471428572,11.9749657142857,16.9856114285714,11.2462342857143,11.26659,15.9921857142857,13.5082028571429,18.57254,12.7800885714286,12.3643357142857,5.01168857142857,10.4157042857143,17.3492885714286,13.4720857142857,18.0412214285714,11.3916614285714,11.1652471428571,14.8814757142857,1.20273085714285,5.96966571428571,11.7638,7.63679571428572,5.58014571428572,8.45943,10.47597,10.7122128571429,6.40430571428571,17.7239685714286,10.9867414285714,7.22647000000001,4.67669428571428,4.73638142857143,9.84905000000001,7.46745714285715,6.66714142857143,16.7135128571429,22.9569985714286,32.9707357142857,8.02815571428572,13.7536442857143,22.85659,26.7206357142857,24.27971,20.7050814285714,33.6673214285714,5.20384428571429,9.56712142857143,11.2634542857143,11.7533114285714,10.8283785714286,11.7399971428572,17.0742628571429,11.9323228571429,22.1536585714286,13.4362928571429,7.10658000000001,17.2187242857143,1.21753285714286,9.38125571428572,12.3480585714286,6.36166714285715,30.0860642857143,18.0172642857143,15.8461328571429,23.0719142857143,18.9114671428572,20.3187885714286,-0.0173385714285708,2.69565428571429,15.4869071428572,-3.36860428571429,-10.4020828571429,-11.7189537142857,-5.15660142857142,-5.58368714285714,-3.16341857142857,0.192177142857142,-4.03476857142858,0.756861428571431,3.72245,3.65875857142857,2.72146542857143,6.13193857142857,13.0515428571429,13.1206214285714,18.5113385714286,18.2031414285714,15.7326314285714,16.7199242857143,9.69622714285714,6.33992285714287,7.35277714285715,15.1770414285714,19.1807142857143,8.43872571428572,6.31380571428572,6.05960142857143,15.2082042857143,14.9113471428571,21.0873828571429,8.99004857142857,14.84419,6.96364714285715,13.2115014285714,11.87141,7.94406428571429,6.44798000000001,6.33333000000001,8.57964142857143,9.31308,9.54698428571429,4.21907285714287,32.7518357142857,26.3604657142857,22.4211328571429,13.11139,15.7729571428571,21.2058785714286,25.0614014285714,16.2809785714286,15.8924114285714,17.5357442857143,6.8514,13.8922657142857,13.5010442857143,15.6749342857143,2.56951228571428,3.84398,-3.42753742857143,7.66292285714286,1.99965857142857,12.3183728571429,13.2761814285714,11.48263,8.00370142857143,11.1689671428571,11.7881814285714,11.59226,11.6720328571429,15.4999028571429,25.9300214285714,12.58591,15.3420271428572,19.6692528571429,19.2861371428571,12.1685714285714,14.6405014285714,11.3698285714286,6.16289,11.86686,16.82998,25.97686,18.6650028571429,16.5213842857143,7.56425,3.15891571428572,11.7138885714286,17.2076628571429,17.36374,17.0025942857143,16.9374242857143,21.1985214285714,17.4666728571429,13.65137,6.32179,0.85914428571429,13.6181328571429,6.76240714285714,16.8951642857143,14.9005185714286,0.314791428571426,10.8750214285714,25.31063,19.9522714285714,15.80426,8.53926428571429,14.6141671428571,7.37802857142858,8.58165714285715,14.44735,8.09978428571429,9.86553,13.3004985714286,9.91524857142857,4.64541285714286,2.82030542857142,4.13134628571428,9.72923714285715,6.50331428571428,13.3312742857143,14.2428071428571,5.91694285714285,10.1794514285714,14.3979114285714,14.0337828571429,16.8593228571429,20.9223071428572,28.7239,50.1719214285714,35.4838142857143,11.3396328571429,12.02679,4.27281571428572,3.57357,8.10025714285714,7.01406714285714,10.9674842857143,12.9153442857143,12.54583,14.9805114285714,9.80879571428572,7.10235571428572,1.89135857142857,13.5810128571429,8.82331285714285,7.10292000000001,11.9340357142857,16.86022,13.9443285714286,14.2661071428571,6.36731571428571,3.49794857142857,-3.29055285714285,10.6615928571429,8.39980571428572,4.64498571428572,11.7619428571429,8.70807857142858,11.0299385714286,16.3314842857143,18.5001885714286,20.6542728571429,20.3505457142857,22.2919457142857,21.7992457142857,18.0305142857143,11.78183,15.1971514285714,13.6184385714286,12.3623771428571,10.8045485714286,15.4169742857143,12.77293,16.9269157142857,1.14121314285714,10.5348957142857,8.20294142857143,4.86352142857143,11.3859514285714,4.58001142857143,10.4240014285714,3.77395485714286,8.14944000000001,5.79902857142857,4.74248714285715,3.46485285714286,9.17354285714286,17.3069528571429,11.62237,8.85614428571429,12.1520442857143,18.0119314285714,11.09603,7.36206571428572,6.63858,13.51544,13.0501471428571,16.4475371428572,12.2281628571429,8.18109857142858,0.233282857142854,21.0840771428571,13.8827485714286,9.96508571428571,14.6110242857143,16.9648742857143,12.0348385714286,25.36384,17.9520485714286,23.6637971428571,21.2124814285714,9.35014571428572,26.0905957142857,13.3796542857143,17.6358442857143,8.36081428571428,6.54318,4.50289285714286,3.43151285714285,5.35305714285714,2.60288428571429,0.329062857142858,8.05173285714286,-4.540846,14.0386114285714,6.38791,-0.325365714285711,7.67606714285714,6.96913714285715,6.73383,22.1457428571429,19.0494314285714,9.99520571428572,12.0574557142857,9.33715571428571,22.5863357142857,15.1694042857143,9.38718571428571,7.50438857142857,6.24083285714286,4.82812571428572,4.49670285714286,5.85685285714285,4.49755142857143,4.48813142857143,10.5345157142857,9.97263857142858,20.9046985714286,14.3638814285714,17.6641728571429,20.0506671428572,10.6605385714286,10.7373814285714,15.2058471428571,4.06580142857143,8.39736142857143,15.4632542857143,16.2376714285714,19.5305271428571,29.20705,25.7983514285714,26.6068142857143,19.7472985714286,18.2031942857143,18.5057428571429,20.4949614285714,5.69795571428572,11.1502542857143,14.2465542857143,14.2867257142857,8.41814142857143,18.8888014285714,5.92229857142858,9.73753285714286,12.0156914285714,3.307542,-4.56159914285714,-5.95279914285714,14.7700728571429,19.8532585714286,16.8029957142857,9.30464571428571,14.2195442857143,10.4000371428571,18.7963385714286,14.3515385714286,8.01078571428572,12.5227757142857,12.8662685714286,10.8925,20.4968385714286,11.8184685714286,22.8777685714286,14.5634685714286,13.9453357142857,19.5052585714286,9.39491285714286,6.29834942857143,7.47688,5.01501571428571,7.28786714285714,3.56691714285714,4.24394714285714,6.36191,6.88785714285715,6.32061714285715,10.30624,13.7693342857143,17.2169371428571,13.8741442857143,10.6557428571429,6.10634142857143,5.23772285714286,2.51270342857143,7.56562142857143,6.45127142857143,10.4834857142857,17.5932,29.4942642857143,12.4565342857143,15.0233828571429,7.53072,17.07835,21.3041185714286,12.4835185714286,5.53089428571429,14.2336757142857,20.6463142857143,8.40124142857144,6.59338714285715,19.1818742857143,19.7786942857143,17.7639271428571,11.6002085714286,9.90561714285715,5.81343571428571,4.91233000000001,11.05101,11.4277157142857,10.0477557142857,8.86522428571429,7.04249714285715,10.1068228571429,5.30358857142857,-0.643931999999995,-2.366782,1.65711571428572,2.40700857142857,12.0039614285714,7.23077857142858,10.0926557142857,3.37367000000001,9.48593285714286,16.0607871428571,16.3836385714286,15.7670642857143,9.64317714285714,10.10356,8.12889285714286,14.5916514285714,13.0965071428571,10.2285357142857,6.99504857142857,11.6652642857143,12.7248285714286,17.2544428571429,7.88184,11.1669357142857,15.4992528571429,19.03158,27.14625,30.4611428571429,26.1568671428572,16.3433485714286,16.7784328571429,13.8018485714286,3.39040285714286,5.49892,6.36114000000001,4.49761857142857,13.4268071428572,10.3156828571429,17.31415,10.0844228571429,14.3398642857143,16.5234485714286,17.7286171428571,10.7042442857143,12.6861442857143,12.7742442857143,11.6067685714286,27.7619357142857,20.9240357142857,5.69456714285715,18.5488085714286,20.8825328571429,11.0292828571429,6.07467571428572,4.11568428571429,17.2832385714286,19.7141628571429,22.3614657142857,11.8703571428571,3.55569714285714,13.95478,23.7766271428572,29.8425642857143,27.3889214285714,18.6406857142857,15.52788,15.9455314285714,29.5125714285714,7.26732000000001,0.889465428571432,1.33919857142857,6.20245571428572,7.30837428571429,18.4199871428572,11.6358185714286,12.7522942857143,7.01494142857143,8.28708571428572,12.5540657142857,24.5028342857143,11.2510785714286,14.9541871428571,22.0465471428571,29.6092214285714,27.9871928571429,27.8440571428572,19.0078114285714,33.2077285714286,28.3977571428572,19.2856771428572,7.87826571428572,10.1537142857143,4.81508571428572,15.9713857142857,6.06255428571429,6.23242000000001,5.81996571428572,4.58825142857143,22.3484028571429,22.6452685714286,9.98684714285715,14.1186571428571,6.38923714285714,4.40068571428571,-5.86885885714285,-6.47231428571428,-12.7350914285714,-6.28573428571428,-6.55452999999999,-1.29476428571428,1.58804000000001,-5.98034999999999,12.0475442857143,1.15796714285715,-1.90176857142857,-5.21705714285714,-13.7808571428571,13.6656057142857,4.24926428571429,14.0205428571429,11.5361871428571,8.80994,9.95420428571428,4.91514685714286,4.78191285714287,5.88776857142857,7.72682571428572,4.10831714285714,3.47781714285714,12.55491,3.36620571428572,9.70439714285715,5.95429285714286,3.52118714285714,11.0010728571429,6.97986857142857,9.49519,1.71272428571428,3.04296571428571,3.44552571428571,7.73083857142857,0.523872571428572,0.209098571428573,6.80165,15.0174885714286,4.56929428571429,1.61402571428571,10.7947514285714,10.0161328571429,-2.27614,12.9110428571429,12.8200771428571,10.3870757142857,2.29278171428571,11.4714385714286,-0.478335714285716,19.3960214285714,16.7731528571429,3.86492428571429,4.28343285714286,12.0576628571429,8.6855,11.7442328571429,10.1005185714286,10.1885771428571,7.68079571428572,5.00404571428572,19.6994742857143,13.2624071428571,14.15958,8.29087857142858,7.66876428571429,6.71605428571429,24.27938,21.8978128571429,19.8526257142857,10.0253385714286,16.4479785714286,14.8340385714286,7.69436571428572,14.7472314285714,8.64154714285715,2.17834085714285,2.07879914285714,11.9084457142857,16.9395671428572,30.9495,35.6106071428572,5.37731428571428,13.4753442857143,12.4379642857143,14.5858257142857,9.91624857142857,7.00697142857143,17.83771,9.34594857142857,9.88506714285715,10.4534285714286,8.02388714285715,6.83543571428572,16.34425,17.9154971428571,15.7622285714286,-7.88964857142857,3.33527428571429,4.89522285714286,5.53821285714286,0.52417428571429,15.4521628571429,15.2370871428571,6.69870857142857,8.29736285714286,16.9261985714286,24.7955414285714,20.7521757142857,19.0708671428571,5.88703428571428,5.65512285714286,8.83003142857143,8.48292571428571,9.05094285714286,12.6756742857143,28.3572785714286,27.9407428571429,23.6939685714286,11.8272714285714,10.39591,10.9598785714286,9.85545714285714,0.580608571428574,-1.72424,-0.155617142857143,13.1326228571429,16.1080385714286,12.34212,10.44197,10.4373828571429,11.6979514285714,5.79800428571428,9.77472428571429,5.33610142857143,9.97330857142857,16.0278871428571,7.17849285714285,4.03804714285714,1.92862371428571,15.2727385714286,13.7902942857143,17.7425685714286,14.4922071428572,18.2159142857143,15.7733457142857,15.6468857142857,15.8043671428571,11.3445471428571,7.12353428571429,-0.405667142857144,6.66521428571429,4.66634714285715,5.81809714285715,0.321930000000002,5.18156285714286,14.1969142857143,-2.40875857142857,3.64126142857144,5.06873714285715,4.44185285714286,14.2452114285714,6.03995571428572,5.82013714285714,6.33757571428572,6.33820142857143,6.47170714285714,6.82608285714286,8.07792285714286,7.38573714285715,16.3166485714286,16.7558842857143,13.63376,24.2503557142857,19.94019,22.8718442857143,20.3999371428571,20.1214528571429,19.8627385714286,12.2025142857143,13.27631,17.0250542857143,11.6124857142857,5.682346,1.17760857142857,7.85211571428572,8.15268714285715,9.08530857142858,9.36043,2.23185314285714,11.01089,8.65117571428572,4.32081428571429,5.02682285714286,6.97676428571429,29.9128,17.3818814285714,17.4980728571429,13.7409157142857,12.4010614285714,10.5273242857143,8.53550000000001,21.3946057142857,13.7877814285714,11.8527814285714,21.6424628571429,12.6458114285714,12.1712857142857,19.26132,25.5930828571429,15.5966642857143,10.8683471428571,12.8830242857143,4.25519428571429,9.90553142857143,8.35419285714286,11.3470071428572,14.1364871428572,24.0064528571429,-1.06674571428572,13.4903014285714,19.1845828571429,13.82067,16.3447871428571,13.5314685714286,14.12509,12.8346485714286,13.3585228571429,20.26818,29.9506428571429,27.5672942857143,27.2712514285714,21.2680585714286,21.4078042857143,11.5249885714286,23.5795285714286,25.4202971428572,14.1916328571429,15.6374685714286,4.47038971428571,0.882171142857146,22.9762271428572,14.14187,19.7389614285714,12.2142085714286,7.81720142857142,13.89293,7.07404142857144,22.7636485714286,36.9583,23.8086914285714,23.5677114285714,15.0479057142857,20.5867671428571,17.7155271428572,22.4627471428572,8.49030857142858,9.90896714285714,9.94494285714286,10.2842342857143,3.14833371428572,13.35855,8.1143,9.98028285714286,13.9269414285714,7.96727000000001,2.89814000000001,7.12962571428571,14.2069042857143,12.9402742857143,22.5425657142857,10.4542085714286,16.2295571428571,23.6915342857143,13.0216785714286,13.6524142857143,10.9847985714286,19.6778042857143,15.7525214285714,18.3610714285714,15.6679714285714,12.3531714285714,-0.987584285714286,-3.00580285714285,3.33948571428571,3.77198428571428,4.09803,12.5429842857143,13.2119757142857,4.728302,3.87721857142857,0.612296285714289,7.08444428571429,1.95714428571429,8.45042,9.71634428571428,5.64654571428572,4.53492428571429,12.2879571428572,10.6499742857143,8.50503714285715,4.88019142857143,8.80015,13.3788314285714,9.90370571428572,11.7397342857143,7.98766142857144,6.35930571428572,2.62651142857143,10.1657357142857,16.2332071428571,14.8614714285714,21.4098114285714,23.5621742857143,18.0466185714286,10.5890457142857,5.01475857142857,0.789331428571437,0.832791428571435,15.8087771428572,9.90448571428572,7.04712285714286,6.95864857142857,8.10592571428572,11.8195557142857,1.74921885714286,10.2862642857143,2.25235857142857,16.5604942857143,16.29989,10.49744,6.29246285714287,-3.41213714285714,4.37146714285714,19.1455614285714,18.0075585714286,21.6477714285714,6.9975,0.155929999999998,4.73167142857143,2.44294885714286,2.51060571428571,10.5205557142857,10.2853757142857,5.95703714285715,9.58019000000001,15.8529185714286,6.40128714285715,5.35823571428572,17.8955242857143,21.25056,21.4201557142857,18.7382557142857,6.69603571428572,17.40529,26.0190471428571,10.2578557142857,15.5176842857143,23.4242228571429,15.2894771428572,22.5926942857143,10.5193771428571,8.19047,9.07061714285715,16.0118257142857,19.7322728571429,13.2212257142857,8.48920428571429,20.9017928571429,27.5142,33.8372714285714,4.22168571428572,17.9144985714286,27.5729171428572,5.55646457142857,7.73349571428572,4.62857428571428,8.36173142857143,13.7504957142857,12.1007971428571,16.9280442857143,26.81486,25.8663585714286,15.76801,16.0299214285714,11.1816042857143,9.67576000000001,10.7563471428571,18.5407714285714,16.7200428571429,15.14507,16.70984,15.0957014285714,26.86777,18.6856657142857,14.7585471428571,12.5386771428571,24.5483271428572,24.0532614285714,11.65561,27.6830285714286,19.7365057142857,20.51177,6.90822,35.0143928571429,40.4673714285714,31.8635571428572,28.6182928571429,22.02181,14.1891371428571,31.3252285714286,16.4840642857143,18.1433514285714,30.2956785714286,23.5909842857143,19.4317485714286,22.2354985714286,18.0278071428572,7.62505142857143,8.96991428571428,4.47842857142857,12.55494,9.38487428571429,5.13000000000001,3.11982428571428,14.3054528571429,8.79576857142858,5.00255142857143,17.9494757142857,29.7905,25.7460914285714,26.6361571428572,28.3944928571429,22.8601385714286,17.2694057142857,16.3528842857143,16.2866171428572,7.58669142857143,5.41132571428571,1.46286742857143,11.1374485714286,11.3677114285714,8.52636428571429,9.22421571428572,7.35172428571429,17.20793,16.0905342857143,28.0290285714286,38.3857142857143,27.7881714285714,13.3045642857143,14.97227,7.52297571428571,2.26987428571429,9.57017,8.37404285714286,3.06905714285714,15.8328742857143,8.67154714285714,9.75858714285715,23.3347442857143,21.9269185714286,18.5223357142857,15.3742242857143,11.0065871428571,16.7230642857143,18.2444257142857,17.5368142857143,25.8439671428571,13.8301814285714,10.6751614285714,15.95677,14.9613528571429,19.6180271428571,19.70093,18.6723028571429,16.0445428571429,30.4495285714286,3.32466057142858,3.38188371428572,18.33423,7.54696857142858,9.75978,21.3552242857143,12.4392657142857,25.90316,32.2534,27.9793714285714,28.71825,18.8089914285714,29.3710128571429,22.5205557142857,33.8462,22.9117628571429,14.6985485714286,7.31717285714286,8.29993000000001,12.9679442857143,18.6371657142857,22.02562,14.2860528571429,5.65185428571429,4.61615285714286,18.60019,13.1897657142857,18.6409328571429,20.7320828571429,27.6610285714286,28.8654214285714,24.8766442857143,10.3238814285714,13.3723514285714,8.56508285714286,10.4739228571429,7.48093857142858,8.49151571428572,12.5363342857143,13.9336857142857,13.3296685714286,3.63027142857143,4.80601142857142,8.31952428571429,9.50662428571428,13.8983928571429,11.9595214285714,16.4996142857143,6.90530714285714,14.6221671428571,11.69499,9.05219285714285,23.71262,27.8752785714286,30.8086714285714,14.2242214285714,16.61134,24.0022571428572,22.96637,15.3940085714286,13.2823,12.6196028571429,10.2796642857143,24.3248357142857,3.52482857142857,11.5155728571429,11.3862171428571,10.9789557142857,6.69316285714286,7.62337285714286,2.84579657142858,11.0131757142857,12.0895585714286,12.1597785714286,22.9461342857143,25.15785,34.1563785714286,7.89759714285715,18.6723642857143,8.65418571428572,9.86632142857143,14.8138014285714,16.3551571428572,8.09626857142858,16.8063971428571,20.10358,24.31628,20.9782757142857,33.6024142857143,29.6800857142857,12.3587928571429,10.7587742857143,7.84653571428572,10.0237071428571,19.3845,9.65960285714286,4.54399,10.1274228571429,13.1867871428571,13.7248271428571,8.99270714285714,8.18280285714286,6.36751285714285,3.40838885714286,3.15495714285715,18.3446457142857,14.3041642857143,12.59303,3.29742457142857,11.0754142857143,8.14854714285714,7.02088142857143,8.01970142857143,14.24682,20.9933328571429,18.8198042857143,23.4788971428572,21.8735014285714,17.1776571428572,11.8085985714286,14.2250328571429,12.3196142857143,17.5875,17.9684442857143,17.7672471428571,14.9687085714286,12.5305714285714,6.41872142857143,6.77100571428572,9.67236857142857,7.21370285714285,1.44740428571429,4.6635,9.30369285714286,6.50513571428571,6.87302142857143,8.81195714285715,2.04589771428571,10.7638085714286,8.89278142857143,15.4462028571429,3.92244428571428,15.8885571428571,11.9919328571429,19.8551042857143,22.3704557142857,19.3820585714286,5.30662714285714,19.3883842857143,11.9504985714286,10.34325,20.5857614285714,8.32192,15.0364285714286,4.84466285714286,2.50271,-2.69591457142857,2.92008142857143,1.07083285714286,3.90987571428571,8.46654285714286,10.1888728571429,4.77064714285714,9.60197714285716,7.10062285714286,8.47351142857143,11.3294071428571,13.3667314285714,13.2840685714286,17.2408357142857,22.10799,12.8794728571429,-1.42846857142857,-2.62238314285714,9.76475285714286,19.3249614285714,25.7758242857143,18.3298128571429,16.2709371428571,13.9602442857143,10.1062928571429,14.8379828571429,9.87257428571429,7.59991,6.78644857142857,18.4656,22.3559957142857,14.7736,20.45698,22.8694842857143,10.2908028571429,12.2951171428571,1.490472,22.61969,2.99637074285714,8.29748571428572,6.15615828571429,3.79551714285715,10.1188571428571,4.34272,5.94204999999999,5.10606142857143,7.78365714285715,8.87635714285715,13.2326514285714,16.2214671428571,10.9868685714286,18.7280571428571,13.8401957142857,13.2154842857143,29.6889857142857,28.7015428571429,17.6577728571429,17.9913928571429,17.1307,17.2710328571429,22.9060628571429,32.8878785714286,25.6834857142857,12.5338242857143,28.0699328571429,11.39507,12.1824685714286,11.6410585714286,6.48424142857143,9.22589142857143,9.77758142857143,10.3431242857143,9.58081285714286,17.5173471428572,13.2278657142857,15.02923,16.0800314285714,24.74397,26.9046285714286,27.8324971428572,27.1906642857143,21.96576,15.0409328571429,17.0415328571429,15.0527842857143,12.9746628571429,23.6688157142857,18.3784485714286,21.5847971428572,29.1718142857143,18.0318057142857,10.4310642857143,22.71803,27.3648857142857,17.0584071428571,13.1279742857143,8.49896142857143,8.05136714285714,6.21906142857143,10.8989771428572,11.6669657142857,7.79796428571429,6.35829,9.65557,10.7122542857143,2.97254085714286,15.8442071428572,11.3119385714286,12.8173357142857,18.0163885714286,22.7984871428571,8.04686714285714,18.4178757142857,20.7719285714286,27.1740142857143,32.7146857142857,38.0087642857143,31.5912071428572,43.2075785714286,13.9477042857143,24.6641957142857,18.4233985714286,15.37512,12.55155,13.8173971428571,17.8045571428571,17.8961728571429,17.9941671428572,14.9755557142857,25.8905914285714,14.2765242857143,15.7434428571429,24.9449514285714,16.93215,11.1541514285714,-0.0641585714285782,-0.869969999999999,10.6431228571429,10.2760885714286,17.6623314285714,19.9913514285714,20.6921714285714,14.9741542857143,7.49656857142858,16.3177785714286,20.2410371428571,22.7168214285714,17.9695285714286,12.4305942857143,5.17504714285714,4.68324057142858,6.87645857142858,8.47746142857143,9.62609285714286,12.70304,8.6451,7.08203285714286,9.11396428571429,11.0660657142857,10.9648728571429,15.1070471428571,11.6657214285714,20.5171,13.3718571428571,11.9608771428572,17.9703142857143,19.3153242857143,29.7493685714286,14.2518528571429,9.27999571428572,24.9289385714286,3.32744285714286,8.36494428571429,12.1062057142857,12.34881,11.9813571428571,5.51025428571429,11.9918057142857,5.88069285714286,16.5589971428571,27.0671471428572,19.9135185714286,14.7430685714286,20.8057,21.6218214285714,4.44452000000001,17.30924,20.2346171428572,24.8087671428572,19.5779685714286,13.0253385714286,34.7192785714286,12.29253,5.67638428571428,6.45352142857143,6.53137142857143,26.7675014285714,9.90686571428572,12.5134071428572,5.27445857142857,24.5312557142857,25.7739142857143,11.5729257142857,13.9887271428571,13.0313542857143,29.1468428571429,8.31071285714285,-2.64707657142857,4.75837571428571,13.9345657142857,17.0752214285714,15.4887,20.61435,12.9435385714286,8.65268714285714,14.8608428571429,11.7580471428571,16.7276957142857,4.83285142857143,10.0768842857143,9.94519857142857,6.68594714285715,15.9604757142857,9.32133428571429,14.8421828571429,18.4604942857143,13.6826171428572,13.97123,7.69851000000001,11.15783,24.0654642857143,17.54523,12.1048842857143,16.6222771428571,14.5852757142857,29.4134214285714,24.4808114285714,21.3200928571429,16.4375557142857,6.51566857142858,7.90545571428572,5.33232000000001,7.06186,6.36961714285714,2.34260228571428,22.5200471428571,17.3112485714286,15.5847014285714,15.33187,15.2209314285714,16.2729671428571,15.4282728571429,25.1141271428571,33.3133,6.82723857142857,8.04103142857143,6.99148285714286,5.79553,2.22118571428572,-0.62486428571429,-0.763457142857138,0.505292857142866,1.50519428571429,11.5900185714286,15.8912028571429,20.7738114285714,17.0137171428572,16.4237785714286,14.8492071428572,16.3903928571429,12.9361914285714,11.5714728571429,3.64902857142857,5.00113285714286,5.43498285714286,5.83788285714286,4.20596800000001,6.73567142857143,8.22425142857143,11.1929914285714,4.28642285714286,15.04412,6.22064571428572,6.16125142857143,10.7835842857143,10.97741,12.6850985714286,10.4734514285714,9.16731857142858,10.6399285714286,10.2796242857143,16.80213,20.1651957142857,20.1254671428572,19.8279514285714,20.8256971428572,28.5004114285714,29.6181357142857,40.0662642857143,6.81141142857143,24.3777885714286,23.0106628571429,27.6218442857143,5.49239857142857,6.63927714285715,10.10992,10.45575,9.55764142857143,15.8132171428572,15.0973085714286,21.85057,13.5006642857143,13.1824742857143,12.48647,12.8208814285714,8.35719714285715,6.88533714285714,12.1390157142857,2.29429085714286,5.95684571428572,8.11406571428572,5.70556571428572,15.7051471428571,19.6531371428571,15.0776257142857,21.7704157142857,15.8973128571429,21.2523685714286,19.2328685714286,13.76962,13.7137771428572,24.7232942857143,18.1727485714286,17.8790485714286,29.5808,35.3573285714286,36.5493571428572,24.7757571428572,27.9321,28.3691785714286,26.3990285714286,22.93206,19.9188057142857,15.7076657142857,11.17556,15.4569328571429,14.3982157142857,14.9677057142857,2.35523,1.67568428571428,7.71094142857142,9.06255714285715,0.919267142857148,21.08782,3.49946257142857,4.01562257142857,9.57587571428572,7.96518285714286,14.2549242857143,8.12728428571429,15.6901885714286,18.5241385714286,6.57139428571429,5.60680142857144,15.62471,14.0164742857143,19.0479257142857,22.8521314285714,23.4462914285714,12.0631,11.6321828571429,21.8098057142857,13.3609171428572,28.4423814285714,28.0270571428571,31.0024285714286,7.01335428571429,4.62065428571429,9.61534000000001,12.6561285714286,8.92109428571429,11.6826985714286,17.5044014285714,18.4298371428571,7.33332,11.8053485714286,30.8260857142857,30.3288357142857,6.70359142857143,11.0711842857143,9.47409142857143,12.84641,16.2835514285714,14.2061814285714,13.9235085714286,14.28929,13.5605971428571,10.5983071428571,14.5763285714286,13.3034314285714,13.8622528571429,26.1303457142857,10.8510157142857,26.3116228571429,13.8837742857143,11.3385114285714,27.5028014285714,33.1383285714286,24.2258142857143,15.46295,12.2444771428571,11.2195957142857,17.3855242857143,18.8606085714286,23.1244385714286,10.8492885714286,14.37582,13.5711814285714,15.7420171428572,19.52587,18.2921671428572,8.42764000000001,10.6541,24.5307928571429,21.3274671428572,15.9408585714286,7.62495000000001,20.8668271428571,10.3685285714286,9.22323857142858,11.0472957142857,19.6861228571429,8.76213857142857,26.0184928571429,20.8675814285714,34.5682214285714,23.6279228571429,15.6028771428571,17.4901742857143,20.15272,3.43152057142857,29.2675928571429,7.14856,1.39088714285714,6.39673914285714,5.70365857142857,12.9477928571429,4.37847285714286,10.7488657142857,12.8727857142857,3.63171428571429,4.35894085714286,6.13252428571429,5.28255571428571,13.2794985714286,13.5179785714286,17.5785057142857,6.43772571428572,7.11162142857143,5.34714,5.46020571428572,6.37549571428572,14.2876685714286,15.1650585714286,16.3534771428572,17.0214514285714,15.59621,19.4654457142857,21.1469185714286,28.24804,28.5179928571429,16.9215771428572,18.8673885714286,10.2168171428571,12.63341,0.932991428571432,7.87426000000001,6.73849857142858,8.43111000000001,11.6057257142857,13.0035328571429,14.4676414285714,18.5086228571429,20.6338442857143,17.7675214285714,18.9357614285714,16.5675714285714,16.1138714285714,18.0379014285714,31.8530357142857,26.1639371428572,4.30028714285715,2.27749,7.7773,11.0695642857143,10.8451242857143,12.7785271428572,11.7961,9.97372857142857,6.52726,10.7961414285714,9.10711,13.9469314285714,13.6356314285714,6.23002571428571,10.4651957142857,20.0868842857143,14.8823285714286,4.74928714285715,6.00258857142857,6.64606857142858,5.21340428571429,10.0101057142857,15.73673,9.82257285714286,9.97045857142858,16.5282657142857,8.72181857142857,25.32635,15.6288885714286,15.3900985714286,13.9071414285714,19.7105371428571,23.4010385714286,12.9024142857143,10.1861742857143,8.11222857142857,7.26886857142857,11.8214285714286,20.6785314285714,23.2726171428572,13.1993914285714,19.5413842857143,29.4288571428572,31.5320357142857,4.91935142857143,7.01337142857143,26.9360871428571,21.4082828571429,17.2729928571429,26.3873242857143,22.9505085714286,23.1322314285714,26.0886414285714,13.1523214285714,17.1211542857143,15.0184942857143,12.4997485714286,11.6246185714286,22.94728,16.7213528571429,13.6854314285714,28.1650714285714,29.0356214285714,14.6633928571429,29.8473714285714,30.3880714285714,22.8160671428572,25.9973242857143,19.3856171428571,16.3514385714286,9.98123428571429,2.17471142857143,21.5077214285714,25.9241185714286,21.5411,14.6237585714286,16.8096542857143,23.45399,7.86413285714286,9.79208285714286,17.1838385714286,18.3394585714286,10.01032,6.34561142857143,9.26028857142857,7.89473857142857,8.61658142857143,9.94612857142858,9.54280000000001,8.90930571428572,17.1249414285714,10.8651014285714,19.9320557142857,21.7337557142857,13.8155914285714,14.1032442857143,16.9316257142857,24.4705671428572,21.5717728571429,14.4204214285714,22.2802785714286,17.8732057142857,13.03298,14.72271,27.4059585714286,14.8753557142857,14.0225957142857,12.85395,-0.655896857142853,6.12538685714287,6.35455400000001,3.74380742857143,22.7575157142857,9.71473428571429,24.5478814285715,19.6258657142857,12.9702142857143,10.77365,7.75415,8.26486142857143,1.33116885714286,9.09782285714285,7.74397285714286,4.10673885714285,14.1484714285714,11.3258257142857,12.0497571428571,10.9043157142857,18.15902,23.2791657142857,30.8735642857143,27.6883042857143,25.0103414285714,24.2111357142857,29.5961928571429,16.1383642857143,2.05649714285714,2.35937571428572,-2.25371857142857,4.92963142857143,7.30653,10.4697428571429,11.2174957142857,12.47004,10.6285985714286,8.33590428571429,13.5657471428571,9.14161571428572,3.97151857142857,9.50020000000001,4.88728857142857,16.4659942857143,5.05111714285714,10.5623757142857,6.28652571428572,6.71205142857143,3.65439057142858,13.0325571428571,32.5186785714286,29.2211428571429,36.1814428571429,35.2549571428572,35.8977357142857,35.75615,31.57865,36.9000928571429,23.1220657142857,22.29475,17.8165928571429,17.4104257142857,11.4195714285714,9.62198714285715,17.0258957142857,19.6004314285714,10.8580371428571,16.5382128571429,14.34642,15.7169814285714,13.5086628571429,13.1085742857143,3.71618857142857,12.78839,20.4720942857143,28.4517214285714,17.5345642857143,9.97099714285715,18.1241114285714,3.48966285714286,15.2291757142857,19.4372042857143,12.0755014285714,14.4241414285714,14.7574814285714,26.8601614285714,15.4494971428572,12.0172942857143,11.85955,11.7609614285714,10.4867057142857,4.62370857142857,6.14210571428572,10.8758085714286,11.4226485714286,5.50191714285715,31.0896071428572,14.5041128571429,11.8343714285714,16.9039842857143,30.2535714285714,25.63857,18.32855,16.5226228571429,7.40083285714286,10.1962542857143,11.0017771428571,11.7727185714286,13.7568242857143,3.74322342857143,14.3854442857143,21.2547057142857,15.58958,22.2517271428572,12.7031514285714,9.90237714285714,6.70632857142857,7.63323428571428,6.49305142857143,8.05952142857143,5.85999571428572,6.10319571428572,2.49782171428571,4.62936428571429,14.6940857142857,37.24245,27.5447785714286,8.19358857142857,9.65449142857143,1.99170428571429,15.3089271428572,15.6309771428571,19.80476,13.8598157142857,21.4100742857143,-3.02847571428571,15.3998728571429,20.3458028571429,17.55827,5.65354142857143,6.86177571428572,6.48210714285714,9.93420714285714,5.66565714285714,15.7979914285714,22.04384,20.1496442857143,21.8818257142857,23.1922857142857,19.6006342857143,21.4277014285714,17.5099657142857,23.6798857142857,26.4407142857143,32.7066285714286,25.2624242857143,5.92829285714286,15.94757,22.1019528571429,17.5059785714286,20.5473485714286,20.0672714285714,24.6879542857143,24.1248171428571,24.0232757142857,22.6821614285714,30.3988242857143,26.6629742857143,8.51233428571429,12.6609371428571,18.2303928571429,21.2106557142857,16.8796314285714,14.9953442857143,26.0678242857143,15.7345042857143,22.4831757142857,22.6417757142857,6.62741285714286,4.24815142857144,4.74762428571428,3.14357857142857,8.52001,6.89760714285715,3.78591857142857,23.82243,17.4624057142857,15.8359557142857,16.4875014285714,9.18862142857143,7.32850428571429,8.49959714285714,7.00420857142857,25.1050085714286,10.8072671428571,21.9788971428571,9.14889285714287,8.25134571428572,20.0750014285714,24.3048314285714,18.9358142857143,19.1315814285714,20.8822414285714,19.1381842857143,28.5544428571429,40.1660071428572,35.6798214285714,22.7343642857143,15.4564914285714,10.49882,8.34643857142857,12.7248371428571,9.87370428571428,7.16099857142857,12.3171085714286,22.7467342857143,22.55414,16.7519328571429,20.2520957142857,16.6199571428571,24.0451814285714,23.2172285714286,24.1438357142857,19.7253885714286,7.63303857142857,14.0276114285714,1.78269171428571,10.6896742857143,13.71485,11.7911757142857,16.9385,9.91974,11.6398814285714,8.32950857142857,12.5380457142857,9.08988428571429,24.7604228571429,20.41348,25.1366171428572,17.1999542857143,11.2764771428571,13.6228828571429,7.51172571428572,3.79747142857143,1.78187428571429,2.40580428571428,12.9975871428571,9.62075857142858,20.5397857142857,17.6245842857143,10.9395914285714,11.7395057142857,15.8849285714286,27.5158285714286,20.3201542857143,25.38249,23.9750614285714,19.6498285714286,25.6934642857143,23.2283428571429,24.9879985714286,38.2798214285714,32.7703142857143,27.0418071428572,27.0240614285714,21.5482357142857,27.9895071428572,25.5277671428572,31.0100642857143,0.235957999999997,8.48837285714287,7.09225428571429,7.70068714285715,5.66207285714286,19.4064471428572,18.3915114285714,15.0887585714286,8.89907285714286,12.7985785714286,6.29392142857144,13.4148085714286,19.6306371428571,19.8511557142857,22.4527614285714,20.7067528571429,17.7956,17.0838385714286,15.78306,20.81093,11.2290971428571,9.57358285714286,3.93414142857143,11.8070214285714,3.36507142857143,18.2424414285714,13.2193042857143,12.9786114285714,8.84579714285714,4.11389142857143,42.2236357142857,32.38745,24.78901,24.64643,8.85419000000001,12.69337,16.9484628571429,12.5424928571429,10.9646214285714,19.7786342857143,6.23544714285714,18.4988014285714,18.6464114285714,13.2566228571429,5.56234428571429,6.91932,16.1098514285714,18.4659742857143,22.6590928571429,16.9135157142857,15.7605414285714,21.5282757142857,28.44559,40.6257214285715,35.29495,39.3533142857143,18.7869257142857,23.5662057142857,19.4535928571429,8.29242285714286,17.5567271428571,9.23295857142858,7.80290857142857,11.7429,9.23327857142857,14.9139442857143,15.5820928571429,8.00082571428572,7.51575571428572,12.8363442857143,6.77187000000001,4.98419142857143,14.2981085714286,9.14580285714286,17.7280128571429,19.0171114285714,11.9508057142857,10.5393714285714,5.51660285714286,9.98888428571429,3.49210285714286,4.53011142857143,11.6891228571429,12.5289885714286,5.51229285714286,17.3898214285714,15.14385,12.8085671428572,19.7659842857143,14.5773985714286,14.5075242857143,9.21295714285715,12.0871714285714,18.32935,22.2584357142857,12.3945114285714,18.6354242857143,14.2563385714286,15.42008,14.11382,11.3133071428572,18.6373414285714,19.1332414285714,20.3629085714286,24.8947114285714,15.4281271428572,16.1528185714286,13.1268428571429,5.52488571428572,8.13673285714286,16.4378171428571,24.1989457142857,11.6040957142857,5.86569714285714,11.9623771428571,14.3439857142857,15.3006942857143,12.0603814285714,7.31953000000001,7.56694571428572,1.42507828571429,6.21704,13.3207042857143,8.71755142857143,7.05468714285715,10.1509514285714,12.21436,14.1875885714286,14.0677428571429,16.5619728571429,19.5710242857143,14.1340271428572,12.4683942857143,18.9347471428572,-0.382742857142857,2.7188216,7.34187142857143,12.64843,21.7886542857143,22.00802,18.9579885714286,12.5041914285714,3.78469285714285,1.42609,15.78005,20.6259842857143,32.3846142857143,25.3746285714286,25.7765242857143,26.9178142857143,25.27832,15.5099357142857,19.3605585714286,18.2178142857143,14.8237257142857,6.19639,7.54518571428572,9.42968857142858,18.8190842857143,19.8091428571429,19.6359428571429,25.8876528571429,21.1176785714286,28.75185,43.3041214285714,42.5828214285714,46.48085,13.03165,1.68060571428571,8.51083857142857,-3.88064571428571,30.2347571428571,27.5972071428572,31.7015142857143,21.0857157142857,10.9093871428571,5.12727,10.1113842857143,20.8461457142857,20.0585985714286,24.6642085714286,10.2187171428571,20.8431085714286,29.3879857142857,32.9516142857143,26.7419285714286,9.31164285714286,6.99093000000001,17.3352514285714,16.64224,16.3548171428571,5.69342571428571,6.71589142857144,14.2275871428571,17.8611042857143,12.4441614285714,10.1122514285714,5.46205428571429,5.98319,16.3423771428571,18.5515642857143,17.9840942857143,18.12448,6.86980857142858,3.80012428571429,7.35609,11.2408171428571,18.4206942857143,16.2722,12.8914714285714,21.4257785714286,22.4360742857143,32.2270142857143,19.4901242857143,18.3637285714286,26.2345385714286,30.8788357142857,11.2813971428571,8.53515428571429,8.57558142857143,4.99305857142858,9.49360000000001,9.01816285714287,33.5551857142857,14.8752657142857,3.79104,21.6897642857143,10.4626528571429,15.0608828571429,21.7907428571429,33.2629857142857,26.8954285714286,28.2082285714286,36.7224642857143,33.5254642857143,23.1495785714286,18.1164271428571,10.0640014285714,9.75551857142858,11.9096242857143,14.5720914285714,9.48257000000001,12.8426442857143,14.35601,17.75332,20.51139,23.58861,25.3954971428571,22.3717285714286,5.80237857142857,4.52737714285714,26.7316414285714,14.5462314285714,17.5317814285714,9.81119,9.70673142857143,15.6707028571429,8.34676000000001,-5.03092714285714,5.82521714285715,13.6224542857143,11.9895128571429,5.63198714285715,3.62644571428572,7.4845742857143,11.52249,17.3959257142857,18.59276,16.1191285714286,25.49822,23.1033414285714,32.0928857142857,30.2162857142857,26.6370428571429,34.1291,28.9548214285714,21.2929757142857,22.45952,10.5681571428571,6.18765142857142,7.51245714285714,16.10887,18.8790057142857,16.5138328571429,16.1648328571429,3.32924857142857,0.622179428571429,1.61900428571429,-2.865916,-3.6753832,8.87994285714286,7.01060714285715,14.6332971428571,10.7549285714286,13.2154328571429,11.6485,10.84031,7.12223571428571,15.9593028571429,15.0700028571429,11.2075628571429,18.9284928571429,21.8763514285714,24.5459371428572,30.3074285714286,29.0424571428572,19.8370328571429,23.5889414285714,13.7600714285714,12.0617128571429,14.0483657142857,7.21454285714286,9.24093285714286,5.63834285714286,2.09869,11.4911214285714,7.40368285714286,11.6884171428572,20.14539,5.65425428571429,12.5296585714286,22.4639414285714,16.1208585714286,11.7205528571429,5.97008285714286,6.76208285714285,6.40618285714286,14.24272,6.12036,6.10163657142857,2.690468,12.2700671428572,21.7746642857143,30.8650428571429,19.0580057142857,34.5233928571429,22.4543285714286,9.76950285714286,10.2267057142857,17.5203757142857,14.5567171428571,21.83764,7.52972857142858,23.67561,22.0077471428572,15.5900357142857,12.8671685714286,13.48026,18.2711142857143,21.9890714285714,21.9073585714286,7.81466571428572,9.13706571428571,7.36326857142857,3.21354657142857,13.0118,19.5007942857143,9.74301857142858,9.17465428571429,9.75948142857143,16.4655457142857,9.9188,27.0710857142857,17.6398228571429,17.05843,18.0251742857143,19.3618057142857,23.0641257142857,20.8109128571429,22.1899542857143,19.5729385714286,15.5538985714286,9.48191000000001,11.7341157142857,6.33983714285714,14.1102685714286,15.1477414285714,9.49211571428572,8.22767714285715,15.0758585714286,17.1058085714286,14.3448071428572,16.4151928571429,20.1584242857143,15.0922214285714,12.2966871428571,6.34918285714286,11.1170085714286,4.52448428571429,6.63423857142858,4.40509285714286,11.84622,23.4150042857143,18.7604942857143,12.6987,15.8261514285714,10.0622728571429,12.8706642857143,27.90871,27.9918357142857,28.8440928571429,29.818,22.2105171428571,11.4658628571429,8.83496571428571,7.78353571428572,1.41183828571428,11.7201914285714,21.2584242857143,20.2348742857143,17.3987614285714,10.4540414285714,6.65326,2.84476857142857,-2.49687657142857,9.90400142857144,26.3615828571429,18.5979485714286,2.59238142857143,1.64682142857143,6.21758428571429,5.08079,22.3546285714286,24.1682657142857,23.15208,26.3117428571429,18.7835728571429,23.6280328571429,8.50762000000001,14.3456585714286,13.3373042857143,6.32626428571429,12.1615928571429,16.4213771428571,10.0696585714286,13.1033657142857,13.6799871428572,11.3749785714286,10.8321342857143,9.47917000000001,-1.89697142857143,3.09682142857143,4.81068571428572,9.65619285714286,10.85392,18.017,21.1208214285714,21.5977828571429,23.9075714285714,2.35525000000001,20.4996428571429,25.4286214285714,25.6468071428572,25.40565,23.6618714285714,28.55835,23.8040371428572,20.7650328571429,20.9236142857143,28.0057285714286,26.8188714285714,23.9809628571429,25.0624971428572,21.2327557142857,23.0896642857143,36.1912928571429,18.5119214285714,17.2322042857143,20.8482228571429,24.42855,22.6337671428571,23.0076857142857,21.7502357142857,23.40544,27.0515857142857,24.9019314285714,30.8964214285714,20.5093085714286,21.1842542857143,23.1807757142857,16.6386328571429,8.79853285714286,17.3942971428571,18.2955328571429,16.6650128571429,17.8909957142857,26.2513685714286,43.5765428571429,43.4097428571429,6.33221457142857,19.9714471428571,20.1890157142857,16.7368357142857,14.7410657142857,9.49952714285715,4.91447714285715,1.61340314285714,14.2175714285714,9.06443142857143,9.37998571428571,15.17384,12.8047942857143,20.6873642857143,14.4550571428571,12.3767185714286,16.2984885714286,4.35074285714286,13.6575771428571,14.9292242857143,15.69854,20.4096157142857,22.1299657142857,26.5131228571429,8.81598571428572,11.3155171428571,9.81601714285715,11.7966785714286,21.9138014285714,3.29543714285714,10.4193285714286,14.5403042857143,11.1700771428571,7.40378857142857,10.5717314285714,-0.735597142857143,4.13922857142857,10.8839757142857,15.3124657142857,11.9890442857143,-7.08139857142857,-8.48603857142857,-10.6264,-6.91861714285714,-7.85545142857142,-8.15565142857142,-2.01352714285714,-1.38026428571428,-7.92637999999999,-5.90659142857142,20.7326785714286,9.82040428571429,8.91598142857143,18.6608942857143,12.5453271428571,15.0746742857143,12.9378071428571,10.0983185714286,7.36223285714286,2.54195971428572,3.62701571428572,16.3009785714286,23.4456585714286,32.4475928571429,12.3777342857143,12.5551071428571,9.89331000000001,7.83481,10.4124571428571,20.6699685714286,26.8190071428572,20.5984214285714,19.0856685714286,17.94823,11.8267742857143,16.02824,17.7338385714286,18.8147271428571,31.6511428571429,27.7822428571429,26.2106328571429,20.2895985714286,20.05424,19.4325257142857,7.40223857142858,5.33246142857143,-0.843842857142852,1.72381714285715,18.6912514285714,15.8170028571429,23.7308757142857,23.3396714285714,21.2071785714286,41.9937714285714,27.4512071428571,39.2695071428572,31.5180857142857,5.41693285714285,10.6498028571429,19.0457857142857,14.1877257142857,13.9216957142857,12.4908,22.22435,24.7659128571429,29.2020428571429,27.8533657142857,3.75548571428572,10.1186271428571,12.3451457142857,22.0321428571429,16.3964528571429,9.96951714285714,7.32935714285715,17.8942871428571,21.2699914285714,14.4333157142857,19.0272585714286,7.04396714285714,2.38144,0.0113899999999922,17.2863857142857,14.0181557142857,17.1283857142857,19.1669042857143,19.4408271428572,13.7441357142857,22.7985442857143,17.1886371428571,10.8689828571429,4.61054142857143,6.64096,6.21674285714286,6.51419285714286,10.2668271428571,23.1170557142857,23.8586757142857,23.5710628571429,24.7641414285714,2.13730185714285,13.6176757142857,17.8742057142857,5.82119142857143,12.2521828571429,13.3932785714286,17.0262385714286,17.9747385714286,12.9342842857143,25.2418657142857,25.9695928571429,15.62816,21.0954514285714,13.7676357142857,15.86841,19.2509985714286,20.5208485714286,15.3061514285714,18.2547528571429,15.2745828571429,4.65650428571428,2.11805857142858,14.5548585714286,6.12827,11.5432614285714,13.5309928571429,8.60755857142858,11.9367385714286,15.1976657142857,12.2301,5.71708571428572,10.50601,10.6925728571429,13.0662585714286,13.3677142857143,10.0233157142857,0.834684857142857,23.04195,15.4587385714286,19.1239671428572,17.4136471428571,3.39641571428572,6.20774000000001,15.61695,9.47336428571429,10.4727528571429,14.0257128571429,7.6495,11.8019257142857,10.6174257142857,14.8931757142857,12.6348757142857,19.74058,11.3479557142857,11.9545,15.1641728571429,12.3279728571429,9.42989857142857,7.20051428571429,3.92003857142857,-2.99153714285714,-4.93047,3.27565142857143,14.4077042857143,22.6736057142857,19.2419685714286,22.1579071428571,11.4522285714286,13.3473571428571,16.8791228571429,8.61989857142858,3.97381428571429,11.4842585714286,12.7979671428571,5.35843428571428,6.73004142857143,9.38308428571428,5.28921428571429,13.6781614285714,11.1208242857143,13.5952514285714,9.00773714285715,13.0611485714286,14.69892,15.3604428571429,14.4460428571429,18.85006,18.7274742857143,22.9087471428571,17.1635728571429,25.8228828571429,4.68836428571428,19.5919,14.2338657142857,15.3667957142857,6.52129857142858,20.3921157142857,18.6418685714286,24.7561328571429,23.1695214285714,19.5454057142857,18.7977814285714,19.0472385714286,20.2142242857143,14.5401614285714,10.56612,11.5126971428571,9.60251142857143,8.96481,15.7513328571429,14.6451828571429,10.1003957142857,17.8154342857143,11.1621314285714,31.1209,18.4857014285714,21.6937942857143,29.1921,27.6055285714286,32.04685,25.8750057142857,20.76716,19.1648371428572,9.4889,8.15845,14.77633,6.45996285714285,7.10129714285714,7.46347857142857,5.50144714285715,4.69289428571429,8.17547142857143,8.08309142857144,5.33263428571429,3.40237714285714,22.9829585714286,32.9844214285714,18.22312,11.4491985714286,7.84052000000001,10.7783042857143,10.9636657142857,6.62845428571429,9.76943285714286,3.17597971428572,2.69560285714285,5.00940685714286,-2.22668857142857,7.27359,9.43282428571429,13.9682914285714,22.3644928571429,9.74420142857143,14.5158485714286,9.62464000000001,16.1905428571429,13.1139485714286,18.5797757142857,15.28789,25.5325357142857,27.6988357142857,27.15877,13.1227714285714,14.3932457142857,22.9929171428572,20.0703342857143,16.1470357142857,19.3725957142857,32.5402285714286,25.4740585714286,5.27018428571429,6.57604,16.2361428571429,14.6188242857143,17.0543171428571,17.4010985714286,6.58803571428572,21.2772,28.1979942857143,25.6103428571429,24.23377,27.7545071428571,24.9165671428572,10.6141271428571,18.9946,8.43488857142857,3.56307000000001,5.64414285714286,10.5026014285714,10.2501828571429,11.0835657142857,21.0549057142857,14.7922928571429,9.25498428571428,2.57304714285715,5.90476142857143,17.4223542857143,5.39689428571429,3.68935714285715,8.11064857142858,2.26054942857143,7.47943571428572,9.38590285714286,9.89164714285714,7.38657285714286,11.8795314285714,11.8157414285714,18.3684671428571,7.52735571428572,9.36857000000001,5.65894,9.97233571428572,4.25582857142857,9.80255571428571,8.05858428571429,5.79249142857144,5.17877571428571,6.56070428571429,8.15956285714286,9.95536428571429,17.7540471428572,10.3475614285714,7.35410142857143,6.62895714285715,9.14698142857143,5.10278142857143,4.40733571428572,21.3134414285714,4.83834342857143,17.6791185714286,17.3322128571429,16.4211514285714,18.9443157142857,21.1045657142857,25.2411842857143,23.0628242857143,27.1058071428572,29.2691357142857,32.7315357142857,21.1122814285714,21.3163057142857,14.5262642857143,7.45845857142858,9.13667714285716,21.68669,24.2072571428571,27.2183771428572,26.8914271428572,20.5602342857143,15.7771114285714,12.1994185714286,11.8653528571429,8.17629857142857,22.6036842857143,9.04088,13.77787,9.45664857142858,2.43313428571429,9.52536571428572,11.3866585714286,14.55344,13.44236,9.40461714285715,16.55645,10.9414428571429,8.32033428571429,13.1571771428572,15.5382585714286,12.8406942857143,13.8842471428571,12.6682328571429,13.3656428571429,12.5034157142857,11.9232885714286,5.29646857142857,2.16506457142857,9.25009000000001,8.76392428571429,11.0786185714286,7.15016714285714,1.58868142857142,-0.0372685714285788,6.88869428571429,16.9757871428571,17.22709,26.4508714285714,22.4326957142857,24.5541485714286,24.0172271428572,18.3905285714286,17.4303071428571,27.04016,24.3485357142857,26.1141785714286,18.3889471428572,24.01795,21.2979414285714,14.0270428571429,20.9897571428571,1.96288,1.128936,-0.652585428571427,-2.23039285714286,0.472260000000007,-4.38333628571428,2.43528,2.87450542857143,17.1056814285714,15.7582628571429,17.5066042857143,14.1612557142857,14.0167057142857,21.9857114285714,20.7154114285714,13.4738171428572,18.9572971428571,14.9776271428571,11.9725928571429,12.0526928571429,13.92702,18.0254285714286,10.9736371428571,20.72419,2.81401342857143,1.91186342857143,5.71838942857143,1.49097657142857,5.90173485714286,5.25513228571428,5.98909914285714,4.39189142857143,3.54944400000001,10.5666857142857,10.8561842857143,11.0531928571429,5.62610714285715,14.9948571428571,11.95568,22.9560114285714,15.4700557142857,16.8103671428571,15.2670414285714,15.0216885714286,8.59441285714286,6.16929142857143,16.75705,20.5843385714286,30.9682142857143,33.1149285714286,28.8909857142857,37.5566071428572,37.1518285714286,33.3718071428572,28.7981214285714,14.8172742857143,30.2639785714286,21.73806,24.6908357142857,10.7154585714286,11.3968242857143,9.30375142857143,2.28088571428571,2.99386857142857,13.3791614285714,3.42959142857143,4.12037428571429,15.1996285714286,17.82207,9.41683000000001,11.4868557142857,18.53673,20.1594214285714,17.3532142857143,19.6746814285714,20.5089485714286,22.9454485714286,15.2744585714286,12.3202628571429,8.83371285714287,19.7959971428571,22.6786257142857,14.7625157142857,9.38486428571429,13.83865,5.68743142857143,5.22963857142857,1.89883428571429,4.16210142857143,17.6847942857143,9.32401,13.5109771428571,2.40369857142857,4.10562714285715,-5.97309857142857,1.98102000000001,9.51022000000001,8.84651428571429,9.85063571428572,12.9757414285714,24.4665228571429,9.31685857142858,19.2558157142857,17.4436228571429,2.78928142857143,2.05443685714286,12.5799128571429,7.7502,10.0130485714286,14.2720828571429,18.4538557142857,10.1457842857143,8.78257000000001,18.3281214285714,11.9452,17.5678485714286,21.2324042857143,25.43062,21.73302,5.83019428571429,22.0002314285714,17.9775357142857,9.47349571428572,14.3686242857143,10.71153,8.93871714285715,8.50693428571429,10.8571485714286,10.1404142857143,4.28546571428572,8.18411571428572,8.02098142857144,9.25452857142857,15.5091414285714,18.5143357142857,7.09627428571429,16.1494871428571,13.30696,11.1593742857143,12.3314757142857,13.7674928571429,16.7853,13.2184371428572,9.52869714285715,3.44196428571428,13.3821328571429,11.7834671428572,10.1422571428571,31.6237714285714,22.10446,13.83677,5.13012857142857,2.94276142857143,7.58410714285715,2.14110114285714,13.14312,26.3609814285714,23.4840442857143,19.43452,6.95916,9.39011000000001,3.65332371428572,4.69962714285714,17.1336985714286,9.01433000000001,15.8853557142857,3.81186428571428,2.242812,10.5739528571429,7.31345685714286,7.09245685714285,6.87529714285714,23.3178928571429,18.6593014285714,21.56874,17.0236871428571,19.2131142857143,14.5732671428571,15.1669228571429,15.6040342857143,15.1509671428572,13.8971857142857,12.6332585714286,13.6843242857143,10.5998714285714,8.07740142857143,9.47229857142857,5.23590000000001,12.3199957142857,11.6324057142857,13.5639842857143,2.88168,11.7257085714286,3.98773085714286,15.9149228571429,24.5310071428572,26.2561142857143,22.4462828571429,35.9819642857143,17.1626585714286,20.1280671428572,3.09934,10.67774,18.03068,12.5291614285714,2.37179428571429,14.3154257142857,14.8699557142857,4.95393285714286,20.4736628571429,16.4652342857143,19.1025585714286,22.6816342857143,20.4263242857143,9.06254142857143,4.48084571428571,7.37194857142857,23.38901,37.0912428571429,33.6620714285714,26.0823857142857,32.5590285714286,29.1890642857143,23.1689071428572,22.3000957142857,14.06483,5.45530428571429,10.5292242857143,16.4405414285714,18.0214985714286,8.89782714285715,13.48815,15.8737942857143,10.7793228571429,10.5411285714286,19.2524285714286,2.52356714285714,1.51779142857143,5.87019142857143,16.49579,18.5444871428572,10.9135771428572,22.2387085714286,17.2780185714286,13.8402071428571,10.7213457142857,9.47821,13.5801757142857,1.07064428571429,4.22277142857144,10.4084942857143,9.86341000000001,12.5969128571429,7.36981571428572,24.3120442857143,16.5629014285714,12.0445028571429,20.5188671428572,14.7487557142857,9.74386714285715,26.77724,15.9121514285714,11.7391928571429,15.2521214285714,12.9083728571429,7.15502,17.3175028571429,17.9907114285714,20.92456,13.6299614285714,10.6349971428571,10.1362628571429,11.4699642857143,11.6708428571429,10.5645057142857,11.7954185714286,11.4697228571429,13.4286228571429,6.24074714285714,7.16527142857143,17.2092814285714,22.1228171428572,22.7840414285714,15.6742142857143,11.6573742857143,23.3738857142857,18.2848685714286,15.0674171428571,30.5845071428572,25.426,38.6418928571429,25.10612,25.0928557142857,19.6872485714286,20.9539357142857,11.9165414285714,12.13918,10.9429471428572,8.61112857142858,16.4724385714286,11.8876557142857,10.4175257142857,8.76882571428571,7.59168142857143,5.50673857142857,13.9588428571429,16.6962585714286,8.95348571428572,9.72157714285715,9.15132857142857,13.36851,12.5806814285714,8.29112142857143,21.1311871428571,12.4914514285714,16.9974885714286,10.7582885714286,13.8107628571429,16.4691071428571,5.45468285714286,12.2662757142857,11.0958942857143,15.3603771428571,8.81587857142858,10.7697371428572,6.32501142857143,6.63260714285714,7.32193428571429,7.69719142857144,7.72595571428572,12.5735742857143,11.7866742857143,14.6098142857143,14.1179085714286,10.6041514285714,15.3411228571429,15.9880671428572,13.5202957142857,12.6626071428571,13.9986428571429,20.2867442857143,21.7244442857143,10.1524714285714,4.96948428571429,16.59272,24.5324371428572,21.9618357142857,25.89442,18.5476257142857,14.69832,10.4542185714286,16.6712842857143,6.38440857142858,13.90504,0.329391428571428,3.27866857142857,13.6842971428571,13.3263385714286,12.9878914285714,15.2459028571429,16.0409028571429,8.97210571428572,8.41931571428572,16.4242657142857,6.50565142857143,8.67034714285715,3.36445257142857,6.23314142857143,7.82715,29.4180071428572,16.17323,12.4825471428571,8.20758428571429,14.5852928571429,15.2483842857143,14.8001128571429,17.4380371428571,15.74392,16.4575771428572,18.6540114285714,10.90815,8.39703714285714,20.5349357142857,11.5530871428572,18.3709157142857,24.07072,15.8778071428571,23.0176885714286,26.0841142857143,32.1326428571429,28.4201071428572,25.9179314285714,32.4455642857143,18.6045428571429,18.4408157142857,28.6565428571429,24.2484228571429,27.9742071428572,27.8168642857143,28.7714785714286,25.7173771428572,33.2124214285714,21.3715857142857,28.2416742857143,23.8805071428572,17.6196271428572,10.4088042857143,19.87107,13.2497814285714,29.4537428571429,14.7682242857143,6.95399,13.5039914285714,8.60459428571429,1.56466428571429,1.512962,11.6971371428571,14.8943528571429,8.38498714285714,20.1045985714286,13.30079,15.8830842857143,19.1484642857143,31.8630071428572,22.52141,24.6453557142857,32.6016928571429,41.0379214285714,52.07615,36.1000285714286,21.1473985714286,21.0951285714286,17.6606957142857,18.0664214285714,13.5444657142857,17.8146885714286,12.47095,14.8171028571429,27.8940714285714,21.7195114285714,31.9648571428572,17.5712242857143,18.3521642857143,12.4162271428571,9.84658714285715,12.2063914285714,15.8667371428571,13.4233342857143,7.15430714285715,9.17585,4.79215,7.59298428571429,3.34169142857143,9.10192285714286,2.29025428571429,5.672598,11.4806128571429,10.2561142857143,15.7173871428571,16.2409114285714,22.4171385714286,20.2825714285714,15.7846542857143,12.0236828571429,15.4932142857143,17.2233371428571,7.84504428571428,2.71442714285715,12.7118485714286,13.9843242857143,20.0085657142857,21.1604157142857,18.8034142857143,20.5242128571429,19.4291542857143,23.2720942857143,19.4879414285714,17.7364042857143,16.5397885714286,7.49645142857143,5.43101,7.42087285714286,4.39812714285715,9.30880714285715,19.4319271428572,10.6921071428571,23.7423942857143,10.4503785714286,17.02411,29.1372214285714,19.4865614285714,19.1451942857143,9.32521000000001,22.1617614285714,11.1343271428571,19.0575157142857,17.9071414285714,3.35756257142857,11.3830228571429,12.8335457142857,16.44455,9.78616714285715,8.96916714285715,12.2750771428571,14.84809,16.0550057142857,17.95574,20.34407,18.6711042857143,17.9631371428571,6.22904714285714,12.29119,12.9332528571429,9.34268285714286,9.79401571428572,-1.28181428571429,3.07968142857142,-3.62245828571428,15.2373114285714,14.6859928571429,-2.23527257142857,26.4865685714286,17.71795,11.2225228571429,14.2080528571429,14.9508214285714,11.7756571428571,19.9679828571429,22.9247971428572,20.8313757142857,16.3352271428572,19.6945271428571,7.98882571428572,19.9264371428571,29.1281428571429,19.3894685714286,13.3526028571429,21.6961971428571,24.9923428571429,8.99871714285714,15.3272385714286,19.4726628571429,6.42508857142857,12.8929385714286,34.1981571428572,30.8137785714286,23.9413885714286,26.2632342857143,0.222951714285711,11.6231528571429,12.7487014285714,6.39050428571429,6.19584285714287,7.85136142857143,22.2566257142857,21.3674,31.5791785714286,27.6628857142857,26.8973642857143,35.2450714285714,37.4788071428572,19.2032842857143,19.4015942857143,19.1267628571429,23.7377414285714,23.5343957142857,11.4123485714286,22.4999342857143,21.5991714285714,20.8941857142857,13.0271542857143,7.28248428571429,15.16099,14.5962128571429,15.88615,15.81533,18.6656542857143,15.2311685714286,19.7235357142857,19.8376857142857,19.83659,16.5351042857143,16.8994485714286,19.3353742857143,21.3530128571429,18.1540385714286,9.03088571428572,10.2203114285714,21.4476685714286,11.3172228571429,10.72211,9.73721571428572,12.1903585714286,7.84664428571428,5.18555142857142,4.40542828571428,5.51780428571429,17.2835,11.9610214285714,8.41483285714286,19.9952271428571,25.6933114285714,22.4089171428571,22.84551,13.0017714285714,9.49971857142858,9.50227571428572,16.87416,14.6029328571429,19.1914285714286,18.21475,5.71404857142857,16.39762,3.85678285714286,7.18512285714286,6.00907571428571,11.4047614285714,20.97757,22.9156657142857,22.6312057142857,13.74508,12.80046,17.04831,11.8067414285714,22.58773,21.4072071428571,21.66019,24.9828785714286,7.19421999999999,11.6623685714286,6.22102571428572,4.841814,6.78820142857144,6.31463571428572,10.3234471428571,12.2453271428571,28.7743928571429,33.0202571428572,22.0748528571429,24.4977757142857,12.8000614285714,16.7043328571429,16.4785357142857,13.9848528571429,13.3635814285714,15.2705042857143,7.06918571428572,6.94624714285715,8.45709857142858,5.43757857142857,10.3159185714286,5.94790428571429,-1.64296771428571,2.19051971428572,9.56269714285714,19.4509857142857,16.5277957142857,17.4695428571429,26.55585,14.5609585714286,14.0913628571429,17.0675814285714,8.56322285714286,13.1687614285714,11.12459,14.0184914285714,4.07553,21.6748857142857,18.9436985714286,20.0968342857143,16.4608457142857,10.3541914285714,17.58953,18.13528,16.4385714285714,19.5792028571429,13.6755885714286,20.61913,12.83922,12.2402985714286,10.9474685714286,7.60362285714286,7.46535,14.4638457142857,20.7469885714286,15.4083228571429,7.81327,8.80473428571429,9.06635428571429,8.51891,1.98811342857143,1.81864257142857,17.1332342857143,14.9550971428572,27.1592214285714,24.0552571428571,27.5230142857143,15.7172214285714,6.78502428571429,2.17475342857143,22.4554771428572,22.5498085714286,20.0938814285714,13.0645371428571,21.9584214285714,25.9858871428571,6.60805714285715,4.96261285714286,10.8044285714286,13.69329,9.85003714285714,8.93210285714286,8.28021285714286,5.59295000000001,10.8257814285714,11.6808271428571,7.46448285714286,8.36537714285715,6.96388,10.1981142857143,8.76019285714286,9.40009428571429,10.5045428571429,6.46767714285714,5.69405428571429,30.02603,27.0384285714286,25.08157,26.2151571428572,21.0904014285714,13.9939328571429,22.8685985714286,22.9582542857143,23.04112,21.81351,6.91295714285714,8.48352000000001,9.89207857142857,9.29737571428572,3.21806285714286,19.7899628571429,22.2071757142857,16.5884457142857,5.22499714285715,18.5778628571429,10.4935442857143,8.06472571428572,1.63014714285715,10.2171242857143,10.8457171428571,12.3682242857143,10.7899185714286,12.8763771428571,13.7552671428572,7.18608571428572,18.0709371428572,36.7227571428571,20.9671685714286,15.9363342857143,8.20072857142857,21.6607757142857,13.5935771428571,9.97430142857144,12.3136242857143,5.78325142857143,20.1336785714286,7.99341857142857,9.53857000000001,13.5562685714286,10.5132342857143,29.96015,22.6732071428572,18.6361157142857,10.7834,8.98252428571428,9.25765142857143,7.7682,27.4716571428572,27.1042142857143,12.2839671428571,11.0451571428571,6.23341,11.6169542857143,22.0805814285714,18.7994857142857,2.60584571428572,20.3324842857143,17.3359857142857,17.7503414285714,20.9041928571429,-1.16084,11.8789414285714,9.94498285714285,5.27863857142857,9.22585428571429,5.11389114285714,12.6902471428571,6.53219428571429,6.72288714285715,6.41216571428572,9.06167000000001,5.42988428571428,5.96989714285714,4.08293142857143,2.32824628571429,3.430794,15.7021228571429,11.9455514285714,18.5309328571429,8.34168428571429,16.0378371428571,16.5059942857143,19.09426,6.75387857142857,7.09268285714286,6.89208714285714,18.47252,30.4357785714286,4.91168142857143,12.4287228571429,13.1854757142857,4.72182714285715,8.90770142857143,18.5120485714286,5.79506428571428,27.0855571428572,15.3338542857143,19.18751,8.32314285714286,13.9081085714286,9.63479857142858,7.51986714285715,12.9517128571429,36.6699071428572,2.62316857142858,12.4693242857143,18.94088,6.23007428571429,5.91247114285714,6.97143428571429,6.44691714285715,11.8300871428572,11.0946371428571,9.73310142857143,17.9976114285714,6.07506857142858,2.42484285714286,8.12399285714286,6.20375285714286,7.71355285714286,1.23305285714286,7.63326857142858,4.26814885714286,8.08235571428571,12.5116914285714,12.95675,18.80836,11.9751442857143,12.9569257142857,21.1744057142857,4.81940714285715,3.05412228571429,10.30773,13.04738,11.0919914285714,25.3944914285714,25.97819,29.9514571428572,28.8875357142857,40.9980357142857,46.3548928571429,26.4093214285714,27.6922214285714,24.61453,22.6905742857143,27.3457457142857,23.6644042857143,22.6016842857143,23.5170842857143,26.3784,16.60177,18.6203785714286,19.1881885714286,16.49085,-0.0404614285714224,11.8810671428571,11.9809285714286,22.0586014285714,22.0391157142857,20.32761,21.0897314285714,8.17126285714286,4.14250285714286,8.57666142857143,15.9893885714286,3.90489000000001,7.05458000000001,8.10397285714287,3.26163714285714,4.05782,14.0674071428571,7.62513142857143,6.03546285714286,9.64893285714286,14.6155528571429,9.19736428571429,6.85296714285715,13.71623,9.73163000000001,17.8873885714286,13.3016414285714,11.4501,3.57472,5.0531,2.70165285714285,16.0455214285714,3.69443857142856,7.00894571428572,8.91505714285715,15.9729042857143,27.50557,31.9512857142857,34.7465285714286,30.3579785714286,20.4940857142857,16.48132,2.70477228571429,8.44558857142857,6.22332285714286,9.59474142857144,4.044826,3.93192285714286,4.05362285714286,2.54071857142857,2.12048974285714,3.25128974285714,9.92856857142858,12.53855,11.6524,13.9804142857143,5.75342857142858,23.6706071428572,25.7927471428572,22.1268685714286,27.7304714285714,26.9591071428572,23.5401542857143,27.3421614285714,14.9776071428571,18.1729828571429,18.8819728571429,19.26945,12.4270414285714,11.6025042857143,13.5063871428572,5.88416142857143,25.7900357142857,25.02396,25.1420828571429,21.0986314285714,10.9538957142857,13.6445328571429,10.64273,19.1153228571429,28.4741928571429,20.7168157142857,14.1483957142857,13.0702085714286,10.6593414285714,13.2176685714286,10.9276557142857,12.59366,-0.951339999999998,13.3624828571429,10.0125485714286,15.8404014285714,20.1815985714286,29.63285,20.7066857142857,7.7380042857143,22.0227642857143,27.87497,22.0749842857143,5.60881000000001,11.6818271428571,4.74695114285714,3.01638285714286,23.4856457142857,18.9411342857143,10.6716171428571,5.58075285714285,12.08764,27.34831,9.82457428571429,12.3034457142857,25.4815428571429,16.1599185714286,4.0659742857143,7.76649285714286,9.01097142857143,7.08989285714286,8.02778714285714,6.68158714285714,5.31868142857143,7.55318142857144,13.39956,35.3053928571429,8.38262285714286,9.52028714285714,16.9822028571429,12.4972871428571,12.2537728571429,12.77581,6.26337142857144,8.96720142857143,1.82896942857143,2.67016685714286,8.99679571428572,15.2228771428571,10.1391914285714,12.9518457142857,7.69147714285715,13.5753085714286,14.3776,26.2976485714286,16.2666414285714,21.7571985714286,18.4374371428572,6.71966285714285,8.41601285714286,13.9652228571429,5.50835142857143,0.156695714285712,4.45189571428571,12.1001385714286,14.77101,23.7961442857143,18.6089571428572,18.8494542857143,12.9331871428571,11.1836585714286,18.2638057142857,34.5604714285714,8.05488,15.5151528571429,11.15312,9.02994428571429,4.32471571428571,7.27151571428572,6.43775142857142,4.49680028571429,5.40954285714286,7.61294285714286,3.95379714285714,13.0886071428572,9.22550571428572,17.6543914285714,17.6088557142857,25.6060857142857,13.8197357142857,14.2877171428572,16.3811685714286,22.1792871428572,25.3699142857143,25.5315114285714,15.3250528571429,13.4999771428571,8.08882714285714,1.57199257142858,2.28432771428571,8.64665857142857,10.2238385714286,10.7068557142857,12.2398985714286,3.95084342857143,9.02447114285714,7.60774285714286,9.87153285714286,7.20548142857143,11.00058,15.7421642857143,16.3369828571429,9.50297428571429,0.731794285714285,6.88696714285715,9.45331,15.8298628571429,24.9116342857143,20.54124,12.2855014285714,13.12424,15.1565871428571,18.5653271428572,18.5502428571429,8.20656000000001,26.74445,32.2852928571429,5.56507428571428,7.42749285714286,4.60032371428571,4.93090057142857,4.32616428571429,10.1641714285714,9.84391714285715,10.1010942857143,4.99498142857143,8.99943142857143,16.8584728571429,17.8364385714286,21.1022514285714,25.7958042857143,26.1657042857143,20.4251071428572,32.7804571428572,20.8593728571429,10.7122057142857,5.02413714285714,9.18590714285715,10.8094271428571,9.33039285714286,13.9675214285714,15.00229,28.8868757142857,10.7418914285714,1.45206857142858,8.82549428571429,13.8677628571429,-0.901595999999997,6.75682571428572,7.55366571428571,11.7657485714286,12.6944314285714,8.24722,11.3118328571429,13.4412571428572,14.3514414285714,25.5077471428572,21.2567242857143,12.7759757142857,12.1613057142857,10.4178442857143,18.8971728571429,19.3292028571429,13.2521757142857,14.7393071428571,11.8709185714286,18.2517142857143,21.0111714285714,23.1147328571429,22.04593,28.0770642857143,22.2155157142857,24.7545814285714,8.57339857142857,11.0915657142857,11.3092857142857,17.5613942857143,21.5666142857143,13.41693,4.48146285714285,9.21346,12.2062671428571,9.25147,10.9555142857143,17.1689842857143,11.2503771428572,6.06690285714286,3.20096285714286,5.17766285714286,3.36046285714286,2.96671771428572,10.0998257142857,4.31987857142858,6.46827857142857,8.67892857142858,9.74053714285715,22.9590885714286,21.4493242857143,6.56194857142857,8.29415714285715,5.56291571428572,6.36174428571429,7.50875285714286,-0.181447714285714,11.2639842857143,9.52131857142857,-1.63470485714286,2.21324714285715,6.00012428571428,18.3958357142857,13.2114414285714,14.2127,17.46504,15.10408,17.96343,6.09370428571428,14.3354214285714,22.78662,16.6525242857143,19.8319671428571,13.1933671428571,2.15117714285714,-0.935479999999998,-8.36147428571428,-9.73166142857142,-3.29010571428571,6.94605857142858,4.88351857142858,36.6372,14.1801614285714,20.21961,29.5162785714286,29.6164714285714,14.5434642857143,5.91463,10.5209128571429,6.58957571428572,3.75550142857143,3.63261142857143,14.45581,9.51222571428571,16.8366228571429,4.25916571428571,11.6397742857143,14.4314285714286,14.56831,16.1408371428571,15.1765,18.8252857142857,13.3804285714286,7.94849857142858,2.78140857142858,4.73761142857143,10.5493414285714,5.43312,2.19421657142858,4.42088285714286,2.92094571428572,8.55481285714285,11.71571,6.10118,9.00441714285714,13.8290571428571,4.13295714285714,3.18620714285714,9.83700285714286,14.0116,10.9023357142857,31.0715642857143,12.9510657142857,16.5612557142857,13.2479242857143,10.0257214285714,9.45767571428572,6.03509571428572,18.1215371428571,22.6875714285714,21.5775928571429,20.5308714285714,12.9856657142857,17.2084871428572,9.20997571428571,14.8363957142857,21.7305285714286,30.1195428571429,21.9123657142857,26.6434771428571,17.0570228571429,26.1067142857143,13.9053471428571,13.2300442857143,13.9927328571429,16.1231771428571,4.27310714285714,21.3218657142857,20.5892957142857,14.9294914285714,16.11584,19.3593985714286,17.7989628571429,11.98036,15.1212528571429,20.4754642857143,22.1386157142857,12.0659685714286,26.4815642857143,16.4882142857143,27.6455,13.23399,14.9777757142857,15.6792728571429,10.7189571428571,20.6020714285714,17.0098885714286,16.5380771428571,10.2611414285714,1.93903885714286,6.79926714285715,7.24656857142857,11.0072842857143,7.43839714285714,9.93369714285715,12.0280785714286,12.9580785714286,14.1972657142857,18.6624114285714,11.5548842857143,10.58045,6.41450428571429,10.4835985714286,19.1479614285714,26.33746,37.0446071428572,27.2370857142857,28.2583857142857,21.1883642857143,3.73681000000001,-13.8447757142857,22.6486671428571,27.0213928571429,29.3654857142857,22.9493985714286,20.0033242857143,14.49719,17.8966985714286,28.4830857142857,4.685918,8.68255571428572,6.22492142857144,8.08148,10.22666,11.3934785714286,9.03993571428571,23.4463442857143,22.4231528571429,28.7902857142857,24.30063,14.03538,20.62228,14.2306271428571,8.84795714285715,12.8219457142857,12.4991814285714,22.4542171428572,13.8001014285714,19.4651742857143,22.98061,6.18844571428572,15.57952,25.0279242857143,11.8277514285714,23.5471771428572,19.4102385714286,13.9307785714286,12.8702185714286,21.9815014285714,34.7499857142857,26.1905857142857,34.4508071428572,21.5790628571429,14.4011171428571,26.2898428571429,20.0959871428572,27.3022142857143,14.3313628571429,18.3022071428571,19.6298785714286,20.3215271428572,26.90851,26.24786,22.6493714285714,23.3370885714286,5.29972285714286,10.7863371428571,23.1449742857143,25.1642885714286,16.2013642857143,13.6674942857143,21.2347657142857,17.2433057142857,18.66214,12.1427742857143,13.6204371428571,7.41783,8.29155285714286,10.1677628571429,4.27780428571428,10.1031042857143,7.31367857142858,7.68763285714286,12.1521342857143,7.19485285714285,5.83494857142857,22.7589785714286,3.48355714285714,0.0335899999999958,12.1550014285714,13.1982485714286,18.9148371428571,25.2072414285714,18.9713657142857,7.97038428571429,-0.712696285714289,10.6669542857143,10.1081071428571,1.57856114285714,11.1973057142857,14.02206,16.2050728571429,22.4507771428572,14.3926728571429,13.3982757142857,13.4520757142857,9.37917571428572,6.67431857142857,18.4263271428571,19.4665628571429,7.65873428571428,13.4118771428571,13.4118771428571,14.5327371428571,21.4196985714286,19.39167,14.6381414285714,11.64964,16.8638385714286,17.4921257142857,12.1588757142857,10.4357714285714,9.43326571428571,-5.20210028571429,0.726294285714289,6.27193714285714,15.2107385714286,14.3757742857143,10.8893171428572,9.19020714285714,11.2677671428571,4.29424714285715,9.81520000000001,14.7027828571429,15.5538385714286,13.1164314285714,14.9384714285714,10.8850914285714,10.1560557142857,9.25365,7.78493142857143,2.74856314285715,0.0368145714285639,-1.28724142857143,1.34330857142858,-2.62843571428571,7.18335,11.9498514285714,9.13676857142857,14.3880585714286,17.3447085714286,10.4797442857143,17.2022685714286,16.6022342857143,3.363258,4.162482,4.79807,11.7953042857143,9.66167285714286,12.5933171428571,14.5608157142857,13.3041285714286,13.0623285714286,14.8251142857143,25.5602542857143,28.3999542857143,20.0391471428571,25.1590171428572,7.62241571428572,10.3247942857143,10.3946314285714,14.2185285714286,4.86414571428572,12.9697785714286,12.1458171428571,19.6594342857143,11.0407414285714,9.02268714285714,8.42327857142857,5.71004142857143,11.0499514285714,18.9812871428572,15.0612614285714,5.80188857142858,4.21626628571429,10.7603157142857,5.21579142857144,-0.0443011428571517,2.95322142857143,1.56597857142857,13.8489414285714,8.21130142857143,8.69646142857144,18.0659028571429,11.8644785714286,18.37718,20.2591442857143,21.1496042857143,21.3735657142857,17.6086571428571,16.82341,10.58328,6.31943857142857,9.76939285714286,11.20943,11.0732057142857,11.50898,13.2046514285714,13.6828614285714,11.40116,16.0362757142857,13.2224528571429,18.9479642857143,8.40562857142858,-2.26556657142857,6.88695571428572,5.60033571428571,7.59187285714286,8.23726285714286,5.35020114285714,3.91117485714286,1.87370228571429,7.44808857142858,9.27727714285715,18.8431228571429,22.0297028571429,14.9153385714286,23.5908057142857,24.0031685714286,16.91088,26.6054085714286,23.15714,17.3326771428572,13.3122757142857,14.2263114285714,11.7276914285714,11.1612028571429,9.28072571428571,3.75981514285715,15.0995128571429,17.7700342857143,20.4857571428571,6.59977714285715,14.38056,21.9728314285714,12.8876414285714,15.88266,18.1612957142857,13.3735357142857,5.94672,10.9715014285714,19.74378,20.2197214285714,13.9229385714286,14.2081314285714,16.7808714285714,13.65156,11.3622642857143,31.4061428571429,17.1864757142857,0.315275999999999,7.01300857142857,9.01302285714286,17.2954014285714,13.8549914285714,2.63836142857144,4.94196714285715
9.95918367346939,20.9942287755102,18.7978410204082,44.2951367346939,27.5967497959184,30.5882291836735,29.9704685714286,48.6581591836735,35.9016534693878,31.95204,31.1862342857143,26.8949324489796,28.3854812244898,3.90052765306123,17.1066316326531,17.0482008163265,8.58792571428572,12.7302183673469,12.2815683673469,14.5672257142857,20.0876518367347,16.2873018367347,19.2287518367347,24.7428934693878,27.1194408163265,31.3121146938776,34.3629255102041,28.779926122449,40.2716879591837,1.87698328571429,24.6891746938776,26.4392336734694,22.8999871428571,12.6274126530612,5.81780408163266,4.39559510204082,16.4066689795918,11.7315206122449,16.8081479591837,22.4288012244898,20.3954897959184,13.1235595918367,15.5847393877551,12.0347612244898,9.03315571428571,10.1232240816327,8.66906020408162,8.47596020408164,16.0510475510204,4.41058795918367,8.0882218367347,3.18848324489796,20.6996826530612,18.9437051020408,16.2160055102041,26.8766495918367,19.1116667346939,14.264833877551,10.1812383673469,39.3712589795918,15.8385826530612,14.9841757142857,28.7903595918367,19.9165308163265,25.2196216326531,26.3447902040816,26.0715863265306,11.1391444897959,21.7965983673469,12.0077914285714,12.2360830612245,28.2742569387755,10.2188710204082,14.4464334693878,11.6092481632653,12.086862244898,9.77282142857143,16.6513359183674,22.4099287755102,32.2468975510204,37.9955534693878,24.2926504081633,24.3756869387755,12.5059263265306,17.5532414285714,19.940076122449,16.6101114285714,16.0796620408163,20.9879606122449,8.85955612244898,25.6343971428571,18.5366924489796,2.39066514285714,0.323895442857138,6.8408,13.5802528571429,28.2164246938775,19.6845889795918,20.5647914285714,33.012986122449,31.2423108163265,25.0206069387755,28.1248265306122,23.5680589795918,12.8378202040816,17.177762244898,23.64097,19.8106526530612,24.7628781632653,23.7448065306122,26.1675746938776,18.9861634693878,13.3969448979592,16.4245206122449,10.7798969387755,-1.11323869387755,8.38737755102041,28.2161273469388,34.9564748979592,23.4450859183673,21.7343763265306,10.1027048979592,6.68601693877552,21.0372465306123,21.6751853061225,24.9412646938776,22.3330816326531,40.6334112244898,37.1974112244898,38.7648332653061,25.5508769387755,37.1134848979592,24.9480485714286,26.6188414285714,5.18047046938775,0.70457046938776,6.84274367346938,22.4379983673469,3.18083448979593,23.1447206122449,10.8420175510204,7.81678285714285,7.10059816326531,22.6219851020408,28.4719604081633,29.8565453061225,15.3769528571429,19.5922959183673,30.42275,43.4236551020408,42.6108581632653,34.0237004081633,34.4845004081633,40.6718373469388,17.8965255102041,20.0657567346939,22.8667555102041,5.33800775510204,4.65875775510205,1.83012869387755,4.14122869387756,3.85975497959184,9.62268204081633,13.9699710204082,23.5877136734694,14.2459457142857,4.74965040816327,11.3443036734694,10.4876759183673,3.90674265306123,28.0328475510204,26.239773877551,13.9546810204082,15.3702310204082,27.7229944897959,21.3929546938776,20.5797295918367,32.0248293877551,21.6360855102041,15.9106530612245,15.6820279591837,6.66431638775511,7.20320224489797,11.2271795918367,7.39278326530612,15.9406283673469,42.3020897959184,32.7708302040816,32.8075969387755,35.1335573469388,45.4698153061224,26.9860581632653,30.8081775510204,22.8738526530612,12.5673551020408,28.8086730612245,19.6821489795918,17.2131016326531,2.17086040816326,3.62151040816326,9.99926612244898,7.21090534693877,10.5433624489796,24.0341818367347,14.9805273469388,29.6659332653061,38.914042244898,26.2005755102041,26.4188163265306,30.9007708163265,31.7541708163265,24.199202244898,20.0610175510204,11.768047755102,11.6880379591837,10.7279867346939,7.92695428571429,8.37058448979592,26.2212951020408,19.5132169387755,3.92217163265306,2.62263130612245,6.44775204081633,9.54547714285714,10.9299318367347,16.8432767346939,10.5442032653061,15.8857318367347,6.98508244897959,11.6157579591837,17.1608197959184,23.0458814285714,28.5589363265306,8.39091959183673,14.6082748979592,25.3378157142857,7.87482877551021,13.0301193877551,11.8054579591837,17.4337181632653,9.30542673469389,8.55797693877551,19.5236610204082,16.9368618367347,15.3960487755102,3.58124748979592,17.4355202040816,15.7825816326531,10.6748485714286,8.04941,-2.85627263265306,-3.83472263265306,-4.11387857142857,6.07208326530612,16.2450057142857,0.232938775510203,24.8800428571429,27.482033877551,21.187682244898,16.5142940816327,16.0881791836735,16.68368,16.8049004081633,18.284653877551,10.9621087755102,15.79718,45.0736673469388,16.2642110204082,14.375573877551,16.5327918367347,13.8881295918367,12.2266989795918,12.1169414285714,12.739376122449,17.0891569387755,31.3619202040816,24.3752755102041,8.37788428571429,13.4886342857143,23.63031,23.1873371428571,7.12974979591837,19.291383877551,15.2430963265306,20.8885867346939,21.5660040816327,19.9470253061224,19.3440253061224,7.71248632653061,11.660306122449,22.0413253061224,28.4634163265306,28.7638065306122,28.3882583673469,25.8989240816327,26.9715814285714,28.19615,32.324432244898,24.0004404081633,30.0208791836735,35.1587248979592,27.3175418367347,30.1400846938776,37.216833877551,34.7486067346939,31.2507430612245,4.86009512244898,3.76505289795919,14.3786120408163,16.1519034693878,15.1523320408163,10.2396893877551,10.9438569387755,9.91183714285714,20.3776712244898,22.176683877551,28.2491787755102,15.321636122449,40.1141420408163,5.19686612244898,13.5288183673469,12.4634536734694,13.668717755102,8.71747999999999,14.2196410204082,18.4647846938776,12.8812381632653,0.304691632653062,4.02907387755102,25.1326030612245,31.7091851020408,18.9262383673469,37.2084657142857,41.0565346938776,18.9300934693878,47.5903306122449,31.396827755102,29.941033877551,30.6468073469388,17.7179114285714,19.0990616326531,21.6561542857143,22.9294442857143,38.5710944897959,36.7912459183674,43.5044326530612,16.2728491836735,22.5312316326531,15.3583881632653,30.0985436734694,2.56230030612245,11.8902491836735,17.7638989795918,24.4579469387755,4.76192040816327,27.0136363265306,23.5976575510204,28.9963702040816,50.1198602040816,24.85847,19.6189369387755,28.4597746938776,34.3534153061225,32.9985393877551,34.5774304081633,26.3309653061225,30.003556122449,30.6958885714286,53.9195285714286,57.7380336734694,71.3588397959184,70.1081857142857,65.2313448979592,58.5903204081633,39.9179959183674,31.7415112244898,25.1676591836735,37.3197244897959,41.6836020408163,42.5842653061225,40.2956795918367,45.3077775510204,19.9775487755102,26.1698555102041,26.222932244898,21.3808014285714,13.4610885714286,25.8563926530612,22.3418312244898,41.2841142857143,36.700953877551,37.3810128571429,32.0108724489796,37.9919169387755,28.2477108163265,34.4249279591837,36.1026726530612,3.83634902040817,24.1187516326531,16.2934665306122,11.8887165306123,7.55136632653061,36.3715030612245,47.2838387755102,47.0980724489796,27.5530920408163,15.0373014285714,22.5895206122449,9.83236653061225,12.4980612244898,22.8102532653061,14.2214575510204,23.5114040816327,13.5290828571429,12.2325375510204,24.235212244898,14.0463179591837,5.0796318367347,9.70595693877551,2.31279912244898,9.82526040816327,16.2309418367347,17.8064085714286,6.87767734693878,13.775297755102,8.49543367346939,11.2429004081633,15.4981069387755,6.90454142857143,12.0069979591837,16.0797412244898,19.7575144897959,11.5010616326531,31.4199969387755,36.2541134693878,34.7689893877551,49.1167642857143,43.143543877551,40.9470816326531,16.5630344897959,11.5387775510204,22.416893877551,25.7019969387755,20.7494893877551,20.8560526530612,13.7353020408163,15.4180708163265,14.6057934693878,10.8719659183673,8.56819489795919,7.91111040816327,13.5191906122449,16.4544259183673,17.0843816326531,16.0533310204082,15.6382804081633,16.9657512244898,16.6677279591837,15.7117187755102,18.7232791836735,14.8363987755102,18.8272436734694,31.5553685714286,28.6289134693878,10.8069612244898,29.3267840816327,2.706546,40.037682244898,43.8207653061224,23.145006122449,16.9483187755102,22.1813446938776,2.53462757142857,10.4361371428571,22.0153730612245,19.4247226530612,19.0325157142857,18.2296871428571,25.3889967346939,17.2727036734694,24.9086773469388,16.6435391836735,16.5822171428571,22.848212244898,18.7841675510204,23.2132457142857,18.8674155102041,17.731962244898,9.02196551020408,15.8406334693878,25.3467869387755,20.7411693877551,26.5839602040816,17.6263344897959,16.8278895918367,22.8389008163265,1.45471812244898,9.26442510204081,16.9361642857143,10.160602244898,7.53403795918368,11.1951057142857,14.6463657142857,14.8802432653061,8.30774224489795,27.6401783673469,14.3494473469388,9.06187285714286,6.00407918367347,6.0241287755102,15.7137642857143,11.3629295918367,9.29305448979592,21.8941432653061,33.7788840816327,48.0643765306123,14.116192244898,21.2895220408163,33.3929457142857,39.1747193877551,36.1111828571429,31.3733216326531,48.8921744897959,7.16867918367347,13.3902030612245,14.885397755102,16.3252987755102,14.1470897959184,17.4309610204082,25.1680789795918,17.5788189795918,31.2131669387755,18.8372204081633,9.79781285714286,25.1962420408163,2.93789469387756,12.9765708163265,17.1179597959184,8.76098387755103,43.2755091836735,27.908787755102,22.8756732653061,33.5594948979592,27.188133877551,29.8608940816327,2.86364163265306,6.72499061224489,24.2118367346939,-0.140683469387758,-9.1439018367347,-11.1072121020408,-3.28036591836734,-3.50142102040816,-1.33364265306123,3.41508102040816,-1.99541408163266,2.67142734693878,5.50931428571428,4.36780265306122,3.68642691836735,9.0446512244898,18.2594489795918,19.2268459183673,27.8795940816327,26.8593402040816,23.2759287755102,24.3671706122449,12.0965024489796,7.82534755102042,10.5081453061225,20.4403330612245,26.7516234693878,12.2934651020408,8.41810653061225,8.08562306122449,22.2683691836735,21.5669824489796,29.823616122449,13.2069412244898,21.6137957142857,11.9862253061225,19.2962016326531,16.40554,11.3796091836735,9.03420571428572,9.92649142857143,12.4752259183673,13.35982,12.7408820408163,5.31104755102042,47.1579193877551,37.6122393877551,32.3756232653061,18.3420528571429,22.4225795918367,31.8702969387755,35.7834087755102,25.1167040816327,23.6015416326531,25.7112506122449,10.9427571428571,20.8095536734694,20.1755148979592,22.9301248979592,3.73910761224489,5.17186285714286,-2.56051206122449,11.819276122449,4.44807408163265,18.5034118367347,19.1437216326531,16.1742271428571,10.9530016326531,15.4601553061224,15.9686359183673,16.5398828571429,17.6946375510204,21.6141818367347,37.8203530612245,19.00494,22.6266595918367,29.693196122449,28.0182995918367,17.7088030612245,21.2249659183674,16.3307469387755,8.87207428571428,16.7896471428571,23.7707342857143,37.7281614285714,28.7242389795918,23.7299534693878,9.96024285714286,4.52999653061225,16.9049512244898,24.5337504081633,25.0034671428571,25.6761220408163,25.5667706122449,30.4026744897959,25.8124189795918,21.1536728571429,9.60437428571429,2.39087918367347,19.9993304081633,11.7166653061224,24.6983091836735,22.1109426530612,1.56428306122449,16.3320316326531,36.5758485714286,28.6370530612245,23.4602828571429,11.8715448979592,20.1968124489796,10.0226897959184,12.8069653061224,19.8223214285714,12.718467755102,13.9523557142857,18.1042983673469,13.8959840816326,6.47278612244898,3.99040120408163,4.92979146938775,13.5186567346939,9.36240918367347,18.1842848979592,19.6367010204082,8.01951326530612,14.8703016326531,19.6221630612245,19.738316122449,24.0556546938776,30.9456653061225,41.9774571428571,72.5825744897959,52.4221448979592,18.9800446938776,16.5537742857143,6.76368224489796,6.82112285714286,13.4183367346939,10.5671553061224,15.5635106122449,17.8077434693878,17.8914342857143,21.5506844897959,14.1852593877551,10.2994279591837,3.70450265306123,18.9795004081633,12.236686122449,10.47683,16.7347979591837,24.1403085714286,19.9919183673469,19.6817867346939,9.59236081632653,5.28311979591837,-0.732810408163264,16.0163346938776,13.0743851020408,7.56215510204082,16.8940346938775,13.6306540816327,15.6419369387755,23.5444106122449,26.7334083673469,30.2897332653061,32.3960165306122,34.3374165306122,33.8447165306122,27.6593020408163,18.2720557142857,21.5772659183673,19.3410726530612,17.7869453061225,15.3260055102041,22.5722991836735,19.4971342857143,23.9239393877551,1.43926287755102,14.7344593877551,10.9386544897959,7.52368163265306,16.2118730612245,7.13246306122449,15.5122230612245,4.04793697959184,10.8891242857143,7.95176836734694,6.9097424489796,5.24682469387755,13.550106122449,25.1035246938775,17.6654657142857,13.5324291836735,16.8283291836735,25.3992430612245,16.6246342857143,10.3753536734694,9.78034142857143,19.8140385714286,18.5249967346939,23.6045924489796,17.2541146938775,11.9696840816327,0.364158979591834,29.6632167346939,19.3152840816327,13.9885336734694,20.423477755102,24.7929420408163,17.9857869387755,36.4221814285714,26.6659483673469,35.0656681632653,29.5470359183673,13.472152244898,36.3566093877551,19.3575048979592,24.4205506122449,11.5523591836735,8.43052,6.30830612244898,5.51770040816326,7.31047244897959,6.25297489795918,2.50500755102041,11.2387089795918,-4.27502542857143,20.1900630612245,10.0510471428571,-0.183428673469385,10.0962981632653,9.43877816326531,10.3949628571429,31.9077346938776,28.1547644897959,14.4214279591837,16.4836779591837,13.7633779591837,32.1455336734694,22.0753263265306,11.9174408163265,9.04677979591836,9.93193040816326,8.78482224489796,6.47126040816327,7.83141040816326,6.15713734693878,6.47171448979592,14.9778179591837,19.3809797959184,31.6577412244898,22.0479144897959,25.910576122449,28.4846267346939,15.3927940816327,14.6725287755102,20.9007324489796,5.82168020408163,11.5140630612245,22.4563191836735,24.4283530612245,28.8726024489796,42.6706214285714,38.0715016326531,38.837687755102,28.4433340816327,26.0000648979592,26.0621489795918,30.0445487755102,7.00010653061225,16.349047755102,19.9041548979592,20.1971651020408,10.9691116326531,26.2366373469388,8.34971265306123,13.4478018367347,16.4262902040816,3.48960085714286,-3.69006973469388,-5.08126973469388,21.250526122449,29.0373812244898,24.4433951020408,13.8501665306122,19.9589720408163,14.9663353061224,25.7328726530612,19.4153726530612,11.5619193877551,17.6894508163265,18.8244497959184,15.4348214285714,30.1622512244898,17.8472355102041,32.5857069387755,21.8514497959184,19.7987836734694,27.3452026530612,13.1368146938776,7.49213934693878,10.8656914285714,7.62221795918367,10.1198481632653,6.40412673469388,5.78734673469388,9.68257571428571,8.78950102040817,8.0816124489796,14.4014314285714,19.3056320408163,24.6663567346939,18.8066291836735,15.5303275510204,9.94354020408163,8.40718326530613,2.96951748979592,11.2292316326531,10.1148816326531,14.777512244898,25.2504428571429,44.3882234693878,18.2337820408163,20.9771446938776,11.1839228571429,24.7987714285714,29.7406426530612,18.8621640816327,8.44950775510204,20.6713293877551,28.6385591836735,12.1360473469388,7.9279924489796,27.1410920408163,28.4753148979592,26.1060381632653,17.2999240816326,13.7641410204082,8.10361224489796,7.31729857142858,15.0200185714286,15.9093608163265,14.141092244898,12.8651063265306,9.62463959183674,13.939876122449,7.57710836734694,0.213274857142861,-1.50957514285714,2.29576081632654,5.09811693877551,17.0290916326531,9.48939693877551,14.2321779591837,5.46875857142858,13.0441375510204,23.7123781632653,24.8190297959184,22.6046663265306,14.4834524489796,13.9248614285714,11.300706122449,20.7687230612245,19.2019224489796,15.9059551020408,10.9966983673469,17.4981091836735,17.3345612244898,24.8766418367347,11.3221528571429,15.6992979591837,21.9995746938776,26.36622,39.9205214285714,44.3214632653061,38.0948410204082,24.3666412244898,24.2724446938775,20.0334840816327,5.84032469387756,7.95739428571429,8.74658857142858,7.42366408163265,19.652043877551,14.6603518367347,25.59185,14.481726122449,21.2493591836735,23.8997055102041,25.6344910204082,16.9003006122449,18.8822006122449,18.9703006122449,16.9540783673469,38.3624908163265,30.9882265306123,10.8436767346939,26.6954955102041,29.6871732653061,15.001416122449,9.47060795918368,7.59018204081633,23.8258869387755,28.983536122449,32.5453036734694,17.5879867346939,6.99663244897959,20.7195057142857,35.2253810204082,43.2298234693878,39.4117102040816,27.0391408163265,24.1448271428571,24.5654787755102,42.8446816326531,10.5327371428572,1.95050191836735,2.85509836734694,8.94289938775511,10.824177755102,26.4820210204082,16.6193069387755,18.4634006122449,9.98027591836735,11.7523836734694,18.345032244898,35.3439534693877,19.5356255102041,24.765613877551,33.531203877551,44.1761459183674,42.4540275510204,42.6685510204082,27.8415202040816,49.6802183673469,42.5111653061225,28.2974810204082,10.9908965306122,12.950937755102,6.33056224489796,23.955912244898,9.76597632653061,10.9600942857143,10.6096608163265,8.11356591836735,31.6172532653061,32.8002497959184,15.4094110204082,19.6620010204082,9.07019959183673,5.75669081632652,-5.40826155102041,-2.07589489795918,-10.9977616326531,2.04196081632654,2.79781571428572,6.5873693877551,13.1404814285714,2.59755714285715,22.9231720408163,9.37014816326531,1.63121448979591,-3.92447959183673,-12.0952653061224,23.5055779591837,10.5561663265306,20.5216489795918,15.589213877551,11.2254528571429,13.2554620408163,5.79099855102041,6.8598218367347,7.98726408163265,10.1977365306123,5.39612673469388,4.76562673469387,17.0672542857143,5.98290653061225,14.8276253061225,9.61018469387755,6.02699244897959,16.2854904081633,9.81528551020408,11.6083171428571,3.92312775510204,5.39048224489796,5.60272224489796,9.90240122448979,1.13326008163265,2.18772693877551,11.5409142857143,21.8455297959184,6.59861489795919,2.68781867346939,15.8799230612245,14.7699375510204,-1.39111714285714,18.2814704081633,15.8120524489796,13.9760293877551,2.98973410204081,16.3762369387755,0.31721632653061,26.4163744897959,22.9658604081633,5.52632775510204,5.17898755102041,16.4984504081633,12.3298142857143,16.1058946938776,14.4718283673469,13.8445810204082,10.4886879591837,8.31867367346939,28.3641134693878,19.3238153061224,19.56052,9.88372551020409,10.6790520408163,8.53631918367347,35.3916628571429,31.9523432653061,29.2365793877551,14.2434512244898,22.4336969387755,20.5235583673469,11.539432244898,21.5750859183673,12.3112324489796,2.42889026530611,2.72333759183673,16.5777093877551,25.1892195918367,44.4827857142857,51.6742724489796,6.65345918367346,20.3994791836735,18.4084948979592,21.4483008163265,14.2769269387755,10.0344387755102,24.6092328571429,13.1131840816326,13.7235481632653,14.0732183673469,11.6425067346939,10.7185836734694,23.12135,26.8385895918367,26.3582397959184,-4.28416265306122,5.85634204081633,5.50943683673469,10.232586122449,2.44918489795919,22.7651789795918,21.2804567346939,10.5858526530612,13.0209289795918,24.0227269387755,35.1880616326531,29.677322244898,28.2180910204082,7.45615346938775,8.46729755102041,11.4689287755102,10.5603865306122,11.4728918367347,16.1940920408163,41.5462255102041,41.8437632653061,34.9290855102041,20.1721959183673,16.2249828571429,16.1647969387755,13.8376367346939,4.90041693877551,-0.23096,1.29416612244898,19.283676122449,23.1260512244898,17.9259728571429,14.9591942857143,14.8665804081633,15.8672516326531,7.11719775510204,13.2944491836735,7.58782306122449,14.8556240816327,22.9017281632653,10.033106122449,5.70431816326531,2.09654924489796,21.8075440816327,19.7471434693878,24.9316426530612,20.897393877551,26.021237755102,22.1022451020408,21.8955265306122,24.0823410204082,15.1898253061224,9.69305346938776,-0.170437448979593,10.661087755102,6.55570387755103,7.70745387755102,3.26152,9.60056469387755,20.0371663265306,-1.0276812244898,6.07302020408164,8.35054959183674,7.29132469387756,20.0084416326531,7.36476367346939,7.88587102040816,8.30959367346939,8.84133020408163,8.71233673469388,9.91023040816327,10.4182189795918,10.7882424489796,22.4489412244898,24.4589891836735,20.5207471428571,34.6611136734694,28.5245457142857,32.4995863265306,29.6488567346939,28.992496122449,28.0950869387755,17.5582520408163,19.29274,23.4747834693878,16.9583265306122,6.14896114285715,1.35072408163265,11.7512108163265,11.818363877551,12.5859740816327,13.0111057142857,2.71063716326531,15.8912385714286,13.6897508163265,5.79956632653061,5.78765469387755,13.4435734693878,42.9920714285714,24.5055859183673,26.4342118367347,20.3876251020408,17.9181130612245,14.5507348979592,12.2377642857143,30.7182565306122,19.2026144897959,17.2676144897959,30.8704432653061,18.1493559183674,17.5402193877551,27.3984585714286,37.2446804081633,22.9749877551021,16.326203877551,18.7847991836735,7.47314346938776,14.9504430612245,12.5285846938776,16.4616081632653,22.9013281632653,36.0704104081633,-0.898273673469396,19.4220659183673,27.8733232653061,18.9256728571429,23.5502067346939,20.5819855102041,20.2616028571429,16.8210483673469,19.5195975510204,29.0777128571429,43.5547632653061,39.751807755102,39.3675016326531,30.6356169387755,30.9933691836735,17.4755012244898,34.7485040816327,36.3180467346939,19.7170875510204,22.2344069387755,5.61772253061224,1.34281202040817,32.3165595918367,20.4298371428571,27.9461130612245,17.6511883673469,10.9294587755102,19.4472414285714,11.2824687755102,33.1864197959184,53.2400714285714,34.2709259183673,33.4057416326531,21.962492244898,30.8102053061224,26.774823877551,31.699553877551,12.4432455102041,13.3531267346939,13.7951632653061,13.3914248979592,4.01871781632653,18.0376857142857,10.2397142857143,12.8173804081633,18.4050759183673,11.7093585714286,4.16816000000001,10.2423436734694,19.6815048979592,19.6245920408163,31.9368893877551,15.9308383673469,23.7719581632653,33.9867034693878,19.3376683673469,19.2591234693878,15.4835983673469,28.4821334693878,22.7327887755102,27.1181816326531,24.5161459183673,19.7639244897959,4.10667510204081,1.00766102040817,3.77853010204082,5.13806061224489,5.50782714285714,17.8239534693878,18.5895365306122,4.902823,4.82141765306122,0.850630755102044,10.0100291836735,4.0387506122449,11.88838,11.8153791836735,6.63010224489796,6.51309204081633,17.3563724489796,14.5858063265306,12.1419567346939,6.33054734693878,12.0688785714286,19.7579002040816,13.5330065306122,16.3444748979592,10.9557844897959,9.25007081632653,5.07134163265306,15.1237908163265,22.9560295918367,22.6948673469388,30.6308702040816,33.2930063265306,26.2500355102041,15.7528451020408,9.1358812244898,4.38636448979592,4.77412591836735,23.4951381632653,14.5976265306122,10.2313975510204,10.2701269387755,12.1488936734694,15.7778208163265,2.41481226530613,14.4708020408163,2.82110265306122,23.5107720408163,23.80411,15.4540385714286,8.5899718367347,-1.11462816326531,7.77249102040816,28.0572630612245,27.1341669387755,32.3220244897959,11.1311214285714,1.95830571428571,7.4236387755102,2.76197512244898,4.47896367346939,13.3673136734694,12.5384293877551,7.69642102040817,13.1991457142857,21.9161069387755,9.04477816326531,7.37129795918368,26.651227755102,32.8145042857143,32.2871065306122,29.6052065306122,10.316012244898,24.8977457142857,37.2671110204082,15.8308779591837,22.3493606122449,32.9324546938776,22.2895881632653,31.876657755102,14.6481310204082,11.7120871428571,13.4811910204082,22.3575436734694,28.5939046938776,19.7630151020408,12.0919763265306,30.1814489795918,39.9904428571429,48.1235959183674,5.07030153061225,24.8524269387755,39.7431267346939,6.24486451020408,10.7474808163265,6.40892775510204,11.8128002040816,18.6454593877551,17.2157467346939,24.7401648979592,38.22369,37.1854812244898,23.2471328571429,22.7278459183673,16.3246263265306,14.0046685714286,15.2007324489796,25.9924816326531,23.414606122449,22.1449942857143,24.1007742857143,21.8710087755102,38.4906228571429,28.8154751020408,22.7195824489796,19.5030595918367,35.3936167346939,35.1213130612245,17.46464,40.4963897959184,30.0766779591837,30.0606228571429,12.91123,50.8014418367347,59.6241102040816,47.7224367346939,42.0542275510204,34.0502257142857,21.2063281632653,45.7132612244898,23.2820163265306,25.9735230612245,43.1229826530612,33.1319320408163,29.1717555102041,31.9755055102041,27.2594724489796,10.4079087755102,12.6538163265306,7.0294112244898,16.8122171428571,13.0675563265306,6.97002142857143,4.61173489795918,19.8811889795918,13.9099712244898,9.81670877551021,26.2607008163265,44.3041428571428,38.1585830612245,39.394493877551,40.8831846938776,33.6653797959184,25.3434279591837,23.774517755102,24.0465267346939,11.4160473469388,6.67182224489795,1.75423206122449,15.8392912244898,14.8159916326531,11.5453663265306,12.1852179591837,11.5816634693878,25.7573414285714,23.5683748979592,42.7089897959184,55.7763163265306,42.2086959183674,18.770537755102,21.06983,11.3720508163265,2.48165632653062,13.8525442857143,11.9157775510204,3.97095459183673,22.6561848979592,12.6414395918367,17.6650710204082,34.6007720408163,33.3689997959184,27.2545479591837,21.9413348979592,15.9301710204082,24.2382020408163,26.4510793877551,25.024937755102,36.2120624489796,21.0715287755102,16.1521273469388,23.5536228571429,22.0372532653061,28.3270095918367,27.7139771428571,26.8405389795918,23.6305775510204,44.3992326530612,4.34329708163266,4.21218210204082,26.1586128571429,11.4764640816327,13.8845128571429,29.772377755102,19.2166893877551,37.8230828571429,47.1069,41.9240959183673,40.82065,26.9628116326531,40.6712504081633,33.3840208163265,49.2905285714286,33.0434146938776,20.7698412244898,10.4766118367347,12.8120128571429,19.6454648979592,26.3470179591837,32.2524442857143,20.4935746938776,8.33134775510205,6.10576040816327,29.1212957142857,20.694832244898,28.4451018367347,30.5362518367347,40.3428040816327,41.6537602040816,36.7400363265306,15.4777216326531,19.3106516326531,12.046166122449,13.6895689795918,10.2346155102041,14.1164751020408,18.2517106122449,19.6158979591837,19.7109283673469,5.42902448979592,6.07833448979591,11.5229206122449,12.7100206122449,19.1816775510204,17.2749244897959,24.8591663265306,11.3018510204082,21.9829624489796,15.58191,12.2340275510204,34.1986942857143,40.7940826530612,44.4510102040816,20.7761816326531,24.5260028571429,34.2164581632653,32.8659728571429,22.9760097959184,19.0311142857143,18.4114532653061,14.501237755102,37.2067908163265,5.17954693877551,16.0309546938776,16.6163695918367,17.1210208163265,9.32530040816327,10.8285618367347,3.84361465306123,15.7480579591837,17.3692455102041,18.1925540816327,32.6082106122449,36.2947071428571,49.451568367347,12.498403877551,25.2420020408163,12.1238408163265,14.5373030612245,21.0727873469388,24.4910010204082,15.3341426530612,25.3303753061224,30.0973842857143,35.5026342857143,29.6947151020408,48.206187755102,42.5803408163265,17.9300846938776,15.7311706122449,11.3763193877551,14.7927867346939,28.2539,13.7643675510204,7.59651714285715,13.8894546938776,18.7791924489796,20.6016310204082,12.512593877551,10.6728104081633,8.67635040816326,3.84976369387755,5.62259387755103,27.3396808163265,21.5090734693878,18.0253414285714,3.82927236734694,13.9135948979592,11.3855681632653,10.6096359183674,12.6430159183673,21.3273514285714,30.1857589795918,27.7378548979592,34.8075681632653,32.3667587755102,24.1405581632653,18.0075555102041,21.1539232653061,18.1938520408163,25.9340428571429,26.4720434693878,25.3483395918367,21.3437812244898,17.6276816326531,9.52331020408164,9.33847081632653,13.2667997959184,9.96339612244897,2.08688346938776,6.55667857142857,12.0223632653061,9.44496224489796,9.59026020408163,12.0124653061225,2.96651095918367,15.2635669387755,12.4841502040816,22.3003246938775,7.38918632653061,22.498093877551,19.0890089795918,28.9984191836735,32.2234993877551,27.8468169387755,7.37140244897959,28.6413248979592,17.9699412244898,14.0716571428571,29.0046702040816,11.7132585714286,21.2857540816326,8.41053612244898,5.85169714285714,-1.48481808163265,6.64565020408163,2.8016518367347,5.91936510204082,11.5525204081633,14.7225546938776,7.23078959183673,13.6344381632653,10.3467689795918,12.7723059183673,15.9298653061225,18.6517216326531,17.4828355102041,24.8297336734694,31.55506,19.8283189795918,0.130293061224489,-1.55856430612245,13.6738818367347,26.2023130612245,37.6294563265306,25.7826932653061,22.6393495918367,19.9558720408163,13.9534632653061,20.2945946938775,13.5905491836735,10.1293185714286,9.13935551020408,24.6788857142857,32.263852244898,20.4291714285714,29.3431985714286,33.4931820408163,15.4234175510204,15.6647695918367,2.004153,32.8074742857143,3.03989884897959,11.8891408163265,7.03117589795919,6.95907673469388,14.6130010204082,6.53061571428571,8.8887857142857,6.92477020408163,10.9876510204082,12.0803510204082,19.1631087755102,22.4738053061224,14.7930569387755,27.9924010204082,19.8998236734694,19.3020891836735,43.7142551020408,41.3174632653061,25.0506118367347,25.305106122449,24.4136642857143,24.3837946938776,32.4826146938776,48.0340540816327,38.1846265306123,18.9296991836735,40.4522232653061,16.0264514285714,16.9402569387755,16.1604240816327,10.8063902040816,13.5480402040816,14.0961573469388,14.7752348979592,14.5078575510204,25.4666181632653,19.1421393877551,21.0118485714286,22.0347144897959,36.05398,39.0400183673469,40.2465324489796,39.872937755102,31.8478471428571,21.4212589795918,24.7168018367347,22.3537248979592,20.7125004081633,35.0652465306122,28.1188912244898,32.6768753061225,44.5363448979592,29.4499351020408,19.0638091836735,32.7392842857143,39.680412244898,24.6060367346939,18.7530706122449,12.5707487755102,11.4301695918367,8.80375591836734,15.0795810204082,16.359932244898,11.4670520408163,8.47011,13.4294657142857,15.4613906122449,3.64878312244898,22.5034153061225,17.1591869387755,19.7840336734694,26.5271583673469,32.2765924489796,11.4134695918367,28.1077008163265,33.9626183673469,42.8818877551021,48.8087265306122,55.6285520408163,46.588243877551,63.0559826530612,21.1072120408163,35.6783308163265,27.2985126530612,26.81933,20.9974357142857,22.5592324489796,26.0972581632653,25.8005404081633,26.6438053061225,23.5284279591837,36.6778687755102,21.3625706122449,23.5551775510204,36.0264230612245,28.0907928571429,19.3420444897959,2.08639020408163,1.45613428571429,15.4029404081633,13.5513155102041,25.4034430612245,29.0602587755102,30.1651602040816,21.2809691836735,11.1228069387755,23.1688255102041,29.2219924489796,32.3248816326531,26.7603755102041,18.5098791836735,6.55592530612245,5.81215636734694,9.17890979591838,11.8516702040816,13.511606122449,17.7833814285714,11.8266857142857,9.30564469387756,12.4837163265306,16.3664179591837,16.3756475510204,20.3492253061225,16.6403959183673,29.1725642857143,19.648943877551,17.756673877551,26.7037091836735,27.226177755102,41.1138926530612,21.1295032653061,14.4333379591837,34.6453297959184,6.66439183673469,11.341507755102,16.9167279591837,17.1286828571429,16.3330224489796,9.96920489795918,17.4985993877551,9.54617040816327,23.252103877551,39.3439324489796,29.2232140816326,21.8977212244898,29.8759642857143,30.7593102040816,6.28471571428572,23.4845314285714,30.7556481632653,36.635633877551,29.4549640816327,22.6245226530612,50.5791540816327,17.8241842857143,8.61843918367347,9.66529591836735,9.81373163265306,37.9679230612245,14.6081108163265,17.274643877551,8.19170265306122,33.9930279591837,35.6841734693878,16.6376436734694,20.4620595918367,19.6344548979592,43.3522489795918,12.382886122449,-2.27592393877551,7.23146510204081,19.7921965306122,24.1469887755102,22.4039214285714,28.9778857142857,18.5053940816327,12.2935281632653,20.820356122449,16.7191895918367,23.5049451020408,7.23881591836735,14.2977606122449,14.3729769387755,8.53957530612245,22.6669651020408,14.7173320408163,23.6873446938776,27.9348648979592,20.2251410204082,21.8966985714286,12.8574542857143,18.5979128571429,36.0449306122449,28.5721128571429,18.9901534693878,24.3452381632653,19.6539151020408,42.7333316326531,35.0412559183673,31.8123418367347,23.9821851020408,9.61294979591837,11.455892244898,8.80252285714286,10.6814257142857,8.68266244897959,2.4916676122449,32.2736110204082,28.0276912244898,21.4694087755102,22.14618,22.4605359183673,23.4006553061224,22.7548832653061,36.5018810204082,48.2278,9.35390836734694,11.7443787755102,8.38157326530612,7.50597,4.3144193877551,1.4683693877551,1.56524897959184,2.83399897959185,4.27479346938775,16.4227497959184,22.5261604081633,29.1931559183674,24.744433877551,23.4338612244898,21.9502295918367,23.5969204081633,18.2007902040816,16.0933904081633,4.41706836734694,6.55374469387755,7.29215897959184,7.69505897959183,4.74488557142858,7.31987091836734,10.7857659183673,15.0537187755102,6.35875469387755,21.1495228571429,8.89825938775511,9.06088020408163,14.804467755102,15.7986757142857,17.8370340816327,14.8989516326531,12.8109855102041,14.9071897959184,14.9522491836735,24.1990771428571,29.200752244898,29.0787981632653,29.0981587755102,30.654203877551,40.7575273469388,42.7109765306122,57.8307091836735,9.92506306122449,35.5346512244898,34.7923646938776,38.0395363265306,7.54074122448979,10.4878667346939,14.6384728571429,13.9732714285714,13.2702259183673,22.6463624489796,21.4702026530612,31.0595657142857,19.9696520408163,19.2132206122449,17.44333,17.3703859183673,11.158503877551,9.32709244897959,16.993632244898,3.15636526530612,8.62923081632653,11.9251465306122,7.74721081632653,23.6605181632653,27.6480710204082,22.7975865306122,31.8187465306122,22.7519575510204,33.2064140816327,28.0515140816327,19.9216442857143,19.9130453061225,36.0028291836735,26.6295769387755,26.3358769387755,43.1184428571429,50.8189612244898,53.2387081632653,37.503593877551,41.5987142857143,41.1136969387755,39.1435469387755,33.5727257142857,28.8376779591837,22.0746465306122,15.9667614285714,21.5536089795918,19.8057536734694,21.1908136734694,3.19707357142857,3.90055346938775,10.2767259183673,13.1567153061225,2.26633387755103,30.0876728571429,4.34361293877551,5.09362079591837,13.3940151020408,12.0183589795918,19.3406063265306,11.3211820408163,22.7417512244898,26.8035440816327,9.02074346938776,7.56615877551021,22.4145328571429,19.4607491836735,26.5962151020408,32.6838002040816,33.3586544897959,20.6466714285714,22.799266122449,34.1037208163265,25.2004195918367,40.3127573469388,41.0067367346939,45.7372897959184,9.72421918367347,7.33151918367347,13.9885171428571,18.1756326530612,14.3298148979592,17.0873483673469,25.5180087755102,25.972063877551,11.4418442857143,16.4257126530612,44.703212244898,44.205962244898,10.1307830612245,15.5948820408163,13.8345830612245,18.8889828571429,21.8397302040816,20.3630359183674,20.9264455102041,21.1063885714286,20.5665467346939,16.2963295918367,20.8700969387755,18.8938573469388,19.6144532653061,38.4799451020408,16.709082244898,37.5879832653061,20.4700563265306,16.8124273469388,39.9423944897959,47.7485755102041,35.2619591836735,22.5097571428571,17.3435667346939,16.2265379591837,25.0410491836735,26.9166669387755,32.8979083673469,16.0542940816327,21.2733514285714,20.4840002040816,22.6357267346939,28.01158,25.7540481632653,13.1154028571429,15.5205928571429,35.5467704081633,30.818033877551,23.8099955102041,9.85493571428572,29.261223877551,14.6867683673469,13.2805726530612,15.9156808163265,26.990076122449,12.4530369387755,38.9768846938776,31.0748359183674,49.6510316326531,34.7835904081633,23.6609024489796,26.3077491836735,29.2458157142857,3.64090493877551,43.0486132653061,9.31240428571429,2.03989602040816,7.38889044897959,7.73640265306123,17.7474346938776,5.92402612244898,15.5747251020408,18.1846408163265,4.98846632653061,5.56610097959184,8.69629204081632,7.40951367346939,18.6715126530612,19.3882326530612,23.6338636734694,9.12736510204082,10.4785102040816,7.63498857142857,8.24204224489796,8.63177367346939,19.8227712244898,21.9100526530612,23.6873453061225,25.5727302040816,24.0325971428571,28.7293165306122,30.7454926530612,39.4906885714286,44.6823704081633,24.529073877551,26.4169726530612,14.6652981632653,17.4106685714286,1.35005091836735,10.4982185714286,8.96417693877552,10.8520257142857,17.1296865306122,18.7337732653061,21.5940473469388,27.2791904081633,29.1653291836735,25.8405602040816,27.0139416326531,25.2684744897959,24.8147744897959,26.9399302040816,47.1122479591837,37.9953353061224,7.48362816326531,5.43720285714286,11.9762785714286,15.4275163265306,14.9844348979592,18.0331667346939,16.6826357142857,14.6867255102041,10.1468257142857,15.5047687755102,14.0268471428571,19.3774502040816,19.0661502040816,8.4891793877551,15.2952379591837,30.1633248979592,21.1068183673469,6.14184244897959,7.48005836734693,8.53424265306123,6.40885489795919,14.6559279591837,20.56732,14.2407904081633,14.5338312244898,23.4982751020408,12.0996997959184,35.4057285714286,23.9048083673469,22.5781269387755,22.0688044897959,29.1668567346939,33.5313583673469,17.9374663265306,13.9237563265306,12.0208969387755,9.98446408163265,17.5269826530612,29.5821287755102,33.8507267346939,20.6913616326531,29.1128320408163,42.3301081632653,46.0418193877551,6.35410877551021,9.47528163265306,38.5121567346939,31.9880232653061,25.9387275510204,37.5115706122449,33.8021097959184,34.1464287755102,37.7185902040816,18.7914602040816,25.0610263265306,22.1295506122449,19.3383340816327,19.4332783673469,33.1720128571429,25.0407818367347,22.3445930612245,41.4579673469388,43.7472030612245,23.1944918367347,43.2535530612245,43.7942530612245,33.3388410204082,37.4357206122449,27.6980124489796,23.7785869387755,13.0945248979592,3.33549163265306,30.3885744897959,37.8999497959184,32.2653357142857,21.3761597959184,24.8384120408163,33.5663957142857,11.5203732653061,13.4483232653061,23.8585083673469,25.4012169387755,14.1232014285714,8.65232020408164,13.0121869387755,10.8484083673469,11.7970716326531,13.8321397959184,14.3360928571429,13.8357279591837,25.1354116326531,16.3005873469388,29.1380636734694,30.9397636734694,19.1041544897959,19.8448506122449,24.5587793877551,35.5554124489796,30.6503904081633,21.3998173469388,32.4471112244898,27.0504565306122,19.4334485714286,20.7748685714286,38.6588526530612,21.5768779591837,20.2530236734694,18.7561357142857,-0.152930693877547,7.18981569387756,7.2399602857143,4.77144206122449,32.8498536734694,14.4754606122449,36.0662002040816,29.3962108163265,20.577287755102,19.0735714285714,12.9038571428571,12.7039559183673,2.2398908367347,11.2093689795918,9.69474040816327,5.20451726530612,20.6320244897959,17.5643579591837,18.912443877551,16.8098751020408,27.0159585714286,35.5923393877551,45.2542520408163,40.0620048979592,36.0825759183674,34.9724693877551,43.2525989795918,23.5367306122449,3.70054673469388,4.22856510204082,0.0496787755102055,7.23302877551021,10.8068842857143,15.4066346938776,16.7625451020408,18.3573242857143,15.5199769387755,11.6837834693878,19.2575824489796,12.8080393877551,6.23963551020408,12.416,6.68195836734694,25.274157755102,8.59549102040816,13.8990508163265,9.62320081632654,9.65568734693878,4.79942779591838,16.5284795918367,47.1968969387755,43.9790346938776,52.6882918367347,51.4554367346939,52.3987336734694,51.6980642857143,46.5567642857143,54.4970989795918,33.4954393877551,32.4242357142857,25.8418275510204,24.8367151020408,17.0748316326531,16.6417924489796,24.5713093877551,28.3807216326531,16.2600353061225,22.9941789795918,21.3219442857143,22.4119430612245,19.0762075510204,19.4778706122449,6.38664408163265,19.4076742857143,29.5599863265306,42.0417744897959,25.1573234693878,14.6079681632653,26.3495630612245,4.94014326530612,20.3684008163265,26.7866834693878,16.9079587755102,22.1161044897959,22.3373787755102,38.1948702040816,21.816253877551,18.0312220408163,17.4210071428571,16.3307702040816,14.9177208163265,6.30090979591837,9.15051367346939,15.7694526530612,16.3462697959184,7.40059816326531,45.2248010204082,21.4384932653061,16.6948887755102,24.5243034693878,43.7190102040816,36.6087228571429,26.6968785714286,23.7224404081633,11.4535732653061,14.5510691836735,15.6115595918367,16.2180997959184,19.395427755102,4.85400106122449,21.3191648979592,31.0946779591837,22.2484271428571,30.4609453061225,18.0170730612245,13.7823381632653,8.18588979591837,11.1129606122449,8.93082306122449,10.5924530612245,7.5886236734694,7.83182367346939,2.91975124489796,6.91331632653062,21.6651408163265,53.0928642857143,40.5359112244898,10.2806226530612,13.6402687755102,3.4041406122449,23.1547595918367,23.4768095918367,28.4019257142857,21.3091108163265,32.3173348979592,2.34652061224489,22.5657046938776,29.2708746938776,25.5472657142857,8.06072591836734,9.36710795918368,8.43560102040816,12.1016367346939,7.83308673469387,22.2455544897959,31.4364457142857,29.2850291836735,31.307172244898,33.0386193877551,28.3010891836735,30.8935444897959,25.1657893877551,33.2081479591837,39.098587755102,46.8036040816327,35.9330920408163,8.14458469387755,22.3296514285714,31.1817032653061,24.8559183673469,30.2468340816326,28.9084744897959,36.685197755102,35.414883877551,35.5783936734694,32.5428487755102,42.2925420408163,38.5566920408163,13.024267755102,18.3208781632653,26.3588918367347,29.3861993877551,25.6560002040816,22.1922363265306,37.8469491836735,22.9349691836735,31.9368436734694,32.0954436734694,9.06042897959184,5.94695163265307,6.20990632653061,4.26127908163265,11.4093185714286,9.92339387755102,5.0327212244898,34.1835414285714,25.7002565306123,22.0695208163265,23.3756587755102,13.6591744897959,10.2071191836735,11.4952324489796,10.0835383673469,35.9439740816327,15.1716553061225,30.8749753061224,11.436206122449,11.9663951020408,28.8981659183673,36.2296716326531,27.8936020408163,26.7341359183673,30.0765473469388,27.1336534693878,42.6683489795918,58.6252295918367,51.9965744897959,32.4912520408163,21.7389187755102,15.01953,11.7397440816327,18.7355281632653,13.9396406122449,10.0127983673469,18.7714812244898,32.8785106122449,32.9323314285714,24.5004018367347,30.1717165306122,25.0281224489796,34.9670073469388,34.1016826530612,35.1801051020408,30.4591726530612,11.4646726530612,18.6884844897959,1.9747383877551,14.7653706122449,19.2235857142857,17.0123151020408,23.3679,14.3242885714286,16.0299144897959,11.7334455102041,18.3057451020408,13.4606463265306,35.007626122449,29.7990271428571,36.3582767346939,25.0017048979592,17.084473877551,19.9491804081633,11.4692936734694,7.19573163265306,5.4183706122449,4.84173346938775,18.6601424489796,13.5026740816327,30.519012244898,25.7368248979592,16.7257402040816,18.1207779591837,22.9246397959184,39.4712683673469,30.0752120408163,36.00991,33.7908702040816,29.5513112244898,38.8977234693878,34.5044418367347,36.5928626530612,55.9446744897959,47.416787755102,39.8899010204082,39.2859702040816,32.0346336734694,40.4315153061225,36.9542124489796,46.5253520408163,0.342124142857139,11.8482404081633,9.8039906122449,11.0962210204082,7.90215469387755,27.1409110204082,26.7725130612245,21.7039097959184,12.5726546938776,18.2091540816327,8.51226734693878,18.3019169387755,27.8521424489796,28.556092244898,32.7861987755102,28.8388246938776,25.7852928571429,24.7349440816327,23.2120757142857,29.29237,15.4813324489796,14.930416122449,7.58485448979592,16.6261459183673,4.98866734693877,26.2014973469388,18.8337691836735,17.8773844897959,13.4910467346939,6.28317591836734,60.3489765306122,47.3533642857143,36.17344,36.2519414285714,14.0064242857143,17.8258228571429,23.0828718367347,17.5007346938776,15.9205602040816,29.5173963265306,9.03370387755101,26.0292016326531,26.0374702040816,19.1418904081633,8.14807204081633,8.56649428571428,22.9975730612245,26.9685277551021,31.7422418367347,26.7840751020408,24.6206544897959,31.008522244898,40.6276385714286,58.8718173469388,50.5641214285714,57.2502163265306,28.9521151020408,35.5111136734694,28.5572204081633,13.150276122449,25.0531167346939,12.3994312244898,10.0657097959184,16.0730285714286,14.5379755102041,21.6672791836735,22.6971204081633,11.6573151020408,11.3189065306122,17.685607755102,9.82378714285715,7.05892591836735,19.6592740816327,13.350346122449,25.3281646938776,26.8878916326531,16.9029351020408,15.6460673469388,7.75694612244898,14.2420034693878,5.94071755102041,7.83547734693878,17.141726122449,17.8071940816326,11.2103775510204,25.9116459183673,22.6050214285714,19.0125410204082,29.2010534693878,21.8647697959184,20.567027755102,14.575043877551,19.8704602040816,27.2179214285714,31.4747265306122,18.4126344897959,27.4294706122449,21.1959226530612,23.2026342857143,21.8975942857143,17.5093510204082,28.5266116326531,28.9026902040816,30.0672740816327,35.0908987755102,23.3201453061225,23.3279497959184,18.1212489795918,7.69567653061225,10.6579375510204,23.634783877551,34.8252951020408,16.6938236734694,8.07966102040816,17.139023877551,20.1590908163265,21.6862863265306,17.1201073469388,10.7344842857143,9.14830224489796,2.0876416122449,9.10399571428571,18.9260191836735,12.8964373469388,10.2467424489796,14.5006373469388,16.4421828571428,20.3973512244898,20.8795132653061,23.692076122449,27.1790563265306,20.3363453061225,18.4540006122449,26.9776967346939,0.927636734693877,2.79665411428571,10.1079102040816,18.6140557142857,31.9641763265306,32.4147942857143,28.2635012244898,18.7208259183673,5.43934897959183,3.23596,25.1339642857143,30.1908963265306,47.2794448979592,38.4868897959184,37.9682706122449,39.9521448979592,37.0070514285714,22.762462244898,27.9085383673469,25.6933020408163,21.9415293877551,8.70209571428571,9.72861224489796,14.7305512244898,29.2275391836735,30.3541132653061,30.1809132653061,37.6662175510204,34.4878826530612,43.7979357142857,64.0189744897959,63.2976744897959,68.2421642857143,22.2260928571429,6.12730653061224,16.2625940816326,-2.09959510204082,43.7268367346939,39.7934724489796,45.2099020408163,31.3231465306122,15.4377781632653,7.49598714285714,13.3436248979592,30.6977951020408,30.5902983673469,36.7745883673469,16.4775910204082,30.2982455102041,42.7370265306123,47.2669448979592,40.0241183673469,14.6049489795918,10.4594771428572,24.3362587755102,23.1591314285714,22.6773053061224,7.88809367346938,8.89345448979592,20.6029710204082,28.0540548979592,19.6670344897959,15.7080802040816,10.2181620408163,9.57426,22.9629810204082,26.5394520408163,25.3339220408163,25.4464842857143,10.1504383673469,6.0275206122449,10.7894314285714,15.991683877551,27.2009720408163,23.3686785714286,18.9959530612245,30.9272755102041,32.7690634693878,47.1645448979592,28.3438634693878,27.6116397959184,37.2946726530612,44.4422479591837,16.9340181632653,13.7727263265306,14.0810430612245,9.70500979591837,15.73695,16.1185504081633,49.396512244898,25.3383965306122,9.58421,35.6939948979592,19.7951175510204,24.2276018367347,32.7021489795918,49.1609551020408,40.8503612244898,42.1631612244898,54.1670948979592,50.9700948979592,37.1027683673469,25.9077953061224,15.0459087755102,14.3525283673469,16.944327755102,20.3508330612245,12.7658514285714,18.7772720408163,20.1524042857143,24.6730728571429,30.1588885714286,34.76869,37.4173895918367,31.2762969387755,8.43004693877551,7.4892881632653,38.9676687755102,21.8668787755102,27.3434073469388,15.5559957142857,13.6736859183673,22.0137318367347,12.3083614285714,-3.5367881632653,8.51036244897959,20.5431906122449,17.8603146938776,11.987763877551,9.49871653061224,15.0756134693878,19.0942457142857,27.1724579591837,27.6905614285714,24.4742612244898,37.1964514285714,34.5389616326531,47.598712244898,43.8284979591837,39.5283346938776,51.1759857142857,42.3775602040816,31.3488008163265,32.3660942857143,14.2335724489796,9.03281591836734,12.5760795918367,23.0464871428571,28.2475351020408,27.1188446938776,21.3669875510204,4.60289122448979,1.77222363265306,3.67106918367347,-2.57281971428571,-3.58238608571428,13.8399275510204,9.37018673469388,19.7656753061225,15.7328397959184,18.8323875510204,16.0039,14.8842614285714,10.5971193877551,21.9951532653061,21.1058532653061,17.219536122449,27.934956122449,32.2262587755102,36.159913877551,43.9774040816327,42.2731081632653,28.8007089795918,33.6738473469388,21.5507673469388,18.5015575510204,20.2850679591837,9.55980612244899,12.4335732653061,8.0511418367347,3.83884571428572,16.2174387755102,10.9113446938776,17.0113767346939,29.09531,7.98735489795919,17.3461812244898,31.7423402040816,22.6070383673469,16.0174675510204,8.07823040816327,8.87023040816326,8.51433040816327,18.9743157142857,8.75869714285714,7.10721036734694,3.19997485714286,21.7257767346939,34.4159806122449,45.2002918367347,28.8600708163265,50.0603418367347,33.3174326530612,14.1775246938776,14.1008779591837,23.4421436734694,20.5968624489796,32.6855314285714,10.2515112244898,34.5380542857143,31.1879110204082,23.3758765306122,19.9237855102041,20.7389114285714,26.6838234693878,32.3378459183674,31.1442026530612,12.0544893877551,13.3768893877551,9.50894979591837,4.0065789387755,17.04695,26.4558648979592,12.8503212244898,12.7944191836735,13.9852502040816,22.9338736734694,14.3312785714286,38.9700693877551,24.9777618367347,23.8675985714286,26.5425420408163,27.7046636734694,33.3430365306123,30.6075004081633,31.515397755102,27.8370940816326,22.9162126530612,13.7114757142857,16.3930965306122,9.35194244897959,19.7817497959184,20.7574259183674,13.074882244898,11.6693095918367,21.1215312244898,23.1514812244898,19.4454653061225,22.563806122449,27.9934634693878,21.4306816326531,18.2141353061225,8.46168755102041,14.1985169387755,5.94371775510204,8.32782265306123,6.23708469387755,17.0762728571429,33.8619763265306,26.760407755102,18.3307428571429,22.9840159183673,15.5410189795918,20.0511734693878,39.9898471428572,40.5382908163265,42.6068132653061,43.8392857142857,33.7920767346939,18.1714932653061,13.3039751020408,11.4392408163265,2.15466018367347,17.4196330612245,31.8663491836735,29.847627755102,24.8560487755102,13.7980116326531,8.77222571428571,5.92244265306122,-2.36667393877551,13.8092587755102,38.5491089795918,28.2821840816327,7.12663591836735,3.36148163265306,8.94352489795919,9.20168857142857,33.5676112244898,35.2000036734694,33.9863771428571,37.6588632653061,27.2081832653061,35.057416122449,14.0047657142857,21.7616526530612,20.036697755102,11.0057734693878,18.4827489795918,24.4977024489796,15.9231812244898,21.090332244898,21.551613877551,18.1401897959184,16.5361820408163,14.70748,-0.0522816326530648,6.2127387755102,8.69296224489796,14.0275275510204,16.3053157142857,26.9090571428571,31.1127459183674,31.6520518367347,35.4092459183674,6.23441428571429,29.6803918367347,39.2295602040816,39.283543877551,39.8914071428571,35.2167030612245,40.49605,34.6790424489796,30.7600446938775,32.2194448979592,41.2582897959184,39.8851959183673,35.7591789795918,36.4913824489796,31.1441851020408,35.3610591836735,53.0989989795918,26.2193959183674,24.974697755102,30.0941546938776,35.3628,33.8244910204082,34.5319551020408,31.9220479591837,33.58756,39.1361836734694,36.5962787755102,44.0681887755102,29.3378883673469,30.7855048979592,31.5952651020408,24.3430946938776,12.5772089795918,23.8577824489796,26.5289518367347,24.3767075510204,26.554452244898,37.5043497959184,63.6135489795919,63.4467489795919,7.38879308163265,28.5285395918367,29.3027393877551,24.7867193877551,21.1590251020408,11.821373877551,7.23632387755102,1.93053716326531,19.1761244897959,12.3102787755102,13.5528836734694,21.28421,17.8784506122449,28.9035663265306,20.5208224489796,18.1318569387755,22.8659726530612,6.20974897959184,19.0189667346939,21.6497063265306,22.3757742857143,30.3594751020408,32.0009608163265,37.5964618367347,11.7723693877551,17.1269124489796,15.759433877551,17.5248897959184,31.4602516326531,4.68232816326531,14.5597969387755,20.022747755102,17.1375453061224,11.1691940816327,16.8627859183674,2.66810326530612,8.15072551020408,15.3116793877551,21.460282244898,18.5301863265306,-3.14215551020408,-4.54060836734694,-5.75467857142857,-3.71595530612244,-5.08469448979591,-5.38489448979592,2.7380118367347,2.56475510204082,-4.88535571428571,-2.20811163265306,29.3928112244898,13.5691406122449,12.9539573469388,28.1169648979592,18.8317381632653,22.6543848979592,18.6301653061224,14.3633140816327,9.46471612244898,2.81084895918368,5.49437510204082,23.4888326530612,33.9151383673469,46.7566989795918,17.609467755102,17.5599081632653,13.8109042857143,11.7524042857143,14.164143877551,30.3081926530612,39.3551295918367,30.5781459183673,27.8271926530612,26.1142128571429,17.431827755102,22.9455528571429,26.9909869387755,28.0653024489796,45.9088346938776,40.8425918367347,38.1925018367347,29.5368126530612,29.44031,28.9511151020408,11.6051012244898,7.93197020408163,1.24864387755103,3.97847673469388,27.0455873469388,22.6528246938775,35.7613579591837,34.0862530612245,30.6446255102041,61.3369959183674,40.1738153061224,57.9404867346939,47.6286836734694,7.46756612244898,16.0939532653061,26.8486193877551,20.4964079591837,19.3800379591837,17.9115214285714,33.1241785714286,35.941536122449,43.2985204081633,40.0179608163265,8.5144193877551,13.5315024489796,17.6527308163265,32.2289775510204,22.6244532653061,14.7378124489796,11.1220010204082,25.3402210204082,30.0551616326531,21.1580179591837,25.8964312244898,9.88596959183673,2.96499214285714,0.594942142857135,24.0984051020408,21.9980636734694,26.6370408163265,27.9668763265306,27.844373877551,21.3125551020408,34.5551863265306,25.673313877551,16.7299375510204,7.18460448979592,9.40957571428571,9.32276326530613,9.9883918367347,14.3803310204082,34.1199493877551,34.9571651020408,33.9022718367347,36.1797187755102,2.17760605102041,18.1333936734694,24.904692244898,8.70243306122449,18.4638875510204,19.9489112244898,25.7871083673469,26.7356083673469,18.8056463265306,36.1145679591837,38.4582846938776,23.1081542857143,30.8811087755102,20.580962244898,24.0363971428571,28.5775126530612,29.8473626530612,21.0435873469388,24.9860032653061,21.3472946938776,6.22274775510204,3.47805979591837,19.7840026530612,7.70616571428571,16.7178416326531,18.9955346938776,13.2075312244898,17.5465226530612,21.8108251020408,18.10135,8.28219795918368,15.4632185714286,14.296876122449,17.7660097959184,18.8293306122449,14.1328608163265,0.972331979591836,32.9487857142857,23.9843226530612,26.6847553061225,24.4008610204082,4.81368224489796,9.35351,23.7765714285714,12.5856091836735,14.7679246938775,20.123086122449,10.3574642857143,16.7158865306123,15.5313865306122,19.8071365306122,17.5488365306122,28.4590485714286,15.1855279591837,18.5804071428571,21.955726122449,19.119526122449,14.4933840816326,10.3053520408163,5.56961551020408,0.524664693877551,-2.88148,7.62490163265306,20.7206191836735,33.1152993877551,27.5464712244898,32.0692867346939,16.3499683673469,19.6240081632653,23.5125118367347,11.4843340816327,5.93446632653062,16.0816169387755,18.0390124489796,6.82167489795918,8.98211163265306,11.8924748979592,7.71259489795918,19.6683987755102,14.9969634693878,18.3767302040816,13.3317781632653,20.0883983673469,21.6008085714286,22.1212346938775,20.5619775510204,26.8590114285714,27.5759848979592,32.1538324489796,25.214776122449,37.0744946938776,7.64985204081632,28.6978928571429,20.5755751020408,22.4154951020408,11.3246626530612,29.5912393877551,27.6875212244898,35.8199518367347,33.6777673469388,28.0926136734694,27.2286287755102,27.3214155102041,28.9904063265306,21.0166559183673,14.8986014285714,15.8860610204082,13.5575273469388,14.1494614285714,22.4031089795918,21.1056804081633,13.8485593877551,25.5350963265306,16.7547359183673,44.2899285714286,26.4182659183674,31.8552863265306,41.7145285714286,40.5208469387755,46.3191071428571,37.7223136734694,29.4357828571429,26.7096781632653,13.8138,12.48335,22.0839557142857,7.85685040816326,9.32310387755102,9.94169693877551,7.2099824489796,6.64291489795919,12.2085673469388,12.7760330612245,8.19800346938776,5.44580244897959,33.3596312244898,49.8684744897959,27.2255871428572,16.5209626530612,11.42793,15.153597755102,14.2131108163265,10.2190263265306,11.8366232653061,4.03369324489796,3.99175326530612,6.16485640816326,-0.712544081632655,10.84636,14.7625063265306,20.0594402040816,31.3761846938776,14.0315802040816,21.4790483673469,15.27446,24.4789489795918,18.2737269387755,28.148472244898,23.37771,37.9979479591837,38.3773836734694,39.2234371428571,18.8699673469388,20.028052244898,34.0455195918367,27.583467755102,22.8143979591837,30.0076593877551,48.5011897959184,37.7574169387755,7.35998204081633,9.83640285714286,23.7241418367347,21.5793848979592,24.6185910204082,24.6527412244898,8.81982653061225,30.4886357142857,40.4082148979592,37.6441489795918,35.0910728571429,40.6923581632653,35.9051195918367,16.6282167346939,26.8156714285714,11.5859369387755,5.12789428571429,7.54584897959184,14.1560159183673,14.6375518367347,15.7508251020408,30.0378279591837,22.2480489795918,12.9856820408163,4.70291816326531,8.05025591836735,23.7784048979592,8.82398632653062,5.74872959183674,11.6504412244898,2.81580006122449,10.8053051020408,13.611796122449,13.177903877551,11.0958832653061,16.5087716326531,14.1928616326531,25.1397410204082,11.2307279591837,12.6431371428571,8.29753857142857,13.9631051020408,6.55583979591836,13.9028636734694,11.173617755102,8.53125448979593,7.1573293877551,8.43281918367347,12.0757504081633,13.9294520408163,25.7194395918367,15.4559130612245,10.1835802040816,8.93058673469388,12.6825787755102,7.75997877551021,7.24738367346939,30.9530473469388,5.93426320408163,27.9194997959184,25.7223146938775,24.3924944897959,31.100632244898,33.260882244898,37.5349748979592,34.1190991836735,40.4767581632653,43.475662244898,48.6051051020408,29.6250430612245,30.5410493877551,22.3721091836735,10.0768026530612,12.5600095918367,31.8605314285714,34.5630653061224,39.562523877551,39.235573877551,30.0371320408163,24.0696630612245,17.5423712244898,16.8668175510204,11.3104412244898,32.550717755102,12.6383985714286,19.4863371428571,13.7367197959184,4.4976606122449,13.684582244898,16.4428240816327,19.8851885714286,19.0274328571429,14.673983877551,24.4725071428571,15.2090775510204,12.0828391836735,18.6192167346939,23.8967026530612,18.263357755102,20.1873895918367,18.2442304081633,18.8358489795918,17.7601965306122,16.7836440816327,7.10054979591837,3.34015736734694,13.0041171428571,10.4305563265306,13.9223140816327,9.47584816326531,2.09214306122449,0.466193061224482,8.93326489795918,24.5158353061225,25.6053528571429,39.5076102040816,33.2019593877551,35.7851697959184,34.018973877551,26.9286612244898,24.7531081632653,38.5391828571429,35.6344693877551,37.1781469387755,28.1725753061225,38.7459642857143,32.8817044897959,20.8963275510204,29.9830867346939,3.51951285714286,2.27060328571429,0.237332367346941,-1.5596418367347,2.57684714285715,-3.23601218367347,4.50257,3.75397977551021,24.8511502040816,22.6290289795918,25.1641334693878,20.407892244898,21.1765993877551,32.0773273469388,30.8070273469388,20.1832195918367,27.6986967346939,20.782573877551,17.0027275510204,17.0828275510204,20.7879514285714,25.1657897959184,16.7150567346939,30.2636314285714,3.57656820408163,2.67441820408163,6.29490291836735,2.23525251020408,6.91233555102041,6.43579475510204,7.15279116326531,5.6601187755102,4.67484171428572,13.9988693877551,15.4012320408163,15.8815918367347,8.50854387755103,22.022243877551,18.1491842857143,31.8642273469388,22.0717993877551,23.3977695918367,21.7873687755102,21.8410155102041,14.4504004081633,12.6521473469388,26.3506071428571,30.2305797959184,44.3746448979592,47.1805326530612,41.7154265306122,55.4677010204082,54.5584897959184,48.9309153061225,43.2517602040816,21.9111634693878,43.460768367347,32.6122685714286,37.2773765306122,16.5698526530612,16.111277755102,12.3724373469388,3.89919081632652,3.89057479591837,19.9593559183674,5.71434020408163,6.83620632653061,22.4362826530612,25.2651157142857,13.6626914285714,17.7374136734694,27.06697,29.2132530612245,25.2657234693878,28.3229502040816,28.7819055102041,32.6227126530612,22.3000526530612,17.8355218367347,12.8810504081633,27.7931967346939,33.1109079591837,23.0579679591837,13.655237755102,19.5813642857143,9.1559287755102,7.04391551020408,3.42830346938776,6.51403734693877,24.5949863265306,14.0511614285714,19.9346381632653,4.06381979591837,7.46490959183674,-4.06646265306122,3.72187285714286,14.1459585714286,13.485937755102,14.5537979591837,18.9296402040816,34.8156832653061,14.1198740816327,26.1465251020408,24.8242618367347,5.51270734693878,2.61409069387755,15.3597575510204,10.0194,14.2495483673469,19.311716122449,26.8999779591837,15.0193606122449,13.2963085714286,26.0621744897959,17.4020857142857,25.2822197959184,29.9635334693878,36.22518,30.5333157142857,8.2046006122449,29.7827359183673,25.1328979591837,15.0072165306123,21.3195991836735,15.6340557142857,12.9832910204082,11.5666320408163,14.0653626530612,13.6156091836735,5.85087510204082,9.74952510204082,10.8241430612245,13.6311540816327,22.3571259183673,26.4740265306122,11.4002848979592,22.776713877551,18.85064,16.8306563265306,18.0127293877551,19.7248275510204,22.7924928571429,18.9868710204082,13.5595895918367,5.04663775510204,18.9298089795918,16.9142767346939,14.3619010204082,45.2539102040816,32.3952471428572,18.9104014285714,6.50337551020408,4.67868448979592,10.3907295918367,2.42510344897959,18.2359228571429,38.1010787755102,32.8250863265306,28.0709871428571,11.1285971428571,13.3403828571429,4.77023495918368,7.97176673469388,25.1617840816327,13.1760985714286,22.485792244898,6.38425918367347,3.07556657142857,12.0239104081633,7.75280997959184,7.53180997959183,8.2792681632653,33.2053704081633,27.0101516326531,30.5517742857143,23.7376210204082,25.9592163265306,21.7815624489796,21.1423832653061,22.0875748979592,22.0664624489796,20.0896193877551,18.7856812244898,19.881077755102,15.7714887755102,12.3617302040816,13.1184055102041,6.82495000000001,17.4410951020408,16.6690636734694,18.451067755102,5.24612714285715,16.4799240816327,4.41661812244898,23.453726122449,36.0153153061225,39.1684448979592,32.6478232653061,50.8863806122449,24.7546812244898,30.5484481632653,4.90049571428572,14.4513742857143,25.7012557142857,18.6675416326531,4.10700775510204,20.3692151020408,21.7043708163265,8.21977326530612,30.1194932653061,23.8668248979592,27.5690597959184,33.4321248979592,30.9152991836735,13.2483116326531,7.1035593877551,10.1100269387755,35.6631685714286,53.7375204081633,49.1579387755102,37.6097051020408,47.5823326530612,42.7514806122449,33.218843877551,32.1970593877551,19.1023842857143,8.24895489795919,13.8350134693878,23.4405902040816,25.8291126530612,13.4884381632653,18.9572357142857,23.0519506122449,16.4532689795918,17.6226683673469,27.5931826530612,4.83443387755101,4.02301163265306,8.37541163265306,23.1468814285714,25.6849853061225,16.5494667346939,30.9884240816327,24.2871426530612,19.607943877551,15.4677308163265,14.2293257142857,19.9807936734694,3.89078632653061,6.94088163265307,14.248207755102,13.1182828571429,17.2878004081633,11.4845893877551,34.6347506122449,24.2405730612245,17.8424532653061,29.3702410204082,21.4328493877551,13.9117481632653,38.7030885714286,23.5628087755102,19.4350275510204,22.8493602040816,18.3953975510204,11.05963,23.9585604081633,25.8048487755102,29.9291185714286,21.2358273469388,15.2811181632653,13.7622646938776,15.956887755102,17.2508489795918,16.0508208163265,17.5335640816327,16.8513046938776,20.9813689795918,9.60456102040816,10.2537387755102,25.6013502040816,31.6325553061225,32.2585116326531,23.1527520408163,17.8515134693878,32.8781836734694,25.8133640816327,22.9393053061224,44.7772153061225,39.0760571428572,55.9251846938776,36.9167657142857,36.3406208163265,29.3671269387755,30.4904765306122,18.6224830612245,18.5065342857143,15.2958324489796,12.0169826530612,24.3941226530612,17.646292244898,14.648722244898,13.000022244898,9.48420020408163,9.27257979591837,21.3095918367347,24.8372812244898,12.3351265306122,13.8603524489796,12.5458540816326,19.1025971428571,18.1894073469388,11.5473387755102,29.0916995918367,18.3164659183673,24.2303083673469,15.0530869387755,20.0310075510204,23.3949724489796,10.3744946938776,19.2045651020408,16.3094148979592,22.5556881632653,12.4326183673469,16.0736995918367,9.32537734693878,9.37997244897959,10.671817755102,10.8829973469388,11.843692244898,18.2160991836735,17.4291991836735,20.765087755102,20.1600955102041,15.5716802040816,21.266476122449,22.1916053061225,19.109352244898,17.8194724489796,20.2409346938776,29.1489363265306,30.5866363265306,14.3232530612245,8.15248918367347,23.8863157142857,35.1669281632653,30.3864336734694,36.2881228571429,26.8122293877551,20.5849942857143,14.7932855102041,23.2197463265306,9.40230265306123,18.8956242857143,1.70872591836735,4.7633712244898,17.6520110204082,19.9665869387755,18.7531259183673,22.6716818367347,23.4666818367347,12.595742244898,13.5854679591837,23.9315108163265,8.99048020408163,12.8790110204082,4.2139622244898,9.06209734693878,11.6069714285714,45.3858153061225,22.2338414285714,18.486353877551,11.3840534693878,20.7748632653061,21.6033891836735,21.663036122449,24.5828924489796,22.89373,23.4646595918367,27.9866130612245,15.5062428571429,13.2543924489796,29.1760836734694,18.040013877551,26.0598536734694,34.6661585714286,23.6537510204082,33.4107440816327,38.7942734693878,46.4408775510204,41.0886867346939,37.8057359183673,45.9539520408163,28.4745918367347,26.7262465306122,41.926906122449,34.1962904081633,40.6122867346939,41.0978091836735,42.0597683673469,37.3626381632653,49.4158887755102,31.2301193877551,39.797277755102,34.5687653061225,25.5434524489796,15.6202334693878,28.7088371428571,20.2985430612245,42.2648632653061,19.9162134693878,8.52291,18.5908187755102,12.2011791836735,3.21595918367347,1.94987014285715,16.6799781632653,21.0421818367347,11.699913877551,28.3252697959184,19.4394814285714,22.7544106122449,27.8966734693878,45.9616010204082,32.6061042857143,35.2073065306122,47.3587132653061,60.8961602040816,75.9620071428571,52.0365897959184,31.5793197959184,30.6611112244898,25.7250451020408,25.4767387755102,19.1384893877551,24.9063369387755,18.7347785714286,22.2768675510204,40.4384102040816,31.8398844897959,46.6647367346939,25.4855634693878,26.0559663265306,17.1301453061224,14.305263877551,16.6213473469388,23.210713877551,19.2485106122449,9.94219387755103,12.3792214285714,7.99552142857143,11.6500320408163,5.91967591836735,13.081376122449,3.99636204081633,6.35948414285714,15.6225004081633,15.4549948979592,22.4613853061225,24.3848844897959,32.3657655102041,28.7834816326531,23.8395548979592,17.3556804081633,23.1595448979592,25.5550781632653,10.7558148979592,4.17486673469388,15.6730126530612,20.8468491836735,29.142332244898,30.6680251020408,26.6235520408163,29.6084075510204,29.407297755102,33.5364148979592,27.4896973469388,26.3058834693878,23.8484226530612,11.1184944897959,8.37565428571429,12.751476122449,8.68373816326531,14.4887653061224,28.0189095918367,15.1187153061225,33.1792934693878,15.1028112244898,24.92239,42.6593030612245,28.0971844897959,27.9903934693878,15.3651685714286,32.2272344897959,16.054773877551,28.0932465306123,26.5690044897959,4.3354772244898,15.1189118367347,19.3598236734694,23.5880857142857,14.8930124489796,12.8303053061225,17.5532453061224,21.58371,24.3433993877551,25.5867528571429,29.6476157142857,27.557347755102,25.5219210204082,8.16894673469387,16.4430242857143,19.0488389795918,13.1370446938776,14.1750108163265,0.405769387755099,6.34295734693877,-2.7624616122449,21.5900630612245,21.6075632653061,-1.22511008163265,37.8131855102041,24.6715142857143,16.6855832653061,20.8539032653061,21.8975387755102,18.1006724489796,29.0379732653061,34.4242681632653,29.2158008163265,23.1950381632653,27.3316524489796,12.274922244898,29.2306924489796,43.0686346938776,29.8629569387755,21.0315318367347,32.6449253061224,35.2427704081633,12.807133877551,21.5492012244898,27.0353432653061,10.0022655102041,17.9415226530612,49.8827510204082,44.5464969387755,35.1174226530612,38.5644320408163,1.2022033877551,16.9479175510204,17.4264802040816,7.87265489795919,9.46787040816327,12.3627844897959,32.0527651020408,30.6367857142857,47.4355683673469,42.1648265306123,42.9241806122449,55.7115673469388,57.886543877551,28.1490463265306,27.8886363265306,27.4502004081633,33.6426973469388,33.4030379591837,15.8139840816327,32.5288820408163,31.0582173469388,29.8093979591837,18.9178620408163,10.9552320408163,20.6077671428571,20.1633218367347,22.7316571428571,22.8196985714286,26.5641334693878,21.8803926530612,27.9542408163265,28.0683908163265,27.3930957142857,24.5507906122449,25.2800269387755,27.0392634693878,31.5774718367347,26.1101440816327,12.5667693877551,16.1464987755102,30.7887355102041,16.5454332653061,15.5477328571429,13.7648465306122,16.9049240816327,9.58577918367346,6.08285520408163,4.95884518367347,7.52150489795918,25.1429142857143,16.7945244897959,12.027066122449,28.9421095918367,37.3948916326531,32.8942195918367,33.1602614285714,18.4308959183673,13.1730140816327,13.4053793877551,23.5110471428572,21.4721304081633,27.3334969387755,26.01665,7.88874836734694,24.56003,7.26466612244898,8.51630469387755,6.2476043877551,14.9702487755102,28.2201871428571,32.6162965306122,32.058992244898,21.1272128571429,17.9824971428571,23.3710471428571,16.3711473469388,32.9457914285714,31.2567153061224,31.8113742857143,35.5505683673469,10.07708,16.3347569387755,9.40999367346939,5.60617885714286,9.45298020408164,8.15994795918368,14.5046610204082,18.3997167346939,41.9419275510204,48.700493877551,32.3658889795918,36.167922244898,20.0787059183673,23.4484804081633,23.349812244898,19.5013318367347,20.0903502040816,21.2884406122449,11.9949979591837,10.5775895918367,13.1951055102041,8.9432112244898,12.7565783673469,8.47533346938776,-1.51194095918367,3.31676395918368,13.0541753061224,27.3888908163265,24.3838736734694,26.1269989795918,38.2142571428571,21.6453740816327,20.2597575510204,23.8096002040816,15.1634975510204,21.0077344897959,21.4975528571429,23.1936259183673,8.09525571428572,31.3639265306123,29.7128626530612,31.623767755102,24.1243379591837,15.5203187755102,25.3855914285714,25.9313414285714,23.5046744897959,28.4925104081633,22.9209726530612,29.7419414285714,18.2954085714286,16.8702483673469,15.2268426530612,10.9600046938776,10.3894285714286,21.3709379591837,31.2215226530612,22.5066189795918,10.6525585714286,11.9742320408163,12.4029048979592,11.4112685714286,2.48684320408164,2.17701508163265,24.8459248979592,24.5770753061225,42.4842887755102,36.9408224489796,40.6183448979592,22.2996816326531,8.53182775510204,2.99952820408163,32.024123877551,32.7648312244898,29.0227502040816,19.2142210204082,31.4693173469388,38.1606281632653,8.73452959183674,7.98689326530613,15.1396612244898,18.9060885714286,15.336563877551,12.8120389795918,12.7693646938776,9.19151428571429,16.9991930612245,16.7350381632653,10.0100875510204,11.6806524489796,9.76839857142857,14.538637755102,12.5110704081633,12.9156363265306,14.6414632653061,9.37512387755101,8.22671204081633,41.97227,39.5232612244898,37.20288,38.5735081632653,31.4529444897959,21.3894732653061,34.0948269387755,33.6313620408163,33.8727157142857,32.3191042857143,9.79539387755102,12.1689657142857,12.9694040816327,13.1904579591837,5.90030755102041,28.4807075510204,32.6886936734694,23.7526093877551,7.1927824489796,26.282586122449,15.3693863265306,11.4009651020408,2.40124316326531,14.556427755102,16.1830553061225,17.2848491836735,15.9272140816327,17.7040167346939,19.0847624489796,9.12812653061225,25.9499710204082,54.476993877551,30.9513497959184,22.9200748979592,9.7909612244898,31.5048436734694,20.2385810204082,14.6159159183674,17.6084491836735,8.5966087755102,28.4365255102041,11.8440497959184,13.9176728571429,19.9584426530612,14.4901106122449,43.1823357142857,33.0294510204082,27.7899251020408,15.9187285714286,12.5344920408163,13.2156302040816,10.8844285714286,41.1798510204082,40.829587755102,19.2578481632653,16.3135653061224,9.80853285714285,15.6733048979592,31.5501716326531,25.5422265306122,8.25633795918367,29.8002320408163,26.0437979591837,27.2775330612245,30.9790275510204,0.82174714285714,16.5230830612245,12.8962375510204,6.71166551020408,12.4072906122449,6.32565987755102,17.1673110204082,8.81727918367348,9.68270673469388,10.0602893877551,12.51793,7.12405346938775,8.81216102040816,5.56892877551021,3.00055218367347,4.49453814285714,22.8091332653061,17.2494516326531,26.1003232653061,12.3298891836735,23.1447853061224,23.8950363265306,27.8757328571429,10.1457897959184,10.668316122449,10.1830495918367,26.4070514285714,43.8277683673469,7.63118591836735,18.906126122449,19.4248793877551,8.16955959183674,12.4983730612245,25.4800412244898,7.76050918367347,40.630793877551,23.4602120408163,27.5755328571429,12.2944918367347,19.4383312244898,13.4460412244898,10.6777624489796,17.9445504081633,54.1906010204082,4.7056712244898,18.3785063265306,28.0602057142857,8.70974918367347,7.0210191632653,9.84290346938776,9.34817673469388,15.6090495918367,13.6984781632653,13.6858516326531,27.3550487755102,10.0420355102041,4.93480612244898,12.2861846938776,9.76648897959183,11.2762889795918,4.79578897959184,11.5540497959184,5.41677512244898,10.5862065306122,20.1958116326531,19.4876714285714,27.6238185714286,18.6204220408163,18.6129079591837,30.2562351020408,6.94762244897959,3.97065475510205,14.45512,18.2047557142857,16.7034187755102,37.6396687755102,37.3977385714286,43.8949367346939,42.5049765306122,60.0558051020408,67.360056122449,38.9667316326531,40.2496316326531,35.6161414285714,33.456227755102,39.6369593877551,34.9287763265306,33.8811320408163,34.7965320408163,38.2015071428571,25.6190514285714,27.2160255102041,27.3891655102041,23.8274071428571,3.15372265306123,17.5861481632653,20.1822540816327,31.2699873469388,32.1170751020408,30.1674328571429,31.2900144897959,11.828636122449,8.53527469387755,13.5634487755102,23.0457440816327,5.59842428571429,9.91922714285715,11.6315904081633,6.05283530612245,6.09408714285714,20.4098510204082,10.7646644897959,8.26107897959184,13.8088589795918,20.4566389795918,14.9600591836735,11.994233877551,21.1497771428571,15.2310414285714,25.3210726530612,19.8629259183674,15.56455,4.98050857142857,7.86215,4.82043183673468,22.6053244897959,5.48910836734693,9.57414510204082,11.9778795918367,23.1842620408163,39.7170728571429,46.6170551020408,49.9842040816327,43.9573683673469,30.8445408163265,23.8036728571429,3.64396189795918,11.1600512244898,8.62244040816327,14.2606687755102,5.23433471428572,5.60862612244898,5.73032612244898,4.02847122448979,2.19152449183673,3.32232449183673,12.8807569387755,16.4717428571429,16.7999285714286,19.8533448979592,9.57059693877551,34.5606010204082,37.5357824489796,32.3018926530612,41.5645244897959,38.9867510204082,34.439397755102,39.4459059183674,22.5317724489796,26.0861518367347,26.9357904081633,28.2111785714286,17.9835687755102,17.1433334693878,19.1846281632653,8.27627020408164,37.0480836734694,35.52389,36.5906375510204,30.1268430612245,16.1843593877551,18.763466122449,16.0898557142857,29.069726122449,42.0077275510204,30.0810751020408,20.9709593877551,18.2644955102041,15.6363687755102,19.0799926530612,15.8022279591837,17.5495614285714,-0.377852857142855,18.7790089795918,14.5496912244898,22.1542873469388,30.3913055102041,42.8837928571429,30.2414836734694,13.693197755102,31.9883591836735,39.84988,32.2498963265306,7.62538285714286,15.4062381632653,5.76556773469388,5.07703755102041,33.2353379591837,27.5757963265306,15.517033877551,7.93525326530611,17.5562028571429,39.4638685714286,13.2928848979592,17.5565665306122,36.8003418367347,23.8727212244898,7.17917775510205,12.024106122449,16.0435244897959,10.1200989795918,10.4111567346939,8.47369244897959,6.7889930612245,9.0234930612245,18.2330257142857,50.8981132653061,12.2283118367347,13.4229924489796,24.7539389795918,18.2800995918367,16.8397404081633,18.3064185714286,9.72873163265307,12.4071159183674,2.13298720408163,2.9865178367347,12.3236236734694,20.3136881632653,16.8198616326531,19.7709236734694,12.657673877551,20.3882740816327,21.9420357142857,37.3539483673469,23.9163402040816,31.7107055102041,24.8315567346939,10.0611432653061,11.7574932653061,19.7067046938775,8.41408020408163,1.98902367346938,6.28422367346939,17.8624226530612,21.5181328571429,34.5658934693878,27.3905295918367,27.7365691836735,18.807063877551,16.2324169387755,28.1869993877551,50.8005387755102,12.6061771428571,20.9950318367347,16.1840514285714,12.3637934693878,5.47292867346939,10.1427608163265,8.41323020408163,5.69090889795918,7.56614183673469,9.76954183673469,5.01355387755101,18.5291224489796,13.5654565306122,26.3755116326531,24.9857351020408,40.7746693877551,19.3620836734694,21.9243195918367,23.9144569387755,32.2669567346939,36.8151948979592,37.2553130612245,23.3930746938776,20.2730810204082,12.1992810204082,2.64602579591837,3.1396273877551,12.1908955102041,14.1561226530612,14.3100136734694,16.0655197959184,5.10928820408164,10.2439084489796,10.071956122449,14.6981018367347,10.6530644897959,15.55362,23.1871520408163,23.4366732653061,13.6875991836735,3.96150775510204,12.0857481632653,13.2118685714286,23.2792575510204,36.6041391836735,29.3369171428571,18.5937230612245,20.5016671428571,23.2709067346939,28.490823877551,26.9976846938776,13.0217257142857,39.5919214285714,47.2531989795918,6.72431704081632,9.91305612244898,4.98479924489796,6.13746065306123,5.7953306122449,13.9480387755102,14.2671267346939,14.4157363265306,8.18244306122449,12.1868930612245,23.247426122449,25.4849297959184,29.7480802040816,37.2514548979592,37.6213548979592,29.3238867346939,47.801893877551,30.3253404081633,15.845592244898,7.84496387755101,13.2839867346939,15.2810881632653,12.8246346938776,20.5835316326531,21.6917242857143,40.8441579591837,15.0339759183674,2.76335693877551,14.8851720408163,19.8135075510204,-0.168253999999997,9.90178653061225,10.419682244898,16.7303269387755,18.0517502040816,10.9906514285714,16.415516122449,19.944043877551,21.4608544897959,37.8599110204082,30.5182920408163,19.5887793877551,17.9587208163265,14.8056863265306,26.6320475510204,27.6264104081633,20.1229293877551,21.0869795918367,17.4879355102041,26.5629020408163,30.5599744897959,34.0417375510204,31.9656628571429,40.6111948979592,32.3244108163265,36.6550216326531,12.6120840816327,15.7322465306123,16.0908765306122,25.8371148979592,29.9684306122449,17.9695342857143,6.83212897959183,10.5097971428571,16.4408124489796,12.9983514285714,14.6747091836735,23.7505606122449,16.8043524489796,9.30372469387755,3.62707897959184,6.4625718367347,4.6453718367347,3.7820623877551,14.3968151020408,6.29615408163266,8.44455408163265,10.6552040816327,11.9313210204082,34.4287940816327,33.6319206122449,11.0106412244898,12.7621581632653,9.00363938775511,8.36317918367347,10.6601746938776,0.893728326530613,15.5632891836735,14.2721355102041,-0.614179836734692,6.30208959183674,8.87673489795918,26.633512244898,18.9967187755102,20.2264285714286,24.3483671428571,22.0474485714286,25.2261771428571,7.98978346938775,21.0908602040816,32.4901514285714,25.118477755102,28.0328195918367,20.4796553061224,6.23766673469387,1.94345857142857,-6.77506346938775,-6.55011306122448,-0.290449387755103,15.1228097959184,12.6669069387755,57.5358,24.0635059183673,32.1756971428571,44.1343683673469,43.6631530612245,20.845137755102,10.0088628571429,14.8924218367347,8.64132938775511,4.99331591836735,4.98859163265306,19.3842614285714,13.3369008163265,21.9480618367347,5.58885367346939,15.9777706122449,20.1012540816327,20.8670828571429,23.237763877551,22.2063142857143,27.6006336734694,18.9866397959184,12.1157197959184,4.03901693877551,7.30531306122449,14.4793473469388,6.58488714285714,2.87479108163266,6.17174469387755,4.49576653061225,11.5507718367347,15.5840685714286,8.53054857142857,12.1840981632653,19.8277224489796,7.12388673469387,6.60892959183673,12.9605389795918,19.2013928571429,16.4019836734694,45.6605234693878,20.3641965306122,25.0561779591837,20.1043491836735,15.3385102040816,14.5341579591837,9.65036653061225,26.252413877551,32.7483387755102,31.8197418367347,29.7799030612245,17.9082536734694,23.8940995918367,13.5727579591837,22.2471736734694,31.6864755102041,43.8003489795918,31.8447965306122,38.7044095918367,26.4358475510204,36.8413448979592,20.2132824489796,19.1807934693878,20.1438732653061,22.3324667346939,5.56997959183673,30.989382244898,29.4928308163265,22.2179830612245,23.0793385714286,27.5295269387755,25.3555432653061,17.4164185714286,21.036846122449,28.469887755102,31.9900036734694,19.1705140816327,38.1843520408163,24.4965806122449,40.4415571428571,19.1147385714286,22.1809793877551,22.6773546938776,15.251443877551,29.4942530612245,24.7376797959184,24.1991667346939,13.6573973469388,2.55666012244898,10.5440695918367,11.4096069387755,16.3984891836735,10.8989395918367,13.5855181632653,18.7606112244898,21.1515612244898,23.0316965306123,27.7623416326531,17.2371463265306,15.4208,9.9253406122449,16.0799626530612,28.2012702040816,37.2160257142857,55.9299581632653,41.9734408163265,42.9947408163265,35.3668806122449,12.98624,-6.64326510204082,34.0136767346939,41.1971704081633,42.5907836734694,35.0984697959184,31.8417063265306,23.25191,27.2140626530612,41.396412244898,5.452932,12.6129351020408,8.25634591836735,11.4036271428571,15.15424,16.6519897959184,13.0067408163265,34.1354863265306,32.6340175510204,42.7493265306123,35.3915628571429,21.4693628571429,29.7224342857143,20.6686667346939,12.1190510204082,17.712552244898,17.7854787755102,33.0850481632653,19.9702016326531,27.8291706122449,34.1441328571429,9.13925224489796,23.4107871428571,36.1160063265306,17.4850159183674,34.5175167346939,29.6346726530612,20.9020826530612,19.4566997959184,32.8686444897959,49.5203265306123,38.927012244898,49.9672153061225,32.2527432653061,20.8185910204082,37.6095132653061,28.7296781632653,40.0045306122449,21.6361004081633,26.418443877551,28.7997969387755,29.2692810204082,38.7430328571429,38.0823828571429,31.9781387755102,34.1902583673469,8.44347612244898,15.7835567346939,33.4426706122449,35.3874155102041,23.0646734693878,20.1550434693878,30.1842251020408,24.9456636734694,26.3415171428571,17.3077563265306,18.7156924489796,10.8959628571428,12.3501318367347,14.2320932653061,6.78431918367347,13.9097906122449,10.3138826530612,10.7007589795918,15.9338106122449,10.2604389795918,7.68765551020408,35.5915112244898,4.37891887755102,1.74411714285714,17.7578016326531,18.9854555102041,27.280563877551,37.6371616326531,27.821482244898,11.667967755102,-0.222516469387759,15.1877763265306,15.0501653061224,2.5419291632653,15.9786351020408,17.7766971428571,22.8489189795918,33.4259095918367,21.3267046938776,19.1967365306122,19.2505365306122,15.1776365306122,10.0386926530612,25.8307810204082,27.1800004081633,11.2574106122449,19.125323877551,19.125323877551,20.6218567346939,30.0394840816327,27.7392585714286,20.9188259183673,16.7360814285714,24.5977297959184,25.3798365306122,18.6810579591837,16.3890602040816,14.8896036734694,-4.78559104081633,4.20523632653061,11.4264495918367,23.6160655102041,21.4718420408163,16.0040053061225,13.4895867346939,17.363683877551,7.13563959183674,14.4385642857143,20.843466122449,21.9243797959184,18.2110144897959,21.3906530612245,15.6595116326531,14.133492244898,12.8548285714286,11.5362073469388,3.80432002040817,0.661600224489788,-0.00131163265306089,3.38868836734694,-0.120090816326529,10.8150285714286,17.4572302040816,13.2649497959184,22.3482597959184,25.3049097959184,15.3590720408163,25.2113569387755,24.4430248979592,4.07898842857143,4.86948942857143,7.35022285714286,16.2973906122449,14.0768404081633,18.1045053061225,20.0568036734694,18.8297326530612,18.3988326530612,20.0017734693878,37.3474834693878,40.1871834693878,29.5386895918367,36.4556195918367,10.2949751020408,14.869057755102,16.0578216326531,20.3733040816327,7.87856653061224,19.5837969387755,17.8373910204082,27.7599106122449,16.4151402040816,12.5868424489796,11.7829469387755,7.61746163265306,16.1895873469388,26.4067424489796,21.7290344897959,8.05013693877552,5.40136432653062,14.7722608163265,7.01079734693878,0.140089408163256,4.80687448979592,3.2599112244898,19.9775616326531,11.8390087755102,11.5652416326531,23.8141818367347,16.6171255102041,26.3945842857143,29.0333220408163,30.8218763265306,31.541282244898,25.9885010204082,24.1639757142857,18.3078842857143,8.87355836734694,13.6710275510204,16.0539628571429,14.4733208163265,15.8628985714286,19.3215944897959,19.5537130612245,16.3213328571428,22.9222793877551,19.1785675510204,27.5580520408163,12.2014469387755,-1.77799108163265,9.37207081632653,7.87264795918367,10.7003332653061,9.63066469387755,6.4627141632653,5.03867769387755,2.57808546938776,9.44187979591837,13.7027524489796,27.7548618367347,32.2627889795918,22.2522940816327,34.6028493877551,34.9123712244898,24.31567,38.1441312244898,33.84861,24.6465024489796,16.5666008163265,19.9224416326531,17.3325830612245,15.7944889795918,12.7568293877551,4.90273230612245,19.8840789795918,24.9058391836735,28.5597295918367,11.1947453061224,21.0392328571429,31.8559144897959,18.4036473469388,24.1726471428571,25.2940879591837,19.1093408163265,8.20694428571429,15.8823873469388,29.2600414285714,29.1829244897959,20.8176440816327,21.1797716326531,24.4086102040816,19.8553471428571,17.2077448979592,45.6185204081633,26.9908936734694,1.345749,8.53073836734694,13.0338689795918,25.1822159183674,20.4162759183673,5.84264163265307,6.54479816326531
11.2040816326531,68.6106132653061,64.6231765306122,88.213893877551,102.67552244898,43.2352112244898,57.3071836734694,138.481681632653,69.6513571428571,48.1057489795918,65.6416183673469,44.1202051020408,39.5029134693878,22.5106515306122,19.7241840816327,32.3047265306122,53.8748448979592,66.9089612244898,97.7210397959183,89.6576897959183,55.9084510204082,39.3663887755102,33.7588591836735,62.5708163265306,49.4386591836735,68.7376326530612,40.7492893877551,94.9120040816326,77.0213683673469,17.1470247959184,47.1509183673469,35.4542828571429,31.6070959183673,53.0514102040816,98.8854857142857,136.314263265306,73.9030224489796,78.0037540816326,83.0933540816326,27.798222244898,23.8109259183673,34.364906122449,20.287597755102,48.2024163265306,15.7058457142857,16.8088957142857,12.6037822448979,13.4222432653061,21.0745432653061,41.2185765306122,49.4186948979592,16.7871078571429,52.7695295918367,61.0089275510204,61.57775,86.334843877551,36.8461010204082,102.709389795918,134.280953061224,129.153556122449,69.2264989795918,44.2425948979592,35.6914516326531,24.672236122449,43.8906551020408,45.7353081632653,105.108003061224,35.7822081632653,72.0622326530612,122.67606122449,42.2304846938776,87.6755765306122,22.0362457142857,22.3824714285714,45.2962306122449,38.1805255102041,40.7725030612245,43.8123448979592,95.3515887755102,123.740257142857,61.9884346938776,69.172562244898,49.7071897959184,43.2115030612245,49.5377255102041,44.5581071428571,39.1717816326531,51.4891489795918,41.709643877551,21.7659724489796,36.2136846938776,31.8775030612245,27.9255546938775,79.2641365408163,42.0806918367347,36.3400479591837,35.404542244898,23.1663324489796,58.8237510204082,65.6776959183673,42.097667755102,55.0747836734694,72.0485734693877,80.3719520408163,133.463303061224,53.6547459183673,62.4456173469388,44.9782408163265,94.701937755102,80.1086693877551,46.4136081632653,27.2610716326531,39.9322040816326,87.6288030612245,102.145247959184,67.0294032653061,84.4298,46.5983306122449,37.15093,84.1955642857143,65.2634346938775,52.758087755102,45.583562244898,53.4919244897959,42.9010081632653,44.4713724489796,41.7029306122449,82.935643877551,62.444162244898,104.919639795918,72.1761826530612,122.331408163265,160.207748979592,56.3242459183673,18.8825652040816,63.9276529591837,56.3866428571428,49.0408265306122,60.938243877551,100.779290816327,104.120720408163,49.1061530612245,51.3762459183673,38.1658846938776,67.9518959183673,34.2157485714286,24.5350367346939,45.5895530612245,46.4678602040816,49.0689485714286,86.7366867346939,89.344493877551,89.805293877551,84.1261234693877,50.5850704081633,43.0621346938775,34.001896122449,43.0340571428571,74.5532744897959,27.8547079591837,26.0982997959184,35.318802244898,53.1872816326531,16.0583708163265,29.4285265306122,62.8054285714286,45.0318091836735,57.899906122449,106.909589795918,137.13528877551,28.4381924408163,67.3881836734694,61.093837755102,56.7562857142857,33.9945089795918,43.0342306122449,43.9962969387755,44.9656693877551,29.8434048979592,28.3721714285714,16.4554761020408,32.9692396938776,35.7814173469388,35.8803102040816,37.9690755102041,34.5231132653061,51.6627924489796,52.4013040816326,47.0417724489796,40.5545634693878,53.4990340816327,45.3611071428571,71.5553469387755,35.8927857142857,35.2345632653061,33.8341957142857,60.0084653061224,49.2930448979592,64.4957408163265,49.5941193877551,48.2516897959184,39.0066495918367,22.8459775510204,34.246113877551,25.110863877551,34.6221653061225,41.0465702040816,44.6986897959184,47.8831591836735,40.2810902040816,56.713943877551,51.7236846938775,34.7222959183673,39.537093877551,14.9789355102041,44.8295969387755,72.1195306122449,38.6209755102041,35.3789908163265,35.5167642857143,93.6306132653061,71.0660226530612,75.9770826530612,110.611885714286,27.1966551020408,109.886563265306,92.2436265306122,88.3758612244898,22.4144897959184,24.4853918367347,74.8915663265306,48.4966785714286,66.6516673469388,27.3671224489796,54.4447928571429,49.0610316326531,33.4444316326531,68.9654520408163,76.009906122449,47.0408785714286,48.2147989795918,10.789436122449,31.0016063265306,40.7303336734694,28.0783316326531,25.8657898979592,40.4140255102041,99.1668632653061,43.8900510204082,73.0814948979592,72.8140166326531,65.375066632653,64.6294663265306,59.0262306122449,19.4374493877551,44.3696612244898,71.6335551020408,47.3388489795918,119.52908877551,57.2510867346939,59.2598571428571,62.5535285714286,48.9423775510204,81.8774734693878,118.809686734694,30.5231489795918,67.6034816326531,35.4469489795918,18.0904114285714,90.3989612244898,58.6145928571429,13.3737898979592,45.6351030612245,65.4936295918367,28.2628440816327,55.2227846938775,52.1137326530612,54.065737755102,44.6507346938775,28.9973773469388,83.8720775510204,46.5003653061224,91.6690602040816,45.0534591836735,63.3130010204082,96.1111693877551,80.5218571428571,142.337365306122,82.3801744897959,127.553985714286,98.7901979591836,51.6940551020408,60.4835,68.4763183673469,46.3271346938775,44.4864908163265,43.7418255102041,96.0762918367347,177.092093877551,69.819106122449,62.8067673469388,56.5300846938775,127.410568367347,78.9379959183673,107.359615306122,49.3679030612245,30.7884758163265,19.6748506122449,33.1423010204082,31.694156122449,33.5116153061225,107.657102040816,34.5831275510204,101.685383673469,51.5610540816326,70.5850132653061,78.2977306122449,26.9146246938776,55.2304367346939,63.7510142857143,25.6461063265306,38.1603030612245,91.8969214285714,48.1468367346939,52.8104989795918,93.421243877551,68.7365785714286,58.6139418367347,113.972904081633,96.4926826530612,134.315209183673,52.3732285714286,58.5919816326531,47.5803212244898,121.700587755102,96.2286714285714,65.5743714285714,36.5064597959184,55.4642,42.1984530612245,53.8421816326531,65.8671693877551,38.3427214285714,55.6208663265306,50.73425,87.4216857142857,61.49715,76.4423418367347,21.5727406122449,59.7327081632653,52.0997454081633,46.9630132653061,75.4080887755102,39.3017857142857,16.2149948979592,42.4951204081633,35.2993402040816,32.9674226530612,57.0975479591837,72.9084091836735,26.6682883673469,40.0356175510204,46.4997232653061,39.4985755102041,54.91435,48.6081285714286,72.0239214285714,50.2741163265306,71.4321795918367,61.3877565306122,83.6955028571429,108.933306122449,78.7613632653061,100.938983673469,70.3573285714286,70.9431826530612,45.6957428571428,48.1253271428571,52.3381453061224,55.2720163265306,56.4543510204082,62.5582653061224,79.7391948979592,53.2256755102041,84.9189387755102,174.218417346939,101.074557142857,95.8665979591837,30.0708189795918,105.813624489796,136.902410204082,68.4870704081632,34.835446122449,54.08705,50.4182071428571,53.6023132653061,68.6666040816326,46.7480251020408,56.4637826530612,26.1624289795918,40.0452948979592,28.0673051020408,54.8216520408163,64.0201979591837,72.3374704081633,111.419062244898,54.196443877551,55.0269234693877,30.2224612244898,51.9960571428571,70.8796887755102,39.2880836734694,33.0932997959184,27.2440612244898,32.4553571428571,116.795610204082,52.893812244898,44.3253244897959,58.6180479591837,37.466101122449,46.8859673469388,54.2902112244898,31.4539285714286,114.426647959184,67.3470948979592,59.3848275510204,23.4858,35.0787530612245,29.2604602040816,59.3092530612245,41.9655734693877,57.4880744897959,70.8396775510204,53.2478867346939,78.0892551020408,78.3052510204081,95.0612969387755,52.9747606122449,64.7442795918367,57.6975581632653,60.6691428571429,48.3166428571429,113.949707142857,128.678902040816,97.9938714285714,37.305287755102,24.1162124489796,40.4459673469388,95.480543877551,71.1942969387755,42.2064051020408,44.2725387755102,23.7135985714286,52.1705326530612,29.5795326530612,29.0995469387755,26.1138687755102,74.9405846938776,110.11363877551,111.490932653061,39.9782591836735,94.7231816326531,62.2088673469388,62.2797306122449,52.103381632653,46.8922530612245,21.0491308163265,43.670027755102,111.397234693878,65.5528469387755,38.448506122449,111.788174489796,91.9330094897959,69.5388224489796,65.2296816326531,71.1140071428571,46.8501316326531,38.9057948979592,44.4698102040816,35.0103387755102,47.1374010204082,30.665512244898,35.0268734693878,29.8701251020408,26.4048042857143,23.9284755306122,68.1499428571429,79.1547663265306,68.9064826530612,102.247842857143,49.7012285714286,64.4485326530612,44.1863295918367,41.2816846938776,50.1858785714286,85.9066244897959,39.073673877551,44.9440316326531,23.5701030612245,14.8182340816327,62.9438326530612,33.8686755102041,63.3763428571429,37.6149836734694,31.2007418367347,60.369906122449,32.8195367346939,40.7161887755102,28.7653693877551,28.7841193877551,60.8013173469388,32.1989275510204,26.9133479591837,23.8145902040816,52.4129836734694,81.7586704081633,62.0180224489796,101.973106122449,86.6215448979592,94.5146989795918,113.348406122449,79.2358,51.0306108163265,21.6988163265306,29.8860030612245,15.1410287959184,20.5931712244898,17.6707959183673,19.7186965306122,62.7431234693877,20.5328802040816,41.7783793877551,28.5471948979592,25.1989581632653,57.9864265306122,35.1322020408163,52.7833887755102,38.6746132653061,93.7248765306122,103.181394897959,33.5348640816327,38.9740193877551,62.6276806122449,51.3140428571429,65.1971132653061,75.7498918367347,60.0022530612245,49.9657918367347,32.3034112244898,37.3202357142857,30.1932184693878,38.0615234693878,42.2330908163265,31.3738193877551,43.5742846938775,81.41485,117.652353061224,105.923528571429,79.5630704081632,39.8665221428571,155.337333673469,49.6351795918367,81.0201602040816,93.0639928571428,57.0726459183673,35.8652071428571,29.3516265306122,25.011793877551,16.2366257142857,15.3709734693878,23.0453134693878,54.289156122449,47.8211744897959,60.162912244898,61.4963581632653,38.009143877551,34.4492489795918,39.75006,18.9434691836735,29.18066,42.3154326530612,75.6811591836735,73.3968469387755,66.1302234693877,64.4731612244898,64.8622836734694,29.1823112244898,42.5661346938775,39.4680857142857,33.1344051020408,76.0229765306122,57.779743877551,52.8358102040816,36.2090948979592,62.117981632653,83.9923295918367,80.870556122449,59.5901571428571,116.072744897959,46.5173204081633,27.740306122449,48.2626826530612,137.252398979592,130.250712244898,77.3636998979592,49.3186224489796,67.103327244898,41.13695,115.134325510204,56.8156244897959,77.3963142857143,54.8699806122449,35.0729346938775,22.2969646938776,22.8018146938775,28.152266122449,44.8983265306123,40.9695418367347,42.1261504081633,67.2097326530612,28.7792746938776,62.7399989795918,38.5650491836735,98.9491051020408,134.581898979592,155.680420408163,123.052812244898,37.0757091836735,106.153151020408,114.102078571429,74.0537112244898,43.4443673469388,11.3298404081633,71.6265234693877,48.7355132653061,30.1642020408163,34.6396579591837,42.2482326530612,37.7070624489796,44.5979867346939,54.9589642857143,77.7019051020408,75.4376387755102,61.7639142857143,56.6450234693878,36.6415204081633,47.1394744897959,28.7090189795918,7.96691897959183,51.5077030612245,52.2018775510204,33.9740181632653,39.3355836734694,38.1883591836735,35.5770459183673,31.5054489795918,33.8594346938775,45.6176744897959,63.3718530612245,37.6011010204082,59.250906122449,20.1804648979592,35.0085081632653,19.7339629591837,68.7684434693877,67.4858183673469,71.1316193877551,65.8847571428571,36.6796030612245,34.7840234693877,40.4008428571428,33.3276887755102,42.6659969387755,116.593728571429,81.5462734693878,111.389020408163,79.9230742857143,81.0686040816326,57.7456295918367,50.7630204081633,55.7870540816327,38.3703857142857,58.4997673469388,63.4487948979592,33.9108836734694,22.4377853061224,33.7097673469388,65.3938306122449,19.9370853061225,14.8854565306123,44.1659459183673,51.2597244897959,12.8523167142857,36.466656122449,58.974612244898,119.751536734694,147.831281632653,37.9116642857143,49.3802959183673,51.3966887755102,45.4060887755102,37.1602591836735,69.6086520408163,46.487987755102,25.508113877551,87.1434989795918,77.8644010204082,52.1819346938775,50.3530214285714,42.6029508163265,51.9670336734694,59.4541928571428,58.9614928571429,42.1755775510204,40.6312826530612,54.4726908163265,85.227487755102,45.9887163265306,44.1347642857143,81.5008224489796,63.1447306122449,75.4000275510204,26.5559431632653,64.6028887755102,35.5849928571429,113.17887755102,39.8238040816326,56.6752479591837,96.3886418367347,33.4722730612245,29.8830316326531,90.3952602040816,57.015087755102,35.4876030612245,122.25396122449,95.2615071428571,41.8846673469388,37.7068173469388,34.1004397959184,54.8625846938776,78.575287755102,48.2669010204082,45.7112806122449,68.5275806122449,37.0608448979592,104.344629591837,130.876020408163,90.1005693877551,27.2749785714286,33.8801251020408,27.5729442857143,18.6223908163265,29.5174510204082,51.3047204081633,45.6911551020408,80.2294602040816,57.1132928571429,72.5123306122449,67.2523081632653,39.5121530612245,37.4806055714286,27.0039357142857,43.6224571428571,38.0637142857143,11.1081951020408,75.0043673469388,120.179873469388,16.7487626530612,96.3751030612245,77.5155010204082,54.9507020408163,79.2129104081633,42.323856122449,97.092237755102,52.4566903061224,37.1116785714286,47.8644520408163,60.6716224489796,126.265853061224,64.7667163265306,32.1557744897959,27.0996865306122,33.5745244897959,34.9049093877551,24.1951081632653,15.5751859183673,12.6721359183673,61.2695255102041,65.3427520408163,73.6930510204082,19.1343014285714,8.03373489795918,46.8282112244898,30.9191244897959,96.4864989795918,98.0043285714286,43.3529765306122,81.444443877551,58.0698214285714,48.5837357142857,41.548056122449,32.8671371428571,81.8469275510204,87.5199908163265,82.8204469387755,83.5286897959184,36.5502275510204,59.0185704081632,80.4503530612245,55.2039795918367,87.3789051020408,63.3045693877551,40.5174612244898,49.2264520408163,44.9091204081633,66.612306122449,28.8363759183673,52.8016969387755,19.309137755102,42.309537755102,24.8451469387755,29.9852969387755,33.0940306122449,24.4940312244898,20.4943090816326,40.5587601020408,88.4500346938775,46.0581367346939,43.1432,55.7277326530612,35.4760724489796,39.8341602040816,33.5635336734694,25.092626122449,53.8940540816326,43.3543153061224,70.5039224489796,27.8965683673469,87.5494887755102,109.078287755102,46.7012102040816,57.8287469387755,80.5917673469388,60.0201010204082,25.7948326530612,34.4004820408163,37.8639428571429,9.40991020408163,36.4465081632653,159.847782653061,157.205460204082,89.4472295918367,40.2108316326531,11.5823251020408,32.7532142857143,36.6056989795918,35.5826042857143,25.673772244898,66.8588030612245,76.8713173469388,60.1255040816326,48.6848113265306,67.5638275510204,64.9231836734694,63.5399591836735,30.4784991836735,49.3561791836735,132.551716326531,27.7526079591837,109.972048979592,189.964124489796,74.5801908163265,61.0033224489796,59.1883918367347,100.595373469388,112.330091836735,78.7613734693878,89.6434030612245,104.177786734694,92.2422826530612,46.3715193877551,109.86936122449,27.6411418367347,22.8742755102041,43.5645948979592,46.3459785714286,54.2294204081633,30.8615244897959,25.0705397959184,16.8821346938775,17.8490634693878,30.59085,41.4611881632653,49.0968218367347,43.8376489795918,68.9555969387755,42.3799867346939,74.6042071428571,29.6638306122449,6.79973693877551,21.4124195918367,32.5968644897959,63.6471632653061,38.7796806122449,30.23585,18.1730459183674,15.5275959183673,25.0941459183673,80.4845591836735,83.4888836734694,84.0888653061224,114.028523469388,53.2457204081633,42.2538887755102,33.386562244898,31.2334142857143,40.7017346938775,39.6625571428571,121.078803061224,107.300848979592,93.7822540816327,66.9554571428571,79.0858051020408,96.538406122449,97.5832908163265,61.0591326530612,40.6751673469388,37.879193877551,69.9969989795918,67.3719204081632,45.3464948979592,19.4891857142857,53.4532979591837,37.8335234693877,84.3640244897959,88.5219867346939,100.866213265306,84.7921663265306,80.3808918367347,57.9335744897959,64.6057591836735,55.9895244897959,72.7084306122449,98.984056122449,88.3584765306122,86.9397397959184,127.721779591837,83.0576183673469,150.102592857143,35.9507520408163,63.2320602040816,102.578313265306,29.5124467346939,47.781962244898,46.4023644897959,149.875697959184,120.603012244898,88.9738316326531,71.1426306122449,78.660487755102,92.0458326530612,46.6522634693877,47.6405265306122,53.6009887755102,17.9842787755102,136.250470408163,100.643975510204,60.9100622448979,54.4546510204082,58.2061653061224,86.430293877551,53.3844693877551,95.3208683673469,80.2761408163265,66.9815846938775,81.12755,93.8110336734694,92.7720346938775,55.3762663265306,66.0198979591837,64.8601306122449,55.9106724489796,21.8302034693878,27.4130030612245,42.9093173469388,81.8659979591837,91.4097469387755,54.918987755102,55.4248836734694,32.361956122449,37.252907755102,51.0903918367347,39.0244081632653,45.3413826530612,71.4896734693877,58.4501010204081,99.5099236734694,36.310243877551,21.847787755102,42.3420448979592,49.3775479591837,47.6026387755102,34.1541989795918,36.9873020408163,57.1909030612245,42.4859040816326,55.5071275510204,53.432306122449,8.44046530612244,30.7494418367347,17.6841918367347,51.7793959183673,26.9974936734694,40.2009234693878,73.9309326530612,37.5659292857143,72.2145806122449,64.4385469387755,55.1794357142857,66.1825826530612,49.1225091836735,44.2102285714286,84.540987755102,78.0473346938775,96.4982193877551,101.568501020408,60.2609520408163,40.496137755102,65.9129285714286,72.2277755102041,73.2055908163265,78.1510969387755,22.1112244897959,40.1821012244898,28.0567918367347,23.7475918367347,38.5928918367347,98.4324255102041,39.5206025510204,67.3516051020408,99.0436653061224,68.914606122449,54.8491112244898,34.8605887755102,40.2276897959184,59.0959380612245,58.0371683673469,41.1472183673469,57.7052336734694,53.7926693877551,39.8212693877551,87.4147357142857,31.1670806122449,31.9804673469388,35.6760346938775,52.5950153061224,49.551443877551,29.7886214285714,72.5574602040816,126.969412244898,58.6157091836735,54.1291816326531,42.2651806122449,22.6409040816326,39.4184428571428,54.572906122449,50.392712244898,52.8249275510204,77.0425193877551,33.5968218367347,135.919881632653,81.812887755102,36.2812826530612,31.4904765306122,34.0200458163265,34.9943516326531,49.3038571428571,56.831806122449,75.1585816326531,94.2036520408163,44.2282102040816,58.4127489795918,56.3367969387755,54.7093265306122,38.8626367346939,64.1929918367347,84.3627316326531,92.5287265306122,24.8331771428571,22.0587191836735,63.8025214285714,75.5396408163265,55.6128173469388,102.988894897959,65.6655173469388,81.5173418367347,64.3181755102041,25.6913198979592,43.6343244897959,37.5661265306122,53.9644173469388,27.1810342857143,49.2586020408163,38.4382755102041,46.8319306122449,44.0956,70.3115010204082,47.5364693877551,41.2035836734694,40.2792244897959,22.7299175510204,16.4776997959184,27.0895285714286,24.9830640816327,50.6522640816326,75.1045632653061,55.8754459183673,56.2707204081633,48.2816387755102,41.1820357142857,62.1178591836735,132.515764285714,139.037530612245,55.6056857142857,69.9561173469388,133.729015306122,45.2773459183673,40.4008408163265,84.5960387755102,96.3308846938776,67.3380418367347,29.795956122449,26.0069173469388,105.866187755102,106.615712244898,98.2737836734694,55.1413479591837,42.6578121428571,30.8295487755102,80.9480887755102,42.7501928571428,61.3854959183673,169.631496938775,36.4867275510204,33.3627534693878,36.5362867346939,22.4567904081633,76.0499530612245,55.9496464285714,105.680595918367,63.4104479591837,50.5787163265306,115.035387755102,61.1568459183673,82.2640193877551,57.1277836734694,58.6135030612245,47.063656122449,68.5953234693878,53.6694244897959,68.7779530612245,57.5063755102041,52.0826540816326,52.7380040816326,27.8235346938775,26.7533826530612,21.671873877551,23.6826918367347,87.379381632653,113.898839795918,22.4516259183673,44.0933867346939,86.598306122449,87.7656826530612,84.1086816326531,36.1734542857143,44.7545979591837,90.2242602040816,44.0012489795918,41.9543357142857,57.6939326530612,14.5256316326531,48.8203346938775,56.6244091836735,41.4346969387755,43.7139193877551,30.9148448979592,41.6074554081633,108.356147959184,113.757362244898,37.4712071428571,38.1849367346939,69.0710489795918,59.690812244898,56.4747683673469,140.578897959184,86.6142683673469,53.6806959183673,70.9617867346939,161.916925510204,53.9873520408163,23.5329432653061,46.7598418367347,63.6374489795918,50.8886489795918,148.118290816326,65.3822642857143,69.7192081632653,33.8586216326531,84.9742887755102,23.3312357142857,37.1790704081633,54.7490397959184,60.2022316326531,78.9336612244898,99.4269346938775,92.814562244898,49.6638683673469,25.6022444897959,61.6892244897959,79.6821969387755,162.86751122449,36.1256969387755,29.5109316326531,25.0968324489796,48.386087755102,52.5965357142857,54.9175218367347,61.9339795918367,80.0925265306122,56.2795173469388,111.384376530612,80.7536408163265,57.1927408163265,111.22257244898,68.9941969387755,71.5426734693877,23.5113889795918,74.1778823469388,74.6202040816326,44.7682040816326,31.5142151020408,29.9846540816326,15.6479248979592,73.7457153061224,18.6171616326531,91.5910132653061,124.505146938775,70.3746928571428,36.6999855102041,23.5917985714286,42.9882653061225,36.7562906122449,40.2565481632653,27.466256122449,36.167443877551,42.9967204081633,27.4647408163265,35.516048877551,29.1130716326531,13.121376122449,15.722376122449,29.6452485714286,33.1969132653061,46.8451265306122,25.5001755102041,38.076106122449,117.345825510204,55.4079387755102,128.276865306122,135.693607142857,79.5184908163265,66.7068214285714,59.2078663265306,41.4002530612245,61.2869040816326,28.9492589795918,42.0010571428571,40.7423908163265,37.7423,32.0316346938775,28.8971846938775,22.4653413265306,70.6638193877551,32.9860397959184,45.4335448979592,42.8447132653061,42.2166531632653,28.5554443877551,85.5304286734694,75.4674744897959,71.9550734693877,38.4870428571428,24.0696265306122,32.2895418367347,15.7637924489796,41.03995,34.4425234693878,39.4304591836735,16.7367059183673,36.1855581632653,34.648056122449,32.2109918367347,31.6355724489796,42.5474204081633,49.5036214285714,54.2822448979592,43.8310316326531,62.9143948979592,40.335387755102,32.4319444897959,39.7962373469388,38.8552979591837,39.1315459183673,55.1159265306122,107.621369387755,73.6019867346939,71.9151112244898,58.4046367346939,117.763,106.92666122449,110.666117346939,75.7026551020408,67.8474064285714,54.8848918367347,38.4987479591837,34.3432979591837,34.7539902040816,20.5057475510204,77.3109571428571,110.141142857143,87.4214183673469,53.2193948979592,54.854312244898,72.4454653061225,18.4168118367347,18.6130163265306,23.7418367346939,17.0934207142857,26.369406122449,13.6999949387755,13.2749687346939,9.86386795918368,63.7995244897959,63.088593877551,35.2004193877551,35.3508020408163,76.2707285714285,75.9641948979592,55.6361816326531,50.3313102040816,54.6242551020408,109.017318367347,58.3633224489796,36.0097836734694,42.3609867346939,120.549148979592,30.6110944897959,78.7886418367347,59.2385551020408,52.8136459183673,71.8022081632653,72.0954979591837,48.6670295918367,83.3168897959184,34.4347979591837,75.1311204081633,72.5288530612245,79.6508040816326,49.4775637755102,61.3923530612245,93.3425704081633,34.1080901020408,108.608216326531,21.7862285714286,39.4383724489796,63.3537193877551,86.6333153061224,55.178412244898,69.6569153061224,43.4910367346939,114.476370408163,30.2500606122449,37.4483642857143,132.942979591837,97.3354989795918,45.4102346938776,46.6957551020408,35.7464285714286,39.1246469387755,44.7843091836735,47.3742983673469,64.7807102040816,109.173940816327,117.909567346939,125.904451020408,86.0392530612245,61.2703081632653,97.3656530612245,146.076891836735,180.498597959184,58.3441928571429,74.0682459183673,126.871748979592,138.087359183673,94.8145051020408,104.766940816327,91.4609714285714,102.412842857143,81.6963591836735,56.4026091836735,154.039231632653,118.904684693878,132.337130612245,60.7624704081633,41.1923540816327,28.3405091836735,31.2376265306122,37.1477826530612,48.8673081632653,55.3513857142857,15.544086122449,13.174386122449,105.963304081633,93.6126602040816,109.190876530612,72.9246591836735,55.9116504081633,133.543509183673,148.131020408163,83.0220255102041,80.0489214285714,96.3781683673469,84.5882132653061,39.5375193877551,137.639048979592,33.3847622448979,17.8863176530612,35.6606785714286,25.9763785714286,31.0459581632653,39.0120693877551,45.5667234693877,45.4184275510204,61.1558540816326,112.285320408163,85.2986428571429,58.5639387755102,50.7789255102041,71.3267948979592,66.3912479591837,58.0076,32.3590479591837,39.0248816326531,77.8700903061224,64.2098816326531,76.7302489795918,43.6157897959184,72.3247357142857,73.0588602040816,57.1145397959184,38.5914010204082,19.2429224489796,58.5816632653061,40.8286153061224,45.845556122449,47.2730826530612,36.6844704081633,29.2541448979592,49.1820918367347,47.4648989795918,62.0621785714286,36.6729869387755,36.3127834693877,107.412102040816,69.0970510204082,36.1866052040816,33.3750498979592,43.822437755102,52.4833897959184,30.9811663265306,54.3617683673469,34.3997346938775,50.6688,66.5839530612245,64.3425448979592,118.367776530612,50.480243877551,65.6585969387755,52.7860020408163,81.2641285714286,84.1559367346939,92.4731673469388,50.9251224489796,81.8703846938775,140.870991836735,126.653204081633,152.378098979592,91.9633204081633,46.8221795918367,28.9154755102041,54.7960336734694,36.7621714285714,47.206337755102,49.9653918367347,59.9552734693877,61.4027744897959,56.8819591836735,22.7905885714286,46.086656122449,78.7877959183673,17.0714987755102,18.7720744897959,57.8586734693877,95.229887755102,81.7047591836735,80.4819642857143,74.9231734693877,19.2600724489796,24.7679724489796,29.2608785714286,34.4759979591837,34.5095918367347,46.3050989795918,41.7877734693877,41.8806918367347,30.5602520408163,28.4970051020408,42.352956122449,119.914739795918,178.750034693878,34.6592530612245,65.8113306122449,76.0373806122449,74.0789948979592,98.4027612244898,39.8833265306122,80.4438255102041,41.6091520408163,101.93288877551,32.4336428571428,37.4334489795918,60.8984173469388,70.4214367346939,65.7272204081632,28.4179989795918,41.1831136734694,44.1461183673469,50.1977663265306,83.6732479591837,39.4344579591837,75.0818540816326,102.661362244898,31.185243877551,35.1657897959184,39.4515306122449,56.5575724489796,28.6279069387755,29.5495975510204,46.8495173469388,65.8172663265306,80.5105112244898,44.1879785714286,58.9846591836735,55.6279995918367,60.022993877551,78.2926295918367,36.1298755102041,17.2731589795918,30.8849295918367,39.1456514285714,67.4638459183673,72.0835408163265,80.0698020408163,63.0944295918367,36.8782306122449,37.4486979591837,25.7561030612245,33.7232581632653,42.6623941836735,58.0879142857143,64.4695040816326,88.6172244897959,84.7171602040816,21.8160630612245,22.3270106122449,27.1391020408163,46.5576387755102,59.261193877551,72.1983571428571,98.8101132653061,104.167823469388,114.620332653061,45.6355326530612,37.2935826530612,112.613087755102,46.9260530612245,35.3010275510204,132.188918367347,69.19545,47.2532714285714,64.7613897959184,75.6534510204082,59.2690244897959,92.1321010204082,97.8799948979592,59.1736989795918,31.9484846938775,46.5432071428571,22.4268432653061,39.6881826530612,59.131343877551,44.9052653061224,36.0789582653061,62.3548714285714,95.4285081632653,71.607631632653,86.9723581632653,86.2502142857143,56.0087428571428,67.6077428571429,50.96635,29.016371,24.3708959183673,71.0595020408163,104.108987755102,100.609273469388,69.8652346938776,93.9454663265306,73.9592295918367,21.2408663265306,113.166546938775,70.5067144897959,53.2169346938775,47.0522897959184,28.1375826530612,31.2636142857143,84.7630816326531,76.383231632653,107.541009183673,59.218987755102,104.164456122449,45.6406632653061,29.4254457142857,45.7111224489796,61.1487418367347,102.984724489796,79.589437755102,61.1320122448979,29.8331292857143,67.7104704081632,35.844753877551,92.6446346938775,55.2998397959184,49.8319806122449,78.83385,57.4696448979592,50.317987755102,37.2152806122449,38.0132908163265,123.320693877551,95.6801918367347,44.2615971428571,113.669159183673,80.0123622448979,89.6357530612245,71.2673510204082,66.6643153061224,81.025607244898,70.7391897959184,24.2908382448979,47.3179183673469,19.8201201020408,74.9645755102041,17.8262548979592,67.3051622448979,117.184657142857,152.79627755102,91.2230081632653,123.335018367347,97.7250826530612,62.6381755102041,36.108362244898,73.4836479591837,38.0377510204082,32.1145255102041,92.8970224489796,88.2535632653061,73.3914857142857,142.806195918367,78.2345642857143,127.18886122449,96.9450122448979,119.93871122449,39.7849345714286,35.0556734693878,58.4445346938775,41.327712244898,37.5584132653061,24.5085765306122,38.7184367346939,41.0865806122449,49.458943877551,24.1740016326531,37.4119734693877,73.6643887755102,54.4339459183673,41.6384959183674,30.2659426530612,40.3316355102041,60.7399102040816,46.3721430612245,78.099562244898,60.5573520408163,25.5852440816327,42.411137755102,80.4092469387755,54.0918102040816,46.4036646938776,46.5584744897959,40.2034871428571,52.2030371428571,59.1693346938775,56.3901806122449,67.2076581632653,49.4393002040816,35.5704285714286,51.6539632653061,47.3860153061224,107.662545918367,85.7917489795918,47.0314969387755,54.306912244898,48.2274336734694,12.6931546938775,18.6198791836735,83.0893795918367,25.3651345918367,30.5170948979592,53.203393877551,38.7905846938775,40.6854081632653,79.7564051020408,94.6188479591837,48.2784183673469,59.0900918367347,74.8112693877551,56.9306993877551,70.8303030612245,52.6930173469388,83.5686785714285,59.3405989795918,174.364347959184,93.2493959183673,51.8788255102041,53.031762244898,55.3585826530612,56.477331632653,55.5173163265306,38.4026953061224,35.2841453061224,43.7779351020408,59.4684448979592,51.8422,45.0678191836735,66.33465,36.0550040816326,53.4571591836735,38.7166081632653,26.3584924489796,18.6795879591837,50.551156122449,58.6566387755102,49.8861479591837,38.5845051020408,113.362632653061,70.44005,35.3942346938776,39.3030589795918,50.8287306122449,38.7482489795918,40.8876653061224,36.9528863265306,61.4530244897959,33.3435387755102,43.3045612244898,33.894037755102,114.06553877551,68.3412234693878,69.588681632653,73.3060265306122,76.5152316326531,28.3306530612245,30.8040795918367,51.5929091836735,45.7963275510204,58.7731346938775,70.4628153061224,66.1056255102041,42.6995520408163,48.8387653061224,38.3130755102041,43.8713708163265,72.3273755102041,156.5201,120.836545918367,26.2154834693878,64.6469122448979,39.2240734693877,49.4889397959184,50.4950724489796,66.838356122449,41.9267046938776,56.2039153061224,48.8652,85.1253479591837,42.9169608163265,103.631474489796,71.7616448979592,85.7294224489796,47.4423304081633,113.031773469388,120.966907142857,98.6893928571428,112.698021428571,35.2924734693877,81.4051489795918,58.5145928571429,70.860043877551,20.0779814285714,47.18445,22.9994214285714,90.0080397959184,45.3219248979592,26.025436122449,38.4924204081633,38.9396173469388,82.5885857142857,82.6899163265306,133.639734795918,134.387713265306,141.502576530612,65.9124418367347,31.4142689795918,36.4155910204082,87.8233479591837,51.0161183673469,59.8324520408163,141.991952040816,70.8217928571428,35.7399265306122,55.2442826530612,54.7394132653061,44.4459806122449,57.4644622448979,20.5198759183673,169.960207142857,141.775828571429,143.837547959184,160.86555,106.38157755102,98.1957663265306,102.269418367347,63.8865744897959,80.0731959183673,52.9167642857143,41.9798979591837,44.6643393877551,55.9182959183673,79.0390744897959,48.3003459183673,66.5778571428571,58.717393877551,84.3907857142857,104.101375510204,149.949112244898,62.3006407142857,101.131532653061,85.3459581632653,53.9041642857143,51.4787551020408,57.0279530612245,56.9181765306122,62.2344346938775,94.8868193877551,95.9060836734694,153.682117346939,20.7071787755102,101.704825510204,30.6996826530612,44.7117173469388,49.1441,31.4543,32.72305,34.1783,40.7482020408163,41.3851714285714,36.6820102040816,26.5277940816327,28.0951057142857,37.013362244898,122.713708163265,66.4289,59.0891357142857,33.2825336734694,22.4752887755102,29.7230806122449,31.859256122449,114.551199897959,166.487310714286,39.8702969387755,28.5312775510204,17.8604183673469,29.5433551020408,61.5933397959184,88.4161887755102,32.8314816326531,30.6485928571429,45.1381234693878,33.2005173469388,30.5701255102041,127.330602040816,159.550694897959,119.63183877551,45.283112244898,58.9341193877551,69.0062714285714,85.9461479591837,100.936273469388,84.0049744897959,84.0703234693877,36.6816642857143,80.7440622448979,84.2514785714286,192.118242857143,46.5841428571429,81.126756122449,69.7190806122449,20.0527775510204,52.8953397959184,86.6219469387755,40.9064071428571,77.4436306122449,66.6774826530612,66.1393112244898,83.392656122449,79.6317397959183,19.815897755102,25.8434663265306,26.9052110204082,21.832723877551,68.03545,26.9325489795918,18.8822730612245,45.0813989795918,60.4744673469388,56.7262142857143,66.9329142857143,59.4466469387755,75.142537755102,78.2332173469388,33.807256122449,33.800206122449,94.2614030612245,38.9721091836735,40.5814602040816,68.8482551020408,99.389106122449,87.3771285714286,42.4852363265306,103.536118367347,53.4879240816326,61.1155448979592,60.6671428571429,29.6463379591837,38.752587755102,47.0151663265306,52.553787755102,24.3961657142857,30.5600304081633,40.7516852040816,55.4118673469388,40.78715,75.3373969387755,118.79973877551,63.6476724489796,13.8382493877551,89.4782547959184,105.052402040816,46.7713663265306,70.2932255102041,45.8397571428571,30.4077687755102,46.0781775510204,40.6227030612245,35.3949571428571,48.3102173469388,46.6056214285714,31.7142824489796,55.0734744897959,49.2049846938775,43.8717551020408,45.2098469387755,56.5512469387755,50.4108632653061,79.9480275510204,85.0004285714286,83.5441612244898,47.0956816326531,46.4228918367347,48.8499081632653,51.4389836734694,47.4705704081633,66.6405663265306,75.2783785714286,42.4140071428571,25.2773132653061,30.3408163265306,45.9557993265306,49.3056226530612,96.8947642857143,31.4871693877551,48.7488989795918,26.9117402040816,26.146626122449,38.9582102040816,45.4752479591837,24.5127573469388,82.5568479591837,88.6643520408163,52.0925091836735,72.9784663265306,83.3159479591837,54.4046193877551,49.774143877551,69.7224571428571,52.5847714285714,17.9877308979592,85.6244418367347,119.427595918367,107.142395918367,35.1093673469388,25.8837048979592,76.6463163265306,50.9613846938775,61.6989306122449,118.157639795918,102.421301020408,105.089014285714,67.9771153061224,74.6453275510204,34.1879095918367,37.0809710204082,38.7238673469388,66.3842683673469,114.616478571429,88.309712244898,60.1912918367347,43.2514908163265,62.8238887755102,94.352162244898,60.3238979591837,63.8370040816326,30.299356122449,15.643856122449,67.2707010204082,89.3501489795918,60.7859591836735,54.4245295918367,57.9613571428571,83.6102357142857,54.3001091836735,14.9810318367347,52.9233640816327,40.1771357142857,48.9786974489796,47.271826122449,40.3545540816327,25.0819091836735,47.4483285714286,87.8121663265306,23.4096816326531,8.5461712244898,31.0697187755102,55.1118459183673,50.2520826530612,40.3828183673469,41.5502530612245,44.8355571428571,52.8535153061225,56.9350857142857,23.2232673469388,31.0502969387755,51.5956193877551,59.1061989795918,82.0673734693877,58.8051081632653,76.8952040816326,55.9026163265306,59.2222663265306,81.2696816326531,65.7804081632653,55.9590314285714,40.5446244897959,61.1141183673469,21.1942636734694,33.7130714285714,50.5356494897959,64.4141642857143,52.3752989795918,25.8921142857143,50.4660306122449,106.544596938775,48.0504306122449,61.989156122449,61.6893928571428,57.9317765306122,64.9273020408163,58.3741255102041,47.6246846938776,84.2070163265306,71.8686540816327,64.7486642857143,28.5091591836735,16.8653442857143,29.6011887755102,28.2126551020408,26.5293051020408,38.009462244898,44.2376336734694,33.5201683673469,53.2319489795918,37.8155765306122,78.5642540816326,28.0485740816327,64.9494530612245,54.4859602040816,19.1507808163265,34.0988167346939,42.4550551020408,20.5527959183673,21.951712244898,31.9371520408163,24.2142744897959,35.2253806122449,40.4768530612245,31.7279173469388,33.3899418367347,56.3982306122449,43.1770214285714,48.7335387755102,69.6496173469388,55.1456795918367,65.6458918367347,107.194108163265,156.13437755102,50.9178683673469,18.4493014285714,50.8661744897959,55.3617795918367,72.2127112244898,81.278943877551,108.75585,147.47393877551,225.933976530612,65.9939224489796,97.1467744897959,20.67915,101.156389795918,126.918736734694,69.4992408163265,55.3578928571429,116.715832653061,171.566491836735,168.744590816327,52.6159469387755,35.0106234693878,37.7727581632653,93.6263918367347,64.6136255102041,79.2046469387755,57.7804520408163,77.8673785714286,136.01542244898,79.6126204081633,71.2118153061224,77.1285591836735,139.852624489796,111.235885714286,96.7626765306122,109.84421122449,82.7677030612245,50.7630673469388,46.6351510204082,37.3368397959184,48.4086479591837,110.8154,100.503794897959,48.15935,62.0804418367347,80.3658683673469,57.5225030612245,33.6088142857143,30.8347404081633,26.8882940816327,65.7419316326531,54.0196010204082,45.1125979591837,86.2833132653061,46.1731255102041,36.3157336734694,96.835456122449,105.540445918367,53.8777112244898,36.4928040816326,59.7106326530612,61.1889163265306,52.4915397959184,78.095481632653,60.5622479591837,56.140437755102,51.7239969387755,43.1675030612245,117.523594897959,109.58037244898,109.603369387755,62.6100816326531,55.203793877551,50.5828204081633,31.2053540816326,44.4741336734694,14.1162742857143,38.9426333673469,19.1754187755102,34.5305390816326,48.4324908163265,103.627631632653,61.3878459183674,82.205237755102,105.891575510204,88.503212244898,55.2257918367347,64.236212244898,25.6074360204082,25.2767714285714,15.5580026530612,54.4038855102041,47.6421591836735,74.6800591836735,56.2400214285714,87.5795408163265,64.2692479591837,164.02605,102.094831632653,83.9752632653061,46.1890767346939,64.9960387755102,94.4438418367347,82.8812857142857,76.8344989795918,67.9348357142857,79.906806122449,59.2261418367347,127.585360204082,68.2452653061224,78.8835132653061,116.737307142857,106.762503061224,41.5666357142857,70.0983489795918,37.9199275510204,58.1512795918367,64.5156448979592,30.0013693877551,43.5428989795918,51.6275775510204,64.9408622448979,88.9354040816326,48.9196510204082,36.9906455102041,91.1478183673469,59.9602642857143,65.0051346938776,57.8492602040816,85.1932448979592,129.482978571429,155.970684693878,107.538021428571,140.190460204082,127.827968367347,72.973037755102,144.360335714286,74.652481632653,50.9514173469388,63.6254765306122,36.8969632653061,68.8981714285714,36.2364663265306,49.0222030612245,37.3107540816327,47.6850173469388,26.5284410204082,52.9222428571429,28.8241224489796,51.5461081632653,37.5073,63.9797255102041,44.7736989795918,117.745583673469,50.4907704081633,60.479487755102,108.255932653061,103.178107142857,70.2240755102041,125.444791836735,99.948987755102,61.277406122449,27.3485579591837,37.2426551020408,38.1526887755102,23.2200014285714,43.8843795918367,25.6451673469388,39.2142867346939,64.1861204081632,57.0811571428571,24.700843877551,48.6885444897959,55.422037755102,82.3527989795918,38.7331887755102,57.9344714285714,94.798393877551,84.5559724489796,89.3652979591837,155.152715306122,60.5828459183673,74.4290489795918,52.6527030612245,40.1097714285714,15.9119812244898,79.6202,64.8560918367347,58.7047908163265,108.693904081633,86.8995693877551,71.8469479591837,67.1451775510204,66.1101744897959,60.1500234693877,19.9406071428571,16.8913224489796,15.4459424489796,23.6889421428571,19.8966775510204,144.427067346939,54.5295364285714,94.862443877551,58.8528295918367,96.2018969387755,69.9741540816326,80.8093673469388,50.1489520408163,77.2114204081633,84.2132765306122,107.878637755102,11.9006555102041,66.5930989795918,70.5251530612245,101.722693877551,75.2063948979592,52.1645275510204,32.6086153061224,49.5129571428571,31.5943357142857,33.3649181632653,42.6523681632653,43.1756214285714,31.7715734897959,61.4116153061224,50.7312173469388,91.2944367346939,34.144742244898,35.7236942857143,63.4713326530612,88.5201653061224,49.6586112244898,72.7795051020408,143.6069,50.8303163265306,67.9486,78.9084867346939,46.3904683673469,51.254443877551,45.4253369387755,83.2748887755102,37.5385767346939,46.3674353061224,42.6315853061224,63.0465857142857,108.081213265306,106.32296122449,108.041047959184,111.40488877551,52.6177775510204,44.2929316326531,36.2185989795918,44.4971265306122,66.5769959183673,66.8747102040816,26.4619234693878,20.3677602040816,35.1434862244898,19.7893597959184,57.9513102040816,71.5912836734694,111.916680612245,151.804105102041,114.748091836735,123.223481632653,141.864647959184,153.669091836735,140.66738877551,53.9431142857143,72.4800765306122,37.6230112244898,37.8606575510204,91.6882265306122,50.6869632653061,85.888256122449,82.2856867346939,94.6049244897959,97.4708204081632,84.9504714285714,50.7289755102041,62.1323510204082,72.2482581632653,91.4905744897959,47.8781846938775,60.3696734693877,31.0480214285714,58.6018775510204,91.1971244897959,33.7047785714286,17.1515502040816,31.9816428571429,59.2707591836735,90.0220510204082,70.1734928571428,36.5241371428571,31.842107755102,44.5577691836735,54.2672581632653,40.2516912244898,60.3520387755102,52.3054775510204,35.0599183673469,18.1996533673469,18.256617755102,69.6927897959183,122.449253061224,64.3578142857143,63.5256346938775,65.5326479591837,68.6205091836735,62.2547887755102,140.716439795918,77.0159020408163,43.0340112244898,94.5613714285714,42.1153653061224,126.137726530612,62.3305224489796,82.7534112244898,28.3077785714286,26.5382285714286,27.6670632653061,43.1423612244898,37.2386193877551,53.480406122449,125.335320408163,113.028858163265,71.7789428571429,48.399743877551,47.8257575510204,99.2788744897959,75.5090642857143,123.047012244898,99.4404418367347,67.635237755102,77.5312704081633,143.494478571429,124.349407142857,110.905628571429,121.281064285714,96.1607530612245,109.742862244898,127.895515306122,84.8686418367347,82.1749316326531,58.0713254081633,43.4793306122449,43.9775612244898,43.7928887755102,52.7859795918367,69.9872020408163,32.6507587755102,32.6623279591837,47.0416959183673,163.084652040816,91.6093183673469,60.4849602040816,88.4087428571428,44.5240612244898,37.1569395918367,38.105273877551,68.165062244898,62.6412857142857,103.86675,86.9308520408163,41.3631724489796,95.9427928571428,58.6322663265306,21.1205055102041,29.2626040816326,43.0999683673469,23.6865802040816,51.6523469387755,45.646756122449,35.3707408163265,91.8700867346939,56.268142244898,121.933908163265,50.7020234693877,95.4005295918367,50.2156857142857,79.7478428571428,27.1265869387755,24.5119104081633,79.7004897959184,58.9266275510204,76.1901,45.1967653061224,24.2862624489796,22.3711765306122,12.9643087755102,59.2589142857143,54.3427489795918,54.9847887755102,144.292295918367,59.5671479591837,106.973484693878,90.2334112244898,98.6273867346939,72.7161846938776,65.8760269387755,40.9765510204082,41.8422920408163,39.0367159183673,66.635556122449,49.3822183673469,37.4783112244898,68.9600102040816,68.3954428571429,76.6591306122449,60.323587755102,57.1414897959184,32.4817448979592,44.3415183673469,41.7943857142857,88.7969765306122,50.6243989795918,47.4459663265306,64.4548081632653,90.9445336734694,67.3699826530612,51.4978204081632,27.83888,21.876012244898,69.0932336734694,36.4297204081633,28.1586948979592,24.6540916326531,57.5759928571429,53.6420428571428,102.738733673469,42.5767214285714,43.1329846938775,50.3151244897959,52.9621448979592,35.6293653061225,24.5198051020408,39.3348459183673,48.1290071428571,66.4237469387755,41.4907520408163,119.245824489796,64.3476357142857,85.2309204081633,140.412279591837,50.4490714285714,78.8520255102041,115.771544897959,64.1707765306122,85.3818244897959,71.6015285714286,28.7395469387755,58.1773081632653,26.8500989795918,100.123793877551,39.0317030612245,46.9793953061225,29.7279979591837,32.8985357142857,38.6058234693878,33.7988602040816,26.2532816326531,88.5929183673469,79.7946928571428,45.8203663265306,140.539018061224,145.922119387755,64.5292040816327,93.4652602040816,57.8797530612245,37.761256122449,27.5521510204082,116.320864285714,135.88181122449,83.2380683673469,35.8509787755102,72.8441632653061,65.2899908163265,42.6806163265306,161.29647755102,134.930308040816,19.5342783673469,91.8319030612245,95.702812244898,103.331679591837,68.4276755102041,47.6624663265306,39.9951142857143,40.6631306122449,97.3282969387755,90.0074448979592,95.3461224489796,86.3737510204082,101.578673469388,50.1625067346939,55.6339183673469,64.5918785714286,122.972902040816,41.1271673469388,34.2522,21.2226540816326,17.3191359183674,49.2203153061224,60.085406122449,46.8598295918367,78.1857663265306,50.0656910204082,87.1883295918367,78.1011397959184,84.8116112244898,114.126609183673,76.5918875510204,71.6708173469388,51.7481326530612,66.49565,35.1642,59.7386979591837,63.4721010204082,94.4754204081633,55.8809489795918,66.1485275510204,43.0318071428571,25.5219632653061,59.6089489795918,54.687193877551,43.7031306122449,32.3957040816326,88.1410765306122,89.1538816326531,68.9204306122449,49.9282571428571,40.6686632653061,42.0978632653061,51.0764265306122,61.1848163265306,34.8340024489796,44.4310806122449,23.5649418367347,30.5863493877551,57.9142581632653,47.7524520408163,54.6338397959184,41.604606122449,27.1547959183673,50.9782010204082,34.8744283673469,27.5398769387755,26.5441125918367,129.197544897959,85.3894459183673,79.5640326530612,32.9166948979592,53.8825602040816,38.0249234693878,25.4430440816327,37.0994626530612,45.9997112244898,60.2341836734694,38.5742051020408,51.4457357142857,76.3149428571429,69.4960908163265,158.553186734694,40.9881234693877,28.3096908163265,38.5392795918367,68.5739846938775,62.7771255102041,87.7628346938776,63.8732336734694,38.9118418367347,61.4940112244898,89.3660163265306,81.52215,109.708124489796,102.173657142857,94.8701469387755,81.9556387755102,76.99385,59.5136483673469,45.5318483673469,42.7147969387755,98.1359173469388,83.5274704081633,24.2194297959184,27.6503297959184,41.510293877551,51.0232989795918,25.2503951020408,57.6267683673469,69.5771489795918,66.9109642857143,46.2600248979592,68.9046540816326,74.8790387755102,128.814542857143,76.7337908163265,63.2412183673469,81.9320959183673,71.8874255102041,28.7768663265306,29.4117530612245,53.1947275510204,40.2917653061224,34.5315489795918,23.1434773469388,30.9110673469388,33.8349418367347,32.6021540816326,39.5627836734694,37.4627244897959,39.4458702040816,34.7373181632653,45.7691775510204,58.6009775510204,69.4196285714286,127.52772244898,55.3149281632653,97.3199510204082,64.3335673469388,57.8672255102041,56.724,45.6869142857143,27.201662244898,17.2868716326531,58.6786571428571,31.9337171428571,38.6900210204082,37.6018710204082,64.1359112244898,37.7488275510204,38.6897463265306,47.5188785714286,74.8487634693877,109.087063,63.7478581632653,14.3725448979592,39.4380255102041,28.7953765306122,43.3529663265306,46.8170673469388,87.2265887755102,64.9609479591837,31.7908810204082,70.4499071428571,52.3434459183673,39.2011675510204,46.6775571428571,50.6526571428571,58.5375571428571,77.0756040816326,124.664124489796,72.4809285714286,58.9651224489796,64.5436591836735,50.9079030612245,31.4785,41.5442153061224,31.8477683673469,30.6353020408163,102.792589795918,69.9413418367347,58.1310571428571,56.348137755102,67.4040030612245,54.7718714285714,62.2467234693877,24.3677997959184,47.9376765306122,33.1517908163265,46.984837755102,28.4349030612245,25.1567093877551,36.9447326530612,52.2748187755102,28.8307473469388,53.6309020408163,64.8058214285714,80.1839755102041,51.1913397959184,80.6115867346939,70.3567897959184,27.4582193877551,19.8499136734694,52.6951244897959,56.7735816326531,41.3535053061225,17.1854844897959,50.2927183673469,49.2743897959184,39.3821030612245,34.8546989795918,35.961093877551,45.9511479591837,105.343476530612,44.3967071428571,51.9874346938775,87.26,44.1318673469388,52.3904248979592,23.7573887755102,33.4886710204082,15.7799014285714,26.4108551020408,25.49959,25.9919895918367,81.7759255102041,45.4146114285714,32.3497883673469,72.0145030612245,66.3006265306122,35.1482291836735,49.2395540816326,42.7048832653061,141.04122755102,107.098935714286,70.9639755102041,62.1558581632653,64.5770275510204,35.1342428571429,57.6077734693877,26.36817,35.9853744897959,61.8090928571429,76.7069030612245,36.2096530612245,48.7229387755102,57.4483693877551,77.1995193877551,70.0449897959184,62.7596540816326,24.4086928571429,40.3904336734694,10.1466916326531,74.2855071428571,53.8858275510204,91.5371785714286,69.5781306122449,34.7661248979592,46.0812836734694,82.2132816326531,71.0539806122449,76.240393877551,51.3832610204082,77.0034663265306,118.649331632653,94.521606122449,82.5672122448979,65.7536602040816,49.5807755102041,59.4667387755102,47.0896945918367,68.0778693877551,79.6625520408163,40.7687844897959,40.9410867346939,19.6464957142857,26.0638,107.039056122449,82.5176439795918,138.523626530612,143.712591836735,63.5829673469388,100.134075510204,61.3546163265306,23.8634530612245,25.7300102040816,68.2063030612245,52.0269142857143,62.8482326530612,40.0632573469388,28.7766444897959,59.5464132653061,61.8294265306122,131.120363265306,88.3580030612245,67.629906122449,66.0589326530612,91.5675979591837,44.0146346938775,67.9697857142857,91.3169979591837,77.4942081632653,79.8447714285714,61.9424775510204,61.688606122449,78.2741897959183,94.6052867346939,92.7360928571428,229.912335714286,123.192636734694,95.3363867346939,71.132293877551,83.9788744897959,63.4272428571429,55.5174428571429,53.8536091836735,77.4027520408163,79.1032214285714,84.0332255102041,92.4835520408163,50.0384571428571,49.3120071428571,55.5972714285714,46.5920997959184,51.7389018367347,48.6880275510204,38.0707836734694,39.9267397959184,48.5541183673469,64.0686440816327,51.4583591836735,50.4209479591837,39.7520148979592,76.7100448979592,114.287512244898,118.565418367347,77.85665,75.5054428571429,111.799934693878,58.1285510204082,77.9169275510204,79.5979418367347,89.0640673469388,110.344762244898,67.7068795918367,72.4482326530612,60.0010612244898,47.539206122449,68.04765,38.7303955102041,56.4274755102041,117.115475510204,69.967746122449,25.5761696938775,53.3911489795918,89.6039479591837,72.660037755102,72.2057765306122,54.6616632653061,26.0730051020408,59.7562390816326,72.7441755102041,46.3522959183673,63.8429510204082,82.148831632653,76.0780428571428,62.3219193877551,41.8919102040816,46.7911806122449,34.9591559183673,8.56306673469388,36.5728989795918,30.0463181632653,25.5176563265306,44.1162673469388,39.6732426530612,52.906837755102,48.104812244898,50.0572724489796,61.5151836734694,70.2054816326531,33.6996,19.3737673469388,31.9063316326531,34.1149408163265,46.6177897959184,22.6801195918367,22.1589197959184,51.9058693877551,34.4822234693877,24.1073457142857,49.5849846938775,118.048031632653,85.4587040816326,72.05865,39.3956806122449,33.1349724489796,63.5724581632653,63.2722581632653,69.1945081632653,53.5489693877551,43.1089846938775,45.893756122449,73.2942459183673,33.4566887755102,34.9498234693878,83.0506448979592,84.3250826530612,129.299285714286,33.806893877551,30.3949806122449,73.4534071428571,119.168267040816,105.340855102041,156.185520408163,81.4697183673469,87.9257357142857,50.9126306122449,45.5588755102041,42.4857173469388,76.4520153061224,38.0149030612245,44.1661448979592,46.4477434693878,45.9461357142857,36.1920559183673,36.1159385714286,23.438237755102,36.1678826530612,95.7224591836735,47.8949510204082,90.3857244897959,73.9811224489796,41.0034108163265,92.2209408163265,77.5836846938775,97.0379448979592,129.31292244898,55.1344795918367,110.638229591837,90.0404448979592,108.693263265306,54.2642275510204,87.778993877551,105.899881632653,36.9796959183673,80.3454857142857,68.7444255102041,84.4923010204081,68.4513346938776,37.0769428571428,63.634037755102,40.33815,70.7277846938776,33.1350204081633,65.8188051020408,57.85445,51.7678765306122,90.2671489795918,75.3681591836735,66.7433071428571,102.375426530612,95.6051255102041,78.8616836734694,54.2551806122449,54.1496193877551,102.143074489796,52.4528295918367,45.8038489795918,41.4224857142857,36.3602812244898,50.4503806122449,95.2105168367347,38.5373484693877,55.6395520408163,43.313187755102,104.514655102041,100.123902040816,66.7232387755102,56.0812387755102,67.9081642857143,36.2673971428571,33.8519693877551,35.0381326530612,23.6080928571429,39.5917816326531,64.2243244897959,41.287593877551,73.1302755102041,47.561262244898,46.481212244898,61.5869775510204,34.6634846428571,36.3087193877551,38.5232632653061,32.4295306122449,56.9571051020408,33.4441479591837,55.2786275510204,46.0499887755102,55.3565989795918,61.471156122449,73.7633602040816,42.4707244897959,62.2963948979592,59.5017275510204,47.5693448979592,56.0895244897959,82.342262244898,23.28903,28.2734597959184,45.8964224489796,28.4904897959184,31.3641479591837,57.4604255102041,74.6613714285714,31.7689857142857,55.2975102040816,92.3658520408163,107.903521428571,54.6001051020408,57.072262244898,34.0853632653061,45.8016010204082,48.7472704081633,55.4892530612245,46.7759673469388,47.1588959183673,60.5161531632653,59.0970571428571,152.37091122449,84.7161663265306,42.7354846938776,37.0099724489796,30.8803928571429,95.1135734693877,34.9820642857143,32.7752744897959,27.9097618367347,17.0014028571429,58.5041489795918,93.8359530612245,105.261539795918,67.7551948979592,56.5484693877551,99.6511275510204,162.493956122449,76.5371469387755,57.0918448979592,143.008481632653,148.19502755102,73.5365530612245,113.932352040816,98.6369224489796,63.9852285714286,85.1722183673469,40.15238,63.811037755102,57.5956785714286,34.72385,53.0512551020408,81.2189979591837,31.9304806122449,48.5466602040816,29.3936846938775,42.4433540816326,28.3033867346939,53.0727193877551,31.8390867346939,39.8335051020408,54.4380775510204,21.4577481632653,24.8957469387755,74.8487214285714,129.862655102041,61.0706489795918,72.3723714285714,25.01345,35.2167010204082,32.1358216326531,38.0458273469388,57.2994969387755,87.3008081632653,63.0678785714286,65.0679663265306,100.906102040816,129.183502040816,54.9178295918367,175.270054081633,125.031875510204,76.9872204081633,38.8034071428572,71.3273785714286,55.6610540816326,39.819306122449,41.8508091836735,49.9057693877551,26.5477089795918,52.4733887755102,38.0103714285714,92.8279806122449,53.3610428571428,66.2515387755102,36.7183581632653,87.3259224489796,53.9360367346939,76.9387102040816,72.35025,81.7805989795918,78.3108836734694,45.8454540816326,162.083284693878,79.5843785714286,37.0290885714286,35.7258708163265,61.6407244897959,93.4095153061224,119.535441836735,97.5627826530612,92.2533826530612,115.353843877551,119.323375510204,118.764225510204,51.3819428571428,66.7598142857143,53.0662071428571,68.9895755102041,43.2267846938775,103.367445918367,28.0918435102041,83.1426826530612,112.438198979592,45.4211255102041,39.4596704081633,103.476317346939,83.1744734693877,67.7760354081633,128.024556122449,114.401154285714,110.427236734694,90.5394489795918,81.4036397959183,113.807864285714,103.444668367347,21.8638957142857,42.3634908163265,62.6976285714286,77.669606122449,42.796293877551,92.7640122448979,72.5948887755102,60.1535683673469,44.3899346938775,63.2363387755102,27.9769965306122,81.0615469387755,70.8568959183673,35.4598726530612,38.5000306122449,114.949586734694,73.0396673469388,62.9000540816327,73.7166857142857,31.639887755102,47.0234785714286,56.279493877551,49.1095795918367,87.9200795918367,53.6920612244898,67.9761826530612,69.1779173469388,73.3818673469388,61.576343877551,61.6944255102041,64.377093877551,127.913851020408,63.1342244897959,55.0808602040816,59.6399326530612,23.1498836734694,58.8150204081633,69.3642265306122,92.2178214285714,44.2983724489796,60.9444857142857,92.3057469387755,41.5971785714286,86.6828326530612,102.094612244898,33.383662244898,24.8625336734694,36.731206122449,45.9619213265306,34.0787132653061,64.0058275510204,42.0969153061224,46.2506163265306,95.0397622448979,67.9203428571428,87.7685785714286,75.4548071428571,47.0061408163265,103.613541836735,73.1789581632653,72.6728397959183,74.7079632653061,55.7565724489796,83.5683887755102,129.122220408163,21.4277224489796,89.0982479591837,89.1792724489796,73.6270734693877,80.8051551020408,27.4374030612245,31.2156969387755,51.0490428571429,79.4142204081632,48.2577224489796,55.7486816326531,51.3244582653061,72.9473887755102,45.3102673469388,36.2660132653061,44.8535489795918,47.9335969387755,38.5940625714286,98.8832306122449,63.728162244898,61.1863071428571,90.9169357142857,92.9398704081633,92.8588816326531,85.61185,24.608137755102,108.31088877551,126.458279591837,44.0501887755102,48.2984112244898,53.5316693877551,68.8460724489796,81.5622785714286,84.1805683673469,75.8152693877551,45.9012285714286,59.2627336734694,37.1736806122449,20.5945574285714,28.900256122449,29.0313255102041,44.3014336734694,39.1092734693877,66.4696408163265,27.7189279591837,36.6564010204082,70.6781193877551,55.3593081632653,95.6678408163265,44.7194081632653,51.9816642857143,58.8327908163265,39.2782642857143,27.5193353061224,73.3790040816326,64.4052846938775,132.713642857143,58.4535775510204,46.8802278571429,23.4094310204082,19.6208081632653,31.9569683673469,28.858706122449,22.1457724489796,20.5198224489796,38.1702612244898,51.6440520408163,73.2914867346939,63.4236,87.1793071428571,103.941871428571,127.475991836735,62.2230530612245,47.4187387755102,59.4624081632653,43.9352920408163,98.2717673469388,75.0755357142857,87.4088520408163,73.7881183673469,78.5283091836735,55.3613785714286,49.5231214285714,109.713200306122,116.064485510204,59.2054989795918,47.6760948979592,38.4957009183673,35.2309642857143,25.0279925510204,44.6741959183673,26.4545040816327,96.7040571428572,73.0676734693877,114.711301020408,57.9005346938775,56.1708775510204,59.7311551020408,49.235293877551,29.2484085714286,29.9708908163265,95.6217846938775,139.566055102041,87.5701265306122,43.5424020408163,59.7195102040816,25.0674557142857,27.3958567346939,47.7751519387755,26.7430896938776,30.07937,23.0846907142857,40.5697735714286,15.2601816326531,12.5754406122449,52.2266040816326,67.8135336734694,84.006093877551,73.9571091836735,87.5188112244898,26.6261210204082,50.7215530612245,28.8385383673469,31.7664542857143,31.6194263265306,50.3152448979592,18.7933269387755,85.6345775510204,78.5149520408163,52.1846785714286,71.9240979591837,81.5987285714286,54.7133755102041,71.0066336734694,67.5725408163265,62.6162316326531,76.9007479591837,86.4366520408163,47.9695793877551,73.0666448979592,43.9785951020408,36.4820081632653,28.7011234693878,24.1270791836735,74.3382867346939,16.2557913265306,64.4459306122449,35.5139316326531,34.84405,34.4320814285714,83.1758704081632,83.671987755102,80.1830153061224,42.7136214285714,79.060587755102,72.6638622448979,73.6875571428571,68.6404642857143,53.4984897959184,79.726806122449,130.77125,55.5370969387755,44.3067693877551,57.304362244898,119.585439795918,60.9897112244898,41.2573295918367,92.1575459183673,22.3140816326531,62.1936846938775,38.0571744897959,90.5019153061224,91.3742969387755,71.1998765306122,73.7701581632653,61.5696826530612,70.5165418367347,78.2994418367347,36.7267397959184,102.357313265306,103.442314285714,41.6881357142857,64.3726428571428,52.5638948979592,65.3209989795918,63.6806663265306,81.704293877551,27.1327318367347,31.3522428571429,24.1034102040816,50.4378112244898,54.92415,67.4031,59.4472112244898,61.2121448979592,91.8867846938775,100.68912244898,107.196929591837,97.8934204081633,88.0850163265306,58.7245153061224,55.2607785714286,37.4554883673469,44.4741081632653,101.197043877551,41.6597571428571,51.8247030612245,53.4824959183673,21.2918126530612,22.569862244898,56.6508459183674,49.0010979591837,60.1038887755102,39.0753051020408,35.1173581632653,56.5743193877551,49.7386183673469,29.0412816326531,45.3398285714286,35.5375897959184,68.1426285714286,50.5548408163265,79.5519316326531,35.7079234693878,49.7827918367347,113.418005102041,91.9697663265306,38.2867,64.2478224489796,56.0730948979592,164.178218367347,139.879539795918,106.975792857143,47.4529795918367,50.0603632653061,67.1582704081632,16.157815,31.4516530612245,44.0521442857143,48.9567153061224,36.9337975510204,69.9967897959183,66.9921714285714,45.3363631632653,67.1876581632653,60.1598653061224,44.2390255102041,81.7396469387755,36.161493877551,21.9336230612245,15.3461787755102,11.0419437755102,13.0479168367347,23.4867346938775,47.4642663265306,94.3841683673469,40.7372767346939,43.5674234693877,28.838386122449,32.420707755102,31.8599867346939,30.6243516326531,28.9196224489796,44.5899336734694,33.676112244898,40.0583989795918,79.787237755102,131.625126530612,31.2956826530612,44.887137755102,37.3494367346939,33.8466693877551,31.270412244898,90.2961724489796,18.0597830612245,45.1669289795918,42.6415857142857,46.6351410204082,77.2617346938775,42.7015265306122,104.816647959184,73.5938326530612,143.642591836735,91.9339785714286,44.6752142857143,54.2190479591837,67.8804612244898,55.4217755102041,92.3385510204081,42.3292051020408,50.1289520408163,84.6226744897959,81.4408836734694,72.7191602040816,60.7066612244898,85.5029571428571,69.0746867346939,61.135537755102,60.7636428571428,131.02056122449,56.4502014285714,51.8329014285714,106.846429591837,105.797610204082,68.9821602040816,42.208887755102,34.8069812244898,33.7832357142857,39.09725,39.0702959183673,44.8382163265306,37.2026265306122,37.3355173469388,39.2693969387755,100.273630612245,99.4799959183673,134.536139795918,92.9574969387755,74.219787755102,79.2392418367347,34.4182724489796,58.4877704081633,39.6068591836735,37.2354255102041,48.0894571428571,46.042437755102,46.7606520408163,197.142268367347,155.954997959184,41.5921173469388,40.71665,52.078787755102,15.1208425306122,23.9687434693878,28.4774175510204,31.4892551020408,62.9936244897959,117.060651020408,74.0497989795918,123.786401020408,62.723706122449,27.5188224489796,63.7421326530612,46.9014336734694,46.0176051020408,30.5526785714286,23.9349563265306,19.0118446938775,32.1597224489796,48.0104948979592,39.6562826530612,42.4328489795918,64.4508908163265,83.940037755102,56.4718,38.1868693877551,44.206212244898,83.1392142857143,50.4802683673469,85.2916816326531,51.3081642857143,63.3519306122449,94.0561775510204,80.5044806122449,46.0133234693878,65.5101030612245,62.6825612244898,129.154383673469,126.808840816327,105.268206122449,108.074539795918,66.8766020408163,83.8448520408163,64.1260020408163,58.1627632653061,142.606165306122,66.9868867346939,45.785843877551,92.5990734693877,100.920880612245,56.3756397959184,69.0220908163265,77.2224530612245,57.1471622448979,51.0050704081633,47.4866214285714,130.778315306122,66.9725326530612,69.7598551020408,39.6563183673469,77.8058744897959,27.9814969387755,50.5896183673469,46.7957673469388,26.2085571428571,38.6171087755102,97.2226010204081,72.0266275510204,147.529695918367,73.9291642857143,108.187592857143,105.280889795918,81.0658581632653,72.2855602040816,88.2864163265306,50.7582755102041,52.4276040816327,44.5556010204082,44.5460316326531,75.4201234693877,34.7156846938775,87.1437367346939,89.2603408163265,44.1406,46.2630897959184,47.9487673469388,34.0139540816326,39.4102357142857,26.5261920408163,29.601007755102,48.2030520408163,47.2047489795918,58.2212653061224,57.7394183673469,72.8156959183673,131.789605102041,50.6762928571428,46.1794044897959,40.9900220408163,45.6214873469388,40.714487755102,64.5114489795918,45.3465581632653,39.9542091836735,23.7829826530612,54.5077744897959,38.857243877551,25.4017255102041,28.4761269387755,28.3712724489796,23.7821126530612,45.2851806122449,28.7429583673469,36.9246581632653,41.4272948979592,63.0802030612245,59.9981010204081,45.3043285714286,31.0960864285714,19.892813877551,27.0178,116.866964285714,31.4387193877551,41.6168612244898,38.5529448979592,93.2514755102041,62.3473989795918,41.2294540816327,30.4626071428571,62.6378010204082,80.9233163265306,74.8750265306122,28.3066,196.933752040816,53.7615,62.6841551020408,37.9712530612245,82.70325,60.0201918367347,117.70886122449,65.8543163265306,63.9559428571429,57.7422948979592,64.9798142857143,54.6023412244898,72.7938979591837,50.7696020408163,64.9964469387755,51.8624295918367,121.88615,93.6714295918367,82.0392969387755,137.991470408163,122.562182653061,54.6159683673469,47.6000959183673,59.4308102040816,32.7940997959184,35.0447265306123,56.0417918367347,31.9084742857143,90.8439510204082,62.3199693877551,24.2799091836735,48.9436857142857,75.769987755102,71.8883040816326,13.4927829591837,75.733056122449,36.3590683673469,12.2051510408163,103.738163265306,50.5419397959184,46.5470693877551,63.7820530612245,55.9136869387755,71.1034887755102,58.0842551020408,71.8420642857143,93.9101948979592,137.713943877551,142.822597959184,135.595547959184,35.0419451020408,60.7694683673469,110.58457755102,22.4175818367347,25.8954310816327,71.348043877551,88.6783908163265,77.0535448979592,56.6082959183673,56.740027755102,58.83225,44.7645928571429,20.6524079591837,50.1161071428571,48.2454897959184,29.4065144897959,39.2642224489796,16.4376044897959,26.0066887755102,46.7767357142857,32.5457520408163,24.6643346938775,27.0167663265306,31.1223428571429,32.8477192857143,34.3771346938776,44.4349091836735,60.9990265306122,54.7635734693878,54.5172540816327,36.7478410204082,117.421301020408,80.5161306122449,99.4349285714286,95.43645,33.6746173469388,125.688096938775,125.867110204082,61.4431418367347,50.7774040816327,63.2395051020408,70.2278520408163,61.6452397959184,119.922692857143,45.8513467346939,30.4296144897959,40.6074173469388,40.3238867346939,31.6206663265306,30.8134530612245,62.8020806122449,33.5764357142857,66.686606122449,50.529843877551,23.4197089795918,44.3861806122449,72.0389969387755,64.5837173469388,78.5474418367347,72.0486510204082,95.5004244897959,84.2569,68.3340071428571,74.2181571428571,35.0890704081633,109.504775510204,84.3847848979592,104.881785714286,91.1096142857143,61.2284204081633,30.9834663265306,53.9240918367347,60.8518081632653,48.474837755102,75.1219193877551,62.6918418367347,54.6402969387755,49.515787755102,63.2667785714286,25.5609704081633,45.4808418367347,31.6061173469388,50.9033295918367,75.1917193877551,33.3569714285714,69.9060153061224,60.0813492857143,80.0541071428571,73.8372204081632,47.3126324489796,49.6284187755102,37.1252632653061,123.432546938775,36.2541857142857,49.4374836734694,71.07175,57.4493316326531,54.2800897959184,53.8331367346939,32.0876159183673,34.3548044897959,79.5658785714286,91.216156122449,123.615189795918,47.4540969387755,108.085906122449,138.911789795918,92.8239010204082,88.207812244898,74.2356265306122,44.1520020408163,59.0186295918367,54.9757887755102,76.0906571428571,79.9541295918367,108.778345918367,148.180121428571,142.258758979592,156.343234693878,48.86755,32.2390030612245,22.9115581632653,23.505976122449,56.119162244898,52.5371081632653,76.5927255102041,55.7592510204082,57.9026030612245,70.8355530612245,68.5837716326531,35.5450228571429,37.9989248979592,56.2214244897959,51.7250051020408,44.0489630612245,36.1972265306122,64.9783836734694,50.6224581632653,32.7028414285714,50.9221142857143,43.0585867346939,52.7696479591837,52.2938683673469,50.2083204081633,50.74985,63.9555326530612,46.0884020408163,31.3232495918367,105.374068367347,78.8804234693878,95.0428653061225,49.9062673469388,48.3534051020408,54.9733918367347,55.6518571428571,28.9664591836735,59.890987755102,62.3244224489796,71.8471724489796,28.8758336734694,26.0973775510204,36.9316632653061,33.9101020408163,66.5930545918367,67.0600410204081,56.5268571428571,38.9149714285714,27.0239267346939,138.392255102041,124.862047959184,70.1218683673469,48.3270693877551,85.99665,43.0609081632653,32.7107112244898,59.1582908163265,53.3549581632653,86.6038520408163,87.2046581632653,93.3621928571428,28.611856122449,67.8045744897959,56.9220714285714,21.6837173469388,19.7062209183673,30.5323867346939,43.5074663265306,50.0056989795918,49.6920653061225,38.0230234693877,20.7547936734694,67.0128255102041,66.3472632653061,96.9837265306122,60.4478683673469,54.6169387755102,41.8635032653061,13.4805608163265,102.798809183673,69.338743877551,56.9741236734694,58.5719989795918,56.0647540816327,47.8055295918367,25.52456,82.9555357142857,106.365371428571,61.7078204081633,59.7323724489796,76.1284602040816,56.9757020408163,60.3550979591837,48.1004530612245,36.0472836734694,38.2654704081633,82.7177306122449,67.2079336734694,43.4520091836735,30.9410091836735,50.7739612244898,57.0024979591837,40.8328019387755,44.9022124489796,53.0096642857143,56.5872051020408,90.2511357142857,71.807256122449,68.1216653061225,44.4833193877551,50.6951653061224,37.0626663265306,63.1850714285714,77.7264255102041,110.145960204082,107.636758163265,60.4450602040816,112.277526530612,94.600631632653,47.9951551020408,40.4880183673469,86.2211897959183,39.5678489795918,81.9970969387755,42.329056122449,36.7545542857143,99.6168183673469,99.4934418367347,108.961757142857,55.2810214285714,101.776503061224,135.049519387755,51.5969816326531,28.2244485714286,55.7948051020408,46.4615642857143,11.8746125918367,30.0153540816327,23.5251918367347,70.6706979591837,68.8960154081633,67.8242180612245,64.9507714285714,78.6659928571428,83.5018091836735,80.4683387755102,69.4342857142857,63.3681836734694,37.9558081632653,44.0708230612245,54.8535744897959,69.9839010204082,79.141481632653,105.16055,116.795213265306,146.327514285714,87.5396295918367,73.896456122449,57.9290469387755,43.0562857142857,56.1372275510204,53.2842928571428,51.250656122449,41.2400591836735,48.6422183673469,48.4736969387755,32.5768846938775,16.528783877551,35.8505724489796,33.8815969387755,71.411656122449,16.3934785714286,42.8893959183673,55.9301806122449,91.2653153061224,48.2443595918367,70.3572142857143,59.4925510204082,58.480006122449,51.3271183673469,76.9593806122449,89.3988836734694,73.4656653061224,104.622556122449,51.4144724489796,17.2021071428571,78.8348163265306,39.0830387755102,97.1637224489796,66.9105663265306,108.548580612245,94.0849479591837,33.7917828571428,45.4587163265306,87.0867795918367,63.8279744897959,44.8618459183673,19.5105168367347,32.7144102040816,41.6176357142857,61.0385010204081,38.8638704081633,43.7794346938775,55.470087755102,29.0820244897959,40.8345204081633,65.8764248979592,84.4793612244898,44.2941683673469,29.7038244897959,66.0681897959184,50.0501275510204,45.0241428571429,111.075980612245,121.904792857143,98.0844418367347,38.2963408163265,43.4267540816327,70.7905908163265,111.747383673469,69.6609785714286,48.5806448979592,63.038037755102,59.9781632653061,110.582521428571,61.2194448979592,83.2626836734694,82.948806122449,86.7729346938775,58.7877244897959,51.298587755102,45.4187051020408,34.9821428571428,111.517031632653,87.6934326530612,77.3051959183673,84.6946806122449,66.0849448979592,33.7215412244898,52.9022663265306,40.1755724489796,35.1787132653061,32.0011142857143,31.3170989795918,85.1935795918367,47.9064471428571,42.626906122449,39.7198204081633,39.4097908163265,102.420740816327,55.1454459183673,50.4723551020408,16.6280646938775,23.6998255102041,88.2763909183673,26.7169068367347,49.6424806122449,38.1443908163265,40.5766510204082,66.1941173469388,99.3514979591837,94.5801693877551,116.530237755102,32.6295591836735,37.4289867346939,16.09655,32.7893169387755,100.162968367347,47.02025,80.119081632653,62.8252765306122,16.1217012244898,101.355953061224,26.2607074897959,53.9787234693877,124.905471428571,38.2349908163265,29.7085804081633,62.2845163265306,90.2927397959184,81.4240102040816,111.521271428571,77.1725479591837,169.452982653061,58.855156122449,86.0967867346939,64.3239142857143,66.3967234693878,45.6269894897959,35.88525,31.601412244898,40.6907928571429,15.2126493877551,17.6157242857143,153.924258163265,167.774344897959,105.95357755102,69.8622806122449,67.3045081632653,61.7988469387755,54.8426142857143,43.4472367346939,83.1067431632653,61.4314183673469,95.7881010204081,54.3119224489796,32.6550532653061,47.9491408163265,44.13885,77.3926551020408,53.778512244898,42.8702662244898,71.8127918367347,28.0877665306122,26.6284324489796,93.214337755102,177.104864285714,70.9228102040816,70.7223887755102,85.3504765306122,118.314823469388,77.7218275510204,45.0527320408163,43.5142324489796,56.0920551020408,72.074662244898,42.7144120408163,54.6739806122449,55.8736642857143,85.826356122449,55.7955510204082,50.1353071428571,54.2967908163265,72.8838275510204,46.3885336734694,35.0390081632653,41.8323887755102,60.0131306122449,34.8163620408163,42.2660887755102,55.3441357142857,27.4498969387755,20.0000514285714,23.9005969387755,50.4328734693877,61.6770989795918,53.3893479591837,84.1034051020408,49.3590806122449,40.2922295918367,50.6492816326531,68.5591244897959,65.739243877551,92.7882744897959,54.5973520408163,44.8138387755102,47.4121693877551,50.8833857142857,23.8965493877551,34.0499993877551,53.6470030612245,35.21665,47.6079836734694,62.6070336734694,59.0858551020408,68.9468408163265,62.1519479591837,61.2792765306122,46.6642204081633,30.3398587755102,49.9003483673469,73.9371204081633,61.679013877551,66.81145,65.152487755102,53.6941397959184,17.6837631632653,18.2221757142857,37.0020755102041,31.2485173469388,22.1082023469388,15.0619748979592,18.7655408163265,8.47065489795918,12.4827069693878,13.4555916632653,25.7151683673469,39.8473020408163,39.1971306122449,39.3172265306122,90.7421234693877,110.422478571429,57.6413693877551,53.3618387755102,95.7091836734694,73.9307775510204,72.2532010204082,92.113137755102,60.4190418367347,76.5621857142857,75.1708234693877,102.209798979592,42.0393173469388,67.6216571428571,41.7650326530612,17.1791493877551,111.952020408163,61.000343877551,98.7127510204081,65.7082214285714,52.7206806122449,58.3516081632653,91.0127806122449,74.2153897959184,123.164052040816,77.3348816326531,44.1222908163265,56.0270714285714,80.4279091836734,62.4827163265306,134.463068367347,114.333460204082,66.460737755102,76.0611346938775,61.3408397959184,75.034693877551,56.2738928571429,49.5460251020408,73.0100183673469,76.8100234693877,37.6889885714286,51.7216844897959,46.175293877551,34.7516693877551,22.0377116326531,12.3083266326531,86.0192714285714,73.9948040816327,61.6099102040816,63.2964857142857,37.3916806122449,46.7497734693877,64.9285142857143,32.933312244898,57.2095530612245,56.4879295918367,51.1253244897959,42.9221867346939,34.8277673469388,38.9331102040816,36.506237755102,23.1974183673469,23.9209744897959,15.7070553061225,32.0694183673469,37.9371163265306,54.1990144897959,32.8960326530612,51.7799397959184,92.4760928571428,45.0207836734694,25.1223830612245,48.3720928571428,50.1846234693878,44.8717673469388,34.0606305102041,57.2313757142857,117.569495918367,70.5076632653061,97.5312755102041,123.469302040816,111.951697959184,88.6980112244898,59.9396948979592,57.0087275510204,39.0266010204082,51.6480479591837,40.7732489795918,58.6378755102041,64.699262244898,113.288458163265,66.885756122449,92.2781612244898,90.156087755102,46.7987989795918,49.0222744897959,83.5494489795918,57.6512928571429,106.570074489796,118.808143877551,44.4510051020408,174.150839795918,87.7299795918367,45.2552489795918,34.204187755102,71.3362775510204,63.5758897959184,8.27216030612245,32.1368571428571,20.6103265306122,15.5159806122449,51.3584989795918,40.47895,32.6011795918367,21.7449885714286,51.9426397959184,59.0803846938775,41.3024510204082,59.0600183673469,21.3612167346939,55.9288408163265,40.8491785714286,62.3150367346939,53.8634887755102,53.4267755102041,133.651420408163,85.5551724489796,55.8089826530612,68.9646093877551,72.6618434693877,14.6007671428571,39.1887091836735,39.4819581632653,52.8547540816326,17.7594230612245,45.0146614285714,32.6731704081633,60.0097724489796,58.2104081632653,46.8673020408163,72.1370744897959,72.9826132653061,41.8522081632653,17.8683428571429,37.9068714285714,27.5864897959184,39.0001632653061,75.0718795918367,68.5043734693878,62.6046785714286,64.5476785714286,113.142056122449,91.1516765306122,111.06018877551,50.0491816326531,66.449243877551,67.5320683673469,55.1449739795918,34.3958663265306,19.4048437755102,30.9596689795918,96.5971795918367,38.7017102040816,65.6968765306122,21.2704969387755,16.2054965306122,28.5581816326531,34.8389753061224,90.3509346938775,47.3069908163265,174.268641836735,104.382305102041,55.6652336734694,94.1412530612245,71.5254693877551,76.6827571428571,137.317225510204,76.3460642857143,76.2492346938775,42.7664693877551,51.3228357142857,50.0344234693877,57.0232755102041,40.194312244898,23.5649581632653,51.3665622448979,80.1164459183673,84.1352430612245,99.8556387755102,105.794435714286,107.00307755102,37.3855428571429,121.133059183673,110.754917346939,97.24665,30.6917751020408,63.8061204081633,49.7782887755102,106.853284693878,130.547412244898,55.6850765306122,60.4550846938775,82.5446112244898,31.6930210204082,36.767187755102,78.1171183673469,68.3399734693878,73.468762244898,74.5283081632653,67.1588163265306,70.8775948979592,64.3015234693877,68.5137530612245,47.4339714285714,71.9829244897959,101.617398979592,80.2597336734694,60.9242612244898,38.6438163265306,54.2424918367347,24.3277163265306,28.1724034693877,16.5093653061224,42.4096132653061,46.0079071428571,47.1963765306122,53.6618969387755,31.8536459183673,30.7248020408163,81.1580020408163,43.3743154081633,29.9070795918367,46.0301418367347,14.6316355102041,27.273593877551,16.7291102040816,56.6443622448979,82.2572275510204,52.7264551020408,39.5994071428571,38.9656336734694,35.9772244897959,64.4270102040816,86.3067963265306,39.7840765306122,40.1616530612245,46.5336697959184,63.2185928571428,45.9905397959184,81.474987755102,44.1666387755102,138.450330612245,65.9358193877551,89.306806122449,26.8987104081633,11.6980897959184,58.2812683673469,67.9200428571428,100.658978571429,56.0742040816327,32.1071875510204,38.0220193877551,73.2679479591837,36.3538132653061,74.9282040816326,82.7930857142857,84.1454061224489,88.4705163265306,80.0801387755102,51.4442275510204,52.0584102040816,51.4631767346939,44.2359507510204,48.7999316326531,33.6560448979592,47.7593173469388,57.6161081632653,53.1641734693877,46.9808459183673,65.6739765306122,33.9910489795918,67.561543877551,14.3679779591837,30.3965551020408,50.9760602040816,70.0054306122449,81.4233806122449,104.398636734694,91.9434459183673,82.0872071428571,82.4669255102041,8.34634734693878,17.7217967346939,25.1813853061225,17.1958353061224,28.3683682653061,34.3493928571429,30.8571857142857,37.3460285714286,69.2523163265306,37.2775775510204,23.9894106122449,38.3242734693877,68.7001908163265,78.0646724489796,39.856656122449,20.9374942857143,85.3299428571429,61.3161785714286,37.5205030612245,57.5500244897959,57.1494846938775,68.8828959183673,87.7919673469388,149.275002040816,81.910006122449,88.7295285714286,117.243784693878,67.1001112244898,48.3203948979592,81.5017571428571,64.1852428571428,35.2602785714286,48.475706122449,52.7067787755102,44.7151744897959,72.5214234693878,75.2946908163265,129.780795918367,53.8130163265306,34.0076591836735,37.4628948979592,41.2584357142857,23.4938346938775,40.4045473469388,55.6062806122449,65.4105153061224,70.2887479591837,105.020332653061,58.8217448979592,36.8202214285714,31.0748657142857,81.3279714285714,85.1447306122449,56.1691193877551,62.2836418367347,44.6222826530612,69.9154693877551,73.5856234693878,91.4941091836735,23.0355945918367,63.6349581632653,89.8144469387755,91.2260153061224,52.3724010204082,56.8890806122449,41.9371344897959,31.5402071428571,39.3135469387755,40.4474928571429,33.9159591836735,45.2395459183673,47.798756122449,101.93087755102,58.9339908163265,45.3216918367347,69.75055,51.2941265306122,58.0461010204082,41.2097336734694,81.3902755102041,41.3294587755102,94.0691765306122,100.033495918367,94.5222918367347,62.3376806122449,27.7222244897959,19.3489989795918,54.9494857142857,67.1910091836735,73.4722530612245,157.52686122449,73.9046806122449,65.1247989795918,85.4322642857143,98.6741265306122,67.6510759183673,59.1662510204082,56.9031887755102,40.7938887755102,44.3185142857143,59.621193877551,45.9794510204081,53.4864785714286,44.0827142857143,98.1882571428571,56.2316918367347,31.477672244898,54.9868306122449,31.4320204081633,41.0406959183673,54.501906122449,34.2595367346939,61.8328285714286,32.7061469387755,122.222246938775,97.0842255102041,50.1526204081633,103.15861122449,63.4412255102041,85.6115285714286,54.6464142857143,57.3993612244898,63.9321397959184,58.1867663265306,53.494387755102,79.7013469387755,75.8039510204082,106.705237755102,49.4063816326531,33.1975693877551,42.6975193877551,51.3644785714286,60.2829285714286,102.406867346939,150.393101020408,74.5303295918367,49.8507030612245,90.3854336734694,95.1343612244898,70.2866224489796,118.676487755102,34.4495969387755,42.6646469387755,70.0047346938775,80.3528489795918,72.6858244897959,99.0287173469388,49.5465704081633,67.8663979591837,138.777585714286,56.4249265306122,146.432321428571,102.441457142857,122.531204081633,42.162056122449,50.6451020408163,70.4136755102041,78.9147418367347,21.6497704081633,24.1900710204082,43.9268928571428,64.7115755102041,81.8123846938775,36.1234239795918,126.633363265306,41.5198265306122,87.170893877551,114.011041836735,87.407712244898,61.7660928571429,53.4440428571428,50.4302447959184,31.4479367346939,62.7595775510204,57.5287639795918,55.9841204081633,22.5741893877551,38.1192153061224,95.4001724489796,89.1312051020408,57.2461867346939,40.7307397959184,48.185837755102,52.5898673469388,42.1892193877551,48.7942714285714,27.5706591836735,34.9478908163265,34.2721602040816,25.0858755102041,31.1831797142857,28.8740297142857,23.7356806122449,20.594407755102,30.3851508163265,34.8154063265306,57.4126285714286,78.5362969387755,39.5563897959184,50.8167813265306,61.3396693877551,75.6070785714286,66.4119867346939,41.0301306122449,34.6748224489796,42.2111132653061,45.6058887755102,37.7237326530612,84.4513275510204,214.220432653061,51.4414397959184,19.5389183469388,31.6447826530612,29.6667214285714,22.1239281632653,118.78313877551,91.3550755102041,48.126141122449,40.8177380612245,40.1437520408163,44.987656122449,36.5482908163265,65.8304693877551,46.1254081632653,52.2225408163265,129.450423469388,140.417708163265,57.1469214285714,99.5934826530612,160.258018367347,17.9355468367347,55.5607863265306,53.3262673469388,30.6936204081633,24.8128585714286,49.9477306122449,21.544476122449,36.848887755102,95.8711448979592,66.3516428571428,78.9869908163265,77.0001295918367,39.1813010204082,53.3663489795918,19.5516334693878,25.5915844897959,35.8930285714286,40.6872367346939,29.6807306122449,32.5358602040816,53.4197857142857,44.9515163265306,140.326390816327,27.1265510204082,63.066087755102,67.4680714285714,68.9508204081633,54.6242673469388,48.1255887755102,63.3645867346939,50.4002669387755,38.1801428571428,28.1837030612245,45.6789635714286,40.4769193877551,78.2242581632653,43.1628530612245,46.2244275510204,43.0329714285714,24.737944122449,28.5715051020408,62.3641295918367,47.2872224489796,33.0624602040816,37.2514042857143,91.8065908163265,77.7264418367347,62.5363785714286,93.4333795918367,78.5916663265306,33.6877571428571,22.5967953061224,37.8482928571429,30.6083583673469,44.5629244897959,31.2039928571428,34.9804036734694,40.328843877551,62.032656122449,101.605302040816,96.1578868367347,48.1210663265306,32.1310091836735,32.3715663265306,30.5507908163265,11.9446251020408,59.5470939795918,73.5848024489796,36.8610948979592,60.0880765306122,67.3102255102041,125.376040816327,105.143301020408,46.1986197959184,59.5136316326531,66.1599520408163,45.6830151020408,48.2637867346939,32.70498,36.5139163265306,43.3814489795918,34.5195479591837,20.5969244897959,42.8785612244898,47.0851090816327,48.6564316326531,40.8028551020408,52.4767071428571,79.2711367346939,88.4137581632653,106.261554081633,61.1324102040816,67.9064989795918,43.678156122449,52.3087428571428,27.1399785714286,19.0000224489796,124.370841836735,60.9564306122449,79.5142653061224,59.7301744897959,71.4022326530612,73.4910765306122,62.6124244897959,67.7024612244898,76.084037755102,93.8000247959184,74.2940979591837,81.3610306122449,44.8496326530612,55.5241204081633,40.997312244898,69.0061051020408
12.4489795918367,117.594609183673,111.759868367347,133.144626530612,179.987669387755,55.9906846938776,85.2646040816327,230.823979591837,104.182585714286,64.4869877551021,100.947920408163,61.6562112244898,50.7102816326531,41.745943367347,22.2855989795918,47.9105183673469,100.57183877551,122.797534693878,185.93002755102,167.11847755102,92.761912244898,63.0462153061225,48.5999102040816,101.383995918367,72.2280102040817,107.092191836735,47.0003826530612,162.970948979592,114.615170408163,32.9246125510204,70.1230204081633,44.5020642857143,40.3624010204082,94.7236224489796,194.980528571429,272.577059183674,133.146969387755,146.349398979592,151.438998979592,33.1327469387755,27.1445510204082,56.2169734693878,25.0321030612245,85.3990959183674,22.5450785714286,23.6481285714286,16.6261969387755,18.4905091836735,26.1428091836735,79.217468367347,92.0835887755102,30.8118792857143,85.7216051020408,104.299880612245,108.30375,147.528176530612,54.978662244898,193.98057755102,262.458136734694,221.570423469388,124.245137755102,74.3109887755102,42.5257795918367,29.4150234693878,62.9333612244898,65.4956979591837,186.546986734694,61.1423979591837,123.830691836735,236.978234693878,73.1375663265306,148.775168367347,34.1428285714286,30.4440571428571,80.0023673469388,65.049656122449,72.7099867346939,71.7274387755102,170.521515306122,218.008785714286,86.4173163265306,115.316696938776,75.6534775510204,74.8439867346939,82.415356122449,69.8173357142857,62.2790795918367,87.9149877551021,62.9174765306123,35.0159193877551,46.8901163265306,45.4844867346939,54.3125363265306,160.876658989796,78.4525020408163,59.7390255102041,42.5464969387755,26.5702693877551,98.166012244898,99.1044510204082,52.9928030612245,85.8748040816327,117.168281632653,138.883774489796,258.041486734694,91.2112010204082,102.293058163265,70.7692897959184,166.720903061225,138.092032653061,67.1194979591837,35.6466295918367,67.2370489795919,161.095086734694,196.523825510204,137.454899183674,162.9551,65.3163673469388,39.06755,146.749321428571,110.048016326531,96.7658530612245,85.6947969387756,86.8114938775511,64.6255979591837,64.3886193877551,61.4945673469388,126.249876530612,88.1044969387755,172.90712755102,120.083341836735,210.051897959184,299.790687755102,86.7498010204082,33.0376774489796,129.282430510204,107.542114285714,76.3098183673469,120.569976530612,180.829839795918,200.458144897959,91.7186367346939,97.0518010204082,54.0059663265306,108.479051020408,38.4078428571429,33.7846908163265,72.1895367346939,62.7152724489796,54.4444428571429,131.900090816327,146.194626530612,146.655426530612,128.648031632653,84.1595948979592,66.6309163265306,45.2771734693878,81.9572857142857,146.766443877551,54.7367855102041,48.7749875510204,67.8111369387755,98.1325795918368,18.1063897959184,35.2407683673469,112.785342857143,86.4688602040817,105.823373469388,206.42187755102,274.671615306123,28.5544464897959,109.656204081633,109.627803061225,99.3421285714286,40.169837755102,65.1987673469388,67.9653132653061,58.0164326530612,38.0975887755102,41.1002571428572,17.1108912244898,60.1370213265306,65.2771581632653,61.2594224489796,69.504706122449,53.5622091836735,60.8580693877551,72.3129489795919,61.3958193877551,45.7778316326531,61.3155989795918,64.0323357142857,113.311963265306,49.1071285714286,58.5436591836735,38.7275285714286,101.496183673469,82.2467387755102,128.887589795918,97.0793826530613,87.7521775510204,71.8428251020408,35.4905306122449,44.5672765306123,35.4320265306123,39.4458336734694,42.8607724489796,63.5384775510204,69.7880102040816,49.6702724489796,82.2100765306123,79.9162663265306,49.7148510204082,68.1259265306123,18.267906122449,79.9738132653061,138.362667346939,69.778406122449,44.5810897959184,51.8691214285714,186.327209183674,141.799381836735,147.820641836735,215.009028571429,43.9274612244898,205.932059183674,176.602518367347,163.150034693878,38.2896775510204,37.6772020408163,134.426445918367,74.5523928571429,105.761008163265,46.9000693877551,95.4925642857143,73.3273295918368,59.8274295918368,126.653774489796,142.263873469388,77.4763928571429,88.3616377551021,13.0007234693878,42.6551459183674,65.1680540816327,41.0474295918367,48.8703837755102,64.019656122449,185.232759183674,78.096112244898,140.20128877551,151.028714591837,136.910264591837,135.675045918367,113.642767346939,22.5952326530612,89.9004346938776,119.65126122449,67.5874877551021,220.965615306123,99.1936908163266,103.734085714286,109.812842857143,81.9914306122449,147.450481632653,230.212990816327,45.6477877551021,90.4118795918368,55.1282877551021,21.7819571428571,166.606634693878,104.713164285714,14.4369887755102,80.1711867346939,119.899405102041,39.6411989795918,79.5601663265306,80.5313918367347,101.227203061225,76.7351163265306,34.2907581632653,146.365830612245,87.0974836734694,166.23247244898,75.6508102040817,106.967962244898,172.974032653061,142.948385714286,269.298283673469,159.503843877551,247.268228571429,177.918775510204,75.4154612244898,92.9721,109.620320408163,67.1814163265306,62.3109397959184,59.527256122449,161.624402040816,335.110726530612,110.648273469388,91.0154081632653,86.4245663265306,227.663570408163,121.679451020408,182.067933673469,67.7511867346939,57.5799247959184,36.0870873469388,52.415562244898,47.6048234693878,52.3317336734694,208.246724489796,58.9030806122449,196.437804081633,83.5872989795918,120.374209183674,129.705667346939,38.7628663265306,70.4611408163265,124.236871428571,38.0407959183674,64.6016867346939,172.633907142857,88.8145408163265,92.5852377551021,170.742976530612,126.329292857143,118.855052040816,227.550048979592,170.001541836735,240.052360204082,86.7615428571429,80.3267795918368,53.9027346938775,227.714853061225,146.014257142857,100.555257142857,42.9894775510204,80.8097,67.3039367346939,89.5520795918368,111.315032653061,54.0415071428572,72.8461459183674,64.77645,132.392628571429,108.08895,131.949852040816,27.8461673469388,90.0826979591837,103.284969897959,83.0821091836735,134.821715306123,54.4254285714286,28.0047387755102,58.2576448979592,47.1529224489796,36.7660918367347,63.7825255102041,122.305960204082,33.7364704081633,51.7078306122449,58.6940091836735,45.862556122449,75.57505,71.3515428571429,115.111707142857,70.1345959183674,88.9268551020408,64.5263683673469,95.6700642857143,148.316773469388,92.0542591836735,144.103704081633,101.323542857143,110.975241836735,66.4854142857143,58.7097857142857,62.7292836734694,67.8185959183674,72.622712244898,79.8960836734694,141.28968877551,80.924406122449,145.308565306122,331.954458163265,191.481785714286,167.998475510204,37.782737755102,172.103693877551,240.11752244898,100.249894897959,37.3999234693878,70.33135,73.0239357142857,73.0684091836735,101.949448979592,91.0752312244898,89.6333418367347,36.182587755102,68.9729887755102,49.1352112244898,73.5004744897959,80.8250755102041,97.9453948979592,197.847596938776,94.5277765306123,88.3431316326531,51.1946346938776,92.7370857142857,120.356415306122,65.0678040816327,42.7824775510204,41.2988346938776,53.2920857142857,212.22102244898,92.9013469387755,84.8489938775511,109.070525510204,73.7934684693878,85.1230081632653,93.4464846938776,45.3706428571429,225.549725510204,122.61458877551,111.941680612245,36.0213,55.1639367346939,52.3093724489796,108.113236734694,68.5717816326531,96.2976438775511,132.070730612245,75.4691908163265,120.95246122449,122.942312244898,142.033413265306,62.6904173469388,88.9123551020408,100.040147959184,111.361014285714,74.8769142857143,204.930335714286,240.041124489796,177.541357142857,61.5185530612245,32.9595193877551,67.0015081632653,182.812376530612,135.844213265306,77.6154112244898,75.9494653061225,31.0715928571429,88.2863918367347,43.3998918367347,42.8510632653061,35.4050153061225,135.017866326531,207.548565306122,207.203791836735,65.8054102040817,172.992779591837,93.5895081632653,96.7723673469388,94.6879795918368,64.7448367346939,39.9898797959184,47.0158030612245,180.819716326531,109.115063265306,60.4896734693878,204.180143877551,184.324978877551,130.533469387755,109.699179591837,124.353935714286,75.4169295918367,60.1047887755102,63.9258224489796,53.1696653061225,69.851062244898,44.9798469387755,53.9165816326531,36.8976612244898,34.1049214285714,24.5106383673469,118.896714285714,142.477745918367,130.685041836735,191.400214285714,74.6101428571429,109.391091836735,62.0958051020408,65.5275663265306,84.4826928571429,150.842493877551,77.9593065306123,81.7214295918368,30.2535867346939,19.5481989795918,120.165691836735,57.218106122449,113.616814285714,60.9791040816327,54.8052520408163,93.8729734693878,51.8017408163265,73.3813153061225,52.2532326530612,52.2719826530612,107.218458163265,53.6091806122449,45.0419255102041,25.6245224489796,71.3119040816327,116.083494897959,111.337269387755,185.136273469388,141.29733877551,151.308437755102,192.802773469388,128.3591,52.7254397959184,36.6548959183674,46.8113867346939,15.2825475510204,24.8507346938776,21.2014510204082,21.8910683673469,101.317531632653,23.3956724489796,52.3946326530612,38.4032387755102,41.0309479591837,91.617718367347,68.359524489796,93.8177153061225,60.8003091836735,181.487568367347,164.67088877551,39.0163489795918,55.3797826530612,92.3257173469388,75.9772142857143,101.407709183673,151.009202040816,114.948936734694,76.2970020408164,65.7378846938776,85.3167785714286,72.8729266326531,80.7412316326531,89.4473397959184,65.1279826530613,84.9855663265306,167.58345,236.466036734694,209.681042857143,157.283294897959,77.2403507142858,306.490354081633,81.8979551020408,144.70117244898,160.140464285714,88.0167010204082,48.6255357142857,34.2458183673469,38.2835265306122,24.8826785714286,20.2916816326531,25.5601816326531,82.5035234693878,84.4225438775511,113.590446938776,116.648947959184,54.0441765306123,47.5425877551021,49.71685,24.7315102040816,36.77455,73.5024918367347,133.771210204082,132.166363265306,122.620331632653,121.703734693878,121.538504081633,46.3236846938776,72.6253163265306,66.9930285714286,61.8639112244898,105.378168367347,78.2494765306123,73.6521224489796,54.5044887755102,102.933579591837,137.519705102041,127.122623469388,94.9326857142858,211.41723877551,67.7515448979592,44.9685734693878,76.4119418367347,258.071737755102,240.963346938776,153.44439377551,94.9168693877551,139.099261938776,71.30755,229.489656122449,96.216893877551,137.424671428571,94.7184173469388,59.9105163265306,29.2200663265306,29.7249163265306,39.9905734693878,72.820018367347,60.7737520408163,46.1748448979592,116.830991836735,34.8935163265306,96.5672377551021,49.1733102040816,182.75551122449,251.558237755102,299.585644897959,241.012246938776,57.8825602040816,191.092912244898,192.666592857143,120.578784693878,63.5827081632653,12.6646448979592,140.951031632653,81.4691091836735,35.7371744897959,44.3435255102041,59.0880918367347,49.9663693877551,58.9624908163265,84.8106214285715,135.91271122449,143.391265306123,123.097671428571,94.3166316326531,62.2433448979592,70.076843877551,35.286337755102,14.544237755102,87.6907867346939,67.9757306122449,39.1974979591837,55.4895040816327,65.2843102040817,51.2894010204082,53.6267877551021,55.4823163265306,72.105243877551,115.585736734694,61.912962244898,101.629473469388,26.5430387755102,64.4495979591837,35.9715405102041,134.744051632653,123.153920408163,134.897782653061,115.037685714286,54.1173867346939,62.3845316326531,66.6378142857143,47.3207153061225,66.1775132653061,212.024742857143,133.522381632653,182.704244897959,86.7527214285714,110.111948979592,97.5663051020408,85.9784448979592,106.387798979592,70.8790285714286,104.929108163265,118.00258877551,52.7244040816327,27.0589336734694,49.8831081632653,110.500467346939,25.7355336734694,19.518568367347,85.9375010204082,84.451193877551,13.3731085714286,63.2231234693878,102.483546938776,218.357040816327,279.799179591837,56.5759214285714,90.4076510204082,99.0129153061225,93.0223153061225,58.8394102040816,127.900874489796,86.6344530612245,34.2402265306122,162.981437755102,142.039762244898,81.5457163265306,74.4942071428572,55.0069397959184,71.7931540816327,85.0140642857143,84.5213642857143,56.8575306122449,63.5284418367347,88.2669397959184,153.153353061225,74.9625959183674,73.7668214285715,142.184369387755,108.043967346939,128.383880612245,52.5139329591837,116.019415306122,60.9740642857143,222.325430612245,64.0725489795918,107.810925510204,179.834152040816,63.8847567346939,49.4279295918368,175.56047244898,108.745453061225,66.6930867346939,234.494334693878,167.533435714286,66.7200081632653,62.5421581632653,51.7995275510204,85.0742663265306,142.438553061225,87.340762244898,82.7537173469388,118.678917346939,56.0394387755102,187.579005102041,248.179144897959,170.751532653061,55.0935928571429,37.9491612244898,35.9263714285714,23.2769397959184,38.722662244898,78.4498448979592,74.1339612244898,125.14687244898,88.2973642857143,110.841867346939,105.953197959184,66.2951367346939,38.2947028571429,34.7069285714286,63.2452857142857,65.3655714285715,13.8126612244898,145.967908163265,238.658181632653,26.4406418367347,189.428486734694,154.994962244898,100.036424489796,165.521934897959,64.9994234693878,186.959803061225,106.876408673469,64.9607928571429,87.5089744897959,112.528469387755,223.491636734694,102.311095918367,50.341243877551,37.925518367347,53.907193877551,37.4337826530612,26.1526479591837,19.2711510204082,16.3681010204082,114.222256122449,123.683774489796,143.126612244898,30.7534071428571,9.9176887755102,88.4854846938776,47.250193877551,175.886837755102,166.235442857143,65.1197683673469,138.581276530612,88.3720071428572,82.7393785714286,69.2012234693878,45.0461357142857,160.389780612245,165.996739795918,144.993763265306,144.35477755102,44.1714306122449,75.4642948979592,123.849736734694,71.7104551020408,148.01751122449,101.609332653061,55.2066346938776,68.7348744897959,84.0590448979592,118.403173469388,37.8796010204082,86.3111132653061,27.8454030612245,58.6782030612245,41.8174632653061,46.9576132653061,50.1772673469388,46.2043046938776,45.4689539795919,87.7163662244898,157.707816326531,63.3445408163265,62.2179,98.8707918367347,51.3246193877551,65.3901724489796,41.4245040816327,30.7906734693878,97.5407989795919,69.7140336734694,123.733269387755,40.6267704081633,146.554415306123,203.197553061225,60.9661224489796,94.7785632653062,143.247108163265,93.536862244898,38.7550918367347,62.1805044897959,65.6625142857143,11.1698224489796,63.5695979591837,318.396741836735,313.70407244898,171.803205102041,72.6328295918368,15.1420112244898,51.5882714285714,54.3045377551021,46.6163714285714,32.6064969387755,119.761986734694,145.937758163265,113.489548979592,95.9342909183674,125.683880612245,121.465204081633,113.809810204082,35.6242102040816,53.9876602040816,250.548995918367,34.5559255102041,211.985087755102,360.466593877551,120.653739795918,104.356769387755,111.548302040816,183.010481632653,198.587702040816,147.518581632653,174.083586734694,183.556090816327,157.876041836735,67.0411826530612,205.383534693878,41.8577520408163,38.068006122449,80.9590887755102,78.5992928571429,93.6965448979592,48.009993877551,37.5541275510204,24.2981163265306,21.7608316326531,54.30765,84.0782779591837,101.389632040816,86.7660877551021,134.886513265306,68.4198908163266,141.849735714286,45.4782673469388,8.10481326530613,29.9437551020408,41.523143877551,103.505559183674,55.2712173469388,46.35815,22.4357010204082,19.7902510204082,29.3568010204082,143.637610204082,153.170304081633,159.523083673469,213.633431632653,90.2179448979592,59.9618153061225,56.0822969387755,47.1404714285714,59.8175163265306,53.1609857142857,204.555186734694,171.945287755102,150.952698979592,110.715985714286,135.50321122449,175.425473469388,192.353139795918,115.877591836735,73.6052081632653,69.2679265306123,121.837537755102,121.723044897959,65.4901887755102,24.5173285714286,86.5146755102041,51.9896316326531,144.816393877551,162.361490816327,185.419309183674,152.635245918367,145.776502040816,77.8087438775511,99.0217102040817,102.491193877551,120.004967346939,170.331523469388,164.067568367347,166.91982755102,251.807855102041,144.075420408163,275.013164285714,39.1264244897959,110.22957244898,201.283409183674,38.3741408163265,60.3760969387755,49.228643877551,263.676675510204,217.053846938776,155.708329591837,119.006467346939,115.238453061225,176.211391836735,92.8333716326531,93.892718367347,99.6800153061225,25.2679153061225,249.466594897959,187.348006122449,104.601996938776,100.336112244898,106.117183673469,156.627226530612,71.6690326530612,173.394270408163,137.335789795918,101.176566326531,118.83775,146.418554081633,144.071416326531,83.5449459183674,82.3550755102041,87.4882673469388,84.1544193877551,32.9314316326531,42.2704867346939,80.6766581632653,141.468475510204,175.695563265306,100.207753061225,101.596904081633,57.3128234693878,42.7654030612245,69.6563020408163,63.2560979591837,71.7033418367347,135.934181632653,112.883762244898,207.969044081633,75.8485765306123,55.7478530612245,83.7259387755102,97.2192255102041,89.7410653061225,55.4886377551021,72.2520244897959,92.2515867346939,76.4458489795919,111.089580612245,112.689573469388,29.6151836734694,37.9053020408163,24.8400520408163,83.8763510204082,38.6551040816327,70.0767316326531,136.551291836735,70.3882864285715,139.714317346939,122.732263265306,101.602178571429,128.985941836735,94.9393602040817,72.1203428571429,165.673353061225,143.236416326531,186.207682653061,200.263762244898,105.547974489796,72.1209030612245,121.986742857143,142.772906122449,143.239939795918,153.085613265306,34.660293877551,80.5339746938776,54.7357020408163,36.2074020408163,55.6765020408163,193.310456122449,77.5655556122449,120.39571122449,186.012983673469,141.573573469388,92.4742846938776,54.4534153061225,67.2475775510204,117.080421734694,100.944070408163,83.3343204081633,89.8167540816327,85.4545326530612,75.2224326530612,172.407778571429,46.1824173469388,52.1737081632653,55.7617163265306,91.8623336734694,86.3447765306123,49.6476071428572,138.86147244898,228.623546938776,99.0340602040817,89.6865795918368,75.6903173469388,34.9061989795918,71.2857142857143,74.0276734693878,69.1173469387755,76.8947806122449,141.827382653061,44.9354520408163,255.035079591837,154.338153061225,51.2545418367347,51.195468367347,66.6735947959184,68.3374495918367,82.9810857142857,89.2673734693878,106.415479591837,137.630174489796,83.0334224489796,97.4798877551021,95.3484132653062,88.865218367347,64.1339408163265,120.084802040816,145.912229591837,174.508618367347,36.1892857142857,30.1922102040816,117.608007142857,142.426389795918,88.9759581632653,181.41808877551,105.946058163265,170.105152040816,124.676306122449,46.5365137755102,78.009193877551,73.808218367347,85.9733581632653,33.0767714285714,89.1105244897959,64.557106122449,70.1737673469388,52.9528,112.020562244898,67.1996326530612,76.0418040816327,73.074193877551,34.2831806122449,22.5251775510204,43.1534428571429,33.9506989795918,59.6198989795918,109.021559183674,77.1510010204082,93.3100448979592,81.2273653061225,66.8708785714286,111.899710204082,264.310621428572,282.976367346939,111.709128571429,122.137758163265,247.843333673469,73.3666010204082,66.5517897959184,156.539065306122,179.380766326531,129.555552040816,46.7375234693878,44.9740581632653,199.796353061225,192.934446938776,189.408904081633,106.197725510204,84.5883407142857,39.9358653061225,144.021715306123,60.9290642857143,103.028951020408,317.845313265306,51.1442806122449,45.0068816326531,49.1317908163265,29.8397448979592,144.569136734694,113.964132142857,203.785651020408,122.128425510204,94.8391959183674,230.498553061225,114.311001020408,146.402282653061,117.207804081633,112.852586734694,86.9778234693878,131.880831632653,88.276093877551,132.228036734694,108.738906122449,97.2726989795919,98.0378489795919,47.5066163265306,44.0629418367347,33.2276765306123,36.8989020408163,154.302979591837,206.10942755102,24.2145010204082,53.4924908163265,146.349673469388,144.578841836735,140.101079591837,43.2971214285714,61.6997755102041,165.17197244898,69.3433877551021,60.8416785714286,99.6291918367347,23.1704395918367,97.8932163265306,102.886560204082,71.9307132653061,75.7783826530612,49.3017387755102,81.8065798979592,203.790025510204,217.046296938776,70.1663357142857,71.6546408163266,126.364987755102,76.5122469387755,89.2861704081633,258.289975510204,154.860570408163,90.4685510204082,129.148690816327,316.544456122449,77.7291744897959,27.8265091836735,77.0682520408163,97.2023877551021,84.5511877551021,282.940739795918,104.377821428571,102.899597959184,44.8610795918368,155.764415306122,27.8317285714286,67.7828948979592,95.7257275510204,109.350429591837,143.350034693878,178.249516326531,151.073296938776,101.934270408163,31.790843877551,96.356893877551,142.325213265306,306.663184693878,51.9573132653061,38.8657795918367,33.5180193877551,78.0222530612245,76.6139785714286,66.2043020408163,84.4550551020408,121.788018367347,82.4751581632653,194.175568367347,145.975089795918,80.0191897959184,188.296819387755,119.754413265306,122.298781632653,41.972727755102,149.466323163265,118.041248979592,69.7184489795919,34.9250612244898,42.5518989795918,20.4208387755102,129.696533673469,26.0578295918367,151.622109183674,197.634063265306,107.347664285714,39.772406122449,25.0419428571429,55.2325836734694,46.7690173469388,48.7904979591837,42.8645234693878,59.6383765306123,73.0576448979592,41.9097897959184,68.0515815306123,40.4052795918367,16.0286734693878,18.6296734693878,41.1146428571429,55.2860091836735,90.925718367347,41.169706122449,56.9086734693878,218.153056122449,79.3561653061225,244.245583673469,251.153535714286,126.244739795918,115.467607142857,100.320745918367,68.0429367346939,94.9052489795919,35.139837755102,57.0915857142857,57.2187397959184,56.0789,60.7305163265306,57.5960663265306,41.7707209183674,138.364482653061,61.3479275510204,73.8000387755102,67.7398091836735,80.7894429591837,53.0620076530612,173.072649081633,143.044643877551,142.103081632653,65.8708142857143,36.6681183673469,58.7854520408164,25.2610193877551,65.35455,54.8389316326531,67.5207102040817,27.4464510204082,61.0089479591837,49.8267234693878,51.3991020408163,47.2889193877551,75.1093448979592,91.0237071428572,105.07843877551,73.3433295918368,103.99938877551,58.3083530612245,33.981493877551,46.1900581632653,51.6097755102041,63.1277010204082,102.514918367347,214.233932653061,144.629390816327,121.715884693878,103.537540816327,228.8318,206.747434693878,212.385858163265,137.52466122449,135.475492142857,96.5271020408164,75.3665255102041,45.3074255102041,45.8206724489796,25.5606806122449,148.283585714286,225.090414285714,169.655020408163,78.9323887755102,83.2047469387755,113.567183673469,25.8093520408163,35.7711959183674,40.5219408163265,31.8998635714286,48.9351734693878,13.9474532653061,13.9601008163265,12.0458255102041,115.992493877551,105.451226530612,62.1530826530612,64.2105244897959,127.275442857143,120.18458877551,79.4083795918368,71.3916224489796,100.31176122449,195.734420408163,79.7933693877551,56.6838040816327,62.8193908163265,210.813587755102,38.977393877551,126.976152040816,105.20056122449,95.1891010204082,131.950697959184,123.304375510204,69.1202051020408,148.80337755102,57.4128755102041,121.289944897959,105.747336734694,111.762448979592,95.3613903061225,98.9357367346939,148.346394897959,62.8924962244898,209.684095918367,37.6244428571429,67.8834193877551,109.411582653061,158.230633673469,86.3836469387755,101.768933673469,49.6266408163265,208.544594897959,37.8002173469388,59.1138214285714,255.766355102041,182.103837755102,65.2336163265306,70.5391612244898,49.5716428571429,54.4072632653061,68.2446602040816,56.1651204081633,101.62172244898,198.289089795918,219.415808163265,219.115812244898,138.308036734694,106.363997959184,155.728336734694,265.658802040816,335.712475510204,105.113764285714,97.5886010204082,195.749587755102,230.977910204082,148.90781122449,177.473089795918,163.859257142857,160.546714285714,141.860410204082,87.5977602040817,268.280529591837,207.261566326531,238.669467346939,90.1950948979592,55.2845989795918,46.7866602040816,50.3265183673469,68.2006418367347,81.8646979591837,98.9437285714286,24.3464234693878,21.9767234693878,194.774448979592,175.84377244898,211.770468367347,120.888710204082,67.4206448979592,231.741060204082,260.121044897959,126.165956122449,127.638507142857,169.547170408163,147.211809183674,55.2905826530612,268.010987755102,60.9604969387755,34.5553768367347,55.9945928571429,37.3981928571429,51.1052479591837,66.6479326530612,80.5604316326531,65.4561806122449,99.7639989795919,183.722544897959,115.232214285714,74.9847653061225,83.687056122449,123.08068877551,123.145025510204,115.4086,51.3477255102041,66.9328795918368,154.243708673469,106.940879591837,142.856987755102,70.1781775510204,110.945578571429,113.70627244898,87.6907275510204,55.583262244898,22.5010693877551,93.8345591836735,55.4153336734694,67.1181234693878,58.3575918367347,52.5811948979592,42.6146387755102,75.4218020408163,73.5146377551021,96.6456928571429,45.6640632653061,45.8292316326531,193.776524489796,94.159212244898,69.0748174489796,63.4983437755102,61.8198030612245,94.7471775510204,48.5175459183674,79.4993704081633,49.8677163265306,63.5459,86.2177367346939,87.0482387755102,198.133368367347,74.5184765306123,91.1099132653061,72.4774244897959,113.798042857143,136.657640816327,166.401308163265,92.6376693877551,153.116766326531,265.979502040816,230.098248979592,276.229137755102,165.645344897959,86.5269551020408,52.447906122449,80.9844540816327,53.1197571428572,66.2712030612245,69.7208020408163,79.8026816326531,81.387743877551,77.3045102040817,30.1766428571429,73.5690234693878,147.673851020408,20.4590653061225,27.505593877551,102.892981632653,174.623753061225,145.705710204082,143.096721428571,146.712081632653,32.8455193877551,38.3534193877551,46.2641928571429,50.1096755102041,52.1483020408163,68.1946377551021,73.1580816326531,62.2034020408163,45.9145744897959,45.2034112244898,50.4281734693878,201.27952755102,317.139116326531,48.7908367346939,108.227867346939,118.929717346939,116.35348877551,176.129334693878,61.247518367347,144.382656122449,69.4928744897959,168.416415306122,60.5555142857143,59.4083877551021,106.504258163265,125.320440816327,123.951844897959,46.4950377551021,79.7545340816327,73.3463204081633,83.9601459183674,151.169125510204,46.1645755102041,114.806298979592,157.156396938776,50.3495765306123,45.2032775510204,67.5879673469388,99.8439193877551,36.2269632653061,34.5038806122449,79.1878581632653,107.387645918367,132.293784693878,52.7885428571429,88.9720102040817,62.8063551020408,77.6196265306123,140.512505102041,57.051506122449,23.250237755102,47.3609051020408,50.1059571428572,122.844501020408,138.653089795918,148.366024489796,108.722305102041,53.4734673469388,63.1107755102041,41.2662867346939,59.5409479591837,82.7757452040817,112.248071428571,102.553048979592,157.755993877551,153.48557244898,40.3945467346939,30.9294173469388,43.3169244897959,83.6025653061225,107.302926530612,124.553785714286,169.449109183674,182.886331632653,196.754591836735,58.9983918367347,50.6564418367347,210.215453061225,73.3369367346939,52.7889806122449,241.762720408163,113.07885,69.6437571428572,109.43467755102,135.473412244898,110.595793877551,177.645262244898,185.23958877551,109.958937755102,62.8006663265306,87.8210357142858,33.0918591836735,70.8569418367347,110.259676530612,78.8045836734694,70.2826541836735,110.889957142857,181.062797959184,122.354029591837,169.135747959184,151.939371428571,93.9394142857143,107.215914285714,70.01055,29.93863,41.8766510204082,114.601924489796,192.963953061225,189.953981632653,111.825516326531,178.850245918367,128.206405102041,34.3852459183674,224.005663265306,144.897583877551,101.240616326531,92.7442775510204,51.0408418367347,51.5382714285714,157.024179591837,147.796429591837,204.494160204082,109.637853061225,198.508923469388,76.2026591836735,40.3852285714286,74.7539693877551,98.4416520408164,176.515493877551,141.140803061225,124.148746938776,62.2528864285715,123.446294897959,45.5809265306122,149.122916326531,85.5649275510204,77.7305173469388,139.50445,102.33053877551,81.1741530612245,61.5148173469388,66.7567397959184,241.292826530612,168.877702040816,56.3301857142857,209.878110204082,132.097896938776,147.321336734694,128.830312244898,119.278433673469,162.708341938776,109.61137755102,46.2606729387755,83.8259204081633,33.0129262244898,145.168106122449,20.9960887755102,130.065696938776,229.051685714286,303.550930612245,174.069597959184,238.252420408163,178.749141836735,103.952106122449,58.0171969387755,120.202925510204,56.585112244898,45.154956122449,143.271569387755,136.353059183674,123.120428571429,264.042451020408,133.633021428571,233.237734693878,163.267946938776,193.767384693878,41.0157228571429,51.5114816326531,76.6270163265306,67.3296469387755,58.7142091836735,32.9865183673469,67.4301408163266,69.4121173469388,85.8740765306123,33.7411295918367,60.9254816326531,123.226515306122,90.7216010204082,62.7615510204082,38.5743418367347,44.370906122449,82.7640224489796,52.2845867346939,117.192096938776,89.9050744897959,29.6740989795918,60.4451030612245,140.185263265306,88.3403224489796,57.7401163265306,65.292943877551,47.6092357142857,59.6087857142857,89.5091163265306,94.6892173469388,102.504747959184,59.1115224489796,46.6506428571429,85.4794591836735,83.2434336734694,207.042501020408,165.301887755102,79.9248132653061,93.3811469387755,86.1095540816327,16.9877663265306,23.8583102040816,152.848855102041,47.7947101020408,38.5766887755102,90.2712265306123,58.2052663265306,55.0350979591837,128.52441122449,180.530625510204,68.8044204081633,84.6222020408163,107.290532653061,64.7824326530612,85.9500867346939,58.4963581632653,104.103892857143,98.6273377551021,317.378225510204,161.135051020408,77.399856122449,85.8656969387755,88.9734418367347,87.6061295918367,85.9734959183674,50.2669836734694,47.1484336734694,50.7530112244898,98.6258387755102,80.8233,54.0400602040816,105.49665,53.0569489795919,106.496410204082,77.1612979591837,37.5240693877551,23.8706755102041,76.2889234693878,88.9488653061225,69.9545255102041,56.2608112244898,218.945291836735,119.08145,41.4712663265306,46.192087755102,75.4149673469388,59.4665877551021,76.3363836734694,69.1109659183674,115.421093877551,55.4495653061225,73.9757346938776,50.3786030612245,219.662265306123,129.302631632653,128.515179591837,131.996118367347,138.510029591837,36.4049367346939,45.2792551020408,74.4798602040816,72.6172806122449,100.983516326531,115.409233673469,106.034856122449,43.9537244897959,77.2541836734694,62.827606122449,53.0807897959184,140.103106122449,306.5191,228.116001020408,35.4482816326531,114.451046938776,69.3194816326531,82.3770275510204,92.7078193877551,111.675223469388,44.1808663265306,83.7836336734694,76.5043,141.940125510204,55.1769897959184,204.215743877551,121.46593877551,142.210069387755,58.2144448979592,199.106881632653,222.317535714286,147.892864285714,210.600407142857,62.7709816326531,155.467987755102,108.755064285714,104.487476530612,25.5739071428571,77.94675,38.2102071428572,147.60112755102,54.9504387755102,35.5597734693878,56.9145448979592,58.6753581632653,122.673428571429,155.242195918367,274.150122551021,265.770509183674,267.140168367347,108.853952040816,40.4956377551021,43.821912244898,159.302525510204,90.9279204081633,99.9649744897959,271.343074489796,119.512864285714,65.125618367347,97.4357418367347,96.3241091836735,81.5067173469388,93.2141969387755,26.3362010204082,320.891635714286,259.154642857143,271.418425510204,304.27655,202.901130612245,180.239645918367,170.332720408163,100.024343877551,142.993451020408,82.1950214285715,64.8908755102041,46.2092826530612,77.1450510204082,127.511043877551,73.1871010204082,125.368785714286,107.460626530612,162.423728571429,200.565406122449,295.925846938776,124.131983571429,171.992991836735,144.243947959184,87.2389214285715,81.5746612244898,92.5217367346939,91.330268367347,102.803916326531,154.864882653061,144.695004081633,302.817158163265,29.8482653061224,198.144456122449,54.6216418367347,86.4074581632653,98.365,62.2776,63.54635,65.0016,65.7344244897959,60.6585571428572,44.1393224489796,28.1095489795918,32.6767285714286,52.3463969387755,224.946097959184,116.1134,103.389078571429,63.1004540816327,38.8839153061225,52.8514173469388,56.7796234693878,228.06149377551,331.030453571429,69.8539132653061,42.3348306122449,29.6817204081633,38.0147612244898,115.98392755102,170.363215306122,51.3332795918367,45.8384642857143,73.1900316326531,51.9724581632653,48.807756122449,243.420324489796,308.89238877551,218.048865306123,61.6043469387755,89.4979826530613,109.952957142857,142.779225510204,162.739481632653,126.254943877551,110.597231632653,64.2397214285714,127.107796938776,134.987792857143,351.066814285714,86.8816142857143,154.029723469388,126.513317346939,26.2191306122449,93.7378275510204,152.534563265306,60.7854357142857,125.087867346939,114.749341836735,114.451684693878,151.409523469388,143.84942755102,28.6718030612245,42.8369459183674,36.988212244898,41.1129565306123,129.36485,42.3194877551021,30.3255867346939,66.958737755102,94.1426081632653,91.5432714285714,102.896771428571,97.1528632653062,118.095003061225,129.817058163265,47.9550234693878,47.9479734693878,154.112486734694,51.4463602040816,55.0232724489796,94.9913612244898,149.081573469388,122.107042857143,47.2042959183674,167.109820408163,65.8495989795918,83.4003387755102,88.3193142857143,30.1800755102041,55.7800530612245,78.9536459183674,84.3981530612245,28.9588785714286,40.0358948979592,79.5507974489796,108.593908163265,72.24485,139.487113265306,239.237765306123,98.0402193877551,23.6261226530612,176.68684255102,199.688424489796,82.5650459183674,122.800656122449,81.4201857142857,38.0946153061225,65.7255306122449,73.2128867346939,64.1006857142857,74.8535581632653,74.4861071428572,36.7499693877551,77.888843877551,65.2524663265306,67.5931612244898,68.0015632653061,79.3429632653061,76.0745591836735,120.524480612245,130.045442857143,122.133134693878,85.6420795918368,86.7475020408164,84.7447979591837,85.6428040816327,81.5513948979592,117.690345918367,126.453892857143,59.1576357142857,39.4425091836735,44.5709959183674,46.7804359183673,54.1077418367347,186.483721428571,47.7648326530612,84.6989377551021,35.0016224489796,30.4111734693878,57.9750224489796,70.6188255102041,27.8035081632653,146.411025510204,163.292374489796,84.1599602040817,128.706945918367,148.981825510204,70.4504826530612,83.7614765306123,102.563985714286,85.5648571428572,19.0173187755102,132.433352040816,193.041151020408,181.085351020408,47.8972081632653,34.5404887755102,138.944495918367,77.5008663265306,97.3871673469388,205.97622755102,191.539562244898,191.512071428571,116.845833673469,128.184280612245,40.2859551020408,48.538912244898,65.0415081632653,118.807170408163,195.993092857143,147.428546938776,97.5391020408163,77.7045397959184,97.2397153061225,176.571696938776,108.824375510204,113.217748979592,33.4732234693878,18.8177234693878,96.084362244898,149.254887755102,71.7870602040816,74.3531051020408,93.1513857142857,142.556278571429,79.8954602040816,26.6984720408163,62.6656989795918,72.0147785714286,97.4866443877551,88.4730934693878,74.0094989795919,32.5023102040816,90.3278428571429,162.334745918367,28.6317795918367,12.1784846938776,57.3969453061225,103.013901020408,94.4748418367347,62.6473204081633,64.2645367346939,66.5506857142857,97.9707336734694,104.852328571429,39.2624081632653,54.5374132653061,95.9393826530612,99.5336377551021,144.035281632653,94.8646979591837,129.667548979592,88.5669959183674,90.4348459183674,133.181179591837,92.5801979591837,67.0700071428572,56.845193877551,96.7315204081633,27.7937540816327,50.4061571428572,101.374418877551,120.068821428571,97.1825377551021,41.3599714285714,84.7451673469388,197.137813265306,75.1620673469388,97.5784234693878,95.0267642857143,90.837168367347,103.852024489796,92.307056122449,70.9128663265306,143.113595918367,96.9469989795919,92.0078214285714,50.1395102040816,28.5737714285714,47.6812153061225,41.2834612244898,38.3252112244898,58.4847969387755,72.5610540816327,52.8322704081633,97.6548877551021,60.723068367347,145.122598979592,36.8295489795918,112.204036734694,101.96537244898,22.9732897959184,37.8261408163265,64.3159612244898,35.4050510204082,36.8638469387755,56.0693744897959,42.582743877551,56.3346173469388,60.8975367346939,49.6580581632653,52.7305520408163,90.1771673469388,75.1933071428572,62.1714653061225,116.664558163265,88.5735551020408,110.423502040816,187.545797959184,282.550030612245,84.8455704081633,23.0015571428571,90.895743877551,102.185255102041,128.558784693878,134.426376530612,185.84155,278.300265306123,429.102568367347,90.0225693877551,149.492243877551,35.44115,195.86187755102,217.929740816327,107.923389795918,85.4805642857143,198.227891836735,313.633002040816,307.532039795918,67.6240632653061,51.5884316326531,50.6462479591837,167.305802040816,111.191856122449,140.737463265306,82.8764744897959,132.202692857143,253.245969387755,118.610044897959,99.1087336734694,132.601710204082,239.271793877551,180.509228571429,161.979768367347,184.319484693878,139.422386734694,78.4105081632653,81.207212244898,72.4514275510204,66.7385255102041,185.7966,170.69188877551,75.62155,100.312752040816,128.408970408163,104.960086734694,54.3287714285714,37.8211948979592,28.1863989795918,118.971029591837,100.846562244898,78.1739755102041,164.175209183674,81.606656122449,59.4297540816327,181.968923469388,200.186801020408,83.3227846938776,57.1852489795918,91.0074918367347,92.1513959183674,86.8314275510204,138.126079591837,97.5276255102041,77.0475030612245,73.2042132653061,65.4364867346939,205.13938877551,194.596819387755,202.612932653061,105.658279591837,71.9281265306123,80.3448448979592,42.3177489795918,70.8638540816327,28.8521314285714,71.7357354081633,31.4854553061225,65.2635839795919,64.2012397959184,195.640529591837,87.1774010204082,136.473203061225,193.840006122449,160.005046938776,98.8078020408164,117.364846938776,49.736297244898,39.7494571428572,21.5538918367347,105.233816122449,75.3481102040816,133.520410204082,94.6003071428572,160.547989795918,102.485125510204,296.39605,160.374729591837,128.957659183674,56.2628408163265,95.6725653061225,146.907452040816,143.986728571429,152.391837755102,133.737278571429,162.392873469388,112.903652040816,248.20377244898,122.707683673469,142.922309183674,218.252635714286,200.932186734694,72.3489785714286,122.469587755102,63.7587806122449,111.745755102041,118.28253877551,54.0504326530612,62.132337755102,95.9982306122449,117.599796938776,170.823048979592,89.414812244898,70.234276122449,168.178120408163,72.6587214285714,86.2437163265306,62.6256224489796,119.52553877551,208.620892857143,263.237566326531,170.078707142857,228.19217244898,225.006570408163,114.553003061225,266.624378571429,125.905179591837,85.7846581632653,111.963868367347,49.3846591836735,110.491457142857,56.7069459183674,75.7136867346939,53.6050989795919,73.5878581632653,34.044562244898,87.2844142857143,51.9316693877551,84.5495979591837,45.41595,86.200656122449,64.7966377551021,224.222204081633,75.1714948979592,117.852353061225,198.948491836735,181.909935714286,125.183706122449,232.015402040816,179.934553061225,84.7581734693878,32.8525755102041,56.9014612244898,59.3986153061225,30.1878571428572,73.6827551020408,45.5883081632653,70.1951908163266,114.078144897959,99.0299857142857,42.5231765306123,51.790543877551,90.3225030612245,150.071637755102,53.1654153061225,72.1753571428571,154.588726530612,144.092719387755,156.989275510204,303.58563367347,108.027401020408,135.084087755102,90.1716867346939,61.3351571428572,27.3071546938776,139.6625,99.4284020408164,96.1712397959184,189.300548979592,157.936932653061,131.748325510204,128.052930612245,122.853743877551,113.022831632653,29.5197857142857,26.4507693877551,23.2595693877551,45.1478707142857,33.2427306122449,271.114108163265,55.4776071428572,150.590176530612,109.000805102041,181.427113265306,138.752898979592,140.152408163265,77.4592744897959,127.384044897959,148.997268367347,185.631603061225,21.596456122449,111.870037755102,112.875336734694,180.209526530612,144.54658877551,96.3277806122449,57.5348336734694,88.1189857142857,56.0875785714286,44.6426479591837,53.9300979591837,57.2274071428572,31.932213877551,90.4126336734694,73.6267581632653,153.421940816327,43.1685469387755,38.0015214285714,88.2411918367347,131.172983673469,63.4876846938776,139.53031122449,268.7789,70.8371959183674,112.2529,128.890890816327,64.1653704081633,65.9108765306123,55.3924132653061,132.196515306123,42.3693908163265,50.1772836734694,46.4414336734694,114.611628571429,200.692409183674,188.722134693878,189.085025510204,199.763015306123,83.8307306122449,50.5581295918367,49.7084377551021,57.1627183673469,101.906951020408,126.56632244898,47.6147316326531,34.9559724489796,67.0346596938776,28.3555275510204,107.50472244898,140.363804081633,191.933617346939,281.90341122449,210.357002040816,226.222479591837,274.264525510204,301.896602040816,274.116715306123,99.1850714285715,109.887268367347,60.6874846938776,44.7815806122449,174.583118367347,90.5941591836735,144.511123469388,129.498690816327,163.273993877551,170.347644897959,141.372857142857,74.853106122449,81.777712244898,85.7073479591837,131.770243877551,63.4559663265306,100.096981632653,47.4666071428572,106.937530612245,165.911293877551,54.0020928571429,24.4356224489796,45.4208142857143,86.2142102040817,148.695212244898,117.132164285714,42.7556357142857,38.6020530612245,54.1034102040816,74.7474479591837,45.1210846938776,90.8943653061225,94.4008306122449,51.8283204081633,34.9680554081633,21.7280530612245,121.68607755102,231.283336734694,106.519271428571,114.245516326531,116.564625510204,127.320560204082,107.498115306122,272.137827551021,120.100824489796,56.3994846938776,154.357057142857,59.5446836734694,238.690818367347,105.934069387755,156.319784693878,50.0202928571429,48.2507428571429,51.1835591836735,68.2625346938776,61.6475826530612,76.8818734693878,228.035044897959,212.400347959184,127.039714285714,74.4997765306123,56.0581806122449,170.497743877551,115.986921428571,214.996046938776,171.363052040816,96.8993030612245,121.634394897959,253.626492857143,194.474135714286,176.050142857143,204.995721428571,154.547836734694,189.729796938776,217.902633673469,134.019952040816,118.507029591837,117.753849897959,76.0687673469388,79.2176346938776,77.4828153061225,99.1153551020409,114.023724489796,38.4441653061225,43.7679755102041,82.5546510204082,312.687774489796,177.448020408163,103.93227244898,150.739414285714,60.7382346938776,41.3255551020408,47.4101765306123,111.710596938776,101.573228571429,187.00365,146.235674489796,67.9782193877551,179.519764285714,111.286345918367,25.603856122449,54.3043489795919,60.3014704081633,28.5135724489796,86.4061632653061,78.7350234693878,65.3707897959184,123.845290816327,64.9777969387755,210.215597959184,65.2485316326531,179.379105102041,83.5295285714286,138.125714285714,36.9106632653061,33.2264948979592,131.25457755102,110.415980612245,127.7961,64.7549836734694,29.4055193877551,36.9887683673469,17.4553653061224,96.5159714285715,82.3566877551021,78.7073153061225,265.449251020408,95.3979255102041,185.192166326531,141.107784693878,139.112090816327,95.1015663265306,74.1875632653061,53.064012244898,47.9831744897959,49.5628510204082,121.769223469388,74.2819204081633,63.2999846938776,129.77402244898,122.344714285714,140.706267346939,100.061353061225,92.5122775510204,53.8881387755102,78.3546204081633,66.5560285714286,170.343768367347,95.5963377551021,75.9928459183674,117.149097959184,158.527554081633,108.957541836735,87.0975448979592,40.2719,36.3977469387755,125.659654081633,67.8692448979592,49.0587887755102,32.2362795918367,98.5139642857143,97.3189142857143,181.881254081633,62.9725071428572,67.8607663265306,71.825093877551,84.8666387755102,50.9968836734694,34.6199112244898,59.1952010204082,69.4476357142857,102.245063265306,65.1471744897959,213.876493877551,108.726878571429,149.098044897959,262.680555102041,84.2953571428572,130.548156122449,205.25393877551,99.101368367347,137.031893877551,121.252042857143,34.0913632653061,99.4218979591837,46.5802377551021,192.536926530612,54.7065867346939,59.1852836734694,43.0314755102041,58.4836785714286,60.6248316326531,47.7038724489796,30.7586295918367,162.317020408163,151.080164285714,83.6819459183674,283.661201734694,287.280282653061,111.488248979592,176.62357244898,107.019236734694,61.6629234693878,38.895412244898,215.285521428571,254.551584693878,144.560870408163,44.5589653061225,126.921659183674,113.510739795918,58.6431959183674,327.057130612245,271.540430489796,29.1864204081633,167.329486734694,161.257146938776,176.299755102041,109.637906122449,77.3744459183674,75.6661714285715,79.2976673469388,171.652813265306,151.52743877551,144.537269387755,135.439412244898,166.932081632653,60.2771408163265,74.4946204081633,107.593392857143,220.970024489796,56.8308081632653,46.7389,34.0826989795918,25.0929510204082,84.6995336734694,91.6364734693878,63.5676051020408,127.460445918367,62.486212244898,141.222005102041,113.05712755102,105.606884693878,165.976360204082,84.4869806122449,122.479958163265,98.7646918367347,118.16875,73.6308,75.8359755102041,87.539962244898,144.953044897959,80.9241877551021,118.424780612245,79.6919357142857,38.0035591836735,89.1661877551021,79.2439265306123,50.4560173469388,48.6412489795918,147.624168367347,136.691679591837,90.8226673469388,59.7178857142857,67.4364591836735,74.6911591836735,78.4857183673469,100.278595918367,47.1884693877551,82.1384173469388,38.6599520408163,40.6920326530612,88.4411479591837,76.5450744897959,94.6894275510204,73.8937734693878,45.2095510204082,79.718662244898,43.2211704081633,29.5714632653061,27.4307451020408,252.16893877551,167.366101020408,150.553591836735,50.2543887755102,81.1709724489796,52.9374316326531,31.9017489795918,43.1587918367347,59.3285846938776,73.2405040816327,48.8512112244898,75.7742785714286,116.283014285714,94.9394397959184,304.781390816327,68.9485316326531,42.8340397959184,68.1912551020408,122.990466326531,110.776656122449,126.892716326531,103.359654081633,69.0372520408163,87.6938846938776,160.978895918367,140.44815,188.954593877551,156.444485714286,150.248063265306,122.623965306122,100.00305,67.7554704081633,53.7736704081633,59.8274132653061,183.873658163265,154.891494897959,31.5704775510204,35.0013775510204,71.1178265306123,84.1612377551021,30.3247112244898,91.4629704081633,110.004587755102,99.7638214285715,54.9948887755102,107.506698979592,143.491465306123,254.152114285714,115.365339795918,105.769920408163,138.038651020408,129.933656122449,44.2575459183674,36.8455367346939,95.3327806122449,85.5553836734694,61.3437877551021,25.5973081632653,44.2052081632653,56.2072520408163,56.2896989795918,64.6227040816327,56.197193877551,51.8039224489796,41.7145479591837,67.5027306122449,80.3345306122449,105.095042857143,209.640569387755,66.7292979591837,156.633612244898,77.3593081632653,73.426956122449,82.6185,59.1234714285714,40.4850969387755,25.7242795918367,106.172385714286,40.8870357142857,49.168912244898,48.080762244898,108.178284693878,71.9751806122449,76.8197259183674,92.7834928571429,154.884871632653,225.572663,115.179447959184,19.4644887755102,59.603256122449,42.131968367347,68.5143459183674,78.5271081632653,161.884115306123,121.049825510204,41.714062244898,121.262035714286,88.4542010204082,50.5439806122449,61.2678857142857,65.2429857142857,73.1278857142857,112.609348979592,223.473293877551,112.261642857143,97.3836693877551,111.928210204082,82.3573867346939,54.0607,71.5334336734694,56.3692704081633,58.2811244897959,192.14227755102,130.853452040816,100.464185714286,84.2214030612245,128.755686734694,93.3029571428572,93.4706316326531,25.9683775510204,80.794268367347,59.0038397959184,86.3200030612245,48.9592867346939,31.3882826530612,65.9967918367347,98.9394453061225,55.3130881632653,86.2970244897959,95.7973071428572,115.867606122449,73.9473275510204,111.671790816327,108.28347755102,41.0396826530612,25.6625040816327,82.7389938775511,93.9718795918368,49.9475836734694,24.262243877551,66.2132204081633,67.6627775510204,55.6669867346939,50.0525377551021,51.4532265306123,65.5864255102041,180.473068367347,57.7853357142857,93.1303163265306,163.5039,79.8557081632653,102.38751877551,30.5585153061225,40.524112244898,18.7034571428572,40.3661612244898,37.261,28.9345051020408,151.357256122449,51.6742571428571,39.7229704081633,121.562686734694,107.117718367347,42.5613102040816,65.3264989795918,54.8802591836735,253.963680612245,188.767478571429,120.390906122449,112.099047959184,114.236380612245,61.6884142857143,96.5237816326531,31.97895,59.551043877551,113.531864285714,133.971586734694,49.5055367346939,78.8199653061225,93.3070326530613,127.807982653061,120.09237755102,108.614598979592,40.8246642857143,67.3657540816327,14.4440295918367,142.421635714286,103.087680612245,168.344892857143,106.150867346939,42.7720387755102,74.5816040816327,143.207679591837,128.263017346939,134.090926530612,62.753362244898,114.279445918367,196.803029591837,146.446673469388,132.603146938776,114.72147244898,86.935806122449,108.998365306122,93.5227701020408,120.260132653061,128.719374489796,51.734293877551,57.3185908163265,25.5798785714286,43.8697,211.479023469388,170.274982755102,267.333218367347,252.027802040816,99.7521081632653,196.140606122449,121.255495918367,39.1967367346939,42.6789224489796,103.639086734694,69.0502714285714,92.3211918367347,42.1645081632653,30.112693877551,84.4781091836735,111.088918367347,243.934759183674,158.768186734694,126.014873469388,115.033591836735,160.637275510204,72.8599163265306,116.167628571429,163.180475510204,138.630897959184,145.106057142857,110.601430612245,125.459873469388,152.67277755102,183.298290816327,173.964564285714,450.575478571429,222.438640816327,161.398390816327,111.610026530612,133.805043877551,122.427314285714,81.9191142857143,68.5055602040816,116.351874489796,119.153207142857,134.112856122449,145.828674489796,65.5498857142857,68.1540357142857,79.3846571428572,51.6574775510204,63.5515020408163,61.6558806122449,39.3163040816327,48.6710275510204,61.7784204081633,74.8369989795919,77.2916102040816,76.4673255102041,49.4238387755102,119.08823877551,197.098746938776,205.056820408163,125.00355,118.499114285714,186.517216326531,79.994312244898,112.466580612245,131.262452040816,148.992708163265,191.478496938776,112.279455102041,134.220691836735,97.1504346938776,68.9825734693878,112.93755,51.025406122449,75.610606122449,171.751806122449,76.0305734693878,44.3442513265306,78.8064877551021,151.640325510204,121.883303061225,124.765368367347,98.8754591836735,45.4695112244898,119.531383979592,127.960006122449,81.4382510204082,115.696312244898,144.869529591837,136.078514285714,96.5945826530613,63.7818224489796,76.2269173469388,47.2396510204082,10.9331408163265,54.5401377551021,38.4997479591837,28.5396959183673,58.0021081632653,47.2709918367347,68.3605030612245,85.5686469387755,83.9069193877551,108.620504081633,124.477679591837,35.69125,34.5162081632653,49.7005295918367,48.4989897959184,76.8950775510204,34.4536051020408,27.4213275510204,102.697332653061,61.5703316326531,33.0510785714286,78.4546663265306,220.717629591837,176.929448979592,151.12075,85.9114173469388,71.1265193877551,134.463047959184,134.162847959184,137.742697959184,106.127732653061,92.6271663265306,95.5008234693878,118.390301020408,53.8913153061225,57.5544316326531,139.52593877551,151.825441836735,239.302328571429,49.3051265306123,46.8255173469388,139.539935714286,239.460889489796,208.50866122449,293.136744897959,130.281420408163,130.005278571429,85.1673673469388,74.337306122449,71.9997581632653,143.212033673469,62.5469867346939,58.1671387755102,53.3558316326531,61.4967785714286,44.5441510204082,46.1798928571429,29.4582530612245,49.6039418367347,166.470010204082,68.083212244898,135.886993877551,107.800269387755,43.5034397959184,156.716489795918,127.040866326531,167.11013877551,250.868369387755,103.848955102041,223.665005102041,178.94333877551,192.825459183674,86.7154806122449,141.152126530612,179.783579591837,43.2096010204082,99.3426285714286,97.852256122449,111.311262244898,89.4337163265306,67.6205142857143,112.601103061225,54.02045,122.448066326531,47.1712448979592,115.16631122449,83.05355,67.751868367347,138.350087755102,111.504310204082,126.784735714286,194.115318367347,176.020056122449,126.729504081633,86.7470173469388,94.7357826530612,196.121043877551,80.2321051020408,61.788587755102,62.1459285714286,46.9459846938776,92.2935173469388,190.563227040816,77.7461566326531,88.0189744897959,65.0803530612245,184.70986122449,174.428624489796,106.635165306122,91.7719653061225,101.993221428571,46.9329857142857,51.3557326530612,63.7485918367347,38.1940642857143,70.7815795918368,120.180993877551,68.9675265306123,113.090006122449,60.2163969387755,59.1363469387755,87.4685306122449,68.2492132142857,54.9470826530612,52.3651591836735,56.8632673469388,96.5446112244898,47.1746255102041,85.4728806122449,65.7221153061225,92.9475377551021,87.3187234693878,109.84187244898,62.236093877551,94.4448887755102,99.5108806122449,71.6231387755102,84.217993877551,136.300496938776,25.4161,31.4441775510204,71.0718693877551,51.4599775510204,60.1494255102041,96.236756122449,143.832757142857,47.1549285714286,92.6448224489796,174.051574489796,201.133307142857,88.2767112244898,97.1651969387756,60.6762591836735,77.000362244898,84.2432948979592,94.3319367346939,75.4848081632653,81.1651510204082,122.073742959184,85.7958857142857,284.820584693878,144.458445918367,61.4547663265306,70.2496193877551,53.0303642857143,168.592181632653,58.0322214285714,51.247443877551,35.7537020408163,23.7787642857143,101.542387755102,174.628336734694,193.44612755102,119.49688877551,85.2945326530613,186.849880612245,311.061323469388,132.738563265306,96.1211387755102,275.708379591837,290.653680612245,143.751536734694,231.065174489796,203.527169387755,122.108642857143,151.594620408163,47.07405,101.023403061225,83.6513928571429,53.55455,87.3988612244898,140.656775510204,52.9726173469388,92.5368724489796,43.0011663265306,67.4972989795918,50.4636908163265,98.5815826530613,52.3767908163265,72.9611112244898,90.1833306122449,28.0061479591837,31.4736632653061,138.304407142857,243.11986122449,101.644487755102,124.097757142857,29.4085,43.586212244898,36.5502795918367,43.8241581632653,90.1989132653061,138.848297959184,120.264092857143,102.362245918367,183.744724489796,239.331824489796,99.8259051020409,325.575298979592,225.369406122449,119.174944897959,43.7465857142857,115.737992857143,84.7714989795919,52.4603734693878,54.8496602040816,79.5546326530612,38.4448377551021,90.1527153061225,63.1580571428572,173.997817346939,85.1429142857143,112.708765306122,60.2363479591837,150.949669387755,92.1881408163266,110.24782244898,119.57035,133.053837755102,115.723304081633,50.9127489795918,281.287866326531,122.463892857143,44.5859428571429,44.7919397959184,110.942293877551,176.932333673469,220.042652040816,190.262241836735,177.919541836735,224.255276530612,235.179306122449,234.620156122449,91.7465142857143,122.414471428571,99.3582357142858,134.618106122449,53.0766663265306,158.107601020408,28.682296122449,151.850841836735,216.750937755102,76.566356122449,65.4518948979592,199.773158163265,156.860481632653,133.650059897959,256.217923469388,226.267311428572,225.283140816327,172.812887755102,150.12312755102,210.527721428572,177.650670408163,29.8163785714286,63.7198397959184,111.536842857143,132.382373469388,67.9752265306123,159.245546938776,123.206215306122,82.6376704081633,50.2443163265306,87.6542653061225,37.1979183673469,143.972963265306,108.541451020408,43.3485918367347,54.4913673469388,202.410390816327,97.8689081632653,88.4785989795919,142.251928571429,54.0719530612245,70.8587928571429,91.9199265306123,74.1743551020408,153.086255102041,100.009734693878,106.422241836735,98.5089581632653,109.923108163265,88.5913765306123,82.969856122449,93.4417265306123,242.768012244898,100.418793877551,99.9433724489796,115.946791836735,39.2184040816327,104.864044897959,125.797318367347,171.118707142857,58.7378193877551,100.699928571429,174.188163265306,79.6698928571429,167.908191836735,182.850146938776,58.6596969387755,44.5544540816327,62.5421734693878,90.5518009183674,58.0283091836735,115.964880612245,71.8848336734694,82.4712959183674,176.075896938776,123.388514285714,152.290892857143,141.730435714286,82.4229897959184,202.071152040816,134.266847959184,140.95312755102,137.435259183674,101.745219387755,161.056315306123,255.154444897959,34.7996693877551,168.598925510204,166.845219387755,122.888681632653,148.19646122449,45.1801867346939,54.1782132653061,90.5962142857143,153.407344897959,90.5619693877551,81.0580795918368,98.2161541836735,119.154515306122,65.2778081632653,48.2718091836735,58.6605877551021,62.6916132653061,39.2723128571429,165.467967346939,87.3144969387755,79.0157357142857,134.124978571429,158.112394897959,156.976479591837,150.72935,39.5433030612245,207.191515306123,223.917855102041,53.5078653061225,56.9119846938776,67.8939326530612,108.649319387755,140.722692857143,152.896570408163,136.592432653061,81.5583428571429,86.5430540816327,62.4187173469388,21.5468371428571,44.4327234693878,54.326656122449,75.8151540816327,62.3726816326531,114.452489795918,36.5157255102041,59.205362244898,118.181682653061,96.7258979591837,181.958689795918,71.5191979591837,80.7353214285715,100.593639795918,58.8026214285714,36.9198336734694,129.585648979592,112.453366326531,252.408714285714,111.486230612245,91.8563992857143,34.040212244898,29.0660979591837,50.5065704081633,48.8197734693878,42.8621193877551,41.2361693877551,68.3290346938776,79.4362744897959,122.310090816327,87.7077,142.621335714286,174.028257142857,223.762002040816,98.4244367346939,70.6044653061225,80.7050979591837,52.1349244897959,161.061308163265,123.236778571429,137.222074489796,115.688520408163,137.881060204082,81.2950928571429,97.0334071428572,220.759218673469,235.787816122449,122.007737755102,94.2327887755103,81.6031560204082,66.9309214285715,46.9933456122449,64.9066510204082,30.1767489795918,170.409485714286,127.300781632653,211.173962244898,84.2570163265306,82.0524306122449,100.39226122449,71.2056265306122,37.8044428571429,43.2081397959184,176.652566326531,262.13796122449,151.847818367347,71.0845244897959,89.8505224489796,47.2609985714286,52.9294608163265,90.6419682653061,52.0564713265306,53.99747,40.2579335714286,75.0800878571429,25.1426795918367,20.7057073469388,91.6338489795919,121.848454081633,154.276226530612,141.526560204082,154.997384693878,35.180462244898,69.9161367346939,35.6108704081633,40.1955214285714,41.5637459183674,79.5235387755102,23.0849632653061,160.871230612245,132.122374489796,74.5559928571429,99.9529755102041,116.706842857143,67.717206122449,86.4651540816327,80.4376897959184,76.2380295918367,111.200425510204,152.908974489796,52.1838826530612,114.52373877551,50.4803112244898,56.8706979591837,41.5579316326531,36.1761602040816,147.110290816327,29.0097709183674,110.217467346939,66.2462295918368,63.70925,46.5892071428571,142.797394897959,155.910553061225,144.533533673469,58.6015071428572,130.290753061225,121.400496938776,120.296785714286,109.569721428571,74.7538775510204,138.862073469388,247.34835,99.5019132653062,61.1090326530612,81.9642969387755,219.10382755102,109.783984693878,63.4734051020408,177.855201020408,38.0403795918367,122.899266326531,70.589843877551,158.408733673469,171.158313265306,123.985168367347,145.783147959184,117.394641836735,147.563152040816,155.346052040816,59.9158275510204,194.084009183674,195.184571428571,65.0162785714286,94.5807142857143,92.1482887755102,105.589837755102,103.604045918367,160.386326530612,52.4635420408163,47.7926142857143,38.5879224489796,87.7091846938776,91.57295,108.9929,105.215884693878,110.59923877551,159.680566326531,186.614469387755,191.626905102041,167.830044897959,141.336895918367,87.5730336734694,103.831592857143,45.1245204081633,64.2283979591837,190.120976530612,62.4537857142857,89.0752867346939,95.2174510204082,31.2429418367347,31.2538969387755,101.027101020408,93.5609755102041,112.112115306122,68.1891112244898,57.1835479591837,91.7192826530613,73.5220204081633,47.1343795918367,68.4431428571429,52.6022775510204,121.001742857143,84.0074897959184,141.205129591837,48.8575316326531,81.4271020408164,216.52481122449,181.785045918367,58.1117,113.011969387755,99.0551887755102,286.671820408163,250.658527551021,197.854464285714,89.7441551020408,96.9215591836735,125.754994897959,30.346415,44.9427367346939,49.8069714285714,65.3185336734694,45.8042806122449,130.71917755102,122.328757142857,87.2397529591837,128.299947959184,96.0721836734694,76.213856122449,142.778363265306,66.8609265306123,41.4027067346939,18.7319153061224,14.4276803061225,18.7361170408163,39.1621163265306,61.8713459183674,163.758970408163,50.9635408163265,63.8418316326531,31.5864734693878,43.1761530612245,42.7383408163265,39.2307295918367,35.7706693877551,69.7108540816327,48.8627469387755,60.7096377551021,145.797703061225,254.786118367347,49.9655418367347,84.1857030612245,57.7590408163265,51.4358326530612,44.3586469387755,178.149119387755,19.5320367346939,87.2840677551021,62.2243285714286,57.225662244898,116.208616326531,52.7502183673469,160.069825510204,123.831191836735,260.217202040816,181.856692857143,75.7956714285715,83.4435255102041,118.553534693878,108.417206122449,166.542312244898,63.4215112244898,93.3480744897959,140.646443877551,140.715704081633,119.11277244898,88.5413346938776,141.585485714286,126.651590816327,116.910203061225,113.041514285714,229.194334693878,58.6905571428571,54.0732571428571,178.039405102041,165.47702244898,95.6422724489796,51.1630030612245,37.1698846938776,48.7909785714286,70.89655,65.0489510204082,66.7238959183674,48.6970183673469,61.8353581632653,60.0847132653061,179.869667346939,185.128851020408,255.17272755102,160.254813265306,145.878853061225,156.920252040816,61.2590193877551,94.8011948979592,53.7586102040816,58.431556122449,65.4735857142857,68.2976030612245,74.6382744897959,384.814370408163,302.323875510204,63.7190581632653,78.69525,98.6546530612245,15.8928983673469,35.0766816326531,39.8873306122449,52.0325612244898,91.963893877551,212.766912244898,131.965937755102,221.103062244898,105.187673469388,41.4458693877551,89.2256918367347,70.7718540816327,73.2404112244898,38.2595928571429,29.4762959183673,27.1012663265306,40.4137693877551,70.7039887755102,49.4079418367347,64.0905877551021,115.129939795918,156.373803061225,98.208,59.6434326530612,73.1300469387755,150.774271428571,85.0667704081633,151.525979591837,94.3114214285714,118.145367346939,164.547030612245,130.710717346939,59.9132316326531,109.049786734694,108.823334693878,228.372004081633,230.972689795918,190.121073469388,173.03642755102,95.1568244897959,112.125074489796,91.8572244897959,80.3433591836735,259.355683673469,104.397190816327,73.6426765306123,168.987381632653,189.300917346939,102.12252755102,114.894339795918,138.622936734694,100.942796938776,90.1549948979592,86.7131071428572,256.275233673469,113.934191836735,115.92926122449,67.7890204081633,143.778743877551,43.8253132653061,82.9496204081633,76.1817081632653,41.2563857142857,48.1955653061224,178.606062244898,121.197980612245,284.351451020408,129.443521428571,195.619764285714,203.23767755102,144.788947959184,129.98247244898,156.001395918367,90.260506122449,89.8340489795919,80.878362244898,80.8110295918368,142.249731632653,59.2482663265306,164.856740816327,162.521589795918,71.5662,72.4167775510204,76.4746081632653,52.9129989795918,57.9681785714286,30.7974244897959,40.2588530612245,79.4417744897959,74.8709877551021,87.9786836734694,85.5122204081633,133.149551020408,259.50991122449,78.1271642857143,57.204693877551,51.6674744897959,54.9189081632653,54.8078530612245,109.727387755102,76.7884479591837,57.0339602040817,38.5488418367347,91.157943877551,77.2182765306123,46.689356122449,39.5326632653061,36.8357693877551,28.7861418367347,68.4135173469388,33.9463704081633,61.9554479591837,70.0377887755102,103.301486734694,112.650562244898,78.6861428571429,58.8606721428572,30.9947765306123,42.8229,190.229921428571,40.7501826530612,65.3279346938776,66.5351387755102,167.975106122449,104.257137755102,61.2264989795919,36.2994357142857,103.486762244898,140.092195918367,123.036518367347,41.385,386.674874489796,78.8874,108.62176122449,50.0257867346939,132.00955,97.3558020408164,204.512234693878,93.4007959183674,81.5797142857143,74.5309887755102,92.6720714285714,63.0859846938776,118.280975510204,75.3471244897959,88.3981632653062,69.7902051020408,205.48665,147.577005102041,122.923613265306,241.636694897959,197.638741836735,78.4603704081633,55.2757010204082,84.7733224489796,40.0219275510204,54.951018367347,84.0017020408164,43.6730214285714,140.635512244898,105.986632653061,40.5178602040816,80.1530285714286,141.371753061225,142.832548979592,25.4121705102041,136.619023469388,51.9867704081633,12.6151444897959,181.428759183674,82.4906275510204,70.9133326530612,100.587336734694,65.7252132653061,110.564015306122,81.3786612244898,96.6551214285714,127.37018877551,200.749476530612,236.145875510204,242.784125510204,39.2470112244898,96.7284704081633,198.326230612245,25.6182020408163,26.6776589795918,125.532476530612,157.077939795918,114.48463877551,81.8732510204082,66.6585530612245,93.04105,63.8462642857143,24.1342755102041,86.9897357142858,80.7919775510204,35.563393877551,59.7609693877551,23.058693877551,39.9875153061225,86.7639785714286,54.0122744897959,43.9570163265306,41.2896459183674,59.1100142857143,60.2105764285714,53.6271163265306,74.2209602040816,100.614418367347,85.8959816326531,77.0823989795919,44.694012244898,213.902262244898,145.636867346939,178.036042857143,167.40425,57.2716581632653,251.270913265306,239.69622244898,103.182952040816,72.8362489795919,96.5928112244898,115.045174489796,94.4601275510204,213.168164285714,58.2357908163265,33.197943877551,55.1032581632653,57.1100908163265,52.6950459183674,53.9120367346939,114.368617346939,59.1676785714286,120.478273469388,73.5127765306123,31.852037755102,55.6530673469388,130.747513265306,105.321758163265,115.193752040816,117.198112244898,164.999093877551,155.2792,105.323535714286,134.186385714286,42.0157448979592,194.958306122449,167.11447877551,197.560828571429,165.070371428571,99.9025448979592,47.4462459183674,96.2800020408164,105.439197959184,76.0492030612245,127.340782653061,100.796052040816,80.1648132653061,71.9173530612245,102.034892857143,43.4767948979592,75.3622520408163,44.3817581632653,89.8212051020408,138.128282653061,67.3679571428572,135.513133673469,125.026306428571,140.284635714286,127.602744897959,97.4614793877551,61.4602153061225,49.7654591836735,233.612863265306,51.9512285714286,77.6755040816327,125.62405,86.5163295918368,74.4191775510204,79.0007408163266,41.0491010204082,41.357143877551,148.992592857143,154.987423469388,206.41957755102,65.2865132653061,197.830973469388,248.409777551021,152.009462244898,166.035346938776,128.497118367347,61.5925244897959,109.575305102041,93.0943153061225,102.655285714286,116.096505102041,184.557401020408,261.094607142857,288.063697755102,300.283316326531,81.21585,57.3810867346939,36.7000479591837,34.8739734693878,80.6692969387755,74.8655979591837,106.200756122449,69.322912244898,72.8454867346939,85.7784367346939,78.9518295918368,42.8884642857143,48.1642387755102,85.685793877551,70.0845112244898,54.7212367346939,57.1222183673469,98.1879040816327,70.5292479591837,35.3921571428571,83.8115714285715,76.1256908163266,85.8371255102041,85.3248704081633,78.3843448979592,79.38935,102.346691836735,70.8916244897959,34.5274551020408,185.021270408163,131.856931632653,167.652783673469,75.0832081632653,70.1289112244898,78.8158020408164,85.9252857142857,45.8022102040816,104.917453061225,94.6124693877551,128.846319387755,42.4921540816327,38.7114306122449,57.4774591836735,59.0000244897959,129.124030102041,131.247602244898,107.125485714286,52.8874571428572,37.4362408163265,268.91856122449,223.730225510204,103.561570408163,63.9276326530612,140.27445,68.3417979591837,52.7861846938776,106.329839795918,83.9855479591837,153.710574489796,148.829347959184,162.726164285714,49.9637234693878,112.238343877551,108.147257142857,35.2523581632653,33.6129760204082,46.5011908163265,59.0674459183674,67.6557377551021,67.6032836734694,55.2413316326531,23.4454040816327,111.919656122449,117.862759183674,162.841318367347,90.2946704081633,77.8514653061225,48.0322091836735,16.9016897959184,192.035460204082,131.190876530612,110.057444081633,109.265737755102,105.530898979592,82.0935051020408,32.6823,124.913078571429,165.453457142857,91.6955448979592,83.7000193877551,133.83147244898,91.410824489796,98.3818755102041,77.4820367346939,52.3171040816327,55.6139948979592,155.670867346939,125.634854081633,74.5739602040817,53.5656602040816,89.9973346938776,107.088975510204,84.6085182653062,87.8591593877551,94.2012214285715,86.5062112244898,158.084878571429,118.742523469388,98.6476836734694,67.8552826530612,81.9531836734694,50.5364459183673,112.610757142857,136.102056122449,201.44777244898,194.631347959184,114.43317244898,195.605518367347,161.322929591837,64.5307612244898,57.1466204081633,159.14357755102,53.9665877551021,139.699113265306,61.5520234693878,44.9945214285714,178.599120408163,171.300152040816,202.516585714286,94.8369071428572,191.114986734694,263.231682653061,94.1022795918368,35.0761428571429,80.8460112244898,70.9879214285714,13.0418451020408,48.5605989795919,34.9114020408163,131.840875510204,137.539439897959,135.684601734694,106.153657142857,134.262264285714,125.390260204082,125.034565306122,98.7831285714286,105.605704081633,68.3179979591837,86.5064067346939,78.132543877551,108.118362244898,130.656479591837,193.81185,204.691109183674,257.748371428571,168.944005102041,141.937723469388,102.021963265306,67.8484285714286,98.1349806122449,94.9969642857143,90.8842234693878,74.2530102040817,81.1486204081633,81.1169132653062,55.8223663265306,21.4288765306122,62.7218193877551,53.7331132653061,132.181723469388,19.8700428571429,71.9546510204082,103.964817346939,177.032933673469,54.3241051020408,101.813171428571,82.126912244898,78.6423734693878,71.5237204081633,134.162317346939,146.197104081633,114.288483673469,177.403523469388,70.8010193877551,24.7621857142857,147.635595918367,65.9775653061225,183.851569387755,129.898045918367,191.036017346939,157.207125510204,43.9284142857143,84.9550959183674,149.690955102041,113.763943877551,79.3439010204082,37.1736270408163,51.3408224489796,67.7334785714286,106.108662244898,62.4038948979592,70.5751163265306,92.9081530612245,49.646493877551,55.9565448979592,77.0604387755102,139.483434693878,66.1560704081633,50.237793877551,101.46947755102,80.6469806122449,76.3058142857143,207.532417346939,238.958564285714,169.811852040816,65.5147897959184,73.7876989795919,123.128839795918,212.166704081633,96.5889928571429,64.3079387755102,99.1707030612245,105.357059183673,211.833807142857,110.71633877551,157.988804081633,125.668973469388,133.808416326531,99.421193877551,87.2909530612245,82.1148112244898,54.8080142857143,193.873629591837,151.722891836735,148.503151020408,141.129017346939,107.18823877551,40.0610346938776,75.2271459183674,80.7962193877551,54.3093091836735,51.6535714285714,56.7080377551021,160.339355102041,90.8556757142858,68.7977734693878,71.5924448979592,70.0442397959184,197.788389795918,99.1008010204082,95.2326612244898,24.6125663265306,42.394956122449,176.420146020408,49.6565170408163,77.1445173469388,59.5678397959184,55.287112244898,121.749058163265,177.900575510204,167.410932653061,207.892303061225,55.7605102040816,64.9755908163265,22.09895,39.1189632653061,157.953870408163,87.65235,143.187479591837,107.485368367347,24.2265346938776,193.103936734694,26.831633877551,101.697031632653,211.577757142857,53.2351397959184,31.6295948979592,113.834495918367,163.36152755102,151.57712244898,215.676157142857,138.239025510204,288.028641836735,114.769623469388,155.910290816327,101.507771428571,125.955131632653,85.504058877551,62.71305,54.5106469387755,66.4946642857143,16.6898826530612,21.5448214285714,284.466747959184,330.71903877551,210.311630612245,129.249017346939,126.672197959184,113.913263265306,106.465171428571,76.2886408163266,163.391332959184,113.915320408163,173.682362244898,90.0952693877551,37.5580091836735,78.0467897959184,70.33835,125.81906122449,102.124746938776,83.0574396938776,130.974202040816,38.130968367347,36.6996693877551,150.257803061225,321.160721428572,98.3942224489796,99.4347153061225,110.856568367347,170.284831632653,117.364980612245,49.5929744897959,51.3071193877551,79.1302612244898,105.195296938776,50.3821244897959,75.7893173469388,77.2829214285715,134.664823469388,86.689312244898,73.5401357142857,81.8385397959184,123.354480612245,90.9806540816327,52.8900979591837,63.9384153061225,89.4183673469388,37.2655244897959,54.4413153061225,79.8678785714286,43.4767132653061,31.7045571428572,34.4191132653061,78.5091816326531,119.599337755102,98.2359255102041,158.91231122449,94.0387173469388,75.5806051020408,81.6987795918368,128.206293877551,125.090376530612,174.303943877551,89.6973744897959,75.4842653061225,83.8564326530612,81.3729285714286,32.6693826530612,42.8228326530612,88.3538867346939,55.39545,91.6328040816327,119.112454081633,115.11896122449,116.636889795918,120.674725510204,114.650168367347,82.4225448979592,37.4935653061224,60.0148704081633,101.686144897959,73.2537265306123,89.97925,100.272553061225,84.3496275510204,32.1676529591837,25.4316785714286,66.262406122449,48.6540581632653,39.5137431632653,24.7789387755102,32.1857897959184,13.0129887755102,23.1203351326531,23.9299514591837,38.8845704081633,63.8819244897959,62.1790673469388,59.241818367347,174.535831632653,188.486792857143,78.0304326530612,74.7907653061225,151.220304081633,109.651630612245,110.979362244898,146.155403061225,99.3345520408164,128.481028571429,124.767931632653,178.413737755102,66.7221581632653,119.623285714286,64.9183918367347,26.3027326530612,189.013444897959,86.9844765306123,162.552612244898,102.189707142857,90.3182173469388,99.1081979591837,168.290817346939,120.55397755102,206.612674489796,125.873079591837,67.8271397959184,94.8936571428572,147.247060204082,107.157995918367,256.981070408163,214.23017244898,135.545603061225,135.101416326531,109.56432755102,129.493626530612,82.6877642857143,55.9849112244898,116.905120408163,141.864531632653,43.2450428571429,63.589993877551,60.2278265306123,62.7291326530612,28.7677295918367,19.0383445918367,169.635457142857,115.805448979592,96.5050224489796,112.531328571429,67.7668173469388,76.7475816326531,90.8456714285714,53.1219469387755,98.0286367346939,76.4592051020408,79.0402938775511,79.7712908163266,58.2601081632653,62.3602224489796,63.6841030612245,36.3363204081633,39.831143877551,24.8775836734694,55.8467204081633,58.1452959183674,57.083243877551,54.1339918367347,91.3048275510204,162.230464285714,72.4719040816327,33.5303367346939,79.2694642857143,91.8944316326531,78.3203081632653,67.060261122449,113.304318571429,226.270251020408,122.230559183674,180.752206122449,230.451724489796,214.443275510204,159.092384693878,98.9689887755102,76.9549806122449,54.389762244898,71.9238255102041,57.0385877551021,108.748006122449,119.322396938776,209.847847959184,127.241023469388,185.565834693878,176.808953061225,76.5207377551021,77.230043877551,133.828387755102,88.6401642857143,187.774643877551,221.999976530612,73.4550112244898,324.726227551021,125.360755102041,78.8567877551021,47.6753530612245,128.187530612245,116.41097755102,11.1273586734694,54.7791857142857,33.1539183673469,25.6336273469388,96.5622377551021,72.15625,61.0880551020408,24.8854428571429,91.4736275510204,92.5982663265306,57.922212244898,77.4510204081633,23.2402408163265,90.8271897959184,58.1025928571429,93.0397408163266,71.1017153061225,69.749006122449,247.373844897959,152.820619387755,100.757641836735,137.494872653061,144.511751632653,16.9721857142857,64.9365602040816,65.3850479591837,90.7613989795919,30.7991067346939,80.9227471428572,55.9569948979592,106.693819387755,107.262997959184,79.0881244897959,122.493943877551,123.967409183673,70.8296979591837,32.1371142857143,64.4270571428572,42.3209775510204,55.0014591836735,114.447255102041,108.701381632653,107.893692857143,109.836692857143,205.784623469388,155.600168367347,197.685915306122,88.1685795918368,93.7814765306123,87.9909704081633,105.167712755102,59.6243459183674,34.3006703061225,56.5824077551021,190.427255102041,64.1662224489796,118.720068367347,28.2113632653061,24.392468367347,45.3763795918368,46.6068836734694,157.156516326531,65.1680397959184,315.542152040816,173.01801122449,82.5978540816327,141.542236734694,113.801332653061,139.408185714286,271.082756122449,141.406921428571,139.132516326531,73.6048326530612,82.8798785714286,79.1111316326531,73.345506122449,66.0620469387755,45.0272479591837,88.8791969387755,142.262001020408,171.271626734694,192.752165306122,204.305078571429,200.167630612245,57.1931142857143,234.916110204082,208.119258163265,176.94925,39.9946112244898,90.2131448979592,69.3772153061225,196.844966326531,246.756146938776,97.801468367347,95.1624663265306,139.043184693878,43.422412244898,52.7637530612245,140.611120408163,111.251481632653,117.508396938776,116.016897959184,103.208695918367,101.74508877551,97.0199316326531,101.049036734694,83.2993571428572,129.983093877551,189.881037755102,136.246654081633,92.6446346938776,59.8645959183674,103.180302040816,38.5700959183674,40.1581316326531,20.0123836734694,70.9586091836735,68.7966357142857,78.430368367347,99.4140132653062,61.0226010204082,55.7659244897959,160.220724489796,84.2810398979592,45.7974551020408,87.0440520408164,20.961456122449,44.3883265306123,21.6152724489796,79.2241969387755,132.117880612245,95.7055612244898,67.1949357142857,69.8266540816327,64.459493877551,119.90962244898,174.578775918367,64.6801683673469,66.7677367346939,95.2451575510205,121.925864285714,84.2649275510204,137.896253061225,69.9936653061225,260.477967346939,108.699682653061,158.610773469388,28.3817448979592,15.4678275510204,96.5033704081633,104.222014285714,178.473192857143,84.7881489795919,43.8818806122449,70.7452826530612,146.912625510204,80.8909091836735,159.060648979592,168.591328571429,155.230573469388,166.579895918367,102.680265306122,79.4180806122449,72.2098224489796,58.5448908163265,44.3520066122449,77.4887295918368,57.9660387755102,81.5921581632653,108.181497959184,102.925981632653,90.3506010204082,113.365768367347,55.2156877551021,114.547976530612,23.3996255102041,45.1570612244898,82.7052724489796,120.595967346939,141.340817346939,189.138840816327,158.169901020408,147.136735714286,155.061656122449,12.7570581632653,28.4043408163265,36.1129836734694,28.1274336734694,54.7030641836735,63.4228642857143,58.0588285714286,63.9141428571429,124.608695918367,66.9167306122449,36.0871173469388,57.2444816326531,132.262439795918,151.826619387755,67.5586234693878,22.5565214285714,156.408014285714,77.0079928571429,55.0070867346939,90.857393877551,95.2179663265306,124.062251020408,163.361008163265,293.510124489796,139.178673469388,146.267342857143,205.216366326531,105.371884693878,79.5965887755102,140.835585714286,116.365514285714,48.4632928571429,65.4965734693878,61.4513653061225,57.685143877551,107.075931632653,125.491839795918,225.506851020408,88.3378959183674,49.1354102040816,55.1604887755102,60.6154785714286,41.9813163265306,49.8111581632653,82.3031173469388,109.820133673469,118.862425510204,184.860991836735,93.1662387755102,56.6975071428572,41.2526285714286,135.706857142857,139.767367346939,94.1810826530613,86.8031520408163,65.1587418367347,99.9547326530612,129.703631632653,162.912660204082,23.1687551020408,113.504947959184,151.877963265306,159.706233673469,81.240962244898,101.471117346939,82.631603877551,53.1211357142857,68.0222632653061,65.1289642857143,57.5959102040816,77.8428010204082,77.5930234693878,185.170730612245,95.7538397959184,63.1678020408163,123.85145,88.219418367347,107.679062244898,67.0016540816327,136.075406122449,45.2135653061224,132.861068367347,159.562151020408,147.297002040816,89.7421173469388,42.644193877551,45.9782377551021,76.2097285714286,93.5854602040817,104.952236734694,283.693534693878,116.992217346939,108.120337755102,145.308121428571,157.455718367347,131.931631020408,107.164412244898,107.130215306122,71.0678153061225,74.3043714285715,103.868726530612,79.935412244898,73.1310928571429,55.5733714285714,155.033285714286,77.4023020408163,41.5732469387755,80.7991673469388,42.3419948979592,70.8318510204082,92.3725734693878,51.1128408163265,91.1947428571429,45.6646632653061,219.531563265306,161.779456122449,92.4562448979592,185.344284693878,91.316856122449,155.855642857143,75.0857714285714,85.7586346938776,108.18452755102,98.0064459183674,74.4502530612245,110.404763265306,113.499212244898,164.840603061225,66.7796795918368,45.7786326530612,47.5742826530612,74.4738928571429,80.8181428571429,185.668008163265,278.295162244898,121.500205102041,70.8264867346939,143.377254081633,153.719134693878,109.577469387755,205.658753061225,61.2307132653061,70.2875632653061,107.457116326531,126.495987755102,123.756393877551,180.356158163265,69.2618948979592,111.980975510204,254.764728571429,96.693018367347,278.305607142857,196.972285714286,236.309648979592,70.9010234693878,95.907724489796,128.703906122449,149.739352040816,32.8677948979592,32.598012244898,78.6306642857143,123.605706122449,129.165066326531,68.9136627551021,255.698159183674,65.897418367347,157.471526530612,203.397952040816,138.444046938776,96.5613642857143,96.5109142857143,102.78343255102,48.1060408163265,111.918730612245,114.346902755102,97.1836448979592,27.4070326530612,53.6819336734694,159.103219387755,158.99911122449,96.3888908163266,62.7425275510204,82.1164030612245,96.4694081632653,58.8511826530612,70.8797571428572,44.3149102040816,51.1131397959184,49.7387724489796,29.494806122449,32.0734485714286,29.7642985714286,26.4351173469388,24.4111030612245,36.1065897959184,44.3034459183674,97.2360428571429,142.588413265306,64.8743775510204,108.289860918367,120.292932653061,141.788592857143,110.373690816327,61.0108673469388,53.8051693877551,71.7605091836735,74.5988153061225,69.2523918367347,156.680680612245,413.944391836735,81.7431275510204,20.7391381632653,42.0277918367347,43.9869071428571,30.2503979591837,228.180165306123,173.752506122449,93.9146084693878,82.3139217346939,81.6060744897959,87.9274234693878,74.3746397959184,122.587732653061,75.5786979591837,92.3607897959184,239.913331632653,259.162797959184,100.185907142857,176.225541836735,300.411120408163,32.2375570408163,107.946465918367,100.774308163265,45.4252448979592,35.7631428571429,82.6835673469388,22.8962734693878,55.2915530612245,175.78873877551,114.097214285714,121.638439795918,114.661405102041,48.828762244898,70.4673877551021,29.0314816326531,36.523543877551,56.2086428571429,61.4811408163265,52.1197673469388,45.7027724489796,90.0154285714286,62.4512959183674,268.255839795918,42.038312244898,115.973753061225,129.282857142857,123.326344897959,83.5466081632653,75.1909153061225,120.477890816327,96.8843832653062,62.2455142857143,50.0134867346939,92.7552778571429,77.2932826530612,155.672347959184,66.9263367346939,81.6524806122449,75.4701571428572,25.4981634693878,40.7700112244898,99.2812051020408,65.8624693877551,35.0511224489796,42.8104214285714,159.571739795918,132.855752040816,108.002292857143,180.773055102041,145.580745918367,51.7550857142857,30.8803836734694,60.4313642857143,42.0703704081633,70.220893877551,46.4243642857143,47.2138540816327,61.9941765306123,97.3840234693878,193.911124489796,197.397097040816,88.0993459183674,57.1346602040816,54.6720459183674,52.1328397959184,17.5746512244898,115.865032755102,146.974649387755,65.1421887755102,107.895768367347,107.904356122449,221.298789795918,190.595462244898,57.8141775510204,84.5790295918368,109.171674489796,53.0863112244898,62.8051908163265,40.7887,57.0270959183674,67.4425877551021,52.0991255102041,25.405093877551,73.9035346938776,90.6586539795919,78.2419295918368,56.9968612244898,76.9307357142857,149.499440816327,157.846447959184,182.854398979592,105.12262244898,112.841837755102,62.4436234693878,86.4391142857143,46.6381928571429,22.0568693877551,222.383152040816,93.5031673469388,139.966883673469,99.351043877551,119.730291836735,128.734668367347,109.358093877551,90.0532346938776,126.509003061225,189.35341255102,142.235275510204,151.868067346939,64.9163918367347,91.5996448979592,77.2350469387756,133.53041122449
13.6938775510204,166.578605102041,158.896560204082,178.075359183673,257.299816326531,68.7461581632653,113.222024489796,323.16627755102,138.713814285714,80.8682265306122,136.25422244898,79.1922173469388,61.9176497959184,60.9812352040816,24.847013877551,63.5163102040816,147.268832653061,178.686108163265,274.139015306122,244.579265306122,129.615373469388,86.7260418367347,63.4409612244898,140.197175510204,95.0173612244898,145.446751020408,53.2514759183673,231.029893877551,152.20897244898,48.7022003061225,93.0951224489796,53.5498457142857,49.117706122449,136.395834693878,291.075571428571,408.839855102041,192.390916326531,214.695043877551,219.784643877551,38.4672716326531,30.478176122449,78.0690408163265,29.7766083673469,122.595775510204,29.3843114285714,30.4873614285714,20.6486116326531,23.5587751020408,31.2110751020408,117.216360204082,134.748482653061,44.8366507142857,118.673680612245,147.590833673469,155.02975,208.721509183673,73.1112234693878,285.251765306122,390.635320408163,313.987290816327,179.263776530612,104.379382653061,49.3601075510204,34.1578108163265,81.9760673469388,85.256087755102,267.985970408163,86.502587755102,175.599151020408,351.280408163265,104.044647959184,209.874760204082,46.2494114285714,38.5056428571429,114.708504081633,91.9187867346939,104.647470408163,99.6425326530612,245.691441836735,312.277314285714,110.846197959184,161.460831632653,101.599765306122,106.476470408163,115.292986734694,95.0765642857143,85.3863775510204,124.340826530612,84.1253091836735,48.2658663265306,57.5665479591837,59.0914704081633,80.6995179591837,242.489181438775,114.824312244898,83.1380030612245,49.6884516326531,29.9742063265306,137.508273469388,132.531206122449,63.8879383673469,116.674824489796,162.287989795918,197.395596938776,382.619670408163,128.767656122449,142.140498979592,96.5603387755102,238.739868367347,196.075395918367,87.825387755102,44.0321875510204,94.541893877551,234.561370408163,290.902403061224,207.880395102041,241.4804,84.0344040816327,40.98417,209.303078571429,154.832597959184,140.773618367347,125.806031632653,120.131063265306,86.3501877551021,84.3058663265306,81.2862040816326,169.564109183673,113.764831632653,240.894615306122,167.990501020408,297.772387755102,439.373626530612,117.175356122449,47.1927896938776,194.637208061224,158.697585714286,103.578810204082,180.201709183674,260.88038877551,296.795569387755,134.331120408163,142.727356122449,69.8460479591837,149.006206122449,42.5999371428572,43.0343448979592,98.7895204081633,78.9626846938775,59.8199371428571,177.063494897959,203.044759183673,203.505559183673,173.169939795918,117.734119387755,90.1996979591837,56.5524508163265,120.880514285714,218.979613265306,81.6188630612245,71.4516753061225,100.303471632653,143.07787755102,20.1544087755102,41.0530102040816,162.765257142857,127.90591122449,153.746840816327,305.934165306123,412.207941836735,28.6707005387755,151.924224489796,158.161768367347,141.927971428571,46.3451665306122,87.3633040816327,91.9343295918367,71.0671959183674,46.3517726530612,53.8283428571429,17.7663063469388,87.3048029591837,94.7728989795919,86.6385346938776,101.040336734694,72.6013051020408,70.0533463265306,92.224593877551,75.7498663265306,51.0010997959184,69.132163877551,82.7035642857143,155.068579591837,62.3214714285714,81.8527551020408,43.6208614285714,142.983902040816,115.200432653061,193.27943877551,144.564645918367,127.252665306122,104.679000612245,48.1350836734694,54.8884391836735,45.7531891836735,44.2695020408163,44.6749746938776,82.3782653061225,91.6928612244898,59.0594546938775,107.706209183673,108.108847959184,64.707406122449,96.7147591836735,21.5568767346939,115.118029591837,204.605804081633,100.935836734694,53.7831887755102,68.2214785714286,279.023805102041,212.532741020408,219.664201020408,319.406171428571,60.6582673469388,301.977555102041,260.961410204082,237.924208163265,54.1648653061225,50.869012244898,193.961325510204,100.608107142857,144.870348979592,66.4330163265306,136.540335714286,97.5936275510204,86.2104275510204,184.342096938776,208.517840816327,107.911907142857,128.508476530612,15.2120108163265,54.3086855102041,89.6057744897959,54.0165275510204,71.8749776530612,87.6252867346939,271.298655102041,112.302173469388,207.321082653061,229.24341255102,208.44546255102,206.720625510204,168.259304081633,25.7530159183673,135.431208163265,167.668967346939,87.8361265306122,322.402141836735,141.136294897959,148.208314285714,157.072157142857,115.040483673469,213.023489795918,341.616294897959,60.7724265306123,113.22027755102,74.8096265306123,25.4735028571429,242.814308163265,150.811735714286,15.5001876530612,114.707270408163,174.305180612245,51.019553877551,103.897547959184,108.949051020408,148.388668367347,108.819497959184,39.5841389795918,208.859583673469,127.694602040816,240.795884693878,106.24816122449,150.622923469388,249.836895918367,205.374914285714,396.259202040816,236.627513265306,366.982471428571,257.047353061224,99.1368673469388,125.4607,150.76432244898,88.0356979591837,80.1353887755102,75.3126867346939,227.172512244898,493.129359183674,151.477440816327,119.224048979592,116.319047959184,327.91657244898,164.420906122449,256.776252040816,86.1344704081633,84.3713737755102,52.4993240816327,71.6888234693878,63.5154908163265,71.1518520408163,308.836346938776,83.2230336734694,291.190224489796,115.613543877551,170.163405102041,181.113604081633,50.6111079591837,85.6918448979592,184.722728571429,50.4354855102041,91.0430704081633,253.370892857143,129.482244897959,132.359976530612,248.064709183674,183.922007142857,179.096162244898,341.127193877551,243.510401020408,345.78951122449,121.149857142857,102.06157755102,60.2251481632653,333.729118367347,195.799842857143,135.536142857143,49.4724953061225,106.1552,92.4094204081633,125.26197755102,156.762895918367,69.7402928571429,90.0714255102041,78.81865,177.363571428571,154.68075,187.457362244898,34.1195940816327,120.432687755102,154.470194387755,119.201205102041,194.235341836735,69.5490714285714,39.7944826530612,74.0201693877551,59.0065046938775,40.5647610204082,70.4675030612245,171.70351122449,40.8046524489796,63.3800436734694,70.8882951020408,52.2265367346939,96.23575,94.0949571428572,158.199492857143,89.9950755102041,106.421530612245,67.6649802040816,107.644625714286,187.700240816327,105.347155102041,187.268424489796,132.289757142857,151.007301020408,87.2750857142857,69.2942442857143,73.1204220408163,80.3651755102041,88.7910734693878,97.2339020408163,202.840182653061,108.623136734694,205.698191836735,489.690498979592,281.889014285714,240.130353061224,45.4946565306122,238.393763265306,343.332634693878,132.012719387755,39.9644008163265,86.57565,95.6296642857143,92.5345051020408,135.232293877551,135.402437346939,122.802901020408,46.2027465306122,97.9006826530612,70.2031173469388,92.1792969387755,97.6299530612245,123.553319387755,284.276131632653,134.859109183673,121.659339795918,72.1668081632653,133.478114285714,169.833141836735,90.8475244897959,52.4716553061225,55.3536081632653,74.1288142857143,307.646434693878,132.908881632653,125.372663265306,159.523003061225,110.120835816327,123.360048979592,132.602758163265,59.2873571428571,336.672803061225,177.882082653061,164.498533673469,48.5568,75.2491204081633,75.3582846938776,156.917220408163,95.1779897959184,135.107213265306,193.301783673469,97.6904948979592,163.815667346939,167.579373469388,189.005529591837,72.4060740816327,113.080430612245,142.382737755102,162.052885714286,101.437185714286,295.910964285714,351.403346938775,257.088842857143,85.7318183673469,41.8028263265306,93.5570489795918,270.144209183673,200.494129591837,113.024417346939,107.626391836735,38.4295871428571,124.402251020408,57.2202510204082,56.6025795918367,44.6961618367347,195.095147959184,304.983491836735,302.916651020408,91.6325612244898,251.26237755102,124.970148979592,131.265004081633,137.27257755102,82.5974204081633,58.9306287755102,50.3615783673469,250.242197959184,152.677279591837,82.5308408163265,296.572113265306,276.716948265306,191.528116326531,154.16867755102,177.593864285714,103.98372755102,81.3037826530612,83.3818346938776,71.3289918367347,92.5647234693878,59.2941816326531,72.8062897959184,43.9251973469388,41.8050385714286,25.0928012040816,169.643485714286,205.800725510204,192.463601020408,280.552585714286,99.5190571428572,154.333651020408,80.0052806122449,89.7734479591837,118.779507142857,215.778363265306,116.844939183673,118.49882755102,36.9370704081633,24.278163877551,177.387551020408,80.5675367346939,163.857285714286,84.3432244897959,78.409762244898,127.376040816327,70.7839448979592,106.046441836735,75.7410959183673,75.7598459183673,153.635598979592,75.0194336734694,63.1705030612245,27.4344546938775,90.2108244897959,150.408319387755,160.656516326531,268.299440816327,195.973132653061,208.102176530612,272.257140816327,177.4824,54.4202687755102,51.6109755102041,63.7367704081633,15.4240663061224,29.1082981632653,24.732106122449,24.0634402040816,139.891939795918,26.2584646938776,63.0108859183674,48.2592826530612,56.862937755102,125.249010204082,101.586846938776,134.852041836735,82.9260051020408,269.250260204082,226.160382653061,44.497833877551,71.7855459183673,122.023754081633,100.640385714286,137.618305102041,226.268512244898,169.895620408163,102.628212244898,99.1723581632653,133.313321428571,115.552634795918,123.420939795918,136.66158877551,98.8821459183674,126.396847959184,253.75205,355.279720408163,313.438557142857,235.003519387755,114.614179285714,457.643374489796,114.160730612245,208.382184693878,227.216935714286,118.960756122449,61.3858642857143,39.1400102040816,51.5552591836735,33.5287314285714,25.2123897959184,28.0750497959184,110.717890816327,121.023913265306,167.017981632653,171.801537755102,70.0792091836735,60.6359265306123,59.68364,30.5195512244898,44.36844,104.689551020408,191.86126122449,190.935879591837,179.110439795918,178.934308163265,178.214724489796,63.4650581632653,102.684497959184,94.5179714285714,90.5934173469388,134.733360204082,98.7192091836735,94.4684346938776,72.7998826530612,143.74917755102,191.047080612245,173.374690816327,130.275214285714,306.761732653061,88.9857693877551,62.1968408163265,104.561201020408,378.891076530612,351.675981632653,229.525087653061,140.515116326531,211.095196632653,101.47815,343.844986734694,135.618163265306,197.453028571429,134.566854081633,84.7480979591837,36.1431679591837,36.6480179591837,51.8288808163265,100.741710204082,80.577962244898,50.2235393877551,166.452251020408,41.0077579591837,130.394476530612,59.7815712244898,266.561917346939,368.534576530612,443.490869387755,358.971681632653,78.6894112244898,276.032673469388,271.231107142857,167.103858163265,83.7210489795918,13.9994493877551,210.275539795918,114.202705102041,41.3101469387755,54.0473930612245,75.9279510204082,62.2256763265306,73.3269948979592,114.662278571429,194.123517346939,211.344891836735,184.431428571429,131.988239795918,87.8451693877551,93.0142132653061,41.8636565306122,21.1215565306122,123.873870408163,83.7495836734694,44.420977755102,71.6434244897959,92.3802612244898,67.001756122449,75.7481265306122,77.1051979591837,98.5928132653061,167.799620408163,86.2248234693878,144.008040816327,32.9056126530612,93.8906877551021,52.2091180612245,200.719659795918,178.82202244898,198.663945918367,164.190614285714,71.5551704081633,89.9850397959184,92.8747857142857,61.3137418367347,89.6890295918367,307.455757142857,185.498489795918,254.019469387755,93.5823685714286,139.155293877551,137.386980612245,121.193869387755,156.988543877551,103.387671428571,151.358448979592,172.556382653061,71.5379244897959,31.6800820408163,66.0564489795918,155.607104081633,31.5339820408163,24.1516802040816,127.709056122449,117.642663265306,13.8939004285714,89.9795908163265,145.992481632653,316.962544897959,411.76707755102,75.2401785714286,131.435006122449,146.629141836735,140.638541836735,80.5185612244898,186.193096938776,126.780918367347,42.9723391836735,238.819376530612,206.215123469388,110.909497959184,98.6353928571429,67.4109287755102,91.6192744897959,110.573935714286,110.081235714286,71.5394836734694,86.4256010204082,122.06118877551,221.079218367347,103.936475510204,103.398878571429,202.867916326531,152.943204081633,181.367733673469,78.471922755102,167.435941836735,86.3631357142857,331.471983673469,88.321293877551,158.946603061224,263.279662244898,94.2972404081633,68.9728275510204,260.725684693878,160.475818367347,97.8985704081633,346.734708163265,239.805364285714,91.5553489795919,87.3774989795918,69.4986153061224,115.285947959184,206.301818367347,126.414623469388,119.796154081633,168.830254081633,75.0180326530612,270.813380612245,365.482269387755,251.402495918367,82.9122071428571,42.0181973469388,44.2797985714286,27.9314887755102,47.9278734693878,105.594969387755,102.576767346939,170.064284693878,119.481435714286,149.171404081633,144.654087755102,93.0781204081633,39.1088001428571,42.4099214285714,82.8681142857143,92.6674285714286,16.5171273469388,216.931448979592,357.136489795918,36.1325210204082,282.481870408163,232.474423469388,145.122146938776,251.830959387755,87.6749908163265,276.827368367347,161.296127040816,92.8099071428571,127.153496938776,164.385316326531,320.717420408163,139.855475510204,68.5267132653061,48.7513502040816,74.2398632653061,39.9626559183673,28.110187755102,22.967116122449,20.064066122449,167.174986734694,182.024796938776,212.560173469388,42.3725128571429,11.8016426530612,130.142758163265,63.5812632653061,255.287176530612,234.466557142857,86.8865602040816,195.718109183673,118.674192857143,116.895021428571,96.8543908163265,57.2251342857143,238.932633673469,244.47348877551,207.167079591837,205.180865306122,51.7926336734694,91.9100193877551,167.249120408163,88.2169306122449,208.656117346939,139.914095918367,69.8958081632653,88.2432969387755,123.208969387755,170.194040816327,46.922826122449,119.820529591837,36.3816683673469,75.0468683673469,58.7897795918367,63.9299295918367,67.2605040816327,67.9145781632653,70.443598877551,134.873972346939,226.965597959184,80.6309448979592,81.2926,142.013851020408,67.1731663265306,90.9461846938776,49.2854744897959,36.4887208163265,141.187543877551,96.0737520408163,176.962616326531,53.3569724489796,205.559341836735,297.316818367347,75.2310346938776,131.728379591837,205.902448979592,127.053623469388,51.7153510204082,89.9605269387755,93.4610857142857,12.9297346938775,90.6926877551021,476.945701020408,470.202684693878,254.159180612245,105.05482755102,18.7016973469388,70.4233285714286,72.0033765306123,57.6501385714286,39.5392216326531,172.665170408163,215.004198979592,166.853593877551,143.183770510204,183.803933673469,178.007224489796,164.07966122449,40.7699212244898,58.6191412244898,368.546275510204,41.3592430612245,313.998126530612,530.969063265306,166.72728877551,147.710216326531,163.908212244898,265.425589795918,284.845312244898,216.275789795918,258.523770408163,262.934394897959,223.509801020408,87.7108459183674,300.897708163265,56.074362244898,53.2617367346939,118.353582653061,110.852607142857,133.163669387755,65.1584632653061,50.0377153061224,31.7140979591837,25.6725997959184,78.02445,126.695367755102,153.682442244898,129.694526530612,200.817429591837,94.4597948979592,209.095264285714,61.2927040816327,9.40988959183674,38.4750906122449,50.4494232653061,143.363955102041,71.7627540816327,62.48045,26.698356122449,24.052906122449,33.619456122449,206.79066122449,222.851724489796,234.957302040816,313.238339795918,127.190169387755,77.6697418367347,78.7780316326531,63.0475285714286,78.9332979591837,66.6594142857143,288.031570408163,236.589726530612,208.123143877551,154.476514285714,191.920617346939,254.312540816327,287.12298877551,170.696051020408,106.535248979592,100.656659183673,173.678076530612,176.074169387755,85.6338826530612,29.5454714285714,119.576053061224,66.1457397959184,205.268763265306,236.200994897959,269.972405102041,220.478325510204,211.172112244898,97.6839132653061,133.43766122449,148.992863265306,167.301504081633,241.678990816327,239.776660204082,246.899915306122,375.893930612245,205.09322244898,399.923735714286,42.3020969387755,157.227084693878,299.988505102041,47.2358348979592,72.9702316326531,52.0549232653061,377.477653061225,313.504681632653,222.44282755102,166.870304081633,151.816418367347,260.376951020408,139.014479795918,140.144910204082,145.759041836735,32.5515518367347,362.682719387755,274.052036734694,148.293931632653,146.217573469388,154.028202040816,226.824159183673,89.9535959183673,251.46767244898,194.39543877551,135.371547959184,156.54795,199.026074489796,195.370797959184,111.713625510204,98.6902530612245,110.116404081633,112.398166326531,44.0326597959184,57.1279704081633,118.443998979592,201.070953061225,259.981379591837,145.496518367347,147.768924489796,82.2636908163265,48.2778983673469,88.222212244898,87.4877877551021,98.0653010204082,200.378689795918,167.317423469388,316.428164489796,115.386909183673,89.647918367347,125.109832653061,145.060903061225,131.879491836735,76.8230765306123,107.516746938776,127.312270408163,110.405793877551,166.672033673469,171.946840816327,50.7899020408163,45.061162244898,31.995912244898,115.973306122449,50.3127144897959,99.9525397959184,199.171651020408,103.210643571429,207.214054081633,181.025979591837,148.024921428571,191.789301020408,140.75621122449,100.030457142857,246.805718367347,208.425497959184,275.917145918367,298.959023469388,150.834996938776,103.745668367347,178.060557142857,213.318036734694,213.27428877551,228.020129591837,47.2093632653061,120.885848163265,81.414612244898,48.667212244898,72.760112244898,288.188486734694,115.610508673469,173.439817346939,272.982302040816,214.232540816327,130.099458163265,74.0462418367347,94.2674653061224,175.064905408163,143.85097244898,125.52142244898,121.928274489796,117.116395918367,110.623595918367,257.400821428571,61.1977540816327,72.3669489795919,75.8473979591837,131.129652040816,123.138109183673,69.5065928571429,205.165484693878,330.277681632653,139.45241122449,125.24397755102,109.115454081633,47.171493877551,103.152985714286,93.4824408163265,87.8419816326531,100.964633673469,206.612245918367,56.274082244898,374.15027755102,226.863418367347,66.2278010204082,70.9004602040816,99.3271437755102,101.68054755102,116.658314285714,121.702940816327,137.67237755102,181.056696938776,121.838634693878,136.547026530612,134.360029591837,123.021110204082,89.4052448979592,175.976612244898,207.46172755102,256.488510204082,47.5453942857143,38.3257012244898,171.413492857143,209.31313877551,122.339098979592,259.847282653061,146.226598979592,258.692962244898,185.034436734694,67.3817076530612,112.384063265306,110.050310204082,117.982298979592,38.9725085714286,128.962446938776,90.6759367346939,93.5156040816327,61.81,153.729623469388,86.8627959183674,110.880024489796,105.869163265306,45.8364436734694,28.5726553061224,59.2173571428571,42.918333877551,68.587533877551,142.938555102041,98.426556122449,130.349369387755,114.173091836735,92.5597214285714,161.68156122449,396.105478571429,426.915204081633,167.812571428571,174.319398979592,361.957652040816,101.455856122449,92.7027387755102,228.482091836735,262.430647959184,191.773062244898,63.6790908163265,63.9411989795918,293.726518367347,279.253181632653,280.544024489796,157.254103061225,126.518869285714,49.0421818367347,207.095341836735,79.1079357142857,144.672406122449,466.059129591837,65.8018336734694,56.6510097959184,61.7272948979592,37.2226993877551,213.088320408163,171.978617857143,301.890706122449,180.846403061224,139.099675510204,345.961718367347,167.465156122449,210.540545918367,177.287824489796,167.091670408163,126.891990816327,195.166339795918,122.882763265306,195.678120408163,159.971436734694,142.462743877551,143.337693877551,67.1896979591837,61.3725010204082,44.7834791836735,50.115112244898,221.22657755102,298.320015306122,25.977376122449,62.8915948979592,206.101040816327,201.392001020408,196.09347755102,50.4207885714286,78.6449530612245,240.119684693878,94.6855265306123,79.7290214285714,141.564451020408,31.8152475510204,146.966097959184,149.14871122449,102.426729591837,107.842845918367,67.6886326530612,122.005704387755,299.223903061224,320.335231632653,102.861464285714,105.124344897959,183.658926530612,93.3336816326531,122.09757244898,376.001053061225,223.10687244898,127.256406122449,187.335594897959,471.171986734694,101.470996938776,32.1200751020408,107.376662244898,130.767326530612,118.213726530612,417.76318877551,143.373378571429,136.079987755102,55.8635375510204,226.554541836735,32.3322214285714,98.3867193877551,136.702415306122,158.49862755102,207.766408163265,257.072097959184,209.332031632653,154.20467244898,37.9794432653061,131.024563265306,204.968229591837,450.458858163265,67.7889295918367,48.2206275510204,41.9392063265306,107.658418367347,100.631421428571,77.491082244898,106.976130612245,163.483510204082,108.670798979592,276.966760204082,211.19653877551,102.84563877551,265.371066326531,170.514629591837,173.054889795918,60.4340665306122,224.754763979592,161.462293877551,94.668693877551,38.3359073469388,55.119143877551,25.1937526530612,185.647352040816,33.4984975510204,211.653205102041,270.762979591837,144.320635714286,42.8448267346939,26.4920871428571,67.4769020408163,56.7817440816327,57.324447755102,58.2627908163265,83.1093091836735,103.118569387755,56.3548387755102,100.587114183673,51.6974875510204,18.9359708163265,21.5369708163265,52.5840371428571,77.3751051020408,135.006310204082,56.8392367346939,75.7412408163265,318.960286734694,103.304391836735,360.214302040816,366.613464285714,172.97098877551,164.228392857143,141.433625510204,94.6856204081633,128.523593877551,41.3304165306122,72.1821142857143,73.6950887755102,74.4155,89.4293979591837,86.2949479591837,61.0761005102041,206.065145918367,89.7098153061224,102.166532653061,92.6349051020408,119.362232755102,77.5685709183674,260.614869489796,210.621813265306,212.251089795918,93.2545857142857,49.2666102040816,85.281362244898,34.7582463265306,89.66915,75.2353397959184,95.6109612244898,38.156196122449,85.832337755102,65.0053908163265,70.587212244898,62.9422663265306,107.671269387755,132.543792857143,155.874632653061,102.85562755102,145.084382653061,76.281318367347,35.5310432653061,52.5838789795918,64.3642530612245,87.123856122449,149.913910204082,320.846495918367,215.656794897959,171.516658163265,148.670444897959,339.9006,306.568208163265,314.105598979592,199.346667346939,203.103577857143,138.169312244898,112.234303061224,56.2715530612245,56.8873546938776,30.6156136734694,219.256214285714,340.039685714286,251.88862244898,104.645382653061,111.555181632653,154.688902040816,33.201892244898,52.9293755102041,57.3020448979592,46.7063064285714,71.5009408163265,14.1949115918367,14.6452328979592,14.2277830612245,168.185463265306,147.813859183673,89.1057459183674,93.0702469387755,178.280157142857,164.404982653061,103.18057755102,92.4519346938776,145.999267346939,282.45152244898,101.223416326531,77.3578244897959,83.2777948979592,301.078026530612,47.3436932653061,175.163662244898,151.162567346939,137.564556122449,192.099187755102,174.513253061225,89.5733806122449,214.289865306122,80.3909530612245,167.448769387755,138.965820408163,143.874093877551,141.245216836735,136.479120408163,203.350219387755,91.6769023469388,310.759975510204,53.4626571428571,96.3284663265306,155.469445918367,229.827952040816,117.588881632653,133.880952040816,55.7622448979592,302.612819387755,45.3503740816327,80.7792785714286,378.589730612245,266.872176530612,85.0569979591837,94.3825673469388,63.3968571428571,69.6898795918367,91.7050112244898,64.9559424489796,138.462734693878,287.40423877551,320.922048979592,312.327173469388,190.576820408163,151.457687755102,214.091020408163,385.240712244898,490.926353061225,151.883335714286,121.108956122449,264.627426530612,323.86846122449,203.001117346939,250.17923877551,236.257542857143,218.680585714286,202.02446122449,118.79291122449,382.52182755102,295.618447959184,345.001804081633,119.627719387755,69.376843877551,65.2328112244898,69.4154102040816,99.2535010204082,114.862087755102,142.536071428571,33.1487608163265,30.7790608163265,283.585593877551,258.074884693878,314.350060204082,168.85276122449,78.9296393877551,329.93861122449,372.111069387755,169.309886734694,175.228092857143,242.71617244898,209.835405102041,71.0436459183674,398.382926530612,88.5362316326531,51.2244360204082,76.3285071428571,48.8200071428571,71.164537755102,94.2837959183674,115.554139795918,85.4939336734694,138.372143877551,255.159769387755,145.165785714286,91.4055918367347,116.595186734694,174.834582653061,179.898803061224,172.8096,70.3364030612245,94.8408775510204,230.617327040816,149.67187755102,208.983726530612,96.7405653061224,149.566421428571,154.353684693878,118.266915306122,72.5751234693878,25.7592163265306,129.087455102041,70.0020520408163,88.3906908163265,69.4421010204082,68.4779193877551,55.9751326530612,101.661512244898,99.5643765306123,131.229207142857,54.6551395918367,55.3456797959184,280.140946938776,119.221373469388,101.963029693878,93.6216376530612,79.8171683673469,137.010965306122,66.0539255102041,104.63697244898,65.3356979591837,76.423,105.851520408163,109.753932653061,277.898960204082,98.5567091836735,116.561229591837,92.1688469387755,146.331957142857,189.159344897959,240.329448979592,134.350216326531,224.363147959184,391.088012244898,333.543293877551,400.080176530612,239.327369387755,126.231730612245,75.9803367346939,107.172874489796,69.4773428571429,85.3360683673469,89.476212244898,99.6500897959184,101.372713265306,97.7270612244898,37.5626971428571,101.051390816327,216.559906122449,23.8466318367347,36.2391132653061,147.927289795918,254.017618367347,209.70666122449,205.711478571429,218.500989795918,46.4309663265306,51.9388663265306,63.2675071428571,65.7433530612245,69.787012244898,90.0841765306122,104.528389795918,82.526112244898,61.2688969387755,61.9098173469388,58.5033908163265,282.644315306122,455.528197959184,62.9224204081633,150.644404081633,161.822054081633,158.627982653061,253.855908163265,82.6117102040816,208.321486734694,97.3765969387755,234.899941836735,88.6773857142857,81.3833265306123,152.110098979592,180.219444897959,182.176469387755,64.5720765306123,118.325954489796,102.54652244898,117.722525510204,218.665003061225,52.8946930612245,154.530743877551,211.651431632653,69.5139091836735,55.2407653061225,95.7244040816327,143.130266326531,43.8260195918367,39.4581636734694,111.526198979592,148.958025510204,184.077058163265,61.3891071428571,118.95936122449,69.9847106122449,95.2162591836735,202.732380612245,77.9731367346939,29.2273165306122,63.8368806122449,61.0662628571429,178.225156122449,205.22263877551,216.662246938776,154.350180612245,70.0687040816327,88.7728530612245,56.7764704081633,85.3586377551021,122.88909622449,166.408228571429,140.636593877551,226.894763265306,222.253984693878,58.9730304081633,39.5318240816327,59.4947469387755,120.647491836735,155.344659183673,176.909214285714,240.088105102041,261.604839795918,278.888851020408,72.3612510204082,64.0193010204082,307.817818367347,99.7478204081633,70.2769336734694,351.33652244898,156.96225,92.0342428571429,154.107965306122,195.293373469388,161.922563265306,263.158423469388,272.599182653061,160.744176530612,93.6528479591837,129.098864285714,43.7568751020408,102.025701020408,161.388009183673,112.703902040816,104.486350102041,159.425042857143,266.697087755102,173.10042755102,251.299137755102,217.628528571429,131.870085714286,146.824085714286,89.05475,30.860889,59.382406122449,158.144346938776,281.818918367347,279.298689795918,153.785797959184,263.755025510204,182.453580612245,47.5296255102041,334.844779591837,219.288453265306,149.264297959184,138.436265306122,73.9441010204082,71.8129285714286,229.28527755102,219.20962755102,301.44731122449,160.056718367347,292.853390816327,106.764655102041,51.3450114285714,103.796816326531,135.734562244898,250.046263265306,202.692168367347,187.165481632653,94.6726435714286,179.182119387755,55.3170991836735,205.601197959184,115.830015306122,105.629054081633,200.17505,147.191432653061,112.030318367347,85.8143540816327,95.5001887755102,359.264959183674,242.075212244898,68.3987742857143,306.08706122449,184.183431632653,205.006920408163,186.393273469388,171.892552040816,244.391076632653,148.483565306122,68.2305076326531,120.33392244898,46.2057323469388,215.371636734694,24.1659226530612,192.826231632653,340.918714285714,454.305583673469,256.916187755102,353.16982244898,259.773201020408,145.266036734694,79.9260316326531,166.922203061224,75.1324734693878,58.1953867346939,193.646116326531,184.452555102041,172.849371428571,385.278706122449,189.031478571429,339.286608163265,229.590881632653,267.596058163265,42.2465111428571,67.9672897959184,94.8094979591837,93.3315816326531,79.8700051020408,41.4644602040816,96.1418448979592,97.7376540816327,122.289209183673,43.3082575510204,84.4389897959184,172.788641836735,127.009256122449,83.884606122449,46.8827410204082,48.4101767346939,104.788134693878,58.1970304081633,156.284631632653,119.252796938776,33.762953877551,78.4790683673469,199.961279591837,122.588834693878,69.0765679591837,84.0274132653061,55.0149842857143,67.0145342857143,119.848897959184,132.988254081633,137.801837755102,68.7837446938776,57.7308571428571,119.304955102041,119.100852040816,306.422456122449,244.812026530612,112.818129591837,132.455381632653,123.991674489796,21.2823779591837,29.0967412244898,222.608330612245,70.2242856122449,46.6362826530612,127.339059183673,77.6199479591837,69.384787755102,177.292417346939,266.442403061225,89.3304224489796,110.154312244898,139.769795918367,72.6341659183673,101.069870408163,64.2996989795918,124.639107142857,137.914076530612,460.392103061224,229.020706122449,102.920886734694,118.699631632653,122.588301020408,118.73492755102,116.429675510204,62.1312720408163,59.0127220408163,57.7280873469388,137.783232653061,109.8044,63.0123012244898,144.65865,70.058893877551,159.53566122449,115.605987755102,48.6896463265306,29.0617630612245,102.026690816327,119.241091836735,90.0229030612245,73.9371173469388,324.527951020408,167.72285,47.5482979591837,53.0811165306122,100.001204081633,80.1849265306122,111.785102040816,101.269045510204,169.389163265306,77.5555918367347,104.646908163265,66.8631683673469,325.258991836735,190.264039795918,187.44167755102,190.686210204082,200.50482755102,44.4792204081633,59.7544306122449,97.3668112244898,99.4382336734694,143.193897959184,160.355652040816,145.964086734694,45.2078969387755,105.669602040816,87.3421367346939,62.2902087755102,207.878836734694,456.5181,335.395456122449,44.6810797959184,164.255181632653,99.4148897959184,115.265115306122,134.920566326531,156.512090816327,46.4350279591837,111.363352040816,104.1434,198.754903061224,67.4370187755102,304.800013265306,171.170232653061,198.690716326531,68.9865593877551,285.181989795918,323.668164285714,197.096335714286,308.502792857143,90.2494897959184,229.530826530612,158.995535714286,138.114909183673,31.0698328571429,108.70905,53.4209928571429,205.194215306122,64.5789526530612,45.0941108163265,75.3366693877551,78.4110989795918,162.758271428571,227.794475510204,414.660510306122,397.153305102041,392.777760204082,151.795462244898,49.5770065306123,51.2282334693878,230.781703061225,130.83972244898,140.097496938776,400.694196938776,168.203935714286,94.5113102040816,139.627201020408,137.908805102041,118.567454081633,128.963931632653,32.152526122449,471.823064285714,376.533457142857,398.999303061225,447.68755,299.420683673469,262.283525510204,238.39602244898,136.162113265306,205.913706122449,111.473278571429,87.8018530612245,47.7542259183674,98.371806122449,175.983013265306,98.073856122449,184.159714285714,156.203859183674,240.456671428571,297.029436734694,441.902581632653,185.963326428571,242.854451020408,203.141937755102,120.573678571429,111.670567346939,128.015520408163,125.742360204082,143.373397959184,214.842945918367,193.483924489796,451.952198979592,38.9893518367347,294.584086734694,78.5436010204082,128.103198979592,147.5859,93.1009,94.36965,95.8249,90.7206469387755,79.9319428571429,51.5966346938776,29.691303877551,37.2583514285714,67.6794316326531,327.178487755102,165.7979,147.689021428571,92.9183744897959,55.2925418367347,75.9797540816326,81.6999908163265,341.571787653061,495.573596428571,99.8375295918367,56.1383836734694,41.5030224489796,46.4861673469388,170.374515306122,252.310241836735,69.8350775510204,61.0283357142857,101.241939795918,70.7443989795918,67.0453867346939,359.510046938776,458.234082653061,316.465891836735,77.9255816326531,120.061845918367,150.899642857143,199.612303061225,224.542689795918,168.504913265306,137.124139795918,91.7977785714286,173.471531632653,185.724107142857,510.015385714286,127.179085714286,226.932690816327,183.307554081633,32.3854836734694,134.580315306122,218.447179591837,80.6644642857143,172.732104081633,162.821201020408,162.764058163265,219.426390816327,208.067115306122,37.5277083673469,59.8304255102041,47.0712134693878,60.3931891836735,190.69425,57.7064265306122,41.7689004081633,88.8360765306122,127.810748979592,126.360328571429,138.860628571429,134.859079591837,161.047468367347,181.400898979592,62.1027908163265,62.0957408163265,213.963570408163,63.9206112244898,69.4650846938775,121.134467346939,198.774040816327,156.836957142857,51.9233555102041,230.68352244898,78.211273877551,105.685132653061,115.971485714286,30.7138130612245,72.8075183673469,110.892125510204,116.242518367347,33.5215914285714,49.5117593877551,118.349909693878,161.775948979592,103.70255,203.636829591837,359.675791836735,132.432766326531,33.4139959183673,263.895430306122,294.324446938776,118.358725510204,175.308086734694,117.000614285714,45.7814618367347,85.3728836734694,105.803070408163,92.8064142857143,101.396898979592,102.366592857143,41.7856563265306,100.704213265306,81.2999479591837,91.3145673469388,90.7932795918368,102.134679591837,101.738255102041,161.100933673469,175.090457142857,160.722108163265,124.18847755102,127.072112244898,120.639687755102,119.846624489796,115.632219387755,168.740125510204,177.629407142857,75.9012642857143,53.6077051020408,58.8011755102041,47.6050725102041,58.9098610204082,276.072678571429,64.0424959183674,120.648976530612,43.0915046938776,34.6757208163265,76.9918346938776,95.7624030612245,31.0942589795918,210.265203061224,237.920396938776,116.22741122449,184.435425510204,214.647703061224,86.4963459183674,117.748809183673,135.405514285714,118.544942857143,20.0469066530612,179.242262244898,266.654706122449,255.028306122449,60.6850489795918,43.1972726530612,201.242675510204,104.040347959184,133.075404081633,293.794815306122,280.657823469388,277.935128571429,165.714552040816,181.723233673469,46.3840006122449,59.9968534693878,91.3591489795919,171.23007244898,277.369707142857,206.547381632653,134.886912244898,112.15758877551,131.655541836735,258.791231632653,157.324853061225,162.598493877551,36.6470908163265,21.9915908163265,124.898023469388,209.159626530612,82.7881612244898,94.2816806122449,128.341414285714,201.502321428571,105.49081122449,38.415912244898,72.408033877551,103.852421428571,145.994591326531,129.674360816327,107.664443877551,39.9227112244898,133.207357142857,236.857325510204,33.8538775510204,15.8107981632653,83.7241718367347,150.915956122449,138.697601020408,84.9118224489796,86.9788204081633,88.2658142857143,143.087952040816,152.769571428571,55.3015489795918,78.0245295918367,140.283145918367,139.961076530612,206.003189795918,130.924287755102,182.439893877551,121.231375510204,121.647425510204,185.09267755102,119.379987755102,78.1809828571429,73.1457632653061,132.34892244898,34.3932444897959,67.0992428571429,152.213188265306,175.723478571429,141.989776530612,56.8278285714286,119.024304081633,287.731029591837,102.273704081633,133.167690816327,128.364135714286,123.742560204082,142.776746938776,126.239986734694,94.2010479591837,202.020175510204,122.025343877551,119.266978571429,71.7698612244898,40.2821985714286,65.7612418367347,54.3542673469388,50.1211173469388,78.9601316326531,100.884474489796,72.1443724489796,142.077826530612,83.6305602040816,211.680943877551,45.610523877551,159.458620408163,149.444784693878,26.7957987755102,41.5534648979592,86.1768673469388,50.257306122449,51.7759816326531,80.2015969387755,60.9512132653061,77.4438540816327,81.3182204081633,67.5881989795919,72.071162244898,123.956104081633,107.209592857143,75.6093918367347,163.679498979592,122.001430612245,155.201112244898,267.897487755102,408.965683673469,118.77327244898,27.5538128571429,130.925313265306,149.008730612245,184.904858163265,187.573809183673,262.92725,409.126591836735,632.271160204082,114.051216326531,201.837713265306,50.20315,290.567365306122,308.940744897959,146.34753877551,115.603235714286,279.739951020408,455.699512244898,446.31948877551,82.6321795918367,68.1662397959184,63.519737755102,240.985212244898,157.770086734694,202.270279591837,107.972496938776,186.538007142857,370.476516326531,157.607469387755,127.005652040816,188.07486122449,338.690963265306,249.782571428571,227.196860204082,258.794758163265,196.077070408163,106.057948979592,115.779273469388,107.566015306122,85.0684030612245,260.7778,240.879982653061,103.08375,138.545062244898,176.45207244898,152.397670408163,75.0487285714286,44.8076493877551,29.484503877551,172.20012755102,147.673523469388,111.235353061225,242.067105102041,117.040186734694,82.5437744897959,267.102390816327,294.833156122449,112.767858163265,77.877693877551,122.304351020408,123.113875510204,121.171315306122,198.15667755102,134.493003061224,97.954568367347,94.6844295918367,87.7054704081633,292.755182653061,279.613266326531,295.622495918367,148.70647755102,88.6524591836735,110.106869387755,53.430143877551,97.2535744897959,43.5879885714286,104.52883744898,43.7954918367347,95.996628877551,79.9699887755102,287.65342755102,112.966956122449,190.741168367347,281.788436734694,231.506881632653,142.389812244898,170.493481632653,73.8651584693878,54.2221428571429,27.5497810204082,156.063746734694,103.05406122449,192.36076122449,132.960592857143,233.51643877551,140.701003061224,428.76605,218.65462755102,173.940055102041,66.3366048979592,126.349091836735,199.371062244898,205.092171428571,227.949176530612,199.539721428571,244.878940816327,166.581162244898,368.822184693878,177.170102040816,206.961105102041,319.767964285714,295.101870408163,103.131321428571,174.840826530612,89.5976336734694,165.340230612245,172.049432653061,78.0994959183674,80.7217765306122,140.368883673469,170.258731632653,252.710693877551,129.909973469388,103.477906734694,245.20842244898,85.3571785714286,107.482297959184,67.4019846938776,153.857832653061,287.758807142857,370.504447959184,232.619392857143,316.193884693878,322.18517244898,156.132968367347,388.888421428572,177.15787755102,120.617898979592,160.302260204082,61.8723551020408,152.084742857143,77.1774255102041,102.405170408163,69.899443877551,99.4906989795919,41.5606834693878,121.646585714286,75.0392163265306,117.553087755102,53.3246,108.421586734694,84.8195765306122,330.698824489796,99.8522193877551,175.225218367347,289.641051020408,260.641764285714,180.143336734694,338.586012244898,259.920118367347,108.238940816327,38.3565930612245,76.5602673469388,80.6445418367347,37.1557128571429,103.481130612245,65.5314489795918,101.176094897959,163.970169387755,140.978814285714,60.3455091836735,54.8925432653061,125.222968367347,217.790476530612,67.5976418367347,86.4162428571428,214.379059183673,203.629466326531,224.613253061224,452.018552040816,155.471956122449,195.739126530612,127.690670408163,82.5605428571429,38.7023281632653,199.7048,134.000712244898,133.63768877551,269.907193877551,228.974295918367,191.649703061224,188.960683673469,179.597313265306,165.895639795918,39.0989642857143,36.0102163265306,31.0731963265306,66.6067992857143,46.5887836734694,397.801148979592,56.4256778571429,206.317909183673,159.148780612245,266.652329591837,207.531643877551,199.495448979592,104.769596938776,177.556669387755,213.781260204082,263.384568367347,31.2922567346939,157.146976530612,155.225520408163,258.696359183674,213.886782653061,140.491033673469,82.4610520408163,126.725014285714,80.5808214285714,55.920377755102,65.207827755102,71.2791928571429,32.0928542653061,119.413652040816,96.5222989795918,215.549444897959,52.1923516326531,40.2793485714286,113.011051020408,173.825802040816,77.3167581632653,206.281117346939,393.9509,90.8440755102041,156.5572,178.873294897959,81.9402724489796,80.5673091836735,65.3594895918367,181.118141836735,47.2002048979592,53.9871320408163,50.2512820408163,166.176671428571,293.303605102041,271.121308163265,270.129003061225,288.121141836735,115.043683673469,56.8233275510204,63.1982765306122,69.8283102040816,137.236906122449,186.257934693878,68.7675397959184,49.5441846938776,98.9258331632653,36.9216953061225,157.058134693878,209.136324489796,271.950554081633,412.002717346939,305.965912244898,329.22147755102,406.664403061225,450.124112244898,407.566041836735,144.427028571429,147.294460204082,83.7519581632653,51.7025036734694,257.478010204082,130.501355102041,203.133990816327,176.711694897959,231.943063265306,243.224469387755,197.795242857143,98.9772367346939,101.423073469388,99.166437755102,172.049913265306,79.0337479591837,139.824289795918,63.8851928571429,155.273183673469,240.625463265306,74.2994071428571,31.7196946938775,58.8599857142857,113.15766122449,207.368373469388,164.090835714286,48.9871342857143,45.3619983673469,63.6490512244898,95.2276377551021,49.9904781632653,121.436691836735,136.496183673469,68.5967224489796,51.7364574489796,25.1994883673469,173.679365306122,340.117420408163,148.680728571429,164.965397959184,167.596603061225,186.02061122449,152.741441836735,403.559215306122,163.185746938776,69.7649581632653,214.152742857143,76.9740020408163,351.243910204082,149.537616326531,229.886158163265,71.7328071428572,69.9632571428571,74.7000551020408,93.3827081632653,86.0565459183674,100.283340816327,330.734769387755,311.771837755102,182.300485714286,100.599809183673,64.2906036734694,241.716613265306,156.464778571429,306.945081632653,243.285662244898,126.163368367347,165.737519387755,363.758507142857,264.598864285714,241.194657142857,288.710378571429,212.934920408163,269.716731632653,307.909752040816,183.171262244898,154.83912755102,177.436374387755,108.658204081633,114.457708163265,111.172741836735,145.444730612245,158.060246938776,44.2375718367347,54.8736230612245,118.067606122449,462.290896938776,263.28672244898,147.379584693878,213.070085714286,76.9524081632653,45.4941706122449,56.7150791836735,155.256131632653,140.505171428571,270.14055,205.540496938776,94.5932663265306,263.096735714286,163.940425510204,30.0872067346939,79.346093877551,77.5029724489796,33.3405646938776,121.159979591837,111.823290816327,95.3708387755102,155.820494897959,73.6874516326531,298.497287755102,79.7950397959184,263.357680612245,116.843371428571,196.503585714286,46.6947395918367,41.9410793877551,182.808665306122,161.905333673469,179.4021,84.3132020408163,34.5247763265306,51.6063602040816,21.9464218367347,133.773028571429,110.370626530612,102.429841836735,386.606206122449,131.228703061225,263.410847959184,191.982158163265,179.596794897959,117.486947959184,82.4990995918367,65.1514734693878,54.1240569387755,60.088986122449,176.902890816327,99.1816224489796,89.1216581632653,190.588034693878,176.293985714286,204.753404081633,139.799118367347,127.883065306122,75.2945326530612,112.36772244898,91.3176714285714,251.890560204082,140.568276530612,104.539725510204,169.843387755102,226.110574489796,150.545101020408,122.697269387755,52.70492,50.9194816326531,182.226074489796,99.3087693877551,69.9588826530612,39.8184675510204,139.451935714286,140.995785714286,261.023774489796,83.3682928571429,92.5885479591837,93.3350632653061,116.771132653061,66.3644020408163,44.7200173469388,79.055556122449,90.7662642857143,138.066379591837,88.8035969387755,308.507163265306,153.106121428571,212.965169387755,384.948830612245,118.141642857143,182.244286734694,294.736332653061,134.031960204082,188.681963265306,170.902557142857,39.4431795918367,140.666487755102,66.3103765306123,284.950059183674,70.3814704081633,71.3911720408163,56.3349530612245,84.0688214285714,82.6438397959184,61.6088846938776,35.2639775510204,236.04112244898,222.365635714286,121.543525510204,426.783385408163,428.638445918367,158.447293877551,259.781884693878,156.158720408163,85.5645908163265,50.2386734693877,314.250178571429,373.221358163265,205.88367244898,53.2669518367347,180.999155102041,161.73148877551,74.6057755102041,492.817783673469,408.150552938776,38.8385624489796,242.827070408163,226.811481632653,249.267830612245,150.848136734694,107.086425510204,111.337228571429,117.932204081633,245.977329591837,213.047432653061,193.728416326531,184.505073469388,232.285489795918,70.3917748979592,93.3553224489796,150.594907142857,318.967146938776,72.5344489795918,59.2256,46.942743877551,32.866766122449,120.178752040816,123.187540816327,80.2753806122449,176.735125510204,74.9067334693878,195.255680612245,148.013115306122,126.402158163265,217.82611122449,92.3820736734694,173.289098979592,145.781251020408,169.84185,112.0974,91.9332530612245,111.607823469388,195.430669387755,105.967426530612,170.701033673469,116.352064285714,50.4851551020408,118.723426530612,103.800659183673,57.2089040816327,64.886793877551,207.107260204082,184.22947755102,112.724904081633,69.5075142857143,94.2042551020408,107.284455102041,105.895010204082,139.372375510204,59.5429363265306,119.845754081633,53.754962244898,50.7977159183673,118.968037755102,105.337696938776,134.745015306122,106.182940816327,63.264306122449,108.459123469388,51.5679124489796,31.6030495918367,28.3173776122449,375.140332653061,249.342756122449,221.543151020408,67.5920826530612,108.459384693878,67.8499397959184,38.360453877551,49.2181210204082,72.6574581632653,86.2468244897959,59.1282173469388,100.102821428571,156.251085714286,120.38278877551,451.009594897959,96.9089397959184,57.3583887755102,97.8432306122449,177.406947959184,158.776186734694,166.022597959184,142.846074489796,99.162662244898,113.893758163265,232.591775510204,199.37415,268.201063265306,210.715314285714,205.625979591837,163.292291836735,123.01225,75.9972924489796,62.0154924489796,76.9400295918367,269.611398979592,226.255519387755,38.9215253061224,42.3524253061224,100.725359183673,117.299176530612,35.3990273469388,125.29917244898,150.432026530612,132.616678571429,63.7297526530612,146.108743877551,212.103891836735,379.489685714286,153.99688877551,148.29862244898,194.145206122449,187.979886734694,59.7382255102041,44.2793204081633,137.470833673469,130.819002040816,88.1560265306123,28.0511389795918,57.4993489795918,78.579562244898,79.977243877551,89.6826244897959,74.9316632653061,64.1619746938775,48.691777755102,89.2362836734694,102.068083673469,140.770457142857,291.753416326531,78.143667755102,215.947273469388,90.3850489795918,88.9866867346939,108.513,72.5600285714286,53.7685316326531,34.1616875510204,153.666114285714,49.8403542857143,59.6478034693878,58.5596534693878,152.220658163265,106.201533673469,114.949705510204,138.048107142857,234.920979795918,342.058263,166.611037755102,24.5564326530612,79.7684867346939,55.4685602040816,93.6757255102041,110.237148979592,236.541641836735,177.138703061225,51.6372434693878,172.074164285714,124.564956122449,61.8867936734694,75.8582142857143,79.8333142857143,87.7182142857143,148.143093877551,322.282463265306,152.042357142857,135.802216326531,159.31276122449,113.806870408163,76.6429,101.522652040816,80.8907724489796,85.9269469387755,281.491965306122,191.765562244898,142.797314285714,112.094668367347,190.107370408163,131.834042857143,124.694539795918,27.5689553061225,113.650860204082,84.8558887755102,125.655168367347,69.4836704081633,37.6198559183673,95.0488510204082,145.604071836735,81.7954289795919,118.963146938776,126.788792857143,151.551236734694,96.7033153061224,142.731994897959,146.210165306122,54.6211459183674,31.4750944897959,112.782863265306,131.17017755102,58.5416620408163,31.3390032653061,82.1337224489796,86.0511653061225,71.9518704081633,65.2503765306123,66.9453591836735,85.2217030612245,255.602660204082,71.1739642857143,134.273197959184,239.7478,115.579548979592,152.384612653061,37.3596418367347,47.5595534693878,21.6270128571429,54.3214673469388,49.02241,31.8770206122449,220.938586734694,57.9339028571429,47.0961524489796,171.110870408163,147.934810204082,49.9743912244898,81.413443877551,67.0556351020408,366.886133673469,270.436021428571,169.817836734694,162.042237755102,163.895733673469,88.2425857142857,135.439789795918,37.58973,83.1167132653061,165.254635714286,191.236270408163,62.8014204081633,108.916991836735,129.165695918367,178.416445918367,170.139765306122,154.469543877551,57.2406357142857,94.3410744897959,18.7413675510204,210.557764285714,152.289533673469,245.152607142857,142.723604081633,50.7779526530612,103.081924489796,204.20207755102,185.472054081633,191.941459183673,74.1234634693878,151.555425510204,274.95672755102,198.371740816327,182.639081632653,163.689284693878,124.290836734694,158.529991836735,139.955845612245,172.442395918367,177.776196938776,62.6998032653061,73.6960948979592,31.5132614285714,61.6756,315.918990816327,258.032321530612,396.142810204082,360.343012244898,135.921248979592,292.147136734694,181.156375510204,54.5300204081633,59.6278346938775,139.071870408163,86.0736285714286,121.794151020408,44.2657589795918,31.4487432653061,109.409805102041,160.348410204082,356.749155102041,229.178370408163,184.399840816327,164.008251020408,229.706953061224,101.705197959184,164.365471428571,235.043953061224,199.767587755102,210.367342857143,159.260383673469,189.231140816327,227.071365306122,271.991294897959,255.193035714286,671.238621428571,321.684644897959,227.460394897959,152.087759183673,183.631213265306,181.427385714286,108.320785714286,83.1575112244898,155.300996938776,159.203192857143,184.192486734694,199.173796938776,81.0613142857143,86.9960642857143,103.172042857143,56.7228553061225,75.364102244898,74.6237336734694,40.5618244897959,57.4153153061224,75.0027224489796,85.605353877551,103.12486122449,102.513703061224,59.0956626530612,161.466432653061,279.909981632653,291.54822244898,172.15045,161.492785714286,261.234497959184,101.860073469388,147.016233673469,182.926962244898,208.921348979592,272.612231632653,156.852030612245,195.993151020408,134.299808163265,90.4259408163265,157.82745,63.3204167346939,94.7937367346939,226.388136734694,82.0934008163266,63.1123329591837,104.221826530612,213.676703061225,171.106568367347,177.324960204082,143.089255102041,64.8660173469388,179.306528877551,183.175836734694,116.524206122449,167.549673469388,207.59022755102,196.078985714286,130.867245918367,85.6717346938776,105.662654081633,59.520146122449,13.3032148979592,72.5073765306122,46.953177755102,31.5617355102041,71.8879489795918,54.8687410204082,83.814168367347,123.032481632653,117.756566326531,155.725824489796,178.74987755102,37.6829,49.6586489795918,67.4947275510204,62.8830387755102,107.172365306122,46.2270906122449,32.6837353061225,153.488795918367,88.6584397959184,41.9948114285714,107.324347959184,323.38722755102,268.400193877551,230.18285,132.427154081633,109.118066326531,205.353637755102,205.053437755102,206.290887755102,158.706495918367,142.145347959184,145.107890816327,163.486356122449,74.3259418367347,80.1590397959184,196.001232653061,219.325801020408,349.305371428571,64.8033591836735,63.2560540816327,205.626464285714,359.753511938776,311.676467346939,430.087969387755,179.09312244898,172.084821428571,119.422104081633,103.115736734694,101.513798979592,209.972052040816,87.0790704081633,72.1681326530612,60.2639197959184,77.0474214285714,52.896246122449,56.2438471428571,35.4782683673469,63.0400010204082,237.21756122449,88.2714734693878,181.388263265306,141.619416326531,46.0034687755102,221.21203877551,176.498047959184,237.182332653061,372.423816326531,152.563430612245,336.691780612245,267.846232653061,276.957655102041,119.166733673469,194.525259183673,253.66727755102,49.439506122449,118.339771428571,126.960086734694,138.130223469388,110.416097959184,98.1640857142857,161.568168367347,67.70275,174.168347959184,61.2074693877551,164.513817346939,108.25265,83.7358602040816,186.433026530612,147.64046122449,186.826164285714,285.855210204082,256.434986734694,174.597324489796,119.238854081633,135.321945918367,290.099013265306,108.011380612245,77.7733265306123,82.8693714285714,57.5316881632653,134.136654081633,285.915937244898,116.954964795918,120.398396938776,86.8475183673469,264.905067346939,248.733346938776,146.547091836735,127.462691836735,136.078278571429,57.5985742857143,68.8594959183674,92.4590510204082,52.7800357142857,101.97137755102,176.137663265306,96.6474591836735,153.049736734694,72.8715316326531,71.7914816326531,113.350083673469,101.834941785714,73.5854459183673,66.2070551020408,81.2970040816327,136.132117346939,60.9051030612245,115.667133673469,85.3942418367347,130.538476530612,113.166290816327,145.920384693878,82.0014632653061,126.593382653061,139.520033673469,95.6769326530612,112.346463265306,190.258731632653,27.54317,34.6148953061224,96.2473163265306,74.4294653061225,88.9347030612245,135.013086734694,213.004142857143,62.5408714285714,129.992134693878,255.737296938776,294.363092857143,121.953317346939,137.258131632653,87.2671551020408,108.199123469388,119.739319387755,133.174620408163,104.193648979592,115.171406122449,183.631332755102,112.494714285714,417.270258163265,204.200725510204,80.1740479591837,103.489266326531,75.1803357142857,242.070789795918,81.0823785714286,69.7196132653061,43.597642244898,30.5561257142857,144.580626530612,255.420720408163,281.630715306122,171.238582653061,114.040595918367,274.048633673469,459.628690816327,188.939979591837,135.150432653061,408.40827755102,433.112333673469,213.966520408163,348.197996938776,308.417416326531,180.232057142857,218.01702244898,53.99572,138.235768367347,109.707107142857,72.38525,121.746467346939,200.094553061225,74.0147540816327,136.527084693878,56.6086479591837,92.551243877551,72.6239948979592,144.090445918367,72.9144948979592,106.088717346939,125.928583673469,34.554547755102,38.0515795918367,201.760092857143,356.377067346939,142.218326530612,175.823142857143,33.80355,51.9557234693877,40.9647375510204,49.6024889795918,123.098329591837,190.395787755102,177.460307142857,139.656525510204,266.583346938776,349.480146938776,144.733980612245,475.880543877551,325.706936734694,161.362669387755,48.6897642857143,160.148607142857,113.881943877551,65.1014408163265,67.8485112244898,109.203495918367,50.3419665306123,127.832041836735,88.3057428571429,255.167654081633,116.924785714286,159.165991836735,83.7543377551021,214.573416326531,130.440244897959,143.556934693878,166.79045,184.327076530612,153.135724489796,55.980043877551,400.492447959184,165.343407142857,52.1427971428571,53.8580087755102,160.243863265306,260.455152040816,320.549862244898,282.961701020408,263.585701020408,333.156709183673,351.035236734694,350.476086734694,132.111085714286,178.069128571429,145.650264285714,200.246636734694,62.9265479591837,212.847756122449,29.2727487346939,220.559001020408,321.063676530612,107.711586734694,91.4441193877551,296.069998979592,230.546489795918,199.524084387755,384.411290816327,338.133468571429,340.139044897959,255.086326530612,218.842615306122,307.247578571429,251.85667244898,37.7688614285714,85.0761887755102,160.376057142857,187.095140816327,93.1541591836735,225.727081632653,173.817541836735,105.12177244898,56.0986979591837,112.072191836735,46.4188402040816,206.884379591837,146.226006122449,51.2373110204082,70.4827040816326,289.871194897959,122.698148979592,114.057143877551,210.787171428571,76.5040183673469,94.6941071428571,127.560359183673,99.2391306122449,218.252430612245,146.327408163265,144.868301020408,127.839998979592,146.464348979592,115.606409183673,104.245286734694,122.506359183673,357.622173469388,137.703363265306,144.805884693878,172.253651020408,55.2869244897959,150.913069387755,182.230410204082,250.019592857143,73.1772663265306,140.455371428571,256.070579591837,117.742607142857,249.133551020408,263.605681632653,83.9357316326531,64.2463744897959,88.3531408163265,135.141680510204,81.9779051020408,167.923933673469,101.672752040816,118.691975510204,257.112031632653,178.856685714286,216.813207142857,208.006064285714,117.83983877551,300.528762244898,195.354737755102,209.233415306122,200.162555102041,147.733866326531,238.544241836735,381.186669387755,48.1716163265306,248.099603061224,244.511166326531,172.150289795918,215.587767346939,62.9229704081633,77.1407295918367,130.143385714286,227.400469387755,132.866216326531,106.36747755102,145.107850102041,165.361641836735,85.2453489795918,60.2776051020408,72.4676265306123,77.4496295918367,39.9505631428571,232.052704081633,110.900831632653,96.8451642857143,177.333021428571,223.284919387755,221.09407755102,215.84685,54.4784683673469,306.072141836735,321.377430612245,62.9655418367347,65.5255581632653,82.2561959183674,148.452566326531,199.883107142857,221.61257244898,197.369595918367,117.215457142857,113.823374489796,87.6637540816327,22.4991168571429,59.9651908163265,79.6219867346939,107.328874489796,85.6360897959184,162.43533877551,45.3125230612245,81.7543234693878,165.685245918367,138.092487755102,268.24953877551,98.3189877551021,109.488978571429,142.35448877551,78.3269785714286,46.3203320408163,185.792293877551,160.501447959184,372.103785714286,164.518883673469,136.832570714286,44.6709934693878,38.511387755102,69.0561724489796,68.7808408163265,63.5784663265306,61.9525163265306,98.4878081632653,107.228496938776,171.328694897959,111.9918,198.063364285714,244.114642857143,320.048012244898,134.625820408163,93.7901918367347,101.947787755102,60.3345569387755,223.850848979592,171.398021428571,187.035296938776,157.58892244898,197.23381122449,107.228807142857,144.543692857143,331.805237040816,355.511146734694,184.809976530612,140.789482653061,124.710611122449,98.6308785714286,68.9586986734694,85.139106122449,33.898993877551,244.114914285714,181.533889795918,307.636623469388,110.613497959184,107.933983673469,141.053367346939,93.1759591836735,46.3604771428571,56.4453887755102,257.683347959184,384.709867346939,216.125510204082,98.6266469387755,119.981534693878,69.4545414285714,78.4630648979592,133.508784591837,77.3698529591837,77.91557,57.4311764285714,109.590402142857,35.0251775510204,28.8359740816327,131.041093877551,175.883374489796,224.546359183673,209.09601122449,222.475958163265,43.7348034693878,89.1107204081633,42.3832024489796,48.6245885714286,51.5080655102041,108.731832653061,27.3765995918367,236.107883673469,185.729796938776,96.9273071428572,127.981853061224,151.814957142857,80.7210367346939,101.923674489796,93.3028387755102,89.8598275510204,145.500103061225,219.381296938776,56.3981859183674,155.980832653061,56.9820273469388,77.2593877551021,54.4147397959184,48.2252412244898,219.882294897959,41.7637505102041,155.989004081633,96.9785275510204,92.57445,58.7463328571429,202.418919387755,228.149118367347,208.884052040816,74.4893928571429,181.520918367347,170.137131632653,166.906014285714,150.498978571429,96.0092653061225,197.997340816327,363.92545,143.466729591837,77.9112959183674,106.624231632653,318.622215306122,158.578258163265,85.6894806122449,263.552856122449,53.7666775510204,183.604847959184,103.122513265306,226.315552040816,250.942329591837,176.770460204082,217.796137755102,173.219601020408,224.609762244898,232.392662244898,83.1049153061225,285.810705102041,286.926828571429,88.3444214285714,124.788785714286,131.732682653061,145.858676530612,143.527425510204,239.068359183673,77.794352244898,64.2329857142857,53.0724346938776,124.980558163265,128.22175,150.5827,150.984558163265,159.986332653061,227.474347959184,272.539816326531,276.056880612245,237.766669387755,194.588775510204,116.421552040816,152.402407142857,52.7935524489796,83.982687755102,279.044909183673,83.2478142857143,126.325870408163,136.952406122449,41.1940710204082,39.9379316326531,145.403356122449,138.120853061224,164.120341836735,97.3029173469388,79.249737755102,126.864245918367,97.3054224489796,65.2274775510204,91.5464571428572,69.6669653061224,173.860857142857,117.46013877551,202.85832755102,62.0071397959184,113.071412244898,319.631617346939,271.600325510204,77.9367,161.776116326531,142.037282653061,409.16542244898,361.437515306122,288.733135714286,132.035330612245,143.782755102041,184.351719387755,44.535015,58.4338204081633,55.5617985714286,81.6803520408163,54.6747636734694,191.441565306122,177.665342857143,129.143142755102,189.412237755102,131.984502040816,108.188686734694,203.817079591837,97.5603591836735,60.8717904081633,22.1176518367347,17.8134168367347,24.424317244898,54.8374979591837,76.2784255102041,233.13377244898,61.1898048979592,84.1162397959184,34.3345608163265,53.9315983673469,53.6166948979592,47.8371075510204,42.6217163265306,94.8317744897959,64.0493816326531,81.3608765306122,211.808168367347,377.947110204082,68.6354010204082,123.484268367347,78.1686448979592,69.0249959183674,57.4468816326531,266.002066326531,21.0042904081633,129.401206530612,81.8070714285714,67.8161834693878,155.155497959184,62.7989102040816,215.323003061224,174.068551020408,376.791812244898,271.779407142857,106.916128571429,112.668003061224,169.226608163265,161.412636734694,240.746073469388,84.5138173469388,136.567196938776,196.670213265306,199.990524489796,165.506384693878,116.376008163265,197.668014285714,184.228494897959,172.684868367347,165.319385714286,327.368108163265,60.9309128571429,56.3136128571429,249.232380612245,225.156434693878,122.302384693878,60.1171183673469,39.5327881632653,63.7987214285714,102.69585,91.027606122449,88.6095755102041,60.1914102040816,86.3351989795919,80.9000295918368,259.465704081633,270.777706122449,375.809315306122,227.552129591837,217.537918367347,234.601262244898,88.0997663265306,131.114619387755,67.9103612244898,79.6276867346939,82.8577142857143,90.5527683673469,102.515896938776,572.486472448979,448.692753061224,85.8459989795919,116.67385,145.230518367347,16.6649542040816,46.1846197959184,51.2972436734694,72.5758673469388,120.934163265306,308.473173469388,189.882076530612,318.419723469388,147.651640816327,55.3729163265306,114.709251020408,94.6422744897959,100.463217346939,45.9665071428571,35.0176355102041,35.1906879591837,48.6678163265306,93.3974826530612,59.1596010204082,85.7483265306122,165.80898877551,228.807568367347,139.9442,81.0999959183674,102.053881632653,218.409328571429,119.65327244898,217.76027755102,137.314678571429,172.938804081633,235.037883673469,180.916954081633,73.8131397959184,152.589470408163,154.964108163265,327.589624489796,335.13653877551,274.973940816327,237.998315306122,123.437046938776,140.405296938776,119.588446938776,102.523955102041,376.105202040816,141.807494897959,101.499509183673,245.375689795918,277.680954081633,147.869415306122,160.76658877551,200.023420408163,144.738431632653,129.304919387755,125.939592857143,381.772152040816,160.895851020408,162.098667346939,95.9217224489796,209.751613265306,59.6691295918367,115.30962244898,105.567648979592,56.3042142857143,57.7740218367347,259.989523469388,170.369333673469,421.173206122449,184.957878571429,283.051935714286,301.194465306122,208.512037755102,187.679384693878,223.716375510204,129.762736734694,127.240493877551,117.201123469388,117.07602755102,209.079339795918,83.7808479591837,242.569744897959,235.78283877551,98.9918,98.5704653061225,105.000448979592,71.812043877551,76.5261214285714,35.0686569387755,50.9166983673469,110.680496938776,102.537226530612,117.736102040816,113.28502244898,193.483406122449,387.230217346939,105.578035714286,68.2299832653061,62.3449269387755,64.2163289795919,68.901218367347,154.943326530612,108.230337755102,74.1137112244898,53.3147010204082,127.808113265306,115.579309183673,67.9769867346939,50.5891995918367,45.3002663265306,33.7901710204082,91.5418540816326,39.1497824489796,86.9862377551021,98.6482826530612,143.522770408163,165.303023469388,112.067957142857,86.6252578571429,42.0967391836735,58.628,263.592878571429,50.0616459183673,89.0390081632653,94.5173326530612,242.698736734694,146.166876530612,81.223543877551,42.1362642857143,144.335723469388,199.261075510204,171.198010204082,54.4634,576.415996938775,104.0133,154.559367346939,62.0803204081633,181.31585,134.691412244898,291.315608163265,120.947275510204,99.2034857142857,91.3196826530612,120.364328571429,71.5696281632653,163.768053061225,99.9246469387755,111.799879591837,87.7179806122449,289.08715,201.482580612245,163.807929591837,345.281919387755,272.715301020408,102.30477244898,62.951306122449,110.115834693878,47.2497553061225,74.8573102040816,111.961612244898,55.4375685714286,190.427073469388,149.653295918367,56.7558112244898,111.362371428571,206.973518367347,213.776793877551,37.3315580612245,197.504990816327,67.6144724489796,13.0251379387755,259.119355102041,114.439315306122,95.2795959183673,137.392620408163,75.5367395918367,150.024541836735,104.673067346939,121.468178571429,160.830182653061,263.785009183673,329.469153061225,349.972703061225,43.4520773469388,132.68747244898,286.067883673469,28.818822244898,27.459886877551,179.716909183673,225.47748877551,151.915732653061,107.138206122449,76.5770783673469,127.24985,82.9279357142857,27.6161430612245,123.863364285714,113.338465306122,41.7202732653061,80.2577163265306,29.6797832653061,53.9683418367347,126.751221428571,75.4787969387755,63.2496979591837,55.5625255102041,87.0976857142857,87.5734335714286,72.8770979591837,104.00701122449,140.229810204082,117.028389795918,99.647543877551,52.6401834693878,310.383223469388,210.757604081633,256.637157142857,239.37205,80.8686989795918,376.853729591837,353.525334693878,144.922762244898,94.895093877551,129.946117346939,159.862496938776,127.275015306122,306.413635714286,70.6202348979592,35.9662732653061,69.5990989795918,73.8962948979592,73.7694255102041,77.0106204081633,165.935154081633,84.7589214285714,174.269940816327,96.4957091836735,40.2843665306122,66.9199540816327,189.456029591837,146.059798979592,151.840062244898,162.347573469388,234.497763265306,226.3015,142.313064285714,194.154614285714,48.9424193877551,280.411836734694,249.844172653061,290.239871428571,239.031128571429,138.576669387755,63.9090255102041,138.635912244898,150.026587755102,103.623568367347,179.559645918367,138.900262244898,105.689329591837,94.318918367347,140.803007142857,61.3926193877551,105.243662244898,57.1573989795918,128.739080612245,201.064845918367,101.378942857143,201.120252040816,189.971263571429,200.515164285714,181.368269387755,147.610326326531,73.2920118367347,62.4056551020408,343.793179591837,67.6482714285714,105.913524489796,180.17635,115.58332755102,94.5582653061225,104.168344897959,50.010586122449,48.3594832653061,218.419307142857,218.758690816327,289.223965306122,83.1189295918367,287.576040816327,357.907765306122,211.195023469388,243.862881632653,182.758610204082,79.0330469387755,160.131980612245,131.212841836735,129.219914285714,152.238880612245,260.336456122449,374.009092857143,433.868636530612,444.223397959184,113.56415,82.5231704081633,50.4885377551021,46.2419708163265,105.219431632653,97.194087755102,135.808786734694,82.8865734693878,87.7883704081633,100.721320408163,89.3198875510204,50.2319057142857,58.3295526530612,115.150163265306,88.4440173469388,65.3935104081633,78.0472102040816,131.397424489796,90.4360377551021,38.0814728571429,116.701028571429,109.192794897959,118.904603061224,118.35587244898,106.560369387755,108.02885,140.737851020408,95.6948469387755,37.7316606122449,264.66847244898,184.833439795918,240.262702040816,100.260148979592,91.9044173469388,102.658212244898,116.198714285714,62.6379612244898,149.943918367347,126.900516326531,185.845466326531,56.1084744897959,51.3254836734694,78.0232551020408,84.0899469387755,191.655005612245,195.435163469388,157.724114285714,66.8599428571429,47.8485548979592,399.444867346939,322.598403061225,137.00127244898,79.5281959183673,194.55225,93.622687755102,72.8616581632653,153.50138877551,114.616137755102,220.817296938776,210.454037755102,232.090135714286,71.3155908163265,156.672113265306,159.372442857143,48.8209989795918,47.519731122449,62.4699948979592,74.6274255102041,85.3057765306122,85.5145020408163,72.4596397959184,26.1360144897959,156.826486734694,169.378255102041,228.698910204082,120.14147244898,101.085991836735,54.2009151020408,20.3228187755102,281.27211122449,193.043009183673,163.140764489796,159.959476530612,154.997043877551,116.381480612245,39.84004,166.870621428571,224.541542857143,121.683269387755,107.667666326531,191.534484693878,125.845946938776,136.408653061224,106.863620408163,68.5869244897959,72.9625193877551,228.624004081633,184.061774489796,105.69591122449,76.1903112244898,129.220708163265,157.175453061225,128.384234591837,130.816106326531,135.392778571429,116.425217346939,225.918621428571,165.677790816327,129.173702040816,91.2272459183674,113.211202040816,64.0102255102041,162.036442857143,194.477686734694,292.749584693878,281.625937755102,168.421284693878,278.933510204082,228.04522755102,81.0663673469388,73.8052224489796,232.065965306122,68.3653265306123,197.401129591837,80.7749908163265,53.2344885714286,257.58142244898,243.106862244898,296.071414285714,134.392792857143,280.453470408163,391.413845918367,136.60757755102,41.9278371428572,105.897217346939,95.5142785714286,14.2090776122449,67.105843877551,46.297612244898,193.011053061224,206.182864387755,203.544985408163,147.356542857143,189.858535714286,167.27871122449,169.600791836735,128.131971428571,147.843224489796,98.680187755102,128.941990408163,101.411513265306,146.252823469388,182.17147755102,282.46315,292.587005102041,369.169228571429,250.348380612245,209.978990816327,146.114879591837,92.6405714285714,140.132733673469,136.709635714286,130.517790816327,107.26596122449,113.65502244898,113.760129591837,79.0678479591837,26.3289691836735,89.5930663265306,73.5846295918367,192.951790816327,23.3466071428571,101.019906122449,151.999454081633,262.800552040816,60.4038506122449,133.269128571429,104.761273469388,98.8047408163265,91.7203224489796,191.365254081633,202.995324489796,155.111302040816,250.184490816327,90.1875663265306,32.3222642857143,216.436375510204,92.8720918367347,270.539416326531,192.885525510204,273.523454081633,220.329303061224,54.0650457142857,124.451475510204,212.295130612245,163.699913265306,113.825956122449,54.836737244898,69.9672346938776,93.8493214285714,151.178823469388,85.9439193877551,97.3707979591837,130.346218367347,70.2109632653061,71.0785693877551,88.2444526530612,194.487508163265,88.0179724489796,70.7717632653061,136.870765306122,111.243833673469,107.587485714286,303.988854081633,356.012335714286,241.539262244898,92.7332387755102,104.148643877551,175.46708877551,312.586024489796,123.517007142857,80.0352326530612,135.303368367347,150.735955102041,313.085092857143,160.213232653061,232.714924489796,168.389140816327,180.843897959184,140.054663265306,123.283318367347,118.810917346939,74.6338857142857,276.23022755102,215.752351020408,219.701106122449,197.563354081633,148.291532653061,46.4005281632653,97.5520255102041,121.416866326531,73.4399051020408,71.3060285714286,82.0989765306123,235.485130612245,133.804904285714,94.9686408163265,103.465069387755,100.67868877551,293.15603877551,143.056156122449,139.992967346939,32.5970679591837,61.0900867346939,264.563901122449,72.596127244898,104.646554081633,80.9912887755102,69.9975734693878,177.303998979592,256.449653061225,240.241695918367,299.254368367347,78.8914612244898,92.5221948979592,28.10135,45.4486095918367,215.74477244898,128.28445,206.25587755102,152.145460204082,32.3313681632653,284.851920408163,27.4025602653061,149.415339795918,298.250042857143,68.2352887755102,33.5506093877551,165.384475510204,236.430315306122,221.730234693878,319.831042857143,199.305503061225,406.604301020408,170.684090816327,225.723794897959,138.691628571429,185.513539795918,125.381128265306,89.54085,77.4198816326531,92.2985357142857,18.1671159183673,25.4739185714286,415.009237755102,493.663732653061,314.669683673469,188.635754081633,186.039887755102,166.027679591837,158.087728571429,109.130044897959,243.675922755102,166.39922244898,251.576623469388,125.878616326531,42.4609651020408,108.14443877551,96.53785,174.245467346939,150.470981632653,123.244613163265,190.135612244898,48.1741702040816,46.7709063265306,207.301268367347,465.216578571429,125.865634693878,128.147041836735,136.362660204082,222.254839795918,157.008133673469,54.1332169387755,59.1000063265306,102.168467346939,138.315931632653,58.0498369387755,96.9046540816327,98.6921785714286,183.503290816327,117.583073469388,96.9449642857143,109.38028877551,173.825133673469,135.572774489796,70.741187755102,86.0444418367347,118.823604081633,39.7146869387755,66.6165418367347,104.391621428571,59.5035295918367,43.4090628571429,44.9376295918367,106.585489795918,177.521576530612,143.082503061224,233.721217346939,138.718354081633,110.868980612245,112.74827755102,187.853463265306,184.441509183673,255.819613265306,124.797396938776,106.154691836735,120.300695918367,111.862471428571,41.4422159183674,51.5956659183674,123.060770408163,75.57425,135.657624489796,175.617874489796,171.152067346939,164.32693877551,179.197503061224,168.021060204082,118.180869387755,44.6472718367347,70.1293924489796,129.435169387755,84.8284391836735,113.14705,135.392618367347,115.005115306122,46.651542755102,32.6411814285714,95.5227367346939,66.0595989795918,56.9192839795918,34.4959026530612,45.6060387755102,17.5553226530612,33.7579632959184,34.404311255102,52.0539724489796,87.9165469387755,85.1610040816327,79.1664102040816,258.329539795918,266.551107142857,98.4194959183673,96.2196918367347,206.731424489796,145.372483673469,149.705523469388,200.197668367347,138.250062244898,180.399871428571,174.365039795918,254.617676530612,91.4049989795919,171.624914285714,88.0717510204082,35.4263159183674,266.074869387755,112.968609183673,226.392473469388,138.671192857143,127.915754081633,139.864787755102,245.568854081633,166.892565306122,290.061296938776,174.41127755102,91.5319887755102,133.760242857143,214.06621122449,151.833275510204,379.49907244898,314.126884693878,204.630468367347,194.141697959184,157.787815306122,183.952559183673,109.101635714286,62.4237973469388,160.80022244898,206.919039795918,48.8010971428572,75.4583032653061,74.2803591836735,90.7065959183674,35.4977475510204,25.7683625510204,253.251642857143,157.616093877551,131.400134693878,161.766171428571,98.1419540816326,106.745389795918,116.762828571429,73.3105816326531,138.847720408163,96.4304806122449,106.955263265306,116.620394897959,81.6924489795918,85.7873346938776,90.8619683673469,49.4752224489796,55.7413132653061,34.0481120408163,79.6240224489796,78.3534755102041,59.9674732653061,75.3719510204082,130.829715306122,231.984835714286,99.9230244897959,41.9382904081633,110.166835714286,133.604239795918,111.768848979592,100.059891734694,169.377261428571,334.971006122449,173.953455102041,263.973136734694,337.434146938776,316.934853061224,229.486758163265,137.998282653061,96.9012336734694,69.7529234693878,92.1996030612245,73.3039265306122,158.858136734694,173.945531632653,306.407237755102,187.596290816327,278.853508163265,263.461818367347,106.242676530612,105.437813265306,184.107326530612,119.629035714286,268.979213265306,325.191809183673,102.459017346939,475.301615306122,162.991530612245,112.458326530612,61.1465183673469,185.038783673469,169.246065306122,13.9825570408163,77.4215142857143,45.6975102040816,35.7512740816327,141.765976530612,103.83355,89.5749306122449,28.0258971428571,131.004615306122,126.116147959184,74.5419734693878,95.8420224489796,25.1192648979592,125.72553877551,75.3560071428572,123.764444897959,88.3399418367347,86.0712367346939,361.096269387755,220.086066326531,145.706301020408,206.025135918367,216.361659795918,19.3436042857143,90.6844112244898,91.2881377551021,128.668043877551,43.8387904081633,116.830832857143,79.2408193877551,153.377866326531,156.315587755102,111.308946938776,172.850813265306,174.952205102041,99.807187755102,46.4058857142857,90.9472428571429,57.0554653061224,71.0027551020408,153.822630612245,148.898389795918,153.182707142857,155.125707142857,298.427190816327,220.048660204082,284.311641836735,126.28797755102,121.113709183673,108.44987244898,155.190451530612,84.8528255102041,49.1964968367347,82.2051465306123,284.257330612245,89.6307346938776,171.743260204082,35.1522295918367,32.5794402040816,62.1945775510204,58.3747920408163,223.962097959184,83.0290887755102,456.815662244898,241.653717346939,109.530474489796,188.943220408163,156.077195918367,202.133614285714,404.848286734694,206.467778571429,202.015797959184,104.443195918367,114.436921428571,108.187839795918,89.6677367346939,91.9297816326531,66.4895377551021,126.391831632653,204.407556122449,258.408010408163,285.648691836735,302.815721428571,293.332183673469,77.0006857142857,348.69916122449,305.483598979592,256.65185,49.2974473469388,116.620169387755,88.9761418367347,286.836647959184,362.964881632653,139.917860204082,129.869847959184,195.541758163265,55.1518034693878,68.7603183673469,203.10512244898,154.162989795918,161.548031632653,157.505487755102,139.258575510204,132.612582653061,129.738339795918,133.584320408163,119.164742857143,187.983263265306,278.144676530612,192.233574489796,124.365008163265,81.0853755102041,152.118112244898,52.8124755102041,52.1438597959184,23.5154020408163,99.5076051020408,91.5853642857143,109.664360204082,145.166129591837,90.191556122449,80.8070469387755,239.283446938776,125.187764387755,61.6878306122449,128.057962244898,27.2912767346939,61.5030591836735,26.5014346938776,101.804031632653,181.978533673469,138.684667346939,94.7904642857143,100.687674489796,92.9417632653061,175.392234693878,262.850755510204,89.5762602040816,93.3738204081633,143.956645306122,180.633135714286,122.539315306122,194.317518367347,95.8206918367347,382.505604081633,151.463545918367,227.914740816327,29.8647793877551,19.2375653061224,134.72547244898,140.523985714286,256.287407142857,113.502093877551,55.6565736734694,103.468545918367,220.557303061225,125.428005102041,243.193093877551,254.389571428571,226.315740816327,244.689275510204,125.280391836735,107.391933673469,92.3612346938776,65.6266048979592,44.4680624734694,106.17752755102,82.2760326530612,115.424998979592,158.746887755102,152.687789795918,133.720356122449,161.057560204082,76.4403265306122,161.534409183674,32.4312730612245,59.9175673469388,114.434484693878,171.186504081633,201.258254081633,273.879044897959,224.396356122449,212.186264285714,227.656386734694,17.1677689795918,39.0868848979592,47.0445820408163,39.0590320408163,81.0377601020408,92.4963357142857,85.2604714285714,90.4822571428572,179.965075510204,96.5558836734694,48.1848240816327,76.1646897959184,195.82468877551,225.588566326531,95.2605908163265,24.1755485714286,227.486085714286,92.6998071428571,72.4936704081633,124.164763265306,133.286447959184,179.241606122449,238.930048979592,437.745246938776,196.447340816327,203.805157142857,293.188947959184,143.643658163265,110.872782653061,200.169414285714,168.545785714286,61.6663071428571,82.5174408163265,70.1959518367347,70.6551132653061,141.630439795918,175.68898877551,321.232906122449,122.862775510204,64.2631612244898,72.8580826530612,79.9725214285714,60.4687979591837,59.2177689795918,108.999954081633,154.229752040816,167.436103061224,264.701651020408,127.510732653061,76.5747928571429,51.4303914285714,190.085742857143,194.390004081633,132.193045918367,111.322662244898,85.6952010204082,129.993995918367,185.821639795918,234.33121122449,23.3019156122449,163.374937755102,213.941479591837,228.186452040816,110.109523469388,146.053154081633,123.326073265306,74.7020642857143,96.7309795918367,89.8104357142857,81.2758612244898,110.446056122449,107.387290816327,268.410583673469,132.57368877551,81.013912244898,177.95235,125.144710204082,157.312023469388,92.7935744897959,190.760536734694,49.0976718367347,171.652960204082,219.090806122449,200.071712244898,117.146554081633,57.5661632653061,72.6074765306122,97.4699714285714,119.97991122449,136.432220408163,409.860208163265,160.079754081633,151.115876530612,205.183978571429,216.237310204082,196.212186122449,155.162573469388,157.357241836735,101.341741836735,104.290228571429,148.116259183673,113.891373469388,92.7757071428572,67.0640285714286,211.878314285714,98.572912244898,51.6688216326531,106.611504081633,53.2519693877551,100.623006122449,130.243240816327,67.9661448979592,120.556657142857,58.6231795918367,316.840879591837,226.474686734694,134.759869387755,267.529958163265,119.192486734694,226.099757142857,95.5251285714286,114.117908163265,152.436915306122,137.826125510204,95.4061183673469,141.108179591837,151.194473469388,222.975968367347,84.1529775510204,58.3596959183674,52.4510459183674,97.5833071428572,101.353357142857,268.929148979592,406.197223469388,168.470080612245,91.8022704081633,196.369074489796,212.303908163265,148.868316326531,292.641018367347,88.0118295918367,97.9104795918367,144.909497959184,172.639126530612,174.826963265306,261.683598979592,88.9772193877551,156.095553061225,370.751871428571,136.961110204082,410.178892857143,291.503114285714,350.088093877551,99.6399908163265,141.170346938776,186.994136734694,220.563962244898,44.0858193877551,41.0059534693878,113.334435714286,182.499836734694,176.517747959184,101.703901530612,384.762955102041,90.2750102040816,227.772159183673,292.784862244898,189.480381632653,131.356635714286,139.577785714286,155.136620306122,64.7641448979592,161.077883673469,171.165041530612,138.383169387755,32.2398759183673,69.2446520408163,222.806266326531,228.867017346939,135.531594897959,84.7543153061225,116.046968367347,140.348948979592,75.5131459183673,92.9652428571429,61.0591612244898,67.2783887755102,65.2053846938775,33.9037367346939,32.9637174285714,30.6545674285714,29.1345540816327,28.2277983673469,41.8280287755102,53.7914855102041,137.059457142857,206.640529591837,90.1923653061224,165.762940510204,179.246195918367,207.970107142857,154.335394897959,80.9916040816327,72.9355163265306,101.309905102041,103.591741836735,100.781051020408,228.910033673469,613.668351020408,112.044815306122,21.9393579795918,52.4108010204082,58.3070928571429,38.376867755102,337.577191836735,256.149936734694,139.703075816327,123.810105408163,123.068396938776,130.867190816327,112.20098877551,179.344995918367,105.031987755102,132.49903877551,350.376239795918,377.907887755102,143.224892857143,252.857601020408,440.56422244898,46.539567244898,160.332145510204,148.222348979592,60.1568693877551,46.7134271428571,115.419404081633,24.2480708163265,73.734218367347,255.706332653061,161.842785714286,164.28988877551,152.322680612245,58.4762234693878,87.5684265306122,38.5113297959184,47.4555032653061,76.5242571428571,82.2750448979592,74.5588040816327,58.8696846938776,126.611071428571,79.9510755102041,396.18528877551,56.9500734693878,168.881418367347,191.097642857143,177.701869387755,112.468948979592,102.256241836735,177.591194897959,143.368499591837,86.3108857142857,71.8432704081633,139.831592142857,114.109645918367,233.120437755102,90.6898204081633,117.080533673469,107.907342857143,26.2583828163265,52.9685173469388,136.198280612245,84.4377163265306,37.0397846938776,48.3694385714286,227.33688877551,187.985062244898,153.468207142857,268.112730612245,212.569825510204,69.8224142857143,39.1639720408163,83.0144357142857,53.5323824489796,95.8788632653061,61.6447357142857,59.4473044897959,83.6595091836735,132.735390816327,286.216946938776,298.636307244898,128.077625510204,82.1383112244898,76.9725255102041,73.7148887755102,23.2046773469388,172.182971530612,220.364496326531,93.4232826530612,155.703460204082,148.498486734694,317.22153877551,276.047623469388,69.4297353061225,109.64442755102,152.183396938776,60.4896073469388,77.3465948979592,48.87242,77.5402755102041,91.5037265306123,69.6787030612245,30.2132632653061,104.928508163265,134.232198877551,107.82742755102,73.1908673469388,101.384764285714,219.727744897959,227.279137755102,259.447243877551,149.112834693878,157.777176530612,81.2090908163265,120.569485714286,66.1364071428571,25.1137163265306,320.395462244898,126.049904081633,200.419502040816,138.971913265306,168.058351020408,183.978260204082,156.103763265306,112.404008163265,176.933968367347,284.906800306122,210.176453061224,222.375104081633,84.9831510204082,127.675169387755,113.472781632653,198.054717346939
14.9387755102041,215.562601020408,206.033252040816,223.006091836735,334.611963265306,81.5016316326531,141.179444897959,415.508575510204,173.245042857143,97.2494653061225,171.560524489796,96.7282234693878,73.1250179591837,80.2165270408163,27.4084287755102,79.1221020408163,193.965826530612,234.574681632653,362.348003061224,322.040053061224,166.468834693878,110.405868367347,78.282012244898,179.010355102041,117.806712244898,183.801310204082,59.5025691836735,299.08883877551,189.802774489796,64.4797880612245,116.067224489796,62.5976271428571,57.8730112244898,178.068046938775,387.170614285714,545.102651020408,251.634863265306,283.04068877551,288.13028877551,43.8017963265306,33.8118012244898,99.9211081632653,34.5211136734694,159.792455102041,36.2235442857143,37.3265942857143,24.6710263265306,28.6270410204082,36.2793410204082,155.215252040816,177.413376530612,58.8614221428571,151.625756122449,190.881786734694,201.75575,269.914841836735,91.2437846938776,376.522953061224,518.812504081633,406.404158163265,234.282415306122,134.447776530612,56.1944355102041,38.9005981632653,101.018773469388,105.01647755102,349.424954081633,111.86277755102,227.367610204082,465.582581632653,134.951729591837,270.974352040816,58.3559942857143,46.5672285714286,149.414640816327,118.787917346939,136.584954081633,127.557626530612,320.861368367347,406.545842857143,135.275079591837,207.604966326531,127.546053061224,138.108954081633,148.170617346939,120.335792857143,108.493675510204,160.766665306122,105.333141836735,61.5158132653061,68.2429795918367,72.6984540816326,107.086499591837,324.101703887755,151.19612244898,106.536980612245,56.8304063265306,33.3781432653061,176.850534693878,165.95796122449,74.7830736734694,147.474844897959,207.407697959184,255.907419387755,507.197854081633,166.32411122449,181.987939795918,122.351387755102,310.758833673469,254.058759183673,108.53127755102,52.4177455102041,121.84673877551,308.027654081633,385.280980612245,278.305891020408,320.0057,102.752440816327,42.90079,271.856835714286,199.617179591837,184.781383673469,165.917266326531,153.450632653061,108.07477755102,104.223113265306,101.077840816327,212.878341836735,139.425166326531,308.882103061224,215.897660204082,385.49287755102,578.956565306122,147.60091122449,61.3479019387755,259.991985612245,209.853057142857,130.847802040816,239.833441836735,340.930937755102,393.132993877551,176.943604081633,188.40291122449,85.6861295918367,189.53336122449,46.7920314285714,52.2839989795918,125.389504081633,95.2100969387755,65.1954314285714,222.226898979592,259.894891836735,260.355691836735,217.691847959184,151.308643877551,113.768479591837,67.8277281632653,159.803742857143,291.192782653061,108.500940612245,94.1283630612245,132.795806326531,188.023175510204,22.2024277551021,46.8652520408163,212.745171428571,169.342962244898,201.670308163265,405.446453061224,549.744268367347,28.7869545877551,194.192244897959,206.695733673469,184.513814285714,52.5204953061224,109.527840816327,115.903345918367,84.1179591836735,54.6059565306122,66.5564285714286,18.4217214693878,114.472584591837,124.268639795918,112.017646938776,132.575967346939,91.6404010204081,79.2486232653061,112.13623877551,90.1039132653061,56.2243679591837,76.9487287755102,101.374792857143,196.825195918367,75.5358142857143,105.161851020408,48.5141942857143,184.471620408163,148.154126530612,257.671287755102,192.049909183673,166.753153061224,137.515176122449,60.7796367346939,65.2096018367347,56.0743518367347,49.0931704081633,46.4891769387755,101.218053061224,113.597712244898,68.4486369387755,133.202341836735,136.301429591837,79.6999612244898,125.303591836735,24.8458473469388,150.262245918367,270.848940816326,132.093267346939,62.985287755102,84.5738357142857,371.720401020408,283.266100204082,291.507760204082,423.803314285714,77.3890734693878,398.023051020408,345.320302040816,312.698381632653,70.0400530612245,64.0608224489796,253.496205102041,126.663821428571,183.979689795918,85.9659632653061,177.588107142857,121.859925510204,112.593425510204,242.030419387755,274.771808163265,138.347421428571,168.655315306122,17.4232981632653,65.9622251020408,114.043494897959,66.9856255102041,94.8795715306122,111.230917346939,357.364551020408,146.508234693878,274.440876530612,307.458110510204,279.980660510204,277.766205102041,222.875840816327,28.9107991836735,180.961981632653,215.686673469388,108.084765306122,423.838668367347,183.078898979592,192.682542857143,204.331471428571,148.089536734694,278.596497959184,453.019598979592,75.8970653061224,136.028675510204,94.4909653061225,29.1650485714286,319.021981632653,196.910307142857,16.5633865306122,149.243354081633,228.710956122449,62.3979087755102,128.234929591837,137.366710204082,195.550133673469,140.903879591837,44.8775197959184,271.353336734694,168.291720408163,315.359296938776,136.845512244898,194.277884693878,326.699759183673,267.801442857143,523.220120408163,313.751182653061,486.696714285714,336.175930612245,122.858273469388,157.9493,191.908324489796,108.889979591837,97.959837755102,91.0981173469387,292.72062244898,651.147991836735,192.306608163265,147.432689795918,146.213529591837,428.169574489796,207.16236122449,331.484570408163,104.517754081633,111.162822755102,68.9115608163265,90.9620846938775,79.4261581632653,89.9719704081633,409.425969387755,107.542986734694,385.942644897959,147.63978877551,219.952601020408,232.521540816327,62.4593495918367,100.922548979592,245.208585714286,62.8301751020408,117.484454081633,334.107878571429,170.149948979592,172.134715306122,325.386441836735,241.514721428571,239.33727244898,454.70433877551,317.019260204082,451.526662244898,155.538171428571,123.796375510204,66.5475616326531,439.743383673469,245.585428571429,170.517028571429,55.9555130612245,131.5007,117.514904081633,160.971875510204,202.210759183673,85.4390785714286,107.296705102041,92.86085,222.334514285714,201.27255,242.96487244898,40.3930208163265,150.78267755102,205.655418877551,155.320301020408,253.648968367347,84.6727142857143,51.5842265306122,89.782693877551,70.8600869387755,44.3634302040816,77.1524806122449,221.101062244898,47.8728344897959,75.0522567346939,83.0825810204082,58.5905173469388,116.89645,116.838371428571,201.287278571429,109.855555102041,123.916206122449,70.8035920408163,119.619187142857,227.083708163265,118.640051020408,230.433144897959,163.255971428571,191.039360204082,108.064757142857,79.8787028571429,83.5115604081633,92.9117551020408,104.959434693878,114.571720408163,264.390676530612,136.321867346939,266.087818367347,647.426539795918,372.296242857143,312.262230612245,53.2065753061224,304.683832653061,446.547746938775,163.775543877551,42.5288781632653,102.81995,118.235392857143,112.000601020408,168.51513877551,179.729643469388,155.972460204082,56.2229053061224,126.828376530612,91.2710234693878,110.858119387755,114.434830612245,149.161243877551,370.704666326531,175.190441836735,154.975547959184,93.1389816326531,174.219142857143,219.309868367347,116.627244897959,62.1608330612245,69.408381632653,94.9655428571429,403.071846938775,172.916416326531,165.896332653061,209.975480612245,146.448203163265,161.597089795918,171.759031632653,73.2040714285714,447.795880612245,233.149576530612,217.055386734694,61.0923,95.3343040816326,98.4071969387755,205.721204081633,121.784197959184,173.916782653061,254.532836734694,119.911798979592,206.678873469388,212.216434693878,235.977645918367,82.1217308163265,137.248506122449,184.72532755102,212.744757142857,127.997457142857,386.891592857143,462.765569387755,336.636328571429,109.945083673469,50.6461332653061,120.112589795918,357.476041836735,265.144045918367,148.433423469388,139.303318367347,45.7875814285714,160.518110204082,71.0406102040816,70.3540959183673,53.9873083673469,255.172429591837,402.418418367347,398.629510204082,117.459712244898,329.531975510204,156.350789795918,165.757640816327,179.857175510204,100.450004081633,77.871377755102,53.7073536734694,319.664679591837,196.239495918367,104.572008163265,388.964082653061,369.108917653061,252.522763265306,198.638175510204,230.833792857143,132.550525510204,102.502776530612,102.837846938776,89.4883183673469,115.278384693878,73.6085163265306,91.6959979591837,50.9527334693878,49.5051557142857,25.6749640408163,220.390257142857,269.123705102041,254.242160204082,369.704957142857,124.427971428571,199.276210204082,97.914756122449,114.019329591837,153.076321428571,280.714232653061,155.730571836735,155.276225510204,43.6205540816326,29.0081287755102,234.609410204082,103.916967346939,214.097757142857,107.707344897959,102.01427244898,160.879108163265,89.7661489795918,138.711568367347,99.2289591836735,99.2477091836735,200.052739795918,96.4296867346939,81.2990806122449,29.2443869387755,109.109744897959,184.733143877551,209.975763265306,351.462608163265,250.648926530612,264.895915306122,351.711508163265,226.6057,56.115097755102,66.5670551020408,80.6621540816327,15.5655850612245,33.3658616326531,28.2627612244898,26.2358120408163,178.466347959184,29.1212569387755,73.6271391836735,58.1153265306122,72.6949275510204,158.880302040816,134.814169387755,175.886368367347,105.051701020408,357.012952040816,287.649876530612,49.9793187755102,88.1913091836735,151.721790816327,125.303557142857,173.828901020408,301.52782244898,224.842304081633,128.95942244898,132.606831632653,181.309864285714,158.232342959184,166.100647959184,183.875837755102,132.636309183673,167.808129591837,339.92065,474.093404081633,417.196071428571,312.723743877551,151.988007857143,608.796394897959,146.423506122449,272.063196938775,294.293407142857,149.90481122449,74.1461928571429,44.0342020408163,64.8269918367347,42.1747842857143,30.1330979591837,30.5899179591837,138.932258163265,157.625282653061,220.445516326531,226.95412755102,86.1142418367347,73.7292653061224,69.65043,36.307592244898,51.96233,135.876610204082,249.951312244898,249.705395918367,235.600547959184,236.164881632653,234.890944897959,80.606431632653,132.743679591837,122.042914285714,119.322923469388,164.088552040816,119.188941836735,115.284746938775,91.0952765306122,184.564775510204,244.574456122449,219.626758163265,165.617742857143,402.106226530612,110.219993877551,79.4251081632653,132.710460204082,499.710415306122,462.388616326531,305.605781530612,186.113363265306,283.091131326531,131.64875,458.200317346939,175.019432653061,257.481385714286,174.415290816327,109.585679591837,43.0662695918367,43.5711195918367,63.6671881632653,128.663402040816,100.38217244898,54.272233877551,216.073510204082,47.1219995918367,164.221715306122,70.3898322448979,350.368323469388,485.510915306122,587.396093877551,476.931116326531,99.496262244898,360.972434693878,349.795621428571,213.628931632653,103.859389795918,15.334253877551,279.600047959184,146.936301020408,46.8831193877551,63.7512606122449,92.7678102040816,74.4849832653061,87.6914989795918,144.513935714286,252.334323469388,279.298518367347,245.765185714286,169.659847959184,113.446993877551,115.951582653061,48.4409753061224,27.6988753061224,160.056954081633,99.5234367346939,49.6444575510204,87.7973448979592,119.476212244898,82.7141112244898,97.8694653061224,98.7280795918367,125.080382653061,220.013504081633,110.536684693878,186.386608163265,39.2681865306122,123.33177755102,68.4466956122449,266.695267959184,234.490124489796,262.430109183673,213.343542857143,88.9929540816326,117.585547959184,119.111757142857,75.3067683673469,113.200545918367,402.886771428571,237.474597959184,325.334693877551,100.412015714286,168.19863877551,177.207656122449,156.409293877551,207.58928877551,135.896314285714,197.787789795918,227.110176530612,90.3514448979592,36.3012304081633,82.2297897959184,200.713740816326,37.3324304081633,28.7847920408163,169.48061122449,150.834132653061,14.4146922857143,116.736058163265,189.501416326531,415.568048979592,543.734975510204,93.9044357142857,172.46236122449,194.245368367347,188.254768367347,102.197712244898,244.485319387755,166.927383673469,51.7044518367347,314.657315306122,270.390484693878,140.273279591837,122.776578571429,79.814917755102,111.445394897959,136.133807142857,135.641107142857,86.2214367346939,109.322760204082,155.855437755102,289.005083673469,132.910355102041,133.030935714286,263.551463265306,197.842440816327,234.351586734694,104.42991255102,218.852468367347,111.752207142857,440.618536734694,112.57003877551,210.082280612245,346.72517244898,124.709724081633,88.5177255102041,345.890896938775,212.206183673469,129.104054081633,458.975081632653,312.077292857143,116.390689795918,112.212839795918,87.1977030612245,145.497629591837,270.165083673469,165.488484693878,156.838590816327,218.981590816327,93.9966265306122,354.047756122449,482.785393877551,332.053459183674,110.730821428571,46.0872334693878,52.6332257142857,32.586037755102,57.1330846938775,132.740093877551,131.019573469388,214.981696938776,150.665507142857,187.500940816327,183.35497755102,119.861104081633,39.9228974285714,50.1129142857143,102.490942857143,119.969285714286,19.2215934693878,287.894989795918,475.614797959184,45.8244002040816,375.535254081633,309.953884693878,190.207869387755,338.139983877551,110.350558163265,366.694933673469,215.715845408163,120.659021428571,166.798019387755,216.242163265306,417.943204081633,177.399855102041,86.7121826530612,59.5771820408163,94.5725326530612,42.4915291836735,30.0677275510204,26.6630812244898,23.7600312244898,220.127717346939,240.365819387755,281.993734693878,53.9916185714286,13.6855965306122,171.800031632653,79.9123326530612,334.687515306122,302.697671428571,108.653352040816,252.854941836735,148.976378571429,151.050664285714,124.507558163265,69.4041328571429,317.475486734694,322.950237755102,269.340395918367,266.006953061225,59.4138367346939,108.355743877551,210.648504081633,104.723406122449,269.294723469388,178.218859183673,84.5849816326531,107.751719387755,162.358893877551,221.984908163265,55.9660512244898,153.329945918367,44.9179336734694,91.4155336734694,75.7620959183673,80.9022459183673,84.3437408163265,89.624851632653,95.4182437755102,182.031578469388,296.223379591837,97.9173489795918,100.3673,185.156910204082,83.0217132653061,116.502196938776,57.1464448979592,42.1867681632653,184.83428877551,122.433470408163,230.191963265306,66.0871744897959,264.564268367347,391.436083673469,89.4959469387755,168.678195918367,268.557789795918,160.570384693878,64.6756102040816,117.740549387755,121.259657142857,14.6896469387755,117.81577755102,635.494660204082,626.701296938775,336.515156122449,137.476825510204,22.2613834693878,89.2583857142857,89.7022153061224,68.6839057142857,46.4719463265306,225.568354081633,284.070639795918,220.21763877551,190.433250102041,241.923986734694,234.549244897959,214.349512244898,45.915632244898,63.250622244898,486.543555102041,48.1625606122449,416.011165306122,701.471532653061,212.800837755102,191.063663265306,216.26812244898,347.840697959184,371.10292244898,285.032997959184,342.963954081633,342.312698979592,289.143560204082,108.380509183673,396.411881632653,70.2909724489796,68.4554673469388,155.748076530612,143.105921428571,172.630793877551,82.3069326530612,62.5213030612245,39.1300795918367,29.5843679591837,101.74125,169.31245755102,205.97525244898,172.622965306122,266.748345918367,120.499698979592,276.340792857143,77.1071408163265,10.7149659183674,47.006426122449,59.3757026530612,183.222351020408,88.2542908163265,78.60275,30.9610112244898,28.3155612244898,37.8821112244898,269.943712244898,292.533144897959,310.391520408163,412.843247959184,164.162393877551,95.3776683673469,101.473766326531,78.9545857142857,98.0490795918367,80.1578428571429,371.507954081633,301.234165306122,265.29358877551,198.237042857143,248.338023469388,333.199608163265,381.892837755102,225.514510204082,139.465289795918,132.045391836735,225.518615306122,230.425293877551,105.777576530612,34.5736142857143,152.637430612245,80.3018479591837,265.721132653061,310.040498979592,354.525501020408,288.321405102041,276.56772244898,117.559082653061,167.853612244898,195.494532653061,214.598040816327,313.026458163265,315.485752040816,326.880003061224,499.980006122449,266.111024489796,524.834307142857,45.4777693877551,204.224596938776,398.693601020408,56.0975289795918,85.5643663265306,54.8812026530612,491.278630612245,409.955516326531,289.177325510204,214.734140816327,188.394383673469,344.542510204082,185.195587959184,186.397102040816,191.838068367347,39.8351883673469,475.898843877551,360.756067346939,191.985866326531,192.099034693878,201.939220408163,297.021091836735,108.238159183673,329.541074489796,251.455087755102,169.566529591837,194.25815,251.633594897959,246.670179591837,139.882305102041,115.025430612245,132.744540816327,140.641913265306,55.1338879591837,71.9854540816326,156.211339795918,260.673430612245,344.267195918367,190.785283673469,193.940944897959,107.214558163265,53.7903936734694,106.78812244898,111.71947755102,124.427260204082,264.823197959184,221.751084693878,424.887284897959,154.925241836735,123.547983673469,166.493726530612,192.902580612245,174.017918367347,98.1575153061224,142.781469387755,162.372954081633,144.36573877551,222.254486734694,231.204108163265,71.9646204081633,52.2170224489796,39.1517724489796,148.07026122449,61.9703248979592,129.828347959184,261.792010204082,136.033000714286,274.713790816327,239.319695918367,194.447664285714,254.592660204082,186.573062244898,127.940571428571,327.938083673469,273.614579591837,365.626609183673,397.654284693878,196.122019387755,135.370433673469,234.134371428571,283.863167346939,283.308637755102,302.954645918367,59.7584326530612,161.237721632653,108.09352244898,61.1270224489796,89.8437224489796,383.066517346939,153.655461734694,226.483923469388,359.951620408163,286.891508163265,167.724631632653,93.6390683673469,121.287353061224,233.049389081633,186.757874489796,167.708524489796,154.039794897959,148.778259183673,146.024759183673,342.393864285714,76.2130908163265,92.5601897959184,95.9330795918367,170.396970408163,159.931441836735,89.3655785714286,271.469496938775,431.931816326531,179.870762244898,160.801375510204,142.540590816327,59.4367887755102,135.020257142857,112.937208163265,106.566616326531,125.034486734694,271.397109183673,67.6127124489796,493.265475510204,299.388683673469,81.2010602040816,90.6054520408163,131.980692755102,135.023645510204,150.335542857143,154.138508163265,168.929275510204,224.483219387755,160.643846938776,175.614165306122,173.371645918367,157.177002040816,114.676548979592,231.86842244898,269.011225510204,338.468402040816,58.9015028571429,46.459192244898,225.218978571429,276.199887755102,155.702239795918,338.276476530612,186.507139795918,347.28077244898,245.392567346939,88.2269015306122,146.758932653061,146.292402040816,149.991239795918,44.8682457142857,168.814369387755,116.794767346939,116.857440816327,70.6672,195.438684693878,106.525959183673,145.718244897959,138.664132653061,57.3897067346939,34.6201330612245,75.2812714285714,51.8859687755102,77.5551687755102,176.855551020408,119.70211122449,167.388693877551,147.118818367347,118.248564285714,211.463412244898,527.900335714286,570.854040816326,223.916014285714,226.501039795918,476.071970408163,129.54511122449,118.853687755102,300.425118367347,345.480529591837,253.99057244898,80.6206581632653,82.9083397959184,387.656683673469,365.571916326531,371.679144897959,208.310480612245,168.449397857143,58.1484983673469,270.168968367347,97.2868071428571,186.31586122449,614.272945918367,80.4593867346939,68.2951379591837,74.3227989795918,44.605653877551,281.607504081633,229.993103571429,399.99576122449,239.564380612245,183.360155102041,461.424883673469,220.61931122449,274.678809183673,237.367844897959,221.330754081633,166.806158163265,258.451847959184,157.489432653061,259.128204081633,211.203967346939,187.65278877551,188.63753877551,86.8727795918367,78.6820602040816,56.3392818367347,63.3313224489796,288.150175510204,390.530603061224,27.7402512244898,72.2906989795918,265.852408163265,258.205160204082,252.085875510204,57.5444557142857,95.5901306122449,315.067396938776,120.027665306122,98.6163642857143,183.499710204082,40.4600555102041,196.038979591837,195.410862244898,132.922745918367,139.907309183673,86.0755265306122,162.204828877551,394.657780612245,423.624166326531,135.556592857143,138.594048979592,240.952865306122,110.155116326531,154.908974489796,493.712130612245,291.353174489796,164.04426122449,245.522498979592,625.799517346939,125.212819387755,36.4136410204082,137.68507244898,164.332265306122,151.876265306122,552.585637755102,182.368935714286,169.26037755102,66.8659955102041,297.344668367347,36.8327142857143,128.990543877551,177.679103061224,207.646825510204,272.182781632653,335.894679591837,267.590766326531,206.475074489796,44.1680426530612,165.692232653061,267.611245918367,594.254531632653,83.6205459183673,57.5754755102041,50.3603932653061,137.294583673469,124.648864285714,88.7778624489796,129.497206122449,205.179002040816,134.866439795918,359.757952040816,276.417987755102,125.672087755102,342.445313265306,221.274845918367,223.810997959184,78.8954053061224,300.043204795918,204.88333877551,119.61893877551,41.7467534693878,67.6863887755102,29.9666665306122,241.598170408163,40.9391655102041,271.684301020408,343.891895918367,181.293607142857,45.9172473469388,27.9422314285714,79.7212204081633,66.7944708163265,65.8583975510204,73.6610581632653,106.580241836735,133.179493877551,70.799887755102,133.122646836735,62.9896955102041,21.8432681632653,24.4442681632653,64.0534314285714,99.4642010204082,179.086902040816,72.5087673469388,94.5738081632653,419.767517346939,127.252618367347,476.183020408163,482.073392857143,219.697237755102,212.989178571429,182.546505102041,121.328304081633,162.14193877551,47.5209953061224,87.2726428571428,90.171437755102,92.7521,118.128279591837,114.993829591837,80.3814801020408,273.765809183673,118.071703061224,130.533026530612,117.530001020408,157.93502255102,102.075134183673,348.157089897959,278.198982653061,282.399097959184,120.638357142857,61.8651020408163,111.77727244898,44.2554732653061,113.98375,95.6317479591837,123.701212244898,48.8659412244898,110.65572755102,80.1840581632653,89.7753224489796,78.5956132653061,140.233193877551,174.063878571429,206.670826530612,132.367925510204,186.169376530612,94.2542836734694,37.0805926530612,58.9776997959184,77.1187306122449,111.12001122449,197.312902040816,427.459059183673,286.684198979592,221.317431632653,193.803348979592,450.9694,406.388981632653,415.825339795918,261.168673469388,270.731663571429,179.81152244898,149.102080612245,67.2356806122449,67.9540369387755,35.6705467346939,290.228842857143,454.988957142857,334.122224489796,130.358376530612,139.905616326531,195.810620408163,40.5944324489796,70.0875551020408,74.0821489795918,61.5127492857143,94.0667081632653,14.4423699183673,15.3303649795918,16.4097406122449,220.378432653061,190.176491836735,116.058409183673,121.929969387755,229.284871428571,208.625376530612,126.952775510204,113.512246938776,191.686773469388,369.168624489796,122.653463265306,98.0318448979592,103.736198979592,391.342465306122,55.7099926530612,223.35117244898,197.124573469388,179.94001122449,252.24767755102,225.722130612245,110.026556122449,279.776353061224,103.369030612245,213.607593877551,172.184304081633,175.98573877551,187.129043367347,174.022504081633,258.354043877551,120.461308469388,411.835855102041,69.3008714285714,124.773513265306,201.527309183673,301.425270408163,148.794116326531,165.992970408163,61.8978489795918,396.681043877551,52.9005308163265,102.444735714286,501.413106122449,351.640515306122,104.880379591837,118.225973469388,77.2220714285714,84.9724959183673,115.165362244898,73.7467644897959,175.303746938776,376.519387755102,422.428289795918,405.538534693878,242.845604081633,196.55137755102,272.453704081633,504.82262244898,646.140230612245,198.652907142857,144.62931122449,333.505265306122,416.759012244898,257.094423469388,322.885387755102,308.655828571429,276.814457142857,262.188512244898,149.988062244898,496.763125510204,383.975329591837,451.334140816327,149.060343877551,83.4690887755102,83.6789622448979,88.5043020408163,130.306360204082,147.85947755102,186.128414285714,41.9510981632653,39.5813981632653,372.39673877551,340.305996938776,416.929652040816,216.816812244898,90.438633877551,428.136162244898,484.101093877551,212.453817346939,222.817678571429,315.885174489796,272.459001020408,86.7967091836735,528.754865306122,116.111966326531,67.8934952040816,96.6624214285714,60.2418214285714,91.2238275510204,121.919659183673,150.547847959184,105.531686734694,176.98028877551,326.596993877551,175.099357142857,107.826418367347,149.503317346939,226.588476530612,236.652580612245,230.2106,89.3250806122449,122.748875510204,306.990945408163,192.402875510204,275.110465306122,123.302953061224,188.187264285714,195.001096938776,148.843103061224,89.5669846938775,29.0173632653061,164.340351020408,84.5887704081633,109.663258163265,80.5266102040816,84.374643877551,69.3356265306122,127.90122244898,125.614115306122,165.812721428571,63.6462159183673,64.8621279591837,366.505369387755,144.283534693878,134.851241938776,123.744931530612,97.8145336734694,179.274753061224,83.5903051020408,129.774574489796,80.8036795918367,89.3001,125.485304081633,132.459626530612,357.664552040816,122.594941836735,142.012545918367,111.860269387755,178.865871428571,241.661048979592,314.257589795918,176.062763265306,295.609529591837,516.19652244898,436.98833877551,523.931215306122,313.009393877551,165.936506122449,99.5127673469388,133.361294897959,85.8349285714286,104.400933673469,109.23162244898,119.497497959184,121.357682653061,118.149612244898,44.9487514285714,128.533758163265,285.44596122449,27.2341983673469,44.9726326530612,192.961597959184,333.411483673469,273.707612244898,268.326235714286,290.289897959184,60.0164132653061,65.5243132653061,80.2708214285714,81.3770306122449,87.4257224489796,111.973715306122,135.898697959184,102.84882244898,76.6232193877551,78.6162234693877,66.5786081632653,364.009103061224,593.917279591837,77.0540040816327,193.060940816327,204.714390816327,200.902476530612,331.582481632653,103.975902040816,272.260317346939,125.260319387755,301.383468367347,116.799257142857,103.358265306122,197.715939795918,235.118448979592,240.401093877551,82.6491153061224,156.897374897959,131.746724489796,151.484905102041,286.160880612245,59.6248106122449,194.25518877551,266.146466326531,88.6782418367347,65.2782530612245,123.860840816327,186.416613265306,51.4250759183673,44.4124467346939,143.864539795918,190.528405102041,235.860331632653,69.9896714285714,148.946712244898,77.163066122449,112.812891836735,264.952256122449,98.8947673469388,35.2043953061224,80.312856122449,72.0265685714286,233.60581122449,271.792187755102,284.958469387755,199.978056122449,86.6639408163265,114.434930612245,72.2866540816326,111.17632755102,163.002447244898,220.568385714286,178.72013877551,296.033532653061,291.022396938776,77.5515140816326,48.1342308163265,75.6725693877551,157.692418367347,203.386391836735,229.264642857143,310.727101020408,340.323347959184,361.023110204082,85.7241102040816,77.3821602040816,405.420183673469,126.158704081633,87.7648867346939,460.910324489796,200.84565,114.424728571429,198.781253061224,255.113334693878,213.249332653061,348.671584693877,359.958776530612,211.529415306122,124.505029591837,170.376692857143,54.4218910204082,133.194460204082,212.516341836735,146.603220408163,138.690046020408,207.960128571429,352.33137755102,223.846825510204,333.46252755102,283.317685714286,169.800757142857,186.432257142857,108.09895,31.783148,76.8881612244898,201.686769387755,370.673883673469,368.643397959184,195.746079591837,348.659805102041,236.700756122449,60.6740051020408,445.683895918367,293.679322653061,197.287979591837,184.128253061224,96.8473602040816,92.0875857142857,301.546375510204,290.622825510204,398.400462244898,210.475583673469,387.197858163265,137.326651020408,62.3047942857143,132.839663265306,173.02747244898,323.577032653061,264.243533673469,250.182216326531,127.092400714286,234.917943877551,65.0532718367347,262.079479591837,146.095103061224,133.527590816327,260.84565,192.052326530612,142.886483673469,110.113890816327,124.243637755102,477.237091836735,315.27272244898,80.4673628571429,402.296012244898,236.268966326531,262.692504081633,243.956234693878,224.506670408163,326.073811326531,187.355753061225,90.2003423265306,156.841924489796,59.3985384693878,285.575167346939,27.3357565306122,255.586766326531,452.785742857143,605.060236734694,339.76277755102,468.087224489796,340.797260204082,186.579967346939,101.834866326531,213.641480612245,93.6798346938776,71.2358173469388,244.020663265306,232.552051020408,222.578314285714,506.51496122449,244.429935714286,445.335481632653,295.913816326531,341.424731632653,43.4772994285714,84.4230979591837,112.991979591837,119.333516326531,101.025801020408,49.9424020408163,124.853548979592,126.063190816327,158.704341836735,52.8753855102041,107.952497959184,222.350768367347,163.29691122449,105.00766122449,55.1911402040816,52.4494473469388,126.812246938776,64.1094740816327,195.377166326531,148.600519387755,37.8518087755102,96.5130336734694,259.737295918367,156.837346938775,80.4130195918367,102.761882653061,62.4207328571429,74.4202828571429,150.188679591837,171.287290816327,173.09892755102,78.4559669387755,68.8110714285714,153.130451020408,154.958270408163,405.80241122449,324.322165306122,145.711445918367,171.529616326531,161.873794897959,25.5769895918367,34.335172244898,292.367806122449,92.653861122449,54.6958765306122,164.406891836735,97.0346295918367,83.7344775510204,226.060423469388,352.354180612245,109.856424489796,135.68642244898,172.249059183673,80.4858991836735,116.189654081633,70.1030397959183,145.174321428571,177.200815306122,603.405980612245,296.90636122449,128.441917346939,151.533566326531,156.203160204082,149.863725510204,146.885855102041,73.9955604081633,70.8770104081633,64.7031634693878,176.940626530612,138.7855,71.984542244898,183.82065,87.0608387755102,212.574912244898,154.05067755102,59.8552232653061,34.2528506122449,127.764458163265,149.533318367347,110.091280612245,91.6134234693878,430.110610204082,216.36425,53.6253295918367,59.9701453061224,124.587440816327,100.903265306122,147.233820408163,133.427125102041,223.357232653061,99.6616183673469,135.318081632653,83.3477336734694,430.855718367347,251.225447959184,246.368175510204,249.376302040816,262.499625510204,52.5535040816327,74.229606122449,120.253762244898,126.259186734694,185.404279591837,205.302070408163,185.893317346939,46.4620693877551,134.085020408163,111.856667346939,71.499627755102,275.654567346939,606.5171,442.67491122449,53.9138779591837,214.059316326531,129.510297959184,148.153203061224,177.133313265306,201.348958163265,48.6891895918367,138.943070408163,131.7825,255.569680612245,79.697047755102,405.384282653061,220.874526530612,255.171363265306,79.758673877551,371.257097959184,425.018792857143,246.299807142857,406.405178571429,117.727997959184,303.593665306122,209.236007142857,171.742341836735,36.5657585714286,139.47135,68.6317785714286,262.787303061224,74.2074665306122,54.6284481632653,93.758793877551,98.1468397959184,202.843114285714,300.346755102041,555.170898061225,528.536101020408,518.415352040816,194.73697244898,58.6583753061225,58.6345546938776,302.260880612245,170.751524489796,180.230019387755,530.045319387755,216.895007142857,123.897002040816,181.818660204082,179.493501020408,155.628190816327,164.713666326531,37.9688512244898,622.754492857143,493.912271428571,526.580180612245,591.09855,395.940236734694,344.327405102041,306.459324489796,172.299882653061,268.83396122449,140.751535714286,110.712830612245,49.2991691836735,119.59856122449,224.454982653061,122.96061122449,242.950642857143,204.947091836735,318.489614285714,393.493467346939,587.879316326531,247.794669285714,313.715910204082,262.03992755102,153.908435714286,141.766473469388,163.509304081633,160.154452040816,183.942879591837,274.821009183673,242.272844897959,601.087239795918,48.1304383673469,391.023717346939,102.465560204082,169.798939795918,196.8068,123.9242,125.19295,126.6482,115.706869387755,99.2053285714286,59.0539469387755,31.2730587755102,41.8399742857143,83.0124663265306,429.41087755102,215.4824,191.988964285714,122.736294897959,71.7011683673469,99.1080908163265,106.620358163265,455.082081530612,660.116739285714,129.821145918367,69.9419367346939,53.3243244897959,54.9575734693878,224.765103061224,334.257268367347,88.3368755102041,76.2182071428571,129.293847959184,89.5163397959184,85.2830173469388,475.599769387755,607.575776530612,414.882918367347,94.2468163265306,150.625709183673,191.846328571429,256.445380612245,286.345897959184,210.754882653061,163.651047959184,119.355835714286,219.835266326531,236.460421428571,668.963957142857,167.476557142857,299.835658163265,240.101790816327,38.5518367346939,175.422803061224,284.359795918367,100.543492857143,220.376340816327,210.893060204082,211.076431632653,287.443258163265,272.284803061224,46.3836136734694,76.8239051020408,57.1542146938775,79.6734218367347,252.02365,73.0933653061224,53.2122140816327,110.713415306122,161.478889795918,161.177385714286,174.824485714286,172.565295918367,203.999933673469,232.984739795918,76.2505581632653,76.2435081632653,273.814654081633,76.394862244898,83.9068969387755,147.277573469388,248.466508163265,191.566871428571,56.6424151020408,294.257224489796,90.5729487755102,127.969926530612,143.623657142857,31.2475506122449,89.8349836734694,142.830605102041,148.086883673469,38.0843042857143,58.987623877551,157.149021938775,214.957989795918,135.16025,267.786545918367,480.113818367347,166.825313265306,43.2018691836735,351.104018061225,388.960469387755,154.152405102041,227.815517346939,152.581042857143,53.4683083673469,105.020236734694,138.393254081633,121.512142857143,127.940239795918,130.247078571429,46.8213432653061,123.519582653061,97.3474295918367,115.035973469388,113.584995918367,124.926395918367,127.401951020408,201.677386734694,220.135471428571,199.311081632653,162.734875510204,167.39672244898,156.53457755102,154.050444897959,149.713043877551,219.789905102041,228.804921428571,92.6448928571428,67.7729010204082,73.0313551020408,48.4297091020408,63.7119802040816,365.661635714286,80.3201591836735,156.599015306122,51.1813869387755,38.9402681632653,96.0086469387755,120.905980612245,34.3850097959184,274.119380612245,312.548419387755,148.294862244898,240.163905102041,280.313580612245,102.542209183673,151.736141836735,168.247042857143,151.525028571429,21.0764945306122,226.05117244898,340.26826122449,328.97126122449,73.4728897959184,51.8540565306122,263.540855102041,130.579829591837,168.763640816327,381.613403061224,369.776084693877,364.358185714286,214.583270408163,235.262186734694,52.482046122449,71.4547946938775,117.676789795918,223.652974489796,358.746321428571,265.666216326531,172.23472244898,146.610637755102,166.071368367347,341.010766326531,205.825330612245,211.97923877551,39.8209581632653,25.1654581632653,153.711684693878,269.064365306122,93.789262244898,114.210256122449,163.531442857143,260.448364285714,131.086162244898,50.1333524489796,82.1503687755102,135.690064285714,194.502538265306,170.875628163265,141.31938877551,47.343112244898,176.086871428571,311.379905102041,39.0759755102041,19.4431116326531,110.051398367347,198.81801122449,182.920360204082,107.176324489796,109.693104081633,109.980942857143,188.205170408163,200.686814285714,71.3406897959184,101.511645918367,184.626909183673,180.388515306122,267.971097959184,166.98387755102,235.21223877551,153.895755102041,152.860005102041,237.004175510204,146.17977755102,89.2919585714286,89.4463326530612,167.966324489796,40.9927348979592,83.7923285714286,203.051957653061,231.378135714286,186.797015306122,72.2956857142857,153.303440816327,378.324245918367,129.385340816327,168.756958163265,161.701507142857,156.647952040816,181.701469387755,160.172917346939,117.489229591837,260.926755102041,147.10368877551,146.526135714286,93.4002122448979,51.9906257142857,83.8412683673469,67.4250734693878,61.9170234693878,99.4354663265306,129.207894897959,91.4564744897959,186.500765306122,106.538052040816,278.23928877551,54.3914987755102,206.713204081633,196.924196938775,30.618307755102,45.2807889795918,108.037773469388,65.1095612244898,66.6881163265306,104.333819387755,79.3196826530612,98.5530908163265,101.738904081633,85.5183397959184,91.4117724489796,157.735040816327,139.225878571429,89.0473183673469,210.694439795918,155.429306122449,199.97872244898,348.24917755102,535.381336734694,152.700974489796,32.1060685714286,170.954882653061,195.832206122449,241.250931632653,240.721241836735,340.01295,539.952918367347,835.439752040816,138.079863265306,254.183182653061,64.96515,385.272853061224,399.951748979592,184.771687755102,145.725907142857,361.252010204082,597.76602244898,585.106937755102,97.6402959183673,84.7440479591837,76.3932275510204,314.66462244898,204.348317346939,263.803095918367,133.068519387755,240.873321428571,487.707063265306,196.604893877551,154.902570408163,243.548012244898,438.110132653061,319.055914285714,292.413952040816,333.270031632653,252.731754081633,133.705389795918,150.351334693878,142.680603061224,103.398280612245,335.759,311.068076530612,130.54595,176.77737244898,224.495174489796,199.835254081633,95.7686857142857,51.794103877551,30.7826087755102,225.429225510204,194.500484693878,144.296730612245,319.959001020408,152.473717346939,105.657794897959,352.235858163265,389.47951122449,142.212931632653,98.5701387755102,153.601210204082,154.076355102041,155.511203061224,258.187275510204,171.458380612245,118.861633673469,116.164645918367,109.974454081633,380.370976530612,364.629713265306,388.632059183673,191.754675510204,105.376791836735,139.868893877551,64.5425387755102,123.643294897959,58.3238457142857,137.321939489796,56.1055283673469,126.72967377551,95.7387377551021,379.666325510204,138.75651122449,245.009133673469,369.736867346939,303.008716326531,185.97182244898,223.622116326531,97.9940196938775,68.6948285714286,33.5456702040816,206.893677346939,130.760012244898,251.201112244898,171.320878571429,306.484887755102,178.916880612245,561.13605,276.934525510204,218.922451020408,76.4103689795918,157.025618367347,251.83467244898,266.197614285714,303.506515306122,265.342164285714,327.365008163265,220.25867244898,489.440596938775,231.632520408163,270.999901020408,421.283292857143,389.271554081633,133.913664285714,227.212065306122,115.436486734694,218.934706122449,225.816326530612,102.148559183673,99.3112153061224,184.739536734694,222.917666326531,334.59833877551,170.405134693878,136.721537346939,322.238724489796,98.0556357142857,128.720879591837,72.1783469387755,188.190126530612,366.896721428571,477.771329591837,295.160078571429,404.195596938775,419.363774489796,197.712933673469,511.152464285714,228.410575510204,155.451139795918,208.640652040816,74.3600510204082,193.678028571429,97.6479051020408,129.096654081633,86.1937887755102,125.393539795918,49.0768046938775,156.008757142857,98.1467632653061,150.55657755102,61.23325,130.642517346939,104.842515306122,437.175444897959,124.532943877551,232.598083673469,380.333610204082,339.373592857143,235.102967346939,445.15662244898,339.905683673469,131.719708163265,43.8606106122449,96.2190734693878,101.890468367347,44.1235685714286,133.279506122449,85.4745897959183,132.156998979592,213.862193877551,182.927642857143,78.1678418367347,57.9945426530612,160.123433673469,285.509315306122,82.0298683673469,100.657128571429,274.169391836735,263.166213265306,292.237230612245,600.451470408163,202.91651122449,256.394165306122,165.209654081633,103.785928571429,50.0975016326531,259.7471,168.57302244898,171.104137755102,350.51383877551,300.011659183673,251.551080612245,249.868436734694,236.340882653061,218.768447959184,48.6781428571428,45.5696632653061,38.8868232653061,88.0657278571428,59.9348367346939,524.488189795918,57.3737485714286,262.045641836735,209.296756122449,351.877545918367,276.31038877551,258.838489795918,132.079919387755,227.729293877551,278.565252040816,341.137533673469,40.9880573469388,202.423915306122,197.575704081633,337.183191836735,283.226976530612,184.654286734694,107.387270408163,165.331042857143,105.074064285714,67.1981075510204,76.4855575510204,85.3309785714286,32.2534946530612,148.414670408163,119.417839795918,277.676948979592,61.2161563265306,42.5571757142857,137.780910204082,216.478620408163,91.1458316326531,273.031923469388,519.1229,110.850955102041,200.8615,228.855698979592,99.7151744897959,95.2237418367347,75.3265659183673,230.039768367347,52.0310189795918,57.7969804081633,54.0611304081633,217.741714285714,385.914801020408,353.520481632653,351.172980612245,376.479268367347,146.256636734694,63.0885255102041,76.6881153061225,82.4939020408163,172.56686122449,245.949546938775,89.9203479591837,64.1323969387755,130.817006632653,45.4878630612245,206.611546938776,277.908844897959,351.967490816327,542.102023469388,401.57482244898,432.220475510204,539.064280612245,598.35162244898,541.015368367347,189.668985714286,184.701652040816,106.816431632653,58.6234267346939,340.372902040816,170.408551020408,261.756858163265,223.924698979592,300.612132653061,316.101293877551,254.217628571429,123.101367346939,121.068434693878,112.62552755102,212.329582653061,94.6115295918367,179.551597959184,80.3037785714286,203.608836734694,315.339632653061,94.5967214285714,39.0037669387755,72.2991571428571,140.101112244898,266.041534693878,211.049507142857,55.2186328571429,52.1219436734694,73.194692244898,115.70782755102,54.8598716326531,151.979018367347,178.591536734694,85.3651244897959,68.5048594897959,28.6709236734694,225.672653061224,448.951504081633,190.842185714286,215.685279591837,218.628580612245,244.720662244898,197.984768367347,534.980603061225,206.270669387755,83.1304316326531,273.948428571429,94.4033204081633,463.797002040816,193.141163265306,303.452531632653,93.4453214285714,91.6757714285714,98.2165510204082,118.502881632653,110.465509183673,123.684808163265,433.434493877551,411.14332755102,237.561257142857,126.699841836735,72.5230267346939,312.935482653061,196.942635714286,398.894116326531,315.20827244898,155.427433673469,209.840643877551,473.890521428571,334.723592857143,306.339171428571,372.425035714286,271.322004081633,349.703666326531,397.916870408163,232.32257244898,191.171225510204,237.118898877551,141.247640816327,149.697781632653,144.862668367347,191.774106122449,202.096769387755,50.0309783673469,65.9792706122449,153.58056122449,611.894019387755,349.125424489796,190.826896938776,275.400757142857,93.166581632653,49.662786122449,66.0199818367347,198.801666326531,179.437114285714,353.27745,264.845319387755,121.208313265306,346.673707142857,216.594505102041,34.5705573469388,104.38783877551,94.7044744897959,38.1675569387755,155.913795918367,144.911558163265,125.370887755102,187.795698979592,82.3971063265306,386.77897755102,94.3415479591837,347.336256122449,150.157214285714,254.881457142857,56.4788159183673,50.655663877551,234.362753061224,213.394686734694,231.0081,103.871420408163,39.6440332653061,66.2239520408163,26.4374783673469,171.030085714286,138.384565306122,126.152368367347,507.76316122449,167.059480612245,341.629529591837,242.856531632653,220.081498979592,139.872329591837,90.8106359183674,77.2389346938776,60.2649393877551,70.6151212244898,232.036558163265,124.081324489796,114.943331632653,251.402046938775,230.243257142857,268.800540816327,179.536883673469,163.253853061224,96.7009265306123,146.380824489796,116.079314285714,333.437352040816,185.540215306122,133.086605102041,222.53767755102,293.693594897959,192.132660204082,158.296993877551,65.13794,65.4412163265306,238.792494897959,130.748293877551,90.8589765306122,47.4006555102041,180.389907142857,184.672657142857,340.166294897959,103.764078571429,117.316329591837,114.845032653061,148.675626530612,81.7319204081633,54.8201234693878,98.9159112244898,112.084892857143,173.887695918367,112.460019387755,403.137832653061,197.485364285714,276.832293877551,507.217106122449,151.987928571429,233.940417346939,384.218726530612,168.962552040816,240.332032653061,220.553071428571,44.7949959183673,181.91107755102,86.0405153061225,377.363191836735,86.0563540816327,83.5970604081633,69.6384306122449,109.653964285714,104.662847959184,75.5138969387755,39.7693255102041,309.765224489796,293.651107142857,159.405105102041,569.905569081633,569.996609183674,205.40633877551,342.940196938776,205.298204081633,109.466258163265,61.5819346938775,413.214835714286,491.891131632653,267.206474489796,61.9749383673469,235.076651020408,209.952237755102,90.5683551020408,658.578436734694,544.760675387755,48.4907044897959,318.324654081633,292.365816326531,322.235906122449,192.058367346939,136.798405102041,147.008285714286,156.566740816327,320.301845918367,274.567426530612,242.919563265306,233.570734693878,297.638897959184,80.5064089795918,112.216024489796,193.596421428571,416.964269387755,88.2380897959184,71.7123,59.8027887755102,40.6405812244898,155.657970408163,154.738608163265,96.983156122449,226.009805102041,87.3272546938775,249.289356122449,182.969103061224,147.197431632653,269.675862244898,100.277166734694,224.098239795918,192.797810204082,221.51495,150.564,108.030530612245,135.675684693878,245.908293877551,131.010665306122,222.977286734694,153.012192857143,62.9667510204082,148.280665306122,128.357391836735,63.9617908163265,81.1323387755102,266.590352040816,231.767275510204,134.627140816327,79.2971428571429,120.972051020408,139.877751020408,133.304302040816,178.466155102041,71.8974032653061,157.553090816327,68.8499724489796,60.9033991836735,149.49492755102,134.130319387755,174.800603061224,138.472108163265,81.3190612244898,137.199584693878,59.9146544897959,33.6346359183673,29.204010122449,498.111726530612,331.31941122449,292.532710204082,84.9297765306122,135.747796938776,82.7624479591837,44.8191587755102,55.2774502040816,85.986331632653,99.2531448979592,69.4052234693877,124.431364285714,196.219157142857,145.826137755102,597.237798979592,124.869347959184,71.882737755102,127.495206122449,231.823429591837,206.775717346939,205.152479591837,182.332494897959,129.28807244898,140.093631632653,304.204655102041,258.30015,347.447532653061,264.986142857143,261.003895918367,203.960618367347,146.02145,84.2391144897959,70.2573144897959,94.0526459183673,355.349139795918,297.619543877551,46.2725730612245,49.7034730612245,130.332891836735,150.437115306122,40.4733434693878,159.135374489796,190.859465306122,165.469535714286,72.4646165306122,184.71078877551,280.716318367347,504.827257142857,192.628437755102,190.827324489796,250.25176122449,246.026117346939,75.2189051020408,51.7131040816327,179.608886734694,176.082620408163,114.968265306122,30.5049697959184,70.7934897959184,100.95187244898,103.66478877551,114.742544897959,93.6661326530612,76.5200269387755,55.6690075510204,110.969836734694,123.801636734694,176.445871428571,373.866263265306,89.5580375510204,275.260934693878,103.410789795918,104.546417346939,134.4075,85.9965857142857,67.0519663265306,42.5990955102041,201.159842857143,58.7936728571429,70.1266946938776,69.0385446938776,196.263031632653,140.427886734694,153.079685102041,183.312721428571,314.957087959184,458.543863,218.04262755102,29.6483765306122,99.9337173469388,68.8051520408163,118.837105102041,141.947189795918,311.199168367347,233.227580612245,61.5604246938776,222.886292857143,160.67571122449,73.2296067346939,90.4485428571429,94.4236428571429,102.308542857143,183.67683877551,421.091632653061,191.823071428571,174.220763265306,206.697312244898,145.256354081633,99.2251,131.511870408163,105.412274489796,113.572769387755,370.841653061224,252.67767244898,185.130442857143,139.967933673469,251.459054081633,170.365128571429,155.918447959184,29.1695330612245,146.507452040816,110.707937755102,164.990333673469,90.0080540816326,43.8514291836735,124.100910204082,192.268698367347,108.277769795918,151.629269387755,157.780278571429,187.234867346939,119.459303061224,173.792198979592,184.136853061224,68.2026091836735,37.2876848979592,142.826732653061,168.368475510204,67.1357404081633,38.4157626530612,98.0542244897959,104.439553061224,88.2367540816327,80.4482153061224,82.4374918367347,104.856980612245,330.732252040816,84.5625928571428,175.416079591837,315.9917,151.303389795918,202.381706530612,44.1607683673469,54.5949946938776,24.5505685714286,68.2767734693877,60.78382,34.819536122449,290.519917346939,64.1935485714286,54.4693344897959,220.659054081633,188.751902040816,57.387472244898,97.5003887755102,79.2310110204082,479.808586734694,352.104564285714,219.244767346939,211.98542755102,213.555086734694,114.796757142857,174.355797959184,43.20051,106.682382653061,216.977407142857,248.500954081633,76.0973040816326,139.014018367347,165.024359183673,229.024909183673,220.187153061224,200.32448877551,73.6566071428571,121.316394897959,23.0387055102041,278.693892857143,201.491386734694,321.960321428571,179.296340816327,58.7838665306122,131.582244897959,265.196475510204,242.681090816327,249.791991836735,85.4935646938775,188.831405102041,353.110425510204,250.296808163265,232.675016326531,212.657096938776,161.645867346939,208.061618367347,186.388921122449,224.624659183673,226.833019387755,73.6653126530612,90.0735989795918,37.4466442857143,79.4815,420.358958163265,345.789660306122,524.952402040816,468.65822244898,172.090389795918,388.153667346939,241.057255102041,69.8633040816327,76.5767469387755,174.504654081633,103.096985714286,151.267110204082,46.3670097959184,32.7847926530612,134.341501020408,209.607902040816,469.563551020408,299.588554081633,242.784808163265,212.982910204082,298.776630612245,130.550479591837,212.563314285714,306.907430612245,260.90427755102,275.628628571429,207.919336734694,253.002408163265,301.469953061224,360.684298979592,336.421507142857,891.901764285714,420.930648979592,293.522398979592,192.565491836735,233.457382653061,240.427457142857,134.722457142857,97.809462244898,194.250119387755,199.253178571429,234.272117346939,252.518919387755,96.5727428571429,105.838092857143,126.959428571429,61.7882330612245,87.1767024489796,87.5915867346939,41.8073448979592,66.1596030612245,88.2270244897959,96.3737087755102,128.958112244898,128.560080612245,68.7674865306122,203.844626530612,362.721216326531,378.039624489796,219.29735,204.486457142857,335.951779591837,123.725834693878,181.565886734694,234.59147244898,268.849989795918,353.745966326531,201.424606122449,257.765610204082,171.449181632653,111.869308163265,202.71735,75.6154273469388,113.976867346939,281.024467346939,88.1562281632653,81.8804145918367,129.637165306122,275.713080612245,220.329833673469,229.884552040816,187.303051020408,84.2625234693877,239.08167377551,238.391667346939,151.61016122449,219.403034693878,270.310925510204,256.079457142857,165.139909183673,107.561646938775,135.098390816327,71.8006412244898,15.6732889795918,90.4746153061224,55.4066075510204,34.5837751020408,85.7737897959184,62.4664902040816,99.2678336734694,160.496316326531,151.606213265306,202.831144897959,233.022075510204,39.67455,64.8010897959184,85.2889255102041,77.267087755102,137.449653061224,58.000576122449,37.9461430612245,204.280259183673,115.746547959184,50.9385442857143,136.194029591837,426.056825510204,359.87093877551,309.24495,178.942890816326,147.109613265306,276.24422755102,275.94402755102,274.83907755102,211.285259183673,191.663529591837,194.714958163265,208.58241122449,94.7605683673469,102.763647959184,252.476526530612,286.826160204082,459.308414285714,80.3015918367347,79.6865908163265,271.712992857143,480.046134387755,414.844273469388,567.039193877551,227.904824489796,214.164364285714,153.676840816327,131.894167346939,131.027839795918,276.732070408163,111.611154081633,86.1691265306123,67.1720079591837,92.5980642857143,61.2483412244898,66.3078014285714,41.4982836734694,76.4760602040816,307.965112244898,108.459734693878,226.889532653061,175.438563265306,48.503497755102,285.707587755102,225.955229591837,307.254526530612,493.979263265306,201.277906122449,449.718556122449,356.749126530612,361.089851020408,151.617986734694,247.898391836735,327.550975510204,55.6694112244898,137.336914285714,156.067917346939,164.949184693878,131.398479591837,128.707657142857,210.535233673469,81.38505,225.888629591837,75.243693877551,213.861323469388,133.45175,99.7198520408163,234.515965306122,183.776612244898,246.867592857143,377.595102040816,336.849917346939,222.465144897959,151.730690816327,175.908109183673,384.076982653061,135.790656122449,93.7580653061224,103.592814285714,68.1173916326531,175.979790816327,381.26864744898,156.163772959184,152.777819387755,108.614683673469,345.100273469388,323.038069387755,186.459018367347,163.153418367347,170.163335714286,68.2641628571428,86.3632591836735,121.169510204082,67.3660071428571,133.161175510204,232.094332653061,124.327391836735,193.009467346939,85.5266663265306,84.4466163265306,139.231636734694,135.420670357143,92.2238091836735,80.0489510204082,105.730740816327,175.719623469388,74.6355806122449,145.861386734694,105.066368367347,168.129415306122,139.013858163265,181.998896938776,101.766832653061,158.741876530612,179.529186734694,119.730726530612,140.474932653061,244.216966326531,29.67024,37.7856130612245,121.422763265306,97.3989530612245,117.719980612245,173.789417346939,282.175528571429,77.9268142857143,167.339446938775,337.423019387755,387.592878571429,155.629923469388,177.351066326531,113.858051020408,139.397884693878,155.235343877551,172.017304081633,132.902489795918,149.17766122449,245.18892255102,139.193542857143,549.719931632653,263.943005102041,98.8933295918367,136.728913265306,97.3303071428572,315.549397959184,104.132535714286,88.1917826530612,51.4415824489796,37.3334871428571,187.618865306122,336.213104081633,369.815303061224,222.980276530612,142.786659183673,361.247386734694,608.196058163265,245.141395918367,174.179726530612,541.108175510204,575.570986734694,284.181504081633,465.330819387755,413.307663265306,238.355471428571,284.439424489796,60.91739,175.448133673469,135.762821428571,91.21595,156.094073469388,259.532330612245,95.0568908163265,180.517296938776,70.2161295918367,117.60518877551,94.7842989795918,189.599309183673,93.4521989795918,139.216323469388,161.673836734694,41.1029475510204,44.6294959183673,265.215778571429,469.634273469388,182.792165306122,227.548528571429,38.1986,60.3252346938775,45.3791955102041,55.3808197959184,155.997745918367,241.94327755102,234.656521428571,176.950805102041,349.421969387755,459.628469387755,189.642056122449,626.18578877551,426.044467346939,203.550393877551,53.6329428571429,204.559221428571,142.99238877551,77.7425081632653,80.847362244898,138.852359183673,62.2390953061225,165.511368367347,113.453428571429,336.337490816327,148.706657142857,205.623218367347,107.27232755102,278.197163265306,168.692348979592,176.866046938775,214.01055,235.600315306122,190.548144897959,61.0473387755102,519.697029591837,208.222921428571,59.6996514285714,62.924077755102,209.545432653061,343.977970408163,421.05707244898,375.661160204082,349.251860204082,442.058141836735,466.891167346939,466.332017346939,172.475657142857,233.723785714286,191.942292857143,265.875167346939,72.7764295918367,267.58791122449,29.8632013469388,289.267160204082,425.376415306122,138.856817346939,117.436343877551,392.366839795918,304.232497959184,265.398108877551,512.604658163265,449.999625714286,454.994948979592,337.359765306122,287.562103061224,403.967435714286,326.062674489796,45.7213442857143,106.432537755102,209.215271428571,241.807908163265,118.333091836735,292.208616326531,224.428868367347,127.605874489796,61.9530795918367,136.490118367347,55.6397620408163,269.795795918367,183.91056122449,59.1260302040816,86.4740408163265,377.331998979592,147.527389795918,139.63568877551,279.322414285714,98.9360836734694,118.529421428571,163.200791836735,124.303906122449,283.418606122449,192.645081632653,183.314360204082,157.171039795918,183.005589795918,142.621441836735,125.520717346939,151.570991836735,472.476334693878,174.987932653061,189.668396938775,228.560510204082,71.3554448979592,196.962093877551,238.663502040816,328.920478571429,87.6167132653061,180.210814285714,337.952995918367,155.815321428571,330.358910204082,344.361216326531,109.211766326531,83.9382948979592,114.164108163265,179.731560102041,105.927501020408,219.882986734694,131.460670408163,154.912655102041,338.148166326531,234.324857142857,281.335521428571,274.281692857143,153.256687755102,398.98637244898,256.44262755102,277.513703061225,262.889851020408,193.722513265306,316.032168367347,507.218893877551,61.5435632653061,327.600280612245,322.177113265306,221.411897959184,282.979073469388,80.6657540816327,100.103245918367,169.690557142857,301.393593877551,175.170463265306,131.676875510204,191.999546020408,211.568768367347,105.212889795918,72.2834010204082,86.2746653061224,92.2076459183673,40.6288134285714,298.637440816327,134.487166326531,114.674592857143,220.541064285714,288.457443877551,285.211675510204,280.96435,69.4136336734694,404.952768367347,418.837006122449,72.4232183673469,74.1391316326531,96.6184591836735,188.255813265306,259.043521428571,290.328574489796,258.146759183673,152.872571428571,141.103694897959,112.908790816327,23.4513965714286,75.4976581632653,104.917317346939,138.842594897959,108.899497959184,210.418187755102,54.1093206122449,104.303284693878,213.188809183673,179.45907755102,354.540387755102,125.11877755102,138.242635714286,184.115337755102,97.8513357142857,55.7208304081633,241.99893877551,208.549529591837,491.798857142857,217.551536734694,181.808742142857,55.3017746938775,47.9566775510204,87.6057744897959,88.7419081632653,84.2948132653061,82.6688632653061,128.646581632653,135.020719387755,220.347298979592,136.2759,253.505392857143,314.201028571429,416.33402244898,170.827204081633,116.975918367347,123.19047755102,68.5341893877551,286.640389795918,219.559264285714,236.848519387755,199.489324489796,256.586562244898,133.162521428571,192.053978571429,442.851255408163,475.234477346939,247.612215306122,187.346176530612,167.81806622449,130.330835714286,90.9240517346939,105.37156122449,37.6212387755102,317.820342857143,235.766997959184,404.099284693878,136.969979591837,133.815536734694,181.714473469388,115.146291836735,54.9165114285714,69.682637755102,338.714129591837,507.281773469388,280.403202040816,126.168769387755,150.112546938775,91.6480842857143,103.996668979592,176.375600918367,102.683234591837,101.83367,74.6044192857143,144.100716428571,44.9076755102041,36.9662408163265,170.44833877551,229.918294897959,294.816491836735,276.665462244898,289.954531632653,52.2891446938775,108.305304081633,49.1555344897959,57.0536557142857,61.4523851020408,137.940126530612,31.6682359183673,311.344536734694,239.337219387755,119.298621428571,156.010730612245,186.923071428571,93.7248673469388,117.382194897959,106.167987755102,103.481625510204,179.799780612245,285.853619387755,60.6124891836735,197.437926530612,63.4837434693878,97.6480775510204,67.2715479591837,60.274322244898,292.654298979592,54.5177301020408,201.760540816327,127.710825510204,121.43965,70.9034585714286,262.040443877551,300.387683673469,273.234570408163,90.3772785714286,232.751083673469,218.873766326531,213.515242857143,191.428235714286,117.264653061224,257.132608163265,480.50255,187.431545918367,94.7135591836735,131.284166326531,418.140603061224,207.372531632653,107.905556122449,349.25051122449,69.4929755102041,244.310429591837,135.655182653061,294.222370408163,330.726345918367,229.555752040816,289.80912755102,229.044560204082,301.65637244898,309.43927244898,106.294003061224,377.537401020408,378.669085714286,111.672564285714,154.996857142857,171.317076530612,186.127515306122,183.450805102041,317.750391836735,103.12516244898,80.6733571428571,67.5569469387755,162.251931632653,164.87055,192.1725,196.753231632653,209.373426530612,295.268129591837,358.465163265306,360.486856122449,307.703293877551,247.840655102041,145.270070408163,200.973221428571,60.4625844897959,103.73697755102,367.968841836735,104.041842857143,163.576454081633,178.68736122449,51.1452002040816,48.6219663265306,189.77961122449,182.680730612245,216.128568367347,126.416723469388,101.31592755102,162.009209183673,121.088824489796,83.3205755102041,114.649771428571,86.7316530612245,226.719971428571,150.912787755102,264.511525510204,75.1567479591837,144.71572244898,422.738423469388,361.415605102041,97.7617,210.540263265306,185.019376530612,531.659024489796,472.216503061224,379.611807142857,174.326506122449,190.643951020408,242.948443877551,58.723615,71.9249040816326,61.3166257142857,98.0421704081633,63.5452467346939,252.163953061224,233.001928571429,171.04653255102,250.52452755102,167.896820408163,140.163517346939,264.855795918367,128.259791836735,80.3408740816326,25.5033883673469,21.1991533673469,30.1125174489796,70.5128795918367,90.6855051020408,302.508574489796,71.4160689795918,104.390647959184,37.0826481632653,64.6870436734694,64.4950489795918,56.4434855102041,49.4727632653061,119.952694897959,79.2360163265306,102.012115306122,277.818633673469,501.108102040816,87.3052602040816,162.782833673469,98.5782489795918,86.6141591836735,70.5351163265306,353.855013265306,22.4765440816326,171.518345306122,101.389814285714,78.4067046938775,194.102379591837,72.8476020408163,270.576180612245,224.305910204082,493.36642244898,361.702121428571,138.036585714286,141.892480612245,219.899681632653,214.408067346939,314.949834693878,105.606123469388,179.786319387755,252.693982653061,259.265344897959,211.899996938776,144.210681632653,253.750542857143,241.805398979592,228.459533673469,217.597257142857,425.541881632653,63.1712685714286,58.5539685714286,320.425356122449,284.835846938775,148.962496938776,69.0712336734694,41.8956916326531,78.8064642857143,134.49515,117.00626122449,110.495255102041,71.6858020408163,110.835039795918,101.715345918367,339.061740816327,356.42656122449,496.445903061224,294.849445918367,289.196983673469,312.28227244898,114.940513265306,167.428043877551,82.062112244898,100.823817346939,100.241842857143,112.807933673469,130.393519387755,760.158574489796,595.061630612245,107.972939795918,154.65245,191.806383673469,17.4370100408163,57.2925579591837,62.7071567346939,93.1191734693877,149.904432653061,404.179434693878,247.798215306122,415.736384693878,190.115608163265,69.2999632653061,140.192810204082,118.512694897959,127.686023469388,53.6734214285714,40.5589751020408,43.2801095918367,56.9218632653061,116.090976530612,68.9112602040816,107.406065306122,216.488037755102,301.241333673469,181.6804,102.556559183673,130.977716326531,286.044385714286,154.239774489796,283.994575510204,180.317935714286,227.732240816327,305.528736734694,231.123190816327,87.7130479591837,196.129154081633,201.104881632653,426.807244897959,439.300387755102,359.826808163265,302.960203061224,151.717269387755,168.685519387755,147.319669387755,124.704551020408,492.854720408163,179.217798979592,129.356341836735,321.763997959184,366.060990816327,193.616303061224,206.638837755102,261.423904081633,188.534066326531,168.454843877551,165.166078571429,507.269070408163,207.857510204082,208.268073469388,124.054424489796,275.724482653061,75.5129459183673,147.669624489796,134.953589795918,71.3520428571429,67.3524783673469,341.372984693878,219.540686734694,557.99496122449,240.472235714286,370.484107142857,399.151253061224,272.23512755102,245.376296938776,291.431355102041,169.264967346939,164.64693877551,153.523884693878,153.341025510204,275.908947959184,108.313429591837,320.282748979592,309.044087755102,126.4174,124.724153061224,133.526289795918,90.7110887755102,95.0840642857143,39.3398893877551,61.5745436734694,141.919219387755,130.203465306122,147.493520408163,141.057824489796,253.81726122449,514.950523469388,133.028907142857,79.2552726530612,73.0223793877551,73.5137497959184,82.9945836734694,200.159265306122,139.67222755102,91.1934622448979,68.0805602040816,164.458282653061,153.940341836735,89.2646173469388,61.6457359183673,53.7647632653061,38.7942002040816,114.670190816327,44.3531944897959,112.01702755102,127.258776530612,183.744054081633,217.955484693878,145.449771428571,114.389843571429,53.1987018367347,74.4331,336.955835714286,59.3731091836735,112.750081632653,122.499526530612,317.422367346939,188.076615306122,101.22058877551,47.9730928571429,185.184684693878,258.429955102041,219.359502040816,67.5418,766.157119387755,129.1392,200.496973469388,74.1348540816327,230.62215,172.02702244898,378.118981632653,148.493755102041,116.827257142857,108.108376530612,148.056585714286,80.0532716326531,209.255130612245,124.502169387755,135.201595918367,105.645756122449,372.68765,255.388156122449,204.692245918367,448.927143877551,347.791860204082,126.149174489796,70.6269112244898,135.458346938775,54.4775830612245,94.7636020408163,139.92152244898,67.2021157142857,240.218634693878,193.319959183673,72.993762244898,142.571714285714,272.575283673469,284.72103877551,49.2509456122449,258.390958163265,83.2421744897959,13.4351313877551,336.809951020408,146.388003061224,119.645859183673,174.197904081633,85.3482659183673,189.485068367347,127.967473469388,146.281235714286,194.290176530612,326.820541836735,422.792430612245,457.161280612245,47.6571434693878,168.646474489796,373.809536734694,32.0194424489796,28.2421147755102,233.901341836735,293.877037755102,189.346826530612,132.40316122449,86.4956036734694,161.45865,102.009607142857,31.0980106122449,160.736992857143,145.884953061224,47.8771526530612,100.754463265306,36.3008726530612,67.9491683673469,166.738464285714,96.9453193877551,82.5423795918367,69.8354051020408,115.085357142857,114.936290714286,92.1270795918367,133.793062244898,179.845202040816,148.160797959184,122.21268877551,60.5863546938776,406.864184693878,275.878340816326,335.238271428571,311.33985,104.465739795918,502.436545918367,467.354446938775,186.66257244898,116.95393877551,163.299423469388,204.679819387755,160.089903061224,399.659107142857,83.0046789795918,38.7346026530612,84.0949397959184,90.6824989795918,94.8438051020408,100.109204081633,217.501690816327,110.350164285714,228.061608163265,119.478641836735,48.7166953061224,78.1868408163265,248.164545918367,186.797839795918,188.48637244898,207.497034693878,303.996432653061,297.3238,179.302592857143,254.122842857143,55.869093877551,365.865367346939,332.573866530612,382.918914285714,312.991885714286,177.250793877551,80.3718051020408,180.99182244898,194.61397755102,131.197933673469,231.778509183673,177.00447244898,131.213845918367,116.720483673469,179.571121428571,79.308443877551,135.12507244898,69.9330397959184,167.656956122449,264.001409183673,135.389928571429,266.727370408163,254.916220714286,260.745692857143,235.133793877551,197.759173265306,85.123808367347,75.0458510204082,453.973495918367,83.3453142857143,134.151544897959,234.72865,144.650325510204,114.697353061224,129.335948979592,58.9720712244898,55.3618226530612,287.846021428571,282.529958163265,372.028353061224,100.951345918367,377.321108163265,467.405753061224,270.380584693878,321.690416326531,237.020102040816,96.4735693877551,210.688656122449,169.331368367347,155.784542857143,188.381256122449,336.11551122449,486.923578571429,579.673575306122,588.163479591837,145.91245,107.665254081633,64.2770275510204,57.6099681632653,129.769566326531,119.52257755102,165.416817346939,96.4502346938775,102.731254081633,115.664204081633,99.6879455102041,57.5753471428571,68.4948665306123,144.614532653061,106.803523469388,76.0657840816326,98.9722020408163,164.606944897959,110.34282755102,40.7707885714286,149.590485714286,142.259898979592,151.972080612245,151.386874489796,134.736393877551,136.66835,179.129010204082,120.498069387755,40.935866122449,344.315674489796,237.809947959184,312.872620408163,125.437089795918,113.679923469388,126.50062244898,146.472142857143,79.473712244898,194.970383673469,159.188563265306,242.844613265306,69.7247948979592,63.9395367346939,98.5690510204082,109.179869387755,254.185981122449,259.622724693878,208.322742857143,80.8324285714286,58.2608689795918,529.971173469388,421.466580612245,170.440974489796,95.1287591836735,248.83005,118.90357755102,92.9371316326531,200.672937755102,145.24672755102,287.924019387755,272.07872755102,301.454107142857,92.6674581632653,201.105882653061,210.597628571429,62.3896397959184,61.4264862244898,78.4387989795918,90.1874051020408,102.955815306122,103.425720408163,89.6779479591837,28.8266248979592,201.733317346939,220.893751020408,294.556502040816,149.988274489796,124.320518367347,60.3696210204082,23.743947755102,370.508762244898,254.895141836735,216.224084897959,210.653215306122,204.46318877551,150.669456122449,46.99778,208.828164285714,283.629628571429,151.670993877551,131.635313265306,249.237496938775,160.281069387755,174.435430612245,136.245204081633,84.8567448979592,90.311043877551,301.577140816327,242.488694897959,136.817862244898,98.814962244898,168.444081632653,207.261930612245,172.159950918367,173.773053265306,176.584335714286,146.344223469388,293.752364285714,212.613058163265,159.699720408163,114.599209183673,144.469220408163,77.4840051020408,211.462128571429,252.853317346939,384.051396938775,368.62052755102,222.409396938776,362.261502040816,294.767525510204,97.6019734693878,90.4638244897959,304.988353061224,82.7640653061224,255.103145918367,99.9979581632653,61.4744557142857,336.563724489796,314.91357244898,389.626242857143,173.948678571429,369.791954081633,519.596009183673,179.112875510204,48.7795314285714,130.948423469388,120.040635714286,15.376310122449,85.6510887755102,57.6838224489796,254.181230612245,274.826288877551,271.405369081633,188.559428571429,245.454807142857,209.167162244898,214.167018367347,157.480814285714,190.080744897959,129.04237755102,171.377574081633,124.690482653061,184.387284693878,233.686475510204,371.11445,380.482901020408,480.590085714286,331.752756122449,278.020258163265,190.207795918367,117.432714285714,182.130486734694,178.422307142857,170.151358163265,140.278912244898,146.161424489796,146.403345918367,102.313329591837,31.2290618367347,116.464313265306,93.4361459183673,253.721858163265,26.8231714285714,130.08516122449,200.034090816327,348.568170408163,66.483596122449,164.725085714286,127.395634693878,118.967108163265,111.916924489796,248.568190816327,259.793544897959,195.934120408163,322.965458163265,109.574113265306,39.8823428571429,285.237155102041,119.766618367347,357.227263265306,255.873005102041,356.010890816327,283.451480612245,64.2016771428571,163.947855102041,274.899306122449,213.635882653061,148.30801122449,72.4998474489796,88.5936469387755,119.965164285714,196.248984693878,109.483943877551,124.166479591837,167.784283673469,90.7754326530612,86.200593877551,99.4284665306122,249.491581632653,109.879874489796,91.3057326530612,172.272053061224,141.840686734694,138.869157142857,400.445290816326,473.066107142857,313.26667244898,119.951687755102,134.50958877551,227.805337755102,413.005344897959,150.445021428571,95.7625265306122,171.436033673469,196.114851020408,414.336378571428,209.710126530612,307.441044897959,211.109308163265,227.879379591837,180.688132653061,159.275683673469,155.507023469388,94.4597571428571,358.586825510204,279.781810204082,290.89906122449,253.997690816327,189.394826530612,52.7400216326531,119.876905102041,162.037513265306,92.5705010204082,90.9584857142857,107.489915306122,310.630906122449,176.754132857143,121.139508163265,135.337693877551,131.313137755102,388.523687755102,187.01151122449,184.753273469388,40.5815695918367,79.7852173469388,352.70765622449,95.5357374489796,132.148590816327,102.414737755102,84.7080346938776,232.858939795918,334.998730612245,313.072459183673,390.616433673469,102.022412244898,120.068798979592,34.10375,51.7782559183673,273.535674489796,168.91655,269.324275510204,196.805552040816,40.4362016326531,376.599904081633,27.9734866530612,197.133647959184,384.922328571429,83.235437755102,35.471623877551,216.934455102041,309.499103061224,291.883346938776,423.985928571429,260.371980612245,525.179960204082,226.598558163265,295.537298979592,175.875485714286,245.071947959184,165.258197653061,116.36865,100.329116326531,118.102407142857,19.6443491836735,29.4030157142857,545.55172755102,656.608426530612,419.027736734694,248.022490816326,245.40757755102,218.142095918367,209.710285714286,141.971448979592,323.96051255102,218.883124489796,329.470884693878,161.661963265306,47.3639210204082,138.242087755102,122.73735,222.671873469388,198.817216326531,163.431786632653,249.29702244898,58.2173720408163,56.8421432653061,264.344733673469,609.272435714286,153.337046938776,156.859368367347,161.868752040816,274.224847959184,196.651286734694,58.6734593877551,66.8928932653061,125.206673469388,171.436566326531,65.7175493877551,118.019990816327,120.101435714286,232.341758163265,148.476834693878,120.349792857143,136.922037755102,224.295786734694,180.164894897959,88.5922775510204,108.150468367347,148.228840816327,42.1638493877551,78.7917683673469,128.915364285714,75.5303459183673,55.1135685714286,55.4561459183673,134.661797959184,235.443815306122,187.929080612245,308.530123469388,183.397990816327,146.157356122449,143.797775510204,247.500632653061,243.792641836735,337.335282653061,159.897419387755,136.825118367347,156.744959183673,142.352014285714,50.2150491836735,60.3684991836735,157.767654081633,95.75305,179.682444897959,232.123294897959,227.185173469388,212.016987755102,237.720280612245,221.391952040816,153.939193877551,51.8009783673469,80.2439144897959,157.184193877551,96.4031518367347,136.31485,170.512683673469,145.660603061224,61.1354325510204,39.8506842857143,124.783067346939,83.4651397959184,74.3248247959184,44.2128665306122,59.026287755102,22.0976565306122,44.3955914591837,44.8786710510204,65.2233744897959,111.951169387755,108.142940816327,99.0910020408163,342.123247959184,344.615421428571,118.808559183673,117.648618367347,262.242544897959,181.093336734694,188.431684693878,254.239933673469,177.16557244898,232.318714285714,223.962147959184,330.821615306122,116.087839795918,223.626542857143,111.225110204082,44.5498991836735,343.136293877551,138.952741836735,290.232334693878,175.152678571429,165.513290816327,180.62137755102,322.846890816327,213.231153061224,373.509919387755,222.949475510204,115.236837755102,172.626828571429,280.885362244898,196.508555102041,502.017074489796,414.023596938775,273.715333673469,253.181979591837,206.011303061224,238.411491836735,135.515507142857,68.8626834693877,204.695324489796,271.973547959184,54.3571514285714,87.3266126530612,88.3328918367347,118.684059183673,42.2277655102041,32.4983805102041,336.867828571429,199.42673877551,166.295246938776,211.001014285714,128.517090816327,136.743197959184,142.679985714286,93.4992163265306,179.666804081633,116.401756122449,134.870232653061,153.469498979592,105.124789795918,109.214446938776,118.039833673469,62.6141244897959,71.6514826530612,43.2186404081633,103.401324489796,98.5616551020408,62.8517026530612,96.6099102040816,170.354603061224,301.739207142857,127.374144897959,50.3462440816327,141.064207142857,175.314047959184,145.217389795918,133.059522346939,225.450204285714,443.67176122449,225.676351020408,347.194067346939,444.416569387755,419.426430612245,299.881131632653,177.027576530612,116.847486734694,85.1160846938776,112.475380612245,89.5692653061224,208.968267346939,228.568666326531,402.96662755102,247.951558163265,372.141181632653,350.114683673469,135.964615306122,133.645582653061,234.386265306122,150.617907142857,350.183782653061,428.383641836735,131.463023469388,625.877003061224,200.622306122449,146.059865306122,74.6176836734694,241.890036734694,222.081153061224,16.8377554081633,100.063842857143,58.2411020408163,45.8689208163265,186.969715306122,135.51085,118.061806122449,31.1663514285714,170.535603061224,159.634029591837,91.1617346938775,114.233024489796,26.9982889795918,160.623887755102,92.6094214285714,154.489148979592,105.578168367347,102.393467346939,474.818693877551,287.351513265306,190.654960204082,274.555399183673,288.211567959184,21.7150228571429,116.432262244898,117.19122755102,166.57468877551,56.8784740816327,152.738918571429,102.524643877551,200.061913265306,205.36817755102,143.529769387755,223.207682653061,225.937001020408,128.78467755102,60.6746571428571,117.467428571429,71.7899530612245,87.0040510204082,193.198006122449,189.095397959184,198.471721428571,200.414721428571,391.069758163265,284.497152040816,370.937368367347,164.407375510204,148.445941836735,128.908774489796,205.213190306122,110.081305102041,64.0923233673469,107.827885306122,378.087406122449,115.095246938776,224.766452040816,42.0930959183674,40.7664120408163,79.0127755102041,70.1427004081633,290.767679591837,100.890137755102,598.08917244898,310.289423469388,136.463094897959,236.344204081633,198.353059183673,264.859042857143,538.613817346939,271.528635714286,264.899079591837,135.281559183673,145.993964285714,137.264547959184,105.989967346939,117.797516326531,87.9518275510204,163.904466326531,266.55311122449,345.544394081633,378.545218367347,401.326364285714,386.496736734694,96.8082571428571,462.482212244898,402.847939795918,336.35445,58.6002834693878,143.027193877551,108.575068367347,376.828329591837,479.173616326531,182.034252040816,164.577229591837,252.040331632653,66.8811946938775,84.7568836734694,265.599124489796,197.074497959184,205.587666326531,198.99407755102,175.308455102041,163.480076530612,162.456747959184,166.119604081633,155.030128571429,245.983432653061,366.408315306122,248.220494897959,156.085381632653,102.306155102041,201.05592244898,67.0548551020408,64.1295879591837,27.0184204081633,128.056601020408,114.374092857143,140.898352040816,190.918245918367,119.36051122449,105.848169387755,318.346169387755,166.094488877551,77.578206122449,169.07187244898,33.6210973469388,78.6177918367347,31.3875969387755,124.383866326531,231.839186734694,181.663773469388,122.385992857143,131.548694897959,121.424032653061,230.874846938775,351.122735102041,114.472352040816,119.979904081633,192.668133061224,239.340407142857,160.813703061224,250.738783673469,121.647718367347,504.533240816326,194.227409183673,297.218708163265,31.347813877551,23.0073030612245,172.947574489796,176.825957142857,334.101621428571,142.21603877551,67.4312667346939,136.191809183673,294.201980612245,169.965101020408,327.32553877551,340.187814285714,297.400908163265,322.798655102041,147.880518367347,135.365786734694,112.512646938776,72.7083189795918,44.5841183346939,134.866325510204,106.586026530612,149.257839795918,209.31227755102,202.449597959184,177.09011122449,208.749352040816,97.6649653061224,208.520841836735,41.4629206122449,74.6780734693878,146.163696938776,221.777040816327,261.175690816327,358.619248979592,290.62281122449,277.235792857143,300.251117346939,21.5784797959184,49.7694289795918,57.9761804081633,49.9906304081633,107.372456020408,121.569807142857,112.462114285714,117.050371428571,235.321455102041,126.195036734694,60.2825308163265,95.0848979591837,259.386937755102,299.350513265306,122.962558163265,25.7945757142857,298.564157142857,108.391621428571,89.9802540816326,157.472132653061,171.354929591837,234.42096122449,314.499089795918,581.980369387755,253.716008163265,261.342971428571,381.161529591837,181.915431632653,142.148976530612,259.503242857143,220.726057142857,74.8693214285714,99.5383081632653,78.9405383673469,83.6250826530612,176.184947959184,225.886137755102,416.95896122449,157.387655102041,79.3909122448979,90.5556765306122,99.3295642857143,78.9562795918367,68.6243797959184,135.696790816327,198.639370408163,216.009780612245,344.542310204082,161.855226530612,96.4520785714286,61.6081542857143,244.464628571429,249.012640816327,170.205009183673,135.84217244898,106.231660204082,160.033259183673,241.939647959184,305.749762244898,23.435076122449,213.24492755102,276.004995918367,296.666670408163,138.978084693878,190.635190816327,164.020542653061,96.2829928571428,125.439695918367,114.491907142857,104.955812244898,143.04931122449,137.181558163265,351.650436734694,169.393537755102,98.8600224489796,232.05325,162.070002040816,206.944984693878,118.585494897959,245.445667346939,52.9817783673469,210.444852040816,278.61946122449,252.84642244898,144.550990816327,72.4881326530612,99.2367153061224,118.730214285714,146.374362244898,167.912204081633,536.026881632653,203.167290816327,194.111415306122,265.059835714286,275.018902040816,260.49274122449,203.160734693878,207.584268367347,131.615668367347,134.276085714286,192.363791836735,147.847334693878,112.420321428571,78.5546857142857,268.723342857143,119.74352244898,61.7643963265306,132.423840816327,64.161943877551,130.41416122449,168.113908163265,84.8194489795918,149.918571428571,71.5816959183673,414.150195918367,291.169917346939,177.063493877551,349.715631632653,147.068117346939,296.343871428571,115.964485714286,142.477181632653,196.689303061224,177.645805102041,116.361983673469,171.811595918367,188.889734693878,281.111333673469,101.526275510204,70.9407591836735,57.3278091836735,120.692721428571,121.888571428571,352.190289795918,534.099284693878,215.439956122449,112.778054081633,249.360894897959,270.888681632653,188.159163265306,379.623283673469,114.792945918367,125.533395918367,182.361879591837,218.782265306122,225.897532653061,343.011039795918,108.692543877551,200.210130612245,486.739014285714,177.229202040816,542.052178571428,386.033942857143,463.86653877551,128.378958163265,186.432969387755,245.284367346939,291.38857244898,55.303843877551,49.4138946938776,148.038207142857,241.393967346939,223.870429591837,134.494140306122,513.827751020408,114.652602040816,298.072791836735,382.17177244898,240.516716326531,166.151907142857,182.644657142857,207.489808061224,81.4222489795918,210.237036734694,227.983180306122,179.582693877551,37.0727191836735,84.8073704081633,286.509313265306,298.734923469388,174.674298979592,106.766103061224,149.977533673469,184.228489795918,92.1751091836735,115.050728571429,77.803412244898,83.443637755102,80.6719969387755,38.3126673469388,33.8539862857143,31.5448362857143,31.8339908163265,32.0444936734694,47.549467755102,63.2795251020408,176.882871428571,270.692645918367,115.510353061224,223.236020102041,238.199459183673,274.151621428571,198.297098979592,100.972340816327,92.0658632653061,130.859301020408,132.584668367347,132.309710204082,301.139386734694,813.392310204082,142.346503061224,23.1395777959184,62.7938102040816,72.6272785714286,46.5033375510204,446.974218367347,338.547367346939,185.491543163265,165.306289081633,164.530719387755,173.806958163265,150.027337755102,236.102259183673,134.48527755102,172.637287755102,460.839147959184,496.65297755102,186.263878571429,329.489660204082,580.717324489796,60.8415774489796,212.717825102041,195.670389795918,74.888493877551,57.6637114285714,148.155240816327,25.5998681632653,92.1768836734694,335.623926530612,209.588357142857,206.941337755102,189.983956122449,68.1236846938775,104.669465306122,47.9911779591837,58.3874626530612,96.8398714285714,103.068948979592,96.9978408163265,72.0365969387755,163.206714285714,97.4508551020408,524.114737755102,71.8618346938775,221.789083673469,252.912428571429,232.077393877551,141.391289795918,129.321568367347,234.704498979592,189.852615918367,110.376257142857,93.6730540816327,186.907906428571,150.926009183673,310.56852755102,114.453304081633,152.508586734694,140.344528571429,27.0186021632653,65.1670234693877,173.115356122449,103.012963265306,39.0284469387755,53.9284557142857,295.102037755102,243.11437244898,198.934121428571,355.452406122449,279.558905102041,87.8897428571428,47.4475604081633,105.597507142857,64.9943944897959,121.536832653061,76.8651071428571,71.6807548979592,105.324841836735,168.086758163265,378.522769387755,399.87551744898,168.055905102041,107.141962244898,99.2730051020408,95.296937755102,28.8347034693877,228.500910306122,293.754343265306,121.704376530612,203.511152040816,189.092617346939,413.144287755102,361.499784693878,81.0452930612245,134.709825510204,195.195119387755,67.8929034693878,91.8879989795918,56.95614,98.0534551020408,115.564865306122,87.2582806122449,35.0214326530612,135.953481632653,177.80574377551,137.412925510204,89.3848734693877,125.838792857143,289.956048979592,296.71182755102,336.04008877551,193.103046938775,202.712515306122,99.9745581632653,154.699857142857,85.6346214285714,28.1705632653061,418.40777244898,158.596640816327,260.872120408163,178.592782653061,216.386410204082,239.221852040816,202.849432653061,134.754781632653,227.358933673469,380.460188061224,278.117630612245,292.882140816327,105.049910204082,163.750693877551,149.710516326531,262.579023469388
16.1836734693878,264.494160204082,285.915678571429,308.820314285714,472.196526530612,173.007492857143,160.156926530612,428.270789795918,216.561614285714,188.603989795918,304.491716326531,188.32312755102,119.296514285714,142.032814795918,95.3900204081633,118.533816326531,231.883395918367,272.944295918367,402.307145918367,370.800546938776,190.777606122449,208.516384693878,123.059112244898,232.509253061225,195.132516326531,290.878885714286,169.242032653061,421.330081632653,207.125813265306,170.141159489796,153.742563265306,121.144395918367,73.9216979591837,266.944328571429,473.034693877551,574.740969387755,319.231875510204,316.499925510204,323.76428877551,116.358190816327,113.710125510204,116.554595918367,46.2001344897959,165.119081632653,127.73862244898,128.195978571429,204.045054081633,189.230912244898,215.197008163265,283.849560204082,206.642274489796,77.2405731632653,172.213533673469,220.607013265306,219.408954081633,277.624812040816,145.533309183674,474.779471428571,564.089577551021,429.206347959184,326.101343877551,145.066876530612,81.0493989795919,63.1818336734694,136.513830612245,128.460459183673,369.752296938776,192.342497959184,284.26847755102,494.266812244898,151.165398979592,281.954687959184,87.9023959183674,135.625932653061,260.786716326531,182.216578571429,186.716682653061,142.883287755102,349.287319387755,472.499008163265,168.497826530612,239.911603061224,160.305920408163,160.547135714286,204.135917346939,200.500898979592,147.253516326531,209.336046938776,139.652525510204,102.128384693878,242.889968367347,155.789792857143,149.675603673469,370.630026336735,174.037834693878,165.562043877551,110.08617244898,110.084954081633,233.448032653061,194.289002040816,109.32157755102,184.410081632653,251.493704081633,351.818233673469,625.907858163265,177.244409591837,193.020909591837,141.42153877551,446.234178571429,300.218289795918,167.518351020408,74.0015704081633,127.633666530612,334.331296938776,445.638060204082,339.580999183673,348.884302040816,127.915816326531,56.7918295918367,331.355413265306,250.281185714286,196.846146122449,189.202345918367,226.823344897959,129.637085714286,139.821429591837,107.942283673469,231.641647959184,155.053276530612,363.553501020408,265.646141836735,429.264281632653,618.206606122449,173.490984693878,86.9235692857143,297.814636632653,223.048013877551,160.07376122449,312.641117346939,351.607568367347,405.53832244898,190.541540408163,208.822307142857,168.384941836735,217.955087755102,75.2348489795919,80.6614020408163,151.440736734694,115.729031632653,100.505530612245,357.52017244898,366.75593877551,423.529885714286,301.250005102041,213.666319387755,150.481126530612,86.2475520408163,210.161730612245,379.237466326531,263.390438571429,198.699985510204,215.137957346939,239.786551020408,77.2398030612245,123.880128571429,290.984224489796,267.982217346939,282.059334693878,423.905279591837,564.356779795918,54.0345087346939,230.059551020408,231.078735714286,209.96172244898,186.228934693878,231.923124489796,238.422884693878,99.2818163265306,106.673210204082,99.9577265306123,67.0703835714286,157.215970306122,239.228090816327,210.207946938776,192.058957142857,225.419239795918,107.516229591837,160.050757142857,120.732523469388,75.0675275510204,113.164484693878,137.985539795918,222.533212244898,158.703483673469,145.196489795918,106.316654081633,255.479563265306,180.435730612245,301.87617755102,199.620850816327,173.812299591837,150.779630408163,85.6743816326531,143.091093877551,104.899619387755,136.426395918367,134.75,285.157089795919,293.316183673469,95.8656040816327,146.578841836735,171.256574489796,219.224197959184,267.528865306123,99.7419020408164,153.142428204082,344.971081632653,165.214530612245,169.169482653061,120.287894897959,410.978164285714,300.376565510204,332.261070408163,536.275004081633,211.884144897959,440.475008163265,366.614136734694,325.499839183673,152.005057142857,121.052812244898,283.057631632653,156.241674489796,205.36482244898,88.8321485714286,220.620780612245,191.192696938776,161.479003061225,332.956056122449,352.531436734694,178.50125,265.258762244898,105.716552040816,138.187603061225,205.464586734694,201.856756122449,158.681128673469,183.28371122449,445.600948979592,154.280949795918,297.657156122449,331.220041122449,299.072140102041,291.65286755102,240.193642857143,36.9134644897959,196.507465306122,263.200489795918,142.710302040816,489.816480612245,251.138429591837,251.015812244898,232.900581632653,196.029912244898,286.128811428571,524.46492755102,153.160418367347,160.001571428571,221.775797959184,163.46272244898,363.97037755102,315.467213265306,62.1304056122449,191.930568367347,369.864609183674,177.1247,213.670221428571,198.692740816327,222.40935,170.806514285714,106.155152040816,370.745624489796,300.176340816327,436.951831632653,193.562512244898,264.424641836735,386.831397959184,276.291333061224,545.428659183674,414.259623469388,579.461553061225,366.349548979592,135.121412653061,200.702006122449,303.660342857143,146.072918367347,133.962907142857,100.15145244898,323.568753061225,688.664285714286,215.09446122449,153.331393877551,164.735276530612,467.513225510204,306.055628571429,410.862125510204,113.608857755102,138.302981938776,87.8583975510204,135.236423469388,128.022192857143,119.443492857143,498.397363265306,157.525098979592,430.694685714286,185.971107142857,257.519421428571,286.928551020408,131.162103061225,180.862314285714,331.6801,124.333358163265,220.805903061225,383.52427244898,251.781869387755,269.902352040816,369.176362244898,320.429419387755,286.328460204082,567.12763877551,491.063307142857,482.50477244898,197.101440816327,292.25448367347,210.284214285714,480.424555102041,264.373920408163,196.924330612245,81.2183744897959,166.94127755102,118.989025183673,211.588246938776,244.674344897959,204.60808877551,191.770617346939,179.362568367347,318.244963265306,231.983121428571,282.964958163265,72.5021214285715,212.886720408163,210.537171938775,202.492066326531,271.877031632653,109.746079591837,122.077723469388,190.301091836735,106.43717244898,123.054552040816,140.015547959184,249.652821428571,200.405347959184,245.735565306123,101.407336734694,80.1918673469388,138.753725510204,194.675393877551,216.948639795918,187.517059183674,183.510832653061,159.133337755102,170.823279591837,289.061134693878,212.570346938776,324.304306122449,293.453675510204,217.358680612245,126.809514285714,129.201752040816,132.825102040816,135.980657142857,207.800746938776,134.20906122449,315.78548877551,168.949887755102,358.017963265306,660.45567,390.418071428572,411.614691836735,186.558543877551,427.352979591837,510.773483673469,221.133886734694,114.090048979592,142.401319387755,188.536652040816,156.606501020408,208.477926530612,248.790180204082,288.72281122449,174.521748979592,216.360270408163,170.185880612245,264.555852040816,141.169781632653,198.614743877551,435.36071122449,254.111896938776,179.87938877551,142.801387755102,295.680310204082,246.715109183674,145.426989795918,93.6111255102041,104.307644897959,126.080818367347,421.35856122449,189.465791836735,207.075283673469,256.777745918367,216.873297040816,178.803804081633,243.134423469388,153.467695918367,487.729639795918,300.789298979592,285.080839795918,112.598355102041,127.017830612245,144.94468877551,301.384926530612,221.51716122449,289.33878877551,337.387591836735,126.513880612245,221.601467346939,252.672642857143,278.539158163265,96.4762275510204,144.188699591837,369.150280612245,268.887444897959,180.619969387755,426.526005102041,507.22727755102,381.5835,177.167124489796,84.5496540816327,154.887204081633,400.623592857143,305.926370408163,199.626715306122,231.944991836735,88.1151724489796,183.572487755102,162.538712244898,125.719191836735,77.8165928571429,297.11891122449,456.917957142857,412.538423673469,154.961553061225,386.050981632653,219.331606122449,239.391163265306,251.116618367347,211.091579591837,151.271759387755,138.970210204082,469.882818367347,308.905989795918,147.916220408163,400.690279387755,380.835114387755,355.289602040816,341.938016326531,262.098941836735,199.578662244898,157.760909183674,130.814887755102,104.316787755102,128.217483469388,97.222618367347,119.756571428571,82.0294724489796,89.9993724489796,108.755925612245,236.373485714286,289.510113265306,291.397943877551,433.47143877551,197.590281632653,290.754063265306,129.580292857143,181.360394897959,181.124168367347,314.263342857143,201.910947346939,234.181745918367,119.506086734694,116.302656122449,271.783865306122,174.215148979592,260.813367346939,168.558285714286,157.736105102041,185.370632653061,126.429830612245,222.124682653061,173.7773,140.325433673469,246.186154081633,155.330666326531,119.67758877551,55.5868040816327,160.330763265306,254.912858163265,280.614508163265,434.957914285714,272.39362244898,315.767262244898,383.541483673469,366.685191836735,72.2717887755102,137.830718367347,161.960435714286,102.097300102041,117.060805102041,55.6098734693878,67.5966295918368,254.708678571429,118.956564285714,144.855392857143,103.104278571429,124.717970408163,167.738539183673,166.325165306122,259.350180612245,171.762233673469,425.71222755102,322.006852040816,126.718585714286,105.823121428571,183.905305102041,156.322936734694,224.425509183674,329.610879591837,269.912889795918,272.174481632653,332.936660204082,212.74575,183.531700102041,181.744543877551,209.414421428571,168.144203061225,202.665647959184,376.979347959184,582.557046938776,432.281623265306,328.977935714286,159.964500918367,666.118317346939,153.592368571429,308.602458163265,297.757664816327,153.065706326531,84.5577936734694,104.848679591837,75.2696857142857,58.9416775510204,71.6533448979592,41.3777759183674,149.734492857143,185.360582653061,242.736757142857,361.377447959184,139.659768367347,87.1072775510204,131.238391836735,131.764568367347,274.394126530612,317.920604081633,268.555910204082,281.221185714286,244.766065102041,343.125010204082,299.900226530612,99.2146132653061,158.07432244898,168.031624489796,186.974098979592,216.479213265306,163.477025510204,160.478814285714,129.84857244898,217.320859183673,300.212794897959,252.754845918367,196.794569387755,559.536524489796,226.405189795918,132.467783673469,230.53571122449,577.207541836735,559.528304081633,352.777973367347,205.585687755102,300.367261938776,177.234921428571,482.212954081633,271.194297959184,280.523734693878,213.528784693878,157.475065306122,114.804158163265,134.346265306123,170.943832653061,243.66593877551,199.84168877551,152.120623469388,312.866879591837,150.276940816327,257.44995,152.704333673469,384.503174489796,533.727070408163,609.219367346939,521.629804081633,134.622958163265,405.257036734694,402.42158877551,230.839029591837,150.220240816327,31.6344551020408,338.497103061225,253.188329591837,71.5170816326531,84.1421489795919,97.5867551020408,87.1389979591837,100.403713265306,212.210356122449,276.107333673469,327.254455102041,322.101057142857,313.084631632653,258.550834693878,260.924384693878,120.432445918367,108.214570408163,214.869637755102,160.037424489796,147.597733673469,185.858746938776,167.942204081633,136.865078571429,206.025044897959,183.346536734694,153.383233673469,367.985032653061,260.236023469388,240.784787755102,127.435712244898,259.581169387755,149.528628265306,294.242325102041,261.570736734694,355.326121428571,328.883626530612,133.712162244898,239.117766326531,245.426426530612,105.47055,158.12211122449,461.948826530612,290.786126530612,366.817204081633,233.204512244898,229.52786122449,230.777764285714,207.276195918367,267.569107142857,175.060397959184,214.492485714286,250.295321428571,100.29628,55.1009285714286,95.659612244898,207.679435510204,117.203779591837,125.064556122449,283.066701020408,303.852418367347,167.280958061225,185.466533673469,207.691930612245,463.3433,625.45972244898,134.228733673469,221.517744897959,320.697680612245,266.829145918367,118.170728571429,285.18128877551,291.613228571429,85.1325857142857,365.366576530612,327.284715306123,230.865057142857,196.092176530612,220.096052040816,160.127462244898,166.761931632653,180.421468367347,127.542908163265,155.580425510204,192.473694897959,336.425936734694,266.970646938776,184.589715306122,362.346336734694,280.268742857143,246.657968367347,168.257167653061,415.205313265306,161.529686734694,517.98452244898,161.507963265306,286.367113265306,370.979907142857,197.969885306123,134.980541836735,362.23887244898,298.313740816327,184.645154081633,515.006589795918,323.179047959184,173.132895918367,179.182221428571,120.56555,192.319801020408,338.891708163265,175.189394081633,181.821052040816,239.319625510204,97.7724853061225,363.138885102041,494.279722040816,341.808595918367,206.900305102041,97.1930030612245,106.672152040816,95.2718357142858,116.244751020408,211.684189795918,230.26132244898,281.182505102041,205.05455,290.526991836735,201.348091836735,137.808557142857,136.384147244898,105.646554081633,159.68427755102,150.837551020408,66.3079673469388,363.695493877551,528.718465306122,83.6989765306123,425.200376530612,334.84888877551,219.252804081633,463.880485918367,143.036452040816,389.304752040816,266.61614744898,181.289143877551,206.460178571429,281.485765306123,449.970240816327,235.556251020408,166.988309183674,114.819934693878,153.336357142857,111.122659183674,49.4333755102041,48.9026051020408,36.9633918367347,235.753541836735,258.450462244898,323.214912244898,126.205952040816,105.584556122449,194.227464285714,130.053851020408,348.90157122449,326.357916326531,137.077833673469,260.978756122449,174.140237755102,210.912025510204,198.871676530612,92.7008673469388,541.933556122449,407.41542755102,370.079095918367,346.545702040816,135.238364285714,236.216509183674,247.655340816327,226.687730612245,290.647443877551,342.1547,213.026951020408,169.506158163265,282.332055102041,360.861591836735,124.562575510204,181.109909183673,109.672533673469,104.591831632653,96.5588612244898,125.711484693878,124.91117755102,116.866549591837,151.753133571429,212.957470306122,312.62457755102,144.915851020408,157.527048979592,220.03402244898,113.529582653061,136.27537244898,72.8544010204082,67.0967591836735,189.469393265306,128.950240612245,239.196736326531,85.4393193877551,368.180545918367,430.426704081633,157.993936734694,179.54609877551,280.68989877551,217.028631632653,89.0957224489796,213.20171877551,203.967893877551,82.5036285714286,125.977968979592,646.314376122449,678.202982653061,351.19374877551,149.69964877551,82.7134826530613,163.105140816327,100.455826326531,93.6254928571429,97.3084102040817,259.843831632653,299.77068877551,267.819087755102,225.684897040816,291.029182653061,306.161085714286,280.322212244898,135.965365306123,151.054612244898,553.461181632653,157.640484693878,452.146028571429,740.410589795919,339.841321428572,211.255816326531,246.463036734694,388.904883673469,448.846724489796,333.593540816327,350.394898163265,370.686986734694,315.52658877551,231.12011122449,423.324720408163,81.9608973469388,167.88117755102,179.11402755102,214.027007142857,284.842702040816,115.02556122449,240.000923469388,61.0899755102041,235.451852040816,272.452303061225,188.806131020408,238.617899387755,238.137195918367,315.879503061225,175.67975,358.518835714286,175.715275510204,109.121937755102,166.69293877551,175.08543877551,273.841991836735,193.36095,239.734874489796,162.500405102041,39.4598571428571,46.2526932653061,291.705595918367,349.671651020408,401.815865306123,458.142637755102,172.563972244898,165.972835714286,182.647941836735,142.219944897959,103.90913877551,87.1884428571429,394.712039795918,400.919244897959,370.906580612245,329.71026122449,313.527278571429,377.456059183674,406.86525,315.116871428572,168.046040816327,135.872808571429,251.97847244898,301.377793877551,173.542703061225,39.928687755102,271.207734693878,105.839213265306,329.463995918367,345.630778571429,393.406556122449,325.404954081633,287.680552653061,148.275754081633,208.550726530612,244.223402040816,237.962712244898,399.91188877551,358.620623469388,355.571637755102,528.863106122449,308.750520408163,579.984964285714,108.090954081633,264.249737755102,483.551847959184,206.914329591837,129.965464285714,71.4411836734694,521.428575510204,416.896395102041,402.518256122449,222.899818367347,235.402642857143,389.059387755102,273.170430816327,301.345795918367,224.98652755102,49.1808077551021,486.55614877551,388.582759183673,243.722045918367,202.134140408163,246.808908163265,355.493265306123,141.156359183673,367.850386734694,292.5645,225.212396938776,252.190819387755,291.778454081633,290.092095918367,182.389294897959,193.05852244898,190.273171428571,196.232541836735,88.02645,76.7395744897959,196.547843877551,303.153716326531,419.779624489796,222.865318367347,234.730565306122,144.854405102041,95.317018367347,159.16152244898,194.449848979592,173.897721428571,306.805844897959,229.979756122449,447.593760408163,219.029415306123,178.184469387755,195.257057142857,216.908507142857,203.385691836735,145.122982653061,172.748424489796,221.937690816327,205.973455102041,278.296560204082,267.832024489796,96.347093877551,88.672056122449,100.636410204082,266.100016326531,119.223617346939,137.745462653061,342.997108163265,231.603190510204,372.926184693878,277.844881632653,225.609423469388,260.500374897959,212.70187244898,194.758742857143,341.542066938775,310.670583673469,406.314235714286,413.756149183673,315.749417346939,231.953305102041,347.538936734694,322.582395918367,314.467717346939,328.430668367347,75.1447673469388,245.135048163265,244.265069387755,229.286412244898,204.922712244898,393.632386326531,161.426261326531,306.823539795918,425.858889795918,354.316981632653,216.779474489796,97.9720475510204,181.566689795918,296.517950306122,210.444996938776,241.284279591837,227.141454081633,161.878749387755,216.410812244898,416.796107142857,108.204080612245,122.972083673469,118.133748979592,246.053725510204,389.909398979592,166.828152040816,380.150913265306,455.421008163265,222.50802755102,200.259806122449,157.591919387755,63.0853669387755,169.188471428571,158.673314285714,169.075569387755,295.337964285714,367.924543877551,113.074068367347,542.245534693878,389.873826530612,158.17537244898,237.631570408163,204.934653979592,188.953429183674,181.396379591837,207.133773469388,179.839595918367,268.672501020408,225.974234693878,246.916402040816,229.156033673469,207.011951020408,161.510004081633,261.240975510204,324.920045918367,399.236746938776,71.1510481632653,66.7484653061225,231.747516122449,334.05852244898,200.005601020408,379.316384693878,275.211170408163,385.945260204082,298.404465306122,137.10053622449,257.053316326531,219.347093877551,157.717072040816,64.0563755102041,194.772451020408,166.654773469388,170.321044897959,114.697257142857,275.244276530612,111.861394285714,160.76426122449,179.560281632653,107.449181632653,55.9233744897959,94.5916469387755,67.8525346938776,133.287481632653,233.546542857143,194.538298979592,212.224402040816,241.241524489796,182.885709183674,247.271879591837,565.979739795918,598.591534693878,247.476604081633,255.490847959184,549.213668367347,168.924007142857,166.002293877551,348.44042244898,360.306123877551,350.365466326531,174.191470408163,125.847709183674,465.301987755102,507.021426530612,477.103571428572,291.319531632653,262.851697857143,142.403035714286,354.694782653061,179.10517244898,248.366675510204,713.903121428571,101.240319387755,99.3734326530612,229.673229591837,77.3132193877551,332.063830612245,274.083564795918,449.121118367347,301.069198979592,201.126708163265,488.12567755102,239.600221428571,284.203372857143,300.73113877551,260.788596938776,210.825068367347,308.706531632653,190.967824489796,274.784157142857,218.281500408163,208.934523469388,300.192440816327,165.222624489796,153.405701020408,170.083355102041,193.895381632653,302.681971020408,432.82935,86.813068367347,143.807803061225,325.329163265306,321.904221428571,353.337330612245,74.5069469387755,174.638985714286,345.705594897959,205.479702040816,127.244747959184,260.669969387755,65.442528367347,218.079955102041,243.451009183674,168.439076530612,193.004584693878,162.042808163265,260.686851326531,411.209764285714,431.538705918367,247.239198979592,220.087753061225,365.395416326531,184.229889795918,177.740707142857,527.40807755102,347.816243877551,215.56257755102,299.115092857143,666.921876530612,171.872335714286,102.116269387755,224.740209183674,195.269804081633,171.652775510204,584.922205102041,287.215798979592,246.375648979592,171.334340816327,346.180492857143,41.9825585714286,132.150176938776,252.084741836735,238.029419387755,287.661240816327,348.456084489796,277.390891632653,241.605056122449,174.77946122449,211.272779591837,285.566209183673,642.369380612245,103.197305102041,152.604194897959,165.395570408163,155.174859183673,176.695931632653,177.374937755102,225.626910204082,320.764955102041,243.817427551021,427.292776530612,307.400142857143,224.778479591837,411.236331632653,301.194147959184,288.727036734694,152.31801755102,410.040384387755,279.609587755102,155.776914285714,156.090340816327,169.350037755102,98.914118367347,293.347894897959,70.9080632653062,291.441380612245,353.227949795918,197.577860204082,115.828501020408,108.321178571429,162.693342857143,182.78383877551,84.1528714285714,170.179309183674,215.411076530612,193.869508163265,127.034883673469,254.966224387755,149.293433673469,69.5519316326531,45.7422173469388,117.091402040816,174.337676530612,306.885167346939,163.132289795918,130.7988,477.275617346939,154.90313877551,549.211024489796,511.991133673469,250.479996938776,291.200943877551,207.58711122449,175.211575510204,217.332259183674,65.7763316326531,116.933363265306,119.900313265306,178.542936734694,222.333928571429,211.929001020408,144.39740255102,326.638121428571,247.026305102041,225.533589795918,246.212309183674,230.638918469388,213.029868877551,389.837408265306,308.807898979592,309.352493877551,148.161565306122,191.423434693878,240.798717346939,113.608794897959,128.138880612245,116.404919387755,147.465965306122,102.731580612245,152.960080612245,151.87922755102,237.682714285714,229.661205102041,192.757771428571,200.842494897959,251.656130612245,221.588382653061,221.222370408163,143.341289795918,83.9483591836735,68.2972891836735,119.841453061225,174.035113265306,280.868857142857,531.291646938776,400.691260204082,227.783007959184,213.676306122449,496.317334693878,420.863583673469,428.854783061225,302.769275510204,331.443071734694,275.671540816327,279.748637755102,106.339573469388,74.2773489795918,56.2737173469388,352.860242857143,477.272102040816,351.448618367347,161.748860204082,156.071434693878,280.7382,130.463126530612,124.300514285714,178.197351020408,90.587428877551,149.056606122449,58.393446122449,52.979072244898,43.1733765306123,245.088634693878,211.334797959184,250.99701122449,196.4061,304.21943877551,243.226292857143,202.370895918367,182.345502040816,245.12023877551,433.327040816327,182.870004081633,113.143191836735,134.777709183673,399.878228163265,121.501062244898,254.577707142857,254.866853061225,196.332294897959,285.400126530612,281.208804081633,151.812486734694,296.635285714286,189.399263265306,321.815528571429,257.123163265306,192.308244897959,204.036780102041,198.288385714286,297.62542755102,132.029681122449,470.26812244898,89.8297469387755,128.425678979592,206.045678979592,329.398184693878,195.158657142857,209.25838877551,108.333155102041,449.16622755102,85.0968051020408,131.854139795918,559.769244897959,379.949405102041,160.924997959184,185.420946938776,158.389073469388,107.380826530612,219.593358163265,274.096814285714,279.404044897959,414.884418367347,461.215224489796,439.108732653061,291.215130612245,268.818067346939,296.364742857143,516.20288122449,692.536046938776,283.843454081633,209.33937244898,433.357353061225,450.645334693878,299.772619387755,349.723597959184,348.461783673469,315.269165306122,325.136563265306,161.377373265306,517.203390816327,441.832615306122,495.0756,200.498760204082,218.382435714286,96.130896122449,138.741797959184,211.107476530612,172.991948979592,249.407732653061,159.647571428572,158.95217755102,384.471871428571,405.786827551021,428.985945102041,238.214732653061,103.659894897959,465.732945918367,540.172963265306,261.006307142857,244.212333673469,403.019156122449,313.029813265306,152.374139795918,554.927673469388,184.433766326531,103.607031938776,135.584152040816,91.7284397959184,122.609096938776,177.77832244898,171.497033673469,112.476283061224,196.145768367347,362.28562244898,202.540940816327,155.118987755102,181.455631632653,246.109639795918,246.202182244898,251.328812244898,103.447321428571,270.965563265306,395.597118877551,275.834840816327,300.988873469388,205.372051020408,284.003209183674,204.688701020408,168.395739795918,200.82305,172.703926530612,219.567263265306,147.983317346939,149.310580612245,124.741962244898,144.707062244898,126.189846938776,157.865597959184,147.216437755102,197.637092857143,115.646967346939,169.064452040816,379.406459183674,162.273957142857,153.823360306122,197.091956020408,233.102221428572,295.655202040816,85.7497957142857,213.393458163265,187.41712244898,192.919975510204,326.28102244898,307.01523877551,504.475776530612,266.569598979592,221.273776530612,116.779719183673,189.473820816327,278.355030612245,388.779934693878,183.294310204082,328.712507142857,551.948457142857,526.827293877551,559.327756122449,394.5213,215.472163265306,199.756116326531,263.913494897959,222.636379591837,171.741566326531,138.636457142857,174.595767346939,140.226566326531,181.422444897959,66.4054163265306,156.087264285714,324.085253061225,103.323510204082,146.594276530612,214.983873469388,353.185136734694,310.180106122449,287.408796938775,302.741527346939,64.6235904081633,70.2111397959184,113.878825510204,85.0655844897959,152.025257142857,138.571552040816,180.830353061225,199.38743877551,92.6602846938776,111.688217346939,131.026807142857,421.460845918367,624.176132653061,137.369685714286,214.625175510204,231.283396938776,228.746333673469,447.033320408163,251.048110204082,397.188278571429,136.26971122449,339.736639795918,162.365634693878,133.515465306122,233.402952040816,302.583212244898,309.538595918367,161.144162244898,283.269432040816,261.462228571429,247.692333673469,340.615043877551,95.7404979591837,250.970201020408,332.096619387755,149.362407142857,131.945402040816,168.690624489796,221.185245918367,70.7922612244898,59.8857163265306,186.857007142857,208.172009183674,245.238763469388,76.373463877551,229.561553061225,178.771908163265,156.498634693878,359.07651122449,142.412724489796,104.960570408163,164.804484693878,131.366473469388,281.302886734694,300.864144897959,317.216095918367,228.501139795918,307.468181632653,198.906048979592,205.528552040816,189.538821428571,215.543304387755,275.207930612245,269.106544897959,324.477134693878,344.758392857143,106.393393673469,84.4706632653061,131.259971428571,317.644789795918,267.490573469388,278.545479591837,320.676246326531,417.397852040816,426.753785714286,152.734010204082,134.078239795918,451.74522244898,177.431702040816,180.794170408163,534.323375510204,297.306286734694,224.300402040816,252.033806122449,303.133610204082,243.266665306122,410.448660204082,418.883219387755,285.920890816327,181.374709183674,341.261321428572,108.663632653061,257.980901020408,273.901441836735,158.508429795918,178.394509285714,260.002793877551,423.821479591837,312.077439795918,339.274385918367,292.276794285714,184.443363265306,270.378587755102,116.36077244898,81.0334560204082,115.668197959184,344.531465306123,402.19632244898,503.020134693878,288.246732653061,450.114943877551,445.514854081633,173.586907142857,510.555289795918,303.337599387755,277.538118367347,194.874933061225,163.932415306122,143.850442857143,361.900073469388,356.57621122449,406.934353265306,255.743693877551,477.416631632653,213.29743877551,162.372273469388,176.050134693878,239.802374489796,374.004744897959,349.723686734694,305.409314285714,182.03367622449,270.136564285714,110.608989795918,304.54496122449,194.848933673469,145.210475714286,346.575801020408,261.836057142857,196.308910204082,134.913529591837,182.521396938776,519.678783673469,348.834808163265,135.372691836735,475.830987755102,306.149019387755,339.892720408163,344.172751020408,282.915225510204,465.660668469388,219.664944897959,120.296213755102,208.29972244898,66.2934205102041,446.546330612245,104.478601020408,338.402280612245,515.024893877551,652.549914285714,386.449918367347,516.908063265306,400.282131632653,238.615020408163,152.633145918367,269.255235714286,113.852853061224,110.027064285714,252.395315102041,246.870216326531,232.481959591837,529.385110204082,283.180380612245,485.566428571429,320.591685714286,419.870086734694,131.255727959184,182.892444897959,172.384289795918,216.195944897959,172.314429591837,142.708962244898,181.027424489796,208.424960204082,234.846396938776,103.3477,148.708695918367,252.842258163265,231.342170408163,108.071173469388,71.9836846938776,59.9855971428571,142.887926530612,113.040707142857,257.94727244898,268.344792857143,103.751275510204,152.83635,307.715165306122,173.060406122449,125.399496938776,147.510298979592,166.718109183674,178.219687755102,238.077718367347,216.246029591837,225.401854081633,168.756841836735,152.369506122449,300.463959183674,201.407435714286,427.067847959184,376.668418367347,174.709056122449,190.110912244898,195.705976530612,130.684869387755,142.643012244898,319.686551020408,175.717465204082,157.377025510204,256.569279591837,221.344796938776,185.199220408163,305.441539795918,358.327363469388,118.025810612245,143.522637959184,184.845709387755,133.246760204082,187.012282653061,85.6860091836735,178.951054081633,191.999598979592,657.646123469388,343.571236734694,159.364760204082,207.620884693878,175.691586734694,156.51915122449,197.122875510204,200.585825510204,178.258267346939,215.913669387755,260.800395918367,233.518832653061,92.503506122449,268.311070408163,163.244208163265,272.383473469388,249.192971428571,184.189370408163,123.342843877551,152.959984693878,217.449789795918,162.999139795918,121.156529591837,533.175832653061,399.491552040816,180.314485714286,162.58188877551,146.794848979592,109.314903673469,188.003151020408,138.010690816327,237.400386530612,118.715779591837,144.483896734694,123.840274489796,497.939616326531,292.542966326531,289.786657142857,309.694063265306,331.262786734694,120.820779591837,146.147744897959,173.639125510204,129.101022244898,221.13333877551,214.935437346939,195.096183877551,69.7534602040816,145.695992244898,166.322753061225,144.761015306122,309.447032653061,642.508459183674,510.229574489796,166.206745918367,327.752936734694,213.437163265306,214.231968367347,240.868558163265,265.970098979592,110.331066326531,150.880958163265,177.962542857143,301.514784693878,108.909742857143,448.278201020408,359.472224489796,329.060532653061,108.013041836735,392.011659183673,448.854315306122,262.766776530612,430.497237755102,134.674297959184,324.793528571429,250.561523469388,213.817178571429,86.7381846938776,155.876164285714,113.411556122449,308.859341836735,117.955983673469,63.2726393877551,120.058265306122,110.389442244898,248.292010204082,341.842283673469,638.477779693878,560.959770408163,560.811343877551,212.006143877551,77.1954367346939,79.7883673469388,342.908205102041,223.559567346939,214.152398979592,563.721298979592,236.608923469388,143.277812244898,221.41385,216.471576530612,214.69838877551,258.11918877551,149.029810204082,686.580456122449,546.922804081633,549.39317244898,670.896807142857,588.592895918368,498.697166326531,386.86396122449,251.567517346939,363.347644897959,150.007234081633,119.055510204082,111.023231632653,209.435291836735,283.646654081633,190.332721428571,296.907685714286,252.584655102041,390.094855102041,526.524130612245,616.768610204082,353.896465204082,423.955936734694,347.123023469388,161.595095714286,176.690228571429,183.650251020408,176.229547959184,190.775868163265,308.013015306122,319.564504081633,679.55022755102,122.226151020408,466.225523469388,166.132196938776,215.104174489796,278.714606122449,174.773597959184,159.919886734694,174.156442857143,134.226091836735,121.659126530612,90.7003367346939,82.1516295918368,106.246679591837,152.960668367347,482.636108163265,249.278569387755,204.755869591837,132.391805510204,98.6018765306122,130.43301122449,166.991745918367,500.879150918367,734.176567857143,156.178696938776,123.800171428571,75.0065734693878,139.141469387755,289.289001020408,398.988001020408,164.926502040816,133.799213265306,173.540066326531,141.688941836735,221.33888877551,505.606602040816,665.867768367347,437.945871428571,106.939618367347,164.994907142857,246.849491836735,263.306285510204,293.781350204082,300.270709183674,195.617054081633,208.135615306123,236.249931632653,282.705641836735,698.381602040816,244.763232653061,322.273890816327,253.457365510204,208.841263265306,267.217580612245,354.684910204082,109.505134081633,283.878606122449,249.59271122449,233.261107142857,305.692574489796,321.970768367347,129.991978571429,130.146454081633,91.6230673469388,140.677789183673,297.941266326531,131.278267346939,106.709824489796,161.031586734694,212.063973469388,243.20076122449,199.985073469388,236.426316326531,332.104921428572,268.708303061225,122.639933673469,105.842357142857,584.964231632653,263.220309183674,184.983901020408,245.403887755102,339.107804081633,285.847397959184,135.160887755102,352.693073469388,145.863536734694,183.049932653061,200.029151020408,146.387820408163,206.90132244898,319.40628877551,292.52593877551,186.306944897959,225.423609183674,205.093905612245,266.265328571429,168.300896938776,302.523396938776,503.556787755102,186.782962244898,85.2777624489796,380.189385408163,481.172328571429,250.229982653061,305.511282653061,220.553997959184,117.344158163265,162.344626530612,184.146123469388,226.644353061225,222.44312755102,164.354633673469,255.788510204082,186.538066326531,173.779184693878,204.4786,164.165814285714,202.799883673469,155.433348979592,229.86575,256.237359183674,233.91083877551,209.70512244898,209.60443877551,225.896651020408,159.815373877551,156.146357346939,245.057856122449,263.56975,266.162758163265,101.88761122449,81.8678187755102,54.5170964285714,69.696802244898,376.836972040816,99.6634183673469,268.155841836735,89.7901234693878,63.7483918367347,158.783618367347,131.65919,178.920686734694,395.482807142857,423.365956122449,205.113280612245,328.995233673469,357.981433673469,199.155754081633,239.11271122449,205.821489795918,230.448808163265,66.4125830612245,238.468615714286,348.54153755102,391.801297959184,118.014310204082,81.2386081632653,298.751140816327,195.259519387755,215.18613877551,472.617847959184,411.752656122449,425.751875510204,264.388629591837,287.928535714286,81.7398112244898,141.745308163265,184.018691836735,283.019068367347,367.110239387755,293.272348979592,198.48677755102,178.33472755102,178.647839387755,428.148937755102,262.524640816327,310.158106122449,92.4398255102041,95.7328397959184,275.165076530612,312.964773469388,234.900993877551,175.086594897959,190.46617755102,271.155073265306,202.822998979592,102.509301632653,113.174548979592,146.491142653061,220.406583163265,274.875744489796,161.834374489796,66.5678744897959,252.846789795918,324.297678163265,109.632824489796,115.366374489796,144.292784081633,249.414580612245,206.091723469388,131.554985714286,147.704355102041,158.850369387755,212.90638877551,291.898453061225,106.654532653061,112.659084693878,207.333239795918,328.05381122449,278.737529387755,193.326573469388,280.608048979592,184.856710204082,202.152723469388,305.678502040816,195.671297959184,171.893012244898,225.89106122449,209.404085714286,85.8521857142858,130.125426530612,248.334918877551,298.424939795918,215.337384693878,117.837371428571,206.969846938776,425.856131632653,219.407920408163,258.54272755102,206.776776530612,196.163331632653,201.607281632653,179.062541836735,182.491958163265,316.389318367347,180.30937244898,308.494790816327,184.111048979592,161.038641836735,184.188968367347,113.405079591837,68.3157691836735,113.365560204082,154.759862244898,101.905501836735,191.254580408163,123.481960204082,348.38937244898,217.460084693878,279.317575510204,228.688331632653,42.2951530612245,82.011793877551,152.746773469388,124.740775510204,71.5350375510204,119.281090816327,81.5804985714286,164.989445918367,139.545028571429,117.008525510204,108.588154081633,236.151251020408,192.177678571429,201.839836734694,258.523629591837,186.181487755102,211.97672122449,385.050324489796,565.4829,188.40667244898,77.4263704081633,203.328096938776,238.618763265306,273.097213265306,279.886413265306,367.59292755102,549.590837142857,881.242152040816,196.562759183674,338.33608877551,142.288080612245,447.20396122449,580.308557142857,290.506493877551,208.159668367347,426.958359183674,611.107640408163,596.859259387755,181.936040816327,218.832696938776,123.874015306122,415.567693877551,239.518421428571,293.218471428571,205.340321428571,308.413933673469,517.152834693878,218.931934693878,196.891121428571,262.52353877551,567.380008163265,379.202897959184,352.233256122449,436.293615306122,264.778247142857,234.94843877551,238.637314285714,264.849876530612,161.76768877551,394.537248979592,352.649860204082,239.278933673469,220.819625510204,235.475104693878,230.786870408163,185.692230612245,167.331973469388,82.5498989795919,284.195784693878,245.851209183673,220.711451020408,387.552464285714,192.916435714286,163.006729591837,415.780541836735,421.284996938776,180.856213265306,232.510779591837,228.293314285714,263.239524489796,243.607147959184,283.379048979592,232.275962244898,149.486539795918,147.218768367347,130.888013265306,480.792696938776,496.68072755102,444.169716326531,229.746457142857,157.960275510204,212.880926530612,139.67977244898,241.156815306123,120.01816,165.429943571429,71.6159930612245,143.483179897959,153.924070408163,445.199145918367,202.884894897959,373.619723469388,449.094077551021,456.632751020408,222.797306122449,278.073979591837,126.334864591837,91.0897224489796,43.9164520408163,313.249612040816,175.820628571429,292.251324489796,270.877437755102,401.397340816327,215.930382653061,600.254241836735,309.33861122449,281.140789795918,79.9782493877551,227.924197959184,285.442009183673,312.238681632653,399.027690816327,344.506741836735,373.385765306122,234.860398979592,517.138037755102,317.473057142857,301.531741836735,466.157241836735,405.220318979592,179.119186734694,270.536606122449,158.00751122449,262.945095918367,269.970371428571,145.027381632653,141.884719387755,228.800185714286,267.135943877551,380.270783673469,214.082602040816,179.957502653061,363.677267346939,134.625354081633,156.934612244898,103.72898877551,209.376306122449,442.024823469388,506.111456122449,310.494682653061,412.003490816326,459.269862244898,255.719445918367,557.920274489796,283.463930612245,171.308082653061,265.749354081633,226.070118367347,317.393395918367,159.646503061225,180.043974489796,138.615623469388,162.091009183673,68.1623397959184,214.375353061225,234.972424489796,206.398573469388,84.3469551020408,147.642974489796,125.326376530612,496.315542857143,143.794101020408,246.081236326531,391.72681755102,402.409792857143,263.541091836735,500.072906122449,355.254522040816,136.780148979592,106.817108163265,256.698920408163,240.382329591837,138.383519387755,198.928155102041,107.065759183673,181.717196938776,224.351137142857,279.13357755102,182.202558163265,240.680202040816,164.311774489796,375.917280612245,114.983862244898,258.961255102041,330.257312244898,285.925752040816,344.648991836735,639.888776530612,247.360809183673,279.354057142857,214.719841836735,135.224285714286,178.268573061225,327.095624489796,232.971181632653,216.227652040816,429.930891836735,405.355548979592,422.005784693878,436.657614285714,338.359370408163,270.434382653061,126.62718877551,134.228918367347,158.6931,174.069897244898,111.771583673469,596.890663265306,96.7719545918368,357.197513265306,288.19272755102,488.640378571429,282.079993265306,352.804216326531,188.546960204082,290.340906122449,285.295244693878,403.158531632653,93.4424877551021,233.931535714286,438.34862244898,356.301224489796,322.007562244898,300.250103061225,155.635407142857,233.982965306122,217.752519387755,74.8478544897959,116.281106122449,97.580443877551,66.6674684693878,166.56081122449,138.553205102041,297.905489795918,107.641166326531,84.5833142857143,159.838026530612,242.447324489796,115.107268367347,293.759019387755,542.25703877551,132.071455102041,260.925465306123,238.625661428571,155.154566326531,138.886329591837,125.408762244898,256.77248877551,218.191212244898,191.772594897959,195.567275510204,317.814879591837,410.827094897959,391.989389795918,405.230741836735,420.290909183673,184.483091836735,87.060768367347,206.970896938776,99.7771224489796,190.96472244898,326.448955102041,149.415298979592,119.493425510204,206.405616836735,230.207109183674,320.70132244898,302.205189795918,412.915684693878,564.717860204082,427.204010204082,456.271648979592,558.152517346939,630.090630612245,599.862609183673,256.927387755102,282.461039795918,237.896790816327,108.581379591837,427.87843877551,276.589979591837,344.253590816327,248.065658163265,332.729957142857,361.88927755102,299.19637755102,152.324644897959,142.037497959184,162.493703061225,227.194717346939,113.052025510204,244.821751020408,128.173396938776,211.484376326531,365.968059183674,245.979480612245,73.7168204081633,136.280830612245,158.798975510204,287.928965306122,276.373464285714,63.2656734693878,81.1197755102041,76.245576122449,124.916332857143,121.916415306123,158.168316734694,188.390240816327,110.734808163265,155.019090102041,87.1550867346939,287.800197959184,468.830987755102,233.683781632653,253.418724489796,293.100133673469,258.435238571429,354.12291122449,546.957867959184,250.810444897959,97.9074357142857,344.494946938776,146.011210204082,489.010971428571,205.434830612245,364.950525510204,185.779701020408,160.976457142857,180.2425,129.162779183673,167.446207142857,176.002944897959,489.921830612245,462.029066326531,317.177648979592,135.530765102041,109.343851020408,342.405952040816,241.409354081633,466.597257142857,363.66952755102,181.889033673469,227.321176530612,620.829217346939,388.430178571429,335.579436734694,427.176031632653,349.283614285714,359.494621428571,456.078437755102,256.036621428571,240.155609183674,274.568721326531,241.752591836735,235.84717755102,224.575831632653,207.657506122449,211.266284081633,118.092095918367,222.353694897959,214.149397959184,652.178505102041,366.99013877551,196.626574897959,299.96987755102,131.316118367347,172.020534693878,143.595702040816,233.834576530612,232.310363265306,374.68341122449,272.466803469388,136.553960204082,400.333213265306,257.429605102041,103.488617346939,169.51373877551,153.697580612245,106.16327244898,198.874493877551,192.218584693878,165.644630612245,223.615119387755,157.194233673469,475.377536734694,98.6977165306123,462.817590816327,199.775093877551,335.762736734694,115.073514285714,80.5428051020408,272.020395918367,278.91068877551,269.369385714286,147.850953061225,50.9884183673469,105.974009183674,219.416023469388,253.487371428571,169.404797959184,317.048886734694,551.214320408163,203.092074489796,372.301113265306,309.462990816327,271.989243877551,217.533368367347,129.643808163265,165.852779591837,66.32229,126.645783673469,285.999335714286,160.34062244898,147.457139795918,264.174162040816,262.581255102041,299.270648979592,255.429363265306,185.862391836735,201.491908163265,154.416590612245,150.87637755102,347.478263469388,195.418023061224,146.555496938776,231.355275102041,349.136978571429,238.486398979592,372.953963265306,260.03046122449,242.061114285714,353.711294897959,208.494071428571,173.638678571429,100.101268367347,282.592923469388,223.70136122449,387.387390816327,134.340521428571,226.828392857143,161.745508163265,186.539797959184,136.560744897959,117.142482653061,195.481976530612,183.92542755102,224.036787755102,195.92545,485.848318367347,290.458309183674,355.320981632653,537.699079591837,167.072397959184,239.468157346939,405.256740816327,251.305421428571,247.911488571429,227.779971020408,59.2348204081633,266.835704081633,135.218674489796,414.993904081633,156.427605102041,152.090729591837,172.333757142857,224.723164285714,115.570405510204,95.3366846938776,84.3247979591837,424.14626122449,442.806786734694,262.120745918367,616.891924183674,630.231947959184,229.343053061225,391.482096938776,236.561140816327,137.998337755102,121.298853061225,484.498105102041,559.250554081633,330.977823469388,86.4632571428572,241.282331836735,220.819625510204,100.467235918367,676.537559591837,579.648148857143,80.0431020408163,323.065768653061,306.427052653061,407.182283673469,316.089875510204,194.222429591837,251.204330612245,240.882195918367,334.977635306122,282.69914244898,282.845387755102,241.493646122449,313.293171428571,88.1287357142857,192.533408163265,321.295454081633,430.238377142857,140.13467755102,133.794444897959,123.177637755102,82.0285448979592,185.584576530612,163.650215918367,113.308841836735,236.700529183673,108.557810204082,312.093223469388,210.641237755102,167.61108877551,296.496837755102,164.059568367347,304.362503061225,316.876957142857,269.071943877551,171.695465306122,122.080408163265,200.435398979592,313.259420408163,207.619810204082,328.198662244898,175.183092857143,189.570804081633,269.643973469388,219.063834693878,140.600002040816,193.299112244898,293.061264285714,265.896893877551,180.822026530612,127.581489795918,174.395936734694,206.918075510204,199.768189795918,238.372228571429,165.913408163265,166.668203061224,96.0475704081633,72.9493126530612,173.187168367347,187.452325510204,229.094125510204,263.480548979592,215.856755102041,192.751907142857,109.594847959184,98.5319132653062,55.2999129591837,600.587695918367,412.488445918367,336.714432653061,109.991176530612,159.298523469388,115.642882653061,100.015926530612,76.5696744897959,110.431201020408,110.684812653061,115.45071122449,156.296947959184,228.853897959184,253.144298979592,679.010603061225,195.858180612245,177.308474489796,233.156773469388,297.427401020408,297.74022755102,239.958402040816,190.068129183673,169.586445918367,173.133362244898,329.274783673469,282.486990816327,370.851602040816,298.313289795918,347.840657142857,334.537230612245,319.460396938776,317.451715306123,212.710568367347,108.280294897959,409.062003061225,383.500258163265,200.260712244898,82.4268693877551,202.705126530612,158.010465102041,76.9028265306123,243.309776530612,234.686887755102,246.545368367347,127.582636734694,200.474090816327,337.584691836735,560.299567346939,221.935125510204,241.89836122449,291.583467346939,305.320294897959,113.024613265306,143.914479591837,213.856690816327,247.632548979592,200.156793877551,72.397368367347,103.511593877551,123.31222755102,124.908284693878,133.933457142857,103.35573877551,165.312420408163,126.119709183674,184.996189795918,171.550320408163,189.342685306122,405.870306122449,139.011387755102,291.243742857143,171.149942857143,245.136629591837,209.573236734694,188.158465306123,227.451454081633,159.821433673469,252.753816326531,102.120265306122,92.4534826530613,98.7739448979592,220.068258163265,243.733660204082,214.776840204082,269.459405102041,341.625738979592,465.01184222449,318.379580612245,110.373563265306,179.258119387755,125.911858163265,160.306664285714,168.552165306123,340.04131122449,250.032584693878,92.5550295918367,249.02178877551,169.362456530612,152.348805102041,141.33917755102,235.425444897959,196.07703877551,240.854289795918,445.098202040816,223.211304081633,262.425563265306,243.825924489796,186.655323469388,141.96383877551,185.966909183674,193.732356122449,178.292191836735,430.743793877551,309.922525510204,302.781069387755,160.825921428571,329.275043877551,264.653271428571,180.687903061224,122.102580612245,205.880105102041,204.584162244898,217.675796938776,151.316735714286,59.408112244898,185.455773469388,242.627096326531,116.677805714286,185.410412244898,207.305723469388,200.404519591837,161.013445918367,190.093178571429,218.654916326531,105.47008877551,81.3332479591837,159.54977755102,245.273336734694,173.954073469388,49.8381897959184,149.128881632653,152.895614285714,161.078384693878,106.409670408163,122.229730612245,154.675694897959,360.902256122449,94.4961732653061,202.246573469388,343.593130612245,185.851132653061,252.401053469388,52.9010479591837,69.6412775510204,54.5339295918368,74.9861514285714,78.2744581632653,61.5651806122449,388.062337755102,84.5763836734694,126.540782653061,352.361278571429,255.744275510204,160.956184693878,216.735835714286,124.42872244898,547.557325510204,367.816963061224,233.757118367347,222.26083122449,234.62268877551,183.8177,226.351753061225,148.744319387755,240.384370408163,293.561937755102,271.709103061224,99.1841795918368,184.298640816327,173.546876734694,237.93195244898,231.231600408163,221.978045918367,92.9373051020408,141.116405102041,49.930168367347,297.734678571429,337.320619387755,396.67482755102,192.320971020408,70.7251040816327,254.00977755102,284.643697959184,260.058213265306,309.165320408163,130.576745918367,326.431996938776,431.145401020408,291.970908163265,248.927608163265,253.692994897959,210.49626122449,367.398253061225,207.710482346939,286.963906122449,251.189417346939,121.576395918367,147.413543877551,97.4126377551021,223.992424489796,537.584019387755,418.404146020408,548.653210204082,556.143975510204,286.317706122449,410.930936734694,273.731632653061,87.8320367346939,181.262614285714,210.379658163265,153.575334693878,258.027318367347,123.87868877551,51.7793326530612,139.289900612245,214.841120816327,547.421228571429,332.526476530612,289.90167755102,232.027202040816,347.313124489796,260.433181632653,247.48756122449,339.744483673469,311.076718367347,322.198171428571,236.366946938776,276.747875510204,327.644973469388,392.203743877551,370.324701020408,923.180229591837,606.880497959184,324.529084693878,303.552640816327,291.951119387755,331.030781632653,154.368312244898,113.38077244898,209.921592857143,216.65511122449,248.278695306122,276.225805102041,228.31972244898,137.134970408163,164.628108163265,177.780729591837,235.379486734694,140.409701020408,218.576844897959,197.557201020408,220.675889795918,152.291524489796,220.08492244898,155.984964285714,184.942496938776,275.452689795918,402.107140816326,411.210797959184,253.829013265306,302.142524489796,415.113281632653,155.350391836735,192.94545122449,287.689056122449,351.372708163265,393.892876530612,247.162153061225,333.464934693878,211.429902040816,126.0551,208.030133265306,82.7310853061225,154.900765306122,381.253887755102,99.1313832653062,102.232369693878,188.128010204082,396.466645918367,240.361462244898,263.178082653061,244.600463265306,142.376515306122,261.492626836735,279.294636734694,175.227030612245,230.955084081633,410.403386734694,324.546034693878,181.691323469388,155.224510204082,234.614698979592,81.7212702040816,94.0282989795919,160.888413265306,187.711982653061,145.610881632653,172.186855102041,148.176733673469,192.560931632653,247.558791836735,170.742325510204,271.497432653061,330.224808163265,119.678389795918,85.1647142857143,211.994458163265,153.31377755102,241.70002244898,169.7076,112.660615306123,237.075506122449,121.794457755102,63.7373714285714,140.030627142857,435.500087959184,388.428255102041,337.192005102041,206.323480612245,161.331576530612,282.629478163265,284.242686326531,292.220495918367,237.014046938776,217.241796938776,251.694298979592,246.092066326531,126.779452040816,108.050261020408,350.72507755102,357.850078571429,543.801163265306,166.488448979592,234.920241836735,328.573970408163,499.16568744898,452.313112244898,589.468471428572,274.056102040816,241.616543877551,220.896291836735,243.004781632653,340.475635714286,347.067729591837,230.93618877551,130.591948979592,129.776880612245,152.603813265306,90.0252428571429,165.872905102041,114.249843877551,111.512147959184,363.555487755102,158.071751020408,281.569597959184,210.05467755102,107.304339795918,299.52058244898,235.34041244898,323.70856122449,515.130555102041,243.2935,489.202041836735,567.358746938776,401.81117755102,217.532398979592,299.184116326531,378.736077551021,130.205265306122,192.814991836735,262.51117244898,307.605864285714,166.221318367347,132.525302040816,216.982593673469,97.8505214285714,249.543303061224,79.3733644897959,235.975935714286,220.630833673469,171.240501020408,279.892671428571,227.839351020408,339.296103061225,419.566732653061,343.138196530612,265.899516326531,187.438568367347,203.49647244898,394.817696122449,157.282613265306,146.623465306122,178.7012,105.418167346939,244.297678571429,456.498435204082,325.970115816327,316.309801020408,157.532714285714,376.8089,355.911497959184,201.101528571429,209.313263265306,175.625913673469,119.322087755102,169.208165306123,140.428810204082,137.07742755102,271.648487755102,246.79276122449,146.616046938776,218.530867346939,114.703515306122,94.9574081632653,152.280251836735,146.720763010204,102.788785510204,90.5624518367347,124.688567346939,195.577186734694,194.941176530612,176.551243877551,123.708935714286,209.197868367347,194.297135714286,247.494417346939,121.863393877551,233.886598979592,207.95372755102,200.349434693878,186.197879591837,315.268984693878,46.6379357142857,123.216937755102,273.746165306123,119.323493877551,119.726279387755,202.422613265306,326.609795918367,135.27102244898,278.249579591837,355.691423469388,428.221635714286,219.598745918367,256.775458163265,168.076595918367,203.75205,217.352776530612,202.497926530612,188.527710204082,210.958340816327,344.667977653061,225.999783673469,720.750258163265,381.646696938776,152.539382653061,169.494854081633,171.332160204082,375.574610204082,153.73982755102,156.211813265306,103.609158163265,76.3950571428572,230.678410204082,372.535585714286,414.16372755102,261.72855,204.328053061225,376.975178163265,654.494037755102,292.337306122449,195.343955102041,584.0004,590.515633673469,330.405083673469,500.040670408163,455.791804081633,277.249518367347,365.104969387755,126.162995918367,200.192629591837,139.718748367347,137.571201020408,230.152859183674,281.180740816327,136.588652040816,310.981484693878,161.055937755102,206.520329591837,185.08087244898,268.439233673469,233.117760204082,227.638998979592,256.209191836735,71.3445959183674,121.967412244898,365.006570408163,504.916753061224,230.333106122449,278.554595918367,50.5334357142857,101.391298979592,106.541516326531,119.546436734694,228.056986734694,309.408571428571,314.888323469388,203.271958163265,378.414102040816,481.170546938775,222.891776530612,736.281882653061,491.339936734694,257.712987755102,105.948094897959,289.539060204082,185.233205102041,137.952808163265,144.31497244898,156.145091836735,115.717714285714,218.877445918367,186.218995918367,387.442613265306,165.06857755102,220.418955102041,143.153431632653,338.04866122449,224.682983673469,233.960604081633,250.734780612245,331.915643877551,249.88042244898,118.424182653061,602.445060204082,243.844031632653,63.1480934693878,77.1876806122449,278.823030612245,374.533886734694,451.06765,448.06428877551,402.006215306122,455.771027959184,478.397913061224,479.896839795918,250.00887755102,274.61756122449,209.199521428571,374.581836734694,283.789013265306,299.025086734694,227.358566530612,312.644531632653,454.932480612245,190.338623469388,143.288066326531,473.513962244898,329.946469387755,317.308219081633,589.450625510204,531.243558367347,532.491751020408,360.495693877551,316.907521428571,464.761974489796,338.869698979592,66.6111887755102,188.78878877551,218.783159183673,347.016304081633,167.6766,333.889114285714,240.562509183674,264.938262244898,70.1073151020408,175.520020408163,139.090776530612,294.219359183674,253.480912244898,130.902530612245,96.0977469387755,390.470596938776,188.159381632653,221.060658163265,415.354387755102,189.3709,150.431115306122,274.263240816327,220.135546938776,330.395389795918,253.310534693878,254.519884693878,184.465807142857,215.380655102041,178.375535714286,269.16892755102,228.219534693878,560.238932653061,191.737542857143,240.231598979592,300.92117755102,136.801614285714,250.505191836735,297.779508163265,388.977874489796,165.178862244898,304.379102040816,391.971028571429,182.332896938776,345.527311836735,359.418126938776,138.995821428571,191.684631632653,182.941712244898,210.45044377551,145.13168877551,262.118990816327,177.871743877551,157.358236122449,448.323501020408,278.493563265306,323.009268367347,340.679003061225,193.938516326531,408.891713265306,262.482184693878,295.817876530612,275.093702040816,269.693135714286,376.526923469388,540.638375510204,85.4803877551021,373.817007142857,382.424476530612,288.317579591837,352.74672244898,111.483276530612,158.75268877551,176.533233061224,325.3326,241.247844897959,178.900685714286,304.669041938776,224.441602244898,137.86017755102,125.858980612245,164.089083673469,126.401580612245,101.80577,348.20343877551,195.962533673469,147.615033673469,229.016884285714,323.63225,305.391314285714,313.57557244898,162.674484693878,528.136578571429,495.045144897959,141.410615306123,137.299219387755,141.721195918367,299.198782653061,390.298764285714,371.694258163265,310.375195918367,290.653955102041,239.906064285714,199.319562244898,82.7925769387756,141.011803061225,254.888737755102,184.512576530612,198.139681632653,324.800028571429,239.880358163265,254.308903061225,361.95611122449,282.186708163265,539.925302040817,158.797012244898,167.675721428571,258.278656122449,109.548237755102,245.529476530612,292.223771428571,265.269203061225,505.681746938776,271.532075510204,236.146350306122,102.859640816327,53.9451081632653,131.22498877551,119.6806,104.889478571429,130.758014285714,149.514465306122,221.147566326531,308.048352040816,206.158534693878,332.450441836735,337.100744897959,520.941967346939,263.830473469388,158.220832653061,156.3846,188.819898979592,419.746644897959,235.65337244898,283.806839795918,315.244559183674,278.270917346939,165.143741836735,243.350007142857,496.66287377551,508.322261020408,314.841747959184,195.102267142857,209.313121326531,179.03225,124.948788469388,214.926857142857,131.463528571429,332.89767877551,382.04338367347,428.780317346939,183.309946938776,183.870424489796,222.15506122449,203.974171428571,143.566189795918,186.627437755102,402.441262244898,578.159581632653,322.969836734694,283.363381632653,241.653604081633,211.244223061225,207.730489387755,308.280702959184,151.89841622449,161.271206734694,118.021241734694,148.096023367347,67.5448469387755,75.9948002040817,213.662632653061,254.179803061225,309.795473061225,303.073141836735,334.365794897959,96.6072091836735,134.583581632653,176.9146,66.8351408163265,137.338845918367,217.478453061225,176.077953061225,483.357148979592,294.818752040816,224.181445918367,224.003975510204,226.030344897959,152.114881632653,251.756694897959,145.583524489796,142.722733673469,214.735209183673,290.979105102041,68.761228367347,233.385967346939,74.1969816326531,99.8830395918367,89.3208826530612,86.5971204081633,395.128339795918,186.036770918367,221.911228571429,194.846882653061,250.220147959184,98.0216724489796,311.320213265306,390.18213877551,334.789370408163,143.469796938776,246.798656326531,257.122462244898,281.921818367347,284.87081122449,174.440624489796,289.306516326531,523.012821428571,257.584309183674,163.205895918367,231.357831632653,429.774313265306,268.274482653061,160.467586734694,369.149296938776,96.4006081632653,260.69395,155.87042755102,305.522076530612,402.538558163265,267.941182653061,299.101781428571,243.95845,402.277970408163,405.994123469388,207.355784693878,382.315696816327,399.721653061224,228.574592857143,162.027015918367,179.900920204082,211.542554081633,257.497241836735,386.640604081633,134.090258367347,233.823042857143,156.029810204082,221.366933673469,204.593705102041,229.736389795918,261.272003061224,324.173630612245,328.693360204082,388.045167346939,396.490501020408,331.002710204082,317.773689795918,180.257356122449,262.000896938776,124.876247959184,143.941830612245,384.953717346939,163.213524489796,189.120507142857,212.083218367347,135.903983673469,122.643474489796,250.518731632653,223.241330612245,262.494341836735,199.781570408163,138.245978571429,197.707539795918,159.450230612245,221.182726530612,259.405836734694,187.590124489796,319.977387755102,227.02147755102,292.457964285714,79.4307581632653,167.390036734694,500.392343877551,416.959513265306,211.173132653061,214.326724081633,252.210196938776,683.730851020408,511.305005102041,444.323956122449,200.992481632653,254.266673469388,351.577033673469,102.143504795918,208.510808163265,160.036894897959,142.205282653061,98.0234755102041,337.844806122449,304.108359183673,217.738473367347,284.968062244898,270.620404081633,322.520866326531,433.721128571429,229.535281632653,181.064051632653,71.3241857142857,74.9928201020409,61.0031262244898,98.6705714285714,116.593274489796,311.308259387755,81.0753416326531,114.118170408163,59.9584163265306,150.158065306123,135.694409183674,116.335096938776,120.806079591837,144.684660204082,128.545944897959,152.907986734694,331.573817346939,516.563685714286,134.248698979592,341.744570408163,205.512608163265,117.534089795918,90.5486693877551,370.176205102041,45.5938887755102,188.653937142857,269.771675510204,108.228084693878,276.624897959184,141.263706122449,321.585770408163,227.963824489796,594.04098367347,488.684468367347,265.140651020408,302.630892857143,359.94767755102,353.906236734694,342.747085714286,162.494254081633,230.684168367347,286.205466326531,323.477148979592,240.831584693878,164.395983673469,326.955618367347,343.936009183674,343.737345918367,317.019540816327,600.111242857143,249.008103061225,219.850884693878,409.431552040816,452.300328571429,198.385596938776,127.694359183674,49.3595530612245,186.104398979592,156.902592857143,122.775727755102,160.154648979592,133.725773469388,187.968696938776,136.273347959184,413.450324489796,374.150787755102,541.387401020408,326.462558163265,301.085616734694,331.959968367347,150.815647959184,244.603652040816,139.994393877551,257.003229591837,162.701559183674,192.771796938776,175.87355,797.366839795918,616.755483673469,180.158260204082,169.517221428571,249.164685714286,61.8571718367347,102.876441836735,104.860218367347,147.512818367347,190.720669387755,454.267275510204,258.937436938776,437.992168367347,232.182216326531,115.450981632653,213.676104081633,192.998294897959,177.422298979592,59.0415389795918,122.013508163265,55.3993475510204,183.083636734694,126.911136530612,201.842727551021,146.433265306122,237.461143877551,387.95517244898,216.447485714286,175.108755102041,147.849506122449,297.903127346939,168.073166326531,358.613306122449,258.791625510204,284.120085714286,327.352736734694,274.013378571429,101.08858877551,212.374156122449,224.246169387755,441.603320408163,456.70487755102,381.886981632653,396.305633673469,189.187769387755,224.412762244898,308.694846938776,248.052297959184,552.103748979592,219.876339795918,258.629370408163,355.530118367347,384.933945918367,201.632959795918,272.355845918367,309.184326530612,278.812676530612,194.809494897959,184.993694897959,535.075286734694,275.111120408163,218.171239591837,180.856408163265,310.386347959184,107.709447959184,181.081083673469,163.46432244898,112.740393877551,125.156076530612,348.40325122449,223.654656938776,601.245197959184,300.244503061225,401.108119387755,430.292869387755,284.756278979592,345.288923469388,358.354220408163,193.624936734694,276.18046122449,170.762633673469,224.903521428571,328.392196938776,160.766501020408,374.364659183673,333.7939,148.459771428571,145.585636734694,156.702044897959,133.540933673469,153.208305102041,127.720721428571,134.956169387755,244.85268877551,163.781442857143,173.475493877551,181.147104081633,329.907112244898,565.264029591837,187.372247959184,110.604140816327,85.8809040816327,105.510926530612,206.919944897959,394.215040816327,262.784182653061,238.313001020408,186.363990816327,293.214464285714,236.836733673469,156.302529591837,103.500769387755,158.869037755102,157.098826530612,169.858796938776,98.4523938775511,205.555760204082,156.002433673469,227.029158163265,292.014680612245,299.503663265306,204.054633367347,109.510042857143,160.45572244898,358.860364285714,175.095278571429,189.818787755102,263.475781632653,427.328679591837,263.830656122449,143.262486734694,117.52801122449,255.248837755102,296.111610204082,306.370814285714,190.443081632653,835.673947959184,198.703279591837,286.750853061225,127.107144897959,314.601678571429,314.624465306123,398.646583673469,214.810867346939,132.069714285714,176.218903061225,211.371259183674,131.978879591837,231.3978,167.120769387755,209.755406122449,149.346601020408,407.979239795918,311.198143877551,221.219047959184,475.402776530612,355.555738163265,178.725356122449,176.812142857143,259.281189795918,158.085241836735,195.732706122449,204.937869387755,157.966675510204,301.511714285714,265.139704081633,103.396496938776,184.170987755102,367.923,389.784908163265,126.912279693878,301.582664285714,132.615223469388,32.9621154081633,412.323416326531,188.018429591837,151.494359183674,193.130191836735,155.708489795918,302.87121122449,137.935290612245,189.391280612245,250.187292857143,380.250801020408,481.219830612245,551.392066326531,130.083921428572,194.772345918367,513.437516326531,138.681776530612,110.922536020408,289.261398979592,345.047982653061,228.113814285714,168.818557142857,132.401542857143,303.981621428572,111.546467142857,88.7899806122449,183.977070408163,154.452713877551,86.4529663265306,149.368426530612,98.6772673469388,77.2159324489796,184.168205102041,168.188743877551,156.338489795918,139.002562244898,189.416448979592,161.094225408163,135.989893877551,276.576725510204,273.371002040816,222.388981632653,265.304082653061,147.588076530612,419.481466326531,282.999953469388,357.934251020408,461.319780612245,116.668929183673,521.243966326531,505.309024489796,235.707896938776,179.95652244898,267.968109183674,281.309194897959,217.390378571429,469.060541836735,86.8696924489796,173.208219387755,170.069862244898,136.380401020408,111.440347959184,156.612355102041,324.355958163265,244.483198979592,345.967895918367,281.705725510204,117.941889795918,132.174101020408,274.581976530612,322.754125510204,200.607193265306,266.003895918367,335.891689795918,350.273655102041,253.204505102041,271.763618367347,106.620390816327,371.529386938776,381.117058367347,402.227602040816,355.148046938776,240.484367346939,130.041596938776,205.726148979592,222.298628571429,188.632001020408,358.785058163265,231.528245918367,151.438701020408,173.591685714286,190.293359387755,108.874337755102,178.987086734694,108.345154081633,212.499354081633,292.976013265306,182.091195918367,308.099839795918,315.074875816327,313.908033673469,249.815485714286,249.747093673469,134.419781632653,80.1757689795919,500.440102040816,120.448144897959,192.540451020408,260.807329591837,199.141682653061,139.516567346939,168.671769387755,95.264493877551,105.261163265306,340.851160204082,370.617074489796,392.537308163265,183.246264285714,478.783004081633,512.717744897959,279.387339387755,408.974318367347,271.047051020408,162.551353061225,353.930396938776,199.69411122449,186.676681632653,230.820182653061,368.885198979592,519.540378571429,612.685203877551,620.555593877551,242.435856122449,209.546664285714,140.191566326531,120.015041836735,147.573235714286,197.503842857143,172.802952857143,112.316259183673,152.678321428571,147.212251020408,161.372935714286,98.5357897959184,158.122453061225,151.93088,129.72597244898,144.877364285714,174.198687755102,173.531320816327,178.197507142857,122.719033673469,187.201024489796,173.506631632653,169.098909183673,175.326790816327,184.335842857143,195.585152040816,239.993867346939,195.020667346939,76.0508785714286,445.00847244898,300.268035714286,347.810946938776,187.644426530612,134.27672755102,172.160620408163,166.826979591837,87.9199408163265,215.301395918367,185.793083673469,287.62552755102,83.8922336734694,87.2832346938776,155.895842857143,181.461669387755,308.520017857143,277.533979795918,225.565689795918,90.1246220408163,85.6827010204082,556.791230612245,435.794786734694,189.288705102041,163.604371428571,321.472662244898,202.123034693878,164.112025510204,287.544303061225,195.907794897959,338.530215306122,281.253579387755,443.623939795918,312.556284693878,306.773329591837,310.031940816327,83.2778806122449,81.0995066326531,116.65888877551,185.859352040816,134.877405102041,159.770579591837,104.839386734694,65.4387010204082,230.230645918367,288.385524489796,369.424097959184,206.610362244898,177.684269387755,103.698702040816,102.526346938776,459.940364285714,290.37065,271.498621632653,231.760917346939,238.611178571429,185.137113265306,60.0080040816327,218.09545122449,289.363135510204,226.177032653061,182.99411122449,369.002166326531,330.481171428572,320.429681632653,214.716685714286,127.829291836735,190.637564285714,335.367730612245,268.296533673469,168.588229591837,194.03111122449,185.336508163265,289.748983673469,191.874426428571,211.18141244898,242.538815306122,188.81158877551,313.767237755102,265.387031632653,229.414444897959,151.218135714286,269.189030612245,119.762360204082,298.760748979592,263.481193673469,407.182613265306,424.96282755102,245.033476530612,411.04552244898,338.223892857143,210.947273469388,195.665581632653,440.396863265306,128.528612244898,323.832619387755,179.276019387755,123.8817,345.697419591837,338.61165,400.267834285714,210.751339795918,379.370127959184,560.347552040816,364.044157142857,236.4565,212.13925,161.528560204082,53.2690088775511,189.338794897959,153.666465306123,354.064040816327,386.838325612245,352.803189489796,268.646224489796,324.995490816327,300.743266326531,290.89732244898,240.25913877551,196.095939591837,161.71912244898,255.223263877551,170.941831632653,218.125582653061,263.860787755102,398.093994897959,395.42179244898,520.216412244898,348.256196938776,295.385741836735,217.496455102041,170.092081632653,268.119464285714,274.376933673469,267.692007142857,178.273471428571,162.385095918367,192.314476530612,159.940974489796,151.868580612245,246.657115306123,207.543580612245,282.938741836735,78.975762244898,134.662295510204,225.862776530612,369.298968367347,100.563457142857,200.651185714286,183.002404081633,235.659585714286,115.115217959184,282.82052755102,307.755051020408,246.936293877551,411.206858163265,168.974860204082,87.5726806122449,312.419620408163,178.085663265306,411.824065306123,301.195933673469,399.203801020408,303.630339795918,115.731795918367,266.016765306123,343.021530612245,254.13122755102,195.932037755102,99.0368392857143,92.3375787755102,192.605292857143,270.735207142857,191.939184693878,209.066324489796,222.61157755102,106.031363265306,130.910193877551,212.317989795918,276.268475510204,266.919417346939,150.307551020408,219.186340816327,157.006935714286,153.517493877551,427.905164285714,497.806131632653,342.96077244898,127.794585714286,153.148733673469,234.012209591837,437.563032653061,212.696337755102,120.030853061225,239.960160204082,279.61892244898,443.29468877551,260.900502040816,406.523140816327,219.145511020408,252.026048979592,223.517671428571,177.633089795918,175.434974489796,106.116151020408,389.648105102041,339.765355102041,370.087167346939,311.173007142857,354.442463265306,117.697889795918,147.054017346939,332.392678571429,128.471382653061,136.283518367347,134.806098979592,358.843848979592,206.283936938776,235.684857142857,155.119567346939,191.459525510204,542.309410204082,265.38678877551,238.047155102041,78.1357969387755,194.780943877551,368.41541255102,103.684258673469,206.056190816327,123.372174489796,119.6167,250.85248877551,407.197991836735,356.414957142857,411.859576530612,125.138448979592,126.810779387755,125.831333673469,78.55495,287.231875306122,265.029437755102,326.593857142857,254.828015306122,77.2423469387755,404.602573469388,80.6882915306123,238.598254081633,415.940891836735,156.191080612245,72.7298959183674,252.963871428571,342.455919387755,345.789712244898,485.764002040816,332.82291122449,609.524019387755,368.868041836735,470.041158163265,265.499036734694,314.447743877551,207.031275204082,207.395584693878,117.203983673469,124.488553265306,57.6578775510204,46.0272948979592,556.84405122449,713.184079591837,481.718826530612,285.233815306122,328.789634693878,267.454046938776,248.659487755102,154.382128163265,367.321710510204,263.776010204082,422.865231632653,226.073991836735,99.2167642857143,203.14257755102,165.993939795918,249.123263265306,264.126793877551,225.718262142857,284.977428571429,173.956708163265,129.793535714286,318.28875,647.613468367347,270.799483673469,250.212103061225,281.147705102041,404.256464285714,351.14095,211.43675,199.53508877551,167.601610204082,212.040384693878,170.112560204082,185.300013265306,160.211668367347,252.523609183673,198.191951020408,216.909192857143,230.456068367347,244.727174489796,215.258745918367,166.624285714286,168.888992857143,163.014763265306,97.9639448979592,299.166754081633,330.426225510204,198.101978571429,186.214057142857,144.20151122449,220.604587755102,348.478245918367,219.063984693878,372.416445918367,222.786015306122,205.857694897959,205.790155102041,273.143348979592,254.944673673469,373.798445918367,276.275919387755,191.492985714286,257.561410204082,155.041795102041,113.73463877551,74.3630724489796,188.288476530612,209.852670408163,221.694310204082,287.68805,276.679904081633,245.189281632653,245.725377755102,224.659216,169.02773877551,83.1538,115.168729591837,232.89483877551,234.909420408163,221.718780612245,279.173908163265,232.517262244898,115.332395816327,115.882703061225,215.609332653061,117.668901020408,136.783463571429,122.429096938776,127.455393877551,159.14423367347,181.741937173469,152.790627989796,192.346560204082,176.114097959184,216.177379591837,200.357634693878,394.123131632653,372.195352040816,136.50216122449,196.294663265306,269.278910612245,198.840581632653,213.675805102041,265.596542653061,209.95285,309.635165306123,249.783280612245,337.236213673469,194.103929591837,297.260869387755,193.496330612245,55.5227236734694,374.269293877551,199.509490816327,331.716036734694,203.738470408163,212.360643877551,192.092820408163,342.624556122449,313.407234693878,405.392043877551,239.46847755102,129.435960204082,242.100014285714,324.65708877551,226.773912244898,529.413182653061,440.456443877551,299.497517346939,294.864636734694,242.700129591837,258.95226122449,224.60607244898,82.4804071428571,241.636936734694,320.61902755102,276.224726530612,225.143034693878,166.958481632653,136.547151020408,146.668158163265,140.247140510204,422.180810204082,253.88292244898,321.243848979592,226.274489795918,130.790520897959,169.685867346939,159.290628571429,117.966593877551,201.163720408163,177.517521428571,179.805597959184,186.325007142857,167.082742857143,180.947273469388,165.693119387755,79.9736510204082,98.856856122449,129.382878571429,110.688208571429,108.518145306122,170.330243877551,175.753057142857,215.236205102041,332.872207142857,169.132326530612,218.124076530612,145.129784285714,272.302354081633,264.092355102041,187.636099897959,269.721449183674,566.638504081633,286.805544897959,384.022336734694,514.04332244898,440.481510204082,373.215513265306,183.413357755102,161.958045918367,179.222294897959,203.394447959184,103.793714285714,263.066312244898,270.947764285714,429.27831122449,280.255894897959,438.900246938776,396.647055102041,149.439570408163,148.542825510204,266.137518367347,204.867737755102,355.686302244898,434.051665673469,243.588368367347,645.067074081633,366.828428571429,175.417816326531,160.86192244898,326.906563265306,241.236469387755,54.7857709183674,195.892583673469,146.206828571429,186.137040612245,335.06285,155.891052040816,134.804510204082,46.4728857142857,272.703868367347,239.715731632653,127.943834693878,157.584385714286,81.3776346938776,174.037734693878,111.233056122449,240.239281632653,217.398770408163,197.417081632653,503.822293877551,297.31300755102,244.724296938776,287.198057959184,301.52011122449,128.323556122449,281.051407142857,347.936823469388,237.134623469388,174.003537346939,172.496253265306,184.940770408163,220.872752040816,230.629285714286,174.417065306122,297.068756122449,336.25792755102,169.203436734694,122.530416326531,199.448989795918,113.513734693878,177.534044897959,267.788732653061,191.58737077551,207.692855714286,240.595119387755,440.58175,311.201966326531,400.188429591837,168.467374285714,158.964424285714,192.18801122449,269.159598469388,207.217592857143,162.089484591837,187.537399591837,387.375983265306,131.647526530612,289.263345918367,132.663156122449,97.3255969387756,134.075108163265,100.09265,382.997383673469,120.408447959184,634.933090816327,315.077001428571,145.294980612245,242.923201632653,207.840078367347,275.128300816327,583.249801020408,299.576970408163,313.118304081633,140.498836734694,200.506105102041,218.146501020408,155.705165306122,191.979606122449,153.638407142857,197.601529591837,307.957984693878,444.722761428572,431.182879591837,431.126301020408,425.980987755102,114.749648979592,469.293590612245,482.726109183674,421.623629591837,235.850085714286,158.5591,156.423545918367,469.031705102041,507.707183673469,206.363464285714,251.557052040816,358.42281122449,171.441870408163,158.458240816327,301.158044897959,250.644512244898,256.562562244898,338.97743877551,247.144926530612,180.671052040816,180.034907142857,202.568348979592,176.378587755102,352.086908163265,524.374578571429,355.876656122449,181.778844897959,186.389583673469,320.686736734694,115.3327,151.622698979592,71.6511326530613,238.433298979592,220.103294897959,148.944784285714,223.51241122449,150.422396938776,133.823144897959,377.45476122449,243.922001122449,221.229087755102,263.353929591837,156.910155102041,202.437255102041,139.109475510204,192.877803061225,301.979954081633,218.712793877551,180.323807142857,175.715033673469,198.422946938776,262.638891836735,387.513004489796,148.074954081633,141.721208163265,274.003792244898,271.650221428571,216.87692755102,262.510323265306,130.115842040816,540.562383673469,235.848435714286,363.501348979592,112.388513265306,45.2838346938776,194.185737755102,324.158157142857,415.873447959184,174.236930612245,158.525860204082,187.568819387755,322.37678877551,179.051756530612,346.788220408163,362.454514285714,326.917002040816,340.851165306122,198.102967346939,198.369864285714,171.959651020408,148.091673469388,184.324846408163,255.195005102041,208.713791836735,182.678407142857,213.735601632653,279.461936734694,200.963462244898,247.991135714286,193.571706122449,295.748147959184,149.784851020408,162.435485714286,250.250158163265,320.832732653061,320.238515306123,414.919804081633,357.567756122449,402.771154081633,436.248370408163,231.235767346939,102.032812244898,192.146983673469,153.42025,234.507482551021,162.27571122449,208.466671428571,158.342555102041,355.38523877551,246.01176122449,310.807785714286,210.088142857143,303.028554081633,329.89902755102,144.777525510204,52.7289102040816,334.320465306122,117.190692040816,104.484335714286,215.912204081633,193.20815,290.401544897959,371.573942857143,594.428897959184,282.945344897959,268.873268571429,397.460670408163,235.076041836735,161.95288877551,265.044971428571,293.094353061225,149.664547959184,177.053293877551,87.6263081632653,181.270198979592,223.666235714286,248.34437244898,427.197751020408,184.666795918367,133.738381632653,154.39511122449,141.912056122449,243.247948979592,298.428469387755,236.601313265306,209.774152040816,237.644470408163,370.381891836735,205.964908163265,127.87077244898,115.328434693878,262.287179591837,317.230004081633,244.585813265306,173.179445918367,115.145061428571,175.935673469388,302.346578571429,339.169554081633,53.3490290816327,269.209178571429,392.790328571429,454.907570408163,165.571270408163,210.201709183674,197.077595714286,115.343643877551,179.976404081633,165.092158163265,228.11333877551,194.892231632653,169.902931632653,372.488918367347,226.818182653061,215.032230612245,267.42015,167.671233877551,217.181872040816,278.879296938776,354.616826530612,62.3247028571429,314.675421428571,334.540753061225,296.819928571429,176.577554081633,102.368302040816,162.976129591837,123.367491428571,151.264141428571,203.232379591837,573.498534693878,244.138182653061,205.946832857143,370.330043877551,290.141171428571,334.090345306122,307.064385714286,273.170286734694,210.106533673469,184.728485714286,256.473720408163,188.966059183673,116.368525918367,117.442530612245,332.578559183674,171.201969387755,100.338373469388,275.799218367347,150.793344897959,194.89783877551,319.180808163265,250.013197959184,308.317702040816,135.767232653061,433.294332653061,319.377347959184,234.636269387755,462.738129591837,163.728323469388,402.514842857143,154.136573469388,239.506324489796,285.878433673469,280.396668367347,202.415036734694,176.071320816327,271.3056,347.631605102041,192.824597959184,155.015818367347,250.198670408163,184.527368367347,146.048312244898,357.289336857143,541.393786857143,230.967913265306,172.975331632653,266.142486734694,352.332202040816,234.376867346939,428.186467346939,190.584654081633,207.590140816327,208.322093877551,238.460951020408,284.910432653061,372.185945918367,194.900725510204,265.095573469388,536.351904081633,217.925902040816,612.359647959184,425.424763265306,513.087195918367,171.82802755102,257.138179591837,336.286006122449,299.166555306122,132.318843877551,123.626244897959,161.610092857143,288.151183673469,266.85997244898,186.116860714286,585.407918367347,169.085912244898,353.367995918367,412.878898979592,246.134837142857,184.62668877551,190.663939591837,210.985170061224,158.949932653061,271.359104081633,262.827368061224,196.62782244898,59.7161551020408,133.008464285714,331.106923469388,319.233347959184,197.902986734694,148.371592857143,179.225841836735,214.056406122449,144.73788877551,168.219953061225,110.670006122449,158.396147959184,194.288458163265,106.522426530612,151.290125102041,126.10269755102,128.711578571429,77.9317020408164,96.7493520408164,159.445439795918,325.017971428572,381.367056122449,246.206765306123,338.841671122449,287.090787755102,324.163445918367,257.031403061225,119.473130612245,160.410157142857,195.435252040816,139.306967959184,149.974948979592,313.474495306122,861.181836734694,219.610080612245,177.902360102041,101.213131632653,103.893170408163,157.027126530612,502.198889795918,363.811483673469,248.356986020408,238.415313571429,235.92932755102,321.73075,291.139731632653,256.321534693878,199.382012244898,236.472206122449,540.330056122449,579.305969387755,217.165239795918,362.949005102041,609.562863265306,104.703938673469,298.141606734694,278.591112244898,148.350918367347,139.758062244898,234.44946122449,120.607023469388,137.852206122449,346.484175510204,213.23723877551,258.830647959184,212.735798979592,359.127252040817,230.944377551021,91.8726489795919,157.605353061225,218.687326530612,131.76612244898,179.72326122449,181.153501020408,181.817148979592,156.621148979592,547.064660204082,88.3890734693878,243.986932653061,276.907663265306,261.985559183674,196.222704081633,160.672503061225,355.538496938776,287.871507755102,173.601334693878,150.438841836735,228.060881938776,273.10558877551,341.959764285714,118.510317142857,173.20961122449,183.622506122449,39.663177755102,96.4074030612245,272.806896938776,164.334210204082,85.4593724489796,86.2186785714286,327.813762244898,304.660613265306,202.974601020408,389.057685714286,313.002796938775,122.99096122449,91.0954887755102,114.818976530612,68.9769987755102,163.571753061225,183.011605102041,137.58187755102,168.482901020408,228.794660204082,448.532918367347,491.354866428572,214.830719387755,154.816156122449,108.12629122449,157.883921428571,60.3917002040817,299.714787857143,382.141214693878,227.019176530612,235.928839795918,200.766811632653,433.509726530612,379.324064285714,137.872170408163,171.793060204082,240.72925,150.376595918367,180.505109183674,233.951863265306,224.025075510204,175.363236734694,112.638029591837,84.4772918367347,277.206034693878,244.70878255102,171.271603061225,145.049063265306,180.33492755102,308.49842244898,406.223109183674,422.315027551021,252.801553061225,246.778564285714,114.963160204082,212.716640816327,147.410929591837,66.9801489795919,459.835401020408,208.071210204082,302.926902040816,213.087754081633,244.474126530612,255.379717346939,215.595383673469,203.651028571429,270.906519387755,430.753808469388,289.482791020408,315.179695918367,130.189065306122,187.245781632653,162.820230204082,318.231341836735
17.4285714285714,313.423007142857,367.49185,396.7492,612.898628571429,268.58665,178.669928571429,436.916792857143,260.3326,283.836442857143,442.472471428572,283.748664285714,167.2765,206.051567857143,166.755414285714,159.176871428572,269.346857142857,310.407757142857,439.770607142857,418.076542857143,214.437514285714,310.476764285714,169.384628571429,286.767757142857,275.279171428572,401.5111,284.334342857143,546.373857142857,223.400364285714,280.451692142857,192.178414285714,182.251457142857,90.3476285714286,358.2622,558.369585714286,598.864228571429,387.260942857143,348.154692857143,357.706307142857,192.391578571429,197.568692857143,132.918157142857,58.2378371428572,168.797257142857,223.633485714286,223.41175,392.488992857143,357.879728571429,403.106885714286,417.171907142857,235.176207142857,95.8449507142857,192.161778571429,249.630564285714,235.558392857143,282.568401428571,201.693021428572,573.3973,605.078714285714,448.407778571429,419.823735714286,154.679978571429,106.836464285714,88.4736785714286,172.859871428571,152.094971428571,386.918692857143,275.673228571429,341.434814285714,518.522528571429,166.619064285714,290.342648571429,118.350857142857,228.874142857143,376.124271428572,247.53625,237.789492857143,157.557771428571,375.295478571429,536.987585714286,202.175428571429,271.502507142857,193.418214285714,182.50975,261.295407142857,283.505964285714,186.822971428571,258.533542857143,174.650092857143,144.156264285714,426.018192857143,242.47515,193.102748571429,415.343648785714,196.179714285714,226.429835714286,165.727135714286,190.583292857143,290.938042857143,222.356471428571,145.083014285714,221.662657142857,295.526242857143,449.663478571429,744.314335714286,186.786975714286,202.563475714286,160.144057142857,584.99175,345.766242857143,228.485485714286,96.2680642857143,132.307598571429,358.195492857143,504.235407142857,400.382811428571,375.194971428572,153.412571428571,71.3022357142857,390.695964285714,301.2493,207.258684285714,211.617107142857,302.267771428572,151.191,176.230835714286,114.138078571429,249.135078571429,170.162478571429,417.536135714286,315.489864285714,470.762457142857,652.267014285714,199.146464285714,113.089955,334.213212142857,234.279495714286,189.400942857143,386.130307142857,358.695892857143,413.602335714286,202.638724285714,227.93535,254.541964285714,245.750671428571,104.932014285714,110.028171428571,177.463585714286,136.468907142857,137.363971428571,497.475335714286,476.203757142857,592.2036,386.827278571429,277.512778571429,187.873628571429,105.036921428571,261.111171428572,468.101021428572,424.90101,307.507552857143,300.058547142857,291.902585714286,135.018007142857,204.5779,370.684957142857,369.580207142857,364.127614285714,438.171685714286,572.611162857143,80.5819577142858,265.595785714286,254.21255,234.523185714286,326.533914285714,359.502757142857,366.039864285714,114.554971428571,161.006657142857,134.428328571429,118.201455,200.764990714286,358.608078571429,312.164342857143,252.9875,365.132892857143,136.770335714286,209.4137,152.202921428571,94.6151642857143,150.849164285714,175.524192857143,247.411128571429,245.489428571429,186.096242857143,166.855792857143,328.014414285714,212.682571428571,345.036914285714,205.127258571429,179.193445714286,163.031754285714,111.202757142857,224.467085714286,155.716478571429,228.027357142857,227.4822,477.635742857143,481.197428571429,124.215042857143,159.328464285714,206.561507142857,365.189728571429,415.631885714286,178.341771428572,154.353781142857,419.500757142857,198.437371428571,280.369992857143,157.003421428571,447.47185,314.713432857143,371.406264285714,649.164342857143,352.470471428572,480.154885714286,384.645985714286,335.095811428571,237.3885,180.310328571429,311.068707142857,186.001707142857,225.833185714286,90.83626,263.756121428572,262.856492857143,211.528507142857,425.600864285714,430.886185714286,219.15775,364.782378571429,198.462321428572,213.546007142857,300.350335714286,343.033164285715,224.592873571429,257.842392857143,533.949614285714,160.686422857143,318.602564285714,352.165449285714,315.451013571429,302.583034285714,255.5822,45.1667271428572,210.501985714286,310.688242857143,178.079471428571,553.960221428572,320.548835714286,310.065928571429,260.502957142857,244.740528571429,290.65902,593.843464285714,233.637842857143,184.0347,354.626328571429,304.515885714286,407.301914285714,437.771964285714,109.999346428571,235.039392857143,515.505221428572,297.1971,302.26575,261.720928571429,248.21845,200.5963,170.328521428572,472.046457142857,436.782728571429,560.976907142857,251.630528571429,335.941664285714,446.097628571429,281.991397142857,562.218971428572,515.977621428572,670.832457142857,393.991014285714,146.791882857143,243.985614285714,419.0645,184.100442857143,170.90625,108.856575714286,352.622057142857,719.9477,236.949142857143,158.076135714286,182.668778571429,503.706392857143,407.8533,490.481192857143,122.219331428571,165.461177857143,106.936334285714,180.803921428571,178.30885,149.46595,586.767814285714,208.834564285714,472.8605,224.62855,294.45405,341.490685714286,202.805607142857,264.1491,419.4957,188.376635714286,328.103907142857,431.320635714286,335.532628571429,370.669621428572,411.231878571429,400.446978571429,332.634307142857,679.491257142857,670.30745,509.616035714286,239.035828571429,468.301728571429,361.1285,517.726428571429,281.559114285714,222.888171428571,107.452607142857,202.904014285714,119.240834428571,262.975642857143,286.983571428572,329.129007142857,279.722907142857,269.612192857143,416.790214285714,261.87225,322.162935714286,105.94755,276.633214285714,213.023917857143,250.235521428571,287.974807142857,135.334085714286,195.607621428572,295.203414285714,143.241335714286,205.619421428572,205.784378571429,277.12635,360.461878571429,424.643585714286,120.049185714286,102.581357142857,160.672892857143,275.362085714286,231.191392857143,268.168271428572,245.283042857143,251.869521428572,224.056485714286,352.207214285714,310.671542857143,420.798214285714,428.784042857143,242.968721428571,145.4485,180.528521428572,184.151871428572,180.6283,315.125142857143,153.965342857143,366.655007142857,201.832871428571,451.579514285714,665.99996,404.801,512.375114285714,326.409135714286,552.938285714286,572.982528571429,279.816135714286,189.220014285714,183.189778571429,261.304921428572,202.512735714286,248.786228571429,319.130027142857,426.623892857143,298.421214285714,309.026864285714,252.092821428572,425.237321428572,168.418357142857,249.301635714286,498.890592857143,335.029392857143,204.348107142857,193.947771428572,421.316657142857,272.978721428571,174.382942857143,126.186992857143,140.285071428571,157.727742857143,435.655342857143,204.801814285714,248.288128571429,303.391207142857,289.062066428572,194.922742857143,316.176321428572,237.163057142857,523.981192857143,369.068964285714,353.906392857143,166.120128571429,159.301271428571,192.697107142857,399.472428571429,325.032542857143,408.723507142857,421.360814285714,132.308071428571,235.078857142857,292.9126,320.872535714286,111.070664285714,150.237795714286,560.924321428572,325.312071428572,234.590528571429,463.504578571429,548.228614285714,424.741,246.613757142857,119.749392857143,190.086942857143,441.48575,345.474164285714,251.636435714286,327.740014285714,132.251535714286,205.951271428571,258.054628571429,183.236714285714,102.39785,338.127592857143,509.1967,422.216098571429,193.067257142857,441.444957142857,283.946914285714,315.049214285714,323.859242857143,326.532585714286,227.489018571429,228.470157142857,624.280042857143,425.146842857143,192.362314285714,408.244108571429,388.388943571429,460.217071428572,490.349771428572,292.227464285714,268.596178571429,214.780721428572,159.232671428571,118.972971428571,140.651001428571,121.317742857143,148.2915,114.350135714286,132.189835714286,196.104066428572,250.5586,307.675664285714,327.280135714286,495.924857142857,273.248457142857,384.638914285714,161.95735,250.930521428572,208.848792857143,346.189,248.468637142857,315.266307142857,198.971035714286,207.867764285714,307.921385714286,246.941714285714,307.346657142857,231.3482,215.119178571429,209.396042857143,164.008071428571,308.162692857143,250.9667,182.312978571429,292.304892857143,216.170821428572,159.103507142857,83.1981428571429,213.223614285714,326.947135714286,352.355985714286,518.4704,292.434985714286,366.332278571429,412.908128571429,511.469314285715,89.1765071428572,212.006842857143,246.58835,193.097473571429,204.864578571429,84.1888714285715,110.984435714286,332.89935,213.29045,219.21875,149.91045,178.612964285714,175.315411428571,197.747385714286,345.008621428572,240.778878571429,493.425464285714,354.960421428571,207.1436,123.51835,216.217378571429,187.671085714286,275.766221428572,355.253785714286,314.472642857143,421.435257142857,541.899007142857,243.32505,207.932073571429,195.990035714286,233.83185,203.742807142857,237.184178571429,411.497878571429,690.485342857143,442.780694285714,342.05285,166.420442142857,718.586907142857,159.46327,343.737835714286,297.931635571429,154.789541428571,94.8479085714286,168.555585714286,85.56605,76.1286142857143,115.066671428571,52.5935471428572,159.6361,212.637292857143,263.4175,499.900978571429,195.145492857143,100.500014285714,195.496414285714,231.859592857143,507.938228571429,507.767542857143,285.118157142857,311.3273,251.483758571429,452.657357142857,365.340528571429,117.898664285714,183.160385714286,214.975357142857,256.638464285714,270.061364285714,208.997092857143,206.9338,169.660035714286,249.660071428571,355.960321428572,285.204107142857,227.755928571429,720.178157142857,347.501642857143,187.362928571429,331.964892857143,652.463864285714,655.965942857143,398.454897857143,223.706671428571,314.813057857143,223.61845,501.552692857143,370.305728571429,301.653014285714,252.604264285714,206.556785714286,189.894535714286,229.458585714286,283.156942857143,363.172657142857,303.421307142857,254.820721428572,412.100185714286,258.451228571429,353.75065,238.727778571429,416.068807142857,578.386664285714,624.728057142857,562.539142857143,170.490335714286,447.438785714286,453.705907142857,246.532835714286,197.937428571429,48.7087285714286,396.854807142857,363.243035714286,97.1369571428572,105.085814285714,101.783928571429,99.8134285714286,113.030464285714,281.864264285714,298.099078571429,374.176028571429,399.2129,461.979407142857,409.835814285715,412.209364285715,195.807407142857,192.554664285714,270.645921428572,222.865557142857,250.347378571429,288.156742857143,217.513542857143,193.00425,318.630671428572,271.223385714286,181.779978571429,520.909542857143,416.420921428572,295.804671428572,219.834528571429,401.355128571429,233.964579285714,319.801698571429,287.172685714286,449.72885,447.857528571429,179.842478571429,365.508521428572,376.917528571429,136.47075,204.151092857143,519.129728571429,344.166728571429,406.756642857143,372.512328571429,292.527042857143,285.05905,258.952657142857,328.03405,214.568728571429,229.6597,271.85795,109.78239,74.634,108.947528571429,212.672322857143,200.906485714286,226.084664285714,400.367335714286,463.068642857143,328.027162142857,256.368078571429,224.572871428571,508.4894,704.585685714286,175.673378571429,270.988371428572,451.227721428572,347.004807142857,133.8486,324.967107142857,420.6718,119.8381,414.776078571429,383.802335714286,324.6238,271.951278571429,366.991521428572,210.302078571429,197.652207142857,226.195992857143,170.242285714286,203.046392857143,229.238021428571,382.786185714286,406.466442857143,237.282635714286,463.112485714286,364.6361,256.860342857143,234.043177857143,619.054864285715,212.568635714286,593.706685714286,211.722914285714,363.952764285714,392.17305,273.446305714286,182.835664285714,375.027335714286,386.199428571429,241.444992857143,568.130742857143,331.116828571429,231.525457142857,248.33095,154.74385,240.001135714286,407.869885714286,183.371012857143,206.179721428571,258.115592857143,100.761995714286,368.395018571429,500.301181428571,347.896707142857,306.605178571429,150.731707142857,163.074121428572,160.95925,177.937785714286,293.307542857143,333.165085714286,348.484178571429,260.64385,396.899414285714,218.270114285714,155.299,237.792663571429,163.654192857143,218.820914285714,181.890285714286,115.689957142857,439.746185714286,578.440685714286,123.031278571429,472.621278571429,357.024007142857,247.468042857143,591.660547142857,176.240121428571,408.435721428571,317.334410714286,243.614835714286,246.12325,347.421785714286,478.624928571429,294.778785714286,250.476021428572,172.360114285714,214.088,183.172871428572,69.6994428571429,72.1012785714286,50.6585142857143,249.448664285714,274.452878571429,362.976828571429,201.554521428572,202.139464285714,215.66025,181.944185714286,359.743922857143,347.712771428572,165.846678571429,266.567414285714,199.038321428571,272.102992857143,275.651878571429,116.572657142857,773.938964285715,492.190364285714,472.812557142857,428.104071428572,214.59065,369.840121428572,284.331528571429,354.106771428572,309.968135714286,512.5887,347.352685714286,233.445735714286,406.485728571429,504.242714285714,196.239442857143,208.593521428571,177.334978571429,117.603007142857,117.553442857143,171.960564285714,166.693314285714,144.394355714286,209.710105,243.043790714286,326.291814285714,193.451185714286,216.656714285714,254.483585714286,144.795692857143,155.749435714286,88.9682357142857,93.0004714285715,192.086654285714,134.440651428571,245.914031428571,105.133978571429,474.104307142857,466.565842857143,229.297085714286,189.064937142857,290.208737142857,274.673507142857,114.108585714286,312.163637142857,289.516285714286,153.7342,133.159424285714,649.492924285714,724.273792857143,362.371787142857,160.877687142857,146.108292857143,239.797328571429,110.850201428571,119.28645,150.415757142857,293.155807142857,312.710407142857,315.122471428571,260.315966428572,339.668092857143,378.5524,347.107128571429,230.406685714286,243.160628571429,617.736757142857,272.429164285714,484.8734,772.544642857143,471.06975,230.249971428571,275.511485714286,427.830228571429,526.150157142857,381.109428571429,353.842605714286,396.423135714286,339.879407142857,359.139192857143,446.689214285714,93.4990971428572,271.663714285714,201.754364285714,286.94815,400.817271428572,148.549542857143,426.014821428572,83.8021428571429,451.765321428572,450.766507142857,207.103765714286,270.244158571429,304.819657142857,364.141707142857,232.36705,441.46925,278.605842857143,212.551421428572,292.128857142857,296.318457142857,367.087214285714,303.05115,408.367507142857,300.623078571429,50.9601,54.8357542857143,311.326557142857,406.161385714286,494.067285714286,500.633121428571,179.487758571429,239.30355,266.846864285714,207.934871428572,109.083557142857,93.8845,414.798592857143,502.416771428572,479.025221428572,465.720342857143,379.17025,419.921271428572,428.22745,406.5184,196.401828571429,138.27464,277.125535714286,373.188985714286,243.771007142857,45.3006714285714,394.200914285714,131.965264285714,393.377057142857,379.24265,429.925264285714,360.897492857143,295.985652857143,179.553192857143,249.572728571429,293.067471428571,260.089528571429,487.601007142857,400.070621428571,381.610421428571,552.821914285714,350.439414285714,631.52735,173.778492857143,324.948721428572,567.693878571429,365.073635714286,176.01175,88.7115285714286,547.251742857143,419.207448571429,518.269864285714,229.012142857143,282.9504,431.525471428572,363.307018571429,419.847757142857,257.466164285714,58.6330814285714,491.908687142857,413.364071428571,295.874307142857,210.315124285714,291.521285714286,413.358985714286,174.831471428571,404.102935714286,332.8489,281.967792857143,311.169478571429,331.278692857143,333.106557142857,225.637921428571,274.282885714286,249.607,253.237664285714,122.04615,80.9711071428572,237.017235714286,344.748371428571,494.838257142857,254.262142857143,275.241785714286,183.150578571429,138.706442857143,213.283585714286,280.206014285714,224.56345,347.626671428572,235.818514285714,465.864754285714,284.404235714286,233.893528571429,223.3676,239.68155,232.092914285714,193.414192857143,202.441357142857,282.769878571429,269.011228571429,334.362407142857,303.289457142857,120.895485714286,126.642564285714,164.931157142857,388.574571428572,178.835307142857,144.526782857143,425.163485714286,330.418957857143,472.727164285714,315.347557142857,255.981821428571,263.465211428571,237.812335714286,263.5894,351.653202857143,346.271428571429,444.46625,425.585941428571,439.222007142857,331.896078571429,463.908885714286,359.655457142857,343.616007142857,351.348492857143,90.6778571428572,331.284725714286,386.100028571429,405.499228571429,325.070428571429,399.837281428571,167.631156428571,388.574992857143,490.676742857143,421.471757142857,266.425507142857,101.515724285714,243.566342857143,360.270170714286,233.137992857143,316.483585714286,302.363292857143,174.019168571429,288.606428571429,490.65055,141.073121428571,153.912528571429,140.443814285714,323.592692857143,629.879664285715,247.270221428572,491.024264285714,474.867185714286,265.260064285714,239.920014285714,171.692878571429,66.2882528571429,203.4757,205.7688,233.849228571429,473.20525,466.093835714286,160.300392857143,587.597914285714,481.287928571429,238.356635714286,391.243264285715,279.973119285714,243.948041428572,212.321885714286,261.192471428571,189.697507142857,312.901235714286,292.676614285714,319.885971428572,285.807978571429,257.657885714286,209.458742857143,289.241842857143,380.537107142857,458.907942857143,83.4468057142857,87.6664857142857,235.830694285714,391.450185714286,244.874835714286,418.422364285714,366.419864285714,422.027507142857,351.036385714286,187.423917857143,371.274571428572,294.305885714286,164.186881428571,83.9320428571429,220.011885714286,217.742771428572,225.342671428572,160.5466,357.020378571429,116.45574,174.786542857143,220.875457142857,159.500357142857,78.0157071428572,114.069942857143,84.1811142857143,191.438657142857,291.4155,272.144864285714,257.463371428571,338.528557142857,249.537421428572,282.357585714286,599.211792857143,620.318614285714,269.353942857143,283.281078571429,620.236092857143,208.88685,214.236985714286,395.218085714286,371.602875714286,448.507121428572,271.725864285714,170.027021428572,542.104971428572,651.322528571429,583.2671,375.981307142857,359.968055,230.54455,440.330192857143,264.215235714286,311.473042857143,811.02035,122.337978571429,131.456942857143,392.407535714286,111.330678571429,381.585871428572,317.453817857143,495.713042857143,362.718164285714,217.522885714286,510.235314285714,256.81355,290.90309,364.264257142857,299.481892857143,255.056292857143,358.287207142857,224.387857142857,287.968,223.075154285714,228.979621428571,415.174328571429,246.606957142857,231.099035714286,289.113028571429,330.529157142857,314.503845714286,472.54645,148.850192857143,218.537907142857,384.791714285714,385.95945,456.929771428572,91.9783428571429,256.9001,374.051921428571,294.040871428572,156.376978571429,339.662728571429,91.2700528571429,238.722728571429,291.583121428572,204.215078571429,247.189764285714,240.988385714286,362.183506428572,423.68165,434.520087142857,363.007364285715,304.065457142857,493.311171428572,261.266042857143,200.05625,556.758414285714,403.669835714286,267.842814285714,352.47005,702.173278571429,219.71725,170.995228571429,314.730521428572,226.071442857143,190.711042857143,611.957778571429,395.468764285714,325.763414285714,280.637128571429,393.88075,47.16599,133.890282857143,328.219464285714,267.441378571429,300.608428571429,357.590187142857,284.684537142857,275.848464285714,311.826542857143,257.417785714286,301.209721428571,685.535221428571,122.967778571429,252.064321428572,285.945264285714,172.447071428571,230.192807142857,269.970821428572,325.563957142857,440.172828571429,357.048864285714,494.038478571429,336.6113,327.830385714286,479.598907142857,382.621678571429,354.375485714286,228.583454285714,521.832843571429,355.955071428572,192.5146,276.171828571429,275.622121428572,171.180942857143,344.880321428572,102.042214285714,309.115321428571,359.264372857143,212.792007142857,189.196935714286,192.78265,249.3238,304.254757142857,102.9522,270.893421428572,328.657078571429,256.143785714286,185.431428571429,381.429183571429,239.477078571429,119.577907142857,67.9914071428572,172.279471428572,251.941378571429,439.013657142857,257.632742857143,167.9234,532.544107142857,182.745157142857,620.017957142857,537.484278571429,280.438092857143,370.936035714286,231.796392857143,230.503842857143,273.638371428572,84.6557071428572,147.347714285714,150.314664285714,267.822785714286,330.4451,312.393635714286,210.725939285714,378.74345,381.183978571429,323.980742857143,380.262921428572,305.108216428572,328.456060714286,429.145559285714,337.504664285714,334.071685714286,175.691985714286,327.031414285715,375.123207142857,186.058121428572,141.768521428571,137.197578571429,171.006985714286,158.829421428572,196.168621428571,226.497664285714,392.248,387.730878571429,246.3149,226.858621428571,296.340871428572,313.897192857143,255.963364285714,194.037642857143,133.160171428572,77.7682114285714,164.114257142857,238.963264285714,366.295,634.980442857143,516.921407142857,232.007108571429,232.242714285714,538.265914285714,430.923728571429,437.296797142857,343.323942857143,391.796720714286,374.335928571429,415.245821428572,146.898971428571,80.3553142857143,77.6811071428572,415.0602,494.762171428571,365.417742857143,193.433007142857,171.607014285714,367.9316,224.597828571429,180.4301,286.829885714286,120.400120714286,205.723614285714,104.605054285714,92.5396885714286,71.2084785714286,268.377314285714,231.396328571429,391.521092857143,273.2417,380.391757142857,277.32965,280.460357142857,253.649771428572,298.954357142857,496.318628571429,245.092742857143,127.966814285714,166.366621428572,404.186645714286,190.262378571429,284.92695,313.218457142857,211.380621428571,317.156228571429,336.916742857143,194.701835714286,310.979,278.690814285714,433.2329,344.737214285714,207.814071428571,219.445753571429,221.8675,336.083064285714,142.707569285714,526.494685714286,110.601242857143,130.795454285714,208.415454285714,355.114664285714,242.3073,253.100707142857,156.852928571429,499.500564285714,118.567878571429,161.664092857143,614.790871428572,405.337978571429,218.843128571429,254.858242857143,243.039271428572,130.157728571429,328.209335714286,484.3551,386.983271428572,450.624442857143,496.758057142857,469.594042857143,339.382971428572,342.490257142857,318.4938,521.986502857143,733.303342857143,371.021292857143,276.179935714286,534.811557142857,481.479714285714,341.860378571429,374.189328571429,386.581928571429,352.705985714286,388.228614285714,171.742244285714,532.791878571429,498.112335714286,535.5796,253.075407142857,359.54515,108.272784285714,190.590428571429,294.481778571429,197.717614285714,313.705342857143,282.9765,284.042014285715,392.5779,470.401264285714,436.359998571429,258.238542857143,116.969721428571,500.195207142857,593.352514285714,309.83855,264.252078571429,490.875464285714,352.459964285714,220.528692857143,575.710871428572,254.863121428572,140.305627857143,175.467321428571,124.252892857143,154.580192857143,235.096785714286,191.719778571429,118.743647142857,214.305592857143,396.125185714286,229.853628571429,204.008371428572,213.358507142857,263.963592857143,253.310188571429,270.570328571429,117.31785,425.405114285715,484.836010714286,361.372028571429,324.785471428571,290.312185714286,382.777521428572,212.774935714286,187.378192857143,316.95485,323.654028571429,275.827314285714,213.902407142857,189.908321428571,170.670978571429,207.337878571429,185.293742857143,188.022628571429,168.588721428571,229.31875,169.872357142857,278.164321428572,388.507721428571,179.8986,172.075680714286,272.674690714286,374.45665,415.869271428572,87.11393,300.037235714286,298.744985714286,301.233442857143,536.447185714286,489.425157142857,654.754878571429,416.747864285715,303.318278571429,120.935101428571,198.947668571429,314.231371428571,463.333014285714,188.742357142857,359.84255,583.0785,615.962485714286,590.149064285714,476.4382,265.516314285714,303.967271428572,399.863821428572,365.667685714286,241.579221428572,168.5404,231.517357142857,159.037721428571,246.911671428572,88.5898714285715,183.64445,361.160057142857,183.173257142857,253.020478571429,235.815871428571,369.874985714286,345.228714285714,304.239692857143,312.123987142857,68.7663742857143,74.4376928571429,148.345692857143,88.1362871428571,219.0538,165.412921428571,226.463457142857,299.868257142857,108.732664285714,145.606707142857,198.39085,477.675707142857,648.842042857143,200.0742,235.110842857143,257.008092857143,255.843778571429,564.435414285715,404.622457142857,525.27085,146.406292857143,376.634792857143,208.834314285714,164.095885714286,268.576921428571,370.697928571429,379.240557142857,242.764278571429,414.182901428572,396.3768,347.129678571429,394.394635714286,133.376128571429,308.564035714286,398.639278571429,212.19415,201.541671428572,214.383857142857,255.513307142857,90.7681428571429,75.9030714285715,230.40055,224.578021428571,252.423841428571,82.6425957142857,312.795057142857,285.265085714286,201.533814285714,454.850992857143,187.099457142857,178.015664285714,252.814164285714,193.208771428572,328.602535714286,327.996571428571,347.609657142857,256.139492857143,538.834957142858,286.419014285714,344.860021428572,270.61915,268.726963571429,329.872271428571,362.198271428572,350.815814285714,397.71685,135.766138571429,122.241614285714,188.8858,483.954442857143,332.425571428572,327.667285714286,327.486261428571,494.387321428572,491.636,222.518757142857,193.015692857143,495.417985714286,229.990671428571,277.730764285714,605.866042857143,396.486435714286,338.701171428572,305.730114285714,350.543557142857,272.181785714286,470.998007142857,476.336878571429,361.533378571429,239.590121428572,518.84975,165.159342857143,387.609635714286,335.817064285714,169.276012857143,218.383495,312.226885714286,494.579985714286,402.246892857143,341.137027142857,298.30159,197.881414285714,356.618271428572,124.064885714286,132.783490714286,155.548628571429,492.512485714286,430.753285714286,639.726114285714,383.361542857143,552.426135714286,662.323792857143,291.66025,573.049042857143,309.647638571429,359.455142857143,203.814097142857,233.302735714286,197.242,421.637871428571,422.247192857143,410.894834285714,300.745385714286,567.422007142857,291.616957142857,267.048771428572,219.993414285714,308.102207142857,423.237471428572,436.441535714286,360.2335,238.139857857143,304.29395,158.017442857143,346.285642857143,244.559078571429,156.05462,433.602135714286,332.9089,250.898557142857,159.739035714286,242.326792857143,558.213728571429,380.346785714286,192.493714285714,548.193171428572,376.949478571429,418.102314285714,446.595485714286,341.623492857143,608.242566428572,251.634671428571,150.812397428571,260.530785714286,72.8625478571429,612.212371428572,185.447635714286,422.255121428572,574.697085714286,694.6983,431.266742857143,562.310114285714,458.652907142857,291.204614285714,204.925707142857,325.32905,134.109957142857,150.15025,258.597558571429,259.441071428571,240.325675714286,547.167357142857,321.069721428571,522.393,343.1155,498.554235714286,223.510758571429,285.603871428572,233.908142857143,316.723571428572,246.196135714286,239.835278571429,238.621757142857,293.581707142857,313.043292857143,155.9358,190.356757142857,282.347335714286,301.030064285714,110.200571428571,89.2150642857143,67.70262,158.655928571429,164.19705,321.731735714286,392.76475,172.847842857143,211.14015,355.082785714286,188.351114285714,172.126492857143,193.604264285714,276.027121428572,287.004971428572,328.943442857143,261.549235714286,278.584392857143,263.228164285714,239.676814285714,453.668571428572,248.40445,444.292878571429,427.609642857143,203.505164285714,207.632228571429,229.328678571429,241.007228571429,256.282028571429,344.810085714286,261.917312142857,264.952392857143,351.581385714286,351.080592857143,291.169914285714,386.406092857143,360.165791428571,125.556061428571,150.443548571429,196.413948571429,188.330507142857,260.716092857143,101.774821428571,213.412692857143,205.531764285714,707.294521428571,389.138485714286,190.567007142857,264.910964285714,194.449335714286,161.908712857143,248.383042857143,333.110192857143,290.580057142857,374.584628571429,346.972357142857,331.653142857143,113.619714285714,355.146064285714,242.488685714286,332.542171428571,347.2679,314.377064285714,216.772435714286,178.127464285714,287.312342857143,217.605592857143,151.313435714286,636.110842857143,589.575021428572,313.2422,270.144807142857,168.879214285714,117.089988571429,229.047685714286,141.167988571429,249.378458571429,137.612085714286,152.537365714286,165.574607142857,563.031471428572,332.844421428571,332.403,370.096014285714,400.376035714286,192.201485714286,221.037071428572,228.601992857143,130.702558571429,256.527157142857,222.742267142857,202.709755714286,94.1847071428572,156.437768571429,222.338057142857,221.335435714286,341.481742857143,672.602871428572,575.729507142857,283.830307142857,444.751185714286,300.148414285714,282.027492857143,305.717035714286,331.614564285714,175.044721428572,162.009785714286,225.1016,346.897664285714,138.9993,488.188135714286,502.667857142857,403.850142857143,137.171664285714,409.387571428571,468.680435714286,277.540478571429,450.771521428571,151.075828571429,343.2591,291.425921428571,256.32895,139.221464285714,171.53835,159.720764285714,354.335464285714,163.469328571429,71.8707885714286,146.765185714286,122.244468571429,294.018357142857,381.731428571429,718.825859285715,588.264864285714,598.901735714286,227.947435714286,96.2215857142858,101.653257142857,381.960778571429,277.034657142857,247.753564285714,592.448564285714,254.824021428571,162.141128571429,260.87475,253.211378571429,274.907007142857,354.506907142857,265.534457142857,745.900964285714,596.603942857143,566.787135714286,747.40475,786.217957142857,656.807921428572,467.906942857143,333.066007142857,459.495471428572,158.227282857143,126.644657142857,175.860007142857,302.820814285714,343.392792857143,259.90235,350.6147,300.165028571429,461.367628571429,661.446171428572,639.601657142857,462.288112142857,536.232785714286,433.560521428572,167.95513,211.8637,202.997085714286,191.356178571429,195.863865714286,339.819535714286,398.330442857143,754.357764285714,199.681585714286,540.328821428571,231.854592857143,260.596107142857,362.313114285714,226.658828571429,194.848735714286,222.5277,152.410814285714,144.277428571429,123.597885714286,135.580035714286,173.747785714286,225.733792857143,533.326485714286,282.252928571429,215.891755714286,141.004432857143,126.045278571429,162.181892857143,229.196807142857,543.173812142857,803.556225,182.348692857143,179.7302,97.1988714285715,227.241528571429,354.337035714286,462.828235714286,244.520671428572,193.572864285714,218.623921428572,195.589164285714,363.488807142857,531.160871428571,719.450292857143,457.1112,119.444742857143,178.52645,302.579714285714,267.582422857143,298.404677142857,392.231321428572,227.864392857143,300.082035714286,251.115507142857,328.718564285714,721.099371428572,323.963142857143,342.101878571429,264.566112857143,387.619814285715,361.647821428572,425.238257142857,117.902082857143,348.201114285714,287.807592857143,254.09435,321.367707142857,370.905092857143,217.46685,185.348092857143,127.353257142857,203.840301428572,343.061721428572,191.676857142857,162.382657142857,212.820835714286,263.524071428571,327.665842857143,224.586871428571,301.640171428572,464.61435,303.611507142857,170.696978571429,136.2404,909.112007142858,459.063921428572,290.542035714286,347.253471428572,431.867142857143,383.208128571429,217.496571428572,410.863171428571,203.374585714286,239.826242857143,257.921885714286,267.456014285715,329.142085714286,503.463207142857,442.788857142857,341.960271428572,399.978221428572,253.511846428571,317.4757,201.528592857143,335.738892857143,521.982771428571,205.993978571429,129.023725714286,406.268379285714,573.2588,349.425692857143,384.509892857143,290.202428571429,184.126335714286,221.617828571429,230.579821428571,335.729657142857,320.461164285714,198.784278571429,475.303857142858,251.636021428572,253.334264285714,297.3206,216.184,283.522428571429,183.587214285714,257.41335,291.876671428572,268.304257142857,257.111085714286,251.909557142857,296.989785714286,164.109325714286,161.149627142857,268.992264285714,297.48575,447.789635714286,137.034192857143,90.4252971428572,60.876695,75.7427985714286,383.956431428571,119.165242857143,383.623364285715,129.977421428571,89.6191142857143,223.821942857143,141.66807,330.762135714286,519.82085,536.055364285715,263.211921428572,419.538778571429,436.270078571429,299.936592857143,329.250792857143,243.640742857143,311.748985714286,114.040387142857,249.10719,353.435144285714,454.056528571429,164.198157142857,111.695285714286,332.560328571429,261.911978571429,262.163857142857,563.787078571429,451.290864285714,485.850942857143,314.242435714286,340.54975,112.195492857143,215.078885714286,252.430814285714,342.744292857143,371.697638571429,319.248514285714,224.164914285714,209.917664285714,190.094688571429,515.541521428572,319.648028571429,410.861014285714,147.616192857143,169.786092857143,401.410178571429,356.037371428571,382.742585714286,238.080921428572,216.973914285714,279.366644285714,276.946464285714,156.988277142857,145.299514285714,156.204122857143,245.141460714286,382.124077142857,181.669707142857,86.4032071428572,331.359142857143,334.028995714286,183.569057142857,216.063307142857,178.943522857143,300.150521428572,228.174221428571,156.043,186.506828571429,209.124328571429,236.551607142857,385.349457142857,142.965342857143,123.168264285714,228.920392857143,481.265892857143,286.855608571429,219.166671428571,325.622314285714,215.729557142857,252.380621428572,375.219871428572,246.336528571429,258.191828571429,368.550142857143,251.1429,132.6906,177.991628571429,293.330510714286,366.060992857143,243.036364285714,164.9346,261.639042857143,471.160707142857,312.684514285714,351.131764285714,252.459178571429,236.020607142857,220.529357142857,197.174064285714,249.652335714286,371.673742857143,213.935435714286,477.431178571429,278.395014285714,275.121464285714,288.791892857143,161.087285714286,74.4353514285714,126.957107142857,180.168478571429,111.896094285714,193.956544285714,140.117407142857,418.725235714286,388.509064285715,353.233142857143,259.639607142857,54.3782571428572,120.449885714286,198.637571428572,186.688142857143,75.8613442857143,133.753278571429,83.00816,233.770307142857,178.2504,149.200092857143,125.652592857143,316.876285714286,246.21235,319.771385714286,306.394935714286,216.795271428571,222.279222857143,419.598857142857,590.6027,224.204335714286,124.855364285714,235.305292857143,281.196514285714,303.676264285714,318.328364285714,392.612264285714,552.96039,918.904921428571,256.827771428572,424.134207142857,222.846921428572,507.439842857143,765.2867,399.722885714286,272.264692857143,491.847171428572,617.791074285714,602.040798571429,269.815628571429,358.999492857143,173.144835714286,517.878885714286,274.09845,320.9726,280.05225,376.637578571429,542.058014285714,240.396714285714,239.60855,279.611257142857,698.193885714286,438.877828571429,411.773364285714,540.793835714286,274.51742,339.998157142857,329.7016,391.521978571429,222.208107142857,452.477414285714,392.752007142857,352.215578571429,265.162392857143,244.537974285714,260.885764285714,279.195271428572,288.484571428572,136.927664285714,343.248764285714,297.435921428571,299.368585714286,454.61325,233.61825,222.126435714286,478.208564285714,449.840092857143,219.975264285714,372.309085714286,305.23,376.447557142857,334.483578571429,306.768814285714,294.327278571429,180.614092857143,178.768092857143,151.731464285714,581.876792857143,631.164564285715,497.769171428572,267.4767,212.398542857143,288.130028571429,218.128635714286,363.383635714286,184.14136,193.295615,87.2919971428572,159.513606428571,214.303364285714,509.362307142857,268.996321428572,506.075621428572,528.006914285714,614.504485714286,259.273314285714,332.594285714286,154.893570714286,113.894385714286,54.5135214285714,422.477581428572,221.7789,332.381357142857,373.599321428572,497.444828571429,252.881692857143,634.549064285714,340.404292857143,344.250642857143,83.2096185714286,300.903228571429,318.074021428571,357.500557142857,495.581478571429,424.362464285714,417.520385714286,247.440964285714,540.029221428571,404.9366,330.330464285714,508.101464285714,417.123174285714,225.070735714286,313.393214285714,201.443992857143,306.459757142857,313.6272,188.880157142857,185.698778571429,272.8448,310.917635714286,424.070028571429,257.924671428572,223.710312857143,403.274857142857,172.429792857143,185.509128571429,136.664507142857,229.882514285714,516.945521428572,530.369164285714,323.387592857143,415.663428571429,496.213578571429,314.575607142857,600.783107142857,338.713871428572,186.183492857143,323.311692857143,384.981342857143,445.356457142857,223.793107142857,232.245907142857,192.906121428572,199.346821428572,87.8462928571429,273.983557142857,377.680057142857,263.421871428572,108.247128571429,164.373407142857,145.834078571429,553.0072,162.774935714286,257.294231428571,399.018334285714,464.63415,290.607414285714,552.317414285714,367.260081428571,140.887814285714,172.745285714286,424.462614285715,384.938635714286,237.158578571429,266.431128571429,128.742171428571,232.238392857143,232.80199,378.145914285714,290.696535714286,432.654671428572,166.911557142857,467.498821428572,148.895878571429,424.716928571429,386.153728571429,306.783021428571,396.273914285714,673.688378571429,291.649921428571,300.3642,264.850264285714,167.1909,312.479777142857,394.822057142857,298.912057142857,261.747221428571,509.286414285714,512.473914285714,598.178764285715,629.9579,442.719664285714,322.037892857143,208.112607142857,226.979542857143,284.2921,263.412613571429,165.599228571429,666.485314285714,138.158960714286,454.388564285714,368.575664285714,628.06895,284.590504285714,448.560771428572,246.522107142857,353.595914285714,289.022444285714,464.365807142857,148.108571428572,264.72695,689.384785714286,372.348457142857,359.207478571429,419.540707142857,205.08985,304.188985714286,334.992278571429,82.3099471428571,157.551714285714,109.736685714286,102.853166428571,184.145492857143,157.494078571429,315.966842857143,156.000721428572,128.6654,181.754828571429,267.553057142857,139.592792857143,312.105578571429,560.113357142857,153.354728571429,321.804585714286,246.31567,212.542121428572,184.049235714286,177.565878571429,282.357507142857,392.696028571429,332.480921428572,344.195642857143,420.397085714286,432.237721428571,428.186042857143,457.892664285714,461.798421428571,223.072314285714,111.948892857143,343.294692857143,117.299185714286,208.486785714286,408.024628571429,210.893464285714,176.963392857143,284.254439285714,424.037721428572,438.129185714286,324.201042857143,472.877564285714,581.774207142857,449.213557142857,476.239314285714,571.379807142857,655.804371428572,654.851121428572,325.324571428572,383.342092857143,374.564178571429,160.765385714286,515.622457142857,386.199385714286,427.985178571429,271.013235714286,362.9572,406.276114285714,343.583214285714,181.811671428571,163.075028571429,214.245107142857,240.745307142857,131.640592857143,311.413085714286,177.669792857143,217.267151428571,415.350671428572,404.142521428572,109.848614285714,202.876771428572,177.070342857143,307.913685714286,342.64735,71.4066214285714,111.267842857143,78.9605242857143,133.54182,192.189535714286,163.097975714286,196.518428571429,136.549385714286,245.140863571429,148.484735714286,350.451928571429,484.109371428571,276.560557142857,290.480457142857,368.784078571429,269.82298,515.996992857143,552.756988571429,295.425471428571,112.75745,415.597542857143,199.386957142857,509.7074,216.109021428571,425.824292857143,281.766935714286,232.7386,265.2948,139.074731428571,226.11165,229.816771428572,544.018871428571,510.406921428571,398.053814285714,143.468458571429,147.643385714286,369.717021428571,286.082392857143,533.0463,410.917264285714,208.205678571429,243.424678571429,769.671707142857,441.28755,362.962585714286,480.428907142857,428.2577,365.65475,512.592821428571,278.43495,289.794421428572,310.868576428571,345.770414285714,324.629814285714,306.669507142857,221.966114285714,218.632332857143,189.373957142857,386.242021428572,276.014228571429,686.808578571429,381.338957142857,200.478961428571,322.585814285714,170.600242857143,300.491514285714,224.702671428572,268.427178571429,285.904714285714,392.896392857143,277.415011428571,151.316707142857,452.445264285714,297.653378571429,175.739507142857,236.712957142857,214.852321428572,177.426335714286,242.259685714286,240.261064285714,206.449771428571,259.633378571429,235.409678571429,563.992485714286,102.526798571429,579.928378571429,250.236285714286,417.807985714286,176.1929,111.525078571429,308.959257142857,345.152207142857,307.0456,193.093657142857,62.6547928571429,147.024021428572,422.143921428572,338.2826,200.580528571429,516.592335714286,590.646214285714,239.135107142857,400.513364285714,376.883178571429,324.487835714286,298.053492857143,170.055685714286,258.424885714286,72.37532,185.030128571429,339.90155,197.187485714286,180.317092857143,274.461351428571,293.801428571429,328.004014285714,333.191914285714,207.810814285714,310.595885714286,161.108701428571,186.192514285714,358.027491428571,203.480617142857,159.244492857143,237.903388571429,403.95245,285.086664285714,596.872514285715,464.360542857143,427.0654,471.648321428572,288.635,259.61905,155.135592857143,387.964821428572,262.489642857143,432.957378571429,165.44355,340.72585,209.959285714286,224.712228571429,193.430671428572,182.165992857143,296.015578571429,258.379164285714,274.926971428572,282.48445,567.942242857143,385.944721428572,434.565957142857,563.433485714286,181.186428571429,242.607877142857,422.754528571429,336.10065,253.21143,232.812545714286,74.1447142857143,354.019642857143,185.920007142857,449.791042857143,229.627978571429,223.495835714286,279.6528,344.42085,125.903232857143,115.465564285714,130.951828571429,540.630242857143,595.990235714286,368.190907142857,658.905736428572,686.271278571429,252.088957142857,438.233492857143,266.899428571429,166.769921428571,183.517857142857,554.349578571429,623.955992857143,394.875821428572,111.7678,245.011884285714,229.754942857143,110.052477142857,686.851775714286,609.274106,112.728271428571,324.147065857143,317.824852857143,492.748228571429,444.405242857143,253.079835714286,358.944771428572,327.560457142857,346.568145714286,288.069395714286,322.291971428572,247.288484285714,326.3768,95.62215,276.029585714286,453.375392857143,439.13026,193.903314285714,198.441871428572,189.165321428572,125.155171428572,215.223978571429,171.390817142857,129.614764285714,245.395531428571,130.244057142857,375.350721428572,237.936621428571,188.005007142857,322.023221428572,230.732692857143,386.150307142857,444.9421,316.416035714286,191.930285714286,136.024385714286,267.299864285714,381.483314285714,286.896157142857,436.158578571429,196.60455,322.077742857143,395.755871428572,313.191814285714,220.852971428572,310.427328571429,317.82465,299.332985714286,228.273428571429,177.856942857143,229.198585714286,275.740142857143,268.252142857143,299.3548,264.153285714286,174.304407142857,123.871164285714,85.0955828571429,196.525892857143,242.043092857143,284.124092857143,393.284814285715,356.419428571429,249.69105,161.412978571429,166.680864285714,82.6997435714286,702.003557142857,493.615707142857,379.509542857143,135.452078571429,182.655921428571,149.452692857143,157.733628571429,98.6498071428572,135.451035714286,122.035032857143,163.346292857143,188.552378571429,261.109328571429,364.697364285714,757.449507142857,269.072621428572,287.436007142857,342.749871428572,363.610035714286,390.927064285714,274.540671428571,196.161481428571,210.411007142857,206.526878571429,351.937528571429,304.876978571429,391.367271428571,330.557142857143,436.3046,469.764271428572,500.680192857143,562.300735714286,362.105792857143,122.358721428571,461.118407142857,470.131835714286,361.833528571429,116.462628571429,277.289328571429,164.261508571429,114.954128571429,330.087878571429,278.690171428571,330.115492857143,185.099785714286,215.056078571429,393.845614285714,612.158157142857,250.759492857143,293.411242857143,332.150957142857,364.679021428572,151.985064285714,240.500385714286,247.696378571429,320.542114285714,288.364785714286,116.329692857143,137.234385714286,145.671964285714,146.025364285714,152.8208,112.577507142857,258.058314285714,199.853521428572,261.727342857143,220.644614285714,201.061295714286,435.282514285714,190.432271428571,304.9853,241.7191,392.193935714286,287.287485714286,294.909585714286,395.460392857143,282.670578571429,304.559871428572,147.224785714286,115.393092857143,129.505371428571,242.826735714286,350.612507142857,277.692987142857,357.720678571429,365.534004285714,465.789254857143,421.246121428572,195.010814285714,261.642478571429,185.282535714286,202.61975,194.893085714286,366.513692857143,264.805664285714,124.639535714286,273.880907142857,176.630718571429,234.973678571429,194.107414285714,382.965771428572,293.940957142857,299.151242857143,465.235671428571,254.165442857143,353.205514285714,280.424057142857,228.568921428571,185.745157142857,241.687421428571,285.352364285714,244.929214285714,489.122785714286,366.977692857143,424.327428571429,181.32105,407.942635714286,361.8254,205.123507142857,219.759721428572,266.624278571429,301.978878571429,271.051792857143,214.73495,75.4471285714286,248.481471428572,293.176551428571,124.14255,219.249228571429,257.789821428571,212.409655714286,203.539907142857,205.63075,252.996671428571,143.962707142857,127.356378571429,175.583814285714,324.231985714286,285.852971428572,61.4853928571429,202.021857142857,202.9069,236.845364285714,132.927864285714,163.278871428572,206.055621428571,388.746764285714,104.251044285714,228.336771428571,368.678571428571,220.338042857143,302.421551428571,61.7416285714286,85.1019142857143,85.9169357142858,81.32074,96.0614357142858,89.5420214285715,487.051021428572,105.689728571429,201.958692857143,488.31285,324.090542857143,269.498464285714,341.30655,171.334485714286,612.969492857143,380.117837142857,246.463542857143,230.484452857143,254.211407142857,255.0352,279.024257142857,259.457078571429,379.783064285715,371.432421428572,293.155707142857,122.777485714286,230.368828571429,180.655455714286,244.682025714286,240.258654285714,242.379807142857,112.366178571429,160.545278571429,77.9902928571429,314.23605,477.630578571429,471.281064285714,204.127595714286,82.8698928571429,381.295614285714,301.941928571429,275.375064285714,368.617414285714,177.403707142857,469.221792857143,509.174235714286,333.114785714286,263.432785714286,294.318621428572,259.941242857143,532.414457142857,227.733172142857,349.828514285714,274.268207142857,171.398457142857,206.872235714286,160.173421428572,375.057057142857,655.470378571429,490.235380714286,566.917357142857,642.552342857143,404.582514285714,429.920485714286,304.997742857143,105.937085714286,290.4866,246.277535714286,205.784114285714,368.785142857143,205.290907142857,71.6872428571429,143.204681428571,217.797118571429,623.4708,363.526178571429,336.435714285714,249.523371428571,394.787557142857,395.541957142857,281.725242857143,370.562928571429,360.682042857143,367.8009,263.769142857143,298.423042857143,351.325671428571,420.765935714286,401.780035714286,944.662935714286,797.315028571429,353.722564285714,418.186828571429,350.893178571429,423.268757142857,173.664728571429,128.999635714286,224.38905,232.885592857143,260.419425714286,298.399678571429,366.078885714286,169.076064285714,203.014785714286,299.510835714286,390.636935714286,195.289035714286,404.425171428572,335.298935714286,359.291542857143,210.544657142857,314.588985714286,183.48115,306.626292857143,348.572642857143,439.246928571429,441.624028571429,287.708164285714,402.625957142857,494.504657142857,187.479714285714,203.126562857143,340.860764285714,435.064085714286,431.919778571429,292.959957142857,409.884614285714,251.557071428572,139.8655,211.295824285714,89.5788457142857,196.949185714286,483.841571428572,110.360624285714,122.666249285714,248.329657142857,520.257307142857,258.883178571429,295.475092857143,302.574614285714,202.493135714286,281.970949285714,319.457285714286,198.250671428571,240.422582857143,554.497835714286,393.450514285714,197.326121428571,204.220457142857,337.755864285714,91.5198371428572,176.313564285714,234.014964285714,326.423492857143,262.224457142857,262.351328571429,237.927278571429,289.880207142857,337.186714285714,189.117392857143,341.278942857143,429.648085714286,203.717342857143,105.7984,344.333335714286,232.549914285714,349.776585714286,286.5836,190.967435714286,268.939914285714,126.754081428571,76.7356,142.57241,440.121298571429,413.731428571429,362.495178571429,232.714321428571,174.324078571429,285.678245714286,289.303831428571,306.955357142857,261.354042857143,241.581792857143,309.054964285714,283.209321428571,159.397521428571,112.441115714286,451.134314285714,429.05625,626.974414285714,256.331614285714,397.333364285715,384.957764285714,513.052150714286,486.383728571429,605.9742,320.069771428572,268.312135714286,289.820814285714,358.373957142857,559.23035,417.588335714286,355.164307142857,176.588314285714,195.262621428572,214.908964285714,119.8586,270.067378571429,190.453035714286,147.665478571429,418.361871428571,209.205685714286,336.724428571429,244.712014285714,169.017292857143,310.712065714286,242.652905714286,337.389242857143,531.088528571429,284.9626,524.881564285714,784.263542857143,440.287114285714,285.177664285714,350.361871428572,428.747114285714,208.274185714286,250.180014285714,372.954535714286,456.25415,201.760042857143,134.960571428571,221.230658571429,114.45995,271.746307142857,82.9906271428572,256.68195,311.015778571429,245.633735714286,325.1294,272.312085714286,433.399807142857,458.964142857143,345.592338571429,309.104571428571,223.312792857143,230.412535714286,401.253034285714,178.449364285714,201.396485714286,256.6226,144.100757142857,313.98495,530.687382142857,502.531503571429,486.625535714286,207.8551,406.0096,386.641928571429,214.437,256.014614285714,179.608018571429,172.469271428572,255.432785714286,159.199257142857,209.640164285714,415.685671428572,259.357142857143,168.625842857143,243.305457142857,144.734935714286,105.357285714286,164.665094285714,156.868150357143,112.936172857143,100.903794285714,143.363157142857,214.414235714286,320.759278571429,207.266735714286,142.29825,250.446192857143,251.10295,314.511507142857,141.977085714286,311.255264285714,235.779064285714,283.893914285714,232.830885714286,387.205164285714,64.37325,212.903121428572,432.646185714286,141.193985714286,120.347458571429,230.531164285714,369.764557142857,194.785485714286,392.964685714286,370.679621428571,466.12965,285.134407142857,338.234235714286,223.724157142857,269.82115,280.847178571429,232.546028571429,245.545157142857,274.175628571429,446.108487857143,315.915028571429,893.776135714286,502.348392857143,207.991992857143,202.236292857143,248.016007142857,434.903957142857,204.720764285714,226.794664285714,158.069335714286,117.1265,273.739057142857,406.5579,456.244764285714,299.80475,267.565757142857,389.006195714286,695.502221428571,339.067414285714,215.584128571429,622.2474,598.864728571429,375.387728571429,530.487264285714,495.048042857143,315.148942857143,446.507228571429,194.425357142857,224.292235714286,142.531582857143,185.350135714286,306.265671428572,300.874528571429,179.180221428571,445.918464285714,255.890521428572,298.738635714286,278.901735714286,349.003178571429,378.945107142857,318.921764285714,353.785414285714,102.811757142857,202.965328571429,466.676764285714,536.166057142857,278.234414285714,329.523457142857,63.27895,144.148564285714,170.639071428572,186.732085714286,302.141735714286,377.6972,396.311621428572,229.025535714286,404.621071428571,498.129542857143,255.538478571429,844.298192857143,554.822885714286,312.494971428572,160.713521428572,376.617307142857,228.153178571429,200.623585714286,210.393035714286,172.798714285714,171.3471,273.054907142857,261.447557142857,436.992664285714,180.632914285714,233.577028571429,179.674007142857,397.705042857143,281.591128571429,292.285442857143,286.916121428572,430.560735714286,310.346485714286,178.506692857143,683.307407142857,279.089707142857,66.3840314285714,91.7201214285715,349.133871428572,402.350135714286,477.43185,519.417607142857,453.058235714286,464.560368571429,484.507287142857,488.170742857143,329.464614285714,314.747842857143,224.95495,485.516685714286,505.206564285715,329.256935714286,435.038668571429,333.677207142857,480.621821428571,242.872321428572,169.132521428571,553.877478571429,353.179128571429,368.496057857143,663.640692857143,610.903582857143,608.056185714286,380.572785714286,344.21635,523.698307142857,348.500914285714,88.1702071428572,274.300207142857,226.319771428571,454.836542857143,218.27,374.2868,254.912821428571,408.211078571429,78.3805085714286,215.305714285714,226.381278571429,316.652171428571,324.700528571429,205.983571428572,105.392092857143,399.764942857143,229.608757142857,305.374235714286,554.877571428572,283.3231,182.750035714286,389.226828571429,319.627542857143,376.431342857143,314.718114285714,327.419864285714,211.65525,247.540228571429,214.58165,419.146764285715,307.329314285714,646.600242857143,207.425,291.089664285714,374.112214285714,204.8018,304.435914285714,357.034285714286,448.060607142857,246.005978571429,432.913571428572,444.5478,208.252792857143,357.278974285714,371.076832857143,169.01305,303.985507142857,253.941728571429,240.451862142857,185.124907142857,303.852078571429,225.142635714286,158.056829285714,560.006035714286,322.077814285714,363.501192857143,407.082607142857,234.892671428571,414.216764285714,265.674414285714,311.537078571429,284.684271428571,347.21455,436.142721428572,569.267542857143,109.963671428571,418.31215,441.770878571429,356.135885714286,422.637285714286,142.977078571429,219.248007142857,181.684297142857,346.6826,308.554871428572,227.258,420.740837857143,235.590248571429,171.163314285714,181.584721428572,245.214228571429,161.600821428571,166.11197,396.889157142857,259.397678571429,181.337078571429,235.69621,357.25545,323.2983,344.505435714286,259.986664285714,652.57745,570.154071428572,213.477135714286,203.280678571429,188.413957142857,413.821392857143,525.28305,453.714235714286,362.161457142857,433.717628571429,342.40785,288.894078571429,145.153872857143,209.111207142857,411.308921428572,230.914778571429,290.792457142857,442.6163,434.805235714286,410.907107142857,515.961192857143,388.088185714286,730.435771428572,192.831028571429,197.14395,334.117964285714,120.840271428571,444.669578571429,342.1392,322.437407142857,514.091592857143,325.561642857143,290.968170714286,152.327528571429,59.7547357142857,176.140907142857,151.1871,125.47785,180.263,169.901785714286,310.291721428572,397.750221428572,278.399714285714,412.611164285714,357.559771428571,625.980357142857,359.771771428572,200.399842857143,190.1969,314.903164285714,556.489971428572,250.088835714286,330.617492857143,434.819871428572,298.006907142857,197.437764285714,294.84185,547.514092142857,536.928895714286,382.300278571429,200.85143,250.724776428571,228.61305,159.597286428571,329.1023,229.9672,344.942527142857,533.080628571429,449.748507142857,230.683542857143,235.175657142857,262.584242857143,296.2602,236.358642857143,308.936421428572,465.273378571429,646.363557142857,364.413485714286,447.264157142857,336.371042857143,335.878427142857,315.509148571429,444.791233571429,202.349897857143,222.545955714286,162.795490714286,150.512967857143,90.8417428571429,116.621547142857,257.073842857143,276.901307142857,321.914567142857,327.351764285714,377.583921428572,142.775121428572,161.228257142857,310.9316,76.6865785714286,216.636107142857,299.620057142857,327.735157142857,660.375414285715,350.397221428572,333.332107142857,294.064342857143,265.344471428572,212.852457142857,392.282021428572,186.372357142857,183.288978571429,249.703521428571,292.931478571429,77.1134728571429,269.049057142857,85.1280571428572,101.179015714286,111.845692857143,113.658214285714,499.138692857143,323.698832142857,240.7367,263.865892857143,384.168678571429,125.913735714286,360.065064285714,480.884657142857,396.199564285714,198.486692857143,258.922991428571,294.828678571429,351.455842857143,381.029592857143,233.474557142857,320.085871428571,561.69205,329.091621428572,234.371857142857,335.332207142857,436.862264285714,329.802692857143,214.599235714286,385.644692857143,123.886585714286,274.78495,175.448564285714,313.893828571429,473.938435714286,305.581792857143,305.15028,256.75625,504.118964285714,503.558021428572,312.445464285714,382.596661571429,417.117857142857,350.31665,167.858317142857,186.881287142857,236.189292857143,333.308664285714,455.024342857143,165.346782857143,394.0439,248.329657142857,281.611778571429,244.475878571429,267.092042857143,326.760607142857,442.357271428572,360.340907142857,414.710757142857,429.989335714286,351.889857142857,388.569542857143,215.562164285714,323.672892857143,192.224978571429,185.204471428572,398.217607142857,224.370257142857,214.05905,245.047742857143,224.532128571429,200.044507142857,312.104207142857,263.595071428571,308.568264285714,275.435264285714,175.94485,233.434492857143,198.565671428572,365.239828571429,410.454285714286,292.782757142857,415.324371428572,305.336514285714,318.66095,83.2456857142857,189.600385714286,576.729735714286,470.730764285714,329.425242857143,215.786752857143,320.653192857143,837.332585714286,546.685378571429,507.682664285714,226.850257142857,318.756371428572,462.793478571429,147.075357857143,351.463685714286,263.565721428572,187.806392857143,133.826242857143,424.816614285714,376.030471428572,264.678097857143,318.032178571429,376.799742857143,512.656621428572,608.1637,334.461257142857,285.990027142857,119.3399,131.393793571429,93.1973078571429,127.4739,143.095907142857,316.974748571429,90.7052871428572,123.300164285714,83.8752714285715,239.493685714286,210.013821428572,178.879392857143,195.474685714286,169.396507142857,179.620871428572,205.368235714286,384.695107142857,526.4483,182.654564285714,527.930264285715,316.922385714286,149.143542857143,110.920428571429,382.797478571429,69.8308071428572,204.49738,445.850042857143,139.044164285714,361.401328571429,212.698814285714,372.375864285714,229.212457142857,693.893128571429,617.583692857143,397.209385714286,470.17175,504.618514285715,497.878685714286,368.144,221.233892857143,281.979192857143,318.552521428571,387.944314285714,268.859964285714,184.185628571429,401.046342857143,448.371121428572,462.092907142857,418.880328571429,778.6321,444.341307142857,389.374864285715,499.359121428572,625.3399,248.986092857143,188.886571428572,57.0872571428572,298.175964285714,178.82425,127.499891428571,211.250614285714,198.380171428572,267.824792857143,171.542178571429,487.569557142857,388.361671428571,582.413635714286,356.229935714286,309.882675714286,348.637492857143,187.158078571429,323.892821428572,200.191185714286,420.164535714286,227.492771428572,275.720592857143,222.26405,826.792492857143,632.000628571429,254.932807142857,183.18645,307.0807,108.534994285714,150.243564285714,148.603442857143,203.657342857143,232.149628571429,501.995542857143,267.657162857143,456.365492857143,274.228271428571,163.268757142857,289.642142857143,270.101921428572,228.323064285714,64.2886842857143,207.394585714286,67.7270242857143,315.344085714286,137.117158571429,341.145564285714,186.358885714286,256.897735714286,475.407635714286,250.8541,250.303828571429,164.097914285714,306.876887142857,180.833121428571,433.665714285714,339.099992857143,340.5904,346.659485714286,316.52515,114.437007142857,227.207364285714,246.197828571429,452.032764285714,469.621814285714,400.699257142857,491.119178571429,227.133628571429,281.559678571429,476.982642857143,376.632828571429,608.378614285714,260.702892857143,393.148064285714,387.091642857143,400.211707142857,207.698052857143,339.099307142857,356.239228571429,371.495578571429,220.502321428571,203.817921428571,557.828535714286,343.414314285714,226.198565714286,239.141285714286,343.428678571429,140.751778571429,214.546928571429,191.929785714286,155.491185714286,185.454078571429,351.587662857143,225.438072857143,639.655528571429,360.237007142857,428.793778571429,457.978528571429,294.629054285714,447.385121428572,425.236114285714,217.201685714286,391.548142857143,187.014278571429,298.29175,380.133392857143,214.663735714286,427.224271428571,356.0345,170.2237,166.173385714286,179.601071428571,177.608578571429,213.379078571429,220.45205,211.582128571429,351.494507142857,197.6652,199.262185714286,221.873442857143,406.811928571429,611.573735714286,243.106578571429,143.004228571429,98.8522428571429,138.682228571429,336.526271428572,595.969428571429,390.637692857143,392.158735714286,310.001778571429,426.73475,322.036678571429,225.706835714286,146.948828571429,268.971921428572,281.263828571429,226.705692857143,155.080685714286,302.638007142857,184.752978571429,270.472735714286,367.181121428572,459.799214285715,296.921157857143,168.1598,250.110285714286,378.10325,296.32145,269.647371428572,410.296557142857,539.054785714286,341.335264285714,186.444635714286,190.378692857143,326.824121428572,332.681857142857,395.3916,319.024857142857,898.972278571429,270.565885714286,375.090057142857,182.195871428572,400.37465,462.666485714286,415.746128571429,283.133357142857,147.189,246.984007142857,276.528471428571,186.151485714286,252.333,210.672528571429,286.955014285714,194.380535714286,440.772092857143,367.106635714286,236.485978571429,497.886878571429,359.837925714286,232.787664285714,288.0927,388.197842857143,266.678064285714,300.894714285714,271.870928571429,252.817442857143,363.3997,338.415642857143,134.531892857143,226.307671428571,464.8093,496.613585714286,207.974059285714,343.85915,183.733721428571,53.4779092857143,487.724271428572,230.149635714286,183.729871428571,211.138014285714,229.200542857143,420.081092857143,147.213801428571,233.447721428572,307.24495,433.184235714286,537.842271428572,644.952621428572,216.55665,220.389607142857,655.749271428572,250.695578571429,197.839070714286,344.682264285714,395.327792857143,266.9499,205.8107,180.1689,452.10705,120.58963,149.285921428572,206.511964285714,161.780195714286,126.705621428571,199.436728571429,163.937557142857,86.2388657142857,200.431178571429,242.006835714286,232.953742857143,211.009078571429,266.144614285714,208.224319285714,181.125785714286,425.205092857143,369.685271428572,298.846257142857,414.629592857143,238.678878571429,427.760971428571,287.121611428571,377.738585714286,615.334821428572,128.282781428571,534.528521428571,539.339057142857,285.131092857143,245.076885714286,376.325521428572,359.584021428572,275.95735,537.228664285714,90.2940457142857,314.494178571429,259.741978571429,183.573735714286,127.805278571429,214.843328571429,434.069935714286,384.230464285715,467.190457142857,451.135092857143,190.311542857143,188.371035714286,299.329178571429,463.635492857143,211.459454285714,325.201657142857,365.841942857143,402.288728571429,329.015678571429,287.215042857143,159.638478571429,373.066362857143,427.891982857143,417.741271428571,395.659142857143,304.988257142857,181.428992857143,229.549014285714,249.109,247.610535714286,489.659935714286,286.901307142857,171.389435714286,232.2458,199.564948571429,139.042821428571,223.572235714286,148.083292857143,257.648192857143,320.193964285714,229.448857142857,348.218792857143,374.985963571429,366.704778571429,262.4756,301.830138571429,185.653557142857,84.9172242857143,543.611171428571,158.658171428572,252.488885714286,285.413235714286,254.948092857143,164.577857142857,208.740428571429,132.970585714286,157.379314285714,393.006907142857,459.961907142857,409.824085714286,268.87545,580.850942857143,554.709771428571,285.798638571429,496.747342857143,304.027385714286,231.144857142857,501.966192857143,229.655692857143,217.792657142857,273.584792857143,399.430264285714,548.00385,639.862695714286,647.177985714286,342.278664285714,315.39735,219.319521428572,185.059964285714,165.02795,278.3637,179.03968,128.301371428571,204.43595,179.619185714286,225.71225,141.235042857143,251.860157142857,158.10164,152.884435714286,216.69615,252.233871428572,181.199568571429,248.53225,208.766878571429,225.055757142857,204.659207142857,185.401221428571,198.796478571429,235.0434,256.068021428572,302.021157142857,272.114957142857,112.81645,546.789835714286,363.21655,380.800742857143,251.767128571429,154.812564285714,218.949114285714,186.668785714286,95.9322285714286,234.355057142857,212.103628571429,331.774464285714,98.0881785714286,111.181914285714,215.1251,256.184428571429,362.430075,293.051632857143,241.083342857143,99.1747314285714,113.984335714286,578.247171428571,445.750235714286,207.381678571429,234.8149,395.065178571429,288.339314285714,237.929992857143,376.469107142857,247.604921428572,388.282935714286,287.715508571429,589.559592857143,542.714264285715,415.608035714286,411.959828571429,104.544721428571,101.070782142857,156.029907142857,285.675021428572,167.537178571429,218.103385714286,119.894435714286,103.805335714286,257.879207142857,356.703657142857,444.757728571429,264.617378571429,232.606428571429,148.949871428571,185.206742857143,549.38205,324.48185,326.886497142857,251.338307142857,271.96685,219.614064285714,73.3209428571429,225.671862857143,292.336922857143,302.985742857143,235.769692857143,491.976921428572,507.7036,472.008457142857,295.7273,172.183014285714,295.25605,367.132671428571,292.417178571429,200.392135714286,293.001992857143,201.073885714286,373.911928571429,210.344355,248.302775714286,309.774135714286,231.928007142857,331.308721428571,318.463007142857,301.156171428571,188.52225,398.743071428572,163.530607142857,388.018314285714,271.639358571429,426.787764285714,479.719664285714,266.035278571429,458.042785714286,380.47685,329.299971428572,305.447157142857,579.037414285714,175.915528571429,393.132478571429,261.660378571429,189.0907,351.218255714286,359.82135,406.62081,247.411592857143,384.822768571429,596.576821428571,556.3423,433.4865,296.23385,203.893807142857,93.0613007142858,297.430421428572,254.024785714286,455.949228571429,501.093566428572,434.901222142857,350.744257142857,405.774678571429,394.889421428572,369.291285714286,325.801057142857,200.237565714286,194.515585714286,341.210855714286,218.381407142857,251.636492857143,292.931271428571,421.883621428571,406.587045714286,556.129228571429,361.402692857143,310.130064285714,243.915928571429,224.192857142857,356.38385,373.137178571429,368.22785,216.5257,177.766557142857,238.911878571429,219.347007142857,278.494621428572,382.194135714286,326.526321428572,310.523564285714,133.646078571429,137.972802857143,250.542878571429,386.665792857143,136.0916,236.8085,240.314642857143,357.345,117.434288571429,315.885764285714,355.259485714286,298.464985714286,500.247935714286,230.445307142857,137.338721428571,337.449414285714,238.030114285714,464.760985714286,345.605178571429,440.364235714286,321.587992857143,169.402957142857,371.322185714286,411.429171428572,294.138264285714,244.235821428572,126.032825,95.3117271428571,267.65185,346.74295,277.441764285714,296.971557142857,278.338314285714,121.012714285714,177.150185714286,330.468142857143,301.585342857143,430.950907142857,211.299085714286,266.696128571429,171.37505,167.305485714286,451.79625,517.771307142857,370.480735714286,134.6353,171.181578571429,237.832975714286,458.196842857143,276.774721428572,144.740957142857,310.159707142857,365.094985714286,468.513707142857,312.178471428571,506.865028571429,225.387715714286,274.988814285714,266.4608,195.078342857143,194.495607142857,117.349985714286,418.056178571429,399.539628571429,449.688557142857,368.38665,525.901014285715,185.687742857143,174.482107142857,509.45825,165.239692857143,182.936442857143,162.221864285714,405.663714285714,235.119632857143,354.8013,174.276057142857,253.132392857143,699.116757142857,345.542407142857,291.782428571429,117.219492857143,314.757735714286,380.376479285714,111.067723571429,282.364078571429,144.305507142857,155.5701,266.903207142857,479.068814285714,398.2322,429.475878571429,148.253714285714,132.476658571429,221.992978571429,106.38925,298.647315714286,364.012021428572,383.5635,313.541635714286,115.533042857143,429.308071428572,136.100193571429,279.739392857143,444.080814285714,232.144421428572,111.815957142857,288.1905,373.337978571429,398.855728571429,545.350171428571,405.862692857143,692.097478571429,515.604164285715,649.960035714286,357.834985714286,384.331335714286,248.902422142857,301.743164285714,133.766728571429,129.870334285714,97.5612142857143,63.3082214285714,561.968262857143,764.257885714286,542.254728571429,321.298135714286,413.413814285714,316.621042857143,286.953171428572,165.736045714286,408.773077857143,308.276257142857,517.061307142857,291.966814285714,153.49805,269.843214285714,210.132792857143,274.438014285714,330.313785714286,289.147805,319.4433,295.163085714286,205.99735,372.07245,680.486492857143,392.916628571429,346.908307142857,405.276978571429,538.32575,511.57095,371.86675,338.635007142857,210.997757142857,253.031264285714,279.510707142857,254.967864285714,201.289192857143,271.223221428571,248.880585714286,317.25245,327.403492857143,263.604807142857,249.861307142857,247.7691,231.62575,177.044514285714,156.523571428572,530.310692857143,541.091592857143,326.18455,323.4902,236.993092857143,309.540471428572,464.363307142857,249.489664285714,435.737807142857,261.900335714286,266.820721428572,269.383028571429,297.027214285714,263.603648571429,407.931307142857,396.858478571429,247.4021,361.707457142857,166.810898571429,180.085957142857,88.6277357142857,218.592778571429,328.810264285714,263.602057142857,343.20415,325.836442857143,277.610657142857,251.117491428571,225.334913,183.047157142857,115.7583,151.376835714286,311.086257142857,379.981114285715,310.341821428572,391.638985714286,322.280878571429,171.583483571429,195.474507142857,309.620042857143,152.741535714286,201.572435,204.188392857143,198.729785714286,303.044478571429,325.642182071429,265.742460642857,325.363907142857,242.352628571429,328.611085714286,305.831614285714,444.478507142857,397.164021428571,154.056342857143,277.900214285714,273.807961428571,215.658157142857,238.222578571429,274.745272857143,242.42315,388.265285714286,274.374621428571,340.041018571429,274.878635714286,372.014128571429,278.825371428572,66.5911985714286,403.026685714286,261.854478571429,372.043385714286,231.915864285714,259.686435714286,202.049514285714,359.428064285714,416.368014285714,434.606935714286,254.331314285714,143.143407142857,313.1563,367.236707142857,256.293928571429,551.889192857143,463.089435714286,323.039907142857,335.649485714286,278.792335714286,277.738642857143,316.938535714286,96.46945,278.218885714286,368.415764285714,509.280828571429,369.474014285715,248.924057142857,153.887085714286,256.162535714286,253.221007857143,507.581557142857,308.993185714286,482.402114285715,239.791342857143,131.610414428571,202.780857142857,175.4199,142.655285714286,221.661214285714,240.76145,225.621328571429,218.97395,231.0334,255.178671428572,214.405478571429,97.5514857142857,126.646464285714,219.52955,117.12214,117.944375714286,283.218835714286,257.8913,260.394878571429,362.00755,211.630528571429,394.145178571429,147.80751,372.149892857143,387.385928571429,243.328726428572,313.382261428571,690.343142857143,348.421271428572,418.450985714286,581.737885714286,457.324357142857,446.701964285714,188.110681428571,208.370207142857,277.401421428572,297.967478571429,117.9126,317.370628571429,312.69355,451.956492857143,311.109321428571,504.287142857143,441.104228571429,162.074164285714,162.751592857143,296.930442857143,260.320721428572,357.273198571429,434.675354571429,360.013092857143,657.461352857143,539.685,204.556271428571,250.870285714286,413.379914285714,258.649728571429,94.5489321428572,295.506828571429,238.0737,333.137081428572,488.47785,175.686921428571,150.939757142857,62.4087,378.111992857143,322.205907142857,165.768814285714,202.2268,138.472514285714,186.340314285714,129.927564285714,328.835557142857,334.111564285715,296.511457142857,528.443885714286,304.310504285714,299.265392857143,296.949978571429,311.800652857143,240.323664285714,452.85355,589.277721428572,309.383521428571,296.512327142857,191.418204285714,270.415464285714,240.345321428571,254.6598,205.235385714286,372.145564285714,449.647964285714,210.213985714286,186.847571428572,284.299242857143,156.633514285714,271.918971428572,344.200942857143,192.129083142857,215.04841,280.511278571429,487.86285,335.954521428571,426.471835714286,170.76568,168.61323,257.682092857143,333.826196428572,308.07325,264.384990714286,270.044505714286,392.291724285714,147.738828571429,354.353707142857,227.558864285714,156.386792857143,191.115585714286,130.98305,476.542128571429,140.012478571429,666.375478571429,316.56209,153.190621428571,247.390717142857,215.631122857143,282.684308571429,623.275635714286,325.710864285714,360.579042857143,144.390885714286,256.205578571429,301.708035714286,207.147585714286,268.660714285714,221.61245,231.101235714286,348.290064285714,544.52399,481.738185714286,457.372235714286,462.688671428572,132.594514285714,470.571951428571,561.699821428572,507.180735714286,421.7868,173.5285,205.733207142857,561.349478571429,531.705828571429,229.77265,341.240621428572,467.385492857143,280.804164285714,235.144328571429,335.323771428571,304.765828571429,307.896178571429,484.055357142857,320.832428571429,197.154621428571,196.82995,239.219514285714,196.976171428571,460.678485714286,685.94615,466.205364285714,207.160571428571,273.724528571429,443.974085714286,165.371,243.021364285714,118.411242857143,353.042464285715,330.122521428572,155.79186,255.425992857143,181.582192857143,161.949871428571,435.531242857143,323.659209285714,371.488271428572,360.391235714286,286.248828571429,331.775928571429,252.150442857143,263.746607142857,373.169692857143,255.455085714286,239.83105,220.569578571429,277.931342857143,293.176114285714,421.219737142857,182.127892857143,163.210885714286,357.026908571429,302.59465,273.860264285714,271.972394285714,137.686091428571,572.143328571429,277.41035,429.627714285714,197.544264285714,68.5176142857143,214.545421428571,477.2333,497.849978571429,206.428871428572,253.723207142857,239.910678571429,348.199707142857,186.304768571429,362.905914285714,381.4351,354.282971428571,355.797285714286,249.754157142857,263.18585,233.439185714286,227.007871428572,331.287540285715,380.263678571429,314.866614285714,216.07765,215.772267142857,357.883785714286,223.828378571429,286.79585,293.341314285714,385.056878571429,263.242485714286,253.9686,358.079235714286,422.395242857143,379.257135714286,469.749342857143,424.549864285714,531.435092857143,575.525064285715,451.509257142858,156.446928571429,332.692228571429,261.63425,366.856319285715,203.583292857143,308.03,200.396328571429,478.795957142857,370.492842857143,573.665500000001,330.0612,345.639792857143,358.212364285714,166.287992857143,80.9726571428572,368.249785714286,125.633241428571,118.83415,275.652242857143,214.22265,346.423571428572,427.6922,600.060878571429,310.724371428571,273.81697,410.052564285714,289.006764285714,181.163407142857,267.80435,366.506857142857,227.645578571429,257.697285714286,96.3090357142857,283.295064285714,271.81615,269.367835714286,433.014785714286,211.571157142857,190.114457142857,220.621192857143,185.695864285714,415.081214285715,539.632428571429,341.344164285714,219.187821428571,257.885764285714,393.428314285714,250.579685714286,159.886435714286,171.300914285714,278.218885714286,386.150542857143,320.847764285714,211.179707142857,123.45727,191.106871428571,362.97535,370.623892857143,84.8033678571429,325.48865,512.4061,617.791264285715,192.046764285714,228.474321428571,229.73961,134.273935714286,235.849042857143,217.033035714286,356.416257142857,247.730307142857,202.775707142857,390.099742857143,285.308592857143,336.290271428572,301.81805,171.652255714286,225.381031428571,446.130092857143,466.606228571429,71.94998,422.29075,390.275457142857,340.3382,208.843192857143,133.022171428571,228.635035714286,127.14496,155.04161,238.751185714286,606.382514285714,284.999592857143,216.17052,477.948235714286,303.0052,408.169865714286,413.8597,339.550735714286,291.091378571429,236.2395,321.611014285714,230.455271428571,119.504847142857,157.747471428571,396.796371428572,224.227028571429,140.385371428571,425.255442857143,241.341371428572,261.175957142857,476.102685714286,422.879728571429,473.391171428572,202.602442857143,448.395442857143,345.697478571429,292.998828571429,577.355635714286,179.808421428571,510.5441,193.225871428572,340.087357142857,377.391878571429,386.402592857143,291.835185714286,178.963268571429,356.0346,414.585578571429,287.946628571429,242.788842857143,452.793364285715,250.468492857143,170.395528571429,358.345517,542.449967,244.869564285714,235.201307142857,281.051135714286,434.958071428572,280.952857142857,474.762457142857,268.911392857143,292.462428571429,233.687885714286,256.770785714286,344.334142857143,398.663307142857,284.548192857143,331.055371428572,582.531642857143,258.644771428572,679.482678571429,461.963514285714,558.968657142857,216.037964285714,329.159385714286,428.979614285714,303.683505714286,212.737135714286,201.242271428572,174.08895,334.280628571429,309.623835714286,238.713675,654.014742857143,225.073828571429,407.887057142857,440.550864285714,249.40374,202.257307142857,196.870415714286,211.953403142857,239.626042857143,333.099942857143,296.534972142857,212.423585714286,83.2808285714286,182.89775,374.716321428572,337.178178571429,220.308535714286,190.99055,208.231964285714,243.157514285714,199.157607142857,222.996957142857,144.370514285714,236.389378571429,312.981635714286,178.032228571429,274.754498571429,225.505434285714,230.46045,125.994971428571,148.198121428572,260.094692857143,478.7554,494.452964285715,382.353785714286,457.454179285714,335.461671428571,373.338907142857,316.529807142857,137.897371428571,231.3,261.822921428572,144.877338571429,166.923114285714,322.711625714286,901.112685714286,299.302721428572,340.608033571429,141.082607142857,136.035564285714,272.847328571429,554.621542857143,386.120428571429,312.105720714286,313.159485,308.876364285714,475.08475,437.594507142857,274.650914285714,266.112028571429,301.532814285714,618.218964285714,660.092128571429,247.438792857143,394.175278571429,632.651114285714,150.095283571429,385.274255714286,363.346628571429,224.851142857143,225.532278571429,323.513942857143,220.458421428572,184.936114285714,353.772492857143,214.605257142857,311.197778571429,234.716464285714,664.683721428572,362.866214285714,137.533514285714,261.389757142857,345.786428571429,160.872085714286,265.566942857143,295.233335714286,199.497314285714,217.946814285714,564.584607142857,104.999871428571,264.596342857143,298.946714285714,290.628171428571,252.394242857143,192.245107142857,479.668392857143,388.555991428572,238.851914285714,209.011664285714,268.907477857143,399.700507142857,370.96875,121.54803,193.148892857143,227.461214285714,52.9224614285714,128.632707142857,375.745392857143,227.866457142857,134.189035714286,119.89155,358.712378571429,366.538764285714,204.872385714286,419.8836,344.711592857143,158.973242857143,136.572607142857,123.349328571429,72.5727371428572,206.453757142857,293.861178571429,206.258914285714,233.787135714286,290.814107142857,517.389842857143,582.329395,261.957078571429,203.662964285714,116.284032857143,222.59185,93.2897471428572,371.699145,471.303794285714,336.318478571429,267.550492857143,210.945147142857,449.967028571429,393.65035,197.037564285714,209.497907142857,286.39385,236.743757142857,272.953721428572,419.684414285715,355.451442857143,237.010085714286,138.421235714286,136.242514285714,424.160014285715,312.818519285714,205.351307142857,202.754814285714,236.384964285714,324.367385714286,517.807421428572,509.090764285714,313.312557142857,290.79965,129.756407142857,271.968928571429,211.374035714286,107.639014285714,498.336235714286,258.421357142857,344.030071428571,247.317592857143,271.514928571429,269.515907142857,226.582728571429,274.9548,314.098378571429,478.706406428571,297.921605714286,334.983657142857,155.590585714286,210.090157142857,174.733667142857,373.424764285714
18.6734693877551,362.351854081633,449.068021428571,484.678085714286,753.600730612245,364.165807142857,197.182930612245,445.562795918367,304.103585714286,379.068895918367,580.453226530612,379.174201020408,215.256485714286,270.070320918367,238.120808163265,199.819926530612,306.810318367347,347.871218367347,477.234068367347,465.35253877551,238.09742244898,412.437143877551,215.710144897959,341.02626122449,355.425826530612,512.143314285714,399.426653061224,671.417632653061,239.674915306122,390.762224795918,230.614265306122,243.358518367347,106.773559183673,449.580071428571,643.70447755102,622.987487755102,455.290010204082,379.809460204082,391.648325510204,268.424966326531,281.427260204082,149.281718367347,70.2755397959184,172.475432653061,319.528348979592,318.627521428571,580.932931632653,526.528544897959,591.016763265306,550.494254081633,263.710139795918,114.449328265306,212.110023469388,278.654115306122,251.707831632653,287.511990816327,257.852733673469,672.015128571428,646.067851020408,467.609209183673,513.54612755102,164.293080612245,132.623529591837,113.765523469388,209.205912244898,175.729483673469,404.08508877551,359.003959183673,398.601151020408,542.778244897959,182.072729591837,298.730609183673,148.799318367347,322.122353061224,491.461826530612,312.855921428571,288.862303061224,172.232255102041,401.303637755102,601.476163265306,235.853030612245,303.09341122449,226.530508163265,204.472364285714,318.454896938776,366.511029591837,226.392426530612,307.73103877551,209.647660204082,186.184143877551,609.146417346939,329.160507142857,236.529893469388,460.057271234694,218.321593877551,287.29762755102,221.368098979592,271.081631632653,348.428053061224,250.423940816327,180.844451020408,258.915232653061,339.558781632653,547.508723469388,862.720813265306,196.329541836735,212.106041836735,178.866575510204,723.749321428571,391.314195918367,289.452620408163,118.534558163265,136.981530612245,382.05968877551,562.832754081633,461.184623673469,401.505640816327,178.909326530612,85.8126418367347,450.036515306122,352.217414285714,217.67122244898,234.031868367347,377.712197959184,172.744914285714,212.640241836735,120.333873469388,266.628509183673,185.271680612245,471.518770408163,365.333586734694,512.260632653061,686.32742244898,224.801943877551,139.256340714286,370.611787653061,245.51097755102,218.728124489796,459.619496938775,365.784217346939,421.666348979592,214.735908163265,247.048392857143,340.698986734694,273.546255102041,134.629179591837,139.394940816327,203.486434693878,157.208782653061,174.222412244898,637.430498979592,585.651575510204,760.877314285714,472.404552040816,341.359237755102,225.266130612245,123.826290816327,312.060612244898,556.964576530612,586.411581428571,416.315120204082,384.979136938775,344.018620408163,192.79621122449,285.275671428571,450.385689795918,471.178196938775,446.195893877551,452.438091836735,580.865545918367,107.129406693878,301.132020408163,277.346364285714,259.084648979592,466.838893877551,487.082389795918,493.656843877551,129.828126530612,215.340104081633,168.898930612245,169.332526428571,244.314011122449,477.988066326531,414.12073877551,313.916042857143,504.846545918367,166.024441836735,258.776642857143,183.673319387755,114.162801020408,188.533843877551,213.062845918367,272.289044897959,332.275373469388,226.995995918367,227.394931632653,400.549265306122,244.929412244898,388.197651020408,210.633666326531,184.574591836735,175.283878163265,136.731132653061,305.84307755102,206.533337755102,319.628318367347,320.2144,670.114395918367,669.078673469388,152.564481632653,172.078086734694,241.866439795918,511.155259183673,563.734906122449,256.941640816327,155.565134081633,494.030432653061,231.660212244898,391.570503061224,193.718947959184,483.965535714286,329.050300204082,410.551458163265,762.053681632653,493.056797959184,519.834763265306,402.677834693878,344.691783673469,322.771942857143,239.567844897959,339.079782653061,215.761739795918,246.301548979592,92.8403714285714,306.891462244898,334.52028877551,261.57801122449,518.24567244898,509.240934693878,259.81425,464.305994897959,291.208090816326,288.90441122449,395.236084693878,484.20957244898,290.504618469388,332.401074489796,622.298279591837,167.091895918367,339.54797244898,373.11085744898,331.829887040816,313.513201020408,270.970757142857,53.4199897959184,224.496506122449,358.175995918367,213.448640816327,618.103962244898,389.959241836735,369.116044897959,288.105332653061,293.451144897959,295.189228571429,663.222001020408,314.115267346939,208.067828571429,487.476859183673,445.569048979592,450.633451020408,560.076715306122,157.868287244898,278.148217346939,661.145833673469,417.2695,390.861278571429,324.749116326531,274.02755,230.386085714286,234.501890816327,573.347289795918,573.389116326531,685.001982653061,309.698544897959,407.458686734694,505.363859183673,287.69146122449,579.009283673469,617.695619387755,762.20336122449,421.632479591837,158.462353061224,287.26922244898,534.468657142857,222.127967346939,207.849592857143,117.561698979592,381.67536122449,751.231114285714,258.803824489796,162.82087755102,200.602280612245,539.899560204082,509.650971428571,570.100260204082,130.829805102041,192.61937377551,126.014271020408,226.371419387755,228.595507142857,179.488407142857,675.138265306122,260.144029591837,515.026314285714,263.285992857143,331.388678571429,396.052820408163,274.44911122449,347.435885714286,507.3113,252.419913265306,435.40191122449,479.116998979592,419.283387755102,471.436890816326,453.287394897959,480.464537755102,378.940154081633,791.854875510204,849.551592857143,536.727298979592,280.970216326531,644.348973469388,511.972785714286,555.028302040816,298.744308163265,248.852012244898,133.686839795918,238.866751020408,119.492643673469,314.36303877551,329.292797959184,453.649925510204,367.675196938775,359.861817346939,515.335465306122,291.761378571429,361.360913265306,139.392978571429,340.379708163265,215.51066377551,297.978976530612,304.072582653061,160.922091836735,269.137519387755,400.105736734694,180.045498979592,288.184290816326,271.553209183673,304.599878571429,520.518409183673,603.551606122449,138.691034693878,124.970846938776,182.592060204082,356.04877755102,245.434145918367,348.819483673469,307.055253061224,344.605705102041,277.289691836735,415.353293877551,408.77273877551,517.29212244898,564.114410204082,268.578762244898,164.087485714286,231.855290816327,235.478640816327,225.275942857143,422.44953877551,173.721624489796,417.524525510204,234.715855102041,545.141065306123,671.54425,419.183928571429,613.135536734694,466.25972755102,678.523591836735,635.191573469388,338.498384693877,264.349979591837,223.978237755102,334.073190816327,248.418970408163,289.094530612245,389.469874081633,564.524974489796,422.320679591837,401.693458163265,333.999762244898,585.918790816326,195.666932653061,299.98852755102,562.420474489796,415.94688877551,228.816825510204,245.094155102041,546.953004081633,299.242333673469,203.338895918367,158.762860204082,176.262497959184,189.374667346939,449.952124489796,220.137836734694,289.500973469388,350.004668367347,361.250835816327,211.041681632653,389.218219387755,320.858418367347,560.232745918367,437.348629591837,422.731945918367,219.641902040816,191.584712244898,240.449525510204,497.559930612245,428.547924489796,528.108225510204,505.334036734694,138.102262244898,248.556246938776,333.152557142857,363.205913265306,125.665101020408,156.286891836735,752.698362244898,381.736697959184,288.561087755102,500.483152040816,589.229951020408,467.8985,316.060389795918,154.949131632653,225.286681632653,482.347907142857,385.021958163265,303.646156122449,423.535036734694,176.387898979592,228.330055102041,353.570544897959,240.754236734694,126.979107142857,379.136274489796,561.475442857143,431.893773469388,231.17296122449,496.838932653061,348.56222244898,390.707265306122,396.601867346939,441.973591836735,303.706277755102,317.970104081633,778.677267346939,541.387695918367,236.808408163265,415.797937755102,395.942772755102,565.144540816327,638.761526530612,322.355986734694,337.613694897959,271.800533673469,187.650455102041,133.629155102041,153.084519387755,145.412867346939,176.826428571429,146.670798979592,174.380298979592,283.452207244898,264.743714285714,325.841215306122,363.16232755102,558.378275510204,348.906632653061,478.523765306122,194.334407142857,320.500647959184,236.573417346939,378.114657142857,295.026326938775,396.350868367347,278.435984693878,299.43287244898,344.058906122449,319.668279591837,353.879946938776,294.138114285714,272.502252040816,233.421453061224,201.586312244898,394.200703061224,328.1561,224.300523469388,338.423631632653,277.010976530612,198.529425510204,110.809481632653,266.116465306122,398.981413265306,424.097463265306,601.982885714286,312.476348979592,416.897294897959,442.274773469388,656.253436734694,106.081225510204,286.182967346939,331.216264285714,284.097647040816,292.668352040816,112.767869387755,154.372241836735,411.090021428571,307.624335714286,293.582107142857,196.716621428571,232.507958163265,182.892283673469,229.169606122449,430.667062244898,309.795523469388,561.138701020408,387.913990816327,287.568614285714,141.213578571429,248.529452040816,219.019234693878,327.106933673469,380.896691836735,359.032395918367,570.696032653061,750.861354081632,273.90435,232.332447040816,210.23552755102,258.249278571429,239.34141122449,271.702709183673,446.016409183673,798.41363877551,453.279765306122,355.127764285714,172.876383367347,771.055496938775,165.334171428571,378.873213265306,298.105606326531,156.513376530612,105.138023469388,232.262491836735,95.8624142857143,93.3155510204082,158.479997959184,63.8093183673469,169.537707142857,239.914003061224,284.098242857143,638.424509183673,250.631217346939,113.892751020408,259.754436734694,331.954617346939,741.482330612245,697.614481632653,301.680404081633,341.433414285714,258.201452040816,562.189704081633,430.780830612245,136.582715306122,208.246448979592,261.919089795918,326.302829591837,323.643515306122,254.517160204082,253.388785714286,209.471498979592,281.999283673469,411.707847959184,317.653368367347,258.717287755102,880.819789795918,468.598095918367,242.258073469388,433.394074489796,727.720186734694,752.403581632653,444.131822346939,241.827655102041,329.25885377551,270.001978571429,520.892431632653,469.417159183673,322.782293877551,291.679743877551,255.638506122449,264.984913265306,324.570906122449,395.370053061224,482.679375510204,407.000925510204,357.520819387755,511.333491836735,366.625516326531,450.05135,324.751223469388,447.634439795918,623.046258163265,640.236746938775,603.448481632653,206.357713265306,489.620534693878,504.990225510204,262.226641836735,245.654616326531,65.7830020408163,455.21251122449,473.297741836735,122.756832653061,126.029479591837,105.981102040816,112.487859183673,125.657215306122,351.51817244898,320.090823469388,421.097602040816,476.324742857143,610.874182653061,561.120793877551,563.494343877551,271.182368367347,276.894758163265,326.422205102041,285.693689795918,353.097023469388,390.45473877551,267.084881632653,249.143421428571,431.236297959184,359.100234693878,210.176723469388,673.834053061224,572.605819387755,350.824555102041,312.233344897959,543.129087755102,318.400530306122,345.361072040816,312.774634693877,544.131578571428,566.831430612245,225.972794897959,491.899276530612,508.408630612245,167.47095,250.180074489796,576.310630612245,397.547330612245,446.696081632653,511.820144897959,355.526224489796,339.340335714286,310.629118367347,388.498992857143,254.077059183673,244.826914285714,293.420578571429,119.2685,94.1670714285714,122.235444897959,217.665210204082,284.609191836735,327.10477244898,517.667970408163,622.284867346939,488.77336622449,327.269623469388,241.453812244898,553.6355,783.711648979592,217.118023469388,320.458997959184,581.757762244898,427.180468367347,149.526471428571,364.752925510204,549.730371428572,154.543614285714,464.185580612245,440.319956122449,418.382542857143,347.810380612245,513.886990816326,260.476694897959,228.542482653061,271.970517346939,212.941663265306,250.512360204082,266.002347959184,429.146434693878,545.96223877551,289.975556122449,563.878634693878,449.003457142857,267.062717346939,299.829188061224,822.904415306122,263.607584693878,669.428848979592,261.937865306122,441.538415306122,413.366192857143,348.922726122449,230.690786734694,387.815798979592,474.085116326531,298.244831632653,621.254895918367,339.054609183673,289.918018367347,317.479678571429,188.92215,287.682470408163,476.848063265306,191.552631632653,230.538390816327,276.911560204082,103.751506122449,373.651152040816,506.322640816326,353.984818367347,406.310052040816,204.27041122449,219.476090816327,226.646664285714,239.630820408163,374.930895918367,436.068848979592,415.785852040816,316.23315,503.271836734694,235.192136734694,172.789442857143,339.201179897959,221.661831632653,277.957551020408,212.943020408163,165.071946938775,515.79687755102,628.162906122449,162.363580612245,520.042180612245,379.199125510204,275.683281632653,719.440608367347,209.443790816327,427.566690816327,368.052673979592,305.94052755102,285.786321428571,413.357806122449,507.279616326531,354.001320408163,333.963733673469,229.900293877551,274.839642857143,255.223083673469,89.9655102040816,95.2999520408163,64.3536367346939,263.143786734694,290.455294897959,402.738744897959,276.903090816326,298.69437244898,237.093035714286,233.834520408163,370.586274489796,369.067626530612,194.615523469388,272.15607244898,223.936405102041,333.293960204082,352.432080612245,140.444446938775,1005.94437244898,576.965301020408,575.546018367347,509.662440816326,293.942935714286,503.463733673469,321.007716326531,481.525812244898,329.28882755102,683.0227,481.678420408163,297.385313265306,530.639402040816,647.623836734694,267.916310204082,236.077133673469,244.997423469388,130.614182653061,138.548024489796,218.209643877551,208.475451020408,171.922161836735,267.667076428571,273.130111122449,339.959051020408,241.986520408163,275.786379591837,288.933148979592,176.061803061225,175.223498979592,105.082070408163,118.904183673469,194.703915306122,139.931062244898,252.631326530612,124.828637755102,580.028068367347,502.704981632653,300.600234693878,198.583775510204,299.727575510204,332.318382653061,139.121448979592,411.125555510204,375.06467755102,224.964771428571,140.340879591837,652.67147244898,770.344603061224,373.549825510204,172.055725510204,209.503103061224,316.489516326531,121.244576530612,144.947407142857,203.523104081633,326.467782653061,325.650125510204,362.425855102041,294.947035816327,388.307003061224,450.943714285714,413.892044897959,324.848006122449,335.266644897959,682.012332653061,387.217843877551,517.600771428571,804.678695918367,602.298178571428,249.244126530612,304.559934693878,466.755573469388,603.453589795918,428.625316326531,357.290313265306,422.159284693878,364.232225510204,487.158274489796,470.053708163265,105.037296938776,375.446251020408,224.394701020408,359.869292857143,516.791840816326,182.073524489796,612.028719387755,106.514310204082,668.078790816326,629.08071122449,225.401400408163,301.870417755102,371.502118367347,412.40391122449,289.05435,524.419664285714,381.496410204082,315.980905102041,417.564775510204,417.551475510204,460.332436734694,412.74135,577.000139795918,438.745752040816,62.4603428571428,63.4188153061225,330.947518367347,462.651120408163,586.318706122449,543.123605102041,186.411544897959,312.634264285714,351.045786734694,273.649797959184,114.257975510204,100.580557142857,434.885145918367,603.914297959184,587.143862244898,601.730424489796,444.813221428571,462.386483673469,449.58965,497.919928571429,224.757616326531,140.676471428571,302.272598979592,445.00017755102,313.99931122449,50.6726551020408,517.194093877551,158.091315306122,457.290118367347,412.854521428571,466.44397244898,396.390031632653,304.290753061225,210.830631632653,290.594730612245,341.911540816326,282.216344897959,575.290125510204,441.520619387755,407.649205102041,576.78072244898,392.128308163265,683.069735714286,239.466031632653,385.647705102041,651.835909183673,523.232941836735,222.058035714286,105.981873469388,573.074910204082,421.518502040816,634.021472448979,235.124467346939,330.498157142857,473.991555102041,453.443606326531,538.349718367347,289.945801020408,68.0853551020408,497.261225510204,438.145383673469,348.026568367347,218.496108163265,336.233663265306,471.224706122449,208.506583673469,440.355484693878,373.1333,338.72318877551,370.148137755102,370.778931632653,376.121018367347,268.886547959184,355.507248979592,308.940828571429,310.242786734694,156.06585,85.2026397959184,277.48662755102,386.343026530612,569.896889795918,285.658967346939,315.753006122449,221.446752040816,182.095867346939,267.405648979592,365.962179591837,275.229178571429,388.447497959184,241.65727244898,484.135748163265,349.779056122449,289.602587755102,251.478142857143,262.454592857143,260.800136734694,241.705403061224,232.134289795918,343.602066326531,332.049002040816,390.428254081633,338.746889795918,145.44387755102,164.61307244898,229.225904081633,511.049126530612,238.446996938775,151.308103061225,507.329863265306,429.234725204082,572.528143877551,352.850232653061,286.354219387755,266.430047959184,262.922798979592,332.420057142857,361.76433877551,381.872273469388,482.618264285714,437.415733673469,562.694596938775,431.838852040816,580.278834693878,396.728518367347,372.764296938775,374.266317346939,106.210946938775,417.434403265306,527.934987755102,581.712044897959,445.218144897959,406.042176530612,173.836051530612,470.326445918367,555.494595918367,488.626532653061,316.071539795918,105.059401020408,305.565995918367,424.022391122449,255.83098877551,391.682891836735,377.585131632653,186.159587755102,360.802044897959,564.504992857143,173.942162244898,184.852973469388,162.753879591837,401.131660204082,869.849929591837,327.712290816327,601.897615306122,494.313363265306,308.012101020408,279.58022244898,185.793837755102,69.4911387755102,237.762928571429,252.864285714286,298.622887755102,651.072535714286,564.26312755102,207.526717346939,632.950293877551,572.702030612245,318.537898979592,544.854958163265,355.011584591837,298.942653673469,243.247391836735,315.251169387755,199.555418367347,357.129970408163,359.378993877551,392.855540816326,342.459923469388,308.303820408163,257.407481632653,317.242710204082,436.154168367347,518.57913877551,95.7425632653061,108.584506122449,239.91387244898,448.841848979592,289.744070408163,457.528343877551,457.628558163265,458.109754081633,403.668306122449,237.747299489796,485.495826530612,369.26467755102,170.656690816327,103.807710204082,245.251320408163,268.830769387755,280.364297959184,206.395942857143,438.796480612245,121.050085714286,188.808824489796,262.190632653061,211.551532653061,100.108039795918,133.54823877551,100.509693877551,249.589832653061,349.284457142857,349.751429591837,302.702340816327,435.815589795918,316.189133673469,317.443291836735,632.443845918367,642.045693877551,291.231281632653,311.071309183674,691.258517346939,248.849692857143,262.47167755102,441.995748979592,382.89962755102,546.648776530612,369.260258163265,214.206333673469,618.907955102041,795.623630612245,689.430628571429,460.643082653061,457.084412142857,318.686064285714,525.965603061225,349.325298979592,374.579410204082,908.137578571429,143.435637755102,163.540453061224,555.141841836735,145.348137755102,431.107912244898,360.824070918367,542.304967346939,424.367129591837,233.919063265306,532.344951020408,274.026878571429,297.602807142857,427.797375510204,338.17518877551,299.287517346939,407.867882653061,257.807889795918,301.151842857143,227.868808163265,249.024719387755,530.156216326531,327.991289795918,308.792370408163,408.142702040816,467.162932653061,326.325720408163,512.26355,210.887317346939,293.26801122449,444.254265306122,450.014678571429,560.522212244898,109.44973877551,339.161214285714,402.398247959184,382.602040816327,185.509209183673,418.655487755102,117.097577346939,259.365502040816,339.715233673469,239.991080612245,301.374943877551,319.933963265306,463.680161530612,436.153535714286,437.501468367347,478.775529591837,388.04316122449,621.226926530612,338.302195918367,222.371792857143,586.108751020408,459.52342755102,320.123051020408,405.825007142857,737.424680612245,267.562164285714,239.874187755102,404.720833673469,256.873081632653,209.769310204082,638.993352040816,503.721729591837,405.151179591837,389.939916326531,441.581007142857,52.3494214285714,135.63038877551,404.354186734694,296.853337755102,313.555616326531,366.724289795918,291.978182653061,310.09187244898,448.873624489796,303.562791836735,316.853233673469,728.701062244898,142.738252040816,351.524447959184,406.494958163265,189.719283673469,283.689682653061,362.566705102041,425.501004081633,559.580702040816,470.280301020408,560.784180612245,365.822457142857,430.882291836735,547.961482653061,464.049209183673,420.023934693877,304.848891020408,633.625302755102,432.300555102041,229.252285714286,396.253316326531,381.894205102041,243.447767346939,396.412747959184,133.176365306122,326.789262244898,365.300795918367,228.006154081633,262.565370408163,277.244121428571,335.954257142857,425.725675510204,121.751528571429,371.607533673469,441.903080612245,318.418063265306,243.827973469388,507.892142755102,329.660723469388,169.603882653061,90.2405969387755,227.467540816327,329.545080612245,571.142146938775,352.133195918367,205.048,587.812596938775,210.587175510204,690.824889795918,562.977423469388,310.39618877551,450.67112755102,256.005674489796,285.796110204082,329.944483673469,103.535082653061,177.762065306122,180.729015306122,357.102634693878,438.556271428571,412.858270408163,277.054476020408,430.848778571429,515.341652040816,422.427895918367,514.313533673469,379.577514387755,443.88225255102,468.453710306123,366.201429591837,358.79087755102,203.222406122449,462.639393877551,509.447696938775,258.507447959184,155.398162244898,157.990237755102,194.548006122449,214.927262244898,239.377162244898,301.116101020408,546.813285714286,545.800552040816,299.872028571429,252.874747959184,341.025612244898,406.206003061224,290.704358163265,244.733995918367,182.371983673469,87.2391336734694,208.38706122449,303.891415306122,451.721142857143,738.66923877551,633.151554081633,236.231209183673,250.80912244898,580.214493877551,440.983873469388,445.73881122449,383.878610204082,452.150369693878,473.000316326531,550.743005102041,187.458369387755,86.4332795918367,99.0884969387755,477.260157142857,512.252240816326,379.386867346939,225.117154081633,187.142593877551,455.125,318.732530612245,236.559685714286,395.462420408163,150.21281255102,262.39062244898,150.81666244898,132.100304897959,99.2435806122449,291.665993877551,251.457859183673,532.045174489796,350.0773,456.564075510204,311.433007142857,358.549818367347,324.954040816326,352.788475510204,559.310216326531,307.315481632653,142.790436734694,197.955533673469,408.495063265306,259.023694897959,315.276192857143,371.57006122449,226.428947959184,348.912330612245,392.624681632653,237.591184693878,325.322714285714,367.982365306122,544.650271428571,432.351265306122,223.319897959184,234.854727040816,245.446614285714,374.540701020408,153.38545744898,582.721248979592,131.37273877551,133.165229591837,210.785229591837,380.831143877551,289.455942857143,296.943025510204,205.372702040816,549.834901020408,152.038952040816,191.474045918367,669.812497959184,430.726552040816,276.761259183673,324.29553877551,327.689469387755,152.934630612245,436.825313265306,694.613385714286,494.562497959184,486.364467346939,532.300889795918,500.079353061224,387.550812244898,416.162446938775,340.622857142857,527.770124489796,774.07063877551,458.199131632653,343.020498979592,636.26576122449,512.314093877551,383.948137755102,398.655059183673,424.702073469388,390.142806122449,451.320665306122,182.107115306122,548.380366326531,554.392056122449,576.0836,305.652054081633,500.707864285714,120.41467244898,242.439059183673,377.856080612245,222.443279591837,378.002953061225,406.305428571429,409.131851020408,400.683928571429,535.015701020408,443.734052040816,278.262353061224,130.279547959184,534.657468367347,646.532065306122,358.670792857143,284.291823469388,578.73177244898,391.890115306122,288.683245918367,596.494069387755,325.292476530612,177.00422377551,215.350490816327,156.777345918367,186.55128877551,292.415248979592,211.942523469388,125.01101122449,232.465417346939,429.964748979592,257.166316326531,252.897755102041,245.261382653061,281.817545918367,260.418194897959,289.811844897959,131.188378571429,579.844665306122,574.07490255102,446.909216326531,348.582069387755,375.252320408163,481.551833673469,220.861170408163,206.360645918367,433.08665,474.604130612245,332.087365306122,279.821496938775,230.506062244898,216.599994897959,269.968694897959,244.39763877551,218.179659183673,189.961005102041,261.000407142857,224.097746938776,387.264190816327,397.608983673469,197.523242857143,190.328001122449,348.257425408163,515.811078571429,536.083340816326,88.4780642857143,386.681013265306,410.072848979592,409.546910204082,746.613348979592,671.835075510204,805.033980612245,566.926129591837,385.362780612245,125.090483673469,208.421516326531,350.107712244898,537.886093877551,194.190404081633,390.972592857143,614.208542857143,705.09767755102,620.97037244898,558.3551,315.560465306122,408.178426530612,535.814147959184,508.698991836735,311.416876530612,198.444342857143,288.438946938776,177.848876530612,312.400897959184,110.774326530612,211.201635714286,398.23486122449,263.023004081633,359.446680612245,256.647869387755,386.564834693878,380.27732244898,321.07058877551,321.506446938775,72.9091581632653,78.6642459183674,182.812560204082,91.2069897959184,286.082342857143,192.254290816327,272.09656122449,400.349075510204,124.805043877551,179.525196938775,265.754892857143,533.890568367347,673.507953061225,262.778714285714,255.596510204082,282.73278877551,282.941223469388,681.837508163265,558.196804081633,653.353421428571,156.542874489796,413.532945918367,255.302993877551,194.676306122449,303.750890816326,438.812644897959,448.942518367347,324.384394897959,545.096370816326,531.291371428571,446.567023469388,448.17422755102,171.011759183673,366.157870408163,465.181937755102,275.025892857143,271.137940816327,260.077089795918,289.841368367347,110.744024489796,91.9204265306122,273.944092857143,240.984033673469,259.608919387755,88.9117275510204,396.02856122449,391.758263265306,246.568993877551,550.625474489796,231.786189795918,251.070758163265,340.823843877551,255.051069387755,375.902184693878,355.128997959184,378.003218367347,283.777845918367,770.201732653061,373.931979591837,484.191490816326,351.699478571429,321.910622755102,384.536612244898,455.289997959184,377.154493877551,450.675307142857,165.138883469388,160.012565306122,246.511628571429,650.264095918367,397.360569387755,376.789091836735,334.296276530612,571.376790816327,556.518214285714,292.303504081633,251.953145918367,539.090748979592,282.549640816327,374.667358163265,677.408710204082,495.666584693878,453.101940816327,359.42642244898,397.953504081633,301.096906122449,531.547354081633,533.790537755102,437.145866326531,297.805533673469,696.438178571428,221.655053061224,517.238370408163,397.732686734694,180.043595918367,258.372480714286,364.45097755102,565.338491836735,492.416345918367,342.999668367347,304.326385714286,211.319465306122,442.857955102041,131.768998979592,184.533525408163,195.429059183673,640.493506122449,459.310248979592,776.432093877551,478.476353061224,654.73732755102,879.132731632653,409.733592857143,635.542795918367,315.957677755102,441.372167346939,212.75326122449,302.673056122449,250.633557142857,481.375669387755,487.918174489796,414.855315306122,345.74707755102,657.427382653061,369.936475510204,371.725269387755,263.936693877551,376.402039795918,472.470197959184,523.159384693878,415.057685714286,294.246039489796,338.451335714286,205.425895918367,388.026324489796,294.269223469388,166.898764285714,520.628470408163,403.981742857143,305.488204081633,184.564541836735,302.13218877551,596.748673469388,411.858763265306,249.614736734694,620.555355102041,447.749937755102,496.311908163265,549.018220408163,400.331760204082,750.824464387755,283.604397959184,181.328581102041,312.761848979592,79.4316752040816,777.878412244898,266.416670408163,506.107962244898,634.36927755102,736.846685714286,476.083567346939,607.712165306122,517.023682653061,343.794208163265,257.218268367347,381.402864285714,154.36706122449,190.273435714286,264.799802040816,272.011926530612,248.169391836735,564.949604081633,358.959062244898,559.219571428571,365.639314285714,577.238384693878,315.765789183673,388.315297959184,295.431995918367,417.251197959184,320.077841836735,336.961594897959,296.216089795918,378.738454081633,391.24018877551,208.5239,232.004818367347,311.852413265306,370.717958163265,112.329969387755,106.446443877551,75.4196428571429,174.423930612245,215.353392857143,385.516198979592,517.184707142857,241.944410204082,269.44395,402.450406122449,203.64182244898,218.85348877551,239.698229591837,385.336133673469,395.790255102041,419.809167346939,306.852441836735,331.766931632653,357.699486734694,326.98412244898,606.873183673469,295.401464285714,461.517909183673,478.550867346939,232.30127244898,225.153544897959,262.951380612245,351.329587755102,369.921044897959,369.933620408163,348.117159081633,372.527760204082,446.593491836735,480.81638877551,397.140608163265,467.370645918367,362.004219387755,133.086312244898,157.364459183673,207.982187755102,243.414254081633,334.419903061224,117.863633673469,247.874331632653,219.063929591837,756.942919387755,434.705734693878,221.769254081633,322.201043877551,213.207084693878,167.298274489796,299.643210204082,465.634560204082,402.901846938776,533.255587755102,433.144318367347,429.787453061224,134.73592244898,441.981058163265,321.733163265306,392.700869387755,445.342828571429,444.564758163265,310.20202755102,203.294943877551,357.174895918367,272.212045918367,181.470341836735,739.045853061224,779.658490816326,446.169914285714,377.707725510204,190.963579591837,124.865073469388,270.092220408163,144.325286326531,261.356530612245,156.508391836735,160.590834693878,207.308939795918,628.123326530612,373.145876530612,375.019342857143,430.497965306122,469.489284693878,263.582191836735,295.926397959184,283.564860204082,132.304094897959,291.920975510204,230.549096938776,210.32332755102,118.615954081633,167.179544897959,278.35336122449,297.909856122449,373.516453061224,702.697283673469,641.229439795918,401.453868367347,561.749434693877,386.859665306122,349.823017346939,370.565513265306,397.259029591837,239.758376530612,173.138613265306,272.240657142857,392.280543877551,169.088857142857,528.098070408163,645.863489795918,478.639753061224,166.330286734694,426.763483673469,488.506556122449,292.314180612245,471.045805102041,167.477359183673,361.724671428571,332.290319387755,298.840721428571,191.704743877551,187.200535714286,206.02997244898,399.811586734694,208.982673469388,80.468937755102,173.472106122449,134.099494897959,339.744704081633,421.620573469388,799.173938877551,615.569958163265,636.99212755102,243.88872755102,115.247734693878,123.518146938776,421.013352040816,330.509746938775,281.354729591837,621.175829591837,273.039119387755,181.004444897959,300.33565,289.951180612245,335.115625510204,450.894625510204,382.039104081633,805.22147244898,646.285081632653,584.181098979592,823.912692857143,983.843018367347,814.918676530612,548.949924489796,414.564496938776,555.643297959184,166.447331632653,134.233804081633,240.696782653061,396.206336734694,403.138931632653,329.471978571429,404.321714285714,347.745402040816,532.640402040816,796.368212244898,662.434704081633,570.679759081633,648.509634693878,519.998019387755,174.315164285714,247.037171428571,222.343920408163,206.482809183673,200.951863265306,371.626056122449,477.096381632653,829.165301020408,277.137020408163,614.432119387755,297.57698877551,306.088039795918,445.91162244898,278.544059183673,229.777584693878,270.898957142857,170.595536734694,166.895730612245,156.495434693878,189.008441836735,241.248891836735,298.506917346939,584.016863265306,315.227287755102,227.027641836735,149.617060204082,153.488680612245,193.930774489796,291.401868367347,585.468473367347,872.935882142857,208.51868877551,235.660228571429,119.391169387755,315.341587755102,419.385070408163,526.668470408163,324.114840816327,253.346515306122,263.707776530612,249.489386734694,505.638725510204,556.715140816326,773.032817346939,476.276528571429,131.949867346939,192.057992857143,358.309936734694,271.858560204082,303.028004081633,484.191933673469,260.111731632653,392.028456122449,265.981082653061,374.731486734694,743.817140816327,403.163053061224,361.929866326531,275.674860204082,566.398365306122,456.078062244898,495.791604081633,126.299031632653,412.52362244898,326.022474489796,274.927592857143,337.042839795918,419.839417346939,304.941721428571,240.549731632653,163.083446938775,267.002813673469,388.182176530612,252.075446938775,218.055489795918,264.610084693878,314.984169387755,412.130924489796,249.188669387755,366.854026530612,597.123778571428,338.51471122449,218.754023469388,166.638442857143,1233.25978265306,654.907533673469,396.100170408163,449.103055102041,524.626481632653,480.568859183673,299.832255102041,469.033269387755,260.885634693878,296.602553061224,315.814620408163,388.524208163265,451.382848979592,687.520125510204,593.051775510204,497.613597959184,574.532833673469,301.929787244898,368.686071428571,234.75628877551,368.95438877551,540.408755102041,225.204994897959,172.769688979592,432.347373163265,665.345271428571,448.621403061224,463.508503061224,359.850859183673,250.908513265306,280.891030612245,277.013519387755,444.81496122449,418.479201020408,233.213923469388,694.819204081633,316.733976530612,332.889343877551,390.1626,268.202185714286,364.244973469388,211.741079591837,284.96095,327.515983673469,302.697675510204,304.517048979592,294.214675510204,368.082920408163,168.40327755102,166.152896938776,292.92667244898,331.40175,629.416513265306,172.180774489796,98.9827755102041,67.2362935714286,81.7887948979592,391.075890816327,138.667067346939,499.090886734694,170.164719387755,115.489836734694,288.860267346939,151.67695,482.603584693878,644.158892857143,648.74477244898,321.310562244898,510.082323469388,514.558723469388,400.717431632653,419.388874489796,281.459995918367,393.049163265306,161.66819122449,259.745764285714,358.328751020408,516.311759183673,210.382004081633,142.151963265306,366.369516326531,328.564437755102,309.141575510204,654.956309183674,490.82907244898,545.950010204082,364.096241836735,393.170964285714,142.651174489796,288.412463265306,320.842936734694,402.469517346939,376.285037755102,345.224679591837,249.843051020408,241.500601020408,201.541537755102,602.934105102041,376.771416326531,511.563922448979,202.792560204082,243.839345918367,527.655280612245,399.109969387755,530.58417755102,301.075247959184,243.481651020408,287.578215306122,351.069929591837,211.467252653061,177.424479591837,165.917103061225,269.876338265306,489.372409795918,201.505039795918,106.238539795918,409.871495918367,343.760313265306,257.505289795918,316.760239795918,213.594261632653,350.886462244898,250.256719387755,180.531014285714,225.309302040816,259.398287755102,260.196825510204,478.80046122449,179.276153061224,133.677443877551,250.507545918367,634.477974489796,294.973687755102,245.006769387755,370.636579591837,246.602404081633,302.608519387755,444.761240816327,297.001759183673,344.490644897959,511.209224489796,292.881714285714,179.529014285714,225.857830612245,338.32610255102,433.697045918367,270.735343877551,212.031828571429,316.30823877551,516.465282653061,405.961108163265,443.720801020408,298.141580612245,275.877882653061,239.451432653061,215.285586734694,316.812713265306,426.958167346939,247.561498979592,646.367566326531,372.678979591837,389.204286734694,393.394817346939,208.769491836735,80.5549336734694,140.548654081633,205.577094897959,121.886686734694,196.658508163265,156.752854081633,489.061098979592,559.558043877551,427.148710204082,290.590882653061,66.4613612244898,158.88797755102,244.528369387755,248.635510204082,80.1876510204082,148.225466326531,84.4358214285714,302.551168367347,216.955771428571,181.391660204082,142.717031632653,397.601320408163,300.247021428571,437.702934693878,354.266241836735,247.409055102041,232.581724489796,454.147389795918,615.7225,260.001998979592,172.284358163265,267.28248877551,323.774265306122,334.255315306122,356.770315306122,417.631601020408,556.329942857143,956.567690816326,317.092783673469,509.932325510204,303.405762244898,567.675724489796,950.264842857143,508.93927755102,336.369717346939,556.735983673469,624.474508163265,607.222337755102,357.695216326531,499.16628877551,222.415656122449,620.19007755102,308.678478571429,348.726728571429,354.764178571429,444.861223469388,566.963193877551,261.861493877551,282.325978571429,296.698975510204,829.007763265306,498.552759183673,471.31347244898,645.294056122449,284.256592857143,445.047875510204,420.765885714286,518.194080612245,282.648525510204,510.417579591837,432.854154081633,465.152223469388,309.505160204082,253.600843877551,290.984658163265,372.698312244898,409.637169387755,191.305429591837,402.301743877551,349.020633673469,378.025720408163,521.674035714286,274.320064285714,281.246141836735,540.636586734694,478.39518877551,259.094315306122,512.107391836735,382.166685714286,489.655589795918,425.360009183673,330.158579591837,356.378594897959,211.741645918367,210.317417346939,172.574915306122,682.96088877551,765.648401020408,551.368626530612,305.206942857143,266.836810204082,363.379130612245,296.577498979592,485.610456122449,248.26456,221.161286428571,102.96800122449,175.544032959184,274.682658163265,573.525468367347,335.107747959184,638.531519387755,606.919751020408,772.376220408163,295.74932244898,387.114591836735,183.452276836735,136.699048979592,65.1105908163265,531.705550816326,267.737171428571,372.511389795918,476.321205102041,593.49231632653,289.833003061225,668.843886734694,371.469974489796,407.360495918367,86.440987755102,373.882259183673,350.706033673469,402.762432653061,592.135266326531,504.218186734694,461.655006122449,260.021529591837,562.920405102041,492.400142857143,359.129186734694,550.045686734694,429.026029591837,271.022284693878,356.24982244898,244.880474489796,349.974418367347,357.284028571429,232.732932653061,229.512837755102,316.889414285714,354.69932755102,467.869273469388,301.766740816327,267.463123061224,442.872446938776,210.234231632653,214.083644897959,169.600025510204,250.38872244898,591.866219387755,554.62687244898,336.280503061224,419.323366326531,533.157294897959,373.431768367347,643.645939795918,393.963812244898,201.058903061224,380.874031632653,543.892567346939,573.319518367347,287.93971122449,284.447839795918,247.196619387755,236.602633673469,107.530245918367,333.59176122449,520.387689795918,320.445169387755,132.147302040816,181.103839795918,166.341780612245,609.698857142857,181.755770408163,268.507226530612,406.309851020408,526.858507142857,317.673736734694,604.56192244898,379.265640816326,144.995479591837,238.673463265306,592.226308163265,529.494941836735,335.933637755102,333.934102040816,150.418583673469,282.75958877551,241.252842857143,477.158251020408,399.190513265306,624.629140816327,169.511339795918,559.080362244898,182.807894897959,590.472602040816,442.050144897959,327.640290816327,447.898836734694,707.487980612245,335.939033673469,321.374342857143,314.980686734694,199.157514285714,446.69098122449,462.548489795918,364.852932653061,307.266790816327,588.641936734694,619.592279591837,774.351743877551,823.258185714286,547.079958163265,373.641403061224,289.598025510204,319.730167346939,409.8911,352.755329897959,219.426873469388,736.079965306122,179.545966836735,551.579615306122,448.958601020408,767.497521428571,287.101015306122,544.317326530612,304.497254081633,416.85092244898,292.749643877551,525.573082653061,202.774655102041,295.522364285714,940.420948979592,388.395689795918,396.407394897959,538.83131122449,254.544292857143,374.395006122449,452.232037755102,89.7720397959184,198.82232244898,121.89292755102,139.038864387755,201.730174489796,176.434952040816,334.028195918367,204.360276530612,172.747485714286,203.671630612245,292.658789795918,164.078317346939,330.452137755102,577.969675510204,174.638002040816,382.683706122449,254.005678571429,269.929676530612,229.212141836735,229.722994897959,307.942525510204,567.200844897959,473.189247959184,492.824010204082,522.979291836735,453.648347959184,464.382695918367,510.554586734694,503.305933673469,261.661536734694,136.837017346939,479.61848877551,134.821248979592,226.008848979592,489.600302040816,272.371629591837,234.433360204082,362.103261734694,617.868333673469,555.557048979592,346.196895918367,532.839443877551,598.830554081633,471.223104081633,496.206979591837,584.607096938775,681.518112244898,709.839633673469,393.721755102041,484.223145918367,511.231566326531,212.949391836735,603.366475510204,495.808791836735,511.716766326531,293.960813265306,393.184442857143,450.662951020408,387.970051020408,211.298697959184,184.112559183673,265.99651122449,254.295896938775,150.229160204082,378.004420408163,227.16618877551,223.049926530612,464.733283673469,562.305562244898,145.980408163265,269.472712244898,195.341710204082,327.898406122449,408.921235714286,79.5475693877551,141.415910204082,81.6754724489796,142.167307142857,262.462656122449,168.027634693878,204.646616326531,162.363963265306,335.262637040816,209.814384693878,413.103659183673,499.387755102041,319.437332653061,327.542189795918,444.468023469388,281.210721428571,677.871074489796,558.556109183674,340.040497959184,127.607464285714,486.70013877551,252.762704081633,530.403828571429,226.783212244898,486.698060204082,377.754170408163,304.500742857143,350.3471,148.986683673469,284.777092857143,283.630597959184,598.115912244898,558.784776530612,478.929979591837,151.406152040816,185.942920408163,397.028090816326,330.755431632653,599.495342857143,458.165001020408,234.522323469388,259.528180612245,918.514196938776,494.144921428571,390.345734693878,533.681782653061,507.231785714286,371.814878571429,569.107205102041,300.833278571429,339.433233673469,347.168431530612,449.788236734694,413.412451020408,388.763182653061,236.27472244898,225.998381632653,260.655818367347,550.130347959184,337.879059183673,721.438652040816,395.687775510204,204.331347959184,345.201751020408,209.884367346939,428.962493877551,305.809640816326,303.019780612245,339.499065306122,411.109374489796,282.363219387755,166.079454081633,504.557315306122,337.877152040816,247.990396938775,303.912175510204,276.007062244898,248.689398979592,285.64487755102,288.303543877551,247.254912244898,295.651637755102,313.625123469388,652.607434693878,106.355880612245,697.039166326531,300.69747755102,499.853234693878,237.312285714286,142.507352040816,345.898118367347,411.393725510204,344.721814285714,238.33636122449,74.3211673469388,188.074033673469,624.871819387755,423.077828571429,231.756259183673,716.135784693877,630.078108163265,275.178139795918,428.725615306122,444.303366326531,376.98642755102,378.573617346939,210.467563265306,350.996991836735,78.42835,243.414473469388,393.803764285714,234.034348979592,213.177045918367,284.748540816327,325.021602040816,356.737379591837,410.954465306122,229.759236734694,419.699863265306,167.800812244898,221.508651020408,368.576719387755,211.54321122449,171.93348877551,244.451502040816,458.767921428571,331.686929591837,820.791065306122,668.690624489796,612.069685714286,589.585347959184,368.775928571429,345.599421428571,210.169917346939,493.336719387755,301.277924489796,478.527366326531,196.546578571429,454.623307142857,258.173063265306,262.884659183673,250.300597959184,247.189503061224,396.549180612245,332.832901020408,325.817155102041,369.04345,650.036167346939,481.431133673469,513.810932653061,589.167891836735,195.300459183673,245.747596938776,440.252316326531,420.895878571429,258.511371428571,237.845120408163,89.0546081632653,441.203581632653,236.621339795918,484.588181632653,302.828352040816,294.900941836735,386.971842857143,464.118535714286,136.236060204082,135.594443877551,177.578859183673,657.114224489796,749.173684693877,474.261068367347,700.919548673469,742.310609183673,274.83486122449,484.98488877551,297.237716326531,195.541505102041,245.73686122449,624.201052040816,688.661431632653,458.773819387755,137.072342857143,248.741436734694,238.690260204082,119.637718367347,697.165991836735,638.900063142857,145.413440816326,325.228363061224,329.222653061224,578.314173469388,572.720610204082,311.937241836735,466.685212244898,414.238718367347,358.158656122449,293.439648979592,361.738555102041,253.08332244898,339.460428571429,103.115564285714,359.525763265306,585.455331632653,448.022142857143,247.671951020408,263.089297959184,255.153005102041,168.281797959184,244.863380612245,179.131418367347,145.920686734694,254.090533673469,151.930304081633,438.608219387755,265.232005102041,208.398925510204,347.549605102041,297.405817346939,467.93811122449,573.007242857143,363.76012755102,212.165106122449,149.968363265306,334.164329591837,449.707208163265,366.172504081633,544.118494897959,218.026007142857,454.584681632653,521.867769387755,407.319793877551,301.105940816327,427.555544897959,342.588035714286,332.76907755102,275.724830612245,228.132395918367,284.001234693878,344.562210204082,336.736095918367,360.337371428571,362.393163265306,181.94061122449,151.694758163265,97.2418530612245,219.864617346939,296.633860204082,339.154060204082,523.089079591837,496.982102040816,306.630192857143,213.231109183673,234.829815306122,110.099574183673,803.419418367347,574.742968367347,422.304653061224,160.912980612245,206.013319387755,183.262503061224,215.451330612245,120.729939795918,160.470870408163,133.385253061224,211.241874489796,220.807809183673,293.364759183673,476.250429591837,835.88841122449,342.287062244898,397.563539795918,452.342969387755,429.792670408163,484.113901020408,309.122940816326,202.254833673469,251.235568367347,239.920394897959,374.600273469388,327.266966326531,411.882940816326,362.800995918367,524.768542857143,604.991312244898,681.89998877551,807.149756122449,511.501017346939,136.437147959184,513.17481122449,556.763413265306,523.406344897959,150.498387755102,351.873530612245,170.512552040816,153.005430612245,416.865980612245,322.693455102041,413.685617346939,242.616934693878,229.638066326531,450.106536734694,664.016746938775,279.583860204082,344.924124489796,372.718446938776,424.037747959184,190.945515306122,337.086291836735,281.536066326531,393.451679591837,376.57277755102,160.262017346939,170.95717755102,168.031701020408,167.142443877551,171.708142857143,121.799275510204,350.804208163265,273.587333673469,338.458495918367,269.738908163265,212.779906122449,464.69472244898,241.853155102041,318.726857142857,312.288257142857,539.251241836735,365.001734693878,401.660706122449,563.469331632653,405.519723469388,356.365926530612,192.329306122449,138.332703061224,160.236797959184,265.585213265306,457.491354081633,340.609134081633,445.981952040816,389.442269591837,466.566667489796,524.112662244898,279.648065306122,344.026837755102,244.653213265306,244.932835714286,221.234006122449,392.986074489796,279.578743877551,156.724041836735,298.740025510204,183.898980612245,317.598552040816,246.875651020408,530.506097959184,391.804875510204,357.448195918367,485.373140816327,285.119581632653,443.985465306122,317.022189795918,270.482519387755,229.526475510204,297.407933673469,376.97237244898,311.566236734694,547.50177755102,424.032860204082,545.873787755102,201.816178571429,486.61022755102,458.997528571428,229.55911122449,317.416862244898,327.368452040816,399.373594897959,324.42778877551,278.153164285714,91.4861448979592,311.507169387755,343.726006530612,131.607294285714,253.088044897959,308.273919387755,224.414791836735,246.066368367347,221.168321428571,287.338426530612,182.455325510204,173.379509183673,191.617851020408,403.190634693878,397.751869387755,73.1325959183673,254.914832653061,252.918185714286,312.612343877551,159.446058163265,204.328012244898,257.435547959184,416.59127244898,114.005915306122,254.426969387755,393.764012244898,254.824953061224,352.442049387755,70.5822091836735,100.562551020408,117.299941836735,87.6553285714286,113.848413265306,117.518862244898,586.039705102041,126.803073469388,277.376603061224,624.264421428571,392.436810204082,378.040743877551,465.877264285714,218.240248979592,678.381660204082,392.41871122449,259.169967346939,238.708074489796,273.800125510204,326.2527,331.69676122449,370.169837755102,519.181758163265,449.302905102041,314.60231122449,146.370791836735,276.439016326531,187.764034693878,251.432098979592,249.285708163265,262.781568367347,131.795052040816,179.974152040816,106.050417346939,330.737421428571,617.940537755102,545.887301020408,215.934220408163,95.0146816326531,508.581451020408,319.240159183673,290.691915306122,428.069508163265,224.230668367347,612.01158877551,587.203070408163,374.258663265306,277.937963265306,334.944247959184,309.386224489796,697.43066122449,247.755861938775,412.69312244898,297.346996938775,221.220518367347,266.33092755102,222.934205102041,526.121689795918,773.356737755102,562.066615408163,585.181504081633,728.960710204082,522.84732244898,448.910034693878,336.263853061224,124.042134693878,399.710585714286,282.175413265306,257.992893877551,479.542967346939,286.703125510204,91.5951530612245,147.119462244898,220.753116326531,699.520371428571,394.525880612245,382.969751020408,267.019540816327,442.261989795918,530.650732653061,315.962924489796,401.381373469388,410.287367346939,413.403628571429,291.17133877551,320.098210204082,375.006369387755,449.32812755102,433.235370408163,966.145641836735,987.749559183673,382.916043877551,532.821016326531,409.835237755102,515.506732653061,192.961144897959,144.618498979592,238.856507142857,249.116074489796,272.560156122449,320.573552040816,503.838048979592,201.017158163265,241.401463265306,421.240941836735,545.894384693878,250.168370408163,590.273497959184,473.040670408163,497.907195918367,268.797789795918,409.093048979592,210.977335714286,428.31008877551,421.692595918367,476.386716326531,472.037259183673,321.587315306122,503.109389795918,573.896032653061,219.609036734694,213.307674489796,394.03247244898,518.755463265306,469.946680612245,338.75776122449,486.304293877551,291.684240816327,153.6759,214.561515306122,96.426606122449,238.997606122449,586.429255102041,121.589865306122,143.100128877551,308.531304081633,644.047968367347,277.404894897959,327.772103061224,360.548765306122,262.609756122449,302.449271734694,359.619934693878,221.274312244898,249.890081632653,698.592284693878,462.354993877551,212.960919387755,253.216404081633,440.897029591837,101.318404081633,258.598829591837,307.141515306122,465.135003061224,378.838032653061,352.515802040816,327.677823469388,387.199482653061,426.814636734694,207.492460204082,411.060453061225,529.071363265306,287.756295918367,126.432085714286,476.672213265306,311.786051020408,457.853148979592,403.4596,269.274256122449,300.80432244898,131.713705102041,89.7338285714286,145.114192857143,444.742509183673,439.034602040816,387.798352040816,259.105162244898,187.316580612245,288.727013265306,294.364976530612,321.690218367347,285.69403877551,265.92178877551,366.415629591837,320.326576530612,192.015590816326,116.831970408163,551.543551020408,500.262421428571,710.147665306122,346.174779591837,559.746486734694,441.341558163265,526.938613979592,520.454344897959,622.479928571429,366.083440816327,295.00772755102,358.745336734694,473.743132653061,777.985064285714,488.108941836735,479.392425510204,222.584679591837,260.748362244898,277.214115306122,149.691957142857,374.261852040816,266.65622755102,183.818809183673,473.168255102041,260.339620408163,391.879259183673,279.369351020408,230.730245918367,321.903548979592,249.965398979592,351.069924489796,547.046502040816,326.6317,560.561086734694,1001.16833877551,478.763051020408,352.822929591837,401.539626530612,478.758151020408,286.343106122449,307.545036734694,483.397898979592,604.902435714286,237.298767346939,137.395840816327,225.478723469388,131.069378571429,293.94931122449,86.6078897959184,277.387964285714,401.400723469388,320.026970408163,370.366128571429,316.784820408163,527.50351122449,498.361553061224,348.046480612245,352.309626530612,259.187017346939,257.328598979592,407.68837244898,199.616115306122,256.169506122449,334.544,182.783346938776,383.672221428571,604.876329081633,679.092891326531,656.941270408163,258.177485714286,435.2103,417.372359183673,227.772471428571,302.715965306122,183.590123469388,225.616455102041,341.657406122449,177.969704081633,282.202901020408,559.722855102041,271.921524489796,190.63563877551,268.080046938775,174.766356122449,115.757163265306,177.049936734694,167.015537704082,123.083560204082,111.245136734694,162.037746938775,233.251284693878,446.577380612245,237.98222755102,160.887564285714,291.694517346939,307.908764285714,381.528596938776,162.09077755102,388.623929591837,263.604401020408,367.438393877551,279.463891836735,459.141343877551,82.1085642857143,302.589305102041,591.546206122449,163.06447755102,120.968637755102,258.639715306122,412.919318367347,254.299948979592,507.679791836735,385.667819387755,504.037664285714,350.670068367347,419.693013265306,279.371718367347,335.89025,344.341580612245,262.594130612245,302.562604081633,337.392916326531,547.548998061224,405.830273469388,1066.80201326531,623.05008877551,263.444603061224,234.977731632653,324.699854081633,494.233304081633,255.701701020408,297.377515306122,212.529513265306,157.857942857143,316.799704081633,440.580214285714,498.325801020408,337.88095,330.80346122449,401.037213265306,736.510405102041,385.79752244898,235.824302040816,660.4944,607.213823469388,420.370373469388,560.933858163265,534.304281632653,353.048367346939,527.909487755102,262.687718367347,248.391841836735,145.344417346939,233.129070408163,382.378483673469,320.568316326531,221.771790816327,580.855443877551,350.725105102041,390.956941836735,372.722598979592,429.567123469388,524.772454081633,410.204529591837,451.361636734694,134.278918367347,283.963244897959,568.346958163265,567.41536122449,326.13572244898,380.492318367347,76.0244642857143,186.905829591837,234.736626530612,253.917734693878,376.226484693878,445.985828571428,477.734919387755,254.779113265306,430.828040816327,515.08853877551,288.185180612245,952.314503061224,618.305834693878,367.276955102041,215.478947959184,463.695554081633,271.073152040816,263.294363265306,276.471098979592,189.452336734694,226.976485714286,327.232368367347,336.676118367347,486.542715306122,196.197251020408,246.735102040816,216.194582653061,457.361424489796,338.499273469388,350.610281632653,323.097462244898,529.20582755102,370.812548979592,238.589203061224,764.169754081633,314.335382653061,69.6199693877551,106.252562244898,419.444712244898,430.166384693878,503.79605,590.770925510204,504.110256122449,473.349709183673,490.61666122449,496.444645918367,408.920351020408,354.878124489796,240.710378571429,596.451534693877,726.624115306122,359.488784693878,642.718770612245,354.709882653061,506.311162244898,295.406019387755,194.976976530612,634.240994897959,376.411787755102,419.683896632653,737.830760204082,690.563607346939,683.620620408163,400.64987755102,371.525178571429,582.634639795918,358.132129591837,109.729225510204,359.811625510204,233.856383673469,562.656781632653,268.8634,414.684485714286,269.263133673469,551.483894897959,86.6537020408163,255.091408163265,313.671780612245,339.084983673469,395.920144897959,281.064612244898,114.68643877551,409.05928877551,271.058132653061,389.687813265306,694.400755102041,377.2753,215.068956122449,504.190416326531,419.11953877551,422.467295918367,376.125693877551,400.319843877551,238.844692857143,279.699802040816,250.787764285714,569.124601020408,386.439093877551,732.961553061225,223.112457142857,341.947729591837,447.303251020408,272.801985714286,358.366636734694,416.289063265306,507.143339795918,326.833094897959,561.448040816327,497.124571428571,234.17268877551,369.030636734694,382.73553877551,199.030278571429,416.286382653061,324.941744897959,270.453280510204,225.118125510204,345.585166326531,272.41352755102,158.75542244898,671.688570408163,365.662065306122,403.993117346939,473.48621122449,275.846826530612,419.541815306122,268.866643877551,327.256280612245,294.274840816327,424.735964285714,495.758519387755,597.896710204082,134.446955102041,462.807292857143,501.117280612245,423.954191836735,492.527848979592,174.470880612245,279.743325510204,186.83536122449,368.0326,375.861897959184,275.615314285714,536.81263377551,246.738894897959,204.466451020408,237.310462244898,326.339373469388,196.800062244898,230.41817,445.574875510204,322.832823469388,215.059123469388,242.375535714286,390.87865,341.205285714286,375.435298979592,357.298843877551,777.018321428571,645.262997959184,285.543656122449,269.262137755102,235.106718367347,528.444003061224,660.267335714286,535.734213265306,413.947718367347,576.781302040816,444.909635714286,378.468594897959,207.51516877551,277.21061122449,567.729105102041,277.316980612245,383.445232653061,560.432571428571,629.730113265306,567.50531122449,669.966274489796,493.989663265306,920.946240816327,226.865044897959,226.612178571429,409.95727244898,132.132305102041,643.809680612245,392.054628571429,379.60561122449,522.50143877551,379.591210204082,345.789991122449,201.795416326531,65.5643632653061,221.056825510204,182.6936,146.066221428571,229.767985714286,190.289106122449,399.435876530612,487.452090816326,350.640893877551,492.771886734694,378.018797959184,731.018746938775,455.713069387755,242.578853061224,224.0092,440.986429591837,693.233297959184,264.524298979592,377.428145918367,554.395183673469,317.742896938776,229.731786734694,346.333692857143,598.365310510204,565.535530408163,449.758809183673,206.600592857143,292.136431530612,278.19385,194.245784387755,443.277742857143,328.470871428571,356.987375510204,684.117873469388,470.716696938775,278.05713877551,286.480889795918,303.013424489796,388.546228571429,329.151095918367,431.245405102041,528.105494897959,714.567532653061,405.857134693878,611.164932653061,431.088481632653,460.51263122449,423.287807755102,581.301764183673,252.801379489796,283.820704693878,207.569739693878,152.929912346939,114.13863877551,157.248294081633,300.485053061224,299.62281122449,334.03366122449,351.630386734694,420.802047959184,188.943033673469,187.872932653061,444.9486,86.5380163265306,295.933368367347,381.76166122449,479.39236122449,837.393679591837,405.975690816327,442.482768367347,364.124710204082,304.658597959184,273.590032653061,532.807347959184,227.161189795918,223.855223469388,284.671833673469,294.883852040816,85.4657173469388,304.712146938776,96.0591326530612,102.474991836735,134.370503061224,140.719308163265,603.149045918367,461.360893367347,259.562171428571,332.884903061224,518.117209183673,153.805798979592,408.809915306122,571.587175510204,457.609758163265,253.50358877551,271.047326530612,332.534894897959,420.989867346939,477.188374489796,292.508489795918,350.865226530612,600.371278571429,400.598933673469,305.537818367347,439.306582653061,443.950215306122,391.330903061224,268.730884693877,402.14008877551,151.372563265306,288.87595,195.026701020408,322.265580612245,545.338313265306,343.222403061224,311.198778571429,269.55405,605.959958163265,601.121919387755,417.535143877551,382.877626326531,434.51406122449,472.058707142857,173.689618367347,193.861654081633,260.836031632653,409.120086734694,523.408081632653,196.603307346939,554.264757142857,340.629504081633,341.856623469388,284.358052040816,304.447695918367,392.24921122449,560.540912244898,391.988454081633,441.376346938776,463.488170408163,372.777004081633,459.365395918367,250.86697244898,385.34488877551,259.573709183673,226.467112244898,411.481496938776,285.526989795918,238.997592857143,278.012267346939,313.160273469388,277.445539795918,373.689682653061,303.948812244898,354.642186734694,351.088958163265,213.643721428571,269.161445918367,237.681112244898,509.296930612245,561.502734693878,397.975389795918,510.671355102041,383.651551020408,344.863935714286,87.0606132653061,211.810734693878,653.06712755102,524.502015306122,447.677353061224,217.246781632653,389.09618877551,990.934320408163,582.065752040816,571.04137244898,252.708032653061,383.246069387755,574.009923469388,192.007210918367,494.416563265306,367.094547959184,233.407503061224,169.629010204082,511.78842244898,447.952583673469,311.617722346939,351.096294897959,482.979081632653,702.792376530612,782.606271428571,439.387232653061,390.916002653061,167.355614285714,187.794767040816,125.391489489796,156.277228571429,169.598539795918,322.641237755102,100.335232653061,132.482158163265,107.792126530612,328.829306122449,284.333233673469,241.42368877551,270.143291836735,194.108354081633,230.695797959184,257.828484693877,437.816396938776,536.332914285714,231.060429591837,714.115958163265,428.332163265306,180.752995918367,131.292187755102,395.418752040816,94.0677255102041,220.340822857143,621.928410204082,169.860243877551,446.177759183673,284.13392244898,423.165958163265,230.461089795918,793.745273469388,746.482917346939,529.278120408163,637.712607142857,649.289351020408,641.851134693877,393.540914285714,279.973531632653,333.274217346939,350.899576530612,452.411479591837,296.888343877551,203.975273469388,475.137067346939,552.806233673469,580.448468367347,520.741116326531,957.152957142857,639.67451122449,558.898843877551,589.286690816327,798.379471428571,299.58658877551,250.078783673469,64.8149612244898,410.247529591837,200.745907142857,132.224055102041,262.346579591837,263.034569387755,347.68088877551,206.811009183673,561.688789795918,402.572555102041,623.439870408163,385.997313265306,318.679734693877,365.315017346939,223.500509183673,403.181990816326,260.38797755102,583.325841836735,292.283983673469,358.66938877551,268.65455,856.218145918367,647.245773469388,329.707354081633,196.855678571429,364.996714285714,155.212816734694,197.610686734694,192.346667346939,259.801867346939,273.578587755102,549.723810204082,276.37688877551,474.738817346939,316.274326530612,211.086532653061,365.608181632653,347.205547959184,279.223829591837,69.5358295918367,292.775663265306,80.0547010204081,447.604534693878,147.323180612245,480.448401020408,226.284506122449,276.33432755102,562.860098979592,285.260714285714,325.498902040816,180.34632244898,315.850646938776,193.593076530612,508.71812244898,419.408360204082,397.060714285714,365.966234693878,359.036921428571,127.785425510204,242.04057244898,268.149487755102,462.462208163265,482.538751020408,419.511532653061,585.932723469388,265.079487755102,338.706594897959,645.27043877551,505.213359183673,664.653479591837,301.529445918367,527.666758163265,418.653167346939,415.489468367347,213.763145918367,405.842768367347,403.294130612245,464.178480612245,246.195147959184,222.642147959184,580.581784693877,411.717508163265,234.225891836735,297.426163265306,376.471009183674,173.794109183673,248.012773469388,220.395248979592,198.24197755102,245.752080612245,354.772074489796,227.22148877551,678.065859183673,420.22951122449,456.479437755102,485.664187755102,304.501829591837,549.481319387755,492.118008163265,240.778434693878,506.915824489796,203.265923469388,371.679978571429,431.87458877551,268.560970408163,480.083883673469,378.2751,191.987628571429,186.761134693878,202.500097959184,221.676223469388,273.549852040816,313.183378571429,288.208087755102,458.136325510204,231.548957142857,225.04887755102,262.599781632653,483.716744897959,657.883441836735,298.840909183673,175.404316326531,111.823581632653,171.853530612245,466.132597959184,797.723816326531,518.491203061224,546.004470408163,433.639566326531,560.255035714286,407.236623469388,295.111141836735,190.396887755102,379.074805102041,405.428830612245,283.55258877551,211.70897755102,399.720254081633,213.503523469388,313.916313265306,442.347562244898,620.094765306122,389.787682346939,226.809557142857,339.764848979592,397.346135714286,417.547621428571,349.475955102041,557.117332653061,650.780891836735,418.83987244898,229.626784693878,263.229374489796,398.399405102041,369.252104081633,484.412385714286,447.606632653061,962.270609183673,342.428491836735,463.42926122449,237.284597959184,486.147621428571,610.708506122449,432.845673469388,351.455846938775,162.308285714286,317.74911122449,341.685683673469,240.324091836735,273.2682,254.224287755102,364.15462244898,239.414470408163,473.564945918367,423.01512755102,251.752909183673,520.370980612245,364.120113265306,286.84997244898,399.373257142857,517.114495918367,375.270886734694,406.05672244898,338.803987755102,347.668210204082,425.287685714286,411.691581632653,165.66728877551,268.444355102041,561.6956,603.442263265306,289.035838877551,386.135635714286,234.852219387755,73.9937031632653,563.125126530612,272.280841836735,215.965383673469,229.145836734694,302.692595918367,537.290974489796,156.492312244898,277.504162244898,364.302607142857,486.117670408163,594.464712244898,738.513176530612,303.029378571429,246.006868367347,798.061026530612,362.709380612245,284.755605408163,400.103129591837,445.607603061224,305.785985714286,242.802842857143,227.936257142857,600.232478571428,129.632792857143,209.781862244898,229.046858163265,169.10767755102,166.958276530612,249.505030612245,229.197846938776,95.2617989795918,216.694152040816,315.82492755102,309.568995918367,283.015594897959,342.872779591837,255.354413163265,226.26167755102,573.833460204082,465.999540816326,375.303532653061,563.955103061224,329.769680612245,436.040476530612,291.243269387755,397.542920408163,769.349862244898,139.896633673469,547.813076530612,573.369089795918,334.55428877551,310.197248979592,484.682933673469,437.858847959184,334.524321428571,605.396786734694,93.7183989795918,455.780137755102,349.414094897959,230.767070408163,144.170209183673,273.074302040816,543.783913265306,523.977729591837,588.413018367347,620.564460204082,262.681195918367,244.567970408163,324.076380612245,604.516860204082,222.311715306122,384.399418367347,395.792195918367,454.303802040816,404.826852040816,302.666467346939,212.656566326531,374.60333877551,474.666907346939,433.254940816327,436.17023877551,369.492146938775,232.81638877551,253.371879591837,275.919371428571,306.589070408163,620.534813265306,342.274368367347,191.340170408163,290.899914285714,208.836537755102,169.211305102041,268.157384693878,187.821431632653,302.797031632653,347.411915306122,276.806518367347,388.337745918367,434.897051326531,419.501523469388,275.135714285714,353.913183469388,236.887332653061,89.6586795918367,586.782240816327,196.868197959184,312.437320408163,310.019141836735,310.754503061224,189.639146938775,248.809087755102,170.67667755102,209.497465306122,445.162654081633,549.306739795918,427.110863265306,354.504635714286,682.918881632653,596.701797959184,292.209937755102,584.520367346939,337.007720408163,299.73836122449,650.00198877551,259.617274489796,248.908632653061,316.349403061225,429.975329591837,576.467321428571,667.04018755102,673.80037755102,442.121472448979,421.248035714286,298.447476530612,250.104886734694,182.482664285714,359.223557142857,185.276407142857,144.286483673469,256.193578571429,212.026120408163,290.051564285714,183.934295918367,345.59786122449,164.2724,176.042898979592,288.514935714286,330.269055102041,188.867816326531,318.866992857143,294.814723469388,262.910489795918,235.811782653061,201.703533673469,222.266166326531,285.750957142857,316.550890816327,364.048446938775,349.209246938775,149.582021428571,648.571198979592,426.165064285714,413.79053877551,315.889830612245,175.348401020408,265.737608163265,206.510591836735,103.944516326531,253.408718367347,238.414173469388,375.923401020408,112.284123469388,135.080593877551,274.354357142857,330.907187755102,416.340132142857,308.569285918367,256.600995918367,108.224840816327,142.285970408163,599.703112244898,455.705684693878,225.474652040816,306.025428571429,468.657694897959,374.555593877551,311.747960204082,465.39391122449,299.302047959184,438.035656122449,294.177437755102,735.495245918367,772.872243877551,524.442741836735,513.887716326531,125.811562244898,121.042057653061,195.400925510204,385.490690816326,200.196952040816,276.436191836735,134.949484693878,142.171970408163,285.527768367347,425.021789795918,520.091359183673,322.624394897959,287.528587755102,194.201040816327,267.88713877551,638.823735714286,358.59305,382.274372653061,270.915696938776,305.322521428571,254.091015306122,86.6338816326531,233.248274489796,295.310710204082,379.794453061224,288.545274489796,614.951676530612,684.926028571429,623.587232653061,376.737914285714,216.536736734694,399.874535714286,398.897612244898,316.537823469388,232.196041836735,391.972874489796,216.811263265306,458.074873469388,228.814283571429,285.424138979592,377.009456122449,275.044425510204,348.850205102041,371.538982653061,372.897897959184,225.826364285714,528.297112244898,207.298854081633,477.275879591837,279.797523469388,446.392915306122,534.476501020408,287.037080612245,505.040048979592,422.729807142857,447.652669387755,415.228732653061,717.677965306122,223.302444897959,462.432337755102,344.044737755102,254.2997,356.739091836735,381.03105,412.973785714286,284.071845918367,390.275409183673,632.806090816326,748.640442857143,630.5165,380.32845,246.259054081633,132.85359255102,405.522047959184,354.383106122449,557.834416326531,615.348807244898,516.999254795918,432.842289795918,486.553866326531,489.035576530612,447.685248979592,411.342975510204,204.379191836735,227.312048979592,427.19844755102,265.820982653061,285.147403061225,322.001755102041,445.673247959184,417.752298979592,592.042044897959,374.54918877551,324.874386734694,270.335402040816,278.293632653061,444.648235714286,471.897423469388,468.763692857143,254.777928571429,193.148018367347,285.509280612245,278.753039795918,405.120662244898,517.731156122449,445.509062244898,338.108386734694,188.316394897959,141.283310204082,275.222980612245,404.032617346939,171.619742857143,272.965814285714,297.626881632653,479.030414285714,119.753359183673,348.951001020408,402.763920408163,349.99367755102,589.289013265306,291.915754081633,187.104762244898,362.479208163265,297.974565306122,517.697906122449,390.014423469388,481.524670408163,339.545645918367,223.074118367347,476.627606122449,479.836812244898,334.145301020408,292.539605102041,153.028810714286,98.2858755102041,342.698407142857,422.750692857143,362.944343877551,384.876789795918,334.065051020408,135.994065306122,223.39017755102,448.618295918367,326.902210204082,594.982396938776,272.290620408163,314.205916326531,185.743164285714,181.09347755102,475.687335714286,537.736482653061,398.000698979592,141.476014285714,189.214423469388,241.653741836735,478.830653061224,340.853105102041,169.45106122449,380.359254081633,450.571048979592,493.732725510204,363.456440816326,607.206916326531,231.629920408163,297.951579591837,309.403928571429,212.523595918367,213.556239795918,128.583820408163,446.464252040816,459.313902040816,529.289946938776,425.600292857143,697.359565306122,253.677595918367,201.910196938775,686.523821428571,202.008003061224,229.589367346939,189.637629591837,452.483579591837,263.95532877551,473.917742857143,193.432546938776,314.805260204082,855.924104081633,425.698025510204,345.517702040816,156.30318877551,434.73452755102,392.337546020408,118.451188469388,358.671966326531,165.238839795918,191.5235,282.953925510204,550.939636734694,440.049442857143,447.092180612245,171.368979591837,138.142537755102,318.154623469388,134.22355,310.062756122449,462.994605102041,440.533142857143,372.255256122449,153.82373877551,454.013569387755,191.512095612245,320.880531632653,472.220736734694,308.097762244898,150.902018367347,323.417128571429,404.220037755102,451.921744897959,604.936340816326,478.902474489796,774.670937755102,662.340286734694,829.878913265306,450.170934693878,454.21492755102,290.773569081633,396.090743877551,150.329473469388,135.252115306122,137.464551020408,80.5891479591837,567.092474489796,815.331691836735,602.790630612245,357.362456122449,498.037993877551,365.78803877551,325.246855102041,177.089963265306,450.224445204082,352.776504081633,611.257382653061,357.859636734694,207.779335714286,336.543851020408,254.271645918367,299.752765306122,396.50077755102,352.577347857143,353.909171428571,416.369463265306,282.201164285714,425.85615,713.359517346939,515.033773469388,443.60451122449,529.406252040816,672.395035714286,672.00095,532.29675,477.734925510204,254.393904081633,294.022143877551,388.908854081633,324.635715306122,242.366717346939,289.922833673469,299.569220408163,417.595707142857,424.350917346939,282.482439795918,284.463868367347,328.913914285714,294.362507142857,191.074265306122,215.083197959184,761.454631632653,751.756960204082,454.267121428571,460.766342857143,329.784674489796,398.476355102041,580.248368367347,279.915343877551,499.059168367347,301.014656122449,327.783747959184,332.975902040816,320.911079591837,272.262623469388,442.064168367347,517.441037755102,303.311214285714,465.853504081633,178.580002040816,246.437275510204,102.892398979592,248.897080612245,447.767858163265,305.509804081633,398.72025,374.992981632653,310.032032653061,256.509605102041,226.01061,197.066575510204,148.3628,187.584941836735,389.277675510204,525.052808163265,398.964862244898,504.104063265306,412.044494897959,227.834571326531,275.06631122449,403.630753061224,187.814170408163,266.361406428571,285.94768877551,270.00417755102,446.944723469388,469.542426969388,378.694293295918,458.381254081633,308.591159183673,441.044791836735,411.305593877551,494.833882653061,422.132690816326,171.610524489796,359.505765306122,278.337012244898,232.475732653061,262.769352040816,283.894003061225,274.89345,466.895406122449,298.965962244898,342.845823469388,355.653341836735,446.767387755102,364.154412244898,77.6596734693878,431.78407755102,324.199466326531,412.370734693878,260.093258163265,307.01222755102,212.006208163265,376.23157244898,519.328793877551,463.82182755102,269.194151020408,156.850854081633,384.212585714286,409.816325510204,285.813944897959,574.365203061225,485.72242755102,346.582296938775,376.434334693878,314.884541836735,296.525024489796,409.270998979592,110.458492857143,314.800834693878,416.212501020408,742.336930612245,513.804993877551,330.889632653061,171.227020408163,365.656913265306,366.194875204082,592.982304081633,364.103448979592,643.560379591837,253.308195918367,132.430307959184,235.875846938776,191.549171428571,167.34397755102,242.158708163265,304.005378571429,271.437059183673,251.622892857143,294.984057142857,329.410069387755,263.117837755102,115.129320408163,154.43607244898,309.676221428571,123.556071428571,127.370606122449,396.10742755102,340.029542857143,305.553552040816,391.142892857143,254.128730612245,570.166280612245,150.485235714286,471.997431632653,510.679502040816,299.021352959184,357.043073673469,814.047781632653,410.036997959184,452.879634693878,649.432448979592,474.167204081633,520.188415306122,192.808005102041,254.782368367347,375.580547959184,392.540509183673,132.031485714286,371.674944897959,354.439335714286,474.634674489796,341.962747959184,569.67403877551,485.561402040816,174.708758163265,176.960360204082,327.723367346939,315.773705102041,358.860094897959,435.299043469388,476.437817346939,669.855631632653,712.541571428571,233.694726530612,340.878648979592,499.853265306122,276.062987755102,134.312093367347,395.121073469388,329.940571428571,480.137122244898,641.89285,195.482790816327,167.075004081633,78.3445142857143,483.520117346939,404.696082653061,203.593793877551,246.869214285714,195.567393877551,198.642893877551,148.62207244898,417.431832653061,450.824358163265,395.605832653061,553.06547755102,311.308001020408,353.80648877551,306.701899183674,322.081194489796,352.32377244898,624.655692857143,830.618619387755,381.632419387755,419.021116938775,210.340155306122,355.890158163265,259.817890816327,278.690314285714,236.053706122449,447.22237244898,563.038001020408,251.224534693878,251.164726530612,369.149495918367,199.753293877551,366.303897959184,420.613153061224,192.670795510204,222.403964285714,320.427437755102,535.14395,360.707076530612,452.755241836735,173.063985714286,178.262035714286,323.176174489796,398.492794387755,408.928907142857,366.680496836735,352.551611836735,397.207465306123,163.830130612245,419.444068367347,322.45457244898,215.44798877551,248.156063265306,161.87345,570.086873469388,159.616509183673,697.817866326531,318.047178571429,161.086262244898,251.858232653061,223.422167346939,290.240316326531,663.301470408163,351.844758163265,408.039781632653,148.282934693878,311.905052040816,385.269570408163,258.590006122449,345.34182244898,289.586492857143,264.600941836735,388.622143877551,644.325218571429,532.293491836735,483.618170408163,499.396355102041,150.439379591837,471.850312244898,640.673533673469,592.737841836735,607.723514285714,188.4979,255.042868367347,653.667252040816,555.704473469388,253.181835714286,430.924190816326,576.348174489796,390.166458163265,311.830416326531,369.489497959184,358.887144897959,359.229794897959,629.133275510204,394.519930612245,213.638190816327,213.624992857143,275.870679591837,217.573755102041,569.270063265306,847.517721428571,576.53407244898,232.542297959184,361.059473469388,567.261434693878,215.4093,334.420029591837,165.171353061224,467.651629591837,440.141747959184,162.638935714286,287.339574489796,212.74198877551,190.076597959184,493.607724489796,403.39641744898,521.747455102041,457.428541836735,415.587502040816,461.114602040816,365.191410204082,334.61541122449,444.359431632653,292.19737755102,299.338292857143,265.424123469388,357.43973877551,323.713336734694,454.926469795918,216.180831632653,184.700563265306,440.050024897959,333.539078571429,330.843601020408,281.434465306122,145.256340816327,603.724273469388,318.972264285714,495.754079591837,282.700015306122,91.751393877551,234.905105102041,630.308442857143,579.826509183673,238.620812244898,348.920554081633,292.252537755102,374.022625510204,193.557780612245,379.023608163265,400.415685714286,381.648940816327,370.743406122449,301.405346938775,328.001835714286,294.918720408163,305.924069387755,478.250234163265,505.332352040816,421.019436734694,249.476892857143,217.808932653061,436.305634693878,246.693294897959,325.600564285714,393.11092244898,474.365609183673,376.700120408163,345.501714285714,465.908313265306,523.957753061224,438.275756122449,524.578881632653,491.53197244898,660.099031632653,714.801758163265,671.782746938775,210.861044897959,473.237473469388,369.84825,499.205156020408,244.890874489796,407.593328571429,242.450102040816,602.206675510204,494.973924489796,836.523214285714,450.034257142857,388.251031632653,386.525701020408,187.798460204082,109.216404081633,402.179106122449,134.075790816327,133.183964285714,335.392281632653,235.23715,402.445597959184,483.810457142857,605.692859183674,338.503397959184,278.760671428571,422.644458163265,342.937486734694,200.373925510204,270.563728571429,439.91936122449,305.626609183673,338.34127755102,104.991763265306,385.319929591837,319.966064285714,290.391298979592,438.831820408163,238.475518367347,246.490532653061,286.847274489796,229.47967244898,586.914479591837,780.836387755102,446.087015306122,228.601490816327,278.127058163265,416.474736734694,295.194463265306,191.902098979592,227.273393877551,294.150591836735,455.071081632653,397.109715306122,249.179968367347,131.769478571429,206.278069387755,423.604121428571,402.078231632653,116.257706632653,381.768121428571,632.021871428571,780.674958163265,218.522258163265,246.746933673469,262.401624285714,153.20422755102,291.721681632653,268.973913265306,484.719175510204,300.568382653061,235.648482653061,407.710567346939,343.799003061224,457.548312244898,336.21595,175.63327755102,233.580190816327,613.38088877551,578.595630612245,81.5752571428571,529.906078571428,446.01016122449,383.856471428571,241.108831632653,163.676040816327,294.293941836735,130.922428571429,158.819078571429,274.269991836735,639.266493877551,325.861003061224,226.394207142857,585.56642755102,315.869228571429,482.249386122449,520.655014285714,405.931184693878,372.076223469388,287.750514285714,386.748308163265,271.944483673469,122.641168367347,198.052412244898,461.014183673469,277.252087755102,180.432369387755,574.711667346939,331.889397959184,327.454075510204,633.024563265306,595.746259183673,638.464640816326,269.437653061224,463.496553061225,372.017609183673,351.361387755102,691.973141836735,195.888519387755,618.573357142857,232.315169387755,440.668389795918,468.905323469388,492.408517346939,381.255334693878,181.855216326531,440.7636,481.539552040816,383.068659183673,330.561867346939,655.388058163265,316.409617346939,194.742744897959,359.401697142857,543.506147142857,258.771215306122,297.427282653061,295.959784693878,517.583940816327,327.528846938775,521.338446938776,347.238131632653,377.334716326531,259.05367755102,275.080620408163,403.757853061224,425.140668367347,374.195660204082,397.015169387755,628.711381632653,299.363640816326,746.605709183673,498.502265306122,604.850118367347,260.247901020408,401.180591836735,521.67322244898,308.200456122449,293.15542755102,278.858297959184,186.567807142857,380.410073469388,352.387698979592,291.310489285714,722.621567346939,281.061744897959,462.406118367347,468.222829591837,252.672642857143,219.887925510204,203.076891836735,212.92163622449,320.302153061224,394.840781632653,330.24257622449,228.219348979592,106.845502040816,232.787035714286,418.325719387755,355.123009183673,242.714084693878,233.609507142857,237.238086734694,272.25862244898,253.577325510204,277.77396122449,178.07102244898,314.382609183673,431.674813265306,249.542030612245,398.218872040816,324.908171020408,332.209321428571,174.058240816327,199.646890816327,360.743945918367,632.492828571429,607.53887244898,518.500806122449,576.06668744898,383.832555102041,422.514368367347,376.02821122449,156.321612244898,302.189842857143,328.210590816327,150.447709183673,183.871279591837,331.948756122449,941.043534693878,378.995362244898,503.313707040816,180.952082653061,168.177958163265,388.667530612245,607.044195918367,408.429373469388,375.854455408163,387.903656428571,381.823401020408,628.43875,584.049282653061,292.980293877551,332.842044897959,366.59342244898,696.10787244898,740.878287755102,277.712345918367,425.401552040816,655.739365306122,195.486628469388,472.406904693878,448.102144897959,301.351367346939,311.306494897959,412.578424489796,320.309819387755,232.02002244898,361.060810204082,215.973275510204,363.564909183673,256.697129591837,970.240190816327,494.788051020408,183.194379591837,365.17416122449,472.885530612245,189.978048979592,351.410624489796,409.313170408163,217.177479591837,279.272479591837,582.104554081633,121.610669387755,285.205753061224,320.985765306122,319.270783673469,308.565781632653,223.81771122449,603.79828877551,489.240475102041,304.102493877551,267.584486734694,309.75407377551,526.295425510204,399.977735714286,124.585742857143,213.088174489796,271.29992244898,66.1817451020408,160.85801122449,478.68388877551,291.398704081633,182.918698979592,153.564421428571,389.610994897959,428.416915306122,206.770170408163,450.709514285714,376.42038877551,194.955524489796,182.049725510204,131.879680612245,76.1684755102041,249.33576122449,404.710752040816,274.935951020408,299.091370408163,352.833554081633,586.246767346939,673.303923571429,309.083437755102,252.50977244898,124.441774489796,287.299778571429,126.187794081633,443.683502142857,560.466373877551,445.617780612245,299.172145918367,221.123482653061,466.424330612245,407.976635714286,256.202958163265,247.202754081633,332.05845,323.110918367347,365.402333673469,605.416965306122,486.877810204082,298.656934693878,164.204441836735,188.007736734694,571.113993877551,380.928256020408,239.43101122449,260.460565306122,292.435001020408,340.236348979592,629.391733673469,595.866501020408,373.82356122449,334.820735714286,144.549654081633,331.221216326531,275.337141836735,148.297879591837,536.837070408163,308.771504081633,385.133240816327,281.547431632653,298.555730612245,283.652096938776,237.570073469388,346.258571428571,357.290237755102,526.659004387755,306.360420408163,354.787618367347,180.992106122449,232.934532653061,186.647104081633,428.618186734694
19.9183673469388,411.280701020408,530.644192857143,572.606971428571,894.302832653061,459.744964285714,215.695932653061,454.208798979592,347.874571428571,474.301348979592,718.433981632653,474.599737755102,263.236471428571,334.089073979592,309.486202040816,240.462981632653,344.273779591837,385.334679591837,514.697529591837,512.628534693878,261.757330612245,514.397523469388,262.03566122449,395.284765306122,435.572481632653,622.775528571429,514.518963265306,796.461408163265,255.949466326531,501.07275744898,269.050116326531,304.465579591837,123.199489795918,540.897942857143,729.039369387755,647.110746938775,523.31907755102,411.46422755102,425.590343877551,344.458354081633,365.28582755102,165.645279591837,82.3132424489796,176.153608163265,415.423212244898,413.843292857143,769.376870408163,695.17736122449,778.926640816327,683.816601020408,292.24407244898,133.053705816327,232.058268367347,307.677666326531,267.857270408163,292.455580204082,314.012445918367,770.632957142857,687.056987755102,486.810639795918,607.268519387755,173.906182653061,158.410594897959,139.057368367347,245.551953061225,199.363995918367,421.251484693878,442.334689795918,455.767487755102,567.03396122449,197.526394897959,307.118569795918,179.247779591837,415.370563265306,606.799381632653,378.175592857143,339.935113265306,186.90673877551,427.311796938776,665.964740816327,269.530632653061,334.684315306122,259.642802040816,226.434978571429,375.614386734694,449.516094897959,265.961881632653,356.928534693878,244.64522755102,228.212023469388,792.274641836735,415.845864285714,279.957038367347,504.770893683673,240.463473469388,348.165419387755,277.009062244898,351.579970408163,405.918063265306,278.491410204082,216.605887755102,296.167808163265,383.591320408163,645.353968367347,981.127290816327,205.872107959184,221.648607959184,197.589093877551,862.506892857143,436.862148979592,350.419755102041,140.801052040816,141.655462653061,405.923884693878,621.430101020408,521.986435918367,427.816310204082,204.406081632653,100.323047959184,509.377066326531,403.185528571429,228.083760612245,256.446629591837,453.156624489796,194.298828571429,249.049647959184,126.529668367347,284.121939795918,200.380882653061,525.501405102041,415.177309183674,553.758808163265,720.387830612245,250.457423469388,165.422726428571,407.010363163265,256.742459387755,248.055306122449,533.108686734694,372.872541836735,429.730362244898,226.833092040816,266.161435714286,426.856009183674,301.34183877551,164.326344897959,168.761710204082,229.509283673469,177.948658163265,211.080853061225,777.385662244898,695.099393877551,929.551028571429,557.981825510204,405.205696938776,262.658632653061,142.615660204082,363.010053061225,645.828131632653,747.922152857143,525.12268755102,469.899726734694,396.134655102041,250.574415306122,365.973442857143,530.08642244898,572.776186734694,528.264173469388,466.704497959184,589.119928979592,133.676855673469,336.668255102041,300.480178571429,283.646112244898,607.143873469388,614.66202244898,621.273823469388,145.101281632653,269.673551020408,203.369532653061,220.463597857143,287.863031530612,597.368054081633,516.077134693878,374.844585714286,644.560198979592,195.278547959184,308.139585714286,215.143717346939,133.710437755102,226.218523469388,250.601498979592,297.16696122449,419.061318367347,267.895748979592,287.934070408163,473.084116326531,277.176253061224,431.358387755102,216.140074081633,189.955737959184,187.536002040816,162.259508163265,387.219069387755,257.350196938776,411.229279591837,412.9466,862.593048979592,856.959918367347,180.913920408163,184.827709183674,277.17137244898,657.120789795918,711.837926530612,335.541510204082,156.776487020408,568.560108163265,264.883053061224,502.771013265306,230.434474489796,520.459221428571,343.38716755102,449.696652040816,874.943020408163,633.643124489796,559.514640816327,420.709683673469,354.287755918367,408.155385714286,298.82536122449,367.090858163265,245.52177244898,266.769912244898,94.8444828571429,350.026803061225,406.184084693878,311.627515306122,610.890480612245,587.595683673469,300.47075,563.82961122449,383.953860204082,364.262815306122,490.121833673469,625.385980612245,356.416363367347,406.959756122449,710.646944897959,173.497368979592,360.493380612245,394.056265612245,348.208760510204,324.443367755102,286.359314285714,61.6732524489796,238.491026530612,405.663748979592,248.817810204082,682.247703061225,459.369647959184,428.16616122449,315.707708163265,342.16176122449,299.719437142857,732.600537755102,394.592691836735,232.100957142857,620.327389795918,586.622212244898,493.964987755102,682.381466326531,205.737228061225,321.257041836735,806.786445918367,537.3419,479.456807142857,387.777304081633,299.83665,260.175871428571,298.675260204082,674.64812244898,709.995504081633,809.027058163265,367.76656122449,478.975709183674,564.630089795918,293.391525306122,595.799595918367,719.413617346939,853.574265306122,449.273944897959,170.132823265306,330.552830612245,649.872814285714,260.155491836735,244.792935714286,126.266822244898,410.728665306122,782.514528571429,280.658506122449,167.565619387755,218.535782653061,576.09272755102,611.448642857143,649.71932755102,139.44027877551,219.777569693878,145.092207755102,271.938917346939,278.882164285714,209.510864285714,763.508716326531,311.453494897959,557.192128571429,301.943435714286,368.323307142857,450.614955102041,346.092615306123,430.722671428572,595.1269,316.463190816327,542.699915306123,526.913362244898,503.034146938776,572.204160204082,495.34291122449,560.482096938776,425.246001020408,904.218493877551,1028.79573571429,563.838562244898,322.904604081633,820.396218367347,662.817071428572,592.330175510204,315.929502040816,274.815853061225,159.92107244898,274.829487755102,119.744452918367,365.750434693878,371.602024489796,578.170843877551,455.627486734694,450.111441836735,613.880716326531,321.650507142857,400.558890816327,172.838407142857,404.126202040816,217.997409693878,345.722431632653,320.170358163265,186.510097959184,342.667417346939,505.008059183673,216.849662244898,370.749160204082,337.322039795918,332.073407142857,680.574939795918,782.459626530612,157.332883673469,147.360336734694,204.51122755102,436.735469387755,259.676898979592,429.470695918367,368.827463265306,437.34188877551,330.522897959184,478.499373469388,506.873934693878,613.786030612245,699.44477755102,294.188803061225,182.726471428571,283.182060204082,286.805410204082,269.923585714286,529.773934693878,193.477906122449,468.394043877551,267.59883877551,638.702616326531,677.08854,433.566857142857,713.895959183674,606.110319387755,804.108897959184,697.400618367347,397.180633673469,339.479944897959,264.766696938776,406.841460204082,294.325205102041,329.402832653061,459.809721020408,702.426056122449,546.220144897959,494.360052040816,415.906703061225,746.600260204082,222.915508163265,350.675419387755,625.950356122449,496.864384693878,253.285543877551,296.24053877551,672.589351020408,325.505945918367,232.294848979592,191.33872755102,212.239924489796,221.021591836735,464.248906122449,235.473859183673,330.713818367347,396.618129591837,433.439605204082,227.160620408163,462.260117346939,404.553779591837,596.484298979592,505.628294897959,491.557498979592,273.163675510204,223.868153061225,288.201943877551,595.647432653061,532.063306122449,647.492943877551,589.307259183674,143.896453061225,262.033636734694,373.392514285714,405.539290816327,140.259537755102,162.335987959184,944.472403061225,438.161324489796,342.531646938776,537.461725510204,630.231287755102,511.056,385.50702244898,190.148870408163,260.486420408163,523.210064285714,424.569752040816,355.655876530612,519.330059183673,220.524262244898,250.70883877551,449.08646122449,298.271759183674,151.560364285714,420.144956122449,613.754185714286,441.571448367347,269.278665306122,552.232908163265,413.177530612245,466.365316326531,469.344491836735,557.414597959184,379.923536938776,407.470051020408,933.074491836735,657.628548979592,281.254502040816,423.351766938775,403.496601938775,670.072010204082,787.173281632653,352.484509183673,406.63121122449,328.820345918367,216.06823877551,148.28533877551,165.518037346939,169.507991836735,205.361357142857,178.991462244898,216.570762244898,370.800348061225,278.928828571429,344.006766326531,399.044519387755,620.831693877551,424.564808163265,572.408616326531,226.711464285714,390.070774489796,264.298041836735,410.040314285714,341.584016734694,477.435429591837,357.900933673469,390.997980612245,380.196426530612,392.394844897959,400.413236734694,356.928028571429,329.885325510204,257.446863265306,239.164553061225,480.238713265306,405.3455,266.288068367347,384.542370408163,337.851131632653,237.955343877551,138.420820408163,319.009316326531,471.015690816327,495.838940816327,685.495371428572,332.517712244898,467.46231122449,471.641418367347,801.037559183673,122.985943877551,360.359091836735,415.844178571429,375.097820510204,380.472125510204,141.346867346939,197.760047959184,489.280692857143,401.958221428571,367.945464285714,243.522792857143,286.402952040816,190.469155918367,260.591826530612,516.325503061224,378.812168367347,628.851937755102,420.867560204082,367.993628571429,158.908807142857,280.841525510204,250.367383673469,378.447645918367,406.539597959184,403.592148979592,719.956808163265,959.823701020408,304.48365,256.732820510204,224.481019387755,282.666707142857,274.940015306122,306.221239795918,480.534939795918,906.341934693878,463.778836326531,368.202678571429,179.332324591837,823.524086734694,171.205072857143,414.008590816327,298.279577081633,158.237211632653,115.428138367347,295.969397959184,106.158778571429,110.502487755102,201.893324489796,75.0250895918367,179.439314285714,267.190713265306,304.778985714286,776.948039795918,306.116941836735,127.285487755102,324.012459183674,432.049641836735,975.026432653061,887.461420408163,318.242651020408,371.539528571429,264.919145510204,671.722051020408,496.221132653061,155.266766326531,233.332512244898,308.86282244898,395.967194897959,377.225666326531,300.03722755102,299.843771428571,249.282962244898,314.338495918367,467.455374489796,350.102629591837,289.678646938776,1041.46142244898,589.694548979592,297.153218367347,534.823256122449,802.976509183673,848.841220408163,489.808746836735,259.94863877551,343.704649693878,316.385507142857,540.232170408163,568.528589795918,343.911573469388,330.755223469388,304.720226530612,340.075290816327,419.683226530612,507.583163265306,602.186093877551,510.580543877551,460.220917346939,610.566797959184,474.799804081633,546.35205,410.774668367347,479.20007244898,667.705852040816,655.745436734694,644.357820408163,242.225090816327,531.802283673469,556.274543877551,277.920447959184,293.371804081633,82.8572755102041,513.570215306122,583.352447959184,148.376708163265,146.973144897959,110.178275510204,125.162289795918,138.283966326531,421.172080612245,342.082568367347,468.019175510204,553.436585714286,759.768958163265,712.405773469388,714.779323469388,346.557329591837,361.234852040816,382.19848877551,348.52182244898,455.846668367347,492.752734693878,316.656220408163,305.282592857143,543.841924489796,446.977083673469,238.573468367347,826.758563265306,728.790717346939,405.84443877551,404.63216122449,684.903046938776,402.836481326531,370.920445510204,338.376583673469,638.534307142857,685.805332653061,272.10311122449,618.290031632653,639.899732653061,198.47115,296.209056122449,633.491532653061,450.927932653061,486.635520408163,651.12796122449,418.525406122449,393.621621428571,362.305579591837,448.963935714286,293.585389795918,259.994128571429,314.983207142857,128.75461,113.700142857143,135.52336122449,222.65809755102,368.311897959184,428.124880612245,634.968605102041,781.501091836735,649.519570306123,398.171168367347,258.334753061225,598.7816,862.837612244898,258.562668367347,369.929624489796,712.287803061225,507.356129591837,165.204342857143,404.538743877551,678.788942857143,189.249128571429,513.595082653061,496.837576530612,512.141285714286,423.669482653061,660.782460204082,310.65131122449,259.432758163265,317.745041836735,255.641040816327,297.97832755102,302.766674489796,475.506683673469,685.458034693878,342.668476530612,664.644783673469,533.370814285714,277.265091836735,365.615198265306,1026.75396632653,314.646533673469,745.151012244898,312.152816326531,519.124066326531,434.559335714286,424.399146530612,278.545909183674,400.604262244898,561.970804081633,355.044670408163,674.379048979592,346.992389795918,348.310579591837,386.628407142857,223.10045,335.363805102041,545.826240816327,199.734250408163,254.897060204082,295.70752755102,106.741016530612,378.907285510204,512.344100204082,360.072929591837,506.014925510204,257.809115306122,275.878060204082,292.334078571429,301.323855102041,456.554248979592,538.972612244898,483.087525510204,371.82245,609.644259183674,252.114159183673,190.279885714286,440.60969622449,279.669470408163,337.094187755102,243.995755102041,214.453936734694,591.847569387755,677.885126530612,201.695882653061,567.463082653061,401.374243877551,303.898520408163,847.220669591837,242.647460204082,446.697660204082,418.770937244898,368.266219387755,325.449392857143,479.293826530612,535.934304081633,413.223855102041,417.451445918367,287.440473469388,335.591285714286,327.273295918367,110.23157755102,118.498625510204,78.0487591836735,276.838909183673,306.45771122449,442.50066122449,352.251660204082,395.249280612245,258.525821428571,285.724855102041,381.428626122449,390.422481632653,223.384368367347,277.744730612245,248.83448877551,394.48492755102,429.212282653061,164.316236734694,1237.94978061225,661.740237755102,678.279479591837,591.220810204082,373.295221428571,637.087345918367,357.683904081633,608.944853061225,348.609519387755,853.4567,616.004155102041,361.324890816327,654.793075510204,791.004959183673,339.59317755102,263.560745918367,312.659868367347,143.625358163265,159.542606122449,264.458723469388,250.257587755102,199.449967959184,325.624047857143,303.216431530612,353.626287755102,290.521855102041,334.916044897959,323.382712244898,207.327913265306,194.697562244898,121.195905102041,144.807895918367,197.321176326531,145.421473061225,259.348621632653,144.523296938776,685.951829591837,538.844120408163,371.903383673469,208.102613877551,309.246413877551,389.963258163265,164.134312244898,510.087473877551,460.613069387755,296.195342857143,147.522334897959,655.850020612245,816.415413265306,384.727863877551,183.233763877551,272.897913265306,393.181704081633,131.638951632653,170.608364285714,256.630451020408,359.779758163265,338.589843877551,409.72923877551,329.578105204082,436.945913265306,523.335028571429,480.67696122449,419.289326530612,427.37266122449,746.287908163265,502.006523469388,550.328142857143,836.812748979592,733.526607142857,268.238281632653,333.608383673469,505.680918367347,680.75702244898,476.141204081633,360.738020816327,447.895433673469,388.585043877551,615.177356122449,493.418202040816,116.575496734694,479.228787755102,247.035037755102,432.790435714286,632.766410204082,215.597506122449,798.042617346939,129.22647755102,884.392260204082,807.394915306122,243.699035102041,333.496676938776,438.184579591837,460.666115306122,345.74165,607.370078571429,484.38697755102,419.41038877551,543.000693877551,538.784493877551,553.577659183674,522.43155,745.63277244898,576.868425510204,73.9605857142857,72.0018763265306,350.568479591837,519.140855102041,678.570126530612,585.61408877551,193.33533122449,385.964978571429,435.244709183673,339.364724489796,119.432393877551,107.276614285714,454.971698979592,705.411824489796,695.262503061225,737.740506122449,510.456192857143,504.851695918367,470.95185,589.321457142857,253.113404081633,143.078302857143,327.419662244898,516.811369387755,384.227615306123,56.0446387755102,640.187273469388,184.217366326531,521.203179591837,446.466392857143,502.962680612245,431.882570408163,312.595853265306,242.108070408163,331.616732653061,390.755610204082,304.34316122449,662.979243877551,482.970617346939,433.68798877551,600.739530612245,433.817202040816,734.612121428571,305.153570408163,446.34668877551,735.977939795918,681.392247959184,268.104321428571,123.252218367347,598.89807755102,423.829555510204,749.773080612245,241.236791836735,378.045914285714,516.45763877551,543.580194081633,656.851679591837,322.425437755102,77.5376287755102,502.613763877551,462.926695918367,400.178829591837,226.677092040816,380.946040816327,529.090426530612,242.181695918367,476.608033673469,413.4177,395.478584693878,429.126796938776,410.279170408163,419.135479591837,312.135174489796,436.731612244898,368.274657142857,367.247909183674,190.08555,89.4341724489796,317.956019387755,427.937681632653,644.95552244898,317.055791836735,356.264226530612,259.742925510204,225.485291836735,321.527712244898,451.718344897959,325.894907142857,429.268324489796,247.496030612245,502.406742040816,415.153876530612,345.311646938776,279.588685714286,285.227635714286,289.507359183673,289.996613265306,261.82722244898,404.434254081633,395.086775510204,446.494101020408,374.20432244898,169.992269387755,202.583580612245,293.520651020408,633.523681632653,298.058686734694,158.089423265306,589.496240816327,528.05049255102,672.329123469388,390.352908163265,316.726617346939,269.394884489796,288.033262244898,401.250714285714,371.875474693877,417.473118367347,520.770278571429,449.245525918367,686.167186734694,531.781625510204,696.64878367347,433.801579591837,401.912586734694,397.184141836735,121.744036734694,503.584080816327,669.769946938776,757.92486122449,565.36586122449,412.247071632653,180.040946632653,552.077898979592,620.312448979592,555.781308163265,365.71757244898,108.603077755102,367.565648979592,487.774611530612,278.523984693878,466.882197959184,452.806970408163,198.300006938776,432.99766122449,638.359435714286,206.811203061224,215.793418367347,185.063944897959,478.67062755102,1109.82019489796,408.154360204082,712.770966326531,513.759540816327,350.764137755102,319.240430612245,199.894796938775,72.6940246938775,272.050157142857,299.959771428571,363.396546938776,828.939821428572,662.432419387755,254.753041836735,678.302673469388,664.116132653061,398.719162244898,698.466652040816,430.050049897959,353.937265918367,274.172897959184,369.309867346939,209.413329591837,401.358705102041,426.081373469388,465.825110204082,399.111868367347,358.949755102041,305.356220408163,345.24357755102,491.771229591837,578.250334693878,108.038320816327,129.502526530612,243.997050612245,506.233512244898,334.613305102041,496.634323469388,548.837252040816,494.192001020408,456.300226530612,288.070681122449,599.717081632653,444.223469387755,177.126500204082,123.68337755102,270.490755102041,319.918767346939,335.385924489796,252.245285714286,520.572582653061,125.644431428571,202.831106122449,303.505808163265,263.602708163265,122.20037244898,153.026534693878,116.838273469388,307.741008163265,407.153414285714,427.357994897959,347.941310204082,533.10262244898,382.840845918367,352.528997959184,665.675898979592,663.772773469388,313.108620408163,338.861539795918,762.280941836735,288.812535714286,310.706369387755,488.773412244898,394.196379387755,644.790431632653,466.794652040816,258.385645918367,695.71093877551,939.924732653061,795.594157142857,545.304858163265,554.200769285714,406.827578571429,611.601013265306,434.435362244898,437.68577755102,1005.25480714286,164.533296938776,195.623963265306,717.876147959184,179.365596938776,480.629953061225,404.194323979592,588.896891836735,486.016094897959,250.315240816327,554.454587755102,291.240207142857,304.302524285714,491.330493877551,376.868484693878,343.518741836735,457.448558163265,291.22792244898,314.335685714286,232.662462040816,269.069817346939,645.138104081633,409.37562244898,386.485705102041,527.172375510204,603.796708163265,338.147595102041,551.98065,272.924441836735,367.998115306122,503.716816326531,514.069907142857,664.114653061225,126.921134693878,421.422328571429,430.744574489796,471.163210204082,214.641439795918,497.648246938776,142.925101836735,280.008275510204,387.847345918367,275.767082653061,355.560123469388,398.879540816327,565.176816632653,448.625421428571,440.482849591837,594.543694897959,472.020865306122,749.142681632653,415.338348979592,244.687335714286,615.459087755102,515.377019387755,372.403287755102,459.179964285714,772.676082653061,315.407078571429,308.753146938776,494.711145918367,287.674720408163,228.82757755102,666.028925510204,611.974694897959,484.538944897959,499.242704081633,489.281264285714,57.5328528571429,137.370494693878,480.488909183674,326.265296938776,326.502804081633,375.85839244898,299.271828163265,344.335280612245,585.920706122449,349.707797959184,332.496745918367,771.866903061224,162.508725510204,450.984574489796,527.044652040816,206.991495918367,337.186558163265,455.16258877551,525.438051020408,678.988575510204,583.511737755102,627.529882653061,395.033614285714,533.934197959184,616.324058163265,545.476739795918,485.672383673469,381.114327755102,745.417761938776,508.64603877551,265.989971428571,516.334804081633,488.16628877551,315.714591836735,447.945174489796,164.310516326531,344.463203061224,371.337218979592,243.220301020408,335.933805102041,361.705592857143,422.584714285714,547.196593877551,140.550857142857,472.321645918367,555.149082653061,380.692340816327,302.224518367347,634.355101938776,419.844368367347,219.629858163265,112.489786734694,282.655610204082,407.148782653061,703.270636734694,446.633648979592,242.1726,643.081086734694,238.429193877551,761.63182244898,588.470568367347,340.354284693878,530.406219387755,280.214956122449,341.08837755102,386.250595918367,122.414458163265,208.176416326531,211.143366326531,446.382483673469,546.667442857143,513.322905102041,343.383012755102,482.954107142857,649.499325510204,520.875048979592,648.364145918368,454.046812346939,559.308444387755,507.761861326531,394.898194897959,383.510069387755,230.752826530612,598.247373469388,643.772186734694,330.956774489796,169.027803061225,178.782896938776,218.089026530612,271.025103061225,282.585703061225,375.734537755102,701.378571428572,703.870225510204,353.429157142857,278.890874489796,385.710353061225,498.514813265306,325.445352040816,295.430348979592,231.583795918367,96.7100559183674,252.659865306122,368.819566326531,537.147285714286,842.358034693878,749.381701020408,240.455309795918,269.375530612245,622.163073469388,451.044018367347,454.180825306122,424.43327755102,512.504018673469,571.664704081633,686.24018877551,228.017767346939,92.5112448979592,120.495886734694,539.460114285714,529.742310204082,393.355991836735,256.801301020408,202.678173469388,542.3184,412.867232653061,292.689271428571,504.094955102041,180.025504387755,319.057630612245,197.028270612245,171.66092122449,127.278682653061,314.954673469388,271.519389795918,672.569256122449,426.9129,532.736393877551,345.536364285714,436.639279591837,396.258310204082,406.622593877551,622.301804081633,369.538220408163,157.614059183673,229.544445918367,412.803480816326,327.78501122449,345.625435714286,429.921665306122,241.477274489796,380.668432653061,448.332620408163,280.480533673469,339.666428571429,457.273916326531,656.067642857143,519.965316326531,238.825724489796,250.263700510204,269.025728571429,412.998337755102,164.063345612245,638.947812244898,152.144234693878,135.535004897959,213.155004897959,406.547623469388,336.604585714286,340.785343877551,253.892475510204,600.169237755102,185.510025510204,221.283998979592,724.834124489796,456.115125510204,334.679389795918,393.732834693878,412.339667346939,175.711532653061,545.441290816327,904.871671428572,602.141724489796,522.104491836735,567.84372244898,530.564663265306,435.718653061225,489.834636734694,362.751914285714,533.553746122449,814.837934693878,545.376970408163,409.861062244898,737.719965306123,543.148473469388,426.035896938776,423.120789795918,462.822218367347,427.579626530612,514.412716326531,192.471986326531,563.968854081633,610.671776530612,616.5876,358.228701020408,641.870578571429,132.556560612245,294.287689795918,461.230382653061,247.168944897959,442.300563265306,529.634357142857,534.221687755102,408.789957142857,599.630137755102,451.108105510204,298.286163265306,143.589374489796,569.119729591837,699.711616326531,407.503035714286,304.331568367347,666.588080612245,431.320266326531,356.837798979592,617.277267346939,395.721831632653,213.702819693878,255.233660204082,189.301798979592,218.522384693878,349.733712244898,232.165268367347,131.278375306122,250.625241836735,463.804312244898,284.479004081633,301.78713877551,277.164258163265,299.671498979592,267.52620122449,309.05336122449,145.058907142857,734.284216326531,663.313794387755,532.446404081633,372.378667346939,460.192455102041,580.326145918367,228.947405102041,225.343098979592,549.21845,625.554232653061,388.347416326531,345.740586734694,271.103803061225,262.52901122449,332.59951122449,303.501534693878,248.336689795918,211.33328877551,292.682064285714,278.323136734694,496.364060204082,406.710245918367,215.147885714286,208.580321530612,423.840160102041,657.165507142857,656.297410204082,89.8421985714286,473.324790816327,521.400712244898,517.860377551021,956.779512244898,854.244993877551,955.313082653061,717.104394897959,467.407282653061,129.245865918367,217.895364081633,385.984053061224,612.439173469388,199.638451020408,422.102635714286,645.338585714286,794.232869387755,651.791680612245,640.272,365.604616326531,512.389581632653,671.764474489796,651.730297959184,381.254531632653,228.348285714286,345.360536734694,196.660031632653,377.890124489796,132.958781632653,238.758821428571,435.309665306122,342.872751020408,465.872882653061,277.479867346939,403.254683673469,415.325930612245,337.901484693878,330.888906734694,77.0519420408163,82.8907989795918,217.27942755102,94.2776924489796,353.110885714286,219.095660204082,317.729665306122,500.829893877551,140.877423469388,213.443686734694,333.118935714286,590.105429591837,698.173863265306,325.483228571429,276.08217755102,308.457484693878,310.038668367347,799.239602040816,711.771151020408,781.435992857143,166.679456122449,450.431098979592,301.771673469388,225.256726530612,338.924860204082,506.92736122449,518.644479591837,406.00451122449,676.009840204082,666.205942857143,546.004368367347,501.953819387755,208.647389795918,423.751705102041,531.724596938776,337.857635714286,340.734210204082,305.77032244898,324.169429591837,130.719906122449,107.937781632653,317.487635714286,257.390045918367,266.793997346939,95.1808593877551,479.262065306123,498.251440816327,291.604173469388,646.399956122449,276.47292244898,324.125852040816,428.833523469388,316.893367346939,423.201833673469,382.261424489796,408.396779591837,311.416198979592,1001.56850816327,461.444944897959,623.522960204082,432.779807142857,375.094281938776,439.200953061224,548.381724489796,403.493173469388,503.633764285714,194.511628367347,197.783516326531,304.137457142857,816.573748979592,462.295567346939,425.910897959184,341.106291632653,648.366260204082,621.400428571429,362.088251020408,310.890598979592,582.763512244898,335.108610204082,471.603952040816,748.95137755102,594.84673367347,567.502710204082,413.122730612245,445.363451020408,330.012026530612,592.096701020408,591.244196938776,512.758354081633,356.020945918367,874.026607142857,278.150763265306,646.867105102041,459.648309183674,190.811178979592,298.361466428571,416.675069387755,636.096997959184,582.585798979592,344.862309591837,310.351181428571,224.757516326531,529.09763877551,139.473112244898,236.283560102041,235.309489795918,788.474526530612,487.867212244898,913.138073469388,573.591163265306,757.048519387755,1095.94167040816,527.806935714286,698.036548979592,322.267716938776,523.289191836735,221.692425306122,372.043376530612,304.025114285714,541.113467346939,553.589156122449,418.815796326531,390.748769387755,747.432758163265,448.255993877551,476.401767346939,307.879973469388,444.70187244898,521.702924489796,609.877233673469,469.881871428571,350.352221122449,372.608721428571,252.834348979592,429.767006122449,343.979368367347,177.742908571429,607.654805102041,475.054585714286,360.077851020408,209.390047959184,361.937584693878,635.283618367347,443.370740816327,306.735759183674,692.91753877551,518.550396938776,574.521502040816,651.440955102041,459.04002755102,893.406362346939,315.574124489796,211.84476477551,364.992912244898,86.0008025510204,943.544453061225,347.385705102041,589.960803061225,694.041469387755,778.995071428571,520.900391836735,653.114216326531,575.394458163265,396.383802040816,309.510829591837,437.476678571429,174.624165306122,230.396621428571,271.002045510204,284.582781632653,256.013107959184,582.731851020408,396.848403061225,596.046142857143,388.163128571429,655.922533673469,408.020819795918,491.026724489796,356.955848979592,517.778824489796,393.959547959184,434.08791122449,353.81042244898,463.895201020408,469.437084693878,261.112,273.652879591837,341.357490816327,440.405852040816,114.459367346939,123.677823469388,83.1366657142857,190.191932653061,266.509735714286,449.300662244898,641.604664285714,311.04097755102,327.74775,449.818026530612,218.932530612245,265.580484693878,285.792194897959,494.645145918367,504.57553877551,510.674891836735,352.155647959184,384.949470408163,452.170809183673,414.291430612245,760.077795918367,342.398478571429,478.742939795918,529.492091836735,261.097380612245,242.67486122449,296.574082653061,461.651946938776,483.56006122449,395.057155102041,434.317006020408,480.103127551021,541.605597959184,610.552184693878,503.111302040816,548.335198979592,363.842647346939,140.616563061224,164.285369795918,219.550426938776,298.498001020408,408.123713265306,133.952445918367,282.335970408163,232.596094897959,806.591317346939,480.272983673469,252.971501020408,379.491123469388,231.964833673469,172.687836122449,350.90337755102,598.15892755102,515.223636734694,691.926546938776,519.316279591837,527.921763265306,155.852130612245,528.816052040816,400.977640816327,452.859567346939,543.417757142857,574.752452040816,403.631619387755,228.462423469388,427.037448979592,326.818498979592,211.627247959184,841.980863265306,969.741960204082,579.097628571429,485.270643877551,213.047944897959,132.640158367347,311.136755102041,147.482584081633,273.334602653061,175.404697959184,168.644303673469,249.04327244898,693.215181632653,413.447331632653,417.635685714286,490.899916326531,538.602533673469,334.962897959184,370.815724489796,338.52772755102,133.90563122449,327.314793877551,238.355926734694,217.936899387755,143.047201020408,177.92132122449,334.368665306122,374.484276530612,405.551163265306,732.791695918367,706.72937244898,519.077429591837,678.74768367347,473.570916326531,417.618541836735,435.413990816327,462.903494897959,304.472031632653,184.267440816327,319.379714285714,437.663423469388,199.178414285714,568.008005102041,789.05912244898,553.429363265306,195.488909183674,444.139395918367,508.332676530612,307.087882653061,491.32008877551,183.878889795918,380.190242857143,373.154717346939,341.352492857143,244.188023469388,202.862721428571,252.339180612245,445.287709183674,254.496018367347,89.0670869387755,200.179026530612,145.95452122449,385.471051020408,461.509718367347,879.522018469388,642.875052040816,675.082519387755,259.830019387755,134.273883673469,145.383036734694,460.065925510204,383.984836734694,314.955894897959,649.903094897959,291.254217346939,199.86776122449,339.79655,326.690982653061,395.324243877551,547.282343877551,498.543751020408,864.541980612245,695.966220408163,601.575062244898,900.420635714286,1181.46807959184,973.029431632653,629.992906122449,496.062986734694,651.791124489796,174.667380408163,141.822951020408,305.533558163265,489.591859183674,462.885070408163,399.041607142857,458.028728571429,395.325775510204,603.913175510204,931.290253061225,685.267751020408,679.071406020408,760.786483673469,606.435517346939,180.675198571429,282.210642857143,241.690755102041,221.609439795918,206.039860816327,403.432576530612,555.862320408163,903.972837755102,354.592455102041,688.535417346939,363.299384693878,351.57997244898,529.510130612245,330.429289795918,264.706433673469,319.270214285714,188.780259183673,189.514032653061,189.392983673469,242.436847959184,308.749997959184,371.280041836735,634.707240816326,348.201646938776,238.163527959184,158.22968755102,180.932082653061,225.679656122449,353.606929591837,627.763134591837,942.315539285714,234.688684693878,291.590257142857,141.583467346939,403.441646938776,484.433105102041,590.508705102041,403.709010204082,313.120166326531,308.791631632653,303.389609183674,647.788643877551,582.269410204082,826.615341836735,495.441857142857,144.454991836735,205.589535714286,414.040159183673,276.13469755102,307.651331020408,576.152545918367,292.359070408163,483.974876530612,280.846658163265,420.744409183673,766.534910204082,482.362963265306,381.757854081633,286.78360755102,745.176916326531,550.508303061225,566.344951020408,134.695980408163,476.846130612245,364.237356122449,295.760835714286,352.71797244898,468.773741836735,392.416592857143,295.751370408163,198.813636734694,330.165325918367,433.302631632653,312.474036734694,273.72832244898,316.399333673469,366.444267346939,496.596006122449,273.790467346939,432.067881632653,729.633207142857,373.417915306122,266.811068367347,197.036485714286,1557.40755816327,850.751145918367,501.658305102041,550.95263877551,617.385820408163,577.929589795918,382.16793877551,527.203367346939,318.396683673469,353.378863265306,373.707355102041,509.592402040816,573.623612244898,871.577043877551,743.314693877551,653.266924489796,749.087445918368,350.347728061224,419.896442857143,267.983984693878,402.169884693878,558.83473877551,244.41601122449,216.515652244898,458.426367040816,757.431742857143,547.817113265306,542.507113265306,429.499289795918,317.690690816327,340.164232653061,323.447217346939,553.900265306123,516.497237755102,267.643568367347,914.334551020408,381.831931632653,412.444423469388,483.0046,320.220371428571,444.967518367347,239.894944897959,312.50855,363.155295918367,337.091093877551,351.923012244898,336.519793877551,439.176055102041,172.697229387755,171.156166734694,316.861080612245,365.31775,811.043390816327,207.327356122449,107.540253877551,73.5958921428571,87.8347912244898,398.195350204082,158.168891836735,614.558409183674,210.352017346939,141.360559183674,353.898591836735,161.68583,634.445033673469,768.496935714286,761.434180612245,379.409203061225,600.625868367347,592.847368367347,501.498270408163,509.526956122449,319.279248979592,474.349340816327,209.295995306122,270.384338571429,363.222357755102,578.566989795918,256.565851020408,172.608640816327,400.178704081633,395.216896938776,356.119293877551,746.125539795918,530.367280612245,606.04907755102,413.950047959184,445.792178571429,173.106856122449,361.746040816327,389.255059183674,462.194741836735,380.872436938776,371.200844897959,275.521187755102,273.083537755102,212.988386938776,690.32668877551,433.894804081633,612.266830612245,257.96892755102,317.892598979592,653.900382653061,442.182567346939,678.425769387755,364.069574489796,269.989387755102,295.789786326531,425.193394897959,265.946228163265,209.549444897959,175.630083265306,294.611215816327,596.62074244898,221.34037244898,126.07387244898,488.383848979592,353.491630816327,331.44152244898,417.45717244898,248.245000408163,401.622403061225,272.339217346939,205.019028571429,264.111775510204,309.672246938776,283.842043877551,572.251465306123,215.586963265306,144.186623469388,272.094698979592,787.690056122449,303.091766938776,270.846867346939,415.650844897959,277.475251020408,352.836417346939,514.302610204082,347.666989795918,430.78946122449,653.868306122449,334.620528571429,226.367428571429,273.724032653061,383.321694387755,501.333098979592,298.434323469388,259.129057142857,370.977434693878,561.769858163265,499.237702040816,536.309837755102,343.823982653061,315.735158163265,258.373508163265,233.397109183674,383.973090816327,482.242591836735,281.187562244898,815.303954081633,466.962944897959,503.287109183674,497.997741836735,256.451697959184,86.6745159183673,154.140201020408,230.98571122449,131.877279183673,199.360472040816,173.388301020408,559.396962244898,730.607023469388,501.06427755102,321.542158163265,78.5444653061224,197.326069387755,290.419167346939,310.58287755102,84.513957755102,162.697654081633,85.8634828571429,371.332029591837,255.661142857143,213.58322755102,159.781470408163,478.326355102041,354.281692857143,555.63448367347,402.137547959184,278.02283877551,242.884226122449,488.69592244898,640.8423,295.799662244898,219.713352040816,299.259684693878,366.352016326531,364.834366326531,395.212266326531,442.650937755102,559.699495714286,994.230460204082,377.357795918367,595.730443877551,383.964603061225,627.911606122449,1135.24298571429,618.155669387755,400.474741836735,621.624795918367,631.157942040816,612.403876938776,445.574804081633,639.333084693878,271.686476530612,722.501269387755,343.258507142857,376.480857142857,429.476107142857,513.084868367347,591.868373469388,283.326273469388,325.043407142857,313.786693877551,959.821640816327,558.227689795918,530.853580612245,749.794276530612,293.995765714286,550.097593877551,511.830171428572,644.866182653061,343.088943877551,568.357744897959,472.956301020408,578.088868367347,353.84792755102,262.663713469388,321.083552040816,466.201353061224,530.789767346939,245.683194897959,461.354723469388,400.605345918367,456.682855102041,588.734821428571,315.021878571429,340.365847959184,603.064609183673,506.950284693878,298.213366326531,651.905697959184,459.103371428572,602.86362244898,516.236439795918,353.548344897959,418.42991122449,242.869198979592,241.866741836735,193.418366326531,784.044984693878,900.132237755102,604.968081632653,342.937185714286,321.27507755102,438.628232653061,375.026362244898,607.837276530612,312.38776,249.026957857143,118.644005306122,191.574459489796,335.061952040816,637.688629591837,401.219174489796,770.987417346939,685.832587755102,930.247955102041,332.225330612245,441.634897959184,212.010982959184,159.503712244898,75.7076602040816,640.933520204082,313.695442857143,412.64142244898,579.04308877551,689.539804081633,326.784313265306,703.138709183673,402.535656122449,470.470348979592,89.6723569387755,446.861289795918,383.338045918367,448.024308163265,688.689054081633,584.073909183674,505.789626530612,272.602094897959,585.81158877551,579.863685714286,387.927909183674,591.989909183673,440.928884897959,316.973833673469,399.106430612245,288.316956122449,393.489079591837,400.940857142857,276.585708163265,273.326896938776,360.934028571429,398.481019387755,511.668518367347,345.608810204082,311.215933265306,482.470036734694,248.038670408163,242.65816122449,202.535543877551,270.894930612245,666.786917346939,578.884580612245,349.173413265306,422.983304081633,570.10101122449,432.287929591837,686.50877244898,449.213753061225,215.934313265306,438.436370408163,702.803791836735,701.282579591837,352.086315306123,336.64977244898,301.487117346939,273.858445918367,127.214198979592,393.199965306123,663.09532244898,377.468467346939,156.047475510204,197.83427244898,186.849482653061,666.390514285714,200.736605102041,279.720221632653,413.601367755102,589.082864285714,344.740059183674,656.806430612245,391.271200204082,149.103144897959,304.601640816327,759.990002040816,674.051247959184,434.708696938776,401.437075510204,172.094995918367,333.280784693878,249.703695714286,576.170587755102,507.684490816327,816.603610204082,172.11112244898,650.661903061225,216.71991122449,756.228275510204,497.94656122449,348.497560204082,499.523759183674,741.287582653061,380.228145918367,342.384485714286,365.111109183674,231.124128571429,580.902185306123,530.27492244898,430.793808163265,352.786360204082,667.997459183674,726.710644897959,950.524723469388,1016.55847142857,651.440252040816,425.244913265306,371.083443877551,412.480791836735,535.4901,442.09804622449,273.254518367347,805.674616326531,220.932972959184,648.770666326531,529.341537755102,906.926092857143,289.611526326531,640.073881632653,362.472401020408,480.105930612245,296.476843469388,586.780358163265,257.44073877551,326.317778571429,1191.4571122449,404.44292244898,433.60731122449,658.121915306123,303.998735714286,444.601026530612,569.471796938776,97.2341324489796,240.092930612245,134.049169387755,175.224562346939,219.314856122449,195.375825510204,352.089548979592,252.719831632653,216.829571428571,225.588432653061,317.76452244898,188.563841836735,348.798696938775,595.825993877551,195.921275510204,443.562826530612,261.695687142857,327.317231632653,274.375047959184,281.88011122449,333.527543877551,741.70566122449,613.897574489796,641.452377551021,625.561497959184,475.058974489796,500.579348979592,563.216509183673,544.813445918367,300.250759183673,161.725141836735,615.942284693878,152.343312244898,243.530912244898,571.175975510204,333.849794897959,291.90332755102,439.952084183674,811.698945918367,672.984912244898,368.192748979592,592.801323469388,615.886901020408,493.232651020408,516.174644897959,597.834386734694,707.231853061225,764.828145918367,462.11893877551,585.104198979592,647.898954081633,265.133397959184,691.110493877551,605.418197959184,595.448354081633,316.908390816327,423.411685714286,495.049787755102,432.356887755102,240.785724489796,205.150089795918,317.747915306122,267.846486734694,168.81772755102,444.595755102041,276.662584693878,228.832701632653,514.115895918367,720.468603061225,182.112202040816,336.068653061225,213.61307755102,347.883126530612,475.195121428571,87.6885173469388,171.56397755102,84.3904206122449,150.792794285714,332.735776530612,172.957293673469,212.774804081633,188.178540816327,425.384410510204,271.144033673469,475.755389795918,514.66613877551,362.314108163265,364.60392244898,520.151968367347,292.598462857143,839.745156122449,564.355229795918,384.655524489796,142.457478571429,557.802734693878,306.138451020408,551.100257142857,237.457403061224,547.57182755102,473.741405102041,376.262885714286,435.3994,158.898635918367,343.442535714286,337.444424489796,652.212953061224,607.162631632653,559.806144897959,159.343845510204,224.242455102041,424.339160204082,375.428470408163,665.944385714286,505.412737755102,260.838968367347,275.631682653061,1067.35668673469,547.002292857143,417.728883673469,586.934658163265,586.205871428572,377.975007142857,625.62158877551,323.231607142857,389.072045918367,383.468286632653,553.806059183674,502.195087755102,470.856858163265,250.583330612245,233.364430408163,331.937679591837,714.018674489796,399.743889795918,756.068725510204,410.036593877551,208.183734489796,367.817687755102,249.168491836735,557.433473469388,386.916610204082,337.612382653061,393.093416326531,429.322356122449,287.311427346939,180.842201020408,556.669366326531,378.100925510204,320.241286734694,371.111393877551,337.161803061225,319.952462244898,329.030069387755,336.346023469388,288.060053061225,331.669896938776,391.840568367347,741.222383673469,110.184962653061,814.149954081633,351.158669387755,581.898483673469,298.431671428571,173.489625510204,382.836979591837,477.635243877551,382.398028571429,283.579065306122,85.9875418367347,229.124045918367,827.599717346939,507.873057142857,262.931989795918,915.67923367347,669.510002040816,311.22117244898,456.937866326531,511.723554081633,429.485019387755,459.093741836735,250.879440816327,443.569097959184,84.48138,301.798818367347,447.705978571429,270.881212244898,246.036998979592,295.035730204082,356.241775510204,385.470744897959,488.717016326531,251.707659183674,528.803840816327,174.492923061224,256.824787755102,379.125947346939,219.605805306122,184.622484693878,250.999615510204,513.583392857143,378.287194897959,1044.70961632653,873.020706122449,797.073971428572,707.522374489796,448.916857142857,431.579792857143,265.204241836735,598.708617346939,340.066206122449,524.097354081633,227.649607142857,568.520764285714,306.386840816327,301.057089795918,307.170524489796,312.213013265306,497.082782653061,407.286637755102,376.70733877551,455.60245,732.130091836735,576.917545918367,593.055908163265,614.902297959184,209.414489795918,248.887316734694,457.750104081633,505.691107142857,263.811312857143,242.877695102041,103.964502040816,528.387520408163,287.32267244898,519.385320408163,376.028725510204,366.306047959184,494.290885714286,583.816221428571,146.56888755102,155.723323469388,224.205889795918,773.598206122449,902.357133673469,580.331229591837,742.933360918367,798.349939795918,297.580765306122,531.736284693878,327.576004081633,224.31308877551,307.955865306122,694.052525510204,753.366870408163,522.671817346939,162.376885714286,252.470989183674,247.62557755102,129.222959591837,707.480207959184,668.526020285714,178.098610204082,326.309660265306,340.620453265306,663.880118367347,701.03597755102,370.794647959184,574.425653061224,500.916979591837,369.749166530612,298.809902244898,401.18513877551,258.878160612245,352.544057142857,110.608978571429,443.021940816327,717.535270408163,456.914025714286,301.440587755102,327.736724489796,321.14068877551,211.408424489796,274.502782653061,186.872019591837,162.226609183673,262.785535918367,173.616551020408,501.865717346939,292.52738877551,228.792843877551,373.07598877551,364.078941836735,549.725915306122,701.072385714286,411.104219387755,232.399926530612,163.912340816327,401.028794897959,517.931102040816,445.448851020408,652.07841122449,239.447464285714,587.091620408163,647.979667346939,501.447773469388,381.358910204082,544.68376122449,367.351421428571,366.205169387755,323.176232653061,278.407848979592,338.803883673469,413.38427755102,405.220048979592,421.319942857143,460.633040816327,189.576815306122,179.518352040816,109.388123265306,243.203341836735,351.22462755102,394.18402755102,652.893344897959,637.544775510204,363.569335714286,265.049239795918,302.978766326531,137.499404795918,904.835279591837,655.870229591837,465.099763265306,186.373882653061,229.370717346939,217.072313265306,273.169032653061,142.81007244898,185.490705102041,144.735473265306,259.137456122449,253.063239795918,325.620189795918,587.803494897959,914.327315306123,415.501503061225,507.69107244898,561.936067346939,495.975305102041,577.300737755102,343.705210204082,208.348185918367,292.060129591837,273.31391122449,397.263018367347,349.656954081633,432.398610204082,395.044848979592,613.232485714286,740.218353061225,863.119784693878,1051.99877653061,660.896241836735,150.515574489796,565.231215306123,643.394990816327,684.97916122449,184.534146938776,426.457732653061,176.763595510204,191.056732653061,503.644082653061,366.69673877551,497.255741836735,300.134083673469,244.220054081633,506.367459183673,715.875336734694,308.40822755102,396.437006122449,413.285936734694,483.396474489796,229.905966326531,433.672197959184,315.375754081633,466.361244897959,464.780769387755,204.194341836735,204.679969387755,190.391437755102,188.259523469388,190.595485714286,131.021043877551,443.550102040816,347.321145918367,415.189648979592,318.833202040816,224.498516530612,494.106930612245,293.27403877551,332.468414285714,382.857414285714,686.308547959184,442.715983673469,508.411826530612,731.478270408163,528.368868367347,408.171981632653,237.433826530612,161.272313265306,190.968224489796,288.343690816327,564.370201020408,403.525281020408,534.243225510204,413.350534897959,467.344080122449,626.979203061225,364.285316326531,426.411196938776,304.023890816327,287.245921428571,247.574926530612,419.458456122449,294.351823469388,188.808547959184,323.599143877551,191.167242653061,400.223425510204,299.643887755102,678.046424489796,489.668793877551,415.745148979592,505.510610204082,316.073720408163,534.765416326531,353.62032244898,312.396117346939,273.307793877551,353.128445918367,468.592380612245,378.203259183673,605.880769387755,481.08802755102,667.420146938776,222.311307142857,565.277819387755,556.169657142857,253.994715306122,415.074003061225,388.112625510204,496.76831122449,377.803784693878,341.571378571429,107.52516122449,374.532867346939,394.275461632653,139.072038571429,286.92686122449,358.758017346939,236.419927959184,288.592829591837,236.705892857143,321.680181632653,220.947943877551,219.402639795918,207.651887755102,482.149283673469,509.650767346939,84.7797989795918,307.807808163265,302.929471428571,388.379323469388,185.964252040816,245.377153061225,308.815474489796,444.435780612245,123.760786326531,280.517167346939,418.849453061224,289.311863265306,402.462547346939,79.4227897959184,116.023187755102,148.682947959184,93.9899171428571,131.635390816327,145.495703061225,685.02838877551,147.916418367347,352.794513265306,760.215992857143,460.78307755102,486.583023469388,590.447978571429,265.146012244898,743.793827551021,404.719585306122,271.876391836735,246.931696122449,293.388843877551,397.4702,384.369265306122,480.882596938776,658.580452040816,527.17338877551,336.048915306122,169.964097959184,322.509204081633,194.872613673469,258.182172244898,258.312762040816,283.183329591837,151.223925510204,199.403025510204,134.110541836735,347.238792857143,758.250496938776,620.493537755102,227.740845102041,107.159470408163,635.867287755102,336.538389795918,306.008766326531,487.521602040816,271.057629591837,754.801384693878,665.231905102041,415.402540816327,292.443140816327,375.569874489796,358.831206122449,862.446865306123,267.778551734694,475.557730612245,320.425786734694,271.042579591837,325.789619387755,285.69498877551,677.18632244898,891.243096938776,633.897850102041,603.445651020408,815.36907755102,641.112130612245,467.899583673469,367.529963265306,142.147183673469,508.934571428572,318.073290816327,310.201673469388,590.300791836735,368.115343877551,111.503063265306,151.034243061225,223.709114081633,775.569942857143,425.525582653061,429.503787755102,284.515710204082,489.73642244898,665.759508163265,350.200606122449,432.199818367347,459.892691836735,459.006357142857,318.573534693878,341.77337755102,398.687067346939,477.890319387755,464.690705102041,987.628347959184,1178.18408979592,412.109523469388,647.455204081633,468.777296938776,607.744708163265,212.25756122449,160.237362244898,253.323964285714,265.346556122449,284.700886530612,342.747425510204,641.597212244898,232.958252040816,279.788140816327,542.971047959184,701.151833673469,305.047705102041,776.121824489796,610.782405102041,636.522848979592,327.05092244898,503.597112244898,238.473521428571,549.993884693878,494.812548979592,513.526504081633,502.450489795918,355.466466326531,603.59282244898,653.287408163265,251.738359183673,223.488786122449,447.204180612245,602.446840816327,507.973582653061,384.555565306123,562.723973469388,331.811410204082,167.4863,217.827206326531,103.274366530612,281.046026530612,689.01693877551,132.819106326531,163.534008469388,368.732951020408,767.838629591837,295.92661122449,360.069113265306,418.522916326531,322.726376530612,322.927594183673,399.782583673469,244.297953061225,259.357580408163,842.686733673469,531.259473469388,228.595717346939,302.212351020408,544.038194897959,111.116971020408,340.884094897959,380.268066326531,603.846513265306,495.451608163265,442.680275510204,417.428368367347,484.518758163265,516.442559183674,225.86752755102,480.841963265306,628.494640816327,371.795248979592,147.065771428571,609.011090816327,391.022187755102,565.929712244898,520.3356,347.581076530612,332.668730612245,136.67332877551,102.732057142857,147.655975714286,449.363719795918,464.337775510204,413.101525510204,285.496003061224,200.309082653061,291.775780816327,299.426121632653,336.425079591837,310.034034693878,290.261784693878,423.776294897959,357.443831632653,224.633660204082,121.222825102041,651.952787755102,571.468592857143,793.320916326531,436.017944897959,722.159609183674,497.725352040816,540.825077244898,554.52496122449,638.985657142857,412.097110204082,321.703319387755,427.669859183674,589.112308163265,996.739778571429,558.629547959184,603.620543877551,268.581044897959,326.234103061225,339.519266326531,179.525314285714,478.456325510204,342.859419387755,219.972139795918,527.97463877551,311.473555102041,447.034089795918,314.026687755102,292.443198979592,333.095032244898,257.277892244898,364.750606122449,563.004475510204,368.3008,596.240609183674,1218.07313469388,517.238987755102,420.468194897959,452.717381632653,528.769187755102,364.412026530612,364.910059183674,593.841262244898,753.550721428572,272.837491836735,139.831110204082,229.726788367347,147.678807142857,316.152315306122,90.2251524489796,298.093978571429,491.785668367347,394.420205102041,415.602857142857,361.257555102041,621.607215306122,537.758963265306,350.500622653061,395.514681632653,295.061241836735,284.244662244898,414.123710612245,220.782866326531,310.942526530612,412.4654,221.465936734694,453.359492857143,679.065276020408,855.654279081633,827.257005102041,308.499871428571,464.411,448.102789795918,241.107942857143,349.417316326531,187.572228367347,278.76363877551,427.882026530612,196.740151020408,354.765637755102,703.76003877551,284.485906122449,212.645434693878,292.854636734694,204.797776530612,126.157040816327,189.434779183673,177.16292505102,133.23094755102,121.586479183673,180.712336734694,252.088333673469,572.395482653061,268.697719387755,179.476878571429,332.942841836735,364.714578571429,448.545686734694,182.204469387755,465.992594897959,291.429737755102,450.982873469388,326.096897959184,531.077523469388,99.8438785714286,392.27548877551,750.446226530612,184.934969387755,121.589816938776,286.748266326531,456.074079591837,313.814412244898,622.394897959184,400.656017346939,541.945678571429,416.205729591837,501.151790816327,335.019279591837,401.95935,407.835982653061,292.642232653061,359.580051020408,400.610204081633,648.989508265306,495.745518367347,1239.82789081633,743.751784693878,318.897213265306,267.719170408163,401.383701020408,553.562651020408,306.682637755102,367.960366326531,266.989690816327,198.589385714286,359.860351020408,474.602528571429,540.406837755102,375.95715,394.041165306122,413.068230816327,777.51858877551,432.527630612245,256.064475510204,698.7414,615.562918367347,465.353018367347,591.380452040816,573.560520408163,390.947791836735,609.311746938776,330.950079591837,272.491447959184,148.157251836735,280.908005102041,458.491295918367,340.262104081633,264.363360204082,715.792423469388,445.55968877551,483.175247959184,466.543462244898,510.131068367347,670.599801020408,501.487294897959,548.937859183673,165.746079591837,364.96116122449,670.017152040816,598.664665306123,374.037030612245,431.461179591837,88.7699785714286,229.663094897959,298.834181632653,321.103383673469,450.311233673469,514.274457142857,559.158217346939,280.532690816327,457.035010204082,532.047534693878,320.831882653061,1060.33081326531,681.788783673469,422.05893877551,270.244374489796,550.773801020408,313.993125510204,325.965140816327,342.549162244898,206.105959183673,282.605871428571,381.409829591837,411.904679591837,536.092766326531,211.761587755102,259.893175510204,252.715158163265,517.017806122449,395.407418367347,408.935120408163,359.278803061224,627.850919387755,431.278612244898,298.671713265306,845.032101020408,349.581058163265,72.8559073469388,120.785003061225,489.755553061225,457.982633673469,530.16025,662.124243877551,555.162276530612,482.139049795918,496.726035306122,504.718548979592,488.376087755102,395.008406122449,256.465807142857,707.386383673469,948.041666326531,389.720633673469,850.398872653061,375.742558163265,532.000503061224,347.939717346939,220.821431632653,714.60451122449,399.644446938776,470.871735408163,812.02082755102,770.223631836735,759.185055102041,420.726969387755,398.834007142857,641.57097244898,367.763344897959,131.288243877551,445.323043877551,241.392995918367,670.477020408163,319.4568,455.082171428571,283.613445918367,694.75671122449,94.9268955102041,294.877102040816,400.962282653061,361.517795918367,467.13976122449,356.145653061225,123.980784693878,418.353634693878,312.507508163265,474.001390816327,833.92393877551,471.2275,247.387876530612,619.154004081633,518.611534693878,468.503248979592,437.533273469388,473.219823469388,266.034135714286,311.859375510204,286.993878571429,719.102437755102,465.548873469388,819.322863265306,238.799914285714,392.805794897959,520.494287755102,340.802171428571,412.297359183674,475.543840816327,566.22607244898,407.66021122449,689.982510204082,549.701342857143,260.092584693878,380.782299183674,394.394244693878,229.047507142857,528.587258163265,395.94176122449,300.454698877551,265.111343877551,387.318254081633,319.684419387755,159.454015612245,783.371105102041,409.246316326531,444.485041836735,539.889815306123,316.800981632653,424.866866326531,272.058873469388,342.975482653061,303.865410204082,502.257378571429,555.374317346939,626.52587755102,158.93023877551,507.302435714286,560.463682653061,491.772497959184,562.418412244898,205.964682653061,340.238643877551,191.986425306122,389.3826,443.168924489796,323.972628571429,652.884429693878,257.88754122449,237.769587755102,293.036203061225,407.464518367347,231.999303061225,294.72437,494.260593877551,386.267968367347,248.781168367347,249.054861428571,424.50185,359.112271428571,406.365162244898,454.611023469388,901.459192857143,720.371924489796,357.610176530612,335.243596938776,281.799479591837,643.066613265306,795.251621428572,617.754190816327,465.733979591837,719.844975510204,547.411421428572,468.04311122449,269.876464693878,345.310015306123,724.14928877551,323.719182653061,476.098008163265,678.248842857143,824.654990816327,724.103515306123,823.971356122449,599.891140816327,1111.45671020408,260.89906122449,256.080407142857,485.796580612245,143.42433877551,842.949782653061,441.970057142857,436.773815306122,530.911284693878,433.62077755102,400.611811530612,251.263304081633,71.3739908163265,265.972743877551,214.2001,166.654592857143,279.272971428571,210.676426530612,488.580031632653,577.153960204082,422.882073469388,572.932609183674,398.477824489796,836.057136734694,551.654367346939,284.757863265306,257.8215,567.069694897959,829.976624489796,278.959762244898,424.238798979592,673.970495918367,337.478886734694,262.025809183673,397.825535714286,649.216528877551,594.142165102041,517.217339795918,212.349755714286,333.548086632653,327.77465,228.894282346939,557.453185714286,426.974542857143,369.032223877551,835.155118367347,491.684886734694,325.430734693878,337.78612244898,343.442606122449,480.832257142857,421.943548979592,553.55438877551,590.93761122449,782.771508163265,447.300783673469,775.065708163265,525.805920408163,585.146835306123,531.066466938776,717.812294795918,303.252861122449,345.095453673469,252.343988673469,155.346856836735,137.435534693878,197.875041020408,343.896263265306,322.344315306122,346.152755306122,375.909009183673,464.020174489796,235.110945918367,214.517608163265,578.9656,96.3894540816327,375.230629591837,463.903265306123,631.049565306123,1014.41194489796,461.554160204082,551.633429591837,434.18507755102,343.972724489796,334.327608163265,673.332674489796,267.95002244898,264.421468367347,319.640145918367,296.836225510204,93.8179618367347,340.375236734694,106.990208163265,103.770967959184,156.895313265306,167.780402040816,707.159398979592,599.022954591837,278.387642857143,401.903913265306,652.065739795918,181.697862244898,457.554766326531,662.289693877551,519.019952040816,308.520484693878,283.171661632653,370.24111122449,490.523891836735,573.347156122449,351.54242244898,381.644581632653,639.050507142857,472.106245918367,376.703779591837,543.280958163265,451.038166326531,452.859113265306,322.862533673469,418.635484693878,178.858540816327,302.96695,214.604837755102,330.637332653061,616.738190816327,380.863013265306,317.247277142857,282.35185,707.800952040816,698.685817346939,522.624823469388,383.158591081633,451.910265306122,593.800764285714,179.520919591837,200.842021020408,285.482770408163,484.931509183673,591.791820408163,227.859831836735,714.485614285714,432.929351020408,402.101468367347,324.240225510204,341.803348979592,457.737815306123,678.724553061224,423.636001020408,468.041936734694,496.987005102041,393.664151020408,530.161248979592,286.171780612245,447.016884693878,326.922439795918,267.729753061225,424.745386734694,346.68372244898,263.936135714286,310.976791836735,401.788418367347,354.84657244898,435.275158163265,344.302553061225,400.716109183673,426.742652040816,251.342592857143,304.888398979592,276.796553061225,653.354032653061,712.551183673469,503.16802244898,606.01833877551,461.966587755102,371.066921428571,90.8755408163265,234.021083673469,729.404519387755,578.273266326531,565.929463265306,218.706810408163,457.539184693878,1144.53605510204,617.446125510204,634.400080612245,278.565808163265,447.735767346939,685.226368367347,236.939063979592,637.369440816327,470.623374489796,279.008613265306,205.43177755102,598.760230612245,519.874695918367,358.557346836735,384.16041122449,589.158420408163,892.928131632653,957.048842857143,544.313208163265,495.841978163265,215.371328571429,244.195740510204,157.585671122449,185.080557142857,196.10117244898,328.307726938776,109.965178163265,141.664152040816,131.708981632653,418.164926530612,358.652645918367,303.967984693878,344.811897959184,218.820201020408,281.770724489796,310.288733673469,490.937686734694,546.217528571429,279.466294897959,900.301652040816,539.741940816327,212.362448979592,151.663946938776,408.040025510204,118.304643877551,236.184265714286,798.00677755102,200.676323469388,530.954189795918,355.569030612245,473.956052040816,231.70972244898,893.597418367347,875.382141836735,661.346855102041,805.253464285714,793.960187755102,785.82358367347,418.937828571429,338.713170408163,384.569241836735,383.246631632653,516.878644897959,324.916723469388,223.764918367347,549.227791836735,657.241345918367,698.804029591837,622.601904081633,1135.67381428571,835.007715306123,728.422823469388,679.214260204082,971.419042857143,350.187084693878,311.270995918367,72.5426653061225,522.319094897959,222.667564285714,136.94821877551,313.442544897959,327.688967346939,427.536984693878,242.079839795918,635.80802244898,416.78343877551,664.466105102041,415.764690816327,327.476793673469,381.992541836735,259.842939795918,482.471160204082,320.584769387755,746.487147959184,357.075195918367,441.618184693878,315.04505,885.643798979592,662.490918367347,404.481901020408,210.524907142857,422.912728571429,201.890639183673,244.977809183674,236.089891836735,315.946391836735,315.007546938776,597.45207755102,285.096614693878,493.112141836735,358.320381632653,258.904308163265,441.574220408163,424.309174489796,330.124594897959,74.7829748979592,378.156740816327,92.382377755102,579.86498367347,157.529202653061,619.751237755102,266.210126530612,295.770919387755,650.312562244898,319.667328571429,400.693975510204,196.594730612245,324.824406734694,206.353031632653,583.770530612245,499.71672755102,453.531028571429,385.272983673469,401.548692857143,141.133843877551,256.873780612245,290.101146938776,472.891652040816,495.455687755102,438.323808163265,680.746268367347,303.025346938776,395.85351122449,813.558234693878,633.793889795918,720.928344897959,342.355998979592,662.185452040816,450.214691836735,430.767229591837,219.828238979592,472.586229591837,450.349032653061,556.861382653061,271.887974489796,241.466374489796,603.335033673469,480.020702040816,242.253217959184,355.711040816327,409.513339795918,206.836439795918,281.478618367347,248.860712244898,240.992769387755,306.050082653061,357.956486122449,229.004904693878,716.476189795918,480.222015306122,484.165096938775,513.349846938775,314.374604897959,651.577517346939,558.999902040816,264.355183673469,622.283506122449,219.517568367347,445.068207142857,483.615784693878,322.458205102041,532.943495918367,400.5157,213.751557142857,207.348883673469,225.399124489796,265.743868367347,333.720625510204,405.914707142857,364.834046938776,564.778143877551,265.432714285714,250.835569387755,303.326120408163,560.62156122449,704.193147959184,354.575239795918,207.804404081633,124.794920408163,205.024832653061,595.738924489796,999.478204081633,646.344713265306,699.850205102041,557.277354081633,693.775321428572,492.436568367347,364.515447959184,233.844946938776,489.17768877551,529.593832653061,340.399484693878,268.337269387755,496.802501020408,242.254068367347,357.359890816327,517.514003061225,780.390316326531,482.654206836735,285.459314285714,429.419412244898,416.589021428571,538.773792857143,429.30453877551,703.938108163265,762.506997959184,496.344480612245,272.808933673469,336.080056122449,469.97468877551,405.822351020408,573.433171428572,576.188408163265,1025.56893979592,414.291097959184,551.768465306122,292.373324489796,571.920592857143,758.750526530612,449.945218367347,419.778336734694,177.427571428571,388.514215306122,406.842895918367,294.496697959184,294.2034,297.776046938775,441.354230612245,284.448405102041,506.357798979592,478.923619387755,267.019839795918,542.855082653061,368.402300816327,340.912280612245,510.653814285714,646.031148979592,483.863709183674,511.218730612245,405.737046938776,442.51897755102,487.175671428571,484.967520408163,196.802684693878,310.58103877551,658.5819,710.270940816327,370.097618469388,428.412121428571,285.970717346939,94.5094970408163,638.525981632653,314.412047959184,248.200895918367,247.153659183673,376.184648979592,654.500856122449,165.770823061224,321.560603061225,421.360264285714,539.051105102041,651.087153061225,832.073731632653,389.502107142857,271.624129591837,940.372781632653,474.723182653061,371.672140102041,455.523994897959,495.887413265306,344.622071428571,279.794985714286,275.703614285714,748.357907142857,138.675955714286,270.277803061225,251.581752040816,176.435159387755,207.210931632653,299.573332653061,294.458136734694,104.284732244898,232.957125510204,389.643019387755,386.184248979592,355.02211122449,419.600944897959,302.484507040816,271.397569387755,722.46182755102,562.313810204082,451.760808163265,713.280613265306,420.860482653061,444.319981632653,295.364927346939,417.347255102041,923.364903061225,151.510485918367,561.097631632653,607.39912244898,383.977484693878,375.317612244898,593.040345918367,516.133674489796,393.091292857143,673.564909183674,97.142752244898,597.066096938776,439.08621122449,277.960405102041,160.535139795918,331.305275510204,653.497890816327,663.724994897959,709.635579591837,789.993827551021,335.050848979592,300.764905102041,348.823582653061,745.39822755102,233.163976326531,443.597179591837,425.742448979592,506.318875510204,480.638025510204,318.117891836735,265.674654081633,376.140314693878,521.441831836735,448.768610204082,476.681334693878,433.996036734694,284.203784693878,277.194744897959,302.729742857143,365.567605102041,751.409690816327,397.647429591837,211.290905102041,349.554028571429,218.108126938776,199.37978877551,312.742533673469,227.559570408163,347.945870408163,374.629866326531,324.164179591837,428.456698979592,494.808139081633,472.298268367347,287.795828571429,405.996228367347,288.121108163265,94.4001348979592,629.953310204082,235.078224489796,372.385755102041,334.625047959184,366.560913265306,214.700436734694,288.877746938776,208.382769387755,261.615616326531,497.318401020408,638.65157244898,444.397640816326,440.133821428571,784.986820408163,638.693824489796,298.621236938775,672.293391836735,369.988055102041,368.331865306122,798.037784693878,289.578856122449,280.024608163265,359.114013265306,460.520394897959,604.930792857143,694.217679387755,700.422769387755,541.964280612245,527.098721428572,377.575431632653,315.149809183673,199.937378571429,440.083414285714,191.513134285714,160.271595918367,307.951207142857,244.433055102041,354.390878571429,226.633548979592,439.335565306123,170.44316,199.201362244898,360.333721428571,408.30423877551,196.536064081633,389.201735714286,380.862568367347,300.76522244898,266.964358163265,218.005845918367,245.735854081633,336.458514285714,377.033760204082,426.075736734694,426.303536734694,186.347592857143,750.352562244898,489.113578571429,446.780334693878,380.012532653061,195.884237755102,312.526102040816,226.352397959184,111.956804081633,272.462379591837,264.724718367347,420.072337755102,126.480068367347,158.979273469388,333.583614285714,405.629946938776,470.250189285714,324.086938979592,272.118648979592,117.274950204082,170.587605102041,621.159053061224,465.661133673469,243.567625510204,377.235957142857,542.25021122449,460.771873469388,385.56592755102,554.318715306122,350.999174489796,487.788376530612,300.639366938776,881.430898979592,1003.03022346939,633.277447959184,615.815604081633,147.078403061224,141.013333163265,234.771943877551,485.306360204082,232.856725510204,334.768997959184,150.004533673469,180.538605102041,313.176329591837,493.33992244898,595.424989795918,380.63141122449,342.450746938776,239.452210204082,350.567534693878,728.265421428571,392.70425,437.662248163265,290.493086734694,338.678192857143,288.567966326531,99.9468204081633,240.824686122449,298.28449755102,456.603163265306,341.320856122449,737.926431632653,862.148457142857,775.166008163265,457.748528571429,260.890459183673,504.493021428572,430.662553061225,340.658468367347,263.999947959184,490.943756122449,232.548640816327,542.237818367347,247.284212142857,322.545502244898,444.244776530612,318.160843877551,366.39168877551,424.614958163265,444.639624489796,263.130478571429,657.851153061225,251.067101020408,566.533444897959,287.955688367347,465.998066326531,589.233337755102,308.038882653061,552.037312244898,464.982764285714,566.005367346939,525.010308163265,856.318516326531,270.68936122449,531.732196938776,426.429096938776,319.5087,362.259927959184,402.24075,419.326761428571,320.732098979592,395.728049795918,669.035360204082,940.938585714286,827.5465,464.42305,288.624301020408,172.645884387755,513.613674489796,454.741426530612,659.719604081633,729.604048061225,599.09728744898,514.94032244898,567.333054081633,583.181731632653,526.079212244898,496.884893877551,208.520817959184,260.108512244898,513.186039387755,313.260558163265,318.658313265306,351.07223877551,469.462874489796,428.917552244898,627.95486122449,387.695684693878,339.618709183674,296.754875510204,332.394408163265,532.912621428571,570.657668367347,569.299535714286,293.030157142857,208.529479591837,332.106682653061,338.15907244898,531.746703061224,653.268176530612,564.491803061225,365.693209183674,242.98671122449,144.59381755102,299.903082653061,421.399441836735,207.147885714286,309.123128571429,354.939120408163,600.715828571429,122.072429795918,382.016237755102,450.268355102041,401.522369387755,678.330090816327,353.386201020408,236.870803061225,387.509002040816,357.919016326531,570.634826530612,434.423668367347,522.685105102041,357.503298979592,276.745279591837,581.933026530612,548.244453061224,374.152337755102,340.84338877551,180.024796428571,101.260023877551,417.744964285714,498.758435714286,448.446923469388,472.78202244898,389.791787755102,150.975416326531,269.630169387755,566.768448979592,352.21907755102,759.013886734694,333.282155102041,361.715704081633,200.111278571429,194.881469387755,499.578421428571,557.701658163265,425.520662244898,148.316728571429,207.247268367347,245.474507959184,499.464463265306,404.93148877551,194.161165306122,450.558801020408,536.047112244898,518.951743877551,414.734410204082,707.548804081633,237.872125102041,320.914344897959,352.347057142857,229.968848979592,232.61687244898,139.817655102041,474.872325510204,519.088175510204,608.891336734694,482.813935714286,868.818116326531,321.667448979592,229.338286734694,863.589392857143,238.776313265306,276.242291836735,217.053394897959,499.303444897959,292.791024693878,593.034185714286,212.589036734694,376.47812755102,1012.73145102041,505.853643877551,399.252975510204,195.386884693878,554.711319387755,404.298612755102,125.834653367347,434.979854081633,186.17217244898,227.4769,299.004643877551,622.810459183674,481.866685714286,464.708482653061,194.484244897959,143.808416938776,414.316268367347,162.05785,321.478196530612,561.97718877551,497.502785714286,430.968876530612,192.114434693878,478.719067346939,246.923997653061,362.021670408163,500.360659183674,384.051103061225,189.988079591837,358.643757142857,435.102096938776,504.98776122449,664.522510204082,551.942256122449,857.244396938776,809.076409183674,1009.79779081633,542.506883673469,524.098519387755,332.644716020408,490.438323469388,166.892218367347,140.633896326531,177.367887755102,97.8700744897959,572.216686122449,866.405497959184,663.326532653061,393.426776530612,582.662173469388,414.955034693878,363.54053877551,188.443880816327,491.67581255102,397.276751020408,705.453458163265,423.752459183674,262.060621428571,403.244487755102,298.410498979592,325.067516326531,462.687769387755,416.006890714286,388.375042857143,537.575840816327,358.404978571429,479.63985,746.232541836735,637.150918367347,540.300715306123,653.535525510204,806.464321428571,832.43095,692.72675,616.834843877551,297.790051020408,335.013023469388,498.307001020408,394.303566326531,283.444241836735,308.622445918367,350.257855102041,517.938964285714,521.298341836735,301.36007244898,319.066429591837,410.058728571429,357.099264285714,205.104016326531,273.642824489796,992.598570408163,962.422327551021,582.349692857143,598.042485714286,422.576256122449,487.41223877551,696.133429591837,310.341023469388,562.380529591837,340.128976530612,388.746774489796,396.568775510204,344.794944897959,280.921598367347,476.197029591837,638.023596938776,359.220328571429,569.999551020408,190.349105510204,312.788593877551,117.157062244898,279.201382653061,566.725452040816,347.417551020408,454.23635,424.149520408163,342.453408163265,261.90171877551,226.686307,211.085993877551,180.9673,223.793047959184,467.469093877551,670.124502040816,487.587903061224,616.569140816327,501.80811122449,284.085659081633,354.658115306122,497.641463265306,222.886805102041,331.150377857143,367.706984693878,341.278569387755,590.844968367347,613.442671867347,491.64612594898,591.398601020408,374.829689795918,553.478497959184,516.779573469388,545.189258163265,447.101360204082,189.164706122449,441.111316326531,282.866063061225,249.293308163265,287.316125510204,293.042733265306,307.36375,545.525526530612,323.557303061225,345.650628367347,436.428047959184,521.520646938776,449.483453061225,88.7281483673469,460.541469387755,386.544454081633,452.698083673469,288.270652040816,354.338019387755,221.962902040816,393.035080612245,622.289573469388,493.036719387755,284.056987755102,170.558301020408,455.268871428571,452.395943877551,315.33396122449,596.841213265306,508.355419387755,370.124686734694,417.219183673469,350.976747959184,315.311406122449,501.603462244898,124.447535714286,351.382783673469,464.009237755102,975.393032653061,658.135973469388,412.855208163265,188.566955102041,475.151290816327,479.16874255102,678.383051020408,419.213712244898,804.718644897959,266.825048979592,133.250201489796,268.970836734694,207.678442857143,192.032669387755,262.656202040816,367.249307142857,317.252789795918,284.271835714286,358.934714285714,403.641467346939,311.830196938776,132.707155102041,182.225680612245,399.822892857143,129.990002857143,136.796836530612,508.996019387755,422.167785714286,350.712225510204,420.278235714286,296.626932653061,746.187382653061,153.162961428571,571.844970408163,633.973075510204,354.713979489796,400.703885918367,937.752420408163,471.652724489796,487.308283673469,717.127012244898,491.010051020408,593.674866326531,197.50532877551,301.194529591837,473.759674489796,487.113539795918,146.150371428571,425.97926122449,396.185121428571,497.312856122449,372.816174489796,635.060934693878,530.018575510204,187.343352040816,191.16912755102,358.516291836735,371.22668877551,360.44699122449,435.922732367347,592.862541836735,682.249910408163,885.398142857143,262.833181632653,430.887012244898,586.326616326531,293.476246938775,174.075254591837,494.735318367347,421.807442857143,627.137163061225,795.30785,215.278660204082,183.210251020408,94.2803285714286,588.928241836735,487.186258163265,241.418773469388,291.511628571429,252.662273469388,210.945473469388,167.316580612245,506.028108163265,567.537152040816,494.700208163265,577.687069387755,318.305497755102,408.347584693878,316.453819795918,332.361736122449,464.323880612245,796.457835714286,1071.95951734694,453.881317346939,541.529906734694,229.262106326531,441.364852040816,279.290460204082,302.720828571429,266.872026530612,522.299180612245,676.428037755102,292.235083673469,315.481881632653,453.999748979592,242.873073469388,460.688824489796,497.025363265306,193.212507877551,229.759518571429,360.343596938776,582.42505,385.459631632653,479.038647959184,175.362291428571,187.910841428571,388.670256122449,463.159392346939,509.784564285714,468.976002959184,435.058717959184,402.123206326531,179.921432653061,484.534429591837,417.350280612245,274.509184693878,305.196540816327,192.76385,663.631618367347,179.220539795918,729.260254081633,319.532267142857,168.981903061224,256.325748163265,231.213211836735,297.796324081633,703.327305102041,377.978652040816,455.500520408163,152.174983673469,367.604525510204,468.831105102041,310.032426530612,422.022930612245,357.560535714286,298.100647959184,428.954223469388,744.126447142857,582.848797959184,509.864105102041,536.10403877551,168.284244897959,473.128673061225,719.647245918367,678.294947959184,793.660228571429,203.4673,304.352529591837,745.985025510204,579.703118367347,276.591021428571,520.607760204082,685.310856122449,499.528752040816,388.516504081633,403.655224489796,413.00846122449,410.56341122449,774.211193877551,468.207432653061,230.121760204082,230.420035714286,312.521844897959,238.17133877551,677.861640816327,1009.08929285714,686.862780612245,257.924024489796,448.394418367347,690.548783673469,265.4476,425.818694897959,211.931463265306,582.260794897959,550.160974489796,169.486011428571,319.253156122449,243.901784693878,218.203324489796,551.684206122449,483.133625612245,672.00663877551,554.465847959184,544.926175510204,590.453275510204,478.23237755102,405.484215306123,515.549170408163,328.939669387755,358.845535714286,310.278668367347,436.948134693878,354.250559183673,488.63320244898,250.233770408163,206.190240816327,523.07314122449,364.483507142857,387.826937755102,290.896536326531,152.826590204082,635.305218367347,360.534178571429,561.880444897959,367.855766326531,114.985173469388,255.26478877551,783.383585714286,661.803039795918,270.812753061225,444.117901020408,344.594396938776,399.845543877551,200.810792653061,395.141302040816,419.396271428571,409.014910204082,385.689526530612,353.056536734694,392.817821428572,356.398255102041,384.840267346939,625.212928040816,630.401025510204,527.172259183674,282.876135714286,219.845598163265,514.727483673469,269.55821122449,364.405278571429,492.880530612245,563.674339795919,490.157755102041,437.034828571429,573.737390816327,625.520263265306,497.294376530612,579.408420408163,558.514080612245,788.762970408163,854.078452040817,892.056236734694,265.27516122449,613.782718367347,478.06225,631.553992755102,286.198456122449,507.156657142857,284.503875510204,725.617393877551,619.455006122449,1099.38092857143,570.007314285714,430.862270408163,414.839037755102,209.30892755102,137.460151020408,436.108426530612,142.518340204082,147.533778571429,395.132320408163,256.25165,458.467624489796,539.928714285714,611.324839795918,366.282424489796,283.704372857143,435.236352040816,396.868209183673,219.584443877551,273.323107142857,513.331865306122,383.607639795918,418.985269387755,113.674490816327,487.344794897959,368.115978571429,311.414762244898,444.648855102041,265.379879591837,302.866608163265,353.073356122449,273.263480612245,758.747744897959,1022.04034693878,550.829866326531,238.015160204082,298.368352040816,439.521159183673,339.809240816327,223.917762244898,283.245873469388,310.082297959184,523.991620408163,473.371666326531,287.180229591837,140.081687142857,221.449267346939,484.232892857143,433.532570408163,147.712045408163,438.047592857143,751.637642857143,943.558652040816,244.997752040816,265.019545918367,295.063638571429,172.134519387755,347.594320408163,320.914790816327,613.022093877551,353.406458163265,268.521258163265,425.321391836735,402.289413265306,578.806353061225,370.61385,179.614299387755,241.779350204082,780.631684693878,690.585032653061,91.2005342857143,637.521407142857,501.744865306123,427.374742857143,273.374470408163,194.329910204082,359.952847959184,134.699897142857,162.596547142857,309.788797959184,672.150473469388,366.722413265306,236.617894285714,693.184619387755,328.733257142857,556.328906530612,627.450328571429,472.311633673469,453.061068367347,339.261528571429,451.885602040816,313.433695918367,125.777489591837,238.357353061225,525.231995918367,330.277146938776,220.479367346939,724.167891836735,422.437424489796,393.732193877551,789.946440816327,768.612789795919,803.538110204082,336.272863265306,478.597663265306,398.337739795918,409.723946938776,806.590647959184,211.968617346939,726.602614285714,271.404467346939,541.24942244898,560.418768367347,598.414441836735,470.675483673469,184.747164081633,525.4926,548.493525510204,478.190689795918,418.334891836735,857.982752040816,382.350741836735,219.08996122449,360.457877285714,544.562327285714,272.672866326531,359.653258163265,310.868433673469,600.209810204082,374.104836734694,567.914436734694,425.564870408163,462.207004081633,284.419469387755,293.390455102041,463.181563265306,451.618029591837,463.84312755102,462.974967346939,674.891120408163,340.082510204082,813.728739795918,535.041016326531,650.731579591837,304.457837755102,473.201797959184,614.366830612245,312.717406530612,373.573719387755,356.474324489796,199.046664285714,426.539518367347,395.151562244898,343.907303571429,791.228391836735,337.04966122449,516.925179591837,495.894794897959,255.941545714286,237.518543877551,209.283367959184,213.889869306122,400.978263265306,456.581620408163,363.950180306122,244.015112244898,130.410175510204,282.676321428571,461.935117346939,373.067839795918,265.119633673469,276.228464285714,266.244209183673,301.359730612245,307.997043877551,332.550965306122,211.771530612245,392.375839795918,550.367990816327,321.051832653061,521.683245510204,424.310907755102,433.958192857143,222.121510204082,251.095660204082,461.393198979592,786.230257142857,720.624780612245,654.647826530612,694.679195612245,432.20343877551,471.689829591837,435.526615306122,174.745853061224,373.079685714286,394.598260204082,156.018079795918,200.819444897959,341.185886530612,980.974383673469,458.688003061225,666.019380510204,220.821558163265,200.320352040816,504.487732653061,659.466848979592,430.738318367347,439.603190102041,462.647827857143,454.770437755102,781.79275,730.504058163265,311.309673469388,399.57206122449,431.654030612245,773.996780612245,821.664446938776,307.985898979592,456.627825510204,678.827616326531,240.877973367347,559.539553673469,532.85766122449,377.851591836735,397.08071122449,501.642906122449,420.161217346939,279.103930612245,368.34912755102,217.341293877551,415.932039795918,278.677794897959,1275.79666020408,626.709887755102,228.855244897959,468.958565306123,599.984632653061,219.084012244898,437.254306122449,523.393005102041,234.857644897959,340.598144897959,599.624501020408,138.221467346939,305.815163265306,343.024816326531,347.913395918367,364.737320408163,255.390315306122,727.928184693878,589.92495877551,369.353073469388,326.157309183674,350.600669693878,652.890343877551,428.986721428571,127.623455714286,233.027456122449,315.138630612245,79.4410287755102,193.083315306122,581.622384693878,354.930951020408,231.648362244898,187.237292857143,420.50961122449,490.295066326531,208.667955102041,481.535428571429,408.129184693878,230.937806122449,227.526843877551,140.410032653061,79.764213877551,292.217765306122,515.560325510204,343.612987755102,364.395605102041,414.853001020408,655.103691836735,764.278452142857,356.209796938776,301.356580612245,132.599516122449,352.007707142857,159.085841020408,515.667859285714,649.628953469388,554.917082653061,330.793798979592,231.301818163265,482.881632653061,422.302921428571,315.368352040816,284.907601020408,377.72305,409.478079591837,457.850945918367,791.149516326531,618.304177551021,360.303783673469,189.987647959184,239.772959183673,718.067973469388,449.037992755102,273.510715306123,318.166316326531,348.485037755102,356.105312244898,740.976045918367,682.642237755102,434.334565306122,378.841821428571,159.342901020408,390.473504081633,339.300247959184,188.956744897959,575.337905102041,359.121651020408,426.236410204082,315.777270408163,325.596532653061,297.788286734694,248.557418367347,417.562342857143,400.482096938775,574.611602346939,314.799235102041,374.591579591837,206.393626530612,255.778908163265,198.560541020408,483.811609183674
21.1632653061225,456.586092857143,675.27469489796,587.213732653061,1003.94272653061,714.466143877552,333.350430612245,514.478247959184,387.579246938776,521.228977551021,857.197614285715,565.975366326531,318.155916326531,412.266627040817,380.977344897959,446.003895918368,527.566971428572,537.117340816327,746.845537755102,537.044506122449,342.241934693878,586.281213265306,311.159063265306,433.241618367347,499.122016326531,640.193863061224,532.229763061224,841.712163265306,328.954139795919,523.41507377551,334.495824489796,360.868512244898,186.595979591837,588.377346938776,811.967116326531,683.344179591837,593.46866122449,475.149854081633,487.18527244898,422.098676530612,431.572458163265,267.954604081633,180.657402040816,455.739004081633,492.654414285714,459.951586734694,880.00743367347,768.204024489796,877.063495918367,829.263662244898,425.532721428572,191.822028265306,364.419819387755,368.884580612245,323.84715,403.869958163265,467.841192857143,842.384708163265,761.094608163265,641.676607142857,740.399780612245,308.821570408164,297.559958163266,350.643360204082,354.13013877551,248.31686122449,447.779956122449,529.933091836735,591.640936734694,623.993718367347,364.379505102041,479.910967346939,214.548802040816,493.886716326531,646.110685714286,403.699841836735,366.452207142857,233.698163265306,475.236107142857,689.982271428571,284.560510204082,410.833166326531,324.693126530612,317.630141836735,442.777841836735,507.603319387755,321.76807755102,500.654946938776,366.575007142857,314.256582653061,943.082703061225,529.885754081633,383.462415918367,583.7352345,251.466424693878,379.416941836735,392.191527551021,367.396675102041,489.008053061225,334.663253061225,289.3174,375.443691836735,420.818291836735,694.703845918367,1011.59114387755,318.146076530612,330.357517346939,232.356530612245,968.802964285714,582.661818367347,509.479702040817,274.657027551021,277.305541836735,460.844937755102,663.455337755102,554.900823673469,619.959987755102,279.057659183674,161.456894897959,541.64087244898,496.947381632653,303.417937755102,301.764223469388,522.633848979592,318.913628571429,251.675455367347,190.069847959184,307.217423469388,325.794507142857,655.953494897959,495.169145918367,620.514963265306,746.539081632653,305.987533673469,185.982289693878,494.550152959184,306.275603061225,259.165601836735,603.649115306123,403.668329591837,507.626645918367,261.520992857143,286.488113265306,445.394629591837,313.746387142857,234.318787755102,273.806565306123,274.097265306122,286.390827551021,298.112904081633,891.248086734694,835.042095918368,1077.64308979592,568.079594285714,426.126852040816,313.678555102041,213.572941836735,417.401014285714,746.550594897959,783.387926326531,561.885395714286,584.84559,477.055697959184,320.612621428572,433.328677551021,551.914008163265,594.350945918367,548.558295918367,476.769352653061,637.975446938776,163.247863836735,362.143175510204,445.611558163265,451.260475510204,656.412873469388,751.823471428572,661.253652040816,201.381748979592,357.984465306123,227.980297959184,357.872312142857,413.371072346939,691.06093367347,647.021636734694,566.30708367347,726.662323469388,267.663507142857,369.451124489796,245.288690816327,190.761864285714,296.037941836735,263.035804897959,369.498889795919,536.684728571429,511.797046938776,350.825680612245,485.233318571429,317.635979591837,444.812050612245,270.735719387755,224.598520408163,285.044224081633,201.25337755102,440.35353877551,360.243070408163,554.712920408164,522.133653061225,888.210716326531,885.323406122449,276.181591836735,391.297647959184,459.151613265306,765.558451020408,780.358128571429,496.924457142857,313.484940408164,703.584116326531,378.53452244898,612.182421428572,352.898009183674,570.718058163265,493.198494081633,552.284939795918,928.242,667.293495918368,584.841685714286,457.567004081633,423.528132653061,491.199502040816,353.139116326531,412.984462244898,316.999523469388,457.989569387756,127.581179591837,370.391341836735,443.910429591837,326.615039795918,686.148776530612,602.06900877551,312.481609183673,609.470080612245,462.56607244898,432.69281122449,513.392898979592,816.58163367347,492.578281734694,481.854505102041,743.909530612245,300.09446122449,393.354813265306,424.908041122449,363.703668673469,429.726948979592,461.235848979592,236.341307142857,413.544863265306,582.675393877551,288.860514285714,712.51413367347,508.666033673469,492.380942857143,425.150567346939,372.942620408163,369.339551020408,748.462658571429,454.253018367347,263.151251020408,672.36087755102,641.638295918367,514.18197755102,791.654156122449,214.82040255102,375.621621428572,903.193598979592,627.136714285714,595.621839795919,488.214010204082,467.415335714286,402.579626530612,350.001760204082,761.05648367347,728.263598571428,824.978726122449,502.124075510204,551.894931632653,700.403930612245,461.890871428572,633.854165306123,726.805824877551,901.255367346939,527.299455102041,211.743834693878,356.22157755102,711.468971428572,386.36003877551,264.75435,153.941964285714,451.092397959184,841.720148979592,380.185691836735,203.396939795918,262.216998979592,615.513490816327,654.255153061225,750.93208877551,304.748859183674,333.269594183674,245.446909795919,302.23948877551,312.172817346939,236.052017346939,790.751087755102,316.039687959184,569.375128571429,346.758390816327,468.023194897959,552.109726530612,401.450870408163,561.908651020408,676.211497959184,366.201678571429,569.474717346939,665.954162244898,684.807224489796,615.784841836735,513.305807142857,577.74858877551,440.458347959184,921.949397755102,1050.42408346939,593.193764285714,341.7683,852.476818367347,677.125639387755,643.05333877551,399.400693877551,298.924285714286,240.699652040816,307.52507755102,196.82682622449,410.411597959184,396.20367755102,622.417847959184,551.53465,486.367758163265,698.537626530612,414.827666326531,474.998107142857,271.930386734694,499.441506122449,286.878162755102,405.978898979592,379.296386734694,192.384212040816,418.798260204082,519.246798163265,354.447274489796,389.180421428571,366.600284693878,442.020584693878,818.049001020408,892.748953061225,265.467408163265,201.395877551021,318.525178571429,523.723453061225,385.315217346939,511.987553061225,468.059608163265,509.91531122449,376.925759183674,507.738130612245,558.611679591837,650.993308163265,751.897028571429,336.055941836735,232.600991836735,325.69337244898,329.31672244898,367.146748979592,592.389624489796,268.338414285714,551.351886734694,345.727957142857,680.974520408163,683.381344693878,472.5632,760.917246938775,651.279723469388,820.40877877551,731.758532653061,423.487347959184,373.507093877551,272.163276530612,437.926792857143,345.950168367347,375.081348979592,481.494018979592,803.876219387755,626.115493877551,612.92988877551,553.936425510204,829.377968367347,362.011810204082,483.990558163266,750.535147959184,622.589347959184,284.631952040816,379.271559183674,693.959436734694,473.183047959184,390.700477551021,332.64791122449,329.762248979592,383.964759183674,517.512051020408,329.481746938776,407.390318367347,419.911262244898,457.972303163265,238.392716530612,476.06259,531.984775510204,771.759898979592,568.237158163265,519.210207142857,295.032185714286,314.552514285714,397.567756122449,743.690665306123,743.525404081633,746.783417346939,666.889734693878,215.751491836735,381.397134693878,558.619648979592,416.421196734694,233.487684693878,188.655784693878,971.117443877551,536.530273469388,369.321465306122,663.236876530613,716.235287755102,593.053067346939,487.353036734694,339.64617244898,277.204432653061,529.791165102041,437.432926122449,446.47201122449,557.897197959184,424.621470408164,260.920216326531,461.296575102041,357.796030612245,276.630760204082,573.822396938776,664.635497959184,633.352641836735,601.319991836735,707.730748979592,489.34487755102,548.737734693878,579.305440816327,712.869255102041,554.298634897959,528.258112244898,964.737804081633,693.742175510204,443.674775510204,506.657165306123,483.34547377551,756.890114285714,858.135181632653,465.55687244898,454.978317346939,408.427745918367,268.508381632653,180.523114285714,324.425758163266,383.388571428572,387.535132653062,325.437176530612,342.650452040817,435.182141938776,337.557540816327,408.337315306123,409.607590408163,633.137140408163,447.280685714286,592.130767346939,239.718537142857,466.413431632653,291.01178877551,549.206004081633,457.07704122449,622.109307142857,388.777454081633,523.535270408163,501.380855102041,449.907528571429,416.367189795918,397.460955102041,407.318439795918,286.8326,311.971004081633,615.204243877551,459.044734693878,297.456780612245,445.836835714286,389.970868367347,280.402843877551,274.270971428572,555.428557142857,536.046994897959,527.864912244898,779.636495918368,462.080736734694,573.013715306123,550.930640816327,888.142451020408,216.378264285714,441.800855102041,521.061423469388,388.308698061225,436.424880612245,186.198434693878,220.998237755102,617.508174489796,470.390260204082,508.645770408163,258.712343877551,420.364682653061,341.970632653062,353.110485714286,600.776241836735,428.887829591837,658.537798979592,457.484833673469,427.120418367347,194.869045918367,376.850284693878,295.606316326531,457.515717346939,534.000324489796,562.678977551021,802.836895918368,1056.85270510204,396.28665,317.934022551021,237.604425510204,290.835704081633,282.746303469388,326.412180612245,523.703278571429,1080.37917959184,553.496995918367,384.250898979592,182.953562755102,837.588216938776,222.412878571429,544.071652040817,325.063652346939,178.143674489796,171.995471428572,335.573795918367,146.501994897959,157.107473469388,435.509834693878,246.059101020408,290.340675510204,300.471501020408,314.641489183674,834.408380612245,442.642125510204,180.344989795918,374.668187755102,505.051170408163,1026.36887142857,940.138324489796,329.265067959184,457.116297959184,310.381158163265,775.983991836735,552.140340816327,197.632921428571,249.806689795918,330.385253061225,443.63875,406.711823469388,323.478403061225,333.705130612245,256.560256326531,534.963365306123,592.611684693878,355.802465510204,353.076030612245,1138.14300612245,691.083310204082,370.189485714286,695.109125510204,936.186941836735,914.475710204082,602.556757040816,295.024679591837,362.849688469388,367.527721428571,568.984121428571,630.340383673469,401.446171428571,357.411682653061,431.938128571429,402.765492857143,434.665156326531,554.469853061225,831.246579591837,576.031117346939,628.837676530612,725.402051020408,505.964416326531,574.807976530612,436.173378571429,499.494013265306,693.04477244898,726.917767346939,721.4995,312.397860204082,604.251032653061,577.621647959184,292.805435714286,323.185757142857,126.063489795918,611.607480612245,719.705558163266,162.284595918367,375.058765306123,156.02313877551,182.086751020408,171.207835714286,471.48588877551,391.351721428572,520.939242857143,588.977281632653,826.275817346939,807.646142857143,797.924292857143,429.593905102041,464.602592857143,523.04913367347,502.927434693878,514.447254081633,535.237489795918,464.813595918368,323.545613265306,597.895871428572,484.576326530612,268.674862244898,857.3292,822.487794897959,645.656810204082,539.927548979592,741.706757142857,459.449336428571,591.545102653062,404.256942857143,686.598129591837,750.17183877551,445.567356122449,771.446358163266,695.577926530612,230.250621428571,324.868043877551,680.048216326531,560.198663265306,550.483318367347,674.140887755102,562.7055,435.250070408163,435.266306122449,503.128866326531,365.721218367347,289.614448979592,403.40578877551,346.236058163266,210.577677551021,230.856146938776,290.633332653061,417.990140816327,441.693076122449,706.148213265306,818.905175510204,744.560594795919,461.122143877551,402.626863265306,648.554355102041,891.480885714286,326.65551122449,433.169357142857,730.959485102041,527.57988877551,172.630056734694,459.320447959184,933.659310204082,282.157924489796,563.29388877551,564.873384693878,605.277681632653,473.957454081633,739.102509183674,346.920486734694,301.813186734694,392.479754081633,356.491004081633,402.074492857143,355.234384693878,516.017569387755,708.372195918367,369.448382653061,772.880840816327,584.085720408163,398.955569387755,483.789443163266,1160.21200714286,436.666186734694,872.440726530612,440.3326,670.648139795919,583.127703061225,599.933134285715,445.905603061225,532.852278571429,613.966034693878,417.238686734694,726.64692244898,523.473063265306,499.859171428572,650.473198979592,474.276935714286,532.414919387755,668.900093877551,356.434464285715,464.738615306123,506.227764285715,286.704580612245,577.381623469388,564.163186734694,391.119770408163,545.926101020408,274.459978571429,298.172276530612,305.450544081633,337.853018367347,497.222636734694,583.502210204082,568.070017346939,437.744337755102,767.183255102041,335.147108163265,332.137697959184,484.687961530612,362.048796938776,420.923108163265,323.824669387755,293.891910204082,655.101993877551,713.009414285714,232.480743877551,652.731635714286,529.892982653061,402.150124489796,1015.83599612245,407.646994897959,585.553639795919,496.009322959184,486.047909183674,359.052317346939,541.298359183674,576.025053061225,521.183251020408,473.399898979592,314.067691836735,443.985389795919,375.681653061225,149.480971428572,205.437258163265,124.039732653061,332.972392857143,359.550376530612,496.609012244898,446.875070408163,455.211352040816,306.591566326531,376.751506122449,434.007506122449,400.730713469388,362.937482653061,386.988179591837,333.669003061225,403.743625306122,457.63415,220.767248979592,1306.47441938776,674.40186877551,710.547214285714,612.976408163265,415.923337755102,720.707301020408,418.253328571429,753.857077551021,395.847066326531,947.465797959184,715.910730612245,415.461166326531,713.324044897959,824.50462244898,434.560477551021,411.679623469388,384.594405102041,229.216029591837,186.612689795918,300.100801020408,384.701134693878,226.73604755102,384.461611122449,349.641162142857,374.807636734694,297.421784081633,453.796367346939,380.238393877551,315.060919387755,371.298407142858,364.806162244898,267.31043877551,393.491371428572,160.410491836735,274.418091836735,197.462101020408,779.318723469388,628.722859183674,388.999765306122,226.017924489796,321.268494489796,444.86282755102,239.591593877551,625.213312653061,519.388793877551,404.892479591837,238.700723469388,792.25238877551,935.61198877551,390.877117959184,201.790301020408,345.556503061225,430.616014285714,224.070541836735,244.835415306123,291.695436734694,400.353301020408,400.592952040816,496.148581632653,411.979827653061,506.709023469388,596.789334693878,521.808969387755,448.740526530612,585.0894,832.460557142857,550.845156122449,574.452236734694,909.119704081633,826.30365,353.991651020408,344.58676244898,527.878973469388,753.224179591837,487.430357959184,420.660897959184,461.884464285714,397.172627755102,643.010096938776,644.169320408164,212.597014285714,656.012853061225,348.195084693878,521.864215306123,753.240024489796,359.503616326531,826.19268877551,341.119085714286,986.364776530612,850.454866326531,543.177553469388,345.746088571429,527.296075510204,570.124682653061,387.614417346939,746.436062244898,593.120859183674,554.278629591837,700.937081632653,550.150977755102,574.498140816327,572.240341836735,836.993645918368,605.495960204082,103.460497959184,120.158653061225,454.761853061225,573.795771428571,735.570071428572,660.294682653061,222.303192857143,435.719678571429,461.994145918367,367.136612244898,172.121895918367,140.947863265306,566.007219387755,761.749297959184,772.817394897959,760.038728571429,544.73125,561.696263265306,503.36448877551,640.965136734694,318.479640816327,289.807228571429,391.062547959184,677.684014285715,560.172423469388,156.33116122449,658.89741755102,199.66941122449,526.650491632653,455.501225306122,525.104127551021,546.617439795918,399.465437755102,342.395641836735,376.842310204082,475.109167346939,424.440181632653,763.286301020408,593.122598979592,557.146286734694,698.730869387755,528.429316326531,876.276276530612,357.489731632653,545.60815,833.120274489796,743.469445918367,391.592668367347,132.945436938776,626.780224489796,592.060140816327,880.946329591837,391.110212244898,449.505636734694,613.953732653061,685.181034897959,707.9537,397.538398979592,145.275764285714,566.06363367347,631.80482244898,644.773792857143,499.746835714286,503.823448979592,558.880855102041,271.962195918367,493.260376530612,423.349204489796,515.333096938776,555.077780612245,417.944374081633,503.760987755102,344.075117346939,486.074479591837,402.262679591837,434.563866326531,263.782601020408,159.014809183674,516.237239795919,500.949224489796,666.508953061224,329.180485918367,486.647230612245,293.25458877551,260.276673469388,373.024169387755,508.188724489796,476.557596938776,523.743251020408,332.23703877551,557.604429795918,493.17595,424.473414285714,355.173597959184,360.462547959184,339.231412244898,448.449862244898,418.372259183674,445.749990816327,409.849085306122,460.370793061225,489.593436734694,319.705448979592,286.529009183674,362.927832653061,706.222928571429,373.963419387755,239.671506122449,681.223263265306,597.067125204082,689.650649387755,426.022044897959,395.333927551021,297.829891836735,319.618692857143,505.493377551021,418.187473469388,421.45003755102,597.646813265306,531.525666326531,761.774666326531,610.226441836735,773.713510204082,505.163048979592,614.779786734694,465.143133673469,242.325334693878,569.404766530612,715.502091836735,824.958481632653,627.391957142857,426.803094897959,198.019296428571,616.203905102041,656.219785714286,582.847518367347,377.044319795918,187.446476530612,425.21492244898,617.144533979592,303.487325510204,541.381334693878,555.101598979592,261.540879591837,548.824916326531,757.725586734694,376.929264285715,224.78682755102,243.609957142857,551.215115306123,1192.46813367347,476.338754081633,745.392739795918,561.932904081633,359.07986877551,448.265936734694,292.136590816327,145.29218877551,303.543571428571,346.286455102041,462.735355102041,883.56985,702.157168367347,285.029776530612,837.896314285715,784.534626530612,555.912194897959,843.984345918368,491.530076428571,414.102941428571,407.333371428572,420.999924489796,294.060184693878,513.426513265306,537.564697959184,577.453010204082,510.163101020408,469.19128367347,457.106379591837,417.6286,501.791908571429,623.23356122449,189.438295918367,167.350244897959,264.483863265306,579.935434693878,392.811931632653,630.276547959184,569.558233673469,521.306054081633,460.464132612245,293.434870714286,614.965351428571,485.575526530612,272.564980612245,224.140293877551,377.791693877551,393.9944,463.784348979592,363.535630612245,637.150674489796,282.906251020408,379.407151020408,451.434714285715,423.628634693878,275.244621428572,341.431310204082,246.533571428572,469.376730612245,471.54666122449,458.243521428572,466.094097959184,666.091895918368,485.256684693878,462.553302040817,726.188501020408,766.63086122449,340.448536734694,394.862582653061,824.084139795918,333.718441836735,358.354542857143,557.994185714286,445.438568367347,766.017319387755,667.722043877551,419.281996938776,717.870116326531,973.156448979592,854.043451020408,600.341756122449,588.608052959184,432.337143877551,734.240939795919,699.696717346939,450.907280408163,1017.27287367347,218.423056122449,243.139351020408,729.377817938776,240.10675,530.37406122449,521.304895408163,679.427324489796,606.63877244898,315.450606122449,712.945216326531,311.466276530612,327.355843877551,630.5296,510.840770408164,457.154096938776,496.806807142857,328.087381632653,387.449328571429,327.65368367347,383.376862244898,732.634708163265,484.787169387755,414.662325510204,758.526946938776,807.844034693878,425.059804081633,641.364874489796,317.948229591837,432.428203061225,554.629716326531,591.676362244898,784.807093877551,363.718759183674,558.840132653061,478.549770408163,547.249871428572,368.639382653061,614.557289795919,193.564493673469,350.826404081633,440.537364285714,345.859062244898,412.438727551021,442.056804081633,663.51869622449,628.489556122449,499.55178877551,614.183454081633,558.320679591837,781.990695918367,423.766324081633,444.266364285715,656.413112244898,688.288835714286,450.435542857143,527.10761122449,895.930017346939,412.628301020408,350.377497959184,546.284621428572,315.571918367347,256.597771428571,717.235407142857,670.927894897959,585.753755102041,631.580936734694,540.990133673469,182.605035714286,241.93523877551,561.763635714286,341.251719387755,531.813126530613,422.110045918367,449.39022244898,420.350847959184,687.267873469388,396.170840816327,383.158382653061,819.313560204082,276.204147959184,458.703980408163,593.693168367347,285.266620408163,374.850694897959,476.384584693878,545.877314285714,736.284246938776,638.134378571429,699.585774489796,439.584053061224,600.733057142857,632.62481122449,582.700305102041,508.177183673469,416.017888979592,786.161815,550.580506122449,337.776142857143,558.486589795918,519.885280612245,473.715930612245,479.70081122449,235.388755102041,370.212996938776,381.805706122449,275.750815306122,380.372994897959,396.07081122449,494.675751020408,584.68033877551,260.423865306123,486.089831020408,594.587878571429,397.907187755102,382.847573469388,681.157071326531,473.48217244898,306.715837755102,222.43871122449,353.407471428572,461.055839795918,751.548985714286,538.189644897959,337.649030612245,763.597127551021,312.328375510204,842.965957142857,610.884317346939,410.40908877551,547.26187755102,388.828325510204,354.22424755102,397.269824285714,436.756939795919,361.69192244898,359.573076530613,526.003857142857,578.213189795918,548.958415306123,415.354200510204,502.948078571429,696.526217346939,679.072742857143,787.086431632653,531.513147040816,644.586870918367,603.71870622449,661.420480612245,539.926714285715,367.838875510204,625.156702040816,693.115376530612,395.498805102041,277.10435,240.129776530612,260.395959183674,288.190896938775,329.765398979592,458.095901020408,860.135102040817,792.432586734694,432.235889795919,331.883007142857,409.043824489796,531.188943877551,399.151545918367,434.09363877551,260.541065306122,119.649857142857,324.447616326531,487.924007142857,591.631734693878,963.388557142857,808.035566326531,407.769055102041,333.575208163265,655.799657142857,469.871112244898,523.246189795918,493.784693877551,552.953500306122,720.871806122449,736.017980612245,303.125214285714,155.959012244898,271.054690816327,596.009975510204,569.608136734694,438.667555102041,291.959307142857,342.223185714286,672.618224489796,518.265018367347,359.648159183674,587.668428571429,216.219986020408,331.606301428571,215.900235918367,195.939139591837,171.990356122449,328.061094081633,380.663428571429,783.573037755102,570.975463265306,571.074671428571,433.934315306123,510.609036734694,547.082,546.63163877551,756.786746938776,402.776808163265,176.346834693878,343.941562244898,427.271206122449,394.485719387755,401.175658163265,685.941591836735,252.550874693878,403.624897959184,601.374457142857,372.950460204082,453.878446938776,596.703365306123,828.769087755102,593.922167346939,264.785351020408,276.947390306123,289.203804081633,506.468419387755,201.87821255102,669.376059183673,230.709193877551,138.21762877551,302.587755102041,483.604468367347,343.835302653061,500.232270408163,376.997446938776,650.564529591837,298.022766326531,233.258023877551,827.617679591837,554.198125510204,455.074871428572,502.677179591837,474.977163265306,305.350406122449,674.555282653061,937.542851020408,615.241950408163,555.556140816327,636.373269387755,631.276648979592,548.990148979592,587.430773469388,424.0644,560.450446938776,841.966526530612,694.859182653061,461.531598979592,813.418312244898,629.170951020408,505.846023469388,570.141406122449,674.728267346939,550.894275510204,547.128304081633,240.570880612245,654.280619387755,656.154766326531,651.181863265306,403.394184693878,679.299574489796,178.341686734694,380.585840816327,477.099945306122,385.654279591837,600.956555102041,675.851112244898,662.094055102041,540.701846938776,915.686231632654,596.123874489796,467.054730612245,464.343823469388,757.679978571429,802.129046938776,660.62921122449,455.040323469388,766.470574489796,549.058762244898,442.039190816327,637.8947,407.82383122449,274.371311530612,277.156362244898,279.019005102041,232.974356122449,421.19108367347,474.985227551021,274.71747244898,362.372319387755,555.098595918367,332.2804,405.436073469388,402.973005102041,573.147535714286,413.968136734694,396.459316326531,270.672817346939,805.526218367347,723.287722959184,556.796534693878,457.452242857143,633.929748979592,682.523598979592,278.802192857143,274.018596938776,611.231309183674,770.275048979592,449.508304081633,464.314764285714,305.684903061225,310.593898979592,455.700347959184,310.195221836735,357.795610204082,294.14215,315.695301020408,312.821291836735,562.784074489796,532.788478571429,270.187095918367,281.118743979592,496.729237653061,718.869298979592,720.671720408163,201.491584693878,503.511464285714,554.375677551021,629.122489795919,1013.31706530612,887.604448979592,1072.50822142857,742.850147959184,495.577013265306,198.127156122449,305.303171428572,533.051457142857,652.259710204082,315.005414285714,453.522796938776,679.444959183674,857.688397959184,725.604482653061,778.610640816327,484.216859183674,530.416748367347,713.446107142857,669.801783673469,423.624817346939,266.651818367347,383.013916326531,253.795427551021,423.424930612245,188.040612244898,276.495392857143,492.732073469388,360.89006122449,551.738719387755,372.826336734694,449.213102040816,474.136675510204,365.573780612245,425.841709183674,227.434844897959,294.511154081633,225.492490408163,122.455231632653,486.891546938776,240.408378571429,414.060663265306,630.755167346939,287.133615306123,423.802768367347,349.383874489796,689.081923469388,706.263929183674,413.181893877551,331.303412244898,366.662874489796,370.989576530612,825.930848979592,738.233636734694,853.359256122449,176.462695918367,482.77367244898,340.675755102041,243.116840816327,361.108994897959,658.737736734694,576.547906122449,489.453745918367,688.90778755102,794.429412244898,594.995782653061,587.563374489796,277.750626530612,484.343158163265,607.264880612245,430.837725510204,456.973579591837,323.878463265306,388.08118877551,282.719187755102,235.355936734694,334.053078571429,268.499850816327,481.400190816327,267.188705102041,553.393367346939,641.470416326531,338.219067346939,723.061756122449,381.674810204082,446.905186734694,559.364854081633,483.777824489796,552.142001020408,482.536251020408,538.920146938776,381.962639795918,1022.94395673469,496.744863265306,662.220813265306,445.880923673469,412.324920714286,631.520642857143,595.665924489796,411.167912653061,534.854747959184,249.285667142857,340.787402040817,329.783144897959,902.576334693878,599.050681632653,572.012387755102,398.310541836735,686.78452755102,726.401802040817,424.902828571429,358.43072755102,638.432565306123,371.770512244898,533.045947959184,848.986716326531,687.97895,682.010732653061,482.711220408163,490.844704081633,375.483087755102,606.54804244898,610.806001020408,553.635739795918,389.00152755102,903.305921428571,332.528283673469,660.18157,492.067362244898,340.766515306123,370.465299081633,436.829216326531,673.210614285714,664.686378571429,404.28911122449,348.138482653061,469.540536734694,570.562193877551,215.148853061225,373.214045816327,248.84777755102,832.151595918367,510.170344897959,1001.51247346939,661.250024489796,856.834727551021,1121.35749816327,635.778598979592,734.330193877551,365.985785918367,561.6581,248.127983673469,383.684713469388,312.624163673469,621.102202040816,638.597794897959,498.088551020408,418.189575510204,875.547403061225,639.83288367347,619.524881632653,377.135789795918,511.955580612245,598.043106122449,638.415647959184,528.758408163265,408.970241530612,477.396901020408,262.375363877551,545.558016326531,521.029723469388,347.09606122449,694.901927551021,581.624702040816,389.674044897959,234.929333673469,422.503523469388,693.529744897959,682.652487755102,511.656502040817,806.598906122449,578.430237755102,643.092744897959,665.712201020408,482.864178571429,916.167978673469,411.341857142857,252.904319877551,450.598173469388,91.8558362244898,966.373495918367,402.750805102041,656.111770408163,748.729651020408,817.931448979592,571.481893877551,742.73326122449,619.568860204082,488.555940816327,322.064340204082,469.985296938776,192.185402040816,279.920968367347,349.497121428572,371.599126530612,356.534182653061,678.716702040816,645.340296938776,630.813618367347,476.081763265306,769.394247959184,527.671097346939,522.263408163265,379.216473469388,532.760246122449,547.81737244898,539.861941836735,397.270034693878,499.152170408163,479.163556530612,401.887359183674,305.875583673469,356.345482653061,487.424147959184,132.597506122449,163.274723469388,132.976665306123,240.559865306123,353.721254081633,510.028413265306,695.873790816327,430.091297959184,365.989294897959,496.561555102041,253.778542857143,369.646921428572,356.534123469388,520.16508877551,554.963275510204,565.436351020408,429.843462244898,482.20173367347,548.99751122449,428.470728367347,845.779285714286,495.629882653061,504.244021428572,563.238044897959,395.373384693878,384.897636734694,350.036623469388,581.382214285715,528.357036734694,550.560395918368,468.633126428572,500.931125510204,562.33286122449,685.44735,587.902773469388,576.866033673469,372.582774897959,217.970080612245,201.927628571429,391.361346938776,388.891154081633,445.975105102041,295.810266326531,453.842709183674,370.705715306123,846.03822755102,501.274395918367,303.179176530612,387.952816122449,263.005384693878,227.677494897959,404.607565306123,662.859925510204,594.401555102041,735.009765306123,547.791212244898,595.082157142857,177.903487755102,624.247460204082,424.851736734694,481.168759183674,593.200308163265,651.811376530612,517.126141836735,325.786319387755,559.024069387755,537.545392857143,268.305207142857,860.101176326531,1031.17224183673,598.476678163265,528.546286734694,302.825510204082,219.318644897959,371.058410204082,245.754513877551,332.807366326531,239.962540816327,239.443977551021,278.979186734694,751.258812244898,449.052452040816,449.725640816327,500.740133673469,751.125223469388,350.506939183673,386.589839183673,370.750619387755,159.794309183674,432.943779591837,388.71503367347,231.90141122449,183.234760204082,296.901863265306,363.079806122449,684.696345918368,456.833028571429,840.396918367347,789.140507142857,554.823166326531,836.257577551021,582.929197959184,567.806170408164,551.123219387755,551.430435714286,392.089682653061,300.225840816327,520.585351020409,455.44795,264.238053061225,634.406654081633,857.519379591837,595.108487755102,224.07311122449,512.018471428572,610.72411122449,343.704682653061,505.693941836735,230.865573469388,396.464106122449,422.456976530612,408.70021122449,289.057964285714,221.18168877551,290.094898979592,474.299905102041,262.871234285714,142.582969387755,236.4039,221.570108163265,414.827695918367,577.615773469388,989.918636836735,741.373727551021,730.442166326531,310.752909183674,173.188379591837,204.039914285714,470.68343244898,535.692563265306,384.414480612245,769.644237755102,404.995847959184,221.164395918367,439.486907142857,346.295886734694,406.947644285714,561.665965306122,540.189018367347,922.660137755102,729.798451020408,680.530537755102,965.025815306123,1256.63492244898,1028.61161122449,665.280708163265,595.579176530612,707.581206122449,242.984634693878,254.103881632653,405.343323469388,571.173844897959,473.916275510204,474.683596938776,578.502867346939,513.554159183674,754.474228571429,1026.21364897959,735.831763265306,767.428483571429,875.289473469388,767.152856122449,334.823576530613,485.821324489796,560.202787755103,427.625696938776,356.015948979592,524.379535714286,583.880112244898,973.088052040816,522.352989795919,858.187466326531,488.824784693878,386.617639795918,546.55813755102,342.339652653061,279.726694897959,326.861821836735,299.165855102041,238.581963265306,201.940799795918,253.602871632653,356.897393877551,441.186764285714,664.957185714286,410.605920408163,343.648931632653,252.479068367347,323.872956122449,306.843001020408,395.102262244898,658.427469285714,1003.3376005102,317.489925510204,407.776148979592,201.266642857143,443.501524489796,495.880945510204,601.440108979592,508.096434693878,335.713298979592,446.678582653061,352.277554081633,666.076387346939,590.794138571428,833.713633469388,528.642097959184,174.848344897959,313.444445918368,525.678773469388,347.741875510204,347.001244897959,627.314884693878,313.893666326531,506.149690816327,368.198435714286,456.932509183674,802.739693877551,523.422893877551,422.724001020408,348.539390816327,859.029559183674,650.535245918368,610.247773469388,167.762191836735,514.696210204082,498.203862244898,457.339990816327,369.136198979592,507.249380612245,454.656633673469,329.735631632653,373.835191836735,471.294415714286,440.613253469388,332.836640816327,372.325877551021,407.074331632653,457.94256122449,577.754040816327,421.687802040817,540.627444897959,862.163574489796,394.523396938776,415.13553367347,354.168677551021,1584.76661693878,902.304027551021,550.001468367347,657.179473469388,761.165277551021,688.750579591837,549.260877551021,729.847759183674,410.121575510204,379.592936734694,407.2804,547.3081,684.65166122449,1055.78867653061,889.288653061225,798.141434693878,827.933823469388,394.604087244898,428.691753265306,290.921435714286,455.769394897959,606.836277551021,303.256103061225,273.295770612245,494.422546632653,839.027655102041,673.023668367347,628.856513265306,505.997375510204,376.851968367347,423.510977551021,378.219433673469,586.210873469388,542.272776530612,422.043556122449,945.570289795918,461.134170408163,632.199843877551,704.600293877551,512.100155102041,499.355946938776,375.414242857143,383.054158163265,428.263957142857,554.713338775511,406.6166,380.050993877551,481.342504081633,204.934744897959,197.622007142857,379.223725510204,449.482856122449,856.27741122449,382.109396938776,234.32033877551,160.915463979592,318.463556122449,578.297118367347,345.706251020408,654.609231632653,313.586782653061,205.279246938776,533.767604081633,233.437668367347,728.369364285714,851.89781122449,798.838105102041,470.727094897959,783.838966326531,626.425445918367,742.913115306123,694.458364285715,392.39546122449,564.927606122449,233.157125918367,438.965562244898,431.521566326531,617.834236734694,354.855259183674,269.409014285714,457.224348979592,418.371492857143,433.825479591837,879.509319387755,624.34421122449,745.969897959184,542.998374489796,525.718254081633,196.72021122449,443.929740816327,461.431391836735,596.489925510204,571.953413265306,502.00338367347,407.952530612245,333.443564285714,228.093344897959,696.855373265306,478.180163265306,673.945328571429,430.681621428572,418.839847959184,719.463517346939,490.998671428571,733.568493877551,396.728966326531,308.816104081633,439.98337244898,657.596786734694,432.514191428572,374.232795918368,204.203397959184,412.437562755102,688.04564244898,257.681974489796,162.415474489796,524.455048979592,470.284466326531,458.485004081633,477.902915306123,345.298059591837,568.640554081633,337.449503061225,302.102359183674,399.876832653061,443.312777551021,370.849858163265,671.942224489796,283.311171428572,175.761839795918,373.240358163265,805.75452122449,377.510524489796,378.490689795919,514.633757142857,412.143353061225,474.51323367347,571.8556,406.947944897959,480.155418367347,760.189771428572,463.030867346939,264.855342857143,305.066632653061,497.183871938776,609.497664285714,350.361792857143,477.639012244898,423.751206122449,598.814086734694,648.167118367347,722.722270408163,367.805670408163,339.334870408163,267.332646734694,413.569403061225,584.908396938776,546.904446938776,366.606152040816,855.914845918367,553.981969387755,548.113652040816,565.304519387755,311.571589795918,154.354295918367,268.083621428572,258.903839795918,210.625540816327,224.620092857143,328.966598979592,627.316956122449,747.103702040816,543.620189795918,332.447976122449,130.322485714286,321.472967346939,382.175073469388,491.820775510204,235.521935714286,177.89292755102,311.250181632653,474.776335714286,277.455893877551,341.687415306123,239.495307142857,624.141085714286,461.175954081633,709.087618367347,620.206201020409,452.086544897959,328.478516326531,565.694681632653,706.912644897959,353.54337244898,285.850443877551,383.376990816327,497.858142857143,450.924670408163,487.537131632653,514.373282653061,673.366154081633,1017.44605612245,409.071275510204,614.10547244898,524.43021122449,756.72756122449,1154.0472255102,636.372201020408,436.405596938776,794.678902040817,807.310914285715,632.729478571429,485.792504081633,681.362980612245,334.082535714286,796.968077551021,434.552605102041,449.148775510204,497.116080612245,649.980019387755,739.867030612245,367.037495918368,445.719386734694,328.219957142857,1035.39100204082,635.422791836735,550.570464285714,893.550280612245,382.264687755102,628.680467346939,588.972963265306,734.561337755102,572.665229591837,644.912597959184,657.743990816327,617.949768367347,390.184637755102,429.267591836735,485.988841836735,594.245230612245,643.303026530612,274.583356122449,511.712178571429,440.56857244898,504.670034693878,648.219609183673,377.25957244898,359.380935714286,648.448003061225,529.423829591837,352.498605102041,704.933369387755,471.84723877551,650.303310204082,554.955543877551,411.759410204082,528.202325510204,251.088824285714,381.834835714286,295.907919387755,798.565332653061,926.393431632653,631.4025,448.838730612245,491.587248979592,522.54563877551,468.901403061225,635.917196938776,327.52033244898,255.537939897959,152.66551755102,250.965949285714,397.164041836735,694.218327551021,415.291148163265,833.140096938776,750.729124489796,1007.16421836735,456.24938367347,530.638691836735,240.913782959184,166.458083061224,122.450174489796,693.056679387755,446.329426530613,475.726402040816,654.072278571429,797.735155102041,364.718117346939,713.825004081633,481.669205102041,631.207475510204,115.795984693878,510.979728571429,453.298660204082,502.525418367347,720.631829591837,627.275723469388,530.816218367347,441.532845918368,710.376813265306,691.043648979592,471.914380612245,599.734201428572,489.93326122449,437.742070408163,433.165728571429,408.788821428572,460.108167346939,478.498144897959,315.402126530612,323.730039795918,387.143575510204,448.552370408163,591.626004081633,522.641965306123,467.464990408164,706.841967346939,438.336139795919,249.134149795918,209.297499795918,276.841849795918,700.666452040816,608.865670408163,422.109192857143,470.461991836735,658.518752040816,550.933484693878,745.320437755102,648.529332653062,426.693015306123,619.134296938776,782.087993877551,740.968112244898,378.673525510204,355.423415306122,316.960847959184,320.327435714286,136.788783265306,415.7933,752.542736734694,398.842453061224,179.945206122449,284.132739795918,209.708609183674,722.86906122449,216.982719387755,304.273357142857,431.119591836735,609.175962244898,364.807944897959,719.271271428571,445.064843877551,203.43316122449,385.822918367347,793.789271428572,712.231594897959,473.896770408163,451.9309,179.216527959184,349.137954081633,344.024129591837,622.97162244898,612.769752040816,898.719769387755,181.145239591837,675.03451122449,279.254419387755,800.992026530612,559.982342857143,408.235692857143,561.279442857143,774.406441836735,424.156878571429,369.634616326531,374.837128163265,267.901310204082,645.282689387755,550.98763877551,444.778183265306,395.585401020408,747.205595918367,803.509430612245,1006.02416632653,1126.11331020408,681.837229591837,456.161960204082,410.769366326531,457.465532653061,603.445930612245,593.711401326531,380.865851020408,854.149720408163,308.675054591837,719.455321428571,558.190774489796,938.841147959184,308.324415306122,664.901265306122,561.029090816327,659.000677551021,359.692523469388,615.253929591837,374.395957142857,394.471807142857,1318.51222653061,494.666814285714,502.610319387755,839.059066326531,564.483813265307,594.999067346939,701.954752040817,184.998941836735,362.102526530612,305.717177551021,407.334150102041,284.629709183674,220.830170408163,394.60832244898,387.471378571429,339.239893877551,232.929718163265,355.431891836735,300.368713265306,451.150809183674,679.900608163265,313.405775510204,558.29066122449,325.603143877551,458.207798979592,416.537529591837,427.431494897959,394.256668367347,780.354932653061,763.824778571429,755.858991836735,654.963148979592,484.016869183673,558.302691836735,604.76657244898,563.058443877551,439.637036734694,246.491301020408,638.091939795918,177.535132653061,309.436669387755,675.147181632653,342.740830408163,322.946815306123,520.464202551021,893.359490816327,702.383720408163,478.132971428572,715.844637755102,666.976203061225,516.2846,584.374895918368,680.822115306123,780.560253061225,808.067562244898,515.902834693878,659.627754081633,728.120754081633,370.520157142857,763.853159183674,681.286395918367,692.469317346939,352.607333673469,471.431653061225,543.821204081633,484.392077551021,265.570251020408,231.500951020408,406.176143877551,457.545805102041,205.011966326531,516.092230612245,317.038631632653,284.291697959184,651.343651020408,766.01848877551,199.036391836735,411.617432653061,269.800263265306,381.772124489796,588.71491122449,151.162564285714,401.667695918368,235.645205102041,261.899895918368,372.14991122449,308.264692857143,356.373146938776,218.030928571429,529.519343163265,285.96004244898,543.315285714286,618.080481632653,417.667951020408,510.849853061225,666.947135714286,493.232567346939,886.808558163265,729.523663265306,434.705210204082,259.87643367347,695.680016326531,419.247871428572,631.470451020408,276.246960204082,614.30717244898,547.575647959184,432.063167346939,483.34853877551,235.450730612245,476.162960204082,488.907975510204,880.268177551021,772.198664285714,571.626542653061,214.324476530612,300.324265306123,463.275321428571,390.483494897959,716.050946938776,542.391401020408,292.397984693878,302.505043877551,1119.6973622449,566.247229591837,512.059114285714,691.237315306123,796.896255102041,497.45195,795.210245918368,550.461064285715,537.37111122449,494.59704377551,659.367534693878,679.23908367347,624.421437755102,270.138963265306,249.165443877551,458.345287755102,735.724700408163,532.045946938776,771.425935714286,450.772224489796,312.070143877551,546.201944897959,392.454234693878,633.234010204082,405.346146938776,409.693768367347,439.857306122449,559.749609183674,494.335348979592,216.567105102041,570.98065755102,387.286279591837,381.85551122449,391.065755102041,353.69101122449,383.516454081633,395.858081632653,451.743192857143,481.392657142857,345.308536938775,467.079798979592,786.303408163265,127.027121428571,855.10792755102,414.795120408163,650.001648979592,318.818508163265,208.011715306123,407.17942244898,516.173133673469,482.775173469388,501.499779591837,187.20551122449,310.294031632653,953.487194897959,609.183628571429,342.643453061225,939.24692,787.032012244898,432.701854081633,595.747217346939,539.654258163265,494.676580612245,519.715166326531,366.591808163266,503.528479591837,106.350316326531,382.118042857143,519.577035714286,373.262487755102,482.096484693878,423.910279591837,482.290755102041,511.985981632653,497.806130204082,336.147624489796,576.828363265306,269.179039795919,342.195765306123,470.371040816327,333.070693877551,273.18697244898,425.745469387755,664.17503367347,546.705766326531,1078.97253265306,934.646053061225,919.718977551021,765.60021122449,476.509253061225,473.456821428571,283.570815306122,684.988656122449,355.972942857143,610.519707142857,321.796147959184,685.677341836735,366.625640816327,350.348242857143,366.330804081633,520.866054081633,518.235276530612,442.158876530612,426.851753061225,486.942292857143,746.374578163265,703.649031632653,604.336677755102,622.674177755102,263.661406122449,515.361138775511,569.582310204082,518.763573061225,348.444982653061,325.879569387755,244.983057142857,624.007459183674,440.687635714286,585.429859183674,465.313801020408,601.561492857143,572.511312244898,675.497825510204,223.015619387755,216.47517244898,368.137155102041,882.360432653061,936.887405102041,651.488890816327,784.278179285714,918.234156122449,377.594685714286,619.133217346939,417.821640816327,316.318843877551,424.811695918368,714.183945918367,832.474580612245,548.29012755102,184.182908163265,277.105035714286,379.263806122449,215.442467346939,784.970215306123,720.699199877551,208.928371428571,350.725730306123,353.116131632653,715.883648979592,769.25833877551,399.647254081633,604.570016326531,547.394536734694,502.775955102041,477.011356122449,487.364742857143,409.982435714286,512.307530612245,270.005880612245,466.687893877551,776.927064285714,502.356797959184,392.188265306123,387.653151020408,389.584956122449,279.087742857143,319.76065,269.670034693878,221.821239795918,298.340206122449,333.735906122449,591.672186734694,361.160452040816,296.966954081633,408.750815306123,437.308229591837,601.215543877551,789.914781632653,492.926796938776,393.267473469388,245.963408163265,461.475525510204,640.432024489796,492.043608163265,696.654676530612,256.754219387755,633.58858367347,703.846975510204,592.13388367347,536.452297959184,579.732326530612,374.968288163265,429.311040816327,442.539648979592,416.464232653061,379.592675510204,433.737151020408,525.825848979592,479.528010204082,484.873424489796,218.156215306122,247.019762244898,157.817987755102,267.089847959184,365.535961020408,473.159578571429,711.978873469388,717.569144897959,417.181423469388,391.684639795919,435.684754081633,187.753908877551,998.830206122449,798.028437755102,478.625036122449,226.584407142857,327.392298979592,249.294382653061,290.682424489796,186.809147959184,249.846007142857,168.214839795918,299.482864285714,314.406817346939,488.375259183674,623.508986734694,1055.19250306122,485.571870408163,586.281901020408,677.476824489796,661.020252040817,739.836798979592,469.437226530612,231.172829591837,302.498200204082,280.955583673469,423.783965306122,397.083668367347,475.149746938776,427.956416326531,635.374718367347,843.264357142857,922.064343877551,1129.37039693878,713.706478571429,194.485498979592,681.363529591837,765.42787244898,770.630769387755,278.956753061225,484.885691836735,244.294489795918,232.759059183674,550.717845918367,389.134363265306,541.066039795918,478.758434693878,404.039903061225,686.318148979592,797.553767346939,403.715998979592,485.608740816327,429.582593877551,723.95285,416.282260204082,531.700785714286,413.163625510204,538.240389795918,516.128024489796,239.183017346939,214.207703673469,259.666245918367,303.582596938776,277.399840816327,227.608747959184,488.561753061225,391.086103061225,473.858781632653,508.422724489796,472.773745918368,562.943944897959,309.399242857143,348.165885714286,392.085439795918,800.352268367347,532.216902040816,520.615197346939,753.456315102041,549.513145918367,683.164793877551,420.046193877551,243.831015306123,213.056589795918,378.869003061225,680.876813265306,463.430083061225,583.903982653061,485.996243061225,544.698341673469,681.805562244898,407.777175510204,434.001284489796,448.20917244898,449.760141836735,374.124057142857,464.973025510204,354.198176530612,242.719284693878,334.14902877551,254.50717244898,495.738441836735,332.740610204082,721.50312244898,536.290410204082,471.176048979592,571.826455102041,403.742510204082,573.030453061225,389.009357142857,343.700270408163,307.016746938776,373.399843877551,493.907545918367,471.588055102041,695.861026530612,538.452390816327,736.398314285714,260.072666326531,611.453317346939,610.5698,286.830723469388,436.232374489796,424.819433673469,560.005486734694,472.258982653061,488.873235714286,335.875451020409,478.919044897959,449.701324897959,203.754813673469,408.805085714286,453.932092857143,304.391770408163,368.05971122449,270.238713265306,419.495042857143,328.995452040817,390.679896938776,238.913997959184,516.928046938776,552.01117755102,139.086558163265,391.264067346939,341.894273469388,415.154337755102,348.694415306123,389.610369387755,441.542078571429,611.65471122449,166.47412755102,311.656751020408,425.512586938775,357.437614285714,512.225792244898,286.341336734694,218.414291836735,210.068078571429,145.935393877551,253.92675,259.343043877551,713.429552040816,173.429930612245,389.068778571429,856.482884693878,579.148357142857,511.477570408163,644.904039795918,282.450512244898,824.272839795919,487.220693877551,328.821330612245,284.492101020408,328.611847959184,428.171518367347,425.79857755102,545.634976530612,708.754603061225,620.874168367347,344.636005306122,203.969442857143,477.589914285715,234.444821428572,319.92446122449,347.301579591837,367.495352040816,288.605807142857,324.32517244898,164.735084693878,354.390617142857,804.389825510204,639.641566326531,244.417003061225,259.723584693878,693.178993877551,409.604140816327,394.571315306123,530.177540816327,306.67338877551,784.594031632653,688.074968367347,547.035663265306,471.038871428572,552.44097244898,375.368226530612,899.915914285714,328.892890510204,524.998257142857,412.060686734694,359.436191836735,394.714498979592,330.917686734694,762.096871428572,967.927296938776,683.688580714286,634.489546938776,865.999126530612,696.149165306122,543.332626530612,439.341569387755,194.235748979592,587.050167346939,460.526270408163,349.815779591837,632.555551020408,404.042725510204,208.752295918368,199.225274489796,287.090241836735,965.768412244898,612.769962244898,533.709028571429,313.600095918367,519.038324489796,694.289218367347,363.294789183673,442.442275306122,466.262155306122,520.158802040816,342.413346938776,367.363048979592,415.232528571429,551.623266326531,544.671768367347,1076.14561326531,1258.30791632653,478.24947244898,721.670459183674,489.642425510204,631.226491836735,298.193724489796,351.906774489796,325.869535714286,349.864084693878,386.4155,406.446729591837,727.308279591837,244.929640204082,295.805691836735,556.921843265306,716.332852857143,313.646552857143,817.389651020408,657.975568367347,712.092895918368,552.814840816327,687.236263265306,284.893358163265,653.48421122449,574.983402040816,608.752665306123,548.326191836735,384.697674489796,673.480981632653,667.440282857143,273.465181632653,225.213408,486.345629591837,659.723371428572,575.344317346939,410.8489,577.949127755102,462.249495918368,251.670295918368,273.423829591837,180.514497959184,352.971055102041,747.829669387755,316.733674489796,308.609322755102,508.698885714286,953.383090816327,330.935752040816,465.150354081633,477.33322244898,380.968627551021,444.888251326531,414.368518367347,329.156240816327,355.183406122449,873.95142755102,588.832702040816,247.76032755102,317.56433877551,553.705351020408,154.851034693878,375.110566326531,545.116923469388,704.32463367347,572.422497959184,522.574163265306,431.753116530612,682.416860204082,672.220493877551,302.86348877551,577.745236734694,853.647587755102,498.149489795919,326.371636734694,696.790858163266,404.778923061224,578.250602857143,659.589334693878,448.811668367347,349.796079591837,194.461180612245,203.332306122449,229.45223367347,483.85535,479.649779591837,419.589964489796,358.990015306123,282.638478571429,367.275259183674,361.831930612245,500.5253,364.330671428571,362.072660204082,444.017047959184,366.232807959184,355.476223469388,225.299956122449,737.980924489796,597.176317346939,828.222495918367,460.368459183674,733.712372959184,509.192494489796,617.157483367347,641.228679591837,677.956016326531,426.635402857143,452.088890816327,528.094093877551,692.797879591837,1057.45768877551,600.74263367347,709.311564285714,337.292142857143,395.149964285714,397.156931632653,237.9686,570.469898979592,350.239496734694,295.55365,689.892397959184,355.697577551021,560.336248979592,460.441830612245,432.801378571429,445.861585714286,314.632814285714,391.40402244898,602.005571428571,416.594346938776,610.141513469388,1244.49672653061,592.592063265306,511.172403061225,481.459355102041,598.268175510204,431.07222244898,501.242067346939,658.952641836735,849.286721428572,359.963310204082,318.168146938776,307.002229591837,221.393162244898,338.460362244898,131.40928877551,324.360401020408,527.484464285714,493.666254081633,489.266416326531,416.833657142857,659.08991122449,575.087157142857,398.920541836735,484.730602040817,322.29601122449,300.139601020408,420.485286122449,310.644621428572,411.472820408163,516.821887755102,327.6228,633.479843877551,880.482410714286,951.321615816327,907.032776530612,478.428148979592,470.940659591837,484.591616326531,384.868604081633,529.826475510204,337.189635714286,403.269006122449,446.067375510204,290.14,407.991880612245,833.783365306123,391.997281632653,318.56213877551,413.445179591837,301.326443877551,225.94862244898,341.360879591837,309.092347908163,219.67948877551,200.613193877551,358.266981632653,378.485080612245,623.511013265306,292.15152755102,207.796558163265,379.863364285714,375.189152653061,562.241356122449,279.961002040816,633.411256122449,383.056454081633,536.239097959184,407.594710204082,675.772690816327,338.509564285715,431.68592755102,794.395277551021,280.955016326531,139.765041836735,346.50333367347,518.865224489796,392.592432653061,736.219059183674,468.193213265306,655.515492857143,504.538715306123,522.231398979592,354.465210204082,481.362029591837,492.774366326531,315.913383673469,378.63107755102,495.815193877551,692.036542959184,546.6089,1263.67883571429,772.681735714286,423.747070408163,340.817074489796,443.699456122449,591.483728571429,442.034160204082,497.966647959184,399.016747959184,364.758402040817,403.082691836735,524.532263265306,672.192147959184,543.677174489796,514.06133877551,488.589268367347,855.015031632653,557.868532653061,523.160597959184,917.884297959184,798.998971428572,640.876597959184,731.118031632653,672.160273469388,512.288469387755,726.579685714286,440.706579591837,362.050435714286,192.264271428572,296.36445,476.066271428571,404.589218367347,380.025090816327,758.911127551021,454.348666122449,507.555178571429,518.066835714286,630.756358163266,716.881417346939,581.867821428572,625.550644897959,312.421989795919,472.594130612245,727.475005102041,737.783677551021,466.495355102041,490.737383673469,139.031962244898,235.739731836735,335.350483673469,458.502795918368,514.067233673469,612.796351020408,570.951536734694,374.579015306123,633.144418367347,664.986640816327,445.654098979592,1150.63303571429,766.184334693878,631.558465306123,403.242998979592,578.253778571429,414.040127551021,352.03296122449,362.58192755102,247.968704081633,385.654953061225,460.984862244898,499.729310204082,715.266052040817,356.592036734694,395.80412244898,315.382796938776,553.737271428571,475.805495918367,617.280353061225,467.354360204082,743.14198877551,564.058946938776,366.986884693878,867.916607142857,448.630905102041,186.868716326531,183.295041836735,631.916406122449,494.249307142857,551.276145918367,688.177568367347,647.551045918368,569.097504081633,569.819913265306,527.688971428571,513.260024489796,544.838328571429,440.009460204082,797.577420408163,974.810964285714,402.944706326531,879.109211428571,454.85253367347,621.256243877551,547.024835714286,390.05427244898,797.999962244898,472.581920408163,564.272959897959,848.657898979592,868.646776734694,844.107377551021,530.798453061225,475.22635,693.768974489796,400.2408,168.090109183674,457.667715102041,404.165036734694,838.696669387755,504.745155102041,518.008816326531,335.591319387755,761.708854081633,191.76508367347,333.173234693878,458.281603061225,375.775295918367,486.095612244898,552.721612244898,182.431407142857,501.14942244898,409.44068367347,553.343870408163,947.095789795919,638.52148367347,410.435598979592,750.254640816327,543.351753061224,489.738153061225,614.352591836735,516.685003061225,314.174568367347,353.145346938776,430.060335714286,826.93145,486.925330612245,870.779234693878,253.550244897959,410.944696938776,545.437383673469,371.389651020408,490.63873877551,528.168820408163,636.664484693878,436.929198979592,702.949956530612,594.180159183674,607.707801020409,519.060165306123,449.891778571429,354.176564285715,563.914054081633,423.03072244898,361.157713163265,413.199013265306,407.516741836735,402.134780612245,196.089288265306,824.134239795918,452.260218367347,507.497433673469,631.522201020408,417.332118367347,607.328723469388,447.260526530613,394.018864285714,335.735069387755,564.730909183673,692.104019387755,690.121404081633,270.337359183674,533.585845918367,633.044437755102,510.632108163265,592.833218367347,271.285076530612,478.454509183674,263.275357142857,459.984671428572,505.001391836735,369.11653877551,726.050231734694,343.695985714286,445.007991836735,412.034386734694,513.497151020408,298.771425510204,333.970461836735,598.157326530612,617.855323469388,460.292960204082,408.634523469388,469.335205102041,431.972026530612,583.774207142857,540.472368367347,954.870037755102,758.722830612245,396.111490816327,371.993594897959,287.084230204082,818.74797244898,950.829192857143,644.842570408163,506.42106122449,765.335002040816,564.039903673469,555.532590816327,341.74256877551,421.118378571429,778.649168367347,373.69005,559.716981632653,806.54462244898,877.714080612245,747.272396938776,911.855623469388,675.26586122449,1156.02717142857,475.9118,430.85768877551,609.967119387755,179.165475510204,1001.19761938776,541.481185714286,513.702174489796,541.113652653061,443.906881428571,526.57986867347,304.01532244898,83.146202244898,314.775364285714,246.559273469388,232.253654081633,328.997465306122,322.663910204082,627.698529591837,605.180084693878,464.341042857143,589.906970408163,498.730802040816,968.934675510204,571.490079591837,290.536917755102,297.511314285714,653.672898979592,857.578212244898,304.116925510204,457.471703061225,726.983651020408,452.78631122449,390.525245918368,458.626292857143,664.423902346939,762.951234489796,597.341386734694,341.024443877551,405.421356020408,488.336543877551,296.001255816327,631.523195918367,460.714581632653,477.687686734694,863.056426530612,623.072196938776,333.466117959184,352.353924489796,404.569302040816,599.450773469388,463.136926530612,605.271431632653,632.586666326531,821.319430612245,483.505202040816,817.143757142857,575.612244897959,719.544325102041,570.072066938776,780.124762142857,391.310848877551,360.410427959184,284.422941734694,174.541716428571,150.097684693878,300.61015122449,427.209218367347,474.852841836735,466.684674489796,457.430870408163,469.891540408163,262.634856122449,261.528732653061,646.689971428572,220.906919387755,435.850852040817,578.278834693878,718.766728571429,1109.55366530612,585.302303061225,568.515957346939,525.712110204082,374.431144897959,342.313893877551,700.037725510204,279.547456734694,276.004306734694,404.700290816327,301.813984489796,234.127323469388,378.035420408163,136.723955102041,161.141066326531,348.320778571429,220.531628571429,774.264578571429,764.811607653062,374.31806122449,414.123668163265,847.525413265306,303.69797244898,547.184205102041,758.799348979592,554.279941836735,374.541986734694,313.826324489796,411.148284693878,509.19483877551,656.502725510204,356.039786918367,569.779532653062,787.309094897959,503.673541836735,441.369181632653,617.198419387755,481.066407142857,494.079852040816,398.247621428572,519.845909183674,232.629893877551,307.349465714286,301.245917346939,522.088606122449,730.257462244898,424.066474489796,358.078769387755,334.768023469388,726.835719387755,718.624439795918,618.056841836735,402.528282346939,524.199563265306,626.455776530612,278.926840816327,207.466393877551,301.554615306123,527.949784693878,667.390014285714,318.22140122449,780.949497959184,542.295695918368,430.914768367347,367.165268367347,371.046389795918,528.23962755102,728.893932653061,465.194801020408,514.746632653061,615.816119387755,530.635636734694,615.531536734694,308.598892857143,478.268329591837,376.351417346939,322.223257142857,472.993782653061,414.93288367347,289.237501020408,386.54683877551,440.334385714286,470.292080612245,574.660631632653,613.441148979592,539.217043877551,505.14607244898,374.588343877551,464.976905102041,495.272846938776,760.562612244898,846.759040816327,527.08412244898,706.6797,490.322287755102,380.140918571429,119.001375510204,273.163108163265,752.109913265306,668.654803061225,662.488420408164,308.217403061225,508.857054081633,1158.99217,654.203921428572,748.736447959184,327.631540816327,594.582089795919,735.696401020408,281.885457857143,723.633491836735,583.522535714286,318.446045918367,284.701116326531,747.988136734694,592.68123877551,487.908967244898,415.012694897959,704.926089795919,988.651180612245,1059.09199183673,564.415040816327,574.870410816327,294.572208163265,262.877138469388,190.577620102041,188.376048367347,292.52163367347,543.058626530613,179.127982653061,250.413047959184,145.36327755102,456.421102040816,408.863733673469,328.255043877551,387.241304081633,241.917552040816,349.101818367347,394.787519387755,556.243482653061,642.619534693878,389.075503061225,985.577570408163,667.833989795919,357.558710204082,293.487351020408,574.535241836735,315.06195,307.731482040816,860.957942857143,308.729845918368,658.660810204082,545.442810204082,599.149060204082,258.709326530612,966.524624489796,938.601662244898,739.070044897959,908.099205102041,864.385383673469,799.219153061225,477.274693877551,388.654219387755,431.11605,428.62505,589.316853061225,550.490119387755,299.522630612245,629.776616326531,692.977266326531,770.214274489796,663.184551020408,1162.46439387755,863.545076530612,778.433390816327,689.150065306122,1007.73166734694,377.244137755102,340.444795918367,102.062051020408,570.428982653061,265.203794897959,194.393636734694,417.541530612245,422.848253061225,556.796143877551,340.76803367347,673.539502040816,443.165102040816,675.288318979592,426.351137959184,333.60286755102,483.501654081633,328.663970408163,499.366966326531,436.035267346939,871.833723469388,373.169097959184,530.774513265306,426.201276530612,908.51515,677.626134693878,417.428303673469,222.596891020408,447.660908163265,238.685708571429,316.837017346939,248.472507346939,382.227028571429,382.611836734694,696.136018367347,489.646971428572,637.790603061225,485.574806122449,391.299614285714,484.139306122449,454.780403061224,472.328309183674,278.660090816327,451.87817755102,164.399919387755,609.598369387755,240.026952040816,661.520909183674,289.75662244898,427.082225510204,703.059586734694,473.895969387755,539.051330612245,223.69582244898,371.973823469388,239.827833673469,620.948532653061,573.799066326531,497.061644897959,492.698708163266,460.238809183674,259.197660204082,299.954443877551,299.998550816326,513.320370408163,507.12160244898,453.186448979592,742.075105102041,352.666210204082,448.672382653061,898.80936122449,736.738146938776,827.902034693878,478.764456122449,775.269819387755,646.186667346939,492.121929591837,340.115562244898,572.305819387755,521.655457142857,579.33215,319.669580612245,258.150541836735,611.663094897959,634.204865306123,378.583844897959,498.998040816327,415.456253469388,212.779353469388,322.222548979592,348.775908163266,292.074053061225,361.183768367347,379.530528571429,250.834894897959,829.84652244898,659.008684693878,515.547845918367,553.584928571429,474.216020408164,668.152381020408,610.512851020408,326.9368,669.645534693878,243.964068367347,472.414743877551,532.431601020408,404.389901020408,554.771144897959,451.396357142857,270.251402040816,341.175042857143,251.940451020408,364.951684693878,446.618376530612,543.388592857143,426.981424489796,603.553203061225,284.709814285714,331.620514285714,415.084579591837,669.797567346939,818.240956122449,451.731703061225,313.10656122449,424.731479591837,506.285979591837,845.980516326531,1120.54502040816,713.280113265306,794.033807142857,643.083194897959,717.298984693878,615.855245918368,402.398986734694,252.848032653061,623.45055,664.137371428572,463.588680612245,524.375640816327,635.530692857143,308.950676530612,528.096915306123,672.016766326531,881.657132653061,499.206513979592,304.373906122449,496.29782244898,429.012729591837,714.800927551021,555.930587755102,798.36832244898,828.937646938776,566.256456122449,512.107958163266,449.317447959184,508.381556122449,456.58862244898,781.748559183674,880.731510204082,1049.56297857143,482.354363265306,691.732220408163,345.954459183674,626.894835714286,785.099291836735,510.83286122449,555.904071428572,373.025142857143,409.806343877551,421.795636530612,314.816655102041,312.185185714286,333.634318367347,484.963273469388,339.210494897959,592.827203061225,497.551784693878,323.541160204082,567.071752040816,381.195414285714,368.096180612245,609.612367346939,673.353328571429,538.081090816327,523.71329122449,455.737151020408,460.747785714286,503.885573469388,596.052955102041,271.429080612245,424.04368367347,694.552648979592,808.221344897959,611.595553163266,579.54953367347,453.630484693878,272.05691744898,769.891646938776,331.191980612245,345.652085714286,274.591840816327,492.600144897959,693.925513265306,240.906052040816,398.820823469388,505.995917346939,618.683456122449,732.067089795918,915.277503061225,468.003327551021,335.085086734694,1082.39604693878,651.28041122449,392.287787040816,706.989496938776,634.10345,474.056516326531,421.349557142857,323.580667346939,761.263259387755,162.004156122449,274.632156897959,330.103209183674,272.922262244898,387.200715306123,398.032889795918,406.715740816327,263.192155102041,336.244209183674,454.99288877551,482.309206122449,441.686584693878,476.213228571429,398.660774387755,337.616481632653,792.872352040816,735.092765306123,545.46256122449,811.249239795919,468.744703061225,527.025491836735,371.630973469388,679.842002040817,992.710166326531,246.663119387755,626.246486734694,644.242628571429,444.14413367347,487.221597959184,657.99691122449,700.735021428572,535.026464285714,789.636413265306,253.304177551021,667.698927551021,526.823701020408,383.016068367347,267.576135714286,430.613240816327,764.498207142857,769.751641836735,735.7277,925.411643877551,423.362587755102,439.210745918368,577.133023469388,859.697586734694,349.887932653061,688.074836734694,467.616171428572,551.539897959184,551.644331632653,433.308846938776,367.996927551021,480.029724489796,634.344433877551,518.260930612245,648.202044897959,665.579024489796,532.13951122449,450.221042857143,401.179110204082,379.267328979592,788.252598979592,439.43238877551,331.632598979592,468.456444897959,334.635371428572,299.850792857143,381.396223469388,306.948537755102,443.452347959184,518.180629591837,339.666285714286,534.450203061225,501.698710918367,515.634292857143,323.060514285714,559.029530408164,330.060510204082,152.497417346939,682.195057142857,274.309597959184,416.603469387755,344.259462040816,420.003335714286,279.461063265306,392.921228571429,274.38552244898,290.309791836735,596.634901020408,667.774741836735,457.523883673469,520.235054081633,873.163277551021,737.266726530612,394.59633367347,816.194897959184,481.701093877551,462.329106122449,869.441966326531,327.386429591837,334.008169387755,558.49031122449,486.58118877551,632.889639795918,748.444230408163,746.843006122449,567.370207142857,572.250456122449,431.085725510204,403.755507142857,264.504803061225,483.422963265306,330.401855102041,276.203765306123,454.708292857143,376.158651020408,402.464603061225,316.033251020408,456.790181020408,173.480339183673,214.644701020408,453.148980612245,510.091555102041,334.016879591837,617.643543877551,530.535907142857,424.535357142857,342.567743877551,417.113788775511,301.802678571429,430.322748979592,418.043219387755,538.330612244898,451.319834693878,212.57107244898,860.025284693878,584.475666326531,519.727828571429,439.301169387755,305.375903061225,430.856342857143,282.04103877551,123.124739795918,331.309602040816,292.150253061225,454.011760204082,234.098315306123,218.900324489796,345.659819183673,436.696871428571,514.711391326531,381.971179795918,373.309628571429,177.474463265306,206.833062244898,657.569351020408,478.021982653061,254.809094285714,438.73066122449,621.347764285714,494.953667346939,431.420858163265,580.055762244898,584.735456122449,673.481094897959,350.683228571429,899.093344897959,1074.31919897959,648.118828367347,660.046579591837,202.234652040816,265.546455612245,369.570384693878,591.374347959184,286.200403061225,470.94228367347,293.319586734694,275.355015306123,371.339201020408,565.0456,676.429771428572,511.128701020408,480.213914285715,299.876663265306,472.589097959184,796.907225510204,465.059425510204,527.415656326531,350.196615306123,394.766743877551,380.389243877551,126.869963265306,427.879010204082,311.573563265306,518.565467346939,380.616286734694,869.58147244898,944.001859183674,864.444016326531,539.810269387755,388.372981632653,516.412360612245,641.072357142858,428.558623469388,428.02245,600.021203061225,280.507420408163,631.897191836735,357.001136632653,417.896553265306,532.001958163265,445.286537755102,498.52795,537.750903061225,485.370093877551,309.088007142857,698.460881632653,319.203080612245,605.624030612245,339.138407142857,494.103662244898,604.338647959184,382.294854081633,727.210242857143,507.67438877551,611.214385714286,596.649344897959,977.683995918368,410.672312244898,689.690205102041,512.574990816327,467.608495918368,432.627954081633,527.785692857143,514.692321428572,350.67077244898,504.12898367347,727.30722755102,981.677916326531,971.316397959184,537.585980612245,321.871060204082,257.669770102041,554.835692857143,496.062520408163,714.539426530612,783.711376632653,638.83268744898,572.291979591837,665.716982653061,645.025056122449,591.662251020408,517.102951020408,228.570934693878,331.726046938776,576.016159795918,401.298441836735,335.127735714286,395.365793877551,513.808096938776,433.328840612245,657.34106122449,448.07715,392.053525510204,374.043824489796,358.950340816327,589.682645918367,703.129341836735,652.084182653061,381.247771428572,218.436532857143,367.63131122449,352.574528163265,550.570028163265,669.483479183673,598.910623469388,394.706986734694,344.502884693878,146.88855,414.961686734694,496.631386734694,262.540644897959,505.689610204082,550.533708163266,768.570893877551,282.959846938776,556.36051122449,470.512365306123,480.10896122449,739.317047959184,405.226207142857,282.910905102041,403.811165306122,383.548769387755,638.468289795918,476.865482653061,645.134170408163,473.529684693878,288.711541632653,644.535908163266,554.479157755102,386.904743061225,488.943237755102,213.329984183674,264.774009183674,527.809645918368,608.219129591837,489.747166326531,509.605367346939,410.266932653061,205.652265306123,307.650993877551,614.408904081633,443.728067346939,775.111496734694,431.207944897959,435.691289795918,270.95057244898,327.162457142857,532.376280612245,580.328152040816,517.403280612245,286.364463265306,253.348658163265,296.211229591837,685.381173469388,455.007996938776,272.066228571429,564.390684693878,553.862546938775,650.189715306123,492.021479591837,733.962855102041,244.581997346939,351.127859183674,463.380524489796,364.726616326531,361.011647959184,163.778310204082,570.652305102041,544.562408163265,700.566257142857,556.770223469388,913.165387755102,350.697569387755,315.623878571429,930.914260204082,452.920247959184,412.245275510204,529.703558163266,573.615573469388,375.894326734694,633.333355102041,252.126632653061,407.71125,1039.53063877551,604.079192857143,467.153330612245,359.155056122449,739.996384693878,421.07342255102,167.123021122449,486.848817346939,207.035243877551,341.010557142857,520.060864285715,743.194563265306,672.733228571429,605.404303061225,551.292632653062,375.35101122449,655.771378571429,370.752335714286,387.718703061225,625.111890816327,560.770928571429,487.36341122449,257.195479591837,561.514195918367,306.164089489796,394.149480612245,541.527989795919,429.746633673469,353.640079591837,490.841577551021,611.755374489796,605.598989795919,757.009777551021,641.713282653061,875.920158163265,843.31105,1050.67668469388,624.246881632653,559.54457244898,367.662950714286,656.497254081633,200.569155102041,186.552483673469,197.883197959184,180.83431122449,675.530644897959,1090.19570204082,772.030575510204,442.882490816327,660.568263265306,438.66303877551,392.034642857143,340.658338775511,562.792422755102,495.219965306123,732.770735714286,440.507908163265,300.672490816327,497.60792244898,394.238115306123,361.541820408163,517.503610204082,476.361923367347,440.010012244898,574.853906122449,425.513803061225,597.996523469388,812.676239795918,711.436571428571,599.724270408163,709.693694897959,1024.63885204082,1041.26558265306,792.45175,668.836203061225,340.070626530612,368.895770408163,621.764139795919,593.974807142857,408.278380612245,330.23952755102,388.90087755102,592.364321428572,635.074376530612,309.536687959184,341.065709183674,479.431530612245,399.001009183674,212.406255102041,400.271269387755,1089.68769897959,1102.19016428571,639.575447959184,616.960990204082,459.765733673469,564.175597959184,793.376117346939,373.657447959184,686.966770408163,381.657537755102,450.68485,465.815002040816,385.275348979592,366.84503877551,546.054117346939,656.065692040816,430.021797959184,592.860224489796,196.448314285714,488.539663265306,139.624258163265,306.849368367347,765.488745918368,568.783865306123,650.924117346939,545.183757142857,418.865406122449,331.374663265306,241.294231326531,302.689973469388,287.190208163265,268.937009183674,545.055497959184,830.408216326531,639.149413265306,682.578055102041,563.315664285714,293.272998469388,525.451780612245,588.21356122449,307.608184693878,361.663504387755,389.324184693878,378.67413877551,620.060166326531,659.96097594898,544.77634227551,647.086258163265,469.435957142857,657.036955102041,562.797202040816,643.802927551021,481.480380612245,375.090024489796,639.037581632653,397.889974489796,400.694630612245,336.828084693878,309.656043877551,331.964909183674,587.082614285714,357.150339795918,468.70561122449,630.889137755102,738.155397959184,654.517146938776,347.297521428572,561.559389795918,431.297613265306,491.025081632653,353.701501020408,455.910827551021,488.434718367347,452.835898979592,681.773544897959,558.850380612245,420.122763265306,292.181986734694,512.466944897959,531.671464285714,334.067251020408,659.058554081633,538.949217346939,562.277613265306,548.326232653061,421.305596938776,420.544918367347,585.654058163265,223.343894897959,440.66483877551,516.528482653061,1086.15970612245,728.359857142857,444.206644897959,204.828426530612,604.484576530612,560.601020102041,748.57933877551,486.090520408163,873.673826530612,327.837326530612,228.553989489796,333.119426530612,285.232310204082,252.569824489796,317.403251020408,465.063270408163,482.147569387755,492.147852040817,420.935389795918,415.521112040816,350.760774489796,222.814581632653,200.755813265306,422.442013265306,147.119763265306,189.713496938776,572.633470408163,442.852351020408,365.519562244898,437.826525510204,315.222824489796,772.866856122449,168.127956122449,597.72477244898,666.782871428572,393.807973367347,431.641949183674,971.391475510204,578.472824489796,753.831859183674,917.124857142858,664.472030612245,666.457890816327,225.261176530612,359.569129591837,518.989407142857,545.846366326531,174.136426530612,556.917751020408,460.709619387755,637.782235714286,459.595325510204,674.722102040816,549.407614285714,211.006631632653,245.294529591837,485.216602040816,419.863519387755,425.65063367347,549.348262653061,665.112615306123,850.827609183674,956.099430612245,322.001330612245,487.247112244898,762.651510204082,382.238267346939,227.814699489796,561.545830612245,449.510228571429,655.389569183673,834.393180612245,264.465009183674,258.912591836735,146.938451020408,667.799492857143,532.229527551021,315.628016326531,462.912387755102,288.024332653061,247.16443877551,231.233958163265,632.539271428572,623.352658163265,541.887708163265,712.507110204082,375.385590816327,539.894866326531,381.421396122449,406.016110816327,512.686164285714,827.714845918367,1101.7816744898,567.424737755102,633.348965918368,312.538802244898,577.959239795919,514.530247959184,479.879865306123,422.464859183674,630.250447959184,849.743919387755,425.134402040817,397.176708163265,525.463610204082,373.45853877551,548.66916122449,575.447463265306,285.916419795919,310.355815306123,431.390364285714,597.291296938776,464.049152040816,553.712262244898,215.061228571429,231.028209183674,398.79589877551,477.658964183673,529.705107142857,505.527360102041,479.53484244898,467.277931632653,310.38753877551,657.633160204082,502.435009183674,341.543168367347,348.98882244898,471.016103061225,681.205774489796,247.153241836735,738.528083061224,371.385301020408,236.513154081633,299.878326530612,295.960889795918,376.945402040816,793.626674489796,407.882339795918,596.437536734694,466.333853061225,500.942419387755,573.107370408163,437.985597959184,510.068559183674,404.048021428572,335.974813265306,455.138903061224,766.212130816327,599.388830612245,583.59708877551,647.392965306123,314.005236734694,554.75856122449,748.432574489796,694.637314693878,847.545973469388,272.927653061225,359.565180612245,756.67875244898,691.809804081633,339.468868367347,572.149954081633,702.181662244898,616.550915306123,408.304144897959,477.292985714286,504.253877551021,464.470868367347,808.790424489796,479.183046122449,242.55108244898,273.353533673469,396.919234693878,281.555544897959,759.239557142857,1092.51502755102,760.266074489796,321.352204081633,551.525808163266,775.755479591837,318.952081632653,463.806615306122,318.862402040817,642.580717346939,643.09567244898,262.794514285714,529.529625510204,344.244109183674,378.902046938776,648.026067346939,543.839231734694,747.273481632653,600.551203061225,596.196718367347,661.193157142857,540.656297959184,524.673315306123,534.01321122449,345.14486122449,367.770873877551,343.491021428572,616.423595918368,456.682346938776,583.170451428572,339.462592857143,274.547295918367,682.845361632653,550.747119387755,397.459757959184,344.67322244898,214.682104081633,691.366848979592,448.71581122449,606.53653877551,455.187521428572,189.130771428572,357.566974489796,946.826912244898,765.046270408164,320.037573469388,579.709635714286,425.969845918367,460.282817346939,257.158846938776,470.448028571429,451.860265306122,456.067632653061,414.032042857143,425.583104081633,464.623519387755,381.892875510204,408.0898,644.251882938776,643.022041632653,622.478214285714,443.734474489796,405.407129591837,680.871634693878,372.909221428572,475.704337755102,590.937579591837,623.932147959184,555.097106122449,498.569773469388,604.263882653061,720.783110204082,764.082184693878,752.725371428572,778.11741122449,850.629307142857,979.235664285715,1019.41007142857,280.131021632653,658.128597959184,581.371574489796,716.26292744898,359.155578571429,595.515763265306,410.83168367347,792.493534693878,638.497371428571,1220.06668367347,706.966604081633,540.042878571429,524.679939795919,250.105403061225,166.529002040816,584.067177551021,202.376494897959,204.143392857143,512.788779591837,365.085584693878,538.884836734694,628.811153061225,686.997780612245,390.897718367347,427.589447959184,458.872054081633,423.849796938776,233.513970408163,383.906535714286,591.259002040816,447.57551122449,477.584918367347,157.716819387755,525.94541122449,408.991180612245,352.545615306122,493.96107755102,329.569336734694,376.731446938776,458.308143877551,367.289298979592,857.961148979592,1098.70659387755,592.999396938775,265.310660204082,314.400486734694,504.405814285714,365.511185714286,347.685394897959,454.913812244898,463.796265306123,615.911426530612,575.454501020408,346.971241836735,202.774082653061,431.068753061225,582.339047959184,544.647782653061,259.463214795919,486.740596938776,856.900232653061,1006.70688673469,271.14497244898,282.881409183673,352.81088755102,277.340476530612,405.154508163265,332.78882122449,650.487020408163,419.812976530612,357.830547959184,520.530853061225,469.373096938776,628.181112244898,375.888239795918,250.370274489796,372.522448979592,878.817674489796,756.788893877551,96.0281330612245,750.960507142857,534.568128571429,466.076514285714,284.08072,200.27341877551,429.100968367347,166.351691836735,176.175735714286,392.368316326531,772.152185714286,381.780621428571,367.498402040817,776.095405102041,383.165291836735,603.611912653061,677.521569387755,633.068960204082,510.245505102041,411.028830612245,467.353933469388,381.756297959184,140.98357244898,256.00072244898,613.530912244898,396.322751020408,305.321734693878,781.729646938776,556.642448979592,423.134685714286,886.0898,789.901256122449,854.767224489796,399.806610204082,595.409108163266,412.647039795918,426.134389795918,831.044274489796,406.263519387755,923.398785714286,440.949781632653,736.682410204082,621.119641836735,641.481896938776,622.424202040817,358.961289795919,610.455648979592,573.63962755102,543.327463265306,496.799467346939,901.090747959184,436.479139795918,269.937408163265,361.036113591837,637.264960510204,300.524860204082,496.40871122449,465.213274489796,697.453271428571,525.855714285714,632.221148979592,517.430737755102,473.405337755102,293.179788571429,304.454193877551,519.277753061225,480.68005,502.256784693878,483.806120408163,736.832173469388,344.812626530612,893.85672755102,595.403440816327,707.765381632653,385.012835714286,528.157087755102,679.049591836735,356.124095918367,399.38031122449,424.642775510204,223.953266326531,456.654755102041,435.323437755102,429.224328061225,827.659065306123,358.289795918367,545.136065306122,530.688619387755,313.088779591837,325.862896938776,279.571768367347,287.495108979592,461.908875510204,469.188214897959,383.038912959184,314.362667346939,147.262691836735,404.005219387755,525.619217346939,535.705774489796,282.289441836735,294.723741836735,380.524541836735,448.339979591837,367.516284693878,470.889736734694,248.783040816327,424.378678571429,645.899160204082,429.569640816327,633.607910816327,499.986987346939,472.815241836735,309.694155102041,284.471707142857,477.957785306123,834.609234693878,804.470386734694,701.329159183674,912.093758877551,589.191544897959,562.166094897959,471.526478571429,272.543640816327,518.742710204082,400.430932653061,258.316915306123,240.097418367347,383.206520408163,1035.44465306122,482.530880612245,749.388382551021,317.802590816327,254.377152040816,707.237704081633,765.091208163265,547.909571428572,587.896883979592,652.386125816327,634.248380612245,871.63735,902.117935714286,407.272006122449,481.904373469388,441.665516122449,786.905584081633,848.340157142857,410.680162244898,606.635817346939,769.793677551021,426.745352959184,669.559796530612,590.458726530612,416.006404081633,504.028915306123,548.671632653061,437.416497755102,331.360530612245,442.499317346939,275.018216326531,516.32295,403.69515,1363.12851326531,699.335555102041,234.84672755102,511.464944897959,618.806569591837,299.338867346939,449.152899795918,579.818270408163,375.941530612245,523.995010204082,737.529145918368,258.147557142857,353.281577551021,345.47299177551,416.141228571429,449.340924489796,426.595935714286,812.638043877551,671.678113877551,407.081610204082,512.906496938776,458.289304387755,848.249364285715,585.072786734694,186.750180612245,373.387031632653,335.056416326531,150.288575714286,209.969337755102,629.202131632653,359.914053122449,303.259686734694,290.602086734694,472.549294897959,617.37377244898,331.174889795919,641.131555102041,581.467858163266,376.754667346939,349.644766326531,243.469591836735,225.581489795919,377.494042857143,564.226970408163,421.063836734694,439.99438877551,427.039907142857,661.034465918367,783.58397255102,394.209990816327,409.234682653061,200.272539795919,359.750987346939,234.685030816327,555.243528673469,677.159759591837,597.819294897959,336.167359183673,272.155064285714,519.121191836735,594.114390816327,363.874396938776,327.817362244898,423.908792857143,524.691312244898,631.291905102041,829.906753061224,648.895916326531,385.154806122449,214.86211122449,272.314524489796,780.306342857143,489.747247857143,326.689141836735,391.941646938776,418.778560204082,447.409471428572,752.89709122449,720.673319387755,474.655704081633,463.092460204082,233.489898979592,453.549212244898,387.571137755102,289.715712244898,619.632847959184,366.648314489796,501.657883673469,351.812496938776,433.117495918368,332.277315306122,259.461136122449,427.768314489796,488.566341836735,671.632941122449,427.570128571429,439.409720408163,270.433469387755,338.907646938776,201.819097959184,494.390817551021
22.4081632653061,501.637207142857,824.330062244898,596.675081632653,1111.40281632653,980.355184693878,457.962226530612,578.370394897959,426.998567346939,564.766793877551,996.016185714286,657.066790816327,373.562340816327,491.437780102041,452.477312244898,663.116589795918,721.093828571429,696.922402040816,992.655619387755,559.856265306123,426.714236734694,656.054258163265,360.478808163265,470.054495918367,561.506840816327,651.070872653061,543.106772653061,881.363408163265,405.939874489796,539.584181938775,401.83696122449,416.941330612245,253.288648979592,632.780367346939,894.725940816327,720.427448979592,663.767053061224,541.083260204082,550.720756122449,499.851766326531,496.625970408163,376.295210204082,285.058155102041,754.686310204082,568.575885714286,502.613741836735,985.177409183673,834.52036122449,968.900489795918,975.561580612245,566.172578571429,253.408873163265,504.670023469388,432.349976530612,382.63285,522.755970408163,628.523907142857,912.251120408163,837.451420408163,806.062892857143,876.296576530612,452.530101020408,444.664570408163,575.302625510204,467.777246938775,299.046453061224,474.965415306122,617.830979591837,733.037691836735,683.248495918367,541.857137755102,664.240518367347,250.190355102041,571.369040816327,680.086814285714,426.431429591837,391.246092857143,282.743408163265,524.698392857143,711.159728571429,298.281775510204,490.108890816326,391.984716326531,413.683729591837,510.643329591837,563.941923469388,378.713693877551,651.014967346939,494.605292857143,403.390031632653,1091.62268265306,645.845260204082,491.183809795918,665.1031345,261.687696734694,408.590129591837,511.552343877551,378.674317755102,573.894532653061,392.807332653061,364.6219,457.668579591837,457.567679591837,740.650539795918,1035.88358469388,437.629266326531,446.025468367347,268.249926530612,1072.82103571429,735.496695918367,675.423355102041,416.343843877551,422.146929591837,517.945419387755,704.317619387755,585.858199183673,823.741069387755,357.158697959184,225.862562244898,572.004556122449,593.712304081633,383.308019387755,348.689033673469,591.69232244898,450.760771428571,251.930483918367,257.634194897959,330.706033673469,458.948792857143,791.771862244898,577.276639795918,689.043608163265,772.135304081633,363.614109183673,206.148391734694,585.678799897959,358.496582653061,268.997519591837,673.982613265306,436.127798979592,590.423439795918,297.794207142857,306.899958163265,459.188098979592,325.070862857143,307.138969387755,384.162163265306,319.988063265306,400.987543877551,388.665910204082,1003.27944183673,977.124789795918,1224.2908244898,572.880555714286,444.035705102041,365.654787755102,288.191129591837,472.033485714286,848.105262244898,810.008450816327,593.592324285714,701.89849,559.998144897959,391.511178571429,499.747593877551,569.680320408163,610.310039795918,564.517389795918,486.539361632653,689.680167346939,193.031051591837,386.91203877551,599.304170408163,628.91363877551,699.293383673469,889.657328571428,695.083505102041,260.53992244898,448.679763265306,251.899144897959,501.335597857143,544.630623367347,782.951209183673,780.000391836735,766.929859183673,804.721533673469,343.075192857143,431.60116122449,275.340652040816,250.445135714286,368.112429591837,273.708402244898,445.160924489796,656.472171428571,769.944067346939,413.882376530612,493.144931428571,358.672048979592,456.181006530612,328.776223469388,261.294751020408,388.535330204082,241.192193877551,491.506146938775,466.790401020408,701.837451020408,632.475432653061,902.118840816326,902.492665306122,376.145279591837,611.361994897959,651.424858163265,871.36257755102,843.293571428571,664.116742857143,481.105471020408,842.853340816327,497.830106122449,721.468278571429,481.378947959184,621.942870408163,652.516800204082,659.325374489796,977.3592,693.439589795918,609.161514285714,495.745410204082,496.954081632653,574.079455102041,407.105940816326,460.132980612245,391.404833673469,661.191773469388,162.474548979592,389.157929591837,479.255198979592,339.142074489796,760.186966326531,612.059426938775,322.482247959184,651.329276530612,540.186456122449,500.636603061224,531.63837244898,1011.28740918367,633.670036836735,556.772837755102,773.306426530612,435.126053061224,427.052458163265,456.455000306122,379.136544183673,541.63182244898,647.304522448979,422.687592857143,599.901108163265,768.776434693877,329.231185714286,740.403209183674,556.550909183673,556.958157142857,540.336618367347,402.465251020408,443.52737755102,760.569241428571,512.452495918367,294.69397755102,718.722993877551,690.616689795918,532.776893877551,900.012315306122,221.181768877551,430.776078571429,996.14577244898,714.806785714286,713.721574489796,591.275875510204,644.942764285714,552.886116326531,400.426725510204,846.419759183673,738.227251428571,833.346295306122,641.83523877551,624.912554081633,841.546726530612,641.814728571429,673.400963265306,727.578678693878,945.870518367347,608.860687755102,255.455936734694,380.654193877551,769.289128571429,518.752446938775,283.52405,182.948335714286,492.249844897959,902.88522244898,485.163579591837,241.409774489796,307.70507244898,655.160752040816,692.921932653061,853.660196938775,481.053797959184,452.820132959184,351.505244489796,331.468696938775,344.270768367347,262.348868367347,813.703769387755,317.347054897959,579.454071428571,392.005452040816,572.127662244898,656.898016326531,455.666301020408,696.45597755102,756.823744897959,414.936321428571,590.598768367347,811.398080612245,873.45906122449,655.352429591837,529.577992857143,590.611496938775,453.488694897959,933.039409387755,1060.99167367347,622.706435714286,359.013,874.454495918367,681.852753469388,694.718346938776,487.523534693878,322.902514285714,325.305905102041,339.991393877551,279.300818061224,454.600744897959,419.562693877551,661.031594897959,648.00005,518.835070408163,782.219916326531,512.446090816327,551.910392857143,375.629141836735,596.972165306122,360.418144387755,467.11347244898,441.441941836735,196.874895102041,495.111625510204,527.123180408163,499.11811122449,403.111078571428,393.317786734694,557.755386734694,953.93832755102,998.222932653061,379.882120408163,257.652193877551,439.001921428571,611.153632653061,518.770768367347,594.635332653061,569.920520408163,581.073803061224,422.849297959184,534.597426530612,607.095848979592,684.040120408163,798.533271428571,379.063929591837,284.667479591837,367.586056122449,371.209406122449,468.05942244898,651.86786122449,347.065885714286,636.561541836735,427.032242857143,719.647151020408,689.726676734694,513.2868,804.167367346939,689.804833673469,829.039506938776,764.161981632653,447.522094897959,404.649834693877,277.216566326531,466.087007142857,397.976445918367,421.13672244898,499.76389244898,902.768423469388,702.922834693878,733.317496938776,695.90458877551,906.688745918367,508.957075510204,623.104170408163,879.404494897959,751.458694897959,316.461005102041,464.540097959184,708.012591836735,629.380394897959,558.190293877551,481.587503061224,453.00702244898,556.121697959184,573.50967755102,429.010467346939,486.555495918367,441.567880612245,479.160715408163,249.281876326531,485.70791,662.48493877551,956.79157244898,630.448070408163,543.973592857143,314.679414285714,409.335185714286,511.257315306122,895.239563265306,962.562710204082,844.663768367347,744.023736734694,292.242379591837,508.191236734694,754.02132244898,425.095981836735,332.233986734694,216.398086734694,986.174484693878,637.842683673469,394.203863265306,795.243366326531,805.397369387755,677.775718367347,591.472691836735,497.164356122449,292.625481632653,533.966577755102,448.423495306122,540.011403061224,592.448344897959,639.944001020408,270.277740816327,467.660667755102,417.461126530612,408.753025510204,735.406417346939,715.418744897959,837.913029591837,953.988379591837,870.25342244898,566.322893877551,631.581336734694,691.878202040816,871.131887755102,735.562002244898,651.241830612245,987.788210204082,724.23283877551,614.37393877551,595.278463265306,568.267681938775,842.437385714286,923.662004081633,584.449856122449,501.874868367347,489.620239795918,322.634304081633,213.994685714286,493.612370408163,610.587428571429,580.490581632653,479.891666326531,474.617105102041,497.952262346939,399.305102040816,475.907513265306,418.393881020408,641.923431020408,466.281314285714,606.648518367347,251.366312857143,543.231354081633,317.654596938776,695.897310204082,577.407633061224,771.245592857143,416.244260204082,658.947801020408,628.533487755102,506.352571428571,430.175224489796,436.431987755102,486.158574489796,316.5945,387.249610204082,753.603284693877,511.095536734694,327.866276530612,508.196264285714,441.478645918367,323.062384693878,417.716828571429,804.726842857143,600.586862244898,557.103830612245,874.523489795918,599.329491836735,682.423813265306,633.723202040816,971.19967755102,315.138135714286,523.752487755102,627.723533673469,396.060677653061,490.142476530612,232.191936734694,242.822419387755,749.24701122449,537.004625510204,654.001301020408,271.683184693878,559.945131632653,503.572081632653,449.916614285714,685.142229591837,477.634298979592,685.55507244898,494.359209183673,484.752595918367,232.111039795918,477.328986734694,341.820040816327,538.529568367347,668.60616122449,729.802793877551,881.058689795918,1146.0267377551,492.38605,381.717738877551,250.64908877551,297.864460204082,288.602253673469,345.597676530612,567.478621428571,1259.05564897959,648.774389795918,400.50777244898,186.375874387755,848.957297346939,276.802221428571,680.796305102041,353.715103367347,199.32611122449,231.810328571429,373.486789795918,188.953762244898,205.776883673469,682.473936734694,428.30842755102,408.32973877551,334.17362755102,323.744817959184,886.180076530612,584.85428877551,236.188124489796,424.369369387755,576.151401020408,1064.92522857143,983.18926122449,339.898724897959,546.585744897959,358.562070408163,879.876079591837,607.391402040816,241.660978571429,265.676524489796,350.123732653061,489.76695,434.507033673469,345.370182653061,366.682726530612,261.554450816327,768.801263265306,722.638786734694,359.62514877551,418.749626530612,1230.33616530612,791.089075510204,444.498814285714,859.52528877551,1073.46432959184,977.948575510204,720.011510102041,331.290548979592,382.324498673469,419.003878571429,598.396578571429,689.534659183673,461.535528571428,383.196631632653,564.639271428571,464.585507142857,444.023900816327,596.772232653061,1067.99504897959,638.805968367347,802.080166326531,841.33217755102,531.724840816326,598.502866326531,457.317721428571,518.996958163265,717.027856122449,801.996318367347,801.1838,384.978025510204,678.823781632653,596.867894897959,307.633664285714,351.743342857143,171.103524489796,712.429276530612,857.904170408163,175.370589795918,617.680663265306,204.790646938776,242.11647755102,205.556064285714,520.442496938776,442.535078571429,574.280257142857,621.600704081633,887.001068367347,898.953557142857,876.287507142857,513.168137755102,569.305607142857,669.869909183673,663.759536734694,569.949660204082,573.524824489796,619.889289795918,339.150658163265,647.840928571429,518.647316326531,298.895880612245,879.3136,911.799762244898,898.437075510204,678.23322244898,792.547642857143,514.109693571428,825.858551632653,472.963857142857,731.410098979592,810.706246938776,627.967315306122,926.480970408163,745.935916326531,262.084778571429,352.308084693878,725.859340816326,673.391508163265,616.008895918367,688.992769387755,712.5825,475.990601020408,509.720665306122,556.851690816326,440.146695918367,320.24902244898,496.520296938775,578.313670408163,312.882893877551,331.946467346939,363.028381632653,465.280702040816,449.124295306122,774.091258163265,847.76103877551,834.990729489796,523.515184693877,555.860108163265,698.651787755102,916.581514285714,396.618403061224,497.375342857143,741.781457755102,543.596496938776,179.476671836735,515.154494897959,1197.3585755102,379.15116122449,613.012996938775,633.717486734694,698.370404081633,522.450960204082,812.610247959184,382.213841836735,344.999941836735,469.246760204082,461.421710204082,510.144707142857,408.804086734694,556.117973469388,723.105189795918,394.409831632653,881.641102040816,632.439051020408,528.469773469388,605.640055408163,1288.73029285714,563.666941836735,1003.34921632653,573.9836,827.360874489796,740.634682653061,782.488705714286,621.651582653061,673.483421428571,663.442636734694,479.811241836735,778.854706122449,711.781308163265,657.945028571429,927.980872448979,740.681364285714,739.948123469388,795.770134693878,523.557035714286,687.596513265306,730.202335714286,479.087376530612,789.415133673469,619.196141836735,423.918101020408,581.64122755102,288.522221428571,318.072966326531,314.877820204082,372.616295918367,535.016991836735,623.935375510204,654.293268367347,504.391319387755,928.312887755102,422.819420408163,482.723044897959,524.743051326531,446.138417346939,506.484820408163,407.076473469388,375.439075510204,717.458434693878,747.109285714286,262.665784693878,740.656164285714,665.874431632653,505.31656122449,1187.31695530612,581.895362244898,732.811374489796,575.108769897959,607.721247959184,392.229968367347,603.026997959184,616.918332653061,632.56277755102,527.41577244898,338.525579591837,555.722824489796,422.430932653061,190.062528571429,296.848870408163,172.297081632653,392.084007142857,415.245866326531,551.724130612245,542.851101020408,512.605505102041,356.526290816327,470.524565306122,489.515265306122,410.263743673469,510.264931632653,503.505648979592,422.709582653061,409.357953265306,482.66245,279.50452244898,1363.52672346939,682.002916938775,737.869985714286,630.535320408163,455.974319387755,800.81822755102,480.499471428571,899.996893877551,445.043690816326,1036.11174489796,813.401926530612,468.909490816327,767.249912244898,850.293306122449,531.162193877551,568.264133673469,456.828737755102,319.899998979592,214.109124489796,334.99852755102,525.647236734694,254.005163877551,443.360970306122,397.212447857143,396.516291836735,301.399930204082,576.869718367347,438.666434693878,428.160023469388,558.925692857143,624.381080612245,396.591846938775,603.244228571428,176.066079591837,290.073679591837,252.73382755102,871.804433673469,722.372797959184,402.292163265306,244.52246122449,333.46624122449,499.569743877551,318.588834693878,741.473461632653,576.285734693878,516.218848979592,335.773633673469,938.003796938775,1059.94019693878,396.673474897959,220.86462755102,418.865182653061,465.295385714286,322.259129591837,322.470613265306,325.494291836735,441.43642755102,466.039105102041,585.312904081633,497.733876632653,577.954533673469,670.318236734694,561.140773469388,473.631016326531,747.4104,920.169842857143,595.055715306122,597.972591836735,984.245810204082,916.38235,444.42987755102,354.297066122449,548.903183673469,825.351948979592,496.177284897959,484.546944897959,475.049135714286,404.653879387755,663.812217346939,803.859851020408,314.547185714286,837.919832653061,454.865286734694,612.071513265306,874.02936122449,511.155840816326,843.264596938776,566.287514285714,1080.31336632653,884.023290816326,862.388063673469,356.635721428571,617.98153877551,683.877731632653,428.447568367347,889.439980612245,702.264797959184,691.353098979592,861.154204081633,553.807529387755,590.343202040816,617.846929591837,922.931939795918,626.439625510204,134.223544897959,171.092532653061,564.890132653061,628.321928571429,790.096228571429,737.234231632653,252.818007142857,483.819921428571,484.712039795918,392.245830612245,228.145789795918,176.512108163265,683.425123469388,814.917644897959,848.227462244898,774.357171428572,576.80505,619.549908163265,536.552596938776,689.818791836735,386.443102040816,446.664371428571,457.406894897959,844.806585714286,743.535933673469,263.278353061224,670.289453877551,214.372403061224,527.994944081633,462.811353265306,546.236643877551,666.913174489796,491.848319387755,447.526029591837,422.362875510204,561.954618367347,551.412304081633,864.47882755102,708.09577244898,687.441041836735,801.917473469388,626.755340816326,1024.26476632653,408.888954081633,647.57575,931.17491122449,798.804039795918,520.515545918367,142.106927346939,654.80686122449,771.934202040816,1013.20179897959,551.072130612245,522.643391836735,715.311581632653,830.393402244898,754.3259,475.64317244898,217.104135714286,633.590509183673,810.795006122449,902.873507142857,791.405264285714,632.18612244898,586.701087755102,301.469389795918,508.537266326531,431.15068122449,639.615617346939,685.728576530612,423.375540204082,591.306569387755,375.221468367347,533.180048979592,434.472048979592,502.603390816327,340.26402755102,233.181347959184,725.592974489796,576.16546122449,684.307632653061,339.952749795918,623.337026530612,326.430496938775,294.464683673469,424.336373469388,562.60396122449,634.237617346939,621.98337755102,422.515046938776,615.393464489796,572.08555,505.280985714286,434.090044897959,439.378994897959,390.430330612245,614.633780612245,583.819197959184,485.696152040816,421.223643265306,471.286842653061,610.591791836735,478.202122448979,373.700747959184,432.693781632653,775.429171428572,451.011523469388,326.502765306122,773.621208163265,663.992590510204,701.184143469388,461.562512244898,477.326143877551,328.052279591837,351.658507142857,612.221093877551,467.039883673469,423.207733877551,677.240858163265,618.749690816327,834.023190816327,687.162629591837,848.019975510204,578.93072244898,840.539541836735,536.262909183673,370.278436734694,633.798856326531,754.490179591837,884.330404081633,685.339342857143,441.945162244898,216.823853571429,679.093037755102,690.098314285714,607.100495918367,385.681994489796,271.574066326531,482.558906122449,751.11920744898,328.60998877551,615.831336734694,659.29607244898,328.367748979592,667.714040816326,880.285541836735,556.678835714286,232.240093877551,304.698842857143,623.409113265306,1264.07590918367,543.662960204082,772.523174489796,612.122210204082,364.979016938775,583.562691836735,389.861952040816,222.760196938775,334.840928571429,392.559187755102,564.499787755102,929.55165,737.780545918367,314.117066326531,1005.50688571429,906.988516326531,718.509562244898,988.934039795918,552.058633571429,474.631498571428,547.668228571428,472.52376122449,383.955386734694,630.254958163265,652.190544897959,691.793775510204,625.03182755102,583.614959183673,616.140848979592,493.1283,508.612841428571,667.186053061224,275.687689795918,206.386012244898,286.121808163265,654.781936734694,451.945954081633,770.552894897959,585.332709183674,547.790760204082,461.226774530612,295.644029285714,623.268148571428,524.569216326531,374.246876530612,330.252034693878,490.851334693878,469.6832,597.33202244898,479.418326530612,756.17101122449,450.88157755102,567.39047755102,606.845285714286,591.231736734694,437.478478571428,541.690575510204,384.184428571428,638.274526530612,536.397753061225,485.850378571429,589.363644897959,801.586589795918,590.182286734694,577.836455102041,788.61552755102,875.182353061224,368.171791836735,452.843331632653,885.240374489796,378.971229591837,405.961557142857,628.789914285714,499.483945918367,888.864223469388,875.905084693878,588.369017346939,736.194640816327,998.593822448979,909.14437755102,653.299715306122,618.614699897959,453.451484693878,859.477674489796,977.600268367347,460.628091020408,1023.31906918367,274.614015306122,291.73767755102,730.266671346939,302.72325,580.133753061225,643.590226020408,773.04116122449,731.399956122449,384.006265306122,881.006440816326,331.903766326531,351.556784693878,775.0386,651.499301020408,575.659917346939,535.447692857143,365.188204081633,464.768571428571,428.974559183673,504.298780612245,818.202520408163,559.779573469388,439.36408877551,997.763967346939,1016.62213673469,517.241510204082,734.23451122449,361.778098979592,496.135482653061,604.942640816327,670.233780612245,906.699534693877,615.907697959184,700.128581632653,527.720501020408,622.461128571429,531.399831632653,734.127124489796,245.945069183673,425.165610204082,493.547235714286,418.359180612245,469.506343877551,482.724010204082,761.639188061225,820.100515306122,562.556696938776,627.077360204082,644.783448979592,808.167289795918,427.379690204082,656.284935714286,698.181430612245,869.415264285714,530.274957142857,596.057903061224,1025.35956836735,513.31452755102,390.089244897959,595.162178571429,343.265295918367,284.979328571429,770.138092857143,726.421462244898,688.500287755102,765.535691836735,592.980309183673,316.090464285714,353.715746938775,643.399064285714,355.225823469388,750.622616326531,470.966439795918,609.531406122449,499.297794897959,786.109783673469,442.656202040816,436.277431632653,867.060625510204,396.490794897959,459.985441020408,656.559145918367,367.822651020408,411.403762244898,492.597886734694,560.737785714286,789.221167346939,688.644121428571,772.01431122449,485.210932653061,664.987842857143,645.272103061224,616.821837755102,527.654359183673,448.01886244898,821.920015,590.100165306122,412.021857142857,595.169624489796,546.372476530612,637.733726530612,510.068603061224,309.270087755102,396.529517346939,392.585215306122,309.496513265306,422.782062244898,426.920503061225,565.74647755102,616.270246938776,387.389763265306,493.75654755102,628.847221428571,411.959969387755,465.030383673469,722.368795816326,524.555356122449,396.402519387755,338.542003061224,425.251528571429,513.299974489796,793.943114285714,629.539012244898,437.220326530612,888.691943877551,389.45963877551,925.038842857143,633.081968367347,483.277696938776,559.704943877551,503.36478877551,364.401773877551,405.111025714286,771.833674489796,523.846106122449,516.284566326531,604.947442857143,604.385924489796,580.044513265306,487.72136377551,520.688621428571,737.438668367347,841.463457142857,926.136554081633,609.189800102041,727.749664795918,703.650898061225,944.632276530612,705.585285714286,512.61303877551,644.438055102041,736.494966326531,459.485937755102,391.80875,304.322566326531,304.019797959184,302.624617346939,377.22377244898,541.00062755102,1019.18575510204,876.117241836735,512.814524489796,386.768192857143,430.87896122449,559.678184693878,475.592139795918,578.930046938775,288.076963265306,143.534842857143,398.166240816327,610.830292857143,643.944836734694,1085.63604285714,862.648990816326,586.527687755102,400.977220408163,688.852942857143,489.313430612245,596.565824489796,565.156934693878,592.006198265306,873.625765306122,779.780376530612,380.657085714286,223.432730612245,430.676752040816,652.16333877551,611.044191836735,486.178587755102,327.361092857143,490.470614285714,805.94306122449,624.453195918367,427.366997959184,669.483371428571,252.86231255102,341.058948571429,232.853629795918,219.144908979592,217.872315306122,340.452970204082,496.058871428571,892.505219387755,719.755708163265,606.757928571428,526.142413265306,584.289691836735,703.486,692.688046938775,896.288767346939,433.981420408163,195.353936734694,464.149780612245,442.451865306122,461.041823469388,458.494370408163,955.832979591837,263.345546734694,425.963844897959,761.246742857143,468.899725510204,575.098767346939,739.651263265306,1005.77116938775,666.920618367347,291.47857755102,304.422288265306,309.143210204082,603.799023469388,241.597428877551,697.993897959184,313.329834693878,140.922206938776,398.130187755102,564.264145918367,348.264761632653,667.791801020408,505.336467346939,700.964098979592,416.082290816326,243.980404693878,933.752948979592,657.38248877551,579.854728571428,614.393948979592,536.069908163265,442.488365306122,805.107731632653,957.75177755102,621.712071020408,588.847202040816,707.217673469388,736.91682244898,666.83032244898,686.705783673469,488.1266,588.828767346939,868.138016326531,848.713631632653,512.13757244898,887.309230612245,719.06627755102,588.303333673469,725.762365306122,898.829818367347,680.23543877551,577.712210204082,291.317776530612,749.836123469388,700.880090816327,685.361408163265,448.039586734694,709.44901122449,226.487741836735,469.301502040816,488.232333265306,532.122748979592,766.234187755102,823.674030612245,790.161687755102,681.301867346939,1249.38735408163,750.79871122449,646.261526530612,806.673333673469,957.054121428571,908.001767346939,928.091803061224,614.918833673469,867.19701122449,672.292580612245,528.436852040816,658.5005,415.832683061224,336.721901326531,297.818680612245,372.749737755102,246.196915306122,493.640659183673,733.426043877551,427.782656122449,480.686923469388,650.424789795918,381.5196,512.927783673469,535.371637755102,864.561964285714,570.187891836735,488.648740816326,404.128368367347,870.929795918367,781.207969897959,576.852836734694,546.825957142857,813.89842244898,784.96127244898,331.588107142857,324.777817346939,669.446347959184,914.55872244898,511.013110204082,586.584035714286,339.843782653061,358.80867244898,583.044694897959,313.210999591837,472.819575510204,381.26235,338.10022755102,345.935079591837,626.20901122449,667.075621428571,327.851889795918,357.46671744898,569.429286632653,774.98357244898,781.127451020408,320.880286734694,529.736235714286,581.852193877551,740.591524489796,1059.07366326531,910.50422244898,1187.38167857143,759.863794897959,519.966058163265,271.550615306122,398.180028571429,687.921742857143,689.642875510204,438.085985714286,484.963317346939,713.760197959184,919.341844897959,802.434231632653,920.908702040816,607.640897959184,542.395915918367,748.512392857143,679.104159183674,464.067568367347,305.544795918367,419.315140816327,313.620243877551,467.559426530612,245.431030612245,314.946307142857,551.582383673469,374.568253061224,636.161723469388,473.401891836735,497.225455102041,534.61493877551,394.006876530612,526.799447959184,388.080212244898,520.685460204082,231.863181020408,152.394654081633,625.356567346939,261.333121428571,513.949408163265,762.746718367347,442.525513265306,646.543645918367,362.06291122449,791.059233673469,713.190777959184,502.634534693878,388.962230612245,427.14761122449,434.316166326531,846.25642244898,755.775991836735,921.341515306122,186.221139795918,514.796556122449,379.048987755102,260.084302040816,382.381562244898,816.421491836735,633.623365306122,573.031339795918,693.523943877551,922.183330612245,640.447131632653,675.40661122449,349.062116326531,545.144970408163,683.436576530612,525.93348877551,576.486148979592,340.050808163265,454.068996938776,443.983269387755,370.591691836735,348.725321428571,279.237992040816,710.562252040816,450.827337755102,626.885918367347,787.266640816326,384.944818367347,798.382315306122,491.123375510204,573.173941836735,692.880160204082,658.03366122449,686.81132755102,587.94387755102,676.470167346939,455.520174489796,1029.58317183673,528.380708163265,693.856658163265,454.211569183673,448.436049285714,833.500357142857,639.73556122449,417.532901632653,564.550294897959,305.842252857143,491.176055102041,353.184612244898,982.943336734694,740.845804081633,724.919469387755,459.051229591837,722.496043877551,834.218555102041,487.228271428571,405.171043877551,694.943463265306,407.316830612245,591.997094897959,951.021540816326,780.68675,796.526281632653,553.414951020408,536.190610204082,422.115969387755,617.764436122449,627.70872755102,592.075574489796,420.211243877551,922.177578571429,386.757159183673,665.33363,522.416480612245,500.489413265306,444.822805204082,454.732840816327,707.963185714286,746.220721428571,467.755503061224,388.154731632653,730.558291836735,608.884634693878,295.594532653061,516.122107040816,260.537493877551,868.509089795918,532.034612244898,1086.49518367347,748.38566122449,956.443743877551,1133.34223040816,743.041372448979,768.785234693878,412.328979795918,596.971,275.791359183673,391.274893673469,318.079879183673,702.512055102041,724.963462244898,582.64637755102,444.39803877551,1006.33638265306,839.357659183673,765.346004081633,448.167924489796,579.135876530612,676.285565306122,662.871294897959,587.919320408163,467.764531326531,587.14162755102,269.259014693878,666.545540816326,707.016233673469,527.572653061224,782.164543877551,690.685855102041,417.516312244898,260.518709183673,483.122833673469,753.159112244898,936.514569387755,726.949155102041,923.179865306122,637.543719387755,710.987612244898,673.79737755102,504.240321428571,930.521154183674,511.586642857143,294.703760693878,538.545483673469,97.6607580612245,979.178889795918,456.319137755102,721.020501020408,803.06807755102,856.64242244898,622.467934693878,835.455253061225,662.747025510204,583.505802040816,331.829145510204,500.840217346939,209.557455102041,330.105045918367,433.065378571428,463.839716326531,463.558931632653,780.189455102041,908.611317346939,665.436595918367,568.589508163265,885.307194897959,649.243848367347,548.484320408163,398.721783673469,541.738425306123,707.287556122449,646.242829591837,439.737736734694,530.907401020408,484.085086326531,548.851297959184,337.436859183673,370.314731632653,532.851594897959,151.859065306122,204.441133673469,185.772663265306,293.355863265306,443.462960204082,570.541658163265,745.220052040816,552.647144897959,402.822962244898,543.261287755102,289.996857142857,477.737178571429,429.005733673469,539.805096938775,601.25293877551,617.66417755102,509.803880612245,582.546609183673,645.989503061224,437.518235918367,926.743714285714,656.316331632653,530.325878571429,595.777312244898,537.051486734694,535.871391836735,404.891433673469,701.772685714286,568.322991836735,715.213089795918,499.308283571429,515.67158877551,577.847153061225,756.49405,671.207983673469,601.717309183673,381.807232244898,300.223476530612,241.725771428571,574.417367346939,481.762160204082,481.310537755102,467.897490816327,634.966647959184,517.557613265306,884.769243877551,520.551889795918,354.720566326531,392.987955306122,294.907886734694,286.147862244898,458.483263265306,722.80138877551,671.253587755102,769.981563265306,572.217230612245,660.068942857143,200.020469387755,720.282125510204,444.840191836735,507.242897959184,639.593920408163,725.141966326531,632.028729591837,428.173823469388,695.370273469388,759.228107142857,326.844292857143,872.269580816327,1083.57422959184,609.887400408163,567.310541836735,397.353475510204,311.534212244898,432.304775510204,350.701154693878,395.613090816326,307.724702040816,314.646893877551,308.087141836735,808.807830612245,484.328005102041,481.076902040816,507.032159183673,973.711733673469,362.132617959184,398.215517959184,401.377723469388,187.387347959184,543.501548979592,549.077809183673,246.311603061224,224.528025510204,423.478108163265,389.874865306122,1011.30403979592,509.465571428571,953.441495918367,872.738392857143,584.823090816326,996.610393877551,693.876744897959,723.775701020408,670.401623469388,641.563164285714,481.314631632653,423.540702040816,732.60267755102,471.29575,331.751732653061,702.664160204082,920.735048979592,634.464069387755,252.617003061224,583.441628571429,718.909603061225,381.854331632653,519.653729591837,279.998583673469,412.584165306122,472.351366326531,477.790803061224,333.393635714286,239.687096938775,327.25037244898,502.156737755102,268.640265714286,199.250973469388,273.2967,301.660120408163,443.035589795918,699.070383673469,1102.42392459184,844.868443877551,787.013690816327,364.130647959184,213.498548979592,265.278685714286,479.305496122449,694.293808163265,456.389376530612,895.772319387755,525.441094897959,242.631789795918,543.403892857143,364.698341836735,415.161555714286,570.294913265306,576.580995918367,980.693919387755,762.51847755102,763.806119387755,1028.79571326531,1323.20820612245,1076.99880306122,697.357620408163,696.359766326531,760.539165306122,315.519236734694,373.731604081633,507.607333673469,651.927512244898,481.52888877551,550.751717346939,703.662418367347,636.740297959184,910.599371428571,1118.33012244898,788.341808163265,854.379626428571,989.948683673469,933.082815306122,499.343066326531,701.25216122449,899.708869387755,647.037717346939,516.159622448979,651.581964285714,608.336630612245,1041.80380510204,696.450724489796,1034.54469081633,618.546886734694,420.921674489796,558.935933877551,351.444761632653,293.349862244898,331.591699591837,416.021687755102,289.506008163265,213.060564489796,261.803114081633,403.686634693878,510.892335714286,693.772714285714,475.075451020408,455.755354081633,352.738045918367,474.918915306122,391.47402755102,435.144280612245,688.275640714286,1063.77316377551,404.26528877551,528.19052244898,263.580757142857,480.19016122449,503.56736877551,608.65861244898,614.223736734694,355.69727244898,591.078031632653,400.813760204082,675.672048367347,598.123811428571,837.549873673469,562.827244897959,206.497012244898,427.918539795918,641.240783673469,424.07403877551,388.788112244898,675.614186734694,334.676490816327,523.428252040816,460.636964285714,492.431147959184,839.890934693878,561.806334693878,465.17352755102,413.849352040816,968.325997959184,750.954939795918,652.280383673469,202.559579591837,550.688575510204,638.889780612245,628.796052040816,385.60657244898,544.991076530612,515.125809183673,362.230954081633,558.631579591837,617.894844285714,445.270553673469,350.389702040816,473.935693877551,500.478154081633,552.250553061224,658.680002040816,578.237455102041,652.228812244898,994.69541122449,414.660617346939,570.496309183673,520.194493877551,1591.29839734694,943.731243877551,594.329545918367,763.713483673469,908.525093877551,800.516148979592,722.301693877551,942.630697959184,504.24743877551,403.662291836735,439.1468,579.1745,794.892853061225,1240.01116632653,1034.96163265306,942.259536734694,900.063833673469,438.568405612245,434.510568163265,313.136764285714,510.799362244898,656.913293877551,364.877182653061,330.990566530612,531.114669081633,919.887387755102,800.055545918367,715.721758163265,582.97613877551,435.478445918367,508.547093877551,433.576809183673,613.133783673469,562.978666326531,584.862515306122,963.593424489796,541.433201020408,861.793884693878,935.231334693877,713.794787755102,551.896367346939,518.467957142857,456.617170408163,495.440642857143,785.193746938775,461.8216,423.668234693878,521.479010204082,239.133212244898,225.593992857143,444.28308877551,537.174215306122,891.940003061224,566.690417346939,369.396746938775,253.91643744898,564.852515306122,770.537995918367,545.03557755102,689.367654081633,421.245931632653,271.867967346939,721.694910204082,309.522345918367,818.229335714286,932.425903061225,830.958837755102,564.376162244898,973.555190816326,656.865939795918,994.197013265306,886.041935714286,467.988653061224,656.156965306123,255.350419795918,618.630480612245,504.270290816327,655.488291836735,456.801197959184,370.865085714286,515.90062244898,438.473607142857,513.688048979592,1015.85552346939,722.141403061224,891.492244897959,677.60421122449,607.560460204082,219.853403061224,526.734502040816,533.871879591837,736.01808877551,776.121658163265,640.162159183674,547.875326530612,395.823035714286,243.455012244898,697.709398163265,521.564608163265,732.885271428571,611.642478571428,521.674394897959,780.768268367347,540.217828571429,782.206034693877,427.259590816326,348.507310204082,593.719556122449,901.107541836735,606.948048571428,548.218489795918,234.100244897959,536.796644387755,778.360126122449,295.18191122449,199.91541122449,557.54792244898,594.590390816327,589.255310204082,535.524013265306,446.730228979592,743.818860204082,405.579282653061,404.280097959184,542.446281632653,582.803593877551,462.304170408163,772.07086122449,353.239828571429,208.815374489796,479.969070408163,814.334943061225,456.58196122449,491.875124489796,617.403942857143,554.095332653061,601.204009183673,628.5673,466.833512244898,526.929595918367,863.961228571429,597.523418367347,302.757257142857,335.249681632653,615.878792346939,720.506335714286,403.989507142857,708.177930612245,476.391965306122,635.278641836735,801.001995918367,915.718801020408,390.264501020408,361.793701020408,275.592631836735,605.114382653061,795.231417346939,612.224367346939,455.659305102041,887.520439795918,640.491173469388,588.080105102041,629.994023469388,367.213424489796,226.354089795918,389.069278571429,286.998074489796,294.198902040816,251.462707142857,494.29527244898,695.067415306122,752.754605102041,583.975424489796,341.947095306122,184.886114285714,451.634518367347,477.149583673469,681.42993877551,396.823364285714,193.138943877551,552.353304081633,580.653164285714,298.063934693878,476.522313265306,323.605592857143,774.523514285714,571.779660204082,865.033495918367,850.21852755102,636.216912244898,419.356440816326,645.672404081633,775.856712244898,412.827156122449,353.300384693878,471.153252040816,635.604857142857,540.910501020408,583.643254081633,589.373031632653,794.772960204082,1039.64781530612,438.78113877551,627.749056122449,669.099803061225,890.356153061224,1161.19013877551,648.20277755102,470.359317346939,975.323555102041,995.356485714286,654.117821428571,522.665510204082,716.506076530612,397.399664285714,869.480893877551,529.826637755102,524.96853877551,564.259776530612,791.694223469388,896.503826530612,455.116889795918,571.866141836735,342.466942857143,1107.08355510204,713.847379591837,567.492735714286,1040.06107653061,476.044469387755,705.406018367347,665.138808163265,821.661619387755,814.110698979592,722.773744897959,852.685052040816,652.682545918367,425.959519387755,606.926979591837,660.354229591837,724.713026530612,755.210016326531,301.695615306122,561.459421428571,479.716256122449,550.504936734694,707.172747959184,441.008556122449,375.581664285714,692.635282653061,551.470598979592,407.848137755102,751.871873469388,480.086346938775,693.127675510204,590.014484693877,472.414075510204,641.32358877551,257.700875714286,529.411264285714,404.127023469388,807.011031632653,945.060054081633,655.9306,559.524226530612,670.030922448979,607.071346938775,563.858982653061,657.390317346939,339.214966122449,260.550347244898,187.974433877551,313.400320714286,459.387029591837,750.212343877551,425.711230408163,890.359217346939,814.64206122449,1078.39939591837,586.417159183673,622.062379591837,269.840729897959,172.300152653061,171.72921122449,741.172483469388,585.045916326531,540.422255102041,727.158121428571,906.782987755102,402.720868367347,722.854560204082,564.175937755102,798.79563877551,143.526086734694,574.476371428571,525.878825510204,557.674895918367,748.040498979592,667.905333673469,554.501895918367,621.435539795918,842.077058163265,803.88792244898,559.773676530612,605.078498571429,541.541253061224,563.760601020408,466.607671428571,534.666678571429,528.348618367347,558.434412244898,353.865116326531,374.595574489796,412.10153877551,499.065101020408,674.120910204082,709.021863265306,631.608521020408,944.180518367347,639.334874489796,254.059364489796,214.222714489796,281.767064489796,731.665905102041,639.248401020408,499.258507142857,521.015679591837,750.548705102041,673.774786734694,805.251319387755,857.954781632653,651.197913265306,808.473317346939,855.784334693878,774.458730612245,402.62498877551,371.851213265306,329.710594897959,367.442964285714,145.653938163265,435.7891,838.252591836735,417.714732653061,203.842765306122,375.313174489796,232.732747959184,779.332653061224,233.036923469388,329.762642857143,449.355479591837,626.312480612245,384.384712244898,782.453328571429,501.790984693877,261.287553061224,468.117395918367,818.187528571429,742.946962244898,508.903301020408,501.2311,185.316664897959,362.562560204082,444.370498979592,666.108706122449,717.615805102041,973.126573469388,190.630888979592,694.690703061224,343.797523469388,837.265116326531,622.448957142857,470.702307142857,623.746057142857,807.477529591837,468.060321428571,397.322640816326,381.727750408163,305.016075510204,704.762793469388,568.401146938775,455.116488163265,438.19352755102,826.403389795918,878.180526530612,1053.05529081633,1229.7912755102,707.043798979592,485.627325510204,447.521990816327,499.098281632653,667.356626530612,749.694625816326,492.25147755102,901.142751020408,399.670123979592,788.279878571429,583.42361122449,963.211394897959,328.174313265306,684.751163265306,769.451152040816,846.010493877551,427.082833673469,641.430398979592,495.722342857143,465.247492857143,1436.86691632653,590.096085714286,573.845123469388,1024.32229081633,839.778058163265,751.024618367347,835.507405102041,278.399029591837,489.778016326531,488.578993877551,653.192782755102,353.294047959184,246.741601020408,438.843406122449,528.285521428571,467.146934693878,239.248160408163,393.980779591837,418.301258163265,559.398047959184,768.622120408163,437.64123877551,676.797353061224,393.455684693878,594.25647244898,565.506998979592,579.536862244898,457.452045918367,809.470481632653,914.398921428571,867.864079591837,679.22932244898,492.100887959184,617.536679591837,645.536856122449,579.670984693878,586.096791836735,335.45942755102,652.229374489796,203.265181632653,378.737773469388,780.690004081633,347.941541020408,352.135813265306,601.163218877551,967.148452040816,725.605051020408,594.244728571428,843.314719387755,720.453782653061,539.4097,655.959889795918,768.705313265306,857.230032653061,850.482480612245,568.661236734694,732.301660204082,804.381460204082,479.640442857143,835.543097959184,754.786789795918,790.422868367347,389.201109183673,520.700232653061,592.900310204082,536.963993877551,290.02477755102,258.22467755102,497.178184693877,659.606437755102,242.441690816327,587.932926530612,356.774654081633,343.236744897959,794.73597755102,803.665696938776,214.612679591837,487.794481632653,328.648208163265,416.63686122449,705.550203061224,218.519635714286,645.803389795918,397.323837755102,380.198689795918,409.398503061225,452.721407142857,509.478167346939,248.166671428571,634.637655408163,297.511936122449,611.219614285714,727.679804081633,473.89737755102,664.757832653061,818.732564285714,707.147118367347,925.815070408163,905.875908163265,485.136275510204,384.493209183673,838.243240816327,536.549128571429,716.02827755102,317.009525510204,681.453856122449,619.855294897959,486.743318367347,528.693946938775,316.679326530612,614.080225510204,647.22413877551,1120.53099387755,945.421235714286,578.600921632653,272.606366326531,379.057463265306,503.027278571429,403.460062244898,765.010667346939,578.64942755102,324.324886734694,330.134184693878,1165.26598061224,583.133398979592,611.087385714286,799.122413265306,1016.8298877551,624.88095,972.733939795918,792.064635714285,692.593703061224,610.976951938776,765.037336734694,862.476859183673,783.001519387755,290.062808163265,265.558384693878,588.621369387755,747.453021020408,669.290967346939,785.430664285714,493.35956122449,422.976484693878,735.517312244898,543.038336734694,705.338375510204,419.377267346939,484.405945918367,486.141865306122,698.051547959184,715.540022448979,253.763037755102,582.639263877551,394.293498979592,442.723303061224,407.704687755102,367.088603061225,446.540160204082,464.331204081633,571.867007142857,685.428942857143,357.376677346939,542.11017244898,828.329420408163,144.782478571429,890.721843877551,479.356151020408,717.126422448979,336.346920408163,242.782213265306,430.637906122449,552.766909183674,587.552383673469,731.538248979592,294.707803061224,394.279454081633,1073.9823622449,711.653171428571,425.760932653061,950.46543,910.034030612245,560.178160204082,742.317768367347,564.813770408163,560.758876530612,578.940190816326,487.588420408163,561.199248979592,129.329140816327,463.976557142857,592.709064285714,480.242669387755,732.415586734694,561.106748979592,614.994387755102,645.363104081633,502.076055510204,424.97296122449,620.566608163265,370.040174489796,431.079363265306,567.279002040816,453.932234693877,367.076056122449,612.294673469388,821.487809183673,723.672990816326,1099.92628163265,986.257032653061,1037.98789387755,819.477403061224,500.414032653061,512.238878571428,299.364213265306,769.928915306122,370.273957142857,699.808892857143,420.366794897959,803.062629591837,427.708302040816,400.419657142857,425.651810204082,739.598360204081,533.817166326531,474.253466326531,476.943832653061,514.407107142857,755.857700408163,832.573154081633,610.848029387755,629.185529387755,320.724665306122,800.314546938775,688.034475510204,526.802862653061,438.645931632653,414.352973469388,394.851342857143,720.219397959184,601.257064285714,653.667197959184,555.72762755102,848.315207142857,648.689730612245,765.21338877551,304.101923469388,280.077756122449,518.896787755102,990.580781632653,963.091137755102,720.196552040816,825.576050714286,1042.59871530612,461.627414285714,709.382468367347,512.271302040816,412.762084693878,545.501689795918,730.826239795918,912.592976530612,571.222143877551,205.743420408163,303.206064285714,519.512765306122,307.039818367347,867.174313265306,774.454640693878,239.627928571429,376.779328265306,365.688854081633,765.53192244898,833.263646938776,426.394260204082,629.269040816327,591.050991836735,644.324587755102,667.341315306122,576.823857142857,571.283864285714,682.364326530612,440.062676530612,486.155234693878,831.217935714286,550.364544897959,485.530963265306,447.23757755102,458.201615306122,348.490057142857,366.11455,357.735236734694,284.453674489796,335.779765306122,503.569865306122,683.341741836735,432.694405102041,368.494060204082,445.137813265306,510.997598979592,650.578984693878,876.004704081633,577.168917346939,564.003983673469,332.793920408163,521.47188877551,766.74186122449,536.344920408163,736.782966326531,273.772223469388,674.049759183673,754.78483877551,682.578459183673,696.797644897959,609.020916326531,381.381890408163,494.499002040816,566.94952244898,560.680681632653,419.39803877551,450.68867755102,650.089322448979,537.541375510204,503.92086122449,248.205313265306,317.305580612245,208.794069387755,291.014794897959,377.02066755102,553.815521428571,766.101683673469,793.345212244898,470.560033673469,523.570374489796,572.921060204082,239.612249693878,1092.30436530612,944.469519387755,490.096285306122,267.829992857143,430.65347244898,281.405031632653,305.37446122449,232.346394897959,316.961692857143,192.545374489796,339.298435714286,377.791668367347,660.288197959184,653.891841836735,1200.43848265306,555.421601020408,662.65962755102,793.43496122449,833.002905102041,907.23947244898,601.56571632653,255.171598979592,310.803885510204,286.790109183673,450.575663265306,446.267345918367,519.461267346939,460.914840816327,652.862795918367,944.052042857143,972.428184693877,1194.98921734694,759.738821428571,240.55307244898,801.992398979592,889.945056122449,850.954573469388,377.617032653061,542.179879591837,316.125724489796,274.717597959184,595.005339795918,410.058608163265,582.086174489796,665.881536734694,574.051882653061,874.94882244898,881.324818367347,503.68927244898,577.423202040816,444.176034693878,977.22485,613.003525510204,629.830614285714,515.43908877551,610.047224489796,564.88856122449,273.544068367347,222.037539183673,332.233339795918,425.516617346939,368.970302040816,330.327394897959,530.223632653061,432.747982653061,531.260404081633,707.87156122449,737.649439795918,634.547612244898,323.047557142857,364.000614285714,397.008824489796,912.079245918367,622.544955102041,526.183638367347,765.186577755102,563.520239795918,973.819834693878,612.308234693877,330.573513265306,234.538424489796,474.149882653061,798.059058163265,523.123562653061,630.855931632653,562.062122653061,627.426417183673,733.260680612245,448.38163877551,436.34265122449,598.346356122449,620.709529591837,507.705342857143,511.82388877551,417.207566326531,298.161686734694,343.694756938776,321.781956122449,592.158029591837,364.456875510204,757.655706122449,579.316075510204,526.40582244898,641.382887755102,495.391275510204,607.610232653061,424.313542857143,374.259901020408,340.018867346939,391.183584693877,514.569739795918,566.849887755102,788.058916326531,595.838452040816,801.687485714286,299.045690816327,655.348668367347,661.9684,320.256233673469,452.02241122449,459.839409183674,620.845641836735,569.596931632653,642.061664285714,579.12477755102,586.207712244898,505.469392244898,272.452889183673,536.861514285714,552.242307142857,376.291101020408,450.118903061224,305.034358163265,521.764157142857,441.924005102041,570.746917346939,271.244744897959,548.606467346939,589.491693877551,196.386970408163,476.865118367347,380.083883673469,438.491319387755,520.983313265306,541.084573469388,579.977221428571,788.654303061224,211.500343877551,343.15067755102,430.882927346939,427.923985714286,626.181510612245,507.160091836735,326.905779591837,273.558621428571,201.081634693878,383.55175,379.216384693878,736.877205102041,199.252226530612,422.596121428571,949.964886734694,701.023742857143,530.502101020408,694.439774489796,297.677730612245,905.809174489796,574.648134693878,388.870726530612,324.11122755102,364.931994897959,456.029595918367,466.438893877551,607.162066326531,752.667382653061,715.685845918367,352.320673265306,238.705457142857,640.320485714286,276.295178571429,385.525853061224,441.901748979592,456.292305102041,434.265092857143,456.650356122449,195.539586734694,360.886332857143,843.92068877551,654.897790816327,261.434882653061,422.141686734694,745.580234693878,486.583402040816,488.273913265306,571.654802040816,341.502396938775,806.457054081633,707.045345918367,685.018908163265,661.149728571428,738.873156122449,389.595916326531,928.434285714286,392.89085377551,573.496742857143,508.506541836735,450.536579591837,464.30367244898,374.909641836735,842.365028571429,1041.72011734694,731.932609285714,666.430267346939,914.11841632653,746.749163265306,622.726616326531,513.998473469388,248.70912244898,662.982718367347,610.456801020408,388.546048979592,670.00307755102,436.77818877551,311.428989795918,250.52341122449,354.711729591837,1163.97733061224,810.978880612245,641.961371428571,343.497689795918,547.06496122449,715.339695918367,374.905217959184,451.240803265306,469.597523265306,582.402455102041,366.003167346939,393.22742244898,431.277271428571,628.526090816326,628.058145918367,1169.36705816327,1330.69064081633,546.982156122449,793.049297959184,507.83548877551,649.883279591837,388.80636122449,555.93061122449,402.490764285714,439.173686734694,494.416,473.060098979592,809.366848979592,255.499645510204,310.253479591837,563.309178163265,721.683947142857,318.997647142857,848.51147755102,698.814445918367,783.238689795918,790.333902040816,877.130508163265,332.641170408163,755.697803061224,655.649055102041,708.055063265306,595.286979591837,413.60271122449,741.222104081633,677.015017142857,294.462004081633,226.344592,524.502498979592,715.146228571429,644.774268367347,435.7735,588.879929387755,599.025189795918,340.792789795918,332.692798979592,262.694444897959,426.992687755102,803.570473469388,512.76651122449,462.431404387755,654.262314285714,1143.26115204082,367.101905102041,575.339260204082,536.202206122449,439.079343877551,573.970475816326,427.159595918367,418.353802040816,457.069465306122,897.298243877551,645.610755102041,267.172643877551,330.555346938775,556.81292755102,200.966536734694,405.964490816327,716.402433673469,802.119709183673,646.611444897959,601.747308163265,440.784826326531,887.373125510204,832.640534693877,383.973196938775,676.551791836735,1087.62366938775,627.473224489796,516.812391836735,781.443670408163,413.940612653061,583.851797142857,800.413436734694,551.650945918367,365.889248979592,255.956276530612,310.080065306122,316.810209183673,520.44315,494.260648979592,424.75807122449,435.789513265306,369.833621428571,447.858997959184,428.261926530612,675.1073,420.729528571429,437.214825510204,461.652894897959,373.033834897959,493.211733673469,336.372615306122,822.99986122449,619.691168367347,859.736589795918,480.122997959184,734.678444897959,517.50759122449,697.872060918367,731.625948979592,718.502840816327,438.964897142857,589.750952040816,630.728834693878,795.663548979592,1107.08529693878,640.862209183673,813.701735714286,407.597257142857,464.306535714286,454.467054081633,298.4196,661.62867244898,352.789881836735,373.90205,859.326744897959,399.436693877551,677.71892244898,614.699626530612,578.678521428571,565.756214285714,375.499485714286,418.967806122449,642.623728571429,465.352767346939,622.514093673469,1257.55321632653,670.533008163265,603.494782653061,508.626887755102,669.13473877551,496.931806122449,643.115618367347,720.882829591837,941.309578571429,450.709275510204,508.849167346939,389.402398979592,299.114880612245,360.775780612245,175.229696938776,351.01702755102,559.345635714286,594.656360204082,564.924840816326,473.188942857143,692.599203061224,612.270142857143,450.566129591837,577.175355102041,348.924503061225,315.26112755102,426.841685306122,405.327078571429,515.214151020408,623.033469387755,438.5147,821.349884693877,1090.82783928571,1041.31217704082,980.454866326531,656.74982244898,475.879368979592,521.484540816327,537.781910204082,719.61863877551,497.027064285714,532.781965306122,459.47803877551,388.777,459.861176530612,962.823263265306,506.171604081633,430.367046938776,540.759648979592,402.521584693877,332.013306122449,503.079348979592,449.567878520408,311.482496938775,284.459934693878,546.971104081633,512.429876530612,669.384258163265,315.095743877551,236.799070408163,427.181935714286,382.412411632653,679.212715306122,383.166155102041,807.149215306122,479.160460204082,621.615444897959,491.539175510204,825.573752040816,592.679135714286,467.568243877551,830.277593877551,382.178540816327,159.172129591837,408.479209183673,583.03436122449,472.722281632653,849.980697959184,539.418058163265,774.394907142857,594.471513265306,539.07387244898,371.370675510204,561.700398979592,579.217590816326,338.708959183673,395.017793877551,593.264934693878,730.985789897959,594.7318,1277.06136428571,795.171564285714,532.063401020408,416.74701122449,483.603415306122,627.902471428572,583.306425510204,632.142994897959,536.487094897959,539.730055102041,446.316379591837,575.578308163265,810.272494897959,720.49501122449,638.066246938776,568.565745918367,935.072054081633,688.725981632653,807.579944897959,1149.72164489796,994.721828571428,825.560944897959,878.525154081633,774.924483673469,639.484673469388,846.364514285714,553.374948979592,456.203064285714,239.269128571429,309.55265,489.533328571429,472.048495918367,500.814552040816,795.586443877551,457.099355306123,527.174521428571,566.621964285714,754.192970408163,756.177368367347,661.483278571429,700.692312244898,467.182724489796,582.096226530612,781.830237755102,884.472493877551,562.080487755102,550.596559183673,191.926680612245,239.242289591837,369.931259183673,600.829489795918,577.098409183673,713.43987755102,577.858541836735,473.417813265306,819.773295918367,806.064702040816,576.94477244898,1239.69216428571,852.047436734694,851.915363265306,541.73167244898,601.551421428572,518.096043877551,375.532153061225,379.383443877551,291.600510204082,492.031732653061,542.342180612245,588.437875510204,903.535705102041,510.493791836735,540.329306122449,379.885317346939,588.847128571428,557.851989795918,836.153332653061,580.475125510204,859.601196938776,701.913967346939,435.879786734694,886.732492857143,552.158237755102,308.655340816326,249.171929591837,779.119365306122,531.108992857143,572.023739795918,711.051945918367,742.840639795918,661.541510204082,647.614458163265,551.690728571429,534.31436122449,702.366471428571,635.327725510204,886.312751020408,987.920735714286,414.975250816327,895.260268571429,538.038109183673,714.972784693877,756.394264285714,569.349456122449,881.608180612245,549.007451020408,660.636527244898,882.65967244898,968.386631836735,929.686393877551,647.185332653061,555.06315,745.49411122449,434.3215,205.961647959184,464.877877755102,577.830791836735,1011.15487346939,699.485787755102,582.516440816326,390.209723469388,823.305160204082,294.818359183673,371.364836734694,513.497682653061,389.459089795918,501.383830612245,757.823530612245,244.331592857143,589.103206122449,510.267459183673,632.337501020408,1058.4184244898,810.962259183673,582.65727244898,882.487702040816,562.846232653061,509.232632653061,799.270979591837,558.084582653061,363.785245918367,395.071767346939,580.625764285714,931.80265,504.250326530612,919.786136734694,268.234812244898,426.787517346939,566.994659183673,399.35167755102,570.693146938775,580.328551020408,707.899786734694,462.58007244898,707.807436326531,638.090697959184,977.89812755102,666.217063265306,508.465721428571,485.980135714286,593.839160204082,447.038206122449,424.015225408163,568.872258163265,426.204029591837,487.053876530612,235.246433163265,859.920574489796,495.234095918367,572.090209183673,724.92502755102,522.044095918367,802.221233673469,634.533016326531,447.541135714286,369.168173469388,626.148447959184,834.245223469388,756.170710204082,387.844397959184,558.591239795918,706.553919387755,526.056020408163,620.477795918367,338.979266326531,622.124447959184,339.205542857143,534.043028571429,566.449679591837,414.034946938775,796.205086836735,434.743714285714,664.452379591837,535.472741836735,621.27767755102,367.75918877551,371.457949591837,705.928516326531,861.242833673469,684.281225510204,578.944033673469,514.955237755102,508.688116326531,771.462492857143,625.530145918367,1003.29631938776,794.494226530612,432.257352040816,406.692262244898,289.463155510204,998.714156122449,1107.85190714286,668.076101020408,546.329253061224,803.977755102041,574.642189183673,642.875752040816,414.275676938776,497.467721428571,825.996745918367,423.91135,642.702004081633,935.575806122449,920.817676530612,761.077817346939,995.099833673469,748.498353061225,1190.35622857143,703.6248,615.832096938776,737.529323469388,216.62233877551,1156.57582346939,644.472714285714,592.01721122449,551.441811632653,451.123268571429,657.540644183673,356.997806122449,95.3368406122449,363.850735714286,278.978283673469,301.011360204082,378.737363265306,441.079475510204,770.323998979592,628.878086734694,503.639857142857,602.447201020408,604.583355102041,1103.76583877551,585.985048979592,293.761589387755,337.613585714286,737.50557244898,877.520730612245,330.02648877551,489.751782653061,775.32577755102,574.800503061224,525.775939795918,520.080307142857,677.129953367347,941.59907122449,678.354241836735,478.325484693877,479.43228255102,656.686584693877,365.386017040816,702.778789795918,489.909804081633,593.122841836735,882.316616326531,762.208217346939,338.740924897959,364.34366122449,467.148455102041,719.917183673469,500.709316326531,652.034654081633,672.749190816326,857.786226530612,519.341955102041,850.672842857143,622.266912244898,854.626957755102,604.251487346939,837.230347857143,482.007889693877,372.500154897959,315.610996836735,194.913973571429,162.013536734694,407.703743061224,513.322295918367,636.469229591837,594.82451122449,542.969801020408,473.142081020408,288.850415306122,309.969081632653,709.762228571429,353.471123469388,495.160405102041,694.916436734694,801.996871428571,1198.94966326531,713.834282653061,578.923528367347,618.745575510204,404.268112244898,346.598334693878,718.75538877551,289.096371836735,285.553221836735,493.275652040816,307.00405122449,383.696833673469,415.835751020408,167.777187755102,222.446190816327,551.598921428571,275.085671428571,838.779921428571,932.574056632653,475.659353061224,422.357510408163,1047.30165816327,432.302156122449,639.682737755102,855.71652244898,587.704829591837,441.335741836735,345.78136122449,452.280086734694,524.296446938775,738.74578877551,356.710023795918,768.956981632653,943.257462244898,532.438029591837,505.578404081633,689.006623469388,512.704492857143,533.875505102041,475.124178571429,627.001247959184,288.245834693878,311.050684285714,392.593168367347,726.387565306122,846.732480612245,467.66031122449,401.351173469388,389.964433673469,740.059523469388,733.115674489796,712.811129591837,423.237533367347,600.341008163265,652.859066326531,384.899402040816,214.065784693878,317.024713265306,568.666786734694,743.494485714286,412.730693061224,840.833944897959,652.859689795918,457.522345918367,410.303845918367,399.720124489796,599.093243877551,774.290381632653,507.44912755102,562.857581632653,740.633323469388,675.753391836735,701.924591836735,330.122307142857,507.384998979592,424.522868367347,377.645242857143,523.697231632653,483.679759183673,314.56432755102,465.106746938776,475.365814285714,588.407376530612,719.505754081633,898.63482244898,684.204084693878,583.742456122449,503.837384693877,633.792537755102,726.335867346939,865.185330612245,979.785102040816,545.296606122449,807.714,515.172069387755,388.012881428571,148.83323877551,313.493320408163,771.051658163265,761.605482653061,757.525051020408,403.906982653061,558.973160204082,1163.68368,691.058378571429,866.650194897959,378.325902040816,747.207824489796,781.90352755102,326.832872142857,805.919379591837,697.079264285714,357.450939795918,367.020740816327,901.584891836735,665.549846938775,623.043885612245,445.709762244898,821.366624489796,1077.74877653061,1156.05447959184,578.564302040816,652.081472040816,375.961520408163,278.911548673469,223.625552755102,189.881515918367,393.848609183673,772.482116326531,252.468531632653,366.149094897959,158.297393877551,491.092755102041,457.383009183673,349.857384693878,427.408310204082,264.901605102041,417.573695918367,481.534623469388,622.404331632653,745.092936734694,502.979682653061,1063.77210102041,797.096724489796,510.725975510204,443.83367755102,751.828629591837,523.92595,383.187735102041,915.970357142857,422.203539795918,789.380075510204,743.628075510204,729.563325510204,287.516016326531,1037.56236122449,997.212080612245,812.979512244898,1006.4049377551,929.600359183673,803.451432653061,537.923134693878,437.977823469388,477.32965,474.91795,662.314432653061,789.926323469388,379.207926530612,710.778640816327,723.892190816327,838.33011122449,699.46697755102,1178.60723469388,880.377466326531,820.057052040816,693.472413265306,1034.44941836735,402.649019387755,367.371689795918,133.11067755102,614.050331632653,309.186662244898,255.538791836735,525.360026530612,520.148232653061,689.522184693878,443.906709183673,708.717455102041,470.400855102041,683.99095244898,435.591554897959,339.541503877551,590.963860204082,399.764201020408,511.884290816326,555.363218367347,994.526633673469,385.845644897959,620.366458163265,541.902466326531,930.92655,692.753636734694,426.035889183673,234.55678755102,470.081520408163,274.787251428571,390.414968367347,258.654378367347,449.218971428571,452.052991836735,798.395795918367,707.939828571429,791.332582653061,618.808765306122,529.630185714286,524.360465306122,481.979182653061,620.939247959184,496.476152040816,524.781393877551,240.606223469388,632.136873469388,327.597805102041,696.446147959184,312.153706122449,566.24438877551,753.371141836735,636.533173469388,681.841126530612,251.558506122449,421.802233673469,274.756309183673,655.468681632653,647.444490816326,539.684212244898,606.308220408163,520.064247959184,384.609925510204,345.017384693878,309.050042040816,555.854301020408,518.699726122449,467.77192244898,801.054137755102,403.127775510204,501.187531632653,978.233353061224,837.883367346939,938.433536734694,621.880415306122,886.850023469388,853.696218367347,556.710098979592,468.418480612245,674.339523469388,594.663742857143,596.87575,369.001276530612,274.684529591837,618.978862244898,794.415763265306,523.918212244898,648.250102040816,419.497453673469,216.820553673469,363.47722244898,453.705120408163,343.739932653061,415.955045918367,402.395071428571,274.071662244898,948.477206122449,846.131786734694,547.190039795918,594.700671428571,644.581551020408,678.72574755102,660.94727755102,392.2556,712.235236734694,268.985645918367,496.530284693878,581.04212755102,488.28892755102,574.421112244898,504.286842857143,329.188855102041,482.947757142857,278.73737755102,468.028986734694,563.216266326531,684.002307142857,488.11276122449,637.565682653061,302.961885714286,416.264985714286,531.827748979592,781.238218367347,937.042315306122,551.794982653061,423.524653061224,744.805948979592,826.360448979592,1104.68774081633,1235.94955102041,775.940558163265,884.030592857143,726.234162244898,733.103586734694,741.955939795918,438.070541836735,270.135681632653,759.41955,799.409228571428,591.433476530612,794.407702040816,777.181407142857,378.310166326531,707.766813265306,832.086990816326,978.781581632653,510.40343744898,320.500065306122,561.577906122449,440.957898979592,894.673743877551,685.840669387755,889.122006122449,892.189667346939,635.635615306122,765.169570408163,565.388994897959,544.460815306122,508.351106122449,998.435497959184,1197.6227755102,1070.79882142857,550.151008163265,835.318751020408,399.429797959184,679.707764285714,802.908179591837,574.793353061224,696.787928571428,581.287857142857,427.626684693878,433.225256326531,332.760987755102,329.959714285714,368.952695918367,526.215083673469,394.655262244898,683.063382653061,513.563786734694,382.957525510204,591.410005102041,394.585785714286,393.393876530612,707.706218367347,693.546071428571,588.482652040816,529.704873061224,504.54897755102,473.599614285714,517.425083673469,709.791687755102,349.107476530612,542.511659183673,726.24862244898,905.548712244898,864.352165408163,738.326309183673,629.468586734694,460.624101122449,905.184667346939,346.192876530612,447.679814285714,302.691802040816,612.027812244898,727.891558163265,320.662805102041,478.411133673469,592.566868367347,700.189415306122,814.756324489796,997.754482653061,545.945143877551,401.201741836735,1224.39906734694,832.367003061224,408.250740102041,972.212517346939,778.49045,609.848740816326,570.241842857143,371.465418367347,764.679483469388,186.334815306122,275.046750244898,412.553547959184,375.666180612245,576.996613265306,499.888324489796,522.271402040816,432.617787755102,445.638247959184,519.748496938776,579.803265306122,529.379686734694,531.413871428571,498.278878469388,405.314904081633,857.793905102041,913.237663265306,640.374453061224,905.613874489796,513.596882653061,614.953879591837,452.959783673469,959.367655102041,1056.11369081633,347.678123469388,695.034941836735,681.283571428571,505.064709183673,602.408644897959,719.907803061225,892.797878571429,682.812035714286,909.069558163265,420.183993877551,733.373643877551,614.42542755102,492.132245918367,380.980364285714,532.803802040816,875.588792857143,873.411929591837,755.144,1058.44268469388,512.793069387755,583.428439795918,819.727533673469,972.131541836735,474.041481632653,945.554591836735,510.326628571429,596.284144897959,622.313454081633,555.499067346939,473.779143877551,591.10176122449,751.887574693877,591.541226530612,828.916412244898,908.88686122449,793.868103061224,633.717757142857,504.655775510204,389.78959244898,818.49677244898,480.263796938775,459.01927244898,591.586812244898,458.689328571429,405.255307142857,451.738933673469,389.120019387755,542.492694897959,669.895098979592,352.932914285714,645.066482653061,504.868544795918,558.306407142857,359.911485714286,719.147061020408,371.347675510204,214.338968367347,735.073342857143,313.612644897959,459.717273469388,352.843245102041,473.279864285714,347.007608163265,501.454171428571,342.374006122449,317.360179591837,699.26092755102,692.671829591837,470.358159183673,599.948360204082,960.364893877551,839.810216326531,496.856609183673,964.035244897959,598.939234693877,558.109065306122,935.468490816326,365.744598979592,389.596473469388,768.856903061224,512.327296938776,660.813074489796,804.568961020408,794.652565306123,587.552492857143,613.142615306122,482.79828877551,494.014592857143,332.378382653061,524.129508163265,478.599487755102,399.149763265306,608.132007142857,514.85397755102,449.396882653061,408.71017755102,468.89159755102,176.297617959184,229.54662755102,547.437676530612,613.545687755102,480.607348979592,857.180584693877,684.674192857143,554.334642857143,421.290484693878,629.050196938775,360.157021428571,527.21552244898,457.686123469388,654.110230612245,472.681536734694,238.054756122449,970.251786734694,682.112390816327,595.479371428571,498.250573469388,421.110082653061,554.207057142857,340.245246938775,134.514124489796,392.949355102041,319.654032653061,487.234725510204,348.272513265306,281.34926122449,354.427037959184,464.700228571429,558.509515816326,442.828514489796,480.512771428571,241.263408163265,243.635980612245,695.02907755102,490.551631632653,265.569755714286,499.543553061224,700.831635714286,525.483918367347,475.313470408163,601.358580612245,831.246415306122,868.713462244898,403.785471428571,907.754162244898,1134.45947244898,656.364185918367,700.228648979592,259.769105102041,397.417251530612,511.065486734694,697.881094897959,340.995582653061,612.578059183673,445.635341836735,374.132813265306,431.64342755102,636.989,757.832528571429,646.71302755102,623.790485714286,361.365908163265,597.371444897959,864.08938877551,540.09838877551,619.580680816327,412.716013265306,452.450584693878,476.234684693878,154.748208163265,627.528275510204,325.586508163265,579.485918367347,418.965741836735,1001.84565612245,1019.16269795918,949.350040816327,621.945773469388,521.689104081633,521.826496530612,864.018642857143,520.934533673469,601.32345,709.807882653061,330.727351020408,721.942279591837,473.121359081633,517.333898163265,621.199270408163,578.307619387755,638.70595,655.101582653061,523.924334693877,355.652792857143,732.828904081633,389.049076530612,641.194126530612,393.340392857143,522.805780612245,616.661394897959,460.287960204082,911.377957142857,550.396796938775,651.290514285714,665.611712244898,1097.83718979592,557.153230612245,853.869837755102,598.984852040816,621.525189795918,507.546660204082,660.652407142857,616.304378571429,380.137756122449,619.754359183673,787.125943877551,1011.78154081633,1111.34874489796,609.981776530612,354.477925510204,345.867802755102,591.365107142857,533.240651020408,766.056416326531,833.597799081633,675.595271122449,627.907048979592,765.336331632653,704.601515306122,656.34627755102,532.73687755102,249.737436734694,406.067867346939,637.221194489796,492.185329591837,350.401264285714,440.727634693877,559.595817346939,437.266166530612,686.269253061225,511.77335,447.13328877551,454.90256122449,383.573302040816,644.242539795918,837.966729591837,733.623131632653,472.971728571429,227.959417142857,402.378903061224,363.832750408163,561.828250408163,677.325327959184,627.395133673469,423.821041836735,449.306486734694,149.112,536.362641836735,575.924041836735,319.327412244898,713.512875510204,755.832320408163,939.665934693877,454.974867346939,740.619103061224,488.843363265306,560.594353061224,798.335294897959,456.390392857143,328.689537755102,419.500863265306,406.770473469388,707.347124489796,519.169231632653,773.287701020408,596.438086734694,297.751144081633,704.142120408163,556.350849387755,397.744542653061,644.046319387755,247.077922959184,439.553947959184,640.331739795918,720.027398979592,527.945490816327,542.844018367347,428.268281632653,263.114763265306,345.095034693877,657.101310204082,539.882118367347,780.827781836735,531.725612244898,511.524124489796,345.752756122449,467.758742857143,565.799176530612,603.141405102041,613.802576530612,433.619708163265,301.419770408163,350.240298979592,882.896683673469,504.101917346939,353.704271428571,681.284486734694,566.929867346939,788.867613265306,571.133748979592,755.188987755102,251.324688367347,381.850197959184,579.19226122449,507.716840816327,497.078994897959,188.632075510204,671.160137755102,567.629620408163,793.088442857143,631.901433673469,948.592569387755,376.993673469388,406.039821428571,990.538025510204,679.511594897959,554.51843877551,862.370170408163,649.856983673469,462.805881836735,668.101487755102,293.094481632653,436.80825,1057.20644693878,703.572807142857,536.047726530612,531.673015306122,929.864486734694,438.186038877551,210.790680306122,537.002768367347,227.893384693878,459.988442857143,755.503435714286,866.983108163265,874.059371428571,754.737282653061,931.518081632653,622.744603061224,907.422521428571,592.138764285714,457.806582653061,685.730952040816,624.481071428571,543.595203061224,324.156548979592,648.385789795918,365.67282622449,425.644776530612,583.609524489796,473.318809183673,526.033548979592,629.844393877551,798.63821122449,709.546724489796,851.805893877551,732.658431632653,890.111870408163,869.65085,1081.79838673469,705.243304081633,592.573956122449,402.200279285714,827.588560204082,235.447087755102,235.315759183673,217.037944897959,268.407903061224,785.735112244898,1326.10635510204,884.11483877551,493.277952040816,738.002908163265,460.584446938775,419.841057142857,502.757746938775,635.990804387755,596.913563265306,755.394764285714,453.815120408163,338.184752040816,593.912606122449,493.693013265306,398.799251020408,571.521475510204,536.501200918367,492.849830612245,606.242265306122,491.984382653061,720.884633673469,881.475774489796,782.365628571428,656.532201020408,761.081962244898,1248.71550510204,1253.49703163265,887.91675,714.725382653061,382.272916326531,402.279701020408,746.207874489796,802.769092857143,538.990176530612,352.061343877551,426.698593877551,664.970878571429,750.031366326531,316.962354897959,362.180547959184,547.978226530612,439.440647959184,219.236387755102,531.676473469388,1177.36947244898,1236.98273571429,691.828794897959,627.573695510204,493.053309183673,640.084744897959,889.310568367347,439.281994897959,815.852301020408,423.355519387755,512.69135,535.457955102041,426.92042244898,458.190546938775,618.418168367347,666.911965102041,501.868344897959,610.01666122449,202.149635714286,671.967908163265,162.667070408163,334.310945918367,969.852439795918,802.743763265306,857.518668367347,671.262042857143,498.364465306122,405.344508163265,256.879855816327,399.738483673469,398.579320408163,314.708047959184,622.599444897959,991.759440816326,795.127658163265,745.326887755102,622.840335714286,299.157618673469,702.645576530612,678.544353061224,395.813686734694,389.771308469388,406.720886734694,413.692246938776,641.227290816327,699.645459622449,593.708550438776,697.347270408163,566.032942857143,759.972587755102,604.642455102041,745.803143877551,516.519776530612,572.83086122449,845.126704081633,520.66791122449,561.540426530612,388.091986734694,326.793184693878,356.013847959184,626.038085714286,391.375074489796,600.199203061224,833.328219387755,964.746744897959,867.951167346939,623.235378571428,667.648224489796,474.816258163265,529.211704081633,421.74662755102,561.290443877551,772.907595918367,515.65407244898,738.206512244898,627.232376530612,564.694008163265,421.378741836735,568.692512244898,613.522135714286,352.04357755102,724.064760204082,570.101668367347,766.262858163265,685.771681632653,494.037017346939,531.844895918367,669.123470408163,328.198662244898,533.645146938775,569.379131632653,1188.34466530612,793.383242857143,472.006212244898,221.014216326531,735.210066326531,639.819852755102,817.708646938775,553.793051020408,936.158616326531,392.182616326531,330.48822622449,399.447216326531,367.096675510204,315.62266122449,374.55377755102,565.303201020408,655.398773469388,712.320505102041,482.799224489796,423.025195102041,389.00491122449,318.011804081633,218.636158163265,440.322358163265,165.000108163265,245.682117346939,632.814701020408,459.22437755102,378.196980612245,454.56168877551,332.14136122449,789.066215306122,183.955215306122,618.413856122449,693.242928571429,431.737150918367,461.687187959184,998.71013877551,688.46516122449,1036.64279795918,1126.40714285714,848.924826530612,739.191552040816,254.635166326531,418.783198979592,560.503392857143,602.064090816327,203.095616326531,693.23407755102,526.832623469388,786.517664285714,550.29908877551,712.577955102041,567.037485714286,235.443854081633,302.221098979592,618.647255102041,468.022023469388,495.318609183674,670.689711632653,734.262713265306,1030.36554795918,1019.63192653061,383.276826530612,541.245930612245,945.281775510204,476.007218367347,282.53493622449,626.054326530612,472.710271428572,675.308807959184,865.455376530612,315.713847959184,338.795079591837,202.17357755102,744.808507142857,574.644943877551,392.390540816327,643.208469387755,321.861281632653,285.061746938776,298.324870408163,761.711128571429,674.894670408163,585.432620408163,855.060375510204,435.980252040816,676.846090816327,450.263755306122,484.117772040816,556.582635714286,849.109039795918,1116.76041122449,683.866019387755,723.014359795918,400.331620612245,718.140974489796,764.911594897959,667.784763265306,586.813797959184,740.508694897959,1027.26512346939,564.482055102041,480.091020408163,595.988075510204,510.181946938775,636.200053061224,654.010608163265,385.087854489796,396.091813265306,504.621735714286,609.882817346939,546.416705102041,631.781680612245,257.384771428571,276.494247959184,405.036036938776,488.638042959184,543.945992857143,537.465092755102,521.342126122449,536.659954081633,448.879946938776,838.311425510204,586.831247959184,409.136645918367,391.851406122449,766.627082653061,693.44866122449,318.477429591837,746.239802653061,426.77292755102,308.229360204082,346.173716326531,364.705524489796,461.118555102041,887.45401122449,438.050574489796,743.934291836735,802.265832653061,639.728623469388,678.837301020408,571.307944897959,598.911697959184,449.027678571429,374.155958163265,480.330782653061,782.844092040816,613.541826530612,660.662496938775,763.915663265306,468.699991836735,642.027153061224,773.69591122449,706.122506734694,892.164983673469,346.211932653061,415.192076530612,761.644476122449,810.099510204082,405.116445918367,621.015560204082,712.589880612245,734.110613265306,424.098912244898,553.700714285714,598.104493877551,518.558945918367,835.61536122449,485.757825306122,254.695896122449,318.121309183673,484.667236734694,326.538812244898,838.707742857143,1170.45684387755,831.07811122449,387.450310204082,655.765720408163,858.289848979592,372.699804081633,498.046413265306,430.015855102041,699.090868367347,734.831456122449,362.170485714286,752.32278877551,449.441347959184,548.904067346939,747.053218367347,603.209286836735,817.277704081633,643.060982653061,641.988795918367,727.820842857143,599.528144897959,647.253313265306,548.777203061225,359.908853061224,373.146604693878,375.886378571429,802.914289795918,564.159367346939,681.976508571429,432.563407142857,346.193289795918,848.003484081633,747.910323469388,403.769734897959,401.559706122449,280.347110204082,749.14642244898,540.169003061225,649.685946938775,542.671978571429,266.849128571429,465.61951122449,1110.99783061224,869.781901020408,370.457683673469,718.136064285714,509.382739795918,523.149168367347,316.952167346939,549.908371428571,485.270463265306,504.501881632653,443.314657142857,499.574610204082,536.919723469388,404.86223877551,427.4329,654.313733346939,647.751994081633,717.022985714286,613.53731122449,603.847598979592,853.171736734694,481.908378571429,592.090719387755,688.874448979592,682.151294897959,616.631665306122,557.999583673469,629.365631632653,815.603875510204,1045.45028673469,934.357228571429,1008.43100306122,907.808092857143,1103.40203571429,1140.24322857143,292.210864081633,695.723644897959,684.33671122449,797.628711122449,434.333721428571,683.088608163265,543.073459183673,855.402336734694,650.140528571429,1330.77545918367,845.117910204081,653.895021428571,640.242074489796,292.255282653061,195.655755102041,740.027993877551,265.842762244898,263.718607142857,634.509548979592,480.082286734694,621.013991836735,719.992832653061,767.585876530612,415.290995918367,581.224794897959,483.282760204082,448.940217346939,247.072901020408,502.056564285714,669.502955102041,510.560003061224,534.637595918367,204.240523469388,560.095203061225,449.355876530612,395.087513265306,546.325593877551,396.375291836735,451.823567346939,566.280384693878,464.84087244898,952.07842244898,1163.82633469388,630.777817346939,293.861025510204,330.137241836735,572.226485714286,389.885914285714,477.891762244898,634.700730612245,627.179163265306,709.44521632653,679.34932755102,408.291429591837,269.282631632653,654.333732653061,683.075194897959,661.353231632653,376.849249489796,534.901217346939,961.155581632653,1062.85614183673,297.269156122449,300.714447959184,412.318503877551,388.600866326531,462.833120408163,341.851143061224,681.577351020408,487.171666326531,451.100294897959,621.185832653061,537.059817346939,672.511430612245,379.118874489796,325.81221122449,511.86512244898,972.15701122449,819.779734693877,100.519052653061,864.808292857143,565.783571428571,504.440285714286,293.27403,204.482866938775,498.493945918367,199.959579591837,190.442764285714,478.250340816326,876.863914285714,395.028078571429,506.846055102041,857.272337755102,440.514379591837,649.014461632653,723.612173469388,800.449225510204,565.759737755102,484.217626530612,479.336723673469,451.961944897959,157.036656122449,272.053806122449,703.519730612245,463.28207755102,393.307636734694,832.842667346939,693.91112244898,449.949414285714,977.968,800.552665306122,898.00726122449,463.108675510204,719.358120408163,426.113474489796,439.600824489796,849.17061122449,613.064723469388,1126.42421428571,619.649904081632,938.771675510204,679.658229591837,680.132617346939,778.546855102041,545.198024489796,695.43512244898,595.851843877551,606.360008163265,574.610818367347,933.006694897959,489.778574489796,322.644520408163,361.580809979592,736.39892377551,329.355825510204,638.394303061224,629.34311122449,795.722528571428,684.987285714286,697.77212244898,610.246719387755,479.433569387755,300.774811428571,315.009434693878,575.140432653061,509.92345,537.075086734694,501.470351020408,799.879283673469,347.017216326531,974.897343877551,657.437702040816,765.581804081633,468.118364285714,581.914769387755,741.766679591837,402.259889795918,421.354503061224,492.14823877551,249.731990816327,485.646187755102,475.313419387755,516.837507653061,861.831763265306,377.091489795918,571.500763265306,565.982223469388,374.016948979592,419.169617346939,354.357145918367,366.19768244898,521.45383877551,478.346792244898,401.101759897959,388.538418367347,163.644179591837,530.347423469388,590.712068367347,708.49761122449,299.091829591837,311.526129591837,500.789029591837,603.592448979592,427.393386734694,615.092491836735,286.026902040816,453.154121428571,739.804925510204,540.684502040816,744.722772040816,573.998038367347,507.258829591837,400.039387755102,316.579492857143,488.621693265306,875.594636734694,886.264041836735,741.732197959184,1136.44179969388,753.801912244898,655.540662244898,505.877321428571,375.911502040816,669.652975510204,402.014131632653,367.403713265306,280.942395918367,427.527751020408,1090.93523265306,502.454476530612,827.189898877551,418.791452040816,309.971805102041,916.088010204081,874.449020408163,671.737828571429,742.123557448979,850.194187040816,821.202176530612,957.02515,1075.49736428571,508.682265306122,565.331583673469,447.813905306122,795.254380204082,871.218642857143,518.456580612245,764.979368367347,865.523093877551,622.470699897959,781.186186326531,646.154216326531,451.470310204082,612.463013265306,592.750481632653,448.875559387755,383.980126530612,521.341568367347,336.646640816327,620.08395,535.94315,1435.14635816327,767.800087755102,238.054393877551,549.671112244898,630.030108979592,383.183118367347,455.862364489796,632.197601020408,525.685326530612,715.958275510204,883.881839795918,385.323842857143,402.632693877551,346.546368938775,487.146971428571,535.93976122449,607.600364285714,894.581584693877,752.102754693878,442.878775510204,708.650517346939,570.668608469388,1048.43393571429,750.076541836735,249.812976530612,522.197154081633,353.295540816327,225.177404285714,225.778919387755,672.897054081633,360.788443306122,376.476741836735,398.857541836735,526.072562244898,749.027956122449,462.145624489796,809.764187755102,764.745470408163,530.279218367347,477.140990816327,353.162779591837,381.379224489796,465.745357142857,608.529901020408,499.130391836735,516.315596938776,435.729792857143,662.549369795918,797.860088877551,431.569752040816,521.255331632653,272.122074489796,363.496748367347,313.280792040816,592.544904183673,700.365528979592,636.062062244898,339.698947959184,315.160935714286,556.748979591837,776.977452040816,411.632417346939,371.092380612245,470.131107142857,641.928830612245,810.416537755102,858.349932653061,672.411540816326,407.423665306122,239.672803061224,303.50706122449,836.599757142857,528.533662142857,381.207829591837,466.844667346939,490.071625510204,544.007328571429,757.824223061225,755.283723469388,513.560010204082,550.166225510204,311.80207244898,516.893230612245,434.740819387755,394.692230612245,664.334394897959,371.16982122449,579.487659183673,387.974417346939,546.286189795918,368.194613265306,270.358985306122,433.68672122449,579.800929591837,772.097700306122,547.662571428571,507.386751020408,337.184773469388,426.266867346939,204.470294897959,501.839203877551
23.6530612244898,546.688321428571,973.385429591837,606.136430612245,1218.86290612245,1246.2442255102,582.57402244898,642.262541836735,466.417887755102,608.304610204082,1134.83475714286,748.158215306123,428.968765306122,570.608933163265,523.977279591837,880.229283673469,914.620685714286,856.727463265306,1238.46570102041,582.668024489796,511.18653877551,725.827303061225,409.798553061225,506.867373469388,623.891665306122,661.947882244898,553.983782244898,921.014653061224,482.925609183674,555.753290102041,469.178097959184,473.014148979592,319.981318367347,677.183387755102,977.484765306123,757.510718367347,734.065444897959,607.016666326531,614.256239795918,577.604856122449,561.679482653061,484.635816326531,389.458908163265,1053.63361632653,644.497357142857,545.275896938776,1090.34738469388,900.836697959184,1060.73748367347,1121.85949897959,706.812435714286,314.995718061225,644.920227551021,495.81537244898,441.41855,641.641982653061,789.206621428571,982.117532653061,913.808232653061,970.449178571429,1012.19337244898,596.238631632653,591.769182653061,799.961890816327,581.424355102041,349.776044897959,502.150874489796,705.728867346939,874.434446938776,742.503273469388,719.334770408163,848.570069387755,285.831908163265,648.851365306123,714.062942857143,449.163017346939,416.039978571429,331.788653061225,574.160678571429,732.337185714286,312.003040816327,569.384615306122,459.276306122449,509.737317346939,578.508817346939,620.28052755102,435.659310204082,801.374987755102,622.635578571429,492.523480612245,1240.1626622449,761.804766326531,598.905203673469,746.4710345,271.90896877551,437.763317346939,630.913160204082,389.951960408163,658.781012244898,450.951412244898,439.9264,539.893467346939,494.317067346939,786.597233673469,1060.1760255102,557.112456122449,561.693419387755,304.14332244898,1176.83910714286,888.331573469388,841.367008163265,558.030660204082,566.988317346939,575.045901020408,745.179901020408,616.815574693878,1027.52215102041,435.259736734694,290.268229591837,602.368239795918,690.477226530612,463.198101020408,395.613843877551,660.750795918367,582.607914285714,252.185512469388,325.198541836735,354.194643877551,592.103078571429,927.590229591837,659.384133673469,757.572253061225,797.731526530612,421.240684693878,226.31449377551,676.807446836735,410.717562244898,278.829437346939,744.31611122449,468.587268367347,673.220233673469,334.067421428571,327.311803061225,472.981568367347,336.395338571429,379.959151020408,494.51776122449,365.87886122449,515.584260204082,479.218916326531,1115.31079693878,1119.20748367347,1370.93855918367,577.681517142857,461.944558163265,417.631020408163,362.809317346939,526.665957142857,949.659929591837,836.628975306123,625.299252857143,818.95139,642.940591836735,462.409735714286,566.166510204082,587.446632653061,626.269133673469,580.476483673469,496.309370612245,741.384887755102,222.814239346939,411.680902040816,752.996782653061,806.566802040816,742.173893877551,1027.49118571429,728.913358163265,319.698095918367,539.37506122449,275.817991836735,644.798883571429,675.890174387755,874.841484693878,912.979146938776,967.552634693878,882.780743877551,418.486878571429,493.751197959184,305.392613265306,310.128407142857,440.186917346939,284.380999591837,520.822959183674,776.259614285714,1028.0910877551,476.93907244898,501.056544285714,399.708118367347,467.54996244898,386.81672755102,297.990981632653,492.026436326531,281.131010204082,542.658755102041,573.337731632653,848.961981632653,742.817212244898,916.026965306123,919.661924489796,476.108967346939,831.426341836735,843.698103061225,977.166704081633,906.229014285714,831.309028571429,648.726001632653,982.122565306123,617.125689795918,830.754135714286,609.859886734694,673.167682653061,811.835106326531,766.365809183673,1026.4764,719.585683673469,633.481342857143,533.923816326531,570.380030612245,656.959408163265,461.072765306123,507.281498979592,465.810143877551,864.393977551021,197.367918367347,407.924517346939,514.599968367347,351.669109183673,834.225156122449,622.049845102041,332.482886734694,693.18847244898,617.806839795918,568.580394897959,549.883845918367,1205.99318469388,774.761791938776,631.691170408163,802.70332244898,570.157644897959,460.750103061225,488.001959489796,394.569419693878,653.536695918367,833.373195918367,609.033878571429,786.257353061225,954.877475510204,369.601857142857,768.292284693878,604.435784693878,621.535371428571,655.522669387755,431.987881632653,517.715204081633,772.675824285714,570.651973469388,326.236704081633,765.085110204082,739.59508367347,551.371810204082,1008.3704744898,227.543135204082,485.930535714286,1089.09794591837,802.476857142857,831.821309183674,694.337740816327,822.470192857143,703.192606122449,450.851690816327,931.783034693878,748.190904285714,841.713864489796,781.546402040816,697.930176530612,982.68952244898,821.738585714286,712.94776122449,728.351532510204,990.485669387755,690.421920408163,299.16803877551,405.086810204082,827.109285714286,651.144855102041,302.29375,211.954707142857,533.407291836735,964.050295918367,590.141467346939,279.422609183674,353.193145918367,694.808013265306,731.588712244898,956.388305102041,657.358736734694,572.370671734694,457.563579183674,360.697905102041,376.368719387755,288.645719387755,836.656451020408,318.654421836735,589.533014285714,437.252513265306,676.232129591837,761.686306122449,509.881731632653,831.003304081633,837.435991836735,463.670964285714,611.722819387755,956.841998979592,1062.11089795918,694.920017346939,545.850178571429,603.474405102041,466.519041836735,944.129421020408,1071.55926387755,652.219107142857,376.2577,896.432173469388,686.57986755102,746.383355102041,575.646375510204,346.880742857143,409.912158163265,372.457710204082,361.774809897959,498.789891836735,442.921710204082,699.645341836735,744.46545,551.302382653061,865.902206122449,610.064515306123,628.822678571429,479.327896938776,694.502824489796,433.958126020408,528.248045918367,503.587496938776,201.365578163265,571.424990816327,534.999562653061,643.788947959184,417.041735714286,420.03528877551,673.49018877551,1089.82765408163,1103.6969122449,494.296832653061,313.908510204082,559.478664285714,698.583812244898,652.226319387755,677.283112244898,671.781432653061,652.232294897959,468.772836734694,561.45672244898,655.580018367347,717.086932653061,845.169514285714,422.071917346939,336.733967346939,409.478739795918,413.102089795918,568.972095918367,711.346097959184,425.793357142857,721.771196938776,508.336528571429,758.319781632653,696.07200877551,554.0104,847.417487755102,728.329943877551,837.670235102041,796.565430612245,471.556841836735,435.792575510204,282.269856122449,494.247221428571,450.002723469388,467.192095918367,518.033765918367,1001.66062755102,779.730175510204,853.705105102041,837.872752040816,983.999523469388,655.902340816327,762.217782653061,1008.27384183673,880.328041836735,348.290058163265,549.808636734694,722.065746938776,785.577741836735,725.680110204082,630.527094897959,576.251795918367,728.278636734694,629.507304081633,528.539187755102,565.720673469388,463.224498979592,500.349127653061,260.171036122449,495.35323,792.985102040816,1141.82324591837,692.658982653061,568.736978571429,334.326642857143,504.117857142857,624.946874489796,1046.78846122449,1181.60001632653,942.544119387755,821.15773877551,368.733267346939,634.98533877551,949.422995918367,433.770766938775,430.98028877551,244.14038877551,1001.2315255102,739.155093877551,419.08626122449,927.249856122449,894.559451020408,762.498369387755,695.592346938776,654.682539795919,308.046530612245,538.141990408163,459.414064489796,633.550794897959,626.999491836735,855.266531632653,279.635265306122,474.024760408163,477.12622244898,540.875290816327,896.990437755102,766.201991836735,1042.47341734694,1306.65676734694,1032.77609591837,643.300910204082,714.42493877551,804.450963265306,1029.39452040816,916.825369591837,774.225548979592,1010.83861632653,754.723502040816,785.073102040816,683.89976122449,653.189890102041,927.984657142857,989.188826530612,703.342839795919,548.771419387755,570.812733673469,376.760226530612,247.466257142857,662.798982653061,837.786285714286,773.446030612245,634.346156122449,606.583758163265,560.722382755102,461.052663265306,543.47771122449,427.180171632653,650.709721632653,485.281942857143,621.166269387755,263.014088571429,620.049276530612,344.297405102041,842.588616326531,697.738224897959,920.381878571429,443.711066326531,794.360331632653,755.686120408163,562.797614285714,443.983259183674,475.403020408163,564.998709183674,346.3564,462.528216326531,892.002325510204,563.14633877551,358.27577244898,570.555692857143,492.986423469388,365.721925510204,561.162685714286,1054.02512857143,665.126729591837,586.342748979592,969.41048367347,736.578246938776,791.83391122449,716.515763265306,1054.25690408163,413.898007142857,605.704120408163,734.385643877551,403.812657244898,543.86007244898,278.18543877551,264.646601020408,880.985847959184,603.618990816326,799.356831632653,284.654025510204,699.525580612245,665.173530612245,546.722742857143,769.508217346939,526.380768367347,712.572345918367,531.233584693878,542.384773469388,269.353033673469,577.80768877551,388.033765306123,619.543419387755,803.211997959184,896.926610204082,959.280483673469,1235.20077040816,588.48545,445.501455204082,263.693752040816,304.893216326531,294.458203877551,364.78317244898,611.253964285714,1437.73211836735,744.051783673469,416.764645918367,189.798186020408,860.326377755102,331.191564285714,817.520958163265,382.366554387755,220.508547959184,291.625185714286,411.399783673469,231.405529591837,254.446293877551,929.43803877551,610.557754081633,526.318802040816,367.875754081633,332.848146734694,937.95177244898,727.066452040816,292.031259183674,474.070551020408,647.251631632653,1103.48158571429,1026.24019795918,350.532381836735,636.055191836735,406.742982653061,983.768167346939,662.642463265306,285.689035714286,281.546359183673,369.862212244898,535.89515,462.302243877551,367.261962244898,399.66032244898,266.548645306122,1002.63916122449,852.66588877551,363.447832040816,484.42322244898,1322.5293244898,891.094840816326,518.808142857143,1023.94145204082,1210.74171734694,1041.42144081633,837.466263163265,367.556418367347,401.799308877551,470.480035714286,627.809035714286,748.728934693878,521.624885714286,408.981580612245,697.340414285714,526.405521428571,453.382645306123,639.074612244898,1304.74351836735,701.580819387755,975.322656122449,957.262304081633,557.485265306122,622.197756122449,478.462064285714,538.499903061224,741.010939795918,877.074869387755,880.8681,457.558190816327,753.396530612245,616.114141836735,322.461892857143,380.300928571429,216.143559183673,813.25107244898,996.102782653061,188.456583673469,860.30256122449,253.558155102041,302.146204081633,239.904292857143,569.399105102041,493.718435714286,627.621271428572,654.224126530612,947.726319387755,990.260971428571,954.650721428572,596.742370408163,674.008621428571,816.690684693878,824.59163877551,625.452066326531,611.812159183674,774.96498367347,354.755703061224,697.785985714286,552.718306122449,329.116898979592,901.298,1001.11172959184,1151.21734081633,816.538895918367,843.388528571428,568.770050714286,1060.17200061225,541.670771428571,776.222068367347,871.240655102041,810.367274489796,1081.51558265306,796.293906122449,293.918935714286,379.748125510204,771.670465306122,786.584353061225,681.534473469388,703.844651020408,862.4595,516.731131632653,584.175024489796,610.574515306123,514.572173469388,350.883595918367,589.634805102041,810.391282653061,415.188110204082,433.036787755102,435.423430612245,512.571263265306,456.555514489796,842.034303061224,876.616902040816,925.420864183674,585.908225510204,709.093353061225,748.749220408163,941.682142857143,466.581294897959,561.581328571429,752.603430408163,559.613105102041,186.323286938776,570.988541836735,1461.05784081633,476.144397959184,662.732105102041,702.56158877551,791.463126530612,570.944466326531,886.117986734694,417.507196938776,388.186696938776,546.013766326531,566.352416326531,618.214921428571,462.37378877551,596.21837755102,737.838183673469,419.371280612245,990.401363265306,680.792381632653,657.98397755102,727.490667653061,1417.24857857143,690.667696938776,1134.25770612245,707.6346,984.073609183674,898.141662244898,965.044277142857,797.397562244898,814.114564285714,712.91923877551,542.383796938776,831.062489795918,900.089553061225,816.030885714286,1205.48854591837,1007.08579285714,947.481327551021,922.640175510204,690.679607142857,910.45441122449,954.176907142857,671.47017244898,1001.44864387755,674.229096938775,456.716431632653,617.356354081633,302.584464285714,337.973656122449,324.305096326531,407.379573469388,572.811346938776,664.368540816326,740.516519387755,571.038301020408,1089.44252040816,510.491732653061,633.308391836735,564.798141122449,530.228037755102,592.046532653061,490.32827755102,456.986240816327,779.814875510204,781.209157142857,292.850825510204,828.580692857143,801.855880612245,608.482997959184,1358.7979144898,756.143729591837,880.069109183674,654.208216836735,729.394586734694,425.407619387755,664.755636734694,657.811612244898,743.942304081633,581.431645918367,362.983467346939,667.460259183674,469.180212244898,230.644085714286,388.260482653061,220.554430612245,451.195621428571,470.941356122449,606.839248979592,638.827131632653,569.999658163265,406.461015306122,564.297624489796,545.023024489796,419.796773877551,657.592380612245,620.023118367347,511.750162244898,414.97228122449,507.69075,338.241795918367,1420.57902755102,689.603965102041,765.192757142857,648.094232653061,496.025301020408,880.929154081633,542.745614285714,1046.13671020408,494.240315306122,1124.75769183673,910.89312244898,522.357815306122,821.175779591837,876.081989795918,627.763910204082,724.848643877551,529.063070408163,410.583968367347,241.605559183673,369.896254081633,666.59333877551,281.274280204082,502.260329489796,444.783733571429,418.224946938776,305.378076326531,699.943069387755,497.094475510204,541.25912755102,746.552978571429,883.955998979592,525.873255102041,812.997085714286,191.721667346939,305.729267346939,308.005554081633,964.290143877551,816.022736734694,415.58456122449,263.026997959184,345.663987959184,554.276660204082,397.586075510204,857.733610612245,633.182675510204,627.545218367347,432.846543877551,1083.75520510204,1184.26840510204,402.469831836735,239.938954081633,492.173862244898,499.974757142857,420.447717346939,400.10581122449,359.293146938776,482.519554081633,531.485258163265,674.477226530612,583.487925612245,649.200043877551,743.84713877551,600.47257755102,498.521506122449,909.7314,1007.87912857143,639.266274489796,621.492946938776,1059.37191632653,1006.46105,534.868104081633,364.007369795918,569.927393877551,897.479718367347,504.924211836735,548.432991836735,488.213807142857,412.135131020408,684.614337755102,963.550381632653,416.497357142857,1019.8268122449,561.53548877551,702.27881122449,994.818697959184,662.808065306123,860.336505102041,791.455942857143,1174.26195612245,917.591715306122,1181.59857387755,367.525354285714,708.667002040816,797.630780612245,469.280719387755,1032.44389897959,811.408736734694,828.427568367347,1021.37132653061,557.464081020408,606.188263265306,663.453517346939,1008.87023367347,647.383290816327,164.986591836735,222.026412244898,675.018412244898,682.848085714286,844.622385714286,814.173780612245,283.332821428571,531.920164285714,507.429933673469,417.355048979592,284.169683673469,212.076353061224,800.84302755102,868.085991836735,923.637529591837,788.675614285714,608.87885,677.403553061225,569.740705102041,738.672446938776,454.406563265306,603.521514285714,523.751241836735,1011.92915714286,926.899443877551,370.225544897959,681.681490204082,229.075394897959,529.339396530612,470.12148122449,567.369160204082,787.208909183674,584.231201020408,552.656417346939,467.883440816327,648.800069387755,678.384426530612,965.671354081633,823.068945918367,817.735796938776,905.104077551021,725.081365306123,1172.25325612245,460.288176530612,749.54335,1029.22954795918,854.138633673469,649.438423469388,151.268417755102,682.833497959184,951.808263265306,1145.45726836735,711.034048979592,595.781146938775,816.669430612245,975.605769591837,800.6981,553.747945918367,288.932507142857,701.117384693878,989.785189795918,1160.97322142857,1083.06369285714,760.548795918367,614.521320408163,330.976583673469,523.814156122449,438.952157959184,763.898137755102,816.37937244898,428.806706326531,678.852151020408,406.367819387755,580.285618367347,466.681418367347,570.642915306123,416.745454081633,307.347886734694,934.948709183673,651.381697959184,702.106312244898,350.725013673469,760.02682244898,359.606405102041,328.652693877551,475.64857755102,617.019197959184,791.917637755102,720.223504081633,512.793055102041,673.182499183673,650.99515,586.088557142857,513.006491836735,518.295441836735,441.629248979592,780.817698979592,749.266136734694,525.642313265306,432.59820122449,482.202892244898,731.590146938776,636.698795918367,460.872486734694,502.459730612245,844.635414285714,528.05962755102,413.334024489796,866.019153061225,730.918055816327,712.717637551021,497.102979591837,559.318360204082,358.274667346939,383.698321428571,718.948810204082,515.892293877551,424.965430204082,756.834903061225,705.973715306123,906.271715306123,764.098817346939,922.326440816327,652.698395918367,1066.29929693878,607.382684693878,498.23153877551,698.192946122449,793.478267346939,943.702326530612,743.286728571429,457.087229591837,235.628410714286,741.982170408163,723.976842857143,631.353473469388,394.319669183674,355.701656122449,539.902889795918,885.093880918367,353.732652040816,690.28133877551,763.490545918367,395.194618367347,786.603165306122,1002.84549693878,736.428407142857,239.693360204082,365.787728571429,695.60311122449,1335.68368469388,610.987166326531,799.653609183673,662.311516326531,370.878165102041,718.859446938776,487.587313265306,300.228205102041,366.138285714286,438.831920408163,666.264220408163,975.53345,773.403923469388,343.204356122449,1173.11745714286,1029.44240612245,881.106929591837,1133.88373367347,612.587190714286,535.160055714286,688.003085714286,524.047597959184,473.85058877551,747.083403061225,766.816391836735,806.134540816327,739.900554081633,698.038634693878,775.175318367347,568.628,515.433774285714,711.138544897959,361.937083673469,245.421779591837,307.759753061225,729.62843877551,511.079976530612,910.829241836735,601.107184693878,574.275466326531,461.98941644898,297.853187857143,631.570945714286,563.562906122449,475.92877244898,436.363775510204,603.910975510204,545.372,730.879695918367,595.30102244898,875.191347959184,618.856904081633,755.373804081633,762.255857142857,758.83483877551,599.712335714286,741.949840816327,521.835285714286,807.17232244898,601.248844897959,513.457235714286,712.633191836735,937.081283673469,695.10788877551,693.119608163265,851.042554081633,983.733844897959,395.895046938775,510.824080612245,946.396609183673,424.224017346939,453.568571428571,699.585642857143,553.529323469388,1011.71112755102,1084.0881255102,757.456037755102,754.519165306122,1024.03119591837,964.245304081633,706.257674489796,648.621346836735,474.565825510204,984.714409183674,1255.50381938776,470.348901632653,1029.36526469388,330.804974489796,340.336004081633,731.155524755102,365.33975,629.893444897959,765.875556632653,866.654997959184,856.161139795918,452.561924489796,1049.06766530612,352.341256122449,375.757725510204,919.5476,792.157831632653,694.165737755102,574.088578571429,402.289026530612,542.087814285714,530.295434693878,625.220698979592,903.770332653061,634.77197755102,464.065852040816,1237.0009877551,1225.40023877551,609.423216326531,827.104147959184,405.607968367347,559.842762244898,655.255565306122,748.791198979592,1028.5919755102,868.096636734694,841.417030612245,576.891231632653,697.672385714286,694.160280612245,853.696959183673,298.325644693878,499.504816326531,546.557107142857,490.859298979592,526.573960204082,523.391216326531,859.759679897959,1011.7114744898,625.561605102041,639.971266326531,731.246218367347,834.343883673469,430.993056326531,868.303507142857,739.949748979592,1050.54169285714,610.114371428572,665.008194897959,1154.78911938776,614.000754081633,429.800991836735,644.039735714286,370.958673469388,313.360885714286,823.040778571429,781.915029591837,791.246820408163,899.490446938776,644.970484693878,449.575892857143,465.496255102041,725.034492857143,369.19992755102,969.432106122449,519.822833673469,769.672589795918,578.244741836735,884.951693877551,489.141563265306,489.396480612245,914.807690816326,516.777441836735,461.266901632653,719.425123469388,450.378681632653,447.956829591837,508.81118877551,575.598257142857,842.158087755102,739.153864285714,844.442847959184,530.837812244898,729.242628571429,657.919394897959,650.943370408163,547.131534693878,480.019835918367,857.678215,629.619824489796,486.267571428572,631.852659183673,572.85967244898,801.75152244898,540.436394897959,383.151420408163,422.846037755102,403.364724489796,343.24221122449,465.191129591837,457.770194897959,636.817204081633,647.860155102041,514.35566122449,501.423264081633,663.106564285714,426.012751020408,547.213193877551,763.580520306122,575.628539795918,486.089201020408,454.645294897959,497.095585714286,565.544109183674,836.337242857143,720.888379591837,536.79162244898,1013.78676020408,466.590902040816,1007.11172857143,655.279619387755,556.146305102041,572.148010204082,617.901252040816,374.579300204082,412.952227142857,1106.91040918367,686.000289795918,672.996056122449,683.891028571429,630.558659183674,611.13061122449,560.088527040816,538.429164285714,778.351119387755,1003.85417142857,1065.18667653061,686.866453163265,810.912458673469,803.583089897959,1227.84407244898,871.243857142857,657.387202040816,663.719408163265,779.874556122449,523.473070408163,506.51315,368.515356122449,347.643636734694,317.058337755102,424.682145918367,623.905354081633,1178.23640816327,959.801896938776,593.393159183674,441.653378571429,452.714097959184,588.167425510204,552.032733673469,723.766455102041,315.61286122449,167.419828571429,471.884865306122,733.736578571429,696.25793877551,1207.88352857143,917.262415306122,765.286320408163,468.379232653061,721.906228571429,508.755748979592,669.885459183673,636.529175510204,631.05889622449,1026.3797244898,823.54277244898,458.188957142857,290.906448979592,590.298813265306,708.316702040816,652.480246938776,533.689620408163,362.762878571429,638.718042857143,939.267897959184,730.641373469388,495.085836734694,751.298314285714,289.504639081633,350.511595714286,249.807023673469,242.350678367347,263.754274489796,352.844846326531,611.454314285714,1001.43740102041,868.535953061225,642.441185714286,618.35051122449,657.970346938776,859.89,838.744455102041,1035.7907877551,465.186032653061,214.36103877551,584.357998979592,457.632524489796,527.59792755102,515.813082653061,1225.72436734694,274.14021877551,448.302791836735,921.119028571429,564.848990816327,696.319087755102,882.59916122449,1182.77325102041,739.919069387755,318.171804081633,331.89718622449,329.082616326531,701.12962755102,281.316645204082,726.611736734694,395.950475510204,143.626785102041,493.672620408163,644.923823469388,352.694220612245,835.351331632653,633.675487755102,751.363668367347,534.141815306122,254.702785510204,1039.88821836735,760.566852040816,704.634585714286,726.110718367347,597.162653061225,579.626324489796,935.660180612245,977.960704081632,628.182191632653,622.138263265306,778.06207755102,842.556995918367,784.670495918367,785.980793877551,552.1888,617.207087755102,894.309506122449,1002.56808061225,562.743545918367,961.200148979592,808.961604081633,670.760643877551,881.383324489796,1122.93136938776,809.576602040816,608.296116326531,342.06467244898,845.391627551021,745.605415306122,719.540953061225,492.68498877551,739.598447959184,274.633796938776,558.017163265306,499.36472122449,678.591218367347,931.511820408163,971.496948979592,918.229320408163,821.901887755102,1583.08847653061,905.473547959184,825.46832244898,1149.00284387755,1156.42826428571,1013.8744877551,1195.55439489796,774.797343877551,967.923447959184,795.526398979592,614.834513265306,679.1063,423.841534897959,399.072491122449,318.480998979592,466.480470408163,259.419474489796,566.090234693878,991.866860204082,580.847839795918,599.00152755102,745.750983673469,430.7588,620.419493877551,667.770270408163,1155.97639285714,726.407646938776,580.838165306123,537.583919387755,936.333373469388,839.128216836735,596.90913877551,636.199671428571,993.867095918367,887.398945918367,384.374021428571,375.537037755102,727.661386734694,1058.84239591837,572.517916326531,708.853307142857,374.002662244898,407.023445918367,710.389041836735,316.226777346939,587.843540816327,468.38255,360.505154081633,379.048867346939,689.633947959184,801.362764285714,385.516683673469,433.814690918367,642.129335612245,831.097845918367,841.583181632653,440.26898877551,555.961007142857,609.328710204082,852.060559183674,1104.83026122449,933.403995918367,1302.25513571429,776.877441836735,544.355103061225,344.974074489796,491.056885714286,842.792028571429,727.026040816327,561.166557142857,516.403837755102,748.075436734694,980.995291836735,879.263980612245,1063.20676326531,731.064936734694,554.375083469388,783.578678571429,688.406534693878,504.510319387755,344.437773469388,455.616365306123,373.445060204082,511.69392244898,302.821448979592,353.397221428571,610.432693877551,388.246444897959,720.58472755102,573.977446938776,545.237808163265,595.093202040816,422.43997244898,627.757186734694,548.725579591837,746.859766326531,238.233871632653,182.334076530612,763.821587755102,282.257864285714,613.838153061225,894.738269387755,597.91741122449,869.284523469388,374.741947959184,893.036543877551,720.117626734694,592.087175510204,446.621048979592,487.632347959184,497.642756122449,866.581995918367,773.318346938776,989.323774489796,195.979583673469,546.819439795918,417.422220408163,277.051763265306,403.654129591837,974.105246938776,690.698824489796,656.608933673469,698.140100204082,1049.93724897959,685.898480612245,763.249847959184,420.373606122449,605.946782653061,759.60827244898,621.029252040816,695.998718367347,356.223153061224,520.056805102041,605.247351020408,505.827446938776,363.397564285714,289.976133265306,939.724313265306,634.465970408163,700.378469387755,933.062865306122,431.670569387755,873.702874489796,600.571940816327,699.442696938776,826.395466326531,832.289497959184,821.480654081633,693.351504081633,814.020187755102,529.077709183674,1036.22238693878,560.016553061225,725.492503061225,462.542214693878,484.547177857143,1035.48007142857,683.805197959184,423.897890612245,594.245841836735,362.398838571429,641.564708163265,376.586079591837,1063.31033877551,882.640926530612,877.826551020408,519.791917346939,758.207560204082,942.035308163265,549.553714285714,451.911360204082,751.45436122449,442.863148979592,650.948241836735,1053.05636530612,873.39455,911.041830612245,624.118681632653,581.536516326531,468.748851020408,628.980829795918,644.611454081633,630.515409183673,451.420960204082,941.049235714286,440.986034693878,670.48569,552.765598979592,660.21231122449,519.180311326531,472.636465306122,742.715757142857,827.755064285714,531.221894897959,428.170980612245,991.576046938776,647.207075510204,376.040212244898,659.030168265306,272.227210204082,904.866583673469,553.898879591837,1171.47789387755,835.521297959184,1056.05276020408,1145.32696265306,850.304145918367,803.240275510204,458.672173673469,632.2839,303.454734693878,398.865073877551,323.535594693878,783.921908163265,811.329129591837,667.204204081633,470.606502040816,1137.1253622449,1038.88243469388,911.167126530612,519.200059183673,646.31617244898,754.528024489796,687.326941836735,647.080232653061,526.558821122449,696.886354081633,276.142665510204,787.533065306123,893.002743877551,708.049244897959,869.427160204082,799.747008163265,445.358579591837,286.108084693878,543.742143877551,812.788479591837,1190.37665102041,942.241808163265,1039.7608244898,696.657201020408,778.882479591837,681.882554081633,525.616464285714,944.874329693878,611.831428571429,336.503201510204,626.492793877551,103.465679897959,991.984283673469,509.887470408163,785.929231632653,857.406504081633,895.353395918367,673.453975510204,928.177244897959,705.925190816327,678.455663265306,341.593950816327,531.695137755102,226.929508163265,380.289123469388,516.633635714286,556.080306122449,570.583680612245,881.662208163265,1171.8823377551,700.059573469388,661.097253061224,1001.22014183673,770.816599387755,574.705232653061,418.227093877551,550.716604489796,866.757739795918,752.623717346939,482.20543877551,562.662631632653,489.006616122449,695.815236734694,368.998134693878,384.283980612245,578.279041836735,171.120624489796,245.607543877551,238.56866122449,346.15186122449,533.204666326531,631.054903061225,794.566313265306,675.202991836735,439.656629591837,589.961020408163,326.215171428571,585.827435714286,501.477343877551,559.445105102041,647.542602040816,669.892004081633,589.764298979592,682.891484693878,742.981494897959,446.565743469388,1007.70814285714,817.002780612245,556.407735714286,628.316579591837,678.72958877551,686.845146938776,459.746243877551,822.163157142857,608.288946938776,879.865783673469,529.983440714286,530.412052040816,593.361444897959,827.54075,754.513193877551,626.568584693878,391.031689591837,382.47687244898,281.523914285714,757.473387755102,574.633166326531,516.645970408163,639.984715306123,816.090586734694,664.40951122449,923.500260204082,539.829383673469,406.261956122449,398.023094489796,326.81038877551,344.618229591837,512.35896122449,782.742852040816,748.105620408163,804.95336122449,596.643248979592,725.055728571429,222.137451020408,816.316790816327,464.828646938775,533.317036734694,685.987532653061,798.472556122449,746.931317346939,530.56132755102,831.71647755102,980.910821428571,385.383378571429,884.437985306122,1135.97621734694,621.298122653061,606.074796938776,491.881440816327,403.749779591837,493.551140816327,455.647795510204,458.418815306122,375.486863265306,389.849810204082,337.195096938776,866.356848979592,519.603558163265,512.428163265306,513.324184693878,1196.29824387755,373.758296734694,409.841196734694,432.00482755102,214.980386734694,654.059318367347,709.440584693878,260.721794897959,265.821290816327,550.054353061225,416.669924489796,1337.91173367347,562.098114285714,1066.48607346939,956.336278571428,614.823015306122,1156.96321020408,804.824291836735,879.745231632653,789.68002755102,731.695892857143,570.539580612245,546.855563265306,944.620004081633,487.14355,399.265412244898,770.921666326531,983.950718367347,673.819651020408,281.160894897959,654.864785714286,827.095094897959,420.003980612245,533.613517346939,329.131593877551,428.704224489796,522.245756122449,546.881394897959,377.729307142857,258.192505102041,364.405845918367,530.013570408163,274.409297142857,255.91897755102,310.1895,381.750132653061,471.243483673469,820.524993877551,1214.92921234694,948.363160204082,843.585215306122,417.508386734694,253.808718367347,326.517457142857,487.927559795918,852.895053061225,528.36427244898,1021.90040102041,645.886341836735,264.099183673469,647.320878571429,383.100796938775,423.375467142857,578.92386122449,612.972973469388,1038.72770102041,795.238504081633,847.081701020408,1092.56561122449,1389.78148979592,1125.38599489796,729.434532653061,797.140356122449,813.497124489796,388.05383877551,493.359326530612,609.871343877551,732.681179591837,489.141502040816,626.819837755102,828.821969387755,759.926436734694,1066.72451428571,1210.44659591837,840.851853061225,941.330769285714,1104.60789387755,1099.0127744898,663.862556122449,916.682997959184,1239.21495102041,866.449737755102,676.303295918367,778.784392857143,632.793148979592,1110.51955816327,870.548459183673,1210.90191530612,748.26898877551,455.225709183673,571.313730204082,360.549870612245,306.973029591837,336.321577346939,532.877520408163,340.430053061224,224.180329183674,270.003356530612,450.475875510204,580.597907142857,722.588242857143,539.544981632653,567.861776530612,452.997023469388,625.964874489796,476.105054081633,475.186298979592,718.123812142857,1124.20872704082,491.040652040816,648.604895918367,325.894871428571,516.878797959184,511.253792040816,615.877115918367,720.35103877551,375.681245918367,735.477480612245,449.349966326531,685.267709387755,605.453484285714,841.386113877551,597.012391836735,238.145679591837,542.392633673469,756.802793877551,500.406202040816,430.574979591837,723.91348877551,355.459315306123,540.706813265306,553.075492857143,527.929786734694,877.042175510204,600.189775510204,507.623054081633,479.159313265306,1077.62243673469,851.37463367347,694.312993877551,237.356967346939,586.680940816326,779.575698979592,800.252113265306,402.076945918367,582.73277244898,575.594984693878,394.726276530612,743.427967346939,764.495272857143,449.927853877551,367.942763265306,575.545510204082,593.881976530612,646.558544897959,739.605963265306,734.787108163265,763.830179591837,1127.22724795918,434.797837755102,725.857084693878,686.220310204082,1597.8301777551,985.158460204082,638.657623469388,870.247493877551,1055.88491020408,912.281718367347,895.342510204082,1155.41363673469,598.373302040816,427.731646938775,471.0132,611.0409,905.134044897959,1424.23365612245,1180.6346122449,1086.37763877551,972.193843877551,482.532723979592,440.329383061225,335.352092857143,565.829329591837,706.990310204082,426.498262244898,388.68536244898,567.806791530612,1000.74712040816,927.087423469388,802.587003061225,659.954902040816,494.104923469388,593.583210204082,488.934184693878,640.056693877551,583.684556122449,747.681474489796,981.616559183673,621.732231632653,1091.3879255102,1165.8623755102,915.489420408163,604.436787755102,661.521671428571,530.180182653061,562.617328571429,1015.67415510204,517.0266,467.285475510204,561.615516326531,273.331679591837,253.565978571429,509.342452040816,624.865574489796,927.602594897959,751.271437755102,504.473155102041,346.917410918367,811.241474489796,962.778873469388,744.364904081633,724.126076530612,528.905080612245,338.456687755102,909.622216326531,385.607023469388,908.089307142857,1012.95399489796,863.079570408163,658.025229591837,1163.27141530612,687.306433673469,1245.48091122449,1077.62550714286,543.581844897959,747.386324489796,277.543713673469,798.295398979592,577.019015306122,693.142346938776,558.747136734694,472.321157142857,574.576895918367,458.575721428571,593.550618367347,1152.20172755102,819.938594897959,1037.01459183673,812.210047959184,689.402666326531,242.986594897959,609.539263265306,606.312367346939,875.546252040816,980.289903061225,778.320934693878,687.79812244898,458.202507142857,258.816679591837,698.563423061225,564.949053061225,791.825214285714,792.603335714286,624.508941836735,842.073019387755,589.436985714286,830.843575510204,457.790215306122,388.198516326531,747.455739795918,1144.61829693878,781.381905714286,722.20418367347,263.997091836735,661.155726020408,868.674609795918,332.681847959184,237.415347959184,590.640795918367,718.896315306123,720.025616326531,593.14511122449,548.162398367347,918.997166326531,473.709062244898,506.457836734694,685.015730612245,722.294410204082,553.758482653061,872.199497959184,423.168485714286,241.868909183674,586.697782653061,822.915364897959,535.653397959184,605.259559183673,720.174128571429,696.047312244898,727.894784693878,685.279,526.719079591837,573.703773469388,967.732685714286,732.015969387755,340.659171428571,365.432730612245,734.573712755102,831.515007142857,457.617221428571,938.716848979592,529.032724489796,671.743196938776,953.836873469388,1108.71533163265,412.723331632653,384.252531632653,283.852616938775,796.659362244898,1005.5544377551,677.544287755102,544.712458163265,919.126033673469,727.000377551021,628.046558163265,694.68352755102,422.855259183674,298.353883673469,510.054935714286,315.092309183673,377.772263265306,278.305321428571,659.623945918368,762.817874489796,758.405508163265,624.330659183674,351.446214489796,239.449742857143,581.796069387755,572.124093877551,871.039102040816,558.124792857143,208.384960204082,793.456426530612,686.529992857143,318.671975510204,611.35721122449,407.715878571429,924.905942857143,682.383366326531,1020.97937346939,1080.23085408163,820.347279591837,510.234365306122,725.650126530612,844.800779591837,472.110939795918,420.750325510204,558.929513265306,773.351571428572,630.896331632653,679.749376530612,664.372780612245,916.179766326531,1061.8495744898,468.491002040816,641.392639795918,813.769394897959,1023.98474489796,1168.33305204082,660.033354081633,504.313037755102,1155.96820816327,1183.40205714286,675.506164285714,559.538516326531,751.64917244898,460.716792857143,941.993710204082,625.100670408163,600.788302040816,631.40347244898,933.40842755102,1053.14062244898,543.196283673469,698.012896938776,356.713928571429,1178.77610816327,792.271967346939,584.415007142857,1186.57187244898,569.824251020408,782.131569387755,741.304653061225,908.761901020408,1055.55616836735,800.634891836735,1047.62611326531,687.415323469388,461.734401020408,784.586367346939,834.719617346939,855.18082244898,867.117006122449,328.807874489796,611.206664285714,518.863939795918,596.33983877551,766.125886734694,504.757539795918,391.782392857143,736.822562244898,573.517368367347,463.197670408163,798.81037755102,488.325455102041,735.952040816327,625.073425510204,533.068740816327,754.444852040816,264.312927142857,676.987692857143,512.34612755102,815.456730612245,963.726676530612,680.4587,670.20972244898,848.474595918367,691.597055102041,658.816562244898,678.863437755102,350.909599795918,265.562754591837,223.283350204082,375.834692142857,521.610017346939,806.206360204082,436.131312653061,947.578337755102,878.554997959184,1149.63457346939,716.584934693878,713.486067346939,298.767676836735,178.142222244898,221.008247959184,789.28828755102,723.762406122449,605.118108163265,800.243964285714,1015.83082040816,440.723619387755,731.88411632653,646.682670408163,966.383802040816,171.25618877551,637.973014285714,598.458990816327,612.824373469388,775.449168367347,708.534943877551,578.187573469388,801.33823367347,973.777303061225,916.732195918367,647.63297244898,610.422795714286,593.149244897959,689.779131632653,500.049614285714,660.544535714286,596.589069387755,638.370679591837,392.328106122449,425.461109183673,437.059502040816,549.577831632653,756.615816326531,895.40176122449,795.752051632653,1181.51906938776,840.333609183674,258.984579183673,219.147929183673,286.692279183673,762.665358163265,669.631131632653,576.407821428571,571.569367346939,842.578658163265,796.61608877551,865.182201020408,1067.38023061224,875.70281122449,997.812337755102,929.480675510204,807.949348979592,426.576452040816,388.27901122449,342.460341836735,414.558492857143,154.519093061225,455.7849,923.962446938775,436.587012244898,227.740324489796,466.493609183673,255.756886734694,835.796244897959,249.09112755102,355.251928571429,467.591367346939,643.448998979592,403.961479591837,845.635385714286,558.517125510204,319.141944897959,550.411873469388,842.585785714286,773.662329591837,543.909831632653,550.5313,191.416801836735,375.987166326531,544.716868367347,709.245789795918,822.461858163265,1047.53337755102,200.116538367347,714.346894897959,408.34062755102,873.538206122449,684.915571428571,533.168921428571,686.212671428572,840.548617346939,511.963764285714,425.010665306122,388.618372653061,342.130840816327,764.24289755102,585.814655102041,465.454793061225,480.801654081633,905.601183673469,952.85162244898,1100.08641530612,1333.46924081633,732.250368367347,515.092690816326,484.274615306122,540.731030612245,731.26732244898,905.677850306123,603.637104081633,948.135781632653,490.665193367347,857.104435714286,608.656447959184,987.581641836735,348.02421122449,704.60106122449,977.873213265306,1033.02031020408,494.473143877551,667.606868367347,617.048728571429,536.023178571429,1555.22160612245,685.525357142857,645.07992755102,1209.58551530612,1115.07230306122,907.050169387755,969.060058163265,371.799117346939,617.453506122449,671.440810204082,899.051415408163,421.958386734694,272.653031632653,483.078489795918,669.099664285714,595.053975510204,245.566602653061,432.529667346939,536.233803061225,667.645286734694,857.343632653061,561.876702040816,795.304044897959,461.308225510204,730.305145918367,714.476468367347,731.642229591837,520.647423469388,838.586030612245,1064.97306428571,979.869167346939,703.495495918367,500.184906734694,676.770667346939,686.307139795918,596.283525510204,732.556546938776,424.427554081633,666.366809183673,228.995230612245,448.03887755102,886.232826530612,353.142251632653,381.32481122449,681.862235204082,1040.93741326531,748.826381632653,710.356485714286,970.784801020408,773.931362244898,562.5348,727.544883673469,856.58851122449,933.899812244898,892.897398979592,621.41963877551,804.975566326531,880.642166326531,588.760728571429,907.233036734694,828.287183673469,888.376419387755,425.794884693878,569.968812244898,641.979416326531,589.535910204082,314.479304081633,284.948404081633,588.180225510204,861.667070408163,279.871415306122,659.77362244898,396.510676530612,402.181791836735,938.128304081633,841.312905102041,230.188967346939,563.971530612245,387.496153061225,451.501597959184,822.385494897959,285.876707142857,889.93908367347,559.002470408163,498.497483673469,446.647094897959,597.178121428572,662.583187755102,278.302414285714,739.755967653061,309.063829795918,679.123942857143,837.279126530612,530.126804081633,818.665812244898,970.517992857143,921.061669387755,964.821582653061,1082.22815306122,535.567340816327,509.109984693878,980.806465306123,653.850385714286,800.586104081633,357.772090816327,748.600539795918,692.134941836735,541.423469387755,574.039355102041,397.90792244898,751.997490816327,805.540302040816,1360.79381020408,1118.64380714286,585.575300612245,330.888256122449,457.79066122449,542.779235714286,416.436629591837,813.970387755102,614.907454081633,356.25178877551,357.763325510204,1210.83459897959,600.019568367347,710.115657142857,907.00751122449,1236.76352040816,752.30995,1150.25763367347,1033.66820714286,847.816294897959,727.356860102041,870.70713877551,1045.71463469388,941.581601020408,309.986653061225,281.951325510204,718.897451020408,759.181341632653,806.535987755102,799.435392857143,535.946897959184,533.882825510204,924.832679591837,693.62243877551,777.442740816327,433.408387755102,559.118123469388,532.426424489796,836.353486734694,936.744695918367,290.958970408163,594.297870204082,401.300718367347,503.591094897959,424.343620408163,380.486194897959,509.563866326531,532.804326530612,691.990821428572,889.465228571429,369.444817755102,617.140545918367,870.355432653061,162.537835714286,926.335760204082,543.917181632653,784.251195918367,353.875332653061,277.55271122449,454.096389795918,589.360684693878,692.329593877551,961.576718367347,402.210094897959,478.264876530612,1194.47752959184,814.122714285714,508.878412244898,961.68394,1033.03604897959,687.654466326531,888.888319387755,589.973282653061,626.84117244898,638.165215306122,608.585032653061,618.870018367347,152.307965306122,545.835071428571,665.841092857143,587.222851020408,982.73468877551,698.303218367347,747.698020408163,778.740226530612,506.345980816327,513.798297959184,664.304853061225,470.901309183674,519.96296122449,664.186963265306,574.793775510204,460.965139795918,798.843877551021,978.800584693878,900.640215306123,1120.88003061225,1037.8680122449,1156.25681020408,873.354594897959,524.318812244898,551.020935714286,315.15761122449,854.869174489796,384.574971428571,789.098078571429,518.937441836735,920.447917346939,488.790963265306,450.491071428571,484.972816326531,958.330666326531,549.399056122449,506.348056122449,527.035912244898,541.871921428571,765.340822653061,961.497276530612,617.359381020408,635.696881020408,377.787924489796,1085.26795510204,806.486640816327,534.842152244898,528.846880612245,502.82637755102,544.719628571429,816.431336734694,761.826492857143,721.904536734694,646.141454081633,1095.06892142857,724.868148979592,854.928952040816,385.18822755102,343.680339795918,669.656420408163,1098.80113061224,989.294870408163,788.904213265306,866.873922142857,1166.9632744898,545.660142857143,799.631719387755,606.720963265306,509.205325510204,666.191683673469,747.468533673469,992.71137244898,594.154160204082,227.303932653061,329.307092857143,659.761724489796,398.637169387755,949.37841122449,828.210081510204,270.327485714286,402.83292622449,378.261576530612,815.180195918367,897.268955102041,453.141266326531,653.968065306122,634.707446938776,785.873220408163,857.671274489796,666.282971428571,732.585292857143,852.42112244898,610.11947244898,505.622575510204,885.508807142857,598.372291836735,578.87366122449,506.822004081633,526.818274489796,417.892371428571,412.46845,445.80043877551,347.086109183673,373.219324489796,673.403824489796,775.011296938776,504.228358163265,440.021166326531,481.52481122449,584.686968367347,699.942425510204,962.094626530612,661.411037755102,734.740493877551,419.624432653061,581.468252040816,893.051697959184,580.646232653061,776.911256122449,290.79022755102,714.510934693878,805.722702040816,773.023034693878,857.142991836735,638.309506122449,387.795492653061,559.686963265306,691.359395918367,704.897130612245,459.203402040816,467.640204081633,774.352795918367,595.554740816327,522.968297959184,278.25441122449,387.591398979592,259.770151020408,314.939741836735,388.505374081633,634.471464285714,820.224493877551,869.121279591837,523.938643877551,655.456109183674,710.157366326531,291.470590510204,1185.7785244898,1090.91060102041,501.567534489796,309.075578571429,533.914645918367,313.515680612245,320.066497959184,277.883641836735,384.077378571429,216.875909183673,379.114007142857,441.176519387755,832.201136734694,684.274696938775,1345.6844622449,625.271331632653,739.037354081633,909.393097959184,1004.98555816327,1074.64214591837,733.694206122449,279.170368367347,319.109570816327,292.624634693878,477.36736122449,495.451023469388,563.772787755102,493.873265306123,670.350873469388,1044.83972857143,1022.7920255102,1260.6080377551,805.771164285714,286.620645918367,922.621268367347,1014.46223979592,931.278377551021,476.277312244898,599.474067346939,387.956959183673,316.676136734694,639.292833673469,430.982853061224,623.106309183673,853.00463877551,744.063862244898,1063.57949591837,965.095869387755,603.662545918367,669.237663265306,458.769475510204,1230.49685,809.724790816327,727.960442857143,617.714552040816,681.854059183673,613.649097959184,307.905119387755,229.867374693878,404.800433673469,547.450637755102,460.540763265306,433.046041836735,571.885512244898,474.409862244898,588.662026530612,907.320397959184,1002.52513367347,706.151279591837,336.695871428571,379.835342857143,401.932209183673,1023.80622346939,712.873008163265,531.752079387755,776.916840408163,577.527333673469,1264.4748755102,804.570275510204,417.31601122449,256.020259183673,569.430762244898,915.241303061224,582.817042244898,677.807880612245,638.128002244898,710.154492693878,784.715798979592,488.986102040816,438.684017959184,748.483539795918,791.658917346939,641.286628571429,558.674752040816,480.216956122449,353.60408877551,353.240485102041,389.056739795918,688.577617346939,396.173140816327,793.808289795918,622.341740816327,581.635595918367,710.939320408163,587.040040816327,642.190012244898,459.617728571429,404.819531632653,373.020987755102,408.967325510204,535.231933673469,662.111720408163,880.256806122449,653.224513265306,866.976657142857,338.018715306122,699.244019387755,713.367,353.681743877551,467.812447959184,494.859384693878,681.685796938776,666.934880612245,795.250092857143,822.374104081633,693.496379591837,561.237459591837,341.150964693878,664.917942857143,650.552521428571,448.190431632653,532.178094897959,339.830003061224,624.033271428571,554.852558163265,750.813937755102,303.575491836735,580.284887755102,626.972210204082,253.687382653061,562.466169387755,418.273493877551,461.828301020408,693.27221122449,692.558777551021,718.412364285714,965.653894897959,256.526560204082,374.644604081633,436.253267755102,498.410357142857,740.137228979592,727.978846938776,435.397267346939,337.049164285714,256.227875510204,513.17675,499.089725510204,760.324858163265,225.07452244898,456.123464285714,1043.44688877551,822.899128571429,549.526631632653,743.975509183673,312.904948979592,987.345509183674,662.075575510204,448.92012244898,363.730354081633,401.252141836735,483.887673469388,507.079210204082,668.689156122449,796.580162244898,810.497523469388,360.00534122449,273.441471428572,803.051057142857,318.145535714286,451.127244897959,536.501918367347,545.089258163265,579.924378571429,588.975539795918,226.34408877551,367.382048571429,883.451552040816,670.154015306122,278.452762244898,584.55978877551,797.981475510204,563.562663265306,581.97651122449,613.132063265306,376.331405102041,828.320076530612,726.015723469388,823.002153061225,851.260585714286,925.305339795919,403.823606122449,956.952657142857,456.888817040816,621.995228571429,604.952396938776,541.636967346939,533.892845918367,418.901596938776,922.633185714286,1115.5129377551,780.176637857143,698.370987755102,962.237706122449,797.34916122449,702.120606122449,588.65537755102,303.182495918367,738.915269387755,760.387331632653,427.276318367347,707.450604081633,469.513652040816,414.105683673469,301.821547959184,422.333217346939,1362.18624897959,1009.18779897959,750.213714285714,373.395283673469,575.091597959184,736.390173469388,386.515646734694,460.03933122449,472.93289122449,644.646108163265,389.592987755102,419.091795918367,447.322014285714,705.428915306122,711.444523469388,1262.58850306122,1403.07336530612,615.714839795918,864.428136734694,526.028552040816,668.540067346939,479.418997959184,759.954447959184,479.111992857143,528.48328877551,602.4165,539.673468367347,891.425418367347,266.069650816326,324.701267346939,569.696513061225,727.035041428572,324.348741428571,879.633304081633,739.653323469388,854.384483673469,1027.85296326531,1067.02475306122,380.388982653061,857.911394897959,736.314708163265,807.35746122449,642.247767346939,442.507747959184,808.963226530612,686.589751428572,315.458826530612,227.475776,562.659368367347,770.569085714286,714.204219387755,460.6981,599.810731020408,735.800883673469,429.915283673469,391.961768367347,344.874391836735,501.014320408163,859.31127755102,708.799347959184,616.253486020408,799.825742857143,1333.13921326531,403.268058163265,685.528166326531,595.071189795918,497.190060204082,703.052700306122,439.950673469388,507.551363265306,558.955524489796,920.645060204082,702.388808163265,286.584960204082,343.546355102041,559.920504081633,247.08203877551,436.818415306122,887.687943877551,899.914784693878,720.800391836735,680.920453061225,449.816536122449,1092.32939081633,993.060575510204,465.082905102041,775.358346938776,1321.59975102041,756.796959183673,707.253146938776,866.096482653061,423.102302244898,589.452991428571,941.23753877551,654.490223469388,381.982418367347,317.45137244898,416.827824489796,404.168184693878,557.03095,508.871518367347,429.926177959184,512.58901122449,457.028764285714,528.442736734694,494.69192244898,849.6893,477.128385714286,512.356990816327,479.288741836735,379.834861836735,630.947243877551,447.445274489796,908.018797959184,642.206019387755,891.25068367347,499.877536734694,735.644516836735,525.822687959184,778.586638469388,822.023218367347,759.049665306123,451.294391428571,727.413013265306,733.363575510204,898.529218367347,1156.71290510204,680.981784693878,918.091907142857,477.902371428572,533.463107142857,511.777176530612,358.8706,752.787445918367,355.340266938776,452.25045,1028.76109183673,443.175810204082,795.101595918367,768.95742244898,724.555664285714,685.650842857143,436.366157142857,446.531589795918,683.241885714286,514.111187755102,634.886673877551,1270.60970612245,748.473953061225,695.817162244898,535.794420408163,740.001302040816,562.791389795918,784.989169387755,782.813017346939,1033.33243571429,541.455240816327,699.530187755102,471.802568367347,376.836598979592,383.091198979592,219.050105102041,377.673654081633,591.206807142857,695.646466326531,640.583265306122,529.544228571429,726.108494897959,649.453128571429,502.211717346939,669.620108163265,375.552994897959,330.382654081633,433.198084489796,500.009535714286,618.955481632653,729.245051020408,549.4066,1009.2199255102,1301.17326785714,1131.30273826531,1053.87695612245,835.071495918367,480.818078367347,558.377465306123,690.695216326531,909.410802040816,656.864492857143,662.294924489796,472.888702040816,487.414,511.73047244898,1091.86316122449,620.345926530612,542.171955102041,668.074118367347,503.716725510204,438.077989795918,664.797818367347,590.043409132653,403.285505102041,368.306675510204,735.675226530612,646.37467244898,715.257503061224,338.039960204082,265.801582653061,474.500507142857,389.635670612245,796.184074489796,486.371308163265,980.887174489796,575.264466326531,706.991791836735,575.483640816327,975.374813265306,846.848707142857,503.450560204082,866.159910204082,483.402065306122,178.579217346939,470.455084693878,647.203497959184,552.852130612245,963.742336734694,610.642903061225,893.274321428572,684.40431122449,555.916345918367,388.276140816327,642.038768367347,665.660815306122,361.504534693878,411.404510204082,690.714675510204,769.935036836735,642.8547,1290.44389285714,817.661392857143,640.379731632653,492.676947959184,523.507374489796,664.321214285714,724.578690816327,766.319341836735,673.957441836735,714.701708163265,489.550067346939,626.624353061224,948.352841836735,897.312847959184,762.071155102041,648.542223469388,1015.12907653061,819.583430612245,1091.99929183673,1381.55899183673,1190.44468571429,1010.24529183673,1025.93227653061,877.688693877551,766.680877551021,966.149342857143,666.043318367347,550.355692857143,286.273985714286,322.74085,503.000385714286,539.507773469388,621.604013265306,832.261760204082,459.850044489796,546.793864285714,615.177092857143,877.629582653061,795.473319387755,741.098735714286,775.833979591837,621.943459183674,691.59832244898,836.185470408163,1031.16131020408,657.665620408163,610.455734693878,244.821398979592,242.744847346939,404.512034693878,743.15618367347,640.129584693878,814.083404081633,584.765546938776,572.25661122449,1006.40217346939,947.142763265306,708.235445918367,1328.75129285714,937.91053877551,1072.27226122449,680.220345918367,624.849064285714,622.151960204082,399.031344897959,396.184960204082,335.232316326531,598.408512244898,623.699498979592,677.146440816327,1091.80535816327,664.395546938776,684.854489795918,444.387837755102,623.956985714286,639.898483673469,1055.0263122449,693.595890816327,976.060405102041,839.768987755102,504.77268877551,905.548378571429,655.685570408163,430.441965306123,315.048817346939,926.322324489796,567.968678571429,592.771333673469,733.926323469388,838.130233673469,753.985516326531,725.409003061224,575.692485714286,555.368697959184,859.894614285714,830.645990816327,975.048081632653,1001.03050714286,427.005795306122,911.411325714286,621.223684693878,808.689325510204,965.763692857143,748.644639795918,965.216398979592,625.432981632653,757.000094591837,916.661445918367,1068.12648693878,1015.26541020408,763.572212244898,634.89995,797.219247959184,468.4022,243.833186734694,472.088040408163,751.496546938776,1183.61307755102,894.226420408163,647.024065306122,444.82812755102,884.901466326531,397.871634693878,409.55643877551,568.713762244898,403.142883673469,516.672048979592,962.925448979592,306.231778571429,677.056989795918,611.094234693878,711.331131632653,1169.74105918367,983.403034693878,754.878945918367,1014.72076326531,582.340712244898,528.727112244898,984.189367346939,599.484162244898,413.395923469388,436.998187755102,731.191192857143,1036.67385,521.57532244898,968.79303877551,282.919379591837,442.630337755102,588.551934693877,427.313704081633,650.747555102041,632.488281632653,779.13508877551,488.230945918367,712.664916122449,682.001236734694,1348.08845408163,813.37396122449,567.039664285714,617.783707142857,623.764266326531,471.045689795918,486.872737653061,724.545503061225,444.891317346939,571.97297244898,274.403578061225,895.706909183673,538.207973469388,636.682984693878,818.327854081633,626.756073469388,997.113743877551,821.805506122449,501.063407142857,402.60127755102,687.565986734694,976.38642755102,822.220016326531,505.351436734694,583.596633673469,780.063401020408,541.479932653061,648.122373469388,406.673456122449,765.794386734694,415.135728571429,608.101385714286,627.897967346939,458.953355102041,866.359941938775,525.791442857143,883.896767346939,658.911096938776,729.058204081633,436.746952040816,408.945437346939,813.699706122449,1104.63034387755,908.269490816327,749.253543877551,560.575270408163,585.404206122449,959.150778571429,710.587923469388,1051.72260102041,830.26562244898,468.403213265306,441.390929591837,291.842080816327,1178.68033979592,1264.87462142857,691.309631632653,586.237444897959,842.620508163265,585.244474693877,730.218913265306,486.808785102041,573.817064285714,873.344323469388,474.13265,725.687026530612,1064.60698979592,963.92127244898,774.883237755102,1078.34404387755,821.730844897959,1224.68528571429,931.3378,800.806505102041,865.091527551021,254.079202040816,1311.95402755102,747.464242857143,670.332247959184,561.769970612245,458.339655714286,788.501419693878,409.980289795918,107.527478979592,412.926107142857,311.397293877551,369.769066326531,428.47726122449,559.495040816327,912.949468367347,652.57608877551,542.938671428571,614.987431632653,710.435908163265,1238.59700204082,600.480018367347,296.986261020408,377.715857142857,821.338245918367,897.463248979592,355.936052040816,522.031862244898,823.667904081633,696.814694897959,661.02663367347,581.534321428572,689.836004387755,1120.24690795918,759.367096938776,615.626525510204,553.443209081633,825.036625510204,434.770778265306,774.03438367347,519.105026530612,708.557996938776,901.576806122449,901.344237755102,344.015731836735,376.333397959184,529.727608163265,840.383593877551,538.281706122449,698.797876530612,712.911715306122,894.25302244898,555.178708163265,884.201928571429,668.921579591837,989.709590408163,638.430907755102,894.335933571429,572.704930510204,384.589881836735,346.799051938776,215.286230714286,173.92938877551,514.797334897959,599.435373469388,798.085617346939,722.964347959184,628.508731632653,476.392621632653,315.065974489796,358.409430612245,772.834485714286,486.03532755102,554.469958163265,811.55403877551,885.227014285714,1288.34566122449,842.366262244898,589.331099387755,711.779040816327,434.105079591837,350.882775510204,737.473052040816,298.645286938776,295.102136938776,581.851013265306,312.194117959184,533.266343877551,453.636081632653,198.830420408163,283.751315306123,754.877064285714,329.639714285714,903.295264285714,1100.33650561224,577.000644897959,430.591352653061,1247.07790306122,560.906339795918,732.181270408163,952.633695918367,621.129717346939,508.129496938776,377.736397959184,493.41188877551,539.398055102041,820.988852040816,357.380260673469,968.134430612245,1099.20582959184,561.202517346939,569.787626530612,760.81482755102,544.342578571429,573.671158163265,552.000735714286,734.156586734694,343.861775510204,314.751902857143,483.940419387755,930.686524489796,963.207498979592,511.254147959184,444.62357755102,445.160843877551,753.28332755102,747.606909183673,807.565417346939,443.946784387755,676.482453061224,679.262356122449,490.871963265306,220.665175510204,332.49481122449,609.38378877551,819.598957142857,507.239984897959,900.718391836735,763.423683673469,484.129923469388,453.442423469388,428.393859183673,669.946860204082,819.686830612245,549.703454081633,610.968530612245,865.450527551021,820.871146938776,788.317646938776,351.645721428571,536.501668367347,472.694319387755,433.067228571429,574.400680612245,552.426634693878,339.891154081633,543.666655102041,510.397242857143,706.52267244898,864.350876530612,1183.82849591837,829.191125510204,662.338839795918,633.086425510204,802.608170408163,957.398887755102,969.808048979592,1112.81116326531,563.509089795918,908.7483,540.021851020408,395.884844285714,178.665102040816,353.823532653061,789.993403061224,854.556162244898,852.561681632653,499.596562244898,609.089266326531,1168.37519,727.912835714286,984.563941836735,429.020263265306,899.833559183674,828.110654081633,371.780286428571,888.205267346939,810.635992857143,396.455833673469,449.340365306123,1055.18164693878,738.418455102041,758.178803979592,476.406829591837,937.807159183674,1166.84637244898,1253.01696734694,592.713563265306,729.292533265306,457.350832653061,294.945958877551,256.673485408163,191.386983469388,495.175584693878,1001.90560612245,325.809080612245,481.885141836735,171.231510204082,525.764408163265,505.902284693878,371.459725510204,467.575316326531,287.885658163265,486.045573469388,568.28172755102,688.565180612245,847.56633877551,616.883862244898,1141.96663163265,926.359459183674,663.893240816327,594.180004081633,929.122017346939,732.78995,458.643988163265,970.982771428571,535.677233673469,920.099340816327,941.813340816327,859.977590816327,316.322706122449,1108.60009795918,1055.82249897959,886.888979591837,1104.71067040816,994.815334693878,807.683712244898,598.571575510204,487.30142755102,523.54325,521.21085,735.312012244898,1029.36252755102,458.89322244898,791.780665306123,754.807115306122,906.445947959184,735.749404081633,1194.7500755102,897.209856122449,861.680713265306,697.79476122449,1061.16716938776,428.053901020408,394.298583673469,164.159304081633,657.671680612245,353.169529591837,316.683946938776,633.17852244898,617.448212244898,822.248225510204,547.045384693878,743.895408163265,497.636608163265,692.693585918367,444.831971836735,345.480140204082,698.426066326531,470.864431632653,524.401615306122,674.691169387755,1117.21954387755,398.522191836735,709.958403061225,657.603656122449,953.33795,707.88113877551,434.643474693878,246.516684081633,492.502132653061,310.888794285714,463.992919387755,268.836249387755,516.210914285714,521.494146938776,900.655573469388,926.232685714286,944.874562244898,752.042724489796,667.960757142857,564.581624489796,509.177962244898,769.550186734694,714.292213265306,597.684610204082,316.81252755102,654.67537755102,415.168658163265,731.371386734694,334.550789795918,705.406552040816,803.682696938776,799.17037755102,824.63092244898,279.421189795918,471.630643877551,309.684784693878,689.988830612245,721.089915306123,582.306779591837,719.917732653061,579.889686734694,510.022190816327,390.080325510204,318.101533265306,598.388231632653,530.277849795918,482.357395918367,860.033170408163,453.589340816327,553.702680612245,1057.65734489796,939.028587755102,1048.96503877551,764.996374489796,998.43022755102,1061.20576938776,621.298268367347,596.721398979592,776.37322755102,667.672028571429,614.41935,418.33297244898,291.218517346939,626.294629591837,954.62666122449,669.252579591837,797.502163265306,423.538653877551,220.861753877551,404.731895918367,558.634332653061,395.405812244898,470.726323469388,425.259614285714,297.308429591837,1067.10788979592,1033.25488877551,578.832233673469,635.816414285714,814.947081632653,689.299114081633,711.381704081633,457.5744,754.82493877551,294.007223469388,520.645825510204,629.652654081633,572.187954081633,594.071079591837,557.177328571429,388.126308163265,624.720471428571,305.534304081633,571.10628877551,679.814156122449,824.616021428571,549.244097959184,671.578162244898,321.213957142857,500.909457142857,648.570918367347,892.678869387755,1055.8436744898,651.858262244898,533.942744897959,1064.88041836735,1146.43491836735,1363.39496530612,1351.35408163265,838.601003061225,974.027378571429,809.385129591837,748.90818877551,868.056633673469,473.742096938776,287.423330612245,895.38855,934.681085714286,719.27827244898,1064.43976326531,918.832121428572,447.669656122449,887.43671122449,992.157215306122,1075.90603061224,521.600360918367,336.626224489796,626.857989795918,452.903068367347,1074.54656020408,815.750751020408,979.875689795919,955.441687755102,705.014774489796,1018.23118265306,681.460541836735,580.540074489796,560.113589795918,1215.12243673469,1514.51404081633,1092.03466428571,617.947653061225,978.905281632653,452.905136734694,732.520692857143,820.717067346939,638.753844897959,837.671785714286,789.550571428572,445.447025510204,444.654876122449,350.705320408163,347.734242857143,404.271073469388,567.466893877551,450.100029591837,773.299562244898,529.57578877551,442.373890816327,615.748258163265,407.976157142857,418.69157244898,805.800069387755,713.738814285714,638.884213265306,535.696454897959,553.360804081633,486.451442857143,530.964593877551,823.530420408163,426.78587244898,660.979634693878,757.944595918367,1002.87607959184,1117.10877765306,897.103084693878,805.30668877551,649.191284795918,1040.4776877551,361.19377244898,549.707542857143,330.791763265306,731.455479591837,761.857603061224,400.419558163265,558.001443877551,679.137819387755,781.695374489796,897.445559183674,1080.2314622449,623.886960204082,467.318396938776,1366.4020877551,1013.45359489796,424.213693163265,1237.4355377551,922.87745,745.640965306122,719.134128571429,419.350169387755,768.09570755102,210.665474489796,275.461343591837,495.003886734694,478.410098979592,766.79251122449,601.743759183674,637.827063265306,602.043420408163,555.032286734694,584.504105102041,677.297324489796,617.07278877551,586.614514285714,597.896982551021,473.013326530612,922.715458163265,1091.38256122449,735.286344897959,999.978509183674,558.449062244898,702.882267346939,534.288593877551,1238.89330816327,1119.51721530612,448.69312755102,763.823396938776,718.324514285714,565.985284693878,717.595691836735,781.818694897959,1084.86073571429,830.597607142857,1028.50270306122,587.063810204082,799.048360204082,702.027154081633,601.248423469388,494.384592857143,634.994363265306,986.679378571429,977.072217346939,774.5603,1191.4737255102,602.223551020408,727.646133673469,1062.32204387755,1084.56549693878,598.195030612245,1203.03434693878,553.037085714286,641.028391836735,692.982576530612,677.689287755102,579.561360204082,702.173797959184,869.430715510204,664.82152244898,1009.63077959184,1152.19469795918,1055.59669489796,817.214471428572,608.132440816327,400.311855918367,848.740945918367,521.095205102041,586.405945918367,714.717179591837,582.743285714286,510.659821428571,522.081643877551,471.291501020408,641.533041836735,821.609568367347,366.199542857143,755.682762244898,508.038378673469,600.978521428571,396.762457142857,879.264591632653,412.634840816327,276.180519387755,787.951628571429,352.915691836735,502.83107755102,361.427028163265,526.556392857143,414.554153061224,609.987114285714,410.362489795918,344.410567346939,801.886954081633,717.568917346939,483.192434693878,679.661666326531,1047.56651020408,942.353706122449,599.116884693878,1111.87559183673,716.177375510204,653.889024489796,1001.49501530612,404.102768367347,445.18477755102,979.223494897959,538.073405102041,688.736509183674,860.693691632653,842.462124489796,607.734778571429,654.034774489796,534.510852040816,584.273678571429,400.251962244898,564.836053061224,626.797120408163,522.09576122449,761.555721428572,653.549304081633,496.329162244898,501.387104081633,480.993014081633,179.114896734694,244.448554081633,641.72637244898,716.999820408163,627.197818367347,1096.7176255102,838.812478571429,684.133928571429,500.013225510204,840.986605102041,418.511364285714,624.108295918367,497.32902755102,769.889848979592,494.04323877551,263.538439795918,1080.47828877551,779.749115306123,671.230914285714,557.199977551021,536.844262244898,677.557771428571,398.449455102041,145.903509183673,454.589108163265,347.157812244898,520.457690816327,462.44671122449,343.798197959184,363.194256734694,492.703585714286,602.307640306122,503.685849183673,587.715914285714,305.052353061224,280.438898979592,732.488804081633,503.081280612245,276.330417142857,560.356444897959,780.315507142857,556.014169387755,519.206082653061,622.661398979592,1077.7573744898,1063.94582959184,456.887714285714,916.414979591837,1194.59974591837,664.609543469388,740.410718367347,317.303558163265,529.28804744898,652.56058877551,804.387841836735,395.790762244898,754.213834693878,597.951096938776,472.91061122449,491.947654081633,708.9324,839.235285714286,782.297354081633,767.367057142857,422.855153061225,722.153791836735,931.271552040816,615.137352040816,711.745705306123,475.23541122449,510.134425510204,572.080125510204,182.626453061225,827.177540816327,339.599453061224,640.406369387755,457.315196938776,1134.10983979592,1094.32353673469,1034.25606530612,704.08127755102,655.005226530612,527.24063244898,1086.96492857143,613.310443877551,774.62445,819.594562244898,380.947281632653,811.987367346939,589.241581530612,616.771243061225,710.396582653061,711.328701020408,778.88395,772.452262244898,562.478575510204,402.217578571429,767.196926530612,458.89507244898,676.76422244898,447.542378571429,551.507898979592,628.984141836735,538.281066326531,1095.54567142857,593.119205102041,691.366642857143,734.574079591837,1217.99038367347,703.634148979592,1018.04947040816,685.394713265306,775.441883673469,582.465366326531,793.519121428571,717.916435714286,409.604739795918,735.379734693878,846.944660204082,1041.88516530612,1251.38109183673,682.37757244898,387.084790816327,434.065835408163,627.894521428571,570.418781632653,817.573406122449,883.484221530612,712.357854795918,683.522118367347,864.955680612245,764.177974489796,721.030304081633,548.370804081633,270.90393877551,480.409687755102,698.426229183674,583.072217346939,365.674792857143,486.089475510204,605.383537755102,441.20349244898,715.197444897959,575.46955,502.213052040816,535.761297959184,408.196263265306,698.802433673469,972.804117346939,815.162080612245,564.695685714286,237.482301428571,437.126494897959,375.090972653061,573.086472653061,685.167176734694,655.879643877551,452.935096938776,554.11008877551,151.33545,657.763596938776,655.216696938776,376.114179591837,921.336140816327,961.130932653061,1110.7609755102,626.989887755102,924.877694897959,507.17436122449,641.079744897959,857.353541836735,507.554578571429,374.468170408163,435.19056122449,429.99217755102,776.225959183673,561.472980612245,901.441231632653,719.34648877551,306.790746530612,763.748332653061,558.222541020408,408.584342244898,799.149401020408,280.825861734694,614.333886734694,752.853833673469,831.835668367347,566.143815306123,576.082669387755,446.269630612245,320.57726122449,382.539075510204,699.793716326531,636.036169387755,786.544066938776,632.243279591837,587.356959183674,420.554939795918,608.355028571429,599.22207244898,625.954658163265,710.20187244898,580.874953061225,349.490882653061,404.269368367347,1080.41219387755,553.195837755102,435.342314285714,798.17828877551,579.997187755102,927.54551122449,650.246018367347,776.415120408163,258.067379387755,412.572536734694,695.003997959184,650.707065306123,633.146341836735,213.485840816327,771.667970408163,590.696832653061,885.610628571429,707.032643877551,984.019751020408,403.28977755102,496.455764285714,1050.16179081633,906.102941836735,696.791602040816,1195.03678265306,726.098393877551,549.717436938776,702.869620408163,334.062330612245,465.90525,1074.88225510204,803.066421428571,604.94212244898,704.190974489796,1119.73258877551,455.298655204082,254.458339489796,587.156719387755,248.751525510204,578.966328571429,990.946007142857,990.771653061225,1075.38551428571,904.070262244898,1311.74353061225,870.138194897959,1159.07366428571,813.525192857143,527.894462244898,746.350013265306,688.191214285714,599.826994897959,391.117618367347,735.257383673469,425.181562959184,457.14007244898,625.691059183674,516.890984693878,698.427018367347,768.847210204082,985.521047959184,813.494459183674,946.602010204082,823.603580612245,904.303582653061,895.99065,1112.92008877551,786.239726530612,625.603339795918,436.737607857143,998.679866326531,270.325020408163,284.079034693878,236.192691836735,355.981494897959,895.939579591837,1562.01700816327,996.199102040816,543.673413265306,815.437553061225,482.505855102041,447.647471428571,664.857155102041,709.189186020408,698.60716122449,778.018792857143,467.122332653061,375.697013265306,690.217289795918,593.14791122449,436.056681632653,625.539340816327,596.640478469388,545.689648979592,637.630624489796,558.454962244898,843.772743877551,950.275309183673,853.294685714286,713.340131632653,812.470229591837,1472.79215816327,1465.72848061224,983.38175,760.614562244898,424.475206122449,435.663631632653,870.651609183674,1011.56337857143,669.70197244898,373.883160204082,464.496310204082,737.577435714286,864.988356122449,324.388021836735,383.295386734694,616.52492244898,479.880286734694,226.066520408163,663.08167755102,1265.05124591837,1371.77530714286,744.082141836735,638.186400816327,526.340884693878,715.993891836735,985.245019387755,504.906541836735,944.737831632653,465.053501020408,574.69785,605.100908163265,468.565495918367,549.536055102041,690.782219387755,677.758238163265,573.714891836735,627.173097959184,207.850957142857,855.396153061225,185.709882653061,361.772523469388,1174.21613367347,1036.70366122449,1064.11321938776,797.340328571429,577.863524489796,479.314353061224,272.465480306122,496.786993877551,509.968432653061,360.479086734694,700.143391836735,1153.11066530612,951.105903061225,808.075720408163,682.365007142857,305.042238877551,879.83937244898,768.875144897959,484.01918877551,417.87911255102,424.11758877551,448.710355102041,662.394415306122,739.329943295918,642.640758602041,747.608282653061,662.629928571429,862.908220408163,646.487708163265,847.803360204082,551.55917244898,770.571697959184,1051.21582653061,643.445847959184,722.38622244898,439.35588877551,343.930325510204,380.062786734694,664.993557142857,425.599809183673,731.692794897959,1035.76730102041,1191.33809183673,1081.3851877551,899.173235714286,773.737059183674,518.334903061225,567.398326530612,489.791754081633,666.670060204082,1057.38047346939,578.472245918367,794.639479591837,695.61437244898,709.265253061225,550.575496938776,624.918079591837,695.372807142857,370.019904081633,789.070966326531,601.254119387755,970.248103061225,823.217130612245,566.768437755102,643.144873469388,752.592882653061,433.053429591837,626.625455102041,622.229780612245,1290.5296244898,858.406628571429,499.805779591837,237.200006122449,865.935556122449,719.038685408163,886.837955102041,621.495581632653,998.643406122449,456.527906122449,432.422462959184,465.775006122449,448.961040816327,378.675497959184,431.704304081633,665.543131632653,828.649977551021,932.493158163265,544.663059183673,430.529278163265,427.249047959184,413.209026530612,236.516503061225,458.202703061224,182.880453061225,301.650737755102,692.995931632653,475.596404081633,390.874398979592,471.296852040816,349.059897959184,805.265574489796,199.782474489796,639.102939795918,719.702985714286,469.666328469388,491.732426734694,1026.02880204082,798.457497959184,1319.45373673469,1335.68942857143,1033.37762244898,811.925213265306,284.009156122449,477.997268367347,602.017378571429,658.281815306123,232.054806122449,829.550404081633,592.95562755102,935.253092857143,641.002852040816,750.433808163265,584.667357142857,259.881076530612,359.147668367347,752.077908163265,516.18052755102,564.986584693878,792.031160612245,803.41281122449,1209.90348673469,1083.16442244898,444.55232244898,595.244748979592,1127.91204081633,569.776169387755,337.255172959184,690.56282244898,495.910314285714,695.228046734694,896.51757244898,366.962686734694,418.677567346939,257.408704081633,821.817521428571,617.060360204082,469.153065306123,823.504551020408,355.698230612245,322.959055102041,365.415782653061,890.882985714286,726.436682653061,628.977532653061,997.613640816327,496.574913265306,813.797315306123,519.106114489796,562.219433265306,600.479107142857,870.503233673469,1131.73914795918,800.307301020408,812.679753673469,488.124438979592,858.322709183674,1015.29294183673,855.68966122449,751.162736734694,850.766941836735,1204.78632755102,703.829708163265,563.005332653061,666.512540816327,646.905355102041,723.730944897959,732.573753061225,484.259289183674,481.82781122449,577.853107142857,622.474337755102,628.784258163265,709.851098979592,299.708314285714,321.960286734694,411.276175102041,499.617121734694,558.186878571429,569.402825408163,563.149409795918,606.041976530612,587.372355102041,1018.98969081633,671.227486734694,476.730123469388,434.713989795918,1062.2380622449,705.691547959184,389.801617346939,753.951522244898,482.160554081633,379.945566326531,392.469106122449,433.450159183673,545.291708163265,981.281347959184,468.218809183673,891.431046938776,1138.1978122449,778.51482755102,784.567231632653,704.630291836735,687.754836734694,494.007335714286,412.337103061225,505.522662244898,799.476053265306,627.69482244898,737.727905102041,880.43836122449,623.394746938776,729.295744897959,798.959247959184,717.60769877551,936.783993877551,419.496212244898,470.81897244898,766.610199795918,928.389216326531,470.764023469388,669.881166326531,722.998098979592,851.67031122449,439.893679591837,630.108442857143,691.955110204082,572.647023469388,862.440297959184,492.332604489796,266.840709795918,362.889084693878,572.41523877551,371.522079591837,918.175928571429,1248.39866020408,901.890147959184,453.548416326531,760.005632653061,940.824218367347,426.447526530612,532.28621122449,541.169308163265,755.601019387755,826.567239795918,461.546457142857,975.115952040817,554.638586734694,718.906087755102,846.080369387755,662.579341938776,887.281926530612,685.570762244898,687.780873469388,794.448528571429,658.399991836735,769.83331122449,563.541194897959,374.672844897959,378.522335510204,408.281735714286,989.404983673469,671.636387755102,780.782565714286,525.664221428571,417.839283673469,1013.16160653061,945.073527551021,410.079711836735,458.446189795918,346.012116326531,806.925995918367,631.622194897959,692.835355102041,630.156435714286,344.567485714286,573.672047959184,1275.16874897959,974.517531632653,420.877793877551,856.562492857143,592.795633673469,586.015519387755,376.745487755102,629.368714285714,518.68066122449,552.936130612245,472.597271428571,573.566116326531,609.21592755102,427.831602040816,446.776,664.375583755102,652.481946530612,811.567757142857,783.340147959184,802.288068367347,1025.47183877551,590.907535714286,708.477101020408,786.811318367347,740.370441836735,678.166224489796,617.429393877551,654.467380612245,910.424640816327,1326.81838877551,1115.98908571429,1238.74459489796,964.986878571429,1227.56840714286,1261.07638571429,304.290706530612,733.318691836735,787.301847959184,878.994494795918,509.511864285714,770.661453061225,675.315234693878,918.31113877551,661.783685714286,1441.48423469388,983.269216326531,767.747164285714,755.804209183673,334.405162244898,224.782508163265,895.988810204082,329.309029591837,323.293821428571,756.230318367347,595.07898877551,703.143146938776,811.174512244898,848.17397244898,439.684273469388,734.860141836735,507.693466326531,474.030637755102,260.631831632653,620.206592857143,747.746908163265,573.544494897959,591.690273469388,250.76422755102,594.244994897959,489.72057244898,437.62941122449,598.690110204082,463.181246938776,526.915687755102,674.252625510204,562.392445918367,1046.19569591837,1228.9460755102,668.556237755102,322.411390816327,345.873996938776,640.047157142857,414.260642857143,608.098129591837,814.487648979592,790.56206122449,802.979006122449,783.244154081633,469.611617346939,335.791180612245,877.598712244898,783.811341836735,778.058680612245,494.235284183674,583.061837755102,1065.41093061225,1119.00539693878,323.393339795918,318.547486734694,471.826120204082,499.861256122449,520.511732653061,350.913464897959,712.667681632653,554.530356122449,544.370041836735,721.840812244898,604.746537755102,716.841748979592,382.349509183673,401.254147959184,651.207795918367,1065.49634795918,882.770575510204,105.009972244898,978.656078571429,596.999014285714,542.804057142857,302.46734,208.692315102041,567.886923469388,233.567467346939,204.709792857143,564.132365306122,981.575642857143,408.275535714286,646.193708163265,938.449270408163,497.863467346939,694.417010612245,769.702777551021,967.829490816327,621.273970408163,557.40642244898,491.319513877551,522.167591836735,173.089739795918,288.106889795918,793.508548979592,530.241404081633,481.29353877551,883.955687755102,831.179795918367,476.764142857143,1069.8462,811.204074489796,941.247297959184,526.410740816327,843.307132653061,439.579909183673,453.067259183673,867.296947959184,819.86592755102,1329.44964285714,798.350026530612,1140.86094081633,738.196817346939,718.783337755102,934.669508163265,731.434759183674,780.414595918367,618.064060204082,669.392553061224,652.422169387755,964.922641836735,543.078009183674,375.351632653061,362.125506367347,835.532887040816,358.186790816327,780.379894897959,793.472947959184,893.991785714286,844.118857142857,763.323095918367,703.062701020408,485.461801020408,308.369834285714,325.564675510204,631.003112244898,539.16685,571.89338877551,519.134581632653,862.926393877551,349.221806122449,1055.93796020408,719.471963265306,823.398226530612,551.223892857143,635.672451020408,804.483767346939,448.395683673469,443.328694897959,559.653702040816,275.510715306122,514.637620408163,515.303401020408,604.450687244898,896.00446122449,395.893183673469,597.86546122449,601.27582755102,434.945118367347,512.476337755102,429.142523469388,444.900255918367,580.998802040816,487.505369591837,419.164606836735,462.714169387755,180.025667346939,656.689627551021,655.804919387755,881.289447959184,315.894217346939,328.328517346939,621.053517346939,758.844918367347,487.27048877551,759.295246938776,323.270763265306,481.929564285714,833.710690816327,651.799363265306,855.837633265306,648.009089387755,541.702417346939,490.384620408163,348.687278571429,499.28560122449,916.58003877551,968.057696938776,782.135236734694,1360.7898405102,918.412279591837,748.915229591837,540.228164285714,479.279363265306,820.563240816327,403.597330612245,476.49051122449,321.787373469388,471.848981632653,1146.4258122449,522.37807244898,904.991415204082,519.780313265306,365.566458163265,1124.93831632653,983.806832653061,795.566085714286,896.350230918367,1048.00224826531,1008.15597244898,1042.41295,1248.87679285714,610.092524489796,648.758793877551,453.962294489796,803.603176326531,894.097128571429,626.232998979592,923.322919387755,961.252510204082,818.196046836735,892.812576122449,701.849706122449,486.934216326531,720.89711122449,636.829330612245,460.334621020408,436.59972244898,600.183819387755,398.275065306123,723.84495,668.19115,1507.16420306122,836.264620408163,241.262060204082,587.877279591837,641.253648367347,467.027369387755,462.571829183674,684.576931632653,675.42912244898,907.921540816327,1030.23453367347,512.500128571429,451.983810204082,347.619746102041,558.152714285714,622.538597959184,788.604792857143,976.525125510204,832.527395510204,478.675940816327,904.394537755102,683.047912551021,1248.61850714286,915.080296938776,312.87577244898,671.007276530612,371.534665306122,300.066232857143,241.588501020408,716.591976530612,361.662833489796,449.693796938776,507.112996938776,579.595829591837,880.682139795918,593.116359183673,978.396820408163,948.023082653061,683.803769387755,604.637215306123,462.855967346939,537.176959183673,553.996671428572,652.832831632653,577.196946938776,592.636805102041,444.419678571429,664.064273673469,812.136205204082,468.929513265306,633.275980612245,343.971609183674,367.242509387755,391.876553265306,629.846279693878,723.571298367347,674.304829591837,343.230536734694,358.166807142857,594.376767346939,959.840513265306,459.390437755102,414.367398979592,516.353421428571,759.166348979592,989.541170408163,886.793112244898,695.927165306122,429.692524489796,264.483494897959,334.699597959184,892.893171428571,567.320076428571,435.726517346939,541.747687755102,561.364690816327,640.605185714286,762.751354897959,789.894127551021,552.464316326531,637.239990816327,390.114245918367,580.237248979592,481.910501020408,499.668748979592,709.035941836735,375.691327959184,657.317434693878,424.136337755102,659.45488367347,404.11191122449,281.256834489796,439.605127959184,671.035517346939,872.562459489796,667.755014285714,575.363781632653,403.93607755102,513.626087755102,207.121491836735,509.287590204082
24.8979591836735,591.739435714286,1122.44079693878,615.597779591837,1326.32299591837,1512.13326632653,707.185818367347,706.15468877551,505.837208163265,651.842426530612,1273.65332857143,839.249639795919,484.375189795918,649.78008622449,595.477246938776,1097.34197755102,1108.14754285714,1016.5325244898,1484.27578265306,605.479783673469,595.658840816327,795.600347959184,459.118297959184,543.680251020408,686.276489795918,672.824891836735,564.860791836735,960.665897959184,559.911343877551,571.922398265306,536.519234693878,529.086967346939,386.673987755102,721.586408163265,1060.24358979592,794.593987755102,804.363836734694,672.95007244898,677.791723469388,655.357945918367,626.732994897959,592.97642244898,493.85966122449,1352.58092244898,720.418828571429,587.938052040817,1195.51736020408,967.153034693878,1152.57447755102,1268.15741734694,847.452292857143,376.582562959184,785.170431632653,559.280768367347,500.20425,760.527994897959,949.889335714286,1051.98394489796,990.165044897959,1134.83546428571,1148.09016836735,739.947162244898,738.873794897959,1024.62115612245,695.071463265306,400.505636734694,529.336333673469,793.626755102041,1015.83120204082,801.758051020408,896.812403061225,1032.89962040816,321.47346122449,726.333689795919,748.039071428571,471.894605102041,440.833864285714,380.833897959184,623.622964285714,753.514642857143,325.724306122449,648.660339795919,526.567895918367,605.790905102041,646.374305102041,676.619131632653,492.604926530612,951.735008163266,750.665864285714,581.656929591837,1388.70264183673,877.76427244898,706.62659755102,827.8389345,282.130240816327,466.936505102041,750.273976530612,401.229603061224,743.667491836735,509.095491836735,515.2309,622.118355102041,531.066455102041,832.54392755102,1084.46846632653,676.595645918367,677.361370408163,340.036718367347,1280.85717857143,1041.16645102041,1007.31066122449,699.717476530612,711.829705102041,632.146382653061,786.042182653061,647.772950204082,1231.30323265306,513.360775510204,354.673896938776,632.731923469388,787.242148979592,543.088182653061,442.538654081633,729.809269387755,714.455057142857,252.440541020408,392.76288877551,377.683254081633,725.257364285714,1063.40859693878,741.491627551021,826.100897959184,823.327748979592,478.867260204082,246.480595816327,767.93609377551,462.938541836735,288.661355102041,814.649609183674,501.046737755102,756.01702755102,370.340635714286,347.723647959184,486.775037755102,347.719814285714,452.779332653061,604.873359183674,411.769659183674,630.180976530612,569.77192244898,1227.34215204082,1261.29017755102,1517.58629387755,582.482478571428,479.85341122449,469.607253061225,437.427505102041,581.298428571429,1051.21459693878,863.249499795918,657.006181428571,936.00429,725.88303877551,533.308292857143,632.585426530612,605.212944897959,642.22822755102,596.435577551021,506.079379591837,793.089608163265,252.597427102041,436.449765306123,906.689394897959,984.219965306123,785.054404081633,1165.32504285714,762.74321122449,378.856269387755,630.070359183674,299.73683877551,788.262169285715,807.149725408163,966.731760204082,1045.95790204082,1168.17541020408,960.839954081633,493.898564285714,555.901234693878,335.444574489796,369.811678571429,512.261405102041,295.053596938776,596.484993877551,896.047057142857,1286.23810816327,539.995768367347,508.968157142857,440.744187755102,478.918918367347,444.857231632653,334.687212244898,595.51754244898,321.069826530612,593.811363265306,679.885062244898,996.086512244898,853.158991836735,929.935089795918,936.831183673469,576.072655102041,1051.49068877551,1035.97134795918,1082.97083061224,969.164457142857,998.501314285715,816.346532244898,1121.39178979592,736.421273469388,940.039992857143,738.340825510204,724.392494897959,971.15341244898,873.406243877551,1075.5936,745.731777551021,657.801171428571,572.10222244898,643.805979591837,739.83936122449,515.039589795918,554.430017346939,540.215454081633,1067.59618163265,232.261287755102,426.691105102041,549.944737755102,364.196143877551,908.263345918367,632.040263265306,342.483525510204,735.047668367347,695.427223469388,636.524186734694,568.129319387755,1400.69896020408,915.853547040816,706.609503061225,832.100218367347,705.189236734694,494.447747959184,519.548918673469,410.002295204082,765.441569387755,1019.44186938776,795.380164285714,972.613597959184,1140.97851632653,409.972528571429,796.181360204082,652.320660204082,686.112585714286,770.708720408163,461.510512244898,591.903030612245,784.782407142857,628.851451020408,357.779430612245,811.447226530612,788.573477551021,569.966726530612,1116.72863367347,233.904501530612,541.084992857143,1182.05011938776,890.146928571429,949.921043877551,797.399606122449,999.997621428572,853.499095918368,501.276656122449,1017.14631020408,758.154557142857,850.081433673469,921.257565306123,770.947798979592,1123.83231836735,1001.66244285714,752.494559183674,729.124386326531,1035.10082040816,771.983153061225,342.880140816327,429.519426530612,884.929442857143,783.537263265306,321.06345,240.961078571429,574.56473877551,1025.21536938776,695.119355102041,317.435443877551,398.681219387755,734.455274489796,770.255491836735,1059.11641326531,833.663675510204,691.921210510204,563.621913877551,389.927113265306,408.466670408163,314.942570408163,859.609132653061,319.96178877551,599.611957142857,482.499574489796,780.336596938776,866.474595918367,564.097162244898,965.550630612245,918.04823877551,512.405607142857,632.846870408163,1102.28591734694,1250.76273469388,734.487605102041,562.122364285714,616.337313265306,479.54938877551,955.219432653061,1082.12685408163,681.731778571429,393.5024,918.409851020408,691.306981632653,798.048363265306,663.769216326531,370.858971428571,494.51841122449,404.924026530612,444.248801734694,542.97903877551,466.280726530612,738.25908877551,840.93085,583.769694897959,949.584495918368,707.682939795919,705.734964285714,583.026652040817,792.03348367347,507.498107653061,589.382619387755,565.733052040816,205.85626122449,647.738356122449,542.875944897959,788.459784693878,430.972392857143,446.752790816327,789.224990816327,1225.71698061225,1209.17089183673,608.711544897959,370.164826530612,679.955407142857,786.013991836735,785.681870408163,759.930891836735,773.642344897959,723.390786734694,514.696375510204,588.316018367347,704.064187755102,750.133744897959,891.805757142857,465.079905102041,388.800455102041,451.371423469388,454.994773469388,669.884769387755,770.824334693878,504.520828571429,806.980852040816,589.640814285714,796.992412244898,702.417340816326,594.734,890.667608163265,766.855054081633,846.300963265306,828.968879591837,495.59158877551,466.935316326531,287.323145918367,522.407435714286,502.029001020408,513.247469387755,536.303639387755,1100.55283163265,856.537516326531,974.092713265306,979.840915306123,1061.31030102041,802.847606122449,901.331394897959,1137.14318877551,1009.19738877551,380.11911122449,635.077175510204,736.118902040816,941.77508877551,893.169926530612,779.466686734694,699.496569387755,900.435575510204,685.504930612245,628.067908163265,644.885851020408,484.881117346939,521.537539897959,271.060195918367,504.99855,923.485265306123,1326.85491938776,754.869894897959,593.500364285714,353.973871428571,598.900528571429,738.63643367347,1198.33735918367,1400.63732244898,1040.42447040816,898.291740816327,445.224155102041,761.779440816327,1144.82466938776,442.445552040816,529.726590816327,271.882690816327,1016.28856632653,840.467504081633,443.968659183673,1059.25634591837,983.721532653061,847.221020408163,799.712002040817,812.200723469388,323.467579591837,542.317403061224,470.404633673469,727.090186734694,661.55063877551,1070.5890622449,288.992789795918,480.388853061224,536.791318367347,672.997556122449,1058.57445816327,816.98523877551,1247.03380510204,1659.32515510204,1195.29876938776,720.278926530612,797.268540816327,917.023724489796,1187.65715306122,1098.08873693878,897.209267346939,1033.88902244898,785.214165306122,955.772265306123,772.521059183674,738.112098265306,1013.53192857143,1054.71564897959,822.235823469388,595.667970408163,652.005227551021,430.886148979592,280.937828571429,831.985594897959,1064.98514285714,966.401479591837,788.800645918368,738.55041122449,623.492503163265,522.800224489796,611.047909183674,435.966462244898,659.496012244898,504.282571428571,635.684020408163,274.661864285714,696.867198979592,370.940213265306,989.27992244898,818.068816734694,1069.51816428571,471.17787244898,929.772862244898,882.838753061225,619.242657142857,457.791293877551,514.374053061225,643.838843877551,376.1183,537.80682244898,1030.40136632653,615.197140816327,388.685268367347,632.915121428572,544.494201020408,408.381466326531,704.608542857143,1303.32341428571,729.666596938776,615.581667346939,1064.29747755102,873.827002040817,901.244009183674,799.308324489796,1137.31413061225,512.657878571429,687.655753061225,841.047754081633,411.564636836735,597.577668367347,324.178940816327,286.470782653061,1012.72468469388,670.233356122449,944.712362244898,297.624866326531,839.106029591837,826.774979591837,643.528871428572,853.874205102041,575.127237755102,739.589619387755,568.107960204082,600.016951020408,306.59502755102,678.286390816327,434.247489795918,700.557270408163,937.817834693878,1064.05042653061,1037.50227755102,1324.37480306122,684.58485,509.285171530612,276.738415306122,311.92197244898,300.314154081633,383.968668367347,655.029307142857,1616.4085877551,839.329177551021,433.021519387755,193.220497653061,871.695458163265,385.580907142857,954.24561122449,411.018005408163,241.690984693878,351.440042857143,449.31277755102,273.857296938776,303.115704081633,1176.40214081633,792.807080612245,644.307865306123,401.577880612245,341.951475510204,989.723468367347,869.278615306123,347.874393877551,523.771732653061,718.351862244898,1142.03794285714,1069.29113469388,361.16603877551,725.52463877551,454.923894897959,1087.66025510204,717.893524489796,329.717092857143,297.416193877551,389.600691836735,582.02335,490.097454081633,389.153741836735,432.637918367347,271.542839795918,1236.47705918367,982.692990816327,367.270515306122,550.096818367347,1414.72248367347,991.100606122449,593.117471428572,1188.35761530612,1348.01910510204,1104.89430612245,954.92101622449,403.822287755102,421.274119081633,521.956192857143,657.221492857143,807.923210204082,581.714242857143,434.766529591837,830.041557142857,588.225535714286,462.741389795918,681.376991836735,1541.4919877551,764.355670408163,1148.56514591837,1073.19243061225,583.245689795918,645.892645918367,499.606407142857,558.002847959184,764.994023469388,952.153420408163,960.5524,530.138356122449,827.969279591837,635.36038877551,337.290121428571,408.858514285714,261.183593877551,914.072868367347,1134.30139489796,201.54257755102,1102.92445918367,302.325663265306,362.175930612245,274.252521428571,618.355713265306,544.901792857143,680.962285714286,686.847548979592,1008.45157040816,1081.56838571429,1033.01393571429,680.316603061225,778.711635714286,963.511460204082,985.423740816327,680.95447244898,650.099493877551,930.040677551021,370.360747959184,747.731042857143,586.789295918367,359.337917346939,923.2824,1090.42369693878,1403.99760612245,954.844569387755,894.229414285714,623.430407857143,1294.48544959184,610.377685714286,821.034037755102,931.775063265306,992.76723367347,1236.55019489796,846.651895918367,325.753092857143,407.188166326531,817.481589795918,899.777197959184,747.060051020408,718.696532653061,1012.3365,557.471662244898,658.62938367347,664.297339795918,588.997651020408,381.518169387755,682.749313265306,1042.46889489796,517.493326530612,534.127108163265,507.818479591837,559.861824489796,463.986733673469,909.977347959184,905.472765306122,1015.85099887755,648.301266326531,862.326597959184,798.846653061225,966.782771428572,536.544186734694,625.787314285714,763.425403061225,575.629713265306,193.169902040816,626.82258877551,1724.75710612245,573.137634693878,712.451213265306,771.405690816327,884.555848979592,619.43797244898,959.625725510204,452.800552040816,431.373452040816,622.78077244898,671.28312244898,726.285135714286,515.943490816327,636.318781632653,752.57117755102,444.332729591837,1099.1616244898,729.145712244898,787.498181632653,849.341279897959,1545.76686428571,817.668452040817,1265.16619591837,841.2856,1140.78634387755,1055.64864183673,1147.59984857143,973.143541836735,954.745707142857,762.395840816327,604.956352040816,883.270273469388,1088.39779795918,974.116742857143,1482.99621938776,1273.49022142857,1155.01453163265,1049.51021632653,857.802178571429,1133.31230918367,1178.15147857143,863.852968367347,1213.48215408163,729.262052040816,489.514762244898,653.071480612245,316.646707142857,357.874345918367,333.73237244898,442.142851020408,610.605702040816,704.801706122449,826.739770408163,637.685282653061,1250.57215306122,598.164044897959,783.89373877551,604.853230918367,614.317658163265,677.608244897959,573.580081632653,538.533406122449,842.171316326531,815.309028571429,323.035866326531,916.505221428572,937.837329591837,711.649434693878,1530.27887367347,930.392096938776,1027.32684387755,733.30766377551,851.067925510204,458.585270408163,726.484275510204,698.704891836735,855.321830612245,635.447519387755,387.441355102041,779.197693877551,515.929491836735,271.225642857143,479.672094897959,268.811779591837,510.307235714286,526.636845918367,661.954367346939,734.803162244898,627.39381122449,456.395739795918,658.07068367347,600.53078367347,429.329804081633,804.919829591837,736.540587755102,600.790741836735,420.586609183673,532.71905,396.979069387755,1477.63133163265,697.205013265306,792.515528571429,665.653144897959,536.076282653061,961.040080612245,604.991757142857,1192.27652653061,543.436939795918,1213.40363877551,1008.38431836735,575.806139795918,875.101646938776,901.870673469388,724.365626530612,881.433154081633,601.297403061225,501.267937755102,269.101993877551,404.793980612245,807.539440816327,308.543396530612,561.159688673469,492.355019285714,439.933602040816,309.35622244898,823.016420408163,555.522516326531,654.358231632653,934.180264285715,1143.53091734694,655.154663265306,1022.74994285714,207.377255102041,321.384855102041,363.277280612245,1056.77585408163,909.672675510204,428.876959183673,281.531534693878,357.861734693878,608.983576530612,476.583316326531,973.993759591837,690.079616326531,738.871587755102,529.919454081633,1229.50661326531,1308.59661326531,408.26618877551,259.013280612245,565.482541836735,534.654128571429,518.636305102041,477.741009183674,393.092002040816,523.602680612245,596.93141122449,763.641548979592,669.241974591837,720.445554081633,817.376040816327,639.804381632653,523.411995918367,1072.0524,1095.58841428571,683.47683367347,645.013302040816,1134.49802244898,1096.53975,625.306330612245,373.717673469388,590.951604081633,969.607487755102,513.67113877551,612.31903877551,501.378478571429,419.616382653061,705.416458163265,1123.2409122449,518.447528571429,1201.73379183674,668.205690816327,792.486109183674,1115.60803469388,814.460289795919,877.408413265306,1016.62437142857,1268.21054591837,951.160139795918,1500.80908408163,378.414987142857,799.352465306122,911.383829591837,510.113870408163,1175.44781734694,920.552675510204,965.502037755102,1181.58844897959,561.120632653061,622.033324489796,709.060105102041,1094.80852755102,668.326956122449,195.74963877551,272.960291836735,785.146691836735,737.374242857143,899.148542857143,891.113329591837,313.847635714286,580.020407142857,530.14782755102,442.464267346939,340.19357755102,247.640597959184,918.260931632653,921.25433877551,999.047596938776,802.994057142857,640.95265,735.257197959184,602.928813265306,787.526102040816,522.370024489796,760.378657142857,590.09558877551,1179.05172857143,1110.26295408163,477.172736734694,693.073526530612,243.778386734694,530.683848979592,477.431609183673,588.501676530612,907.504643877551,676.614082653061,657.786805102041,513.404006122449,735.645520408163,805.356548979592,1066.86388061225,938.042119387755,948.030552040816,1008.29068163265,823.407389795918,1320.24174591837,511.687398979592,851.51095,1127.28418469388,909.47322755102,778.361301020408,160.429908163265,710.860134693878,1131.6823244898,1277.7127377551,870.995967346939,668.918902040816,918.027279591837,1120.81813693878,847.0703,631.852719387755,360.760878571429,768.644260204082,1168.77537346939,1419.07293571429,1374.72212142857,888.911469387755,642.341553061225,360.48377755102,539.091045918367,446.753634693878,888.180658163265,947.030168367347,434.23787244898,766.397732653061,437.514170408163,627.391187755102,498.890787755102,638.682439795919,493.226880612245,381.514425510204,1144.30444387755,726.597934693878,719.904991836735,361.49727755102,896.716618367347,392.782313265306,362.840704081633,526.960781632653,671.434434693878,949.597658163266,818.463630612245,603.071063265306,730.971533877551,729.90475,666.896128571429,591.92293877551,597.21188877551,492.828167346939,947.001617346939,914.713075510204,565.588474489796,443.972759183673,493.118941836735,852.588502040817,795.195469387755,548.044225510204,572.225679591837,913.841657142857,605.107731632653,500.16528367347,958.417097959184,797.843521122449,724.251131632653,532.643446938776,641.310576530612,388.497055102041,415.738135714286,825.676526530612,564.744704081633,426.723126530612,836.428947959184,793.197739795919,978.520239795919,841.035005102041,996.632906122449,726.466069387755,1292.05905204082,678.502460204082,626.184640816327,762.587035918368,832.466355102041,1003.07424897959,801.234114285714,472.229296938775,254.432967857143,804.871303061225,757.855371428571,655.606451020408,402.957343877551,439.829245918367,597.246873469388,1019.06855438776,378.855315306123,764.731340816327,867.685019387755,462.021487755102,905.492289795919,1125.40545204082,916.177978571429,247.146626530612,426.876614285714,767.797109183674,1407.29146020408,678.31137244898,826.784043877551,712.50082244898,376.777313265306,854.156202040817,585.312674489796,377.696213265306,397.435642857143,485.104653061225,768.028653061225,1021.51525,809.027301020408,372.291645918367,1340.72802857143,1151.89629591837,1043.70429693878,1278.83342755102,673.115747857143,595.688612857143,828.337942857143,575.571434693878,563.745790816327,863.911847959184,881.44223877551,920.475306122449,854.769280612245,812.462310204082,934.209787755102,644.1277,522.254707142857,755.091036734694,448.186477551021,284.457546938776,329.397697959184,804.474940816327,570.213998979592,1051.10558877551,616.881660204082,600.76017244898,462.752058367347,300.062346428571,639.873742857143,602.556595918368,577.610668367347,542.475516326531,716.970616326531,621.0608,864.427369387755,711.183718367347,994.211684693878,786.832230612245,943.357130612245,917.666428571429,926.437940816327,761.946192857143,942.209106122449,659.486142857143,976.070118367347,666.099936734694,541.064092857143,835.90273877551,1072.57597755102,800.033490816327,808.40276122449,913.469580612245,1092.28533673469,423.618302040816,568.804829591837,1007.55284387755,469.476805102041,501.175585714286,770.381371428572,607.574701020408,1134.55803163265,1292.27116632653,926.543058163266,772.843689795918,1049.46856938775,1019.34623061224,759.215633673469,678.62799377551,495.680166326531,1109.95114387755,1533.40737040816,480.069712244898,1035.41146020408,386.995933673469,388.934330612245,732.044378163265,427.95625,679.653136734694,888.160887244898,960.268834693878,980.922323469388,521.117583673469,1217.12888979592,372.778745918367,399.958666326531,1064.0566,932.816362244898,812.671558163265,612.729464285714,439.389848979592,619.407057142857,631.616310204082,746.142617346939,989.338144897959,709.764381632653,488.767615306122,1476.23800816327,1434.17834081633,701.60492244898,919.973784693878,449.437837755102,623.550041836735,705.568489795918,827.348617346939,1150.48441632653,1120.2855755102,982.705479591837,626.061962244898,772.883642857143,856.920729591837,973.266793877551,350.706220204082,573.84402244898,599.566978571429,563.359417346939,583.641576530612,564.05842244898,957.880171734694,1203.32243367347,688.566513265306,652.86517244898,817.708987755102,860.52047755102,434.60642244898,1080.32207857143,781.718067346939,1231.66812142857,689.953785714286,733.958486734694,1284.21867040816,714.686980612245,469.51273877551,692.917292857143,398.652051020408,341.742442857143,875.943464285715,837.408596938776,893.993353061225,1033.44520204082,696.960660204082,583.061321428572,577.276763265306,806.669921428572,383.174031632653,1188.24159591837,568.67922755102,929.813773469388,657.19168877551,983.793604081633,535.626924489796,542.515529591837,962.554756122449,637.06408877551,462.548362244898,782.291101020408,532.934712244898,484.509896938776,525.024490816327,590.458728571429,895.095008163265,789.663607142857,916.871384693878,576.464691836735,793.497414285714,670.566686734694,685.064903061225,566.608710204082,512.020809387755,893.436415,669.139483673469,560.513285714286,668.535693877551,599.346868367347,965.769318367347,570.804186734694,457.032753061225,449.162558163265,414.144233673469,376.987909183673,507.600196938776,488.619886734694,707.887930612245,679.450063265306,641.321559183674,509.089980612245,697.365907142857,440.065532653061,629.396004081633,804.792244795918,626.701723469388,575.775882653061,570.748586734694,568.939642857143,617.788243877551,878.731371428571,812.237746938776,636.362918367347,1138.88157653061,543.722165306123,1089.18461428571,677.477270408163,629.014913265306,584.591076530612,732.437715306123,384.756826530612,420.793428571429,1441.98714387755,848.154473469388,829.707545918368,762.834614285714,656.731393877551,642.216709183674,632.455690306123,556.169707142857,819.263570408163,1166.24488571429,1204.23679897959,764.54310622449,894.075252551021,903.515281734694,1511.05586836735,1036.90242857143,802.161365306123,683.00076122449,823.254145918367,587.460203061225,621.21755,432.708145918367,391.267475510204,331.492058163265,472.140519387755,706.810080612245,1337.28706122449,1043.48655204082,673.971793877551,496.538564285714,474.549234693878,616.656666326531,628.47332755102,868.602863265306,343.148759183673,191.304814285714,545.603489795918,856.642864285714,748.571040816327,1330.13101428571,971.875839795918,944.044953061225,535.781244897959,754.959514285714,528.198067346939,743.205093877551,707.901416326531,670.111594183674,1179.13368367347,867.305168367347,535.720828571429,358.380167346939,749.920874489796,764.470065306123,693.916302040816,581.200653061225,398.164664285714,786.965471428572,1072.59273469388,836.829551020408,562.804675510204,833.113257142857,326.146965612245,359.964242857143,266.76041755102,265.556447755102,309.636233673469,365.23672244898,726.849757142857,1110.36958265306,1017.31619795918,678.124442857143,710.558609183674,731.651002040816,1016.294,984.800863265306,1175.29280816327,496.390644897959,233.368140816327,704.566217346939,472.813183673469,594.154031632653,573.131794897959,1495.61575510204,284.934890816327,470.64173877551,1080.99131428571,660.798256122449,817.539408163266,1025.54705918367,1359.77533265306,812.917520408163,344.865030612245,359.372084183674,349.02202244898,798.460231632653,321.035861530612,755.229575510204,478.571116326531,146.331363265306,589.215053061225,725.583501020408,357.123679591837,1002.9108622449,762.014508163265,801.763237755102,652.201339795919,265.425166326531,1146.0234877551,863.751215306123,829.414442857143,837.827487755102,658.255397959184,716.76428367347,1066.21262959184,998.169630612245,634.652312244898,655.429324489796,848.906481632653,948.197169387755,902.510669387755,885.255804081633,616.251,645.585408163265,920.480995918368,1156.42252959184,613.349519387755,1035.09106734694,898.856930612245,753.217954081633,1037.00428367347,1347.03292040816,938.917765306123,638.88002244898,392.811568367347,940.947131632653,790.330739795918,753.720497959184,537.330390816327,769.747884693878,322.779852040816,646.732824489796,510.497109183674,825.059687755102,1096.78945306122,1119.31986734694,1046.29695306122,962.501908163266,1916.78959897959,1060.14838469388,1004.67511836735,1491.33235408163,1355.80240714286,1119.74720816327,1463.01698673469,934.675854081633,1068.64988469388,918.760217346939,701.232174489796,699.7121,431.850386734694,461.423080918367,339.143317346939,560.211203061225,272.642033673469,638.539810204082,1250.30767653061,733.913023469388,717.316131632653,841.077177551021,479.998,727.911204081633,800.168903061225,1447.39082142857,882.627402040817,673.027589795919,671.039470408163,1001.73695102041,897.04846377551,616.965440816327,725.573385714286,1173.83576938776,989.836619387755,437.159935714286,426.296258163265,785.876425510204,1203.12606938776,634.02272244898,831.122578571429,408.161541836735,455.238219387755,837.73338877551,319.242555102041,702.867506122449,555.50275,382.910080612245,412.162655102041,753.058884693878,935.649907142858,443.181477551021,510.162664387755,714.829384591837,887.212119387755,902.038912244898,559.657690816327,582.185778571429,636.805226530612,963.529593877551,1150.58685918367,956.303769387755,1417.12859285714,793.89108877551,568.744147959184,418.39753367347,583.933742857143,997.662314285715,764.409206122449,684.247128571429,547.844358163265,782.390675510204,1042.64873877551,956.093729591837,1205.5048244898,854.488975510204,566.354251020408,818.644964285714,697.708910204082,544.953070408163,383.330751020408,491.917589795919,433.269876530612,555.828418367347,360.211867346939,391.848135714286,669.283004081633,401.924636734694,805.007731632653,674.553002040817,593.25016122449,655.571465306123,450.873068367347,728.714925510204,709.370946938776,973.03407244898,244.604562244898,212.273498979592,902.286608163266,303.182607142857,713.726897959184,1026.72982040816,753.309309183674,1092.02540102041,387.420984693878,995.013854081633,727.044475510204,681.539816326531,504.279867346939,548.117084693878,560.969345918367,886.907569387755,790.860702040816,1057.30603367347,205.73802755102,578.842323469388,455.795453061225,294.019224489796,424.926696938776,1131.78900204082,747.774283673469,740.18652755102,702.756256530612,1177.69116734694,731.349829591837,851.093084693878,491.685095918367,666.748594897959,835.779968367347,716.125015306123,815.511287755102,372.395497959184,586.044613265306,766.511432653061,641.063202040817,378.069807142857,300.714274489796,1168.8863744898,818.104603061225,773.871020408163,1078.85908979592,478.396320408163,949.02343367347,710.020506122449,825.711452040817,959.91077244898,1006.54533469388,956.149980612245,798.759130612245,951.570208163266,602.635243877551,1042.86160204082,591.652397959184,757.128347959184,470.872860204082,520.658306428571,1237.45978571429,727.874834693878,430.262879591837,623.94138877551,418.955424285714,791.95336122449,399.987546938776,1143.67734081633,1024.43604897959,1030.73363265306,580.532605102041,793.919076530612,1049.85206122449,611.879157142857,498.651676530612,807.965259183674,478.409467346939,709.89938877551,1155.09118979592,966.10235,1025.55737959184,694.822412244898,626.88242244898,515.381732653061,640.197223469388,661.514180612245,668.955243877551,482.630676530612,959.920892857143,495.214910204082,675.63775,583.114717346939,819.935209183674,593.53781744898,490.540089795918,777.468328571429,909.289407142857,594.688286734694,468.187229591837,1252.59380204082,685.529516326531,456.485891836735,801.938229489796,283.916926530612,941.224077551021,575.763146938775,1256.46060408163,922.656934693878,1155.66177653061,1157.31169489796,957.566919387755,837.695316326531,505.015367551021,667.5968,331.118110204082,406.455254081633,328.991310204082,865.33176122449,897.694796938776,751.762030612245,496.814965306123,1267.91434183673,1238.40721020408,1056.98824897959,590.232193877551,713.496468367347,832.770483673469,711.78258877551,706.241144897959,585.353110918367,806.631080612245,283.026316326531,908.520589795919,1078.98925408163,888.525836734694,956.689776530612,908.80816122449,473.200846938776,311.697460204082,604.361454081633,872.417846938776,1444.23873265306,1157.53446122449,1156.34178367347,755.770682653061,846.777346938776,689.967730612245,546.992607142857,959.227505204082,712.076214285715,378.302642326531,714.440104081633,109.270601734694,1004.78967755102,563.455803061225,850.837962244898,911.744930612245,934.064369387755,724.440016326531,1020.89923673469,749.103356122449,773.405524489796,351.358756122449,562.550058163265,244.30156122449,430.473201020408,600.201892857143,648.320895918367,677.608429591837,983.13496122449,1435.15335816327,734.682551020408,753.604997959184,1117.13308877551,892.389350408163,600.926144897959,437.732404081633,559.694783673469,1026.22792346939,859.004605102041,524.673140816327,594.417862244898,493.928145918367,842.779175510204,400.559410204082,398.253229591837,623.70648877551,190.382183673469,286.773954081633,291.364659183674,398.947859183674,622.94637244898,691.568147959184,843.912574489796,797.75883877551,476.490296938776,636.660753061225,362.433485714286,693.917692857143,573.948954081633,579.085113265306,693.832265306123,722.119830612245,669.724717346939,783.236360204082,839.973486734694,455.613251020408,1088.67257142857,977.689229591837,582.489592857143,660.855846938776,820.407690816327,837.818902040817,514.601054081633,942.553628571429,648.254902040816,1044.51847755102,560.658597857143,545.152515306122,608.875736734694,898.58745,837.818404081633,651.419860204082,400.256146938775,464.730268367347,321.322057142857,940.529408163266,667.50417244898,551.981403061225,812.071939795919,997.214525510204,811.261409183674,962.231276530612,559.10687755102,457.803345918367,403.058233673469,358.712890816327,403.088596938776,566.234659183674,842.684315306123,824.957653061225,839.925159183673,621.069267346939,790.042514285714,244.254432653061,912.351456122449,484.817102040816,559.391175510204,732.381144897959,871.803145918367,861.833905102041,632.948831632653,968.062681632653,1202.59353571429,443.922464285714,896.606389795918,1188.37820510204,632.708844897959,644.839052040816,586.409406122449,495.965346938776,554.797506122449,560.594436326531,521.224539795918,443.249024489796,465.052726530612,366.303052040816,923.905867346939,554.87911122449,543.779424489796,519.616210204082,1418.88475408163,385.383975510204,421.466875510204,462.631931632653,242.573425510204,764.617087755102,869.803360204082,275.131986734694,307.114556122449,676.630597959184,443.464983673469,1664.51942755102,614.730657142857,1179.53065102041,1039.93416428571,644.822939795918,1317.31602653061,915.77183877551,1035.7147622449,908.958431632653,821.828621428572,659.764529591837,670.170424489796,1156.63733061225,502.99135,466.779091836735,839.17917244898,1047.1663877551,713.175232653061,309.704786734694,726.287942857143,935.280586734694,458.153629591837,547.573305102041,378.264604081633,444.824283673469,572.140145918367,615.971986734694,422.064978571429,276.697913265306,401.561319387755,557.870403061225,280.178328571429,312.586981632653,347.0823,461.840144897959,499.45137755102,941.979604081633,1327.43450010204,1051.85787653061,900.156739795918,470.886125510204,294.118887755102,387.756228571429,496.549623469388,1011.49629795918,600.339168367347,1148.02848265306,766.33158877551,285.56657755102,751.237864285714,401.503252040816,431.589378571429,587.552809183674,649.364951020408,1096.76148265306,827.958530612245,930.357282653061,1156.33550918367,1456.35477346939,1173.77318673469,761.511444897959,897.920945918367,866.45508367347,460.588440816327,612.987048979592,712.135354081633,813.434846938776,496.754115306123,702.887958163265,953.981520408164,883.112575510204,1222.84965714286,1302.56306938776,893.361897959184,1028.28191214286,1219.26710408163,1264.94273367347,828.382045918368,1132.11383469388,1578.72103265306,1085.86175816327,836.446969387755,905.986821428572,657.249667346939,1179.23531122449,1044.64619387755,1387.25913979592,877.991090816327,489.529743877551,583.691526530612,369.654979591837,320.596196938776,341.051455102041,649.733353061225,391.354097959184,235.300093877551,278.203598979592,497.265116326531,650.303478571429,751.403771428571,604.014512244898,679.968198979592,553.256001020408,777.01083367347,560.736080612245,515.228317346939,747.971983571429,1184.64429030612,577.816015306123,769.019269387755,388.208985714286,553.567434693878,518.940215306123,623.095619387755,826.478340816327,395.665219387755,879.876929591837,497.88617244898,694.863370408163,612.783157142857,845.222354081633,631.19753877551,269.794346938776,656.866727551021,872.364804081633,576.738365306123,472.361846938776,772.212790816327,376.242139795918,557.985374489796,645.514021428572,563.428425510204,914.193416326531,638.573216326531,550.072580612245,544.469274489796,1186.9188755102,951.794327551021,736.345604081633,272.154355102041,622.673306122449,920.261617346939,971.708174489796,418.547319387755,620.474468367347,636.064160204082,427.221598979592,928.224355102041,911.095701428572,454.585154081633,385.495824489796,677.155326530612,687.285798979592,740.866536734694,820.531924489796,891.33676122449,875.431546938776,1259.75908469388,454.935058163265,881.217860204082,852.246126530613,1604.36195816327,1026.58567653061,682.985701020408,976.781504081633,1203.24472653061,1024.0472877551,1068.38332653061,1368.1965755102,692.499165306123,451.801002040816,502.8796,642.9073,1015.37523673469,1608.45614591837,1326.30759183673,1230.49574081633,1044.32385408163,526.497042346939,446.148197959184,357.567421428571,620.859296938776,757.067326530612,488.119341836735,446.380158367347,604.498913979592,1081.60685306122,1054.11930102041,889.452247959184,736.933665306123,552.731401020408,678.619326530612,544.291560204082,666.979604081633,604.390445918367,910.50043367347,999.639693877551,702.031262244898,1320.98196632653,1396.49341632653,1117.18405306122,656.977208163265,804.575385714286,603.743194897959,629.794014285714,1246.15456326531,572.2316,510.902716326531,601.75202244898,307.530146938776,281.537964285714,574.401815306123,712.55693367347,963.265186734694,935.852458163266,639.549563265306,439.918384387755,1057.63043367347,1155.01975102041,943.694230612245,758.884498979592,636.564229591837,405.045408163265,1097.54952244898,461.691701020408,997.949278571429,1093.48208673469,895.200303061225,751.674296938776,1352.98763979592,717.74692755102,1496.76480918367,1269.20907857143,619.175036734694,838.61568367347,299.73700755102,977.960317346939,649.767739795918,730.796402040816,660.693075510204,573.777228571429,633.253169387755,478.677835714286,673.413187755102,1288.54793163265,917.735786734694,1182.53693877551,946.815884693878,771.24487244898,266.119786734694,692.344024489796,678.752855102041,1015.07441530612,1184.45814795918,916.479710204082,827.720918367347,520.581978571429,274.178346938776,699.417447959184,608.333497959184,850.765157142857,973.564192857143,727.34348877551,903.377770408163,638.656142857143,879.481116326531,488.320839795918,427.88972244898,901.191923469388,1388.12905204082,955.815762857143,896.189877551021,293.89393877551,785.514807653061,958.989093469388,370.181784693878,274.915284693878,623.733669387755,843.202239795919,850.79592244898,650.766209183674,649.594567755102,1094.17547244898,541.838841836735,608.635575510204,827.585179591837,861.785226530612,645.212794897959,972.328134693878,493.097142857143,274.922443877551,693.426494897959,831.495786734694,614.724834693878,718.643993877551,822.944314285714,837.999291836735,854.585560204082,741.9907,586.604646938776,620.477951020408,1071.50414285714,866.508520408164,378.561085714286,395.615779591837,853.268633163265,942.523678571429,511.244935714286,1169.25576734694,581.673483673469,708.207752040816,1106.67175102041,1301.7118622449,435.182162244898,406.711362244898,292.112602040816,988.204341836735,1215.87745816327,742.864208163265,633.76561122449,950.73162755102,813.509581632653,668.01301122449,759.373031632653,478.497093877551,370.353677551021,631.040592857143,343.186543877551,461.345624489796,305.147935714286,824.952619387755,830.568333673469,764.05641122449,664.685893877551,360.945333673469,294.013371428571,711.957620408163,667.098604081633,1060.64826530612,719.426221428572,223.630976530612,1034.55954897959,792.406821428572,339.280016326531,746.192109183674,491.826164285714,1075.28837142857,792.98707244898,1176.92525102041,1310.24318061225,1004.47764693878,601.112289795918,805.627848979592,913.744846938776,531.394723469388,488.200266326531,646.705774489796,911.098285714286,720.882162244898,775.855498979592,739.372529591837,1037.58657244898,1084.05133367347,498.200865306123,655.036223469388,958.438986734694,1157.61333673469,1175.47596530612,671.863930612245,538.266758163265,1336.61286122449,1371.44762857143,696.894507142857,596.41152244898,786.792268367347,524.033921428571,1014.50652653061,720.374703061225,676.608065306123,698.547168367347,1075.12263163265,1209.77741836735,631.275677551021,824.159652040817,370.960914285714,1250.46866122449,870.696555102041,601.337278571429,1333.08266836735,663.604032653061,858.857120408163,817.470497959184,995.862182653061,1297.0016377551,878.49603877551,1242.5671744898,722.148101020408,497.509282653061,962.245755102041,1009.08500510204,985.648618367347,979.023995918368,355.920133673469,660.953907142857,558.011623469388,642.174740816327,825.079025510204,568.506523469388,407.983121428572,781.009841836735,595.564137755102,518.547203061225,845.748881632653,496.564563265306,778.776406122449,660.132366326531,593.723406122449,867.566115306123,270.924978571429,824.564121428572,620.565231632653,823.902429591837,982.393298979592,704.9868,780.895218367347,1026.91826938776,776.122763265306,753.774141836735,700.336558163265,362.604233469388,270.575161938776,258.592266530612,438.269063571429,583.833005102041,862.200376530612,446.551394897959,1004.79745816327,942.467934693878,1220.86975102041,846.752710204082,804.909755102041,327.69462377551,183.984291836735,270.287284693878,837.404091632653,862.478895918368,669.81396122449,873.329807142857,1124.87865306122,478.726370408163,740.913672448979,729.189403061225,1133.97196530612,198.986290816327,701.469657142857,671.039156122449,667.973851020408,802.857837755102,749.164554081633,601.873251020408,981.240927551021,1105.47754795918,1029.57646938776,735.492268367347,615.767092857143,644.757236734694,815.797662244898,533.491557142857,786.422392857143,664.829520408163,718.306946938776,430.791095918367,476.326643877551,462.017465306123,600.090562244898,839.11072244898,1081.78165918367,959.895582244898,1418.85762040816,1041.33234387755,263.909793877551,224.073143877551,291.617493877551,793.66481122449,700.013862244898,653.557135714286,622.123055102041,934.60861122449,919.457390816327,925.113082653061,1276.80567959184,1100.20770918367,1187.15135816327,1003.17701632653,841.439967346939,450.527915306122,404.706809183673,355.21008877551,461.674021428572,163.384247959184,475.7807,1009.67230204082,455.459291836735,251.637883673469,557.674043877551,278.781025510204,892.259836734694,265.145331632653,380.741214285714,485.827255102041,660.585517346939,423.538246938776,908.817442857143,615.243266326531,376.996336734694,632.706351020408,866.984042857143,804.377696938776,578.916362244898,599.8315,197.51693877551,389.41177244898,645.063237755102,752.382873469388,927.30791122449,1121.94018163265,209.602187755102,734.003086734694,472.883731632653,909.811295918367,747.382185714286,595.635535714286,748.679285714286,873.619705102041,555.867207142857,452.698689795918,395.508994897959,379.245606122449,823.723001632653,603.228163265306,475.793097959184,523.409780612245,984.79897755102,1027.52271836735,1147.11753979592,1437.14720612245,757.456937755102,544.558056122449,521.027239795918,582.363779591837,795.178018367347,1061.66107479592,715.022730612245,995.128812244898,581.660262755102,925.928992857143,633.889284693878,1011.95188877551,367.874109183673,724.450959183673,1186.2952744898,1220.03012653061,561.863454081633,693.783337755102,738.375114285715,606.798864285714,1673.57629591837,780.954628571429,716.314731632653,1394.84873979592,1390.36654795918,1063.07572040816,1102.61271122449,465.199205102041,745.128995918368,854.302626530613,1144.91004806122,490.622725510204,298.564462244898,527.313573469388,809.913807142857,722.961016326531,251.885044897959,471.078555102041,654.166347959184,775.892525510204,946.065144897959,686.112165306123,913.810736734694,529.160766326531,866.353819387755,863.445937755102,883.747596938776,583.842801020408,867.701579591837,1215.54720714286,1091.87425510204,727.761669387755,508.268925510204,736.004655102041,727.077423469388,612.896066326531,879.016302040817,513.395680612245,680.504243877551,254.725279591837,517.339981632653,991.775648979592,358.342962244898,410.513809183674,762.561251530612,1114.7263744898,772.047712244898,826.468242857143,1098.25488265306,827.408941836735,585.6599,799.129877551021,944.471709183674,1010.56959183673,935.312317346939,674.178040816327,877.64947244898,956.90287244898,697.881014285714,978.922975510204,901.78757755102,986.329970408163,462.388660204082,619.237391836735,691.05852244898,642.107826530612,338.933830612245,311.672130612245,679.182266326531,1063.72770306122,317.301139795918,731.614318367347,436.246698979592,461.12683877551,1081.52063061224,878.960113265306,245.765255102041,640.148579591837,446.344097959184,486.366334693878,939.220786734694,353.233778571429,1134.07477755102,720.681103061225,616.796277551021,483.895686734694,741.634835714286,815.688208163266,308.438157142857,844.874279897959,320.615723469388,747.028271428572,946.878448979592,586.356230612245,972.573791836735,1122.30342142857,1134.97622040816,1003.82809489796,1258.58039795918,585.998406122449,633.726760204082,1123.36968979592,771.151642857143,885.143930612245,398.534656122449,815.747223469388,764.41458877551,596.103620408163,619.384763265306,479.136518367347,889.914756122449,963.856465306123,1601.05662653061,1291.86637857143,592.549679591837,389.170145918367,536.523859183674,582.531192857143,429.413196938776,862.930108163265,651.165480612245,388.178690816327,385.392466326531,1256.40321734694,616.905737755102,809.143928571429,1014.89260918367,1456.69715306122,879.73895,1327.78132755102,1275.27177857143,1003.03888673469,843.736768265306,976.376940816327,1228.95241020408,1100.16168265306,329.910497959184,298.344266326531,849.173532653061,770.909662244898,943.781008163265,813.440121428571,578.534234693878,644.789166326531,1114.14804693878,844.206540816327,849.547106122449,447.439508163265,633.830301020408,578.710983673469,974.655425510204,1157.94936938776,328.154903061225,605.956476530612,408.307937755102,564.458886734694,440.982553061225,393.883786734694,572.58757244898,601.277448979592,812.114635714286,1093.50151428571,381.512958163265,692.170919387755,912.381444897959,180.293192857143,961.949676530612,608.478212244898,851.375969387755,371.403744897959,312.323209183673,477.554873469388,625.954460204082,797.106804081633,1191.6151877551,509.712386734694,562.250298979592,1314.97269693878,916.592257142857,591.995891836735,972.90245,1156.03806734694,815.13077244898,1035.45887040816,615.132794897959,692.923468367347,697.390239795918,729.581644897959,676.540787755102,175.286789795918,627.693585714286,738.973121428572,694.203032653061,1233.05379081633,835.499687755102,880.401653061225,912.117348979592,510.615906122449,602.623634693878,708.043097959184,571.762443877551,608.846559183674,761.094924489796,695.655316326531,554.854223469388,985.393081632653,1136.11336020408,1077.60743979592,1141.83377959184,1089.47899183673,1274.52572653061,927.231786734694,548.223591836735,589.802992857143,330.951009183673,939.80943367347,398.875985714286,878.387264285715,617.50808877551,1037.83320510204,549.873624489796,500.562485714286,544.29382244898,1177.06297244898,564.980945918367,538.442645918367,577.127991836735,569.336735714286,774.823944897959,1090.42139897959,623.870732653061,642.208232653061,434.851183673469,1370.22136326531,924.938806122449,542.881441836735,619.047829591837,591.299781632653,694.587914285714,912.643275510204,922.395921428572,790.141875510204,736.555280612245,1341.82263571429,801.046567346939,944.644515306123,466.274531632653,407.282923469388,820.416053061225,1207.02147959184,1015.49860306122,857.611874489796,908.171793571429,1291.32783367347,629.692871428572,889.880970408163,701.170624489796,605.648566326531,786.881677551021,764.11082755102,1072.82976836735,617.086176530612,248.864444897959,355.408121428572,800.01068367347,490.234520408163,1031.58250918367,881.965522326531,301.027042857143,428.886524183673,390.834298979592,864.828469387755,961.274263265306,479.88827244898,678.667089795918,678.363902040816,927.421853061225,1048.00123367347,755.742085714286,893.886721428572,1022.47791836735,780.176268367347,525.089916326531,939.799678571429,646.38003877551,672.216359183674,566.406430612245,595.434933673469,487.294685714286,458.82235,533.865640816327,409.718543877551,410.658883673469,843.23778367347,866.680852040816,575.76231122449,511.54827244898,517.911809183674,658.376337755102,749.305866326531,1048.18454897959,745.653158163266,905.477004081633,506.454944897959,641.464615306123,1019.36153469388,624.947544897959,817.039545918367,307.808231632653,754.972110204082,856.660565306122,863.467610204082,1017.48833877551,667.598095918367,394.209094897959,624.874924489796,815.769269387755,849.113579591837,499.008765306122,484.591730612245,898.616269387755,653.568106122449,542.015734693878,308.303509183673,457.877217346939,310.746232653061,338.86468877551,399.990080612245,715.127407142857,874.347304081633,944.897346938776,577.317254081633,787.341843877551,847.39367244898,343.328931326531,1279.25268367347,1237.35168265306,513.038783673469,350.321164285714,637.175819387755,345.626329591837,334.758534693878,323.42088877551,451.193064285714,241.206443877551,418.929578571429,504.561370408163,1004.1140755102,714.657552040816,1490.93044183674,695.121062244898,815.415080612245,1025.35123469388,1176.96821122449,1242.04481938776,865.822695918367,303.169137755102,327.415256122449,298.459160204082,504.159059183673,544.634701020408,608.084308163265,526.831689795918,687.838951020408,1145.62741428571,1073.15586632653,1326.22685816327,851.803507142857,332.688219387755,1043.2501377551,1138.97942346939,1011.60218163265,574.937591836735,656.768255102041,459.788193877551,358.634675510204,683.58032755102,451.907097959184,664.126443877551,1040.12774081633,914.075841836735,1252.21016938776,1048.86692040816,703.635819387755,761.052124489796,473.362916326531,1483.76885,1006.44605612245,826.090271428572,719.990015306123,753.660893877551,662.409634693878,342.266170408163,237.697210204082,477.36752755102,669.384658163265,552.111224489796,535.76468877551,613.547391836735,516.071741836735,646.063648979592,1106.76923469388,1267.40082755102,777.754946938776,350.344185714286,395.670071428571,406.855593877551,1135.53320102041,803.20106122449,537.320520408163,788.647103061224,591.53442755102,1555.12991632653,996.832316326531,504.058509183674,277.502093877551,664.711641836735,1032.42354795918,642.510521836735,724.759829591837,714.193881836735,792.882568204082,836.170917346939,529.590565306122,441.025384693878,898.620723469388,962.608305102041,774.867914285715,605.525615306123,543.226345918367,409.046490816327,362.786213265306,456.331523469388,784.997205102041,427.889406122449,829.960873469388,665.367406122449,636.865369387755,780.495753061225,678.688806122449,676.769791836735,494.921914285714,435.379162244898,406.023108163265,426.751066326531,555.89412755102,757.373553061225,972.454695918367,710.610574489796,932.265828571429,376.991739795918,743.139370408163,764.7656,387.107254081633,483.602484693877,529.879360204082,742.525952040816,764.272829591837,948.438521428572,1065.62343061225,800.785046938776,617.005526938776,409.849040204082,792.974371428572,748.862735714286,520.089762244898,614.237286734694,374.625647959184,726.302385714286,667.78111122449,930.880958163266,335.90623877551,611.963308163265,664.452726530612,310.987794897959,648.067220408163,456.463104081633,485.165282653061,865.561109183674,844.032981632653,856.847507142857,1142.65348673469,301.552776530612,406.138530612245,441.623608163265,568.896728571429,854.092947346939,948.797602040817,543.888755102041,400.539707142857,311.374116326531,642.80175,618.963066326531,783.77251122449,250.896818367347,489.650807142857,1136.92889081633,944.774514285715,568.551162244898,793.511243877551,328.132167346939,1068.88184387755,749.503016326531,508.969518367347,403.349480612245,437.57228877551,511.745751020408,547.719526530612,730.216245918367,840.492941836735,905.309201020408,367.690009183673,308.177485714286,965.781628571429,359.995892857143,516.728636734694,631.102087755102,633.88621122449,725.583664285715,721.300723469388,257.148590816327,373.877764285714,922.982415306122,685.410239795918,295.470641836735,746.977890816327,850.382716326531,640.541924489796,675.679109183674,654.609324489796,411.160413265306,850.183098979592,744.986101020408,960.985397959184,1041.37144285714,1111.73752346939,418.051295918367,985.471028571429,520.886780306123,670.493714285714,701.398252040816,632.737355102041,603.482019387755,462.893552040816,1002.90134285714,1189.30575816327,828.420666428572,730.311708163265,1010.35699591837,847.949159183673,781.514595918367,663.312281632653,357.655869387755,814.847820408163,910.317862244898,466.006587755102,744.898130612245,502.249115306122,516.782377551021,353.119684693878,489.954705102041,1560.39516734694,1207.39671734694,858.466057142857,403.29287755102,603.118234693878,757.440651020408,398.126075510204,468.837859183674,476.268259183673,706.88976122449,413.182808163265,444.956169387755,463.366757142857,782.331739795918,794.830901020408,1355.80994795918,1475.45608979592,684.447523469388,935.806975510204,544.221615306122,687.196855102041,570.031634693878,963.978284693878,555.733221428572,617.792890816327,710.417,606.286837755102,973.483987755102,276.639656122449,339.149055102041,576.083847959184,732.386135714286,329.699835714286,910.755130612245,780.492201020408,925.530277551021,1265.3720244898,1256.91899795918,428.136794897959,960.124986734694,816.98036122449,906.659859183674,689.208555102041,471.412784693878,876.704348979592,696.164485714286,336.455648979592,228.60696,600.816237755102,825.991942857143,783.634170408163,485.6227,610.741532653061,872.576577551021,519.037777551021,451.230737755102,427.05433877551,575.035953061225,915.052081632653,904.832184693878,770.075567653061,945.389171428572,1523.0172744898,439.43421122449,795.71707244898,653.940173469388,555.300776530612,832.134924795919,452.741751020408,596.748924489796,660.84158367347,943.991876530612,759.16686122449,305.997276530612,356.537363265306,563.028080612245,293.197540816327,467.672339795918,1058.97345408163,997.709860204082,794.98933877551,760.093597959184,458.848245918367,1297.28565612245,1153.48061632653,546.192613265306,874.164902040817,1555.57583265306,886.120693877551,897.693902040817,950.749294897959,432.263991836735,595.054185714286,1082.06164081633,757.329501020408,398.075587755102,378.946468367347,523.57558367347,491.526160204082,593.61875,523.482387755102,435.094284693878,589.388509183674,544.223907142857,609.026475510204,561.121918367347,1024.2713,533.527242857143,587.499156122449,496.92458877551,386.63588877551,768.682754081633,558.51793367347,993.037734693878,664.720870408163,922.764777551021,519.632075510204,736.61058877551,534.137784693878,859.301216020408,912.420487755102,799.596489795919,463.623885714286,865.075074489796,835.998316326531,1001.3948877551,1206.34051326531,721.101360204082,1022.48207857143,548.207485714286,602.619678571429,569.087298979592,419.3216,843.946219387755,357.890652040816,530.59885,1198.19543877551,486.914926530612,912.484269387755,923.215218367347,870.432807142857,805.545471428572,497.232828571429,474.095373469388,723.860042857143,562.869608163265,647.259254081633,1283.66619591837,826.414897959184,788.139541836735,562.961953061225,810.867865306123,628.650973469388,926.862720408163,844.743205102041,1125.35529285714,632.201206122449,890.211208163266,554.202737755102,454.558317346939,405.406617346939,262.870513265306,404.330280612245,623.067978571429,796.63657244898,716.241689795918,585.899514285714,759.617786734694,686.636114285714,553.857305102041,762.06486122449,402.181486734694,345.504180612245,439.554483673469,594.691992857143,722.696812244898,835.456632653061,660.2985,1197.08996632653,1511.51869642857,1221.2932994898,1127.29904591837,1013.39316938776,485.756787755102,595.270389795918,843.60852244898,1099.20296530612,816.701921428572,791.80788367347,486.299365306123,586.051,563.599768367347,1220.90305918367,734.520248979592,653.976863265306,795.388587755102,604.911866326531,544.142673469388,826.516287755102,730.518939744898,495.088513265306,452.153416326531,924.379348979592,780.319468367347,761.130747959184,360.984176530612,294.804094897959,521.819078571429,396.858929591837,913.15543367347,589.57646122449,1154.62513367347,671.36847244898,792.36813877551,659.428106122449,1125.1758744898,1101.01827857143,539.332876530612,902.042226530612,584.625589795919,197.986305102041,532.430960204082,711.372634693878,632.981979591837,1077.5039755102,681.867747959184,1012.15373571429,774.337109183674,572.758819387755,405.181606122449,722.377137755102,752.104039795918,384.300110204082,427.791226530612,788.164416326531,808.88428377551,690.9776,1303.82642142857,840.151221428571,748.696062244898,568.606884693878,563.411333673469,700.739957142857,865.850956122449,900.49568877551,811.42778877551,889.67336122449,532.783755102041,677.670397959184,1086.43318877551,1074.13068469388,886.076063265306,728.518701020408,1095.18609897959,950.440879591837,1376.41863877551,1613.39633877551,1386.16754285714,1194.92963877551,1173.33939897959,980.452904081633,893.877081632653,1085.93417142857,778.711687755102,644.508321428571,333.278842857143,335.92905,516.467442857143,606.967051020408,742.393474489796,868.937076530612,462.600733673469,566.413207142857,663.732221428572,1001.06619489796,834.769270408163,820.714192857143,850.975646938776,776.704193877551,801.100418367347,890.540703061225,1177.85012653061,753.250753061225,670.314910204082,297.716117346939,246.247405102041,439.092810204082,885.482877551021,703.160760204082,914.726930612245,591.672552040816,671.095409183674,1193.03105102041,1088.2208244898,839.526119387755,1417.81042142857,1023.77364081633,1292.62915918367,818.709019387755,648.146707142857,726.207876530612,422.530536734694,412.986476530612,378.86412244898,704.785291836735,705.056817346939,765.855006122449,1280.07501122449,818.297302040817,829.379673469388,508.890358163265,659.066842857143,721.94497755102,1273.89929183674,806.716656122449,1092.51961326531,977.624008163266,573.665590816327,924.364264285714,759.212903061225,552.228589795919,380.925705102041,1073.52528367347,604.828364285714,613.51892755102,756.800701020408,933.41982755102,846.42952244898,803.203547959184,599.694242857143,576.423034693878,1017.42275714286,1025.96425612245,1063.7834122449,1014.14027857143,439.036339795918,927.562382857143,704.409260204082,902.405866326531,1175.13312142857,927.939823469388,1048.82461734694,701.858512244898,853.363661938776,950.663219387755,1167.86634204082,1100.84442653061,879.959091836735,714.73675,848.944384693878,502.4829,281.704725510204,479.298203061224,925.162302040817,1356.07128163265,1088.96705306122,711.531689795918,499.446531632653,946.49777244898,500.924910204082,447.748040816327,623.929841836735,416.82667755102,531.960267346939,1168.02736734694,368.131964285714,765.010773469388,711.921010204082,790.324762244898,1281.06369387755,1155.84381020408,927.100619387756,1146.9538244898,601.835191836735,548.221591836735,1169.10775510204,640.883741836735,463.006601020408,478.924608163265,881.756621428572,1141.54505,538.900318367347,1017.79994081633,297.603946938776,458.473158163265,610.109210204082,455.275730612245,730.801963265306,684.648012244898,850.370390816327,513.881819387755,717.522395918367,725.911775510204,1718.27878061225,960.530859183674,625.613607142857,749.587278571429,653.68937244898,495.053173469388,549.730249897959,880.218747959184,463.578605102041,656.892068367347,313.560722959184,931.493243877551,581.181851020408,701.275760204082,911.730680612245,731.468051020408,1192.00625408163,1009.07799591837,554.585678571429,436.034381632653,748.983525510204,1118.52763163265,888.26932244898,622.858475510204,608.60202755102,853.572882653061,556.903844897959,675.766951020408,474.367645918367,909.464325510204,491.065914285714,682.159742857143,689.346255102041,503.871763265306,936.514797040816,616.839171428572,1103.34115510204,782.349452040816,836.838730612245,505.734715306123,446.432925102041,921.470895918368,1348.01785408163,1132.25775612245,919.563054081633,606.195303061225,662.120295918367,1146.83906428571,795.645701020408,1100.14888265306,866.037018367347,504.549074489796,476.089596938776,294.221006122449,1358.64652346939,1421.89733571429,714.543162244898,626.145636734694,881.26326122449,595.846760204082,817.562074489796,559.341893265306,650.166407142857,920.691901020408,524.35395,808.672048979592,1193.63817346939,1007.02486836735,788.688658163265,1161.58825408163,894.963336734694,1259.01434285714,1159.0508,985.780913265306,992.653731632653,291.536065306123,1467.33223163265,850.455771428572,748.647284693878,572.098129591837,465.556042857143,919.462195204082,462.962773469388,119.718117346939,462.001478571429,343.816304081633,438.52677244898,478.217159183674,677.910606122449,1055.5749377551,676.274090816327,582.237485714286,627.527662244898,816.28846122449,1373.42816530612,614.974987755102,300.210932653061,417.818128571429,905.170919387755,917.405767346939,381.845615306123,554.311941836735,872.010030612245,818.828886734694,796.277327551021,642.988335714286,702.542055408163,1298.89474469388,840.379952040817,752.927566326531,627.454135612245,993.386666326531,504.155539489796,845.289977551021,548.300248979592,823.993152040817,920.836995918367,1040.48025816327,349.29053877551,388.323134693878,592.30676122449,960.850004081633,575.854095918367,745.561098979592,753.074239795918,930.719818367347,591.01546122449,917.731014285714,715.576246938776,1124.79222306122,672.610328163265,951.441519285714,663.401971326531,396.67960877551,377.987107040816,235.658487857143,185.845240816327,621.890926734694,685.548451020408,959.702005102041,851.104184693878,714.047662244898,479.643162244898,341.281533673469,406.849779591837,835.906742857143,618.599531632653,613.77951122449,928.191640816327,968.457157142857,1377.74165918367,970.898241836735,599.738670408163,804.812506122449,463.942046938776,355.167216326531,756.190715306122,308.194202040816,304.651052040816,670.426374489796,317.384184693878,682.835854081633,491.436412244898,229.883653061225,345.056439795918,958.155207142857,384.193757142857,967.810607142857,1268.09895459184,678.341936734694,438.825194897959,1446.85414795918,689.510523469388,824.679803061225,1049.55086938776,654.554605102041,574.923252040816,409.691434693878,534.543690816327,554.499663265306,903.231915306123,358.05049755102,1167.31187959184,1255.15419693878,589.967005102041,633.996848979592,832.623031632653,575.980664285714,613.46681122449,628.877292857143,841.311925510204,399.477716326531,318.453121428571,575.287670408163,1134.98548367347,1079.68251734694,554.847984693878,487.895981632653,500.357254081633,766.507131632653,762.098143877551,902.319705102041,464.656035408163,752.623897959184,705.665645918367,596.844524489796,227.264566326531,347.964909183674,650.100790816326,895.703428571429,601.749276734694,960.60283877551,873.987677551021,510.737501020408,496.581001020408,457.067593877551,740.800476530612,865.083279591837,591.957780612245,659.079479591837,990.267731632653,965.988902040817,874.710702040816,373.169135714286,565.618337755102,520.865770408163,488.489214285714,625.104129591837,621.173510204082,365.217980612245,622.226563265306,545.428671428572,824.637968367347,1009.19599897959,1469.02216938776,974.178166326531,740.935223469388,762.335466326531,971.423803061225,1188.46190816327,1074.43076734694,1245.8372244898,581.721573469388,1009.7826,564.871632653061,403.756807142857,208.496965306122,394.153744897959,808.935147959184,947.506841836735,947.598312244898,595.286141836735,659.20537244898,1173.0667,764.767292857143,1102.47768877551,479.714624489796,1052.45929387755,874.317780612245,416.727700714286,970.491155102041,924.192721428572,435.46072755102,531.659989795918,1208.77840204082,811.287063265306,893.313722346939,507.103896938776,1054.24769387755,1255.94396836735,1349.97945510204,606.862824489796,806.503594489796,538.740144897959,310.980369081633,289.721418061225,192.892451020408,596.502560204082,1231.32909591837,399.149629591837,597.62118877551,184.165626530612,560.43606122449,554.421560204082,393.062066326531,507.74232244898,310.86971122449,554.517451020408,655.028831632653,754.726029591837,950.039740816327,730.788041836735,1220.1611622449,1055.62219387755,817.060506122449,744.526330612245,1106.41540510204,941.65395,534.10024122449,1025.99518571429,649.150927551021,1050.81860612245,1139.99860612245,990.391856122449,345.129395918367,1179.63783469388,1114.43291734694,960.798446938776,1203.01640306122,1060.03031020408,811.915991836735,659.220016326531,536.625031632653,569.75685,567.50375,808.309591836735,1268.79873163265,538.578518367347,872.782689795918,785.722039795918,974.561784693878,772.031830612245,1210.89291632653,914.042245918367,903.304374489796,702.117109183673,1087.88492040816,453.458782653061,421.225477551021,195.207930612245,701.293029591837,397.152396938776,377.829102040816,740.997018367347,714.748191836735,954.974266326531,650.184060204082,779.07336122449,524.87236122449,701.396219387755,454.07238877551,351.418776530612,805.88827244898,541.964662244898,536.918939795918,794.019120408163,1239.91245408163,411.19873877551,799.550347959184,773.304845918367,975.74935,723.008640816327,443.251060204082,258.476580612245,514.922744897959,346.990337142857,537.570870408163,279.018120408163,583.202857142857,590.935302040816,1002.91535102041,1144.52554285714,1098.41654183673,885.27668367347,806.291328571429,604.802783673469,536.376741836735,918.161125510204,932.108274489796,670.587826530612,393.018831632653,677.213881632653,502.73951122449,766.296625510204,356.947873469388,844.568715306123,853.994252040816,961.807581632653,967.420718367347,307.283873469388,521.459054081633,344.613260204082,724.508979591837,794.735339795918,624.929346938776,833.527244897959,639.715125510204,635.434456122449,435.143266326531,327.153024489796,640.922162244898,541.855973469388,496.942869387755,919.012203061225,504.050906122449,606.217829591837,1137.08133673469,1040.17380816327,1159.49654081633,908.11233367347,1110.01043163265,1268.71532040816,685.886437755102,725.024317346939,878.406931632653,740.680314285715,631.96295,467.664668367347,307.752505102041,633.610396938775,1114.83755918367,814.586946938776,946.754224489796,427.579854081633,224.902954081633,445.986569387755,663.563544897959,447.071691836735,525.497601020408,448.124157142857,320.545196938776,1185.73857346939,1220.37799081633,610.47442755102,676.932157142857,985.312612244898,699.872480612245,761.816130612245,522.8932,797.414640816327,319.028801020408,544.761366326531,678.263180612245,656.086980612245,613.721046938775,610.067814285714,447.06376122449,766.493185714286,332.331230612245,674.183590816327,796.412045918368,965.229735714286,610.375434693878,705.590641836735,339.466028571429,585.553928571429,765.314087755102,1004.11952040816,1174.64503367347,751.921541836735,644.360836734694,1384.9548877551,1466.5093877551,1622.10218979592,1466.7586122449,901.261447959184,1064.02416428571,892.536096938776,764.712790816327,994.157327551021,509.413652040816,304.710979591837,1031.35755,1069.95294285714,847.123068367347,1334.4718244898,1060.48283571429,517.029145918367,1067.10660918367,1152.22743979592,1173.03047959184,532.797284387755,352.752383673469,692.138073469388,464.848237755102,1254.41937653061,945.660832653061,1070.62937346939,1018.69370816327,774.39393367347,1271.29279489796,797.53208877551,616.619333673469,611.876073469388,1431.8093755102,1831.40530612245,1113.27050714286,685.744297959184,1122.4918122449,506.380475510204,785.333621428571,838.525955102041,702.714336734694,978.555642857143,997.813285714286,463.267366326531,456.084495918367,368.649653061225,365.508771428571,439.589451020408,608.718704081633,505.544796938776,863.535741836735,545.587790816327,501.790256122449,640.08651122449,421.366528571429,443.989268367347,903.893920408163,733.931557142857,689.285774489796,541.688036734694,602.172630612245,499.303271428571,544.504104081633,937.269153061225,504.464268367347,779.447610204082,789.640569387755,1100.20344693878,1369.86538989796,1055.87986020408,981.144790816327,837.758468469388,1175.77070816327,376.194668367347,651.735271428572,358.891724489796,850.883146938776,795.823647959184,480.17631122449,637.591754081633,765.708770408163,863.201333673469,980.134793877551,1162.70844183673,701.828776530612,533.435052040816,1508.40510816327,1194.54018673469,440.17664622449,1502.65855816327,1067.26445,881.433189795918,868.026414285715,467.234920408163,771.511931632653,234.996133673469,275.875936938776,577.454225510204,581.154017346939,956.588409183674,703.599193877551,753.382724489796,771.469053061225,664.426325510204,649.259713265306,774.791383673469,704.765890816327,641.815157142857,697.515086632653,540.711748979592,987.63701122449,1269.52745918367,830.198236734694,1094.34314387755,603.301241836735,790.810655102041,615.617404081633,1518.41896122449,1182.92073979592,549.708131632653,832.611852040817,755.365457142857,626.905860204082,832.78273877551,843.729586734694,1276.92359285714,978.383178571429,1147.93584795918,753.943626530612,864.723076530612,789.628880612245,710.364601020408,607.788821428572,737.184924489796,1097.76996428571,1080.73250510204,793.9766,1324.50476632653,691.654032653061,871.863827551021,1304.91655408163,1196.99945204082,722.348579591837,1460.51410204082,595.747542857143,685.77263877551,763.651698979592,799.879508163265,685.343576530612,813.245834693878,986.973856326531,738.101818367347,1190.34514693878,1395.50253469388,1317.32528673469,1000.71118571429,711.609106122449,410.834119387755,878.985119387755,561.926613265306,713.792619387755,837.847546938776,706.797242857143,616.064335714286,592.424354081633,553.462982653061,740.57338877551,973.324037755102,379.466171428571,866.299041836735,511.20821255102,643.650635714286,433.613428571429,1039.3821222449,453.922006122449,338.022070408163,840.829914285714,392.21873877551,545.944881632653,370.01081122449,579.832921428572,482.100697959184,718.520057142857,478.350973469388,371.460955102041,904.512980612245,742.466005102041,496.026710204082,759.37497244898,1134.76812653061,1044.89719591837,701.377160204082,1259.71593877551,833.415516326531,749.668983673469,1067.52153979592,442.460937755102,500.773081632653,1189.59008673469,563.819513265306,716.659943877551,916.818422244898,890.27168367347,627.917064285714,694.926933673469,586.223415306122,674.532764285714,468.125541836735,605.542597959184,774.994753061225,645.041759183674,914.979435714286,792.244630612245,543.261441836735,594.064030612245,493.094430612245,181.932175510204,259.350480612245,736.015068367347,820.453953061225,773.788287755102,1336.25466632653,992.950764285715,813.933214285714,578.735966326531,1052.92301326531,476.865707142857,721.001069387755,536.971931632653,885.669467346939,515.404940816327,289.022123469388,1190.70479081633,877.385839795919,746.982457142857,616.149381632653,652.578441836735,800.908485714286,456.653663265306,157.292893877551,516.22886122449,374.661591836735,553.680656122449,576.620909183674,406.247134693878,371.961475510204,520.706942857143,646.105764795919,564.543183877551,694.919057142857,368.841297959184,317.241817346939,769.948530612245,515.610929591837,287.091078571429,621.169336734694,859.799378571429,586.544420408163,563.098694897959,643.964217346939,1324.26833367347,1259.17819693878,509.989957142857,925.075796938776,1254.74001938776,672.854901020408,780.592787755102,374.83801122449,661.158843367347,794.055690816327,910.89458877551,450.585941836735,895.849610204082,750.266852040817,571.688409183674,552.251880612245,780.8758,920.638042857143,917.881680612245,910.943628571429,484.344397959184,846.93613877551,998.453715306122,690.176315306123,803.910729795919,537.754809183674,567.818266326531,667.925566326531,210.504697959184,1026.82680612245,353.612397959184,701.326820408163,495.664652040816,1266.37402346939,1169.4843755102,1119.16208979592,786.216781632653,788.321348979592,532.654768367347,1309.91121428571,705.686354081633,947.92545,929.381241836735,431.167212244898,902.032455102041,705.361803979592,716.208587959184,799.593894897959,844.349782653061,919.06195,889.802941836735,601.032816326531,448.782364285714,801.564948979592,528.741068367347,712.334318367347,501.744364285714,580.210017346939,641.30688877551,616.27417244898,1279.71338571429,635.841613265306,731.442771428572,803.536446938776,1338.14357755102,850.115067346939,1182.22910306122,771.804574489796,929.358577551021,657.38407244898,926.385835714286,819.528492857143,439.071723469388,851.005110204082,906.763376530612,1071.98878979592,1391.41343877551,754.773368367347,419.691656122449,522.263868061225,664.423935714286,607.596912244898,869.090395918367,933.370643979592,749.120438469388,739.137187755102,964.575029591837,823.75443367347,785.714330612245,564.004730612245,292.070440816327,554.751508163265,759.631263877551,673.959105102041,380.948321428571,531.451316326531,651.171258163265,445.140818367347,744.125636734694,639.16575,557.292815306123,616.620034693878,432.819224489796,753.36232755102,1107.64150510204,896.701029591837,656.419642857143,247.005185714286,471.874086734694,386.349194897959,584.344694897959,693.009025510204,684.364154081633,482.049152040816,658.913690816327,153.5589,779.164552040816,734.509352040817,432.900946938776,1129.15940612245,1166.42954489796,1281.85601632653,799.004908163266,1109.13628673469,525.505359183674,721.565136734694,916.37178877551,558.718764285714,420.246803061225,450.880259183674,453.213881632653,845.104793877551,603.776729591837,1029.5947622449,842.254890816327,315.830348979592,823.354544897959,560.094232653061,419.424141836735,954.252482653061,314.573800510204,789.113825510204,865.375927551021,943.643937755102,604.342139795918,609.321320408163,464.270979591837,378.039759183674,419.983116326531,742.48612244898,732.190220408163,792.260352040816,732.760946938776,663.189793877551,495.357123469388,748.951314285714,632.644968367347,648.76791122449,806.601168367347,728.130197959184,397.561994897959,458.298437755102,1277.92770408163,602.289758163265,516.980357142857,915.072090816327,593.064508163265,1066.22340918367,729.358287755102,797.641253061225,264.810070408163,443.294875510204,810.815734693878,793.697289795919,769.21368877551,238.339606122449,872.175803061225,613.764044897959,978.132814285715,782.163854081633,1019.44693265306,429.585881632653,586.871707142857,1109.78555612245,1132.69428877551,839.064765306123,1527.70339489796,802.339804081633,636.628992040816,737.637753061225,375.030179591837,495.00225,1092.55806326531,902.560035714286,673.836518367347,876.70893367347,1309.60069081633,472.411271530612,298.125998673469,637.310670408163,269.609666326531,697.944214285714,1226.38857857143,1114.56019795918,1276.71165714286,1053.40324183674,1691.96897959184,1117.53178673469,1410.72480714286,1034.91162142857,597.982341836735,806.969074489796,751.901357142857,656.058786734694,458.078687755102,822.128977551021,484.690299693878,488.635368367347,667.772593877551,560.463160204082,870.820487755102,907.850026530612,1172.40388469388,917.442193877551,1041.39812653061,914.548729591837,918.495294897959,922.33045,1144.04179081633,867.236148979592,658.632723469388,471.274936428571,1169.77117244898,305.202953061225,332.842310204082,255.34743877551,443.555086734694,1006.14404693878,1797.92766122449,1108.28336530612,594.068874489796,892.872197959184,504.427263265306,475.453885714286,826.956563265306,782.387567653061,800.300759183674,800.642821428571,480.429544897959,413.209274489796,786.521973469388,692.602809183674,473.314112244898,679.557206122449,656.779756020408,598.529467346939,669.01898367347,624.925541836735,966.660854081633,1019.07484387755,924.223742857143,770.148062244898,863.858496938776,1696.86881122449,1677.95992959184,1078.84675,806.503741836735,466.677495918367,469.047562244898,995.095343877551,1220.35766428571,800.413768367347,395.704976530612,502.294026530612,810.183992857143,979.945345918367,331.81368877551,404.410225510204,685.071618367347,520.319925510204,232.896653061224,794.486881632653,1352.73301938776,1506.56787857143,796.33548877551,648.799106122449,559.628460204082,791.90303877551,1081.17947040816,570.53108877551,1073.6233622449,506.751482653061,636.70435,674.74386122449,510.210569387755,640.881563265306,763.146270408163,688.60451122449,645.56143877551,644.329534693878,213.552278571429,1038.82439795918,208.752694897959,389.234101020408,1378.57982755102,1270.66355918367,1270.70777040816,923.418614285714,657.36258367347,553.284197959184,288.051104795918,593.835504081633,621.357544897959,406.250125510204,777.68733877551,1314.46188979592,1107.08414795918,870.824553061225,741.889678571429,310.926859081633,1057.03316836735,859.205936734694,572.224690816327,445.986916632653,441.514290816327,483.728463265306,683.561539795918,779.014426969388,691.572966765306,797.869294897959,759.226914285714,965.843853061225,688.33296122449,949.803576530612,586.598568367347,968.312534693878,1257.30494897959,766.223784693878,883.232018367347,490.619790816327,361.067466326531,404.111725510204,703.949028571429,459.824543877551,863.186386734694,1238.20638265306,1417.92943877551,1294.81920816327,1175.11109285714,879.825893877551,561.853547959184,605.584948979592,557.836880612245,772.049676530612,1341.85335102041,641.290419387755,851.072446938776,763.996368367347,853.836497959184,679.772252040817,681.143646938776,777.223478571429,387.996230612245,854.07717244898,632.406570408163,1174.23334795918,960.662579591837,639.499858163265,754.444851020408,836.062294897959,537.908196938776,719.605763265306,675.080429591837,1392.71458367347,923.430014285714,527.605346938776,253.385795918367,996.661045918367,798.257518061225,955.967263265306,689.198112244898,1061.12819591837,520.873195918367,534.356699693878,532.102795918367,530.825406122449,441.728334693878,488.854830612245,765.783062244898,1001.90118163265,1152.66581122449,606.526893877551,438.03336122449,465.493184693878,508.406248979592,254.396847959184,476.083047959184,200.760797959184,357.619358163265,753.177162244898,491.968430612245,403.551817346939,488.032015306123,365.978434693878,821.464933673469,215.609733673469,659.792023469388,746.163042857143,507.595506020408,521.777665510204,1053.34746530612,908.449834693878,1602.2646755102,1544.97171428571,1217.83041836735,884.658874489796,313.383145918367,537.211337755102,643.531364285714,714.499539795919,261.013995918367,965.866730612245,659.078631632653,1083.98852142857,731.706615306123,788.28966122449,602.297228571429,284.318298979592,416.074237755102,885.50856122449,564.339031632653,634.654560204082,913.372609591837,872.562909183674,1389.4414255102,1146.69691836735,505.827818367347,649.243567346939,1310.54230612245,663.545120408163,391.975409693878,755.071318367347,519.110357142857,715.147285510204,927.579768367347,418.211525510204,498.560055102041,312.643830612245,898.826535714286,659.475776530612,545.915589795919,1003.80063265306,389.535179591837,360.856363265306,432.506694897959,1020.05484285714,777.978694897959,672.522444897959,1140.16690612245,557.169574489796,950.748539795919,587.948473673469,640.321094489796,644.375578571429,891.89742755102,1146.71788469388,916.748582653061,902.345147551021,575.917257346939,998.504443877551,1265.67428877551,1043.59455918367,915.511675510204,961.02518877551,1382.30753163265,843.17736122449,645.919644897959,737.037006122449,783.628763265306,811.261836734694,811.136897959184,583.430723877551,567.563809183674,651.084478571429,635.065858163265,711.15181122449,787.920517346939,342.031857142857,367.426325510204,417.516313265306,510.596200510204,572.427764285714,601.340558061225,604.956693469388,675.423998979592,725.864763265306,1199.66795612245,755.623725510204,544.323601020408,477.576573469388,1357.84904183674,717.934434693878,461.125805102041,761.663241836735,537.548180612245,451.66177244898,438.764495918367,502.194793877551,629.46486122449,1075.10868469388,498.387043877551,1038.92780204082,1474.12979183674,917.301031632653,890.297162244898,837.95263877551,776.597975510204,538.986992857143,450.518247959184,530.714541836735,816.108014489796,641.847818367347,814.793313265306,996.961059183674,778.089502040817,816.564336734694,824.222584693877,729.092890816327,981.403004081633,492.780491836735,526.445868367347,771.575923469388,1046.67892244898,536.411601020408,718.74677244898,733.406317346939,969.230009183674,455.688446938775,706.516171428572,785.805726530612,626.735101020408,889.265234693877,498.907383673469,278.985523469388,407.656860204082,660.163240816327,416.505346938776,997.644114285714,1326.34047653061,972.702184693878,519.64652244898,864.245544897959,1023.3585877551,480.195248979592,566.526009183674,652.32276122449,812.111170408163,918.303023469388,560.922428571429,1197.90911530612,659.835825510204,888.908108163266,945.107520408164,721.949397040816,957.286148979592,728.080541836735,733.572951020408,861.076214285715,717.27183877551,892.413309183674,578.305186734694,389.436836734694,383.898066326531,440.677092857143,1175.89567755102,779.113408163265,879.588622857143,618.765035714286,489.48527755102,1178.31972897959,1142.23673163265,416.38968877551,515.332673469388,411.67712244898,864.705569387755,723.075386734694,735.984763265306,717.640892857143,422.285842857143,681.724584693878,1439.33966734694,1079.2531622449,471.297904081633,994.988921428572,676.208527551021,648.881870408163,436.538808163265,708.829057142857,552.090859183674,601.370379591837,501.879885714286,647.55762244898,681.512131632653,450.800965306123,466.1191,674.437434163265,657.211898979592,906.112528571429,953.142984693878,1000.7285377551,1197.77194081633,699.906692857143,824.863482653061,884.748187755102,798.58958877551,739.700783673469,676.859204081633,679.569129591837,1005.24540612245,1608.18649081633,1297.62094285714,1469.05818673469,1022.16566428571,1351.73477857143,1381.90954285714,316.370548979592,770.91373877551,890.266984693878,960.360278469388,584.690007142857,858.234297959184,807.557010204082,981.219940816327,673.426842857143,1552.19301020408,1121.42052244898,881.599307142857,871.366343877551,376.555041836735,253.90926122449,1051.94962653061,392.775296938776,382.869035714286,877.951087755102,710.075690816327,785.272302040816,902.356191836735,928.762068367347,464.077551020408,888.49548877551,532.10417244898,499.121058163265,274.190762244898,738.356621428572,825.99086122449,636.528986734694,648.742951020408,297.287931632653,628.394786734694,530.085268367347,480.171309183674,651.054626530612,529.987202040816,602.007808163265,782.224866326531,659.944019387755,1140.31296938776,1294.06581632653,706.334658163265,350.961756122449,361.610752040816,707.867828571429,438.635371428571,738.304496938776,994.274567346939,953.944959183674,896.512795918367,887.138980612245,530.931805102041,402.299729591837,1100.86369183673,884.54748877551,894.764129591837,611.621318877551,631.222458163265,1169.66627959184,1175.15465204082,349.517523469388,336.380525510204,531.333736530612,611.121645918367,578.190344897959,359.975786734694,743.758012244898,621.889045918367,637.63978877551,822.495791836735,672.433258163265,761.172067346939,385.580143877551,476.696084693878,790.550469387755,1158.83568469388,945.761416326531,109.500891836735,1092.50386428571,628.214457142857,581.167828571429,311.66065,212.901763265306,637.279901020408,267.175355102041,218.976821428571,650.014389795919,1086.28737142857,421.522992857143,785.54136122449,1019.62620306122,555.212555102041,739.819559591837,815.793381632653,1135.20975612245,676.788203061225,630.595218367347,503.302304081633,592.37323877551,189.142823469388,304.159973469388,883.497367346939,597.200730612245,569.279440816327,935.068708163265,968.448469387755,503.578871428571,1161.7244,821.855483673469,984.487334693878,589.712806122449,967.256144897959,453.046343877551,466.533693877551,885.423284693878,1026.66713163265,1532.47507142857,977.050148979592,1342.95020612245,796.735405102041,757.434058163265,1090.79216122449,917.671493877551,865.394069387755,640.276276530612,732.425097959184,730.233520408163,996.83858877551,596.377443877551,428.058744897959,362.670202755102,934.666850306123,387.017756122449,922.365486734694,957.602784693878,992.261042857143,1003.25042857143,828.874069387755,795.878682653061,491.490032653061,315.964857142857,336.119916326531,686.865791836735,568.41025,606.711690816327,536.798812244898,925.973504081633,351.426395918367,1136.97857653061,781.506224489796,881.214648979592,634.329421428572,689.430132653061,867.200855102041,494.53147755102,465.302886734694,627.159165306123,301.289439795918,543.629053061225,555.293382653061,692.063866836735,930.177159183674,414.69487755102,624.230159183673,636.569431632653,495.873287755102,605.783058163265,503.927901020408,523.602829387755,640.543765306123,496.663946938776,437.22745377551,536.889920408163,196.407155102041,783.031831632653,720.897770408163,1054.08128469388,332.696605102041,345.130905102041,741.318005102041,914.097387755102,547.147590816327,903.498002040816,360.514624489796,510.705007142857,927.616456122449,762.914224489796,966.952494489796,722.020140408163,576.146005102041,580.729853061225,380.795064285714,509.949509183674,957.565440816327,1049.85135204082,822.538275510204,1585.13788132653,1083.02264693878,842.289796938776,574.579007142857,582.647224489796,971.473506122449,405.180529591837,585.577309183674,362.632351020408,516.170212244898,1201.91639183673,542.301668367347,982.792931530612,620.769174489796,421.16111122449,1333.78862244898,1093.16464489796,919.394342857143,1050.57690438776,1245.8103094898,1195.10976836735,1127.80075,1422.25622142857,711.50278367347,732.186004081633,460.110683673469,811.95197244898,916.975614285714,734.009417346939,1081.66647040816,1056.98192653061,1013.92139377551,1004.43896591837,757.545195918368,522.39812244898,829.331209183674,680.908179591837,471.793682653061,489.219318367347,679.026070408163,459.903489795919,827.60595,800.43915,1579.18204795918,904.729153061225,244.469726530612,626.083446938776,652.477187755102,550.871620408163,469.281293877551,736.956262244898,825.172918367347,1099.88480612245,1176.58722755102,639.676414285714,501.334926530612,348.693123265306,629.158457142857,709.137434693878,969.609221428572,1058.46866632653,912.952036326531,514.473106122449,1100.13855816327,795.427216632653,1448.80307857143,1080.08405204082,375.938568367347,819.817398979592,389.773789795918,374.955061428572,257.398082653061,760.286898979592,362.537223673469,522.910852040817,615.368452040816,633.119096938776,1012.33632346939,724.087093877551,1147.02945306122,1131.30069489796,837.328320408164,732.133439795919,572.549155102041,692.974693877551,642.247985714286,697.135762244898,655.263502040816,668.958013265306,453.109564285714,665.57917755102,826.412321530612,506.289274489796,745.296629591837,415.821143877551,370.988270408163,470.472314489796,667.147655204082,746.777067755102,712.547596938776,346.762125510204,401.172678571429,632.004555102041,1142.7035744898,507.148458163265,457.642417346939,562.575735714286,876.403867346939,1168.66580306122,915.236291836735,719.442789795918,451.961383673469,289.294186734694,365.892134693878,949.186585714286,606.106490714286,490.245205102041,616.650708163265,632.657756122449,737.203042857143,767.678486734694,824.504531632653,591.36862244898,724.313756122449,468.426419387755,643.581267346939,529.080182653061,604.645267346939,753.73748877551,380.212834693878,735.147210204082,460.298258163265,772.623577551021,440.029209183674,292.154683673469,445.523534693878,762.270105102041,973.027218673469,787.847457142857,643.340812244898,470.687381632653,600.985308163265,209.77268877551,516.735976530612
26.1428571428571,753.249292857143,1226.12987857143,674.869414285714,1362.524,1567.72482142857,731.448014285714,723.431064285714,562.0131,706.814414285714,1325.89635714286,1038.45100714286,548.1463,793.926667857143,819.284185714286,1331.74495714286,1229.22857142857,1050.59038571429,1513.93893857143,679.336685714286,723.477657142857,909.142078571429,567.527757142857,659.258614285714,815.518,699.119307142857,624.34195,1016.47314285714,600.048735714286,627.630249285714,619.210885714286,543.021774285714,402.695011428571,804.447028571429,1135.24252857143,856.344,893.774228571428,732.463707142857,723.592578571429,673.113275714286,683.875192857143,659.010057142857,553.989442857143,1448.69657142857,818.9611,643.084778571429,1255.68013571429,1045.00354285714,1176.74244285714,1293.89659285714,893.217978571428,388.806447857143,1002.25835,646.754278571428,536.468121428571,802.544864285714,970.433787142857,1105.83058571429,1104.5454,1267.50860714286,1169.16014142857,871.895692857143,825.89875,1062.35699285714,783.5556,499.303,651.061792857143,913.0955,1102.6571,881.307685714286,929.87175,1086.5574,380.920614285714,753.000014285714,791.890628571428,509.827107142857,478.080778571428,491.328857142857,655.590964285714,941.2825,588.932428571428,666.710464285714,666.292742857143,695.689292857143,699.393278571429,709.337507142857,606.015571428571,976.092628571428,796.098207142857,640.581007142857,1518.84262142857,1005.23372142857,916.345362857143,918.280777357143,364.618335714286,483.53335,760.458744857143,431.945657142857,796.718428571429,569.432371428571,601.349228571429,786.750671428571,691.971271428571,942.696792857143,1133.00182142857,878.310492857143,945.868635714286,415.639371428571,1368.54107857143,1120.28624285714,1171.91488571429,843.879721428571,855.948807142857,881.005035714286,858.252921428571,718.919468571429,1295.4722,560.873242857143,454.780364285714,867.795607142857,996.855985714286,614.877007142857,541.920492857143,829.639514285714,737.8014,486.126587857143,588.406092857143,586.781121428571,860.002507142857,1120.23427857143,786.298892857143,898.186342857143,841.274257142857,499.853378571428,250.317555,874.259483571429,521.287521428571,331.600278571429,933.631678571428,717.754207142857,973.759078571428,376.809324285714,365.092864285714,524.866221428571,370.30965,524.054828571429,733.828614285714,497.208,758.569578571428,741.612585714286,1240.60549571429,1279.82796857143,1536.49826857143,638.511428571428,656.54535,565.022114285714,571.020321428571,729.4885,1084.78663571429,918.484538571429,688.399738571429,968.586561428571,852.440457142857,576.45245,773.913028571429,719.869428571428,729.291435714286,668.600842857143,607.019171428571,805.350397142857,263.061369142857,539.002857142857,1016.18806428571,1100.38215714286,857.753885714286,1248.98632857143,838.527807142857,571.404728571428,843.475828571429,329.954428571429,813.680540714286,823.145459285714,981.908778571429,1080.07471428571,1259.93955714286,1059.77299285714,664.723278571428,708.5555,380.544764285714,422.938607142857,633.602292857143,423.6644,733.7508,1023.12512857143,1423.54855714286,567.59715,566.722592857143,525.056942857143,608.208514285714,641.767792857143,367.593957142857,753.300991428571,344.059271428571,614.379285714286,691.52909,1043.03344285714,903.899628571429,1007.34424285714,999.739185714286,646.2424,1133.78497857143,1132.60653571429,1143.58867142857,1084.50961428571,1120.27257142857,845.155291428571,1148.74112857143,782.767028571429,1008.84367857143,822.968507142857,901.380964285714,1015.27400428571,966.219592857143,1187.11365714286,763.871928571429,757.071171428571,671.043371428571,721.300728571429,861.411085714286,617.357042857143,642.03785,677.244535714286,1213.31381428571,373.591114285714,601.387064285714,613.896135714286,413.280321428571,921.984884285714,693.618464285714,358.883707142857,752.778178571429,752.960064285714,740.573121428571,585.200164285714,1429.49719285714,1052.946445,867.217778571429,934.219171428571,874.399114285714,558.370764285714,586.139535,472.982942142857,870.2693,1082.43911428571,1029.28873571429,1093.4655,1304.81898571429,557.887314285714,944.85935,740.403135714286,829.617228571429,895.250771428571,535.206285714286,638.322628571429,790.303652857143,710.742128571429,556.664328571428,844.458942857143,903.176328571429,645.202214285714,1194.85936428571,289.991753571429,610.278535714286,1228.37646428571,911.511857142857,1033.34512142857,860.950842857143,1162.42905,1029.33815714286,674.125278571428,1072.94215714286,824.12725,923.2729,1029.51261428571,932.560278571428,1203.71694285714,1025.14946571429,765.039322857143,763.220420714286,1052.6242,820.737985714286,458.715785714286,522.7869,910.761371428571,886.860757142857,569.339092857143,312.877964285714,676.839557142857,1102.82307142857,772.346614285714,419.05765,413.82367,823.855907142857,951.555185714286,1092.15172142857,894.543814285714,766.129349285714,659.817391428571,416.676435714286,422.527135714286,357.834621428571,920.439642857143,450.867807142857,685.181871428571,619.185492857143,929.793178571428,971.554885714286,662.197621428571,1022.65281428571,987.460142857143,568.504478571429,663.938578571429,1209.93086428571,1397.50828571429,879.915992857143,634.341407142857,638.589364285714,561.358935714286,983.151078571428,1125.01145,782.081478571429,433.100357142857,933.760442857143,806.44645,891.628914285714,692.701428571429,380.790034285714,503.657064285714,489.226457142857,527.819136428571,605.592757142857,577.380085714286,837.205521428572,1075.61270714286,698.806721428571,965.935254285714,727.520107142857,741.611364285714,635.883235714286,844.657171428571,547.153860714286,792.893078571429,778.677235714286,385.69635,688.133435714286,698.064407142857,860.347307142857,597.619392857143,604.063892857143,864.275107142857,1292.36642142857,1282.04418571429,677.567057142857,475.905828571429,747.806664285714,871.608171428571,933.613992857143,894.1053,851.383142857143,742.394078571429,528.042565714286,697.629485714286,755.268128571429,861.058157142857,1010.72554285714,571.663435714286,534.621342857143,616.048678571428,564.1078,782.6707,910.708742857143,678.076757142857,866.413935714286,740.069671428571,898.823442857143,730.075735714286,605.097634285714,907.906528571428,877.999707142857,1058.69297142857,895.245814285714,542.925764285714,540.774742857143,364.760321428571,539.138392857143,645.699164285714,585.284214285714,574.708255714286,1285.41303571429,942.608514285714,990.489201428571,995.901798571429,1088.21079285714,844.318242857143,944.123064285714,1167.97333571429,1038.22936428571,458.265307142857,671.317371428571,769.55,960.006458571429,929.475857142857,818.256107142857,771.900542857143,1047.68394285714,767.807928571428,696.7636,726.136742857143,495.142478571429,666.307437857143,452.430464285714,573.45235,989.234342857143,1386.59402142857,782.03235,604.333087142857,387.241328571429,616.254891428571,757.785672857143,1223.74168571429,1439.88342857143,1094.61453571429,939.380257142857,528.438814285714,878.7724,1243.31331428571,519.563114285714,628.953921428571,420.453792857143,1026.62041857143,903.739457142857,509.160657142857,1098.01495,1106.87332857143,946.238528571428,907.8448,894.809421428571,444.957885714286,626.816678571428,529.246414285714,824.735978571429,735.277785714286,1110.15513571429,383.078314285714,599.049928571428,599.754242857143,732.777992857143,1087.72236428571,892.808942857143,1312.39259285714,1723.42417142857,1239.8435,754.027914285714,821.525285714286,1005.0678,1258.77601428571,1190.97530428571,1021.89104285714,1111.54354285714,872.289742857143,1057.25177142857,816.3851,843.409392142857,1110.91257142857,1115.40361428571,869.315207142857,738.386235714286,668.985972857143,455.315728571429,419.1534,968.66935,1318.856,1191.29064285714,943.89285,811.533864285714,694.208909285714,537.358025714286,710.97605,458.713392857143,664.834177142857,641.805714285714,881.718571428571,404.860028571428,765.866492857143,508.120621428571,1034.71054285714,865.86318,1243.07959285714,607.318392857143,1007.33590714286,904.658791428571,672.8613,507.9151,611.935942857143,756.971321428571,482.371514285714,553.379497142857,1074.46246428571,642.5452,451.926535714286,684.645407142857,567.017635714286,504.143635714286,827.187771428571,1335.19758571429,786.974807142857,642.720471428571,1116.88984285714,983.9473,988.882335714286,820.032657142857,1158.06015714286,595.705978571429,789.783271428571,874.696378571428,415.016170714286,633.800178571429,364.834957142857,349.949935714286,1033.90900714286,712.465778571428,982.962064285714,466.78405,912.939164285714,1018.37414285714,699.149285714286,905.179392857143,585.176141428571,792.936492857143,602.024392857143,637.173471428571,347.878278571429,765.502807142857,525.657785714286,724.80015,1012.65064285714,1124.26258571429,1106.82418571429,1332.22547,729.706307142857,607.815745,303.157135714286,328.040957142857,336.04375,444.076107142857,728.957792857143,1685.68642857143,889.1116,526.496678571428,299.839300714286,981.927464285714,531.592192857143,1136.75426428571,484.503056428571,390.102678571428,443.924385714286,533.679942857143,394.395235714286,398.775514285714,1249.3059,809.904532857143,688.262985714286,430.808464285714,425.991707142857,1043.69002142857,971.948035714286,430.210328571428,604.371428571429,794.285578571429,1152.27100857143,1099.30984285714,436.39925,799.698885714286,588.323435714286,1179.19268571429,773.596014285714,491.912235714286,561.361571428571,430.809342857143,609.623321428571,529.253007142857,495.710321428571,546.438028571429,319.6122,1353.13267142857,1013.62283571429,415.054364285714,640.377157142857,1494.06147142857,1080.98134285714,732.289542857143,1308.88852142857,1408.99455,1160.74077142857,1022.86639785714,520.571014285714,571.046415,622.331207142857,714.492921428571,888.178742857143,696.833314285714,644.276621428571,910.846471428571,789.60475,715.146214285714,773.797885714286,1606.09165714286,857.917035714286,1317.99506428571,1128.30438571429,710.628057142857,734.162164285714,548.50995,594.260878571429,844.685678571429,990.138371428571,993.842871428571,576.570521428572,882.886371428571,679.978064285714,395.170692857143,524.218728571429,303.413,942.215235714286,1203.21017857143,228.241371428571,1141.20818571429,323.9774,414.577542857143,347.332978571429,656.051064285714,576.869264285714,688.728054285714,783.344,1034.15579285714,1128.20917142857,1129.78915,748.891978571429,905.46985,1076.88435,1090.68944285714,698.884878571429,695.795057142857,1004.8606,375.283427142857,845.406157142857,626.423257142857,388.555735714286,1010.0556,1105.41339,1434.25514,1063.3035,917.418871428571,681.226993571428,1364.64095571429,650.601514285714,886.360407142857,1095.2249,1012.77229,1293.30435,874.986342857143,355.815364285714,467.502378571429,871.059228571429,947.473471428571,808.704828571429,885.800757142857,1138.41292857143,606.795735714286,693.420771428571,678.351592857143,654.236157142857,469.218685714286,750.501764285714,1075.32022142857,585.223,661.9892,672.337642857143,658.064728571429,550.307392857143,1013.82542142857,987.680057142857,1156.36844785714,738.254078571429,934.396757142857,898.347857142857,980.246177142857,624.824335714286,778.504957142857,837.068564285714,674.006092857143,253.983442857143,680.092292857143,1842.14574285714,713.499328571428,813.777521428571,887.302707142857,953.654857142857,712.004621428571,1057.93015,575.767735714286,487.484778571429,667.806178571429,731.140571428571,764.838778571429,580.562678571429,743.906728571429,787.575828571428,528.03475,1127.9356,808.055385714286,863.5597,968.236235,1591.82492142857,850.842692857143,1291.42954285714,867.773742857143,1194.64993571429,1089.60087857143,1188.04364857143,1025.67146428571,1027.07273571429,820.8817,642.271878571429,921.547885714286,1156.11381428571,1031.92865714286,1550.03235,1339.17682142857,1172.66721,1094.96665714286,967.663378571429,1211.52940714286,1199.39390142857,955.657935714286,1299.48149285714,786.768378571428,555.749207142857,830.692664285714,408.481521428571,498.139835714286,643.4411,537.206128571429,695.580857142857,872.453042857143,952.034678571429,734.430092857143,1354.84955714286,752.669157142857,827.777028571429,625.007406428571,659.98305,767.354071428571,614.312571428571,614.985485714286,875.368214285714,842.095871428571,372.34525,948.093064285714,976.933292857143,749.886042857143,1586.26086142857,1072.41075,1189.32515,837.786082142857,872.32795,501.548864285714,759.7872,708.822297142857,918.944671428571,726.921678571429,512.483814285714,871.905528571428,527.524611428572,300.6832,513.29605,359.257928571429,582.044907142857,610.25965,723.044342857143,765.98845,684.263735714286,471.00883,683.089114285714,654.561171428571,474.247428571429,829.56145,819.391771428571,627.568921428571,442.574914285714,708.52255,555.9776,1485.57975,916.286335714286,989.953957142857,699.397542857143,545.992292857143,995.259464285714,613.673945714286,1214.88513142857,741.704878571428,1253.82204285714,1048.71905714286,717.204292857143,956.599742857143,1067.05307142857,890.292942857143,934.969321428571,717.373221428571,615.03225,389.592371428571,481.80725,848.174114285714,573.625427142857,705.838933571428,582.673162142857,467.0818,461.246871428571,919.012171428571,609.947471428571,690.375278571429,971.729835714286,1204.71852142857,690.074014285714,1045.45106285714,418.261642857143,587.775528571428,519.366607142857,1187.99436428571,925.968122857143,619.9105,385.672071428571,489.827264285714,749.564892857143,652.921357142857,1013.37436571429,754.918728571429,804.874757142857,734.662535714286,1274.83630714286,1355.45979285714,428.637528571429,288.406121428571,630.174764285714,669.927557142857,535.60679,555.88695,589.127542857143,587.621921428571,687.465907142857,814.5365,700.962995,773.646264285714,871.418314285714,664.863271428571,598.161342857143,1105.60677142857,1108.3529,732.60545,679.299828571429,1340.5759,1175.39650714286,649.006042857143,406.055885714286,648.562442857143,1029.26108571429,541.880785714286,714.593657142857,590.829664285714,526.596,736.529321428571,1150.59007142857,783.0601,1267.46934285714,753.871892857143,857.38815,1168.68822857143,901.512628571429,885.859887142857,1050.2488,1281.37554714286,963.105558571429,1545.75856571429,415.115008571429,862.198842857143,964.494592857143,604.071592857143,1229.96990714286,954.817642857143,1066.31410714286,1251.76762857143,608.48195,656.977471428571,819.522807142857,1153.74545,764.84205,304.076114285714,341.813714285714,809.512342857143,773.920742857143,958.7459,957.39265,379.669421428571,606.420764285714,602.374064285714,447.500285714286,602.718271428571,478.642557142857,991.180664285714,985.695485714286,1102.65126428571,962.488842857143,737.31125,753.3313,644.30995,867.563185714286,602.561485714286,829.402085714286,704.682335714286,1212.03567142857,1142.23709285714,514.014328571429,773.966157142857,270.640007142857,659.174621428571,577.1084,681.582535714286,978.899235714286,808.405878571428,807.055478571428,600.702514285714,827.006971428571,937.734385714286,1079.55014428571,1048.26340714286,1134.77902142857,1115.55454285714,947.656614285714,1387.57115,673.501592857143,913.07695,1183.67139285714,964.831592857143,826.814807142857,315.86085,769.427685714286,1181.73627142857,1306.65277857143,1041.59331428571,722.339857142857,981.7065,1191.86433285714,855.77994,778.765607142857,492.914735714286,854.328964285714,1279.7731,1445.24981571429,1403.64971571429,971.786142857143,693.465557142857,644.7104,822.698678571428,721.278814285714,1089.58603571429,1102.91753571429,498.480764285714,843.111771428571,560.192864285714,671.1827,540.030671428571,696.96025,556.701564285714,439.053078571429,1208.87606428571,849.087771428572,760.416014285714,511.464821428571,1049.84755714286,604.40565,472.863228571429,583.920185714286,790.6627,1022.38122142857,964.925242857143,627.509528571429,911.160911428571,752.45115,758.012842857143,668.731957142857,737.505592857143,624.414514285714,1006.09982142857,993.209385714286,738.523321428571,615.635385714286,538.6945,878.4064,822.123457142857,614.686135714286,604.787971428571,962.505728571429,663.924521428571,537.6794,1000.93458571429,876.637557857143,754.871928571429,687.913171428571,816.72725,547.0383,478.959207142857,873.554071428571,637.077,478.336914285714,948.926078571429,960.146107142857,1056.28716428571,867.15645,1020.53594285714,805.832257142857,1328.64760714286,745.128978571429,654.301857142857,904.75324,880.4653,1076.73954285714,878.4751,566.494335714286,322.436839285714,819.188161428571,800.918928571429,815.326971428571,437.747292857143,472.333178571429,622.904571428571,1093.044485,461.890892857143,802.592885714286,915.039264285714,596.838528571428,951.722442857143,1209.76380714286,1007.62332142857,297.218235714286,458.509042857143,885.580592857143,1491.78952142857,867.936035714286,921.90865,760.496414285714,429.51685,882.8365,622.794264285714,476.20685,518.738142857143,513.905728571429,915.548285714286,1111.89750714286,918.647821428571,442.158935714286,1471.78888571429,1200.24961428571,1060.77997285714,1371.93889285714,856.311390714286,782.156255714286,899.513257142857,619.4915,610.681564285714,883.280338571429,974.039857142857,953.636642857143,987.454464285714,880.474671428571,1002.86871428571,655.932657142857,567.709228571429,818.2849,566.6073,393.8308,411.289585714286,866.179385714286,645.96425,1145.37256428571,629.185015714286,754.58705,613.459141428571,445.290282142857,781.745157142857,710.769371428572,682.878735714286,629.832971428571,811.045342857143,674.317828571428,947.458928571429,845.7143,1111.14402142857,937.679557142857,1049.68662857143,1055.14785714286,984.703214285714,818.860964285714,968.628497142857,727.367628571429,999.672142857143,748.8868,557.194835714286,861.444971428571,1313.0421,908.463892857143,847.394142857143,968.888835714286,1101.44876685714,474.119614285714,621.077578571429,1016.00263285714,525.130964285714,554.858257142857,827.634585714286,644.505678571429,1244.35590714286,1312.46131571429,968.599107142857,827.278271428572,1076.01497142857,1047.07481428571,891.421592857143,696.805155,499.886072857143,1138.91942142857,1584.69583571429,508.8569,1093.82007857143,495.424264285714,490.088542857143,810.203063571429,601.596178571428,847.564942857143,933.406903571429,975.768751428571,1156.83093571429,610.386614285714,1371.29868571429,471.437035714286,491.856521428571,1130.8096,957.038435714286,878.44275,638.960064285714,515.888728571428,660.595557142857,699.568271428572,813.576992857143,1061.35544285714,822.867185714286,756.55235,1507.55354285714,1463.0233,780.3864,989.298964285714,502.241535714286,665.51515,723.849757142857,864.081121428571,1238.67742857143,1198.1816,1075.69827142857,786.576921428571,919.275928571428,913.160492857143,1016.61034285714,376.640624285714,614.677514285714,640.278678571429,644.804221428571,640.454221428571,621.082428571429,1011.564435,1275.15430714286,739.475421428571,655.590861428572,845.728442857143,1027.15295714286,459.276085714286,1146.96967857143,990.937128571429,1365.03797857143,787.628171428571,753.253578571429,1315.93896428571,824.970121428571,516.487114285714,724.635421428571,562.191714285714,510.239085714286,916.001007142857,890.960678571429,974.179085714286,1062.9323,788.422264285714,595.181732857143,626.522185714286,879.24295,431.178878571429,1284.07188571429,591.38465,1016.2345,710.326864285714,1064.68042857143,593.563257142857,567.644292857143,1030.03770714286,698.115421428571,492.221971428571,832.929078571428,560.058514285714,517.720792857143,564.621221428572,621.859314285714,934.271814285714,808.259864285714,940.031807142857,611.208485714286,820.602714285714,873.759921428571,788.909978571429,710.153771428571,689.29184,979.914386428571,735.190114285714,623.246314285714,761.055528571428,665.410521428571,984.045845714286,711.967635714286,615.182314285714,599.517364285714,575.215228571428,431.257607142857,586.804235714286,651.355407142857,818.307571428571,698.184314285714,788.745742857143,677.773257142857,731.489592857143,472.532942857143,694.767271428571,834.214940714286,719.711821428571,667.389764285714,684.683192857143,674.923242857143,674.18735,995.1543,838.498542857143,745.501528571428,1184.56165,674.0924,1253.88675714286,731.107835714286,776.17175,600.902657142857,748.828132857143,525.666478571429,528.081864285714,1506.44285,969.538028571429,969.76875,896.9774,733.196242857143,779.979607142857,689.911539285714,632.386478571429,901.577164285714,1230.26874285714,1244.89892142857,823.606959285714,996.583303571429,1007.91021642857,1539.20453285714,1155.25448571429,891.531414285714,702.560742857143,862.373964285714,673.72505,688.026178571429,449.68665,416.7488,379.779607142857,536.853178571429,773.106464285714,1402.76388571429,1108.46457857143,732.542428571429,560.048778571429,550.801514285714,685.45905,691.023978571429,1050.96155714286,481.275514285714,288.912885714286,623.695142857143,928.63875,773.709857142857,1385.90592857143,1039.78949285714,1062.62507142857,597.339714285714,852.7584,632.748728571429,796.058214285714,748.7132,877.937777857143,1255.78181428571,941.214307142857,642.190871428571,419.690228571429,915.154364285714,898.943657142857,799.824014285714,753.076714285714,535.289307142857,866.287985714286,1181.13082857143,902.848928571429,591.804657142857,894.702371428571,379.986663571429,402.080078571429,305.530954285714,305.030902857143,344.707792857143,375.732484285714,900.8684,1197.90725,1141.16867142857,891.559014285714,884.613792857143,764.014514285714,1034.06378285714,1068.99372857143,1196.57612,527.326,236.533642857143,749.491007142857,539.855442857143,729.234592857143,664.043078571429,1638.07628571429,380.025757142857,677.854514285714,1220.39045714286,728.088207142857,860.668185714286,1082.71678571429,1419.32278571429,855.226142857143,467.217571428571,514.574982142857,501.4804,828.73575,418.081135,781.291414285714,597.763757142857,339.76905,606.30976,940.900092857143,411.573721428571,1072.57519285714,811.022442857143,903.092978571429,683.83755,360.06965,1166.13835714286,883.239258571429,849.591465714286,922.091914285714,731.548942857143,758.056414285714,1101.50519285714,1012.14632857143,637.544067142857,658.751872571429,865.524531428571,991.272771428571,935.759414285714,942.654242857143,637.627257142857,684.674471428571,1009.29648571429,1233.84200714286,755.296407142857,1202.99112857143,1069.05625714286,840.132178571429,1128.53438571429,1534.82132857143,987.018928571429,709.637071428571,446.042235714286,1019.38652142857,848.918692857143,813.868614285714,583.285164285714,899.925435714286,350.481221428571,708.377171428571,621.4544,879.413757142857,1153.18857142857,1190.21707142857,1150.7327,1046.96855714286,2004.74809285714,1098.92036428571,1033.55677142857,1546.27786428571,1405.68615,1156.43752857143,1515.67946428571,983.67905,1122.54295,948.839521428572,733.12435,755.026814285714,499.65885,532.593670714286,405.60815,612.631878571429,303.95865,681.248814285714,1277.80805857143,847.132492857143,981.184335714286,1026.05194285714,683.951714285714,807.262685714286,882.140792857143,1519.77050714286,994.788985714286,779.2785,722.625307142857,1026.34852857143,1067.88973928571,654.895685714286,783.687557142857,1240.70718571429,1018.76092142857,456.806764285714,470.993535714286,821.820721428571,1250.18357142857,660.0761,881.915964285714,472.20705,537.128878571428,913.05945,397.263807142857,767.060271428571,626.192092857143,412.695921428571,446.884442857143,833.090221428571,1086.53133571429,500.768442857143,692.668695,915.646690714286,914.347992857143,914.686734285714,730.73965,742.501064285714,772.610542857143,1036.43302857143,1349.44711428571,1032.0528,1432.57445,898.59765,712.155821428571,552.621564285714,627.852085714286,1014.42792571429,797.686085714286,705.670785714286,630.418935714286,928.199971428571,1078.36252857143,967.924861428571,1221.53402857143,882.832214285714,578.057224285714,867.57765,705.471148571429,631.381421428571,429.856642857143,503.776391428571,497.320292857143,591.575028571428,387.415314285714,415.003735714286,767.195142857143,452.8178,895.280564285714,794.8745,738.874742857143,796.185842857143,480.729021428571,825.793235714286,852.977457142857,998.075075714286,251.402464285714,267.024578571429,998.496428571428,517.920607142857,883.212785714286,1151.64068571429,850.012407142857,1125.25736428571,443.680707142857,1127.47550714286,930.669392857143,731.604342857143,543.957657142857,680.215421428571,579.384392857143,921.711542857143,858.794371428571,1182.33320714286,337.6899,628.600521428571,496.5896,307.5028,432.513218571429,1179.78967142857,788.558885714286,779.322292857143,872.68663,1212.96451428571,810.021635714286,941.455292857143,522.276928571429,733.337378571429,881.820121428571,812.509235714286,916.874485714286,463.925671428571,739.534592857143,834.062942857143,734.922728571429,480.148792857143,349.053192857143,1236.34089285714,929.635692857143,892.176142857143,1210.41074285714,540.744585714286,1029.32765,781.8933,906.275978571428,1051.57510714286,1049.24402857143,1006.51827857143,855.9711,1040.54285714286,696.785692857143,1056.57997142857,643.188014285714,777.78065,515.407128571429,625.256749285714,1445.50235714286,835.003671428571,520.905171428571,785.592592857143,527.717838571429,925.644871428571,558.768557142857,1178.41542857143,1133.07768571429,1106.24231428571,603.207807142857,817.832421428571,1093.3959,704.130771428572,603.333364285714,992.603014285714,538.444128571428,781.127678571429,1180.26441428571,1032.68866428571,1157.65818571429,771.961571428571,713.850957142857,596.013471428571,745.840714285714,785.508792857143,763.210164285714,647.455135714286,1137.08489285714,648.861042857143,784.567364285714,752.484635714286,906.640964285714,703.881380714286,588.691714285714,896.203757142857,998.522035714286,675.159821428571,479.557364285714,1320.20412857143,800.218242857143,495.635114285714,885.852347857143,349.870642857143,970.390942857143,631.787071428571,1267.54395428571,965.245371428572,1179.54485,1202.63382142857,1011.81277857143,914.424985714286,528.21719,704.154957142857,338.354777142857,477.474885714286,344.659642857143,975.536814285714,1015.43063571429,885.994714285714,598.545714285714,1384.74560714286,1322.67678571429,1086.2712,634.418614285714,805.773564285714,890.559914285714,822.970464285714,748.6232,751.826029285714,938.591121428571,418.573407142857,940.9576,1147.10456428571,989.9326,1028.34542142857,1067.41502857143,593.017857142857,367.723292857143,764.239964285714,1024.05292857143,1473.42023142857,1226.06048571429,1220.06445714286,870.862564285714,929.330957142857,738.47925,588.605435714286,1030.04182357143,890.346714285714,468.277968857143,810.174614285714,203.724586428571,1048.43621428571,606.459564285714,890.158807142857,937.635471428571,1020.40528571429,842.780571428571,1047.50042857143,835.24735,813.581557142857,419.894464285714,674.262007142857,402.911785714286,456.929735714286,663.013235714286,719.767314285714,706.669178571429,1029.2988,1507.76620714286,793.221757142857,846.739485714286,1212.78546428571,904.000101428571,680.465,498.555657142857,736.405557142857,1092.37993571429,876.461207142857,599.388728571428,729.55675,599.242635714286,964.609742857143,476.489028571429,434.82705,704.493364285714,326.358714285714,530.63625,506.999628571429,593.503971428571,649.370707142857,790.973621428572,891.594378571428,816.862697142857,649.02145,785.8166,378.056942857143,736.155492857143,616.834621428571,596.293235714286,767.607757142857,835.377714285714,799.715421428571,864.632892857143,954.565935714286,563.02845,1159.38362857143,1038.14265,674.325278571428,741.703685714286,904.055507142857,1004.98122857143,654.355635714286,953.60618,843.480514285714,1224.93802857143,649.610440714286,618.199264285714,708.081914285714,943.761692857143,932.092528571429,821.80885,510.126307142857,543.070178571429,336.031628571429,969.053314285714,720.950035714286,686.182892857143,853.619278571429,1070.71606428571,900.156507142857,1062.35520714286,585.146314285714,540.478792857143,511.177692857143,503.390707142857,427.879307142857,603.153557142857,877.479035714286,856.266828571429,856.029071428571,712.476428571429,922.018442857143,367.076442857143,1035.80943571429,615.648642857143,710.274685714286,913.581614285714,976.87545,901.481292857143,812.089821428571,1109.81345714286,1315.42710714286,584.503607142857,988.059685714286,1233.89333571429,696.011235714286,670.733935714286,599.85584,505.961154285714,602.744214285714,597.096048571429,542.65175,532.832785714286,510.994271428571,405.239692857143,965.5582,560.496572857143,570.448628571429,569.011492857143,1446.02040714286,497.0433,434.3846,583.148064285714,288.094692857143,777.35544,956.866021428571,452.730292857143,470.557535714286,895.7257,667.6533,1708.76609285714,709.714971428571,1198.43446285714,1134.83525,725.647092857143,1457.34655714286,1061.70132857143,1080.92760714286,1037.83706428571,1002.08740714286,890.537478571429,792.295,1328.19522857143,601.446921428571,572.731628571428,905.023307142857,1108.55565714286,838.173671428571,337.183764285714,753.9775,969.508821428571,476.982478571429,560.52235,518.305614285714,547.492571428571,662.012821428571,685.275607142857,511.709792857143,351.243778571428,632.772564285714,579.338207142857,377.980457142857,429.793271428571,407.665842857143,527.311871428571,543.592871428571,995.903242857143,1339.50819928571,1093.01179285714,991.302207142857,585.557807142857,307.703777142857,446.223685714286,676.634635714286,1050.95697142857,688.380235714286,1313.90856428571,865.759921428571,490.3422,886.767078571428,538.676792857143,489.371335714286,603.818842857143,694.081614285714,1171.68635,892.016842857143,1018.62303571429,1183.10072142857,1492.82462857143,1232.17237857143,826.1655,1025.38622142857,935.0487,616.468757142857,785.349171428571,823.933992857143,982.628857142857,631.9141,963.897907142857,1048.18404285714,983.059171428572,1265.40897142857,1349.64857142857,922.8276,1048.32436928571,1240.3222,1310.73806428571,857.045878571429,1193.84204285714,1634.59957142857,1157.49492142857,1044.2615,972.514507142857,686.2991,1196.13244714286,1112.20541428571,1457.26196428571,1054.17490714286,517.520064285714,610.013985714286,399.605071428571,498.751707142857,504.840292857143,812.445414285714,426.217228571429,318.732692857143,327.666607142857,556.557785714286,797.00105,815.208671428571,709.136614285714,710.749935714286,641.103321428571,804.968678571429,583.250078571429,534.087478571429,924.067697857143,1325.52373928571,741.031607142857,868.978442857143,462.250185714286,671.053557142857,548.341907142857,703.286957142857,867.643928571429,532.126107142857,955.032378571428,603.615635714286,830.661328571428,728.649092857143,1017.9368,772.517314285714,383.476957142857,734.558878571429,936.489442857143,599.412242857143,500.871457142857,837.504435714286,496.640507142857,629.767478571429,711.94855,570.451395714286,929.110257142857,641.896936,652.604507142857,682.859121428571,1307.82354285714,1033.07607857143,843.999471428571,284.748211428571,685.787728571428,944.431878571429,1021.72389285714,469.550721428571,695.852507142857,682.285221428571,465.364807142857,983.128285714286,965.987444285714,468.0965,413.608314285714,718.288,724.538764285714,766.705728571428,881.565657142857,958.334871428571,919.062171428571,1328.14029285714,480.601421428571,933.631892857143,884.040057142857,1684.37666428571,1183.02249285714,726.727492857143,1063.35574285714,1293.16534285714,1083.30748571429,1145.95625714286,1416.65048571429,742.246742857143,484.033785714286,583.9756,717.1473,1045.90648571429,1640.71772142857,1396.89154285714,1278.5751,1100.47957857143,706.174960714286,627.612578571428,374.682864285714,640.55955,792.170285714286,563.938478571429,501.20684,698.950465,1201.73012857143,1143.57152142857,962.779092857143,947.199971428571,716.974564285714,829.607785714286,728.895335714286,755.4592,681.412221428571,1005.55585,1021.05322857143,755.984578571428,1366.21406428571,1447.76182857143,1200.96051428571,723.402428571428,969.827957142857,751.720378571429,852.050014285714,1337.22,681.762428571428,551.2243,640.6603,544.505871428571,316.951435714286,675.205864285714,796.368978571429,1102.47749285714,956.08461,743.6958,514.695700714286,1166.85539285714,1195.15605714286,970.826402857143,832.376064285714,698.35595,472.915157142857,1178.33922857143,576.296607142857,1037.41290714286,1193.71029285714,910.713835714286,781.45205,1388.92557857143,797.27325,1550.11979285714,1345.52019285714,634.348228571429,855.070528571429,380.305158571429,1006.74660714286,680.968578571428,852.197085714286,692.922671428571,656.571357142857,647.877317142857,482.869264285714,832.274728571429,1371.00270714286,971.367721428571,1201.92630285714,974.25475,949.467535714286,311.712635714286,841.415871428571,765.467742857143,1067.41286428571,1271.54730714286,954.158828571429,881.387028571429,573.943164285714,346.985957142857,733.304592857143,705.726971428571,954.467842857143,1072.89636428571,791.438264285714,975.318635714286,778.996785714286,1040.59922857143,535.388492857143,573.532814285714,1064.22182142857,1453.71557857143,1026.15362,949.797628571429,447.117071428571,823.900175,975.551382857143,421.304007142857,346.204135714286,736.636485714286,917.521878571429,891.654914285714,703.932335714286,768.316108571429,1217.11366428571,656.39045,715.637314285714,942.118057142857,973.0677,777.523907142857,1070.80694285714,563.152657142857,285.472241428571,757.84755,845.1087,681.9813,828.668085714286,1028.36124285714,882.103271428571,918.87005,846.145028571429,677.743585714286,707.896242857143,1104.37971428571,896.880271428571,413.880257142857,529.118371428571,951.678867857143,991.920007142857,540.333907142857,1229.25102857143,651.500185714286,787.677678571429,1192.29988571429,1416.31536428571,561.43905,518.54265,333.871935714286,1046.87800714286,1256.96162142857,905.904014285714,652.646535714286,990.751507142857,835.1709,705.129635714286,770.39185,675.111614285714,583.5273,691.38145,520.506492857143,604.450757142857,480.357292857143,1123.71443571429,949.538678571429,805.6956,721.551528571429,510.903378571429,458.648085714286,761.964542857143,681.908954285714,1107.80348571429,760.616564285714,235.323998571429,1088.19238571429,844.885021428571,425.237085714286,801.965521428571,534.587764285714,1149.11457142857,829.484035714286,1227.6285,1396.81870714286,1094.68721428571,724.092728571428,877.630714285714,1032.82628571429,674.865478571429,523.92895,711.739864285714,936.118028571429,752.913364285714,934.246192857143,931.886907142857,1103.52137857143,1103.89526428571,629.601814285714,780.979692857143,1036.95200714286,1188.30192857143,1195.79619285714,764.950678571429,590.603335714286,1389.45454285714,1397.27854857143,722.483535714286,674.952985714286,843.17205,637.02225,1069.52871428571,812.536278571429,694.832057142857,731.403092857143,1112.80815,1232.40608857143,647.389151428571,865.082635714286,428.447671428571,1265.60135142857,954.692114285714,714.21315,1479.88260714286,806.081757142857,980.040957142857,860.7224,1058.60966428571,1360.70962142857,887.687882857143,1305.31932142857,787.332421428571,544.584507142857,1040.29931428571,1088.22696428571,1020.18704285714,1015.3527,385.29845,834.800692857143,735.086735714286,718.023128571429,933.924964285714,665.636307142857,487.772421428571,939.643178571429,621.571707142857,583.872392857143,910.185214285714,642.523328571428,784.131788571429,670.568792857143,614.4199,940.387492857143,330.750607142857,889.801007142857,786.607078571428,842.744871428572,1031.65100714286,726.394442857143,821.270885714286,1047.99213714286,860.9823,861.40155,706.987712857143,472.362352857143,411.974586428571,285.699697142857,469.192120714286,636.449478571429,972.107992857143,528.5079,1052.97532142857,976.013442857143,1229.95369428571,912.0598,960.7475,581.743399285714,330.104292857143,306.857864285714,868.301724285714,935.315728571429,719.629585714286,1043.32502142857,1268.36214285714,574.467978571429,772.9298,751.228821428571,1210.89395714286,294.127021428571,790.075328571428,750.022064285714,768.234871428571,833.14925,802.990164285714,649.114814285714,1022.83413571429,1177.66819285714,1070.27251428571,802.927678571429,683.39955,649.767810285714,871.551164285714,589.510414285714,872.41065,766.501057142857,758.479442857143,473.407685714286,626.418235714286,574.106514285714,632.871864285714,925.149742857143,1118.14978571429,992.659341428572,1499.09194285714,1161.48799285714,357.379442857143,444.440278571428,490.697771428571,894.134207142857,748.951564285714,679.558907142857,691.856857142857,951.066587142857,983.439835714286,980.008764285714,1354.37878571429,1275.03832142857,1231.75357857143,1019.81031714286,854.394825714286,506.693664285714,458.536321428571,368.839835714286,488.079492857143,194.100728571429,533.296728571429,1050.7449,579.4942,380.659557142857,584.611735714286,402.393964285714,935.592914285714,347.817592857143,488.638728571428,638.924285714286,820.688435714286,576.1909,1074.3643,849.840378571428,433.609357142857,700.216942857143,905.400471428571,815.332641428571,601.852492857143,657.186785714286,235.548492857143,407.003921428571,732.049721428571,841.107842857143,1028.00185,1189.66927142857,323.617757142857,899.704535714286,511.629007142857,1058.24164285714,860.7152,717.01975,830.9539,982.616164285714,572.225392857143,479.672085714286,412.046257142857,636.589514285714,920.655562857143,642.415271428571,597.039357142857,606.592078571428,1039.05734285714,1147.58901428571,1194.45197857143,1449.439,911.316192857143,839.106964285714,669.808892857143,657.822128571428,819.2894,1148.77447071429,768.901271428571,1053.01761428571,690.684017857143,1092.47663571429,750.647835714286,1148.30945,447.759321428571,779.757085714286,1244.02979285714,1285.78314285714,576.682095714286,716.298092857143,794.069842857143,660.424378571429,1753.78927142857,919.586985714286,816.567821428571,1460.65539285714,1466.68250714286,1119.22435714286,1156.91930714286,542.615864285714,805.274657142857,957.668214285714,1263.97496642857,589.743064285714,431.316921428571,630.202942857143,882.649778571429,786.794571428572,277.486035714286,502.728014285714,691.198778571429,844.42765,1027.06117142857,774.431857142857,975.994571428571,585.449307142857,926.480778571428,977.511292857143,978.232964285714,656.035092857143,922.275985714286,1283.19037857143,1121.42711428571,847.786128571429,696.913264285714,836.549614285714,903.52325,745.429178571429,983.504171428571,581.333292857143,784.491278571428,285.381842857143,621.075142857143,1065.85904285714,443.213364285714,415.23331,814.714096428571,1205.77727857143,814.397042857143,892.742742857143,1163.04142142857,886.275778571429,737.682257142857,961.028357142857,1004.99925,1053.99582857143,1013.90757857143,796.104785714286,1001.40977857143,987.021407142857,848.855014285714,1053.44868571429,912.37532,1010.05449285714,556.521064285714,713.111,804.395685714286,754.620314285714,456.467442857143,340.822828571429,831.762592857143,1115.25770714286,353.784007142857,813.096157142857,541.327978571429,631.192685714286,1162.2645,965.82915,290.599485714286,662.262542857143,475.253757142857,500.586408571429,1022.22270714286,376.011078571429,1170.98178571429,787.503507142857,682.857471428571,617.087135714286,846.743092857143,984.059514285714,486.131157142857,875.956020714286,426.319057142857,844.459914285714,1035.96748571429,688.487485714286,1027.9268,1179.25273571429,1246.31065714286,1141.54420714286,1339.04567142857,692.122842857143,681.11245,1151.67634285714,789.859814285714,900.692568571429,410.135312857143,843.335164285714,793.972635714286,619.572571428572,670.444914285714,540.286942857143,977.33465,1053.8628,1629.58118,1383.67043571429,761.756778571429,531.327921428571,667.741971428571,635.69435,502.795135714286,935.413485714286,719.903164285714,444.867878571429,469.657835714286,1313.29446428571,637.881964285714,854.477114285714,1051.11850714286,1493.93558571429,912.241892857143,1367.95347857143,1370.26506428571,1058.87370714286,962.962733571429,1001.8896,1362.72504285714,1177.53365,479.5676,481.801092857143,902.7967,806.397742857143,1039.465,945.265764285714,745.588428571428,745.246021428571,1161.97552857143,906.716928571429,906.560157142857,514.150285714286,732.774021428571,599.986514285714,1103.37450714286,1276.35164285714,438.051864285714,777.249242857143,561.480014285714,644.408964285714,591.955542857143,442.688807142857,614.761907142857,631.107371428571,912.980164285714,1201.24511428571,457.038492857143,782.272607142857,926.0426,236.033921428571,1008.26965,632.923814285714,921.843371428571,450.226671428571,446.103535714286,549.486042857143,769.291092857143,900.060585714286,1324.41525714286,610.23765,637.865321428571,1422.66512142857,995.816428571429,705.582171428571,1011.23262857143,1190.00282857143,834.031752857143,1112.53033571429,739.820192857143,739.294792857143,805.372292857143,842.875628571429,699.772928571429,409.965728571428,796.2273,798.44755,794.524585714286,1381.16717857143,943.743814285714,1019.72242857143,1057.86704285714,683.210471428571,673.132514285714,809.092657142857,630.921978571428,730.503528571429,781.990542857143,705.770105142857,568.697935714286,1025.8008,1198.23699285714,1106.74677857143,1309.74101428571,1214.41682857143,1394.06252857143,1011.98783571429,715.821857142857,911.80585,526.190692857143,1018.40695,522.636771428571,1012.85805,731.783421428571,1177.70409285714,671.119257142857,619.723842857143,664.549342857143,1310.68785,630.443864285714,578.26695,654.0955,603.097778571429,834.863078571428,1148.17455,677.794507142857,666.553378571429,498.661185714286,1407.19945714286,954.374742857143,566.351485714286,815.716778571429,769.435128571428,712.978691428571,957.196357142857,963.59815,885.824585714286,899.715964285714,1383.36297857143,856.409785714286,997.606592857143,495.611235714286,435.186535714286,857.423,1345.48971428571,1045.18199285714,923.754964285714,963.181436428571,1311.36243857143,652.591657142857,922.129992857143,733.763942857143,710.993064285714,900.036128571429,868.145235714286,1189.24439285714,647.396821428571,374.275128571429,570.320121428571,889.745585714286,540.745242857143,1115.64717857143,972.907706,361.4354,482.562179285714,641.030564285714,902.765085714286,985.788828571429,501.275507142857,696.873314285714,689.760734285714,949.136851428572,1079.93999285714,851.930457142857,970.225978571428,1101.74385714286,905.61055,576.500114285714,1023.05969285714,742.528471428571,783.203285714286,588.085028571429,612.801421428571,543.654828571429,589.771564285714,608.615642857143,471.613721428571,457.1333,897.605114285714,996.243892857143,627.36015,540.022464285714,526.93731,760.27565,821.569192857143,1072.11207142857,769.225792857143,934.867914285714,606.7826,663.207378571429,1032.38544,693.137542857143,841.63435,337.345092857143,824.166314285714,883.160485714286,923.076871428571,1079.78488571429,778.260628571428,609.957657142857,667.335228571429,861.3076,989.815742857143,549.164757142857,506.9284,1010.8802,702.225128571429,637.941914285714,423.740607142857,513.086578571429,480.729171428571,456.05775,464.994421428571,870.212835714286,1007.59731428571,1031.8653,704.518835714286,856.957635714286,871.704607142857,419.274586428571,1298.64021428571,1365.93219285714,551.326935714286,419.97875,685.810821428571,357.399127142857,339.376388571429,404.255621428571,510.813321428571,295.576521428571,432.982338571428,536.281078571429,1024.80262571429,768.919607142857,1548.59390714286,711.536541428571,832.635332857143,1076.18788571429,1224.76263571429,1298.21069285714,936.9121,399.823907142857,428.402792857143,429.356828571428,516.621945714286,558.932995714286,675.575142857143,558.389771428572,731.391714285714,1175.59098571429,1097.01490714286,1345.15413571429,947.164421428571,537.375107142857,1244.99489285714,1184.82095,1100.47855714286,690.171814285714,755.8741,636.673714285714,375.2987,705.507935714286,471.308257142857,718.770692857143,1088.41724285714,1052.85353571429,1308.50198571429,1109.79797142857,878.984635714286,949.446471428571,702.075671428571,1524.67422142857,1054.40663571429,836.735208571429,733.472004285714,808.5139,765.0672,446.052364285714,363.037285714286,645.581935714286,764.91205,583.070942857143,596.529392857143,682.855785714286,681.495792857143,832.5767,1199.41372857143,1320.54166428571,844.594728571429,538.507471428571,506.5392,428.338692857143,1189.30383571429,891.169342857143,753.958664285714,814.968714285714,612.547464285714,1626.44804285714,1056.53115714286,539.275407142857,378.2461,736.04475,1060.95653571429,731.763315714286,768.100464285714,768.009932857143,848.205158,887.320092857143,623.015942857143,454.198557142857,966.085221428571,1025.21003571429,861.727028571428,654.10025,550.650638571429,511.554378571429,386.650135714286,539.89305,876.063421428571,617.052528571429,946.729114285714,754.975585714286,708.690457142857,847.723271428571,741.304314285714,827.459057142857,521.152728571428,479.201878571429,582.466485714286,659.59275,679.646035714286,868.1043,1002.93087142857,723.714921428571,1014.83328571429,491.65185,771.402378571428,836.087057142857,420.41265,596.45675,625.352364285714,854.878221428571,809.603807142857,984.497692857143,1165.25812857143,1058.96091428571,678.118508571429,519.367344285714,873.112057142857,774.946664285714,562.032178571429,667.31945,501.011464285714,809.293442857143,694.595264285714,975.68295,550.326585714286,782.772471428571,714.938271428571,405.412321428571,711.4357,654.771685714286,567.101578571429,883.723538571428,863.695105714286,915.375107142857,1164.19291857143,478.65145,489.662971428571,562.8318,641.881614285714,877.414608571429,1045.94698571429,572.447328571429,457.211164285714,330.338642857143,725.232121428571,689.058464285714,873.187592857143,311.289514285714,510.191978571429,1175.23203571429,1106.04658571429,697.405407142857,857.776578571428,377.459042857143,1142.74880714286,846.950685714286,537.267714285714,469.365292857143,474.157807142857,530.791028571429,626.587728571429,813.375907142857,952.682521428571,1004.85665,447.442985714286,441.265842857143,1109.18305714286,617.65025,672.597228571429,781.911057142857,677.398707142857,786.62135,752.930135714286,329.818921428571,434.072028571429,958.573278571429,708.738121428571,306.729035714286,861.634621428571,936.7195,723.427128571429,768.181478571429,722.984757142857,430.04805,1060.35457857143,752.259815714286,989.393557142857,1192.00001428571,1292.41999285714,511.072014285714,1084.64185714286,614.995372142857,708.131514285714,716.651958571429,807.675457142857,735.363192857143,591.098307142857,1119.66207142857,1243.43926428571,863.706866428572,748.526142857143,1032.742,879.160242857143,883.929042857143,683.2861,531.883185714286,900.996485714286,1041.62096428571,596.238342857143,874.024742857143,579.49715,591.373585714286,374.998621428571,534.439621428571,1596.99197142857,1242.97717857143,908.484571428571,437.350357142857,675.036642857143,784.822671428571,429.393864285714,536.717792857143,514.28565,776.611814285714,628.424971428571,677.270485714286,538.043042857143,888.259021428571,819.202764285714,1386.95939285714,1501.44544285714,795.428778571429,992.028328571429,630.849535714286,779.9389,589.426557142857,1003.49572142857,601.484507142857,706.930378571428,719.920646285714,631.710721428571,1011.6597,380.56045,372.194671428571,601.3586,848.271607142857,387.577878571429,1123.69581428571,941.104792857143,1157.98475714286,1320.55657142857,1352.29724285714,585.333978571428,982.64075,902.828985714286,957.598714285714,759.168885714286,588.627764285714,930.390042857143,718.8789,348.61086,250.015222857143,619.16545,834.516765714286,836.490064285714,610.832557142857,643.733157142857,966.8117,670.9909,536.436507142857,509.8544,605.882271428571,944.399971428571,1071.85473571429,874.990677857143,1033.89351428571,1606.48802142857,481.325735714286,874.19215,710.915671428571,564.905527142857,845.927149285714,610.826771428571,713.016657142857,751.748671428571,1064.86212142857,886.8128,389.975764285714,401.559114285714,606.260628571428,330.153271428571,488.574835714286,1171.67667857143,1054.65613571429,828.726971428571,795.103085714286,476.772092857143,1315.72104142857,1184.70408571429,825.636378571428,1083.44322857143,1618.39442857143,943.056314285714,1003.32334285714,1026.15605,544.178264285714,697.4501,1244.4446,842.741007142857,550.526128571428,482.948878571429,621.1558,593.607792857143,750.418892857143,689.508571428571,558.3899,701.623207142857,628.309221428571,723.569757142857,752.840142857143,1057.94827142857,556.437071428571,773.557778571428,624.335864285714,500.084778571429,787.696435714286,578.644204285714,1057.60078571429,1001.63149285714,1002.12835714286,632.181928571429,812.588746428571,578.980264285714,882.651450714286,991.511471428571,809.098354285714,488.426385714286,949.977364285714,862.0174,1036.48524285714,1240.57440714286,766.443107142857,1139.06379285714,628.656828571428,628.424478571429,634.49445,444.502428571429,852.227788285714,489.794557142857,624.282335714286,1228.26064285714,524.154042857143,1018.84214285714,956.084557142857,961.532692857143,852.049242857143,545.020642857143,482.147031428571,768.224371428571,639.8158,668.995457142857,1374.88474285714,886.717785714286,880.964207142857,604.2344,856.275,712.498671428571,1019.97032857143,1024.61945,1230.84923571429,724.424314285714,924.324228571429,616.928164285714,523.929178571429,539.303178571428,405.02235,496.527821428571,747.154978571429,969.291592857143,832.043771428571,613.221771428571,799.302735714286,738.7335,693.607121428571,909.038871428571,540.513864285714,355.71837,490.821785714286,641.557535714286,782.916771428571,910.1161,750.5392,1233.66766428571,1550.27109642857,1236.16178071429,1145.12045,1040.46318571429,590.517257142857,748.648685714286,991.469257142857,1233.91284285714,900.165178571429,829.9461,588.043514285714,607.283542857143,654.404264285714,1241.41708285714,783.746114285714,707.091485714286,903.103514285714,756.996264285714,720.059357142857,1082.93304285714,936.1293275,835.993921428571,612.8581,949.190408571429,810.111121428571,911.461135714286,656.254564285714,651.56535,798.093078571428,587.582428571428,951.715021428571,623.465157142857,1209.27566428571,779.995907142857,880.385171428571,778.123428571429,1243.16710714286,1212.63173571429,660.536907142857,1012.69151428571,762.3626,290.399564285714,585.83255,720.388514285714,684.840628571429,1231.87212857143,725.022878571428,1087.75932142857,848.964307142857,627.54815,471.468785714286,760.148878571429,790.376178571429,436.481514285714,441.026171428571,830.985585714286,890.140845,779.401185714286,1388.32997857143,924.717164285714,831.819935714286,579.85817,623.151292857143,815.407385714286,953.208592857143,939.462892857143,856.125221428571,973.9569,639.544985714286,770.501242857143,1218.45067857143,1185.22372142857,910.920514285714,867.438721428571,1254.42586428571,979.859014285714,1468.26004285714,1683.44991428571,1421.67577142857,1337.29055714286,1312.25852142857,1056.88374285714,973.063342857143,1135.53031428571,848.015828571429,752.851921428571,517.057414285714,602.272907142857,567.612442857143,631.992957142857,860.505564285714,950.74485,538.440257142857,596.926264285714,699.656035714286,1084.84132142857,884.125792857143,845.220735714286,969.942114285714,874.578871428571,894.547314285714,978.982907142857,1316.77665714286,843.044114285714,750.4302,411.003521428571,314.688328571429,566.577585714286,1029.42328571429,867.98325,944.506457142857,620.921214285714,737.266092857143,1213.05213428571,1104.50823428571,880.00605,1459.85172142857,1041.49818285714,1322.79805714286,904.685007142857,734.513378571429,819.503221428571,503.8119,476.871078571428,447.422785714286,793.0087,837.62145,953.311342857143,1317.60180714286,893.376542857143,943.049885714286,612.051964285714,786.441842857143,765.961871428571,1293.72131142857,848.361078571428,1142.27927857143,1050.31628571429,729.83255,1052.65283571429,916.163892857143,715.2111,499.228421428571,1133.1223,667.395592857143,664.67635,837.247192857143,1021.10530714286,992.620614285714,833.042435714286,646.2968,755.831085714286,1092.4709,1076.91075,1096.72205714286,1020.71754714286,562.68645,998.706582857143,780.957121428571,971.599664285714,1241.36826428571,1047.24929285714,1073.54232142857,831.766328571429,998.793743571429,1059.21345,1238.62585428571,1137.58961428571,1011.77328571429,876.551607142857,975.091578571428,609.073885714286,333.871235714286,589.708857142857,984.670228571429,1375.02268571429,1174.96757142857,864.502628571428,611.114535714286,989.874078571429,608.4943,479.327071428571,646.124778571429,480.1363,599.975228571428,1283.08505714286,423.458207142857,855.122728571429,852.4815,842.390164285714,1398.20838571429,1202.54984285714,1010.67897857143,1201.99168571429,661.847614285714,552.361465714286,1237.04911428571,670.378064285714,549.407107142857,497.3956,1036.52547857143,1191.46630714286,570.710457142857,1023.10146,381.285542857143,616.289464285714,641.696885714286,506.494328571429,831.3406,824.796542857143,984.626492857143,700.441492857143,798.768778571429,778.875914285714,1761.17025,1001.78958571429,661.396921428571,794.74205,836.530821428571,634.471285714286,610.462276428571,915.681478571429,483.863607142857,692.342592857143,336.224267857143,966.998092857143,629.606585714286,772.627964285714,981.241278571428,842.919457142857,1293.30630714286,1143.1082,704.877892857143,579.469657142857,770.290092857143,1170.32117857143,915.109371428571,646.639457142857,730.313364285714,927.039164285714,627.8313,706.713585714286,546.222521428571,933.565921428571,511.560214285714,837.5901,785.462085714286,582.837485714286,1040.96245214286,710.345757142857,1208.96565714286,933.709635714286,1022.01148571429,611.226935714286,526.441212857143,997.981171428571,1410.48285,1181.84305,956.523307142857,632.268935714286,691.079357142857,1187.24723571429,811.003364285714,1215.83539285714,956.044414285714,554.398935714286,525.820835714286,364.823657142857,1560.07556428571,1498.76919285714,768.572578571429,847.020228571428,1079.53355714286,599.41828,847.003521428572,692.938658571429,722.897692857143,927.510027142857,606.342335714286,848.914557142857,1223.91335714286,1056.78400714286,822.611792857143,1199.23166428571,938.651028571429,1306.71105714286,1217.11774285714,1043.93852142857,1100.54325,365.621042857143,1526.30735,917.3625,799.240378571429,611.369157142857,518.454864285714,1014.92559928571,510.022742857143,322.09335,709.80005,384.135542857143,472.283107142857,564.909742857143,769.584228571429,1119.68303571429,861.161692857143,703.216414285714,676.184692857143,832.999928571429,1439.83327142857,798.4031,440.005535714286,564.019485714286,968.382907142857,947.381542857143,531.263064285714,733.06985,924.9333,978.71005,856.668707142857,689.370007142857,901.208677857143,1333.28418142857,924.382064285714,919.46175,660.433862142857,1075.68550714286,521.714815,866.188428571429,586.392042857143,886.007507142857,938.307014285714,1070.50530714286,406.182328571429,458.841328571429,655.065228571429,1016.03504285714,710.518942857143,884.685578571428,874.093107142857,1039.26227142857,666.380785714286,947.835757142857,754.9276,1173.80159857143,712.625748571429,1034.71659071429,741.872383571428,432.507027142857,472.813219285714,329.971659285714,223.26915,697.066232857143,709.587471428571,980.345135714286,870.484947142857,746.203507142857,509.609371428571,438.526692857143,437.853328571429,1000.66174285714,794.698592857143,703.22255,1123.62295714286,1024.83712857143,1443.55628571429,991.473558571429,668.947521428571,817.801137142857,575.7645,383.924914285714,871.254321428571,348.568785714286,325.479807142857,794.962078571429,408.312685714286,869.718507142857,593.970914285714,289.429457142857,380.278021428571,1094.32249285714,461.833514285714,985.74675,1339.88940357143,812.718314285714,576.959528571429,1575.88182142857,727.830935714286,908.904392857143,1075.43272857143,658.437142,608.873464285714,440.635042857143,595.125207142857,624.597385714286,990.289492857143,387.704749285714,1198.50898571429,1323.95993571429,647.064978571429,694.768585714286,857.342435714286,632.066864285714,752.829321428571,696.828821428571,858.716121428572,557.475257142857,461.303928571429,705.300864285714,1256.07015714286,1133.57707857143,658.05165,601.039471428571,509.513332857143,818.684992857143,773.175504285714,934.76005,517.742772142857,767.597228571428,730.77865,673.597771428571,229.799762857143,519.798664285714,673.726821428571,1023.11178571429,696.978568571429,1055.37265714286,970.418185714286,622.886107142857,507.105944285714,543.159042857143,796.709635714286,906.686585714286,642.18045,682.415571428571,1019.89122142857,1015.46197142857,966.464557142857,435.036207142857,609.072264285714,552.619964285714,500.41376,681.532835714286,679.958442857143,379.43235,642.008985714286,573.567757142857,849.64515,1033.58672142857,1516.92018571429,1009.41629285714,811.647721428571,874.046335714286,1187.85543571429,1268.8351,1179.59382857143,1275.13025714286,626.719657142857,1053.3041,752.170214285714,431.93485,306.590428571429,447.792985714286,885.251064285714,1058.56666428571,1022.48054285714,734.544407142857,725.151878571428,1204.02565,775.006332857143,1170.21326428571,547.017785714286,1119.29748571429,998.57725,501.556372142857,1070.40104285714,1029.15459285714,513.06905,541.596242857143,1310.71195714286,912.7511,990.558697857143,590.282107142857,1157.96514285714,1319.32887857143,1360.97770285714,631.846257142857,1053.57179857143,738.246828571428,568.419236428571,548.554836428571,317.531278571429,626.739135714286,1307.97258571429,573.708578571429,627.131978571429,205.180542857143,631.934114285714,876.531121428571,452.66235,712.785557142857,416.045992857143,638.943842857143,759.78885,915.195907142857,1125.53977142857,869.50845,1296.84677857143,1148.54801428571,939.0944,857.553342857143,1166.95896428571,984.930178571429,568.333865714286,1102.73548571429,721.453307142857,1124.53455714286,1207.19347142857,1079.04349285714,455.866942857143,1261.899,1160.68710714286,997.396714285714,1264.31905,1094.2742,814.331551428572,668.973565714286,596.444864285714,607.280621428571,656.111507142857,873.7226,1322.03493571429,617.5493,1019.40391428571,847.680735714286,1027.15647857143,792.407514285714,1257.7553,971.908807142857,982.28575,835.205114285714,1197.0205,602.248578571428,471.589971428571,234.9937,732.307178571429,406.482372857143,399.149228571429,767.052657142857,737.129085714286,994.748078571429,701.699307142857,922.601371428571,587.085028571429,739.899607142857,472.713,379.655721428571,870.671964285714,632.492664285714,592.297064285714,807.874671428571,1365.77610714286,483.367971428571,856.075207142857,817.70615,993.17435,901.823457142857,502.437857142857,294.716442857143,540.358557142857,382.148794285714,575.305621428571,305.721957142857,614.320285714286,636.602971428571,1098.93398571429,1235.5416,1181.40595,989.781042857143,855.884414285714,614.295702857143,577.883064285714,952.298121428571,976.165821428571,796.400071428571,425.993821428571,714.170671428571,646.286592857143,871.047464285714,504.025985714286,1004.46687857143,986.16615,1076.52592857143,1045.95074285714,337.600614285714,627.509635714286,431.046992857143,809.573471428571,957.951278571428,713.505742857143,876.447728571429,668.66525,689.003292857143,527.164492857143,498.03895,746.868435714286,658.776428571429,727.597828571429,935.530664285714,545.031214285714,635.245435714286,1189.6771,1089.53742857143,1256.08118571429,942.047035714286,1173.12469285714,1286.84863714286,699.271487142857,744.128504285714,915.51435,784.134771428572,669.325178571429,500.833164285714,395.183635714286,771.388335714286,1173.34331428571,901.092628571429,1043.37942857143,540.426757142857,330.124828571429,549.552557142857,686.532757142857,529.802257142857,673.457907142857,562.408814285714,327.403472857143,1238.2192,1250.17480714286,744.38805,777.240928571429,1091.75722857143,748.731378571429,845.667585714286,625.960457142857,878.723085714286,364.999407142857,627.176792857143,782.912907142857,758.802578571429,743.161414285714,752.964242857143,543.214242857143,801.132185714286,377.150671428571,726.49655,828.484678571429,995.254307142857,657.361628571429,859.453978571429,454.468957142857,786.493142857143,977.776914285714,1120.11891428571,1197.64479285714,794.359792857143,655.194105714286,1472.83587142857,1613.54042857143,1676.25204285714,1509.7764,934.019378571429,1125.56392142857,983.295064285714,817.153621428571,1008.56921,604.033092857143,460.956571428571,1114.17660714286,1122.6608,1076.52215,1418.09725714286,1161.70452142857,586.165092857143,1096.01125,1239.66109285714,1204.46807142857,585.711522142857,369.323,839.949471428571,564.06815,1286.41059285714,1064.40874285714,1161.31917142857,1090.12024285714,883.977321428571,1331.50835,850.614035714286,678.349107142857,837.099471428571,1492.2266,1888.51794285714,1155.04886428571,758.561857142857,1162.1948,525.4293,814.039235714286,896.606271428572,737.933114285714,1013.0411,1062.85737142857,564.94405,578.348207142857,481.267585714286,542.343985714286,560.338114285714,775.325142857143,515.84705,915.554664285714,686.899107142857,626.629592857143,729.701107142857,482.4449,481.019992857143,1011.79737142857,901.127271428571,754.258192857143,646.099492857143,747.770171428571,555.009385714286,672.839042857143,1010.49611428571,628.515921428571,987.103242857143,908.005457142857,1141.91595714286,1437.89697357143,1126.06155,1066.41077857143,900.251823571429,1223.5859,457.810078571429,673.658542857143,509.596142857143,1007.80715714286,816.242721428571,557.602778571429,777.482407142857,801.350692857143,944.357692857143,1032.17362857143,1211.84085,764.625792857143,570.410678571429,1522.75370571429,1265.40255,585.867942142857,1630.00272142857,1087.19247857143,984.3085,900.534014285714,597.235328571428,836.529435714286,324.906221428571,476.083634285714,771.729021428571,673.498164285714,1050.75322142857,780.917828571429,796.467871428571,814.7004,683.374387142857,665.58563,816.093442857143,782.387678571429,738.192942857143,774.135019285714,649.691771428571,1078.37102142857,1325.66447142857,854.8315,1119.18915,666.75205,860.6795,656.796957142857,1543.19567714286,1234.84792142857,633.92165,928.940421428571,853.078971428571,740.933292857143,920.1435,890.414535714286,1337.39239285714,1211.58817857143,1404.22030714286,949.055442857143,936.52065,802.433224285714,720.094182,618.756707142857,806.505657142857,1142.24386428571,1143.34536428571,881.569814285714,1395.39432142857,718.749657142857,927.265064285714,1362.69289285714,1289.23649285714,787.572985714286,1490.32602857143,620.796971428572,713.517114285714,875.337735714286,881.942871428571,778.578935714286,945.930671428571,1035.44865428571,758.922,1269.99562857143,1522.59082857143,1373.68450714286,1081.74527142857,758.482914285714,537.903457142857,894.414092857143,677.471164285714,874.875292857143,976.766485714286,817.680914285714,688.982107142857,618.948321428571,572.667492857143,752.431484285714,1025.44296428571,435.017371428571,1001.29623571429,537.725406428571,679.34035,518.065885714286,1069.37759571429,481.265057142857,401.995507142857,857.586942857143,404.53086,679.423942857143,416.662628571429,643.68145,535.517528571429,769.456085714286,530.706657142857,425.782428571429,947.380607142857,770.476692857143,518.250928571429,832.668507142857,1191.93248571429,1066.62697142857,785.398807142857,1302.50348571429,890.438914285714,797.836485714286,1082.91542428571,492.204364285714,559.465271428571,1272.98845,660.191335714286,781.253892857143,948.188524285714,908.039871428572,646.212378571429,792.391207142857,657.756664285714,756.28145,547.169635714286,691.360457142857,899.704385714286,743.897814285714,964.177092857143,921.5651,596.032692857143,725.469642857143,653.973207142857,326.184814285714,512.105664285714,799.208221428571,924.7466,827.105957142857,1390.28839285714,1056.36893571429,891.933528571428,593.806867142857,1084.16925,580.238221428571,784.5735,579.489121428571,907.063142857143,583.922642857143,431.676664285714,1315.01517857143,1004.18085,791.498914285714,690.6925,737.352507142857,885.124914285714,500.622785714286,306.976164285714,642.620728571428,384.778434285714,579.917221428571,619.921392857143,422.098654285714,470.332442857143,586.166642857143,732.099317857143,627.474575714286,719.6422,429.1763,343.466907142857,786.745514285714,536.990407142857,391.386585714286,689.142114285714,937.171935714286,675.0789,660.09565,747.915035714286,1365.76466428571,1289.19650714286,521.854497142857,973.879871428571,1282.13560714286,701.303664285714,813.764,429.607435714286,692.943467857143,883.022792857143,926.739621428571,483.51655,934.4391,789.172321428571,639.514092857143,626.823192857143,823.184114285714,1008.48731428571,997.856407142857,997.986371428571,560.3277,883.2034,1186.60959285714,896.59105,960.298382857143,770.699921428571,749.671021428571,765.238321428571,282.197457142857,1082.49207142857,407.297914285714,756.267042857143,538.566335714286,1302.02506428571,1232.68932857143,1156.28548571429,840.499485714286,876.934157142857,559.297864285714,1333.08369428571,734.409235714286,967.74869,1002.25409285714,491.873771428571,962.886571428572,755.770026428571,797.461247142857,872.607435714286,908.951207142857,976.219035714286,953.559907142857,719.766714285714,527.056521428571,969.779714285714,736.460435714286,737.520185714286,515.831298571429,621.664364285714,650.998047142857,649.085907142857,1401.3603,792.529735714286,858.828271428571,1086.58338571429,1378.937,887.034157142857,1206.42415285714,814.079807142857,978.121214285714,685.565864285714,963.484092857143,881.721578571428,548.002478571429,872.657228571429,929.310892857143,1097.9419,1472.40155714286,802.524135714286,493.112007142857,648.400643571428,689.915064285714,720.678357142857,907.404185714286,991.992837857143,761.044279285714,752.743891428571,985.133007142857,842.248264285714,818.702128571429,575.56636,454.731114285714,677.531957142857,809.053327142857,770.631364285714,483.150878571429,662.175214285714,768.838521428571,570.021264285714,913.805371428571,676.026978571429,707.51155,651.259571428571,500.371785714286,781.245764285714,1158.69992142857,1005.77392142857,737.000857142857,300.602321428571,505.280421428571,404.292228571429,629.003957142857,741.208142857143,732.319292857143,511.267892857143,695.38495,156.921595714286,945.924592857143,807.287835714286,541.619028571429,1237.98998571429,1199.84758571429,1322.58225714286,876.984614285714,1171.34459285714,597.049157142857,738.067145714286,935.221464285714,602.537464285714,477.804292857143,546.517157142857,766.518442857143,1060.73002857143,637.497164285714,1174.20543571429,964.703978571428,419.975071428571,863.019842857143,589.897821428571,449.962821428571,985.326421428571,419.250767857143,872.793764285714,911.132992857143,984.127864285714,677.978178571429,702.874714285714,479.398385714286,398.9538,511.040414285714,785.413842857143,816.354328571428,875.368328571429,806.454385714286,845.838742857143,582.32525,774.169542857143,661.180207142857,745.680707142857,866.967092857143,748.337865714286,545.11825,537.158021428571,1318.91018571429,694.988021428571,662.906285714286,1045.85697857143,847.337885714286,1259.42816428571,768.173757142857,866.886357142857,371.919207142857,529.841557142857,930.6341,818.849342857143,826.211892857143,321.456114285714,957.066378571429,714.426457142857,1073.41488571429,852.350378571429,1071.02565714286,554.607585714286,632.493821428571,1229.04875,1221.96095,885.053357142857,1560.22405285714,951.1251,650.81337,770.9516,405.788771428571,526.038907142857,1120.2093,944.330678571429,785.727371428571,962.590778571429,1373.06307857143,774.051659285714,388.934343571429,790.473078571428,405.496492857143,766.892271428571,1310.20040714286,1226.53434285714,1304.81368571429,1077.24353571429,1754.82242857143,1188.08812142857,1465.64692142857,1075.76125,672.496735714286,868.514078571429,849.782585714286,759.79915,486.624671428571,880.244228571429,656.722350714286,690.780378571429,718.279614285714,692.920364285714,951.7231,922.090762857143,1239.20363571429,1184.93507142857,1179.27344285714,952.896621428571,1149.87797857143,1010.86373571429,1171.10166428571,901.3512,691.450107142857,484.362402142857,1209.79070714286,472.761228571429,542.257585714286,419.935785714286,547.463078571428,1066.67194285714,1923.66642857143,1200.06534285714,681.201364285714,929.895985714286,532.896785714286,513.015271428571,924.678828571429,901.546635,811.884665714286,852.14285,511.370585714286,460.096164285714,803.129982857143,720.282164285714,509.5424,716.623071428571,801.728633571429,737.262885714286,681.139914285714,731.249378571428,1021.41982142857,1049.40477857143,939.376822857143,786.600678571428,888.057507142857,1730.16923571429,1750.93297857143,1137.94432142857,887.022178571429,505.664585714286,528.009892857143,1015.27840428571,1322.91057857143,817.99097,404.35677,577.645228571429,826.143978571429,1052.76313571429,463.959492857143,440.71695,725.084942857143,617.508592857143,375.335357142857,867.466485714286,1390.85262142857,1530.77119285714,806.534298571429,778.785571428572,693.430092857143,944.785671428571,1112.98786428571,641.322378571428,1108.82226428571,574.134607142857,866.605135714286,783.4019,675.252671428571,667.865928571429,1039.50289285714,886.646692857143,732.7457,694.8798,313.519714285714,1104.37264285714,275.777221428571,466.680821428571,1428.85917857143,1337.68174285714,1294.06073285714,1050.73347142857,892.6469,601.142614285714,324.730557857143,611.168082857143,645.3902,466.732821428571,828.1482,1347.51985714286,1163.47005,1023.74961428571,931.389321428571,382.683490714286,1145.31793571429,869.51418,639.621621428571,583.365120714286,522.289278571429,596.661085714286,723.245692857143,884.467367785714,799.448374928571,869.127792857143,790.014071428571,1041.73697142857,727.181871428571,999.998878571429,654.637621428571,999.64,1339.04321428571,838.586978571429,1029.24124285714,507.210664285714,405.409864285714,413.525224285714,717.867917142857,510.110764285714,944.408778571428,1317.54329285714,1440.14066,1361.49322857143,1206.13299571429,941.486728571429,585.693792857143,629.251342857143,681.736635714286,924.485064285714,1506.2508,837.046307142857,878.463471428571,792.488192857143,886.123171428571,759.62535,785.627042857143,910.118835714286,594.142842857143,883.310007142857,672.100392857143,1253.76705,1001.41602857143,737.036764285714,890.702657142857,887.608964285714,656.474507142857,796.997157142857,712.427764285714,1522.53154285714,1172.55865714286,794.730857142857,426.249642857143,1114.68779285714,828.511207857143,1200.46674285714,822.4195,1089.18784285714,618.691857142857,734.615965,588.893671428571,622.433771428571,449.697445714286,633.058157142857,862.388364285714,1046.52084285714,1203.91789285714,744.377128571429,536.916678571429,513.74955,557.283014285714,366.570221428571,580.357564285714,204.970982857143,396.02935,891.98205,605.604914285714,473.653921428571,567.670035714286,370.753337142857,883.364864285714,380.143621428571,879.200992857143,896.790185714286,543.457940714286,547.457418571429,1076.38795714286,974.0104,1672.91504285714,1639.94005714286,1236.75385428571,960.423278571428,390.648792857143,622.218778571429,660.352778571429,739.699435714286,271.0601,1072.46705714286,671.925372857143,1105.25985857143,795.462378571429,868.507228571429,632.765042857143,346.177121428571,594.74835,1010.15132857143,628.85045,681.490535714286,937.333372857143,935.656664285714,1471.57296428571,1160.47021428571,678.2904,874.227414285714,1348.95668571429,777.117957142857,463.607189285714,766.223025714286,569.709142857143,755.033381428571,974.323678571429,499.819221428571,616.547457142857,347.711528571429,948.163778571429,687.267992857143,696.260171428571,1024.25157142857,475.143785714286,520.561557142857,529.137035714286,1051.29698571429,862.322307142857,754.553185714286,1182.77445714286,704.727207142857,1038.32376428571,620.657804285714,668.682984285714,705.657878571429,930.310135714286,1242.94016428571,976.861292857143,945.977741428571,588.59763,1014.99417857143,1295.41015,1162.1646,1035.25284285714,1046.92355,1505.13296428571,970.858728571429,760.842071428571,755.211185714286,845.836285714286,867.531471428571,960.389071428571,767.172101428571,657.209521428571,686.55265,867.660235714286,852.531821428571,902.216221428571,583.025571428571,518.591907142857,579.3078,635.459553571429,615.491392857143,705.691662142857,743.772091428571,760.331964285714,740.025045714286,1222.45518142857,772.256364285714,577.129307142857,577.606928571429,1455.79876428571,743.488235714286,550.333078571428,788.120264285714,578.693292857143,494.145292857143,503.778057142857,543.562628571428,659.785557142857,1094.28253571429,565.930135714286,1078.80295714286,1553.45091428571,951.081178571428,1001.00035,859.3943,837.350371428571,762.796135714286,633.499278571429,629.704135714286,851.127861428571,680.972928571429,955.296435714286,1164.91667142857,868.328142857143,865.294185714286,928.426835714286,833.855671428571,1079.76087142857,577.3362,573.994707142857,847.629692857143,1069.77342857143,547.443407142857,748.947235714286,772.90025,1055.17359285714,515.4303,803.8863,900.718514285714,671.65735,903.307428571429,512.697157142857,293.424657142857,457.194235714286,680.4949,583.958214285714,1083.43847142857,1393.67326428571,984.594118571429,571.0972,933.6186,1055.12792857143,546.321142857143,653.317235714286,792.758271428571,1001.93743571429,1071.61663571429,744.578857142857,1275.61222142857,772.99295,925.6003,969.185528571429,798.853280714286,994.246828571429,819.059235714286,846.186628571429,965.176357142857,814.995114285714,1002.36690714286,646.595692857143,447.426885714286,423.2571,478.84285,1205.44934285714,802.7614,898.069651428571,640.060592857143,545.034928571429,1243.39659428571,1177.84050714286,458.275014285714,713.740642857143,528.671842857143,991.373028571429,747.433378571429,807.0264,790.317121428571,515.175857142857,730.475978571429,1508.73538571429,1254.54205,522.221328571429,1103.41066428571,748.641535714286,837.73085,468.740471428571,868.447342857143,601.761057142857,626.636742857143,577.658385714286,716.149471428571,846.876907142857,557.751585714286,546.059,769.552347428571,682.402342857143,925.679814285714,970.852552857143,1112.11952142857,1262.92438571429,738.740707142857,880.859464285714,943.509628571428,881.73685,807.4678,719.4297,693.81865,1156.59931428571,1654.38670714286,1320.63145142857,1561.82435,1160.47759285714,1401.23566428571,1553.24818571429,416.034757142857,890.095871428571,945.513607142857,1016.93177642857,694.289635714286,980.202114285714,829.026214285714,1004.45994285714,704.171142857143,1586.90212857143,1204.72611428571,905.708935714286,937.113278571429,392.953035714286,293.008585714286,1208.96415714286,537.742021428571,457.248935714286,950.018371428571,842.441078571428,917.957342857143,941.048042857143,1002.52456428571,562.799057142857,982.94055,577.88505,665.464507142857,443.371864285714,886.030764285714,837.189968571429,705.200107142857,749.191742857143,317.071864285714,737.456578571429,662.055564285714,563.086807142857,818.584514285714,656.176242857143,643.898785714286,847.586935714286,831.318335714286,1163.65424285714,1328.5067,767.363478571428,422.471778571429,415.16465,791.916271428571,515.972614285714,815.078178571429,1114.12445714286,1065.55414285714,920.3755,921.253121428571,574.658964285714,437.37525,1176.32821428571,997.864664285714,974.970607142857,685.255353571428,750.712907142857,1290.79831428571,1218.97293571429,532.85085,526.775964285714,649.558495714286,739.259635714286,636.119814285714,444.441228571428,795.600228571429,893.486821428571,842.176278571428,852.384828571428,720.65015,802.898842857143,442.34495,498.161792857143,817.253942857143,1181.76839285714,962.642085714286,176.272314285714,1128.32547857143,705.359614285714,656.365542857143,334.599,250.538914285714,647.319621428571,388.342671428571,338.825107142857,769.739271428571,1141.5215,586.452278571428,869.753128571428,1053.25856428571,561.865848571429,784.38108,854.273814285714,1185.99310714286,714.23055,645.806208571429,574.532728571429,729.872942857143,355.811792857143,401.541285714286,925.905957142857,681.6124,673.224085714286,978.893385714286,1020.27554285714,545.963885714286,1200.83528571429,899.320892857143,1030.40348571429,601.673682857143,983.5067,487.364207142857,525.496014285714,946.497964285714,1100.40845,1642.1093,1034.45861428571,1363.45909428571,805.477844285714,774.960321428571,1178.68475714286,953.428114285714,909.443028571429,668.754321428571,770.028385714286,769.553671428571,1004.96778142857,656.656307142857,473.972142857143,580.243992857143,970.853156428572,413.297407142857,955.066735714286,1033.61033571429,1072.30904285714,1093.95228571429,908.747442857143,937.156264285714,635.483578571429,339.036885714286,415.112414285714,783.207785714286,596.00005,712.148164285714,722.115271428571,1019.6277,410.394071428571,1214.65702142857,862.541971428571,926.311528571429,676.062035714286,702.382797142857,987.2376,579.194128571428,504.972735714286,640.399828571429,308.444015714286,571.812028571429,562.626804285714,751.367675,961.455,437.365371428571,658.041485714286,686.438578571429,546.752885714286,661.587835714286,582.77865,551.798202857143,670.852271428571,686.522078571428,513.844357857143,614.819385714286,317.831042857143,854.421464285714,928.090392857143,1117.68797857143,445.891792857143,427.509635714286,802.669921428572,981.303571428571,595.011778571429,966.337785714286,377.276085714286,526.772335714286,952.99925,833.884514285714,1057.27215571429,797.241362857143,641.180221428571,647.462857142857,425.840335714286,607.647028571429,985.898957142857,1081.52980714286,840.185657142857,1647.69895071429,1135.4601,903.668707142857,632.242764285714,655.636342857143,1024.97211428571,458.900471428571,761.465135714286,466.514928571429,529.494951428571,1218.56651428571,625.795892857143,990.591076428571,634.034047142857,439.120335714286,1368.16487142857,1106.06716571429,938.45148,1071.23936071429,1282.07517071429,1295.86653571429,1219.98569285714,1485.08776428571,737.983671428571,821.808071428571,531.673735714286,862.448185714286,1036.59947142857,837.716007142857,1224.71173571429,1153.93922857143,1190.12674071429,1021.84940142857,882.783542857143,656.561,899.835707142857,722.028171428571,493.963921428571,548.945085714286,801.741121428571,626.985857142857,881.155064285714,833.503035714286,1589.67877285714,960.5714,347.822478571429,663.142071428571,696.20915,599.179757142857,538.877078571429,789.699935714286,853.281285714286,1130.48555714286,1203.28952142857,667.913385714286,575.3937,410.302133571428,701.329342857143,732.535585714286,997.070335714286,1107.23952142857,972.003534285714,583.275528571428,1123.30920714286,825.034635,1487.87770714286,1125.86735,400.787764285714,955.052664285714,495.321028571429,451.161261428571,389.746521428571,904.879878571429,382.334495,548.63785,669.490992857143,767.811392857143,1129.48273571429,760.340571428571,1185.62357142857,1153.42933571429,891.053442857143,816.194007142857,653.755485714286,757.091857142857,811.4257,722.117321428571,819.884114285714,696.186192857143,529.335107142857,721.818435714286,839.048209285714,595.190178571429,825.927792857143,462.223935714286,423.9745,531.450475714286,788.138859285714,881.320322857143,769.937335714286,423.944057142857,494.161521428571,706.165371428571,1222.75349285714,559.644535714286,500.742692857143,612.03325,944.142071428571,1231.18895,973.7245,726.726254285714,481.515042857143,307.351735714286,433.4009,1011.46662857143,683.000447857143,674.487664285714,744.3183,725.391392857143,763.663985714286,786.625435714286,832.412592857143,790.127785714286,774.179064285714,679.256878571429,790.348257142857,665.528264285714,617.253271428571,784.559378571429,468.842992857143,880.7587,574.132635714286,832.486557142857,493.713135714286,339.857321428571,518.404878571429,775.029835714286,1002.52214928571,828.283442857143,808.183557142857,577.1012,737.419042857143,299.4244,665.223071428572
27.3877551020408,925.157252040816,1325.76839897959,738.588395918367,1392.36258571429,1604.53981530612,746.750424489796,736.545317346939,619.685114285714,762.807310204082,1370.40942653061,1247.30504795918,612.664257142857,943.874627040816,1056.68996122449,1567.6917122449,1343.84122244898,1073.42081836735,1524.30326183673,757.751189795918,855.166697959184,1026.59172755102,681.213083673469,781.869610204082,950.728857142857,726.790276530612,688.162764285714,1073.7228877551,636.896096938775,686.868345204082,703.273118367347,553.19425877551,414.191781020408,890.741363265306,1209.54862040816,920.2964,984.891048979592,791.404147959184,767.809984693878,685.511662653061,740.311023469388,721.266283673469,610.166459183673,1526.70225102041,919.523085714286,699.346198979592,1311.82441122449,1123.8838877551,1194.86853061224,1308.87159489796,930.512756122449,396.622925612245,1226.20677857143,736.371370408163,570.721115306122,837.698417346939,978.465893673469,1158.24688979592,1222.32071428571,1397.35021938776,1179.97771959184,1002.79422346939,907.55945,1083.4032377551,869.793042857143,602.392128571429,781.228323469388,1035.38307142857,1184.6106,962.66936122449,950.036607142857,1128.54805714286,442.493267346939,775.129195918367,836.623920408163,549.116833673469,516.439570408163,607.310397959184,685.996974489796,1143.9245,874.416163265306,679.294017346939,812.484844897959,785.038109183673,751.086670408163,739.946933673469,724.467736734694,989.200034693877,834.155733673469,696.807819387755,1647.33974387755,1133.73084387755,1135.17103632653,1009.53279368367,453.558825510204,499.007307142857,760.895651755102,464.397283673469,846.926906122449,629.965036734694,688.43307755102,958.740793877551,863.961393877551,1058.58235204082,1183.69954387755,1087.36745204082,1228.02226836735,494.787493877551,1454.76657040816,1192.82433061224,1336.39951836735,988.262986734694,1000.00341938776,1146.98495408163,933.262629591837,793.654303265306,1347.1758,605.654587755102,558.074403061225,1121.13607653061,1216.54561836735,685.942505102041,645.985994897959,932.21723877551,751.460171428571,740.654689897959,795.484909183674,812.451243877551,994.889690816327,1170.00704183673,827.775780612245,970.589359183674,858.537755102041,517.56802755102,252.696555,981.939546836735,580.183643877551,377.495184693878,1056.95737040816,950.912390816327,1203.54981326531,380.616894489796,382.190417346939,565.126843877551,393.905321428571,595.192406122449,864.444553061225,586.177371428572,888.189598979592,920.711075510204,1245.05026693878,1287.33496469388,1544.00526469388,699.114306122449,847.41435,664.315424489796,709.878729591837,886.031928571429,1112.28879693878,976.274444693878,719.765316122449,993.62681244898,982.892069387755,617.118535714286,921.928906122449,843.176820408163,822.703225510204,745.784516326531,716.09912244898,814.089406530612,271.800378530612,648.500969387755,1121.74084591837,1211.05408367347,933.115775510204,1327.81077755102,918.058362244898,775.863034693878,1067.83756326531,360.734406122449,828.559187653061,828.849780918367,990.236398979592,1105.36456734694,1341.98418367347,1160.56976632653,844.067013265306,869.2905,426.988545918367,475.480147959184,759.341966326531,562.8054,876.516942857143,1150.85414897959,1550.07002653061,592.032878571429,628.927280612245,613.233687755102,748.02673877551,851.077466326531,400.162355102041,915.931971020408,365.535379591837,632.216432653061,694.699608571428,1081.03594489796,949.318734693878,1090.42313061224,1066.73100408163,713.751971428571,1203.77837040816,1220.70261122449,1200.17202244898,1204.53421020408,1237.98837959184,861.570142448979,1166.09762040816,822.599406122449,1074.03288469388,903.680719387755,1089.59833163265,1049.10908591837,1057.76266632653,1304.20539795918,781.297263265306,863.033151020408,775.409765306122,799.158763265306,986.437432653061,723.991516326531,733.258121428571,819.865025510204,1353.89889591837,524.424195918367,790.00528877551,680.401696938776,465.628529591837,930.321007346939,759.802717346939,375.855276530612,768.354341836735,808.699374489796,847.845729591837,602.166131632653,1443.48225204082,1189.68230214286,1035.47694183673,1042.83116530612,1046.6606244898,624.992474489796,655.859049285714,540.208925816327,974.465142857143,1134.44783877551,1267.44393979592,1208.4688,1466.67190408163,715.404253061225,1104.32206428571,832.074682653061,980.168963265306,1020.62817959184,612.846089795918,682.262920408163,795.236922040816,794.748091836735,770.490491836735,876.278659183673,1023.63850612245,725.494895918367,1270.29121734694,350.518816836735,680.725568367347,1270.53978877551,926.956683673469,1113.67315816327,920.974344897959,1323.51262142857,1207.4569122449,857.904584693878,1126.09805510204,895.10075,1002.25221428571,1134.95908163265,1102.08301326531,1278.1320877551,1034.66891408163,775.173190612245,800.291739081633,1067.72867142857,866.563675510204,580.991032653061,622.200342857143,933.737208163265,987.588812244898,838.106337755102,388.626145918367,784.571283673469,1181.89886530612,847.09613877551,526.359264285714,426.25669,917.698805102041,1145.58996122449,1118.96445816327,945.118167346939,836.289059489796,755.132256734694,443.204339795918,434.97711122449,402.208386734694,984.652102040816,593.345133673469,777.492051020408,764.035594897959,1083.29905612245,1076.66124693878,764.216386734694,1072.84025306122,1055.87201632653,625.260870408163,695.920256122449,1314.20090306122,1540.51220408163,1034.7962377551,711.555705102041,661.679731632653,649.309482653061,1012.58644183673,1170.78149285714,888.755913265306,474.694140816327,948.519330612245,931.444164285714,988.951924489796,716.348763265306,389.466885918367,506.05753877551,578.157112244898,611.487358877551,669.851526530612,696.313404081633,941.538801020408,1322.63531938776,821.216043877551,976.27426877551,740.412519387755,773.823845918367,684.200339795918,893.271308163265,583.78423622449,1009.11567040816,1005.08558265306,581.192635714286,725.321525510204,866.405733673469,925.736319387755,777.901780612245,773.035137755102,935.692662244898,1352.83372959184,1352.00670408163,742.354783673469,586.065106122449,810.959217346939,957.03842244898,1082.83866632653,1032.8803,926.970359183674,756.740656122449,538.480064081633,814.304932653061,806.714906122449,978.935926530612,1136.09921632653,683.923354081633,688.813159183674,791.688841836735,679.222642857143,896.516742857143,1057.77227346939,860.099512244898,923.545539795918,896.670365306123,1006.29361632653,759.637082653061,612.750557346939,922.823020408163,995.628247959184,1289.27795102041,964.547167346939,592.340245918367,618.426373469388,448.660343877551,554.848880612245,797.551817346939,659.640724489796,614.910616938776,1477.94895408163,1029.5066244898,997.600768163265,1000.72096040816,1110.61036632653,876.371502040816,978.314560204082,1190.04998265306,1058.34728877551,540.546962244898,703.180036734694,804.711271428571,965.91943755102,954.068940816327,847.210690816327,839.765159183674,1192.70833061224,852.459620408163,762.706342857143,807.573859183674,504.386406122449,822.111397040816,649.022260204082,647.156907142857,1049.20207346939,1435.14628673469,806.065478571429,613.922000816327,421.72487755102,626.69601244898,768.493812040816,1237.88310408163,1463.07674897959,1144.90368265306,977.250426530612,612.253810204082,994.890257142857,1333.14901020408,602.79163877551,728.224201020408,579.813180612245,1036.53037897959,963.614940816327,577.951726530612,1128.44785,1233.05992040816,1046.53236326531,1016.33591428571,970.72977244898,575.91866122449,718.48772755102,592.360624489796,922.748413265306,812.502789795918,1134.02866836735,484.72883877551,727.737520408163,663.011616326531,786.099337755102,1105.04561734694,970.868402040816,1365.32266632653,1761.75806530612,1273.85448571429,783.917167346939,840.55106122449,1090.92181428571,1322.11418163265,1275.97108591837,1146.72443061224,1194.07343061224,964.417544897959,1152.55095102041,856.252957142857,950.525890102041,1209.34976530612,1175.65953877551,909.982662244898,889.66001122449,680.233526326531,477.093848979592,566.721114285714,1102.45106428571,1575.10828571429,1419.03103061225,1099.04199285714,879.250960204082,765.634805204082,547.702455510204,813.793292857143,482.706809183673,669.864473673469,789.911224489796,1148.42426530612,545.643048979592,834.167694897959,655.170458163265,1071.10003061225,907.181094285714,1418.8218377551,753.161923469388,1079.73381938776,917.074133877551,726.227585714286,561.281385714286,714.729159183674,873.165615306123,595.454310204082,563.621285102041,1110.10053163265,667.687657142857,518.09921122449,735.426662244898,586.953182653061,604.64711122449,947.903908163265,1347.65888979592,843.637333673469,669.671765306122,1165.70590204082,1091.64541428571,1074.57675408163,835.215183673469,1173.24268367347,677.351241836735,893.712208163265,901.825941836735,418.08373622449,668.46062755102,405.014412244898,417.148282653061,1045.22239081633,752.521241836735,1011.64874591837,649.888621428571,980.902003061225,1212.65167346939,751.092404081633,953.532723469388,591.769905306122,848.634223469388,635.676723469388,672.501808163265,389.522356122449,851.535090816327,621.103489795918,743.974192857143,1082.14657346939,1174.92906122449,1175.35146122449,1332.81512214286,770.276162244898,709.448716428572,330.769968367347,344.971569387755,374.440635714286,507.837290816327,805.578523469388,1745.19653469388,934.831971428571,626.86632755102,415.67207622449,1100.98651734694,685.784009183674,1323.3507744898,561.99110744898,549.87412755102,539.325646938776,622.194802040816,521.905154081633,498.630895918367,1306.66855714286,812.256282040816,725.607932653061,459.639803061224,516.722733673469,1097.85254387755,1071.08685408163,514.911691836735,687.729920408163,870.650856122449,1159.97520897959,1128.16495918367,517.400278571429,872.507489795918,729.331782653061,1269.6215755102,829.338810204082,664.65801122449,847.456551020408,473.934973469388,635.568986734694,569.422876530612,609.826258163265,667.454434693878,371.527557142857,1459.32557959184,1035.70471122449,466.763317346939,732.854526530612,1572.25276530612,1169.95805918367,877.252930612245,1425.50110102041,1463.15732142857,1215.90630816327,1086.39129989796,644.505710204082,732.452415,727.072190816326,774.251758163265,970.314744897959,816.865753061224,870.190743877551,987.017793877551,1003.44460714286,989.251581632653,870.693646938776,1655.32089795918,954.227196938776,1487.0845744898,1177.98614693878,847.083812244898,828.197274489796,599.891992857143,632.014898979592,929.351313265306,1024.81139387755,1022.99103673469,620.668043877551,936.048493877551,726.861045918367,456.895223469388,647.32917755102,345.391457142857,963.868368367347,1265.93237040816,256.155593877551,1161.24743265306,343.208085714286,466.298073469388,423.871670408163,692.740945918367,607.121031632653,692.424604489796,885.5434,1056.7331377551,1170.86186530612,1228.20829285714,816.128170408163,1034.19727857143,1187.27082142857,1190.99385918367,713.460641836735,742.152069387755,1072.51482857143,379.252323673469,947.342883673469,666.553912244898,417.683982653061,1102.61351428571,1113.76716571429,1444.64457285714,1169.09754285714,938.139451020408,739.303599693878,1420.13950265306,688.282210204082,953.518419387755,1267.86361428571,1018.27780142857,1341.28346428571,901.354402040816,385.719431632653,530.751784693878,925.330306122449,989.321836734694,870.003106122449,1066.49894081633,1262.36430612245,656.886196938776,724.67082244898,688.864009183673,718.654397959184,562.014375510204,815.989745918367,1090.38348673469,649.865571428571,792.241628571429,845.082173469388,760.81337755102,643.671752040816,1120.87930102041,1074.65086938776,1301.35797846939,830.667584693878,999.220212244898,1002.2601122449,992.670545102041,714.739954081633,939.125426530612,916.320760204082,779.736023469388,319.615459183674,733.133037755102,1946.47093061224,857.733206122449,919.711615306122,1007.40087653061,1020.61156938776,808.50637244898,1158.44856428571,706.562939795919,544.750084693878,709.997513265306,786.97362244898,797.185584693878,646.16842755102,857.520348979592,824.390448979592,616.981464285714,1149.56794285714,889.693304081633,934.848657142857,1086.86729214286,1630.52045816327,875.639566326531,1308.34957346939,884.693773469388,1239.33056836735,1112.52144183673,1215.79889755102,1067.1977744898,1093.30118265306,880.171957142857,677.332313265306,958.581732653061,1213.06266734694,1080.78754081633,1598.27637857143,1386.94218673469,1173.36627,1133.15402653061,1072.41195612245,1276.83214795918,1202.53523959184,1038.48273979592,1374.22778061224,844.495541836735,624.969019387755,1020.98403163265,507.260315306122,649.152182653061,979.960671428572,637.653334693878,784.768583673469,1051.46314489796,1080.81812755102,833.862209183673,1454.05086938776,913.141483673469,862.133348979592,643.384714591837,702.217707142857,857.473479591837,651.248693877551,690.982646938775,905.961581632653,868.229765306122,423.362164285714,974.650845918367,1007.37876632653,782.325344897959,1631.93044102041,1211.55175,1352.63957857143,944.530480102041,884.6225,545.386203061224,790.552114285714,716.191856530612,978.30352244898,821.740327551021,646.50703877551,962.914291836735,535.980966734694,329.147542857143,541.760392857143,453.470934693878,654.909905102041,696.375964285714,784.667787755102,791.38885,741.086854081633,482.468202857143,701.96873877551,708.459651020408,522.324391836735,843.248978571429,899.237036734694,648.787958163265,466.025181632653,897.788121428571,723.928028571429,1489.14389285714,1154.2498255102,1202.58128367347,734.587073469388,553.217680612245,1025.38138877551,617.573638367347,1226.46416387755,953.282756122449,1289.93441632653,1083.95054081633,866.455109183674,1040.55964489796,1244.68133673469,1062.41004489796,979.304743877551,837.363458163265,730.857307142857,518.385779591837,562.580835714286,879.852410204082,859.94075367347,858.177096836735,676.807988673469,494.715671428571,626.343993877551,1012.59027959184,664.015008163265,719.509998979592,995.87961122449,1248.19297244898,716.568181632653,1051.45113489796,646.577173469388,876.553263265306,684.457505102041,1322.67116020408,935.356919183673,826.813785714286,497.458679591837,632.486345918367,897.813566326531,837.950540816327,1045.89072693878,820.466963265306,866.831212244898,949.019025510204,1311.19977653061,1395.40645204082,450.310206122449,318.720258163265,694.097660204082,814.182597959184,545.325658571429,634.078492857143,799.648502040816,653.689029591837,780.240433673469,862.014542857143,727.859637857143,825.235831632653,923.720710204082,688.647793877551,677.362373469388,1127.66412244898,1114.42588571429,782.173178571429,714.547620408163,1558.3459,1253.25130510204,666.746959183673,440.414446938776,709.439944897959,1087.80091836735,571.828175510204,820.295826530612,687.092145918367,642.4594,768.562786734694,1166.12303673469,1062.1961,1322.83244489796,837.662737755102,920.030792857143,1215.72296326531,982.797120408163,893.541679387755,1066.77108571429,1287.32772795918,973.120351836735,1566.2204555102,454.119528979592,922.559587755102,1012.19086632653,702.772580612245,1276.59183367347,982.396987755102,1163.8884622449,1313.90770612245,659.745478571429,693.626893877551,935.77623367347,1210.27153571429,868.104592857143,419.327895918367,412.267095918367,826.220616326531,808.861916326531,1018.79604285714,1022.72016428571,448.643615306123,630.883631632653,679.02068877551,450.744054081633,883.680536734694,727.094312244898,1060.12734591837,1051.14313265306,1208.77221734694,1134.94580204082,839.409564285714,767.853657142857,686.422607142857,950.384504081633,683.844732653061,890.583218367347,823.576439795918,1233.04295102041,1160.69432346939,544.596491836735,861.064197959184,298.587219387755,799.017743877551,685.032214285714,781.087354081633,1045.92765408163,943.71632755102,960.265070408163,691.731195918367,918.771636734694,1070.5948755102,1084.33406306122,1158.06041938776,1326.56800102041,1223.18244489796,1074.22041020408,1447.69885,845.174266326531,971.035664285714,1236.33829489796,1020.19208061225,868.083547959184,484.351564285714,830.722104081633,1220.19913673469,1326.36822755102,1213.14025306122,774.000383673469,1042.02155714286,1256.28854918367,861.126851428571,931.822076530612,630.454796938776,941.634903061225,1384.70007142857,1450.71929979592,1409.11919979592,1050.5993877551,746.670255102041,951.679828571429,1130.26441326531,1019.61861020408,1297.87738265306,1261.05816836735,567.974703061225,918.858708163265,691.04408877551,714.678314285714,581.96792244898,754.366478571429,619.014931632653,495.107098979592,1260.52053163265,975.798465306123,802.954924489796,673.860515306123,1204.44645510204,831.961792857143,589.656691836735,641.383804081633,915.677842857143,1087.58474387755,1115.69234489796,646.069463265306,1102.27889102041,769.965121428571,850.050016326531,745.352812244898,883.279409183674,763.178310204082,1055.63680102041,1063.94224693878,923.332158163265,801.609446938776,587.364657142857,895.726042857143,837.304240816326,679.495025510204,634.028508163265,1009.33567755102,721.113515306123,570.7902,1038.99846122449,956.491288469388,787.196948979592,853.873008163265,1000.48539285714,717.036585714286,544.964319387755,916.177136734694,711.505714285714,534.40213877551,1064.36098469388,1134.21271938776,1134.54680306122,888.740864285714,1039.93867346939,885.698312244898,1348.34587653061,811.354313265306,673.505155102041,1053.86338285714,929.268785714286,1151.68103061224,957.438728571429,667.823925510204,394.833506632653,829.168209591837,844.80257755102,987.142808163265,474.872266326531,500.227856122449,645.733136734694,1161.663385,550.097266326531,837.187604081633,957.31848877551,737.726120408163,991.465187755102,1290.71130510204,1091.18435816327,351.095054081633,487.511430612245,1007.43456632653,1577.43850102041,1068.48038265306,1023.10416428571,808.29613877551,486.438564285714,901.997471428571,654.896945918367,576.596292857143,648.076816326531,541.146834693878,1067.15320408163,1206.24409081633,1034.87522959184,515.667296938776,1599.5863755102,1241.98681020408,1064.86264061225,1460.41540918367,1050.45945193878,979.868459795918,964.513612244898,662.732657142857,653.781674489796,893.94704755102,1064.67066938776,979.549816326531,1121.73040306122,944.343165306123,1063.45839591837,662.050583673469,616.61317755102,883.196742857143,687.900571428572,509.484185714286,498.561289795918,926.710432653061,723.198092857143,1235.53156020408,641.178449795918,919.783764285714,777.554121020408,603.287751530612,935.542340816326,825.16242244898,788.466996938776,715.515936734694,903.424987755102,725.572020408163,1025.98012040816,981.909871428571,1227.88992959184,1086.99759795918,1148.72560612245,1191.02846938776,1033.20618163265,866.372245918367,979.526470816327,789.019706122449,1010.30133061224,833.275071428572,572.300925510204,878.261551020408,1562.88067142857,1017.20722346939,879.573759183673,1023.68239693878,1101.73826289796,526.654681632653,672.840684693878,1019.74648918367,581.713817346939,609.083397959184,883.678646938776,679.908584693878,1352.98869081633,1315.8663855102,999.313105102041,884.936965306123,1102.66039387755,1072.35943877551,1030.70326632653,713.926112142857,502.582297755102,1159.29230102041,1615.75081122449,539.346442857143,1156.90391326531,608.516645918367,595.935244897959,895.260841122449,785.148913265306,1026.02604489796,971.774409693878,984.294211020408,1337.30628265306,701.505053061225,1524.2281755102,577.079325510204,589.798743877551,1190.6201,970.864396938776,939.505492857143,664.082603061225,595.905291836735,698.558097959184,764.540865306123,876.235694897959,1132.16287346939,939.372704081633,1046.04092142857,1520.30465918367,1475.8028,857.971428571429,1056.52196020408,555.846468367347,705.538992857143,739.271055102041,897.079258163265,1323.86156326531,1260.51575714286,1164.37895102041,957.033329591837,1072.02366326531,959.889480612245,1053.14797346939,400.213763061225,652.519424489796,679.89232755102,727.047658163265,697.244101020408,679.566863265306,1061.28117785714,1336.29161938775,789.304329591837,657.408673877551,868.529744897959,1206.32614081633,485.825775510204,1200.63772755102,1215.10714897959,1494.14385612245,886.894965306123,768.115170408163,1338.93521734694,936.110129591837,564.10993877551,754.821458163265,737.860510204082,691.246004081633,954.911662244898,944.339413265306,1052.35046122449,1083.09192857143,883.408103061224,596.465982040816,670.184118367347,951.006835714286,482.222184693878,1368.92188979592,611.755164285714,1096.07304285714,761.157417346939,1143.96412040816,652.521997959184,590.273923469388,1099.28279081633,753.877886734694,524.430593877551,882.475270408163,582.233010204082,550.633280612245,606.305758163265,654.736695918367,972.22003877551,824.006703061225,958.793290816327,644.980575510204,844.391095918367,1093.96618673469,898.980370408163,864.77632244898,879.533411428572,1070.92090887755,803.609581632653,684.951424489796,858.560791836735,735.007786734694,989.309759795918,863.023554081633,780.855824489796,760.947017346939,749.705106122449,487.359805102041,669.293539795918,825.866447959184,932.240508163265,715.77073877551,937.996559183674,860.833012244898,765.601166326531,506.644516326531,758.637508163265,862.585044795918,816.466286734694,759.175717346939,798.424166326531,783.955016326531,730.957435714286,1118.18694285714,858.947859183673,855.494363265306,1223.15112142857,809.216114285714,1425.9665122449,787.54491122449,929.961464285714,617.559640816327,756.455510612245,678.248641836735,644.249517346939,1546.73596428571,1087.28134897959,1108.34332142857,1036.04868571429,814.151459183674,927.267219387755,746.036020918367,713.824341836735,987.58728877551,1285.50984489796,1276.77640102041,881.008955204082,1100.81860969388,1112.70361030612,1544.57970346939,1269.38274693878,975.954667346939,722.145602040816,901.113445918367,761.978978571429,750.558398979592,462.449592857143,440.610257142857,431.089819387755,603.106398979592,837.919960204082,1459.88590408163,1171.77237040816,789.148063265306,624.329084693878,631.912467346939,757.860821428571,752.334456122449,1236.67045510204,629.276453061225,393.103375510204,702.177244897959,996.089064285714,796.422397959184,1435.74579183673,1108.89066632653,1175.83210816327,658.37643877551,956.338142857143,744.898348979592,847.083967346939,786.796371428572,1100.8330227551,1325.63478163265,1017.81511938776,751.244679591837,480.449963265306,1080.8888744898,1040.41012653061,911.488124489796,936.056795918367,681.496347959184,939.456489795919,1287.45582040816,965.281806122449,617.347597959184,954.485608163265,435.361841122449,447.112270408163,346.249450204082,345.957919183673,378.814137755102,386.058950204082,1080.12125714286,1283.53469285714,1262.79545102041,1120.86423877551,1065.97675204082,792.688995918367,1039.45551061225,1147.66306326531,1207.30419,558.237314285714,238.284716326531,787.694062244898,611.528202040816,870.433409183673,757.953698979592,1769.15906122449,482.643069387755,901.573881632653,1357.96164081633,792.819290816327,896.824504081633,1132.22774693878,1468.38321836735,894.794602040816,598.11112244898,681.182165816327,665.770828571429,853.024207142857,520.244806428571,807.12503877551,720.221755102041,550.236478571429,616.400205714286,1168.23962346939,470.489886734694,1133.49888061224,852.947244897959,1008.97005612245,707.757392857143,462.207178571429,1178.57283367347,895.254416122449,860.428949795918,1003.90523877551,805.931844897959,790.790881632653,1128.29240918367,1025.56657755102,640.116325102041,659.39866055102,877.30094244898,1028.76225102041,961.455353061225,996.313702040816,655.192269387755,724.719851020408,1103.70518979592,1304.43693367347,905.398733673469,1379.28486326531,1246.42558367347,927.444341836735,1214.34208979592,1719.36749183673,1027.86652040816,783.981008163265,499.494668367347,1096.29768673469,908.744380612245,876.335353061225,629.356845918367,1039.03406836735,376.35717244898,767.604436734694,741.324628571429,925.543326530612,1199.86639387755,1254.24590816327,1253.05845714286,1126.42329795918,2070.76528061225,1127.3438744898,1049.01653673469,1575.56408877551,1442.22253571429,1186.95084897959,1549.16336020408,1022.78266428571,1172.25446428571,970.601458163265,760.149964285714,813.44053877551,572.806564285714,604.551760510204,476.162492857143,661.364156122449,336.890807142857,721.302410204082,1284.68875897959,956.794309183673,1258.04839693878,1219.03104489796,901.719224489796,884.101646938776,959.610294897959,1572.59351938776,1103.01680408163,886.7849,766.901347959184,1047.31796326531,1248.8132494898,694.421818367347,839.010697959184,1297.48063265306,1041.12152959184,473.494745918367,515.149568367347,855.776558163265,1288.56016530612,682.964171428571,926.327574489796,538.921007142857,622.026313265306,983.741021428571,481.981976530612,826.714536734694,695.414394897959,443.14077244898,481.749802040816,914.60427244898,1238.89439693878,558.348459183674,884.653123571429,1127.90303765306,938.896509183674,923.065993061225,906.437078571429,914.788717346939,918.088073469388,1105.89310612245,1561.97733877551,1112.52051428571,1439.14284285714,1011.13393571429,866.194515306123,692.274217346939,667.399132653061,1018.86276265306,830.596332653061,718.017932653061,717.559054081633,1083.96409387755,1111.76027755102,973.952545306122,1226.28922755102,902.686095918367,589.735537346939,917.748407142857,713.095874693878,721.915629591837,477.064044897959,513.452833877551,561.747994897959,626.572720408163,411.923495918367,436.793682653061,868.594944897959,507.033728571429,986.075703061225,916.959028571429,893.214702040816,943.955230612245,510.712015306122,922.525168367347,995.062640816327,1005.15774836735,258.238510204082,323.990984693878,1090.93346326531,749.963362244898,1058.91270408163,1275.91934693878,941.47543367347,1141.56888877551,503.831562244898,1262.65897653061,1151.8566377551,778.152073469388,582.029997959184,818.707829591837,593.789480612245,957.808230612245,931.227265306122,1312.45367653061,480.5519,679.942229591837,537.5999,320.675314285714,438.877771836735,1217.99720816327,827.888946938775,814.490037755102,1057.37720142857,1239.98066734694,891.659554081633,1032.04240918367,549.23307755102,800.442856122449,925.169958163265,909.008496938776,1016.61720408163,562.18422244898,900.837266326531,893.247259183673,825.087948979592,590.031952040816,400.749323469388,1289.3572377551,1034.72860918367,1014.4823877551,1340.69055918367,604.487718367347,1110.07683571429,850.411114285714,982.759770408163,1139.50274795918,1080.19654897959,1049.35969897959,908.879885714286,1125.17824081633,792.774794897959,1070.93040816327,696.500395918367,797.452278571429,563.173863265306,735.970130918367,1654.08625510204,947.762793877551,619.07222244898,959.025552040816,641.14148755102,1057.84556530612,729.637026530612,1209.07950612245,1238.75918979592,1174.8404244898,622.484305102041,840.692358163265,1131.20108571429,799.054365306123,713.18838877551,1188.68066734694,600.665248979592,853.452141836735,1198.57499591837,1096.94270306122,1291.32910408163,849.67532244898,804.535797959184,679.68082244898,859.915195918367,919.065180612245,862.448574489796,824.209482653061,1328.3821377551,811.383716326531,902.762831632653,934.267125510204,986.827331632653,817.437984795919,694.00833877551,1022.43765510204,1088.44201122449,757.14967244898,488.369810204082,1370.54593469388,921.725387755102,531.097153061225,964.499149897959,420.669359183673,998.915787755102,690.860965306122,1272.02914734694,1003.85637959184,1196.66667857143,1250.93250102041,1061.32498469388,994.929175510204,549.352818571429,740.824297959184,343.767630816327,554.15786122449,361.239816326531,1088.31286734694,1135.96738265306,1024.66265306122,707.019524489796,1500.33064795918,1396.65571836735,1105.14895714286,676.208095918367,900.291445918367,946.523181632653,941.90228877551,789.507142857143,927.913110918367,1072.53467244898,565.608305102041,965.488314285714,1204.69566020408,1084.27955714286,1098.60758673469,1230.44562040816,721.046897959184,426.466666326531,932.980903061225,1183.90280612245,1482.54096387755,1281.48234693878,1279.06764081633,990.952517346939,1013.19338367347,790.600264285714,632.02511122449,1105.89731540816,1075.58379591837,562.554713755102,906.604410204082,306.093666020408,1094.8364244898,648.520060204082,927.195019387755,960.98602244898,1110.9988755102,967.13492244898,1068.19797755102,925.227578571429,848.867069387755,493.677574489796,793.19333367347,574.13256122449,481.267739795918,723.971282653061,789.357110204082,728.768856122449,1070.52434285714,1563.35600510204,853.896340816327,939.929932653061,1306.62886020408,905.792816734694,764.764385714286,563.068012244898,928.092455102041,1150.19996836735,885.978140816326,676.983591836735,873.926321428572,713.520782653061,1084.19625918367,556.380106122449,473.419135714286,788.437331632653,472.756224489796,792.596392857143,737.173791836735,800.717236734694,670.141705102041,893.851615306123,939.127570408163,826.729770816327,833.66845,944.120314285714,391.841573469388,772.513609183673,657.078686734694,613.284225510204,843.837340816327,954.084710204082,934.173115306123,944.337609183674,1070.72985408163,679.226478571429,1229.17920612245,1089.64669285714,772.031841836735,826.864789795918,982.522047959184,1173.58896326531,801.690554081633,954.896417142857,1052.56859591837,1406.76533469388,743.765559081633,696.451931632653,814.760581632653,986.625894897959,1027.34602040816,1005.19227857143,628.982690816327,621.060670408163,348.501148979592,983.779710204082,770.875796938775,829.211709183674,883.511270408163,1134.60846020408,983.876890816327,1167.96064795918,611.789495918367,625.934066326531,628.501109183673,658.137747959184,449.662905102041,638.558455102041,910.02851122449,883.50967755102,870.448351020408,809.864048979592,1059.97554489796,498.889973469388,1161.7159255102,756.376887755102,872.301889795918,1106.81841020408,1084.78183571429,934.409466326531,998.083801020408,1252.04678367347,1418.54200510204,732.40993367347,1086.59198979592,1278.79356836735,763.94681122449,695.479768367347,606.062851428571,508.615911632653,649.503453061225,627.48649755102,560.38445,624.364904081633,554.323193877551,445.053894897959,1005.79118571429,563.465990612245,596.699791836735,622.255280612245,1455.70509081633,617.6342,447.417685714286,711.690003061225,335.216694897959,781.359915714286,1037.38402959184,644.898966326531,644.906739795918,1123.08141428571,909.466014285714,1727.80195204082,808.480693877551,1208.93284918367,1230.74555,811.009123469388,1595.56259795918,1210.75420612245,1116.2514622449,1167.57286020408,1190.3931622449,1133.94864183673,914.3133,1496.14067755102,707.278186734694,682.116206122449,970.651962244898,1169.78185510204,970.818793877551,364.567660204082,777.762271428571,997.133729591837,494.086256122449,573.38115,666.463410204082,657.888379591837,755.454986734694,754.598247959184,605.400066326531,430.793256122449,881.310217346939,600.235562244898,483.999826530612,552.404765306122,470.364630612245,591.478393877551,589.157008163265,1043.79733061224,1342.61479234694,1128.59956632653,1085.53463367347,705.702162244898,318.902480816327,504.443704081633,872.028839795918,1079.78009387755,777.855782653061,1483.33793163265,963.311743877551,711.484628571429,1025.11881326531,686.454894897959,551.57901122449,620.766759183673,739.541553061224,1248.11935,958.873216326531,1107.33433979592,1206.56194387755,1526.60667755102,1291.46549897959,893.728228571429,1155.23405816327,1005.03835714286,779.790655102041,962.41972244898,936.583937755102,1159.71932653061,778.462242857143,1241.42051938776,1139.62254489796,1080.93080816327,1297.82847959184,1392.71345102041,950.235771428572,1062.39283663265,1253.01978571429,1345.80708877551,873.579741836735,1241.84680204082,1665.15422244898,1215.93354387755,1256.33235714286,1033.62480510204,715.758614285714,1208.40292081633,1170.25226734694,1517.76886020408,1234.50709081633,544.946660204082,637.581504081633,431.41632244898,691.597605102041,682.830823469388,979.251781632653,459.646348979592,408.621794897959,380.813790816327,616.966832653061,950.572907142857,882.13762244898,817.888410204082,734.270539795918,727.842458163265,821.936513265306,600.217913265306,551.055313265306,1113.22122846939,1473.58567806122,911.072219387755,967.111259183673,537.338446938776,795.753740816327,579.682462244898,789.993726530612,903.009363265306,678.986719387755,1024.00532755102,714.451639795918,977.727348979592,854.205766326531,1205.72965714286,923.402681632653,504.484026530612,808.96692755102,996.021459183673,617.295202040816,528.195597959184,904.313254081633,625.933119387755,706.415970408163,776.061292857143,574.931895510204,942.04188367347,642.090323428572,760.500933673469,827.773958163265,1429.76465918367,1112.64908469388,957.512379591837,295.359609591837,751.323763265306,958.198956122449,1060.89672346939,523.637429591837,774.590933673469,727.234129591837,504.012290816327,1026.4346755102,1012.69091163265,482.398385714286,442.663610204082,754.020928571428,756.778260204082,786.431634693878,940.823297959184,1017.33730816327,956.623979591837,1390.79376632653,506.761458163265,976.854252040816,903.848997959184,1770.95234591837,1349.72802346939,770.416937755102,1148.14785918367,1377.95745918367,1137.87970408163,1215.00526938776,1450.43216122449,788.031973469388,516.995446938776,669.4671,795.170657142857,1069.3207755102,1659.41135816327,1460.77111632653,1318.07957142857,1155.20902755102,897.970164795918,824.759598979592,391.342960204082,657.105364285714,825.936275510204,641.025298979592,555.77744,798.559107857143,1325.35907755102,1229.66841530612,1034.89715204082,1169.36695102041,890.64778877551,986.484846938776,925.038968367347,849.434928571429,763.462201020408,1094.56095,1042.76947755102,807.585598979592,1394.9852744898,1483.01572040816,1274.20856734694,791.067363265306,1137.06256938776,906.341684693878,1088.15238163265,1415.83767142857,796.14377755102,591.251628571429,679.458914285714,799.586708163265,353.029325510204,779.201403061225,879.834656122449,1250.93530918367,961.642755714286,845.080414285714,587.845904795918,1263.83356632653,1221.71159795918,982.583829183673,909.325945918367,756.052364285714,540.899283673469,1249.56307755102,694.340819387755,1072.3768622449,1295.6974377551,924.744582653061,805.527007142857,1411.13331326531,881.182235714286,1585.80255204082,1411.53912346939,644.12677755102,864.849077551021,466.085350408163,1022.06159081633,708.459784693878,981.075146938776,718.927593877551,737.699240816327,658.568239387755,485.640095918367,998.189748979592,1448.64574795918,1021.05632959184,1210.05379346939,992.125135714286,1136.29559693878,359.31081122449,996.40442244898,853.457130612245,1111.96651734694,1348.18297653061,982.866548979592,927.351648979592,626.499145918367,424.922669387755,770.141123469388,807.942679591837,1062.16720204082,1164.94026020408,852.074131632653,1048.20915408163,927.473275510204,1211.76024897959,583.932666326531,728.635895918367,1228.08151530612,1503.41601326531,1087.19719142857,992.657348979592,611.351479591837,854.609317857143,985.528654897959,473.642505102041,420.509854081633,856.665189795918,987.378456122449,924.486110204082,756.700696938776,888.581343265306,1335.38756020408,775.086864285714,823.069767346939,1054.14766938776,1081.83157142857,913.482947959184,1169.13844489796,633.219497959184,294.012776734694,818.491135714286,859.170942857143,748.182857142857,938.392146938775,1242.94305918367,917.47082244898,977.58255,954.535306122449,771.673004081633,798.943473469388,1130.92529591837,917.95552244898,448.968826530612,671.84592244898,1048.27796989796,1035.81523367347,567.231919387755,1274.01917755102,722.861346938776,870.987370408163,1271.92741836735,1523.91948877551,696.963621428572,638.353621428572,378.622282653061,1093.6881622449,1282.93517244898,1077.66881020408,665.262082653061,1031.5226622449,851.042228571429,741.99181122449,776.618642857143,884.312981632653,809.305728571429,746.307592857143,711.150166326531,752.871226530612,668.813680612245,1434.3899255102,1073.08222755102,850.548028571429,779.891306122449,673.402398979592,633.110575510204,804.814802040816,689.561790204082,1142.23960408163,791.082703061224,246.699788979592,1125.08680408163,892.595486734694,517.028889795918,850.67987244898,573.657517346939,1216.10539387755,859.364325510204,1268.93508571429,1470.58737653061,1176.51099591837,849.939463265306,948.92153877551,1156.3842755102,825.85292755102,556.825378571429,774.743403061225,951.072863265306,779.770045918367,1098.19800918367,1134.8936622449,1164.50332755102,1123.5286744898,770.082324489796,916.949937755102,1109.55819081633,1209.79944897959,1217.29296632653,865.292441836735,644.581239795918,1430.88524489796,1408.62601755102,748.447625510204,757.214846938776,901.447964285714,754.445507142857,1122.98923877551,904.419956122449,707.913569387755,761.197609183673,1141.20539285714,1243.06974755102,657.077096734694,898.396354081633,489.79512244898,1275.68405387755,1039.18508163265,835.656307142857,1626.7083622449,952.907512244898,1105.19428367347,901.035557142857,1119.18278877551,1408.54818673469,890.748539183674,1356.26888673469,855.235629591837,592.668690816326,1109.45949591837,1158.86683163265,1046.16034489796,1044.93334285714,414.879092857143,1019.72779489796,924.476796938776,796.551291836735,1047.22561734694,765.746519387755,573.23927244898,1108.49491326531,647.932919387755,650.088266326531,976.183853061225,800.778491836735,786.141726122449,678.806780612245,631.5487,1009.61066632653,395.327447959184,947.686147959184,957.811670408163,862.515593877551,1083.6400622449,747.523473469388,855.368889795918,1055.01512938776,945.871642857143,970.160192857143,712.315477755102,590.876140612245,565.551423163265,312.074852244898,497.301667653061,688.208227551021,1086.82932346939,616.851585714286,1100.34592959184,1006.84757346939,1233.48842020408,971.575757142857,1122.3365,855.892338061225,488.749109183674,342.293760204082,897.662020204082,1002.27044897959,768.116618367347,1221.97285816327,1414.92024489796,675.364841836735,806.9983,767.86937244898,1279.72075510204,395.286558163265,880.92287755102,829.576645918367,872.523708163265,863.69805,857.99398877551,698.459581632653,1052.07828265306,1244.54548061224,1104.52675306122,868.539527551021,756.59345,650.617900061224,921.031003061225,647.545067346939,954.837335714286,871.157512244898,795.101602040816,516.395132653061,785.369296938776,693.975124489796,664.070003061224,1011.50520204082,1141.12400408163,1013.69276387755,1565.29910204082,1274.42550918367,458.754844897959,684.043298979592,707.11332244898,1000.80627653061,799.545960204082,700.993933673469,763.303169387755,960.777065102041,1042.1670255102,1034.4548744898,1420.17936122449,1445.43372959184,1263.43287040816,1031.34870367347,865.516134081633,565.73568877551,515.70527244898,382.548154081633,512.635852040816,226.768220408163,594.16277755102,1087.83202857143,712.918628571429,519.067312244898,605.813468367347,534.988045918367,977.753624489796,436.437894897959,603.894120408163,804.062489795919,993.55621122449,740.725328571429,1249.05087142857,1100.31882755102,490.111540816327,766.407544897959,945.06852244898,824.52326244898,623.710909183673,715.261275510204,276.431066326531,424.96817244898,817.843358163265,933.903159183673,1128.32506428571,1256.80213673469,446.966355102041,1078.44573979592,548.070905102041,1216.68603061224,978.589857142857,843.664464285714,914.997085714286,1098.3916744898,586.124180612245,506.581675510204,429.444826530612,913.59673877551,1020.93209346939,683.546451020408,728.188112244898,693.397070408163,1091.08897346939,1271.70845306122,1241.81349897959,1453.57131428571,1076.66229489796,1157.32404591837,828.593137755102,736.300620408163,839.847271428572,1229.73877479592,817.645251020408,1111.87925306122,801.317477040816,1267.74955408163,875.578325510204,1294.66587857143,533.004829591837,838.228946938775,1288.31006632653,1340.70965918367,586.806838367347,738.485909183673,843.904602040816,712.51862755102,1830.59673673469,1062.07676122449,919.411829591837,1515.79628061225,1525.23254795918,1166.4554122449,1204.1503622449,618.605431632653,859.390869387755,1053.9359244898,1371.71901744898,691.58268877551,573.608758163265,738.329302040816,949.307341836735,844.907279591837,304.808682653061,533.761453061225,721.007984693878,909.41705,1107.36742244898,859.544783673469,1033.14957959184,640.705347959184,979.829013265306,1088.46020918367,1067.57368877551,729.030680612245,979.123504081633,1343.42899897959,1143.61816734694,976.360434693878,901.679060204082,940.783053061225,1092.08296428571,888.312341836735,1084.24455102041,647.393180612245,896.500598979592,316.478273469388,727.884773469388,1137.13355918367,535.197131632653,417.768034285714,864.318176020408,1298.36942755102,858.454230612245,954.567487755102,1222.23121530612,945.623798979592,901.213297959184,1130.99054081633,1063.08432142857,1094.45389183673,1095.73322755102,924.207275510204,1129.73137040816,1013.02010510204,1003.56595306122,1128.22758979592,917.345861428571,1027.15142346939,655.790845918367,810.9672,923.470175510204,872.48463877551,582.311687755102,370.190220408163,989.840980612245,1153.34747653061,390.182333673469,895.438812244898,652.243656122449,811.180032653061,1237.41475714286,1057.09299285714,338.046032653061,679.549444897959,501.490355102041,512.963208979592,1102.20379081633,394.808041836735,1189.38623265306,845.856605102041,744.254593877551,758.84491122449,948.338094897959,1153.79388163265,676.998912244898,900.427353367347,540.428769387755,944.527924489796,1123.22524693878,794.717118367347,1074.48025714286,1227.73453979592,1348.48615510204,1288.07367653061,1410.94960816327,803.219902040816,721.602507142857,1169.78151632653,799.765031632653,910.079671836735,419.132227755102,867.391074489796,819.716254081633,640.254808163265,722.015310204082,599.644673469388,1060.24585,1137.77004285714,1639.20053142857,1468.20498265306,945.448941836735,680.974615306123,803.646236734694,690.054935714286,581.57041122449,1009.99718979592,791.540817346939,503.767984693878,558.98001122449,1371.19666020408,659.223374489796,895.016095918367,1080.9462622449,1514.86194693878,936.269294897959,1395.86209897959,1452.16814591837,1105.83461938776,1082.44281112245,1020.24537142857,1492.08114489796,1247.65489285714,640.808028571429,680.174337755102,949.575857142857,844.007230612245,1131.43818571429,1087.61113163265,923.755734693878,844.769886734694,1197.17016326531,961.363591836735,962.225769387755,585.564604081633,833.88127244898,619.029095918367,1231.23797653061,1385.57513061224,554.43998877551,962.795059183674,727.702524489796,726.062817346939,754.922644897959,494.655205102041,655.074690816326,657.487008163265,1012.12620306122,1300.39115306122,538.229866326531,873.719947959184,937.171178571429,295.166201020408,1055.54552142857,653.787681632653,992.60922244898,534.52232244898,588.724025510204,625.745130612245,922.158337755102,1002.85156122449,1448.53332653061,710.139964285714,712.732986734694,1529.21444387755,1072.96512040816,821.888879591837,1051.98349183673,1216.01783469388,843.238507755102,1183.3965255102,873.394009183674,783.906209183673,917.707652040816,955.48187755102,719.930191836735,663.546463265306,972.499871428571,856.70255,894.251618367347,1520.15505612245,1049.40291020408,1159.63402040816,1204.72143061225,870.83402244898,742.005995918367,915.259297959184,686.358156122449,855.086691836735,796.099344897959,705.996791102041,575.394739795918,1053.16017142857,1251.86159489796,1122.68719897959,1490.76909591837,1345.90170612245,1513.71253469388,1099.5009255102,896.249897959184,1259.09627857143,737.452366326531,1096.43815,656.170751020408,1151.36290714286,847.460958163265,1319.58262346939,797.736583673469,745.053944897959,790.245444897959,1436.71385,700.360445918367,618.781407142857,733.4626,637.420984693878,899.416141836735,1199.57315,735.951533673469,692.490827551021,563.073575510204,1422.03689795918,975.862802040816,591.199275510204,1021.89179897959,955.576006122449,719.630405306122,997.137040816327,994.142592857143,983.957775510204,1069.37190306122,1406.58069897959,909.914504081633,1047.28710918367,520.327439795918,459.902739795918,884.273457142857,1486.65865306122,1075.17606632653,989.669074489796,1019.41534459184,1322.08186897959,670.032055102041,949.200423469388,760.834373469388,817.132317346939,1012.51776326531,979.98251122449,1308.89975204082,678.36627244898,508.958148979592,802.090243877551,974.970304081633,587.587516326531,1199.87797040816,1067.17013457143,424.496328571429,538.704089489796,912.443217346939,939.656018367347,1006.77743469388,522.184190816327,714.499824489796,698.277243061225,960.152418163265,1097.73668061224,948.719655102041,1038.97932755102,1172.90346938776,1027.06067857143,630.762353061225,1108.9062377551,842.975179591837,895.765589795918,606.37917755102,625.592001020408,598.850491836735,728.273931632653,682.176787755102,533.44307244898,504.4144,941.662924489796,1129.19028061225,677.177978571429,564.652645918367,533.51982,864.693707142857,895.877152040816,1090.48937959184,787.381509183674,951.638681632653,708.315357142857,681.534641836735,1035.29453,763.460459183673,864.842235714286,367.999709183674,895.925967346939,907.478446938776,979.932979591837,1133.3270755102,896.188691836735,844.396840816327,707.76627755102,899.803828571429,1130.20413061225,600.244912244898,529.745885714286,1122.07274285714,750.046763265306,740.732267346939,546.801633673469,566.94982755102,661.33772244898,581.578321428571,534.777301020408,1031.94375408163,1147.91225306122,1119.83252857143,838.311754081633,921.01361122449,885.932919387755,497.370894591837,1311.41286734694,1492.91800918367,592.009454081633,492.173121428571,729.568486734694,367.356045102041,343.094761836735,488.241915306122,569.764343877551,352.628701020408,444.73484755102,565.173541836735,1031.98899836735,825.313733673469,1598.43750510204,723.181105306123,844.573667755102,1121.21011836735,1261.4688255102,1344.44470918367,1002.55158571429,502.965819387755,537.665494897959,571.420848979592,527.805474081633,570.116524081633,745.135559183673,589.82282244898,777.271681632653,1199.2309755102,1118.50744795918,1359.9125255102,1046.92967244898,756.22443367347,1453.9821377551,1223.63786428571,1190.11855510204,806.885853061225,858.713128571429,822.939081632653,389.704285714286,725.439125510204,490.573426530612,774.631380612245,1124.3108877551,1188.84245408163,1352.97783265306,1168.68973673469,1061.06341122449,1146.46402244898,949.90622244898,1546.61828673469,1089.08501122449,839.568994693878,739.026004489796,861.853171428571,872.537,556.037231632653,498.869346938776,822.336282653061,858.081707142857,608.618987755102,653.548209183674,754.632618367347,857.970037755102,1030.61755714286,1282.52212040816,1354.77760306122,911.009163265306,742.252451020408,625.893542857143,451.300337755102,1237.89979693878,978.926930612245,989.442317346939,842.593124489796,634.186031632653,1678.18251632653,1104.39399795918,569.891805102041,486.067085714286,805.239664285714,1081.57441122449,823.655334081633,811.118660204082,819.839392040816,901.080829428571,938.441952040816,721.157473469388,468.338855102041,1026.16822959184,1078.13786836735,944.414520408163,702.828792857143,553.111976122449,618.264541836735,411.792468367347,624.90875,966.651658163265,820.273406122449,1070.69518163265,848.742918367347,781.997269387755,914.742851020408,801.327567346939,988.515240816327,546.573420408163,524.208798979592,771.717118367347,911.636035714286,812.602382653061,980.2162,1027.89617959184,732.865543877551,1098.94344693878,613.069735714286,798.269641836735,909.187340816326,453.707321428571,717.977464285714,726.222960204082,971.829786734694,850.291305102041,1010.09889489796,1252.07009183673,1330.60885306122,739.708714693878,632.530311632653,948.971283673469,794.581817346939,601.299870408163,717.814378571429,635.574974489796,890.563244897959,713.720631632653,1008.40770714286,781.004932653061,966.00402244898,766.584979591837,503.151501020408,772.819128571429,867.376604081633,654.269956122449,888.124676122449,871.588294081633,966.768105102041,1171.85197897959,667.542307142857,577.832993877551,694.382657142857,715.089581632653,892.643943265306,1132.05446122449,593.869034693878,513.273774489796,346.072659183673,803.448686734694,754.709403061224,968.492623469388,374.768853061225,529.573670408163,1208.60849693878,1270.83621836735,836.065876530612,923.357056122449,429.830530612245,1215.93100510204,945.293018367347,562.730981632653,537.737952040816,510.767019387755,549.049448979592,708.869134693878,898.467047959184,1070.96824387755,1104.82693571429,533.630632653061,583.135659183674,1250.85866938776,894.572821428572,836.525391836735,937.738669387755,716.867947959184,840.103535714286,775.568854081633,406.22727244898,499.060806122449,993.812356122449,732.786686734694,317.473189795918,972.026943877551,1026.08624285714,806.839648979592,860.576684693878,793.761812244898,447.51235,1287.33931326531,758.489185510204,1008.01822653061,1339.10338163265,1472.58909489796,611.127824489796,1190.12094081633,711.792412959184,744.799610204082,724.656366122449,990.099069387755,872.806152040816,726.822062244898,1239.68106530612,1295.8174744898,897.83611744898,765.515016326531,1052.8293,908.640173469388,988.398887755102,698.3775,716.802818367347,988.057304081633,1171.26090306122,734.639873469388,1011.3369877551,660.719521428572,663.45716122449,394.250843877551,576.85877244898,1619.15912244898,1264.03724183673,953.303636734694,471.779255102041,750.873959183673,812.770008163265,462.416774489796,609.872852040816,555.39965,847.001581632653,860.778951020408,928.017832653061,617.954287755102,996.77777244898,838.305474489796,1412.56669489796,1523.29253061224,910.182227551021,1046.89633469388,723.58771122449,879.2957,602.462755102041,1028.32508673469,644.479547959184,796.052498979592,720.629930632653,653.45697244898,1045.9173,492.816135714286,406.900808163265,628.319728571429,974.026219387755,450.14582755102,1352.8703244898,1112.41146632653,1404.84179795918,1359.46125102041,1439.23655918367,752.30342755102,998.040635714286,989.140375510204,1004.21939591837,831.182746938776,713.727560204082,982.820787755102,742.7665,359.976641428571,273.233939183673,635.746121428571,838.854264081633,887.866131632653,744.996455102041,678.694497959184,1057.24855714286,828.5539,623.958062244898,592.709828571429,632.873651020408,971.391351020408,1236.28708265306,975.539094183674,1117.30329591837,1680.45811530612,523.728454081633,949.835635714286,767.722108163265,570.179387959184,849.42562377551,781.884465306123,831.701369387755,841.675493877551,1194.43981530612,1020.78622857143,479.71908877551,449.440753061224,653.075763265306,366.291165306122,508.58881122449,1279.14934183673,1107.95519693878,858.852879591837,826.169389795918,495.489880612245,1317.50277673469,1204.39214693878,1122.78854183674,1302.58510612245,1665.93110612245,993.528710204082,1101.38034489796,1100.73726428571,665.266874489796,808.4884,1408.75245714286,926.596462244898,715.151434693878,590.746584693878,717.917485714286,697.004037755102,917.952280612245,869.053979591837,692.232614285714,817.021762244898,712.11687244898,841.145140816326,955.744816326531,1079.04443673469,576.356808163265,969.519656122449,761.548517346939,623.055798979592,796.109954081633,590.650261632653,1120.33741836735,1366.61316632653,1085.7642122449,753.017077551021,895.264411734694,627.084117346939,900.879869081633,1069.59296530612,815.828347346939,514.342546938776,1030.16896020408,881.1958,1065.52423061224,1273.4338622449,812.251119387755,1256.7340377551,710.011906122449,650.358584693878,700.62455,466.534134693878,853.10960677551,633.247883673469,719.335025510204,1245.88217346939,560.812802040816,1124.21565918367,978.115640816327,1047.74175204082,892.000259183674,591.640702040816,488.456535306122,812.923179591837,719.278757142857,691.567697959184,1473.08204489796,945.445846938776,973.833719387755,646.766214285714,899.408971428572,797.952451020408,1108.72383469388,1215.02659285714,1337.54595408163,816.779310204082,944.457963265306,677.896917346939,592.55442755102,683.162341836735,555.953778571429,594.577229591837,879.47642755102,1148.34526632653,951.430108163265,637.951793877551,839.539082653061,792.162528571429,841.223386734694,1060.88156530612,688.819803061225,365.494404285714,546.098989795918,684.15371122449,839.250893877551,981.958414285714,838.936042857143,1256.73711734694,1573.70269030612,1244.32293336735,1157.97750714286,1054.02858979592,704.190383673469,912.42746122449,1138.87886938776,1363.70465918367,976.809313265306,859.925857142857,697.674581632653,621.604973469388,748.685117346939,1252.24129632653,827.173010204082,754.965904081633,1009.06848163265,913.624345918367,902.212826530612,1347.80500204082,1147.5553275,1199.14061530612,780.4251,959.368158979592,830.603386734694,1071.11805408163,975.83978877551,1037.59077857143,1094.80952755102,794.689877551021,983.273558163265,651.164883673469,1253.29338877551,889.741505102041,968.637979591837,899.921506122449,1358.31817653061,1311.51696836735,789.358947959184,1130.0164244898,946.931171428571,389.331231632653,638.468578571429,724.479995918367,734.175063265306,1389.86586326531,765.671784693877,1159.50117244898,922.224933673469,685.725592857143,542.165046938776,794.12002755102,824.34732755102,491.286653061224,453.979708163265,868.929204081633,975.174845,871.423046938776,1479.18362755102,1014.82561734694,912.694482653061,585.334575714286,684.662323469388,937.061304081633,1035.75242346939,969.929280612245,892.539358163265,1050.14328571429,751.978318367347,867.062873469388,1349.92684183673,1290.44847244898,926.911353061225,1011.62155816327,1420.73551734694,1000.22006734694,1542.9069877551,1739.05851020408,1442.87912244898,1475.87259795918,1450.41978673469,1130.9633877551,1047.96300204082,1178.85961020408,913.448163265306,862.46257244898,713.047924489796,891.219947959184,622.121544897959,653.230169387755,978.378603061225,1036.58230714286,620.805569387755,628.411974489796,734.452054081633,1165.07524387755,934.380580612245,864.806839795918,1092.82151020408,967.374436734694,986.560710204082,1070.46859081633,1455.01012653061,932.320353061224,832.354071428572,529.683129591837,388.927320408163,702.35736122449,1173.5077755102,1041.89425,967.958840816327,652.164667346939,800.519980612245,1218.19752163265,1109.65362163265,912.377878571429,1497.69500102041,1053.13892489796,1335.98588367347,985.972362244898,826.511213265306,911.837801020408,590.252385714286,544.95952755102,518.20706122449,879.611271428571,974.758164285714,1149.58444489796,1341.66941938776,961.418059183673,1053.96518979592,718.665274489796,922.054802040816,806.583265306122,1295.77092387755,883.623684693878,1186.08362755102,1117.19046122449,893.791835714286,1190.71575408163,1077.88485204082,881.871814285714,622.212015306122,1184.89735714286,732.258137755102,718.548935714286,922.834052040816,1108.11184795918,1143.61055306122,858.599568367347,694.917285714286,949.37786122449,1160.15475714286,1114.96690714286,1124.67885510204,1026.71155653061,696.302592857143,1074.76088489796,856.912329591837,1038.60393163265,1294.82356020408,1161.20289489796,1093.00194387755,966.449348979592,1148.60476397959,1174.41979285714,1306.79783591837,1169.97463877551,1144.96491836735,1045.68593367347,1107.88359897959,722.139004081633,387.314082653061,709.333840816327,1033.98549183673,1380.2681255102,1251.25915102041,1025.37207755102,727.876254081633,1031.62359897959,716.466914285714,510.315693877551,665.371398979592,547.8768,672.697934693878,1390.10308367347,478.197490816327,945.427377551021,996.589642857143,892.051260204082,1515.87290408163,1238.02955918367,1086.34275612245,1250.13711836735,725.477710204082,555.130392653061,1294.54609591837,698.809417346939,639.092419387755,513.772357142857,1191.66964183673,1236.48131938776,603.813912244898,1024.50071285714,471.127587755102,786.781974489796,674.180132653061,559.789406122449,933.708185714286,972.801216326531,1124.50945204082,901.368023469388,886.835598979592,832.648410204082,1774.83860714286,1033.59311836735,695.145358163265,832.160321428571,1033.02551530612,784.193918367347,671.00452744898,940.41112755102,504.291262244898,723.376280612245,357.415169897959,1002.47780918367,678.518004081633,844.58368877551,1048.61864183673,954.972597959184,1386.24989081633,1272.38462857143,863.810280612245,732.726555102041,788.015323469388,1214.04797040816,938.448593877551,662.052040816327,860.659160204082,1000.50158877551,703.714428571429,737.955046938775,618.448886734694,946.99177244898,527.104881632653,1000.28581428571,884.673232653061,664.843146938776,1148.47196438776,804.07188367347,1304.42766938776,1087.56283979592,1214.09426122449,719.978482653061,610.246000612245,1071.70029387755,1456.79405,1215.85665,981.577376530612,656.597354081633,715.774397959184,1214.50539693878,820.137803061225,1337.52728061225,1050.89431020408,605.472368367347,576.894268367347,441.517712244898,1763.42093163265,1568.48472346939,825.351627551021,1084.05253469388,1292.0563122449,602.362052857143,871.27517244898,831.987536122449,795.305937755102,930.709452244898,691.167068367347,885.340769387755,1245.37104081633,1107.13739081633,858.331152040816,1232.8035744898,979.700791836735,1355.6013122449,1260.03771632653,1090.77320102041,1206.67627857143,442.976387755102,1576.67505,981.047371428571,847.358298979592,653.224369387755,575.432474489796,1107.21959520408,556.553916326531,541.44935,975.341764285714,425.160159183673,502.914319387755,654.901673469388,858.87017755102,1176.78065408163,1060.44122346939,831.488210204082,728.066437755102,841.752370408163,1500.12890816327,996.914528571429,591.993882653061,719.693975510204,1029.7537622449,978.253144897959,691.708003061225,924.906135714286,978.2656,1141.97219285714,910.376219387755,734.405933673469,1116.4789227551,1354.79340387755,1008.6510744898,1088.60603571429,689.750088673469,1150.30120510204,534.646815,882.590706122449,625.278173469388,943.252147959184,955.617195918367,1090.78830510204,467.68277755102,534.58527755102,717.839706122449,1065.3913877551,853.852759183674,1032.05659897959,1002.33129081633,1154.24005102041,745.275446938775,977.634755102041,793.626871428572,1215.12586183673,753.162240408163,1120.32822336735,819.25113255102,470.453882244898,573.321300918367,430.886698061225,262.970564285714,769.391692040816,728.084165306122,988.401368367347,880.155077959184,773.593005102041,541.960908163265,542.113780612245,467.300020408163,1174.49555918367,974.684694897959,795.356078571429,1326.08942653061,1078.81976326531,1507.26543265306,1002.40988755102,743.406486734694,823.642907959184,694.907085714286,414.867724489796,994.920243877551,391.69566122449,347.315690816327,922.708527551021,506.896404081633,1059.93269081633,702.285253061225,351.519240816327,413.170715306122,1224.4977377551,541.534495918367,999.524035714286,1403.11092397959,950.044253061225,726.692120408163,1698.59265816327,758.090296938776,992.390237755102,1094.97214897959,659.681969,639.891217346939,471.488344897959,657.443305102041,699.605475510204,1077.7769377551,419.946859489796,1214.70784693878,1384.98508265306,706.69272755102,755.233404081633,877.857482653061,690.335931632653,901.081729591837,763.98347244898,868.10682244898,724.614012244898,616.578806122449,838.766374489796,1369.72498367347,1181.88409897959,766.577621428571,720.421451020408,514.558667755102,874.340894897959,783.948054489796,961.63665,573.720355816327,777.109120408163,755.77645,747.742151020408,231.972084897959,705.593460204082,695.82687244898,1155.10084693878,792.272146122449,1153.25724081633,1065.5867755102,742.672305102041,514.718955918367,634.377073469388,851.284468367347,947.951218367347,693.114578571429,703.53962244898,1041.01527244898,1056.39533673469,1058.69705510204,500.505390816327,653.806303061225,582.908331632653,508.454605714286,738.472725510204,737.853916326531,392.654535714286,656.543418367347,601.091455102041,866.339107142857,1047.22258673469,1543.63108979592,1034.85540918367,881.656301020408,984.191296938776,1408.53849693878,1335.75384285714,1284.80513469388,1295.1614122449,674.109312244898,1091.69052857143,953.973153061225,461.925935714286,410.77867755102,502.620532653061,966.689674489796,1171.2433744898,1095.56327346939,877.692733673469,792.511813265306,1237.32990714286,782.868996326531,1233.46864591837,615.803875510204,1178.4760755102,1129.80567857143,589.945870102041,1171.88450204082,1133.34906632653,594.124107142857,545.069694897959,1408.03272653061,1016.7683,1084.4206427551,678.146133673469,1260.54660204082,1380.41801326531,1364.30057204082,657.797026530612,1315.80581897959,948.299706122449,847.412073163266,827.547673163265,453.164156122449,650.628354081633,1370.97500408163,757.304884693878,648.944084693878,226.916959183673,706.72023877551,1223.06838673469,515.655307142857,932.54988367347,528.560866326531,724.794744897959,866.157164285714,1084.08623367347,1307.56003673469,1010.44459285714,1373.39767040816,1238.22946734694,1058.34852857143,967.248273469388,1217.07843163265,1013.42178469388,598.886898367347,1181.4157755102,790.079676530612,1193.16092653061,1262.69276530612,1163.96632346939,573.919744897959,1345.16225714286,1205.8380622449,1030.6636244898,1322.31785,1125.75281428571,816.584903877551,674.182928367347,657.201860204082,644.028515306122,748.497376530612,938.458414285714,1358.64613979592,696.456285714286,1171.88399591837,912.411196938776,1078.36535612245,811.362953061224,1307.3605,1033.43913367347,1064.60263571429,979.790053061224,1313.51481428571,762.054884693878,524.047108163265,275.559571428571,762.195684693878,412.718340612245,416.913548979592,785.808040816326,752.820775510204,1026.22258469388,748.605319387755,1075.80349387755,652.420634693878,781.063776530612,492.192914285714,409.883586734694,931.645074489796,724.75528877551,651.502045918367,812.313043877551,1491.9228622449,560.849051020408,909.647647959184,855.741392857143,1010.15413571429,1095.2532122449,566.140655102041,333.124159183673,566.063583673469,417.223047346939,609.840086734694,333.900969387755,642.234632653061,680.148008163265,1194.3953755102,1315.19365714286,1258.09602142857,1091.72025918367,897.554510204082,621.045029183673,620.666845918367,976.214229591837,1004.70921530612,926.936336734694,455.10887244898,752.414808163265,794.831552040816,982.032731632653,662.236332653061,1166.21647040816,1125.64700714286,1186.96580612245,1118.7432877551,368.136467346939,738.580054081633,522.079409183674,899.150851020408,1129.16458469388,806.185159183673,913.056691836735,694.85865,736.157537755102,623.378423469388,683.374378571429,858.476525510204,785.102448979592,977.544706122449,948.258003061224,585.164981632653,662.175939795918,1239.87748571429,1134.27769183673,1351.4205755102,966.23341122449,1231.9116377551,1288.07336153061,708.084829387755,753.482804489796,946.824778571429,824.950493877551,708.45692755102,532.558517346939,488.944868367347,920.814682653061,1222.76825306122,982.345748979592,1135.30580612245,662.988455102041,444.380691836735,658.682055102041,702.184112244898,615.306455102041,829.738662244898,684.855981632653,332.799383469388,1284.79357142857,1265.92463367347,887.43305,882.834791836735,1192.49462040816,801.00862755102,932.502704081633,732.398112244898,963.48856122449,412.840462244898,714.797566326531,892.566133673469,863.198227551021,882.404495918367,903.896916326531,642.687316326531,826.205675510204,423.579265306122,774.276978571429,853.010413265306,1015.40484795918,703.084863265306,1024.01828469388,578.110355102041,997.815816326531,1198.78613877551,1236.52533877551,1212.0908377551,831.652952040816,657.135872653061,1539.98529387755,1745.12116326531,1712.13784489796,1546.33108571429,964.107441836735,1184.56287244898,1074.73331734694,872.865543877551,1013.00887714286,703.915737755102,629.60912244898,1192.25013367347,1167.99687142857,1314.98857857143,1485.07924081633,1259.31647244898,655.281080612245,1111.45470714286,1320.6093377551,1230.04076530612,642.350520102041,385.9333,995.129736734694,671.08045,1305.19809489796,1182.16003061225,1252.00326530612,1162.27664489796,997.15037244898,1374.50550714286,898.07191122449,742.369105102041,1077.81045102041,1538.69117142857,1922.43605918367,1198.6613744898,831.827712244898,1192.62247142857,541.404328571429,840.59241122449,958.282251020408,770.585667346939,1038.0267,1115.11407959184,674.107907142857,710.507819387755,602.338518367347,733.381046938776,688.714481632653,953.123959183673,522.118721428571,964.161331632653,839.397862244898,757.310266326531,825.143947959184,547.781128571429,519.098309183674,1120.57667959184,1081.44825102041,820.531580612245,759.298437755102,902.009293877551,614.541775510204,811.423573469388,1080.10595306122,756.708043877551,1202.72205918367,1034.10864081633,1178.66285510204,1489.43525112245,1188.33296428571,1143.58997040816,951.488586836735,1263.59057142857,545.373213265306,688.429630612245,671.247387755102,1168.07905510204,835.452243877551,634.821184693878,922.757019387755,832.445380612245,1025.4828377551,1081.47582040816,1257.99606428571,826.070594897959,604.78442755102,1525.70458693878,1326.42346428571,743.142125816327,1745.03627244898,1096.00809897959,1084.2448,922.650124489796,734.567491836735,907.047054081633,420.671615306122,694.130001632653,975.988143877551,764.913760204082,1136.37954387755,856.04567755102,833.082436734694,846.6644,694.246915102041,677.587467142857,852.378359183673,859.110241836735,838.247259183673,848.70154377551,762.357651020408,1171.40971530612,1370.90792244898,873.189885714286,1137.82813571429,731.86345,928.935885714286,694.391755102041,1545.2269522449,1285.75042959184,716.635035714286,1027.72792959184,956.209679591837,859.702409183674,1005.01977142857,935.740025510204,1386.11172346939,1452.41991326531,1672.72363367347,1146.68797346939,1008.86490714286,808.559230204082,720.949959714286,620.578490816327,872.891583673469,1180.76984591837,1202.2932744898,975.250253061225,1460.73552959184,740.279669387755,974.736260204082,1403.96760918367,1379.6702377551,847.53586122449,1499.81047040816,644.26952244898,739.743753061225,990.685996938776,960.423479591837,870.694039795918,1080.54522244898,1077.75663591837,775.058242857143,1340.62254897959,1639.30237755102,1411.70717653061,1153.63090816327,800.302895918367,675.378783673469,908.520280612245,799.686531632653,1038.9665377551,1117.09511836735,927.388667346939,758.999276530612,641.559901020408,586.249952040816,756.505450204082,1068.66943163265,494.343979591837,1138.47029693878,566.327186020408,714.406635714286,606.768475510204,1087.75502836735,507.363097959184,466.159290816327,871.118859183673,414.433077142857,820.971330612245,466.71337755102,708.473907142857,587.67277755102,815.249532653061,581.666555102041,482.538820408163,984.912662244898,798.765380612245,541.313534693878,905.388847959184,1246.41494693878,1081.14123673469,867.792005102041,1335.91131836735,942.085995918367,841.752875510204,1093.78853734694,542.964331632653,618.434593877551,1345.05036428571,762.869025510204,849.121994897959,977.348391632653,923.125793877551,664.339213265306,894.906562244898,731.059617346939,837.270278571429,627.211096938776,781.206112244898,1022.3168755102,840.602981632653,1004.06885204082,1050.04852857143,649.325280612245,860.333173469388,828.135676530612,483.065610204082,786.097745918368,859.624986734694,1029.11411428571,872.095697959184,1427.75932346939,1111.68709693878,965.308934693878,603.194567959184,1099.28243571429,687.630215306122,845.1709,622.262943877551,920.029502040816,656.650702040816,584.79288877551,1440.58305612245,1133.57927857143,833.226524489796,766.627914285714,819.362276530612,965.847210204082,543.320918367347,469.007103061225,774.794034693878,393.342871632653,605.530001020408,656.893866326531,433.789690204082,576.703744897959,654.970659183673,821.860319897959,690.59115122449,737.001057142857,489.202914285714,368.747547959184,801.697610204082,559.160047959184,504.033418367347,757.754167346939,1014.35598265306,768.792328571429,761.834064285714,859.245139795918,1388.95611734694,1304.4635622449,530.037099387755,1026.26816530612,1306.6075622449,731.556303061225,846.309242857143,484.129982653061,715.791827040816,967.299894897959,934.489858163265,514.494964285714,963.828028571429,817.95187244898,704.576194897959,702.668352040816,862.84643877551,1096.91216734694,1072.86599081633,1079.98145102041,637.605114285714,911.567528571429,1385.56669489796,1114.73576428571,1122.42019918367,1018.86161530612,942.610286734694,862.682086734694,357.802226530612,1125.30162244898,464.525624489796,810.673316326531,581.874468367347,1329.04993163265,1294.82679183673,1189.1425755102,892.295332653061,961.555597959184,587.836403061225,1338.41922734694,757.44881122449,973.868558571429,1071.83106632653,553.516636734694,1021.13435102041,800.311106020408,877.090273673469,944.175996938776,967.443733673469,1025.96353979592,1012.53171938776,845.659510204082,608.16187244898,1149.94508163265,956.489925510204,761.778889795918,526.336531836735,664.257303061225,660.454242244898,677.863590816327,1517.425,959.393368367347,994.009251020408,1388.74501836735,1412.64472857143,914.170940816327,1218.12057918367,852.414447959184,1017.49509591837,709.574717346939,992.031594897959,940.395113265306,664.028213265306,885.918877551021,948.530623469388,1123.52442857143,1548.11786938776,848.074454081633,570.176419387755,777.924806836735,714.420631632653,840.536883673469,944.539118367347,1051.39501132653,770.750375204082,762.599848163265,998.631933673469,857.074003061225,848.859906122449,586.764391428571,630.025195918367,804.637283673469,857.423339387755,867.820174489796,593.114956122449,800.520724489796,892.923601020408,705.700203061225,1096.05220816327,710.49222755102,866.224835714286,681.772393877551,571.757346938776,806.747374489796,1202.27807244898,1117.30520102041,816.587183673469,358.134658163265,538.567001020408,422.832120408163,676.645455102041,793.010587755102,782.012880612245,540.495980612245,725.755107142857,160.386009795918,1116.73455204082,879.484696938776,654.973834693878,1337.98193265306,1217.91914693878,1351.66842653061,946.568310204082,1222.65555204082,673.344097959184,748.856352653061,950.484660204082,645.700317346939,536.413466326531,649.292197959184,1105.72325918367,1289.45762040816,670.451231632653,1320.28549693878,1087.11205612245,532.61132244898,900.904702040816,622.195329591837,482.260329591837,1005.32632959184,530.260684183674,948.339774489796,950.928894897959,1018.24354591837,754.778298979592,801.813353061225,494.269189795918,416.604585714286,606.884610204082,828.362573469388,899.447906122449,965.38627755102,877.752804081633,1038.02484489796,670.379621428571,789.086159183673,689.279047959184,849.209533673469,924.115752040816,757.201999795918,701.557107142857,618.234615306122,1345.91650408163,791.579529591837,814.572204081633,1177.88214183673,1123.14751836735,1457.50138877551,803.391297959184,940.418869387755,487.989633673469,621.372555102041,1050.8102,833.480130612245,876.150352040816,409.774653061225,1040.56255612245,822.017012244898,1168.9433755102,922.095413265306,1124.04648367347,688.444075510204,674.116486734694,1353.63689285714,1298.96647857143,922.445112244898,1565.94596489796,1106.38752857143,658.50425,804.1356,435.63582244898,557.248747959184,1148.7512,980.947484693878,901.457193877551,1040.73725612245,1425.23924183673,1101.09631234694,483.951678265306,952.832670408163,551.653737755102,831.373379591837,1380.47377653061,1337.45363061224,1317.4492755102,1089.8791255102,1789.33909183673,1242.85541530612,1503.00394387755,1100.49152142857,747.406354081633,930.141756122449,950.714804081633,867.78135,511.740736734694,935.791948979592,838.80112622449,908.161970408163,769.538910204082,833.313731632653,1024.45688571429,925.192027755102,1295.28168265306,1467.03019387755,1320.99511632653,986.548329591837,1400.65271326531,1104.95001122449,1197.7988744898,931.280414285714,724.248562244898,495.534701530612,1238.10740510204,652.165963265306,766.016789795918,597.509275510204,652.829498979592,1122.76443061224,2039.56842040816,1290.03461632653,771.613945918367,963.31166122449,561.95096122449,551.447636734694,1016.65313469388,1024.809335,815.423064081633,906.221092857143,543.886075510204,507.820074489796,812.622217755102,741.55298877551,545.6788,752.175365306123,954.249796836735,883.665375510204,691.54053877551,841.131541836735,1070.09582959184,1076.29992755102,949.549904897959,799.450141836735,909.828905102041,1746.43606836735,1811.47224183673,1193.79480102041,970.632513265306,544.364604081633,589.256009183674,1026.15247591837,1415.97765612245,825.466868571429,411.832668571429,656.349420408163,837.046234693878,1121.81849693878,607.241023469388,478.380092857143,762.550644897959,719.764137755102,529.881969387755,935.229518367347,1424.54702959184,1545.10046632653,812.978238979592,919.430408163265,836.206194897959,1104.54093673469,1139.07071734694,712.574984693877,1135.65628877551,643.811047959184,1111.49648265306,895.543428571429,851.312365306123,689.103763265306,1334.0731377551,1101.40279489796,821.2994,748.411657142857,421.903767346939,1159.3958877551,346.728686734694,548.590501020408,1465.38099897959,1389.79441632653,1301.05283918367,1178.15873673469,1141.84061428571,646.669653061224,363.293388469388,621.383167755102,661.623171428571,528.529058163265,876.190928571429,1369.12306938776,1210.96377857143,1184.7261244898,1132.49387244898,460.321551938776,1225.66439693878,872.677552857143,705.160643877551,730.499610510204,608.723041836735,716.55036122449,764.583152040816,995.79249227551,912.586568806123,942.261066326531,814.925351020408,1115.21557959184,765.763251020408,1045.56874183673,725.62307244898,1016.10912857143,1409.6787244898,906.448856122449,1173.92577346939,520.705731632653,452.181303061225,421.631987346939,729.551396530612,561.831045918367,1021.14267040816,1385.8889377551,1444.10365571429,1415.06367755102,1215.28740265306,999.18077755102,607.777037755102,651.621287755102,810.62341122449,1081.12186020408,1659.92722857143,1044.67163367347,903.261465306122,817.418394897959,908.384436734694,835.072764285714,894.419173469388,1047.57175408163,817.090373469388,909.348790816327,712.556837755102,1322.18900714286,1033.53626326531,836.788445918367,1029.18884081633,936.30538877551,776.265062244898,872.99668367347,748.390874489796,1654.81564489796,1438.12526938776,1083.22475510204,613.102602040816,1231.58072346939,854.393009897959,1460.62427346939,961.490785714286,1114.17381632653,719.499212244898,943.654250714286,644.833036734694,714.912136734694,452.748366938776,785.034055102041,958.669145918367,1079.65554489796,1240.08778061225,889.011863265306,643.958856122449,562.899864285714,602.024024489796,487.162615306123,692.345845918367,207.960617755102,432.871607142857,1037.80690714286,727.925724489796,548.883229591837,652.924382653061,374.443986530612,949.345203061225,557.954886734694,1116.35280918367,1058.5036755102,579.135844795918,572.747396122449,1099.04646938776,1035.60384285714,1724.62250204082,1724.70179795918,1240.89788306122,1036.45828469388,472.190480612245,709.529198979592,674.969498979592,762.129882653061,279.417535714286,1176.41416938776,680.015304897959,1115.15047326531,856.812070408163,952.507091836735,664.379102040816,411.377158163265,784.292778571429,1134.00946326531,694.82195,726.287939795919,952.599432040816,998.209674489796,1545.00750306122,1169.8007244898,860.6804,1114.47778163265,1374.49464693878,892.458997959184,536.748928061225,772.610734081633,622.754244897959,796.70223244898,1022.46774183673,584.137529591837,737.937083673469,380.978563265306,995.03032755102,713.754566326531,853.174579591837,1030.43062244898,565.37486122449,691.142455102041,628.404825510204,1073.79540408163,949.59463367347,840.02016122449,1216.45828367347,860.049390816327,1121.49041734694,650.140971632653,692.603823061225,768.492484693878,970.242354081633,1346.41633163265,1031.94466632653,985.500263877551,594.571534285714,1020.43998469388,1305.44552142857,1274.54402857143,1151.01117346939,1130.64692142857,1623.07484591837,1097.49846326531,878.622365306122,768.711232653061,901.390604081633,921.00992244898,1115.95276530612,958.464366734694,747.204315306122,718.649107142857,1119.8977255102,999.180801020408,1019.74641530612,841.757693877551,679.194947959184,754.9878,770.491145408163,661.128480612245,816.508245816327,891.248928163265,846.626174489796,743.084245510204,1231.14499244898,782.838681632653,606.828962244898,682.741548979592,1536.10016020408,770.23051122449,641.137056122449,816.250974489796,618.566752040816,534.018752040816,570.462883673469,582.486106122449,685.297997959184,1106.79089693878,636.810268367347,1109.06904081633,1609.86035306122,975.485784693877,1112.14757857143,870.846614285714,895.594665306122,1002.57219693878,829.408870408163,735.28281122449,887.789483877551,722.327691836735,1101.46363979592,1337.46450816327,952.811773469388,910.583075510204,1039.67938265306,946.946808163265,1182.91685102041,662.898285714286,620.822290816327,930.030609183674,1084.36836326531,553.598805102041,777.481168367347,814.991121428571,1138.29430918367,579.096,903.128071428572,1017.51185306122,715.761221428571,916.208306122449,527.131126530612,308.068640816327,507.157468367347,694.807242857143,762.345867346939,1169.79766530612,1460.05881734694,991.225328979592,621.240071428571,999.878542857143,1082.36467755102,613.552230612245,744.800554081633,935.808251020408,1203.6669255102,1230.42826836735,935.760326530612,1340.36085816327,886.860778571429,950.389828571429,986.571648979592,877.322684795918,1028.25719183673,914.36551122449,964.766520408163,1072.62225510204,916.187267346939,1111.19314795918,719.665352040816,509.276404081633,465.650357142857,517.523821428572,1220.99077346939,818.924657142857,909.37880244898,654.944966326531,599.147406122449,1299.53763306122,1199.01933367347,503.336710204082,924.784459183674,650.249573469388,1124.19119183673,765.80072755102,880.558414285714,861.671186734694,609.420483673469,773.93262755102,1569.66903265306,1436.13033571429,573.189691836735,1209.15341734694,820.094196938776,1037.82827857143,498.478593877551,1035.2225877551,652.883040816326,649.834544897959,657.588304081633,784.259208163265,1020.55137653061,672.200532653061,631.409328571429,872.261284163265,709.419616326531,938.552681632653,974.982364897959,1215.73822959184,1318.5100755102,771.309976530612,931.463445918367,998.773263265306,967.109835714286,875.791285714286,760.4949,707.099221428571,1313.0008244898,1679.58979081633,1329.47933959184,1642.30949285714,1306.03355204082,1444.06998877551,1729.09624693878,523.518997959184,1016.56256530612,996.499647959184,1071.28949887755,806.96261122449,1105.24091020408,840.605010204082,1024.1580877551,736.620902040816,1614.82556326531,1283.13476734694,921.805839795918,998.41242755102,407.051754081633,332.998318367347,1366.07276938775,689.98557244898,532.950682653061,1017.65230816327,976.357241836735,1055.15630204082,975.053302040816,1075.67763163265,668.157012244898,1072.10076428571,625.573978571429,844.419833673469,626.447803061225,1036.34098877551,842.402928979592,774.378962244898,853.515187755102,334.468317346939,853.206941836735,802.204931632653,649.607090816326,996.397024489796,787.667344897959,682.825375510204,909.144525510204,1009.28396836735,1180.67623061224,1360.2084,830.46822755102,497.817484693878,472.095078571429,877.41362244898,598.038653061225,887.081084693878,1228.62282653061,1172.54067346939,938.017571428571,949.136843877551,616.815317346939,469.64425,1238.59626734694,1112.30514591837,1051.91824795918,754.982959693878,876.572090816327,1413.43719591837,1261.69023979592,730.220707142857,732.578760204082,773.025856938776,868.904554081633,694.071681632653,535.639091836735,849.295291836735,1183.32022959184,1056.64729897959,875.95547755102,767.128664285714,844.393159183673,503.889592857143,514.808194897959,833.900344897959,1198.41479489796,975.405775510204,248.604495918367,1157.18047040816,786.60563877551,734.852002040816,358.764585714286,291.160681632653,652.059943877551,517.327793877551,468.100290816327,892.485836734694,1192.33798571429,764.924584693878,949.042048979592,1082.6458744898,563.992731836735,828.867508571429,892.074767346939,1226.36601938776,750.059335714286,655.840608979592,651.053120408163,873.381044897959,535.928609183674,506.184046938776,964.066312244898,767.582314285714,778.593618367347,1022.06731836735,1064.47390204082,589.739104081633,1235.23480408163,982.751837755102,1076.5585755102,609.050524897959,990.141321428571,523.543805102041,588.520467346939,1011.40731734694,1162.26942142857,1743.40502857143,1081.03746734694,1367.75544877551,809.77419877551,790.60047244898,1260.48538367347,975.749010204082,949.837477551021,697.791815306122,805.361204081633,805.437108163265,1010.97315673469,717.558333673469,519.278959183673,817.195380612245,1001.41913602041,439.349262244898,978.010454081633,1101.7498255102,1150.73014489796,1178.54434693878,989.899602040816,1082.7607744898,791.795456122449,363.490789795918,500.215381632653,883.164004081633,623.442207142857,823.889831632653,922.400679591837,1116.01467142857,474.429879591837,1292.03527244898,945.274279591837,970.272734693878,714.100639795918,711.692156530612,1112.39217142857,667.29667755102,546.222554081633,648.795420408163,313.93572122449,599.922820408163,567.044461632653,808.143860714286,992.474371428571,460.381293877551,692.517689795918,737.609113265306,596.735289795918,714.044225510204,661.992378571429,575.484004897959,698.550379591837,892.514098979592,595.689302755102,693.084004081633,448.633716326531,920.904617346939,1147.97049489796,1171.54599897959,567.693480612245,515.743396938776,858.761786734694,1040.64847959184,641.803384693878,1021.91301836735,392.20876122449,541.70501122449,972.263921428572,901.270467346939,1145.73510265306,872.570636326531,708.945743877551,712.087626530612,472.040739795918,713.115406122449,1013.10284081633,1108.73369081633,855.801283673469,1695.81475479592,1177.88211428571,962.190862244898,691.988031632653,725.913073469388,1069.77325306122,517.275479591837,943.317339795918,576.025863265306,540.052146734694,1231.74873877551,714.966066326531,992.138920306122,639.466420816327,453.719254081633,1386.96307959184,1110.35760693878,948.154052857143,1079.9764405102,1303.91653193878,1388.92713979592,1312.77752346939,1538.04896020408,757.774436734694,911.983251020408,609.077382653061,916.70756122449,1164.86130816327,941.059219387755,1366.39108265306,1251.00616326531,1364.5892305102,1030.84769816327,1014.23107346939,799.536285714286,966.953633673469,762.883979591837,517.090515306122,609.305332653061,928.373386734694,803.483755102041,930.220974489796,857.711196938776,1594.68254061225,1015.28665714286,460.116756122449,700.098236734694,742.84365,644.315026530612,614.087713265306,842.476139795918,870.529346938776,1146.67894081633,1219.30874387755,687.316489795918,651.658514285714,477.316111122449,773.604259183674,750.290818367347,1010.8222255102,1153.04852959184,1029.14671591837,655.024848979592,1131.07151938775,847.251706428571,1512.56751938776,1161.00596428571,422.225031632653,1089.07588877551,608.663634693878,527.485083877551,532.500215306123,1058.48161326531,403.821309285714,570.124664285714,718.780237755102,909.750923469388,1245.33381122449,788.137151020408,1212.60710816327,1161.1696755102,935.867902040816,896.376390816327,732.418346938776,813.023255102041,987.828985714286,745.373758163265,992.232767346939,719.031066326531,611.590619387755,782.943796938775,851.537648061224,688.692970408163,903.756323469388,506.354696938776,481.3572,590.855636938776,916.602369489796,1025.80442489796,829.036625510204,507.701912244898,591.613129591837,783.588065306122,1293.62366632653,612.563654081633,543.827366326531,661.779621428572,1007.46069387755,1283.30125,1034.8953,732.56041877551,511.719130612245,324.806325510204,504.152185714286,1074.28119183673,763.296864183674,870.312603061225,876.697014285714,820.039366326531,783.862704081633,806.824154081633,837.936516326531,1003.15970408163,820.72218877551,901.919327551021,944.563726530612,809.947631632653,621.614086734694,814.142013265306,564.982852040816,1032.42212857143,694.902054081633,887.590097959184,548.983368367347,390.846101020408,597.265056122449,780.782882653061,1025.68048806122,861.607244897959,981.675026530612,687.056314285714,878.234430612245,396.844014285714,826.302908163266
28.6326530612245,1097.06521122449,1425.40691938776,802.30737755102,1422.20117142857,1641.35480918367,762.052834693878,749.659570408163,677.357128571429,818.800206122449,1414.92249591837,1456.15908877551,677.182214285714,1093.82258622449,1294.09573673469,1803.63846734694,1458.45387346939,1096.25125102041,1534.66758510204,836.165693877551,986.85573877551,1144.04137653061,794.898410204082,904.480606122449,1085.93971428571,754.461245918367,751.983578571429,1130.97263265306,673.743458163265,746.106441122449,787.335351020408,563.366743265306,425.688550612245,977.035697959184,1283.8547122449,984.2488,1076.00786938776,850.34458877551,812.027390816327,697.910049591837,796.746854081633,783.522510204082,666.343475510204,1604.70793061225,1020.08507142857,755.607619387755,1367.96868673469,1202.76423265306,1212.99461836735,1323.84659693878,967.807533673469,404.439403367347,1450.15520714286,825.988462244898,604.974109183673,872.851970408163,986.498000204082,1210.66319387755,1340.09602857143,1527.19183163265,1190.7952977551,1133.69275408163,989.22015,1104.44948265306,956.030485714286,705.481257142857,911.394854081633,1157.67064285714,1266.5641,1044.03103673469,970.201464285714,1170.53871428571,504.065920408163,797.25837755102,881.357212244898,588.406560204082,554.798362244898,723.29193877551,716.402984693878,1346.5665,1159.89989795918,691.877570408163,958.676946938776,874.386925510204,802.780062244898,770.556360204082,842.919902040817,1002.30744081633,872.213260204082,753.034631632653,1775.83686632653,1262.22796632653,1353.99670979592,1100.7848100102,542.499315306123,514.481264285714,761.332558653061,496.848910204082,897.13538367347,690.497702040816,775.516926530612,1130.73091632653,1035.95151632653,1174.46791122449,1234.39726632653,1296.42441122449,1510.17590102041,573.935616326531,1540.9920622449,1265.36241836735,1500.88415102041,1132.64625204082,1144.05803163265,1412.96487244898,1008.2723377551,868.389137959184,1398.8794,650.435932653061,661.368441836735,1374.47654591837,1436.23525102041,757.008003061225,750.051496938776,1034.79496326531,765.118942857143,995.182791938776,1002.5637255102,1038.12136632653,1129.7768744898,1219.77980510204,869.252668367347,1042.9923755102,875.801253061225,535.282676530612,255.075555,1089.61961010204,639.079766326531,423.390090816327,1180.2830622449,1184.0705744898,1433.34054795918,384.424464693878,399.287970408163,605.387466326531,417.500992857143,666.32998367347,995.060491836735,675.146742857143,1017.80961938776,1099.80956530612,1249.49503816327,1294.84196081633,1551.51226081633,759.717183673469,1038.28335,763.608734693878,848.737137755102,1042.57535714286,1139.79095816327,1034.06435081633,751.130893673469,1018.66706346939,1113.34368163265,657.784621428572,1069.94478367347,966.484212244898,916.115015306123,822.968189795919,825.179073469388,822.828415918367,280.539387918367,757.999081632653,1227.29362755102,1321.72601020408,1008.47766530612,1406.63522653061,997.588917346939,980.321340816327,1292.19929795918,391.514383673469,843.437834591837,834.55410255102,998.564019387755,1130.65442040816,1424.02881020408,1261.36653979592,1023.41074795918,1030.0255,473.432327551021,528.02168877551,885.081639795919,701.9464,1019.28308571429,1278.58316938776,1676.59149591837,616.468607142857,691.131968367347,701.410432653061,887.844963265306,1060.38713979592,432.730753061225,1078.56295061225,387.011487755102,650.053579591837,697.870127142857,1119.03844693878,994.737840816327,1173.50201836735,1133.72282244898,781.261542857143,1273.7717622449,1308.79868673469,1256.75537346939,1324.55880612245,1355.7041877551,877.984993469388,1183.4541122449,862.431783673469,1139.22209081633,984.392931632653,1277.81569897959,1082.94416755102,1149.30573979592,1421.29713877551,798.722597959184,968.995130612245,879.776159183674,877.016797959184,1111.46377959184,830.625989795918,824.478392857143,962.485515306123,1494.48397755102,675.257277551021,978.623513265306,746.907258163265,517.976737755102,938.657130408163,825.986970408163,392.826845918367,783.930505102041,864.438684693878,955.118337755102,619.132098979592,1457.46731122449,1326.41815928571,1203.73610510204,1151.44315918367,1218.92213469388,691.614184693878,725.578563571429,607.434909489796,1078.66098571429,1186.45656326531,1505.59914387755,1323.4721,1628.52482244898,872.921191836735,1263.78477857143,923.746229591837,1130.72069795918,1146.0055877551,690.485893877551,726.203212244898,800.17019122449,878.754055102041,984.316655102041,908.098375510204,1144.10068367347,805.78757755102,1345.72307040816,411.045880102041,751.172601020408,1312.70311326531,942.401510204082,1194.00119489796,980.997846938776,1484.59619285714,1385.57566734694,1041.68389081633,1179.25395306122,966.07425,1081.23152857143,1240.40554897959,1271.60574795918,1352.54723265306,1044.18836244898,785.307058367347,837.36305744898,1082.83314285714,912.389365306122,703.266279591837,721.613785714286,956.713044897959,1088.31686734694,1106.87358265306,464.37432755102,892.303010204082,1260.97465918367,921.845663265306,633.660878571429,438.68971,1011.54170306122,1339.62473673469,1145.77719489796,995.692520408163,906.448769693878,850.447122040816,469.732243877551,447.427086734694,446.582152040816,1048.86456122449,735.822460204082,869.802230612245,908.885696938776,1236.80493367347,1181.76760816327,866.235152040817,1123.02769183673,1124.28388979592,682.017262244898,727.901933673469,1418.47094183673,1683.51612244898,1189.67648265306,788.770003061225,684.770098979592,737.260029591837,1042.02180510204,1216.55153571429,995.430347959184,516.287924489796,963.278218367347,1056.44187857143,1086.27493469388,739.996097959184,398.14373755102,508.458013265306,667.087767346939,695.155581326531,734.110295918367,815.24672244898,1045.87208061225,1569.65793163265,943.625366326531,986.613283265306,753.304931632653,806.03632755102,732.517443877551,941.885444897959,620.414611734694,1225.3382622449,1231.49392959184,776.688921428572,762.509615306123,1034.74706020408,991.125331632653,958.184168367347,942.006382653061,1007.11021734694,1413.3010377551,1421.96922244898,807.142510204082,696.22438367347,874.111770408163,1042.46867346939,1232.06333979592,1171.6553,1002.5575755102,771.087233673469,548.91756244898,930.980379591837,858.161683673469,1096.81369591837,1261.47288979592,796.18327244898,843.004975510204,967.329005102041,794.337485714286,1010.36278571429,1204.83580408163,1042.12226734694,980.677143877551,1053.27105918367,1113.76378979592,789.198429591837,620.403480408163,937.739512244898,1113.25678877551,1519.86293061225,1033.84852040816,641.75472755102,696.078004081633,532.560366326531,570.559368367347,949.404470408163,733.997234693878,655.112978163265,1670.48487244898,1116.40473469388,1004.71233489796,1005.5401222449,1133.00993979592,908.42476122449,1012.50605612245,1212.12662959184,1078.46521326531,622.828617346939,735.042702040816,839.872542857143,971.832416530612,978.662024489796,876.165274489796,907.629775510204,1337.73271836735,937.111312244898,828.649085714286,889.010975510204,513.630333673469,977.91535622449,845.614056122449,720.861464285714,1109.16980408163,1483.69855204082,830.098607142857,623.510914489796,456.208426530612,637.137133469388,779.20195122449,1252.02452244898,1486.27006938776,1195.19282959184,1015.12059591837,696.068806122449,1111.00811428571,1422.98470612245,686.020163265306,827.494480612245,739.172568367347,1046.44033938776,1023.4904244898,646.742795918367,1158.88075,1359.2465122449,1146.82619795918,1124.82702857143,1046.65012346939,706.879436734694,810.158776530612,655.474834693878,1020.76084795918,889.727793877551,1157.90220102041,586.379363265306,856.425112244898,726.268989795919,839.420682653061,1122.36887040816,1048.92786122449,1418.25273979592,1800.09195918367,1307.86547142857,813.806420408163,859.576836734694,1176.77582857143,1385.45234897959,1360.96686755102,1271.55781836735,1276.60331836735,1056.54534693878,1247.85013061225,896.120814285714,1057.64238806122,1307.78695918367,1235.91546326531,950.650117346939,1040.93378673469,691.481079795918,498.871969387755,714.288828571429,1236.23277857143,1831.36057142857,1646.77141836735,1254.19113571429,946.968056122449,837.060701122449,558.046885306122,916.610535714286,506.700225510204,674.894770204082,938.016734693878,1415.12995918367,686.426069387755,902.468896938776,802.220294897959,1107.48951836735,948.499008571429,1594.56408265306,899.005454081633,1152.13173163265,929.489476326531,779.593871428572,614.647671428572,817.522375510204,989.359909183674,708.537106122449,573.863073061225,1145.73859897959,692.830114285714,584.271886734694,786.207917346939,606.888729591837,705.150586734694,1068.62004489796,1360.12019387755,900.299860204082,696.623059183673,1214.52196122449,1199.34352857143,1160.27117244898,850.397710204082,1188.42521020408,758.996505102041,997.641144897959,928.955505102041,421.151301734694,703.121076530612,445.193867346939,484.346629591837,1056.5357744898,792.576705102041,1040.33542755102,832.993192857143,1048.86484183673,1406.92920408163,803.03552244898,1001.88605408163,598.363669183673,904.331954081633,669.329054081633,707.830144897959,431.166433673469,937.567374489796,716.549193877551,763.148235714286,1151.64250408163,1225.59553673469,1243.87873673469,1333.40477428571,810.846017346939,811.081687857143,358.382801020408,361.902181632653,412.837521428572,571.598474489796,882.199254081633,1804.70664081633,980.552342857143,727.235976530612,531.504851734694,1220.04557040816,839.975825510204,1509.94728469388,639.479158469388,709.645576530613,634.726908163265,710.70966122449,649.41507244898,598.486277551021,1364.03121428571,814.60803122449,762.952879591837,488.471141836735,607.453760204082,1152.01506632653,1170.22567244898,599.613055102041,771.088412244898,947.01613367347,1167.67940938776,1157.0200755102,598.401307142857,945.316093877551,870.340129591837,1360.05046530612,885.081606122449,837.403786734694,1133.55153061225,517.060604081633,661.514652040816,609.592745918367,723.942194897959,788.470840816327,423.442914285714,1565.5184877551,1057.78658673469,518.472270408163,825.331895918367,1650.44405918367,1258.9347755102,1022.21631836735,1542.11368061225,1517.32009285714,1271.07184489796,1149.91620193878,768.440406122449,893.858415,831.813174489796,834.010594897959,1052.45074693878,936.898191836735,1096.10486632653,1063.18911632653,1217.28446428571,1263.35694897959,967.589408163265,1704.55013877551,1050.53735816327,1656.17408469388,1227.66790816327,983.539567346939,922.232384693878,651.274035714286,669.768919387755,1014.01694795918,1059.48441632653,1052.13920204082,664.765566326531,989.210616326531,773.744027551021,518.619754081633,770.439626530612,387.369914285714,985.521501020408,1328.6545622449,284.069816326531,1181.28667959184,362.438771428571,518.018604081633,500.410362244898,729.43082755102,637.372798979592,696.121154693878,987.7428,1079.31048265306,1213.51455918367,1326.62743571429,883.364362244898,1162.92470714286,1297.65729285714,1291.2982755102,728.036405102041,788.509081632653,1140.16905714286,383.221220204082,1049.27961020408,706.684567346939,446.812229591837,1195.17142857143,1122.12094142857,1455.03400571429,1274.89158571429,958.860030612245,797.380205816327,1475.63804959184,725.962906122449,1020.67643163265,1440.50232857143,1023.78331285714,1389.26257857143,927.72246122449,415.623498979592,594.001190816327,979.601383673469,1031.17020204082,931.30138367347,1247.1971244898,1386.31568367347,706.976658163265,755.920873469388,699.376425510204,783.07263877551,654.810065306123,881.477727551021,1105.44675204082,714.508142857143,922.494057142857,1017.82670408163,863.562026530612,737.03611122449,1227.93318061224,1161.62168163265,1446.34750908163,923.081090816327,1064.04366734694,1106.17236734694,1005.09491306122,804.65557244898,1099.74589591837,995.572956122449,885.465954081633,385.247475510204,786.173782653061,2050.79611836735,1001.96708367347,1025.64570918367,1127.49904591837,1087.56828163265,905.008123469388,1258.96697857143,837.358143877551,602.015390816327,752.188847959184,842.806673469388,829.532390816327,711.774176530612,971.133969387755,861.205069387755,705.928178571429,1171.20028571429,971.33122244898,1006.13761428571,1205.49834928571,1669.21599489796,900.436439795918,1325.26960408163,901.613804081633,1284.01120102041,1135.44200510204,1243.55414653061,1108.72408469388,1159.52962959184,939.462214285714,712.392747959184,995.615579591837,1270.01152040816,1129.6464244898,1646.52040714286,1434.70755204082,1174.06533,1171.34139591837,1177.16053367347,1342.13488877551,1205.6765777551,1121.30754387755,1448.97406836735,902.222705102041,694.188831632653,1211.27539897959,606.039109183674,800.164529591837,1316.48024285714,738.100540816327,873.956310204082,1230.47324693878,1209.60157653061,933.294325510204,1553.25218163265,1073.61381020408,896.489669387755,661.762022755102,744.452364285714,947.592887755102,688.184816326531,766.979808163265,936.554948979592,894.363659183673,474.379078571429,1001.20862755102,1037.82423979592,814.764646938776,1677.60002061225,1350.69275,1515.95400714286,1051.27487806122,896.91705,589.223541836735,821.317028571429,723.561415918367,1037.66237346939,916.558976530612,780.530263265306,1053.92305510204,544.437322040816,357.611885714286,570.224735714286,547.683940816327,727.774903061225,782.492278571429,846.291232653061,816.78925,797.90997244898,493.927575714286,720.848363265306,762.358130612245,570.401355102041,856.936507142857,979.082302040817,670.006994897959,489.475448979592,1087.05369285714,891.878457142857,1492.70803571429,1392.21331530612,1415.20861020408,769.776604081633,560.443068367347,1055.50331326531,621.473331020408,1238.04319632653,1164.86063367347,1326.04678979592,1119.1820244898,1015.7059255102,1124.51954693878,1422.30960204082,1234.52714693878,1023.64016632653,957.353694897959,846.682364285714,647.179187755102,643.354421428572,911.530706122449,1146.25608020408,1010.51526010204,770.942815204082,522.349542857143,791.441116326531,1106.1683877551,718.082544897959,748.644719387755,1020.02938673469,1291.66742346939,743.062348979592,1057.45120693878,874.892704081633,1165.33099795918,849.548403061225,1457.34795612245,944.745715510204,1033.71707142857,609.245287755102,775.145427551021,1046.06223979592,1022.9797244898,1078.40708816327,886.015197959184,928.787667346939,1163.37551530612,1347.56324591837,1435.35311122449,471.982883673469,349.034394897959,758.020556122449,958.43763877551,555.044527142857,712.270035714286,1010.16946122449,719.756137755102,873.014960204082,909.492585714286,754.756280714286,876.825398979592,976.023106122449,712.432316326531,756.563404081633,1149.72147346939,1120.49887142857,831.740907142857,749.795412244898,1776.1159,1331.10610306122,684.487875510204,474.773008163265,770.317446938776,1146.34075102041,601.775565306123,925.997995918367,783.35462755102,758.3228,800.596252040816,1181.65600204082,1341.3321,1378.19554693878,921.453582653061,982.673435714286,1262.75769795918,1064.0816122449,901.223471632653,1083.29337142857,1293.27990877551,983.135145102041,1586.68234530612,493.124049387755,982.920332653061,1059.88713979592,801.473568367347,1323.21376020408,1009.97633265306,1261.46281734694,1376.04778367347,711.009007142857,730.276316326531,1052.02966020408,1266.79762142857,971.367135714286,534.579677551021,482.720477551021,842.928889795919,843.803089795918,1078.84618571429,1088.04767857143,517.617809183674,655.346498979592,755.667313265306,453.98782244898,1164.64280204082,975.546067346939,1129.07402755102,1116.59077959184,1314.89317040816,1307.40276122449,941.507878571429,782.376014285714,728.535264285714,1033.20582244898,765.127979591837,951.764351020408,942.470543877551,1254.05023061224,1179.15155408163,575.178655102041,948.16223877551,326.534431632653,938.860866326531,792.956028571429,880.59217244898,1112.95607244898,1079.02677653061,1113.4746622449,782.759877551021,1010.53630204082,1203.45536530612,1089.11798183673,1267.85743163265,1518.35698061225,1330.81034693878,1200.78420612245,1507.82655,1016.84693979592,1028.99437857143,1289.00519693878,1075.55256836735,909.35228877551,652.842278571429,892.01652244898,1258.66200204082,1346.08367653061,1384.68719183674,825.660910204082,1102.33661428571,1320.7127655102,866.473762857143,1084.87854591837,767.994858163265,1028.94084183673,1489.62704285714,1456.18878387755,1414.58868387755,1129.41263265306,799.874953061225,1258.64925714286,1437.83014795918,1317.95840612245,1506.16872959184,1419.19880102041,637.468641836735,994.605644897959,821.895313265306,758.173928571429,623.905173469388,811.772707142857,681.328298979592,551.161119387755,1312.16499897959,1102.50915918367,845.493834693878,836.256209183674,1359.04535306122,1059.51793571429,706.450155102041,698.84742244898,1040.69298571429,1152.78826632653,1266.45944693878,664.629397959184,1293.39687061225,787.479092857143,942.087189795919,821.973667346939,1029.0532255102,901.942106122449,1105.17378061224,1134.67510816327,1108.14099489796,987.583508163266,636.034814285714,913.045685714286,852.485024489796,744.303915306122,663.269044897959,1056.16562653061,778.302509183674,603.901,1077.06233673469,1036.34501908163,819.521969387755,1019.83284489796,1184.24353571429,887.034871428572,610.969431632653,958.800202040816,785.934428571429,590.467363265306,1179.79589081633,1308.27933163265,1212.80644183673,910.325278571428,1059.34140408163,965.564367346939,1368.04414591837,877.579647959184,692.708453061225,1202.97352571429,978.072271428572,1226.62251836735,1036.40235714286,769.153515306123,467.230173979592,839.148257755102,888.686226530612,1158.95864489796,511.997239795918,528.122533673469,668.561702040816,1230.282285,638.303639795919,871.78232244898,999.597713265306,878.613712244898,1031.20793265306,1371.65880306122,1174.74539489796,404.97187244898,516.513818367347,1129.28853979592,1663.08748061224,1269.02472959184,1124.29967857143,856.095863265306,543.360278571429,921.158442857143,686.99962755102,676.985735714286,777.415489795919,568.387940816327,1218.75812244898,1300.5906744898,1151.1026377551,589.175658163265,1727.38386530612,1283.72400612245,1068.94530836735,1548.8919255102,1244.60751316327,1177.58066387755,1029.51396734694,705.973814285714,696.881784693878,904.613756530612,1155.30148163265,1005.46298979592,1256.00634183673,1008.21165918367,1124.04807755102,668.168510204082,665.517126530612,948.108585714286,809.193842857143,625.137571428572,585.832993877551,987.241479591837,800.431935714286,1325.69055612245,653.171883877551,1084.98047857143,941.649100612245,761.285220918367,1089.3395244898,939.555473469388,894.055258163266,801.198902040817,995.804632653061,776.826212244898,1104.5013122449,1118.10544285714,1344.6358377551,1236.31563877551,1247.76458367347,1326.90908163265,1081.70914897959,913.88352755102,990.424444489796,850.671783673469,1020.93051836735,917.663342857143,587.407015306123,895.078130612245,1812.71924285714,1125.95055408163,911.753375510204,1078.47595816327,1102.02775893878,579.189748979592,724.603790816327,1023.4903455102,638.296670408163,663.30853877551,939.722708163265,715.311490816327,1461.6214744898,1319.27145530612,1030.02710306122,942.595659183674,1129.30581632653,1097.64406326531,1169.98493979592,731.047069285714,505.278522653061,1179.66518061224,1646.80578673469,569.835985714286,1219.98774795918,721.609027551021,701.781946938776,980.31861867347,968.701647959184,1204.48714693878,1010.14191581633,992.819670612245,1517.78162959184,792.623491836735,1677.15766530612,682.721615306123,687.740966326531,1250.4306,984.690358163265,1000.56823571429,689.205141836735,675.921855102041,736.52063877551,829.513459183674,938.894396938776,1202.97030408163,1055.87822244898,1335.52949285714,1533.0557755102,1488.5823,935.556457142857,1123.74495612245,609.451401020408,745.562835714286,754.692353061224,930.077394897959,1409.04569795918,1322.84991428571,1253.05963061224,1127.4897377551,1224.77139795918,1006.61846836735,1089.68560408163,423.786901836735,690.361334693878,719.505976530612,809.291094897959,754.033980612245,738.051297959184,1110.99792071429,1397.42893163265,839.133237755102,659.226486326531,891.331046938776,1385.4993244898,512.375465306122,1254.30577653061,1439.27716938776,1623.24973367347,986.161759183674,782.976762244898,1361.93147040816,1047.2501377551,611.732763265306,785.007494897959,913.529306122449,872.25292244898,993.822317346939,997.718147959184,1130.52183673469,1103.25155714286,978.393941836735,597.75023122449,713.846051020408,1022.77072142857,533.265490816327,1453.77189387755,632.125678571428,1175.91158571429,811.987970408163,1223.2478122449,711.48073877551,612.903554081633,1168.5278744898,809.640352040816,556.639216326531,932.021462244898,604.407506122449,583.545768367347,647.990294897959,687.61407755102,1010.16826326531,839.753541836735,977.554774489796,678.752665306122,868.17947755102,1314.17245204082,1009.0507622449,1019.39887346939,1069.77498285714,1161.92743132653,872.029048979592,746.656534693878,956.066055102041,804.605052040816,994.573673877551,1014.07947244898,946.529334693878,922.376670408163,924.19498367347,543.462003061225,751.782843877551,1000.37748877551,1046.17344489796,733.357163265306,1087.2473755102,1043.89276734694,799.712739795919,540.756089795918,822.507744897959,890.955148877551,913.220752040816,850.961670408163,912.165139795919,892.986789795918,787.727521428572,1241.21958571429,879.397175510204,965.487197959184,1261.74059285714,944.339828571429,1598.04626734694,843.981986734694,1083.75117857143,634.216624489796,764.082888367347,830.830805102041,760.417170408163,1587.02907857143,1205.02466938776,1246.91789285714,1175.11997142857,895.106675510204,1074.55483163265,802.16050255102,795.262205102041,1073.59741326531,1340.75094693878,1308.65388061225,938.410951122449,1205.05391581633,1217.49700418367,1549.95487408163,1383.51100816327,1060.37792040816,741.73046122449,939.85292755102,850.232907142857,813.090619387755,475.212535714286,464.471714285714,482.400031632653,669.359619387755,902.733456122449,1517.00792244898,1235.0801622449,845.753697959184,688.609390816327,713.023420408163,830.262592857143,813.644933673469,1422.37935306122,777.277391836735,497.293865306123,780.659346938776,1063.53937857143,819.13493877551,1485.58565510204,1177.99183979592,1289.03914489796,719.413163265306,1059.91788571429,857.047969387755,898.109720408163,824.879542857143,1323.72826765306,1395.48774897959,1094.41593163265,860.298487755102,541.209697959184,1246.62338469388,1181.87659591837,1023.15223469388,1119.03687755102,827.70338877551,1012.62499387755,1393.7808122449,1027.71468367347,642.89053877551,1014.26884489796,490.737018673469,492.144462244898,386.967946122449,386.884935510204,412.920482653061,396.385416122449,1259.37411428571,1369.16213571429,1384.42223061224,1350.16946326531,1247.33971122449,821.36347755102,1044.84723836735,1226.33239795918,1218.03226,589.148628571429,240.035789795918,825.897117346939,683.20096122449,1011.6322255102,851.864319387755,1900.24183673469,585.260381632653,1125.29324897959,1495.5328244898,857.550374489796,932.98082244898,1181.73870816327,1517.44365102041,934.36306122449,729.004673469388,847.789349489796,830.061257142857,877.312664285714,622.408477857143,832.958663265306,842.679753061225,760.703907142857,626.490651428571,1395.57915408163,529.406052040816,1194.42256836735,894.872046938776,1114.84713367347,731.677235714286,564.344707142857,1191.00731020408,907.269573673469,871.266433877551,1085.71856326531,880.314746938776,823.525348979592,1155.0796255102,1038.98682653061,642.688583061224,660.045448530612,889.077353469388,1066.25173061224,987.151291836735,1049.97316122449,672.757281632653,764.765230612245,1198.11389387755,1375.03186020408,1055.50106020408,1555.57859795918,1423.79491020408,1014.75650510204,1300.14979387755,1903.91365510204,1068.7141122449,858.324944897959,552.947101020408,1173.20885204082,968.570068367347,938.802091836735,675.42852755102,1178.14270102041,402.233123469388,826.831702040816,861.194857142857,971.672895918367,1246.54421632653,1318.27474489796,1355.38421428571,1205.87803877551,2136.78246836735,1155.76738469388,1064.47630204082,1604.85031326531,1478.75892142857,1217.46416938775,1582.64725612245,1061.88627857143,1221.96597857143,992.363394897959,787.175578571429,871.854263265306,645.954278571429,676.509850306123,546.716835714286,710.096433673469,369.822964285714,761.356006122449,1291.56945938776,1066.4561255102,1534.91245816327,1412.01014693878,1119.48673469388,960.940608163265,1037.07979693878,1625.41653163265,1211.24462244898,994.2913,811.17738877551,1068.28739795918,1429.73675969388,733.947951020408,894.33383877551,1354.25407959184,1063.4821377551,490.18272755102,559.305601020408,889.732394897959,1326.93675918367,705.852242857143,970.739184693878,605.634964285714,706.923747959184,1054.42259285714,566.700145918368,886.368802040816,764.636696938776,473.585623469388,516.61516122449,996.118323469388,1391.25745816327,615.928475510204,1076.63755214286,1340.15938459184,963.445025510204,931.445251836735,1082.13450714286,1087.07637040816,1063.56560408163,1175.35318367347,1774.50756326531,1192.98822857143,1445.71123571429,1123.67022142857,1020.23320918367,831.926870408163,706.946179591837,1023.29759959184,863.506579591837,730.365079591837,804.69917244898,1239.72821632653,1145.15802653061,979.980229183673,1231.04442653061,922.53997755102,601.413850408163,967.919164285714,720.720600816327,812.449837755102,524.271446938776,523.129276326531,626.175696938776,661.570412244898,436.43167755102,458.583629591837,969.994746938776,561.249657142857,1076.87084183674,1039.04355714286,1047.55466122449,1091.72461836735,540.695009183673,1019.25710102041,1137.1478244898,1012.24042102041,265.074556122449,380.957390816327,1183.37049795918,982.006117346939,1234.61262244898,1400.19800816327,1032.93846020408,1157.88041326531,563.982417346939,1397.84244591837,1373.04388265306,824.699804081633,620.10233877551,957.200237755102,608.194568367347,993.904918367347,1003.66015918367,1442.57414591837,623.4139,731.283937755102,578.6102,333.847828571429,445.242325102041,1256.20474489796,867.219008163265,849.657782653061,1242.06777285714,1266.99682040816,973.29747244898,1122.6295255102,576.189226530612,867.54833367347,968.519794897959,1005.50775816327,1116.35992244898,660.442773469388,1062.13993979592,952.431575510204,915.253169387755,699.91511122449,452.445454081633,1342.37358265306,1139.8215255102,1136.78863265306,1470.9703755102,668.230851020408,1190.82602142857,918.928928571429,1059.2435622449,1227.43038877551,1111.14906938776,1092.20111938776,961.788671428571,1209.8136244898,888.763896938776,1085.28084489796,749.81277755102,817.123907142857,610.940597959184,846.68351255102,1862.67015306122,1060.52191632653,717.239273469388,1132.45851122449,754.565136530612,1190.04625918367,900.505495918368,1239.74358367347,1344.44069387755,1243.43853469388,641.760803061224,863.552294897959,1169.00627142857,893.977959183674,823.043413265306,1384.75832040816,662.886369387755,925.776605102041,1216.88557755102,1161.19674183673,1425.00002244898,927.389073469388,895.22063877551,763.348173469388,973.989677551021,1052.62156836735,961.686984693878,1000.96382959184,1519.67938265306,973.906389795919,1020.95829897959,1116.04961530612,1067.01369897959,930.994588877551,799.324963265306,1148.67155306122,1178.36198673469,839.139523469388,497.182256122449,1420.88774081633,1043.23253265306,566.559191836735,1043.14595193878,491.468075510204,1027.44063265306,749.934859183674,1276.51434040816,1042.4673877551,1213.78850714286,1299.23118061224,1110.83719081633,1075.43336530612,570.488447142857,777.49363877551,349.180484489796,630.840836734694,377.819989795918,1201.08892040816,1256.50412959184,1163.33059183673,815.493334693878,1615.91568877551,1470.63465102041,1124.02671428571,717.99757755102,994.80932755102,1002.48644897959,1060.83411326531,830.391085714286,1104.00019255102,1206.47822346939,712.643203061225,990.019028571429,1262.28675612245,1178.62651428571,1168.86975204082,1393.4762122449,849.07593877551,485.210039795918,1101.72184183673,1343.75268367347,1491.66169632653,1336.90420816327,1338.0708244898,1111.04247040816,1097.05581020408,842.721278571429,675.444786734694,1181.7528072449,1260.82087755102,656.831458653061,1003.03420612245,408.462745612245,1141.23663469388,690.580556122449,964.231231632653,984.336573469388,1201.59246530612,1091.48927346939,1088.89552653061,1015.20780714286,884.152581632653,567.460684693878,912.124660204082,745.353336734694,505.605743877551,784.929329591837,858.946906122449,750.868533673469,1111.74988571429,1618.94580306122,914.570924489796,1033.12037959184,1400.47225612245,907.585532040816,849.063771428571,627.580367346939,1119.77935306122,1208.02000102041,895.495074489796,754.578455102041,1018.29589285714,827.798929591837,1203.7827755102,636.27118367347,512.011221428571,872.381298979592,619.153734693878,1054.55653571429,967.347955102041,1007.93050204082,690.912703061224,996.729609183674,986.660762244898,836.596844489796,1018.31545,1102.42402857143,405.626204081633,808.871725510204,697.322752040816,630.275215306123,920.066924489796,1072.79170612245,1068.63080918367,1024.0423255102,1186.89377244898,795.424507142857,1298.97478367347,1141.15073571429,869.738405102041,912.025893877551,1060.98858877551,1342.19669795918,949.02547244898,956.186654285714,1261.65667755102,1588.59264081633,837.92067744898,774.704598979592,921.439248979592,1029.49009693878,1122.5995122449,1188.57570714286,747.839074489796,699.051162244898,360.970669387755,998.506106122449,820.801558163265,972.240525510204,913.403262244898,1198.50085612245,1067.5972744898,1273.56608877551,638.43267755102,711.389339795918,745.824525510204,812.884788775511,471.446503061225,673.963353061225,942.577986734694,910.752526530612,884.867630612245,907.251669387755,1197.93264693878,630.703504081633,1287.62241530612,897.105132653061,1034.32909387755,1300.05520612245,1192.68822142857,967.337639795918,1184.07778061225,1394.28011020408,1521.65690306122,880.316260204082,1185.12429387755,1323.69380102041,831.882386734694,720.225601020408,612.269862857143,511.270668979592,696.262691836735,657.876946530612,578.11715,715.89702244898,597.652116326531,484.868096938776,1046.02417142857,566.435408367347,622.950955102041,675.499068367347,1465.3897744898,738.2251,460.450771428571,840.231941836735,382.338696938776,785.364391428571,1117.9020377551,837.067639795919,819.255943877551,1350.43712857143,1151.27872857143,1746.83781122449,907.246416326531,1219.4312355102,1326.65585,896.371154081633,1733.77863877551,1359.80708367347,1151.57531734694,1297.30865612245,1378.69891734694,1377.35980510204,1036.3316,1664.08612653061,813.109452040816,791.50078367347,1036.28061734694,1231.00805306122,1103.46391632653,391.951556122449,801.547042857143,1024.7586377551,511.190033673469,586.23995,814.621206122449,768.284187755102,848.897152040816,823.92088877551,699.090339795919,510.342733673469,1129.84787040816,621.132917346939,590.019195918368,675.016259183674,533.063418367347,655.644916326531,634.721144897959,1091.69141836735,1345.72138540816,1164.18733979592,1179.76706020408,825.846517346939,330.101184489796,562.66372244898,1067.42304387755,1108.60321632653,867.331329591837,1652.76729897959,1060.86356632653,932.627057142857,1163.47054795918,834.232996938776,613.786686734694,637.714675510204,785.001491836735,1324.55235,1025.72958979592,1196.04564387755,1230.02316632653,1560.38872653061,1350.75861938776,961.290957142857,1285.08189489796,1075.02801428571,943.112553061225,1139.49027346939,1049.23388265306,1336.80979591837,925.010385714286,1518.94313163265,1231.06104693878,1178.80244489796,1330.2479877551,1435.77833061225,977.643942857143,1076.46130397959,1265.71737142857,1380.87611326531,890.113605102041,1289.85156122449,1695.70887346939,1274.37216632653,1468.40321428571,1094.73510306122,745.218128571429,1220.6733944898,1228.29912040816,1578.27575612245,1414.8392744898,572.373256122449,665.14902244898,463.227573469388,884.443503061225,860.821354081633,1146.05814897959,493.075469387755,498.510896938776,433.960974489796,677.375879591837,1104.14476428571,949.066573469388,926.640206122449,757.791143877551,814.581594897959,838.904347959184,617.185747959184,568.023147959184,1302.37475908163,1621.64761683673,1081.11283163265,1065.2440755102,612.426708163265,920.453924489796,611.023017346939,876.700495918368,938.374797959184,825.847331632653,1092.97827653061,825.287643877551,1124.79336938776,979.762439795918,1393.52251428571,1074.28804897959,625.491095918367,883.374976530612,1055.5534755102,635.17816122449,555.51973877551,971.12207244898,755.225731632653,783.064462244898,840.174035714286,579.412395306122,954.973510204082,642.283710857143,868.397360204082,972.688794897959,1551.7057755102,1192.22209081633,1071.0252877551,305.971007755102,816.859797959184,971.966033673469,1100.06955408163,577.724137755102,853.329360204082,772.183037755102,542.659774489796,1069.74106530612,1059.39437897959,496.700271428571,471.718906122449,789.753857142857,789.017756122449,806.157540816326,1000.08093877551,1076.33974489796,994.185787755102,1453.44723979592,532.921494897959,1020.07661122449,923.65793877551,1857.52802755102,1516.43355408163,814.106382653061,1232.9399755102,1462.7495755102,1192.45192244898,1284.05428163265,1484.21383673469,833.817204081633,549.957108163265,754.9586,873.194014285714,1092.73506530612,1678.10499489796,1524.65068979592,1357.58404285714,1209.93847653061,1089.76536887755,1021.90661938776,408.003056122449,673.651178571429,859.702265306123,718.112119387755,610.34804,898.167750714286,1448.98802653061,1315.76530918367,1107.01521122449,1391.53393061225,1064.32101326531,1143.36190816327,1121.18260102041,943.410657142857,845.512180612245,1183.56605,1064.48572653061,859.186619387755,1423.75648469388,1518.2696122449,1347.45662040816,858.732297959184,1304.29718163265,1060.96299081633,1324.25474897959,1494.45534285714,910.525126530612,631.278957142857,718.257528571429,1054.66754489796,389.107215306122,883.196941836735,963.30033367347,1399.3931255102,967.200901428571,946.465028571429,660.996108877551,1360.81173979592,1248.26713877551,994.341255510204,986.27582755102,813.748778571429,608.883410204082,1320.78692653061,812.385031632653,1107.34081734694,1397.68458265306,938.775329591837,829.601964285714,1433.34104795918,965.091221428572,1621.48531122449,1477.55805408163,653.905326530612,874.627626530612,551.865542244898,1037.3765744898,735.950990816327,1109.95320816327,744.932516326531,818.827124489796,669.259161632653,488.41092755102,1164.10476938776,1526.28878877551,1070.7449377551,1218.18128408163,1009.99552142857,1323.12365816327,406.908986734694,1151.39297346939,941.446518367347,1156.52017040816,1424.81864591837,1011.57426938776,973.316269387755,679.055127551021,502.859381632653,806.977654081633,910.158387755102,1169.86656122449,1256.98415612245,912.709998979592,1121.09967244898,1075.94976530612,1382.92126938776,632.476839795918,883.738977551021,1391.94120918367,1553.11644795918,1148.24076285714,1035.51706938776,775.585887755102,885.318460714286,995.505926938776,525.981003061225,494.81557244898,976.693893877551,1057.23503367347,957.317306122449,809.469058163265,1008.84657795918,1453.66145612245,893.783278571429,930.502220408163,1166.17728163265,1190.59544285714,1049.44198877551,1267.46994693878,703.28633877551,302.553312040816,879.134721428571,873.233185714286,814.384414285714,1048.11620816327,1457.5248755102,952.838373469388,1036.29505,1062.92558367347,865.60242244898,889.990704081633,1157.47087755102,939.030773469388,484.057395918367,814.573473469388,1144.87707193878,1079.71046020408,594.129931632653,1318.78732653061,794.222508163265,954.297062244898,1351.55495102041,1631.52361326531,832.488192857143,758.164592857143,423.372629591837,1140.49831734694,1308.90872346939,1249.43360612245,677.877629591837,1072.29381734694,866.913557142857,778.853986734694,782.845435714286,1093.51434897959,1035.08415714286,801.233735714286,901.793839795919,901.291695918368,857.270068367347,1745.06541530612,1196.62577653061,895.400457142857,838.231083673469,835.901419387755,807.573065306123,847.66506122449,697.214626122449,1176.67572244898,821.548841836735,258.075579387755,1161.98122244898,940.305952040816,608.820693877551,899.394223469388,612.727270408163,1283.09621632653,889.244615306122,1310.24167142857,1544.35604591837,1258.33477755102,975.786197959184,1020.21236326531,1279.94226530612,976.840376530613,589.721807142857,837.746941836735,966.027697959184,806.62672755102,1262.1498255102,1337.90041734694,1225.48527653061,1143.16208469388,910.562834693878,1052.92018265306,1182.1643744898,1231.29696938776,1238.78973979592,965.634205102041,698.559143877551,1472.31594693878,1419.97348653061,774.411715306122,839.476708163265,959.723878571429,871.868764285714,1176.44976326531,996.30363367347,720.995081632653,790.992125510204,1169.60263571429,1253.73340653061,666.765042040816,931.71007244898,551.142573469388,1285.76675632653,1123.67804897959,957.099464285714,1773.53411734694,1099.73326734694,1230.34761020408,941.348714285714,1179.75591326531,1456.38675204082,893.809195510204,1407.21845204082,923.138837755102,640.752874489796,1178.61967755102,1229.50669897959,1072.13364693878,1074.51398571429,444.459735714286,1204.65489693878,1113.86685816327,875.079455102041,1160.52627040816,865.856731632653,658.706123469388,1277.34664795918,674.294131632653,716.304139795918,1042.18249183673,959.033655102041,788.151663673469,687.044768367347,648.6775,1078.83383979592,459.90428877551,1005.57128877551,1129.0162622449,882.286316326531,1135.62911734694,768.652504081633,889.466893877551,1062.03812163265,1030.76098571429,1078.91883571429,717.643242653061,709.389928367347,719.128259897959,338.450007346939,525.411214591837,739.966976530612,1201.55065408163,705.195271428572,1147.7165377551,1037.68170408163,1237.02314612245,1031.09171428571,1283.9255,1130.04127683674,647.393925510204,377.729656122449,927.022316122449,1069.22516938776,816.603651020408,1400.62069489796,1561.47834693878,776.261705102041,841.0668,784.509923469388,1348.54755306122,496.446094897959,971.770426530612,909.131227551021,976.812544897959,894.24685,912.997813265306,747.804348979592,1081.32242959184,1311.42276836735,1138.78099183673,934.151376530612,829.78735,651.467989836735,970.510841836735,705.579720408163,1037.26402142857,975.813967346939,831.72376122449,559.382579591837,944.320358163265,813.843734693878,695.268141836735,1097.86066122449,1164.09822244898,1034.72618632653,1631.50626122449,1387.3630255102,560.130246938776,923.646319387755,923.528873469388,1107.47834591837,850.140356122449,722.428960204082,834.749481632653,970.487543061225,1100.89421530612,1088.90098469388,1485.97993673469,1615.8291377551,1295.1121622449,1042.88709020408,876.63744244898,624.777713265306,572.874223469388,396.25647244898,537.19221122449,259.435712244898,655.028826530612,1124.91915714286,846.343057142857,657.475067346939,627.015201020408,667.582127551021,1019.91433469388,525.058196938776,719.149512244898,969.200693877551,1166.42398673469,905.259757142857,1423.73744285714,1350.79727653061,546.613724489796,832.598146938776,984.736573469388,833.713883469388,645.569325510204,773.335765306123,317.313639795918,442.932423469388,903.636994897959,1026.6984755102,1228.64827857143,1323.93500204082,570.314953061225,1257.18694387755,584.512803061225,1375.13041836735,1096.46451428571,970.309178571429,999.040271428572,1214.16718469388,600.022968367347,533.491265306123,446.843395918367,1190.60396326531,1121.20862408163,724.677630612245,859.336867346939,780.202062244898,1143.12060408163,1395.82789183674,1289.17501938776,1457.70362857143,1242.00839693878,1475.54112755102,987.377382653061,814.779112244898,860.405142857143,1310.70307887755,866.389230612245,1170.74089183673,911.95093622449,1443.02247244898,1000.50881530612,1441.02230714286,618.250337755102,896.700808163265,1332.59033979592,1395.6361755102,596.931581020408,760.673725510204,893.73936122449,764.612876530612,1907.40420204082,1204.56653673469,1022.2558377551,1570.93716836735,1583.78258877551,1213.68646734694,1251.38141734694,694.594998979592,913.507081632653,1150.20363469388,1479.46306846939,793.422313265306,715.900594897959,846.45566122449,1015.96490510204,903.019987755102,332.131329591837,564.794891836735,750.817190816327,974.40645,1187.67367346939,944.657710204082,1090.3045877551,695.96138877551,1033.17724795918,1199.4091255102,1156.91441326531,802.026268367347,1035.97102244898,1403.66761938776,1165.80922040816,1104.93474081633,1106.44485612245,1045.01649183673,1280.64267857143,1031.19550510204,1184.98493061225,713.453068367347,1008.50991938776,347.574704081633,834.694404081633,1208.4080755102,627.180898979592,420.302758571429,913.922255612245,1390.96157653061,902.511418367347,1016.39223265306,1281.42100918367,1004.97181938776,1064.74433877551,1300.9527244898,1121.16939285714,1134.91195510204,1177.55887653061,1052.30976530612,1258.0529622449,1039.01880306122,1158.27689183673,1203.00649387755,922.316402857143,1044.24835408163,755.060627551021,908.8234,1042.54466530612,990.348963265306,708.155932653061,399.557612244898,1147.91936836735,1191.43724591837,426.580660204082,977.781467346939,763.15933367347,991.167379591837,1312.56501428571,1148.35683571429,385.492579591837,696.836346938776,527.726953061225,525.340009387755,1182.1848744898,413.605005102041,1207.79067959184,904.209703061225,805.651716326531,900.602686734694,1049.93309693878,1323.52824897959,867.866667346939,924.898686020408,654.538481632653,1044.59593469388,1210.48300816327,900.946751020408,1121.03371428571,1276.21634387755,1450.66165306122,1434.60314591837,1482.85354489796,914.31696122449,762.092564285714,1187.88668979592,809.670248979592,919.466775102041,428.129142653061,891.446984693878,845.45987244898,660.937044897959,773.585706122449,659.002404081633,1143.15705,1221.67728571429,1648.81988285714,1552.73952959184,1129.14110510204,830.621309183674,939.550502040817,744.415521428571,660.345686734694,1084.58089387755,863.178470408163,562.668090816327,648.302186734694,1429.09885612245,680.564784693878,935.55507755102,1110.77401734694,1535.78830816327,960.296696938776,1423.77071938775,1534.07122755102,1152.79553163265,1201.92288867347,1038.60114285714,1621.43724693878,1317.77613571429,802.048457142857,878.547582653061,996.355014285714,881.616718367347,1223.41137142857,1229.95649897959,1101.92304081633,944.293752040817,1232.36479795918,1016.01025510204,1017.89138163265,656.97892244898,934.988523469388,638.07167755102,1359.10144591837,1494.79861836735,670.828113265306,1148.3408755102,893.925034693878,807.716670408163,917.889746938776,546.621603061225,695.387474489796,683.866644897959,1111.27224183673,1399.53719183673,619.421239795918,965.16728877551,948.299757142857,354.298480612245,1102.82139285714,674.651548979592,1063.37507346939,618.817973469388,731.344515306123,702.004218367347,1075.02558265306,1105.64253673469,1572.65139591837,810.042278571429,787.600652040816,1635.76376632653,1150.1138122449,938.195587755102,1092.73435510204,1242.03284081633,852.445262653061,1254.26271530612,1006.9678255102,828.517625510204,1030.04301122449,1068.08812653061,740.087455102041,917.127197959184,1148.77244285714,914.95755,993.978651020408,1659.14293367347,1155.06200612245,1299.5456122449,1351.57581836735,1058.45757346939,810.87947755102,1021.42593877551,741.794333673469,979.669855102041,810.208146938775,706.223477061224,582.091543877551,1080.51954285714,1305.48619693878,1138.62761938775,1671.79717755102,1477.38658367347,1633.36254081633,1187.01401530612,1076.67793877551,1606.38670714286,948.714039795919,1174.46935,789.704730612245,1289.86776428571,963.138494897959,1461.46115408163,924.353910204082,870.384046938776,915.941546938776,1562.73985,770.277027551021,659.295864285714,812.8297,671.744190816327,963.969205102041,1250.97175,794.108560204082,718.428276530612,627.485965306123,1436.87433877551,997.35086122449,616.047065306122,1228.06681938776,1141.71688367347,726.282119183673,1037.0777244898,1024.68703571429,1082.09096530612,1239.02784183673,1429.79841938776,963.41922244898,1096.9676255102,545.043643877551,484.618943877551,911.123914285714,1627.82759183673,1105.17013979592,1055.58318469388,1075.6492527551,1332.80129938776,687.472453061225,976.270854081633,787.904804081633,923.271570408163,1124.99939795918,1091.81978673469,1428.55511122449,709.335723469388,643.641169387755,1033.86036632653,1060.19502244898,634.429789795918,1284.1087622449,1161.43256314286,487.557257142857,594.845999693878,1183.85587040816,976.546951020408,1027.76604081633,543.092874489796,732.126334693878,706.793751836735,971.167984897959,1115.53336836735,1045.50885306122,1107.73267653061,1244.06308163265,1148.51080714286,685.024591836735,1194.75278265306,943.421887755102,1008.32789387755,624.673326530612,638.382580612245,654.046155102041,866.776298979592,755.737932653061,595.272423469388,551.6955,985.720734693878,1262.13666836735,726.995807142857,589.28282755102,540.10233,969.111764285715,970.18511122449,1108.8666877551,805.537225510204,968.409448979592,809.848114285714,699.861905102041,1038.20362,833.783375510204,888.050121428572,398.654325510204,967.685620408163,931.796408163265,1036.7890877551,1186.86926530612,1014.11675510204,1078.8360244898,748.197326530612,938.300057142857,1270.59251836735,651.325067346939,552.563371428571,1233.26528571429,797.868397959184,843.522620408163,669.862660204082,620.813076530612,841.946273469388,707.098892857143,604.560180612245,1193.67467244898,1288.22719183674,1207.79975714286,972.10467244898,985.069586734694,900.161231632653,575.467202755102,1324.18552040816,1619.9038255102,632.69197244898,564.367492857143,773.326152040816,377.312963061224,346.813135102041,572.228209183674,628.715366326531,409.680880612245,456.487356530612,594.066005102041,1039.17537102041,881.707860204082,1648.28110306122,734.825669183674,856.512002653061,1166.23235102041,1298.17501530612,1390.6787255102,1068.19107142857,606.107731632653,646.928196938776,713.484869387755,538.98900244898,581.30005244898,814.695975510204,621.255873469388,823.151648979592,1222.87096530612,1139.99998877551,1374.67091530612,1146.69492346939,975.073760204082,1662.96938265306,1262.45477857143,1279.75855306122,923.599891836735,961.552157142857,1009.20444897959,404.109871428571,745.370315306122,509.838595918367,830.492068367347,1160.20453265306,1324.83137244898,1397.45367959184,1227.58150204082,1243.14218673469,1343.48157346939,1197.73677346939,1568.56235204082,1123.76338673469,842.402780816327,744.580004693878,915.192442857143,980.0068,666.022098979592,634.701408163266,999.090629591837,951.251364285714,634.167032653061,710.567025510204,826.409451020408,1034.44428265306,1228.65841428571,1365.6305122449,1389.01354183673,977.423597959184,945.997430612245,745.247885714286,474.261982653061,1286.49575816327,1066.68451836735,1224.92597040816,870.217534693877,655.824598979592,1729.91698979592,1152.25683877551,600.508203061225,593.888071428571,874.434578571429,1102.19228673469,915.54735244898,854.136856122449,871.66885122449,953.956500857143,989.56381122449,819.299004081633,482.479153061224,1086.2512377551,1131.06570102041,1027.1020122449,751.557335714286,555.573313673469,724.974705102041,436.934801020408,709.92445,1057.23989489796,1023.49428367347,1194.66124897959,942.510251020408,855.304081632653,981.762430612245,861.350820408163,1149.5714244898,571.994112244898,569.215719387755,960.967751020408,1163.67932142857,945.558729591837,1092.3281,1052.8614877551,742.016166326531,1183.05360816327,734.487621428572,825.136905102041,982.287624489796,487.001992857143,839.498178571429,827.093556122449,1088.78135204082,890.978803061225,1035.70009693878,1338.88205510204,1602.25679183674,801.298920816327,745.693278979592,1024.83051020408,814.216970408163,640.567562244898,768.309307142857,770.138484693878,971.833046938776,732.845998979592,1041.13246428571,1011.68327959184,1149.23557346939,818.231687755102,600.890680612245,834.202557142857,1079.98152244898,741.43833367347,892.525813673469,879.48148244898,1018.16110306122,1179.51103938776,856.433164285715,666.003016326531,825.933514285714,788.297548979592,907.873277959184,1218.16193673469,615.290740816327,569.336384693878,361.806675510204,881.665252040816,820.360341836735,1063.79765408163,438.248191836735,548.955362244898,1241.98495816327,1435.62585102041,974.726345918368,988.937533673469,482.202018367347,1289.11320306122,1043.63535102041,588.194248979592,606.11061122449,547.376231632653,567.307869387755,791.150540816327,983.55818877551,1189.25396632653,1204.79722142857,619.818279591837,725.005475510204,1392.53428163265,1171.49539285714,1000.45355510204,1093.56628163265,756.33718877551,893.585721428572,798.20757244898,482.635623469388,564.049583673469,1029.05143367347,756.835252040816,328.217343877551,1082.41926632653,1115.45298571429,890.252169387755,952.971890816327,864.538867346939,464.97665,1514.32404795918,764.718555306123,1026.64289591837,1486.20674897959,1652.75819693878,711.183634693878,1295.6000244898,808.58945377551,781.467706122449,732.660773673469,1172.52268163265,1010.24911122449,862.545817346939,1359.70005918367,1348.19568469388,931.965368469388,782.503889795919,1072.9166,938.120104081632,1092.86873265306,713.4689,901.722451020408,1075.11812244898,1300.90084183673,873.041404081633,1148.64923265306,741.941892857143,735.540736734694,413.503066326531,619.277923469388,1641.32627346939,1285.09730510204,998.122702040816,506.208153061225,826.711275510204,840.717344897959,495.439684693878,683.02791122449,596.51365,917.391348979592,1093.13293061225,1178.76517959184,697.865532653061,1105.29652346939,857.408184693878,1438.17399693878,1545.13961836735,1024.93567653061,1101.76434081633,816.325886734694,978.6525,615.498953061224,1053.15445204082,687.47458877551,885.174619387755,721.339214979592,675.203223469388,1080.1749,605.071821428572,441.606944897959,655.280857142857,1099.78083163265,512.713776530612,1582.04483469388,1283.71813979592,1651.69883877551,1398.36593061224,1526.1758755102,919.272876530612,1013.44052142857,1075.45176530612,1050.84007755102,903.196608163265,838.827356122449,1035.25153265306,766.6541,371.342422857143,296.452655510204,652.326792857143,843.19176244898,939.242198979592,879.160353061225,713.65583877551,1147.68541428571,986.1169,711.479617346939,675.565257142857,659.865030612245,998.382730612245,1400.71942959184,1076.0875105102,1200.71307755102,1754.42820918367,566.13117244898,1025.47912142857,824.528544897959,575.45324877551,852.924098265306,952.942159183674,950.386081632653,931.602316326531,1324.01750918367,1154.75965714286,569.462413265306,497.322391836735,699.890897959184,402.429059183673,528.602786734694,1386.62200510204,1161.25425816327,888.978787755102,857.235693877551,514.207668367347,1319.28451204082,1224.08020816327,1419.94070510204,1521.72698367347,1713.46778367347,1044.00110612245,1199.43734693878,1175.31847857143,786.355484693878,919.5267,1573.06031428571,1010.45191734694,879.776740816327,698.544290816327,814.679171428572,800.400282653061,1085.48566836735,1048.5993877551,826.075328571429,932.420317346939,795.924523469388,958.720524489796,1158.64948979592,1100.14060204082,596.276544897959,1165.48153367347,898.761170408163,746.026819387755,804.52347244898,602.656318979592,1183.07405102041,1731.59483979592,1169.40006734694,873.852226530612,977.940077040816,675.187970408163,919.10828744898,1147.67445918367,822.558340408163,540.258708163265,1110.36055612245,900.3742,1094.56321836735,1306.29331734694,858.059131632653,1374.40428265306,791.36698367347,672.292690816327,766.75465,488.565840816327,853.991425265306,776.701210204082,814.387715306123,1263.50370408163,597.47156122449,1229.5891755102,1000.1467244898,1133.95081122449,931.951275510204,638.26076122449,494.766039183673,857.621987755102,798.741714285714,714.13993877551,1571.27934693878,1004.17390816327,1066.70323163265,689.298028571429,942.542942857143,883.406230612245,1197.47734081633,1405.43373571429,1444.24267244898,909.134306122449,964.591697959184,738.865670408163,661.179676530612,827.021505102041,706.885207142857,692.626637755102,1011.79787653061,1327.39893979592,1070.81644489796,662.681816326531,879.775429591837,845.591557142857,988.839652040817,1212.72425918367,837.125741836735,375.270438571429,601.376193877551,726.749886734694,895.585016326531,1053.80072857143,927.332885714286,1279.80657040816,1597.13428418367,1252.48408602041,1170.83456428571,1067.59399387755,817.863510204082,1076.20623673469,1286.28848163265,1493.4964755102,1053.45344795918,889.905614285714,807.305648979592,635.926404081633,842.965970408163,1263.06550979592,870.599906122449,802.84032244898,1115.03344897959,1070.25242755102,1084.36629591837,1612.67696122449,1358.9813275,1562.28730918367,947.9921,969.545909387755,851.095652040816,1230.77497244898,1295.42501326531,1423.61620714286,1391.52597653061,1001.79732653061,1014.83209489796,678.864610204082,1297.31111326531,999.487103061225,1056.8907877551,1021.71958367347,1473.46924591837,1410.40220102041,918.18098877551,1247.34133469388,1131.49974285714,488.262898979592,691.104607142857,728.57147755102,783.509497959184,1547.85959795918,806.320690816327,1231.24302346939,995.485560204082,743.903035714286,612.861308163265,828.091176530612,858.318476530612,546.091791836735,466.933244897959,906.87282244898,1060.208845,963.444908163265,1570.03727653061,1104.93407040816,993.569029591837,590.810981428571,746.173354081633,1058.71522244898,1118.29625408163,1000.39566836735,928.953494897959,1126.32967142857,864.411651020408,963.624504081633,1481.40300510204,1395.67322346939,942.902191836735,1155.80439489796,1587.04517040816,1020.58112040816,1617.55393265306,1794.66710612245,1464.08247346939,1614.45463877551,1588.58105204082,1205.04303265306,1122.86266122449,1222.18890612245,978.880497959184,972.073223469388,909.038434693878,1180.16698877551,676.630646938776,674.467381632653,1096.25164183673,1122.41976428571,703.170881632653,659.897684693878,769.24807244898,1245.30916632653,984.635368367347,884.392943877551,1215.70090612245,1060.17000204082,1078.57410612245,1161.9542744898,1593.24359591837,1021.59659183673,914.277942857143,648.362737755102,463.166312244898,838.137136734694,1317.59226530612,1215.80525,991.411224489796,683.408120408163,863.773868367347,1223.34290897959,1114.79900897959,944.749707142857,1535.53828061224,1064.77966693878,1349.17371020408,1067.25971734694,918.509047959184,1004.17238061224,676.692871428572,613.047976530612,588.991336734694,966.213842857143,1111.89487857143,1345.85754693878,1365.73703163265,1029.4595755102,1164.88049387755,825.278584693878,1057.66776122449,847.204659183674,1297.82053632653,918.886290816327,1229.88797653061,1184.06463673469,1057.75112142857,1328.77867244898,1239.60581122449,1048.53252857143,745.195609183674,1236.67241428571,797.120682653061,772.421521428572,1008.42091122449,1195.11838877551,1294.60049183674,884.156701020408,743.537771428571,1142.92463673469,1227.83861428571,1153.02306428571,1152.63565306122,1032.70556591837,829.918735714286,1150.81518693878,932.867537755102,1105.60819897959,1348.27885612245,1275.15649693878,1112.46156632653,1101.13236938776,1298.41578438776,1289.62613571429,1374.96981755102,1202.35966326531,1278.15655102041,1214.82026020408,1240.67561938776,835.20412244898,440.756929591837,828.958824489796,1083.30075510204,1385.51356530612,1327.55073061224,1186.24152653061,844.63797244898,1073.37311938776,824.439528571429,541.304316326531,684.618019387755,615.6173,745.420640816327,1497.12111020408,532.936774489796,1035.73202653061,1140.69778571429,941.712356122449,1633.53742244898,1273.5092755102,1162.00653367347,1298.28255102041,789.107806122449,557.899319591837,1352.04307755102,727.240770408163,728.777731632653,530.149114285714,1346.81380510204,1281.49633163265,636.917367346939,1025.89996571429,560.969632653061,957.274484693878,706.663379591837,613.08448367347,1036.07577142857,1120.80588979592,1264.39241122449,1102.29455408163,974.902419387755,886.420906122449,1788.50696428571,1065.39665102041,728.893794897959,869.578592857143,1229.52020918367,933.916551020408,731.546778469388,965.140776530612,524.718917346939,754.409968367347,378.606071938776,1037.9575255102,727.42942244898,916.539413265306,1115.99600510204,1067.02573877551,1479.1934744898,1401.66105714286,1022.74266836735,885.983453061225,805.740554081633,1257.7747622449,961.787816326531,677.464624489796,991.004956122449,1073.96401326531,779.597557142857,769.196508163265,690.675252040816,960.417623469388,542.649548979592,1162.98152857143,983.884379591837,746.848808163265,1255.98147663265,897.798010204082,1399.88968163265,1241.41604387755,1406.17703673469,828.730029591837,694.050788367347,1145.41941632653,1503.10525,1249.87025,1006.63144591837,680.92577244898,740.46943877551,1241.76355816327,829.272241836735,1459.21916836735,1145.74420612245,656.545801020408,627.967701020408,518.211767346939,1966.76629897959,1638.20025408163,882.130676530612,1321.08484081633,1504.57906734694,605.305825714286,895.546823469388,971.03641367347,867.714182653061,933.908877346939,775.991801020408,921.766981632653,1266.8287244898,1157.4907744898,894.05051122449,1266.37548469388,1020.75055510204,1404.49156734694,1302.95768979592,1137.60788061225,1312.80930714286,520.331732653061,1627.04275,1044.73224285714,895.476219387755,695.079581632653,632.410084693878,1199.51359112245,603.085089795919,760.80535,1240.88347857143,466.184775510204,533.545531632653,744.893604081633,948.156126530612,1233.87827244898,1259.72075408163,959.760006122449,779.948182653061,850.504812244898,1560.42454489796,1195.42595714286,743.982229591837,875.368465306123,1091.12461734694,1009.12474693878,852.152941836735,1116.74242142857,1031.5979,1305.23433571429,964.083731632653,779.441860204082,1331.74916765306,1376.30262632653,1092.92008469388,1257.75032142857,719.066315204082,1224.91690306122,547.578815,898.992983673469,664.164304081633,1000.49678877551,972.92737755102,1111.07130306122,529.183226530612,610.329226530612,780.61418367347,1114.74773265306,997.186575510204,1179.42761938776,1130.5694744898,1269.21783061225,824.170108163265,1007.43375306122,832.326142857143,1256.45012510204,793.698732244898,1205.93985602041,896.629881530612,508.400737346939,673.829382551021,531.801736836735,302.671978571429,841.71715122449,746.580859183674,996.457601020408,889.82520877551,800.982503061225,574.312444897959,645.700868367347,496.746712244898,1348.3293755102,1154.67079693878,887.489607142857,1528.55589591837,1132.80239795918,1570.97457959184,1013.34621653061,817.865452040816,829.48467877551,814.049671428572,445.810534693878,1118.58616632653,434.822536734694,369.151574489796,1050.45497653061,605.48012244898,1250.1468744898,810.599591836735,413.609024489796,446.063409183674,1354.67298265306,621.23547755102,1013.30132142857,1466.33244438776,1087.37019183673,876.424712244898,1821.30349489796,788.349658163265,1075.87608265306,1114.51156938776,660.926796,670.908970408163,502.341646938776,719.761403061225,774.613565306123,1165.26438265306,452.188969693878,1230.90670816327,1446.01022959184,766.320476530612,815.69822244898,898.372529591837,748.604998979592,1049.3341377551,831.138123469388,877.497523469388,891.752767346939,771.85368367347,972.231884693878,1483.37981020408,1230.19111938775,875.103592857143,839.803430612245,519.604002653061,929.996796938776,794.720604693877,988.51325,629.697939489796,786.621012244898,780.77425,821.886530612245,234.144406938776,891.388256122449,717.926923469388,1287.08990816327,887.56572367347,1251.1418244898,1160.75536530612,862.458503061225,522.33196755102,725.595104081633,905.859301020408,989.215851020408,744.048707142857,724.663673469388,1062.13932346939,1097.32870204082,1150.92955306122,565.974574489796,698.540341836735,613.196698979592,516.495451428571,795.412615306123,795.749389795919,405.876721428571,671.077851020408,628.615153061224,883.033064285714,1060.85845204082,1570.34199387755,1060.2945255102,951.664880612245,1094.33625816327,1629.22155816327,1402.67258571429,1390.01644081633,1315.19256734694,721.498967346939,1130.07695714286,1155.77609183674,491.917021428572,514.966926530612,557.448079591837,1048.12828469388,1283.92008469388,1168.64600408163,1020.84106020408,859.871747959184,1270.63416428571,790.731659795919,1296.72402755102,684.589965306123,1237.65466530612,1261.03410714286,678.335368061225,1273.36796122449,1237.54353979592,675.179164285714,548.543146938776,1505.35349591837,1120.7855,1178.28258765306,766.010160204082,1363.12806122449,1441.50714795918,1367.62344122449,683.747795918367,1578.03983938776,1158.35258367347,1126.40490989796,1106.54050989796,588.79703367347,674.51757244898,1433.97742244898,940.901190816327,670.756190816327,248.653375510204,781.506363265306,1569.60565204082,578.648264285714,1152.31421020408,641.075739795918,810.645646938776,972.525478571429,1252.97656020408,1489.58030204082,1151.38073571429,1449.9485622449,1327.91092040816,1177.60265714286,1076.94320408163,1267.19789897959,1041.91339081633,629.439931020408,1260.09606530612,858.706045918367,1261.78729591837,1318.19205918367,1248.88915408163,691.972546938776,1428.42551428571,1250.98901734694,1063.93053469388,1380.31665,1157.23142857143,818.838256326531,679.392291020408,717.958856122449,680.776409183674,840.883245918367,1003.19422857143,1395.25734387755,775.363271428572,1324.36407755102,977.141658163265,1129.57423367347,830.318391836735,1356.9657,1094.96946020408,1146.91952142857,1124.37499183673,1430.00912857143,921.861190816327,576.504244897959,316.125442857143,792.084190816327,418.954308367347,434.677869387755,804.563424489796,768.512465306123,1057.69709081633,795.511331632653,1229.00561632653,717.756240816327,822.227945918367,511.672828571429,440.111452040816,992.618184693878,817.017913265306,710.70702755102,816.751416326531,1618.06961734694,638.330130612245,963.22008877551,893.776635714286,1027.13392142857,1288.68296734694,629.843453061225,371.531875510204,591.768610204082,452.297300408163,644.374552040816,362.079981632653,670.148979591837,723.693044897959,1289.85676530612,1394.84571428571,1334.78609285714,1193.6594755102,939.224606122449,627.794355510204,663.45062755102,1000.1303377551,1033.25260918367,1057.47260204082,484.223923469388,790.658944897959,943.37651122449,1093.01799897959,820.446679591837,1327.9660622449,1265.12786428571,1297.40568367347,1191.53583265306,398.672320408163,849.65047244898,613.111825510204,988.728230612245,1300.37789081633,898.864575510204,949.665655102041,721.05205,783.311782653061,719.592354081633,868.709807142857,970.084615306123,911.428469387755,1227.49158367347,960.985341836735,625.298748979592,689.106443877551,1290.07787142857,1179.01795510204,1446.75996530612,990.419786734694,1290.69858265306,1289.29808591837,716.898171632653,762.837104693878,978.135207142857,865.766216326531,747.588676530612,564.283870408163,582.706101020408,1070.24102959184,1272.19319183673,1063.59886938776,1227.23218367347,785.550153061225,558.636555102041,767.811553061225,717.835467346939,700.810653061225,986.019417346939,807.303148979592,338.195294081633,1331.36794285714,1281.67446020408,1030.47805,988.428655102041,1293.2320122449,853.285876530612,1019.33782244898,838.835767346939,1048.25403673469,460.681517346939,802.418339795918,1002.21936020408,967.593876530613,1021.64757755102,1054.82958979592,742.160389795918,851.279165306122,470.007859183674,822.057407142857,877.536147959184,1035.55538877551,748.808097959184,1188.58259081633,701.751753061225,1209.13848979592,1419.79536326531,1352.93176326531,1226.53688265306,868.94611122449,659.077639591837,1607.13471632653,1876.70189795918,1748.02364693878,1582.88577142857,994.195505102041,1243.56182346939,1166.17157040816,928.577466326531,1017.44854428571,803.798382653061,798.261673469388,1270.32366020408,1213.33294285714,1553.45500714286,1552.0612244898,1356.92842346939,724.397068367347,1126.89816428571,1401.55758265306,1255.61345918367,698.989518061225,402.5436,1150.31000204082,778.09275,1323.98559693878,1299.91131836735,1342.68735918367,1234.43304693878,1110.32342346939,1417.50266428571,945.529786734694,806.389103061225,1318.52143061225,1585.15574285714,1956.3541755102,1242.27388469388,905.093567346939,1223.05014285714,557.379357142857,867.145586734694,1019.95823061225,803.238220408163,1063.0123,1167.3707877551,783.271764285714,842.667431632653,723.409451020408,924.418108163266,817.090848979592,1130.9227755102,528.390392857143,1012.76799897959,991.896617346939,887.990939795919,920.58678877551,613.117357142857,557.176625510204,1229.3559877551,1261.76923061225,886.804968367347,872.497382653061,1056.24841632653,674.074165306122,950.008104081633,1149.71579183673,884.900166326531,1418.3408755102,1160.2118244898,1215.40975306122,1540.97352867347,1250.60437857143,1220.7691622449,1002.72535010204,1303.59524285714,632.936347959184,703.200718367347,832.898632653061,1328.35095306122,854.661766326531,712.039590816327,1068.03163163265,863.540068367347,1106.60798265306,1130.7780122449,1304.15127857143,887.515396938776,639.158176530612,1528.65546816327,1387.44437857143,900.416309489796,1860.06982346939,1104.82371938776,1184.1811,944.766234693878,871.899655102041,977.56467244898,516.437009183674,912.176368979592,1180.24726632653,856.329356122449,1222.00586632653,931.173526530612,869.697002040816,878.6284,705.119443061225,689.589304285714,888.663275510204,935.832805102041,938.301575510204,923.268068265306,875.023530612245,1264.44840918367,1416.15137346939,891.548271428572,1156.46712142857,796.97485,997.192271428572,731.986553061225,1547.25822734694,1336.6529377551,799.348421428572,1126.5154377551,1059.3403877551,978.471525510204,1089.89604285714,981.065515306123,1434.83105408163,1693.25164795918,1941.22696020408,1344.32050408163,1081.20916428571,814.685236122449,721.805737428571,622.400274489796,939.277510204082,1219.29582755102,1261.24118469388,1068.93069183673,1526.0767377551,761.809681632653,1022.20745612245,1445.2423255102,1470.10398265306,907.498736734694,1509.2949122449,667.742073469388,765.970391836735,1106.03425816327,1038.9040877551,962.809143877551,1215.15977346939,1120.06461755102,791.194485714286,1411.24946938776,1756.01392653061,1449.72984591837,1225.51654489796,842.12287755102,812.854110204082,922.626468367347,921.901898979592,1203.05778265306,1257.42375102041,1037.09642040816,829.016445918367,664.171480612245,599.83241122449,760.579416122449,1111.89589897959,553.670587755102,1275.64435816327,594.928965612245,749.472921428572,695.471065306123,1106.13246102041,533.46113877551,530.323074489796,884.650775510204,424.335294285714,962.518718367347,516.764126530612,773.266364285714,639.828026530612,861.042979591837,632.626453061225,539.295212244898,1022.44471734694,827.054068367347,564.376140816327,978.10918877551,1300.89740816327,1095.65550204082,950.185203061225,1369.31915102041,993.73307755102,885.669265306122,1104.66165040816,593.724298979592,677.403916326531,1417.11227857143,865.546715306123,916.990096938776,1006.50825897959,938.211716326531,682.466047959184,997.421917346939,804.362570408163,918.259107142857,707.252558163265,871.051767346939,1144.92936530612,937.308148979592,1043.96061122449,1178.53195714286,702.617868367347,995.196704081633,1002.29814591837,639.946406122449,1060.08982755102,920.041752040816,1133.48162857143,917.08543877551,1465.23025408163,1167.00525816327,1038.68434081633,612.58226877551,1114.39562142857,795.022209183674,905.7683,665.036766326531,932.99586122449,729.37876122449,737.909113265306,1566.15093367347,1262.97770714286,874.954134693878,842.563328571429,901.372045918367,1046.56950612245,586.019051020408,631.038041836735,906.967340816327,401.907308979592,631.142780612245,693.866339795919,445.480726122449,683.075046938776,723.774675510204,911.621321938776,753.707726734694,754.359914285714,549.229528571429,394.02818877551,816.649706122449,581.32968877551,616.680251020408,826.366220408163,1091.54002959184,862.505757142857,863.572478571429,970.575243877551,1412.14757040816,1319.73061734694,538.219701632653,1078.65645918367,1331.07951734694,761.808941836735,878.854485714286,538.652529591837,738.64018622449,1051.57699693878,942.240094897959,545.473378571429,993.216957142857,846.731423469388,769.638296938776,778.51351122449,902.508763265306,1185.33702040816,1147.8755744898,1161.97653061224,714.882528571429,939.931657142857,1584.52379693878,1332.88047857143,1284.5420155102,1267.02330918367,1135.54955204082,960.125852040816,433.406995918367,1168.11117346939,521.753334693878,865.079589795918,625.182601020408,1356.07479897959,1356.96425510204,1221.99966530612,944.091179591837,1046.17703877551,616.374941836735,1343.75476040816,780.488386734694,979.988427142857,1141.40803979592,615.159502040816,1079.38213061225,844.852185612245,956.719300204082,1015.74455816327,1025.93626020408,1075.70804387755,1071.50353163265,971.552306122449,689.267223469388,1330.11044897959,1176.51941530612,786.037593877551,536.841765102041,706.850241836735,669.910437346939,706.641274489796,1633.4897,1126.25700102041,1129.19023061225,1690.90665102041,1446.35245714286,941.307724489796,1229.8170055102,890.74908877551,1056.86897755102,733.583570408163,1020.57909693878,999.068647959184,780.053947959184,899.180526530612,967.750354081633,1149.10695714286,1623.83418163265,893.62477244898,647.240831632653,907.448970102041,738.926198979592,960.395410204082,981.674051020408,1110.79718479592,780.456471122449,772.455804897959,1012.13086020408,871.899741836735,879.017683673469,597.962422857143,805.319277551021,931.742610204082,905.793351632653,965.008984693878,703.07903367347,938.866234693878,1017.00868061225,841.379141836735,1278.29904489796,744.957476530612,1024.93812142857,712.285216326531,643.142908163265,832.248984693878,1245.85622346939,1228.83648061225,896.173510204082,415.666994897959,571.853580612245,441.372012244898,724.286953061224,844.813032653061,831.706468367347,569.724068367347,756.125264285714,163.850423877551,1287.54451122449,951.681558163265,768.328640816327,1437.97387959184,1235.99070816327,1380.75459591837,1016.15200612245,1273.96651122449,749.63903877551,759.645559591837,965.747856122449,688.863170408163,595.022639795918,752.06723877551,1444.9280755102,1518.1852122449,703.405298979592,1466.36555816327,1209.52013367347,645.247573469388,938.78956122449,654.492837755102,514.557837755102,1025.3262377551,641.270600510204,1023.88578469388,990.724796938776,1052.35922755102,831.578419387755,900.751991836735,509.139993877551,434.255371428571,702.728806122449,871.311304081633,982.541483673469,1055.40422653061,949.05122244898,1230.21094693878,758.433992857143,804.002775510204,717.37788877551,952.738360204082,981.26441122449,766.066133877551,857.995964285715,699.311209183674,1372.92282244898,888.171037755102,966.23812244898,1309.90730510204,1398.95715102041,1655.57461326531,838.60883877551,1013.95138163265,604.060060204082,712.903553061225,1170.9863,848.110918367347,926.08881122449,498.093191836735,1124.05873367347,929.607567346939,1264.47186530612,991.840447959184,1177.06731020408,822.280565306123,715.739152040816,1478.22503571429,1375.97200714286,959.836867346939,1571.66787693878,1261.64995714286,666.19513,837.3196,465.482873469388,588.45858877551,1177.2931,1017.56429081633,1017.18701632653,1118.88373367347,1477.41540510204,1428.14096540816,578.969012959184,1115.1922622449,697.810982653062,895.854487755102,1450.74714591837,1448.37291836735,1330.08486530612,1102.51471530612,1823.85575510204,1297.62270918367,1540.36096632653,1125.22179285714,822.31597244898,991.76943367347,1051.64702244898,975.76355,536.856802040816,991.339669387755,1020.87990173469,1125.5435622449,820.798206122449,973.707098979592,1097.19067142857,928.293292653061,1351.35972959184,1749.12531632653,1462.71678979592,1020.2000377551,1651.42744795918,1199.03628673469,1224.49608469388,961.209628571429,757.047017346939,506.707000918367,1266.42410306122,831.570697959184,989.775993877551,775.082765306123,758.195919387755,1178.85691836735,2155.4704122449,1380.00388979592,862.026527551021,996.727336734694,591.005136734694,589.880002040816,1108.62744081633,1148.072035,818.96146244898,960.299335714286,576.401565306123,555.543984693878,822.114452653061,762.823813265306,581.8152,787.727659183673,1106.77096010204,1030.06786530612,701.941163265306,951.013705102041,1118.7718377551,1103.19507653061,959.722986938776,812.299605102041,931.600303061225,1762.70290102041,1872.01150510204,1249.64528061224,1054.24284795918,583.06462244898,650.502125510204,1037.02654755102,1509.04473367347,832.942767142857,419.308567142857,735.053612244898,847.948490816327,1190.87385816327,750.522554081633,516.043235714286,800.016346938776,822.019682653061,684.428581632653,1002.99255102041,1458.2414377551,1559.42973979592,819.422179387755,1060.07524489796,978.982296938776,1264.29620204082,1165.15357040816,783.827590816327,1162.49031326531,713.48748877551,1356.38782959184,1007.68495714286,1027.37205918367,710.341597959184,1628.64338265306,1316.15889693878,909.8531,801.943514285714,530.287820408163,1214.41913265306,417.680152040816,630.500180612245,1501.90281938776,1441.90708979592,1308.0449455102,1305.58400204082,1391.03432857143,692.196691836735,401.856219081633,631.598252653061,677.856142857143,590.325294897959,924.233657142857,1390.72628163265,1258.45750714286,1345.70263469388,1333.59842346939,537.959613163265,1306.01085816327,875.840925714286,770.699666326531,877.634100306123,695.156805102041,836.439636734694,805.92061122449,1107.11761676531,1025.72476268367,1015.39433979592,839.836630612245,1188.6941877551,804.344630612245,1091.13860510204,796.608523469388,1032.57825714286,1480.31423469388,974.310733673469,1318.61030408163,534.200798979592,498.952741836735,429.738750408163,741.234875918367,613.55132755102,1097.8765622449,1454.23458265306,1448.06665142857,1468.63412653061,1224.44180959184,1056.87482653061,629.860282653061,673.991232653061,939.510186734694,1237.75865612245,1813.60365714286,1252.29696020408,928.059459183673,842.348596938776,930.645702040816,910.520178571429,1003.21130408163,1185.02467244898,1040.03790408163,935.387574489796,753.013282653061,1390.61096428571,1065.65649795918,936.540127551021,1167.6750244898,985.001813265306,896.055617346939,948.996210204082,784.353984693878,1787.09974693878,1703.69188163265,1371.71865306122,799.95556122449,1348.47365408163,880.274811938776,1720.78180408163,1100.56207142857,1139.15978979592,820.306567346939,1152.69253642857,700.772402040816,807.390502040817,455.799288163265,937.009953061225,1054.94992755102,1112.79024693878,1276.25766836735,1033.64659795918,751.00103367347,612.050178571429,646.765034693878,607.755009183674,804.334127551021,210.950252653061,469.713864285714,1183.63176428571,850.246534693878,624.112537755102,738.178729591837,378.134635918367,1015.32554183673,735.766152040816,1353.5046255102,1220.21716530612,614.813748877551,598.037373673469,1121.70498163265,1097.19728571429,1776.32996122449,1809.46353877551,1245.04191183673,1112.49329081633,553.732168367347,796.839619387755,689.586219387755,784.560329591837,287.774971428571,1280.36128163265,688.105236938776,1125.04108795918,918.161762244898,1036.50695510204,695.99316122449,476.577194897959,973.837207142857,1257.86759795918,760.79345,771.085343877551,967.86549122449,1060.76268469388,1618.44204183673,1179.13123469388,1043.0704,1354.72814897959,1400.03260816327,1007.80003877551,609.890666836735,778.99844244898,675.799346938776,838.371083469388,1070.61180510204,668.455837755102,859.326710204082,414.245597959184,1041.89687653061,740.241139795918,1010.0889877551,1036.60967346939,655.605936734694,861.723353061225,727.672615306123,1096.29382244898,1036.86696020408,925.487136734694,1250.14211020408,1015.3715744898,1204.65707040816,679.624138979592,716.524661836735,831.327090816327,1010.17457244898,1449.89249897959,1087.02803979592,1025.02278632653,600.545438571429,1025.88579081633,1315.48089285714,1386.92345714286,1266.76950408163,1214.37029285714,1741.01672755102,1224.13819795918,996.402659183674,782.211279591837,956.94492244898,974.488373469388,1271.51645918367,1149.75663204082,837.199109183674,750.745564285714,1372.13521530612,1145.82978061225,1137.27660918367,1100.48981632653,839.79798877551,930.6678,905.522737244898,706.765568367347,927.324829489796,1038.72576489796,932.920384693878,746.143445306122,1239.83480346939,793.420998979592,636.528617346939,787.876169387755,1616.40155612245,796.972786734694,731.94103367347,844.381684693878,658.44021122449,573.89221122449,637.147710204082,621.409583673469,710.81043877551,1119.29925816327,707.690401020408,1139.3351244898,1666.26979183673,999.890390816327,1223.29480714286,882.298928571429,953.838959183674,1242.34825816327,1025.3184622449,840.861486734694,924.451106326531,763.682455102041,1247.63084387755,1510.01234489796,1037.29540408163,955.871965306123,1150.93192959184,1060.03794489796,1286.07283061225,748.460371428572,667.649874489796,1012.4315255102,1098.96329795918,559.754203061224,806.015101020408,857.081992857143,1221.4150255102,642.7617,1002.36984285714,1134.30519183673,759.865092857143,929.109183673469,541.565095918367,322.712624489796,557.120701020408,709.119585714286,940.733520408163,1256.15685918367,1526.44437040816,997.856539387755,671.382942857143,1066.13848571429,1109.60142653061,680.783318367347,836.28387244898,1078.85823061225,1405.39641530612,1389.23990102041,1126.94179591837,1405.10949489796,1000.72860714286,975.179357142857,1003.95776938776,955.792088877551,1062.26755510204,1009.67178673469,1083.3464122449,1180.06815306122,1017.37942040816,1220.01938877551,792.73501122449,571.12592244898,508.043614285714,556.204792857143,1236.53220408163,835.087914285714,920.687953469388,669.829339795918,653.259883673469,1355.67867183674,1220.19816020408,548.398406122449,1135.8282755102,771.827304081633,1257.00935510204,784.168076530612,954.090428571429,933.025252040816,703.665110204082,817.389276530612,1630.60267959184,1617.71862142857,624.158055102041,1314.89617040816,891.546858163265,1237.92570714286,528.216716326531,1201.99783265306,704.005024489796,673.032346938776,737.51822244898,852.368944897959,1194.22584591837,786.649479591837,716.759657142857,974.970220897959,736.436889795918,951.425548979592,979.112176938776,1319.3569377551,1374.09576530612,803.879245918367,982.067427551021,1054.03689795918,1052.48282142857,944.114771428572,801.5601,720.379792857143,1469.40233469388,1704.7928744898,1338.3272277551,1722.79463571429,1451.58951122449,1486.90431326531,1904.94430816327,631.00323877551,1143.02925918367,1047.48568877551,1125.64722132653,919.635586734694,1230.27970612245,852.183806122449,1043.85623265306,769.07066122449,1642.74899795918,1361.54342040816,937.902743877551,1059.71157653061,421.15047244898,372.988051020408,1523.18138163265,842.229123469388,608.652429591837,1085.28624489796,1110.27340510204,1192.35526122449,1009.05856122449,1148.83069897959,773.514967346939,1161.26097857143,673.262907142857,1023.37516020408,809.523741836735,1186.65121326531,847.615889387755,843.557817346939,957.838632653061,351.864770408163,968.957305102041,942.354298979592,736.127374489796,1174.20953469388,919.158446938776,721.751965306123,970.702115306123,1187.24960102041,1197.69821836735,1391.9101,893.572976530612,573.163190816327,529.025507142857,962.910973469388,680.104691836735,959.083990816327,1343.12119591837,1279.52720408163,955.659642857143,977.020566326531,658.971670408163,501.91325,1300.86432040816,1226.74562755102,1128.86588877551,824.710565816327,1002.4312744898,1536.07607755102,1304.40754387755,927.590564285715,938.381556122449,896.493218163266,998.54947244898,752.023548979592,626.836955102041,902.990355102041,1473.1536377551,1271.11831938776,899.526126530612,813.607178571429,885.887475510204,565.434235714286,531.454596938776,850.546746938776,1215.06119693878,988.169465306122,320.93667755102,1186.0354622449,867.851663265306,813.33846122449,382.930171428571,331.782448979592,656.800266326531,646.312916326531,597.375474489796,1015.23240204082,1243.15447142857,943.396890816327,1028.33096938775,1112.03318469388,566.119615102041,873.353937142857,929.875720408163,1266.73893163265,785.888121428571,665.875009387755,727.573512244898,1016.88914693878,716.045425510204,610.826808163265,1002.22666734694,853.552228571429,883.963151020408,1065.24125102041,1108.67226122449,633.51432244898,1269.63432244898,1066.18278265306,1122.71366530612,616.427366938776,996.775942857143,559.723403061225,651.544920408163,1076.31667040816,1224.13039285714,1844.70075714286,1127.61632040816,1372.05180326531,814.070553265306,806.240623469388,1342.28601020408,998.069906122449,990.231926530612,726.829309183674,840.69402244898,841.320544897959,1016.97853204082,778.460360204082,564.585775510204,1054.14676836735,1031.98511561225,465.401117346939,1000.95417244898,1169.88931530612,1229.15124693878,1263.13640816327,1071.05176122449,1228.36528469388,948.10733367347,387.944693877551,585.318348979592,983.12022244898,650.884364285714,935.631498979592,1122.6860877551,1212.40164285714,538.465687755102,1369.41352346939,1028.0065877551,1014.23394081633,752.139243877551,721.001515918367,1237.54674285714,755.399226530612,587.47237244898,657.191012244898,319.427426734694,628.033612244898,571.462118979592,864.920046428571,1023.49374285714,483.397216326531,726.993893877551,788.779647959184,646.717693877551,766.500615306123,741.206107142857,599.169806938776,726.248487755102,1098.50611938776,677.534247653061,771.34862244898,579.436389795919,987.387770408163,1367.85059693878,1225.40401938775,689.495168367347,603.977158163265,914.853652040817,1099.9933877551,688.594990816327,1077.48825102041,407.141436734694,556.637686734694,991.528592857143,968.656420408163,1234.19804959184,947.899909795919,776.711266326531,776.712395918368,518.241143877551,818.583783673469,1040.3067244898,1135.9375744898,871.416910204082,1743.93055887755,1220.30412857143,1020.71301734694,751.733298979592,796.189804081633,1114.57439183673,575.650487755102,1125.16954387755,685.536797959184,550.609342040816,1244.93096326531,804.136239795919,993.686764183674,644.898794489796,468.31817244898,1405.7612877551,1114.64804816327,957.856625714286,1088.71352030612,1325.75789316327,1481.98774387755,1405.56935408163,1591.01015612245,777.565202040816,1002.15843061225,686.481029591837,970.966936734694,1293.12314489796,1044.40243163265,1508.07042959184,1348.07309795918,1539.05172030612,1039.84599489796,1145.67860408163,942.511571428572,1034.07156020408,803.739787755102,540.217109183674,669.665579591837,1055.00565204082,979.981653061225,979.286884693878,881.919358163265,1599.68630836735,1070.00191428571,572.41103367347,737.054402040816,789.47815,689.450295918367,689.298347959184,895.252343877551,887.777408163265,1162.8723244898,1235.32796632653,706.719593877551,727.923328571429,544.330088673469,845.879175510204,768.046051020408,1024.57411530612,1198.8575377551,1086.28989755102,726.774169387755,1138.83383163265,869.468777857143,1537.25733163265,1196.14457857143,443.662298979592,1223.09911326531,722.006240816327,603.808906326531,675.253909183674,1212.08334795918,425.308123571429,591.611478571429,768.069482653061,1051.69045408163,1361.18488673469,815.933730612245,1239.59064489796,1168.91001530612,980.68236122449,976.558774489796,811.081208163265,868.954653061225,1164.23227142857,768.630194897959,1164.58142040816,741.875939795918,693.846131632653,844.069158163265,864.027086836735,782.195762244898,981.584854081633,550.485458163265,538.7399,650.260798163265,1045.06587969388,1170.28852693878,888.135915306123,591.459767346939,689.064737755102,861.010759183674,1364.49383979592,665.48277244898,586.912039795918,711.525992857143,1070.77931632653,1335.41355,1096.0661,738.394583265306,541.923218367347,342.260915306122,574.903471428571,1137.09575510204,843.593280510204,1066.13754183673,1009.07572857143,914.687339795918,804.06142244898,827.02287244898,843.460439795919,1216.19162244898,867.265313265306,1124.58177653061,1098.77919591837,954.366998979592,625.974902040816,843.724647959184,661.12271122449,1184.08555714286,815.67147244898,942.69363877551,604.253601020408,441.834880612245,676.125233673469,786.535929591837,1048.83882683673,894.931046938775,1155.16649591837,797.011428571429,1019.04981836735,494.263628571429,987.38274489796
29.8775510204082,1268.97317040816,1525.04543979592,866.026359183673,1452.03975714286,1678.16980306122,777.355244897959,762.773823469388,735.029142857143,874.793102040816,1459.43556530612,1665.01312959184,741.700171428571,1243.77054540816,1531.5015122449,2039.58522244898,1573.0665244898,1119.08168367347,1545.03190836735,914.580197959184,1118.54477959184,1261.4910255102,908.583736734694,1027.09160204082,1221.15057142857,782.132215306122,815.804392857143,1188.22237755102,710.590819387755,805.344537040816,871.397583673469,573.539227755102,437.185320204082,1063.33003265306,1358.16080408163,1048.2012,1167.12468979592,909.285029591837,856.244796938775,710.308436530612,853.182684693878,845.778736734694,722.520491836735,1682.71361020408,1120.64705714286,811.869039795918,1424.1129622449,1281.64457755102,1231.12070612245,1338.82159897959,1005.10231122449,412.255881122449,1674.10363571429,915.605554081633,639.227103061224,908.005523469388,994.530106734694,1263.07949795918,1457.87134285714,1657.03344387755,1201.61287591837,1264.59128469388,1070.88085,1125.49572755102,1042.26792857143,808.570385714286,1041.56138469388,1279.95821428571,1348.5176,1125.3927122449,990.366321428571,1212.52937142857,565.638573469388,819.387559183673,926.090504081633,627.696286734694,593.157154081633,839.273479591837,746.808994897959,1549.2085,1445.38363265306,704.461123469388,1104.86904897959,963.735741836735,854.473454081633,801.165786734694,961.372067346939,1015.41484693878,910.270786734694,809.261443877551,1904.33398877551,1390.72508877551,1572.82238326531,1192.03682633673,631.439805102041,529.955221428571,761.76946555102,529.300536734694,947.34386122449,751.030367346939,862.600775510204,1302.72103877551,1207.94163877551,1290.35347040816,1285.09498877551,1505.48137040816,1792.32953367347,653.08373877551,1627.21755408163,1337.90050612245,1665.36878367347,1277.02951734694,1288.11264387755,1678.94479081633,1083.28204591837,943.123972653061,1450.583,695.21727755102,764.662480612245,1627.81701530612,1655.92488367347,828.073501020408,854.116998979592,1137.3726877551,778.777714285714,1249.71089397959,1209.64254183673,1263.79148877551,1264.66405816327,1269.55256836735,910.729556122449,1115.39539183673,893.064751020408,552.997325510204,257.454555,1197.29967336735,697.97588877551,469.284996938775,1303.60875408163,1417.22875816327,1663.13128265306,388.232034897959,416.385523469388,645.64808877551,441.096664285714,737.46756122449,1125.67643061224,764.116114285714,1147.42963979592,1278.90805510204,1253.93980938776,1302.34895693878,1559.01925693878,820.32006122449,1229.15235,862.902044897959,987.595545918367,1199.11878571429,1167.29311938776,1091.85425693878,782.49647122449,1043.7073144898,1243.79529387755,698.450707142857,1217.96066122449,1089.79160408163,1009.52680510204,900.151863265306,934.259024489796,831.567425306122,289.278397306122,867.497193877551,1332.84640918367,1432.39793673469,1083.83955510204,1485.4596755102,1077.11947244898,1184.77964693878,1516.56103265306,422.29436122449,858.316481530612,840.258424183673,1006.89163979592,1155.94427346939,1506.07343673469,1362.16331326531,1202.75448265306,1190.7605,519.876109183674,580.563229591837,1010.82131326531,841.0874,1162.04922857143,1406.31218979592,1803.11296530612,640.904335714286,753.336656122449,789.58717755102,1027.6631877551,1269.69681326531,465.299151020408,1241.19393020408,408.487595918367,667.890726530612,701.040645714286,1157.04094897959,1040.15694693878,1256.58090612245,1200.71464081633,848.771114285714,1343.76515408163,1396.8947622449,1313.3387244898,1444.58340204082,1473.41999591837,894.399844489796,1200.81060408163,902.26416122449,1204.41129693878,1065.10514387755,1466.03306632653,1116.77924918367,1240.84881326531,1538.38887959184,816.147932653061,1074.95711020408,984.142553061224,954.874832653061,1236.49012653061,937.260463265306,915.698664285714,1105.10600510204,1635.06905918367,826.090359183673,1167.2417377551,813.412819387755,570.324945918367,946.993253469388,892.171223469388,409.798415306122,799.506668367347,920.177994897959,1062.39094591837,636.098066326531,1471.45237040816,1463.15401642857,1371.99526836735,1260.05515306122,1391.18364489796,758.235894897959,795.298077857143,674.660893163265,1182.85682857143,1238.4652877551,1743.75434795918,1438.4754,1790.37774081633,1030.43813061225,1423.24749285714,1015.41777653061,1281.27243265306,1271.38299591837,768.125697959184,770.143504081633,805.103460408163,962.760018367347,1198.14281836735,939.918091836735,1264.56286122449,886.080259183673,1421.15492346939,471.572943367347,821.619633673469,1354.8664377551,957.846336734694,1274.32923163265,1041.02134897959,1645.67976428571,1563.69442244898,1225.46319693878,1232.40985102041,1037.04775,1160.21084285714,1345.85201632653,1441.12848265306,1426.96237755102,1053.70781081633,795.440926122449,874.434375816327,1097.93761428571,958.215055102041,825.541526530612,821.027228571429,979.688881632653,1189.04492244898,1375.64082755102,540.122509183673,1000.03473673469,1340.05045306122,996.595187755102,740.962492857143,451.12273,1105.38460102041,1533.6595122449,1172.58993163265,1046.26687346939,976.608479897959,945.761987346939,496.260147959184,459.877062244898,490.955917346939,1113.07702040816,878.299786734694,962.112410204082,1053.73579897959,1390.31081122449,1286.87396938775,968.253917346939,1173.21513061225,1192.69576326531,738.773654081633,759.88361122449,1522.74098061225,1826.52004081633,1344.55672755102,865.984301020408,707.860466326531,825.210576530612,1071.45716836735,1262.32157857143,1102.10478265306,557.881708163265,978.037106122449,1181.43959285714,1183.59794489796,763.643432653061,406.820589183673,510.858487755102,756.018422448979,778.82380377551,798.369065306122,934.180040816326,1150.20536020408,1816.68054387755,1066.03468877551,996.952297755102,766.197343877551,838.248809183673,780.834547959184,990.499581632653,657.044987244898,1441.56085408163,1457.90227653061,972.185207142857,799.697705102041,1203.08838673469,1056.51434387755,1138.46655612245,1110.97762755102,1078.52777244898,1473.76834591837,1491.93174081633,871.930236734694,806.38366122449,937.264323469388,1127.8989244898,1381.28801326531,1310.4303,1078.14479183673,785.43381122449,559.355060816326,1047.65582653061,909.60846122449,1214.69146530612,1386.84656326531,908.443190816326,997.196791836735,1142.96916836735,909.452328571429,1124.20882857143,1351.89933469388,1224.14502244898,1037.80874795918,1209.87175306122,1221.23396326531,818.759776530612,628.056403469388,952.656004081632,1230.88532959184,1750.44791020408,1103.14987346939,691.169209183674,773.729634693877,616.46038877551,586.269856122449,1101.25712346939,808.353744897959,695.315339387755,1863.02079081633,1203.30284489796,1011.82390163265,1010.35928408163,1155.40951326531,940.478020408163,1046.69755204082,1234.20327653061,1098.5831377551,705.11027244898,766.905367346939,875.033814285714,977.745395510204,1003.25510816327,905.119858163265,975.494391836735,1482.75710612245,1021.76300408163,894.591828571429,970.448091836735,522.87426122449,1133.71931540816,1042.20585204082,794.566021428571,1169.13753469388,1532.25081734694,854.131735714286,633.099828163265,490.691975510204,647.578254489796,789.910090408163,1266.16594081633,1509.46338979592,1245.48197653061,1052.99076530612,779.883802040816,1227.12597142857,1512.82040204082,769.248687755102,926.764760204082,898.531956122449,1056.35029979592,1083.36590816327,715.533865306122,1189.31365,1485.43310408163,1247.12003265306,1233.31814285714,1122.5704744898,837.840212244898,901.829825510204,718.589044897959,1118.77328265306,966.952797959184,1181.77573367347,688.029887755102,985.112704081633,789.526363265306,892.74202755102,1139.69212346939,1126.98732040816,1471.18281326531,1838.42585306122,1341.87645714286,843.695673469388,878.602612244898,1262.62984285714,1448.79051632653,1445.96264918367,1396.39120612245,1359.13320612245,1148.67314897959,1343.14931020408,935.988671428571,1164.75888602041,1406.22415306122,1296.1713877551,991.317572448979,1192.2075622449,702.728633265306,520.650089795918,861.856542857143,1370.01449285714,2087.61285714286,1874.51180612245,1409.34027857143,1014.68515204082,908.486597040816,568.391315102041,1019.42777857143,530.693641836735,679.925066734694,1086.12224489796,1681.83565306122,827.209089795918,970.770098979592,949.270131632653,1143.87900612245,989.816922857143,1770.30632755102,1044.84898469388,1224.52964387755,941.90481877551,832.960157142857,668.013957142857,920.315591836735,1105.55420306122,821.619902040816,584.104861020408,1181.37666632653,717.972571428571,650.444562244898,836.98917244898,626.824276530612,805.654062244898,1189.33618163265,1372.58149795918,956.962386734694,723.574353061224,1263.33802040816,1307.04164285714,1245.96559081633,865.580236734694,1203.60773673469,840.641768367347,1101.57008163265,956.085068367347,424.218867244898,737.781525510204,485.37332244898,551.544976530612,1067.84915816327,832.632168367347,1069.02210918367,1016.09776428571,1116.82768061224,1601.20673469388,854.978640816327,1050.23938469388,604.957433061224,960.029684693877,702.981384693878,743.158481632653,472.81051122449,1023.59965816327,811.994897959184,782.322278571429,1221.13843469388,1276.2620122449,1312.4060122449,1333.99442642857,851.415872448979,912.714659285714,385.995633673469,378.832793877551,451.234407142857,635.359658163265,958.819984693877,1864.21674693878,1026.27271428571,827.605625510204,647.337627244898,1339.10462346939,994.167641836735,1696.54379489796,716.967209489796,869.417025510204,730.128169387755,799.224520408163,776.924990816326,698.341659183673,1421.39387142857,816.959780408163,800.297826530612,517.302480612245,698.184786734694,1206.17758877551,1269.36449081633,684.314418367347,854.446904081633,1023.38141122449,1175.38360979592,1185.87519183673,679.402335714286,1018.12469795918,1011.34847653061,1450.47935510204,940.824402040816,1010.1495622449,1419.64651020408,560.186234693878,687.460317346939,649.762615306122,838.058131632653,909.487246938775,475.358271428571,1671.71139591837,1079.8684622449,570.181223469388,917.809265306122,1728.63535306122,1347.91149183673,1167.17970612245,1658.72626020408,1571.48286428571,1326.23738163265,1213.44110397959,892.375102040816,1055.264415,936.554158163265,893.769431632653,1134.58674897959,1056.93063061224,1322.01898877551,1139.36043877551,1431.12432142857,1537.46231632653,1064.48516938776,1753.77937959184,1146.84751938776,1825.26359489796,1277.34966938776,1119.99532244898,1016.26749489796,702.656078571429,707.522939795918,1098.68258265306,1094.15743877551,1081.28736734694,708.86308877551,1042.37273877551,820.627009183673,580.344284693878,893.550075510204,429.348371428571,1007.17463367347,1391.37675408163,311.98403877551,1201.32592653061,381.669457142857,569.739134693878,576.949054081633,766.120709183674,667.624566326531,699.817704897959,1089.9422,1101.88782755102,1256.16725306122,1425.04657857143,950.600554081633,1291.65213571429,1408.04376428571,1391.60269183673,742.612168367347,834.866093877551,1207.82328571429,387.190116734694,1151.21633673469,746.81522244898,475.940476530612,1287.72934285714,1130.47471714286,1465.42343857143,1380.68562857143,979.580610204081,855.456811938775,1531.13659653061,763.643602040816,1087.83444387755,1613.14104285714,1029.28882428571,1437.24169285714,954.090520408163,445.527566326531,657.250596938776,1033.87246122449,1073.01856734694,992.59966122449,1427.89530816327,1510.26706122449,757.067119387755,787.170924489796,709.888841836735,847.490879591837,747.605755102041,946.965709183673,1120.51001734694,779.150714285714,1052.74648571429,1190.57123469388,966.310675510204,830.400470408163,1334.98706020408,1248.59249387755,1591.33703969388,1015.49459693878,1128.86712244898,1210.08462244898,1017.51928102041,894.571190816326,1260.36636530612,1074.82515204082,991.195884693877,450.879491836735,839.21452755102,2155.12130612245,1146.20096122449,1131.57980306122,1247.59721530612,1154.52499387755,1001.5098744898,1359.48539285714,968.153347959184,659.280696938775,794.380182653061,898.639724489796,861.879196938776,777.379925510204,1084.74758979592,898.019689795918,794.874892857143,1192.83262857143,1052.96914081633,1077.42657142857,1324.12940642857,1707.91153163265,925.233313265306,1342.18963469388,918.533834693877,1328.69183367347,1158.36256836735,1271.3093955102,1150.25039489796,1225.75807653061,998.752471428571,747.453182653061,1032.64942653061,1326.96037346939,1178.50530816327,1694.76443571429,1482.47291734694,1174.76439,1209.52876530612,1281.90911122449,1407.43762959184,1208.81791591837,1204.13234795918,1523.72035612245,959.949868367347,763.408643877551,1401.56676632653,704.817903061224,951.176876530612,1652.99981428571,838.547746938775,963.144036734694,1409.48334897959,1338.3850255102,1032.72644183673,1652.45349387755,1234.08613673469,930.845989795919,680.139330918367,786.687021428571,1037.71229591837,725.12093877551,842.976969387755,967.148316326531,920.497553061224,525.395992857143,1027.76640918367,1068.26971326531,847.203948979592,1723.26960020408,1489.83375,1679.26843571429,1158.01927602041,909.2116,633.060880612245,852.081942857143,730.930975306122,1097.0212244898,1011.3776255102,914.553487755102,1144.93181836735,552.893677346939,386.076228571429,598.689078571429,641.896946938775,800.639901020408,868.608592857143,907.91467755102,842.18965,854.733090816326,505.386948571429,739.727987755102,816.256610204082,618.478318367347,870.624035714286,1058.92756734694,691.226031632653,512.925716326531,1276.31926428571,1059.82888571429,1496.27217857143,1630.17680510204,1627.83593673469,804.966134693878,567.668456122449,1085.6252377551,625.373023673469,1249.62222877551,1376.43851122449,1362.15916326531,1154.41350816327,1164.95674183673,1208.47944897959,1599.93786734694,1406.64424897959,1067.97558877551,1077.34393163265,962.507421428571,775.972595918367,724.128007142857,943.209002040816,1432.57140673469,1162.85342336735,865.077641734694,549.983414285714,956.53823877551,1199.74649591837,772.150081632653,777.779439795918,1044.1791622449,1335.1418744898,769.556516326531,1063.45127897959,1103.20823469388,1454.10873265306,1014.63930102041,1592.02475204082,954.134511836735,1240.62035714286,721.031895918367,917.804509183673,1194.31091326531,1208.00890816327,1110.92344938775,951.563432653061,990.74412244898,1377.73200510204,1383.92671530612,1475.29977040816,493.65556122449,379.348531632653,821.943452040816,1102.69267959184,564.763395714286,790.461578571429,1220.69042040816,785.823245918367,965.789486734694,956.970628571429,781.652923571429,928.414966326531,1028.32550204082,736.21683877551,835.764434693878,1171.7788244898,1126.57185714286,881.308635714286,785.043204081633,1993.8859,1408.96090102041,702.228791836735,509.131569387755,831.194948979592,1204.88058367347,631.722955102041,1031.70016530612,879.617109183673,874.1862,832.629717346939,1197.18896734694,1620.4681,1433.55864897959,1005.24442755102,1045.31607857143,1309.79243265306,1145.36610408163,908.905263877551,1099.81565714286,1299.23208959184,993.149938367347,1607.14423510204,532.128569795918,1043.28107755102,1107.58341326531,900.174556122449,1369.83568673469,1037.55567755102,1359.03717244898,1438.18786122449,762.272535714286,766.92573877551,1168.28308673469,1323.32370714286,1074.62967857143,649.831459183673,553.173859183673,859.637163265306,878.744263265306,1138.89632857143,1153.37519285714,586.592003061224,679.809366326531,832.313937755102,457.231590816327,1445.60506734694,1223.99782244898,1198.02070918367,1182.03842653061,1421.01412346939,1479.85972040816,1043.60619285714,796.898371428571,770.647921428572,1116.02714081633,846.411226530612,1012.94548367347,1061.36464795918,1275.05751020408,1197.60878469388,605.760818367347,1035.26027959184,354.481643877551,1078.70398877551,900.879842857143,980.096990816327,1179.98449081633,1214.3372255102,1266.68425408163,873.788559183673,1102.30096734694,1336.31585510204,1093.90190061225,1377.65444387755,1710.14596020408,1438.43824897959,1327.34800204082,1567.95425,1188.51961326531,1086.95309285714,1341.67209897959,1130.91305612245,950.621029591837,821.332992857143,953.310940816327,1297.12486734694,1365.7991255102,1556.23413061224,877.321436734694,1162.65167142857,1385.13698183673,871.820674285714,1237.93501530612,905.534919387755,1116.24678061224,1594.55401428571,1461.65826795918,1420.05816795918,1208.22587755102,853.079651020408,1565.61868571429,1745.39588265306,1616.29820204082,1714.46007653061,1577.33943367347,706.962580612245,1070.35258163265,952.746537755102,801.669542857143,665.842424489796,869.178935714286,743.641666326531,607.215139795918,1363.80946632653,1229.21985306122,888.032744897959,998.651903061224,1513.64425102041,1287.07407857143,823.243618367347,756.311040816327,1165.70812857143,1217.99178877551,1417.22654897959,683.189332653061,1484.51485020408,804.993064285714,1034.12436326531,898.594522448979,1174.82704183673,1040.70590204082,1154.71076020408,1205.40796938776,1292.94983163265,1173.55756938775,684.704971428571,930.365328571429,867.665808163265,809.112805102041,692.509581632653,1102.9955755102,835.491503061225,637.0118,1115.1262122449,1116.19874969388,851.846989795918,1185.79268163265,1368.00167857143,1057.03315714286,676.974543877551,1001.42326734694,860.363142857143,646.532587755102,1295.23079693878,1482.34594387755,1291.06608061225,931.909692857143,1078.74413469388,1045.43042244898,1387.74241530612,943.804982653061,711.911751020408,1352.08366857143,1026.87575714286,1301.56400612245,1115.36598571429,870.483105102041,539.626841326531,849.128305918367,932.569875510204,1330.77448163265,549.122213265306,556.01721122449,691.390267346939,1298.901185,726.510013265306,906.377040816326,1041.8769377551,1019.50130408163,1070.95067755102,1452.60630102041,1258.30643163265,458.848690816327,545.516206122449,1251.14251326531,1748.73646020408,1469.56907653061,1225.49519285714,903.895587755102,600.281992857143,940.319414285714,719.102309183673,777.375178571428,906.754163265306,595.629046938775,1370.36304081633,1394.93725816327,1267.33004591837,662.684019387755,1855.18135510204,1325.46120204082,1073.02797612245,1637.36844183673,1438.75557438776,1375.29286795918,1094.51432244898,749.214971428571,739.981894897959,915.280465510204,1245.93229387755,1031.37616326531,1390.28228061224,1072.08015306122,1184.63775918367,674.286436734694,714.421075510204,1013.02042857143,930.487114285714,740.790957142857,673.104697959184,1047.77252653061,877.665778571429,1415.84955204082,665.165317959184,1250.17719285714,1105.74408020408,919.282690306122,1243.13670816327,1053.9485244898,999.643519387755,886.881867346939,1088.18427755102,828.080404081633,1183.02250408163,1254.30101428571,1461.38174591837,1385.63367959184,1346.80356122449,1462.78969387755,1130.21211632653,961.394809183673,1001.32241816327,912.32386122449,1031.55970612245,1002.05161428571,602.513105102041,911.894710204082,2062.55781428571,1234.69388469388,943.932991836735,1133.26951938775,1102.31725497959,631.724816326531,776.366896938776,1027.23420183673,694.879523469388,717.533679591837,995.766769387755,750.714396938776,1570.25425816327,1322.67652510204,1060.74110102041,1000.25435306122,1155.95123877551,1122.9286877551,1309.26661326531,748.168026428571,507.97474755102,1200.03806020408,1677.8607622449,600.325528571429,1283.07158265306,834.701409183673,807.628648979592,1065.37639622449,1152.25438265306,1382.94824897959,1048.50942193878,1001.34513020408,1698.25697653061,883.741930612245,1830.08715510204,788.363905102041,785.68318877551,1310.2411,998.516319387755,1061.63097857143,714.327680612245,755.938418367347,774.483179591837,894.486053061225,1001.55309897959,1273.77773469388,1172.38374081633,1625.01806428571,1545.80689183673,1501.3618,1013.14148571429,1190.96795204082,663.056333673469,785.586678571428,770.113651020408,963.075531632653,1494.22983265306,1385.18407142857,1341.74031020408,1297.94614591837,1377.51913265306,1053.34745612245,1126.22323469388,447.360040612245,728.203244897959,759.119625510204,891.534531632653,810.823860204082,796.535732653061,1160.71466357143,1458.56624387755,888.962145918367,661.04429877551,914.132348979592,1564.67250816327,538.925155102041,1307.9738255102,1663.44718979592,1752.35561122449,1085.42855306122,797.838354081633,1384.92772346939,1158.39014591837,659.355587755102,815.193531632653,1089.19810204082,1053.25984081633,1032.73297244898,1051.09688265306,1208.6932122449,1123.41118571429,1073.37978061224,599.034480408163,757.507983673469,1094.53460714286,584.308796938775,1538.62189795918,652.496192857143,1255.75012857143,862.818523469388,1302.53150408163,770.439479591837,635.533184693878,1237.77295816327,865.402817346939,588.84783877551,981.567654081633,626.582002040816,616.458256122449,689.674831632653,720.491459183673,1048.1164877551,855.500380612245,996.316258163265,712.524755102041,891.967859183673,1534.37871734694,1119.12115408163,1174.0214244898,1260.01655428571,1252.93395377551,940.448516326531,808.361644897959,1053.57131836735,874.202317346939,999.837587959184,1165.13539081633,1112.20284489796,1083.80632346939,1098.68486122449,599.564201020408,834.272147959184,1174.88852959184,1160.10638163265,750.943587755102,1236.49819183673,1226.95252244898,833.824313265306,574.867663265306,886.377981632653,919.325252959184,1009.97521734694,942.747623469388,1025.90611326531,1002.01856326531,844.497607142857,1364.25222857143,899.846491836735,1075.48003265306,1300.33006428571,1079.46354285714,1770.12602244898,900.419062244898,1237.54089285714,650.873608163265,771.710266122449,983.412968367347,876.584823469388,1627.32219285714,1322.76798979592,1385.49246428571,1314.19125714286,976.061891836735,1221.84244387755,858.284984183673,876.700068367347,1159.6075377551,1395.99204897959,1340.53136020408,995.812947040816,1309.28922193878,1322.29039806122,1555.33004469388,1497.63926938775,1144.80117346939,761.315320408163,978.592409183673,938.486835714286,875.622839795918,487.975478571429,488.333171428571,533.710243877551,735.612839795918,967.546952040816,1574.12994081633,1298.38795408163,902.359332653061,752.889696938776,794.134373469388,902.664364285714,874.95541122449,1608.08825102041,925.278330612245,601.484355102041,859.141448979592,1130.98969285714,841.847479591837,1535.42551836735,1247.09301326531,1402.24618163265,780.449887755102,1163.49762857143,969.197589795918,949.135473469388,862.962714285714,1546.62351255102,1465.34071632653,1171.01674387755,969.352295918367,601.969432653061,1412.35789489796,1323.34306530612,1134.81634489796,1302.01695918367,973.910429591837,1085.79349795918,1500.10580408163,1090.14756122449,668.433479591837,1074.05208163265,546.11219622449,537.176654081633,427.686442040816,427.811951836735,447.02682755102,406.711882040816,1438.62697142857,1454.78957857143,1506.04901020408,1579.4746877551,1428.70267040816,850.037959183673,1050.23896612245,1305.00173265306,1228.76033,620.059942857143,241.786863265306,864.10017244898,754.873720408163,1152.83104183673,945.774939795918,2031.3246122449,687.877693877551,1349.01261632653,1633.10400816327,922.281458163265,969.137140816327,1231.24966938775,1566.50408367347,973.931520408163,859.898224489796,1014.39653316327,994.351685714286,901.601121428571,724.572149285714,858.792287755102,965.137751020408,971.171335714286,636.581097142857,1622.91868469388,588.322217346939,1255.34625612245,936.796848979592,1220.72421122449,755.597078571428,666.482235714286,1203.44178673469,919.28473122449,882.103917959184,1167.5318877551,954.697648979592,856.259816326531,1181.86684183673,1052.4070755102,645.260841020408,660.692236510204,900.853764489796,1103.74121020408,1012.84723061224,1103.63262040816,690.322293877551,804.810610204082,1292.52259795918,1445.62678673469,1205.60338673469,1731.87233265306,1601.16423673469,1102.06866836735,1385.95749795918,2088.45981836735,1109.56170408163,932.668881632653,606.399533673469,1250.12001734694,1028.39575612245,1001.26883061224,721.500209183673,1317.25133367347,428.109074489796,886.058967346939,981.065085714286,1017.80246530612,1293.22203877551,1382.30358163265,1457.70997142857,1285.33277959184,2202.79965612245,1184.19089489796,1079.93606734694,1634.1365377551,1515.29530714286,1247.97748979592,1616.13115204082,1100.98989285714,1271.67749285714,1014.12533163265,814.201192857143,930.267987755102,719.101992857143,748.467940102041,617.271178571429,758.82871122449,402.755121428571,801.409602040816,1298.45015979592,1176.11794183673,1811.77651938775,1604.98924897959,1337.25424489796,1037.77956938776,1114.54929897959,1678.23954387755,1319.47244081633,1101.7977,855.453429591837,1089.25683265306,1610.66026989796,773.474083673469,949.656979591837,1411.02752653061,1085.84274591837,506.870709183674,603.461633673469,923.688231632653,1365.31335306122,728.740314285714,1015.15079489796,672.348921428571,791.821182653061,1125.10416428571,651.418315306122,946.023067346939,833.858998979592,504.030474489796,551.480520408163,1077.6323744898,1543.62051938775,673.508491836735,1268.62198071429,1552.41573153061,987.993541836735,939.824510612245,1257.83193571429,1259.36402346939,1209.04313469388,1244.81326122449,1987.0377877551,1273.45594285714,1452.27962857143,1236.20650714286,1174.27190306122,971.579523469388,746.493226530612,1027.73243653061,896.416826530612,742.712226530612,891.839290816327,1395.49233877551,1178.5557755102,986.007913061224,1235.7996255102,942.393859183673,613.092163469388,1018.08992142857,728.345326938776,902.984045918367,571.478848979592,532.80571877551,690.603398979592,696.568104081633,460.939859183673,480.373576530612,1071.39454897959,615.465585714286,1167.66598061224,1161.12808571429,1201.89462040816,1239.49400612245,570.678003061224,1115.98903367347,1279.23300816327,1019.32309367347,271.910602040816,437.923796938775,1275.80753265306,1214.04887244898,1410.31254081633,1524.47666938776,1124.40148673469,1174.1919377551,624.13327244898,1533.02591530612,1594.23112755102,871.247534693878,658.174679591837,1095.69264591837,622.599656122449,1030.00160612245,1076.09305306122,1572.69461530612,766.2759,782.625645918367,619.6205,347.020342857143,451.606878367347,1294.41228163265,906.549069387755,884.82552755102,1426.75834428571,1294.01297346939,1054.93539081633,1213.21664183673,603.145375510204,934.65381122449,1011.86963163265,1102.00701938776,1216.10264081633,758.701324489796,1223.44261326531,1011.61589183673,1005.41838979592,809.798270408163,504.141584693878,1395.38992755102,1244.91444183673,1259.09487755102,1601.25019183673,731.973983673469,1271.57520714286,987.446742857143,1135.72735408163,1315.35802959184,1142.10158979592,1135.04253979592,1014.69745714286,1294.44900816327,984.752998979592,1099.63128163265,803.125159183673,836.795535714286,658.707332653061,957.396894183673,2071.25405102041,1173.28103877551,815.406324489796,1305.89147040816,867.988785510204,1322.24695306122,1071.37396530612,1270.40766122449,1450.12219795918,1312.03664489796,661.037301020408,886.412231632653,1206.81145714286,988.901553061225,932.898437755102,1580.83597346939,725.107489795918,998.101068367347,1235.19615918367,1225.45078061224,1558.67094081633,1005.1028244898,985.905479591837,847.015524489796,1088.06415918367,1186.17795612245,1060.92539489796,1177.71817653061,1710.97662755102,1136.42906326531,1139.15376632653,1297.83210510204,1147.20006632653,1044.55119295918,904.641587755102,1274.90545102041,1268.2819622449,921.129374489796,505.994702040816,1471.22954693878,1164.73967755102,602.021230612245,1121.79275397959,562.266791836735,1055.96547755102,809.008753061225,1280.99953346939,1081.07839591837,1230.91033571429,1347.52986020408,1160.34939693878,1155.93755510204,591.624075714286,814.162979591837,354.593338163265,707.523812244898,394.400163265306,1313.86497346939,1377.04087653061,1301.99853061224,923.967144897959,1731.50072959184,1544.61358367347,1142.90447142857,759.787059183673,1089.32720918367,1058.44971632653,1179.7659377551,871.275028571429,1280.08727418367,1340.4217744898,859.678101020408,1014.54974285714,1319.87785204082,1272.97347142857,1239.13191734694,1556.50680408163,977.104979591837,543.953413265306,1270.46278061224,1503.60256122449,1500.78242877551,1392.32606938776,1397.07400816327,1231.13242346939,1180.91823673469,894.842292857143,718.864462244898,1257.60829908163,1446.05795918367,751.10820355102,1099.46400204082,510.831825204082,1187.63684489796,732.641052040816,1001.26744387755,1007.6871244898,1292.18605510204,1215.8436244898,1109.5930755102,1105.18803571429,919.438093877551,641.243794897959,1031.05598673469,916.574112244898,529.943747959184,845.887376530612,928.536702040816,772.96821122449,1152.97542857143,1674.53560102041,975.245508163265,1126.31082653061,1494.31565204082,909.378247346939,933.363157142857,692.09272244898,1311.46625102041,1265.84003367347,905.012008163265,832.173318367347,1162.66546428571,942.077076530612,1323.36929183673,716.16226122449,550.603307142857,956.325266326531,765.551244897959,1316.51667857143,1197.52211836735,1215.14376734694,711.683701020408,1099.60760306122,1034.19395408163,846.463918163265,1202.96245,1260.72774285714,419.410834693878,845.229841836735,737.566817346939,647.266205102041,996.296508163265,1191.49870204082,1203.08850306122,1103.74704183673,1303.05769081633,911.622535714286,1368.77036122449,1192.65477857143,967.444968367347,997.186997959184,1139.45512959184,1510.80443265306,1096.36039081633,957.476891428571,1470.74475918367,1770.41994693878,932.075795816326,852.957266326531,1028.11791632653,1072.35429897959,1217.85300408163,1371.95913571429,866.695458163265,777.041654081633,373.440189795918,1013.23250204082,870.727319387755,1115.26934183673,943.295254081633,1262.39325204082,1151.31765816327,1379.17152959184,665.075859183674,796.844613265306,863.147941836735,967.631829591837,493.230101020408,709.368251020408,975.127462244898,937.995375510204,899.286910204082,1004.63928979592,1335.88974897959,762.517034693877,1413.52890510204,1037.83337755102,1196.35629795918,1493.29200204082,1300.59460714286,1000.26581326531,1370.07176020408,1536.51343673469,1624.77180102041,1028.22258673469,1283.65659795918,1368.59403367347,899.817962244898,744.97143367347,618.476874285714,513.925426326531,743.021930612245,688.267395510204,595.84985,807.429140816326,640.98103877551,524.682298979592,1086.25715714286,569.404826122449,649.202118367347,728.742856122449,1475.07445816327,858.816,473.483857142857,968.773880612245,429.460698979592,789.368867142857,1198.42004591837,1029.23631326531,993.605147959184,1577.79284285714,1393.09144285714,1765.87367040816,1006.01213877551,1229.92962183673,1422.56615,981.733184693878,1871.99467959184,1508.85996122449,1186.89917244898,1427.04445204082,1567.00467244898,1620.77096836735,1158.3499,1832.0315755102,918.940717346939,900.88536122449,1101.90927244898,1292.23425102041,1236.10903877551,419.335452040816,825.331814285714,1052.38354591837,528.29381122449,599.09875,962.779002040816,878.679995918367,942.339317346939,893.243529591837,792.780613265306,589.89221122449,1378.38552346939,642.03027244898,696.038565306122,797.627753061224,595.762206122449,719.81143877551,680.285281632653,1139.58550612245,1348.82797846939,1199.77511326531,1273.99948673469,945.99087244898,341.299888163265,620.883740816327,1262.81724795918,1137.42633877551,956.806876530612,1822.19666632653,1158.41538877551,1153.76948571429,1301.82228265306,982.011098979592,675.994362244898,654.662591836735,830.461430612245,1400.98535,1092.58596326531,1284.75694795918,1253.48438877551,1594.1707755102,1410.05173979592,1028.85368571429,1414.92973163265,1145.01767142857,1106.43445102041,1316.5608244898,1161.88382755102,1513.90026530612,1071.55852857143,1796.46574387755,1322.49954897959,1276.67408163265,1362.66749591837,1478.84321020408,1005.05211428571,1090.52977132653,1278.41495714286,1415.9451377551,906.647468367347,1337.85632040816,1726.2635244898,1332.81078877551,1680.47407142857,1155.84540102041,774.677642857143,1232.94386816327,1286.34597346939,1638.78265204082,1595.17145816327,599.799852040816,692.716540816327,495.038824489796,1077.28940102041,1038.81188469388,1312.86451632653,526.504589795918,588.399998979592,487.108158163265,737.784926530612,1257.71662142857,1015.9955244898,1035.39200204082,781.311747959184,901.320731632653,855.872182653061,634.153582653061,584.990982653061,1491.52828969388,1769.70955561224,1251.15344387755,1163.37689183673,687.514969387755,1045.15410816327,642.36357244898,963.407265306122,973.740232653061,972.707943877551,1161.9512255102,936.123647959184,1271.85938979592,1105.31911326531,1581.31537142857,1225.17341632653,746.498165306122,957.783025510204,1115.08549183673,653.061120408163,582.843879591837,1037.93089081633,884.518343877551,859.712954081633,904.286778571429,583.892895102041,967.905136734694,642.477098285714,976.293786734694,1117.60363163265,1673.64689183673,1271.79509693878,1184.53819591837,316.582405918367,882.395832653061,985.73311122449,1139.24238469388,631.810845918367,932.067786734694,817.131945918367,581.307258163265,1113.04745510204,1106.09784632653,511.002157142857,500.774202040816,825.486785714286,821.257252040816,825.883446938775,1059.33857959184,1135.34218163265,1031.74759591837,1516.10071326531,559.081531632653,1063.29897040816,943.466879591837,1944.10370918367,1683.13908469388,857.79582755102,1317.73209183673,1547.54169183673,1247.02414081633,1353.10329387755,1517.9955122449,879.602434693878,582.918769387755,840.4501,951.217371428571,1116.14935510204,1696.79863163265,1588.53026326531,1397.08851428571,1264.6679255102,1281.56057295918,1219.05363979592,424.663152040816,690.196992857143,893.468255102041,795.198939795918,664.91864,997.776393571428,1572.6169755102,1401.86220306122,1179.13327040816,1613.70091020408,1237.9942377551,1300.23896938776,1317.32623367347,1037.38638571429,927.562160204082,1272.57115,1086.2019755102,910.787639795918,1452.52769489796,1553.52350408163,1420.70467346939,926.397232653061,1471.53179387755,1215.58429693878,1560.35711632653,1573.07301428571,1024.9064755102,671.306285714286,757.056142857143,1309.74838163265,425.185105102041,987.192480612245,1046.76601122449,1547.85094183673,972.759047142857,1047.84964285714,734.146312959184,1457.78991326531,1274.82267959184,1006.09868183673,1063.22570918367,871.445192857143,676.867536734694,1392.0107755102,930.429243877551,1142.30477244898,1499.67172755102,952.806076530612,853.676921428571,1455.54878265306,1049.00020714286,1657.16807040816,1543.57698469388,663.683875510204,884.406175510204,637.645734081633,1052.69155816327,763.442196938775,1238.83126938776,770.93743877551,899.955008163265,679.950083877551,491.181759183673,1330.01978979592,1603.93182959184,1120.43354591837,1226.30877469388,1027.86590714286,1509.95171938776,454.507162244898,1306.3815244898,1029.43590612245,1201.07382346939,1501.45431530612,1040.28198979592,1019.28088979592,731.611109183674,580.796093877551,843.814184693878,1012.37409591837,1277.56592040816,1349.02805204082,973.345866326531,1193.99019081633,1224.42625510204,1554.08228979592,681.021013265306,1038.84205918367,1555.80090306122,1602.81688265306,1209.28433428571,1078.37678979592,939.820295918367,916.027603571429,1005.48319897959,578.319501020408,569.121290816327,1096.72259795918,1127.09161122449,990.148502040816,862.237419387755,1129.11181265306,1571.93535204082,1012.47969285714,1037.93467346939,1278.20689387755,1299.35931428571,1185.40102959184,1365.80144897959,773.353179591837,311.093847346939,939.778307142857,887.295428571429,880.585971428571,1157.84026938775,1672.10669183673,988.205924489796,1095.00755,1171.31586122449,959.531840816327,981.037934693877,1184.01645918367,960.106024489796,519.145965306122,957.301024489796,1241.47617397959,1123.60568673469,621.027943877551,1363.5554755102,865.583669387755,1037.60675408163,1431.18248367347,1739.1277377551,968.012764285714,877.975564285714,468.122976530612,1187.30847244898,1334.8822744898,1421.19840204082,690.493176530612,1113.06497244898,882.784885714286,815.716162244898,789.072228571428,1302.71571632653,1260.86258571429,856.159878571429,1092.43751326531,1049.71216530612,1045.72645612245,2055.74090510204,1320.1693255102,940.252885714286,896.57086122449,998.400439795918,982.035555102041,890.515320408163,704.867462040816,1211.11184081633,852.014980612245,269.451369795918,1198.87564081633,988.016417346939,700.612497959184,948.108574489796,651.797023469388,1350.08703877551,919.124905102041,1351.54825714286,1618.12471530612,1340.15855918367,1101.63293265306,1091.5031877551,1403.50025510204,1127.8278255102,622.618235714286,900.750480612245,980.982532653061,833.483409183673,1426.10164183673,1540.90717244898,1286.4672255102,1162.79549489796,1051.04334489796,1188.89042755102,1254.77055816327,1252.79448979592,1260.28651326531,1065.97596836735,752.537047959184,1513.74664897959,1431.3209555102,800.375805102041,921.738569387755,1017.99979285714,989.292021428571,1229.9102877551,1088.18731122449,734.076593877551,820.786641836735,1197.99987857143,1264.3970655102,676.452987346939,965.023790816326,612.490024489796,1295.84945877551,1208.17101632653,1078.54262142857,1920.35987244898,1246.55902244898,1355.50093673469,981.661871428571,1240.3290377551,1504.22531734694,896.869851836735,1458.16801734694,991.042045918367,688.837058163265,1247.77985918367,1300.14656632653,1098.10694897959,1104.09462857143,474.040378571429,1389.58199897959,1303.25691938776,953.607618367347,1273.82692346939,965.966943877551,744.172974489796,1446.19838265306,700.655343877551,782.520013265306,1108.18113061224,1117.28881836735,790.16160122449,695.282756122449,665.8063,1148.05701326531,524.481129591837,1063.45642959184,1300.22085408163,902.05703877551,1187.61817244898,789.781534693878,923.564897959184,1069.06111387755,1115.65032857143,1187.67747857143,722.97100755102,827.903716122449,872.705096632653,364.82516244898,553.520761530612,791.725725510204,1316.27198469388,793.538957142857,1195.08714591837,1068.51583469388,1240.55787204082,1090.60767142857,1445.5145,1404.19021561224,806.038741836735,413.165552040816,956.382612040816,1136.17988979592,865.090683673469,1579.26853163265,1708.03644897959,877.158568367347,875.1353,801.150474489796,1417.37435102041,597.605631632653,1062.6179755102,988.685809183673,1081.10138163265,924.79565,968.001637755102,797.149116326531,1110.56657653061,1378.30005612245,1173.03523061224,999.763225510204,902.98125,652.318079612245,1019.99068061224,763.614373469388,1119.69070714286,1080.47042244898,868.345920408163,602.370026530612,1103.27141938776,933.712344897959,726.466280612245,1184.21612040816,1187.07244081633,1055.75960877551,1697.71342040816,1500.30054183673,661.505648979592,1163.24933979592,1139.9444244898,1214.15041530612,900.734752040816,743.863986734694,906.195793877551,980.198021020408,1159.62140510204,1143.34709489796,1551.7805122449,1786.22454591837,1326.79145408163,1054.42547673469,887.758750816327,683.819737755102,630.043174489796,409.964790816326,561.748570408163,292.103204081633,715.894875510204,1162.00628571429,979.767485714286,795.88282244898,648.216933673469,800.176209183673,1062.07504489796,613.678498979592,834.404904081633,1134.33889795918,1339.2917622449,1069.79418571429,1598.42401428571,1601.2757255102,603.115908163265,898.788748979592,1024.4046244898,842.904504489796,667.427741836735,831.410255102041,358.196213265306,460.896674489796,989.430631632653,1119.49379183673,1328.97149285714,1391.06786734694,693.663551020408,1435.92814795918,620.954701020408,1533.57480612245,1214.33917142857,1096.95389285714,1083.08345714286,1329.94269489796,613.921756122449,560.400855102041,464.241965306122,1467.6111877551,1221.48515469388,765.808810204082,990.485622448979,867.007054081633,1195.15223469388,1519.94733061224,1336.53653979592,1461.83594285714,1407.35449897959,1793.75820918367,1146.16162755102,893.257604081633,880.963014285714,1391.66738295918,915.133210204082,1229.60253061224,1022.58439540816,1618.29539081633,1125.43930510204,1587.37873571429,703.495845918367,955.172669387755,1376.87061326531,1450.56269183673,607.056323673469,782.861541836735,943.574120408163,816.707125510204,1984.21166734694,1347.0563122449,1125.09984591837,1626.07805612245,1642.33262959184,1260.91752244898,1298.61247244898,770.584566326531,967.623293877551,1246.47134489796,1587.2071194898,895.261937755102,858.192431632653,954.582020408163,1082.62246836735,961.132695918367,359.453976530612,595.828330612245,780.626396938776,1039.39585,1267.9799244898,1029.77063673469,1147.45959591837,751.217429591837,1086.52548265306,1310.35804183673,1246.2551377551,875.021856122449,1092.81854081633,1463.90623979592,1188.00027346939,1233.50904693878,1311.21065204082,1149.24993061224,1469.20239285714,1174.07866836735,1285.72531020408,779.512956122449,1120.51923979592,378.671134693878,941.504034693877,1279.68259183673,719.164666326531,422.837482857143,963.526335204082,1483.5537255102,946.568606122449,1078.21697755102,1340.61080306122,1064.31983979592,1228.27537959184,1470.91490816326,1179.25446428571,1175.37001836735,1259.3845255102,1180.41225510204,1386.37455408163,1065.01750102041,1312.98783061224,1277.78539795918,927.286944285714,1061.34528469388,854.330409183673,1006.6796,1161.61915510204,1108.2132877551,834.00017755102,428.925004081633,1305.99775612245,1229.52701530612,462.978986734694,1060.12412244898,874.07501122449,1171.15472653061,1387.71527142857,1239.62067857143,432.939126530612,714.123248979592,553.963551020408,537.716809795918,1262.16595816327,432.401968367347,1226.19512653061,962.562801020408,867.04883877551,1042.3604622449,1151.52809897959,1493.26261632653,1058.73442244898,949.370018673469,768.648193877551,1144.66394489796,1297.74076938775,1007.17638367347,1167.58717142857,1324.69814795918,1552.83715102041,1581.13261530612,1554.75748163265,1025.41402040816,802.582621428571,1205.99186326531,819.575466326531,928.853878367347,437.12605755102,915.502894897959,871.203490816327,681.619281632653,825.156102040816,718.360134693877,1226.06825,1305.58452857143,1658.43923428571,1637.27407653061,1312.83326836735,980.268003061224,1075.45476734694,798.776107142857,739.120962244898,1159.16459795918,934.816123469388,621.568196938775,737.624362244898,1487.00105204082,701.906194897959,976.094059183673,1140.60177244898,1556.71466938776,984.324098979592,1451.67933979592,1615.97430918367,1199.75644387755,1321.40296622449,1056.95691428571,1750.79334897959,1387.89737857143,963.288885714286,1076.92082755102,1043.13417142857,919.226206122449,1315.38455714286,1372.30186632653,1280.09034693878,1043.81761734694,1267.55943265306,1070.65691836735,1073.55699387755,728.393240816326,1036.0957744898,657.114259183673,1486.96491530612,1604.02210612245,787.216237755102,1333.88669183673,1060.14754489796,889.370523469388,1080.85684897959,598.588001020408,735.700258163265,710.246281632653,1210.41828061224,1498.68323061224,700.612613265306,1056.61462959184,959.428335714286,413.430760204082,1150.09726428571,695.515416326531,1134.1409244898,703.113624489796,873.965005102041,778.263306122449,1227.89282755102,1208.4335122449,1696.76946530612,909.944592857143,862.468317346939,1742.31308877551,1227.26250408163,1054.50229591837,1133.48521836735,1268.04784693878,861.65201755102,1325.12890510204,1140.54164183673,873.129041836735,1142.37837040816,1180.6943755102,760.244718367347,1170.70793265306,1325.04501428571,973.21255,1093.70568367347,1798.13081122449,1260.72110204082,1439.45720408163,1498.43020612245,1246.0811244898,879.752959183674,1127.59257959184,797.23051122449,1104.25301836735,824.316948979592,706.450163020408,588.788347959184,1107.87891428571,1359.11079897959,1154.56803979592,1852.82525918367,1608.87146122449,1753.01254693878,1274.52710510204,1257.10597959184,1953.67713571429,1159.97571326531,1252.50055,923.238710204081,1428.37262142857,1078.81603163265,1603.33968469388,1050.97123673469,995.714148979592,1041.63764897959,1688.76585,840.193609183674,699.810321428571,892.1968,706.067396938776,1028.52226836735,1302.37035,852.265586734694,744.365725510204,691.898355102041,1451.71177959184,1018.83892040816,640.894855102041,1434.24183979592,1327.85776122449,732.933833061224,1077.01840816327,1055.23147857143,1180.22415510204,1408.68378061224,1453.01613979592,1016.92394081633,1146.64814183673,569.759847959184,509.335147959184,937.974371428571,1768.99653061224,1135.16421326531,1121.49729489796,1131.88316091837,1343.52072979592,704.912851020408,1003.34128469388,814.975234693878,1029.41082346939,1237.48103265306,1203.6570622449,1548.21047040816,740.305174489796,778.324189795918,1265.63048877551,1145.41974081633,681.272063265306,1368.33955408163,1255.69499171429,550.618185714286,650.987909897959,1455.26852346939,1013.43788367347,1048.75464693878,564.001558163265,749.752844897959,715.310260612245,982.183551632653,1133.33005612245,1142.29805102041,1176.4860255102,1315.22269387755,1269.96093571429,739.286830612245,1280.59932755102,1043.86859591837,1120.89019795918,642.967475510204,651.173160204082,709.241818367347,1005.27866632653,829.29907755102,657.101774489796,598.9766,1029.77854489796,1395.08305612245,776.813635714286,613.913009183673,546.68484,1073.52982142857,1044.49307040816,1127.24399591837,823.692941836735,985.180216326531,911.380871428571,718.189168367347,1041.11271,904.106291836735,911.258007142857,429.308941836735,1039.44527346939,956.114369387755,1093.64519591837,1240.41145510204,1132.04481836735,1313.27520816327,788.628375510204,976.796285714286,1410.98090612245,702.40522244898,575.380857142857,1344.45782857143,845.690032653061,946.312973469388,792.923686734694,674.676325510204,1022.5548244898,832.619464285714,674.343060204082,1355.40559081633,1428.54213061224,1295.76698571429,1105.89759081633,1049.1255622449,914.389543877551,653.563510918367,1336.95817346939,1746.88964183673,673.374490816326,636.561864285714,817.083817346939,387.269881020408,350.531508367347,656.214503061224,687.66638877551,466.733060204082,468.239865510204,622.958468367347,1046.36174367347,938.101986734694,1698.12470102041,746.470233061224,868.45033755102,1211.25458367347,1334.88120510204,1436.91274183673,1133.83055714286,709.249643877551,756.190898979592,855.548889795918,550.172530816326,592.483580816327,884.256391836735,652.688924489796,869.031616326531,1246.51095510204,1161.49252959184,1389.42930510204,1246.4601744898,1193.92308673469,1871.95662755102,1301.27169285714,1369.39855102041,1040.31393061224,1064.39118571429,1195.46981632653,418.515457142857,765.301505102041,529.103765306122,886.352756122449,1196.09817755102,1460.82029081633,1441.92952653061,1286.47326734694,1425.2209622449,1540.4991244898,1445.5673244898,1590.50641734694,1158.4417622449,845.236566938776,750.134004897959,968.531714285714,1087.4766,776.006966326531,770.533469387755,1175.84497653061,1044.42102142857,659.71507755102,767.585841836735,898.186283673469,1210.91852755102,1426.69927142857,1448.73890408163,1423.24948061224,1043.83803265306,1149.74241020408,864.602228571428,497.22362755102,1335.09171938776,1154.44210612245,1460.40962346939,897.841944897959,677.463166326531,1781.65146326531,1200.11967959184,631.124601020408,701.709057142857,943.629492857143,1122.8101622449,1007.43937081633,897.155052040816,923.498310408163,1006.83217228571,1040.68567040816,917.440534693877,496.619451020408,1146.33424591837,1183.99353367347,1109.78950408163,800.285878571429,558.03465122449,831.684868367347,462.077133673469,794.94015,1147.82813163265,1226.71516122449,1318.62731632653,1036.27758367347,928.610893877551,1048.78201020408,921.374073469388,1310.62760816327,597.414804081633,614.222639795918,1150.21838367347,1415.72260714286,1078.51507653061,1204.44,1077.82679591837,751.16678877551,1267.16376938776,855.905507142857,852.004168367347,1055.38790816327,520.296664285714,961.018892857143,927.964152040816,1205.73291734694,931.666301020408,1061.30129897959,1425.69401836735,1873.90473061224,862.889126938775,858.85624632653,1100.68973673469,833.852123469388,679.835254081633,818.804235714286,904.701994897959,1053.10284897959,751.971366326531,1073.85722142857,1242.36162653061,1332.4671244898,869.878395918367,698.629860204082,895.585985714286,1292.58644081633,828.60671122449,896.92695122449,887.374670816327,1069.55410102041,1187.17009979592,1045.32402142857,754.17303877551,957.484371428571,861.505516326531,923.102612653061,1304.2694122449,636.712446938776,625.398994897959,377.540691836735,959.881817346939,886.011280612245,1159.10268469388,501.727530612245,568.337054081633,1275.36141938776,1600.41548367347,1113.38681530612,1054.51801122449,534.573506122449,1362.29540102041,1141.97768367347,613.657516326531,674.483270408163,583.985443877551,585.566289795918,873.431946938775,1068.64932959184,1307.53968877551,1304.76750714286,706.005926530612,866.875291836735,1534.20989387755,1448.41796428571,1164.38171836735,1249.39389387755,795.806429591837,947.067907142857,820.846290816327,559.043974489796,629.03836122449,1064.29051122449,780.883817346939,338.961497959184,1192.81158877551,1204.81972857143,973.664689795918,1045.36709693878,935.31592244898,482.44095,1741.30878265306,770.947925102041,1045.26756530612,1633.31011632653,1832.92729897959,811.239444897959,1401.07910816327,905.386494591837,818.135802040816,740.66518122449,1354.94629387755,1147.69207040816,998.26957244898,1479.71905306122,1400.57389489796,966.094619489796,799.492763265306,1093.0039,967.600034693877,1197.33857755102,728.5603,1086.64208367347,1162.17894081633,1430.54078061224,1011.44293469388,1285.96147755102,823.164264285714,807.624312244898,432.75528877551,661.697074489796,1663.4934244898,1306.15736836735,1042.94176734694,540.637051020408,902.548591836735,868.664681632653,528.462594897959,756.182970408163,637.62765,987.781116326531,1325.48691020408,1429.51252653061,777.77677755102,1213.8152744898,876.510894897959,1463.78129897959,1566.98670612245,1139.6891255102,1156.63234693878,909.064062244898,1078.0093,628.535151020408,1077.98381734694,730.469629591837,974.296739795918,722.048499326531,696.949474489796,1114.4325,717.327507142857,476.313081632653,682.241985714286,1225.53544387755,575.281725510204,1811.21934489796,1455.02481326531,1898.55587959184,1437.27061020408,1613.11519183673,1086.2423255102,1028.84040714286,1161.76315510204,1097.46075918367,975.210469387755,963.927152040816,1087.68227755102,790.5417,382.708204285714,319.671371836735,668.907464285714,847.529260816327,990.618266326531,1013.32425102041,748.617179591837,1238.12227142857,1143.6799,799.00117244898,758.420685714286,686.856410204082,1025.37411020408,1565.15177653061,1176.63592683673,1284.12285918367,1828.39830306122,608.533890816327,1101.12260714286,881.334981632653,580.727109591837,856.422572755102,1123.99985306122,1069.07079387755,1021.52913877551,1453.59520306122,1288.73308571429,659.205737755102,545.204030612245,746.706032653061,438.566953061224,548.616762244898,1494.09466836735,1214.55331938776,919.104695918367,888.301997959184,532.925456122449,1321.06624734694,1243.76826938776,1717.09286836735,1740.86886122449,1761.00446122449,1094.47350204082,1297.49434897959,1249.89969285714,907.444094897959,1030.565,1737.36817142857,1094.30737244898,1044.40204693878,806.341996938775,911.440857142857,903.79652755102,1253.01905612245,1228.14479591837,959.918042857143,1047.81887244898,879.732174489796,1076.29590816327,1361.55416326531,1121.23676734694,616.196281632653,1361.44341122449,1035.97382346939,868.997839795918,812.936990816327,614.662376326531,1245.81068367347,2096.57651326531,1253.03592244898,994.687375510204,1060.61574234694,723.291823469388,937.336705816327,1225.75595306122,829.288333469388,566.174869387755,1190.55215204082,919.5526,1123.60220612245,1339.15277244898,903.867143877551,1492.07452755102,872.72206122449,694.226796938776,832.88475,510.597546938776,854.873243755102,920.154536734694,909.440405102041,1281.12523469388,634.130320408163,1334.96269183673,1022.17780816327,1220.15987040816,971.902291836735,684.880820408163,501.075543061224,902.320795918367,878.204671428571,736.712179591837,1669.47664897959,1062.90196938776,1159.57274387755,731.829842857143,985.676914285714,968.860010204081,1286.23084693878,1595.84087857143,1550.93939081633,1001.48930204082,984.725432653061,799.834423469388,729.804925510204,970.880668367347,857.816635714286,790.676045918367,1144.1193255102,1506.45261326531,1190.20278163265,687.41183877551,920.011776530612,899.020585714286,1136.45591734694,1364.56695306122,985.431680612245,385.046472857143,656.653397959184,769.346062244898,951.91913877551,1125.64304285714,1015.72972857143,1302.87602346939,1620.56587806122,1260.64523867347,1183.69162142857,1081.15939795918,931.536636734694,1239.9850122449,1433.69809387755,1623.28829183673,1130.09758265306,919.885371428571,916.936716326531,650.247834693878,937.246823469388,1273.88972326531,914.026802040816,850.714740816327,1220.99841632653,1226.88050918367,1266.51976530612,1877.54892040816,1570.4073275,1925.43400306122,1115.5591,979.723659795918,871.587917346939,1390.43189081633,1615.0102377551,1809.64163571429,1688.2424255102,1208.9047755102,1046.39063163265,706.564336734694,1341.3288377551,1109.23270102041,1145.14359591837,1143.51766122449,1588.62031530612,1509.28743367347,1047.00302959184,1364.66624489796,1316.06831428571,587.194566326531,743.740635714286,732.662959183673,832.843932653061,1705.85333265306,846.969596938775,1302.9848744898,1068.74618673469,802.080478571429,683.557569387755,862.062325510204,892.289625510204,600.896930612245,479.886781632653,944.816440816327,1145.242845,1055.46676938775,1660.8909255102,1195.04252346939,1074.44357653061,596.287387142857,807.684384693878,1180.36914081633,1200.84008469388,1030.86205612245,965.367631632653,1202.51605714286,976.844983673469,1060.18613469388,1612.87916836735,1500.8979744898,958.893030612245,1299.98723163265,1753.35482346939,1040.94217346939,1692.20087755102,1850.27570204082,1485.2858244898,1753.03667959184,1726.74231734694,1279.12267755102,1197.76232040816,1265.51820204082,1044.31283265306,1081.6838744898,1105.02894489796,1469.11402959184,731.139748979592,695.704593877551,1214.12468061224,1208.25722142857,785.536193877551,691.383394897959,804.044090816327,1325.54308877551,1034.89015612245,903.979047959184,1338.58030204082,1152.96556734694,1170.58750204082,1253.43995816327,1731.47706530612,1110.87283061224,996.201814285714,767.042345918367,537.405304081633,973.916912244898,1461.67675510204,1389.71625,1014.86360816327,714.651573469388,927.027756122449,1228.48829632653,1119.94439632653,977.121535714286,1573.38156020408,1076.42040897959,1362.36153673469,1148.54707244898,1010.50688265306,1096.50696020408,763.133357142857,681.136425510204,659.775612244898,1052.81641428571,1249.03159285714,1542.13064897959,1389.80464387755,1097.50109183673,1275.79579795918,931.891894897959,1193.28072040816,887.826053061224,1299.87014877551,954.148896938775,1273.6923255102,1250.9388122449,1221.71040714286,1466.84159081633,1401.32677040816,1215.19324285714,868.179203061224,1288.44747142857,861.98322755102,826.294107142857,1094.00777040816,1282.12492959184,1445.59043061224,909.713833673469,792.158257142857,1336.4714122449,1295.52247142857,1191.07922142857,1180.59245102041,1038.69957530612,963.534878571429,1226.86948897959,1008.82274591837,1172.61246632653,1401.73415204082,1389.11009897959,1131.92118877551,1235.81538979592,1448.22680479592,1404.83247857143,1443.14179918367,1234.7446877551,1411.34818367347,1383.95458673469,1373.46763979592,948.269240816326,494.199776530612,948.583808163265,1132.61601836735,1390.75900510204,1403.84231020408,1347.1109755102,961.399690816326,1115.12263979592,932.412142857143,572.29293877551,703.864639795918,683.3578,818.143346938775,1604.13913673469,587.676058163265,1126.0366755102,1284.80592857143,991.373452040816,1751.20194081633,1308.98899183673,1237.67031122449,1346.42798367347,852.737902040816,560.668246530612,1409.54005918367,755.672123469388,818.463043877551,546.525871428571,1501.95796836735,1326.51134387755,670.02082244898,1027.29921857143,650.81167755102,1127.76699489796,739.146626530612,666.37956122449,1138.44335714286,1268.81056326531,1404.27537040816,1303.22108469388,1062.96923979592,940.193402040816,1802.17532142857,1097.20018367347,762.642231632653,906.996864285714,1426.01490306122,1083.63918367347,792.089029489796,989.870425510204,545.14657244898,785.443656122449,399.796973979592,1073.43724183673,776.340840816326,988.495137755102,1183.37336836735,1179.07887959184,1572.13705816327,1530.93748571429,1181.67505612245,1039.24035102041,823.465784693877,1301.50155408163,985.12703877551,692.877208163265,1121.35075204082,1147.4264377551,855.480685714286,800.437969387755,762.901617346939,973.843474489796,558.194216326531,1325.67724285714,1083.09552653061,828.854469387755,1363.49098887755,991.524136734694,1495.35169387755,1395.26924795918,1598.2598122449,937.481576530612,777.855576122449,1219.13853877551,1549.41645,1283.88385,1031.68551530612,705.254190816327,765.164479591837,1269.02171938775,838.406680612245,1580.91105612245,1240.59410204082,707.619233673469,679.041133673469,594.90582244898,2170.11166632653,1707.91578469388,938.909725510204,1558.11714693878,1717.10182244898,608.249598571428,919.818474489796,1110.08529122449,940.12242755102,937.10830244898,860.816533673469,958.193193877551,1288.28640816327,1207.84415816327,929.769870408163,1299.94739489796,1061.80031836735,1453.38182244898,1345.87766326531,1184.44256020408,1418.94233571429,597.68707755102,1677.41045,1108.41711428571,943.594139795918,736.934793877551,689.387694897959,1291.80758704082,649.616263265306,980.16135,1506.42519285714,507.209391836735,564.176743877551,834.885534693877,1037.4420755102,1290.97589081633,1459.00028469388,1088.03180204082,831.82992755102,859.257254081633,1620.72018163265,1393.93738571429,895.970576530612,1031.04295510204,1152.49547244898,1039.99634897959,1012.59788061224,1308.57870714286,1084.9302,1468.49647857143,1017.79124387755,824.477786734694,1547.01941255102,1397.81184877551,1177.18909489796,1426.89460714286,748.382541734694,1299.53260102041,560.510815,915.39526122449,703.050434693878,1057.74142959184,990.237559183674,1131.35430102041,590.683675510204,686.073175510204,843.38866122449,1164.10407755102,1140.52039183673,1326.79863979592,1258.80765816327,1384.19561020408,903.064769387755,1037.23275102041,871.025414285714,1297.77438836735,834.235224081633,1291.55148867347,974.008630510204,546.34759244898,774.337464183674,632.716775612245,342.373392857143,914.042610408163,765.077553061225,1004.51383367347,899.495339591837,828.372001020408,606.663981632653,749.287956122449,526.193404081633,1522.16319183673,1334.65689897959,979.623135714286,1731.02236530612,1186.78503265306,1634.68372653061,1024.2825455102,892.324417346939,835.326449591837,933.192257142857,476.753344897959,1242.25208877551,477.949412244898,390.987458163265,1178.2014255102,704.063840816327,1440.36105816327,918.913930612245,475.698808163265,478.956103061224,1484.84822755102,700.936459183673,1027.07860714286,1529.55396479592,1224.69613061224,1026.15730408163,1944.01433163265,818.609019387755,1159.36192755102,1134.05098979592,662.171623,701.926723469388,533.194948979592,782.079501020408,849.621655102041,1252.75182755102,484.431079897959,1247.10556938775,1507.03537653061,825.948225510204,876.163040816327,918.887576530612,806.874066326531,1197.58654591837,898.292774489796,886.888224489796,1058.89152244898,927.12856122449,1105.69739489796,1597.03463673469,1278.49813979592,983.629564285714,959.185410204082,524.64933755102,985.652698979592,805.493154897959,1015.38985,685.675523163265,796.132904081633,805.77205,896.030910204082,236.316728979592,1077.18305204082,740.026974489796,1419.07896938776,982.85930122449,1349.02640816327,1255.92395510204,982.244701020408,529.944979183673,816.813134693877,960.434133673469,1030.48048367347,794.982835714286,745.787724489796,1083.2633744898,1138.26206734694,1243.16205102041,631.443758163265,743.274380612245,643.485066326531,524.536297142857,852.352505102041,853.644863265306,419.098907142857,685.612283673469,656.138851020408,899.727021428571,1074.49431734694,1597.05289795918,1085.73364183673,1021.67346020408,1204.48121938776,1849.90461938776,1469.59132857143,1495.22774693878,1335.22372244898,768.88862244898,1168.46338571429,1357.57903061224,521.908107142857,619.155175510204,612.275626530612,1129.56689489796,1396.59679489796,1241.72873469388,1163.98938673469,927.231682653061,1303.93842142857,798.594323265306,1359.97940918367,753.376055102041,1296.83325510204,1392.26253571429,766.724866020408,1374.85142040816,1341.73801326531,756.234221428571,552.016598979592,1602.67426530612,1224.8027,1272.14453255102,853.874186734694,1465.70952040816,1502.59628265306,1370.94631040816,709.698565306122,1840.27385979592,1368.40546122449,1405.39774663265,1385.53334663265,724.42991122449,698.406790816327,1496.97984081633,1124.49749693878,692.568296938776,270.389791836735,856.292487755102,1916.14291734694,641.641221428571,1372.07853673469,753.590613265306,896.496548979592,1078.89379285714,1421.86688673469,1671.60056734694,1292.31687857143,1526.49945408163,1417.59237346939,1296.85678571429,1186.63813469388,1317.31736632653,1070.40499693878,659.992963673469,1338.77635510204,927.332415306122,1330.41366530612,1373.69135306122,1333.81198469388,810.025348979592,1511.68877142857,1296.13997244898,1097.19744489796,1438.31545,1188.71004285714,821.09160877551,684.601653673469,778.715852040816,717.524303061224,933.269115306123,1067.93004285714,1431.86854795918,854.270257142857,1476.84415918367,1041.87211938776,1180.78311122449,849.273830612245,1406.5709,1156.49978673469,1229.23640714286,1268.95993061224,1546.50344285714,1081.66749693878,628.961381632653,356.691314285714,821.972696938775,425.190276122449,452.442189795918,823.318808163265,784.204155102041,1089.17159693878,842.417343877551,1382.20773877551,783.091846938775,863.392115306122,531.152742857143,470.339317346939,1053.59129489796,909.280537755102,769.912009183673,821.18978877551,1744.21637244898,715.811210204082,1016.79252959184,931.811878571429,1044.11370714286,1482.11272244898,693.546251020408,409.939591836735,617.473636734694,487.371553469388,678.909017346939,390.258993877551,698.063326530612,767.238081632653,1385.31815510204,1474.49777142857,1411.47616428571,1295.59869183673,980.894702040816,634.543681836735,706.234409183673,1024.04644591837,1061.79600306122,1188.00886734694,513.338974489796,828.903081632653,1091.92147040816,1204.00326632653,978.657026530612,1489.71565408163,1404.60872142857,1407.84556122449,1264.32837755102,429.208173469388,960.720890816326,704.144241836735,1078.30561020408,1471.59119693878,991.543991836735,986.274618367347,747.24545,830.46602755102,815.806284693878,1054.04523571429,1081.69270510204,1037.75448979592,1477.43846122449,973.712680612245,665.432516326531,716.036947959184,1340.27825714286,1223.75821836735,1542.09935510204,1014.6061622449,1349.48552755102,1290.52281030612,725.711513877551,772.191404897959,1009.44563571429,906.58193877551,786.720425510204,596.009223469388,676.467333673469,1219.66737653061,1321.61813061224,1144.85198979592,1319.15856122449,908.111851020408,672.892418367347,876.941051020408,733.48682244898,786.314851020408,1142.30017244898,929.750316326531,343.591204693878,1377.94231428571,1297.42428673469,1173.52305,1094.02251836735,1393.96940408163,905.563125510204,1106.17294081633,945.27342244898,1133.0195122449,508.52257244898,890.039113265306,1111.87258673469,1071.9895255102,1160.89065918367,1205.76226326531,841.633463265306,876.352655102041,516.436453061224,869.837835714286,902.061882653061,1055.70592959184,794.531332653061,1353.14689693878,825.393151020408,1420.46116326531,1640.8045877551,1469.3381877551,1240.98292755102,906.239270408163,661.019406530612,1674.28413877551,2008.28263265306,1783.90944897959,1619.44045714286,1024.28356836735,1302.5607744898,1257.60982346939,984.28938877551,1021.88821142857,903.68102755102,966.914224489796,1348.39718673469,1258.66901428571,1791.92143571429,1619.04320816327,1454.5403744898,793.513056122449,1142.34162142857,1482.50582755102,1281.18615306122,755.628516020408,419.1539,1305.49026734694,885.10505,1342.77309897959,1417.66260612245,1433.37145306122,1306.58944897959,1223.4964744898,1460.49982142857,992.987662244898,870.409101020408,1559.23241020408,1631.62031428571,1990.27229183673,1285.88639489796,978.35942244898,1253.47781428571,573.354385714286,893.698762244898,1081.63421020408,835.890773469388,1087.9979,1219.62749591837,892.435621428571,974.827043877551,844.480383673469,1115.45516938775,945.46721632653,1308.72159183673,534.662064285714,1061.37466632653,1144.39537244898,1018.67161326531,1016.02962959184,678.453585714286,595.254941836735,1338.13529591837,1442.09021020408,953.078356122449,985.69632755102,1210.48753877551,733.606555102041,1088.59263469388,1219.32563061225,1013.09228877551,1633.95969183673,1286.31500816327,1252.15665102041,1592.51180622449,1312.87579285714,1297.94835408163,1053.96211336735,1343.59991428571,720.499482653061,717.971806122449,994.54987755102,1488.62285102041,873.87128877551,789.257996938775,1213.30624387755,894.634756122449,1187.73312755102,1180.08020408163,1350.30649285714,948.960198979592,673.531925510204,1531.60634938776,1448.46529285714,1057.69049316327,1975.1033744898,1113.63933979592,1284.1174,966.882344897959,1009.23181836735,1048.08229081633,612.202403061224,1130.22273632653,1384.50638877551,947.744952040816,1307.63218877551,1006.3013755102,906.311567346939,910.5924,715.991971020408,701.591141428571,924.948191836735,1012.55536836735,1038.35589183673,997.834592755102,987.689410204082,1357.48710306122,1461.3948244898,909.906657142857,1175.10610714286,862.08625,1065.44865714286,769.581351020408,1549.28950244898,1387.55544591837,882.061807142857,1225.30294591837,1162.47109591837,1097.24064183673,1174.77231428571,1026.39100510204,1483.55038469388,1934.08338265306,2209.73028673469,1541.95303469388,1153.55342142857,820.811242040816,722.661515142857,624.222058163265,1005.66343673469,1257.82180918367,1320.18909489796,1162.61113061224,1591.41794591837,783.339693877551,1069.67865204082,1486.51704183673,1560.53772755102,967.461612244898,1518.77935408163,691.214624489796,792.197030612245,1221.38251938776,1117.38469591837,1054.92424795918,1349.7743244898,1162.37259918367,807.330728571428,1481.87638979592,1872.7254755102,1487.75251530612,1297.40218163265,883.942859183673,950.329436734694,936.732656122449,1044.11726632653,1367.14902755102,1397.75238367347,1146.80417346939,899.033615306122,686.783060204082,613.414870408163,764.653382040816,1155.12236632653,612.997195918367,1412.81841938776,623.530745204082,784.539207142857,784.173655102041,1124.50989367347,559.559179591837,594.486858163265,898.182691836735,434.237511428571,1104.06610612245,566.814875510204,838.058821428571,691.983275510204,906.836426530612,683.586351020408,596.051604081633,1059.97677244898,855.342756122449,587.438746938775,1050.82952959184,1355.37986938776,1110.16976734694,1032.57840102041,1402.72698367347,1045.38015918367,929.585655102041,1115.53476346939,644.484266326531,736.37323877551,1489.17419285714,968.224405102041,984.858198979592,1035.66812632653,953.29763877551,700.592882653061,1099.93727244898,877.665523469388,999.247935714286,787.294019387755,960.89742244898,1267.54185510204,1034.01331632653,1083.85237040816,1307.01538571429,755.910456122449,1130.06023469388,1176.46061530612,796.827202040816,1334.08190918367,980.458517346939,1237.84914285714,962.075179591837,1502.70118469388,1222.32341938776,1112.05974693878,621.969969591837,1129.50880714286,902.414203061224,966.3657,707.81058877551,945.962220408163,802.106820408163,891.025337755102,1691.71881122449,1392.37613571429,916.681744897959,918.498742857143,983.381815306122,1127.29180204082,628.717183673469,793.068980612245,1039.14064693878,410.471746326531,656.755560204082,730.838813265306,457.171762040816,789.446348979592,792.578691836735,1001.38232397959,816.824302244898,771.718771428571,609.256142857143,419.308829591837,831.601802040816,603.499329591837,729.327083673469,894.978273469388,1168.72407653061,956.219185714286,965.310892857143,1081.90534795918,1435.33902346939,1334.99767244898,546.402303877551,1131.04475306122,1355.55147244898,792.061580612245,911.399728571428,593.175076530612,761.488545408163,1135.85409897959,949.990331632653,576.451792857143,1022.60588571429,875.510974489796,834.700398979592,854.358670408163,942.171087755102,1273.76187346939,1222.88515816327,1243.97161020408,792.159942857143,968.295785714286,1783.48089897959,1551.02519285714,1446.66383183673,1515.18500306122,1328.48881734694,1057.56961734694,509.011765306122,1210.9207244898,578.981044897959,919.485863265306,668.490733673469,1383.09966632653,1419.10171836735,1254.85675510204,995.887026530612,1130.79847959184,644.913480612245,1349.09029346939,803.527962244898,986.108295714286,1210.98501326531,676.802367346939,1137.62991020408,889.393265204082,1036.34832673469,1087.31311938776,1084.42878673469,1125.45254795918,1130.47534387755,1097.44510204082,770.372574489796,1510.27581632653,1396.54890510204,810.296297959184,547.346998367347,749.443180612245,679.36663244898,735.418958163265,1749.5544,1293.12063367347,1264.37121020408,1993.06828367347,1480.06018571429,968.444508163265,1241.51343183673,929.083729591837,1096.24285918367,757.592423469388,1049.12659897959,1057.74218265306,896.079682653061,912.442175510204,986.970084693877,1174.68948571429,1699.55049387755,939.175090816327,724.305243877551,1036.97313336735,763.431766326531,1080.25393673469,1018.80898367347,1170.19935826531,790.162567040816,782.311761632653,1025.62978673469,886.725480612245,909.17546122449,609.160454285714,980.613359183673,1058.84793673469,954.163363877551,1062.19779489796,813.04311122449,1077.21174489796,1141.09376020408,977.058080612245,1460.54588163265,779.422725510204,1183.65140714286,742.79803877551,714.528469387755,857.750594897959,1289.4343744898,1340.36776020408,975.759836734694,473.199331632653,605.140160204082,459.911904081633,771.928451020408,896.61547755102,881.400056122449,598.952156122449,786.495421428571,167.314837959184,1458.35447040816,1023.87841938776,881.683446938775,1537.96582653061,1254.06226938776,1409.84076530612,1085.73570204082,1325.27747040816,825.933979591837,770.434766530612,981.011052040816,732.026023469388,653.631813265306,854.842279591837,1784.13289183673,1746.91280408163,736.359366326531,1612.44561938775,1331.92821122449,757.883824489796,976.674420408163,686.790345918367,546.855345918367,1045.32614591837,752.280516836735,1099.43179489796,1030.52069897959,1086.47490918367,908.378539795918,999.690630612245,524.010797959184,451.906157142857,798.573002040816,914.260034693878,1065.63506122449,1145.4221755102,1020.34964081633,1422.39704897959,846.488364285714,818.919391836735,745.476729591837,1056.26718673469,1038.41307040816,774.930267959184,1014.43482142857,780.387803061224,1399.92914081633,984.762545918367,1117.90404081633,1441.93246836735,1674.76678367347,1853.6478377551,873.826379591837,1087.48389387755,720.130486734694,804.434551020408,1291.1624,862.741706122449,976.027270408163,586.411730612245,1207.55491122449,1037.19812244898,1360.00035510204,1061.58548265306,1230.08813673469,956.117055102041,757.361817346939,1602.81317857143,1452.97753571429,997.22862244898,1577.38978897959,1416.91238571429,673.88601,870.5036,495.329924489796,619.668429591837,1205.835,1054.18109693878,1132.91683877551,1197.03021122449,1529.59156836735,1755.18561846939,673.986347653061,1277.55185408163,843.96822755102,960.335595918367,1521.02051530612,1559.29220612245,1342.72045510204,1115.15030510204,1858.37241836735,1352.39000306122,1577.71798877551,1149.95206428571,897.225590816326,1053.39711122449,1152.57924081633,1083.74575,561.972867346939,1046.88738979592,1202.9586772449,1342.92515408163,872.057502040816,1114.10046632653,1169.92445714286,931.39455755102,1407.43777653061,2031.22043877551,1604.43846326531,1053.85174591837,1902.20218265306,1293.1225622449,1251.19329489796,991.138842857143,789.84547244898,517.879300306122,1294.74080102041,1010.97543265306,1213.53519795918,952.656255102041,863.562339795918,1234.94940612245,2271.37240408163,1469.97316326531,952.439109183673,1030.1430122449,620.059312244898,628.312367346939,1200.60174693878,1271.334735,822.499860816327,1014.37757857143,608.917055102041,603.267894897959,831.60668755102,784.094637755102,617.9516,823.279953061225,1259.29212336735,1176.47035510204,712.341787755102,1060.89586836735,1167.44784591837,1130.0902255102,969.896068979592,825.149068367347,953.371701020408,1778.96973367347,1932.55076836735,1305.49576020408,1137.85318265306,621.764640816327,711.748241836735,1047.90061918367,1602.11181122449,840.418665714286,426.784465714286,813.757804081633,858.850746938776,1259.92921938775,893.804084693877,553.706378571429,837.482048979592,924.27522755102,838.975193877551,1070.75558367347,1491.93584591837,1573.75901326531,825.866119795918,1200.72008163265,1121.75839897959,1424.05146734694,1191.23642346939,855.080196938775,1189.3243377551,783.163929591837,1601.27917653061,1119.82648571429,1203.43175306122,731.579432653061,1923.21362755102,1530.91499897959,998.4068,855.475371428571,638.671873469388,1269.44237755102,488.631617346939,712.409860204082,1538.42463979592,1494.01976326531,1315.03705183673,1433.00926734694,1640.22804285714,737.723730612245,440.419049693878,641.81333755102,694.089114285714,652.121531632653,972.276385714286,1412.32949387755,1305.95123571429,1506.67914489796,1534.7029744898,615.597674387755,1386.35731938776,879.004298571429,836.23868877551,1024.76859010204,781.590568367347,956.328912244898,847.258070408163,1218.4427412551,1138.86295656122,1088.52761326531,864.747910204082,1262.17279591837,842.926010204082,1136.70846836735,867.593974489796,1049.04738571429,1550.94974489796,1042.17261122449,1463.29483469388,547.695866326531,545.724180612245,437.845513469388,752.918355306123,665.271609183673,1174.61045408163,1522.58022755102,1452.02964714286,1522.2045755102,1233.59621653061,1114.5688755102,651.94352755102,696.36117755102,1068.3969622449,1394.39545204082,1967.28008571429,1459.92228673469,952.857453061224,867.278798979592,952.906967346939,985.967592857143,1112.00343469388,1322.47759081633,1262.98543469388,961.426358163265,793.46972755102,1459.03292142857,1097.77673265306,1036.29180918367,1306.16120816327,1033.6982377551,1015.84617244898,1024.99573673469,820.317094897959,1919.38384897959,1969.25849387755,1660.21255102041,986.808520408163,1465.36658469388,906.156613979592,1980.93933469388,1239.63335714286,1164.14576326531,921.11392244898,1361.73082214286,756.711767346939,899.868867346939,458.850209387755,1088.98585102041,1151.23070918367,1145.92494897959,1312.42755612245,1178.28133265306,858.04321122449,661.200492857143,691.506044897959,728.347403061224,916.322409183673,213.93988755102,506.556121428571,1329.45662142857,972.567344897959,699.341845918367,823.433076530612,381.825285306122,1081.30588061224,913.577417346939,1590.65644183673,1381.93065510204,650.491652959184,623.32735122449,1144.36349387755,1158.79072857143,1828.03742040816,1894.22527959184,1249.18594061225,1188.52829693878,635.273856122449,884.150039795918,704.202939795918,806.990776530612,296.132407142857,1384.30839387755,696.195168979592,1134.93170265306,979.511454081633,1120.50681836735,727.607220408163,541.777231632653,1163.38163571429,1381.72573265306,826.76495,815.882747959184,983.131550408163,1123.31569489796,1691.87658061224,1188.46174489796,1225.4604,1594.97851632653,1425.57056938776,1123.14107959184,683.032405612245,785.386150816326,728.844448979592,880.039934489796,1118.75586836735,752.774145918367,980.716336734694,447.512632653061,1088.7634255102,766.727713265306,1167.00339591837,1042.7887244898,745.837012244898,1032.30425102041,826.940405102041,1118.79224081633,1124.13928673469,1010.9541122449,1283.82593673469,1170.69375816327,1287.82372346939,709.107306326531,740.445500612245,894.161696938776,1050.10679081633,1553.36866632653,1142.11141326531,1064.54530877551,606.519342857143,1031.33159693878,1325.51626428571,1499.30288571429,1382.52783469388,1298.09366428571,1858.95860918367,1350.77793265306,1114.18295306122,795.711326530612,1012.49924081633,1027.9668244898,1427.08015306122,1341.04889734694,927.193903061224,782.842021428571,1624.37270510204,1292.47876020408,1254.80680306122,1359.22193877551,1000.40102959184,1106.3478,1040.55432908163,752.402656122449,1038.14141316327,1186.20260163265,1019.21459489796,749.202645102041,1248.5246144898,804.003316326531,666.22827244898,893.010789795918,1696.70295204082,823.715062244898,822.74501122449,872.512394897959,698.313670408163,613.765670408163,703.832536734694,660.33306122449,736.322879591837,1131.80761938776,778.570533673469,1169.60120816327,1722.67923061224,1024.29499693878,1334.44203571429,893.751242857143,1012.08325306122,1482.12431938775,1221.22805408163,946.440162244898,961.11272877551,805.037218367347,1393.79804795918,1682.56018163265,1121.77903469388,1001.16085510204,1262.18447653061,1173.12908163265,1389.22881020408,834.022457142857,714.477458163265,1094.83244183673,1113.55823265306,565.909601020408,834.549033673469,899.172864285714,1304.53574183673,706.4274,1101.61161428571,1251.09853061224,803.968964285714,942.01006122449,555.999065306122,337.356608163265,607.083933673469,723.431928571429,1119.12117346939,1342.51605306122,1592.82992346939,1004.48774979592,721.525814285714,1132.39842857143,1136.8381755102,748.014406122449,927.767190816326,1221.90821020408,1607.12590510204,1548.05153367347,1318.12326530612,1469.85813163265,1114.59643571429,999.968885714286,1021.34388979592,1034.26149295918,1096.27791836735,1104.9780622449,1201.92630408163,1287.51405102041,1118.57157346939,1328.84562959184,865.804670408163,632.975440816326,550.436871428571,594.885764285714,1252.07363469388,851.251171428571,931.997104489796,684.713713265306,707.37236122449,1411.81971061224,1241.37698673469,593.460102040816,1346.87209183673,893.405034693877,1389.82751836735,802.535425510204,1027.62244285714,1004.37931734694,797.909736734694,860.845925510204,1691.53632653061,1799.30690714286,675.126418367347,1420.63892346939,962.999519387755,1438.02313571429,557.95483877551,1368.77307755102,755.127008163265,696.230148979592,817.448140816326,920.478681632653,1367.90031530612,901.098426530612,802.109985714286,1077.67915763265,763.454163265306,964.298416326531,983.241988979592,1422.97564591837,1429.68145510204,836.448515306122,1032.67140918367,1109.30053265306,1137.85580714286,1012.43825714286,842.6253,733.660364285714,1625.80384489796,1729.99595816327,1347.17511591837,1803.27977857143,1597.14547040816,1529.7386377551,2080.79236938776,738.487479591837,1269.49595306122,1098.47172959184,1180.00494377551,1032.3085622449,1355.31850204082,863.762602040816,1063.55437755102,801.520420408163,1670.67243265306,1439.95207346939,953.999647959184,1121.0107255102,435.249190816327,412.977783673469,1680.28999387755,994.472674489796,684.354176530612,1152.92018163265,1244.18956836735,1329.55422040816,1043.06382040816,1221.98376632653,878.87292244898,1250.42119285714,720.951835714286,1202.33048673469,992.599680612245,1336.9614377551,852.828849795918,912.73667244898,1062.16207755102,369.261223469388,1084.70766836735,1082.50366632653,822.647658163265,1352.02204489796,1050.64954897959,760.678555102041,1032.25970510204,1365.21523367347,1214.72020612245,1423.6118,956.677725510204,648.508896938775,585.955935714286,1048.4083244898,762.170730612245,1031.08689693878,1457.61956530612,1386.51373469388,973.301714285714,1004.90428877551,701.128023469388,534.18225,1363.13237346939,1341.18610918367,1205.81352959184,894.438171938775,1128.29045816327,1658.71495918367,1347.12484795918,1124.96042142857,1144.18435204082,1019.96057938776,1128.19439081633,809.975416326531,718.034818367347,956.685418367347,1762.98704591837,1485.58933979592,923.096775510204,860.085692857143,927.381791836735,626.978878571429,548.100998979592,867.193148979592,1231.70759897959,1000.93315510204,393.268859183673,1214.89045408163,949.097687755102,891.824920408163,407.095757142857,372.404216326531,661.54058877551,775.29803877551,726.650658163265,1137.97896734694,1293.97095714286,1121.86919693878,1107.61988979592,1141.42049489796,568.246498367347,917.840365714286,967.676673469388,1307.11184387755,821.716907142857,675.909409795918,804.093904081633,1160.39724897959,896.162241836735,715.469569387755,1040.38702244898,939.522142857143,989.332683673469,1108.41518367347,1152.87062040816,677.289540816327,1304.03384081633,1149.61372755102,1168.86875510204,623.804208979592,1003.41056428571,595.903001020408,714.569373469388,1141.22602346939,1285.99136428571,1945.99648571429,1174.19517346939,1376.3481577551,818.366907755102,821.880774489796,1424.08663673469,1020.39080204082,1030.6263755102,755.866803061224,876.026840816327,877.203981632653,1022.98390734694,839.362386734694,609.892591836735,1291.09815612245,1062.55109520408,491.45297244898,1023.89789081633,1238.02880510204,1307.57234897959,1347.72846938776,1152.20392040816,1373.96979489796,1104.41921122449,412.398597959184,670.421316326531,1083.07644081633,678.326521428571,1047.37316632653,1322.97149591837,1308.78861428571,602.501495918367,1446.7917744898,1110.73889591837,1058.19514693878,790.177847959184,730.310875306122,1362.70131428571,843.501775510204,628.722190816326,665.586604081633,324.919132244898,656.144404081633,575.879776326531,921.696232142857,1054.51311428571,506.41313877551,761.470097959184,839.950182653061,696.700097959184,818.957005102041,820.419835714286,622.855608979592,753.946595918367,1304.49813979592,759.37919255102,849.613240816327,710.239063265306,1053.87092346939,1587.73069897959,1279.26203979592,811.296856122449,692.210919387755,970.945517346939,1159.33829591837,735.386596938775,1133.06348367347,422.074112244898,571.570362244898,1010.79326428571,1036.04237346939,1322.66099653061,1023.22918326531,844.47678877551,841.337165306123,564.441547959184,924.05216122449,1067.51060816327,1163.14145816327,887.032536734694,1792.04636295918,1262.72614285714,1079.23517244898,811.478566326531,866.466534693877,1159.37553061224,634.025495918367,1307.02174795918,795.047732653061,561.166537346939,1258.1131877551,893.306413265306,995.234608061225,650.331168163265,482.917090816327,1424.55949591837,1118.93848938776,967.559198571429,1097.45060010204,1347.59925438776,1575.04834795918,1498.36118469388,1643.97135204082,797.355967346939,1092.33361020408,763.884676530612,1025.2263122449,1421.38498163265,1147.74564387755,1649.74977653061,1445.14003265306,1713.51421010204,1048.84429163265,1277.12613469388,1085.48685714286,1101.18948673469,844.595595918367,563.343703061224,730.025826530612,1181.63791734694,1156.47955102041,1028.35279489796,906.127519387755,1604.69007612245,1124.71717142857,684.70531122449,774.010567346939,836.11265,734.585565306122,764.508982653061,948.028547959184,905.025469387755,1179.06570816327,1251.34718877551,726.122697959184,804.188142857143,611.34406622449,918.154091836735,785.801283673469,1038.32600510204,1244.66654591837,1143.43307918367,798.523489795918,1146.59614387755,891.685849285714,1561.94714387755,1231.28319285714,465.099566326531,1357.1223377551,835.348846938776,680.13272877551,818.007603061224,1365.68508265306,446.794937857143,613.098292857143,817.35872755102,1193.62998469388,1477.0359622449,843.730310204082,1266.57418163265,1176.65035510204,1025.49682040816,1056.74115816327,889.744069387755,924.886051020408,1340.63555714286,791.886631632653,1336.93007346939,764.720813265306,776.101643877551,905.194519387755,876.516525612245,875.698554081633,1059.41338469388,594.616219387755,596.1226,709.665959387755,1173.52938989796,1314.77262897959,947.235205102041,675.21762244898,786.516345918367,938.433453061224,1435.36401326531,718.401890816326,629.996713265306,761.272364285714,1134.09793877551,1387.52585,1157.2369,744.228747755102,572.127306122449,359.715505102041,645.654757142857,1199.91031836735,923.889696836735,1261.96248061224,1141.45444285714,1009.33531326531,824.260140816326,847.221590816327,848.984363265306,1429.22354081633,913.808437755102,1347.2442255102,1252.99466530612,1098.78636632653,630.335717346939,873.307282653061,757.262570408163,1335.74898571429,936.440890816326,997.797179591837,659.523833673469,492.823660204082,754.98541122449,792.288976530612,1071.99716561224,928.254848979592,1328.65796530612,906.966542857143,1159.86520612245,591.683242857143,1148.46258163265
31.1224489795918,1443.24051734694,1643.26026632653,1046.3138,1512.19243469388,1758.00815408163,947.599277551021,790.333770408163,933.550881632653,1027.91947755102,1545.46016530612,1704.42361938776,978.791404081633,1358.70079030612,1585.78186938776,2084.31291632653,1605.85971632653,1159.67913673469,1605.16871734694,1003.99975306122,1201.58497346939,1357.12093979592,1077.02436938776,1156.88312857143,1251.82618367347,807.606103061224,853.435666326531,1237.20719387755,772.267986734694,874.755388061224,1039.7272244898,585.146112244898,587.167476530612,1078.72073571429,1451.09842653061,1122.37046734694,1200.43740816327,927.593378571429,886.675162244898,800.917766326531,935.798964285714,938.205269387755,890.547528571429,1730.20876938776,1232.8436755102,902.042898979592,1440.29021938776,1300.83432040816,1460.01768163265,1477.36240714286,1099.7463744898,515.057123163265,1809.4257377551,1045.87045204082,763.909413265306,1033.8876377551,1127.5345377551,1429.09336326531,1526.6171877551,1677.84757959184,1227.76722653061,1353.19447857143,1131.30346836735,1272.96003367347,1101.1965244898,958.146524489796,1198.5140377551,1382.94639795918,1406.12843673469,1187.89904081633,1034.24571938776,1222.65268061225,606.494185714286,841.547720408163,943.081683673469,694.98741122449,601.713679591837,898.366051020408,775.969647959184,1606.87970408163,1506.6786122449,910.379666326531,1245.00553877551,1068.48354795918,927.646029591837,873.773101020408,1135.10024285714,1091.31350816327,988.907762244898,884.60288877551,1964.77096836735,1430.48869081633,1618.65756693878,1283.38997531633,757.874580612245,739.312147959184,786.575909387755,564.180244897959,1003.07377755102,823.731726530612,913.238369387755,1340.99920204082,1241.62606734694,1363.9462744898,1380.45944591837,1594.23480918367,1833.22791122449,763.021310204082,1643.04715408163,1396.95326734694,1685.69484693878,1347.0398744898,1383.37271530612,1760.74912755102,1140.97057040816,1051.17185836735,1482.73578367347,727.021091836735,866.560305102041,1682.32765816327,1764.93375102041,918.412570408163,936.949245918367,1224.50472857143,863.09363877551,1369.90071030612,1238.7841122449,1312.79622346939,1361.25709897959,1349.41291326531,976.328994897959,1144.13076530612,1039.13443265306,658.473005102041,555.987228469388,1377.53584887755,869.021501020408,717.498637755102,1477.20455816327,1506.28413571429,1687.28320204082,429.486703061225,479.596760204082,728.383078571429,661.234386734694,779.258036734694,1237.19861428571,959.588832653061,1259.24627244898,1349.27771836735,1339.55886734694,1384.13894183673,1580.79413979592,848.353959183673,1291.2661255102,912.907273469388,1104.56799489796,1270.02508163265,1256.60798469388,1170.78470387755,857.298803877551,1072.74629,1346.61468163265,769.147017346939,1273.40558979592,1138.27475102041,1050.97167653061,946.0952,975.582455102041,863.267632653061,487.871951591837,1063.76454081633,1480.40313979592,1512.44541428571,1144.91794489796,1539.64838979592,1088.98626632653,1205.90966326531,1585.02796122449,601.538532653061,1003.63301622449,898.226596836735,1011.3834255102,1231.34384081633,1565.8817877551,1441.5426377551,1255.6936255102,1302.9853877551,844.347921428572,742.862882653061,1065.41388469388,906.587665306123,1230.48253469388,1439.70184285714,1832.84565918367,682.691105102041,777.90102755102,836.75423877551,1122.89459591837,1319.03898673469,547.072793877551,1285.18261387755,438.01143877551,801.03907755102,853.793418367347,1188.03061428571,1139.5986244898,1415.98800816327,1257.4585,941.513226530612,1379.03648469388,1433.94668469388,1360.8526877551,1488.95314081633,1576.36549795918,1009.64217510204,1305.09392244898,946.193365306122,1238.73798265306,1117.14147857143,1489.00495408163,1135.09557571429,1276.79844795918,1587.46806938776,861.354104081633,1107.39991632653,1015.24535510204,1023.68794897959,1294.56138163265,1106.15134489796,1122.02798673469,1282.38098469388,1666.98761020408,856.628563265306,1265.13050306122,936.287207142857,683.454215306122,1024.85944489796,986.662292857143,431.808321428571,955.255382653061,1049.90667244898,1102.55592142857,640.706083673469,1536.48169489796,1489.39341438776,1428.81904387755,1313.96695306122,1432.33637959184,816.147176530612,857.016102346939,879.187978877551,1287.9198755102,1311.82950204082,1786.70658265306,1450.43182581633,1823.96762857143,1104.2919877551,1522.66738061224,1050.35659897959,1352.52460612245,1348.21179183673,919.008216326531,980.24856122449,915.731587755102,1058.17242040816,1252.0485122449,1091.49065510204,1346.84044693878,963.22177755102,1502.69121530612,564.564598469388,953.868033673469,1413.03408877551,1018.41170408163,1343.10131938776,1086.38420816327,1696.78342755102,1607.06699387755,1251.19909387755,1245.29754387755,1051.68799387755,1176.27564591837,1363.40809081633,1458.7789394898,1537.27635918367,1175.23557857143,1024.7370877551,1047.54359214286,1212.9320755102,968.245296938775,875.584487755102,892.717416326531,1095.78869795918,1213.90081428571,1441.58928673469,562.35052755102,1083.11478979592,1349.00910408163,1109.23342653061,842.803505102041,652.056262244898,1189.02825408163,1557.84927040816,1236.3048622449,1133.28209387755,1070.24477173469,1008.64425061224,664.75057244898,601.057568367347,574.032060204082,1197.02819387755,1001.06791938776,1094.6177122449,1125.59966632653,1483.76230102041,1381.47746326531,1240.47803979592,1319.44996734694,1351.09796326531,968.994209183674,856.463125510204,1605.05198877551,1869.45684693878,1401.4806255102,1012.57986428571,774.267374489796,891.811694897959,1104.19634795918,1296.66744795918,1135.49272755102,754.909532653061,1136.54522857143,1353.34220510204,1251.29324081633,815.124808163265,419.616907142857,814.499293877551,1025.09304693878,846.869893571429,812.747212244898,1005.63298163265,1299.41785408163,1852.36520714286,1083.30257653061,1004.43690204082,894.116980612245,895.59831122449,794.930068367347,1071.90236122449,755.320934183673,1485.64500714286,1506.94909285714,996.328094897959,824.060468367347,1261.36651938776,1110.15715204082,1171.4010255102,1149.09040306122,1167.10252142857,1525.97577653061,1588.9970244898,951.988993877551,901.582602040816,1031.65676428571,1191.8187877551,1452.82080918367,1376.68364693878,1137.97293673469,855.699001020408,697.66282244898,1141.74861020408,974.10236122449,1275.68744897959,1408.08676122449,1054.91535408163,1124.50528163265,1275.38943367347,1047.64214081633,1161.38520816327,1431.50345714286,1276.50045102041,1175.35865816327,1260.12489591837,1255.85214693878,840.720460204082,647.862160204082,1097.90330204082,1268.61705408163,1801.65386938776,1121.32502244898,722.943619387755,814.497030612245,736.635717346939,624.057456122449,1175.06197040816,886.673285714286,798.218486326531,1934.23277040816,1235.98116938776,1133.79727755102,1092.22881020408,1311.30407653061,1028.00472857143,1090.37957857143,1257.36555612245,1108.26101836735,772.464366326531,878.299716326531,1064.4360755102,1142.85332653061,1137.16001836735,1055.72142142857,1125.75551836735,1648.19435102041,1133.82635918367,1161.43565306122,1085.89788163265,758.88268367347,1177.20103989796,1112.96561734694,876.229527551021,1307.46253061225,1600.46681734694,871.95008877551,738.840224489796,669.347473469388,816.565147959184,907.009982653061,1275.87323673469,1523.77095510204,1305.29196020408,1130.25664897959,976.541063265306,1395.40852244898,1724.89853673469,847.722742857143,1087.38956020408,978.553170408163,1124.73675408163,1177.2496877551,780.147291836735,1280.80205,1555.25513469388,1308.31447959184,1329.16430816327,1197.48050918367,873.704191836735,959.486629591837,823.653214285714,1219.21750306122,1026.96403673469,1211.42000102041,751.49817755102,1141.2711122449,860.012308163265,945.612372448979,1169.57995816327,1171.12726938775,1563.17287653061,1881.81783877551,1357.27173877551,916.85903877551,985.304785714286,1383.17044897959,1527.56381632653,1485.2660022449,1447.62718571429,1406.20818571429,1159.25073367347,1373.45768367347,978.445906122449,1225.0645472449,1448.57290816327,1354.01056734694,1116.92152755102,1214.09883265306,770.044960204082,595.032118367347,931.61283877551,1409.16949285714,2132.44604081633,1906.70252244898,1444.15559489796,1032.44409795918,960.971054183674,623.125953061224,1164.08890918367,676.942629591837,866.81485,1124.52991836735,1715.96031020408,853.203181632653,1066.52000510204,1040.46701938776,1197.4699122449,1028.62593918367,1831.96723571429,1077.10225,1266.7735255102,1004.57592857143,878.22673877551,861.795242857143,1138.49813469388,1177.34733367347,945.625248979592,641.777739795918,1242.06992755102,830.046457142857,727.515880612245,925.298835714286,766.947394897959,879.591639795918,1231.3391244898,1411.32034285714,980.77487244898,785.638657142857,1283.3964877551,1385.10575714286,1312.84417244898,981.465742857143,1332.39018163265,1055.64530714286,1201.55192653061,1071.96487653061,540.547023571429,825.546270408163,564.493675510204,744.695568367347,1162.03137857143,926.393560204082,1107.06911734694,1058.49078469388,1245.17703979592,1635.91063265306,900.679034693878,1131.49248061224,666.503234693878,999.149629591837,757.190694897959,864.107787755102,586.105445918367,1044.95901326531,912.63787755102,795.09385,1237.23796326531,1326.30362040816,1373.00543061224,1493.18875153061,963.283125510204,1032.03046744898,634.31471122449,504.075242857143,556.830405102041,703.461464285714,996.449643877551,1962.87585306122,1038.56984387755,955.37111122449,825.35519867347,1381.39658469388,1083.39390714286,1721.47552755102,748.632964591837,911.599035714286,789.240767346939,825.250624489796,900.278929591837,810.12306122449,1517.41995714286,918.930997959184,936.270793877551,601.855441836735,749.951456122449,1225.78091734694,1302.54932959184,744.95676122449,890.689589795919,1153.02417857143,1196.02457346939,1244.99074693878,789.821741836735,1063.05952653061,1150.12427244898,1499.49257142857,1097.5685244898,1101.37321530612,1478.38675510204,699.216263265306,732.479084693878,719.26387244898,963.256119387755,1061.64947959184,554.275710204082,1682.89373020408,1181.96355204082,680.64791122449,1022.16046122449,1796.00096326531,1423.47135102041,1221.97654285714,1718.97753367347,1583.5991122449,1358.57780612245,1244.95342438776,932.238032653061,1196.15990479592,1077.33114183673,1037.02163571429,1282.03682244898,1163.47302857143,1370.76003979592,1280.9977,1469.77694387755,1627.05446938776,1176.90675714286,1762.24413571429,1244.91756836735,1911.75848265306,1392.02919591837,1169.50359795918,1082.14327857143,798.086723469388,806.23907244898,1195.28321734694,1113.4682877551,1167.48680816327,724.734386734694,1215.12506530612,831.627766326531,663.65261122449,953.144840816327,577.623420408163,1044.09430714286,1409.94191530612,388.554404081633,1224.18846938776,500.331612244898,666.784379591837,608.030133673469,830.588845918367,710.005629591837,791.976524489796,1247.78633469388,1169.97183571429,1352.35436530612,1520.61279285714,995.796225510204,1324.36808469388,1455.66760306122,1472.01922040816,856.535441836735,857.471748979592,1290.08742244898,472.379836734694,1203.01495102041,800.943265306122,593.793713265306,1320.02948163265,1174.00850204082,1533.1989622449,1409.75803877551,1046.21979183673,1047.41497928571,1678.94781693878,917.69296122449,1235.13688469388,1642.41933877551,1100.62848265306,1518.78809285714,1060.75341632653,542.577541836735,819.047768367347,1155.8543755102,1092.28449387755,1175.09144897959,1545.76699183673,1577.78462244898,820.548396938776,814.848557142857,746.629186734694,925.964875510204,779.325179591837,976.818405102041,1123.53791326531,821.516602040816,1095.59616938776,1218.75513469388,1091.72179387755,849.858747959184,1406.7208377551,1282.3367755102,1673.26244785714,1211.74720510204,1232.7419244898,1246.02484693878,1085.59194183673,942.826666326531,1280.50156938776,1083.28575020408,1066.85260102041,617.607344897959,896.352323469388,2167.23543571429,1233.84769591837,1175.28128469388,1343.28245612245,1168.48288673469,1048.72926836735,1421.15349081633,998.889970408163,901.982431632653,963.497598979592,1035.93956122449,889.577492857143,807.59732755102,1141.5508122449,908.163945918367,841.008596938776,1333.64009387755,1099.4549877551,1171.85773265306,1352.60569826531,1719.65486836735,967.36035,1372.33963469388,953.947446938775,1406.8087622449,1362.9564377551,1282.9177444898,1170.15699081633,1281.85372755102,1101.21548367347,833.46281122449,1096.30731428571,1394.33980816327,1281.04318163265,1706.69296326531,1492.95658877551,1213.29083367347,1221.95232755102,1311.48806632653,1428.24267653061,1238.18643061224,1307.57609081633,1592.4471744898,1019.31850102041,818.521966326531,1483.66763367347,825.239982653061,998.617039795918,1722.40189591837,908.594657142857,1069.21822244898,1589.24885918367,1467.49398469388,1172.15736428571,1802.81008163265,1384.49458571429,1017.98895306122,748.511863571429,807.254147959184,1104.44648979592,786.457081632653,917.44872244898,1015.76866326531,941.058263265306,709.305478571429,1071.73966020408,1110.20816632653,872.443751020408,1762.46949612245,1539.66799489796,1773.79919081633,1314.82545969388,1026.32947142857,682.205494897959,934.210010204082,897.087992857143,1243.69908571429,1180.87976428571,1082.75191632653,1345.31492857143,776.857082653062,584.493040816327,876.623543877551,937.08298367347,940.646541836735,910.719519387755,947.616469387755,986.682335714286,898.362382653061,577.57297755102,851.647744897959,927.72897755102,630.72406122449,891.819401020408,1097.5593122449,785.584966326531,648.79923877551,1336.75294795918,1120.89444693878,1522.57219897959,1690.66472346939,1682.98254897959,826.689757142857,609.395343877551,1095.72717346939,629.776931632653,1284.73655816327,1439.18055204082,1440.44306734694,1207.03677755102,1232.34948673469,1278.39212653061,1662.36313265306,1438.96178979592,1078.13751326531,1102.58589285714,992.59892755102,802.638973469388,742.85297244898,962.028971428571,1497.78538632653,1206.10941316327,975.426356020408,613.31812244898,1083.92253469388,1291.6654,820.338230612245,804.005894897959,1075.7707744898,1413.42874387755,785.728867346939,1143.39118469388,1167.39220408163,1497.11391632653,1059.18142346939,1634.05763979592,988.950010204082,1371.02268367347,765.413534693878,967.982213265306,1213.86700612245,1269.11444897959,1172.02196367347,1071.00324897959,1064.60796530612,1425.28999489796,1409.04638877551,1495.84130714286,572.480759183673,473.951270408163,874.287725510204,1222.43612857143,680.258533673469,916.444080612245,1249.71650918367,914.857160204082,1096.53893163265,1050.92434489796,879.329515408163,956.973564285714,1090.16186734694,785.63248367347,996.804904081633,1275.59479795918,1191.94056734694,923.172323469388,893.113465306122,2043.35893061225,1439.13720918367,793.370463265306,578.822691836735,875.135593877551,1219.97731938776,763.999416326531,1112.24062040816,985.186825510204,1065.63576326531,951.221060204082,1227.68810612245,1652.82458877551,1499.82780204082,1162.37451734694,1166.04152755102,1400.09701428571,1193.7755244898,942.196941836735,1139.11905510204,1337.64071326531,1025.98123469388,1632.37327795918,560.168110612245,1116.35322040816,1134.18101326531,993.449962244898,1441.69913367347,1167.71574693878,1419.89173163265,1464.94520408163,802.308543877551,992.818151020408,1289.53051326531,1384.71516020408,1195.30477244898,771.017516326531,778.397577551021,1122.73039591837,983.102732653061,1247.42650204082,1217.12948265306,717.656145918367,771.357978571429,938.862154081633,507.318129591837,1572.59180204082,1262.34295510204,1285.64651326531,1305.56079795918,1510.65943367347,1554.74073061224,1067.30032346939,978.139759183674,931.336986734694,1142.05231632653,952.387565306123,1094.90382040816,1136.86509897959,1344.74035102041,1250.41632142857,704.938195918367,1139.34119795918,403.863141836735,1219.28792755102,982.081289795918,1087.06766632653,1248.09191938775,1352.13502142857,1334.63452959184,939.274006122449,1133.49671428571,1367.34608979592,1123.69025612245,1393.42707040816,1759.74613367347,1480.77284489796,1366.84309387755,1603.54409285714,1277.15676632653,1239.10211326531,1444.9560622449,1154.3871255102,978.639596938776,882.782033673469,1004.05366530612,1373.60608979592,1483.07559489796,1619.26595714286,1029.42004489796,1263.22785102041,1430.34487163265,1028.96415102041,1331.62459693878,985.181643877551,1240.79333163265,1706.87332244898,1503.0009744898,1450.30782346939,1250.63495918367,938.530848979592,1623.7360122449,1844.09878061225,1674.0892122449,1751.42922959184,1619.56464795918,805.334325510204,1184.45214081633,1139.00633367347,1003.95790204082,743.368604081633,918.364684693878,840.000258163265,779.670486734694,1453.28978061225,1299.38078163265,929.746879591837,1177.91014795918,1603.71018979592,1393.38507857143,849.161255102041,769.366985714286,1181.43677857143,1365.28382142857,1551.56324285714,746.897195918367,1566.74708489796,868.862831632653,1092.78327142857,957.691816326531,1236.58274591837,1101.29505510204,1245.61728061224,1292.3846877551,1464.73377040816,1331.6488755102,703.181251020408,974.015491836735,953.565591836735,960.790715306122,764.438985714286,1160.56646326531,852.58965,740.159936734694,1284.57285306122,1152.63491908163,983.530071428572,1336.41200816327,1459.30100510204,1237.62736122449,833.20491122449,1071.93784285714,925.808448979592,702.947342857143,1312.67599693878,1529.37950510204,1313.73149489796,1054.89581122449,1187.09746734694,1103.99823265306,1422.15587857143,988.400613265306,838.824579591837,1463.0553522449,1124.99269183673,1399.73816734694,1296.42892040816,1051.20137857143,765.86894744898,950.322194897959,1040.28540204082,1498.97827755102,627.307941836735,633.753113265306,815.138557142857,1340.08832989796,813.631652040816,964.286371428571,1137.02418265306,1134.64597755102,1176.90466734694,1489.77638061225,1317.30390714286,641.974274489796,731.019410204082,1303.32439489796,1782.1365622449,1547.46465816327,1266.11640102041,989.064332653061,622.374676530612,991.888855102041,766.81657244898,816.191560204082,932.971316326531,686.497632653061,1417.42665306122,1428.15976020408,1343.23695408163,801.203839795918,1902.85866122449,1359.10576530612,1193.25883571429,1710.26850918367,1522.73717642857,1426.68789857143,1143.00985102041,999.62126122449,900.157474489796,984.599690816327,1315.37059591837,1078.64886734694,1443.07594387755,1102.61449387755,1269.2636755102,697.212251020408,744.650953061225,1034.78084285714,1128.78341632653,959.560475510204,978.182575510204,1215.39272653061,921.957315306122,1507.00606836735,797.715306122449,1453.75717244898,1199.89836591837,1004.20861887755,1283.09994285714,1122.12384081633,1073.93318877551,931.124802040816,1158.34021836735,977.738126530612,1309.57620612245,1318.95696326531,1540.59745,1456.43540408163,1365.80263265306,1568.09401020408,1215.46013469388,1066.16558061224,1096.14633979592,989.954785714286,1093.56024081633,1236.20567142857,621.470766326531,1023.83322857143,2159.85186530612,1433.81209285714,1065.94085306122,1219.55585612245,1206.22602591837,660.143169387755,831.810625510204,1065.28339897959,714.908590816327,732.85582755102,1062.88603469388,767.027139795918,1625.04350102041,1355.63924591837,1158.40581326531,1093.78674081633,1191.6823244898,1138.54891428571,1344.84578673469,848.844646836735,736.798623469388,1299.43258265306,1703.83250306122,867.757765306123,1311.3039377551,877.46068877551,917.305595918367,1122.41144928571,1194.12835204082,1476.2808,1111.13989744898,1079.97839387755,1747.71558877551,953.200359183673,1885.18792040816,813.212878571429,893.426747959184,1405.79890612245,1108.35218877551,1172.12570102041,818.157464285714,874.070767346939,831.10632244898,964.407075510204,1031.58153571429,1314.82870612245,1208.32222857143,1656.19534183673,1558.13481122449,1526.97336122449,1045.12736122449,1280.19959081633,787.567827551021,917.868756122449,864.694989795918,1043.19980102041,1562.32344693878,1518.72223877551,1370.66764285714,1384.59377857143,1407.49631632653,1102.1471377551,1223.35380408163,643.793914081633,828.42458367347,869.524560204082,937.989468367347,926.655454081633,857.822585714286,1207.26497785714,1535.92339285714,932.591543877551,733.424855102041,957.995957142857,1692.72094693878,641.922487755102,1353.67607857143,1710.57916938776,1855.39631530612,1097.07642959184,831.510394897959,1419.23680306122,1193.12179693878,705.136473469388,879.28527244898,1277.30587755102,1079.38322346939,1089.97871938776,1074.05096428571,1234.22610816327,1217.09863061224,1150.70422142857,665.619432653061,791.831926530612,1106.9284622449,640.268654081633,1625.32899387755,781.306278571429,1375.3408755102,962.164352040816,1354.75822653061,786.805019387755,871.06792755102,1305.82027653061,910.614598979592,663.80133877551,1064.86128469388,746.224018367347,829.609223469388,778.379541836735,806.454953061225,1211.42879387755,1040.55843367347,1117.57113979592,719.790537755102,899.948702040816,1592.15561530612,1147.55459693878,1260.46754693878,1310.47180938776,1280.68115989796,1015.20521836735,902.412142857143,1165.3631122449,1049.75539897959,1110.86606428571,1219.94276836735,1317.37533469388,1239.02209897959,1233.51973877551,705.068858163265,924.200707142857,1297.27214183673,1259.53402244898,1017.57360408163,1323.30840612245,1271.40094081633,884.454182653061,609.934440816327,1009.85632040816,962.720346836735,1250.15756020408,1144.10738265306,1104.11495408163,1087.8562755102,929.633998979592,1412.56804489796,945.245716326531,1113.96669387755,1334.63671938776,1119.71932857143,1790.66413163265,1111.05290306122,1331.73069897959,751.279428571429,872.977040816327,1054.19699897959,963.329384693878,1679.21716428571,1378.39004489796,1515.39611734694,1395.09544081633,1082.58503673469,1330.78517857143,992.993690306122,922.492094897959,1231.42205,1467.60283469388,1359.56791122449,1023.61012663265,1436.66718112245,1369.71441438776,1583.37951530612,1617.61874489796,1270.54244693878,805.886006122449,1172.75897244898,1077.01581530612,979.409998979592,715.06085,582.933608163265,673.356741836735,876.234141836735,1056.05141734694,1624.90417346939,1392.20301122449,988.832548979592,846.563686734694,962.140051020408,1039.85411530612,1001.88605204082,1649.8999755102,976.068902040816,649.332508163265,930.490612244898,1272.09241530612,939.806530612245,1574.22082040816,1294.11056428571,1448.82790204082,829.619632653061,1186.43345306122,1025.42680204082,1030.11882857143,1011.16666122449,1596.12699214286,1526.25607142857,1234.61589285714,1114.34849183673,714.609095918368,1541.50954795918,1397.02719795918,1293.02684285714,1350.82925510204,1048.78235816327,1141.2531244898,1632.11848979592,1217.20094897959,758.111134693877,1135.07315510204,657.493761530612,553.929080612245,480.408856326531,457.973447755102,480.166294897959,450.583824489796,1504.85449183673,1488.15725612245,1534.39365714286,1619.97894285714,1461.12461938776,946.036481632653,1217.25654489796,1442.07276122449,1261.37455,702.085563265306,377.510528571429,942.006829591837,914.331867346939,1184.36446020408,1024.43394795918,2153.28008163265,812.001914285714,1377.01616734694,1665.11593673469,961.713103061225,995.76656122449,1252.84307959184,1593.18310816327,1042.25397959184,1117.32432653061,1262.49688010204,1163.55282857143,957.458119387755,800.790188061224,897.1548,1011.42355510204,1026.6167744898,670.038865306122,1692.6018377551,627.678137755102,1322.6144744898,971.311355102041,1271.96922755102,891.447196938776,726.51198877551,1290.57810510204,1044.11889693878,997.336430612245,1300.50654897959,1070.87639795918,898.649589795918,1241.64193571429,1133.85345714286,777.748441836735,980.212691734694,982.167640816327,1138.99533265306,1039.53934285714,1168.96364081633,719.041867346939,890.49106122449,1432.48533265306,1497.5659377551,1286.70215204082,1800.36696530612,1651.16310408163,1120.36595612245,1522.17831428571,2130.40568571429,1133.12358163265,1016.29906326531,740.656843877551,1405.55760102041,1093.26168877551,1043.44707959184,900.789298979592,1369.90041530612,505.837454081633,954.5241,1045.98975306122,1038.10616734694,1335.53027959184,1444.0087244898,1490.77501428571,1333.27981632653,2211.99482857143,1201.14488469388,1106.39414897959,1658.35961938775,1594.16384591837,1298.24546326531,1660.83336428571,1203.85713979592,1332.77243571429,1121.49510510204,959.279143877551,1014.17870204082,845.887054081633,778.816509489796,788.733909183674,771.632564285714,459.446941836735,928.475218367347,1387.93836836735,1198.03157959184,1850.79251938775,1656.00178979592,1371.05663265306,1128.80168367347,1135.12635204082,1778.1835255102,1371.06462653061,1148.60329387755,954.565480612245,1100.29898061225,1643.67811683673,817.173369387755,1004.45178367347,1437.87435102041,1168.2375377551,809.936843877551,781.829339795918,1005.42346632653,1482.78320204082,849.826395918367,1071.66307857143,722.715531632653,927.16787244898,1232.21874591837,786.602576530612,1007.12057755102,998.348260204082,682.405458163265,713.315512244898,1232.22178265306,1558.98283244898,726.27847755102,1349.92721540816,1608.51910908163,1065.04517040816,1061.74186326531,1326.23671122449,1327.81571734694,1270.47886938776,1280.41219591837,2074.83598163265,1308.36547346939,1475.78493469388,1297.25022142857,1199.08758061224,1026.5385744898,773.357385714286,1036.55870918367,973.983930612245,772.195914285714,958.256868367347,1482.27871632653,1242.68640204082,1105.57814693878,1305.95829897959,1025.77902653061,619.577062244898,1065.17035204082,750.896514285714,980.257866326531,637.104067346939,636.470785714286,874.709529591837,757.713918367347,509.814163265306,545.971135714286,1126.31025918367,657.227606122449,1247.25211938776,1217.02292040816,1310.53294693878,1344.19390408163,755.800619387755,1292.86079285714,1381.69349795918,1069.50358673469,319.636734693878,489.629396938776,1363.10487346939,1309.77031122449,1559.56868367347,1581.71796326531,1192.01763571429,1214.21856428571,816.792709183674,1581.84917040816,1643.47108673469,1071.47671428571,748.463459183674,1252.90525816327,705.309468367347,1123.22511020408,1199.27545714286,1633.65370714286,842.757726530612,825.541466326531,695.499004081633,558.469877551021,524.041124489796,1328.00700204082,1048.46872244898,996.994282653061,1494.80547693878,1353.06146326531,1086.40354387755,1299.14424795918,614.657939795918,980.228247959184,1040.41268265306,1165.31007653061,1304.46877755102,837.075804081633,1277.72336836735,1039.60061632653,1041.89620204082,894.612766326531,582.936776530612,1435.12444591837,1326.26150102041,1332.65417346939,1724.27696734694,834.948953061225,1378.61057653061,1048.11583265306,1251.31188061224,1327.08089183673,1263.48814081633,1152.31771530612,1237.90700816327,1410.62060612245,1086.63810102041,1140.3624122449,881.653244897959,894.094347959184,790.136924489796,1036.63276561224,2151.38926530612,1225.4846,894.190028571429,1354.07281734694,966.432791632653,1340.33522959184,1187.06665918367,1401.40992244898,1523.88215102041,1380.05444897959,710.026482653061,994.211698979592,1248.41186734694,1039.85859591837,1038.1331255102,1608.61818367347,774.079783673469,1054.67398061225,1250.17890408163,1248.62150306122,1583.39527755102,1141.98445306122,1171.59978979592,908.944293877551,1168.34641632653,1280.01121122449,1099.10505,1211.4720744898,1733.82064693878,1319.97408367347,1204.56797857143,1395.66203367347,1268.27500510204,1292.39242969388,972.232926530612,1340.42743061224,1310.79564183673,1081.21058265306,620.997724489796,1541.00532244898,1338.57528163265,876.375320408163,1208.62748459184,693.819069387755,1146.57398571429,925.847463265306,1307.83115918367,1123.95302653061,1254.59164387755,1461.14687653061,1219.55843979592,1188.01637755102,632.93505122449,833.240514285714,377.569903061225,728.650053061224,407.042695918367,1334.92792040816,1444.90288877551,1387.39863265306,991.840179591837,1760.79267857143,1603.2878122449,1217.65987142857,885.756173469388,1177.14126428571,1115.79000408163,1234.25594591837,1019.33129795918,1433.51772316327,1417.04499897959,965.709376530612,1106.47813061224,1431.53046836735,1413.77982653061,1364.90805204082,1688.9282122449,1049.69334693878,736.211756122449,1311.49181122449,1541.42663265306,1525.89694795918,1442.38969591837,1419.58323265306,1274.88608061224,1209.50016326531,925.098225510204,773.552852040816,1295.40861744898,1520.40516326531,1007.47163212245,1240.88379795918,577.749363979592,1253.13563673469,901.72315,1148.48841122449,1147.17747142857,1380.05624693878,1267.59651632653,1142.08924693878,1185.77381530612,939.296106122449,724.829701020408,1177.97221122449,997.279479591837,548.466007142857,953.443892857143,969.809579591837,818.391368367347,1206.38145102041,1760.96580714286,985.167023469388,1254.7171,1570.56140510204,933.37014122449,1069.45020612245,819.429220408163,1339.48213979592,1280.0275,942.910232653061,869.59797755102,1312.46544387755,1128.21081530612,1353.35811428571,742.659563265306,605.479994897959,1021.12350918367,867.122295918367,1359.61969897959,1317.36235306122,1463.76529795918,1057.70348469388,1190.33373979592,1122.10545204082,869.416154081633,1364.20414387755,1338.87153877551,435.299608163265,964.934621428572,795.473290816326,821.71938877551,1143.67184693878,1260.30835102041,1312.46933979592,1233.88552346939,1321.01254285714,1002.57354387755,1433.88678571429,1234.19910714286,1005.96816428571,1021.85247959184,1238.51670102041,1552.54905510204,1149.49108469388,1080.83635102041,1564.4390244898,1808.51945714286,1022.28101622449,976.709862244898,1064.55507346939,1136.33749081633,1269.91162857143,1423.09888061225,1008.66665816327,854.120268367347,526.050271428571,1124.70131632653,995.503254081633,1230.30832142857,1065.20718469388,1331.53781122449,1287.58908265306,1468.89240918367,739.896908163265,901.96867244898,1121.63009285714,1123.42611530612,602.22125,810.49332244898,1008.20437653061,975.660836734694,953.710720408163,1065.84880816327,1376.56363673469,801.055616326531,1483.79806836735,1064.66066326531,1252.41780816327,1532.22147142857,1319.94912959184,1113.03456836735,1401.34501530612,1574.9398755102,1659.3505255102,1095.21953571429,1422.44789183673,1491.67351122449,1017.61361938776,856.403215306123,674.592726530612,754.822774489796,851.223689795919,694.764003673469,704.03117244898,1010.61372857143,764.129328571429,717.88151122449,1185.18019387755,767.224348979592,767.265118367347,867.938623469388,1491.72225408163,1005.65413469388,760.583963265306,1210.81224795918,606.975241836735,908.378668367347,1275.38875816327,1136.91106836735,1045.64827040816,1607.52992040816,1445.58427959184,1797.28655,1051.53325918367,1249.99842346939,1529.06507244898,1011.78384795918,1898.08435306122,1531.66124795918,1247.36049693878,1470.57751326531,1622.69835612245,1696.02692755102,1255.00141428571,1900.88442244898,964.894380612245,1079.35858163265,1165.96010102041,1356.92342857143,1309.58381428571,609.884256122449,992.107830612245,1252.26789285714,716.100639795918,764.07161122449,1064.09060408163,1078.71839591837,991.334635714286,933.488119387755,919.604009183674,696.729882653061,1407.23508265306,727.126658163265,777.033159183673,1023.42800204082,684.308412244898,740.848981632653,794.193765306123,1160.0540122449,1417.00960622449,1342.81840714286,1422.81110714286,1134.19110510204,566.978746938776,695.396667346939,1394.70104387755,1257.33395102041,1047.28858673469,1916.84129897959,1168.08336516327,1252.57822040816,1318.0483244898,1066.74416020408,777.322078571429,709.444559183673,851.912410204082,1450.24520714286,1145.55955102041,1321.86062959184,1287.47137653061,1610.06974285714,1432.77648265306,1079.90417959184,1470.94669081633,1172.10227755102,1219.33436938776,1427.26826326531,1207.18279285714,1562.97576530612,1147.9913244898,1847.22492755102,1439.40473469388,1316.57381020408,1396.06925918367,1670.55950816327,1203.91953061225,1214.783555,1336.63447142857,1503.08546836735,956.256423469388,1384.76029387755,1744.87879795918,1365.96916632653,1729.04912244898,1240.13471938776,883.388902040816,1283.05814693878,1366.3823877551,1648.48739489796,1641.29286632653,726.24755,818.761671428572,724.443412244898,1152.66035,1068.04739489796,1340.99994489796,591.06876122449,603.201742857143,522.886790816327,777.742279591837,1307.63772346939,1059.15639387755,1051.67765204082,816.805852040816,918.678928571429,896.822935714286,643.456291836735,590.422601020408,1663.04926928571,1905.80955561224,1356.16677040816,1309.29572857143,879.540189795918,1075.06639387755,659.374719387755,1069.9625244898,1065.36292244898,1056.68155612245,1206.09212346939,1064.15534591837,1389.17781836735,1217.29280714286,1620.02994285714,1294.57751836735,828.550306122449,1041.29335,1213.20461020408,800.877651020408,817.808846938776,1126.60894387755,909.461252040816,982.20215,1037.99652142857,606.384783673469,1051.04112040816,722.600364897959,1087.35450918367,1172.4969377551,1752.22836530612,1308.50413367347,1335.23952244898,539.30533367347,942.283816326531,995.501194897959,1218.68329693878,719.748145918367,1007.1987744898,888.939374489796,608.063292857143,1208.73191632653,1243.3460177551,731.75002244898,703.974651020408,964.559663265306,922.006880612245,883.590220408163,1163.33613877551,1208.60084285714,1118.73229183673,1534.10249285714,604.852547959184,1085.76960510204,954.896244897959,1962.25586632653,1738.21201326531,973.543466326531,1498.53434081633,1581.8801755102,1327.03026734694,1435.45052040816,1540.52710612245,995.46327755102,702.276002040816,911.365253061225,1063.8210244898,1222.72027755102,1749.32029897959,1651.49492857143,1449.27194489796,1376.03166020408,1422.55485867347,1276.66408877551,628.637870408163,843.496490816327,1021.8101122449,869.495801020408,818.262056326531,1196.57865887755,1601.38843469388,1497.9785255102,1245.46566632653,1669.2407877551,1269.54981938776,1367.64898979592,1399.18749897959,1071.16057346939,941.681359183674,1312.97578061224,1104.22357142857,1051.95672142857,1487.72189489796,1601.35376326531,1519.48406326531,1030.81081020408,1538.0201,1315.81801122449,1586.61876938776,1631.15188979592,1105.23328367347,731.662175510204,847.959175510204,1415.94219795918,741.674770408163,1244.64206020408,1174.71972959184,1623.8390744898,1052.54739285714,1095.63035918367,802.82647622449,1486.00843367347,1401.89745510204,1091.51963979592,1128.15719285714,945.219229591837,704.047275510204,1402.28584693878,974.349282653061,1245.38510510204,1526.4013622449,1045.04233367347,952.229623469388,1477.09775204082,1076.61545816327,1684.03578877551,1595.66284387755,772.686914285714,890.293564285714,670.287844285714,1169.29162346939,890.000637755102,1300.21939183673,891.188565306123,1043.78255510204,847.278996938776,641.001544897959,1446.11973877551,1647.42076836735,1192.09779693878,1243.15899591837,1133.47229285714,1602.45231122449,504.209592857143,1368.08895306122,1165.55590612245,1347.93533367347,1615.86117857143,1162.62743469388,1172.0763877551,936.991774489796,788.442,953.812164285715,1070.86300816327,1351.87006530612,1362.87563061224,986.918301020408,1212.46225,1286.01733673469,1599.54024897959,691.458324489796,1068.43390612245,1622.20014795918,1650.69569489796,1298.58701795918,1148.7297755102,1011.09471428571,947.554338265306,1122.35293734694,644.890090816327,703.922294897959,1139.5597,1166.6878622449,1049.8795244898,947.646484693877,1170.19713918367,1589.0465244898,1217.05546428571,1057.94259489796,1324.56201632653,1340.6760122449,1252.73802959184,1407.22119591837,959.679693877551,528.052471428572,1088.13039285714,1089.11655918367,969.121008163265,1232.56850408163,1701.61331734694,1157.34021020408,1191.03496836735,1224.79829183673,1008.87399387755,1032.15460408163,1230.6495,1068.17836734694,718.819340816327,1008.71409591837,1439.85558214286,1255.9194744898,795.619364285714,1392.64581836735,915.180544897959,1137.83467040816,1468.61974081633,1846.03246428571,992.758805102041,951.131045918367,567.183017346939,1256.69208673469,1386.98430510204,1464.26263673469,742.972723469388,1132.94555612245,969.859663265306,909.984643877551,927.366536734694,1384.68075714286,1339.44159591837,914.391521428571,1120.4671877551,1096.55605306122,1107.74704795918,2102.79836428571,1366.13840510204,1022.0001,998.82432244898,1054.80311326531,1097.17111632653,1013.81969183673,833.733159183673,1230.60468367347,971.723894897959,356.384218367347,1248.95445714286,1046.12423979592,762.301567346939,988.533303061224,816.786582653061,1434.34404489796,959.063460204082,1394.76525102041,1646.43667040816,1419.03310612245,1195.61749387755,1178.44993061224,1480.70671428571,1233.44700918367,681.767735714286,993.138947959184,1034.40953061224,903.66448877551,1505.5384377551,1566.4928622449,1422.21045,1175.30384591837,1104.59568163265,1288.34864183673,1284.93324183673,1294.94585714286,1309.66323571429,1223.01218061224,883.254207142857,1611.43045306122,1444.30138571429,1007.80352755102,1125.17755306122,1097.3272377551,1139.60236020408,1249.19639387755,1210.81351938776,815.853891836735,964.538576530612,1349.98223367347,1308.86654183673,809.754981632653,1002.56072346939,760.080730612245,1322.0034755102,1387.99649387755,1248.21325816327,1940.81161122449,1352.13376734694,1393.29473265306,1052.07361020408,1304.59434591837,1518.09322244898,994.492951020408,1532.09916428571,1184.50329489796,833.616854081633,1438.69892857143,1501.35699489796,1184.90823061224,1272.16695510204,635.908929591837,1435.91729489796,1331.60111020408,1039.18644489796,1340.05027040816,1000.56676836735,832.801203061225,1508.76789285714,716.214556122449,913.706825510204,1183.06866734694,1287.16132857143,935.762463265306,843.210192857143,672.347162244898,1238.35124795918,572.625766326531,1114.61540714286,1377.36175204082,1000.97343469388,1222.80382959184,919.208371428571,1081.7494122449,1152.19375714286,1144.74890612245,1229.95402959184,746.258652040816,875.480861020408,923.873280306123,490.499337959184,612.276645204082,909.364709183674,1377.52253979592,921.541459183674,1350.99318265306,1134.55389387755,1267.0031622449,1098.63237040816,1490.28933673469,1518.92591969388,942.749782653061,512.97748877551,1103.72520387755,1160.07724285714,930.934481632653,1673.90779693878,1746.57118367347,970.24285,953.417065306122,840.860719387755,1453.98012857143,750.986770408163,1163.58081020408,1172.19993163265,1128.37082040816,966.240847959184,1011.5872377551,886.337118367347,1197.5712744898,1422.18072142857,1265.53132653061,1237.87797244898,1107.27371122449,789.720980714286,1064.76465204082,901.711067346939,1147.05700510204,1127.22366326531,965.179610204082,698.031197959184,1217.59548061224,1068.39065918367,850.008521428571,1286.51304897959,1209.44637346939,1077.94264346939,1754.14012040816,1552.05381326531,811.392510204082,1329.54633979592,1299.63364897959,1363.04519897959,913.435595918367,804.681482653061,935.053810204082,1050.98799693878,1279.22315612245,1165.70238877551,1606.9224244898,1825.24167857143,1360.09751122449,1097.74820612245,954.298160204082,730.463976530612,645.711594897959,705.922333673469,815.025684693878,409.0564,922.681087755102,1201.23684285714,1027.94876122449,849.471036734694,732.479870408163,896.900076530612,1123.98356122449,645.678209183674,905.43412244898,1169.12452040816,1377.26945612245,1159.83302244898,1648.67869795918,1700.90904183673,782.553193877551,946.133993877551,1100.86745102041,927.919214285714,684.833066326531,841.834798979592,385.916052040816,525.566252040816,1002.58717142857,1218.87171020408,1411.26043163265,1446.29581428571,721.138955102041,1476.73911734694,667.094333673469,1568.05301020408,1255.6886244898,1120.4731244898,1102.4123744898,1369.71965408163,633.683319387755,803.732189795919,513.798473469388,1562.88292244898,1263.87048122449,835.141632653061,1094.16445918367,888.13912755102,1224.74004897959,1593.42434081633,1371.93073367347,1474.39549183673,1456.78046836735,1936.75370918367,1278.69291326531,1242.40669795918,1160.59142653061,1458.59456459184,984.5582,1279.14065918367,1098.01639540816,1661.86306428571,1208.24024387755,1643.91466428571,835.920241836735,989.297826530612,1464.64455,1474.63398367347,810.761995918367,958.544256122449,980.779195918367,906.93377244898,2005.35352040816,1469.22684285714,1153.27102755102,1669.32749489796,1709.44560918367,1373.71733265306,1409.96959897959,841.311643877551,1100.76956734694,1294.2750755102,1612.04787459184,983.666521428572,947.835125510204,1076.84495102041,1130.91059285714,1025.35152653061,461.507817346939,600.933456122449,801.880970408163,1154.54569897959,1431.19553265306,1059.01804285714,1227.72055306122,785.494337755102,1146.98185,1367.93035612245,1301.89680102041,945.134545918367,1124.9862122449,1507.01426836735,1296.87559183673,1360.48723061224,1381.88779489796,1228.19672653061,1550.29693367347,1195.41149489796,1323.29044489796,826.905282653061,1223.17609081633,504.871432653061,1094.33979795918,1300.55600612245,779.620637755102,447.910881632653,1041.40456785714,1550.52474183673,961.043033673469,1181.59736530612,1390.36719897959,1099.54171734694,1285.35111428571,1502.02240816327,1235.49580102041,1189.26568571429,1287.14910306122,1258.07244897959,1490.28905408163,1168.57585204082,1465.05764693878,1417.70529183673,1017.11874795918,1166.74898061224,923.144782653061,1159.33622857143,1236.57870612245,1142.66741836735,859.268840816326,503.201804081633,1350.2071744898,1270.71878469388,544.706966326531,1127.63877755102,959.849852040816,1261.4696244898,1455.8764877551,1258.90779489796,494.081010204082,859.943804081633,628.341536734694,695.907567346939,1334.66704183673,544.949798979592,1273.44673673469,990.93932755102,901.361042857143,1177.95936020408,1260.88719285714,1579.63595306122,1263.11309591837,979.261881938776,811.582293877551,1163.06966122449,1312.43172142857,1050.60589387755,1348.76109795918,1514.34991122449,1641.73127142857,1642.64768673469,1625.49025510204,1117.45874285714,900.566647959184,1335.90586326531,843.062596938775,961.255608163265,582.371408163265,1163.88180510204,1130.45881326531,888.443293877551,911.66216122449,851.238497959184,1235.43338265306,1322.64545612245,1779.23488979592,1667.15849081633,1372.14427857143,1048.0952377551,1213.68025714286,852.454356122449,807.652992857143,1190.92474081633,981.168929591837,663.440976530612,879.661680612245,1623.13951326531,794.391339795918,1129.86894897959,1244.36917040816,1575.69537755102,1049.55020510204,1474.39674591837,1640.79883979592,1258.93667244898,1361.12642132653,1106.64270612245,1810.44783877551,1531.65475408163,1078.80725306122,1141.40914387755,1058.38199693878,1013.32821428571,1426.92393673469,1464.38329489796,1336.80429591837,1133.31015612245,1351.82461836735,1236.49281632653,1206.22260612245,860.587497959184,1119.15629081633,719.940208163265,1506.70865510204,1644.58696122449,913.952107142857,1405.13307959184,1175.32073877551,931.830703061224,1132.86863469388,802.830878571429,825.713623469388,757.444653061224,1253.69139081633,1533.56210612245,732.28771122449,1121.1648377551,1075.83325612245,529.967774489796,1163.63386836735,720.994232653061,1179.63236734694,772.035428571429,916.666096938775,945.242873469388,1320.73049081633,1304.64558979592,1801.53000408163,1008.13528469388,912.84672755102,1765.92847244898,1248.2931244898,1084.76442244898,1259.5991122449,1337.47940408163,916.627987755102,1349.16798265306,1241.13128469388,947.527335714286,1233.02644387755,1257.50774693878,862.022542857143,1249.29572857143,1398.68231020408,1094.95101938776,1155.42120612245,1825.17561734694,1412.67931020408,1553.94330612245,1650.47143061225,1400.45661428571,1015.25433877551,1194.89330204082,876.295586734694,1171.10458979592,843.64132244898,796.113704897959,618.684376530612,1154.21418367347,1459.23891122449,1204.47825612245,1915.99810612245,1638.89391020408,1779.47515510204,1334.41885816327,1280.71815510204,1988.18353071429,1195.34648877551,1262.59215816327,1040.43252653061,1461.20440714286,1098.21048979592,1634.59716428571,1076.34018571429,1082.50967959184,1129.27375102041,1767.49970714286,1052.25881326531,763.22722755102,1057.50431836735,889.164368367347,1215.1011377551,1378.81662346939,902.764817346939,798.969398979592,756.720214285714,1512.3898122449,1041.22370408163,862.502675510204,1539.72532959184,1354.73719285714,744.494386734694,1096.33476530612,1141.69363571429,1318.18149795918,1474.2994744898,1568.04536020408,1071.52327142857,1264.82015816327,748.951970408163,650.976862244898,1052.64658367347,1869.60397959184,1204.37025612245,1191.94419081633,1213.57095683673,1378.27674285714,754.404330612245,1075.4305622449,969.404226530612,1224.70799489796,1300.22953469388,1277.72538877551,1623.04778877551,805.925298979592,846.372240816327,1314.7338255102,1244.12226530612,810.059397959184,1382.76307755102,1353.04707334694,577.061012244898,740.860085408163,1568.30979897959,1112.91331632653,1156.67266122449,632.769221428571,836.093997959184,949.425398979592,1043.9704377551,1218.09306020408,1246.60799387755,1266.13061938776,1352.93197959184,1337.95274795918,773.231620408163,1327.27880102041,1116.57206938775,1182.11045102041,651.413010204082,704.893505102041,772.792318367347,1069.49230918367,1011.82408979592,760.312115306123,653.707057142857,1053.62778367347,1465.3486377551,821.604913265306,629.428119387755,726.82648367347,1191.97310306122,1185.37347857143,1329.03945714286,939.742933673469,988.664745918367,989.1277,835.899298979592,1277.02558469388,1015.19969795918,973.064219387755,533.032180612245,1062.66518163265,1079.29527959184,1240.18351836735,1265.05406326531,1169.60609591837,1373.23362653061,825.413485714286,1012.68203469388,1491.63390612245,750.073918367347,612.06013877551,1396.22803469388,894.569463265306,1048.68891836735,885.857284693878,708.110329591837,1147.24801836735,909.25412755102,763.944123469388,1517.17355,1577.43706938776,1315.79843877551,1122.15804591837,1133.38157857143,1024.96472346939,727.077645612245,1412.20341836735,1791.1424377551,745.722080612245,689.82938877551,891.160513265306,495.628219387755,388.488515306122,683.088796938775,728.477513265306,537.188515306122,562.451247959184,689.557360204082,1126.02267142857,1027.4138377551,1736.29819693878,752.876406122449,882.590232653061,1257.13930612245,1440.67311938776,1568.61361530612,1145.05027040816,784.398801020408,822.881468367347,1006.43872653061,734.030815306122,639.353028571429,914.559042857143,755.893608163265,989.576440816327,1322.91873061224,1243.5158255102,1487.25060306122,1325.54632346939,1257.19627040816,1933.32993367347,1344.46391326531,1422.13107959184,1077.00925510204,1219.33833673469,1317.63829591837,578.564746938776,975.096847959184,540.733902040816,1034.87082142857,1301.40328163265,1532.2925255102,1502.10057755102,1318.78656326531,1502.95654387755,1605.11394081633,1499.69202857143,1643.34443163265,1234.31626020408,896.426106122449,793.503412244898,1070.16738367347,1161.17920612245,896.322629591837,827.512591836735,1242.66375204082,1188.19269897959,829.633408163265,909.204760204082,956.726636734694,1275.63254795918,1476.89294489796,1473.55010204082,1453.69490918367,1087.9853244898,1172.8296755102,878.021610204082,636.662252040816,1402.31909897959,1265.82612244898,1504.88658265306,1068.38654897959,902.422366326531,1809.7411,1227.44709183673,754.314417346939,766.030093877551,995.49267244898,1175.08873163265,1144.19241979592,943.711207142857,1011.37589204082,1096.60487432653,1061.18790714286,967.646983673469,548.428912244898,1176.38478469388,1240.8169377551,1203.36688367347,945.239054081633,649.655321428572,904.206582653061,491.177894897959,862.391319387755,1239.97904183673,1335.71217142857,1333.07697959184,1140.25381428571,1013.27879795918,1098.97652857143,1018.90564285714,1348.66102653061,665.804414285714,740.830366326531,1288.76911836735,1497.97000510204,1156.89099489796,1309.89409387755,1131.7846244898,827.962360204082,1410.16781836735,1063.5494744898,988.02072755102,1213.37238571429,726.668590816327,1083.74231122449,1037.13772755102,1312.6556255102,976.252513265306,1141.33252142857,1467.93588979592,2018.13001632653,971.39680244898,987.868866734694,1218.70186122449,939.76645,798.240201020408,838.998317346939,1041.06703571429,1101.16174285714,845.55517244898,1128.00605,1289.78547346939,1395.50841020408,937.227940816326,775.221652040816,1055.45982244898,1318.11160918367,1019.60554795918,925.709431632653,915.572478571429,1084.86365306122,1267.94418469388,1143.4061744898,843.213632653061,1087.13267755102,911.322769387755,979.12095755102,1337.92181632653,842.271234693878,705.095329591837,462.420483673469,1045.71094387755,918.822954081633,1217.57646020408,567.273971428571,578.650042857143,1304.17793163265,1660.29059591837,1181.84012142857,1247.27150918367,664.018065306122,1376.36529387755,1178.64739387755,648.991712244898,696.370266326531,600.189094897959,623.334557142857,915.484444897959,1110.00851122449,1351.89587040816,1355.83706836735,756.706114285714,936.893893877551,1563.9082,1482.82436632653,1251.50125918367,1335.90859795918,871.835180612245,984.705041836735,830.362895918367,695.010366326531,676.415240816327,1112.24760918367,921.550678571429,406.468851020408,1273.93392142857,1359.99969591837,1024.48185306122,1102.43209897959,1004.70417142857,565.705566326531,1768.70454489796,926.059017346939,1131.20044897959,1726.62460612245,1858.73805918367,956.580795918367,1458.83525306122,969.776974183673,875.275571428571,786.433744897959,1424.05755918367,1166.09374795918,1052.79637857143,1561.24017959184,1516.08031938776,1002.55508479592,882.427646938776,1167.79487346939,1021.14493469388,1311.23216734694,784.883404081633,1162.20038979592,1189.52805510204,1470.8856377551,1046.20100612245,1366.57276326531,891.286421428572,903.635693877551,512.65051122449,786.792001020408,1699.73215714286,1335.71403367347,1128.02352653061,693.282275510204,1063.91820408163,908.213426530612,562.783954081633,819.778580612245,687.386752040816,1044.48082244898,1370.67577755102,1501.80395510204,866.059920408163,1229.14246326531,897.407952040816,1507.38381530612,1605.55873265306,1187.86911530612,1197.69557755102,946.896186734694,1164.52034489796,855.571073469388,1125.54378469388,956.204976530612,1136.8922377551,813.518948673469,809.620266326531,1120.33176326531,870.623743877551,706.284146938776,850.344002040816,1342.7015255102,686.232725510204,1863.86203877551,1496.93691530612,1951.5801244898,1445.93845612245,1626.92687857143,1175.96326428571,1161.79729285714,1301.78698367347,1192.28950204082,1014.13621836735,980.485693877551,1213.05031836735,814.37486122449,432.625292857143,455.040588163265,706.842390816327,946.328675510204,1146.73083367347,1045.48211836735,923.158755102041,1346.74807755102,1255.99395102041,853.059829591837,853.000655102041,810.992830612245,1043.6982755102,1638.14763367347,1272.38149622449,1314.66765102041,1885.67892755102,724.300547959184,1273.39458265306,905.461091836735,584.356941836735,886.52112377551,1192.37524081633,1128.79999591837,1070.96653265306,1505.81202959184,1328.89065714286,700.220633673469,597.016710204082,779.516034693877,688.753846938776,651.271492857143,1547.31555612245,1320.92468673469,1083.69157346939,1028.59167959184,587.698998979592,1371.19867346939,1295.94370816327,1783.10730714286,1795.9520244898,1778.48083265306,1169.35747959184,1374.30238163265,1364.15914183673,928.767116326531,1111.28628979592,1813.90478367347,1161.68561326531,1101.0800877551,842.974978571429,945.494573469388,952.147986734694,1290.72337244898,1337.26405102041,1077.29600204082,1083.80842755102,947.608233673469,1169.13790408163,1465.01793877551,1220.24133061224,669.219171428571,1479.03152346939,1140.54521122449,911.477258163265,902.623335714286,709.693504081633,1290.40865306122,2193.82514591837,1301.32552244898,1085.95856530612,1072.23044234694,847.569778571429,1011.98535887755,1314.11964081633,886.104963265306,726.441551020408,1273.06508469388,986.296010204082,1149.3387244898,1374.07068673469,1033.87499285714,1554.23248673469,999.5242,771.07593367347,894.888839795918,618.737253061224,920.700133061225,991.356271428571,1004.12279897959,1443.05778571429,864.312528571429,1385.82121836735,1041.44025918367,1230.00469591837,1006.86525714286,727.458828571429,514.805231632653,943.151981632653,911.988781632653,755.891706122449,1730.27406326531,1096.39457142857,1192.96447040816,813.80148367347,1054.90883469388,1090.74040204082,1344.78654693878,1652.22873571429,1625.72308877551,1055.23542040816,1003.80810612245,830.596390816327,852.766582653061,998.186974489796,907.448278571429,921.084535714286,1181.42546836735,1531.3256622449,1240.42964897959,733.295646938775,990.58488877551,966.0299,1220.08798877551,1426.31021836735,1038.84028265306,496.414601020408,785.013255102041,792.596380612245,995.570036734694,1142.7516244898,1066.17668367347,1310.51869489796,1633.45142397959,1309.11209744898,1197.02482142857,1134.40079183673,992.990855102041,1314.29169591837,1461.63053265306,1686.77962857143,1176.87132959184,927.098540816326,974.563263265306,808.472724489796,968.750115306122,1330.71979795918,1018.22634081633,880.900710204082,1303.76034285714,1285.33426428571,1346.76182653061,1969.42747142857,1616.60547035714,2015.0091255102,1193.44366122449,1003.76346428571,918.100682653061,1448.59753367347,1654.26216836735,1868.22927857143,1747.42218061225,1317.50610204082,1057.11601020408,709.373067397959,1364.04798061224,1213.32699285714,1210.78938367347,1304.82953469388,1602.24570612245,1585.8332377551,1116.15905,1510.30650204082,1342.88120510204,629.658407142857,770.34101122449,760.159073469388,843.618507142857,1734.42813877551,870.57647244898,1341.99341938776,1085.60834285714,834.724676530612,727.004585714286,887.594678571429,918.17442755102,702.407395918367,560.892042857143,1023.47162040816,1258.54426336735,1209.46891632653,1731.94064591837,1266.94754795918,1131.19400102041,759.291560204082,956.496690816327,1259.74377346939,1281.64636428571,1084.99438265306,1052.8190744898,1337.94428979592,1057.31624489796,1211.67604081633,1667.36375,1568.62641938776,1084.84222653061,1400.03885408163,1791.01105816327,1109.18083877551,1738.01760816327,1903.35957346939,1517.4012877551,1802.57024081633,1794.08030714286,1356.57561836735,1275.95816326531,1295.12275306122,1090.80967755102,1123.98720918367,1179.33498571429,1557.63848877551,926.267014285714,918.639826530612,1384.38926020408,1375.80627040816,838.466404081633,714.354543877551,837.11658877551,1393.30121530612,1056.02064795918,985.768468367347,1360.84364081633,1188.14571428571,1239.16393877551,1279.00892755102,1775.27878979592,1259.86369183673,1133.05194081633,821.294505102041,753.969030612245,1071.20286122449,1562.35187755102,1457.69489285714,1052.72071632653,773.82413877551,1019.01229693878,1292.03944081633,1188.79978571429,1121.19432346939,1630.01081938776,1142.75948163265,1448.2374755102,1273.49612142857,1071.63781938776,1138.04398877551,786.591097959184,766.856303061225,794.663510204082,1154.55184285714,1301.89708265306,1667.81899591837,1446.25154183673,1163.06940408163,1430.89080612245,995.759429591837,1256.64287346939,988.211232653061,1403.05015816327,1064.4385744898,1338.21135816327,1306.7526,1294.29179489796,1534.02084591837,1491.99087244898,1291.42104897959,947.456990816327,1366.60142653061,905.38915,886.754794897959,1175.55695612245,1362.11739897959,1468.97491428571,1053.0882622449,911.783967346939,1407.56046326531,1418.50938979592,1321.40887857143,1341.48974897959,1185.66323163265,1031.63513367347,1248.08710734694,1027.89729081633,1184.93821428571,1442.48871326531,1454.19373163265,1172.42650510204,1311.4440122449,1516.4995394898,1528.82220918367,1489.80036244898,1322.47407959184,1508.95863265306,1443.43900510204,1445.07227244898,1152.91407346939,819.297164285714,1081.09989387755,1142.67142857143,1430.72196020408,1599.90660408163,1428.91814897959,1047.57995,1158.43438469388,1045.63557346939,613.594734693878,727.608913265306,717.681759183674,837.815634693878,1715.67816326531,619.466984693878,1141.33848673469,1310.68573469388,1010.83775204082,1790.36215306122,1446.90328979592,1361.85520102041,1437.25633469388,1001.62057959184,727.382946938776,1420.23105306122,777.845486734694,877.473733673469,610.054802040816,1557.69333571429,1394.83715204082,829.5869,1094.03982959184,765.011314285714,1180.35398469388,937.822924489796,730.569465306123,1162.26667755102,1321.44041020408,1455.6652377551,1395.86529897959,1101.43661122449,994.530040816327,1824.70159693878,1130.52003265306,855.807729591837,1026.52643163265,1519.24878061225,1166.35183673469,815.622453979592,1001.18671938776,672.374013265306,807.02565,501.540090306123,1120.51219285714,913.518840816327,1022.90741326531,1256.36993571429,1261.73743877551,1606.17171326531,1562.08044489796,1242.94383163265,1114.30453469388,831.22845,1322.02306020408,1058.88375102041,765.756597959184,1181.87831326531,1166.31718877551,888.620283673469,873.742195918367,850.023105102041,1063.95459081633,628.095046938776,1375.6313755102,1179.49729591837,901.701957142857,1440.78967459184,1161.58105918367,1523.28526734694,1456.32027857143,1639.17935306122,970.204603061224,816.076251632653,1281.45234489796,1615.23502755102,1332.71512346939,1219.99372755102,756.172752040816,849.838142857143,1315.59419693878,975.342598979592,1745.43054591837,1375.72543673469,946.583666326531,863.716076530612,832.319193877551,2208.14555408163,1727.38499897959,957.310223469388,1617.90970816327,1754.92717959184,612.02781122449,939.313207142857,1145.99289326531,1072.53342755102,1113.95616326531,1020.2393377551,1090.0248755102,1317.55992857143,1306.03048061224,1086.52896428571,1379.14405,1092.08893877551,1478.73937346939,1354.43333367347,1233.49250510204,1497.55740510204,736.648146938776,1696.73648673469,1134.31563877551,1009.76092755102,779.786628571429,713.947294897959,1335.30199112245,795.013304081633,1027.93160510204,1562.42858061224,567.307783673469,600.432996938776,855.575893877551,1085.45119795918,1357.37041734694,1512.7566622449,1185.10299591837,895.258417346939,931.54721122449,1718.56465510204,1496.13090612245,924.165933673469,1051.35535102041,1160.16725714286,1061.1167877551,1083.05114591837,1388.90305408163,1103.49542857143,1552.32975408163,1097.1591744898,934.322458163265,1601.58762683673,1472.08975489796,1287.68637040816,1567.36256632653,910.944574387755,1383.83593163265,699.003325204082,967.071395918367,759.994973469388,1108.55039693878,1018.3677,1142.12470102041,631.378410204082,696.148897959184,893.026108163265,1240.63524897959,1225.88521836735,1364.10949693878,1309.32691326531,1409.45593061224,926.595420408163,1050.1278244898,887.090165306123,1311.21232714286,844.324535306122,1305.33628663265,991.457078469388,620.867988367347,927.461464183674,735.035773571429,418.261664285714,967.235702244898,792.617593877551,1179.55410714286,1179.3021122449,975.411866326531,620.173068367347,843.83472755102,566.854483673469,1561.19335510204,1381.34399081633,1024.67610306122,1780.37467142857,1236.96043265306,1681.51584285714,1053.95510714286,921.21375,881.131815306123,1011.44245510204,612.707206122449,1335.69292959184,634.5964,418.765474489796,1355.95185408163,813.108446938776,1527.04705816327,1112.18912653061,585.697969387755,559.623368367347,1520.21447244898,768.734093877551,1075.6238622449,1537.12990867347,1323.64217142857,1072.66814081633,1972.85128061224,851.998217346939,1189.39316020408,1219.18610408163,882.548860918368,931.885201020408,744.281230612245,859.068792857143,943.079214285714,1300.88677244898,687.632945204082,1352.40386938776,1602.94915612245,982.903862244898,894.654665306123,992.133480612245,893.217715306122,1273.64067857143,1001.03635408163,948.364767346939,1210.85476734694,1078.28068367347,1189.35344591837,1672.9541877551,1310.95831326531,1056.51418877551,1106.36932857143,648.967436734694,1076.41700918367,856.662239795918,1084.19104183673,778.762841530612,981.335336734694,835.311054081633,959.985136734694,307.684236734694,1154.08738877551,745.08442244898,1478.71036734694,1039.63828693878,1370.25333877551,1343.72782040816,1053.77558265306,583.829524489796,887.978726530612,1014.76124183673,1089.72506530612,821.507852040816,752.709226530612,1121.42822142857,1191.03513673469,1332.45900816327,783.751207142857,1022.94608265306,882.263841836735,761.126791836735,981.085803061225,934.904673469388,474.857980612245,741.160104081633,683.247018367347,941.178723469388,1153.9793255102,1619.3978122449,1109.46304387755,1174.91791734694,1223.70302040816,1881.72886020408,1519.87459183673,1595.64080816327,1364.53270408163,813.826287755102,1201.47002857143,1389.46283673469,557.147203061225,656.175853061224,640.346908163265,1172.65894387755,1470.76968877551,1336.13541428571,1226.98060102041,1117.81316836735,1373.51787244898,914.359230612245,1379.89142346939,961.422818367347,1308.89275,1439.76985204082,822.61497622449,1479.67091020408,1406.23023163265,808.476574489796,561.86117244898,1627.56822857143,1292.92577755102,1331.38364071429,913.944131632653,1518.09629591837,1545.1853255102,1385.85320102041,762.216467346939,1916.03273734694,1436.76464489796,1477.96099153061,1434.69038744898,995.160747959184,926.763896938776,1601.45495306122,1211.13621122449,773.375198979592,395.437085714286,902.048489795918,1985.71039693878,698.441515306122,1495.25163877551,915.075915306123,990.004910204082,1132.4816377551,1483.93419285714,1721.87832244898,1361.10604183673,1539.93777857143,1526.26723469388,1367.48563877551,1263.97016734694,1387.62643571429,1148.03113367347,734.182210612245,1358.6041755102,1015.3504377551,1364.63270816327,1410.03044285714,1349.6595744898,898.508242857143,1559.39161020408,1307.4723255102,1101.37672173469,1456.18658673469,1240.56750408163,853.028045918367,797.548641836735,1029.7057255102,878.193033673469,1092.30645408163,1175.62433673469,1457.11866020408,888.329569387755,1503.17410816327,1116.56689693878,1264.50652959184,899.974483673469,1435.24792653061,1327.19725612245,1251.38879285714,1377.36979795918,1619.59624693878,1146.73417040816,780.636610204082,540.304665306123,929.222856122449,620.128752040816,618.081642857143,911.688814285714,816.156089795918,1173.75836836735,939.237764285714,1478.92014693878,844.536483673469,910.460254081633,568.528646938776,487.123386734694,1112.28751734694,1013.44269285714,852.920541836735,892.469380612245,1789.45083163265,811.044942857143,1128.97297040816,1153.26325408163,1263.49405408163,1510.49756836735,766.522497959184,479.770604081633,733.915979591837,634.34454122449,773.860421428571,455.147587755102,713.996989795918,828.322506122449,1463.40549387755,1547.83223673469,1460.39112346939,1365.73196938776,1110.0577877551,749.356121428571,750.392854081633,1044.80645204082,1094.84030510204,1248.29924489796,548.188505102041,868.408851020408,1210.72265408163,1264.63547244898,1087.08698571429,1571.78438877551,1502.55840510204,1460.63859183673,1301.99556530612,566.094046938776,1145.97564591837,779.459229591837,1142.17632653061,1535.15603367347,1047.50765306122,1008.17635714286,875.188176530612,887.47515,876.012164285714,1091.18866428571,1111.58426428571,1064.10341836735,1564.0742877551,1011.2919377551,750.379048979592,773.517370408163,1387.5162755102,1241.84435918367,1595.50393877551,1073.41167040816,1387.40131938776,1314.55368316327,796.2689,813.555806122449,1083.61251326531,985.186140816327,954.008123469388,650.954566326531,716.678770408163,1253.72695816327,1383.19111020408,1230.59007959184,1383.14246938775,989.855130612245,772.761853061225,943.364059183674,783.576595918367,858.962855102041,1256.6281622449,1025.82924897959,395.637980612245,1389.47857653061,1316.01873571429,1196.53002244898,1135.06063673469,1431.5042755102,953.704374489796,1230.97175306122,1056.3704755102,1165.19814081633,562.52362755102,900.858728571429,1206.70017040816,1114.82704183673,1247.65689387755,1260.64551836735,914.916995918367,979.640971428571,632.672057142857,946.670274489796,976.606974489796,1093.56714387755,877.730669387755,1418.81424387755,851.935865306122,1520.42331632653,1695.70584285714,1594.07228571429,1302.97389081633,973.839001020408,821.015706122449,1717.73709183673,2032.10607653061,1790.24732040816,1632.49408061224,1032.2852255102,1311.33274897959,1295.18096428571,1068.67438265306,1049.76350204082,1078.48983571429,1059.46271428571,1423.46255,1449.77921836735,1851.33289489796,1659.7148755102,1506.51523367347,850.418707142857,1236.83545612245,1617.46407244898,1475.89843877551,961.863136428572,588.735251020408,1368.85353265306,1027.20431938776,1391.98974387755,1450.25571020408,1451.07820204082,1371.5195244898,1329.56891326531,1480.70823367347,1022.23907857143,906.135190816326,1591.01811122449,1647.19705408163,2027.3563877551,1340.79994591837,992.620110204082,1282.42138367347,578.608758163265,956.893723469388,1161.88368979592,981.622091836735,1111.32351020408,1228.43757142857,962.611213265306,997.876556122449,880.431071428571,1162.1524755102,1005.0370122449,1383.83495918367,701.648337755102,1087.10604795918,1187.67939285714,1037.03953673469,1089.35910306122,772.315732653061,773.414329591837,1461.22122653061,1566.58798571429,1123.26807040816,1144.50677244898,1245.40146734694,764.390220408163,1135.60149183673,1267.94365306122,1071.55844183673,1715.09733469388,1340.16020204082,1262.72789285714,1644.15682867347,1391.3091255102,1391.52989285714,1185.93730520408,1393.0143,773.796382653061,755.604710204082,1036.60104081633,1561.28794285714,1013.41677040816,804.039853061225,1346.63912142857,1048.90508673469,1217.06409897959,1272.08372244898,1357.44868061224,1033.06769489796,732.211409183673,1569.33768163265,1523.4265744898,1113.95235030612,1994.52017755102,1166.18725612245,1395.72234285714,1194.96290408163,1174.76438979592,1174.49191938776,709.649674489796,1213.51135877551,1410.40859285714,1135.01858877551,1414.21777653061,1119.68329591837,1019.4457244898,1027.32486938776,896.063951020408,883.526343877551,979.297016326531,1086.32005408163,1131.2856877551,1030.5017805102,1032.45386122449,1394.63793979592,1476.08875,944.860002040816,1205.38152142857,896.932721428571,1132.94256326531,813.315832653061,1550.57043836735,1420.56937244898,927.951233673469,1266.8593622449,1194.91333469388,1173.10291122449,1304.8470244898,1115.32835204082,1531.65528673469,2006.54417857143,2239.26373163265,1621.76310612245,1251.03896428571,921.095912244898,899.809771632653,817.945127551021,1094.04240408163,1358.03377040816,1463.05173979592,1271.76654897959,1689.88890918367,942.078318367347,1203.84825612245,1562.83618673469,1583.68537040816,1025.05623265306,1553.26595408163,733.823583673469,814.980781632653,1283.81056632653,1250.27175306122,1085.61366836735,1405.64604897959,1295.10720326531,919.618644897959,1545.88894285714,1904.16917755102,1608.6480622449,1319.30965510204,906.824208163265,1009.84147755102,943.273728571429,1073.05308265306,1398.33434387755,1447.70007755102,1205.93807959184,930.392856122449,703.99577244898,800.503809183674,872.617936734694,1182.48784387755,625.53047755102,1439.40218469388,662.522249285714,830.247207142857,861.265183673469,1204.1422855102,630.583689795918,644.46311122449,937.175455102041,441.072546938776,1327.91145306122,713.30902244898,951.375645918367,819.744218367347,936.638006122449,710.6483,688.247414285714,1142.54552142857,923.164433673469,758.696383673469,1078.07587040816,1418.76346326531,1160.22727755102,1123.17468061224,1448.60870408163,1130.78523061224,1043.61267755102,1223.94516836735,780.666641836735,837.373224489796,1536.33199489796,1169.21089081633,1132.60426020408,1075.01477938775,1034.41925510204,761.497145918367,1214.69618877551,1021.14769081633,1012.96691530612,813.325031632653,1050.95465918367,1357.81333469388,1114.06515714286,1166.44163979592,1383.46264081633,786.074870408163,1192.69417346939,1296.66943163265,905.336283673469,1489.80827653061,1054.71844591837,1301.36198367347,999.417563265306,1523.24120714286,1251.62534591837,1124.60383979592,729.407023469388,1177.54645204082,944.70022755102,1005.11541632653,767.55685,1080.19841632653,945.149685714286,965.005878571429,1728.17075,1437.00205408163,995.885232653061,993.121116326531,1048.73567653061,1188.2793122449,700.755683673469,941.746143877551,1072.04703469388,452.219558163265,774.328115306123,814.81888877551,501.365148979592,811.946467346939,811.383667346939,1073.25115255102,913.815938979592,863.729689795918,622.396952040816,463.810623469388,915.352051020408,729.682501020408,813.236528571429,1008.91032653061,1249.32901122449,1066.3949,983.631716326531,1128.91115612245,1493.5058744898,1380.39877857143,578.463425510204,1140.23813469388,1364.87959285714,830.125005102041,917.910856122449,617.118184693878,816.945169897959,1210.92667040816,960.733612244898,672.644717346939,1077.89117142857,893.49537244898,915.419878571429,961.568758163265,991.745534693878,1327.48049183673,1281.33233367347,1355.99803673469,926.686408163265,1071.90866938776,1886.86988877551,1582.65683673469,1479.8639644898,1545.15972142857,1353.03182142857,1102.61140306122,532.189636734694,1263.75744897959,631.814479591837,974.960595918367,709.274478571429,1436.85464591837,1489.27816122449,1278.60663061224,1014.21514897959,1146.08861530612,803.788101020408,1493.47152857143,962.21302755102,990.92163367347,1288.72286428571,860.551518367347,1247.42638367347,1011.93904887755,1158.55824102041,1178.71131326531,1162.5125377551,1169.53036836735,1186.32304387755,1141.03713265306,851.135915306122,1580.11645918367,1460.43429285714,847.684287755102,632.518514285714,809.433629591837,720.292413265306,793.95298877551,1769.1356755102,1365.8481744898,1328.78346530612,2049.14577346939,1530.76717959184,1026.03950612245,1299.9407877551,950.725982653061,1125.03227142857,793.318970408163,1067.58463163265,1170.45467653061,1061.14409081633,934.899151020408,1043.1674377551,1276.7446877551,1813.94931632653,1088.12136836735,886.631778571429,1172.01076602041,803.277619387755,1113.81061632653,1102.66697755102,1227.07725622449,892.349030306123,923.315689795918,1153.17244795918,905.878035714286,929.836085714286,618.717263265306,1007.06341020408,1102.99193673469,980.056223061225,1090.16932959184,849.393729591837,1144.99955102041,1211.76845204082,1070.51924387755,1551.15654489796,846.359974489796,1263.19859081633,809.835463265306,785.511071428571,923.488745918367,1349.22450510204,1403.87651938776,1036.30123469388,506.304596938776,810.864760204082,622.683459183674,830.200887755102,925.488197959184,896.142457142857,753.083784693878,870.188078571429,316.5956,1520.96988877551,1079.80448469388,981.6856,1571.79097755102,1271.52737142857,1462.10034285714,1121.61809183673,1386.85199081633,888.744828571429,940.176510204082,1016.02542142857,767.462274489796,779.793894897959,1020.15681020408,1845.42326938776,1797.93831428571,827.922219387755,1670.03494591837,1366.12582959184,777.327357142857,1009.30038163265,756.858486734694,620.274221428571,1176.87559489796,794.115698469388,1122.08351938775,1081.06708061225,1157.85421326531,955.542976530612,1030.43117755102,595.477387755102,566.014034693878,886.283708163265,1019.55081632653,1144.63787346939,1254.30433877551,1067.19797755102,1477.06204897959,874.677480612245,859.687579591837,815.738682653061,1078.78628877551,1072.71529081633,880.313935714286,1074.43376020408,960.01642755102,1574.16305102041,1155.5289622449,1165.19118367347,1497.38472346939,1739.38752857143,1934.54490918367,978.070379591837,1124.50224285714,745.078260204082,853.7306,1405.3377755102,1032.66375918367,1081.98367857143,765.265432653061,1329.58173163265,1094.27331020408,1430.1992122449,1204.61218061225,1396.84840204082,1012.5225244898,817.635319387755,1653.48973979592,1508.48794183673,1088.57481632653,1655.62258979592,1506.5274877551,871.495347142857,1059.94372244898,575.50107755102,678.23268877551,1248.24049183673,1147.38964795918,1238.6856,1382.56205612245,1629.90070102041,1797.786895,711.660233367347,1348.78261938775,936.960901020408,1012.71883673469,1538.52176632653,1616.32709591837,1394.98578979592,1184.63501734694,1902.12795918367,1381.08561326531,1663.92993979592,1248.78765204082,922.268954081633,1078.77260510204,1177.57419387755,1171.8951744898,628.554330612245,1133.51875306122,1256.03944255102,1369.81779285714,916.969797959184,1199.67252755102,1261.08851836735,1035.01777346939,1453.15460918367,2082.09971428571,1659.70631020408,1187.41185204082,1988.56867244898,1425.92266428571,1377.78027040816,1110.97004693878,978.830121428571,647.196684387755,1485.90890714286,1078.62847346939,1293.71869795918,1015.5687755102,948.402198979592,1248.69342040816,2293.81867653061,1482.31261938776,1076.86470102041,1111.12975918367,735.844446938776,726.716844897959,1315.77774693878,1439.68699622449,986.368512244898,1056.41430102041,704.154657142857,930.639192857143,908.693462244898,822.089615306122,751.428346938776,927.314991836735,1335.58867438776,1211.61783469388,732.135289795918,1074.3892744898,1225.04563979592,1149.27313979592,1115.61741428571,902.380521428571,983.658782653061,1852.94166836735,1958.60750102041,1331.09130102041,1219.95977244898,651.215791836735,792.091817346939,1065.64945510204,1693.56660306122,863.964183673469,589.143473469388,840.685444897959,902.151426530612,1317.81913163265,1051.28347244898,584.160929591837,849.407075510204,941.579209183673,914.742612244898,1106.81246326531,1552.94909081633,1597.66816428571,856.877909183673,1252.4765,1174.07768469388,1501.38912040816,1222.72543979592,901.509956122449,1239.93059693878,798.651844897959,1634.00134489796,1220.77888163265,1357.33654897959,866.303706122449,1971.72599489796,1590.99561122449,1026.99197959184,996.871412244898,755.349140816327,1404.38398979592,555.43451122449,741.476774489796,1570.30232755102,1509.80012142857,1326.37932142857,1462.8405122449,1715.63354285714,760.314871428571,522.035543571429,681.870906122449,740.769524489796,706.274676530612,1069.44399183673,1506.56536938776,1376.89123979592,1540.32347142857,1594.51881122449,731.378909081633,1445.30025,926.879337755102,1001.01106836735,1209.4770594898,958.556127551021,1153.42976938776,973.673233673469,1299.33288615306,1161.53513003061,1200.76465204082,949.13226122449,1309.09695510204,901.548379591837,1281.10177040816,887.973476530612,1068.25585102041,1587.46695918367,1054.50921632653,1542.23640612245,754.044168367347,784.120670408163,555.59983877551,866.988162244898,788.14303367347,1280.73376428571,1577.47590306122,1463.26928877551,1533.14024795918,1275.16881326531,1174.72176122449,838.86065,808.328255102041,1188.29808469388,1439.41569693878,2007.30709591837,1496.61962346939,1071.18047755102,1030.34105204082,983.471548979592,1010.09821122449,1167.28842244898,1384.20920306122,1307.06510816327,965.277187755102,829.193029591837,1480.14309285714,1114.5433244898,1071.60257244898,1374.60904489796,1136.81323367347,1088.88235,1063.07242653061,917.308205102041,1950.06577755102,1997.88745204082,1771.35558163265,1216.03729591837,1488.26283163265,923.67998744898,2042.44977346939,1270.12386734694,1224.89576734694,1070.71593061225,1524.20655683673,935.366346938776,1111.56489591837,617.121524489796,1257.33378979592,1233.38547040816,1192.13730408163,1432.32259693878,1276.2009755102,955.810705102041,763.605735714286,794.748534693878,744.93787244898,986.450078571429,293.335286734694,719.597501020408,1376.75605,1019.73222653061,768.347174489796,977.585586734694,575.686157142857,1150.94068877551,964.685631632653,1625.7640744898,1501.37731836735,761.322903979592,672.634032857143,1191.44200612245,1219.72417142857,1836.00482755102,1918.70230612245,1280.08352959184,1387.57663979592,782.158125510204,1039.28264387755,898.403303061225,1004.65470306122,508.378939795919,1448.0863122449,952.692634693878,1268.74975408163,1005.65239081633,1179.44385510204,734.642206122449,597.027319387755,1188.60589795918,1422.93806122449,903.138745918367,898.10967244898,1025.12233408163,1185.81673571429,1725.85086428571,1312.99929591837,1264.0196755102,1648.66259795918,1473.8423877551,1263.52058979592,820.591266836735,855.058756122449,779.844112244898,909.826765102041,1190.16942142857,815.570056122449,1079.63924897959,525.958351020408,1149.28288265306,814.015960204082,1191.83445102041,1061.76223469388,760.03566122449,1094.83372040816,871.228735714286,1154.99362857143,1164.17458265306,1038.01501632653,1386.96511020408,1267.22352346939,1346.38517244898,798.450565510204,852.229512857143,951.007813265306,1082.39625408163,1599.31820102041,1155.30529387755,1129.0755455102,619.736623673469,1082.5389744898,1405.81200306122,1549.22341632653,1429.96774693878,1350.18676020408,1882.98316428571,1428.21309591837,1204.58458367347,814.911393877551,1115.38420204082,1118.12421428571,1471.0642244898,1374.35949938776,991.071329591837,861.900621428572,1658.5039122449,1420.24590306122,1295.95277244898,1477.0157755102,1101.32345816327,1231.61367755102,1170.81439030612,788.891896938776,1077.84423153061,1268.09126489796,1049.99955,796.475458163265,1298.32620714286,843.578995918367,728.434162244898,937.738573469388,1775.84362346939,956.219531632653,954.324305102041,1005.40149285714,754.825303061225,712.586445918367,786.568159183673,690.451712244898,781.266259183673,1226.43300102041,898.831125510204,1301.37360816327,1767.9927,1070.51754183673,1442.80985612245,1015.07963877551,1107.47589387755,1524.59360510204,1311.12043163265,971.110919387755,1025.30780020408,978.317451020408,1462.72089489796,1787.1853755102,1167.62134897959,1200.5467244898,1277.80696326531,1209.0523,1488.97467755102,899.226348979592,839.082225510204,1256.57602142857,1180.88986122449,627.209570408163,873.210374489796,945.922347959184,1372.13736632653,739.601212244898,1161.94616122449,1415.06772653061,913.493764285714,1074.15206122449,744.889106122449,472.937510204082,750.224574489796,853.73276122449,1187.25032653061,1364.0565122449,1610.94713979592,1042.47669387755,814.811583673469,1258.71926938776,1178.85623061224,953.592606122449,962.453580612245,1286.03565918367,1710.77928265306,1655.36610510204,1371.08041836735,1518.73085,1240.87450918367,1048.52716938776,1155.85879591837,1140.71478479592,1223.87605714286,1199.45181734694,1287.26486938775,1354.74125510204,1182.40918571429,1382.31897244898,1067.85460510204,856.245020408163,651.532414285714,623.384327551021,1295.68886122449,897.758040816327,999.426235102041,751.422229591837,858.018369387755,1430.67265755102,1283.05790510204,806.437808163265,1374.46198265306,1142.93094897959,1475.04890612245,834.136784693878,1135.05511020408,1118.86168877551,911.034404081633,927.630768367347,1713.43097346939,1927.58447857143,792.111169387755,1469.55287040816,1136.76856836735,1538.01854387755,630.057665306123,1505.24668979592,876.849685714286,754.521318367347,1021.68142653061,1122.90279591837,1539.67560102041,1023.56603673469,869.805314285714,1231.31371681633,872.275181632653,1047.49349795918,1035.13616938776,1454.47431326531,1463.71421632653,866.730682653061,1064.72748265306,1159.04025918367,1195.62889489796,1171.5523755102,980.201132653061,857.195731632653,1661.42513061225,1781.92926632653,1353.83389183673,1847.19385,1632.21832755102,1537.78953673469,2108.40457653061,755.435636734694,1394.12878979592,1142.93061734694,1226.2329927551,1077.75806836735,1406.51979795918,935.758,1143.44631836735,845.141577551021,1674.33047010204,1539.42538979592,969.568664285714,1135.80076326531,470.091103061224,493.844975510204,1796.95710612245,1079.71241938776,727.493678571429,1208.28406734694,1321.59166020408,1399.53644489796,1074.73180408163,1287.98941530612,979.012724489796,1272.88358061224,761.370213265306,1299.70016020408,1102.43110918367,1443.13898877551,935.114477551021,943.696925510204,1094.37143061224,459.793309183673,1154.02792959184,1179.88379897959,933.46391122449,1379.33845918367,1105.65192653061,920.159644897959,1129.12392755102,1447.9062744898,1322.47894897959,1440.2931122449,1019.51578061224,672.278184693878,604.359986734694,1060.41009591837,888.770044897959,1196.4535377551,1539.84617959184,1410.04393877551,1010.02889795918,1008.95813877551,728.776274489796,665.051658163265,1383.5846,1405.53999897959,1334.2777622449,912.764461734694,1161.22725408163,1716.99856530612,1384.70301938776,1254.49642142857,1213.33964795918,1175.23623653061,1169.88140102041,862.270028571429,757.004569387755,992.001614285714,1805.90861734694,1515.9460755102,993.392730612245,899.80178877551,947.994628571429,647.866960204082,623.127768367347,948.184612244898,1244.08675306122,1013.95253877551,420.934530612245,1303.07282346939,1005.55408979592,970.98002244898,476.613108163265,500.266534693878,795.231441836735,882.059906122449,775.240392857143,1231.57474693878,1350.65594285714,1188.24151326531,1131.23983061224,1231.22653979592,853.953965306123,1079.72036571429,1133.31031020408,1333.00965408163,869.406274489796,721.283195918367,904.723265306123,1256.03727959184,964.981843877551,780.318708163265,1088.5036122449,1018.56699591837,1044.81946122449,1153.93604489796,1191.274,717.615810204082,1370.97876734694,1191.00323367347,1257.01735510204,708.848279591837,1120.89661938776,759.261343877551,895.22962244898,1189.31963163265,1421.71441734694,2000.91598979592,1259.46686326531,1396.40631122449,900.165816326531,960.449966326531,1441.03711122449,1086.41828979592,1113.20099795918,856.986960204082,1073.9215877551,950.997795918367,1089.14066122449,856.654352040816,678.666785714286,1380.31572755102,1119.40191153061,579.744174489796,1111.7842622449,1254.6311622449,1349.53653265306,1438.47233673469,1256.68618163265,1479.80941734694,1286.86731326531,579.320124489796,822.419548979592,1169.69964897959,720.170484693878,1122.44981326531,1430.9138122449,1392.52266734694,783.578875510204,1495.54353571429,1195.63382653061,1109.28906734694,952.488839795918,745.862947959184,1436.38980408163,931.211018367347,719.704692857143,742.151889795918,340.651646938776,698.873634693878,650.390769387755,935.814025,1189.42950612245,669.685571428572,944.859363265306,946.489105102041,914.619053061225,885.735619387755,904.754625510204,699.076849795918,822.925795918367,1403.20457857143,805.830402755102,871.443481632653,956.120818367347,1159.78638265306,1639.51587244898,1306.6144377551,889.236941836735,845.53965,1110.52019897959,1206.10302040816,824.553233673469,1276.05347142857,535.925859183674,591.219119387755,1034.26723163265,1073.82530612245,1374.07414755102,1063.13812,861.183914285714,896.0937,640.579013265306,1000.68291632653,1183.37752244898,1255.31717857143,941.554602040816,1817.89423846939,1296.42167755102,1234.67114387755,898.713394897959,968.940602040816,1227.77694489796,767.606381632653,1365.71391122449,818.781228571429,668.902031632653,1329.40762653061,999.116443877551,1104.46588561225,782.880091836735,544.010652040816,1434.07715,1238.83733673469,1069.31025408163,1128.39453602041,1436.47495234694,1594.44015612245,1550.56526020408,1653.81552244898,898.983926530612,1115.6134122449,825.458313265306,1066.02460612245,1453.73826734694,1172.28339693878,1666.90121020408,1464.94184489796,1741.95877132653,1118.24028836735,1318.79188979592,1218.38591836735,1284.20431122449,928.789383673469,649.557766326531,877.255655102041,1315.88487653061,1188.78046938776,1050.24399081633,967.998333673469,1665.87766836735,1251.03053061225,720.049762244898,816.743304081633,920.991231632653,751.258671428571,813.815066326531,987.091905102041,1046.15710204082,1219.58974489796,1323.66328877551,799.812148979592,892.734120408163,702.029033571428,1095.42636530612,861.476567346939,1115.65811938776,1414.13306428571,1324.52504653061,893.126993877551,1297.73750714286,953.017349285714,1570.17379489796,1318.39871530612,596.765701020408,1397.42825612245,860.195779591837,723.438143061224,846.909613265306,1445.82387857143,520.697088877551,720.735423469388,1042.73552346939,1279.81949489796,1595.33689489796,1073.37868571429,1450.11319795918,1274.07150612245,1116.79716734694,1069.07750612245,924.745124489796,1034.64101020408,1393.69382244898,958.611803061224,1444.6271244898,791.035625510204,801.244707142857,1006.80582959184,911.196331734694,899.260539795918,1072.26723877551,604.570923469388,607.409047959184,848.450824693878,1227.52952255102,1357.0619044898,1017.70479081633,763.90022244898,879.089790816327,979.939014285714,1457.67850306122,781.181947959184,661.84948877551,1021.44289897959,1185.64106122449,1493.10499693878,1262.04649591837,801.012487755102,706.299016326531,442.943023469388,726.022512244898,1207.10589704082,981.173551938776,1303.13235816327,1265.1020755102,1040.87258265306,1022.06710408163,1048.79661530612,961.725342857143,1549.62951020408,948.270868367347,1442.77148061224,1275.62372346939,1170.87759081633,697.835915306123,928.050733673469,832.270082653061,1372.74673061224,1001.13163571429,1085.31704693878,753.43762755102,519.459337755102,766.621479591837,874.757594897959,1127.16370846939,947.646702040816,1361.83680204082,1000.02071836735,1259.89887959184,708.392255102041,1234.11743877551
32.3673469387755,1617.76525204082,1763.50159897959,1239.3178,1575.65210408163,1842.5399622449,1134.74603265306,819.46961122449,1147.43804489796,1191.64223265306,1636.01329591837,1725.34935816327,1234.7088122449,1469.81092091837,1620.08490816327,2108.18034897959,1629.72714897959,1202.21481020408,1670.73525204082,1094.61985918367,1279.31802040816,1450.37051938776,1251.43830816327,1287.45798571429,1271.09795102041,832.840309183673,888.209898979592,1285.29038163265,836.653860204082,945.275994183674,1217.24967346939,596.909476734694,752.257129591837,1086.37649714286,1546.06857959184,1197.65430204082,1227.4442244898,941.469135714286,915.601486734694,900.059198979592,1021.27129285714,1033.92310816327,1070.77638571429,1774.37550816327,1346.30952653061,995.916296938776,1452.10743816327,1313.51236122449,1711.90784489796,1629.38312142857,1200.64672346939,628.220339489796,1935.07951326531,1180.56965612245,898.456739795918,1169.66741326531,1274.17231326531,1607.49968979592,1590.01436326531,1686.76780877551,1255.59467959184,1437.18363571429,1189.40920510204,1434.21540102041,1157.14597346939,1112.79397346939,1358.38881326531,1483.82919387755,1461.08371020408,1248.34842244898,1080.71215816327,1229.29955183673,645.089757142857,863.71126122449,957.046451020408,765.33323367347,607.01904877551,951.252553061224,804.994443877551,1648.7359122449,1543.51663673469,1137.38929897959,1384.48141632653,1174.91124387755,1003.16178877551,950.962003061225,1314.85852857143,1174.0621244898,1071.97158673469,962.029566326531,2017.78320510204,1460.57227244898,1645.62106081633,1374.75415694898,888.399641836735,969.819943877551,814.040848163265,599.324834693878,1059.40603265306,897.760579591837,959.900008163265,1364.69060612245,1260.22260204082,1432.92532346939,1480.6966377551,1669.86422755102,1847.80753367347,876.317730612245,1651.1972022449,1454.53490204082,1690.29452081633,1408.93682346939,1473.30974591837,1822.46158265306,1196.76951122449,1162.85389510204,1512.75575102041,757.409175510204,968.305815306123,1715.1477744898,1861.86835306122,1010.85421122449,1017.4651377551,1309.95178571429,955.117616326531,1475.43544091837,1248.51434673469,1342.52837040816,1453.67259693878,1432.55553979592,1044.55998469388,1168.10239591837,1199.25569795918,773.522615306123,886.827575408164,1565.68723663265,1052.30160306122,987.783413265307,1656.2843744898,1579.61920714286,1689.00179612245,474.826509183674,547.838580612245,815.751635714286,902.813060204082,817.847010204082,1346.63784285714,1166.68009795918,1369.12071734694,1407.78605510204,1434.03330204082,1474.0325255102,1604.12551938776,872.83487755102,1339.33387653061,957.535620408163,1219.15288469388,1331.58914489796,1352.66605408163,1252.02139163265,936.839691632653,1102.22149,1446.41964489796,843.119352040817,1318.75186938776,1178.59525306122,1086.74742959184,988.6305,1009.51426530612,897.472697959184,707.176910775511,1269.49762244898,1632.54211938776,1589.15204285714,1204.43813469388,1591.14956938776,1093.47155897959,1207.04022979592,1636.48818367347,796.978797959184,1163.17913867347,961.896280510204,1015.45675653061,1312.20992244898,1623.26436326531,1518.58551326531,1294.84317653061,1409.91826326531,1199.15006428571,917.136147959184,1112.24495408163,964.054395918368,1290.80680408163,1462.79992857143,1852.01957755102,726.370715306123,798.359182653061,879.447516326531,1213.2619877551,1350.93016020408,634.214281632653,1316.22850163265,468.413216326531,946.766832653061,1022.86425510204,1218.25524285714,1244.93367346939,1583.7218244898,1313.0844,1037.00797959184,1410.51995408163,1465.43015408163,1407.37726326531,1525.06962244898,1677.69969387755,1135.66568530612,1418.86016734694,990.569495918367,1269.69784795918,1166.04953571429,1493.9500622449,1151.71894714286,1306.68334387755,1629.12770816327,909.590912244898,1131.82244897959,1038.35576530612,1091.51434693878,1345.32844489796,1281.83383469388,1340.91466020408,1463.43645408163,1687.05163061225,874.043689795918,1353.12150918367,1065.31092142857,803.214145918367,1110.31073469388,1084.24137857143,454.367864285714,1126.29564795918,1187.70691734694,1135.40006428571,643.965961020408,1607.07948469388,1503.57865316327,1473.48623163265,1361.91145918367,1459.18633877551,873.108229591837,917.861237040816,1098.69336663265,1393.07752653061,1387.52340612245,1808.36394795918,1451.14677444898,1843.56518571429,1169.01896326531,1615.53714183673,1079.10639693878,1415.12591836735,1419.7443755102,1077.88084897959,1208.48068367347,1037.89006326531,1154.82916122449,1288.50833673469,1256.12716530612,1424.95244081633,1040.01953265306,1584.89344591837,661.097845408163,1092.85840102041,1472.94766632653,1083.8993122449,1410.61275816327,1130.1477244898,1735.88928265306,1635.73998163265,1259.69389163265,1253.79234163265,1060.18279163265,1185.4770477551,1371.37612244898,1459.86151146939,1651.50657755102,1308.98243571429,1277.94186326531,1235.49330642857,1338.82362653061,974.370580816327,917.747563265306,961.383248979592,1222.04749387755,1230.47974285714,1485.41206020408,578.739982653061,1163.50556938776,1350.3186122449,1226.00497959184,944.048815306123,873.553486734694,1271.5592622449,1563.51048122449,1304.04548673469,1224.27268163265,1166.44214520408,1067.98841183673,848.727817346939,756.281405102041,661.330280612245,1283.13268163265,1121.68595816327,1231.50793673469,1189.50139897959,1570.66240306122,1474.93518979592,1531.27001938776,1476.16270204082,1519.31728979592,1218.13812755102,960.089676530612,1684.96746632653,1901.47724081633,1447.71837653061,1166.74429285714,845.399723469388,956.083784693878,1137.29594387755,1329.76704387755,1160.88578265306,968.893797959184,1310.73508571429,1530.36171530612,1315.75642244898,869.642624489796,432.862621428571,1151.00268163265,1313.81974081633,913.211750714286,821.683836734694,1071.90624489796,1453.5262622449,1864.99482142857,1089.10048959184,1011.61011612245,1034.58504183673,955.690033673469,805.292325102041,1156.88208367347,860.321852551021,1510.95042142857,1536.64737857143,1001.77788469388,847.024105102041,1307.63775816327,1162.51855612245,1188.26117653061,1172.92770918367,1257.54896428571,1577.28212959184,1689.01897346939,1033.71368163265,995.149506122449,1129.45719285714,1253.39206326531,1515.87812755102,1435.02554081633,1196.08191020408,932.064403061225,849.920067346939,1233.37783061225,1040.01958367347,1330.47814693878,1417.96694367347,1205.1197622449,1248.88104489796,1403.09480102041,1188.34922244898,1190.1976244898,1503.74837142857,1314.71035306122,1321.6814744898,1298.7764877551,1282.52284081633,861.851980612245,668.993680612245,1257.36850612245,1297.6327622449,1833.29120816327,1133.92276734694,752.793658163265,851.240691836735,860.768352040816,664.253468367347,1240.35251122449,965.425157142857,907.961718979592,1992.20941122449,1262.74460816327,1268.30103265306,1182.50383061225,1481.76172959184,1121.58308571429,1135.09693571429,1280.64626836735,1116.79998510204,838.189998979592,998.370248979592,1270.66462653061,1325.32797959184,1282.98985510204,1219.59356428571,1285.00535510204,1815.85845306122,1248.88007755102,1450.19595918367,1205.05814489796,1019.62905102041,1208.42942969388,1169.99825204082,958.761282653061,1454.33559183673,1670.82795204082,889.090466326531,855.069873469388,863.730820408163,1002.84794387755,1035.71624795918,1285.09681020408,1537.10916530612,1366.14058061225,1211.82024693878,1185.50838979592,1569.38176734694,1950.31221020408,925.678128571429,1254.70758061225,1049.91931122449,1199.5024622449,1274.84346326531,844.304975510204,1378.95105,1618.92830408163,1365.24353877551,1423.6310244898,1272.28032755102,899.193975510204,1013.43278877551,933.293742857143,1319.92700918367,1085.09741020408,1241.69380306122,810.801132653061,1300.42633673469,931.286824489796,998.433517346939,1200.8384744898,1211.56690816327,1659.42402959184,1925.76161632653,1370.63621632653,994.743216326531,1101.57165714286,1507.49504693878,1608.02094897959,1519.58472673469,1490.83435714286,1449.41535714286,1160.93193102041,1396.67615102041,1021.18561836735,1280.26357173469,1484.8029244898,1411.58610204082,1251.79128265306,1221.87564795918,843.477880612245,675.152755102041,992.880616326531,1438.00157857143,2154.21532244898,1917.56054734694,1465.84358469388,1044.75306387755,1011.38917255102,682.703159183674,1313.31482755102,836.528588775511,1073.54385,1150.97055510204,1724.71249061224,866.674844897959,1165.26431530612,1125.57085816327,1252.93733673469,1067.16125755102,1881.18290714286,1096.96385,1305.72787653061,1072.72948571429,922.609716326531,1070.89452857143,1369.26860408163,1244.29670102041,1070.82214693878,704.624919387755,1305.49648265306,951.603771428572,805.776141836735,1017.70250714286,920.181884693878,950.631119387755,1264.75517346939,1452.92582857143,1001.00371734694,851.533471428571,1300.31776326531,1459.93707142857,1377.67011734694,1108.33702857143,1473.56534489796,1285.19702142857,1301.10317959184,1197.52652959184,669.230880714286,919.10421122449,647.862126530612,951.586405102041,1265.25383571429,1026.01378061225,1146.13725204082,1085.53345408163,1380.11401938776,1653.20649795918,945.698404081633,1216.33464183673,734.043804081633,1036.46108877551,813.642584693878,994.397563265306,707.216837755102,1059.26313979592,1013.84783265306,807.16697,1247.51242979592,1376.27706122449,1432.73999183673,1669.68540459184,1082.92827653061,1153.27531234694,906.71083367347,641.133528571429,669.757215306123,772.036792857143,1029.82573163265,2065.80575918367,1047.22080163265,1086.12523367347,1010.15656602041,1415.31395408163,1165.53302142857,1728.77110265306,775.29992377551,940.953107142857,844.394602040816,844.459773469388,1023.17948877551,923.20548367347,1617.66387142857,1031.76979387755,1083.00318163265,692.487125510204,797.467468367347,1241.61415204082,1328.53918877551,802.974483673469,921.792369387755,1288.47903571429,1218.07682040816,1307.40744081633,903.450425510204,1104.95357959184,1288.65651734694,1543.98771428571,1265.33097346939,1183.70354591837,1512.32466530612,848.708589795919,779.578554081633,791.964917346939,1089.66305816327,1217.20943877551,636.138830612245,1683.71127461225,1292.78735612245,797.52453367347,1127.80698367347,1862.18558979592,1497.56755306122,1266.93702857143,1773.08030102041,1591.12846673469,1388.42821836735,1272.97346316327,962.929497959184,1334.81788438776,1222.0393255102,1189.38220714286,1436.61206734694,1268.54378571429,1400.17311938775,1429.7767,1489.31823163265,1696.51790816327,1291.02207142857,1766.26185714286,1343.17960510204,1989.24304795918,1513.7993877551,1209.52669387755,1144.94713571429,898.322670408163,911.605617346939,1293.18585204082,1131.10326326531,1259.9100244898,737.526460204082,1400.92359591837,838.714098979592,749.31553367347,1005.81062244898,737.49446122449,1082.67942142857,1423.68994591837,470.432712244898,1247.35900816327,629.840836734694,768.77413877551,634.152201020408,898.087337755102,753.70988877551,893.785773469388,1411.70080408163,1243.02020714286,1454.38159591837,1615.86777857143,1038.58747653061,1346.61005408163,1496.44460918367,1550.26616122449,981.296625510204,877.486346938776,1373.94536734694,566.430010204082,1249.34395306122,856.598295918368,721.326039795919,1345.75604489796,1221.38010612245,1607.23478673469,1430.46081632653,1117.8682755102,1253.97840785714,1836.82951081633,1084.43708367347,1391.18235408163,1656.05831632653,1179.15004795918,1603.99637857143,1176.17574897959,646.952525510204,991.595605102041,1285.22292653061,1109.08688163265,1370.80434693878,1656.7848755102,1639.14576734694,885.490490816327,842.136471428571,786.230760204082,1005.97222653061,804.38173877551,1002.78361530612,1125.25285979592,861.452306122449,1128.91100816327,1231.16878408163,1219.60518163265,861.254543877551,1474.60151326531,1310.27452653061,1748.30813357143,1419.32771530612,1340.87687346939,1274.54994081633,1159.7353255102,986.537398979592,1285.31110816327,1084.02362861224,1139.22860306122,795.363834693878,953.937070408163,2169.29017714286,1315.3212877551,1212.19375408163,1436.30446836735,1176.65909020408,1090.57240510204,1478.58337244898,1018.71111122449,1164.91359489796,1146.46149693878,1182.12668367347,916.768678571429,833.954182653061,1192.15653673469,915.398707755102,882.471790816327,1487.44848163265,1142.10606326531,1268.81349795918,1371.24692479592,1728.45796510204,1011.37795,1403.93290408163,991.378540816327,1488.57328673469,1587.36921326531,1292.76461346939,1187.70507244898,1336.84398265306,1208.38825102041,925.03053367347,1162.86964285714,1462.8571244898,1389.43694489796,1714.65979979592,1499.37316632653,1255.94390102041,1231.56529265306,1332.86669897959,1444.19342959184,1270.41609183673,1413.26917244898,1660.51732346939,1078.86620306122,872.096398979592,1553.96590102041,948.023147959184,1034.75841938776,1762.6638877551,975.325171428571,1177.13456734694,1769.09677755102,1596.63845408163,1315.95179285714,1958.74724489796,1533.80515714286,1110.89045918367,822.338420714286,825.457543877551,1168.62956938776,850.455044897959,991.754067346939,1066.35558979592,961.010989795918,907.712335714286,1117.61278061224,1153.40039897959,896.898153061224,1800.96360836735,1579.75968469388,1860.82627244898,1477.09292908163,1154.88261428571,731.929084693878,1021.94133061225,1080.56727857143,1399.90265714286,1358.52919285714,1254.67854897959,1557.62978571429,1024.33034795918,801.45012244898,1181.77293163265,1254.19335102041,1087.9777255102,948.029858163265,984.926808163265,1144.16690714286,940.552347959184,656.383732653061,973.717334693878,1045.48213265306,639.060943673469,913.833803061225,1131.69503673469,887.922798979592,796.937116326531,1383.13224387755,1170.29984081633,1551.35249693878,1731.79167040816,1720.94944693878,846.944371428571,654.886031632653,1103.64511040816,634.235844897959,1322.4183744898,1485.68595612245,1523.32750204082,1261.55733265306,1290.81226020408,1346.77237959184,1712.22079795918,1456.02846938776,1084.57141979592,1117.49167857143,1013.33768265306,818.164220408163,754.808997346939,979.446214285714,1538.87921897959,1237.4655294898,1087.54385806122,680.547467346939,1207.19270408163,1383.4033,867.884991836735,829.915084693878,1108.17422346939,1495.51333163265,800.775202040816,1231.39725408163,1213.6709122449,1513.30754897959,1090.57277040816,1665.98391938775,1026.53933061224,1493.07945102041,802.441904081633,1008.07103979592,1219.38390836735,1316.70104693878,1236.23853102041,1196.32214693878,1139.77079591837,1454.65178469388,1432.93946632653,1514.26592142857,657.54077755102,575.56731122449,925.368876530612,1339.50558571429,807.292901020408,1047.64014183673,1258.94315755102,1050.76018061225,1231.43109489796,1149.94813469388,984.72755622449,983.019692857143,1153.03830204082,837.844251020408,1166.7733122449,1388.32989387755,1263.77790204082,964.195570408163,1009.12799591837,2074.47229183674,1464.11222755102,892.519489795919,652.368275510204,917.228581632653,1230.33480816327,907.439048979592,1190.03616122449,1091.77187653061,1265.33108979592,1079.25508061224,1259.81991836735,1658.25967632653,1567.28670612245,1327.50525204082,1293.10328265306,1495.12194285714,1238.59857346939,978.282425510204,1180.90766530612,1379.59003979592,1061.30160408163,1658.12237387755,587.011471836735,1190.81206122449,1158.47693979592,1086.13348673469,1516.31620102041,1309.06644081633,1476.74049489796,1487.8426122449,841.119731632653,1239.35525306122,1411.32273979592,1446.63738061224,1317.87941734694,892.850948979592,1020.50533265306,1412.7019877551,1095.03399795918,1361.24540612245,1280.71214795918,855.493737755102,870.225035714286,1048.6723622449,562.51478877551,1682.78120612245,1277.76736530612,1375.31003979592,1435.41859387755,1598.50740102041,1618.97709183673,1082.44127040816,1177.56867755102,1104.96166020408,1161.88154897959,1061.05769591837,1179.12876122449,1207.63169693878,1419.73325306122,1306.97116428571,811.598687755102,1245.27479387755,455.582925510204,1359.95268265306,1060.36756938776,1194.85279897959,1316.31705816327,1490.20416428571,1393.28378877551,1001.97291836735,1158.08494285714,1387.26756938776,1156.20636836735,1398.94249122449,1793.83480102041,1515.98453469388,1396.83978163265,1636.45707857143,1356.73549897959,1401.52643979592,1553.76188673469,1174.38267653061,1005.21269081633,932.553801020408,1053.64529591837,1454.23476938776,1610.99508469388,1670.45977142857,1192.47553469388,1368.19615306122,1473.45643489796,1202.66725306122,1418.83779081633,1058.51273163265,1369.40249489796,1819.99906734694,1548.25712346939,1483.26077040816,1289.07267755102,1027.49984693878,1654.70583673469,1920.01664183674,1705.63853673469,1769.70868877551,1649.14454387755,906.856376530612,1302.73562244898,1331.31070102041,1223.56910612245,824.777212244898,966.653654081633,940.072874489796,964.824160204082,1546.89764183673,1363.37264489796,971.37103877551,1359.00794387755,1686.73616938776,1486.46933571429,865.165165306123,777.578457142857,1185.24326571429,1521.53096428571,1684.10752857143,815.530287755102,1637.10087469388,937.789594897959,1147.80091428571,1014.87744897959,1289.1728377551,1153.35606530612,1341.03684183673,1381.13346326531,1635.09681122449,1486.69842653061,718.363653061224,1020.5380755102,1047.1801755102,1121.94524591837,841.025357142857,1219.30908979592,865.31425,850.948510204082,1468.35215918367,1184.3346272449,1126.05221428571,1485.3578244898,1540.51391530612,1419.37748367347,999.27803367347,1145.49512857143,990.273746938776,759.400228571429,1319.43141081633,1562.55491530612,1330.33208469388,1188.94393367347,1305.15450204082,1160.24259795918,1458.17463571429,1030.63663979592,977.48753877551,1569.86647673469,1228.4892755102,1500.44680204082,1488.62996122449,1240.58023571429,1008.89419234694,1061.46668469388,1154.96440612245,1666.78803265306,709.973025510204,716.926239795918,949.896271428571,1378.28291969388,900.634956122449,1024.73911428571,1237.93884795918,1246.98233265306,1290.08170204082,1522.17074183673,1373.62172142857,839.199723469388,933.595430612245,1347.90568469388,1809.83678673469,1611.9803744898,1300.12950306122,1078.30969795918,640.667829591837,1046.99376530612,816.233917346939,848.290880612245,947.938848979592,784.307397959184,1453.08575918367,1454.71418061224,1414.7452622449,946.815819387755,1941.79558367347,1391.86749591837,1326.16040714286,1781.46932755102,1594.70061928571,1462.12105571429,1189.70485306122,1272.62738367347,1073.10492346939,1060.31737244898,1382.4969877551,1128.25170204082,1486.98063163265,1129.51238163265,1356.51172653061,721.971653061225,772.843659183673,1051.83382857143,1335.48004897959,1189.57902653061,1307.02112653061,1394.69537959184,962.655145918367,1598.27140510204,943.416918367347,1661.52441734694,1286.4227577551,1081.16310663265,1310.64492857143,1185.25722244898,1144.80846632653,970.847006122449,1226.07175510204,1138.13077959184,1441.36981836735,1375.80858979592,1615.71895,1518.6717122449,1376.07007795918,1670.06273061225,1304.71670408163,1177.18284183673,1200.12581938776,1069.32885714286,1161.16492244898,1486.69781428571,640.848598979592,1146.14868571429,2240.50469591837,1642.78937857143,1197.74815918367,1309.27776836735,1321.4387177551,685.930608163265,887.655876530612,1107.07499693878,730.94997244898,743.934012653061,1131.21350408163,781.257319387755,1673.95890306122,1391.8264377551,1263.37423979592,1191.23262244898,1228.40457346939,1153.11484285714,1369.11196020408,958.636430510204,990.290970408164,1407.44764795918,1729.24970918367,1161.03829591837,1335.73431326531,912.547266326531,1027.4003877551,1176.38947785714,1220.54645612245,1560.3266,1176.41724234694,1166.25978163265,1782.88146632653,1020.29587755102,1929.61646122449,829.248035714286,1002.23954387755,1505.25641836735,1228.66186632653,1288.01300306122,930.573492857143,996.361202040816,889.765167346939,1034.86792653061,1058.05030714286,1352.63351836735,1235.47158571429,1659.1932055102,1570.41656367347,1553.98478367347,1072.13878367347,1371.83217244898,919.814582653062,1060.21536836735,967.911969387755,1128.46510306122,1628.55264081633,1660.02811632653,1393.07642857143,1462.09863571429,1424.08034897959,1151.17271326531,1327.0945122449,859.085322244898,935.450951020408,987.652180612245,980.540205102041,1048.9279622449,919.415157142857,1253.46986357143,1615.04997857143,975.544631632653,813.503165306123,1004.15727142857,1815.19214081633,753.259563265306,1398.50933571429,1738.39790816327,1955.59354591837,1099.16587877551,867.234484693878,1454.78000918367,1219.51799081633,750.716420408163,947.075817346939,1466.77063265306,1088.61022040816,1149.22465816327,1093.68599285714,1254.0166244898,1318.80729183673,1226.10196428571,739.328097959184,825.137179591837,1112.84558673469,696.764862244898,1712.23868163265,921.946135714286,1499.26822653061,1066.80275612245,1404.03327959184,798.524028163265,1129.82868265306,1373.73692959184,954.675396938776,743.417916326531,1151.83645408163,876.498855102041,1062.42257040816,872.213725510204,898.209659183674,1388.41718163265,1244.08680102041,1250.00711938776,724.164723265306,906.205086122449,1632.21294591837,1167.08219081633,1339.47624081633,1345.67764816327,1301.52734969388,1090.65325510204,999.991228571429,1278.71343673469,1236.86729693878,1233.43249285714,1264.25030510204,1526.85680408163,1393.55999693878,1364.02861632653,815.962874489796,1014.94082142857,1413.9691255102,1357.37926734694,1311.3720122449,1403.30691836735,1300.72812244898,936.886047959184,645.10542244898,1139.83736122449,1007.7545305102,1505.98658061225,1357.42064795918,1178.4475622449,1171.16372653061,1017.86489693878,1452.73293469388,993.366748979592,1144.65268163265,1368.47615816327,1149.62588571429,1794.67042489796,1338.50820918367,1419.41869693878,860.821485714286,984.45902244898,1116.05759693878,1046.86415408163,1732.37779285714,1427.23523469388,1644.35385204082,1469.65412244898,1191.89741020408,1435.54483571429,1136.27522091837,964.395484693878,1301.68795,1540.99940408163,1377.20363367347,1048.17768989796,1566.56979336735,1410.87995316327,1613.90254591837,1738.23653469388,1400.79114081633,853.182418367347,1383.88121734694,1221.02934591837,1087.69769693878,965.52685,685.251024489796,822.639925510204,1024.9683255102,1147.14035204082,1674.98592040816,1489.34613367347,1078.56404693878,943.444260204082,1139.62515306122,1184.11164591837,1135.97525612245,1676.01382653061,1016.25470612245,691.034224489796,1001.06163673469,1421.22994591837,1045.97429183673,1611.81126122449,1338.71899285714,1488.14140612245,877.494797959184,1200.57175918367,1075.55560612245,1114.37028571429,1171.38378367347,1626.71500642857,1586.19641428571,1296.79667857143,1263.2656755102,832.908387755102,1666.67034387755,1463.31689387755,1456.31512857143,1385.00506530612,1115.8722744898,1194.78087346939,1766.93346938776,1351.30384693878,854.785304081633,1196.22926530612,774.985114591837,567.596441836735,534.440788979592,486.960523265306,513.200284693878,498.115273469388,1558.7519755102,1515.82386836735,1552.56207142857,1639.88672857143,1477.29845816327,1049.37944489796,1401.90603469388,1585.51488367347,1296.37635,789.687289795919,527.849385714286,1024.24478877551,1083.36660204082,1203.93438061224,1101.42914387755,2274.23984489796,938.472342857143,1383.66890204082,1685.61231020408,998.384809183673,1021.35668367347,1271.39093877551,1617.4205244898,1113.71323877551,1388.55397959184,1519.48739030612,1333.28968571429,1016.75895816327,874.177794183673,936.8841,1049.39966530612,1065.15072346939,706.045795918368,1745.08611326531,664.900213265306,1390.57482346939,1005.01746530612,1317.25438265306,1039.50789081633,781.948166326531,1385.86371530612,1181.26059081633,1123.95749183673,1439.06244693878,1191.61469387755,942.092669387755,1305.01570714286,1222.72087142857,924.408625510204,1334.51936520408,1071.06742244898,1174.00559795918,1066.34012857143,1235.56792244898,748.978302040816,981.149883673469,1577.41759795918,1547.46991326531,1360.27325612245,1857.10169591837,1687.2670122449,1131.13434836735,1663.89874285714,2156.79515714286,1154.79974489796,1100.94228979592,883.729231632653,1569.56170306122,1158.67746632653,1083.41203877551,1094.61119693878,1413.11754591837,589.222462244898,1023.997,1104.92035918367,1055.59250204082,1377.36183877551,1505.46037346939,1516.28434285714,1377.78964897959,2214.99123571429,1216.84765408163,1134.05204693878,1682.03035816327,1677.6504377551,1350.66848979592,1706.75939285714,1313.68041938776,1395.10920714286,1238.20391530612,1117.23553163265,1100.87090612245,978.523462244898,804.625858469388,971.204827551021,780.516952857143,518.730725510204,1065.03305510204,1486.43830510204,1210.37268877551,1863.86145816327,1691.52706938776,1384.79009795918,1221.37105102041,1149.49695612245,1883.26797653061,1416.47837959184,1188.78698163265,1059.65964183673,1110.25815183673,1660.5608005102,861.327908163265,1059.18895102041,1461.45645306122,1257.18151326531,1144.24423163265,974.838319387755,1092.37099897959,1608.88140612245,981.624987755102,1129.49543571429,771.298794897959,1068.01811734694,1343.3078377551,927.292229591837,1068.37553265306,1173.23028061225,876.918274489796,889.001736734694,1394.78304795918,1559.39960934694,778.523732653061,1419.15835622449,1647.5876172449,1147.82441122449,1196.04518979592,1382.93683367347,1384.93985204082,1322.74640816327,1312.3171877551,2149.02704489796,1338.30502040816,1501.13790408163,1352.67656428571,1209.80620183673,1072.25832346939,798.837957142857,1045.86404755102,1056.42269183673,803.549042857143,1022.41380510204,1561.54024897959,1310.16970612245,1237.53484081633,1383.25189693878,1116.09487959184,625.495406734694,1111.91365612245,775.076042857143,1056.08509897959,704.738502040816,750.389157142857,1071.87148877551,821.712255102041,561.346589795918,616.347707142857,1176.15497755102,697.631018367347,1325.61545816327,1265.69706122449,1414.18564081633,1444.1953122449,957.847558163266,1478.47507857143,1479.83129387755,1124.38566020408,371.823604081633,540.761090816327,1449.84152040816,1390.62033367347,1705.94005102041,1631.64608979592,1257.03230714286,1256.83229285714,1023.90762755102,1621.25131122449,1673.95316020408,1288.47114285714,844.448577551021,1412.1600744898,795.470705102041,1222.68063061225,1327.99417142857,1687.06792142857,911.998079591837,867.538098979592,775.181312244898,791.549632653062,603.682973469388,1361.09850612245,1201.57996734694,1117.56314795918,1550.12787081633,1415.60438979592,1112.39863163265,1384.56354387755,624.485749387755,1023.45384387755,1067.34044795918,1224.99172959184,1391.59383265306,913.281112244898,1320.32900510204,1064.18174897959,1072.51720612245,976.692498979592,664.688229591837,1473.4100377551,1405.01810306122,1400.89562040816,1846.51250204082,942.203759183674,1488.51352959184,1107.92869795918,1371.16194183673,1330.4905055102,1394.74022244898,1166.80384591837,1479.6948244898,1530.23251836735,1189.16640306122,1183.97143673469,962.932134693878,955.497943877551,930.693373469388,1112.43472683673,2217.51189591837,1271.0821,970.859185714286,1388.59035204082,1063.24265489796,1345.97487877551,1296.74017755102,1543.35816734694,1594.15975306122,1448.00894693878,762.257047959184,1111.27729693878,1290.42630204082,1086.0192877551,1142.86377653061,1618.04089102041,821.606751020408,1109.52854183673,1264.7986122449,1267.31040918367,1596.23453265306,1285.32075918367,1367.65876938776,968.501581632653,1244.94224897959,1369.51103367347,1130.62375,1229.62592346939,1738.28795081633,1505.81245102041,1264.22423571429,1484.33350102041,1393.81051530612,1554.88289908163,1035.70877959184,1399.32629183673,1348.1377255102,1249.81084795918,747.585173469388,1612.90116734694,1518.11944489796,1176.79036122449,1296.35544377551,831.999008163265,1243.95525714286,1048.98778979592,1337.10057755102,1167.29277959184,1278.98853163265,1581.88952959184,1279.82531938776,1214.81243265306,676.446973673469,850.398942857143,402.462509183674,743.715559183673,419.255667755102,1345.98580122449,1507.01856632653,1466.98769795918,1055.28403877551,1780.67083571429,1660.29243673469,1298.51101428571,1020.90852040816,1264.22399285714,1173.2805122449,1281.7159377551,1179.07909387755,1584.4765394898,1487.41509693878,1067.26752959184,1205.75899183673,1549.08070510204,1559.65447959184,1496.74025612245,1818.01043673469,1116.23364081633,943.035368367347,1338.58863367347,1565.93879795918,1552.75624387755,1491.8687877551,1438.11129795918,1310.31214183673,1232.05148979592,952.968876530612,829.470556122449,1329.05746234694,1582.65528979592,1281.51724436735,1387.21159387755,640.799461938776,1320.71791020408,1084.66215,1307.72953367347,1299.33761428571,1467.62934081633,1311.42924897959,1175.87254081633,1265.33474591837,957.471118367347,809.485003061225,1327.94133367347,1068.11043877551,566.353821428571,1066.08387857143,1007.99333877551,866.358905102041,1261.11625306122,1850.76042142857,989.551840408163,1386.9651,1644.88741530612,959.783763673469,1211.18681836735,953.61926122449,1349.64300938776,1289.45505,983.904597959184,902.640432653061,1462.85783163265,1322.18334591837,1373.57264285714,763.332089795918,662.133184693878,1083.83312755102,963.803187755102,1378.84739693878,1425.16615918367,1716.90409387755,1439.20495408163,1279.73421938776,1214.42185612245,893.795862244898,1522.89253163265,1408.27061632653,451.417924489796,1093.73176428571,855.30657244898,1013.35026632653,1298.80854081633,1323.67465306122,1419.11451938776,1369.52587040816,1328.25367857143,1090.77033163265,1498.49275714286,1274.65692142857,1038.03499285714,1039.91843877551,1339.82500306122,1580.45406530612,1192.34495408163,1217.51245306122,1645.54487346939,1830.93957142857,1112.05533867347,1105.42608673469,1093.32952040816,1202.62457244898,1317.25808571429,1459.81204183673,1153.1594744898,931.099405102041,693.948414285715,1246.72384897959,1128.4446622449,1342.29386428571,1197.15765408163,1401.25533367347,1429.59334795918,1556.88042755102,819.973724489796,1009.23841734694,1395.51137857143,1279.33464591837,720.72595,918.787867346939,1041.33882959184,1014.46331020408,1012.49866122449,1123.1116244898,1406.62481020408,829.418748979592,1547.99770510204,1079.06238979592,1296.9194244898,1554.31741428571,1329.64344877551,1234.51320510204,1415.73964591837,1602.04192653061,1686.45257653061,1153.39000714286,1565.6310755102,1623.28163367347,1140.84855816327,977.291645918368,736.153179591837,1021.71022346939,966.128269387755,698.654011020408,822.079617346939,1225.97858571429,895.985185714286,927.81363367347,1290.50578163265,986.300246938776,895.343955102041,1016.51097040816,1509.1296622449,1155.35560408163,1077.58228979592,1465.23204387755,798.714425510204,1039.93450510204,1351.9702744898,1235.36830510204,1084.34891122449,1615.70860122449,1477.42403877551,1830.04965,1091.24587755102,1271.11127040816,1636.71911734694,1035.80054387755,1911.94205918367,1540.68963387755,1310.56409081633,1504.70663979592,1663.92526836735,1752.93868265306,1348.88564285714,1958.92716734694,1004.31594183673,1265.36874489796,1229.83880306122,1421.99038571429,1376.60364285714,818.232868367347,1174.48289183673,1470.94417857143,922.529619387755,945.63873367347,1160.2917122449,1288.5359877551,1035.48120714286,970.560558163265,1050.04192755102,806.544447959184,1412.11866795918,819.226574489796,855.29777755102,1260.48520612245,775.674336734694,757.181544897959,915.557995918368,1177.53063673469,1492.29032867347,1497.58412142857,1577.57682142857,1329.81561530612,816.055440816327,771.687002040816,1519.65643163265,1387.17805306122,1137.88006020408,2003.32759693878,1168.1640128898,1338.04146122449,1320.95156346939,1144.59958061225,882.917435714286,768.35387755102,870.744230612245,1496.54072142857,1197.01865306122,1353.33438877551,1322.60662959184,1624.01782857143,1451.51194795918,1129.15333877551,1518.90937244898,1194.50633265306,1326.73370816327,1530.73608979592,1245.13437857143,1598.08599591837,1216.77517346939,1873.24628265306,1559.08810408163,1350.14933061224,1429.57817755102,1878.4923244898,1421.49159183674,1351.057555,1399.82001428571,1595.90630510204,1009.47357040816,1431.54418163265,1762.19159387755,1396.36969897959,1759.78826734694,1326.95265816327,1000.74580612245,1337.30084081633,1448.81766326531,1652.65008469388,1672.77309897959,863.49755,955.549814285714,975.403636734694,1215.21585,1081.05508469388,1354.00763469388,659.029483673469,609.812138571429,556.77067244898,815.46853877551,1346.25147040816,1099.72438163265,1057.87608612245,853.606156122449,928.468295714286,940.390007142857,651.922805510204,594.595723061224,1832.64669785714,2040.60461683673,1454.08621122449,1460.42758571429,1084.32216938776,1094.63818163265,674.822658163265,1178.68307346939,1163.12276734694,1133.79476836735,1247.52407040816,1194.0629377551,1503.25105510204,1327.78472142857,1642.48142857143,1355.09275510204,906.352818367347,1125.79665,1315.53323061225,962.868753061225,1075.42554081633,1217.67273163265,923.020556122449,1109.69215,1179.29866428571,630.841551020408,1141.83576122449,811.443254693878,1198.76042755102,1217.56971326531,1826.07969591837,1340.53710102041,1489.99776734694,785.167701020409,1001.55564897959,1004.83302469388,1302.51709081633,811.378237755102,1081.93622346939,963.676823469388,633.522078571429,1310.13034897959,1390.47179326531,975.019267346939,926.172753061225,1114.90598979592,1030.23034183673,945.44036122449,1272.21441632653,1283.41472857143,1211.1085755102,1547.23317857143,652.762943877551,1105.97641530612,965.411474693878,1972.94363897959,1781.10683979592,1097.15199897959,1689.81042244898,1610.71462653061,1409.81100204082,1519.24846122449,1561.83141836735,1118.96873265306,831.058206122449,980.690259183674,1180.19707346939,1338.36283265306,1805.53229693878,1714.35978571429,1502.83853469388,1493.57368061225,1558.00722602041,1319.05236632653,853.04691122449,1011.71457244898,1160.46933673469,943.488303061225,982.380688979592,1406.20204663265,1619.81180408163,1595.18787653061,1311.16689897959,1706.60316326531,1285.60165816327,1425.29896938776,1468.58159693878,1098.36732040816,948.38992755102,1348.07854183673,1121.84211428571,1202.89686428571,1523.61678469388,1650.55598979592,1621.04868979592,1139.23333061225,1593.5179,1410.11853367347,1589.98870816327,1686.99016938776,1181.84505102041,794.235726530612,944.546326530612,1505.89379387755,1088.75481122449,1518.83208061225,1307.52668877551,1691.92142346939,1140.43357857143,1137.56337755102,871.018998673469,1506.72590102041,1539.93796530612,1184.97661938776,1191.77757857143,1020.74718877551,726.775626530612,1405.91196081633,1010.18304795918,1355.89631530612,1544.92108673469,1145.81010102041,1058.90717040816,1498.57485612245,1098.0895744898,1709.94186632653,1646.22873163265,892.514442857143,895.756462857143,697.133072857143,1296.94097040816,1027.36641326531,1354.2449755102,1021.72109591837,1194.45006530612,1031.69569081633,806.863034693878,1556.78531632653,1687.18380510204,1266.15939081633,1260.9607877551,1248.64987857143,1684.66263367347,554.141578571429,1419.62025918367,1306.92651836735,1505.95770102041,1734.38853571429,1295.18790408163,1336.52616326531,1159.04422346939,1010.238,1071.79139285714,1124.5817244898,1422.53109591837,1368.19270183673,995.356543061225,1224.99775,1338.13001020408,1631.28514693878,697.738523469388,1084.33361836735,1677.96734387755,1698.37578469388,1390.97251387755,1222.08202653061,1072.22804285714,979.170264795918,1250.88367204082,713.01327244898,845.322784693878,1173.9759,1202.98298673469,1112.54507346939,1036.61635408163,1202.64465755102,1595.12176346939,1430.99989285714,1068.41329469388,1363.75264897959,1374.63483673469,1312.58898877551,1442.4323877551,1158.68908163265,767.747614285715,1246.05067857143,1311.42047755102,1060.0924244898,1303.4790122449,1710.92992204082,1341.06723061225,1291.13310510204,1272.2907755102,1053.35208163265,1078.9152122449,1279.4739,1185.74130204082,936.44742244898,1050.1655877551,1649.33829642857,1397.87892346939,986.322792857143,1420.02585510204,962.403134693878,1239.90821122449,1501.45442244898,1952.86089285714,1005.41991530612,1019.1968377551,672.167752040816,1328.53826020408,1441.93671530612,1493.28681020408,799.801070408163,1150.54716836735,1064.70208979592,1010.51563163265,1080.06821020408,1452.76547142857,1401.9624877551,972.983764285714,1130.75715326531,1132.31885918367,1155.97464387755,2121.09749285714,1403.64481530612,1107.7722,1105.86836734694,1099.63163979592,1205.83464897959,1145.9008755102,975.822077551021,1248.46735102041,1101.16838469388,451.559655102041,1300.47157142857,1105.36631938776,820.706702040816,1028.05370918367,995.512847959184,1520.48463469388,1000.09928061224,1438.19065306122,1669.78971122449,1497.58591836735,1286.12618163265,1267.10459183673,1552.85664285714,1334.11692755102,743.781207142857,1088.73304387755,1092.03349183673,978.571866326531,1575.75541326531,1572.72352673469,1566.10945,1187.0349177551,1148.66494489796,1383.8237255102,1310.4657255102,1339.35037142857,1362.08140714286,1386.23324183673,1022.34292142857,1715.25095918367,1457.45995714286,1235.02728265306,1341.83585918367,1178.95121326531,1293.50038061225,1264.75438163265,1336.79345816327,905.125275510204,1120.72222959184,1515.44660102041,1357.0239255102,956.542144897959,1040.55837040816,917.079791836735,1349.91072653061,1578.22188163265,1423.1450744898,1947.47709367347,1453.20840204082,1421.55839795918,1125.76883061224,1369.2624377551,1528.25523734694,1102.43195306122,1608.53739285714,1391.66178469388,988.945262244898,1642.90078571429,1716.81148469388,1278.34529183673,1455.34746530612,812.20888877551,1467.13348469388,1342.37666061225,1125.53443469388,1401.13791122449,1028.02000510204,921.774309183674,1559.74297857143,730.595368367347,1051.98137653061,1258.92590204082,1458.30118571429,1097.02778979592,1006.37647857143,677.732976734694,1330.94414387755,618.977798979592,1165.04062142857,1444.24115612245,1108.52390408163,1256.15638877551,1060.44951428571,1253.47063673469,1243.62927142857,1167.76121836735,1264.97798877551,771.505556122449,915.319463061225,963.869610918367,627.006133877551,674.375765612245,1034.19062755102,1432.93991938776,1053.87037755102,1518.73944795918,1204.43238163265,1295.94778673469,1101.03984122449,1522.32081020408,1616.27108908163,1077.06804795918,619.812266326531,1263.93859163265,1179.27742857143,998.671744897959,1759.38249081633,1773.32155102041,1062.47485,1036.52209591837,883.087658163265,1487.07088571429,910.06481122449,1265.64713061224,1367.05509489796,1169.41996122449,1008.87474387755,1053.92721326531,979.871655102041,1290.87712346939,1463.55266428571,1364.38107959184,1494.81121734694,1325.86783367347,942.020552142857,1109.02525612245,1048.54180204082,1168.41671530612,1167.66018979592,1068.58183061225,799.438593877551,1327.05114183673,1204.68457755102,983.624664285715,1390.54904693878,1231.75482040816,1100.25109040816,1809.49986122449,1597.13243979592,966.571530612245,1487.84631938776,1453.13454693878,1516.54609693878,922.002597755102,869.795247959184,959.265830612245,1128.44119081633,1405.46576836735,1184.55686632653,1660.90157346939,1849.92663571429,1393.58103367347,1144.53831836735,1026.88318061225,775.755729591837,656.852684693878,1032.67070102041,1093.25415408163,535.2044,1145.38586326531,1240.70122857143,1066.83078367347,893.806210204082,823.62221122449,989.710829591837,1188.04638367347,671.50112755102,971.638667346939,1189.68986122449,1400.53186836735,1241.74506734694,1685.35899387755,1784.0865255102,975.401581632653,991.423381632653,1181.34425306122,1021.20564285714,701.752598979592,847.061166938776,412.199956122449,595.330956122449,1007.81966428571,1318.96773061225,1491.58199489796,1500.22504285714,738.155465306122,1502.50315204082,714.291901020408,1589.00763061224,1288.68987346939,1132.74230346939,1114.68155346939,1401.2058622449,654.084458163265,1070.67316938776,566.863120408163,1638.32896734694,1299.94040367347,907.550997959184,1194.84657755102,902.106882653061,1251.87944693878,1661.37672244898,1406.01940102041,1487.8743755102,1493.56060510204,2060.63412755102,1408.36023979592,1621.08349387755,1468.48207959184,1523.99042377551,1056.2393,1327.66167755102,1169.60823622449,1691.06289285714,1286.44523163265,1690.65199285714,973.491425510204,1020.76697959184,1557.16325,1495.33925102041,1035.5855877551,1150.97186836735,1016.6064877551,1001.32031734694,2020.42276122449,1589.18072857143,1173.29608265306,1711.27968469388,1777.49272755102,1493.67009795918,1528.32229693878,911.464631632653,1242.53730204082,1336.79182653061,1627.84463377551,1070.60546428571,1031.73427653061,1200.65005306122,1177.19477857143,1090.23647959184,571.714152040817,603.210038367347,822.20231122449,1275.16759693878,1603.45579795918,1082.17102857143,1310.50215918367,817.482613265306,1208.21365,1419.67976836735,1353.86220306122,1014.9327377551,1154.46153673469,1548.25350510204,1415.2073755102,1487.29129183673,1437.93708469388,1304.38497959184,1619.66800102041,1203.48428469388,1353.96373469388,872.261147959184,1324.81267244898,641.446697959184,1252.19659387755,1315.93111836735,836.637213265306,475.443044897959,1122.36725357143,1614.7007255102,972.290251020408,1289.51109591837,1439.09449693878,1132.13165204082,1330.81354285714,1517.9821244898,1291.53600306122,1200.26363714286,1309.01610918367,1330.22984693878,1591.5409622449,1280.59525612245,1616.83934081633,1564.7314755102,1116.20814387755,1281.78614183673,988.636747959184,1317.97108571429,1306.72571836735,1168.02225510204,873.56562244898,582.377812244898,1381.99452346939,1312.24895408163,631.379998979592,1193.53583265306,1042.88205612245,1342.00207346939,1523.27526326531,1270.34290469388,556.716930612245,1019.7862122449,707.971310204082,870.005302040817,1406.3521255102,667.724996938776,1323.84531020408,1016.04568265306,932.718528571429,1312.88638061225,1371.09327857143,1656.91535918367,1468.9656877551,1009.74507581633,846.751781632653,1172.56676367347,1319.20629428571,1087.18448163265,1544.62089387755,1719.40203367347,1729.17651428571,1694.88846020408,1696.09526530612,1207.42502857143,1004.82274387755,1478.01718979592,868.031390816327,996.168024489796,742.480224489796,1436.73231530612,1415.18813979592,1115.57368163265,1001.97938367347,992.137293877551,1236.77530795918,1332.41405836735,1912.15886938776,1691.08107244898,1417.88643571429,1106.99671326531,1352.15897142857,906.058168367347,875.067578571429,1218.01322244898,1024.76338877551,703.456229591837,1027.44974183674,1767.81283979592,894.637619387755,1295.99684693878,1356.20271122449,1594.46383265306,1119.27071530612,1496.5478377551,1659.39661938776,1319.44991734694,1392.14915397959,1159.74631836735,1862.49851632653,1683.4451622449,1189.33775918367,1191.29183163265,1070.19004081633,1113.59304285714,1540.59781020408,1550.98138469388,1380.2687877551,1221.70836836735,1441.44295510204,1414.45844897959,1347.28821836735,999.412293877551,1200.24807244898,787.542524489796,1514.65751530612,1677.66178367347,1041.81682142857,1463.91043877551,1284.92491632653,970.015209183673,1172.77620408163,1023.68573571429,921.148870408163,806.914159183674,1290.86927244898,1561.43001836735,758.561033673469,1182.78081326531,1203.72286836735,652.767123469388,1173.48982510204,746.976497959184,1222.36660204082,839.280085714286,948.466890816327,1122.11922040816,1407.01947244898,1400.13996938776,1904.1788122449,1106.13925408163,960.553582653061,1780.49651734694,1263.20177346939,1105.63986734694,1395.02533673469,1411.6473122449,976.596963265306,1368.09864795918,1338.12265408163,1025.17510714286,1321.30863163265,1330.41644081633,972.704428571429,1308.79338571429,1461.12303061224,1223.61495816327,1212.99001836735,1840.00845204082,1569.68833061225,1665.65571836735,1803.07849183673,1551.20504285714,1158.02421632653,1257.95410612245,957.938360204082,1231.65816938776,863.534667346939,895.533994693878,651.111229591837,1202.61955102041,1564.44013367347,1258.09426836735,1966.31401836735,1657.84773061224,1795.77186530612,1391.2973744898,1287.22314530612,1988.56803114286,1211.52916632653,1265.2721744898,1155.84377959184,1482.50822142857,1107.10133938775,1653.78689285714,1090.66385714286,1165.10143877551,1212.75785306122,1841.07442142857,1279.83113979592,829.142582653061,1232.18715510204,1088.49120510204,1414.99191326531,1457.99537040816,952.428652040816,856.700296938776,821.586742857143,1578.06863673469,1063.7063122449,1105.57522653061,1634.22428877551,1364.24264857143,756.590450204082,1113.40119591837,1234.25590714286,1460.48329387755,1528.56532346939,1693.09038061225,1126.24201428571,1390.4639744898,944.99601122449,805.374086734694,1176.89935102041,1965.78653877551,1277.85396836735,1262.88557244898,1298.0355405102,1415.65492857143,807.392291836735,1152.43098673469,1137.72687959184,1429.73148469388,1357.55260408163,1347.67346632653,1692.99586632653,875.325496938776,907.15102244898,1343.90987653061,1344.29509591837,947.786193877551,1389.57126265306,1450.73620804082,599.509136734694,834.41192622449,1664.07419693878,1219.21614897959,1274.07388367347,706.757864285714,929.931293877551,1208.15129693878,1111.29601326531,1310.16148061224,1351.73838163265,1358.05425816327,1386.99213877551,1400.11274387755,804.95996122449,1369.68550306122,1186.24900816327,1237.72975306122,658.784150612245,763.078915306123,837.254255102041,1125.60172755102,1206.23606938776,868.036745918368,709.250171428571,1075.27245102041,1528.77631326531,865.847839795918,643.948858163265,925.901851020408,1311.94640918367,1333.51633571429,1550.84417142857,1066.47230102041,990.699867755102,1064.2797,964.451196938776,1538.35705408163,1130.74079387755,1039.08115816327,644.726541836735,1080.58984489796,1213.26123877551,1396.50535510204,1286.54398979592,1198.4000877551,1414.15777959184,861.800857142857,1048.28300408163,1565.77031836735,797.370455102041,650.251616326531,1441.51580408163,943.564289795919,1151.01965510204,975.504254081633,739.31568877551,1265.84135510204,980.555782653061,855.707170408163,1678.94555,1727.26800816327,1328.41871632653,1125.5967777551,1219.84123571429,1146.05047040816,800.091906836735,1494.26385510204,1826.36981326531,821.524041836735,741.032166326531,968.544739795919,614.721258163265,430.180645918367,703.732690816326,767.309739795919,609.106145918367,665.658143877551,760.269680612245,1213.58991428571,1120.31671326531,1773.19859081633,758.711118367347,896.970297959184,1303.11811836735,1554.00165816327,1709.63814591837,1150.33328122449,856.494203061225,884.927805102041,1158.29137959184,936.726345918368,690.115485714286,940.579028571428,866.927924489796,1118.26652244898,1405.08299183673,1332.14247653061,1594.13330918367,1402.37657040816,1303.49751122449,1978.59990102041,1388.13343979592,1470.83733877551,1104.97526530612,1379.97001020408,1432.8143877551,754.502440816327,1205.60464387755,551.531126122449,1193.49696428571,1414.28054489796,1596.72657653061,1563.98383265306,1348.20038979592,1569.30923163265,1655.28482244898,1532.68518571429,1699.55269489796,1314.68488061224,952.890818367347,840.998136734694,1177.07175102041,1231.19811836735,1017.76528877551,875.889575510204,1297.48955612245,1337.48459693878,1015.3012244898,1060.05278061224,1013.82301020408,1328.15454387755,1510.95783469388,1492.00160612245,1483.72682755102,1129.70347346939,1176.20882653061,879.884450612245,788.807456122449,1471.57899693878,1379.78756734694,1528.52644795918,1254.52244693878,1149.56199897959,1835.2513,1252.5342755102,887.603152040816,825.605681632653,1045.46511734694,1230.82119489796,1285.83939938776,990.653321428572,1103.18599612245,1190.40270697959,1078.34982142857,1012.62415102041,604.347736734694,1203.15905408163,1298.06531326531,1298.13225102041,1100.6894622449,751.002464285714,972.998647959184,520.710484693878,927.926358163265,1332.3004255102,1434.43021428571,1335.57939877551,1245.34374285714,1099.18609387755,1147.33558571429,1120.52902857143,1373.27377959184,738.881542857143,876.339998979592,1421.78895510204,1561.69421530612,1229.31268469388,1414.62188163265,1188.90527346939,912.137380612245,1559.59665510204,1280.59992346939,1135.94448265306,1380.61695714286,951.92167244898,1206.59693367347,1147.21708265306,1418.48427653061,1021.26403979592,1227.30156428571,1505.31556938776,2148.45464897959,1085.02274734694,1118.61054020408,1341.31248367347,1055.09305,925.278303061225,855.886852040816,1177.62860714286,1145.59762857143,947.261717346939,1184.49205,1317.21792040816,1445.43803061225,1006.29052244898,849.506456122449,1226.07806734694,1323.22807755102,1221.93134387755,957.151694897959,945.985335714286,1096.23682918367,1356.69445408163,1231.58192346939,932.349197959184,1216.57343265306,958.588308163265,1039.58901265306,1365.85184897959,1067.91770408163,787.36988877551,554.843451020408,1132.37053163265,948.052162244898,1272.03228061224,633.045914285714,587.973718571429,1332.49699489796,1708.7204877551,1242.63446428571,1453.89842755102,801.870595918367,1383.98657163265,1208.58918163265,685.402736734694,713.186098979592,614.166684693878,663.231171428572,953.148334693878,1146.59693367347,1388.18701122449,1401.57200510204,803.534942857143,999.074181632653,1581.3908,1490.77445897959,1330.24167755102,1414.86189387755,951.852241836735,1020.6136255102,838.447997755102,837.473998979592,721.87082244898,1161.59212755102,1074.93953571429,480.168553061225,1351.86316428571,1522.3592877551,1071.74315918367,1155.64289693878,1073.94091428571,656.148398979592,1774.32696469388,1097.41175204082,1224.47604693878,1814.07121836735,1867.70972755102,1106.8623877551,1511.38525918367,1030.63219255102,934.648614285714,836.322034693878,1480.80747755102,1171.50910387755,1098.46533571429,1638.56153877551,1638.47345816327,1039.26986438776,972.556640816327,1248.55352040816,1077.31510408163,1426.15380204082,845.704512244898,1225.82836938776,1210.36316530612,1501.48921326531,1069.65251836735,1440.99848979592,957.979464285714,1002.25738163265,599.161333673469,920.906103061225,1737.50597142857,1366.19760102041,1217.49757959184,858.823826530612,1234.6186122449,949.027779591837,597.246962244898,882.331341836735,738.088956122449,1099.68706734694,1395.44663265306,1554.62746530612,955.25636122449,1234.30329979592,918.500756122449,1552.94944591837,1645.95529795918,1228.78654591837,1237.25283265306,978.738560204082,1249.63003469388,1105.95242040816,1175.58345408163,1201.87562959184,1307.50301326531,914.890616020408,932.210098979592,1123.13738979592,1028.39713163265,957.556840816327,1033.84320612245,1458.93067653061,802.461876530612,1897.24671632653,1524.73324591837,1983.45897346939,1451.30773836735,1632.76100571429,1257.25709285714,1307.57857857143,1447.67035102041,1292.37730612245,1049.45235510204,985.203371632653,1346.37515510204,838.20208367347,486.747978571429,602.644404489796,747.10687244898,1055.43302653061,1314.26920102041,1066.51205510204,1112.92726530612,1457.35813265306,1363.37175306122,903.46798877551,948.859665306122,945.726891836735,1061.07692653061,1701.16860102041,1367.60311867347,1339.44535306122,1941.13888265306,848.070543877551,1456.20784795918,926.022075510204,587.807425510204,919.521501326531,1249.54892244898,1182.0976877551,1115.98689795918,1549.58948877551,1358.81377142857,735.919701020408,649.258230612245,810.798204081633,962.291540816327,762.941578571429,1594.61806836735,1433.08576020408,1262.94692040816,1180.79663877551,646.405896938776,1426.60572040816,1351.6632244898,1823.90672142857,1833.13787346939,1792.67789795918,1246.90453877551,1448.79234489796,1482.7471255102,939.206618979592,1188.70026938776,1880.86635102041,1227.26633979592,1145.98206326531,871.844535714286,972.707420408163,994.494560204082,1314.26451734694,1438.70045306122,1192.87780612245,1111.13518265306,1013.74630102041,1259.2817122449,1557.63361632653,1327.74499183673,725.853314285714,1588.06977040816,1241.55573367347,945.175774489796,1001.17580714286,813.781912244898,1333.02785918367,2261.8665377551,1345.75916734694,1174.00459591837,1076.09303704082,980.157635714286,1092.78894663265,1403.60502244898,948.385589795919,901.364653061225,1355.83125408163,1058.22833061224,1174.71497346939,1409.21316020408,1173.06827857143,1610.33456020408,1131.2842,853.915801020408,956.442819387755,736.270559183674,993.611939183673,1054.67601428571,1098.76479693878,1620.73335714286,1115.60638571429,1430.73265510204,1060.40067755102,1231.5188777551,1041.28407142857,769.595885714286,529.344394897959,983.561244897959,940.789744897959,774.701118367347,1786.99148979592,1127.13421428571,1219.86771122449,900.075651020408,1126.98780408163,1216.59460612245,1400.04794081633,1693.99630714286,1697.02536632653,1104.76966122449,1022.77611836735,858.06307244898,981.655847959184,1012.77842346939,946.029035714286,1055.02310714286,1208.36630510204,1539.37900673469,1283.11184693878,781.487140816327,1064.46746632653,1034.5207,1296.73996632653,1478.22445510204,1081.89644795918,618.865503061225,921.345765306123,813.736241836735,1037.83731020408,1153.88925346939,1112.48365102041,1316.47844469388,1645.18649193878,1361.97594234694,1210.40996428571,1191.9704755102,1048.74846530612,1378.8377877551,1476.52909795918,1743.03818571429,1220.38648877551,931.828082448979,1026.51658979592,982.396173469388,993.404945918367,1392.56869387755,1129.05562244898,909.157030612245,1383.99102857143,1333.07809285714,1415.88627959184,2042.43401428571,1644.77875607143,2074.74007653061,1261.54468367347,1029.31549285714,967.452047959184,1495.69140102041,1662.93228510204,1891.09643571429,1780.68884183673,1415.36130612245,1065.56868061225,709.466416693878,1384.44364183673,1316.80477857143,1273.96895102041,1470.45200408163,1604.79556836735,1659.94201326531,1178.80605,1659.03570612245,1352.48438530612,665.962121428572,794.101133673469,790.208420408163,850.186551428571,1748.88451632653,892.324217346939,1377.43105816327,1096.31793857143,864.583429591837,767.478957142857,912.206435714286,943.177082653061,809.012987755102,649.321128571429,1106.56806122449,1374.92940010204,1370.23254897959,1800.8299377551,1336.86674387755,1185.31270306122,939.480580612245,1114.83277244898,1334.50612040816,1362.26309285714,1141.70844795918,1145.83822346939,1479.83526938776,1134.30073469388,1369.15812244898,1713.44925,1632.26435816327,1222.78687959184,1495.2761622449,1814.6323744898,1182.64251632653,1780.6892244898,1956.16802040816,1550.70716326531,1842.38942244898,1853.69212142857,1434.39655510204,1354.51358979592,1323.23005918367,1135.24083265306,1158.94792755102,1240.36635714286,1624.29866632653,1136.73444285714,1163.57847959184,1560.36928061225,1552.26931122449,888.185512244898,736.396831632653,870.001066326531,1459.69834591837,1073.97394387755,1074.34370510204,1372.13068244898,1217.04054285714,1305.18361632653,1297.38698265306,1808.77886938776,1415.3688755102,1275.89402244898,868.518215306123,986.059091836735,1164.28948367347,1658.29143265306,1514.11727857143,1092.14924897959,836.043516326531,1114.13109081633,1361.96212244898,1264.60535714286,1277.45267040816,1688.68945816327,1215.06564489796,1542.04302653061,1403.20826428571,1129.40145816327,1174.03946632653,803.177993877551,854.499609183674,936.544530612245,1257.93812857143,1345.56934795918,1785.8071877551,1506.2307255102,1228.3679122449,1590.80541836735,1054.96378877551,1312.12312040816,1095.11609795918,1517.2625744898,1182.91302346939,1404.9901744898,1361.3598,1356.90468469388,1593.4673377551,1574.90331734694,1357.78344693878,1021.96687244898,1447.63307959184,946.45435,947.934184693878,1256.66566836735,1441.34469693878,1478.43880285714,1209.31548673469,1039.15570204082,1465.29048979592,1547.52936938776,1461.80473571429,1516.88964693878,1348.00539489796,1092.58820102041,1263.32254204082,1040.76667244898,1191.29903285714,1481.85773979592,1513.94609489796,1215.22771530612,1380.63033673469,1575.87718846939,1653.77012755102,1534.11200734694,1416.24103877551,1602.68749795918,1490.96161530612,1510.00191734694,1367.54942040816,1174.02959285714,1215.02228163265,1148.44394571429,1474.47228061224,1809.0370122449,1502.10034693878,1130.42405,1201.91655408163,1159.43182040816,656.021604081633,751.843839795918,748.36027755102,851.700604081633,1827.71038979592,648.754454081633,1148.45817020408,1323.66790408163,1027.00785612245,1820.95825918367,1595.99226938776,1491.33330306122,1532.74100408163,1159.80353877551,911.982640816327,1425.81593918367,799.336160204082,933.138101020408,678.727606122449,1602.58410714286,1465.70595612245,1002.9489,1167.90858877551,881.868142857143,1220.07855408163,1154.62937346939,795.947895918368,1177.52153265306,1363.66573061224,1497.40131326531,1476.69689693878,1134.49313367347,1048.92822244898,1848.19419081633,1164.00529795918,955.45508877551,1155.01359489796,1601.21784183674,1241.75431020408,835.118551938775,1011.03973816327,811.252339795918,827.57655,612.070720918367,1168.85207857143,1060.32592244898,1053.22403979592,1329.97950714286,1341.18931632653,1633.77993979592,1582.51793469388,1293.55839489796,1180.83860408163,837.90429,1340.01308061224,1138.14055306122,844.905093877551,1234.78933979592,1179.25466632653,917.096951020408,951.635087755102,938.769515306123,1162.43137244898,703.925640816327,1413.28642653061,1275.5925877551,973.550371428571,1514.79263377551,1339.96497755102,1543.85210204082,1507.24743571429,1663.60835918367,994.633609183673,849.324114897959,1342.52193469388,1683.18168265306,1383.16287040816,1426.11148265306,809.992056122449,941.054928571429,1364.27369081633,1126.22049693878,1914.6221377551,1515.25111020408,1206.04529897959,1062.96572959184,1087.26558163265,2228.1454622449,1741.37279693878,971.523970408163,1658.3670244898,1773.69463877551,615.897053673469,958.286821428572,1170.64871979592,1211.49018265306,1309.74748979592,1187.80011326531,1232.26442653061,1347.68608571429,1409.43494183673,1256.49239285714,1463.31795,1121.20361632653,1501.52972040816,1359.24017102041,1282.78411530612,1573.17051530612,882.329840816327,1712.67616020408,1156.09201632653,1077.89668265306,822.747185714286,734.970384693878,1373.47280336735,951.195712244898,1056.98341530612,1595.57324183673,629.486951020408,637.302890816327,868.706081632653,1128.95739387755,1424.77915204082,1550.63778673469,1278.7704877551,959.946552040816,1010.76853367347,1820.50536530612,1587.81701836735,938.856601020408,1056.90097306122,1161.98096142857,1081.17346326531,1143.6871377551,1457.0624622449,1118.26788571429,1627.4980622449,1179.32642346939,1051.2371744898,1638.6247105102,1552.12424469388,1401.04491122449,1704.70219897959,1088.04251316327,1469.19609489796,851.193345612245,1022.5955877551,818.909520408163,1158.65729081633,1047.6782,1151.85736306122,669.803430612245,699.060813877551,941.230424489796,1320.13094693878,1304.92615510204,1389.41379081633,1351.36773979592,1424.92889183673,944.08636122449,1061.17883346939,900.685695918368,1321.60812142857,851.092335918367,1311.28542989796,1002.36767540816,699.378225102041,1086.32538255102,837.507930714286,498.097592857143,1018.34162673469,821.144181632653,1372.81082142857,1488.57833673469,1135.50449897959,631.626615102041,937.395282653061,608.738951020408,1585.51766530612,1413.48937244898,1064.59300918367,1813.02361428571,1286.72049795918,1726.50682857143,1085.67162142857,945.13185,931.296845918367,1085.23166530612,760.116818367347,1425.83648877551,803.6274,447.191723469388,1539.1572622449,923.294240816327,1602.4390744898,1314.73277959184,700.923608163265,645.502405102041,1545.23791734694,835.233181632653,1127.96198673469,1538.63542602041,1418.40131428571,1107.91842244898,1991.44744183673,885.728852040816,1213.59298061224,1311.4771122449,1126.8314527551,1183.54630306122,975.029291836735,937.658578571429,1038.54944285714,1344.72871734694,909.484965612245,1467.42210816327,1702.66896836735,1150.47708673469,908.567395918367,1071.13184183673,982.624045918368,1341.81863571429,1107.6623622449,1015.52340204082,1361.16250204082,1228.98305102041,1267.5757377551,1744.75716326531,1341.68973979592,1125.51066632653,1256.58618571429,786.297110204082,1171.01132755102,912.238219387755,1157.5658255102,875.898494591837,1185.70401020408,865.345462244898,1022.82771020408,386.600310204082,1219.11276632653,748.282677346939,1530.44820204082,1092.21568081633,1383.11761632653,1430.72826122449,1120.04224795918,642.761873469388,956.956779591837,1069.0613255102,1150.93109591837,845.370056122449,758.081359591837,1161.45206428571,1245.09981020408,1421.4357244898,945.531921428572,1328.24734795918,1143.7870255102,1022.6499755102,1117.65110918367,1018.71332040816,535.257441836735,801.182112244898,710.309855102041,985.331270408163,1240.64787653061,1641.26643673469,1133.00593163265,1337.24265204082,1233.00593122449,1892.95032061224,1568.3430755102,1695.5304244898,1394.8538122449,858.496463265306,1233.88978571429,1402.81001020408,592.958809183674,685.869159183673,665.499324489796,1211.56773163265,1540.74216632653,1432.86834285714,1281.22740306122,1321.83700510204,1447.05461734694,1041.89529183673,1395.07507040816,1184.66165510204,1315.81198,1478.14395612245,874.959698673469,1584.85433061225,1466.39129489796,857.575723469388,572.400777346939,1644.56108571429,1357.13313265306,1386.84571214286,970.981994897959,1565.0072877551,1585.75617653061,1402.02380306122,817.632602040816,1971.44887204082,1489.66633469388,1528.00464459184,1458.77443234694,1280.62954387755,1177.42659081633,1710.45435918367,1287.19773367347,860.617896938776,531.754657142857,944.637569387755,2025.06299081633,754.566245918367,1607.88751632653,1081.90344591837,1084.34863061225,1180.31161326531,1534.34807857143,1757.78416734694,1422.0246255102,1546.49109571429,1637.01410408163,1432.80991632653,1337.77170204082,1460.13800714286,1231.01740102041,813.131771836735,1372.01172653061,1105.48391326531,1395.0982244898,1444.27932857143,1357.97168346939,983.765328571429,1603.21513061225,1315.11537653061,1102.38280220408,1469.68016020408,1294.6481122449,888.202637755102,922.248825510204,1301.44827653061,1052.38040102041,1258.6148622449,1288.00501020408,1481.12938061225,917.496408163266,1515.7422244898,1192.34869081633,1351.77698877551,954.138251020408,1461.64187959184,1509.80386836735,1266.97777857143,1481.83329387755,1687.95434081633,1201.46561122449,943.135630612245,739.523195918368,1044.91246836735,835.652956122449,799.852928571429,1007.65314285714,849.881869387755,1264.13920510204,1041.50339285714,1569.47004081633,905.556651020408,958.172462244898,607.856840816327,502.440860204082,1170.73535204082,1118.90297857143,938.525825510204,971.040741836735,1825.85849489796,908.215328571429,1247.54701122449,1394.7236622449,1504.9544622449,1520.87751510204,840.510393877551,553.029612244898,860.25693877551,793.52466367347,875.402764285714,524.040863265306,728.623669387755,891.320318367347,1539.59748163265,1620.47751020408,1506.27607040816,1432.39550816327,1248.76556326531,875.957264285714,794.701262244898,1065.22215612245,1128.37561530612,1300.92643469388,583.663615306122,908.052253061225,1326.2790622449,1319.77461734694,1190.08635714286,1645.16066632653,1595.97741530612,1507.1428755102,1335.83089591837,714.581740816327,1339.3232377551,853.05958877551,1203.24267959184,1586.97740102041,1099.46595918367,1028.47367142857,1014.23082959184,945.55935,932.289892857143,1112.16569285714,1132.56129285714,1079.54575510204,1632.89436326531,1051.58231326531,840.214246938776,834.33051122449,1434.43112653061,1257.02277755102,1644.33381632653,1135.99381122449,1423.04025816327,1341.0724994898,873.562,858.412218367347,1162.45463979592,1067.91272244898,1135.27647040816,708.432998979592,751.04841122449,1275.2010744898,1446.08933061224,1316.81743877551,1444.07810816327,1067.14549183673,871.061859183674,1005.12817755102,837.423287755102,930.208365306123,1366.37948673469,1119.03164693878,452.773941836735,1397.19249959184,1334.92350714286,1206.44193734694,1169.05631020408,1462.14432653061,1001.39442346939,1359.91205918367,1167.97582653061,1191.64002244898,617.196682653061,903.300035714286,1299.91041122449,1150.9491255102,1328.69838163265,1305.05065510204,985.343487755102,1091.46181428571,756.522971428572,1026.67202346939,1056.60872346939,1133.36043163265,965.018308163265,1473.69283163265,867.885995918367,1608.23704897959,1732.48622857143,1719.71485714286,1370.15157244898,1044.74490306122,998.254318367347,1758.6049755102,2044.17417959184,1793.36178122449,1642.98395183673,1037.87745653061,1314.62541693878,1326.87569285714,1156.18734795918,1080.19540612245,1261.47240714286,1143.70894285714,1498.19975,1656.79205510204,1891.21108469388,1697.51632653061,1553.51150102041,905.992321428572,1339.95296836735,1758.31431734694,1689.06231632653,1184.41727928571,775.004353061225,1422.20039795918,1173.13125816327,1444.52593163265,1473.55883061224,1460.82378612245,1435.66127346939,1434.86673979592,1498.43060102041,1049.50433571429,938.77467244898,1600.01196367347,1659.4042122449,2064.78586326531,1396.9463377551,1000.44387061224,1311.20305102041,582.693604489796,1024.08597040816,1244.15936938776,1139.6892755102,1134.46803061225,1232.50801428571,1028.53353979592,1009.02314836735,907.095914285714,1193.10362653061,1057.10063673469,1447.74627755102,886.167113265306,1110.34194387755,1219.04907857143,1043.15516020408,1160.27620918367,869.289797959184,966.85528877551,1585.86787959184,1684.99595714286,1304.79411122449,1308.29301734694,1267.29810204082,792.03766122449,1172.6202755102,1314.27165918367,1122.4181255102,1781.56430408163,1386.12270612245,1270.44360857143,1695.81349602041,1471.50557653061,1486.90077857143,1326.72032561225,1443.4552,823.355147959184,795.731630612245,1065.60492244898,1624.39592857143,1166.08981122449,812.010449183674,1478.66926428571,1216.61276020408,1240.74479693878,1368.74556734694,1360.33490183673,1119.64748469388,793.542427551021,1610.86324489796,1599.90862346939,1159.19468091837,2003.50606265306,1223.50596836735,1508.60022857143,1445.5123122449,1343.37336938776,1306.99885816327,807.280423469388,1282.09913632653,1416.85367857143,1332.74946632653,1523.08982959184,1237.2383877551,1140.92747346939,1153.30480816327,1094.59405306122,1083.99973163265,1035.61644897959,1159.7620622449,1223.43826326531,1058.59813153061,1069.81088367347,1425.69191938775,1487.45,981.623706122449,1236.92636428571,928.477564285714,1200.35328979592,857.720097959184,1551.76951910204,1451.63181734694,969.823501020408,1302.17238673469,1219.64410408163,1244.28443367347,1439.85247346939,1209.02335612245,1579.69316020408,2060.63723571429,2242.72773489796,1688.71981836735,1351.26719285714,1031.65243673469,1096.18993489796,1032.60288265306,1184.8206122449,1464.97511122449,1615.06871938776,1382.61014693878,1791.97402755102,1115.78515510204,1347.47586836735,1642.97836020408,1599.49271122449,1082.39249795918,1590.4800622449,778.520151020408,837.388944897959,1340.46549897959,1389.09405918367,1109.60210510204,1452.92764693878,1437.70652979592,1042.39583469388,1609.17992857143,1926.31093265306,1738.58428673469,1335.76496530612,927.639524489796,1060.84843265306,948.989515714286,1091.81294795918,1415.02083163265,1487.78803265306,1259.55483877551,957.534868367347,720.619517346939,1006.52072755102,991.916010204082,1208.12303163265,632.959032653061,1453.92155408163,702.647177857143,877.116121428572,937.090051020408,1290.45703653061,706.509269387755,692.891633673469,978.945765306122,447.572980816327,1560.73475918367,870.324267346939,1069.9860377551,955.753055102041,964.695018367347,735.1032,784.309342857143,1230.02736428571,995.298801020408,946.120751020408,1100.36141122449,1483.11808979592,1214.16223265306,1214.66584183673,1495.8512122449,1219.87299183673,1165.28813265306,1342.99600510204,926.167825510204,942.958373469388,1580.77298469388,1380.92197244898,1289.06428061225,1115.47271816327,1122.74476530612,827.068037755102,1330.79076632653,1172.28577244898,1019.34736591837,833.463994897959,1141.03497755102,1444.55670408163,1192.30027142857,1253.68881938776,1454.23322244898,813.71621122449,1247.44852040816,1410.99239489796,1008.56845102041,1632.63292959184,1130.4885377551,1360.41795102041,1035.92568979592,1541.93422142857,1278.0891377551,1130.51178938776,847.540370408164,1229.17585612245,979.883782653061,1041.48174897959,829.15465,1227.66404897959,1095.86325714286,1030.35343571429,1754.90095,1472.3800622449,1079.17699795918,1067.60024897959,1112.27252959184,1247.11393673469,775.994951020408,1088.96653163265,1094.12430408163,497.587374489796,901.932645918368,903.927066326531,549.104246938776,825.297002040816,824.734202040816,1143.16810765306,1014.50303693878,963.884469387755,630.422946122449,510.409270408163,1006.60755306122,867.212603061225,894.010985714286,1127.78637959184,1330.30713367347,1178.3665,992.852438979592,1168.89976836735,1555.48822346939,1429.08723571429,613.129476530612,1144.71934408163,1372.55565857143,869.040515306122,921.581898367347,637.725354081633,875.959059693878,1284.99511122449,971.803406734694,775.951952040817,1136.00151428571,910.302117346939,997.847435714286,1072.2004744898,1042.40130408163,1377.4129755102,1337.97270102041,1471.30061020408,1067.4582244898,1183.73050816327,1979.83326632653,1593.94160020408,1498.99991346939,1551.33222428571,1359.20432428571,1141.93660918367,549.648210204082,1317.68804693878,684.16853877551,1030.5518877551,749.782835714286,1493.5256377551,1560.33158367347,1301.36299183673,1028.89224693878,1153.81533591837,976.881203061225,1653.02138571429,1135.69578265306,995.592441020408,1367.35099285714,1057.62135510204,1362.84635102041,1142.99443663265,1285.41334306122,1272.27273979592,1242.73351326531,1212.99000510204,1241.82993163265,1175.65089795918,931.861945918367,1637.92167755102,1507.28577857143,886.504563265306,725.835442857143,871.32198877551,764.651239795918,855.733166326531,1778.19148653061,1428.30632346939,1385.47549591837,2078.37772040816,1583.32863877551,1086.95721836735,1363.46606326531,970.547247959184,1152.66701428571,830.32381122449,1084.94199489796,1289.06232959184,1231.55817244898,958.359253061225,1103.39871326531,1387.14236326531,1932.56804897959,1248.34720510204,1058.25963571429,1307.64986806122,844.796958163265,1137.95254897959,1191.62203265306,1283.67977867347,1004.62426091837,1078.62666938776,1293.15624387755,925.502607142857,949.460657142857,628.095029795918,1017.27593061224,1138.08561020408,1003.49702918367,1110.58988877551,877.71378877551,1205.09015306122,1276.61655612245,1159.37483163265,1631.77053469388,916.839623469388,1334.10947244898,880.857389795918,856.449714285714,993.616337755102,1410.78321530612,1462.14645816327,1094.76500408163,536.745090816327,1035.40078061225,801.189377551021,889.633063265306,951.859493877551,907.072001428571,920.841254081633,959.697735714286,481.7836,1571.78226632653,1133.95555408163,1080.2311,1598.39793265306,1288.92631428571,1516.88792857143,1153.8239755102,1449.54617244898,950.084685714286,1127.25853061225,1053.19446428571,802.055623469388,913.325384693878,1192.29383061225,1876.39570816327,1829.57814285714,925.878758163265,1717.9707377551,1390.70048877551,786.604411428571,1041.35264489796,831.047060204082,698.179064285714,1320.59408469388,828.404545408163,1138.96495816327,1132.78624183673,1233.29863979592,999.474429591837,1053.73193265306,673.118063265306,690.644504081633,973.107124489796,1131.64254897959,1223.19442040816,1365.24441632653,1111.37903265306,1516.72474693878,896.335841836735,903.27593877551,890.600247959184,1092.46796632653,1104.52517244898,996.227007142857,1123.91198061225,1150.39618265306,1764.45815306122,1334.38718673469,1201.09155102041,1544.48357040816,1780.96948571429,2002.65912755102,1089.84453877551,1157.53722857143,760.085380612245,898.4192,1518.85852653061,1219.52667755102,1194.05113571429,953.995697959184,1455.81189489796,1145.83773061224,1497.63483673469,1355.63324183674,1576.01660612245,1060.48097346939,879.943458163265,1696.10321938776,1561.6534255102,1185.80694897959,1741.76566938775,1588.98106326531,1089.82306142857,1266.42996734694,661.162132653061,739.781066326531,1292.1583755102,1246.77184387755,1343.3677,1579.80866836735,1735.46070306122,1809.357985,743.078470102041,1410.07205816327,1024.15380306122,1063.78231020408,1550.26605897959,1667.4836877551,1451.57436938776,1260.32145204082,1946.89137755102,1406.93703979592,1755.47151938776,1355.70745612245,941.872362244898,1100.19331530612,1194.28508163265,1257.88102346939,699.659291836735,1223.54105918367,1295.04769765306,1375.92981857143,961.189693877551,1279.26408265306,1354.26315510204,1149.60702040816,1497.74112755102,2107.75544285714,1705.54283061225,1331.87105612245,2056.99971734694,1562.94609285714,1515.26431122449,1240.60874081633,1184.85326428571,789.402623163265,1694.84262142857,1134.09042040816,1358.23939387755,1065.97282653061,1031.00279693878,1257.81760122449,2306.06977959184,1486.18336816327,1205.00080306122,1197.30607755102,861.091140816327,831.663734693878,1433.48484081633,1612.95811867347,1167.72773673469,1097.13740306122,806.234671428572,1288.51747857143,993.154186734694,861.909045918367,895.524040816327,1038.8208755102,1403.56981316327,1234.62840408163,752.953469387755,1077.36754346939,1283.61671938775,1167.61471938776,1276.12584285714,986.635464285714,1014.87484795918,1933.20870510204,1980.90250306122,1353.38630306122,1301.90231734694,679.657975510204,874.518752040816,1084.14826530612,1784.84550918367,889.262751020408,768.398820408163,861.964734693878,948.986479591837,1374.49099489796,1210.31171734694,613.82908877551,858.545846530612,949.61574755102,981.915936734694,1139.41048979592,1616.94257244898,1622.62239285714,890.56982755102,1294.536,1216.52895408163,1569.73576122449,1254.80421938776,945.231768367347,1293.13019081633,808.228284693878,1643.57778469388,1320.51064489796,1508.82444693878,1013.40831836735,1993.39568469388,1634.20253367347,1049.03513877551,1147.85263673469,872.93112244898,1548.04396938776,621.78483367347,764.779023469388,1601.67338265306,1521.61695428571,1338.19615428571,1482.02513673469,1772.08032857143,780.403914285714,608.348800714286,725.184018367347,790.771473469388,759.594029591837,1171.9706755102,1608.72480816327,1450.38901938776,1560.07701428571,1638.92133367347,851.321217244898,1501.90825,979.632013265306,1176.60890510204,1398.28450846939,1145.39788265306,1358.95370816327,1109.36960102041,1376.90285145918,1174.33828309184,1317.26755612245,1040.00458367347,1353.12426530612,962.35703877551,1436.27581122449,902.832329591837,1087.76315306122,1620.26217755102,1060.78851897959,1614.00601836735,981.431005102041,1043.42171122449,685.315716326531,992.227386734694,918.776401020408,1390.06319285714,1630.90430918367,1475.30274632653,1539.42485387755,1320.27793979592,1235.14288367347,1043.75965,930.069565306123,1307.21895408163,1472.25959081633,2034.9359877551,1514.67027040816,1199.70623265306,1208.47225612245,1014.94194693878,1028.63063367347,1216.73626734694,1437.68030918367,1331.6319244898,966.707513265306,864.39998877551,1496.09197857143,1129.63497346939,1099.88341734694,1435.41633469388,1245.86480102041,1156.81805,1097.01207959184,1020.95691530612,1969.66383265306,2000.66866612245,1863.15124489796,1449.8888877551,1500.90489489796,940.291532346939,2082.28962040816,1288.76920204082,1289.54730204082,1225.64099183673,1681.6027405102,1127.40804081633,1336.2664877551,792.325973469388,1427.46776938776,1313.99921122449,1239.7763122449,1561.35129081633,1369.02442653061,1052.56641530612,871.820607142857,904.373004081633,750.182677346939,1052.01113571429,381.065860204082,951.860603061225,1413.30725,1058.69827959184,836.673523469388,1139.25426020408,790.292871428572,1220.97416632653,1001.97169489796,1638.83052346939,1616.21305510204,880.352701938776,724.560718571429,1241.18451836735,1280.58561428571,1839.20059265306,1936.60281836735,1313.89968877551,1600.04461938776,936.170676530612,1201.81403163265,1112.19460918367,1221.43500918367,742.867919387755,1507.48213673469,1236.28910408163,1416.0871622449,1027.95237244898,1235.64676530612,738.995838367347,651.191958163265,1195.90432387755,1455.13448367347,980.647337755102,984.419817346939,1070.0285422449,1248.31210714286,1755.52039285714,1450.1048877551,1286.88832653061,1681.99399387755,1524.59426326531,1406.63156938776,965.177450510204,931.635168367347,830.620636734694,938.317375306122,1264.12146428571,876.018068367347,1176.11124693878,609.332653061225,1211.29174795918,863.573480612245,1202.25641306122,1082.13150408163,765.939863673469,1145.57576122449,909.519307142857,1192.68988571429,1199.05674795918,1058.70434897959,1497.68123061224,1357.33957040816,1402.26241734694,894.324016530612,973.598598571429,1007.20063979592,1113.8519622449,1638.99210306122,1163.92941163265,1196.33389653061,633.744091020408,1138.73852346939,1493.77250918367,1592.33024897959,1469.95474081633,1398.82928061225,1896.76219285714,1500.2804877551,1291.99945102041,834.733281632653,1223.43250612245,1212.28294285714,1502.87597346939,1390.43573816327,1052.09958877551,946.082364285714,1668.84170673469,1545.95320918367,1328.76591734694,1579.43452653061,1195.7352744898,1351.37983265306,1300.55392091837,824.383190816327,1109.78918459184,1342.82485469388,1074.72895,848.571574489796,1352.61272142857,886.317587755102,794.186186734694,975.876520408163,1854.85767040816,1100.26169489796,1090.35181530612,1149.71877857143,813.152009183674,817.837837755102,871.05477755102,719.609836734694,828.32937755102,1330.01660306122,1024.47867653061,1444.2194244898,1812.0957,1119.1202255102,1550.87446836735,1148.39451632653,1206.92108163265,1545.53851530612,1389.44729489796,986.955358163265,1092.50652061224,1165.98955306122,1523.21708469388,1884.40082653061,1209.24824693878,1416.74317346939,1282.99707979592,1236.5572,1588.34853265306,962.209346938776,972.171776530612,1426.97516428571,1253.97458367347,694.52531122449,912.976523469388,993.180043877551,1438.04599897959,769.448636734694,1218.03628367347,1584.18337959184,1030.15539285714,1219.30218367347,952.810718367347,621.711530612245,903.530023469388,996.68688367347,1243.35127959184,1378.52583673469,1623.79871938776,1083.88648163265,912.803851020408,1391.59220816327,1222.48679183673,1174.26321836735,990.943941836735,1341.55337755102,1803.73344795918,1757.06281530612,1408.95855510204,1565.87165,1368.50642755102,1099.67840816327,1303.1513877551,1250.22086438776,1361.68377142857,1293.83475204082,1368.97710816327,1417.58096530612,1242.17175714286,1429.75381734694,1283.97511530612,1097.12406122449,759.031842857143,650.772082653061,1342.36668367347,947.57512244898,1072.97754530612,823.78428877551,1019.19530816327,1445.45781265306,1326.97541530612,1037.7336244898,1382.03871795918,1406.41484693878,1555.07791836735,867.181854081633,1246.18603061225,1238.04896632653,1026.2187122449,996.960505102041,1731.06682040816,2050.04633571429,916.297708163265,1512.26731122449,1321.69940510204,1627.09373163265,706.782095918368,1638.41466938776,1006.27425714286,816.640855102041,1239.47507959184,1339.9793877551,1711.24370306122,1146.90841020408,935.574642857143,1390.50379844898,990.020244897959,1138.36009387755,1092.24100816327,1478.10533979592,1495.39574897959,896.763347959184,1094.76014795918,1208.17737755102,1250.39108469388,1340.57092653061,1128.30539795918,992.758894897959,1683.87039183673,1836.77859897959,1360.2538555102,1887.11835,1655.23848265306,1542.04588020408,2119.84559959184,762.507130204082,1518.56156938776,1186.67745204082,1271.57416826531,1115.87410510204,1449.66609387755,1014.3443,1229.90485510204,889.981432653061,1675.34137330612,1641.19666938776,985.080092857143,1145.51707979592,507.195909183674,579.171526530612,1909.21241836735,1157.64265816327,767.080935714286,1262.30940204082,1392.82858061224,1462.18593469388,1106.1448122449,1353.21534591837,1078.58327346939,1288.06984183673,800.995439795918,1388.16958061224,1204.27222755102,1544.50206632653,1025.80803265306,970.487876530612,1118.71379183673,558.303827551021,1218.28308877551,1272.59819693878,1046.93063367347,1390.23711755102,1152.31007959184,1092.79213469388,1229.83978265306,1520.20372346939,1440.13624693878,1455.33583673469,1082.32474183673,690.420954081633,618.561160204082,1064.3941677551,1020.22753469388,1372.00531326531,1618.55223877551,1424.46981632653,1048.83809387755,1010.41236632653,754.841823469388,806.677474489796,1399.4751,1464.42989693878,1468.36198673469,925.483335204082,1184.0270622449,1768.26159591837,1421.72055816327,1376.63236428571,1267.58794387755,1333.98188959184,1201.97300306122,913.947485714286,790.276708163265,1025.31284285714,1821.89435204082,1526.21761653061,1068.78599183673,938.780166326531,966.329485714286,664.319780612245,704.523305102041,1036.19553673469,1256.00038918367,1026.99981632653,443.727491836735,1397.72727040816,1059.30616938776,1050.20806734694,551.077924489796,637.646004081633,942.989625510204,986.397418367347,815.028078571429,1321.99044081633,1407.98112857143,1242.38473979592,1148.78679183673,1327.62371938776,1170.59749591837,1254.40693714286,1312.88933061225,1357.3283622449,918.389523469388,770.512187755102,1007.98269591837,1346.45533877551,1021.65993163265,840.826724489796,1137.70633673469,1096.8563877551,1094.86448367347,1199.71293469388,1229.0452,757.565830612245,1441.47410204082,1227.80640102041,1349.74706530612,802.36513877551,1250.47555816327,936.493731632653,1088.72286734694,1235.57879489796,1565.49515204082,2050.77626938776,1348.95958979592,1418.18393367347,990.419548979592,1112.42959897959,1450.91302367347,1157.21376938776,1200.37709387755,965.970680612245,1289.55036326531,1028.9272877551,1161.85938367347,869.188856122449,750.001057142857,1453.41688265306,1179.12016459184,674.825123469388,1206.75528673469,1265.61128673469,1387.52359795918,1529.88731020408,1363.71354489796,1581.31105204082,1472.16663979592,761.783573469388,981.715446938776,1254.86834693878,763.585554081633,1193.52663979592,1528.78233673469,1474.87640204082,977.424426530612,1541.17240714286,1280.76467959184,1161.16110204082,1128.35681938776,762.096043877551,1504.4638122449,1018.87735510204,816.112578571429,826.153869387755,357.501340816327,743.197604081633,732.548308163265,945.278175,1335.68011836735,848.258714285715,1144.49368979592,1059.06821530612,1150.85835918367,954.076658163265,989.648076530612,781.029229387755,896.408387755102,1490.20713571429,848.420478265306,887.117244897959,1214.55665510204,1270.00354795918,1672.96341734694,1331.07531326531,962.392125510204,1005.96965,1259.20209693878,1251.49536122449,918.342601020408,1428.57961428571,660.568777551021,611.382358163265,1058.20039489796,1108.37881836735,1421.44550265306,1099.18302,872.321032857143,949.7737,719.982339795919,1074.16774897959,1308.91676734694,1354.58073571429,1000.32100612245,1841.31288540816,1329.16523265306,1400.67953163265,988.947084693878,1074.92710612245,1298.75293469388,909.391544897959,1410.97043367347,833.157185714286,787.238794897959,1407.04157959184,1106.74173163265,1225.44444683673,929.296275510204,610.176356122449,1442.58238,1371.34801020408,1181.1029622449,1161.76103806122,1532.66348704082,1605.79536836735,1598.34158061225,1658.95601734694,1009.53957959184,1131.59553673469,885.305039795918,1105.35441836735,1475.62880204082,1188.22419081633,1670.46778061224,1476.31473469388,1754.47410397959,1194.22512510204,1350.66326938776,1350.18575510204,1479.86243367347,1017.71095102041,742.654098979592,1033.96216530612,1450.96252959184,1205.35080816327,1069.17067244898,1033.97780102041,1733.19440510204,1385.15459183673,746.999686734694,860.106212244898,1010.04189489796,764.826814285714,860.295198979592,1024.65931530612,1200.80330612245,1262.76803469388,1402.12086632653,879.423746938775,982.61986122449,795.296290714286,1284.15289591837,943.470402040816,1199.92625816327,1597.08949285714,1519.13869959184,990.223681632653,1464.52022142857,1018.61587785714,1576.60446469388,1411.18444591837,740.456803061225,1427.51046836735,875.38863877551,763.141549183673,863.391439795918,1517.94853571429,600.317276632653,837.770770408163,1287.32187040816,1359.92718469388,1713.90508469388,1325.04725714286,1650.73099387755,1381.27601836735,1213.16870204082,1074.01246836735,954.983073469388,1150.26763061225,1433.29626734694,1140.98810918367,1545.27127346939,817.728976530612,820.157321428571,1112.83378877551,948.296905204082,915.192619387755,1078.03294632653,610.797330408163,613.666813877551,995.895294081633,1273.40637765306,1388.20265346939,1089.41477244898,853.120067346939,971.13107244898,1017.52634285714,1474.69600918367,845.037743877551,692.476966326531,1304.56879693878,1235.89958367347,1604.51689081633,1371.6166877551,863.354363265306,851.812648979592,533.345770408163,807.439336734694,1208.23395012245,1035.94694581633,1327.4307744898,1387.79722653061,1065.52504795918,1239.2495122449,1270.15814591837,1086.16272857143,1659.93083061225,981.415405102041,1524.42944183673,1283.89790040816,1235.07847244898,772.224045918368,985.539001020408,904.972247959184,1397.23549183673,1059.70470714286,1176.37324081633,851.567082653061,543.438313265306,770.92400877551,965.595184693878,1185.82205540816,965.518706122449,1379.70880612245,1091.23115510204,1355.48363877551,827.205565306123,1311.54411632653
33.6122448979592,1792.28998673469,1883.74293163265,1432.3218,1639.11177346939,1927.07177040816,1321.8927877551,848.605452040816,1361.32520816327,1355.3649877551,1726.56642653061,1746.27509693878,1490.62622040816,1580.92105153061,1654.38794693878,2132.04778163265,1653.59458163265,1244.75048367347,1736.30178673469,1185.23996530612,1357.05106734694,1543.62009897959,1425.85224693878,1418.03284285714,1290.36971836735,858.074515306122,922.984131632653,1333.37356938776,901.03973367347,1015.79660030612,1394.77212244898,608.67284122449,917.346782653062,1094.03225857143,1641.03873265306,1272.93813673469,1254.45104081633,955.344892857143,944.52781122449,999.200631632653,1106.74362142857,1129.64094693878,1251.00524285714,1818.54224693878,1459.77537755102,1089.78969489796,1463.92465693878,1326.19040204082,1963.79800816327,1781.40383571429,1301.54707244898,741.383555816327,2060.73328877551,1315.26886020408,1033.00406632653,1305.44718877551,1420.81008877551,1785.90601632653,1653.41153877551,1695.68803795918,1283.42213265306,1521.17279285714,1247.51494183674,1595.47076836735,1213.09542244898,1267.44142244898,1518.26358877551,1584.71198979592,1516.03898367347,1308.79780408163,1127.17859693878,1235.94642306122,683.685328571429,885.874802040816,971.011218367347,835.679056122449,612.324417959184,1004.13905510204,834.019239795918,1690.59212040816,1580.35466122449,1364.39893163265,1523.95729387755,1281.33893979592,1078.67754795918,1028.15090510204,1494.61681428571,1256.81074081633,1155.03541122449,1039.45624387755,2070.79544183673,1490.65585408163,1672.58455469388,1466.11833858163,1018.92470306122,1200.32773979592,841.505786938775,634.469424489796,1115.7382877551,971.789432653061,1006.56164693878,1388.38201020408,1278.81913673469,1501.90437244898,1580.93382959184,1745.49364591837,1862.38715612245,989.614151020408,1659.34725040816,1512.11653673469,1694.89419469388,1470.83377244898,1563.24677653061,1884.1740377551,1252.56845204082,1274.53593183674,1542.77571836735,787.797259183674,1070.0513255102,1747.96789081633,1958.80295510204,1103.29585204082,1097.98102959184,1395.39884285714,1047.14159387755,1580.97017153061,1258.24458122449,1372.26051734694,1546.08809489796,1515.69816632653,1112.7909744898,1192.07402653061,1359.37696326531,888.572225510204,1217.66792234694,1753.83862438776,1235.58170510204,1258.06818877551,1835.36419081633,1652.95427857143,1690.72039020408,520.166315306123,616.080401020408,903.120192857143,1144.39173367347,856.435983673469,1456.07707142857,1373.77136326531,1478.9951622449,1466.29439183673,1528.50773673469,1563.92610918367,1627.45689897959,897.315795918367,1387.40162755102,1002.16396734694,1333.7377744898,1393.15320816327,1448.72412346939,1333.25807938776,1016.38057938776,1131.69669,1546.22460816327,917.091686734694,1364.09814897959,1218.91575510204,1122.52318265306,1031.1658,1043.4460755102,931.677763265306,926.481869959184,1475.23070408163,1784.68109897959,1665.85867142857,1263.9583244898,1642.65074897959,1097.95685163265,1208.17079632653,1687.94840612245,992.419063265307,1322.72526112245,1025.56596418367,1019.53008755102,1393.07600408163,1680.64693877551,1595.62838877551,1333.99272755102,1516.85113877551,1553.95220714286,1091.40941326531,1159.07602346939,1021.52112653061,1351.13107346939,1485.89801428571,1871.19349591837,770.050325510204,818.817337755102,922.140793877551,1303.62937959184,1382.82133367347,721.355769387755,1347.27438938776,498.814993877551,1092.4945877551,1191.93509183673,1248.47987142857,1350.26872244898,1751.45564081633,1368.7103,1132.50273265306,1442.00342346939,1496.91362346939,1453.90183877551,1561.18610408163,1779.03388979592,1261.6891955102,1532.6264122449,1034.94562653061,1300.65771326531,1214.95759285714,1498.89517040816,1168.34231857143,1336.56823979592,1670.78734693878,957.827720408163,1156.24498163265,1061.4661755102,1159.34074489796,1396.09550816327,1457.5163244898,1559.80133367347,1644.49192346939,1707.11565102041,891.458816326531,1441.11251530612,1194.33463571429,922.974076530612,1195.7620244898,1181.82046428571,476.927407142857,1297.33591326531,1325.5071622449,1168.24420714286,647.225838367347,1677.6772744898,1517.76389193878,1518.15341938776,1409.85596530612,1486.03629795918,930.069282653061,978.706371734694,1318.19875438776,1498.23517755102,1463.21731020408,1830.02131326531,1451.86172308163,1863.16274285714,1233.74593877551,1708.40690306122,1107.85619489796,1477.72723061224,1491.27695918367,1236.75348163265,1436.71280612245,1160.04853877551,1251.48590204082,1324.96816122449,1420.7636755102,1503.06443469388,1116.8172877551,1667.09567653061,757.631092346939,1231.84876836735,1532.86124387755,1149.38692040816,1478.12419693878,1173.91124081633,1774.9951377551,1664.41296938776,1268.18868938776,1262.28713938776,1068.67758938776,1194.67844959184,1379.34415408163,1460.94408344898,1765.73679591837,1442.72929285714,1531.14663877551,1423.44302071429,1464.71517755102,980.495864693877,959.91063877551,1030.04908163265,1348.30628979592,1247.05867142857,1529.23483367347,595.129437755102,1243.89634897959,1351.62812040816,1342.77653265306,1045.2941255102,1095.05071122449,1354.09027040816,1569.17169204082,1371.78611122449,1315.26326938776,1262.63951867347,1127.33257306122,1032.7050622449,911.505241836735,748.628501020408,1369.23716938776,1242.30399693878,1368.39816122449,1253.40313163265,1657.56250510204,1568.39291632653,1822.06199897959,1632.87543673469,1687.53661632653,1467.28204591837,1063.71622755102,1764.88294387755,1933.49763469388,1493.95612755102,1320.90872142857,916.53207244898,1020.3558744898,1170.39553979592,1362.86663979592,1186.2788377551,1182.87806326531,1484.92494285714,1707.3812255102,1380.21960408163,924.160440816327,446.108335714286,1487.50606938776,1602.54643469388,979.553607857143,830.62046122449,1138.17950816327,1607.63467040816,1877.62443571429,1094.89840265306,1018.78333020408,1175.05310306122,1015.78175612245,815.654581836735,1241.86180612245,965.322770918367,1536.25583571429,1566.34566428571,1007.2276744898,869.987741836735,1353.90899693878,1214.87996020408,1205.12132755102,1196.76501530612,1347.99540714286,1628.58848265306,1789.04092244898,1115.43836938776,1088.71641020408,1227.25762142857,1314.96533877551,1578.93544591837,1493.36743469388,1254.19088367347,1008.42980510204,1002.1773122449,1325.00705102041,1105.93680612245,1385.26884489796,1427.84712612245,1355.32417040816,1373.25680816327,1530.80016836735,1329.05630408163,1219.01004081633,1575.99328571429,1352.92025510204,1468.00429081633,1337.42807959184,1309.19353469388,882.983501020408,690.125201020408,1416.83371020408,1326.64847040816,1864.92854693878,1146.5205122449,782.643696938776,887.984353061225,984.900986734694,704.449480612245,1305.64305204082,1044.17702857143,1017.70495163265,2050.18605204082,1289.50804693878,1402.8047877551,1272.77885102041,1652.21938265306,1215.16144285714,1179.81429285714,1303.92698061225,1125.33895183673,903.915631632653,1118.44078163265,1476.89317755102,1507.80263265306,1428.81969183674,1383.46570714286,1444.25519183674,1983.52255510204,1363.93379591837,1738.95626530612,1324.21840816327,1280.37541836735,1239.6578194898,1227.03088673469,1041.2930377551,1601.20865306122,1741.18908673469,906.230843877551,971.29952244898,1058.11416734694,1189.13073979592,1164.42251326531,1294.32038367347,1550.4473755102,1426.98920102041,1293.38384489796,1394.47571632653,1743.3550122449,2175.72588367347,1003.63351428571,1422.02560102041,1121.28545204082,1274.26817040816,1372.43723877551,908.462659183674,1477.10005,1682.60147346939,1422.17259795918,1518.09774081633,1347.08014591837,924.683759183674,1067.37894795918,1042.93427142857,1420.63651530612,1143.23078367347,1271.96760510204,870.104087755102,1459.58156122449,1002.56134081633,1051.2546622449,1232.09699081633,1252.00654693878,1755.67518265306,1969.70539387755,1384.00069387755,1072.62739387755,1217.83852857143,1631.81964489796,1688.47808163265,1553.90345122449,1534.04152857143,1492.62252857143,1162.61312836735,1419.89461836735,1063.92533061225,1335.46259622449,1521.03294081633,1469.16163673469,1386.6610377551,1229.65246326531,916.910801020408,755.273391836735,1054.14839387755,1466.83366428571,2175.98460408163,1928.4185722449,1487.5315744898,1057.06202979592,1061.80729091837,742.280365306123,1462.54074591837,996.114547959184,1280.27285,1177.41119183673,1733.46467102041,880.146508163265,1264.0086255102,1210.67469693878,1308.40476122449,1105.69657591837,1930.39857857143,1116.82545,1344.68222755102,1140.88304285714,966.992693877551,1279.99381428571,1600.03907346939,1311.24606836735,1196.01904489796,767.472098979592,1368.9230377551,1073.16108571429,884.036403061225,1110.10617857143,1073.4163744898,1021.67059897959,1298.17122244898,1494.53131428571,1021.2325622449,917.428285714286,1317.23903877551,1534.76838571429,1442.4960622449,1235.20831428571,1614.74050816327,1514.74873571429,1400.65443265306,1323.08818265306,797.914737857143,1012.66215204082,731.230577551021,1158.47724183674,1368.47629285714,1125.63400102041,1185.20538673469,1112.57612346939,1515.05099897959,1670.50236326531,990.717773469388,1301.17680306122,801.584373469388,1073.77254795918,870.094474489796,1124.68733877551,828.328229591837,1073.56726632653,1115.0577877551,819.24009,1257.78689632653,1426.25050204082,1492.47455306122,1846.18205765306,1202.57342755102,1274.5201572449,1179.10695612245,778.191814285715,782.684025510204,840.612121428572,1063.20181938776,2168.73566530612,1055.87175938776,1216.87935612245,1194.95793336735,1449.23132346939,1247.67213571429,1736.0666777551,801.966882959184,970.307178571429,899.548436734694,863.66892244898,1146.08004795918,1036.28790612245,1717.90778571429,1144.60858979592,1229.73556938776,783.118809183674,844.983480612245,1257.44738673469,1354.52904795918,860.992206122449,952.895148979592,1423.93389285714,1240.12906734694,1369.82413469388,1017.07910918367,1146.84763265306,1427.1887622449,1588.48285714286,1433.09342244898,1266.03387653061,1546.2625755102,998.200916326531,826.678023469388,864.665962244898,1216.06999693878,1372.76939795918,718.001951020408,1684.52881902041,1403.61116020408,914.401156122449,1233.45350612245,1928.37021632653,1571.66375510204,1311.89751428571,1827.18306836735,1598.65782122449,1418.27863061224,1300.99350193878,993.620963265306,1473.47586397959,1366.74750918367,1341.74277857143,1591.1873122449,1373.61454285714,1429.58619897959,1578.5557,1508.85951938775,1765.98134693878,1405.13738571429,1770.27957857143,1441.44164183674,2066.72761326531,1635.56957959184,1249.54978979592,1207.75099285714,998.558617346939,1016.9721622449,1391.08848673469,1148.73823877551,1352.33324081633,750.318533673469,1586.72212653061,845.800431632653,834.978456122449,1058.47640408163,897.365502040817,1121.26453571429,1437.43797653061,552.311020408163,1270.52954693878,759.35006122449,870.763897959184,660.274268367347,965.585829591837,797.414147959184,995.59502244898,1575.61527346939,1316.06857857143,1556.40882653061,1711.12276428571,1081.37872755102,1368.85202346939,1537.22161530612,1628.51310204082,1106.05780918367,897.500944897959,1457.8033122449,660.48018367347,1295.67295510204,912.253326530612,848.858366326531,1371.48260816327,1268.75171020408,1681.27061122449,1451.16359387755,1189.51675918367,1460.54183642857,1994.71120469388,1251.18120612245,1547.22782346939,1669.69729387755,1257.67161326531,1689.20466428571,1291.59808163265,751.327509183674,1164.14344183674,1414.59147755102,1125.88926938776,1566.51724489796,1767.80275918367,1700.5069122449,950.432584693878,869.424385714286,825.83233367347,1085.97957755102,829.438297959184,1028.7488255102,1126.96780632653,901.388010204082,1162.22584693878,1243.58243346939,1347.48856938776,872.650339795918,1542.48218877551,1338.21227755102,1823.35381928571,1626.9082255102,1449.01182244898,1303.07503469388,1233.87870918367,1030.24813163265,1290.12064693878,1084.76150702041,1211.60460510204,973.120324489796,1011.52181734694,2171.34491857143,1396.79487959184,1249.10622346939,1529.32648061225,1184.83529367347,1132.41554183673,1536.01325408163,1038.53225204082,1427.84475816327,1329.42539489796,1328.31380612245,943.959864285714,860.311037755102,1242.76226122449,922.633469591837,923.934984693878,1641.25686938776,1184.75713877551,1365.76926326531,1389.88815132653,1737.26106183673,1055.39555,1435.52617346939,1028.80963469388,1570.33781122449,1811.78198877551,1302.61148244898,1205.25315408163,1391.8342377551,1315.56101836735,1016.59825612245,1229.43197142857,1531.37444081633,1497.83070816327,1722.62663632653,1505.78974387755,1298.59696836735,1241.1782577551,1354.24533163265,1460.14418265306,1302.64575306122,1518.96225408163,1728.58747244898,1138.41390510204,925.670831632653,1624.26416836735,1070.80631326531,1070.89979897959,1802.92587959184,1042.05568571429,1285.0509122449,1948.94469591837,1725.78292346939,1459.74622142857,2114.68440816327,1683.11572857143,1203.79196530612,896.164977857143,843.660939795918,1232.81264897959,914.453008163266,1066.0594122449,1116.94251632653,980.963716326531,1106.11919285714,1163.48590102041,1196.59263163265,921.352555102041,1839.45772061225,1619.8513744898,1947.85335408163,1639.36039846939,1283.43575714286,781.652674489796,1109.67265102041,1264.04656428571,1556.10622857143,1536.17862142857,1426.60518163265,1769.94464285714,1271.80361326531,1018.40720408163,1486.92231938776,1571.30371836735,1235.30890918367,985.340196938776,1022.23714693878,1301.65147857143,982.742313265306,735.194487755102,1095.7869244898,1163.2352877551,647.397826122449,935.848205102041,1165.83076122449,990.260631632653,945.074993877551,1429.51153979592,1219.70523469388,1580.13279489796,1772.91861734694,1758.91634489796,867.198985714286,700.376719387755,1111.56304734694,638.694758163265,1360.10019081633,1532.19136020408,1606.21193673469,1316.0778877551,1349.27503367347,1415.15263265306,1762.07846326531,1473.09514897959,1091.00532632653,1132.39746428571,1034.0764377551,833.689467346939,766.765022244898,996.863457142857,1579.97305163265,1268.82164581633,1199.66136010204,747.776812244898,1330.46287346939,1475.1412,915.431753061225,855.824274489796,1140.57767244898,1577.59791938776,815.821536734694,1319.40332346939,1259.94962040816,1529.50118163265,1121.96411734694,1697.91019897959,1064.12865102041,1615.13621836735,839.470273469388,1048.15986632653,1224.90081061224,1364.28764489796,1300.45509836735,1321.64104489796,1214.93362653061,1484.0135744898,1456.83254387755,1532.69053571429,742.600795918367,677.183352040817,976.450027551021,1456.57504285714,934.327268367347,1178.83620306122,1268.16980591837,1186.66320102041,1366.32325816327,1248.9719244898,1090.12559704082,1009.06582142857,1215.91473673469,890.056018367347,1336.74172040816,1501.06498979592,1335.61523673469,1005.21881734694,1125.14252653061,2105.58565306123,1489.08724591837,991.668516326531,725.913859183674,959.321569387755,1240.69229693878,1050.87868163265,1267.83170204082,1198.35692755102,1465.02641632653,1207.28910102041,1291.95173061225,1663.69476387755,1634.74561020408,1492.63598673469,1420.1650377551,1590.14687142857,1283.42162244898,1014.36790918367,1222.6962755102,1421.53936632653,1096.62197346939,1683.87146979592,613.854833061225,1265.27090204082,1182.77286632653,1178.81701122449,1590.93326836735,1450.41713469388,1533.58925816327,1510.74002040816,879.930919387755,1485.89235510204,1533.11496632653,1508.55960102041,1440.4540622449,1014.68438163265,1262.6130877551,1702.67357959184,1206.96526326531,1475.06431020408,1344.29481326531,993.331329591837,969.092092857143,1158.48257040816,617.711447959184,1792.97061020408,1293.1917755102,1464.97356632653,1565.27638979592,1686.35536836735,1683.21345306122,1097.58221734694,1376.99759591837,1278.58633367347,1181.71078163265,1169.72782653061,1263.35370204082,1278.39829489796,1494.72615510204,1363.52600714286,918.259179591837,1351.20838979592,507.302709183674,1500.6174377551,1138.65384897959,1302.63793163265,1384.54219693878,1628.27330714286,1451.93304795918,1064.67183061225,1182.67317142857,1407.18904897959,1188.72248061225,1404.45791204082,1827.92346836735,1551.1962244898,1426.83646938775,1669.37006428571,1436.31423163265,1563.95076632653,1662.56771122449,1194.37822755102,1031.78578469388,982.325568367347,1103.23692653061,1534.86344897959,1738.9145744898,1721.65358571429,1355.5310244898,1473.16445510204,1516.56799816327,1376.37035510204,1506.05098469388,1131.84381938776,1498.01165816327,1933.1248122449,1593.51327244898,1516.21371734694,1327.51039591837,1116.46884489796,1685.67566122449,1995.93450306122,1737.18786122449,1787.98814795918,1678.72443979592,1008.37842755102,1421.01910408163,1523.61506836735,1443.18031020408,906.185820408163,1014.94262346939,1040.14549081633,1149.97783367347,1640.50550306122,1427.36450816327,1012.99519795918,1540.10573979592,1769.76214897959,1579.55359285714,881.169075510204,785.789928571429,1189.04975285714,1677.77810714286,1816.65181428571,884.163379591837,1707.4546644898,1006.71635816327,1202.81855714286,1072.06308163265,1341.76292959184,1205.4170755102,1436.45640306122,1469.88223877551,1805.45985204082,1641.74797755102,733.546055102041,1067.06065918367,1140.79475918367,1283.09977653061,917.611728571429,1278.05171632653,878.03885,961.73708367347,1652.13146530612,1216.03433540816,1268.57435714286,1634.30364081633,1621.7268255102,1601.12760612245,1165.35115612245,1219.05241428571,1054.73904489796,815.853114285714,1326.18682469388,1595.7303255102,1346.9326744898,1322.99205612245,1423.21153673469,1216.48696326531,1494.19339285714,1072.87266632653,1116.15049795918,1676.67760122449,1331.98585918367,1601.15543673469,1680.83100204082,1429.95909285714,1251.9194372449,1172.6111744898,1269.64341020408,1834.5977877551,792.638109183674,800.099366326531,1084.65398571429,1416.4775094898,987.638260204082,1085.19185714286,1338.85351326531,1359.3186877551,1403.25873673469,1554.56510306122,1429.93953571429,1036.42517244898,1136.17145102041,1392.4869744898,1837.53701122449,1676.49609081633,1334.14260510204,1167.55506326531,658.960982653061,1102.0986755102,865.651262244898,880.390201020408,962.906381632653,882.117163265306,1488.74486530612,1481.26860102041,1486.25357040816,1092.42779897959,1980.73250612245,1424.62922653061,1459.06197857143,1852.67014591837,1666.66406214286,1497.55421285714,1236.39985510204,1545.63350612245,1246.05237244898,1136.03505408163,1449.62337959184,1177.85453673469,1530.88531938776,1156.41026938776,1443.75977755102,746.731055102041,801.036365306123,1068.88681428571,1542.17668163265,1419.59757755102,1635.85967755102,1573.99803265306,1003.35297653061,1689.53674183674,1089.11853061225,1869.2916622449,1372.94714959184,1158.11759438776,1338.18991428571,1248.39060408163,1215.68374387755,1010.56921020408,1293.80329183673,1298.52343265306,1573.16343061225,1432.66021632653,1690.84045,1580.90802040816,1386.33752326531,1772.03145102041,1393.97327346939,1288.20010306122,1304.10529897959,1148.70292857143,1228.76960408163,1737.18995714286,660.226431632653,1268.46414285714,2321.15752653061,1851.76666428571,1329.55546530612,1398.99968061224,1436.65140959184,711.718046938776,943.501127551021,1148.86659489796,746.991354081633,755.012197755102,1199.54097346939,795.487498979592,1722.87430510204,1428.01362959184,1368.34266632653,1288.67850408163,1265.12682244898,1167.68077142857,1393.37813367347,1068.42821418367,1243.78331734694,1515.46271326531,1754.66691530612,1454.31882653061,1360.16468877551,947.633843877551,1137.49517959184,1230.36750642857,1246.96456020408,1644.3724,1241.6945872449,1252.54116938776,1818.04734387755,1087.39139591837,1974.04500204082,845.283192857143,1111.05233979592,1604.71393061225,1348.97154387755,1403.90030510204,1042.98952142857,1118.65163673469,948.424012244898,1105.32877755102,1084.51907857143,1390.43833061224,1262.62094285714,1662.19106918367,1582.69831612245,1580.99620612245,1099.15020612245,1463.46475408163,1052.0613377551,1202.56198061225,1071.12894897959,1213.73040510204,1694.78183469388,1801.33399387755,1415.48521428571,1539.60349285714,1440.66438163265,1200.19828877551,1430.83522040816,1074.37673040816,1042.47731836735,1105.77980102041,1023.09094183673,1171.20047040816,981.007728571429,1299.67474928571,1694.17656428571,1018.49771938776,893.581475510204,1050.31858571429,1937.66333469388,864.59663877551,1443.34259285714,1766.21664693878,2055.79077653061,1101.25532795918,902.958574489796,1490.32321530612,1245.91418469388,796.296367346939,1014.8663622449,1656.2353877551,1097.83721734694,1208.47059693878,1113.32102142857,1273.80714081633,1420.51595306122,1301.49970714286,813.036763265306,858.442432653061,1118.76271122449,753.261070408164,1799.14836938776,1062.58599285714,1623.19557755102,1171.44116020408,1453.30833265306,810.243036938776,1388.5894377551,1441.65358265306,998.736194897959,823.034493877551,1238.81162346939,1006.77369183673,1295.23591734694,966.047909183674,989.964365306123,1565.40556938776,1447.61516836735,1382.44309897959,728.53890877551,912.461470204082,1672.27027653061,1186.60978469388,1418.48493469388,1380.88348693878,1322.3735394898,1166.10129183673,1097.57031428571,1392.06376122449,1423.97919489796,1355.99892142857,1308.55784183673,1736.33827346939,1548.09789489796,1494.53749387755,926.856890816327,1105.68093571429,1530.66610918367,1455.2245122449,1605.17042040816,1483.30543061225,1330.05530408163,989.317913265306,680.276404081633,1269.81840204082,1052.78871418367,1761.81560102041,1570.73391326531,1252.78017040816,1254.47117755102,1106.09579489796,1492.8978244898,1041.48778163265,1175.33866938776,1402.31559693878,1179.53244285714,1798.67671816327,1565.96351530612,1507.10669489796,970.363542857143,1095.94100408163,1177.91819489796,1130.39892346939,1785.53842142857,1476.0804244898,1773.31158673469,1544.21280408163,1301.20978367347,1540.30449285714,1279.55675153061,1006.2988744898,1371.95385,1614.39597346939,1394.83935612245,1072.74525316327,1696.47240561225,1452.04549193878,1644.42557653061,1858.8543244898,1531.03983469388,900.478830612245,1595.0034622449,1365.04287653061,1195.98539489796,1215.99285,787.568440816327,971.923109183674,1173.70250918367,1238.22928673469,1725.06766734694,1586.48925612245,1168.29554489796,1040.32483367347,1317.11025510204,1328.36917653061,1270.06446020408,1702.12767755102,1056.44051020408,732.735940816327,1071.63266122449,1570.36747653061,1152.14205306122,1649.40170204082,1383.32742142857,1527.45491020408,925.369963265306,1214.71006530612,1125.68441020408,1198.62174285714,1331.60090612245,1657.30302071429,1646.13675714286,1358.97746428571,1412.18285918367,951.207679591837,1791.83113979592,1529.60658979592,1619.60341428571,1419.1808755102,1182.96219081633,1248.30862244898,1901.74844897959,1485.40674489796,951.459473469388,1257.3853755102,892.476467653061,581.263803061225,588.472721632653,515.94759877551,546.234274489796,545.64672244898,1612.64945918367,1543.49048061224,1570.73048571429,1659.79451428571,1493.47229693878,1152.72240816327,1586.5555244898,1728.95700612245,1331.37815,877.289016326531,678.188242857143,1106.48274795918,1252.40133673469,1223.50430102041,1178.42433979592,2395.19960816327,1064.94277142857,1390.32163673469,1706.10868367347,1035.05651530612,1046.94680612245,1289.93879795918,1641.65794081633,1185.17249795918,1659.78363265306,1776.4779005102,1503.02654285714,1076.05979693878,947.565400306122,976.6134,1087.3757755102,1103.68467244898,742.052726530612,1797.57038877551,702.12228877551,1458.53517244898,1038.7235755102,1362.5395377551,1187.56858469388,837.384343877551,1481.1493255102,1318.40228469388,1250.57855306122,1577.61834489796,1312.35298979592,985.535748979592,1368.38947857143,1311.58828571429,1071.06880918367,1688.82603867347,1159.96720408163,1209.01586326531,1093.14091428571,1302.17220408163,778.914736734694,1071.80870612245,1722.34986326531,1597.37388877551,1433.84436020408,1913.83642653061,1723.37092040816,1141.90274061224,1805.61917142857,2183.18462857143,1176.47590816327,1185.58551632653,1026.80161938776,1733.56580510204,1224.09324387755,1123.37699795918,1288.43309489796,1456.33467653061,672.607470408163,1093.4699,1163.85096530612,1073.07883673469,1419.19339795918,1566.91202244898,1541.79367142857,1422.29948163265,2217.98764285714,1232.55042346939,1161.70994489796,1705.70109693878,1761.13702959184,1403.09151632653,1752.68542142857,1423.50369897959,1457.44597857143,1354.9127255102,1275.19191938776,1187.56311020408,1111.15987040816,830.43520744898,1153.67574591837,789.401341428571,578.014509183674,1201.59089183673,1584.93824183673,1222.71379795918,1876.93039693878,1727.05234897959,1398.52356326531,1313.94041836735,1163.86756020408,1988.35242755102,1461.89213265306,1228.97066938776,1164.75380306122,1120.21732306122,1677.44348418367,905.482446938776,1113.92611836735,1485.03855510204,1346.12548877551,1478.55161938776,1167.84729897959,1179.31853163265,1734.97961020408,1113.42357959184,1187.32779285714,819.882058163265,1208.8683622449,1454.39692959184,1067.98188265306,1129.6304877551,1348.11230102041,1071.43109081633,1064.68796122449,1557.34431326531,1559.8163862449,830.768987755102,1488.38949704082,1686.65612540816,1230.60365204082,1330.34851632653,1439.63695612245,1442.06398673469,1375.01394693878,1344.22217959184,2223.21810816327,1368.24456734694,1526.49087346939,1408.10290714286,1220.52482306122,1117.97807244898,824.318528571429,1055.16938591837,1138.86145306122,834.902171428571,1086.57074183673,1640.80178163265,1377.65301020408,1369.49153469388,1460.54549489796,1206.41073265306,631.41375122449,1158.65696020408,799.255571428572,1131.91233163265,772.372936734694,864.307528571429,1269.03344795918,885.710591836735,612.879016326531,686.724278571429,1225.99969591837,738.034430612245,1403.97879693878,1314.37120204082,1517.83833469388,1544.19672040816,1159.89449693878,1664.08936428571,1577.96908979592,1179.26773367347,424.010473469388,591.892784693878,1536.57816734694,1471.47035612245,1852.31141836735,1681.57421632653,1322.04697857143,1299.44602142857,1231.02254591837,1660.65345204082,1704.43523367347,1505.46557142857,940.433695918368,1571.41489081633,885.631941836735,1322.13615102041,1456.71288571429,1740.48213571429,981.238432653061,909.534731632653,854.863620408163,1024.6293877551,683.32482244898,1394.19001020408,1354.6912122449,1238.13201326531,1605.45026469388,1478.14731632653,1138.39371938776,1469.98283979592,634.313558979592,1066.67943979592,1094.26821326531,1284.67338265306,1478.7188877551,989.486420408163,1362.93464183673,1088.76288163265,1103.13821020408,1058.77223163265,746.439682653061,1511.69562959184,1483.77470510204,1469.13706734694,1968.74803673469,1049.45856530612,1598.41648265306,1167.74156326531,1491.01200306122,1333.90011918367,1525.99230408163,1181.28997653061,1721.48264081633,1649.84443061225,1291.69470510204,1227.58046122449,1044.2110244898,1016.90153979592,1071.24982244898,1188.23668806122,2283.63452653061,1316.6796,1047.52834285714,1423.10788673469,1160.05251816327,1351.61452795918,1406.41369591837,1685.3064122449,1664.43735510204,1515.96344489796,814.487613265306,1228.34289489796,1332.44073673469,1132.17997959184,1247.59442755102,1627.46359836735,869.133718367347,1164.38310306122,1279.41832040816,1285.99931530612,1609.0737877551,1428.65706530612,1563.71774897959,1028.05886938776,1321.53808163265,1459.01085612245,1162.14245,1247.77977244898,1742.75525469388,1691.65081836735,1323.88049285714,1573.00496836735,1519.3460255102,1817.37336846939,1099.18463265306,1458.22515306122,1385.47980918367,1418.41111326531,874.17262244898,1684.7970122449,1697.66360816327,1477.20540204082,1384.08340295918,970.178946938776,1341.33652857143,1172.12811632653,1366.36999591837,1210.63253265306,1303.38541938776,1702.63218265306,1340.09219897959,1241.6084877551,719.958896122449,867.557371428572,427.355115306123,758.781065306122,431.468639591837,1357.04368204082,1569.13424387755,1546.57676326531,1118.72789795918,1800.54899285714,1717.29706122449,1379.36215714286,1156.06086734694,1351.30672142857,1230.77102040816,1329.17592959184,1338.82688979592,1735.43535581633,1557.78519489796,1168.82568265306,1305.03985306122,1666.63094183674,1705.52913265306,1628.57246020408,1947.09266122449,1182.77393469388,1149.85898061225,1365.68545612245,1590.45096326531,1579.61553979592,1541.34787959184,1456.63936326531,1345.73820306122,1254.60281632653,980.83952755102,885.388260204082,1362.7063072449,1644.90541632653,1555.56285661225,1533.53938979592,703.849559897959,1388.30018367347,1267.60115,1466.97065612245,1451.49775714286,1555.20243469388,1355.26198163265,1209.65583469388,1344.89567653061,975.646130612245,894.140305102041,1477.91045612245,1138.94139795918,584.241635714286,1178.72386428571,1046.17709795918,914.326441836735,1315.85105510204,1940.55503571429,993.936657346939,1519.2131,1719.2134255102,986.197386122449,1352.92343061225,1087.80930204082,1359.80387897959,1298.8826,1024.89896326531,935.682887755102,1613.25021938776,1516.15587653061,1393.78717142857,784.004616326531,718.786374489796,1146.54274591837,1060.48407959184,1398.07509489796,1532.96996530612,1970.04288979592,1820.70642346939,1369.13469897959,1306.73826020408,918.175570408163,1681.58091938776,1477.66969387755,467.536240816327,1222.52890714286,915.139854081633,1204.98114387755,1453.94523469388,1387.04095510204,1525.75969897959,1505.16621734694,1335.49481428571,1178.96711938776,1563.09872857143,1315.11473571429,1070.10182142857,1057.98439795918,1441.13330510204,1608.3590755102,1235.19882346939,1354.18855510204,1726.65072244898,1853.35968571429,1201.82966112245,1234.14231122449,1122.10396734694,1268.91165408163,1364.60454285714,1496.52520306122,1297.65229081633,1008.07854183673,861.846557142858,1368.74638163265,1261.38607040816,1454.27940714286,1329.10812346939,1470.97285612245,1571.59761326531,1644.86844591837,900.050540816327,1116.5081622449,1669.39266428572,1435.24317653061,839.23065,1027.0824122449,1074.47328265306,1053.26578367347,1071.28660204082,1180.37444081633,1436.68598367347,857.781881632653,1612.19734183673,1093.46411632653,1341.42104081633,1576.41335714286,1339.33776795918,1355.99184183674,1430.13427653061,1629.14397755102,1713.55462755102,1211.56047857143,1708.81425918367,1754.88975612245,1264.08349693878,1098.18007653061,797.713632653061,1288.59767244898,1081.03284897959,702.544018367347,940.128062244898,1441.34344285714,1027.84104285714,1137.74575612245,1395.83136938776,1205.37614489796,1023.42279183674,1165.08331734694,1526.53707040816,1305.05707346939,1394.58061632653,1719.65183979592,990.453609183674,1171.49034183674,1428.55179081633,1333.82554183673,1123.04955204082,1623.88728204082,1509.26379795918,1862.81275,1130.95849591837,1292.22411734694,1744.3731622449,1059.81723979592,1925.79976530612,1549.71801979592,1373.76768469388,1538.83576632653,1705.15218061225,1809.8504377551,1442.76987142857,2016.9699122449,1043.73750306122,1451.37890816327,1293.71750510204,1487.05734285714,1443.62347142857,1026.58148061225,1356.85795306122,1689.62046428571,1128.95859897959,1127.20585612245,1256.49282040816,1498.35357959184,1079.62777857143,1007.63299693878,1180.47984591837,916.359013265306,1417.00225326531,911.326490816327,933.562395918367,1497.54241020408,867.04026122449,773.514108163265,1036.92222653061,1195.00726122449,1567.57105112245,1652.34983571429,1732.34253571429,1525.4401255102,1065.13213469388,847.977336734694,1644.61181938776,1517.02215510204,1228.47153367347,2089.81389489796,1168.24466061633,1423.50470204082,1323.85480244898,1222.45500102041,988.512792857143,827.263195918367,889.576051020408,1542.83623571429,1248.47775510204,1384.80814795918,1357.74188265306,1637.96591428571,1470.24741326531,1178.40249795918,1566.87205408163,1216.9103877551,1434.13304693878,1634.20391632653,1283.08596428571,1633.19622653061,1285.55902244898,1899.2676377551,1678.77147346939,1383.72485102041,1463.08709591837,2086.42514081633,1639.06365306123,1487.331555,1463.00555714286,1688.72714183673,1062.69071734694,1478.32806938776,1779.50438979592,1426.77023163265,1790.5274122449,1413.77059693878,1118.10271020408,1391.54353469388,1531.25293877551,1656.8127744898,1704.25333163265,1000.74755,1092.33795714286,1226.36386122449,1277.77135,1094.0627744898,1367.0153244898,726.990206122449,616.422534285714,590.654554081633,853.194797959184,1384.86521734694,1140.29236938776,1064.07452020408,890.406460204082,938.257662857143,983.957078571429,660.389319183673,598.768845102041,2002.24412642857,2175.39967806122,1552.00565204082,1611.55944285714,1289.10414897959,1114.20996938776,690.270596938776,1287.40362244898,1260.8826122449,1210.90798061225,1288.95601734694,1323.97052959184,1617.32429183674,1438.27663571429,1664.93291428571,1415.60799183673,984.155330612245,1210.29995,1417.86185102041,1124.85985510204,1333.04223469388,1308.73651938776,936.579860204082,1237.18215,1320.60080714286,655.298318367347,1232.63040204082,900.286144489796,1310.16634591837,1262.64248877551,1899.93102653061,1372.57006836735,1644.7560122449,1031.03006836735,1060.82748163265,1014.1648544898,1386.35088469388,903.008329591837,1156.67367244898,1038.41427244898,658.980864285714,1411.52878163265,1537.59756877551,1218.2885122449,1148.37085510204,1265.25231632653,1138.45380306122,1007.29050204082,1381.09269387755,1358.22861428571,1303.48485918367,1560.36386428571,700.673339795918,1126.1832255102,975.926704489796,1983.63141163265,1824.00166632653,1220.76053163265,1881.08650408163,1639.54907755102,1492.59173673469,1603.04640204082,1583.13573061224,1242.4741877551,959.840410204082,1050.01526530612,1296.57312244898,1454.0053877551,1861.74429489796,1777.22464285714,1556.4051244898,1611.11570102041,1693.45959336735,1361.44064387755,1077.45595204082,1179.93265408163,1299.12856122449,1017.48080510204,1146.49932163265,1615.82543438776,1638.23517346939,1692.39722755102,1376.86813163265,1743.96553877551,1301.65349693878,1482.94894897959,1537.97569489796,1125.57406734694,955.098495918367,1383.18130306122,1139.46065714286,1353.83700714286,1559.5116744898,1699.75821632653,1722.61331632653,1247.65585102041,1649.0157,1504.41905612245,1593.35864693878,1742.82844897959,1258.45681836735,856.809277551021,1041.13347755102,1595.84538979592,1435.83485204082,1793.02210102041,1440.33364795918,1760.00377244898,1228.31976428571,1179.49639591837,939.211521122449,1527.44336836735,1677.9784755102,1278.43359897959,1255.39796428571,1096.27514795918,749.50397755102,1409.53807469388,1046.01681326531,1466.4075255102,1563.44081122449,1246.57786836735,1165.58471734694,1520.05196020408,1119.56369081633,1735.84794387755,1696.79461938776,1012.34197142857,901.219361428571,723.978301428572,1424.59031734694,1164.73218877551,1408.27055918367,1152.25362653061,1345.1175755102,1216.11238469388,972.724524489796,1667.45089387755,1726.94684183673,1340.22098469388,1278.76257959184,1363.82746428571,1766.87295612245,604.073564285714,1471.15156530612,1448.29713061225,1663.98006836735,1852.91589285714,1427.74837346939,1500.97593877551,1381.09667244898,1232.034,1189.77062142857,1178.30044081633,1493.19212653061,1373.50977306122,1003.79478510204,1237.53325,1390.24268367347,1663.03004489796,704.01872244898,1100.23333061224,1733.73453979592,1746.0558744898,1483.35800979592,1295.43427755102,1133.36137142857,1010.78619132653,1379.41440673469,781.136454081633,986.723274489796,1208.3921,1239.27811122449,1175.21062244898,1125.58622346939,1235.09217591837,1601.19700244898,1644.94432142857,1078.8839944898,1402.94328163265,1408.59366122449,1372.43994795918,1477.64357959184,1357.69846938776,1007.44275714286,1403.97096428571,1533.72439591837,1151.06384081633,1374.38952040816,1720.24652673469,1524.79425102041,1391.23124183673,1319.78325918367,1097.83016938776,1125.67582040816,1328.2983,1303.30423673469,1154.07550408163,1091.61707959184,1858.82101071429,1539.83837244898,1177.02622142857,1447.40589183673,1009.6257244898,1341.98175204082,1534.28910408163,2059.68932142857,1018.0810255102,1087.26262959184,777.152486734694,1400.38443367347,1496.8891255102,1522.31098367347,856.629417346939,1168.14878061224,1159.54451632653,1111.04661938776,1232.76988367347,1520.85018571429,1464.48337959184,1031.57600714286,1141.04711877551,1168.08166530612,1204.20223979592,2139.39662142857,1441.1512255102,1193.5443,1212.9124122449,1144.46016632653,1314.49818163265,1277.98205918367,1117.91099591837,1266.33001836735,1230.6128744898,546.735091836735,1351.98868571429,1164.60839897959,879.111836734694,1067.57411530612,1174.23911326531,1606.6252244898,1041.13510102041,1481.61605510204,1693.14275204082,1576.13873061225,1376.63486938776,1355.75925306122,1625.00657142857,1434.78684591837,805.794678571429,1184.32713979592,1149.65745306122,1053.47924387755,1645.97238877551,1578.95419122449,1710.00845,1198.76598959184,1192.73420816327,1479.29880918367,1335.99820918367,1383.75488571429,1414.49957857143,1549.45430306122,1161.43163571429,1819.07146530612,1470.61852857143,1462.2510377551,1558.49416530612,1260.57518877551,1447.39840102041,1280.31236938776,1462.77339693878,994.396659183674,1276.90588265306,1680.91096836735,1405.18130918367,1103.32930816327,1078.55601734694,1074.07885306122,1377.81797755102,1768.44726938776,1598.07689081633,1954.14257612245,1554.28303673469,1449.82206326531,1199.46405102041,1433.93052959184,1538.4172522449,1210.37095510204,1684.97562142857,1598.8202744898,1144.27367040816,1847.10264285714,1932.2659744898,1371.78235306122,1638.5279755102,988.508847959184,1498.3496744898,1353.15221102041,1211.8824244898,1462.22555204082,1055.47324183673,1010.74741530612,1610.71806428571,744.976180612245,1190.25592755102,1334.78313673469,1629.44104285714,1258.29311632653,1169.54276428571,683.11879122449,1423.53703979592,665.329831632653,1215.46583571429,1511.12056020408,1216.07437346939,1289.50894795918,1201.69065714286,1425.19186122449,1335.06478571429,1190.77353061224,1300.00194795918,796.752460204082,955.158065102041,1003.86594153061,763.512929795919,736.474886020408,1159.01654591837,1488.35729897959,1186.19929591837,1686.48571326531,1274.31086938776,1324.89241122449,1103.44731204082,1554.35228367347,1713.61625846939,1211.38631326531,726.647043877551,1424.15197938776,1198.47761428571,1066.40900816327,1844.85718469388,1800.07191836735,1154.70685,1119.62712653061,925.314596938776,1520.16164285714,1069.14285204082,1367.71345102041,1561.91025816327,1210.46910204082,1051.50863979592,1096.26718877551,1073.40619183673,1384.18297244898,1504.92460714286,1463.23083265306,1751.7444622449,1544.46195612245,1094.32012357143,1153.28586020408,1195.37253673469,1189.7764255102,1208.09671632653,1171.98405102041,900.845989795919,1436.50680306122,1340.97849591837,1117.24080714286,1494.58504489796,1254.06326734694,1122.55953734694,1864.85960204082,1642.21106632653,1121.75055102041,1646.14629897959,1606.63544489796,1670.04699489796,930.569599591837,934.909013265306,983.477851020408,1205.89438469388,1531.70838061225,1203.41134387755,1714.88072244898,1874.61159285714,1427.06455612245,1191.32843061225,1099.46820102041,821.047482653061,667.993774489796,1359.41906836735,1371.48262346939,661.3524,1368.09063877551,1280.16561428571,1105.71280612245,938.14138367347,914.764552040816,1082.52158265306,1252.10920612245,697.324045918367,1037.8432122449,1210.25520204082,1423.79428061224,1323.6571122449,1722.03928979592,1867.26400918367,1168.24996938776,1036.71276938776,1261.82105510204,1114.49207142857,718.672131632653,852.287534897959,438.483860204082,665.095660204082,1013.05215714286,1419.06375102041,1571.90355816327,1554.15427142857,755.171975510204,1528.26718673469,761.489468367347,1609.96225102041,1321.69112244898,1145.01148244898,1126.95073244898,1432.69207040816,674.485596938776,1337.61414897959,619.927767346939,1713.7750122449,1336.01032612245,979.960363265306,1295.52869591837,916.074637755102,1279.01884489796,1729.32910408163,1440.10806836735,1501.35325918367,1530.34074183673,2184.51454591837,1538.02756632653,1999.76028979592,1776.37273265306,1589.38628295918,1127.9204,1376.18269591837,1241.20007704082,1720.26272142857,1364.65021938776,1737.38932142857,1111.06260918367,1052.23613265306,1649.68195,1516.04451836735,1260.40917959184,1343.39948061225,1052.43377959184,1095.7068622449,2035.49200204082,1709.13461428571,1193.3211377551,1753.2318744898,1845.53984591837,1613.62286326531,1646.67499489796,981.617619387755,1384.30503673469,1379.30857755102,1643.64139295918,1157.54440714286,1115.63342755102,1324.45515510204,1223.47896428571,1155.12143265306,681.920486734694,605.486620612245,842.523652040816,1395.78949489796,1775.71606326531,1105.32401428571,1393.28376530612,849.47088877551,1269.44545,1471.42918061225,1405.82760510204,1084.73092959184,1183.93686122449,1589.49274183673,1533.53915918367,1614.09535306122,1493.9863744898,1380.57323265306,1689.03906836735,1211.5570744898,1384.6370244898,917.617013265306,1426.44925408163,778.021963265306,1410.05338979592,1331.30623061224,893.65378877551,502.975208163265,1203.32993928571,1678.87670918367,983.537468367347,1397.42482653061,1487.82179489796,1164.72158673469,1376.27597142857,1533.94184081633,1347.57620510204,1211.26158857143,1330.88311530612,1402.38724489796,1692.79287040816,1392.61466020408,1768.62103469388,1711.75765918367,1215.29753979592,1396.82330306122,1054.12871326531,1476.60594285714,1376.87273061225,1193.37709183673,887.862404081633,661.553820408164,1413.78187244898,1353.77912346939,718.053031632653,1259.4328877551,1125.91426020408,1422.53452244898,1590.67403877551,1281.7780144898,619.352851020408,1179.62862040816,787.601083673469,1044.10303673469,1478.03720918367,790.500194897959,1374.24388367347,1041.1520377551,964.076014285714,1447.81340102041,1481.29936428571,1734.19476530612,1674.81827959184,1040.22826969388,881.921269387755,1182.06386612245,1325.98086714286,1123.76306938776,1740.48068979592,1924.45415612245,1816.62175714286,1747.12923367347,1766.7002755102,1297.39131428571,1109.07883979592,1620.12851632653,893.000184693877,1031.08044081633,902.589040816327,1709.5828255102,1699.91746632653,1342.70406938776,1092.29660612245,1133.03608979592,1238.11723326531,1342.18266061224,2045.08284897959,1715.00365408163,1463.62859285714,1165.89818877551,1490.63768571429,959.661980612245,942.482164285714,1245.10170408163,1068.35784795918,743.471482653061,1175.23780306122,1912.48616632653,994.883898979592,1462.12474489796,1468.03625204082,1613.2322877551,1188.9912255102,1518.69892959184,1677.99439897959,1379.9631622449,1423.17188663265,1212.84993061224,1914.54919387755,1835.23557040816,1299.86826530612,1241.17451938776,1081.99808469388,1213.85787142857,1654.27168367347,1637.5794744898,1423.73327959184,1310.10658061225,1531.06129183674,1592.42408163265,1488.35383061225,1138.23708979592,1281.33985408163,855.144840816327,1522.6063755102,1710.73660612245,1169.68153571429,1522.68779795918,1394.52909387755,1008.19971530612,1212.68377346939,1244.54059285714,1016.58411734694,856.383665306123,1328.04715408163,1589.29793061224,784.834356122449,1244.39678877551,1331.61248061225,775.56647244898,1183.34578183673,772.958763265306,1265.10083673469,906.524742857143,980.267684693878,1298.99556734694,1493.30845408163,1495.63434897959,2006.82762040816,1204.14322346939,1008.2604377551,1795.0645622449,1278.11042244898,1126.5153122449,1530.45156122449,1485.81522040816,1036.56593877551,1387.02931326531,1435.11402346939,1102.82287857143,1409.59081938776,1403.32513469388,1083.38631428571,1368.29104285714,1523.56375102041,1352.27889693878,1270.55883061225,1854.84128673469,1726.69735102041,1777.36813061225,1955.68555306122,1701.95347142857,1300.79409387755,1321.01491020408,1039.58113367347,1292.21174897959,883.428012244898,994.954284489796,683.538082653061,1251.02491836735,1669.64135612245,1311.71028061224,2016.62993061225,1676.80155102041,1812.0685755102,1448.17589081633,1293.7281355102,1988.95253157143,1227.71184387755,1267.95219081633,1271.25503265306,1503.81203571429,1115.99218897959,1672.97662142857,1104.98752857143,1247.69319795918,1296.24195510204,1914.64913571429,1507.40346632653,895.057937755102,1406.86999183673,1287.81804183674,1614.88268877551,1537.17411734694,1002.09248673469,914.431194897959,886.453271428572,1643.74746122449,1086.18892040816,1348.64777755102,1728.72324795918,1373.74810428571,768.686513673469,1130.46762653061,1326.81817857143,1602.78508979592,1582.83117244898,1818.13540102041,1180.96075714286,1516.10779081633,1141.04005204082,959.77131122449,1301.15211836735,2061.96909795918,1351.33768061225,1333.82695408163,1382.50012418367,1453.03311428571,860.380253061225,1229.43141122449,1306.04953265306,1634.7549744898,1414.87567346939,1417.62154387755,1762.94394387755,944.725694897959,967.929804081633,1373.08592755102,1444.46792653061,1085.51298979592,1396.3794477551,1548.42534273469,621.95726122449,927.963767040816,1759.83859489796,1325.51898163265,1391.47510612245,780.746507142857,1023.76858979592,1466.87719489796,1178.62158877551,1402.22990102041,1456.86876938776,1449.97789693878,1421.05229795918,1462.27273979592,836.688302040816,1412.09220510204,1255.92594693878,1293.34905510204,666.155291020408,821.264325510204,901.716191836735,1181.71114591837,1400.64804897959,975.761376530613,764.793285714286,1096.91711836735,1592.20398877551,910.090766326531,658.469596938776,1124.97721836735,1431.91971530612,1481.65919285714,1772.64888571429,1193.20166836735,992.734989591837,1139.4317,1093.00309489796,1799.68852346939,1246.28188979592,1105.09809693878,756.420903061225,1098.51450816327,1347.22719795918,1552.82719183673,1308.03391632653,1227.19407959184,1455.08193265306,898.188228571429,1083.88397346939,1639.90673061225,844.666991836735,688.443093877551,1486.80357346939,992.559116326531,1253.35039183674,1065.15122346939,770.521047959184,1384.43469183674,1051.8574377551,947.470217346939,1840.71755,1877.09894693878,1341.03899387755,1129.03550959184,1306.30089285714,1267.13621734694,873.106168061225,1576.32429183674,1861.59718877551,897.326003061224,792.234943877551,1045.92896632653,733.814296938776,471.872776530612,724.376584693877,806.141966326531,681.023776530612,768.865039795919,830.982001020408,1301.15715714286,1213.21958877551,1810.09898469388,764.545830612245,911.350363265306,1349.09693061224,1667.33019693878,1850.66267653061,1155.61629204082,928.589605102041,946.974141836735,1310.14403265306,1139.42187653061,740.877942857143,966.599014285714,977.962240816327,1246.95660408163,1487.24725306122,1420.76912755102,1701.01601530612,1479.20681734694,1349.79875204082,2023.86986836735,1431.80296632653,1519.54359795918,1132.9412755102,1540.60168367347,1547.99047959184,930.440134693878,1436.11243979592,562.328350204082,1352.12310714286,1527.15780816327,1661.16062755102,1625.8670877551,1377.61421632653,1635.66191938776,1705.45570408163,1565.67834285714,1755.76095816327,1395.05350102041,1009.35553061225,888.49286122449,1283.97611836735,1301.21703061225,1139.20794795918,924.266559183674,1352.31536020408,1486.77649489796,1200.96904081633,1210.90080102041,1070.91938367347,1380.67653979592,1545.0227244898,1510.45311020408,1513.75874591837,1171.42162244898,1179.58797755102,881.747291020408,940.952660204082,1540.83889489796,1493.7490122449,1552.16631326531,1440.65834489796,1396.70163163265,1860.7615,1277.62145918367,1020.89188673469,885.181269387755,1095.4375622449,1286.55365816327,1427.48637897959,1037.59543571429,1194.99610020408,1284.20053963265,1095.51173571429,1057.60131836735,660.26656122449,1229.93332346939,1355.31368877551,1392.89761836735,1256.13987040816,852.349607142857,1041.79071326531,550.243074489796,993.461396938776,1424.62180918367,1533.14825714286,1338.08181795918,1350.43367142857,1185.09338979592,1195.69464285714,1222.15241428571,1397.88653265306,811.958671428572,1011.84963163265,1554.80879183674,1625.4184255102,1301.7343744898,1519.34966938776,1246.02592244898,996.312401020408,1709.02549183674,1497.65037244898,1283.8682377551,1547.86152857143,1177.17475408163,1329.45155612245,1257.2964377551,1524.31292755102,1066.27556632653,1313.27060714286,1542.69524897959,2278.77928163265,1198.6486922449,1249.35221367347,1463.92310612245,1170.41965,1052.31640510204,872.775386734694,1314.19017857143,1190.03351428571,1048.9682622449,1240.97805,1344.65036734694,1495.36765102041,1075.35310408163,923.791260204082,1396.6963122449,1328.34454591837,1424.25713979592,988.593958163265,976.398192857143,1107.61000530612,1445.44472346939,1319.75767244898,1021.48476326531,1346.0141877551,1005.85384693878,1100.0570677551,1393.78188163265,1293.56417346939,869.644447959184,647.266418367347,1219.03011938776,977.281370408163,1326.48810102041,698.817857142857,597.297394285714,1360.81605816327,1757.15037959184,1303.42880714286,1660.52534591837,939.723126530612,1391.60784938776,1238.53096938776,721.81376122449,730.001931632653,628.144274489796,703.127785714286,990.812224489796,1183.18535612245,1424.47815204082,1447.30694183673,850.363771428571,1061.25446938776,1598.8734,1498.72455163265,1408.98209591837,1493.81518979592,1031.86930306122,1056.52220918367,846.533099591837,979.937631632653,767.326404081633,1210.93664591837,1228.32839285714,553.868255102041,1429.79240714286,1684.71887959184,1119.00446530612,1208.85369489796,1143.17765714286,746.591231632653,1779.9493844898,1268.76448673469,1317.75164489796,1901.51783061225,1876.68139591837,1257.14397959184,1563.93526530612,1091.48741091837,994.021657142857,886.210324489796,1537.55739591837,1176.92445979592,1144.13429285714,1715.88289795918,1760.86659693878,1075.98464397959,1062.68563469388,1329.31216734694,1133.48527346939,1541.07543673469,906.525620408163,1289.45634897959,1231.1982755102,1532.09278877551,1093.10403061224,1515.42421632653,1024.67250714286,1100.87906938776,685.672156122449,1055.02020510204,1775.27978571429,1396.68116836735,1306.97163265306,1024.36537755102,1405.31902040816,989.842132653061,631.709970408163,944.884103061225,788.791160204082,1154.8933122449,1420.2174877551,1607.4509755102,1044.45280204082,1239.46413632653,939.593560204082,1598.51507653061,1686.35186326531,1269.70397653061,1276.8100877551,1010.58093367347,1334.7397244898,1356.33376734694,1225.62312346939,1447.54628265306,1478.11378877551,1016.26228336735,1054.79993163265,1125.94301632653,1186.17051938776,1208.82953469388,1217.34241020408,1575.15982755102,918.691027551021,1930.63139387755,1552.52957653061,2015.33782244898,1456.67702061224,1638.59513285714,1338.55092142857,1453.35986428571,1593.55371836735,1392.46511020408,1084.76849183673,989.921049387755,1479.69999183674,862.029306122449,540.870664285714,750.248220816327,787.371354081633,1164.53737755102,1481.80756836735,1087.54199183673,1302.6957755102,1567.9681877551,1470.74955510204,953.876147959184,1044.7186755102,1080.46095306122,1078.45557755102,1764.18956836735,1462.82474112245,1364.22305510204,1996.5988377551,971.840539795919,1639.02111326531,946.583059183673,591.257909183674,952.521878877551,1306.72260408163,1235.39537959184,1161.00726326531,1593.36694795918,1388.73688571429,771.618768367347,701.499751020408,842.080373469388,1235.82923469388,874.611664285715,1641.92058061225,1545.24683367347,1442.20226734694,1333.00159795918,705.112794897959,1482.01276734694,1407.38274081633,1864.70613571429,1870.32372244898,1806.87496326531,1324.45159795918,1523.28230816327,1601.33510918367,949.646121632653,1266.11424897959,1947.82791836735,1292.84706632653,1190.88403877551,900.714092857143,999.920267346939,1036.84113367347,1337.8056622449,1540.13685510204,1308.45961020408,1138.4619377551,1079.88436836735,1349.42552040816,1650.24929387755,1435.24865306122,782.487457142857,1697.10801734694,1342.56625612245,978.874290816327,1099.72827857143,917.870320408164,1375.64706530612,2329.90792959184,1390.1928122449,1262.05062653061,1079.95563173469,1112.74549285714,1173.59253438776,1493.09040408163,1010.66621632653,1076.28775510204,1438.59742346939,1130.16065102041,1200.09122244898,1444.35563367347,1312.26156428571,1666.43663367347,1263.0442,936.755668367347,1017.99679897959,853.803865306123,1066.52374530612,1117.99575714286,1193.40679489796,1798.40892857143,1366.90024285714,1475.64409183673,1079.36109591837,1233.03305959184,1075.70288571429,811.732942857143,543.883558163265,1023.97050816327,969.590708163265,793.510530612245,1843.70891632653,1157.87385714286,1246.77095204082,986.349818367347,1199.06677346939,1342.44881020408,1455.30933469388,1735.76387857143,1768.32764387755,1154.30390204082,1041.74413061224,885.529754081633,1110.54511326531,1027.36987244898,984.609792857143,1188.96167857143,1235.30714183673,1547.43235122449,1325.79404489796,829.678634693878,1138.35004387755,1103.0115,1373.39194387755,1530.13869183674,1124.95261326531,741.316405102041,1057.6782755102,834.876103061225,1080.10458367347,1165.02688244898,1158.79061836735,1322.4381944898,1656.92155989796,1414.8397872449,1223.79510714286,1249.54015918367,1104.5060755102,1443.38387959184,1491.42766326531,1799.29674285714,1263.90164795918,936.557624081633,1078.46991632653,1156.31962244898,1018.05977653061,1454.41758979592,1239.88490408163,937.413351020408,1464.22171428571,1380.82192142857,1485.01073265306,2115.44055714286,1672.95204178571,2134.47102755102,1329.64570612245,1054.86752142857,1016.80341326531,1542.78526836735,1671.60240183673,1913.96359285714,1813.95550306122,1513.21651020408,1074.02135102041,709.559765989796,1404.83930306122,1420.28256428571,1337.14851836735,1636.07447346939,1607.34543061225,1734.05078877551,1241.45305,1807.76491020408,1362.0875655102,702.265835714286,817.861256122449,820.257767346939,856.754595714286,1763.34089387755,914.071962244898,1412.86869693878,1107.02753428571,894.442182653061,807.953328571429,936.818192857143,968.179737755102,915.618579591837,737.750214285714,1189.66450204082,1491.31453683673,1530.99618163265,1869.71922959184,1406.78593979592,1239.43140510204,1119.66960102041,1273.16885408163,1409.26846734694,1442.87982142857,1198.42251326531,1238.85737244898,1621.72624897959,1211.2852244898,1526.64020408163,1759.53475,1695.90229693878,1360.73153265306,1590.51347040816,1838.25369081633,1256.10419387755,1823.36084081633,2008.97646734694,1584.01303877551,1882.20860408163,1913.30393571429,1512.21749183674,1433.06901632653,1351.33736530612,1179.6719877551,1193.90864591837,1301.39772857143,1690.95884387755,1347.20187142857,1408.51713265306,1736.34930102041,1728.73235204082,937.904620408163,758.439119387755,902.885543877551,1526.09547653061,1091.92723979592,1162.91894183674,1383.41772408163,1245.93537142857,1371.20329387755,1315.7650377551,1842.27894897959,1570.87405918367,1418.73610408163,915.741925510204,1218.14915306122,1257.37610612245,1754.2309877551,1570.53966428571,1131.57778163265,898.262893877551,1209.24988469388,1431.88480408163,1340.41092857143,1433.71101734694,1747.36809693878,1287.37180816327,1635.84857755102,1532.92040714286,1187.16509693878,1210.03494387755,819.764889795918,942.142915306123,1078.42555102041,1361.32441428571,1389.24161326531,1903.79537959184,1566.20990918367,1293.66642040816,1750.72003061225,1114.16814795918,1367.60336734694,1202.02096326531,1631.47499081633,1301.38747244898,1471.76899081633,1415.967,1419.5175744898,1652.91382959184,1657.8157622449,1424.14584489796,1096.47675408163,1528.66473265306,987.51955,1009.1135744898,1337.77438061224,1520.57199489796,1487.90269142857,1365.54271122449,1166.52743673469,1523.02051632653,1676.54934897959,1602.20059285714,1692.28954489796,1510.34755816327,1153.54126836735,1278.55797673469,1053.63605408163,1197.65985142857,1521.22676632653,1573.69845816327,1258.0289255102,1449.81666122449,1635.25483744898,1778.71804591837,1578.4236522449,1510.00799795918,1696.41636326531,1538.4842255102,1574.9315622449,1582.18476734694,1528.76202142857,1348.94466938776,1154.21646285714,1518.22260102041,2018.16742040816,1575.28254489796,1213.26815,1245.39872346939,1273.22806734694,698.448473469388,776.078766326531,779.038795918367,865.585573469388,1939.74261632653,678.041923469388,1155.57785367347,1336.65007346939,1043.17796020408,1851.55436530612,1745.08124897959,1620.81140510204,1628.22567346939,1317.98649795918,1096.58233469388,1431.40082530612,820.826833673469,988.802468367347,747.400410204082,1647.47487857143,1536.57476020408,1176.3109,1241.77734795918,998.724971428572,1259.80312346939,1371.43582244898,861.326326530612,1192.7763877551,1405.89105102041,1539.13738877551,1557.52849489796,1167.54965612245,1103.32640408163,1871.68678469388,1197.49056326531,1055.10244795918,1283.50075816327,1683.18690306122,1317.15678367347,854.614649897959,1020.89275693878,950.130666326531,848.12745,722.601351530613,1217.19196428571,1207.13300408163,1083.54066632653,1403.58907857143,1420.64119387755,1661.38816632653,1602.9554244898,1344.17295816327,1247.37267346939,844.58013,1358.00310102041,1217.39735510204,924.053589795918,1287.70036632653,1192.19214387755,945.573618367347,1029.52797959184,1027.5159255102,1260.90815408163,779.756234693878,1450.94147755102,1371.68787959184,1045.39878571429,1588.79559295918,1518.34889591837,1564.41893673469,1558.17459285714,1688.03736530612,1019.06261530612,882.571978163265,1403.5915244898,1751.1283377551,1433.61061734694,1632.2292377551,863.811360204082,1032.27171428571,1412.95318469388,1277.09839489796,2083.81372959184,1654.77678367347,1465.50693163265,1262.21538265306,1342.21196938776,2248.14537040816,1755.36059489796,985.737717346939,1698.82434081633,1792.46209795918,619.766296122449,977.260435714286,1195.30454632653,1350.4469377551,1505.53881632653,1355.36088877551,1374.50397755102,1377.81224285714,1512.83940306122,1426.45582142857,1547.49185,1150.31829387755,1524.32006734694,1364.04700836735,1332.0757255102,1648.7836255102,1028.01153469388,1728.61583367347,1177.86839387755,1146.0324377551,865.707742857143,755.993474489796,1411.64361561224,1107.37812040816,1086.0352255102,1628.71790306122,691.666118367347,674.172784693878,881.836269387755,1172.46358979592,1492.18788673469,1588.51891122449,1372.43797959184,1024.63468673469,1089.98985612245,1922.4460755102,1679.50313061225,953.547268367347,1062.44659510204,1163.79466571429,1101.23013877551,1204.32312959184,1525.22187040816,1133.04034285714,1702.66637040816,1261.49367244898,1168.15189081633,1675.66179418367,1632.1587344898,1514.40345204082,1842.04183163265,1265.14045193878,1554.55625816327,1003.38336602041,1078.11977959184,877.824067346939,1208.76418469388,1076.9887,1161.59002510204,708.228451020408,701.972729795918,989.434740816327,1399.62664489796,1383.96709183673,1414.71808469388,1393.40856632653,1440.40185306122,961.577302040816,1072.22984244898,914.281226530612,1332.00391571429,857.860136530612,1317.23457316327,1013.27827234694,777.888461836735,1245.18930091837,939.980087857143,577.933521428572,1069.44755122449,849.670769387755,1566.06753571429,1797.85456122449,1295.59713163265,643.080161836735,1030.9558377551,650.623418367347,1609.8419755102,1445.63475408163,1104.50991530612,1845.67255714286,1336.48056326531,1771.49781428571,1117.38813571429,969.04995,981.461876530612,1159.0208755102,907.526430612245,1515.98004795918,972.6584,475.61797244898,1722.36267040816,1033.48003469388,1677.83109081633,1517.27643265306,816.149246938776,731.381441836735,1570.2613622449,901.732269387755,1180.30011122449,1540.14094336735,1513.16045714286,1143.16870408163,2010.04360306122,919.459486734694,1237.79280102041,1403.76812040816,1371.11404459184,1435.20740510204,1205.77735306122,1016.24836428571,1134.01967142857,1388.5706622449,1131.33698602041,1582.44034693878,1802.38878061225,1318.05031122449,922.480126530612,1150.13020306122,1072.03037653061,1409.99659285714,1214.28837040816,1082.68203673469,1511.47023673469,1379.68541836735,1345.79802959184,1816.56013877551,1372.42116632653,1194.50714387755,1406.80304285714,923.62678367347,1265.60564591837,967.814198979592,1230.94060918367,973.034147653061,1390.07268367347,895.379870408163,1085.67028367347,465.51638367347,1284.13814387755,751.480932244898,1582.18603673469,1144.79307469388,1395.98189387755,1517.72870204082,1186.30891326531,701.69422244898,1025.93483265306,1123.36140918367,1212.13712653061,869.232260204082,763.453492653061,1201.47590714286,1299.16448367347,1510.41244081633,1107.31263571429,1633.54861326531,1405.31020918367,1284.17315918367,1254.21641530612,1102.52196734694,595.656903061225,861.204120408163,737.372691836735,1029.48381734694,1327.31642755102,1663.13506122449,1156.54881938776,1499.56738673469,1242.30884204082,1904.17178102041,1616.81155918367,1795.42004081633,1425.17492040816,903.16663877551,1266.30954285714,1416.15718367347,628.770415306123,715.562465306122,690.651740816327,1250.47651938775,1610.71464387755,1529.60127142857,1335.47420510204,1525.86084183674,1520.5913622449,1169.43135306122,1410.25871734694,1407.90049183674,1322.73121,1516.51806020408,927.304421122449,1690.03775102041,1526.55235816327,906.67487244898,582.940382244898,1661.55394285714,1421.3404877551,1442.30778357143,1028.01985816327,1611.91827959184,1626.32702755102,1418.19440510204,873.048736734694,2026.86500673469,1542.5680244898,1578.04829765306,1482.8584772449,1566.09833979592,1428.08928469388,1819.45376530612,1363.25925612245,947.860594897959,668.072228571429,987.226648979592,2064.41558469388,810.690976530612,1720.52339387755,1248.73097653061,1178.69235102041,1228.14158877551,1584.76196428571,1793.6900122449,1482.94320918367,1553.04441285714,1747.76097346939,1498.13419387755,1411.57323673469,1532.64957857143,1314.00366836735,892.081333061225,1385.41927755102,1195.61738877551,1425.56374081633,1478.52821428571,1366.28379244898,1069.02241428571,1647.03865102041,1322.75842755102,1103.38888267347,1483.17373367347,1348.72872040816,923.377229591837,1046.94900918367,1573.19082755102,1226.56776836735,1424.92327040816,1400.38568367347,1505.14010102041,946.663246938776,1528.31034081633,1268.13048469388,1439.04744795918,1008.30201836735,1488.03583265306,1692.41048061225,1282.56676428571,1586.29678979592,1756.31243469388,1256.19705204082,1105.63465102041,938.741726530613,1160.60208061225,1051.17716020408,981.624214285715,1103.61747142857,883.607648979592,1354.52004183673,1143.76902142857,1660.01993469388,966.576818367347,1005.88467040816,647.185034693878,517.758333673469,1229.18318673469,1224.36326428571,1024.13110918367,1049.61210306122,1862.26615816327,1005.38571428571,1366.12105204082,1636.18407040816,1746.41487040816,1531.25746183673,914.498289795918,626.288620408163,986.597897959184,952.704786122449,976.945107142857,592.93413877551,743.250348979592,954.318130612245,1615.78946938776,1693.12278367347,1552.16101734694,1499.05904693878,1387.47333877551,1002.55840714286,839.009670408163,1085.63786020408,1161.9109255102,1353.5536244898,619.138725510204,947.695655102041,1441.83547040816,1374.9137622449,1293.08572857143,1718.53694387755,1689.3964255102,1553.64715918367,1369.66622653061,863.069434693878,1532.67082959184,926.659947959184,1264.30903265306,1638.79876836735,1151.42426530612,1048.77098571429,1153.27348265306,1003.64355,988.567621428572,1133.14272142857,1153.53832142857,1094.98809183673,1701.71443877551,1091.87268877551,930.049444897959,895.143652040816,1481.34597755102,1272.20119591837,1693.16369387755,1198.57595204082,1458.67919693878,1367.59131581633,950.8551,903.268630612245,1241.29676632653,1150.63930408163,1316.54481734694,765.911431632653,785.418052040816,1296.67519081633,1508.98755102041,1403.04479795918,1505.01374693878,1144.43585306122,969.361865306123,1066.89229591837,891.269979591837,1001.4538755102,1476.13081122449,1212.23404489796,509.909903061225,1404.90642265306,1353.82827857143,1216.3538522449,1203.05198367347,1492.78437755102,1049.08447244898,1488.85236530612,1279.58117755102,1218.08190408163,671.869737755102,905.741342857143,1393.12065204082,1187.07120918367,1409.73986938776,1349.45579183673,1055.76997959184,1203.28265714286,880.373885714286,1106.67377244898,1136.61047244898,1173.15371938776,1052.30594693878,1528.57141938776,883.836126530612,1696.05078163265,1769.26661428571,1845.35742857143,1437.32925408163,1115.65080510204,1175.49293061225,1799.47285918367,2056.24228265306,1796.47624204082,1653.47382306122,1043.46968755102,1317.91808489796,1358.57042142857,1243.70031326531,1110.62731020408,1444.45497857143,1227.95517142857,1572.93695,1863.80489183673,1931.0892744898,1735.31777755102,1600.50776836735,961.565935714286,1443.07048061225,1899.1645622449,1902.22619387755,1406.97142214286,961.273455102041,1475.54726326531,1319.05819693878,1497.06211938776,1496.86195102041,1470.56937020408,1499.80302244898,1540.16456632653,1516.15296836735,1076.76959285714,971.414154081633,1609.00581612245,1671.61137040816,2102.21533877551,1453.09272959184,1008.26763102041,1339.98471836735,586.778450816327,1091.27821734694,1326.43504897959,1297.75645918367,1157.61255102041,1236.57845714286,1094.45586632653,1020.16974061224,933.760757142857,1224.05477755102,1109.16426122449,1511.65759591837,1070.68588877551,1133.57783979592,1250.41876428571,1049.27078367347,1231.19331530612,966.263863265306,1160.29624795918,1710.51453265306,1803.40392857143,1486.32015204082,1472.0792622449,1289.19473673469,819.685102040816,1209.63905918367,1360.59966530612,1173.27780918367,1848.03127346939,1432.08521020408,1278.15932428571,1747.47016336735,1551.70202755102,1582.27166428571,1467.50334602041,1493.8961,872.913913265306,835.858551020408,1094.60880408163,1687.50391428571,1318.76285204082,819.981045306123,1610.69940714286,1384.32043367347,1264.42549489796,1465.4074122449,1363.22112306122,1206.2272744898,854.873445918367,1652.38880816327,1676.39067244898,1204.43701153061,2012.4919477551,1280.82468061224,1621.47811428571,1696.06172040816,1511.98234897959,1439.50579693878,904.91117244898,1350.68691387755,1423.29876428571,1530.48034387755,1631.96188265306,1354.79347959184,1262.40922244898,1279.28474693878,1293.12415510204,1284.47311938776,1091.93588163265,1233.20407040816,1315.59083877551,1086.69448255102,1107.16790612245,1456.74589897959,1498.81125,1018.38741020408,1268.47120714286,960.022407142857,1267.76401632653,902.124363265306,1552.96859983673,1482.6942622449,1011.69576836735,1337.48541122449,1244.37487346939,1315.46595612245,1574.85792244898,1302.71836020408,1627.73103367347,2114.73029285714,2246.19173816327,1755.67653061224,1451.49542142857,1142.20896122449,1292.57009816327,1247.2606377551,1275.59882040816,1571.91645204082,1767.08569897959,1493.45374489796,1894.05914591837,1289.49199183673,1491.10348061225,1723.12053367347,1615.30005204082,1139.72876326531,1627.69417040816,823.216718367347,859.797108163265,1397.12043163265,1527.91636530612,1133.59054183673,1500.20924489796,1580.30585632653,1165.1730244898,1672.47091428571,1948.4526877551,1868.52051122449,1352.2202755102,948.454840816327,1111.8553877551,954.705302857143,1110.57281326531,1431.70731938776,1527.8759877551,1313.17159795918,984.676880612245,737.243262244898,1212.53764591837,1111.21408367347,1233.75821938776,640.387587755102,1468.44092346939,742.772106428572,923.985035714286,1012.91491836735,1376.77178755102,782.434848979592,741.320156122449,1020.7160755102,454.073414693878,1793.55806530612,1027.3395122449,1188.59642959184,1091.76189183674,992.752030612245,759.5581,880.371271428572,1317.50920714286,1067.43316836735,1133.54511836735,1122.64695204082,1547.47271632653,1268.0971877551,1306.15700306122,1543.09372040816,1308.96075306122,1286.9635877551,1462.04684183673,1071.66900918367,1048.54352244898,1625.2139744898,1592.63305408163,1445.52430102041,1155.93065693878,1211.0702755102,892.638929591837,1446.88534387755,1323.42385408163,1025.72781653061,853.602958163265,1231.11529591837,1531.30007346939,1270.53538571429,1340.93599897959,1525.00380408163,841.357552040816,1302.20286734694,1525.31535816327,1111.80061836735,1775.45758265306,1206.25862959184,1419.47391836735,1072.43381632653,1560.62723571429,1304.55292959184,1136.41973897959,965.673717346939,1280.80526020408,1015.0673377551,1077.84808163265,890.75245,1375.12968163265,1246.57682857143,1095.70099285714,1781.63115,1507.75807040816,1162.46876326531,1142.07938163265,1175.80938265306,1305.94856122449,851.234218367347,1236.18691938776,1116.20157346939,542.955190816327,1029.53717653061,993.035243877551,596.843344897959,838.647536734694,838.084736734694,1213.0850627551,1115.19013489796,1064.03924897959,638.448940204082,557.007917346939,1097.86305510204,1004.74270510204,974.785442857143,1246.66243265306,1411.28525612245,1290.3381,1002.07316163265,1208.88838061225,1617.47057244898,1477.77569285714,647.795527551021,1149.20055346939,1380.23172428571,907.956025510204,925.252940612245,658.332523469388,934.972949489796,1359.06355204082,982.87320122449,879.259186734694,1194.11185714286,927.108862244898,1080.27499285714,1182.83219081633,1093.05707346939,1427.34545918367,1394.61306836735,1586.60318367347,1208.23004081633,1295.55234693878,2072.79664387755,1605.22636367347,1518.13586244898,1557.50472714286,1365.37682714286,1181.26181530612,567.106783673469,1371.61864489796,736.522597959184,1086.14317959184,790.291192857143,1550.19662959184,1631.38500612245,1324.11935306122,1043.56934489796,1161.54205653061,1149.97430510204,1812.57124285714,1309.1785377551,1000.26324836735,1445.97912142857,1254.69119183674,1478.26631836735,1274.04982438776,1412.26844510204,1365.83416632653,1322.95448877551,1256.44964183673,1297.33681938776,1210.26466326531,1012.58797653061,1695.72689591837,1554.13726428571,925.32483877551,819.152371428572,933.210347959184,809.010066326531,917.513343877551,1787.24729755102,1490.76447244898,1442.16752653061,2107.60966734694,1635.89009795918,1147.87493061224,1426.99133877551,990.368513265306,1180.30175714286,867.328652040816,1102.29935816327,1407.66998265306,1401.97225408163,981.819355102041,1163.62998877551,1497.54003877551,2051.18678163265,1408.57304183674,1229.88749285714,1443.28897010204,886.316296938776,1162.09448163265,1280.5770877551,1340.28230112245,1116.89949153061,1233.93764897959,1433.14003979592,945.127178571429,969.085228571429,637.472796326531,1027.48845102041,1173.17928367347,1026.93783530612,1131.01044795918,906.033847959184,1265.18075510204,1341.46466020408,1248.23041938776,1712.3845244898,987.31927244898,1405.02035408163,951.879316326531,927.388357142857,1063.74392959184,1472.3419255102,1520.41639693878,1153.22877346939,567.185584693878,1259.93680102041,979.695295918368,949.06523877551,978.230789795918,918.001545714286,1088.59872346939,1049.20739285714,646.9716,1622.59464387755,1188.10662346939,1178.7766,1625.0048877551,1306.32525714286,1571.67551428571,1186.02985918367,1512.24035408163,1011.42454285714,1314.34055102041,1090.36350714286,836.64897244898,1046.8568744898,1364.43085102041,1907.36814693878,1861.21797142857,1023.83529693878,1765.90652959184,1415.27514795918,795.881465714286,1073.40490816327,905.235633673469,776.083907142857,1464.3125744898,862.693392346939,1155.84639693878,1184.50540306122,1308.74306632653,1043.40588265306,1077.0326877551,750.75873877551,815.274973469388,1059.93054081633,1243.73428163265,1301.75096734694,1476.18449387755,1155.5600877551,1556.38744489796,917.994203061225,946.864297959184,965.461813265306,1106.14964387755,1136.33505408163,1112.14007857143,1173.39020102041,1340.7759377551,1954.75325510204,1513.24541122449,1236.99191836735,1591.58241734694,1822.55144285714,2070.77334591837,1201.61869795918,1190.57221428571,775.092501020408,943.1078,1632.37927755102,1406.38959591837,1306.11859285714,1142.72596326531,1582.04205816327,1197.40215102041,1565.07046122449,1506.65430306122,1755.18481020408,1108.43942244898,942.251596938776,1738.71669897959,1614.81890918367,1283.03908163265,1827.90874897959,1671.43463877551,1308.15077571429,1472.9162122449,746.823187755102,801.329443877551,1336.07625918367,1346.15403979592,1448.0498,1777.05528061225,1841.02070510204,1820.929075,774.496706836735,1471.36149693878,1111.34670510204,1114.84578367347,1562.01035163265,1718.64027959184,1508.16294897959,1336.00788673469,1991.65479591837,1432.78846632653,1847.01309897959,1462.62726020408,961.475770408163,1121.6140255102,1210.99596938776,1343.86687244898,770.764253061225,1313.56336530612,1334.0559527551,1382.04184428571,1005.40958979592,1358.8556377551,1447.43779183673,1264.19626734694,1542.32764591837,2133.41117142857,1751.37935102041,1476.33026020408,2125.4307622449,1699.96952142857,1652.74835204082,1370.24743469388,1390.87640714286,931.608561938776,1903.77633571429,1189.55236734694,1422.76008979592,1116.37687755102,1113.60339489796,1266.94178204082,2318.32088265306,1490.05411693878,1333.13690510204,1283.48239591837,986.337834693878,936.610624489796,1551.19193469388,1786.22924112245,1349.08696122449,1137.86050510204,908.314685714286,1646.39576428571,1077.61491122449,901.728476530612,1039.61973469388,1150.32675918367,1471.55095193878,1257.63897346939,773.771648979592,1080.34581244898,1342.18779897959,1185.95629897959,1436.63427142857,1070.89040714286,1046.09091326531,2013.47574183673,2003.19750510204,1375.68130510204,1383.8448622449,708.100159183674,956.945686734694,1102.6470755102,1876.12441530612,914.561318367347,947.654167346939,883.244024489796,995.821532653061,1431.16285816327,1369.3399622449,643.497247959184,867.68461755102,957.652285918367,1049.08926122449,1172.00851632653,1680.93605408163,1647.57662142857,924.261745918367,1336.5955,1258.98022346939,1638.08240204082,1286.88299897959,988.953580612245,1346.32978469388,817.804724489796,1653.1542244898,1420.24240816327,1660.31234489796,1160.51293061225,2015.0653744898,1677.40945612245,1071.07829795918,1298.83386122449,990.513104081633,1691.70394897959,688.135156122449,788.08127244898,1633.0444377551,1533.43378714286,1350.01298714286,1501.20976122449,1828.52711428571,800.492957142857,694.662057857143,768.497130612245,840.77342244898,812.913382653061,1274.49735918367,1710.88424693878,1523.88679897959,1579.83055714286,1683.32385612245,971.263525408164,1558.51625,1032.38468877551,1352.20674183674,1587.09195744898,1332.2396377551,1564.47764693878,1245.06596836735,1454.47281676531,1187.14143615306,1433.77046020408,1130.87690612245,1397.1515755102,1023.16569795918,1591.44985204082,917.691182653061,1107.27045510204,1653.05739591837,1067.06782163265,1685.77563061225,1208.81784183674,1302.72275204082,815.031593877551,1117.46661122449,1049.40976836735,1499.39262142857,1684.33271530612,1487.33620387755,1545.70945979592,1365.38706632653,1295.56400612245,1248.65865,1051.8108755102,1426.13982346939,1505.10348469388,2062.56487959184,1532.72091734694,1328.2319877551,1386.60346020408,1046.41234489796,1047.16305612245,1266.1841122449,1491.15141530612,1356.19874081633,968.13783877551,899.606947959184,1512.04086428571,1144.72662244898,1128.1642622449,1496.2236244898,1354.91636836735,1224.75375,1130.95173265306,1124.6056255102,1989.2618877551,2003.44988020408,1954.94690816327,1683.74047959184,1513.54695816327,956.903077244898,2122.12946734694,1307.41453673469,1354.19883673469,1380.56605306122,1838.99892418367,1319.44973469388,1560.96807959184,967.53042244898,1597.60174897959,1394.61295204082,1287.41532040816,1690.37998469388,1461.84787755102,1149.3221255102,980.035478571429,1013.99747346939,755.427482244898,1117.57219285714,468.79643367347,1184.12370510204,1449.85845,1097.66433265306,904.99987244898,1300.92293367347,1004.89958571429,1291.00764387755,1039.25775816327,1651.89697244898,1731.04879183674,999.382499897959,776.487404285715,1290.92703061225,1341.44705714286,1842.3963577551,1954.50333061225,1347.71584795918,1812.51259897959,1090.18322755102,1364.34541938776,1325.98591530612,1438.21531530612,977.356898979592,1566.87796122449,1519.88557346939,1563.42457040816,1050.25235408163,1291.8496755102,743.349470612245,705.356596938776,1203.20274979592,1487.33090612245,1058.15592959184,1070.7299622449,1114.93475040816,1310.80747857143,1785.18992142857,1587.21047959184,1309.75697755102,1715.32538979592,1575.34613877551,1549.74254897959,1109.76363418367,1008.21158061224,881.39716122449,966.807985510204,1338.07350714286,936.466080612245,1272.58324489796,692.706955102041,1273.30061326531,913.131001020408,1212.67837510204,1102.50077346939,771.844066122449,1196.31780204082,947.809878571429,1230.38614285714,1233.93891326531,1079.39368163265,1608.39735102041,1447.45561734694,1458.1396622449,990.197467551021,1094.96768428571,1063.39346632653,1145.30767040816,1678.66600510204,1172.55352938776,1263.59224755102,647.751558367347,1194.93807244898,1581.73301530612,1635.43708163265,1509.94173469388,1447.47180102041,1910.54122142857,1572.34787959184,1379.41431836735,854.555169387755,1331.48081020408,1306.44167142857,1534.68772244898,1406.51197693878,1113.12784795918,1030.26410714286,1679.17950122449,1671.66051530612,1361.5790622449,1681.85327755102,1290.14709081633,1471.1459877551,1430.29345153061,859.874484693878,1141.73413765306,1417.5584444898,1099.45835,900.667690816327,1406.89923571429,929.056179591837,859.93821122449,1014.01446734694,1933.87171734694,1244.30385816327,1226.3793255102,1294.03606428571,871.478715306123,923.089229591837,955.541395918367,748.76796122449,875.392495918367,1433.60020510204,1150.12622755102,1587.06524081633,1856.1987,1167.72290918367,1658.93908061225,1281.70939387755,1306.36626938776,1566.4834255102,1467.77415816327,1002.79979693878,1159.70524102041,1353.66165510204,1583.7132744898,1981.61627755102,1250.87514489796,1632.93962244898,1288.18719632653,1264.0621,1687.7223877551,1025.19234489796,1105.26132755102,1597.37430714286,1327.05930612245,761.841052040816,952.74267244898,1040.43773979592,1503.95463163265,799.29606122449,1274.12640612245,1753.29903265306,1146.81702142857,1364.45230612245,1160.73233061225,770.485551020408,1056.83547244898,1139.64100612245,1299.45223265306,1392.99516122449,1636.65029897959,1125.29626938776,1010.79611836735,1524.46514693878,1266.11735306122,1394.93383061225,1019.43430306122,1397.07109591837,1896.68761326531,1858.7595255102,1446.83669183673,1613.01245,1496.13834591837,1150.82964693878,1450.44397959184,1359.72694397959,1499.49148571429,1388.21768673469,1450.68934693878,1480.4206755102,1301.93432857143,1477.1886622449,1500.0956255102,1338.00310204082,866.531271428572,678.159837755102,1389.04450612245,997.392204081633,1146.5288555102,896.146347959184,1180.37224693878,1460.2429677551,1370.8929255102,1269.02944081633,1389.61545326531,1669.89874489796,1635.10693061225,900.226923469388,1357.31695102041,1357.23624387755,1141.40302040816,1066.29024183673,1748.70266734694,2172.50819285714,1040.48424693878,1554.98175204082,1506.63024183673,1716.16891938776,783.506526530613,1771.58264897959,1135.69882857143,878.760391836735,1457.26873265306,1557.05597959184,1882.81180510204,1270.25078367347,1001.34397142857,1549.69388008163,1107.76530816327,1229.22668979592,1149.34584693878,1501.73636632653,1527.07728163265,926.796013265306,1124.79281326531,1257.31449591837,1305.1532744898,1509.58947755102,1276.40966326531,1128.32205816327,1706.31565306122,1891.62793163265,1366.67381918367,1927.04285,1678.2586377551,1546.30222367347,2131.28662265306,769.578623673469,1642.99434897959,1230.42428673469,1316.91534377551,1153.99014183673,1492.81238979592,1092.9306,1316.36339183673,934.821287755102,1676.3522765102,1742.96794897959,1000.59152142857,1155.23339632653,544.300715306122,664.498077551021,2021.46773061225,1235.57289693878,806.668192857143,1316.33473673469,1464.06550102041,1524.8354244898,1137.55782040816,1418.44127653061,1178.15382244898,1303.25610306122,840.620666326531,1476.63900102041,1306.11334591837,1645.86514387755,1116.5015877551,997.278827551021,1143.05615306122,656.814345918368,1282.53824795918,1365.31259489796,1160.39735612245,1401.13577591837,1198.96823265306,1265.4246244898,1330.5556377551,1592.50117244898,1557.79354489796,1470.37856122449,1145.13370306122,708.563723469388,632.762333673469,1068.37823959184,1151.6850244898,1547.55708877551,1697.25829795918,1438.89569387755,1087.64728979592,1011.86659387755,780.90737244898,948.303290816327,1415.3656,1523.31979489796,1602.44621122449,938.202208673469,1206.82687040816,1819.52462653061,1458.73809693878,1498.76830714286,1321.83623979592,1492.72754265306,1234.06460510204,965.624942857143,823.548846938776,1058.62407142857,1837.88008673469,1536.48915755102,1144.17925306122,977.758543877551,984.664342857143,680.772601020408,785.918841836735,1124.20646122449,1267.91402530612,1040.04709387755,466.520453061225,1492.38171734694,1113.05824897959,1129.4361122449,625.542740816327,775.025473469388,1090.74780918367,1090.73493061225,854.815764285714,1412.40613469388,1465.30631428571,1296.52796632653,1166.33375306122,1424.02089897959,1487.24102653061,1429.09350857143,1492.46835102041,1381.64707040816,967.37277244898,819.741179591837,1111.24212653061,1436.87339795918,1078.33801938776,901.334740816327,1186.90906122449,1175.14577959184,1144.90950612245,1245.4898244898,1266.8164,797.515851020408,1511.96943673469,1264.60956836735,1442.4767755102,895.881997959184,1380.05449693878,1113.72611938776,1282.2161122449,1281.83795816327,1709.27588673469,2100.63654897959,1438.45231632653,1439.96155612245,1080.67328163265,1264.40923163265,1460.78893612245,1228.00924897959,1287.55318979592,1074.95440102041,1505.17913877551,1106.85677959184,1234.57810612245,881.723360204082,821.335328571429,1526.5180377551,1238.83841765306,769.90607244898,1301.72631122449,1276.59141122449,1425.51066326531,1621.30228367347,1470.74090816327,1682.81268673469,1657.46596632653,944.24702244898,1141.01134489796,1340.03704489796,807.000623469388,1264.60346632653,1626.65086122449,1557.23013673469,1171.26997755102,1586.80127857143,1365.89553265306,1213.03313673469,1304.22479897959,778.329139795918,1572.53782040816,1106.54369183673,912.520464285715,910.155848979592,374.351034693878,787.521573469388,814.705846938776,954.742325,1481.93073061225,1026.83185714286,1344.12801632653,1171.6473255102,1387.09766530612,1022.41769693878,1074.54152755102,862.981608979592,969.890979591837,1577.20969285714,891.01055377551,902.791008163265,1472.99249183674,1380.22071326531,1706.4109622449,1355.53618877551,1035.54730918367,1166.39965,1407.88399489796,1296.88770204082,1012.13196836735,1581.10575714286,785.211695918368,631.545596938776,1082.13355816327,1142.93233061225,1468.8168577551,1135.22792,883.458151428571,1003.4537,799.385666326531,1147.65258163265,1434.4560122449,1453.84429285714,1059.08741020408,1864.73153234694,1361.9087877551,1566.68791938776,1079.1807744898,1180.91361020408,1369.7289244898,1051.17670816327,1456.22695612245,847.533142857143,905.575558163265,1484.67553265306,1214.36701938776,1346.42300806122,1075.71245918367,676.342060204082,1451.08761,1503.85868367347,1292.89567040816,1195.12754010204,1628.85202173469,1617.15058061224,1646.11790102041,1664.0965122449,1120.09523265306,1147.57766122449,945.151766326531,1144.68423061225,1497.51933673469,1204.16498469388,1674.03435102041,1487.6876244898,1766.98943663265,1270.20996183673,1382.53464897959,1481.98559183674,1675.52055612245,1106.63251836735,835.750431632653,1190.6686755102,1586.04018265306,1221.92114693878,1088.09735408163,1099.95726836735,1800.51114183673,1519.27865306122,773.94961122449,903.469120408163,1099.09255816327,778.394957142857,906.775331632653,1062.2267255102,1355.44951020408,1305.9463244898,1480.57844387755,959.035344897959,1072.50560204082,888.563547857143,1472.87942653061,1025.46423673469,1284.19439693878,1780.04592142857,1713.75235265306,1087.32036938776,1631.30293571429,1084.21440642857,1583.0351344898,1503.97017653061,884.147905102041,1457.59268061225,890.581497959184,802.844955306122,879.873266326531,1590.07319285714,679.937464387755,954.806117346939,1531.90821734694,1440.0348744898,1832.4732744898,1576.71582857143,1851.34878979592,1488.48053061225,1309.54023673469,1078.94743061224,985.22102244898,1265.89425102041,1472.8987122449,1323.36441530612,1645.91542244898,844.422327551021,839.069935714286,1218.86174795918,985.39747867347,931.124698979592,1083.79865387755,617.023737346939,619.924579795918,1143.33976346939,1319.2832327551,1419.34340244898,1161.12475408163,942.339912244898,1063.17235408163,1055.11367142857,1491.71351530612,908.893539795919,723.104443877551,1587.69469489796,1286.15810612245,1715.92878469388,1481.18687959184,925.69623877551,997.326281632653,623.748517346939,888.85616122449,1209.36200320408,1090.72033969388,1351.72919081633,1510.49237755102,1090.17751326531,1456.43192040816,1491.51967653061,1210.60011428571,1770.23215102041,1014.55994183673,1606.08740306122,1292.17207734694,1299.27935408163,846.612176530612,1043.02726836735,977.674413265306,1421.72425306122,1118.27777857143,1267.42943469388,949.696537755102,567.41728877551,775.226537959184,1056.4327744898,1244.48040234694,983.390710204082,1397.58081020408,1182.44159183673,1451.06839795918,946.018875510204,1388.97079387755
34.8571428571429,1966.81472142857,2003.98426428571,1625.3258,1702.57144285714,2011.60357857143,1509.03954285714,877.741292857143,1575.21237142857,1519.08774285714,1817.11955714286,1767.20083571429,1746.54362857143,1692.03118214286,1688.69098571429,2155.91521428571,1677.46201428571,1287.28615714286,1801.86832142857,1275.86007142857,1434.78411428571,1636.86967857143,1600.26618571429,1548.6077,1309.64148571429,883.308721428571,957.758364285714,1381.45675714286,965.425607142857,1086.31720642857,1572.29457142857,620.436205714286,1082.43643571429,1101.68802,1736.00888571429,1348.22197142857,1281.45785714286,969.22065,973.454135714286,1098.34206428571,1192.21595,1225.35878571429,1431.2341,1862.70898571429,1573.24122857143,1183.66309285714,1475.74187571429,1338.86844285714,2215.68817142857,1933.42455,1402.44742142857,854.546772142858,2186.38706428571,1449.96806428571,1167.55139285714,1441.22696428571,1567.44786428571,1964.31234285714,1716.80871428571,1704.60826714286,1311.24958571429,1605.16195,1305.62067857143,1756.72613571429,1269.04487142857,1422.08887142857,1678.13836428571,1685.59478571429,1570.99425714286,1369.24718571429,1173.64503571429,1242.59329428571,722.2809,908.038342857143,984.975985714286,906.024878571429,617.629787142857,1057.02555714286,863.044035714286,1732.44832857143,1617.19268571429,1591.40856428571,1663.43317142857,1387.76663571429,1154.19330714286,1105.33980714286,1674.3751,1339.55935714286,1238.09923571429,1116.88292142857,2123.80767857143,1520.73943571429,1699.54804857143,1557.48252021429,1149.44976428571,1430.83553571429,868.970725714286,669.614014285714,1172.07054285714,1045.81828571429,1053.22328571429,1412.07341428571,1297.41567142857,1570.88342142857,1681.17102142857,1821.12306428571,1876.96677857143,1102.91057142857,1667.49729857143,1569.69817142857,1699.49386857143,1532.73072142857,1653.18380714286,1945.88649285714,1308.36739285714,1386.21796857143,1572.79568571429,818.185342857143,1171.79683571429,1780.78800714286,2055.73755714286,1195.73749285714,1178.49692142857,1480.8459,1139.16557142857,1686.50490214286,1267.97481571429,1401.99266428571,1638.50359285714,1598.84079285714,1181.02196428571,1216.04565714286,1519.49822857143,1003.62183571429,1548.50826928572,1941.99001214286,1418.86180714286,1528.35296428572,2014.44400714286,1726.28935,1692.43898428571,565.506121428572,684.322221428572,990.48875,1385.97040714286,895.024957142857,1565.5163,1580.86262857143,1588.86960714286,1524.80272857143,1622.98217142857,1653.81969285714,1650.78827857143,921.796714285714,1435.46937857143,1046.79231428571,1448.32266428571,1454.71727142857,1544.78219285714,1414.49476714286,1095.92146714286,1161.17189,1646.02957142857,991.064021428572,1409.44442857143,1259.23625714286,1158.29893571429,1073.7011,1077.37788571429,965.882828571429,1145.78682914286,1680.96378571429,1936.82007857143,1742.5653,1323.47851428571,1694.15192857143,1102.44214428571,1209.30136285714,1739.40862857143,1187.85932857143,1482.27138357143,1089.23564785714,1023.60341857143,1473.94208571429,1738.02951428571,1672.67126428571,1373.14227857143,1623.78401428571,1908.75435,1265.68267857143,1205.90709285714,1078.98785714286,1411.45534285714,1508.9961,1890.36741428571,813.729935714286,839.275492857143,964.834071428572,1393.99677142857,1414.71250714286,808.497257142858,1378.32027714286,529.216771428572,1238.22234285714,1361.00592857143,1278.7045,1455.60377142857,1919.18945714286,1424.3362,1227.99748571429,1473.48689285714,1528.39709285714,1500.42641428571,1597.30258571429,1880.36808571429,1387.71270571429,1646.39265714286,1079.32175714286,1331.61757857143,1263.86565,1503.84027857143,1184.96569,1366.45313571429,1712.44698571429,1006.06452857143,1180.66751428571,1084.57658571429,1227.16714285714,1446.86257142857,1633.19881428571,1778.68800714286,1825.54739285714,1727.17967142857,908.873942857143,1529.10352142857,1323.35835,1042.73400714286,1281.21331428571,1279.39955,499.48695,1468.37617857143,1463.30740714286,1201.08835,650.485715714286,1748.27506428571,1531.94913071429,1562.82060714286,1457.80047142857,1512.88625714286,987.030335714286,1039.55150642857,1537.70414214286,1603.39282857143,1538.91121428571,1851.67867857143,1452.57667171429,1882.7603,1298.47291428571,1801.27666428571,1136.60599285714,1540.32854285714,1562.80954285714,1395.62611428571,1664.94492857143,1282.20701428571,1348.14264285714,1361.42798571429,1585.40018571429,1581.17642857143,1193.61504285714,1749.29790714286,854.164339285715,1370.83913571429,1592.77482142857,1214.87452857143,1545.63563571429,1217.67475714286,1814.10099285714,1693.08595714286,1276.68348714286,1270.78193714286,1077.17238714286,1203.87985142857,1387.31218571429,1462.02665542857,1879.96701428571,1576.47615,1784.35141428572,1611.392735,1590.60672857143,986.621148571429,1002.07371428571,1098.71491428571,1474.56508571429,1263.6376,1573.05760714286,611.518892857143,1324.28712857143,1352.93762857143,1459.54808571429,1146.53943571429,1316.54793571429,1436.62127857143,1574.83290285714,1439.52673571429,1406.25385714286,1358.83689214286,1186.67673428571,1216.68230714286,1066.72907857143,835.926721428572,1455.34165714286,1362.92203571429,1505.28838571429,1317.30486428571,1744.46260714286,1661.85064285714,2112.85397857143,1789.58817142857,1855.75594285714,1716.42596428572,1167.34277857143,1844.79842142857,1965.51802857143,1540.19387857143,1475.07315,987.664421428572,1084.62796428571,1203.49513571429,1395.96623571429,1211.67189285714,1396.86232857143,1659.1148,1884.40073571429,1444.68278571429,978.678257142857,459.35405,1824.00945714286,1891.27312857143,1045.895465,839.557085714286,1204.45277142857,1761.74307857143,1890.25405,1100.69631571429,1025.95654428571,1315.52116428571,1075.87347857143,826.016838571429,1326.84152857143,1070.32368928571,1561.56125,1596.04395,1012.67746428571,892.951378571429,1400.18023571429,1267.24136428571,1221.98147857143,1220.60232142857,1438.44185,1679.89483571429,1889.06287142857,1197.16305714286,1182.28331428571,1325.05805,1376.53861428571,1641.99276428571,1551.70932857143,1312.29985714286,1084.79520714286,1154.43455714286,1416.63627142857,1171.85402857143,1440.05954285714,1437.72730857143,1505.52857857143,1497.63257142857,1658.50553571429,1469.76338571429,1247.82245714286,1648.2382,1391.13015714286,1614.32710714286,1376.07967142857,1335.86422857143,904.115021428571,711.256721428572,1576.29891428571,1355.66417857143,1896.56588571429,1159.11825714286,812.493735714286,924.728014285714,1109.03362142857,744.645492857143,1370.93359285714,1122.9289,1127.44818428571,2108.16269285714,1316.27148571429,1537.30854285714,1363.05387142857,1822.67703571429,1308.7398,1224.53165,1327.20769285714,1133.87791857143,969.641264285715,1238.51131428571,1683.12172857143,1690.27728571429,1574.64952857143,1547.33785,1603.50502857143,2151.18665714286,1478.98751428571,2027.71657142857,1443.37867142857,1541.12178571429,1270.88620928571,1284.06352142857,1123.82479285714,1748.08171428571,1811.55022142857,923.371221428572,1087.52917142857,1252.49751428571,1375.41353571429,1293.12877857143,1303.54395714286,1563.78558571429,1487.83782142857,1374.94744285714,1603.44304285714,1917.32825714286,2401.13955714286,1081.5889,1589.34362142857,1192.65159285714,1349.03387857143,1470.03101428571,972.620342857143,1575.24905,1746.27464285714,1479.10165714286,1612.56445714286,1421.87996428571,950.173542857143,1121.32510714286,1152.5748,1521.34602142857,1201.36415714286,1302.24140714286,929.407042857143,1618.73678571429,1073.83585714286,1104.07580714286,1263.35550714286,1292.44618571429,1851.92633571429,2013.64917142857,1397.36517142857,1150.51157142857,1334.1054,1756.14424285714,1768.93521428571,1588.22217571429,1577.2487,1535.8297,1164.29432571429,1443.11308571429,1106.66504285714,1390.66162071429,1557.26295714286,1526.73717142857,1521.53079285714,1237.42927857143,990.343721428572,835.394028571429,1115.41617142857,1495.66575,2197.75388571429,1939.27659714286,1509.21956428571,1069.37099571429,1112.22540928571,801.857571428572,1611.76666428571,1155.70050714286,1487.00185,1203.85182857143,1742.21685142857,893.618171428571,1362.75293571429,1295.77853571429,1363.87218571429,1144.23189428571,1979.61425,1136.68705,1383.63657857143,1209.0366,1011.37567142857,1489.0931,1830.80954285714,1378.19543571429,1321.21594285714,830.319278571429,1432.34959285714,1194.7184,962.296664285715,1202.50985,1226.65086428571,1092.71007857143,1331.58727142857,1536.1368,1041.46140714286,983.3231,1334.16031428571,1609.5997,1507.32200714286,1362.0796,1755.91567142857,1744.30045,1500.20568571429,1448.64983571429,926.598595,1106.22009285714,814.599028571429,1365.36807857143,1471.69875,1225.25422142857,1224.27352142857,1139.61879285714,1649.98797857143,1687.79822857143,1035.73714285714,1386.01896428571,869.124942857143,1111.08400714286,926.546364285714,1254.97711428571,949.439621428572,1087.87139285714,1216.26774285714,831.31321,1268.06136285714,1476.22394285714,1552.20911428571,2022.67871071429,1322.21857857143,1395.76500214286,1451.50307857143,915.250100000001,895.610835714286,909.18745,1096.57790714286,2271.66557142857,1064.52271714286,1347.63347857143,1379.75930071429,1483.14869285714,1329.81125,1743.36225285714,828.633842142857,999.66125,954.702271428572,882.878071428572,1268.98060714286,1149.37032857143,1818.1517,1257.44738571429,1376.46795714286,873.750492857143,892.499492857143,1273.28062142857,1380.51890714286,919.009928571429,983.997928571429,1559.38875,1262.18131428571,1432.24082857143,1130.70779285714,1188.74168571429,1565.72100714286,1632.978,1600.85587142857,1348.36420714286,1580.20048571429,1147.69324285714,873.777492857143,937.367007142858,1342.47693571429,1528.32935714286,799.865071428572,1685.34636342857,1514.43496428571,1031.27777857143,1339.10002857143,1994.55484285714,1645.75995714286,1356.858,1881.28583571429,1606.18717571429,1448.12904285714,1329.01354071429,1024.31242857143,1612.13384357143,1511.45569285714,1494.10335,1745.76255714286,1478.6853,1458.99927857143,1727.3347,1528.40080714286,1835.44478571429,1519.2527,1774.2973,1539.70367857143,2144.21217857143,1757.33977142857,1289.57288571429,1270.55485,1098.79456428571,1122.33870714286,1488.99112142857,1166.37321428571,1444.75645714286,763.110607142857,1772.52065714286,852.886764285714,920.641378571429,1111.14218571429,1057.23654285714,1159.84965,1451.18600714286,634.189328571429,1293.70008571429,888.859285714286,972.753657142857,686.396335714286,1033.08432142857,841.118407142857,1097.40427142857,1739.52974285714,1389.11695,1658.43605714286,1806.37775,1124.16997857143,1391.09399285714,1577.99862142857,1706.76004285714,1230.81899285714,917.515542857143,1541.66125714286,754.530357142857,1342.00195714286,967.908357142857,976.390692857143,1397.20917142857,1316.12331428571,1755.30643571429,1471.86637142857,1261.16524285714,1667.105265,2152.59289857143,1417.92532857143,1703.27329285714,1683.33627142857,1336.19317857143,1774.41295,1407.02041428571,855.702492857143,1336.69127857143,1543.96002857143,1142.69165714286,1762.23014285714,1878.82064285714,1761.86805714286,1015.37467857143,896.7123,865.433907142857,1165.98692857143,854.494857142857,1054.71403571429,1128.68275285714,941.323714285714,1195.54068571429,1255.99608285714,1475.37195714286,884.046135714286,1610.36286428571,1366.15002857143,1898.399505,1834.48873571429,1557.14677142857,1331.60012857143,1308.02209285714,1073.95886428571,1294.93018571429,1085.49938542857,1283.98060714286,1150.87681428571,1069.10656428571,2173.39966,1478.26847142857,1286.01869285714,1622.34849285714,1193.01149714286,1174.25867857143,1593.44313571429,1058.35339285714,1690.77592142857,1512.38929285714,1474.50092857143,971.15105,886.667892857143,1293.36798571429,929.868231428571,965.398178571429,1795.06525714286,1227.40821428571,1462.72502857143,1408.52937785714,1746.06415857143,1099.41315,1467.11944285714,1066.24072857143,1652.10233571429,2036.19476428571,1312.45835142857,1222.80123571429,1446.82449285714,1422.73378571429,1108.16597857143,1295.9943,1599.89175714286,1606.22447142857,1730.59347285714,1512.20632142857,1341.25003571429,1250.79122285714,1375.62396428571,1476.09493571429,1334.87541428571,1624.65533571429,1796.65762142857,1197.96160714286,979.245264285714,1694.56243571429,1193.58947857143,1107.04117857143,1843.18787142857,1108.7862,1392.96725714286,2128.79261428571,1854.92739285714,1603.54065,2270.62157142857,1832.4263,1296.69347142857,969.991535,861.864335714286,1296.99572857143,978.450971428572,1140.36475714286,1167.52944285714,1000.91644285714,1304.52605,1209.35902142857,1239.78486428571,945.806957142857,1877.95183285714,1659.94306428571,2034.88043571429,1801.62786785714,1411.9889,831.376264285714,1197.40397142857,1447.52585,1712.3098,1713.82805,1598.53181428571,1982.2595,1519.27687857143,1235.36428571429,1792.07170714286,1888.41408571429,1382.64009285714,1022.65053571429,1059.54748571429,1459.13605,1024.93227857143,814.005242857143,1217.85651428571,1280.98844285714,655.734708571429,957.862607142857,1199.96648571429,1092.59846428571,1093.21287142857,1475.89083571429,1269.11062857143,1608.91309285714,1814.04556428571,1796.88324285714,887.4536,745.867407142857,1119.48098428571,643.153671428571,1397.78200714286,1578.69676428571,1689.09637142857,1370.59844285714,1407.73780714286,1483.53288571429,1811.93612857143,1490.16182857143,1097.43923285714,1147.30325,1054.81519285714,849.214714285714,778.721047142857,1014.2807,1621.06688428571,1300.17776214286,1311.77886214286,815.006157142857,1453.73304285714,1566.8791,962.978514285714,881.733464285714,1172.98112142857,1659.68250714286,830.867871428572,1407.40939285714,1306.22832857143,1545.69481428571,1153.35546428571,1729.83647857143,1101.71797142857,1737.19298571429,876.498642857143,1088.24869285714,1230.41771285714,1411.87424285714,1364.67166571429,1446.95994285714,1290.09645714286,1513.37536428571,1480.72562142857,1551.11515,827.660814285714,778.799392857143,1027.53117857143,1573.6445,1061.36163571429,1310.03226428571,1277.39645428571,1322.56622142857,1501.21542142857,1347.99571428571,1195.52363785714,1035.11195,1278.79117142857,942.267785714286,1506.71012857143,1613.80008571429,1407.45257142857,1046.24206428571,1241.15705714286,2136.69901428571,1514.06226428571,1090.81754285714,799.459442857143,1001.41455714286,1251.04978571429,1194.31831428571,1345.62724285714,1304.94197857143,1664.72174285714,1335.32312142857,1324.08354285714,1669.12985142857,1702.20451428571,1657.76672142857,1547.22679285714,1685.1718,1328.24467142857,1050.45339285714,1264.48488571429,1463.48869285714,1131.94234285714,1709.62056571429,640.698194285714,1339.72974285714,1207.06879285714,1271.50053571429,1665.55033571429,1591.76782857143,1590.43802142857,1533.63742857143,918.742107142857,1732.42945714286,1654.90719285714,1570.48182142857,1563.02870714286,1136.51781428571,1504.72084285714,1992.64517142857,1318.89652857143,1588.88321428571,1407.87747857143,1131.16892142857,1067.95915,1268.29277857143,672.908107142857,1903.16001428571,1308.61618571429,1554.63709285714,1695.13418571429,1774.20333571429,1747.44981428571,1112.72316428571,1576.42651428571,1452.21100714286,1201.54001428571,1278.39795714286,1347.57864285714,1349.16489285714,1569.71905714286,1420.08085,1024.91967142857,1457.14198571429,559.022492857143,1641.28219285714,1216.94012857143,1410.42306428571,1452.76733571429,1766.34245,1510.58230714286,1127.37074285714,1207.2614,1427.11052857143,1221.23859285714,1409.97333285714,1862.01213571429,1586.40791428571,1456.83315714286,1702.28305,1515.89296428571,1726.37509285714,1771.37353571429,1214.37377857143,1058.35887857143,1032.09733571429,1152.82855714286,1615.49212857143,1866.83406428571,1772.8474,1518.58651428572,1578.13275714286,1559.67956142857,1550.07345714286,1593.26417857143,1205.17490714286,1626.62082142857,2046.25055714286,1638.76942142857,1549.16666428571,1365.94811428571,1205.43784285714,1716.64548571429,2071.85236428571,1768.73718571429,1806.26760714286,1708.30433571429,1109.90047857143,1539.30258571429,1715.91943571429,1662.79151428572,987.594428571429,1063.23159285714,1140.21810714286,1335.13150714286,1734.11336428571,1491.35637142857,1054.61935714286,1721.20353571429,1852.78812857143,1672.63785,897.172985714286,794.0014,1192.85624,1834.02525,1949.1961,952.796471428572,1777.80845428571,1075.64312142857,1257.8362,1129.24871428571,1394.35302142857,1257.47808571429,1531.87596428571,1558.63101428571,1975.82289285714,1796.79752857143,748.728457142857,1113.58324285714,1234.40934285714,1444.25430714286,994.1981,1336.79434285714,890.76345,1072.52565714286,1835.91077142857,1247.73404357143,1411.0965,1783.24945714286,1702.93973571429,1782.87772857143,1331.42427857143,1292.6097,1119.20434285714,872.306,1332.94223857143,1628.90573571429,1363.53326428571,1457.04017857143,1541.26857142857,1272.73132857143,1530.21215,1115.10869285714,1254.81345714286,1783.48872571429,1435.48244285714,1701.86407142857,1873.03204285714,1619.33795,1494.94468214286,1283.75566428571,1384.32241428571,2002.40754285714,875.303192857143,883.272492857143,1219.4117,1454.67209928571,1074.64156428571,1145.6446,1439.76817857143,1471.65504285714,1516.43577142857,1586.95946428571,1486.25735,1233.65062142857,1338.74747142857,1437.06826428571,1865.23723571429,1741.01180714286,1368.15570714286,1256.80042857143,677.254135714286,1157.20358571429,915.068607142857,912.489521428571,977.873914285714,979.926928571429,1524.40397142857,1507.82302142857,1557.76187857143,1238.03977857143,2019.66942857143,1457.39095714286,1591.96355,1923.87096428571,1738.627505,1532.98737,1283.09485714286,1818.63962857143,1418.99982142857,1211.75273571429,1516.74977142857,1227.45737142857,1574.79000714286,1183.30815714286,1531.00782857143,771.490457142857,829.229071428572,1085.9398,1748.87331428571,1649.61612857143,1964.69822857143,1753.30068571429,1044.05080714286,1780.80207857143,1234.82014285714,2077.05890714286,1459.47154142857,1235.07208214286,1365.7349,1311.52398571429,1286.55902142857,1050.29141428571,1361.53482857143,1458.91608571429,1704.95704285714,1489.51184285714,1765.96195,1643.14432857143,1396.60496857143,1874.00017142857,1483.22984285714,1399.21736428571,1408.08477857143,1228.077,1296.37428571429,1987.6821,679.604264285714,1390.7796,2401.81035714286,2060.74395,1461.36277142857,1488.72159285714,1551.86410142857,737.505485714286,999.346378571429,1190.65819285714,763.032735714286,766.090382857143,1267.86844285714,809.717678571429,1771.78970714286,1464.20082142857,1473.31109285714,1386.12438571429,1301.84907142857,1182.2467,1417.64430714286,1178.21999785714,1497.27566428572,1623.47777857143,1780.08412142857,1747.59935714286,1384.59506428571,982.720421428572,1247.58997142857,1284.345535,1273.38266428571,1728.4182,1306.97193214286,1338.82255714286,1853.21322142857,1154.48691428571,2018.47354285714,861.31835,1219.86513571429,1704.17144285714,1469.28122142857,1519.78760714286,1155.40555,1240.94207142857,1007.08285714286,1175.78962857143,1110.98785,1428.24314285714,1289.7703,1665.18893285714,1594.98006857143,1608.00762857143,1126.16162857143,1555.09733571429,1184.30809285714,1344.90859285714,1174.34592857143,1298.99570714286,1761.01102857143,1942.63987142857,1437.894,1617.10835,1457.24841428571,1249.22386428571,1534.57592857143,1289.66813857143,1149.50368571429,1223.90742142857,1065.64167857143,1293.47297857143,1042.6003,1345.879635,1773.30315,1061.45080714286,973.659785714286,1096.4799,2060.13452857143,975.933714285715,1488.17585,1794.03538571429,2155.98800714286,1103.34477714286,938.682664285714,1525.86642142857,1272.31037857143,841.876314285714,1082.65690714286,1845.70014285714,1107.06421428571,1267.71653571429,1132.95605,1293.59765714286,1522.22461428571,1376.89745,886.745428571429,891.747685714286,1124.67983571429,809.757278571429,1886.05805714286,1203.22585,1747.12292857143,1276.07956428571,1502.58338571429,821.962045714286,1647.35019285714,1509.57023571429,1042.79699285714,902.651071428572,1325.78679285714,1137.04852857143,1528.04926428572,1059.88209285714,1081.71907142857,1742.39395714286,1651.14353571429,1514.87907857143,732.913094285714,918.717854285714,1712.32760714286,1206.13737857143,1497.49362857143,1416.08932571429,1343.21972928571,1241.54932857143,1195.1494,1505.41408571429,1611.09109285714,1478.56535,1352.86537857143,1945.81974285714,1702.63579285714,1625.04637142857,1037.75090714286,1196.42105,1647.36309285714,1553.06975714286,1898.96882857143,1563.30394285714,1359.38248571429,1041.74977857143,715.447385714286,1399.79944285714,1097.82289785714,2017.64462142857,1784.04717857143,1327.11277857143,1337.77862857143,1194.32669285714,1533.06271428571,1089.60881428571,1206.02465714286,1436.15503571429,1209.439,1802.68301142857,1793.41882142857,1594.79469285714,1079.9056,1207.42298571429,1239.77879285714,1213.93369285714,1838.69905,1524.92561428571,1902.26932142857,1618.77148571429,1410.52215714286,1645.06415,1422.83828214286,1048.20226428571,1442.21975,1687.79254285714,1412.47507857143,1097.31281642857,1826.37501785714,1493.21103071429,1674.94860714286,1979.47211428571,1661.28852857143,947.775242857143,1806.12570714286,1509.05640714286,1304.27309285714,1466.45885,889.885857142858,1121.20629285714,1322.43669285714,1329.31822142857,1775.14941428571,1683.63237857143,1258.02704285714,1137.20540714286,1494.59535714286,1472.62670714286,1404.15366428571,1728.24152857143,1096.62631428571,774.437657142857,1142.20368571429,1719.50500714286,1258.30981428571,1686.99214285714,1427.93585,1566.76841428571,973.245128571429,1228.84837142857,1175.81321428571,1282.8732,1491.81802857143,1687.891035,1706.0771,1421.15825,1561.10004285714,1069.50697142857,1916.99193571429,1595.89628571429,1782.8917,1453.35668571429,1250.05210714286,1301.83637142857,2036.56342857143,1619.50964285714,1048.13364285714,1318.54148571429,1009.96782071429,594.931164285714,642.504654285715,544.934674285714,579.268264285714,593.178171428572,1666.54694285714,1571.15709285714,1588.8989,1679.7023,1509.64613571429,1256.06537142857,1771.20501428571,1872.39912857143,1366.37995,964.890742857143,828.5271,1188.72070714286,1421.43607142857,1243.07422142857,1255.41953571429,2516.15937142857,1191.4132,1396.97437142857,1726.60505714286,1071.72822142857,1072.53692857143,1308.48665714286,1665.89535714286,1256.63175714286,1931.01328571429,2033.46841071429,1672.7634,1135.36063571429,1020.95300642857,1016.3427,1125.35188571429,1142.21862142857,778.059657142857,1850.05466428571,739.344364285714,1526.49552142857,1072.42968571429,1407.82469285714,1335.62927857143,892.820521428572,1576.43493571429,1455.54397857143,1377.19961428571,1716.17424285714,1433.09128571429,1028.97882857143,1431.76325,1400.4557,1217.72899285714,2043.13271214286,1248.86698571429,1244.02612857143,1119.9417,1368.77648571429,808.851171428571,1162.46752857143,1867.28212857143,1647.27786428571,1507.41546428571,1970.57115714286,1759.47482857143,1152.67113285714,1947.3396,2209.5741,1198.15207142857,1270.22874285714,1169.87400714286,1897.56990714286,1289.50902142857,1163.34195714286,1482.25499285714,1499.55180714286,755.992478571429,1162.9428,1222.78157142857,1090.56517142857,1461.02495714286,1628.36367142857,1567.303,1466.80931428571,2220.98405,1248.25319285714,1189.36784285714,1729.37183571429,1844.62362142857,1455.51454285714,1798.61145,1533.32697857143,1519.78275,1471.62153571429,1433.14830714286,1274.25531428571,1243.79627857143,856.244556428572,1336.14666428571,798.28573,637.298292857143,1338.14872857143,1683.43817857143,1235.05490714286,1889.99933571429,1762.57762857143,1412.25702857143,1406.50978571429,1178.23816428571,2093.43687857143,1507.30588571429,1269.15435714286,1269.84796428571,1130.17649428571,1694.32616785714,949.636985714286,1168.66328571429,1508.62065714286,1435.06946428571,1812.85900714286,1360.85627857143,1266.26606428571,1861.07781428571,1245.22217142857,1245.16015,868.465321428572,1349.71860714286,1565.48602142857,1208.67153571429,1190.88544285714,1522.99432142857,1265.94390714286,1240.37418571429,1719.90557857143,1560.23316314286,883.014242857143,1557.62063785714,1725.72463357143,1313.38289285714,1464.65184285714,1496.33707857143,1499.18812142857,1427.28148571429,1376.12717142857,2297.40917142857,1398.18411428571,1551.84384285714,1463.52925,1231.24344428571,1163.69782142857,849.7991,1064.47472428571,1221.30021428571,866.2553,1150.72767857143,1720.06331428571,1445.13631428571,1501.44822857143,1537.83909285714,1296.72658571429,637.332095714286,1205.40026428571,823.4351,1207.73956428571,840.007371428572,978.2259,1466.19540714286,949.708928571429,664.411442857143,757.10085,1275.84441428571,778.437842857143,1482.34213571429,1363.04534285714,1621.49102857143,1644.19812857143,1361.94143571429,1849.70365,1676.10688571429,1234.14980714286,476.197342857143,643.024478571429,1623.31481428571,1552.32037857143,1998.68278571429,1731.50234285714,1387.06165,1342.05975,1438.13746428571,1700.05559285714,1734.91730714286,1722.46,1036.41881428571,1730.66970714286,975.793178571429,1421.59167142857,1585.4316,1793.89635,1050.47878571429,951.531364285714,934.545928571429,1257.70914285714,762.966671428572,1427.28151428571,1507.80245714286,1358.70087857143,1660.77265857143,1540.69024285714,1164.38880714286,1555.40213571429,644.141368571429,1109.90503571429,1121.19597857143,1344.35503571429,1565.84394285714,1065.69172857143,1405.54027857143,1113.34401428571,1133.75921428571,1140.85196428571,828.191135714286,1549.98122142857,1562.53130714286,1537.37851428571,2090.98357142857,1156.71337142857,1708.31943571429,1227.55442857143,1610.86206428571,1337.30973285714,1657.24438571429,1195.77610714286,1963.27045714286,1769.45634285714,1394.22300714286,1271.18948571429,1125.48991428571,1078.30513571429,1211.80627142857,1264.03864928571,2349.75715714286,1362.2771,1124.1975,1457.62542142857,1256.86238142857,1357.25417714286,1516.08721428571,1827.25465714286,1734.71495714286,1583.91794285714,866.718178571429,1345.40849285714,1374.45517142857,1178.34067142857,1352.32507857143,1636.88630571429,916.660685714286,1219.23766428571,1294.03802857143,1304.68822142857,1621.91304285714,1571.99337142857,1759.77672857143,1087.61615714286,1398.13391428571,1548.51067857143,1193.66115,1265.93362142857,1747.22255857143,1877.48918571429,1383.53675,1661.67643571429,1644.88153571429,2079.86383785714,1162.66048571429,1517.12401428571,1422.82189285714,1587.01137857143,1000.76007142857,1756.69285714286,1877.20777142857,1777.62044285714,1471.81136214286,1108.35888571429,1438.7178,1295.26844285714,1395.63941428571,1253.97228571429,1327.78230714286,1823.37483571429,1400.35907857143,1268.40454285714,763.470818571429,884.7158,452.247721428572,773.846571428571,443.681611428572,1368.10156285714,1631.24992142857,1626.16582857143,1182.17175714286,1820.42715,1774.30168571429,1460.2133,1291.21321428571,1438.38945,1288.26152857143,1376.63592142857,1498.57468571429,1886.39417214286,1628.15529285714,1270.38383571429,1404.32071428571,1784.18117857143,1851.40378571429,1760.40466428571,2076.17488571429,1249.31422857143,1356.68259285714,1392.78227857143,1614.96312857143,1606.47483571429,1590.82697142857,1475.16742857143,1381.16426428571,1277.15414285714,1008.71017857143,941.305964285714,1396.35515214286,1707.15554285714,1829.60846885714,1679.86718571429,766.899657857143,1455.88245714286,1450.54015,1626.21177857143,1603.6579,1642.77552857143,1399.09471428571,1243.43912857143,1424.45660714286,993.821142857143,978.795607142857,1627.87957857143,1209.77235714286,602.12945,1291.36385,1084.36085714286,962.293978571429,1370.58585714286,2030.34965,998.321474285714,1651.4611,1793.53943571429,1012.61100857143,1494.66004285714,1221.99934285714,1369.96474857143,1308.31015,1065.89332857143,968.725342857143,1763.64260714286,1710.12840714286,1414.0017,804.677142857143,775.439564285714,1209.25236428571,1157.16497142857,1417.30279285714,1640.77377142857,2223.18168571429,2202.20789285714,1458.53517857143,1399.05466428571,942.555278571429,1840.26930714286,1547.06877142857,483.654557142857,1351.32605,974.973135714286,1396.61202142857,1609.08192857143,1450.40725714286,1632.40487857143,1640.80656428571,1342.73595,1267.16390714286,1627.7047,1355.57255,1102.16865,1076.05035714286,1542.44160714286,1636.26408571429,1278.05269285714,1490.86465714286,1807.75657142857,1875.7798,1291.60398357143,1362.85853571429,1150.87841428571,1335.19873571429,1411.951,1533.23836428571,1442.14510714286,1085.05767857143,1029.7447,1490.76891428571,1394.32747857143,1566.26495,1461.05859285714,1540.69037857143,1713.60187857143,1732.85646428571,980.127357142857,1223.77790714286,1943.27395,1591.15170714286,957.73535,1135.37695714286,1107.60773571429,1092.06825714286,1130.07454285714,1237.63725714286,1466.74715714286,886.145014285714,1676.39697857143,1107.86584285714,1385.92265714286,1598.5093,1349.03208714286,1477.47047857143,1444.52890714286,1656.24602857143,1740.65667857143,1269.73095,1851.99744285714,1886.49787857143,1387.31843571429,1219.06850714286,859.274085714286,1555.48512142857,1195.93742857143,706.434025714286,1058.17650714286,1656.7083,1159.6969,1347.67787857143,1501.15695714286,1424.45204285714,1151.50162857143,1313.65566428571,1543.94447857143,1454.75854285714,1711.57894285714,1974.07163571429,1182.19279285714,1303.04617857143,1505.13330714286,1432.28277857143,1161.75019285714,1632.06596285714,1541.10355714286,1895.57585,1170.67111428571,1313.33696428571,1852.02720714286,1083.83393571429,1939.65747142857,1558.74640571429,1436.97127857143,1572.96489285714,1746.37909285714,1866.76219285714,1536.6541,2075.01265714286,1083.15906428571,1637.38907142857,1357.59620714286,1552.1243,1510.6433,1234.93009285714,1539.23301428571,1908.29675,1335.38757857143,1308.77297857143,1352.69392857143,1708.17117142857,1123.77435,1044.70543571429,1310.91776428571,1026.17357857143,1421.88583857143,1003.42640714286,1011.82701428571,1734.59961428572,958.406185714286,789.846671428571,1158.28645714286,1212.48388571429,1642.85177357143,1807.11555,1887.10825,1721.06463571429,1314.20882857143,924.267671428572,1769.56720714286,1646.86625714286,1319.06300714286,2176.30019285714,1168.32530834286,1508.96794285714,1326.75804142857,1300.31042142857,1094.10815,886.172514285714,908.407871428572,1589.13175,1299.93685714286,1416.28190714286,1392.87713571429,1651.914,1488.98287857143,1227.65165714286,1614.83473571429,1239.31444285714,1541.53238571429,1737.67174285714,1321.03755,1668.30645714286,1354.34287142857,1925.28899285714,1798.45484285714,1417.30037142857,1496.59601428571,2294.35795714286,1856.63571428572,1623.605555,1526.1911,1781.54797857143,1115.90786428571,1525.11195714286,1796.81718571429,1457.17076428571,1821.26655714286,1500.58853571429,1235.45961428571,1445.78622857143,1613.68821428571,1660.97546428571,1735.73356428571,1137.99755,1229.1261,1477.32408571429,1340.32685,1107.07046428571,1380.02301428571,794.950928571429,623.03293,624.538435714286,890.921057142857,1423.47896428571,1180.86035714286,1070.27295428571,927.206764285714,948.04703,1027.52415,668.855832857143,602.941967142857,2171.841555,2310.19473928571,1649.92509285714,1762.6913,1493.88612857143,1133.78175714286,705.718535714286,1396.12417142857,1358.64245714286,1288.02119285714,1330.38796428571,1453.87812142857,1731.39752857143,1548.76855,1687.3844,1476.12322857143,1061.95784285714,1294.80325,1520.19047142857,1286.85095714286,1590.65892857143,1399.80030714286,950.139164285714,1364.67215,1461.90295,679.755085714286,1323.42504285714,989.129034285715,1421.57226428571,1307.71526428571,1973.78235714286,1404.60303571429,1799.51425714286,1276.89243571429,1120.09931428571,1023.49668428571,1470.18467857143,994.638421428572,1231.41112142857,1113.15172142857,684.43965,1512.92721428571,1684.72334428571,1461.55775714286,1370.56895714286,1415.59864285714,1246.67726428571,1069.14064285714,1489.97097142857,1433.0425,1395.86114285714,1573.49455,748.583735714286,1146.39003571429,986.441934285714,1994.31918428571,1866.89649285714,1344.36906428571,2072.36258571429,1668.38352857143,1575.37247142857,1686.84434285714,1604.44004285714,1365.97964285714,1088.62261428571,1119.34027142857,1412.94917142857,1569.64794285714,1917.95629285714,1840.0895,1609.97171428571,1728.65772142857,1828.91196071429,1403.82892142857,1301.86499285714,1348.15073571429,1437.78778571429,1091.47330714286,1310.61795428571,1825.44882214286,1656.65854285714,1789.60657857143,1442.56936428571,1781.32791428571,1317.70533571429,1540.59892857143,1607.36979285714,1152.78081428571,961.807064285714,1418.28406428571,1157.0792,1504.77715,1595.40656428571,1748.96044285714,1824.17794285714,1356.07837142857,1704.5135,1598.71957857143,1596.72858571429,1798.66672857143,1335.06858571429,919.382828571429,1137.72062857143,1685.79698571429,1782.91489285714,2067.21212142857,1573.14060714286,1828.08612142857,1316.20595,1221.42941428571,1007.40404357143,1548.16083571429,1816.01898571429,1371.89057857143,1319.01835,1171.80310714286,772.232328571429,1413.16418857143,1081.85057857143,1576.91873571429,1581.96053571429,1347.34563571429,1272.26226428571,1541.52906428571,1141.03780714286,1761.75402142857,1747.36050714286,1132.1695,906.68226,750.82353,1552.23966428571,1302.09796428571,1462.29614285714,1282.78615714286,1495.78508571429,1400.52907857143,1138.58601428571,1778.11647142857,1766.70987857143,1414.28257857143,1296.56437142857,1479.00505,1849.08327857143,654.00555,1522.68287142857,1589.66774285714,1822.00243571429,1971.44325,1560.30884285714,1665.42571428572,1603.14912142857,1453.83,1307.74985,1232.01915714286,1563.85315714286,1378.82684428571,1012.23302714286,1250.06875,1442.35535714286,1694.77494285714,710.298921428571,1116.13304285714,1789.50173571429,1793.73596428571,1575.74350571429,1368.78652857143,1194.4947,1042.40211785714,1507.94514142857,849.259635714286,1128.12376428571,1242.8083,1275.57323571429,1237.87617142857,1214.55609285714,1267.53969428571,1607.27224142857,1858.88875,1089.35469428571,1442.13391428571,1442.55248571429,1432.29090714286,1512.85477142857,1556.70785714286,1247.1379,1561.89125,1756.02831428572,1242.03525714286,1445.30002857143,1729.56313142857,1708.52127142857,1491.32937857143,1367.27574285714,1142.30825714286,1172.43642857143,1377.1227,1420.86717142857,1371.70358571429,1133.06857142857,2068.303725,1681.79782142857,1367.72965,1474.78592857143,1056.84831428571,1444.05529285714,1567.12378571429,2166.51775,1030.74213571429,1155.32842142857,882.137221428572,1472.23060714286,1551.84153571429,1551.33515714286,913.457764285714,1185.75039285714,1254.38694285714,1211.57760714286,1385.47155714286,1588.9349,1527.00427142857,1090.16825,1151.33708428571,1203.84447142857,1252.42983571429,2157.69575,1478.65763571429,1279.3164,1319.95645714286,1189.28869285714,1423.16171428571,1410.06324285714,1259.99991428571,1284.19268571429,1360.05736428571,641.910528571429,1403.5058,1223.85047857143,937.516971428572,1107.09452142857,1352.96537857143,1692.76581428571,1082.17092142857,1525.04145714286,1716.49579285714,1654.69154285714,1467.14355714286,1444.41391428571,1697.1565,1535.45676428571,867.80815,1279.92123571429,1207.28141428571,1128.38662142857,1716.18936428571,1585.18485571429,1853.90745,1210.49706142857,1236.80347142857,1574.77389285714,1361.53069285714,1428.1594,1466.91775,1712.67536428571,1300.52035,1922.89197142857,1483.7771,1689.47479285714,1775.15247142857,1342.19916428571,1601.29642142857,1295.87035714286,1588.75333571429,1083.66804285714,1433.08953571429,1846.37533571429,1453.33869285714,1250.11647142857,1116.55366428571,1231.07791428571,1405.72522857143,1958.67265714286,1773.00870714286,1960.80805857143,1655.35767142857,1478.08572857143,1273.15927142857,1498.59862142857,1548.57926714286,1318.30995714286,1761.41385,1805.97876428571,1299.60207857143,2051.3045,2147.72046428572,1465.21941428571,1821.70848571429,1164.80880714286,1529.56586428571,1363.92776142857,1298.23041428571,1523.31319285714,1082.92647857143,1099.72052142857,1661.69315,759.356992857143,1328.53047857143,1410.64037142857,1800.5809,1419.55844285714,1332.70905,688.504605714286,1516.12993571429,711.681864285714,1265.89105,1577.99996428571,1323.62484285714,1322.86150714286,1342.9318,1596.91308571429,1426.5003,1213.78584285714,1335.02590714286,821.999364285714,994.996667142857,1043.86227214286,900.019725714286,798.574006428572,1283.84246428571,1543.77467857143,1318.52821428571,1854.23197857143,1344.18935714286,1353.83703571429,1105.85478285714,1586.38375714286,1810.96142785714,1345.70457857143,833.481821428572,1584.36536714286,1217.6778,1134.14627142857,1930.33187857143,1826.82228571429,1246.93885,1202.73215714286,967.541535714286,1553.2524,1228.22089285714,1469.77977142857,1756.76542142857,1251.51824285714,1094.14253571429,1138.60716428571,1166.94072857143,1477.48882142857,1546.29655,1562.08058571429,2008.67770714286,1763.05607857143,1246.619695,1197.54646428571,1342.20327142857,1211.13613571429,1248.53324285714,1275.38627142857,1002.25338571429,1545.96246428571,1477.27241428571,1250.85695,1598.62104285714,1276.37171428571,1144.86798428571,1920.21934285714,1687.28969285714,1276.92957142857,1804.44627857143,1760.13634285714,1823.54789285714,939.136601428572,1000.02277857143,1007.68987142857,1283.34757857143,1657.95099285714,1222.26582142857,1768.85987142857,1899.29655,1460.54807857143,1238.11854285714,1172.05322142857,866.339235714286,679.134864285714,1686.16743571429,1649.71109285714,787.5004,1590.79541428572,1319.63,1144.59482857143,982.476557142857,1005.90689285714,1175.33233571429,1316.17202857143,723.146964285714,1104.04775714286,1230.82054285714,1447.05669285714,1405.56915714286,1758.71958571429,1950.44149285714,1361.09835714286,1082.00215714286,1342.29785714286,1207.7785,735.591664285714,857.513902857143,464.767764285714,734.860364285714,1018.28465,1519.15977142857,1652.22512142857,1608.0835,772.188485714286,1554.03122142857,808.687035714286,1630.91687142857,1354.69237142857,1157.28066142857,1139.21991142857,1464.17827857143,694.886735714286,1604.55512857143,672.992414285715,1789.22105714286,1372.08024857143,1052.36972857143,1396.21081428571,930.042392857143,1306.15824285714,1797.28148571429,1474.19673571429,1514.83214285714,1567.12087857143,2308.39496428571,1667.69489285714,2378.43708571429,2084.26338571429,1654.78214214286,1199.6015,1424.70371428571,1312.79191785714,1749.46255,1442.85520714286,1784.12665,1248.63379285714,1083.70528571429,1742.20065,1536.74978571429,1485.23277142857,1535.82709285714,1088.26107142857,1190.09340714286,2050.56124285714,1829.0885,1213.34619285714,1795.18406428571,1913.58696428571,1733.57562857143,1765.02769285714,1051.77060714286,1526.07277142857,1421.82532857143,1659.43815214286,1244.48335,1199.53257857143,1448.26025714286,1269.76315,1220.00638571429,792.126821428572,607.763202857143,862.844992857143,1516.41139285714,1947.97632857143,1128.477,1476.06537142857,881.459164285714,1330.67725,1523.17859285714,1457.79300714286,1154.52912142857,1213.41218571429,1630.73197857143,1651.87094285714,1740.89941428571,1550.03566428571,1456.76148571429,1758.41013571429,1219.62986428571,1415.31031428571,962.972878571429,1528.08583571429,914.597228571429,1567.91018571429,1346.68134285714,950.670364285715,530.507371428572,1284.292625,1743.05269285714,994.784685714286,1505.33855714286,1536.54909285714,1197.31152142857,1421.7384,1549.90155714286,1403.61640714286,1222.25954,1352.75012142857,1474.54464285714,1794.04477857143,1504.63406428571,1920.40272857143,1858.78384285714,1314.38693571429,1511.86046428571,1119.62067857143,1635.2408,1447.01974285714,1218.73192857143,902.159185714286,740.729828571429,1445.56922142857,1395.30929285714,804.726064285715,1325.32994285714,1208.94646428571,1503.06697142857,1658.07281428571,1293.21312428571,681.988771428572,1339.47102857143,867.230857142857,1218.20077142857,1549.72229285714,913.275392857143,1424.64245714286,1066.25839285714,995.4335,1582.74042142857,1591.50545,1811.47417142857,1880.67087142857,1070.71146357143,917.090757142857,1191.56096857143,1332.75544,1160.34165714286,1936.34048571429,2129.50627857143,1904.067,1799.37000714286,1837.30528571429,1387.3576,1213.33493571429,1762.23984285714,917.968978571429,1065.99285714286,1062.69785714286,1982.43333571429,1984.64679285714,1569.83445714286,1182.61382857143,1273.93488571429,1239.45915857143,1351.95126285714,2178.00682857143,1738.92623571429,1509.37075,1224.79966428571,1629.1164,1013.26579285714,1009.89675,1272.19018571429,1111.95230714286,783.486735714286,1323.02586428571,2057.15949285714,1095.13017857143,1628.25264285714,1579.86979285714,1632.00074285714,1258.71173571429,1540.85002142857,1696.59217857143,1440.47640714286,1454.19461928571,1265.95354285714,1966.59987142857,1987.02597857143,1410.39877142857,1291.05720714286,1093.80612857143,1314.1227,1767.94555714286,1724.17756428571,1467.19777142857,1398.50479285714,1620.67962857143,1770.38971428571,1629.41944285714,1277.06188571429,1362.43163571429,922.747157142857,1530.55523571429,1743.81142857143,1297.54625,1581.46515714286,1504.13327142857,1046.38422142857,1252.59134285714,1465.39545,1112.01936428571,905.853171428572,1365.22503571429,1617.16584285714,811.107678571429,1306.01276428571,1459.50209285714,898.365821428572,1193.20173857143,798.941028571429,1307.83507142857,973.7694,1012.06847857143,1475.87191428571,1579.59743571429,1591.12872857143,2109.47642857143,1302.14719285714,1055.96729285714,1809.63260714286,1293.01907142857,1147.39075714286,1665.87778571429,1559.98312857143,1096.53491428571,1405.95997857143,1532.10539285714,1180.47065,1497.87300714286,1476.23382857143,1194.0682,1427.7887,1586.00447142857,1480.94283571429,1328.12764285714,1869.67412142857,1883.70637142857,1889.08054285714,2108.29261428571,1852.7019,1443.56397142857,1384.07571428571,1121.22390714286,1352.76532857143,903.321357142857,1094.37457428571,715.964935714286,1299.43028571429,1774.84257857143,1365.32629285714,2066.94584285714,1695.75537142857,1828.36528571429,1505.05440714286,1300.23312571429,1989.337032,1243.89452142857,1270.63220714286,1386.66628571429,1525.11585,1124.88303857143,1692.16635,1119.3112,1330.28495714286,1379.72605714286,1988.22385,1734.97579285714,960.973292857143,1581.55282857143,1487.14487857143,1814.77346428571,1616.35286428571,1051.75632142857,972.162092857143,951.3198,1709.42628571429,1108.67152857143,1591.72032857143,1823.22220714286,1383.25356,780.782577142857,1147.53405714286,1419.38045,1745.08688571429,1637.09702142857,1943.18042142857,1235.6795,1641.75160714286,1337.08409285714,1114.16853571429,1425.40488571429,2158.15165714286,1424.82139285714,1404.76833571429,1466.96470785714,1490.4113,913.368214285715,1306.43183571429,1474.37218571429,1839.77846428572,1472.19874285714,1487.56962142857,1832.89202142857,1014.12589285714,1028.70858571429,1402.26197857143,1544.64075714286,1223.23978571429,1403.18763285714,1646.11447742857,644.405385714286,1021.51560785714,1855.60299285714,1431.82181428571,1508.87632857143,854.73515,1117.60588571429,1725.60309285714,1245.94716428571,1494.29832142857,1561.99915714286,1541.90153571429,1455.11245714286,1524.43273571429,868.416642857143,1454.49890714286,1325.60288571429,1348.96835714286,673.526431428571,879.449735714286,966.178128571429,1237.82056428571,1595.06002857143,1083.48600714286,820.3364,1118.56178571429,1655.63166428571,954.333692857143,672.990335714286,1324.05258571429,1551.89302142857,1629.80205,1994.4536,1319.93103571429,994.770111428571,1214.5837,1221.55499285714,2061.01999285714,1361.82298571429,1171.11503571429,868.115264285715,1116.43917142857,1481.19315714286,1709.14902857143,1329.52384285714,1255.98807142857,1496.00608571429,934.5756,1119.48494285714,1714.04314285714,891.963528571429,726.634571428571,1532.09134285714,1041.55394285714,1355.68112857143,1154.79819285714,801.726407142857,1503.02802857143,1123.15909285714,1039.23326428571,2002.48955,2026.92988571429,1353.65927142857,1132.47424142857,1392.76055,1388.22196428571,946.120429285714,1658.38472857143,1896.82456428571,973.127964285714,843.437721428572,1123.31319285714,852.907335714286,513.564907142857,745.020478571428,844.974192857143,752.941407142857,872.071935714286,901.694321428572,1388.7244,1306.12246428571,1846.99937857143,770.380542857143,925.730428571429,1395.07574285714,1780.65873571429,1991.68720714286,1160.89930285714,1000.68500714286,1009.02047857143,1461.99668571429,1342.11740714286,791.6404,992.619,1088.99655714286,1375.64668571429,1569.41151428571,1509.39577857143,1807.89872142857,1556.03706428571,1396.09999285714,2069.13983571429,1475.47249285714,1568.24985714286,1160.90728571429,1701.23335714286,1663.16657142857,1106.37782857143,1666.62023571429,573.125574285714,1510.74925,1640.03507142857,1725.59467857143,1687.75034285714,1407.02804285714,1702.01460714286,1755.62658571429,1598.6715,1811.96922142857,1475.42212142857,1065.82024285714,935.987585714286,1390.88048571429,1371.23594285714,1260.65060714286,972.643542857143,1407.14116428571,1636.06839285714,1386.63685714286,1361.74882142857,1128.01575714286,1433.19853571429,1579.08761428571,1528.90461428571,1543.79066428571,1213.13977142857,1182.96712857143,883.610131428571,1093.09786428571,1610.09879285714,1607.71045714286,1575.80617857143,1626.79424285714,1643.84126428572,1886.2717,1302.70864285714,1154.18062142857,944.756857142857,1145.41000714286,1342.28612142857,1569.13335857143,1084.53755,1286.80620428571,1377.99837228571,1112.67365,1102.57848571429,716.185385714286,1256.70759285714,1412.56206428571,1487.66298571429,1411.59027857143,953.69675,1110.58277857143,579.775664285714,1058.99643571429,1516.94319285714,1631.8663,1340.58423714286,1455.5236,1271.00068571429,1244.0537,1323.7758,1422.49928571429,885.0358,1147.35926428571,1687.82862857143,1689.14263571429,1374.15606428571,1624.07745714286,1303.14657142857,1080.48742142857,1858.45432857143,1714.70082142857,1431.79199285714,1715.1061,1402.42783571429,1452.30617857143,1367.37579285714,1630.14157857143,1111.28709285714,1399.23965,1580.07492857143,2409.10391428571,1312.27463714286,1380.09388714286,1586.53372857143,1285.74625,1179.35450714286,889.663921428571,1450.75175,1234.4694,1150.67480714286,1297.46405,1372.08281428571,1545.29727142857,1144.41568571429,998.076064285714,1567.31455714286,1333.46101428571,1626.58293571429,1020.03622142857,1006.81105,1118.98318142857,1534.19499285714,1407.93342142857,1110.62032857143,1475.45494285714,1053.11938571429,1160.52512285714,1421.71191428571,1519.21064285714,951.919007142857,739.689385714286,1305.68970714286,1006.51057857143,1380.94392142857,764.5898,606.62107,1389.13512142857,1805.58027142857,1364.22315,1867.15226428571,1077.57565714286,1399.22912714286,1268.47275714286,758.224785714286,746.817764285714,642.121864285714,743.0244,1028.47611428571,1219.77377857143,1460.76929285714,1493.04187857143,897.1926,1123.43475714286,1616.356,1506.67464428571,1487.72251428571,1572.76848571429,1111.88636428571,1092.43079285714,854.618201428571,1122.40126428571,812.781985714286,1260.28116428571,1381.71725,627.567957142857,1507.72165,1847.07847142857,1166.26577142857,1262.06449285714,1212.4144,837.034064285715,1785.57180428571,1440.11722142857,1411.02724285714,1988.96444285714,1885.65306428571,1407.42557142857,1616.48527142857,1152.34262928571,1053.3947,936.098614285714,1594.30731428571,1182.33981571429,1189.80325,1793.20425714286,1883.25973571429,1112.69942357143,1152.81462857143,1410.07081428571,1189.65544285714,1655.99707142857,967.346728571429,1353.08432857143,1252.03338571429,1562.69636428571,1116.55554285714,1589.84994285714,1091.36555,1199.50075714286,772.182978571429,1189.13430714286,1813.0536,1427.16473571429,1396.44568571429,1189.90692857143,1576.01942857143,1030.65648571429,666.172978571429,1007.43686428571,839.493364285715,1210.09955714286,1444.98834285714,1660.27448571429,1133.64924285714,1244.62497285714,960.686364285714,1644.08070714286,1726.74842857143,1310.62140714286,1316.36734285714,1042.42330714286,1419.84941428571,1606.71511428572,1275.66279285714,1693.21693571429,1648.72456428571,1117.63395071429,1177.38976428571,1128.74864285714,1343.94390714286,1460.10222857143,1400.84161428571,1691.38897857143,1034.92017857143,1964.01607142857,1580.32590714286,2047.21667142857,1462.04630285714,1644.42926,1419.84475,1599.14115,1739.43708571429,1492.55291428571,1120.08462857143,994.638727142857,1613.02482857143,885.856528571429,594.99335,897.852037142858,827.635835714286,1273.64172857143,1649.34593571429,1108.57192857143,1492.46428571429,1678.57824285714,1578.12735714286,1004.28430714286,1140.57768571429,1215.19501428571,1095.83422857143,1827.21053571429,1558.04636357143,1389.00075714286,2052.05879285714,1095.61053571429,1821.83437857143,967.144042857143,594.708392857143,985.522256428571,1363.89628571429,1288.69307142857,1206.02762857143,1637.14440714286,1418.66,807.317835714286,753.741271428572,873.362542857143,1509.36692857143,986.28175,1689.22309285714,1657.40790714286,1621.45761428571,1485.20655714286,763.819692857143,1537.41981428571,1463.10225714286,1905.50555,1907.50957142857,1821.07202857143,1401.99865714286,1597.77227142857,1719.92309285714,960.085624285714,1343.52822857143,2014.78948571429,1358.42779285714,1235.78601428571,929.58365,1027.13311428571,1079.18770714286,1361.34680714286,1641.57325714286,1424.04141428571,1165.78869285714,1146.02243571429,1439.56932857143,1742.86497142857,1542.75231428571,839.1216,1806.14626428571,1443.57677857143,1012.57280714286,1198.28075,1021.95872857143,1418.26627142857,2397.94932142857,1434.62645714286,1350.09665714286,1083.81822642857,1245.33335,1254.39612214286,1582.57578571429,1072.94684285714,1251.21085714286,1521.36359285714,1202.09297142857,1225.46747142857,1479.49810714286,1451.45485,1722.53870714286,1394.8042,1019.59553571429,1079.55077857143,971.337171428572,1139.43555142857,1181.3155,1288.04879285714,1976.0845,1618.1941,1520.55552857143,1098.32151428571,1234.54724142857,1110.1217,853.87,558.422721428571,1064.37977142857,998.391671428571,812.319942857143,1900.42634285714,1188.6135,1273.67419285714,1072.62398571429,1271.14574285714,1468.30301428571,1510.57072857143,1777.53145,1839.62992142857,1203.83814285714,1060.71214285714,912.996435714286,1239.43437857143,1041.96132142857,1023.19055,1322.90025,1262.24797857143,1555.48569571429,1368.47624285714,877.870128571429,1212.23262142857,1171.5023,1450.04392142857,1582.05292857143,1168.00877857143,863.767307142858,1194.01078571429,856.015964285714,1122.37185714286,1176.16451142857,1205.09758571429,1328.39794428571,1668.65662785714,1467.70363214286,1237.18025,1307.10984285714,1160.26368571429,1507.92997142857,1506.32622857143,1855.5553,1307.41680714286,941.287165714286,1130.42324285714,1330.24307142857,1042.71460714286,1516.26648571429,1350.71418571429,965.669671428572,1544.4524,1428.56575,1554.13518571429,2188.4471,1701.1253275,2194.20197857143,1397.74672857143,1080.41955,1066.15477857143,1589.87913571429,1680.27251857143,1936.83075,1847.22216428571,1611.07171428571,1082.47402142857,709.653115285714,1425.23496428571,1523.76035,1400.32808571429,1801.69694285714,1609.89529285714,1808.15956428571,1304.10005,1956.49411428571,1371.69074571429,738.56955,841.621378571429,850.307114285714,863.32264,1777.79727142857,935.819707142857,1448.30633571429,1117.73713,924.300935714286,848.4277,961.42995,993.182392857143,1022.22417142857,826.1793,1272.76094285714,1607.69967357143,1691.75981428571,1938.60852142857,1476.70513571429,1293.55010714286,1299.85862142857,1431.50493571429,1484.03081428571,1523.49655,1255.13657857143,1331.87652142857,1763.61722857143,1288.26971428571,1684.12228571429,1805.62025,1759.54023571429,1498.67618571429,1685.75077857143,1861.87500714286,1329.56587142857,1866.03245714286,2061.78491428571,1617.31891428571,1922.02778571429,1972.91575,1590.03842857143,1511.62444285714,1379.44467142857,1224.10314285714,1228.86936428571,1362.4291,1757.61902142857,1557.6693,1653.45578571429,1912.32932142857,1905.19539285714,987.623728571429,780.481407142857,935.770021428572,1592.49260714286,1109.88053571429,1251.49417857143,1394.70476571429,1274.8302,1437.22297142857,1334.14309285714,1875.77902857143,1726.37924285714,1561.57818571429,962.965635714286,1450.23921428571,1350.46272857143,1850.17054285714,1626.96205,1171.00631428571,960.482271428572,1304.36867857143,1501.80748571429,1416.2165,1589.96936428571,1806.04673571429,1359.67797142857,1729.65412857143,1662.63255,1244.92873571429,1246.03042142857,836.351785714286,1029.78622142857,1220.30657142857,1464.7107,1432.91387857143,2021.78357142857,1626.18909285714,1358.96492857143,1910.63464285714,1173.37250714286,1423.08361428571,1308.92582857143,1745.68740714286,1419.86192142857,1538.54780714286,1470.5742,1482.13046428571,1712.36032142857,1740.72820714286,1490.50824285714,1170.98663571429,1609.69638571429,1028.58475,1070.29296428571,1418.88309285714,1599.79929285714,1497.36658,1521.76993571429,1293.89917142857,1580.75054285714,1805.56932857143,1742.59645,1867.68944285714,1672.68972142857,1214.49433571429,1293.79341142857,1066.50543571429,1204.02067,1560.59579285714,1633.45082142857,1300.83013571429,1519.00298571429,1694.63248642857,1903.66596428571,1622.73529714286,1603.77495714286,1790.14522857143,1586.00683571429,1639.86120714286,1796.82011428572,1883.49445,1482.86705714286,1159.98898,1561.97292142857,2227.29782857143,1648.46474285714,1296.11225,1288.88089285714,1387.02431428571,740.875342857143,800.313692857143,809.717314285714,879.470542857143,2051.77484285714,707.329392857143,1162.69753714286,1349.63224285714,1059.34806428571,1882.15047142857,1894.17022857143,1750.28950714286,1723.71034285714,1476.16945714286,1281.18202857143,1436.98571142857,842.317507142857,1044.46683571429,816.073214285715,1692.36565,1607.44356428571,1349.6729,1315.64610714286,1115.5818,1299.52769285714,1588.24227142857,926.704757142857,1208.03124285714,1448.11637142857,1580.87346428571,1638.36009285714,1200.60617857143,1157.72458571429,1895.17937857143,1230.97582857143,1154.74980714286,1411.98792142857,1765.15596428571,1392.55925714286,874.110747857143,1030.74577571429,1089.00899285714,868.67835,833.131982142858,1265.53185,1353.94008571429,1113.85729285714,1477.19865,1500.09307142857,1688.99639285714,1623.39291428571,1394.78752142857,1313.90674285714,851.25597,1375.99312142857,1296.65415714286,1003.20208571429,1340.61139285714,1205.12962142857,974.050285714286,1107.42087142857,1116.26233571429,1359.38493571429,855.586828571429,1488.59652857143,1467.78317142857,1117.2472,1662.79855214286,1696.73281428571,1584.98577142857,1609.10175,1712.46637142857,1043.49162142857,915.819841428572,1464.66111428571,1819.07499285714,1484.05836428571,1838.34699285714,917.630664285715,1123.4885,1461.63267857143,1427.97629285714,2253.00532142857,1794.30245714286,1724.96856428572,1461.46503571429,1597.15835714286,2268.14527857143,1769.34839285714,999.951464285714,1739.28165714286,1811.22955714286,623.635538571429,996.23405,1219.96037285714,1489.40369285714,1701.33014285714,1522.92166428571,1516.74352857143,1407.9384,1616.24386428571,1596.41925,1631.66575,1179.43297142857,1547.11041428571,1368.85384571429,1381.36733571429,1724.39673571429,1173.69322857143,1744.55550714286,1199.64477142857,1214.16819285714,908.6683,777.016564285714,1449.81442785714,1263.56052857143,1115.08703571429,1661.86256428571,753.845285714286,711.042678571429,894.966457142857,1215.96978571429,1559.59662142857,1626.40003571429,1466.10547142857,1089.32282142857,1169.21117857143,2024.38678571429,1771.18924285714,968.237935714286,1067.99221714286,1165.60837,1121.28681428571,1264.95912142857,1593.38127857143,1147.8128,1777.83467857143,1343.66092142857,1285.06660714286,1712.69887785714,1712.19322428571,1627.76199285714,1979.38146428571,1442.23839071429,1639.91642142857,1155.57338642857,1133.64397142857,936.738614285715,1258.87107857143,1106.2992,1171.32268714286,746.653471428571,704.884645714286,1037.63905714286,1479.12234285714,1463.00802857143,1440.02237857143,1435.44939285714,1455.87481428571,979.068242857143,1083.28085142857,927.876757142857,1342.39971,864.627937142857,1323.18371642857,1024.18886928571,856.398698571429,1404.05321928571,1042.452245,657.76945,1120.55347571429,878.197357142857,1759.32425,2107.13078571429,1455.68976428571,654.533708571429,1124.51639285714,692.507885714286,1634.16628571429,1477.78013571429,1144.42682142857,1878.3215,1386.24062857143,1816.4888,1149.10465,992.96805,1031.62690714286,1232.81008571429,1054.93604285714,1606.12360714286,1141.6894,504.044221428572,1905.56807857143,1143.66582857143,1753.22310714286,1719.82008571429,931.374885714286,817.260478571429,1595.28480714286,968.231357142857,1232.63823571429,1541.64646071429,1607.9196,1178.41898571429,2028.63976428571,953.190121428572,1261.99262142857,1496.05912857143,1615.39663642857,1686.86850714286,1436.52541428571,1094.83815,1229.4899,1432.41260714286,1353.18900642857,1697.45858571429,1902.10859285714,1485.62353571429,936.392857142857,1229.12856428571,1161.43670714286,1478.17455,1320.91437857143,1149.84067142857,1661.77797142857,1530.38778571429,1424.02032142857,1888.36311428571,1403.15259285714,1263.50362142857,1557.0199,1060.95645714286,1360.19996428571,1023.39017857143,1304.31539285714,1070.16980071429,1594.44135714286,925.414278571429,1148.51285714286,544.432457142857,1349.16352142857,754.679187142857,1633.92387142857,1197.37046857143,1408.84617142857,1604.72914285714,1252.57557857143,760.626571428572,1094.91288571429,1177.66149285714,1273.34315714286,893.094464285714,768.825625714286,1241.49975,1353.22915714286,1599.38915714286,1269.09335,1938.84987857143,1666.83339285714,1545.69634285714,1390.78172142857,1186.33061428571,656.056364285714,921.226128571429,764.435528571429,1073.63636428571,1413.98497857143,1685.00368571429,1180.09170714286,1661.89212142857,1251.61175285714,1915.39324142857,1665.28004285714,1895.30965714286,1455.49602857143,947.836814285714,1298.7293,1429.50435714286,664.582021428572,745.255771428572,715.804157142857,1289.38530714286,1680.68712142857,1626.3342,1389.72100714286,1729.88467857143,1594.12810714286,1296.96741428571,1425.44236428571,1631.13932857143,1329.65044,1554.89216428571,979.649143571429,1795.22117142857,1586.71342142857,955.774021428572,593.479987142857,1678.5468,1485.54784285714,1497.769855,1085.05772142857,1658.82927142857,1666.89787857143,1434.36500714286,928.464871428572,2082.28114142857,1595.46971428571,1628.09195071429,1506.94252214286,1851.56713571429,1678.75197857143,1928.45317142857,1439.32077857143,1035.10329285714,804.3898,1029.81572857143,2103.76817857143,866.815707142857,1833.15927142857,1415.55850714286,1273.03607142857,1275.97156428571,1635.17585,1829.59585714286,1543.86179285714,1559.59773,1858.50784285714,1563.45847142857,1485.37477142857,1605.16115,1396.98993571429,971.030894285715,1398.82682857143,1285.75086428571,1456.02925714286,1512.7771,1374.59590142857,1154.2795,1690.86217142857,1330.40147857143,1104.39496314286,1496.66730714286,1402.80932857143,958.551821428572,1171.64919285714,1844.93337857143,1400.75513571429,1591.23167857143,1512.76635714286,1529.15082142857,975.830085714286,1540.87845714286,1343.91227857143,1526.31790714286,1062.46578571429,1514.42978571429,1875.01709285714,1298.15575,1690.76028571429,1824.67052857143,1310.92849285714,1268.13367142857,1137.96025714286,1276.29169285714,1266.70136428572,1163.3955,1199.5818,917.333428571429,1444.90087857143,1246.03465,1750.56982857143,1027.59698571429,1053.59687857143,686.513228571429,533.075807142857,1287.63102142857,1329.82355,1109.73639285714,1128.18346428571,1898.67382142857,1102.5561,1484.69509285714,1877.64447857143,1987.87527857143,1541.63740857143,988.486185714286,699.547628571429,1112.93885714286,1111.88490857143,1078.48745,661.827414285715,757.877028571429,1017.31594285714,1691.98145714286,1765.76805714286,1598.04596428571,1565.72258571429,1526.18111428571,1129.15955,883.318078571429,1106.05356428571,1195.44623571429,1406.18081428571,654.613835714286,987.339057142857,1557.39187857143,1430.05290714286,1396.0851,1791.91322142857,1782.81543571429,1600.15144285714,1403.50155714286,1011.55712857143,1726.01842142857,1000.26030714286,1325.37538571429,1690.62013571429,1203.38257142857,1069.0683,1292.31613571429,1061.72775,1044.84535,1154.11975,1174.51535,1110.43042857143,1770.53451428571,1132.16306428571,1019.88464285714,955.956792857143,1528.26082857143,1287.37961428571,1741.99357142857,1261.15809285714,1494.31813571429,1394.11013214286,1028.1482,948.125042857143,1320.13889285714,1233.36588571429,1497.81316428571,823.389864285714,819.787692857143,1318.14930714286,1571.88577142857,1489.27215714286,1565.94938571429,1221.72621428571,1067.66187142857,1128.65641428571,945.116671428572,1072.69938571429,1585.88213571429,1305.43644285714,567.045864285715,1412.62034571429,1372.73305,1226.26576714286,1237.04765714286,1523.42442857143,1096.77452142857,1617.79267142857,1391.18652857143,1244.52378571429,726.542792857143,908.18265,1486.33089285714,1223.19329285714,1490.78135714286,1393.86092857143,1126.19647142857,1315.1035,1004.2248,1186.67552142857,1216.61222142857,1212.94700714286,1139.59358571429,1583.45000714286,899.786257142857,1783.86451428571,1806.047,1971,1504.50693571429,1186.55670714286,1352.73154285714,1840.34074285714,2068.31038571429,1799.59070285714,1663.96369428571,1049.06191857143,1321.21075285714,1390.26515,1331.21327857143,1141.05921428571,1627.43755,1312.2014,1647.67415,2070.81772857143,1970.96746428571,1773.11922857143,1647.50403571429,1017.13955,1546.18799285714,2040.01480714286,2115.39007142857,1629.525565,1147.54255714286,1528.89412857143,1464.98513571429,1549.59830714286,1520.16507142857,1480.31495428571,1563.94477142857,1645.46239285714,1533.87533571429,1104.03485,1004.05363571429,1617.99966857143,1683.81852857143,2139.64481428571,1509.23912142857,1016.09139142857,1368.76638571429,590.863297142857,1158.47046428571,1408.71072857143,1455.82364285714,1180.75707142857,1240.6489,1160.37819285714,1031.31633285714,960.4256,1255.00592857143,1161.22788571429,1575.56891428571,1255.20466428571,1156.81373571429,1281.78845,1055.38640714286,1302.11042142857,1063.23792857143,1353.73720714286,1835.16118571429,1921.8119,1667.84619285714,1635.86550714286,1311.09137142857,847.332542857143,1246.65784285714,1406.92767142857,1224.13749285714,1914.49824285714,1478.04771428571,1285.87504,1799.12683071429,1631.89847857143,1677.64255,1608.28636642857,1544.337,922.472678571429,875.985471428572,1123.61268571429,1750.6119,1471.43589285714,827.951641428572,1742.72955,1552.02810714286,1288.10619285714,1562.06925714286,1366.10734428571,1292.80706428571,916.204464285714,1693.91437142857,1752.87272142857,1249.67934214286,2021.47783285714,1338.14339285714,1734.356,1946.61112857143,1680.59132857143,1572.01273571429,1002.54192142857,1419.27469142857,1429.74385,1728.21122142857,1740.83393571429,1472.34857142857,1383.89097142857,1405.26468571429,1491.65425714286,1484.94650714286,1148.25531428571,1306.64607857143,1407.74341428571,1114.79083357143,1144.52492857143,1487.79987857143,1510.1725,1055.15111428571,1300.01605,991.56725,1335.17474285714,946.528628571429,1554.16768057143,1513.75670714286,1053.56803571429,1372.79843571429,1269.10564285714,1386.64747857143,1709.86337142857,1396.41336428571,1675.76890714286,2168.82335,2249.65574142857,1822.63324285714,1551.72365,1252.76548571429,1488.95026142857,1461.91839285714,1366.37702857143,1678.85779285714,1919.10267857143,1604.29734285714,1996.14426428571,1463.19882857143,1634.73109285714,1803.26270714286,1631.10739285714,1197.06502857143,1664.90827857143,867.913285714286,882.205271428571,1453.77536428571,1666.73867142857,1157.57897857143,1547.49084285714,1722.90518285714,1287.95021428571,1735.7619,1970.59444285714,1998.45673571429,1368.67558571429,969.270157142857,1162.86234285714,960.42109,1129.33267857143,1448.39380714286,1567.96394285714,1366.78835714286,1011.81889285714,753.867007142857,1418.55456428572,1230.51215714286,1259.39340714286,647.816142857143,1482.96029285714,782.897035,970.85395,1088.73978571429,1463.08653857143,858.360428571429,789.748678571429,1062.48638571429,460.573848571429,2026.38137142857,1184.35475714286,1307.20682142857,1227.77072857143,1020.80904285714,784.013,976.4332,1404.99105,1139.56753571429,1320.96948571429,1144.93249285714,1611.82734285714,1322.03214285714,1397.64816428571,1590.33622857143,1398.04851428571,1408.63904285714,1581.09767857143,1217.17019285714,1154.12867142857,1669.65496428571,1804.34413571429,1601.98432142857,1196.38859571429,1299.39578571429,958.209821428572,1562.97992142857,1474.56193571429,1032.10826714286,873.741921428571,1321.19561428571,1618.04344285714,1348.7705,1428.18317857143,1595.77438571429,868.998892857143,1356.95721428571,1639.63832142857,1215.03278571429,1918.28223571429,1282.02872142857,1478.52988571429,1108.94194285714,1579.32025,1331.01672142857,1142.32768857143,1083.80706428571,1332.43466428571,1050.25089285714,1114.21441428571,952.35025,1522.59531428571,1397.2904,1161.04855,1808.36135,1543.13607857143,1245.76052857143,1216.55851428571,1239.34623571429,1364.78318571429,926.473485714286,1383.40730714286,1138.27884285714,588.323007142857,1157.14170714286,1082.14342142857,644.582442857143,851.998071428572,851.435271428571,1283.00201785714,1215.87723285714,1164.19402857143,646.474934285714,603.606564285714,1189.11855714286,1142.27280714286,1055.5599,1365.53848571429,1492.26337857143,1402.3097,1011.29388428571,1248.87699285714,1679.45292142857,1526.46415,682.461578571429,1153.68176285714,1387.90779,946.871535714286,928.923982857143,678.939692857143,993.986839285714,1433.13199285714,993.942995714286,982.566421428572,1252.2222,943.915607142857,1162.70255,1293.46390714286,1143.71284285714,1477.27794285714,1451.25343571429,1701.90575714286,1349.00185714286,1407.37418571429,2165.76002142857,1616.51112714286,1537.27181142857,1563.67723,1371.54933,1220.58702142857,584.565357142857,1425.54924285714,788.876657142857,1141.73447142857,830.79955,1606.86762142857,1702.43842857143,1346.87571428571,1058.24644285714,1169.26877714286,1323.06740714286,1972.1211,1482.66129285714,1004.93405571429,1524.60725,1451.76102857143,1593.68628571429,1405.10521214286,1539.12354714286,1459.39559285714,1403.17546428571,1299.90927857143,1352.84370714286,1244.87842857143,1093.31400714286,1753.53211428571,1600.98875,964.145114285714,912.4693,995.098707142857,853.368892857143,979.293521428572,1796.30310857143,1553.22262142857,1498.85955714286,2136.84161428571,1688.45155714286,1208.79264285714,1490.51661428571,1010.18977857143,1207.9365,904.333492857143,1119.65672142857,1526.27763571429,1572.38633571429,1005.27945714286,1223.86126428571,1607.93771428571,2169.80551428571,1568.79887857143,1401.51535,1578.92807214286,927.835635714286,1186.23641428571,1369.53214285714,1396.88482357143,1229.17472214286,1389.24862857143,1573.12383571429,964.75175,988.7098,646.850562857143,1037.70097142857,1208.27295714286,1050.37864142857,1151.43100714286,934.353907142857,1325.27135714286,1406.31276428571,1337.08600714286,1792.99851428571,1057.79892142857,1475.93123571429,1022.90124285714,998.327,1133.87152142857,1533.90063571429,1578.68633571429,1211.69254285714,597.626078571429,1484.47282142857,1158.20121428571,1008.49741428571,1004.60208571429,928.93109,1256.35619285714,1138.71705,812.159600000001,1673.40702142857,1242.25769285714,1277.3221,1651.61184285714,1323.7242,1626.4631,1218.23574285714,1574.93453571429,1072.7644,1501.42257142857,1127.53255,871.242321428571,1180.38836428571,1536.56787142857,1938.34058571429,1892.8578,1121.79183571429,1813.84232142857,1439.84980714286,805.15852,1105.45717142857,979.424207142857,853.98875,1608.03106428571,896.982239285714,1172.72783571429,1236.22456428571,1384.18749285714,1087.33733571429,1100.33344285714,828.399414285715,939.905442857143,1146.75395714286,1355.82601428571,1380.30751428571,1587.12457142857,1199.74114285714,1596.05014285714,939.652564285714,990.452657142857,1040.32337857143,1119.83132142857,1168.14493571429,1228.05315,1222.86842142857,1531.15569285714,2145.04835714286,1692.10363571429,1272.89228571429,1638.68126428571,1864.1334,2138.88756428571,1313.39285714286,1223.6072,790.099621428572,987.7964,1745.90002857143,1593.25251428572,1418.18605,1331.45622857143,1708.27222142857,1248.96657142857,1632.50608571429,1657.67536428571,1934.35301428571,1156.39787142857,1004.55973571429,1781.33017857143,1667.98439285714,1380.27121428571,1914.05182857143,1753.88821428571,1526.47849,1679.40245714286,832.484242857143,862.877821428572,1379.99414285714,1445.53623571429,1552.7319,1974.30189285714,1946.58070714286,1832.500165,805.914943571429,1532.65093571429,1198.53960714286,1165.90925714286,1573.75464428571,1769.79687142857,1564.75152857143,1411.69432142857,2036.41821428571,1458.63989285714,1938.55467857143,1569.54706428571,981.079178571429,1143.03473571429,1227.70685714286,1429.85272142857,841.869214285715,1403.58567142857,1373.06420785714,1388.15387,1049.62948571429,1438.44719285714,1540.61242857143,1378.78551428571,1586.91416428571,2159.0669,1797.21587142857,1620.78946428571,2193.86180714286,1836.99295,1790.23239285714,1499.88612857143,1596.89955,1073.81450071429,2112.71005,1245.01431428571,1487.28078571429,1166.78092857143,1196.20399285714,1276.06596285714,2330.57198571429,1493.92486571429,1461.27300714286,1369.65871428571,1111.58452857143,1041.55751428571,1668.89902857143,1959.50036357143,1530.44618571429,1178.58360714286,1010.3947,2004.27405,1162.07563571429,941.547907142857,1183.71542857143,1261.83264285714,1539.53209071429,1280.64954285714,794.589828571429,1083.32408142857,1400.75887857143,1204.29787857143,1597.1427,1155.14535,1077.30697857143,2093.74277857143,2025.49250714286,1397.97630714286,1465.78740714286,736.542342857143,1039.37262142857,1121.14588571429,1967.40332142857,939.859885714286,1126.90951428571,904.523314285714,1042.65658571429,1487.83472142857,1528.36820714286,673.165407142857,876.823388571429,965.688824285714,1116.26258571429,1204.60654285714,1744.92953571429,1672.53085,957.953664285714,1378.655,1301.43149285714,1706.42904285714,1318.96177857143,1032.67539285714,1399.52937857143,827.381164285714,1662.73066428571,1519.97417142857,1811.80024285714,1307.61754285714,2036.73506428571,1720.61637857143,1093.12145714286,1449.81508571429,1108.09508571429,1835.36392857143,754.485478571429,811.383521428571,1664.41549285714,1545.25062,1361.82982,1520.39438571429,1884.9739,820.582,780.975315,811.810242857143,890.775371428572,866.232735714286,1377.02404285714,1813.04368571429,1597.38457857143,1599.5841,1727.72637857143,1091.20583357143,1615.12425,1085.13736428571,1527.80457857143,1775.89940642857,1519.08139285714,1770.00158571429,1380.76233571429,1532.04278207143,1199.94458921429,1550.27336428571,1221.74922857143,1441.17888571429,1083.97435714286,1746.62389285714,932.550035714286,1126.77775714286,1685.85261428571,1073.34712428571,1757.54524285714,1436.20467857143,1562.02379285714,944.747471428572,1242.70583571429,1180.04313571429,1608.72205,1737.76112142857,1499.36966142857,1551.99406571429,1410.49619285714,1355.98512857143,1453.55765,1173.55218571429,1545.06069285714,1537.94737857143,2090.19377142857,1550.77156428571,1456.75774285714,1564.73466428572,1077.88274285714,1065.69547857143,1315.63195714286,1544.62252142857,1380.76555714286,969.568164285714,934.813907142857,1527.98975,1159.81827142857,1156.44510714286,1557.03091428571,1463.96793571429,1292.68945,1164.89138571429,1228.25433571429,2008.85994285714,2006.23109428571,2046.74257142857,1917.59207142857,1526.18902142857,973.514622142857,2161.96931428571,1326.05987142857,1418.85037142857,1535.49111428571,1996.39510785714,1511.49142857143,1785.66967142857,1142.73487142857,1767.73572857143,1475.22669285714,1335.05432857143,1819.40867857143,1554.67132857143,1246.07783571429,1088.25035,1123.62194285714,760.672287142857,1183.13325,556.527007142857,1416.38680714286,1486.40965,1136.63038571429,973.326221428572,1462.59160714286,1219.5063,1361.04112142857,1076.54382142857,1664.96342142857,1845.88452857143,1118.41229785714,828.41409,1340.66954285714,1402.3085,1845.59212285714,1972.40384285714,1381.53200714286,2024.98057857143,1244.19577857143,1526.87680714286,1539.77722142857,1654.99562142857,1211.84587857143,1626.27378571429,1803.48204285714,1710.76197857143,1072.55233571429,1348.05258571429,747.703102857143,759.521235714286,1210.50117571429,1519.52732857143,1135.66452142857,1157.04010714286,1159.84095857143,1373.30285,1814.85945,1724.31607142857,1332.62562857143,1748.65678571429,1626.09801428571,1692.85352857143,1254.34981785714,1084.78799285714,932.173685714286,995.298595714286,1412.02555,996.914092857143,1369.05524285714,776.081257142857,1335.30947857143,962.688521428572,1223.10033714286,1122.87004285714,777.748268571429,1247.05984285714,986.10045,1268.0824,1268.82107857143,1100.08301428571,1719.11347142857,1537.57166428571,1514.01690714286,1086.07091857143,1216.33677,1119.58629285714,1176.76337857143,1718.33990714286,1181.17764714286,1330.85059857143,661.759025714286,1251.13762142857,1669.69352142857,1678.54391428571,1549.92872857143,1496.11432142857,1924.32025,1644.41527142857,1466.82918571429,874.377057142857,1439.52911428571,1400.6004,1566.49947142857,1422.58821571429,1174.15610714286,1114.44585,1689.51729571429,1797.36782142857,1394.39220714286,1784.27202857143,1384.55890714286,1590.91214285714,1560.03298214286,895.365778571429,1173.67909071429,1492.29203428571,1124.18775,952.763807142857,1461.18575,971.794771428572,925.690235714286,1052.15241428571,2012.88576428571,1388.34602142857,1362.40683571429,1438.35335,929.805421428572,1028.34062142857,1040.02801428571,777.926085714286,922.455614285714,1537.18380714286,1275.77377857143,1729.91105714286,1900.3017,1216.32559285714,1767.00369285714,1415.02427142857,1405.81145714286,1587.42833571429,1546.10102142857,1018.64423571429,1226.90396142857,1541.33375714286,1644.20946428571,2078.83172857143,1292.50204285714,1849.13607142857,1293.37731285714,1291.567,1787.09624285714,1088.17534285714,1238.35087857143,1767.77345,1400.14402857143,829.156792857143,992.508821428572,1087.69543571429,1569.86326428571,829.143485714286,1330.21652857143,1922.41468571429,1263.47865,1509.60242857143,1368.65394285714,919.259571428572,1210.14092142857,1282.59512857143,1355.55318571429,1407.46448571429,1649.50187857143,1166.70605714286,1108.78838571429,1657.33808571429,1309.74791428571,1615.60444285714,1047.92466428571,1452.58881428571,1989.64177857143,1960.45623571429,1484.71482857143,1660.15325,1623.77026428571,1201.98088571429,1597.73657142857,1469.23302357143,1637.2992,1482.60062142857,1532.40158571429,1543.26038571429,1361.6969,1524.62350714286,1716.21613571429,1578.88214285714,974.0307,705.547592857143,1435.72232857143,1047.20928571429,1220.08016571429,968.508407142857,1341.54918571429,1475.02812285714,1414.81043571429,1500.32525714286,1397.19218857143,1933.38264285714,1715.13594285714,933.271992857143,1468.44787142857,1476.42352142857,1256.58732857143,1135.61997857143,1766.33851428571,2294.97005,1164.67078571429,1597.69619285714,1691.56107857143,1805.24410714286,860.230957142858,1904.75062857143,1265.1234,940.879928571429,1675.06238571429,1774.13257142857,2054.37990714286,1393.59315714286,1067.1133,1708.88396171429,1225.51037142857,1320.09328571429,1206.45068571429,1525.36739285714,1558.75881428571,956.828678571429,1154.82547857143,1306.45161428571,1359.91546428571,1678.60802857143,1424.51392857143,1263.88522142857,1728.76091428571,1946.47726428571,1373.09378285714,1966.96735,1701.27879285714,1550.55856714286,2142.72764571429,776.650117142857,1767.42712857143,1274.17112142857,1362.25651928571,1192.10617857143,1535.95868571429,1171.5169,1402.82192857143,979.661142857143,1677.36317971429,1844.73922857143,1016.10295,1164.94971285714,581.405521428572,749.824628571429,2133.72304285714,1313.50313571429,846.25545,1370.36007142857,1535.30242142857,1587.48491428571,1168.97082857143,1483.66720714286,1277.72437142857,1318.44236428571,880.245892857143,1565.10842142857,1407.95446428571,1747.22822142857,1207.19514285714,1024.06977857143,1167.39851428571,755.324864285715,1346.79340714286,1458.02699285714,1273.86407857143,1412.03443428571,1245.62638571429,1438.05711428571,1431.27149285714,1664.79862142857,1675.45084285714,1485.42128571429,1207.94266428571,726.706492857143,646.963507142857,1072.36231142857,1283.14251428571,1723.10886428571,1775.96435714286,1453.32157142857,1126.45648571429,1013.32082142857,806.972921428571,1089.92910714286,1431.2561,1582.20969285714,1736.53043571429,950.921082142857,1229.62667857143,1870.78765714286,1495.75563571429,1620.90425,1376.08453571429,1651.47319571429,1266.15620714286,1017.3024,856.820985714286,1091.9353,1853.86582142857,1546.76069857143,1219.57251428571,1016.73692142857,1002.9992,697.225421428572,867.314378571429,1212.21738571429,1279.82766142857,1053.09437142857,489.313414285714,1587.03616428571,1166.81032857143,1208.66415714286,700.007557142857,912.404942857143,1238.50599285714,1195.07244285714,894.60345,1502.82182857143,1522.6315,1350.67119285714,1183.88071428571,1520.41807857143,1803.88455714286,1603.78008,1672.04737142857,1405.96577857143,1016.35602142857,868.970171428572,1214.50155714286,1527.29145714286,1135.01610714286,961.842757142857,1236.11178571429,1253.43517142857,1194.95452857143,1291.26671428571,1304.5876,837.465871428572,1582.46477142857,1301.41273571429,1535.20648571429,989.398857142857,1509.63343571429,1290.95850714286,1475.70935714286,1328.09712142857,1853.05662142857,2150.49682857143,1527.94504285714,1461.73917857143,1170.92701428571,1416.38886428571,1470.66484857143,1298.80472857143,1374.72928571429,1183.93812142857,1720.80791428572,1184.78627142857,1307.29682857143,894.257864285714,892.6696,1599.61919285714,1298.55667071429,864.987021428572,1396.69733571429,1287.57153571429,1463.49772857143,1712.71725714286,1577.76827142857,1784.31432142857,1842.76529285714,1126.71047142857,1300.30724285714,1425.20574285714,850.415692857143,1335.68029285714,1724.51938571429,1639.58387142857,1365.11552857143,1632.43015,1451.02638571429,1264.90517142857,1480.09277857143,794.562235714286,1640.61182857143,1194.21002857143,1008.92835,994.157828571429,391.200728571429,831.845542857143,896.863385714286,964.206475,1628.18134285714,1205.405,1543.76234285714,1284.22643571429,1623.33697142857,1090.75873571429,1159.43497857143,944.933988571429,1043.37357142857,1664.21225,933.600629285714,918.464771428572,1731.42832857143,1490.43787857143,1739.85850714286,1379.99706428571,1108.70249285714,1326.82965,1556.56589285714,1342.28004285714,1105.92133571429,1733.6319,909.854614285715,651.708835714286,1106.06672142857,1177.48584285714,1516.18821285714,1171.27282,894.59527,1057.1337,878.788992857143,1221.13741428571,1559.99525714286,1553.10785,1117.85381428571,1888.15017928571,1394.65234285714,1732.69630714286,1169.41446428571,1286.90011428571,1440.70491428571,1192.96187142857,1501.48347857143,861.9091,1023.91232142857,1562.30948571429,1321.99230714286,1467.40156928571,1222.12864285714,742.507764285715,1459.59284,1636.36935714286,1404.68837857143,1228.49404214286,1725.04055642857,1628.50579285714,1693.89422142857,1669.23700714286,1230.65088571429,1163.55978571429,1004.99849285714,1184.01404285714,1519.40987142857,1220.10577857143,1677.60092142857,1499.06051428571,1779.50476928571,1346.19479857143,1414.40602857143,1613.78542857143,1871.17867857143,1195.55408571429,928.846764285715,1347.37518571429,1721.11783571429,1238.49148571429,1107.02403571429,1165.93673571429,1867.82787857143,1653.40271428571,800.899535714286,946.832028571429,1188.14322142857,791.9631,953.255464285715,1099.79413571429,1510.09571428571,1349.12461428571,1559.03602142857,1038.64694285714,1162.39134285714,981.830805,1661.60595714286,1107.45807142857,1368.46253571429,1963.00235,1908.36600571429,1184.41705714286,1798.08565,1149.812935,1589.46580428571,1596.75590714286,1027.83900714286,1487.67489285714,905.774357142857,842.548361428572,896.355092857143,1662.19785,759.557652142857,1071.84146428571,1776.49456428572,1520.14256428571,1951.04146428571,1828.3844,2051.96658571429,1595.68504285714,1405.91177142857,1083.88239285714,1015.45897142857,1381.52087142857,1512.50115714286,1505.74072142857,1746.55957142857,871.115678571429,857.98255,1324.88970714286,1022.49805214286,947.056778571429,1089.56436142857,623.250144285714,626.182345714286,1290.78423285714,1365.16008785714,1450.48415142857,1232.83473571429,1031.55975714286,1155.21363571429,1092.701,1508.73102142857,972.749335714286,753.731921428571,1870.82059285714,1336.41662857143,1827.34067857143,1590.75707142857,988.038114285715,1142.83991428571,714.151264285715,970.272985714286,1210.49005628571,1145.49373357143,1376.02760714286,1633.18752857143,1114.82997857143,1673.61432857143,1712.88120714286,1335.0375,1880.53347142857,1047.70447857143,1687.74536428571,1300.44625428571,1363.48023571429,921.000307142857,1100.51553571429,1050.37657857143,1446.21301428571,1176.85085,1358.48562857143,1047.82599285714,591.396264285714,779.529067142857,1147.27036428571,1303.13874928571,1001.26271428571,1415.45281428571,1273.65202857143,1546.65315714286,1064.83218571429,1466.39747142857
36.1020408163265,2002.13241530612,2032.4566744898,1660.32249387755,1860.86855714286,2036.70629285714,1705.86882857143,1080.23454591837,1640.90711428571,1590.09547346939,1859.4411,1826.05848877551,1798.99509795918,1778.52238214286,1749.88789795918,2166.53152081633,1760.97806734694,1311.41003469388,1816.47359040816,1314.83788367347,1567.67727959184,1740.26519693878,1733.21914489796,1648.18115714286,1419.0604122449,1152.07289897959,1190.19089081633,1504.4718877551,1072.58686428571,1271.19030642857,1664.77693877551,708.358789795918,1245.84106836735,1215.14883571429,1823.08941836735,1452.20184693878,1451.79059183673,1280.72886836735,1286.68946836735,1251.85135816327,1331.97469897959,1307.96950204082,1464.47154081633,1884.34736530612,1673.16079387755,1293.98312755102,1557.36090510204,1422.39216938776,2286.41715102041,1970.8309255102,1450.49323163265,989.908837448979,2250.52558265306,1548.14960306122,1310.18659693878,1507.52075204082,1607.2329744898,2005.72970612245,1725.88735591837,1712.31581061224,1411.51936122449,1727.56858061224,1384.00991734694,1804.77215612245,1346.52863877551,1533.02199795918,1732.74719285714,1701.94194816327,1591.87178367347,1393.84695918367,1242.04936020408,1261.45905408163,850.718144897959,1010.40874489796,1053.46609591837,1015.08175816327,741.633008163265,1186.36217346939,986.963362244898,1842.79394897959,1648.17016734694,1648.31797653061,1689.50724163265,1520.45695612245,1300.64611122449,1255.22461122449,1727.12571632653,1438.28943877551,1305.44002346939,1202.03567653061,2145.10417244898,1539.40477244898,1747.43962816327,1596.41777123469,1296.92641734694,1560.8118622449,1084.57717469388,856.833734693877,1308.63302244898,1090.99890612245,1123.05235714286,1454.04976938775,1342.4917122449,1601.37689081633,1735.0408377551,1885.01552755102,1943.4248622449,1154.06709795918,1694.86488877551,1595.91440204082,1767.89628367347,1624.35522142857,1714.09363367347,1962.7160544898,1322.61312428571,1468.36145428571,1732.25872244898,1063.31147959184,1323.60585612245,1813.52007040816,2102.58848163265,1283.12550510204,1291.39683367347,1570.85342244898,1217.57978571429,1799.82279602041,1304.95974285714,1415.79467897959,1732.51165,1727.96530102041,1299.18477040816,1329.30033673469,1631.07128979592,1121.94516836735,1607.28317132653,1971.93344520408,1504.29600306122,1668.86471938775,2061.46627244898,1745.07747857143,1746.59311020408,614.923368367347,743.190633673469,1119.46452755102,1449.94286020408,1093.2724244898,1706.03726734694,1631.74522857143,1634.79240306122,1565.2211755102,1673.66899795918,1736.57668061224,1773.81401734694,983.769171428571,1449.30342183673,1091.48799591837,1476.76840714286,1471.1712444898,1579.74212755102,1498.2476344898,1191.2451222449,1214.77946959184,1742.44884489796,1104.64028673469,1538.29928367347,1293.3837877551,1201.8213744898,1114.29813061224,1181.54496122449,1053.94473877551,1274.5975964898,1739.85290408163,1967.24338877551,1773.0619244898,1353.70524693878,1729.6239244898,1192.37258469388,1262.66407959184,1838.76409591837,1229.55961020408,1515.20877540816,1110.112205,1065.74749897959,1530.38584081633,1747.06341020408,1730.54314795918,1383.90855897959,1645.4460077551,2019.25288877551,1299.54767857143,1310.33511326531,1133.69331428571,1455.97932244898,1615.89711632653,2004.13280204082,999.084717346938,971.956007142857,1109.61754489796,1533.7574122449,1545.30851734694,1081.24236530612,1601.1295322449,542.054266530612,1311.51714285714,1436.14938571429,1337.81824693878,1586.47486938775,1968.7316,1470.92404285714,1318.1169244898,1546.46175816327,1561.82610510204,1540.5641122449,1705.23917755102,1899.68402897959,1520.85760367347,1767.64936326531,1149.48806734694,1402.09001530612,1351.31350714286,1613.71895816326,1252.97303693878,1409.82095,1726.99675102041,1021.36905102041,1212.65511632653,1154.57773061224,1323.07343061224,1570.73670816327,1678.60398979592,1843.23959489796,1853.30913897959,1814.00852040816,1091.64015510204,1626.46011122449,1369.64083979592,1128.52352959184,1320.70222857143,1314.88205204082,542.802990816327,1608.89983163265,1516.65936632653,1286.2269744898,758.889114285714,1827.81338061224,1555.63010418367,1597.04639897959,1526.01756938775,1626.56821632653,1110.79093163265,1173.45687785714,1608.61640744898,1658.36827959184,1668.58164489796,1864.14456061224,1538.4713272449,1952.11147346939,1365.39757959184,1905.47595612245,1265.35155816327,1589.28515714286,1619.83871836735,1507.68074693878,1778.91525510204,1417.96764897959,1453.41326530612,1422.15739387755,1643.17642653061,1687.60018163265,1244.5412877551,1810.64247244898,905.768814795918,1469.82729489796,1669.95561530612,1283.69415714286,1575.90591938775,1299.85640816327,1922.7611622449,1706.64488489796,1312.55618571429,1319.11970918367,1106.70746938775,1409.94840306122,1590.48410102041,1481.18852989796,1922.25226122449,1622.66288877551,1864.5918755102,1703.12106153061,1671.9281122449,1124.45649897959,1087.95034081633,1293.04447755102,1565.2141877551,1354.83119387755,1666.00925,675.856160204081,1487.53572857143,1452.99153673469,1492.61137346939,1206.56158673469,1500.17793571429,1512.70182142857,1719.64712142857,1508.34096836735,1430.92484081633,1403.79267377551,1309.41700571429,1289.32521734694,1121.85157244898,1002.50157040816,1477.46154489796,1412.07371938775,1586.75014489796,1411.16359285714,1779.18978265306,1703.52170816327,2172.84643163265,1823.69776326531,1910.73076734694,1790.81552346939,1230.77723979592,1907.55589489796,2069.04500204082,1559.47405816327,1498.49658061224,1207.20078265306,1112.13905816327,1310.75965408163,1469.08115408163,1286.65391938775,1468.56937755102,1717.04475102041,1937.06243367347,1484.53574285714,1121.14884897959,530.100176530612,1880.79703265306,1946.30016530612,1066.32112214286,897.030893877551,1237.66304693878,1787.21483571429,1931.81829693878,1128.61434795918,1049.96002653061,1342.94617653061,1138.43267040816,854.809096938775,1372.59135306122,1182.27253418367,1598.42057040816,1639.55554591837,1128.59505408163,947.858219387755,1451.88156020408,1293.3962377551,1254.06334795918,1388.66811734694,1562.08319489796,1704.55185816327,1956.8652244898,1318.13285102041,1216.91021020408,1371.79850306122,1439.87262040816,1668.3256744898,1566.63369061225,1324.89528326531,1195.21554387755,1187.31885102041,1467.09390816327,1223.64694489796,1475.48033061224,1488.03327959184,1571.93732959184,1569.17572653061,1681.28614795918,1494.03599795918,1312.55357959184,1719.87644081633,1458.60078571429,1667.61696020408,1519.05265102041,1372.68163265306,934.422684693878,729.884405102041,1627.15325714286,1415.57196428571,1941.81056326531,1178.0935122449,980.618047959183,1097.01784693878,1286.95235,838.82122755102,1455.94041530612,1280.39657142857,1337.61995571429,2224.21082346939,1356.90256530612,1597.12456734694,1397.22696938776,1892.14532142857,1331.92320612245,1291.75135816326,1406.44397653061,1215.23426530612,1146.61681530612,1363.92553265306,1764.88446734694,1750.56999591837,1634.41030816327,1601.55109081633,1680.01154693878,2203.3859755102,1528.3043877551,2088.71424489796,1585.94088163265,1609.49072857143,1318.65821540816,1325.38215612245,1294.53634387755,1807.60735102041,1824.33493612245,978.891492857143,1201.20010204082,1387.64065714286,1522.23776020408,1348.65303163265,1362.77395510204,1594.46143265306,1515.83449489796,1407.61811836735,1648.49017346939,1996.39088163265,2458.84763469388,1153.39280408163,1720.83098877551,1392.76486428571,1386.65276632653,1554.04367959184,1174.83123061224,1603.02458877551,1765.76666530612,1491.19003102041,1625.69600979592,1494.07092142857,962.481011836735,1216.43711938775,1204.79723877551,1599.91067857143,1255.01696326531,1351.26985,998.427683673469,1646.26227142857,1159.49751632653,1241.77712755102,1273.33256836735,1375.70595102041,1865.41810265306,2083.32064285714,1554.21822857143,1203.01409591837,1593.01745918367,1824.90912244898,1829.91024897959,1597.14003857143,1628.79159795918,1614.49294081633,1349.73590306122,1533.50810408163,1217.71144897959,1399.70071785714,1646.46972857143,1576.77155102041,1582.62894387755,1283.61778163265,1136.16849081633,879.957759183674,1160.57685102041,1554.48767244898,2206.35796734694,1982.48258367347,1699.69226836735,1279.86158163265,1279.32342153061,875.540348979592,1652.95301938775,1186.21489489796,1565.51269897959,1284.57756326531,1807.76762040816,947.76351632653,1460.63688265306,1330.0833622449,1418.52927959184,1185.41883306122,2019.85589285714,1200.27233979592,1444.36207653061,1268.72725510204,1082.47564489796,1570.12852040816,1896.30816326531,1396.60703530612,1357.25586530612,1030.2638622449,1479.91381326531,1266.57697959184,1060.63126020408,1266.96598673469,1277.53970510204,1184.07152142857,1402.29142244898,1611.3367877551,1180.81160714286,1031.40904489796,1353.6845,1671.71533673469,1549.37427857143,1410.46199591837,1792.25997346939,1779.87035571429,1557.18840816327,1512.61512142857,980.008876632653,1339.39878061224,889.779646938775,1417.22480510204,1503.46730510204,1259.74812755102,1275.37693367347,1260.46960102041,1704.75644795918,1766.51314285714,1068.98528367347,1446.48761938776,942.788120408163,1131.66318061224,1034.41716428571,1295.75274285714,1072.83345,1217.98325816327,1280.98086122449,1037.10958877551,1420.87129795918,1564.80991836735,1598.5204877551,2055.28652295918,1369.88701938776,1465.41990010204,1521.12225816327,1033.52817755102,922.481923469388,924.619141428571,1209.12791326531,2302.8175755102,1101.62635204082,1386.27550306122,1418.85808846939,1548.56084591837,1416.17977653061,1834.05743367347,934.495548265306,1083.76140306122,1065.02845714286,925.034795918367,1362.14072142857,1213.90124081633,1869.92642653061,1416.41761020408,1506.61352857143,921.888915306122,1054.15431326531,1366.73896632653,1466.69474183673,1157.04888367347,1054.40345102041,1729.58103571429,1419.36018571429,1505.27689795918,1258.68229285714,1297.75740816327,1639.40498265306,1665.45197142857,1675.26135714286,1414.25087653061,1652.56292244898,1214.64601836735,1002.66271734694,1065.73521938776,1426.17758877551,1610.90523061224,878.421848979592,1717.36211469388,1551.15368673469,1122.30217653061,1503.92107346939,2072.46375102041,1733.90651836735,1432.38281632653,1915.8791744898,1610.82335346939,1500.23076122449,1401.38245704082,1240.42688979592,1744.87606806122,1559.47643571429,1570.26771734694,1849.82664285714,1513.30148571429,1585.62348877551,1745.37102583673,1612.51771938775,1860.97106938776,1562.13485102041,1855.18462755102,1673.54752755102,2208.91031530612,1846.2018122449,1374.63374489796,1367.28525408163,1203.45355204082,1214.78580714286,1549.07336836735,1227.73838163265,1477.18997142857,802.899043877551,1849.42884897959,1025.7505622449,1047.16003979592,1270.01461632653,1161.50124897959,1256.74660918367,1521.14715612245,725.813865306122,1366.63504081633,971.100657142857,1002.65562040816,966.395215306122,1242.54098877551,1063.41862959184,1167.69559387755,1776.85631020408,1428.08878673469,1704.86477755102,1824.22101367347,1170.20662959184,1435.67598265306,1630.41648469388,1810.31094285714,1444.57878877551,1069.37576938775,1646.29377346939,920.369122448979,1452.58765306122,996.257351020408,1027.33492959184,1466.20395102041,1419.31471836735,1843.73943163265,1598.97218163265,1275.9239,1691.12913234694,2259.05083326531,1514.75256530612,1770.44446020408,1791.91430204082,1441.38975204082,1905.81988877551,1543.85396734694,953.502039795918,1452.17962959184,1663.47126530612,1293.13853469388,1794.30169428571,1961.36344489796,1858.37636938775,1060.69769081633,1001.44536122449,1040.23814591837,1257.4707122449,908.538285714286,1147.8508377551,1190.86780306122,1000.06497346939,1254.9122877551,1370.07451836735,1544.85698979592,927.051437755102,1648.44534795918,1464.04951836735,1965.53176622449,1892.09471530612,1603.34096530612,1500.72292857143,1394.07534183673,1254.15525816326,1331.95414081633,1103.71241102041,1304.1258255102,1203.87159387755,1109.26958877551,2237.21097244898,1567.6945,1368.69307653061,1743.48951734694,1384.9885255102,1258.42205612245,1619.75314795918,1111.35268469388,1777.41097040816,1674.21935408163,1613.37380612245,1105.69743163265,1163.51432755102,1423.15148571429,1124.48240918367,1195.72967857143,1832.84637959184,1237.58993836735,1568.22888367347,1466.12598397959,1823.06910102041,1375.32614591837,1625.66098163265,1225.08189591837,1721.86872142857,2122.45845816326,1372.65969142857,1286.80155,1506.13419693878,1551.78250408163,1200.50964795918,1353.53554285714,1695.91491020408,1693.98913265306,1762.39007959184,1577.04472755102,1372.51659693878,1385.5575744898,1505.13925,1586.17540306122,1470.54549183673,1702.43791122449,1931.6455622449,1356.35531734694,1121.33759897959,1707.57458265306,1290.94988469388,1145.29825612245,1864.80024693878,1141.28402040816,1438.22497755102,2163.72073265306,1876.86577244898,1665.21055612245,2374.3465755102,1948.02456122449,1377.51583877551,1124.78800642857,943.256547959183,1412.46525306122,1151.16504081633,1204.34871836735,1263.27006734694,1061.39440612245,1461.80915204082,1244.14924795918,1264.12029693878,1060.0284244898,1882.94340946939,1740.32481530612,2070.08316632653,1840.41331683673,1493.12816938775,1120.18220918367,1351.10158163265,1518.88096836735,1759.15113877551,1753.94355612245,1637.99060612245,2020.01737346939,1668.09985816327,1291.11153061224,1841.4462377551,1946.0341755102,1446.60299081633,1081.10451938775,1123.40521632653,1516.92482959184,1100.16142755102,1014.65212040816,1345.94335714286,1458.32497755102,718.203681632653,983.326507142857,1294.43574897959,1153.2997622449,1222.49483061224,1509.25525,1318.72706326531,1615.77601408163,1844.22836428571,1804.4864477551,1110.93324693878,881.366507142857,1145.88895102041,796.466615306122,1451.70515,1627.25185408163,1729.8209122449,1418.21548367347,1481.41138877551,1521.41889795918,1869.23488367347,1523.64605102041,1133.0303622449,1214.97607244898,1247.97705,1025.92874897959,805.477347959184,1050.2861755102,1656.02609653061,1373.54466622449,1433.26977234694,901.375526530612,1571.94010612245,1672.63584081633,1064.1143244898,973.254417346939,1346.7323255102,1763.48413163265,957.044663265306,1461.14496836735,1393.45755102041,1583.17138979592,1203.81895,1771.15501122449,1182.5603,1773.9592877551,935.890506122449,1106.06461326531,1363.07528979592,1417.59855526531,1454.40058816326,1466.68448571429,1358.3227122449,1567.83426020408,1573.09136020408,1583.83510714286,854.817955102041,827.229952040816,1132.75151734694,1695.93928367347,1108.73377040816,1470.21089693878,1315.98095204082,1340.55582265306,1543.56910714286,1369.51931020408,1333.48257663265,1125.4740622449,1329.95996530612,1175.77011632653,1624.00385102041,1726.64549591837,1489.4847755102,1156.13955612245,1351.20392653061,2228.51575918367,1592.86503367347,1190.18466326531,949.610528571428,1082.34721020408,1364.58149285714,1237.07560816327,1358.28886530612,1387.26240510204,1791.94785714286,1484.85906020408,1418.59913061225,1731.82919489796,1729.06974489796,1696.05994183673,1581.92540510204,1711.9415,1339.16559469388,1096.11825612245,1340.20698571429,1498.99262346939,1194.6046755102,1730.43373102041,688.399220816326,1438.44406122449,1232.00588673469,1361.09603163265,1797.98895,1646.24244081633,1640.22138061224,1582.53396326531,966.074825510204,1907.30084489796,1744.19626836735,1655.78163367347,1646.47164591837,1224.58813265306,1604.0902877551,2119.12823673469,1475.89575306122,1708.09539591837,1464.66584183673,1184.49541122449,1163.30419489796,1364.89359489796,875.538762244898,1937.06361836735,1331.4960122449,1606.18631734694,1751.22974489796,1808.66392755102,1833.78429795918,1154.54044183673,1608.88256163265,1542.64405204082,1275.62965918367,1343.92396122449,1438.80429795918,1452.32818469388,1676.41183265306,1489.3109255102,1087.1987755102,1596.6369122449,619.865190816326,1679.38926632653,1248.36664081633,1440.52853571429,1485.94878877551,1809.06566632653,1540.27026428571,1333.95353673469,1340.56463265306,1475.92795918367,1269.20763163265,1544.25625,1966.91475,1657.87377142857,1500.53184897959,1752.54392142857,1568.76891734694,1792.87932959184,1822.25576428571,1406.5929622449,1070.44496265306,1081.57651122449,1179.10320816327,1677.1611877551,1922.49064387755,1803.84973265306,1561.9085755102,1659.86871632653,1606.02704714286,1672.68065714286,1623.79081734694,1299.49061530612,1745.46777653061,2094.91132244898,1688.86198673469,1597.84738673469,1457.47224081633,1294.47252244898,1776.34749795918,2103.8466255102,1795.09854285714,1855.11459285714,1720.62034346939,1216.95984387755,1636.9798877551,1772.79070102041,1710.52556734694,1054.50800408163,1217.41180714286,1279.42176836735,1591.56518061224,1814.90900918367,1511.31002244898,1076.37581428571,1767.11729081633,1895.6702877551,1706.01331530612,926.421663265306,815.961271428571,1321.4416622449,1904.4096377551,2082.65507959184,1129.85991020408,1815.83894612245,1273.54789285714,1377.27859795918,1228.52106530612,1491.41608061224,1369.3546755102,1632.47302346939,1654.3380755102,2097.94762346939,1848.05720612245,888.594985714285,1255.86810408163,1343.09951428571,1492.64548673469,1046.0949,1349.68047795918,997.064209183673,1242.25346734694,1901.99950204082,1332.20916397959,1495.15681020408,1830.14067346939,1751.16514795918,1909.88838163265,1474.80858469388,1461.88804693878,1133.25591306122,888.757294693877,1502.39581734694,1641.22763530612,1374.24935285714,1497.70654183673,1583.94645510204,1348.43376734694,1573.53060510204,1193.0486377551,1350.2111755102,1863.90520122449,1516.09129183673,1742.35433061224,1910.67020612245,1664.48600306122,1568.11920867347,1325.75734183673,1468.97356122449,2154.62231836735,1041.95359489796,1022.26707244898,1281.12284285714,1484.29699928571,1291.86101938775,1352.96147346939,1518.86827653061,1487.56499755102,1589.85866734694,1636.48240510204,1604.02617244898,1334.06387857143,1452.93078163265,1549.54871326531,1915.31307653061,1787.3900255102,1400.65383367347,1302.60499795918,795.409268367347,1341.11216122449,1016.45191530612,1071.55309081633,1069.12779795918,1068.44042857143,1573.1191755102,1561.56941734694,1636.46133367347,1322.68785204082,2093.52528571429,1527.05143877551,1765.72328469388,2004.18610102041,1769.45738459184,1588.86801285714,1380.70381428571,1853.94526693878,1441.86069530612,1259.07556428571,1529.20613346939,1237.61601632653,1678.07111122449,1357.65635102041,1607.27856122449,874.914524489796,1019.78038163265,1206.36167959184,1834.67673061224,1776.34689591837,2090.92304897959,1839.6766122449,1093.47988673469,1872.57743979592,1351.97790612245,2216.92280510204,1531.30716183673,1347.26763112245,1495.76824897959,1371.53120816327,1309.32294387755,1129.60498571429,1500.70142244898,1550.08338367347,1721.05726959184,1578.85207346939,1869.55247040816,1673.30617959184,1430.22617959184,1970.96132857143,1584.16143265306,1484.4118255102,1512.8956377551,1244.87216857143,1311.81886857143,2020.71121755102,1002.60007244898,1657.61955510204,2445.99434285714,2097.97159081633,1522.26355918367,1547.49224795918,1579.53243408163,989.347393877551,1024.87790306122,1233.72529285714,890.908447959183,862.218270408163,1400.03713673469,851.982674489796,1831.24502755102,1478.20734795918,1504.76149489796,1430.79816122449,1348.17086734694,1223.65162040816,1463.17854591837,1252.47967132653,1625.9865744898,1702.43335,1794.06335612245,1868.64402244898,1564.47446836735,1106.82070918367,1427.21384081633,1365.44787377551,1319.01275612245,1766.97616326531,1415.68125663265,1424.09954489796,1914.85397653061,1319.38811428571,2076.45310816326,1098.38355204082,1339.31593163265,1742.22213877551,1601.13676020408,1615.4349377551,1235.43667653061,1291.30560816327,1151.21113877551,1256.79491632653,1194.42728265306,1451.01677959184,1305.57348571429,1687.49475,1604.2284977551,1620.86948612245,1141.24235714286,1584.02225204082,1239.20117040816,1388.07858469388,1227.58678979592,1311.36377530612,1815.69403061224,1982.08345510204,1448.76156408163,1639.76540714286,1497.78343061224,1309.21650918367,1680.99019183673,1355.55311816327,1203.22577142857,1282.95099693878,1108.27088061225,1326.57451530612,1104.1734755102,1395.39769622449,1882.40689897959,1173.73207040816,1057.65970816327,1210.12953265306,2080.28148612245,1031.41561428571,1628.65567040816,1839.29292857143,2196.33174795918,1276.93336632653,1169.65047653061,1601.72779081633,1360.20210306122,881.072248979592,1129.15128469388,1870.74937877551,1132.14202959184,1361.03206632653,1192.32527040816,1361.56532040816,1583.34423061224,1469.29780918367,1023.55739183673,1032.86735510204,1335.22378877551,970.354245918367,2037.33166734694,1277.44317244898,1782.61723469388,1349.86170714286,1533.13785102041,857.510009183673,1740.56502142857,1573.32448061224,1139.73855816326,1015.07926122449,1433.01141122449,1272.01144693878,1569.93966020408,1145.19121938775,1161.80614081633,1803.62221428571,1695.00712755102,1533.58434673469,878.553825510204,987.711195918367,1775.60251326531,1271.04370714286,1564.01465714286,1492.32888285714,1505.06509867347,1342.26661020408,1294.16290204082,1606.37945510204,1659.69067653061,1493.22223628571,1419.33870306122,2001.13771428571,1752.37027040816,1718.34583265306,1088.55140918367,1233.79660102041,1661.74169755102,1589.5092877551,1950.15857142857,1582.87000816327,1400.73833265306,1176.69540714286,868.044012244898,1627.67697346939,1251.15573459184,2058.02060673469,1834.09254591837,1458.63932142857,1391.26386326531,1223.10866020408,1581.7154122449,1216.08208367347,1262.28846122449,1512.25156836735,1225.74240612245,1814.0665422449,1874.45400918367,1700.57842142857,1158.53331836735,1278.25211428571,1318.66856632653,1267.47344591837,1868.21671530612,1600.16148571429,1935.77423163265,1667.73207346939,1471.12708163265,1710.42981530612,1460.74233928571,1146.40197653061,1555.75474795918,1719.91195306122,1424.50593163265,1231.38180010204,1919.23660561224,1569.89843071429,1757.96338469388,2016.99150816327,1699.92798571429,994.244132653061,1933.60151122449,1605.01732142857,1339.06414591837,1587.09606632653,1080.10491428571,1268.31404795918,1381.45130918367,1429.17400102041,1872.85960204082,1771.15501530612,1365.79387959184,1330.86819693878,1599.82548367347,1526.6760255102,1538.78286836735,1779.73747346939,1158.99146122449,928.017344897959,1275.0827755102,1758.45829285714,1325.0396122449,1714.0049755102,1559.30574795918,1587.78660816327,997.881228571429,1241.89367346939,1224.99635714286,1351.76937142857,1633.65862040816,1735.5287227551,1747.55726734694,1590.84807653061,1678.84005102041,1157.39765102041,1942.95969081633,1695.77442244898,1938.34778163265,1475.36497346939,1330.54835,1315.11777714286,2059.47590530612,1657.39765510204,1200.70299183673,1400.92003673469,1112.04900642857,764.344774489796,751.958660408163,716.642978367347,719.371580612245,636.996844897959,1686.86469183673,1602.97575408163,1684.74212653061,1707.54004081633,1628.49259897959,1290.02053877551,1819.17918163265,1936.29352040816,1396.19411326531,1093.24748163265,988.79203877551,1327.57821734694,1566.7207244898,1307.92049693878,1268.9002622449,2545.28342857143,1323.5988122449,1412.40816734694,1836.07656938775,1186.47114387755,1137.57361020408,1348.12746734694,1708.48494897959,1349.69928163265,1975.26374693878,2088.31443928571,1747.51690204082,1188.19723367347,1094.84677989796,1166.50122857143,1172.72531836735,1215.93941122449,962.524048979592,1874.76222142857,787.535603061224,1608.55736428571,1134.30968979592,1453.87587653061,1434.69533163265,969.896262244898,1652.41730918367,1542.0635377551,1457.03860204082,1771.83264693878,1568.63935714286,1127.89258163265,1473.79049081633,1529.90543673469,1259.72802959184,2157.74594887755,1367.59140816326,1278.51975714286,1259.17985306122,1418.29373469388,961.199765306122,1271.21480816326,1945.47105510204,1689.22576632653,1554.41559285714,2030.78106326531,1809.18861020408,1205.82498469388,1987.02647755102,2253.69695102041,1210.59664816327,1387.19207142857,1236.22143163265,1979.10598061224,1387.60207244898,1293.84728367347,1537.25556428571,1622.5683744898,825.206123469388,1201.83351632653,1322.93125918367,1145.58833877551,1563.65214081633,1669.63430816327,1613.31723061225,1501.06046938776,2222.20004628571,1361.21359897959,1244.73435306122,1744.3017377551,1906.94684183673,1561.49036122449,1868.16798877551,1591.79471530612,1535.0362822449,1508.34543571429,1503.32306632653,1296.88456326531,1325.74674387755,942.67276255102,1518.59443979592,898.95618877551,747.159578571428,1422.08532857143,1724.34204591837,1251.73370408163,1899.69999693878,1819.61077755102,1431.53993061224,1457.96035714286,1216.33713979592,2160.27830918367,1548.34762244898,1317.38746122449,1322.2849622449,1173.80754183673,1715.16121071429,1013.08561428571,1258.52051020408,1623.02414693878,1561.10615,1885.84805204082,1457.7654255102,1306.52651938775,1940.40099795918,1366.22759591837,1424.5360377551,993.938082653061,1423.85956632653,1709.76803163265,1381.23992346939,1326.9813122449,1586.65077857143,1346.56840918367,1290.89039387755,1764.90234183673,1671.67858183673,987.199232653061,1585.90313785714,1782.62724785714,1368.52239897959,1519.68096530612,1521.57889489796,1550.06588877551,1488.41813877551,1440.87661632653,2311.19445714286,1427.85564489796,1581.9746,1502.67293979592,1282.57971938775,1371.74961530612,1064.68191632653,1183.81026428571,1239.36710734694,963.887257142857,1327.18378673469,1877.51343061224,1564.20405510204,1651.14116734694,1567.48132755102,1378.39329183673,822.303331632653,1379.10208673469,935.929644897959,1359.14872346939,1061.05767959184,1156.77874489796,1541.52168469388,1196.95957142857,744.58381632653,894.61485,1376.80343877551,846.817332653061,1612.34093571429,1449.50240204082,1672.76317142857,1700.90365918367,1403.24877857143,1888.7018744898,1749.95415918367,1322.65415408163,528.315224489796,689.778756122449,1667.86037959184,1612.97517244898,2069.95602244898,1754.41834693878,1428.90073367347,1376.1020255102,1500.68975408163,1819.89910918367,1811.45256428571,1793.47071836735,1155.35415306122,1824.07449897959,1150.84506020408,1544.26333469388,1655.5405877551,1912.26870714286,1183.24705306122,1158.69636428571,1229.15473877551,1352.27448979592,906.596757142857,1546.87363469388,1591.86720816327,1436.83367857143,1679.68924428571,1567.96345510204,1215.55373571429,1640.51043571429,755.264174489796,1142.39851734694,1218.9558744898,1456.68217040816,1629.67009183673,1115.53048979592,1567.80638877551,1229.30912653061,1280.63207959184,1345.25392959184,1031.69363367347,1594.65468265306,1658.77002346939,1573.81186734694,2156.4605877551,1202.01331632653,1743.53785408163,1257.87436734694,1636.02026020408,1392.76204489796,1756.46543061224,1394.55498061224,2006.04766530612,1794.19402408163,1489.62981122449,1459.4025755102,1304.93463265306,1127.87578877551,1264.58450816327,1288.89392479592,2378.40896734694,1408.7913877551,1190.45369387755,1570.02032346939,1368.79312632653,1430.13737040816,1618.38367142857,1889.81320408163,1815.65766938775,1655.7840244898,889.402478571429,1397.75112346939,1434.9775,1375.32677959184,1417.42579081633,1660.83637959184,1066.69133469388,1473.37371530612,1324.61220204082,1313.60794346939,1675.94448979592,1699.8845755102,1828.76180612245,1104.47369428571,1422.78174693878,1571.76903163265,1320.33964183673,1321.7942377551,1788.61342040816,1904.75993632653,1433.21997857143,1751.4520377551,1723.00218061224,2162.71724602041,1309.4398244898,1639.85285918367,1609.24353979592,1734.02927653061,1112.96379387755,1846.48628571429,1931.92939183673,1849.97331632653,1547.26225602041,1297.98539591837,1529.39183061224,1361.60032857143,1515.95999591837,1350.59516122449,1429.03981938775,1876.9877744898,1472.34594183673,1296.77684693878,962.519051224489,1096.78888163265,637.271596938775,981.925930612244,627.038855102041,1475.04761836735,1831.56350102041,1743.36391020408,1291.13254693878,1852.9062622449,1796.07042857143,1590.43256530612,1349.34084285714,1468.63883163265,1460.60573877551,1439.86523571429,1525.85617265306,1911.6420794898,1646.39330591837,1315.95765408163,1505.11511836735,1823.38931734694,1911.84041020408,1805.67894591837,2102.83696326531,1393.35730612245,1515.62032755102,1501.9069744898,1624.8410844898,1707.95518877551,1631.0295244898,1538.45829795918,1411.19605612245,1290.83459183673,1081.21722959184,965.404113265306,1431.16786234694,1739.92574693878,1941.2055504898,1765.5167244898,791.922625204082,1480.98425306122,1541.35371734694,1670.02768061224,1649.61161428571,1714.53764285714,1481.32254897959,1306.04971632653,1503.80781938775,1066.73066530612,1054.13899489796,1651.7422144898,1292.68840612245,680.987121428571,1422.58611734694,1256.0819877551,1100.32216428571,1407.97674081633,2089.86558265306,1181.09007857143,1704.23300204082,1887.53996020408,1030.26748408163,1544.13567142857,1317.91374285714,1410.89282346939,1384.53939183673,1174.92328571429,1062.41828367347,1796.48834591837,1793.2413622449,1475.91899591837,948.505155102041,901.76675,1357.66626428571,1351.73607142857,1541.70243367347,1692.77706326531,2267.97933469388,2260.13188469388,1521.97664591837,1472.97437040816,999.289141836735,1875.71547857143,1572.37530612245,628.972281632653,1496.4554377551,1097.07084183673,1477.81631530612,1671.95686734694,1562.78153469388,1685.37934795918,1766.0542255102,1481.9215122449,1342.61967040816,1685.41718571429,1480.23520918367,1206.70325816326,1094.85578571429,1612.62463979592,1677.90614489796,1376.41536632653,1611.94247346939,1865.2899877551,1963.13733877551,1321.68042438776,1421.96380102041,1181.45205306122,1399.79451530612,1560.5988122449,1644.09341530612,1559.30224183673,1222.16779897959,1233.58480204082,1581.88724693878,1524.22394795918,1605.93743979592,1521.74856836735,1652.59424387755,1763.73307857143,1780.2758255102,1194.21123469388,1280.1809744898,1995.18415816327,1634.98654387755,1048.81543367347,1190.26395918367,1139.67585408163,1150.1940244898,1210.07037755102,1320.10022040816,1580.02629795918,1001.56110612245,1794.87080306122,1241.2851122449,1470.82134285714,1659.8671,1471.78671326531,1606.08460918367,1553.16114183673,1729.78852040816,1838.52374591837,1339.49797653061,1986.68278979592,1926.14730714286,1403.65226346939,1305.37666020408,933.785832653061,1664.05030102041,1367.88871020408,867.636215918367,1154.46923367347,1712.64620204082,1276.19636938775,1455.98156020408,1561.49778979592,1478.86364693878,1197.61628979592,1347.8487377551,1599.57209489796,1549.69475510204,1856.98400408163,2052.42399081633,1343.43960918367,1493.38928061224,1539.18310102041,1518.75939897959,1223.13502142857,1708.91593673469,1632.3548877551,1935.87294183673,1254.29983877551,1405.06285612245,1965.90546836735,1152.75791326531,1964.70078163265,1571.2280255102,1489.67363571429,1622.43541938776,1780.52891938775,1899.66411530612,1633.41840204082,2086.28347836735,1249.16158469388,1678.00225102041,1405.70051734694,1609.68051836735,1534.71946326531,1311.10995816326,1600.9990755102,1972.1927255102,1439.52733367347,1480.37765204082,1397.82503265306,1809.47091428571,1303.81026836735,1065.66284183673,1417.62455612245,1143.30767857143,1472.16636428571,1084.84291938776,1089.40616326531,1808.50320204082,1147.1448,891.876904081632,1281.38882653061,1224.56883061224,1678.97290826531,1838.54118673469,1932.70855612245,1778.43691326531,1367.82646122449,990.552467346939,1798.58167653061,1688.05326938776,1470.26540306122,2205.97716836735,1254.04931402041,1553.93526122449,1462.34577142857,1371.24546632653,1288.29050714286,1045.32170204082,1023.97881836735,1684.36459897959,1392.76513877551,1540.6850377551,1413.95530714286,1674.61757959184,1495.40333530612,1301.61606530612,1646.74013163265,1274.19271836735,1658.68192040816,1866.87718163265,1407.06864183673,1714.94006734694,1475.70773265306,1931.82037040816,1818.47310122449,1440.0076755102,1552.06243469388,2328.42951918367,1902.55389795918,1642.99850561224,1568.93213265306,1839.43279897959,1132.62808632653,1570.02314693878,1825.52332040816,1570.11272142857,1878.12605306122,1582.56366632653,1300.46186530612,1490.33151428571,1639.25796326531,1692.70283979592,1763.88684591837,1273.7223255102,1328.71805102041,1650.27304489796,1503.42428877551,1191.37215,1443.45469183673,854.895295918367,707.803928571429,638.363984285714,904.026975102041,1475.75460102041,1366.56778163265,1212.27029081633,1087.12938265306,1125.79668571429,1305.28095612245,898.694828571428,830.173462244898,2212.09388561225,2342.22206989796,1676.3873255102,1784.59963632653,1647.20941428571,1193.57285510204,793.071221428571,1453.51176938776,1438.53282040816,1373.76040918367,1438.09389081633,1537.78763163265,1783.51799795918,1593.82822346939,1750.72854285714,1579.04069795918,1083.10091020408,1316.71526020408,1553.51161020408,1315.28297755102,1695.44801836735,1478.76379693878,1142.95102755102,1524.62606836735,1516.85281122449,717.124906122449,1363.02647142857,1066.72714040816,1474.47513367347,1357.65707653061,1985.91638244898,1477.3545377551,1875.07962857143,1363.40631326531,1158.94812653061,1032.51269122449,1502.78448469388,1011.44369979592,1254.20883571429,1141.19614183673,739.128084693877,1613.53239795918,1851.09736469388,1544.93278163265,1481.08425918367,1584.67415306122,1387.66924795918,1142.38268979592,1580.88884897959,1490.93179387755,1479.52623469388,1638.68421122449,834.590470408163,1173.90580102041,1014.98141632653,2067.66000510204,1897.50455612245,1415.37796020408,2096.24044163265,1689.23292244898,1607.45293673469,1715.88903877551,1626.04840816327,1443.93708979592,1208.98269183673,1223.96011836735,1504.66231836735,1662.29377142857,1971.9040377551,1850.40284653061,1727.39727142857,1756.11021938776,1852.43936561224,1481.81818673469,1499.85811530612,1475.27415612245,1472.60820612245,1202.41889081633,1393.07040326531,1853.79914704082,1726.48517346939,1810.61928469388,1502.76347857143,1814.69186530612,1414.73392142857,1557.18319755102,1707.00686632653,1345.50902244898,1015.33501020408,1508.60920918367,1310.24148979592,1583.3797744898,1624.73439285714,1767.22088979592,1879.44274897959,1401.95258163265,1789.78006734694,1688.3905377551,1597.56205632653,1839.75485306122,1434.35616530612,1051.78609387755,1279.48109387755,1828.23746326531,1879.67088061224,2149.84661938776,1665.81344387755,1890.79271530612,1360.47302959184,1319.26896326531,1168.47370071429,1671.03429081633,1892.37011632653,1391.30620755102,1372.47516428571,1319.94012755102,850.220642857143,1528.6675244898,1160.22267857143,1615.73899489796,1608.60549693878,1420.86775816327,1370.66403571429,1570.51591530612,1180.80811530612,1853.79092346939,1779.02959081633,1331.94468979592,1100.19274183673,922.871232040816,1571.89532591837,1392.26355204082,1641.53163673469,1515.14836122449,1597.82746938775,1479.72556020408,1361.81864693877,1818.30069795918,1800.08780102041,1436.05189489796,1463.70062857143,1604.36361938776,1994.59945408163,873.089449999999,1568.88558979592,1743.94766122449,1853.01515,2043.74991326531,1597.71018163265,1705.68166122449,1689.2929377551,1509.56288571429,1399.12151530612,1318.15208979592,1631.07548979592,1386.56639959184,1056.43397040816,1332.14456836735,1555.07696938775,1838.0485755102,875.240212244898,1145.82964489796,1908.16835204082,1805.56256673469,1639.66372816327,1474.24211020408,1338.63363265306,1294.68364438775,1575.20086387755,1051.8076622449,1347.21592755102,1431.96888367347,1310.91685816327,1250.03775755102,1227.76689367347,1350.53551061224,1637.82875510204,1925.25239081633,1175.49494387755,1483.36188979592,1569.65425714286,1628.80815204082,1578.84651428571,1646.97667346939,1342.72533673469,1668.55220102041,1894.41733469388,1439.89427346939,1521.14845102041,1795.91593571429,1847.77543469388,1566.90225816327,1413.06325918367,1258.29193265306,1199.68452244898,1489.79030816327,1436.01025673469,1427.51118979592,1291.56109591837,2099.51201846939,1719.78038061224,1410.83025,1507.78461020408,1142.8515,1550.23713163265,1634.49620612245,2227.34743571429,1231.41868265306,1362.36288265306,1015.84334387755,1584.80809897959,1582.30582755102,1590.05188979592,986.460654081632,1315.65216836735,1344.37565102041,1331.45591326531,1488.83673673469,1614.27266326531,1574.6854122449,1124.96434591837,1293.4446755102,1410.2797877551,1327.0667377551,2185.01023367347,1641.99936428571,1319.20855714286,1381.48831020408,1237.93579081633,1516.28900612245,1519.80980612245,1364.43386122449,1296.69654734694,1387.12413571429,694.576944897959,1507.05555102041,1331.01524387755,982.691004081633,1150.10145408163,1397.8409622449,1738.60212653061,1150.03603571429,1566.43601836735,1800.10853571429,1746.37550204082,1557.19930612245,1482.67467346939,1738.67795918367,1653.23245,954.234580612245,1329.10001734694,1322.10305714286,1257.22622346939,1869.11362142857,1597.32933571429,1955.48136020408,1269.22519285714,1317.1282244898,1634.46460918367,1390.93310306122,1551.22075510204,1526.45885204082,1778.38190306122,1328.00759489796,1938.0595755102,1575.1418877551,1782.68972346939,1894.13756122449,1425.49361326531,1700.50709897959,1315.12260612245,1644.42285,1238.22564693878,1492.09710306122,1937.22911530612,1567.87761530612,1281.04398979592,1295.61507040816,1403.85048571429,1555.76582244898,1981.3890982449,1881.28479693878,1984.43489693878,1714.55971428571,1551.99801836735,1327.66256122449,1570.98441530612,1610.95572244898,1398.26913469388,1952.91924591837,1872.46692346939,1355.85999285714,2111.10572857143,2180.13830632653,1506.47638571429,1881.58297142857,1280.68552142857,1629.90745408163,1511.94070816327,1412.11146122449,1565.19755204082,1133.94740918367,1150.01541122449,1703.65442346939,769.916269183673,1401.82738061224,1509.75397346939,1851.00673265306,1468.85113265306,1445.16415612245,794.567568367347,1615.81986428571,989.182990816326,1389.8703255102,1619.38111938776,1367.57752857143,1417.39904183673,1430.93731836735,1707.83648163265,1548.66159387755,1406.41072244898,1414.35356020408,833.39843122449,1008.07019122449,1118.83539459184,993.445542040816,810.508724795918,1320.37772142857,1583.47365,1358.27909183673,1919.85179081633,1459.02053061224,1434.99492142857,1220.28925408163,1673.46040612245,1844.57734010204,1407.04261530612,1034.83852959184,1637.43493040816,1298.18396530612,1193.84469795918,2028.25258061224,1952.72987755102,1433.98933979592,1315.06826938775,1089.99373979592,1644.78272857143,1311.61021938776,1572.53674081633,1830.17359285714,1281.78104897959,1142.96901938775,1181.78810714286,1278.63171836735,1547.80169081633,1604.34148877551,1584.48220816327,2050.70538877551,1805.41502959184,1355.32649908163,1279.47669693878,1439.73134489796,1309.11214795918,1319.06617346939,1376.8567244898,1188.56156530612,1619.00879081633,1517.97509183673,1364.53761530612,1655.59350612245,1406.95467959184,1321.5107455102,2008.4888877551,1703.32415489796,1299.01327102041,1830.86771163265,1854.79211836735,1884.75849285714,1018.06770816327,1186.81672755102,1125.46295306122,1438.37397653061,1725.02878061224,1268.54645816327,1812.98578367347,1930.34270714286,1487.19740510204,1304.8186755102,1318.00220102041,929.356103061224,721.319452040816,1838.72061938776,1817.01474591837,955.199746938775,1688.31970408163,1439.15335306122,1296.46788367347,1147.48024081633,1060.06044591837,1225.5947255102,1337.32281428571,747.962066326531,1195.57532653061,1311.69176122449,1521.64941122449,1444.62393673469,1795.76179183673,2022.0294744898,1419.57490816327,1193.34302244898,1400.66716938775,1232.36172040816,793.550866326531,1014.03920102041,613.063786734694,854.772884693877,1133.00693673469,1594.50516734694,1717.45456632653,1668.61681836735,963.044220408163,1637.72932142857,895.085737755102,1675.17094897959,1427.49184081633,1273.02092653061,1183.3052622449,1476.69895938775,791.464021428571,1684.89657346939,738.949395918367,1844.18324897959,1410.9156322449,1244.63716326531,1442.4835244898,988.525654081633,1327.54653061225,1913.19578571429,1509.88677857143,1561.26325918367,1632.0309377551,2371.34178265306,1706.10530510204,2455.58813061224,2139.7184755102,1719.67800540816,1233.09435102041,1443.49707142857,1465.33725255102,1843.62140306122,1611.9527744898,1802.98179489796,1346.05267040816,1124.12102653061,1775.73526020408,1585.35652244898,1542.77902040816,1596.49029693878,1140.8469877551,1320.57432346939,2073.95144285714,1962.95521020408,1296.87646020408,1815.6732377551,1940.26181734694,1814.15534081633,1825.25688469388,1097.33155408163,1565.72540408163,1466.29721020408,1673.9276705102,1291.53943571429,1272.41969693878,1470.14188,1316.10585408163,1307.85434285714,1054.17740918367,796.284980612245,1102.8915622449,1580.14274795918,2081.07116530612,1246.49883877551,1647.41832857143,973.714194897959,1449.53564591837,1603.00591122449,1544.81939693878,1331.33393367347,1334.30190612245,1708.2377255102,1730.93844489796,1807.96426734694,1635.69778265306,1539.71307346939,1778.79075,1313.04733979592,1467.07512244898,1027.75629081633,1618.47300510204,1022.63834285714,1707.10392040816,1409.57149591837,1024.03505408163,621.597093877551,1352.31536785714,1794.81396632653,1095.03398673469,1577.17797346939,1546.72419285714,1239.77254591837,1499.76051428571,1574.07412244898,1459.14625408163,1254.60245714286,1412.96186632653,1607.66308163265,1823.79187040816,1553.68935816327,1976.05505510204,1889.33059387755,1375.6730255102,1649.12700102041,1225.12245612245,1727.42733469388,1557.25977142857,1286.78743061224,1019.34216734694,905.5516,1515.98332142857,1521.11660102041,952.029415306122,1473.1971244898,1239.89566836735,1517.35651836735,1712.45263061225,1332.97709693878,703.399659183674,1443.27774693878,975.620148979592,1383.29483265306,1610.09801326531,1015.70493367347,1580.53487959184,1132.95169081633,1106.94483877551,1673.37719285714,1708.66794795918,1871.61485918367,1972.75141428571,1089.25746153061,981.275436734694,1278.88317959184,1397.96939693878,1363.12254693878,1978.46933469388,2222.08202142857,1983.23095714286,1873.64046632653,1913.5339,1468.47956734694,1279.46967653061,1819.84260204082,967.067837755102,1128.80861632653,1144.37982857143,2060.11451122449,2102.80474387755,1607.94258367347,1273.52295714286,1353.66799183673,1284.79627244898,1369.67835204082,2278.0806244898,1820.01663367347,1581.18344591837,1277.45014387755,1646.82184408163,1082.06145816327,1061.17811938776,1306.06029591837,1322.14282755102,965.957956122449,1393.55921122449,2087.01394183673,1125.96739285714,1679.61301836735,1628.93362346939,1660.57493673469,1309.01252346939,1601.45374183673,1738.34934591837,1536.47757040816,1490.44278867347,1305.70108163265,1975.29288,2049.36803163265,1475.60806938775,1467.87549081633,1219.0779255102,1389.49055306122,1800.68445102041,1829.15460918367,1524.4064755102,1456.90831938776,1643.72643469388,1826.98626938775,1775.21942244898,1379.61565306122,1474.94943367347,1014.51204897959,1559.62751836735,1779.68157755102,1355.64042959184,1619.51918979592,1572.92678367347,1071.30015612245,1288.91805102041,1529.07393979592,1171.85395408163,942.334685714286,1397.94582346939,1713.48790204082,885.99466632653,1391.64077653061,1507.23741122449,992.757643877551,1378.32066836735,960.053334693877,1442.53626530612,1137.12612244898,1046.81039897959,1501.45151306122,1599.46662673469,1706.05770816327,2127.56281265306,1371.82331326531,1092.76713979592,1815.5048777551,1328.5891122449,1183.6455122449,1721.01515714286,1602.35197959184,1225.36623265306,1499.01886836735,1609.23534183673,1291.00905,1510.66586183673,1583.35515918367,1311.68445714286,1444.35322734694,1631.82762857143,1568.80712959184,1539.73883877551,1903.55738469388,1910.0647722449,1931.62931428571,2171.64649183673,1904.88005102041,1484.41402857143,1401.50392857143,1320.26389285714,1490.23099795918,1021.39783265306,1159.82610897959,877.29111122449,1458.28108163265,1933.41464591837,1445.52915,2119.52843265306,1737.3113877551,1847.78451836735,1578.61087857143,1329.45931020408,2006.25273867347,1255.57332346939,1389.9689744898,1413.93223673469,1537.71310102041,1263.9140755102,1756.90265408163,1144.87800204082,1461.21200612245,1497.57223265306,1999.91063,1861.04431938775,1193.63249285714,1663.3179755102,1646.72991938775,1896.17281122449,1651.72295408163,1273.12373571429,1130.61731734694,1207.33431632653,1774.08539183673,1178.29448367347,1624.72984897959,1843.68953571429,1405.88461938776,870.287298979592,1244.55266734694,1471.91494591837,1803.14735918367,1684.32292346939,2002.92335204082,1316.93869183673,1705.91014183673,1451.33719897959,1292.14282142857,1482.48980816327,2183.02776734694,1489.54465204082,1542.73617040816,1537.37342214286,1645.87415102041,1120.94704489796,1438.09260306122,1600.20069591837,1866.34114510204,1514.11164489796,1580.36741326531,1857.06286632653,1177.61425816327,1089.12226122449,1518.58245816326,1618.55283673469,1393.69498979592,1548.18857346939,1694.58261212245,791.063318367347,1241.11204459184,1961.40290510204,1475.5336877551,1541.65448163265,882.531531632653,1149.54838163265,1782.00542755102,1268.71954387755,1534.14201938775,1653.03620612245,1647.36363571429,1573.5076122449,1589.39445,923.793126530612,1527.91075612245,1340.32647102041,1423.39453673469,820.911769387755,999.61381122449,1085.7940122449,1442.99698265306,1671.78584081633,1264.57801326531,925.435093877551,1149.98144489796,1746.32515204082,1105.8179744898,877.783711224489,1468.6606877551,1573.27465938776,1695.88595612245,2034.62347346939,1391.02387244898,1027.44475612245,1255.05612857143,1350.78685,2092.2300544898,1419.99767755102,1190.33568469388,959.777939795918,1127.15317061225,1574.87313265306,1743.15094693878,1414.88133265306,1372.38923877551,1540.72875306122,978.777653061224,1145.16181428571,1765.80107346939,1008.83708163265,808.697853061224,1663.50393265306,1098.45194489796,1428.33390612245,1286.9701622449,1051.40408469388,1577.4236877551,1162.37031122449,1057.18668673469,2034.72326428571,2070.22466530612,1363.57620979592,1151.63913979592,1447.16327244898,1455.85884183673,1095.08095173469,1846.41476530612,1975.83987857143,1034.56306020408,962.943776530612,1255.18220714286,905.883545918367,727.81525,881.645572448979,912.250754081633,875.702903061224,1050.81722755102,1015.60201326531,1508.5887122449,1390.09880918367,1870.68861734694,1018.60593673469,1098.06027346939,1416.87655102041,1849.64379693878,2016.79077530612,1295.13571326531,1035.61782959184,1044.76661122449,1534.86750612245,1390.2907255102,943.052906122449,1160.94298163265,1224.42730204082,1501.53427755102,1688.22094693878,1605.08243367347,1928.3343255102,1668.65377244898,1459.73611530612,2089.48737040816,1512.17006836735,1656.97397346939,1298.33845918367,1726.6782677551,1704.28673265306,1172.54509387755,1768.42299897959,715.471008163265,1541.08682142857,1714.06484489796,1782.75118265306,1719.45850816326,1423.42919183673,1730.21871938776,1854.3370755102,1650.97208163265,1888.84802346939,1506.35275,1092.48279591837,976.562044897959,1441.28696734694,1417.40966734694,1318.13853163265,1026.39231428571,1458.20867857143,1711.30469081633,1495.37164489796,1518.56769897959,1177.23430204082,1451.52156020408,1640.53579387755,1570.26479183673,1585.1461622449,1365.84852857143,1270.10237346939,943.710781632653,1270.58229285714,1695.05593979592,1648.07089387755,1627.56241122449,1714.19576938776,1776.54729285714,1893.72063020408,1364.39636530612,1180.30247693878,1104.57760408163,1309.88581530612,1494.28769081633,1670.3275055102,1189.42320714286,1486.21836142857,1439.97499677551,1235.33194795918,1219.94959591837,734.457614285714,1311.87186632653,1467.41107653061,1579.03583061224,1531.28893979592,1033.47111326531,1303.64405204082,796.601303061224,1181.90382959184,1614.59900510204,1692.03352244898,1390.82613877551,1474.57235306122,1320.4001244898,1380.17620204082,1434.7908877551,1483.67235306122,954.64756122449,1201.58357857143,1722.22033061224,1717.27059693878,1403.27868061224,1690.57511836735,1354.58586938776,1161.22319285714,1923.28180612245,1795.26527857143,1476.16898469388,1811.48713265306,1544.96614183673,1495.48798877551,1400.13309897959,1652.11137040816,1223.42436632653,1496.61624795918,1681.30233469388,2456.53303673469,1369.52447183673,1424.71118102041,1651.87602857143,1403.34062959184,1294.43182959184,1179.40101122449,1548.02534591837,1271.54773061224,1211.70833163265,1358.81511938775,1403.8346,1602.6700755102,1199.32497755102,1050.66862755102,1605.85254897959,1375.95303163265,1727.95617244898,1049.90488061224,1176.50974387755,1141.72982653061,1659.76202142857,1562.81382755102,1270.54251020408,1584.78290204082,1167.31054081633,1245.04301469388,1544.76944897959,1585.38001428571,1037.54399081633,968.046442857142,1397.69298061224,1084.37009285714,1442.04626020408,871.648159183673,792.280632653061,1400.98252061224,1845.2915877551,1554.09865204082,1907.34644387755,1116.03600816327,1474.86339387755,1355.97369591837,823.142079591837,886.790184693877,724.647605102041,768.491663265306,1098.77771428571,1288.5336377551,1510.59547857143,1587.54112959184,959.339244897959,1175.79420816327,1629.48410612245,1581.12470102041,1533.59621836735,1666.10539795918,1186.0318622449,1270.58904183673,909.148714285714,1260.43799897959,1003.88162857143,1393.46850714286,1479.45734387755,767.039218367347,1589.27837040816,1911.42178163265,1360.55915918367,1444.55889489796,1350.00257959184,934.983558163265,1823.05568979592,1462.02613530612,1453.73272244898,2044.06858163265,1896.95267265306,1600.83442857143,1706.49276326531,1243.33513744898,1212.58057142857,1104.38554081633,1661.02673469388,1218.71553163265,1323.16390918367,1838.42922857143,1899.94144959184,1251.03977867347,1214.78758163265,1495.70312653061,1289.35060408163,1735.76624897959,1124.16187346939,1447.87901428571,1288.91641428571,1615.55356020408,1266.8154755102,1648.70526530612,1170.14379285714,1281.29891020408,1010.49077653061,1278.02616428571,1824.67766081633,1457.66130714286,1456.9494,1331.3281122449,1690.19406938776,1080.08383877551,756.876876530612,1066.09016428571,1048.95446632653,1372.18172040816,1560.6302877551,1697.23136326531,1204.63082244898,1288.99511020408,1043.97901326531,1688.57041530612,1741.49766081633,1336.53598469388,1336.4815122449,1073.47639897959,1451.21709183673,1643.66605673469,1298.24919285714,1749.72492755102,1674.08863040816,1152.00087520408,1266.93655612245,1242.4166,1436.04216428571,1513.8266122449,1491.2012877551,1777.43345204082,1191.08243979592,2070.39629591837,1649.58773571429,2076.34019795918,1490.61791938775,1731.43417040816,1501.68320714286,1664.18615408163,1863.63989387755,1586.15719183673,1154.38446326531,1136.23361020408,1683.4338244898,1045.01116734694,863.136109183673,1026.67487387755,945.237574489796,1332.46855306122,1704.33640102041,1130.27499183673,1592.55543673469,1738.39137959184,1626.31928571429,1081.61741734694,1294.16324693878,1368.51278979592,1152.14665918367,1839.09626918367,1602.183435,1419.58015306122,2090.23874795918,1181.24540102041,1920.39254591837,1067.87860612245,776.678798979592,1156.09094010204,1395.48873469388,1362.17783673469,1293.9356755102,1646.3139055102,1445.85181632653,953.696735714286,1009.23713877551,1092.09160612245,1603.99634081633,1072.50505204082,1721.13229897959,1678.45321571429,1694.53353265306,1542.27530816327,952.596060204081,1656.40987755102,1494.52970816327,1945.29362142857,1924.28694693878,1866.36416734694,1480.21685918367,1659.73930408163,1747.80628469388,1083.4183755102,1395.3675877551,2049.65653877551,1451.06736836735,1298.54821428571,1063.24483571429,1161.07585918367,1214.86710918367,1419.30358469388,1664.06410571429,1512.9493122449,1380.83928469388,1238.92455612245,1488.72162653061,1768.3886244898,1621.02753877551,862.804391836735,1911.16647040816,1483.74186428571,1045.01356428571,1366.13164183673,1276.74460612245,1622.20320408163,2409.35403653061,1450.54401346939,1474.9436877551,1229.37710765306,1362.25525612245,1325.2850894898,1650.58206122449,1216.41735102041,1373.19191836735,1580.33438673469,1259.72190408163,1403.1168877551,1492.7905055102,1493.07818061224,1736.33677285714,1478.88352244898,1059.05015,1204.15692142857,990.437977142857,1151.12695142857,1198.57639469388,1375.28353367347,2055.08521020408,1652.53694,1547.88665918367,1136.77857755102,1261.61046530612,1334.68233877551,966.656248979592,791.829394897959,1286.60383877551,1218.55188367347,1086.51166530612,2012.74283061224,1270.279,1349.79534795918,1126.94734489796,1402.17893673469,1504.68682244898,1619.29245306122,1789.94726632653,1888.35755408163,1359.12444081633,1207.26606530612,1037.40259489796,1353.39914591837,1088.25231326531,1088.51684591837,1386.86639285714,1316.5327622449,1599.07976836735,1383.83878285714,1047.61319795918,1408.20776632653,1276.52994081633,1564.73956020408,1664.83047959184,1288.74548673469,923.668686734694,1325.12623469388,1026.23527857143,1245.98473061224,1289.63255918367,1325.51856122449,1423.35108265306,1761.26074030612,1566.48356683673,1345.53342959184,1361.26760816327,1231.25998571429,1575.4077122449,1583.59016530612,1951.49779591837,1403.74517857143,1019.95765102041,1253.63452857143,1453.11855714286,1215.06527857143,1553.80436122449,1387.41656530612,1049.75604081633,1583.30674285714,1523.59208877551,1654.02443061224,2215.76126734694,1731.30355607143,2248.03161122449,1417.91702040816,1293.6685255102,1232.40853979592,1602.85811734694,1717.29768265306,1955.74136020408,1856.05454183673,1659.02628979592,1153.31889795918,726.976558112245,1439.90596428571,1687.43766632653,1427.58564081633,1859.74017142857,1617.63348612245,1819.38316877551,1341.6628377551,2006.86474285714,1415.33725612245,927.17861122449,1034.95582755102,1100.09899183673,1195.23079897959,1845.89956326531,1040.02622346939,1558.89224795918,1290.77756938775,1017.93368877551,879.040459183673,974.339234897959,1030.18065204082,1049.99516326531,982.983185714285,1359.68962040816,1637.1353327551,1711.9311077551,1968.62784183673,1501.87982142857,1311.05107857143,1340.11149081633,1530.67244591837,1494.76524,1603.05873571429,1280.59555408163,1379.74373571429,1812.48902040816,1341.2598,1738.40155102041,1841.25741122449,1787.57586428571,1546.18241020408,1705.88029122449,1899.82230306122,1417.57592040816,1929.26826530612,2107.26743469388,1654.15793265306,1949.1692,2005.02029489796,1604.77177142857,1528.18292122449,1396.4376755102,1315.834,1310.31912346939,1410.95858979592,1781.36561938776,1597.7081,1701.38194081633,1982.46350102041,1998.09795204082,1000.02092408163,789.702574081633,1000.13738061224,1635.88430510204,1198.41690102041,1345.34378265306,1551.25220408163,1345.98289387755,1483.93566530612,1485.61494795918,1958.68425918367,1793.26734081633,1583.83802489796,1016.27988469388,1538.39932857143,1423.9978244898,1866.60941346939,1695.16139489796,1306.55032857143,1081.43987346939,1426.51292959184,1577.60646938775,1511.49292857143,1780.94309897959,1855.11106020408,1410.40308979592,1783.22405918367,1722.88559489796,1323.00519081633,1320.22924591837,930.399036734694,1113.04924591837,1332.12579183673,1495.61113265306,1490.67088673469,2043.78739142857,1641.79450387755,1374.71761020408,1935.11987795918,1231.03367857143,1526.46924489796,1361.16153469388,1828.42223163265,1466.99190102041,1598.08323979592,1557.38953469388,1524.32055408163,1727.31875897959,1760.75467653061,1524.82648979592,1230.27931734694,1761.52314081633,1210.85906836735,1251.82391734694,1471.80567857143,1657.48753367347,1558.65587755102,1640.40313163265,1446.4382122449,1616.9427244898,1848.48520612245,1787.87141734694,1916.28510816327,1744.06712142857,1385.5817255102,1416.50504612245,1155.31865408163,1265.92157959184,1634.09910102041,1746.24341734694,1307.09276387755,1555.87758367347,1747.43414765306,1931.35988265306,1660.66403183673,1642.71417346939,1852.19328571429,1658.18827040816,1665.63666428571,1850.94453877551,1966.20276020408,1540.17093877551,1257.98375510204,1656.62540510204,2325.90026530612,1719.35403469388,1358.29606020408,1328.94838877551,1423.81766326531,775.992375510204,874.812370408163,896.852281632653,964.288589795918,2105.87102040816,820.423429591837,1271.8193744898,1404.36313469388,1093.86262959184,1933.04473673469,1931.78149795918,1816.46285816327,1751.88191836735,1524.15891428571,1404.14766530612,1513.49913469388,868.064262244898,1095.26888877551,902.043320408163,1764.73724183673,1648.03346632653,1403.80080612245,1456.1054622449,1235.02533877551,1418.55082142857,1640.09216530612,1047.64466938775,1331.66751428571,1517.67472857143,1724.25991122449,1702.11920510204,1246.90096632653,1191.40087346939,1925.14040102041,1275.08752244898,1269.23008469388,1500.92228877551,1830.15359693878,1441.35758367347,959.08746622449,1143.32693979592,1178.72395612245,1085.91697653061,973.731906632653,1442.95994795918,1435.19028571429,1169.06648673469,1552.6206377551,1636.50392857143,1733.97785204082,1672.31694693878,1481.83103571429,1400.1790244898,1049.27853979592,1441.57940306122,1372.12974693878,1124.09776122449,1402.23702755102,1209.25436510204,1117.16156938775,1248.71670612245,1222.50849285714,1430.79515408163,968.576144897959,1541.57082857143,1538.14834489796,1143.00793673469,1690.49364602041,1730.73803469388,1603.95618979592,1738.88136020408,1833.6443122449,1252.98380714286,1065.19492510204,1477.75117510204,1838.69043571429,1500.8171422449,1871.72337653061,968.070560204082,1147.33620816327,1478.35552346939,1479.59436632653,2285.91446836735,1815.25838,1781.25244183673,1544.02212142857,1696.08507959184,2282.58572142857,1771.7245862449,1063.91375816327,1857.4995244898,2030.80813877551,863.739264285714,1118.00371734694,1345.10193408163,1528.00387244898,1738.70839183673,1563.64834183673,1563.44286326531,1435.77672040816,1759.80162346939,1683.47702959184,1724.68165408163,1309.73351020408,1553.87930285714,1511.42104183673,1507.99256632653,1741.4510777551,1330.40304489796,1875.69371122449,1319.92872040816,1472.01256020408,1174.43583265306,980.760886734694,1518.06390132653,1283.90097755102,1134.49477653061,1765.17526632653,778.515171428571,773.975837755102,1030.69295510204,1265.54976938776,1589.08545408163,1646.18190306122,1519.6155877551,1108.61547040816,1243.72215816327,2110.3918755102,1860.76219183673,999.933754081633,1083.43826530612,1248.29654081633,1144.77050612245,1315.45710918367,1657.08039693878,1172.92548571429,1823.15641530612,1424.69395,1330.66087857143,1749.60735336735,1771.47760795918,1657.36344795918,2027.50350918367,1495.55257030612,1674.17638469388,1221.86869255102,1187.92307755102,952.167181632653,1308.83933571429,1181.44875714286,1241.69477040816,892.19796122449,851.886106122449,1178.8054755102,1499.34312244898,1475.43287918367,1487.34555816327,1531.05546428571,1558.86667755102,1137.01086938775,1124.24329795918,951.651287755102,1360.46789040816,977.158121020408,1363.76193561224,1164.43249683673,921.00514755102,1463.48286010204,1115.34154908163,897.427194897959,1266.45551857143,984.174932653061,1825.40435204082,2163.84812857143,1492.54558061224,824.405192857143,1319.38733979592,917.003932653061,1795.76168163265,1570.81382346939,1190.74405,1979.92502653061,1507.16035102041,1870.34625510204,1340.77665816326,1072.34514183673,1073.91543163265,1321.49635306122,1214.53532857143,1721.9665377551,1444.0937877551,627.694290816326,1945.90061734694,1161.39342857143,1791.73025816327,1768.43177959184,970.018495918367,870.160282653061,1651.2035255102,1023.95325714286,1259.44218469388,1560.94315969388,1759.50988571429,1201.44972857143,2068.6301744898,1167.98044183673,1351.15069489796,1561.44138571429,1711.57871806122,1799.63202142857,1517.00062244898,1267.31024183673,1377.5041122449,1542.88173571429,1512.87270030612,1775.74580408163,1937.55991938776,1589.89773979592,1260.78376734694,1405.6545622449,1296.41881734694,1606.79735204082,1409.92999489796,1296.47727755102,1702.21951020408,1604.89141428571,1496.2564377551,1938.59264897959,1526.54702755102,1329.63633571429,1693.20447142857,1091.58257142857,1522.45011122449,1105.48368469388,1393.17219693878,1184.84311091837,1667.93629183673,1032.82032755102,1226.84681836735,613.954955102041,1509.79369489796,944.428608163265,1668.72598367347,1249.37722571429,1570.90958367347,1688.17406938775,1281.27146836735,869.216659183673,1247.16048163265,1266.80259693878,1330.83123265306,1024.30426020408,894.219569387755,1365.80183367347,1464.84725102041,1676.05762040816,1364.17139081633,1992.62652755102,1757.87075204082,1653.18309387755,1463.69932142857,1279.18525306122,821.435572448979,1134.14814489796,1031.57465102041,1288.87986632653,1425.68841530612,1800.46136326531,1257.82910510204,1737.82104387755,1306.41106326531,1941.17490918367,1700.59126122449,2037.07550204082,1571.57541836735,1059.7803,1311.13012204082,1473.8160122449,757.422035714286,941.204057142857,908.216173469387,1367.46040510204,1714.27417857143,1669.52723061225,1459.19757244898,1754.11746922449,1721.52323979592,1342.30181020408,1466.93756632653,1664.09392408163,1419.90724183673,1572.95521530612,1018.00378846939,1825.5188244898,1605.67270510204,1188.23920714286,800.059164285714,1715.5170122449,1592.71892040816,1544.59269785714,1106.8124255102,1710.22854489796,1705.80795408163,1519.13963367347,954.560328571428,2115.65657,1675.81233061224,1677.44991397959,1588.38580785714,1925.43516836735,1761.95769693878,1961.27753265306,1512.18010102041,1084.49948469388,836.750318367347,1054.27932244898,2124.72969489796,888.197168367347,1849.38717469388,1495.28668265306,1346.77802040816,1306.88609489796,1732.68093163265,1914.75047346939,1563.52812346939,1591.02186020408,1956.41296122449,1595.71513265306,1591.5921755102,1720.56932959184,1448.67956632653,1116.46492489796,1494.95146938775,1416.59449897959,1505.61936938776,1560.03877346939,1419.23068061224,1287.16105918367,1772.61066326531,1424.98254591837,1231.80935377551,1546.94887653061,1508.84587142857,1131.78898469388,1377.33505,1905.36191734694,1491.40218877551,1663.87686632653,1599.92903061224,1553.29279489796,1032.40677346939,1589.10101020408,1414.66050102041,1711.19997857143,1207.64534081633,1620.45070612245,1908.56915816327,1320.46663367347,1772.31014897959,1855.30433265306,1396.0695377551,1323.01950816327,1178.51455510204,1331.33247244898,1315.85245,1285.3827244898,1379.30552857143,1039.41290612245,1539.66530306122,1352.8886255102,1789.48348979592,1090.20254897959,1141.66791530612,787.857887755102,546.184239795918,1327.36377857143,1421.80708877551,1301.07819489796,1186.8300377551,1966.54662346939,1218.09728571429,1596.07490102041,1915.89974591837,2028.65713979592,1548.86280755102,1114.1433755102,765.111857142857,1174.29357142857,1169.85128816327,1253.29368673469,782.458751020408,832.307606122449,1100.48517959184,1746.24206122449,1922.33770612245,1633.06225408163,1716.57278571429,1681.98374693878,1327.18506020408,1092.5832622449,1168.56678673469,1253.66252142857,1459.60566122449,749.546803061224,1052.54848367347,1577.85244632653,1474.28504387755,1461.56020204082,1842.26929897959,1868.95822142857,1672.54542040816,1527.62687142857,1253.42735306122,1886.63650306122,1126.36453571429,1365.97827346939,1734.48157244898,1239.93765306122,1227.2007244898,1389.34182959184,1271.72078265306,1262.11614387755,1279.22597040816,1247.23628061224,1225.09445918367,1880.79749591837,1295.70083571429,1216.88041632653,1184.37943163265,1696.71678571429,1434.05299183673,1787.64494285714,1320.19111122449,1518.49695204082,1431.23719336735,1161.77663469388,1065.88674489796,1348.12062346939,1270.99772857143,1592.38032346939,898.14796632653,962.896362244898,1382.6679255102,1645.4816122449,1510.59129591837,1630.54931020408,1402.46878367347,1166.63114693878,1382.39956938775,1075.52114693878,1237.49052857143,1635.29319897959,1331.28111428571,676.505401020408,1466.14089285714,1461.74558061224,1285.83208163265,1308.44824897959,1593.15144285714,1223.36143571429,1697.24197755102,1512.59056530612,1375.01463061224,791.789158163265,1025.93263673469,1509.40240714286,1275.40638469388,1625.97834285714,1452.40624081633,1340.92628163265,1422.72865306122,1228.58205714286,1228.43810714286,1252.99761938776,1256.13116428571,1189.74784897959,1723.61465204082,911.070523265306,1828.40958979592,1876.61441428571,2020.4777755102,1589.51365408163,1289.3686744898,1509.46337959184,1872.13905102041,2117.78709897959,1822.05592040816,1679.69201734694,1101.24929489796,1368.36593469388,1424.11866632653,1401.01215,1161.51930204082,1674.46553367347,1345.65500816327,1689.60646020408,2119.4523122449,2025.34630714286,1813.03252040816,1707.19272755102,1072.90436836735,1589.95851326531,2092.26890510204,2153.88345510204,1691.77211193878,1197.63842653061,1553.82839795918,1548.95567040816,1614.85149489796,1535.71390204082,1509.79057346939,1624.41077346939,1756.92823163265,1595.01998469388,1250.2162622449,1075.79672142857,1623.71632714286,1789.13143979592,2155.3747755102,1562.15179489796,1127.03767346939,1444.58028979592,656.273221428571,1211.75065816327,1429.41450612245,1525.81274897959,1333.56055102041,1303.54429795918,1178.18202306122,1075.22095612245,1002.49102244898,1403.16749591837,1268.45526530612,1668.54810204082,1430.5897255102,1232.45134183673,1358.47559693878,1115.32366530612,1344.04032755102,1096.33969183673,1400.08437040816,1867.43565918367,1990.95963877551,1738.17168673469,1726.4026255102,1416.74850816327,952.339281632653,1272.99090816327,1508.72568979592,1296.92194795918,1937.53389387755,1555.63702653061,1362.02157244898,1814.70495193878,1658.05668877551,1722.18213367347,1656.54931336735,1575.88726734694,1043.45415816327,905.448493877551,1157.24921632653,1798.96234693878,1503.17119489796,972.974667346939,1855.30106836735,1660.55453571429,1316.78585816327,1597.31679183673,1405.97481530612,1397.09565816327,996.668123469388,1713.85569387755,1818.88174591837,1377.60537071429,2088.22556734694,1430.20217857143,1782.18603673469,1976.55444693878,1725.69635714286,1627.56449489796,1029.0694377551,1448.10061591837,1597.45475612245,1840.68524591837,1895.41908265306,1576.29863877551,1468.83455714286,1468.04115102041,1536.12588571429,1558.59825,1164.54664081633,1405.48968673469,1517.61482244898,1257.10798459184,1167.97849387755,1519.64479285714,1655.84249489796,1165.13330816327,1338.58012142857,1017.43382755102,1356.85595510204,1025.98120816327,1750.33409632653,1594.69145816327,1146.77821326531,1467.35331734694,1352.76253469388,1486.58885,1817.30126938775,1417.53601612245,1687.13220673469,2179.77139897959,2261.05972836735,1913.25672244898,1633.49203367347,1347.91052040816,1522.88409816327,1558.48861734694,1432.6086,1760.88827244898,1959.88825408163,1659.57240612245,2088.17656632653,1569.24366530612,1747.10229285714,1856.2833255102,1651.09642755102,1343.96194693878,1840.36315816327,1044.36015510204,1017.52523061224,1550.66757040816,1748.77523877551,1356.70109693878,1581.51929795918,1808.74929714286,1348.00034285714,1750.62203795918,2012.00141428571,2075.78516836735,1441.06023877551,1052.01708163265,1258.61634285714,1002.10179183673,1173.04704591837,1495.00918877551,1665.0608,1488.66089591837,1111.20475,780.422233673469,1477.40340918367,1353.38481020408,1322.98596632653,682.217587755102,1516.35795204082,926.019249285714,1127.92937040816,1207.20779183673,1527.75897122449,909.34506122449,826.234384693877,1121.34339795918,583.873351020408,2101.05983673469,1363.5761244898,1365.66143367347,1281.8773244898,1177.89233265306,950.649789795918,1204.11572040816,1531.86280714286,1224.96055612245,1459.21638367347,1350.28960510204,1636.75634897959,1399.43318367347,1482.93847244898,1651.40438979592,1442.69041836735,1469.43170204082,1646.91608673469,1302.61400918367,1310.30487755102,1778.24046020408,1860.97845816327,1724.02386020408,1296.49019571429,1455.17721428571,991.210007142857,1649.27939285714,1519.9574377551,1069.31315204082,950.469468367347,1338.75216938775,1752.93927346939,1502.45727959184,1550.40935408163,1649.57673469388,1096.23448265306,1387.59273673469,1702.06067244898,1233.00255673469,1954.61271734694,1366.16969489796,1543.87685306122,1137.06971020408,1624.49475408163,1430.39990918367,1202.20331530612,1294.47988061224,1502.09506428571,1101.94015408163,1244.39604897959,1096.14574795918,1552.72071020408,1481.69968571429,1263.59296020408,1894.6991744898,1605.67652755102,1395.39570204082,1316.92822244898,1387.94543163265,1575.3847,1006.82743469388,1530.84589897959,1159.27302653061,677.184186734694,1220.49681734694,1251.2975622449,849.960985714285,1090.62095714286,1069.36844285714,1466.63217295918,1297.05953081633,1349.37985306122,771.645541836734,758.227582653061,1211.32833673469,1249.16463163265,1184.48097755102,1443.28064489796,1647.56313367347,1477.47456938776,1116.13382857143,1258.02419938776,1738.85858877551,1546.13289693878,855.909282653061,1351.99689795918,1469.3596255102,1147.90165816326,1089.32741326531,710.28217244898,1043.78469234694,1495.52761734694,1088.77954081633,1151.53269693878,1305.69217959184,1004.84354795918,1295.23516428571,1346.64469285714,1231.5260122449,1590.82418979592,1562.17790918367,1809.20145306122,1453.59345306122,1449.65989387755,2198.43768877551,1692.07979387755,1653.13663795918,1616.19524387755,1385.25225408163,1238.09435408163,611.699408163265,1466.08762040816,833.020402040816,1175.24681632653,964.416580612245,1643.04098469388,1743.35896938776,1376.08254081633,1092.99280612245,1193.15956020408,1385.45422755102,2042.58759795918,1602.67941938775,1107.19580102041,1552.32638265306,1581.6424122449,1700.06533061224,1489.18831418367,1625.2552655102,1515.15514591837,1481.14684387755,1420.64049081633,1477.65518673469,1424.39458163265,1292.3744255102,1899.43590816326,1738.56817040816,1033.33289591837,1029.70426122449,1108.61569489796,948.182343877551,1048.12389489796,1872.55669591837,1626.83628877551,1508.00676979592,2201.39507142857,1716.50671428571,1297.17034693878,1596.44004489796,1065.34632959184,1301.6536877551,987.848313265306,1196.6425377551,1650.21475816327,1654.08910714286,1075.46774285714,1385.40260102041,1654.33646326531,2184.72360571429,1673.42333979592,1637.17839081633,1728.30301091837,1004.94538265306,1261.7909755102,1566.1547122449,1532.92729704082,1314.79268744898,1507.36033061224,1722.47387653061,1275.31289285714,1295.88877959184,852.401557142857,1132.19878571429,1307.29921428571,1146.03882714286,1188.26723571429,1063.33889285714,1435.12516326531,1516.84850510204,1430.91499489796,1895.23322244898,1156.01815,1581.3753377551,1291.73134081633,1015.8718755102,1213.52096632653,1615.07831734694,1659.48066632653,1245.63678571429,855.69618877551,1526.53193163265,1198.04383877551,1071.65393673469,1080.53502244898,1074.07546326531,1345.92750306122,1220.21740510204,889.875424489796,1766.13706428571,1318.10342755102,1335.90451428571,1725.4657122449,1374.82531428571,1665.20111428571,1286.13143877551,1638.24266428571,1207.31723673469,1703.42953061224,1309.15258469388,1082.6392744898,1270.7260255102,1560.10624816327,1972.23453469388,1931.22779183673,1199.94359897959,1832.60951734694,1498.72658877551,872.893593877551,1191.06211632653,1077.9514622449,962.566143877551,1805.7539622449,1024.40951479592,1254.24341734694,1415.94587653061,1443.85984183673,1216.55991530612,1268.18778979592,1013.55728571429,1108.60762653061,1371.48742244898,1483.43679591837,1455.99732244898,1660.72739591837,1253.30761836735,1617.70824897959,1019.40081938776,1135.78627346939,1153.48659285714,1130.74835326531,1235.37639285714,1339.68842959184,1324.82648673469,1600.7157377551,2196.18700204082,1758.74390918367,1352.28910204082,1697.53690306122,1877.50098530612,2155.46164795918,1433.53800816326,1444.38222244898,964.633872448979,1014.58554285714,1779.95206530612,1622.88645387755,1468.55057244898,1368.27666938776,1772.8036377551,1369.46739183673,1711.51269795918,1750.59936836735,2062.8418877551,1343.18701428571,1176.4032377551,1925.5270255102,1676.05306591837,1469.29832244898,1975.59856938775,1783.62787142857,1581.42490632653,1756.78362857143,882.612306122449,1031.90548469388,1487.86003877551,1531.71609285714,1569.23125061224,2018.36912959184,1978.07662346939,1870.96908479592,1015.18427418367,1622.36861938775,1219.69072959184,1232.31368979592,1596.66289693878,1810.9887,1610.37645510204,1459.51080510204,2057.92085714286,1547.94076836735,2038.24684183673,1697.20352959184,1124.66328061224,1262.12733979592,1352.84258163265,1551.85590918367,977.013657142857,1513.40911632653,1525.54023846939,1433.90733979592,1178.61626734694,1480.6028622449,1618.50484489796,1418.45262653061,1626.53984591837,2189.90938367347,1856.47139183673,1647.72371857143,2208.2764977551,1889.96063979592,1834.70859693878,1531.28152040816,1674.90257857143,1154.17754561224,2195.17311938775,1340.77238367347,1591.03589795918,1326.61928571429,1307.17057040816,1376.97553061224,2367.09151530612,1507.11249897959,1487.94443163265,1514.11028979592,1292.4798755102,1200.43651836735,1691.82857346939,2036.05010234694,1599.08647142857,1296.40328061224,1029.97935510204,2080.20345816327,1283.84870714286,966.076962244898,1314.18879591837,1321.5573755102,1639.55297234694,1433.04422244898,943.528187755102,1156.20779693878,1422.08119897959,1234.20372346939,1663.00764285714,1215.50804795918,1240.90327244898,2110.5419622449,2063.35361530612,1444.37536632653,1521.5832622449,762.119881632653,1092.10693979592,1212.57412040816,2009.81762755102,995.971624489796,1228.12284897959,1024.66426122449,1103.46110816327,1585.82011122449,1692.12641122449,817.916603061224,890.265430612245,1016.13676428571,1167.35988979592,1225.33536938776,1771.38111530612,1702.13701326531,1094.72497040816,1487.23103877551,1379.2545255102,1729.10678163265,1424.00139081633,1062.50873571429,1432.80021734694,841.18497755102,1803.04490612245,1644.79786122449,1876.47443469388,1423.7624122449,2147.98215816327,1818.54679081633,1231.677,1517.91137959184,1167.07505510204,1893.10483877551,844.703470408163,961.900733673469,1745.10232346939,1710.24428265306,1553.04874795918,1605.7895122449,1982.19751836735,902.175940816326,974.362196632653,957.84953877551,1039.33889183673,877.814662244898,1391.88855918367,1845.10660612245,1632.48626428571,1694.3894877551,1753.70432142857,1276.84950091837,1674.4514255102,1238.03899081633,1582.49950102041,1811.24679010204,1558.05660102041,1823.76921428571,1409.75800918367,1550.1482890102,1221.64573003061,1641.07315,1310.87404489796,1452.15033836735,1245.05737959184,1823.80264795918,1136.61408877551,1325.6236877551,1723.8208122449,1157.42221020408,1859.18412857143,1509.00924183673,1626.70817244898,1017.60641836735,1281.00946836735,1256.62261326531,1703.53804183673,1815.26900918367,1605.69062346939,1643.33661734694,1450.38980102041,1385.15722244898,1528.06725816327,1279.08501020408,1569.21876959184,1567.59623571429,2135.5611122449,1659.52744387755,1473.95646979592,1619.77044387755,1187.74119387755,1148.98348877551,1407.20487142857,1649.63409285714,1456.38540612245,1024.54252040816,999.828535714286,1572.35641122449,1288.13161020408,1183.44163367347,1693.77851428571,1496.4158744898,1324.03827653061,1190.4425244898,1244.40833367347,2028.57977346939,2025.11093163265,2061.73127959184,1974.72381428571,1591.4923255102,1089.48319153061,2197.47296122449,1359.08573673469,1503.65360408163,1646.40529387755,2063.47981806122,1635.92578367347,1843.66147142857,1243.62716530612,1791.42017632653,1489.84107163265,1366.21022244898,1865.86090306122,1610.74226938776,1367.32607244898,1255.35971530612,1342.29335102041,846.778521428571,1259.97116020408,696.117307142857,1444.55884877551,1509.36365,1197.83165510204,1075.58572959184,1634.49162755102,1280.8965,1460.0635622449,1184.62939489796,1747.1520744898,1910.08104897959,1288.10169989796,899.970436938775,1405.75213265306,1477.22680408163,1910.3658622449,2043.71928163265,1477.17794591837,2061.38938265306,1347.98303979592,1655.08921122449,1645.15889897959,1757.2390622449,1269.75441734694,1651.75948367347,1855.03478163265,1750.69977857143,1198.96200306122,1455.18521020408,933.192373469387,883.670645918367,1294.34485510204,1594.59710612245,1192.69344795918,1284.78687653061,1332.57817081633,1551.09020510204,1868.75635408163,1776.88245918367,1414.85262244898,1813.13813673469,1699.68252244898,1734.82570408163,1326.23514030612,1165.81609897959,1052.93013265306,1051.90182632653,1455.99205408163,1043.3883377551,1387.18357795918,926.797085714286,1422.96294387755,1127.59830714286,1284.75194489796,1200.34056530612,886.071273469388,1413.50404693877,1094.78729489796,1310.51324489796,1329.4297255102,1159.64485306122,1747.18104897959,1603.65793163265,1627.45165,1129.28037367347,1288.17088428571,1368.47591530612,1280.99433571429,1738.40905408163,1283.51758571429,1370.85206387755,768.919909387755,1279.84026020408,1692.78228469388,1734.52379591837,1663.71829387755,1540.78222142857,1943.37651122449,1709.43004285714,1504.82104897959,987.342883673469,1500.65252040816,1486.38339795918,1633.65146530612,1438.56868714286,1192.88297040816,1175.40924591837,1729.49753061224,1877.26174795918,1503.75420918367,1814.25672244898,1409.58854795918,1673.77073061224,1698.23949234694,969.080476530612,1251.19563561224,1541.21615877551,1273.02722346939,1028.56933979592,1487.46543979592,1064.58408979592,1089.13795816327,1159.48871632653,2035.34362755102,1450.30785408163,1457.60924387755,1650.37341122449,1054.8732622449,1108.73801734694,1155.21793061224,949.648508163265,1044.13042244898,1556.01252469388,1372.24975816327,1779.47903673469,1974.44842653061,1307.79898673469,1828.28667244898,1499.89663061224,1495.31271020408,1669.69619693878,1712.37041122449,1178.94253163265,1308.00206142857,1614.89570408163,1673.29308265306,2147.16180816327,1340.70470816327,1941.02738571429,1368.60200204082,1486.15440204082,1865.74445714286,1215.48677755102,1279.64616020408,1816.68890306122,1527.83222857143,1012.80583571429,1257.36096632653,1227.38228673469,1655.74186836735,842.373170612245,1537.01073265306,1979.89668979592,1388.63723367347,1610.55895102041,1442.96831428571,991.976685714286,1284.3283255102,1352.23565510204,1429.50984489796,1514.06409183673,1679.04728265306,1194.89510204082,1129.54839836735,1710.26413469388,1378.83561836735,1741.12330816326,1153.09403367347,1534.54184693878,2039.47595204082,1987.65873367347,1517.48456530612,1724.0028622449,1694.15986836735,1236.17050408163,1685.00750204082,1517.03870316327,1686.67971020408,1527.92080918367,1577.98628163265,1587.37135306122,1434.0976755102,1584.14884183673,1789.61784183673,1670.83965306122,1093.1126877551,894.125347959183,1460.19634285714,1150.23422040816,1247.62281469388,1001.45785,1417.44039795918,1542.58351061224,1437.52412959184,1558.01768571429,1452.68198877551,2020.06150408163,1756.48310204082,1037.86540918367,1580.13455102041,1531.8565255102,1334.38446122449,1189.58451122449,1807.95587142857,2362.75514387755,1262.95330408163,1679.8850744898,1724.02456836735,1825.46022510204,928.416444897959,2013.28524081633,1374.81130204082,975.101963265306,1751.36016938776,1810.33109387755,2081.25565938775,1543.76879183673,1247.61929387755,1833.42929640816,1380.62001836735,1465.90741632653,1348.39051632653,1655.47066020408,1618.05242040816,981.214817346939,1200.15215612245,1434.85654489796,1448.18509489796,1709.76623265306,1491.89656938776,1328.2276744898,1768.45311428571,1958.55234836735,1452.16080612245,2065.30552346939,1793.5952744898,1632.87066530612,2164.77919489796,843.663175510204,1801.34268367347,1328.87136020408,1465.14891112245,1268.45983571429,1625.24985510204,1305.02373469388,1522.58138367347,1088.41848367347,1720.54903397959,1888.00712857143,1107.4341255102,1335.05604693878,839.239735714285,971.160648979591,2240.40412244898,1413.96052142857,966.381392857143,1508.07725102041,1578.5579744898,1615.38275918367,1259.31778367347,1577.36711734694,1409.93747959184,1338.51694795918,1042.90284591837,1775.85191530612,1462.73171734694,1814.78608673469,1236.35702040816,1039.12531734694,1183.61178163265,768.20681122449,1414.26531326531,1536.58699897959,1361.97912346939,1498.19095306122,1357.6912122449,1484.90608163265,1561.65329489796,1702.63988265306,1721.13341428571,1519.32841428571,1247.56237244898,770.105062244898,705.896407142857,1083.19044244898,1461.76735102041,1827.95204795918,1877.58482040816,1601.01834693878,1177.10303265306,1091.08283469388,888.436298979592,1185.6110622449,1581.57739591837,1630.31546020408,1814.57158673469,1006.88172295918,1343.38607040816,1912.26996530612,1539.4979377551,1646.4188744898,1424.25485612245,1739.87701612245,1411.50399285714,1167.0753755102,941.108908163265,1206.4446755102,1937.21545408163,1585.83759183673,1302.51111836735,1089.91680510204,1130.85046530612,957.586103061224,952.585462244898,1323.42913469388,1386.35770612245,1264.22841632653,716.582224489796,1691.59553367347,1202.19359183673,1310.68615306122,841.261557142857,1040.18784081633,1437.5366255102,1272.72051020408,948.288090816327,1569.43233877551,1580.25412653061,1367.89405734694,1283.1387122449,1578.94825408163,1877.08451632653,1628.57940244898,1710.15983673469,1414.51418346939,1039.64045,943.563514285714,1279.96682857143,1553.79401428571,1146.79665530612,1002.70954081633,1270.00815510204,1274.91094285714,1258.42681632653,1321.32354285714,1325.29116326531,1032.35842244898,1674.33143265306,1409.54648673469,1546.7967822449,1092.77369183673,1539.82978265306,1442.74477244898,1526.9588877551,1388.02996632653,1937.81921326531,2233.03614489796,1629.72232857143,1519.22821326531,1300.7926122449,1497.79909285714,1482.10117367347,1384.2057755102,1471.30634081633,1282.65225408163,1837.1349877551,1289.04924897959,1409.15780816327,988.536025510204,993.45811632653,1701.16787857143,1398.71012377551,965.930607142857,1460.45591938775,1387.21315816327,1566.23850816326,1741.7577122449,1619.95596122449,1803.56321122449,1892.1079377551,1234.85239795918,1458.60579387755,1477.52436734694,877.162615306122,1377.34552346939,1783.85538367347,1708.04219387755,1521.87850816326,1741.25588265306,1519.7917122449,1405.13696530612,1592.59451326531,900.778507142857,1695.89015102041,1230.05322653061,1186.34130510204,1035.2889877551,468.194410204082,913.171304081633,974.061410204082,1011.54991683673,1662.75775102041,1280.7634244898,1627.59796734694,1353.09948877551,1755.52301632653,1217.02204795918,1296.00080918367,977.533453877551,1059.21300367347,1744.66637040816,1085.08368846939,1037.36956326531,1857.81620204082,1566.80090102041,1761.25413367347,1504.66221326531,1190.67962346939,1417.74677244898,1647.33719897959,1483.97234693878,1195.64990306122,1784.76092040816,967.789459183673,775.067507142857,1148.21088877551,1222.93225714286,1552.19940061224,1251.40122612245,1031.4265244898,1120.07822653061,987.735939795918,1244.15726326531,1633.4209755102,1582.40768469388,1325.24717346939,1935.64621397959,1416.81266938776,1792.37593979592,1262.70378265306,1349.65432857143,1496.19756122449,1332.81074897959,1580.05480510204,1033.37888163265,1141.51215,1597.96637346939,1385.90679897959,1497.30251826531,1260.44266734694,826.711452040816,1486.04593979592,1724.56278163265,1473.96556428571,1369.44000540816,1766.45556867347,1656.82978877551,1803.27803979592,1679.50047102041,1303.50913877551,1189.07136734694,1203.45815,1232.21892040816,1587.74040612245,1287.75355612245,1746.13715102041,1558.50806122449,1845.82250602041,1385.2719577551,1430.26563673469,1649.58428571429,1944.80363367347,1269.31057959184,1067.95848061224,1521.18096122449,1796.70666428571,1289.66392244898,1169.83684795918,1232.53720306122,1932.82492959184,1735.18435510204,1023.38643571429,1151.03834489796,1242.84790102041,824.481936734694,1048.99770306122,1182.43060714286,1579.98032244898,1483.18137755102,1629.93381938775,1093.99578979592,1250.7282755102,1076.87455193878,1766.33262244898,1225.98224489796,1384.7183577551,2021.33228877551,1973.41856081633,1286.35765510204,1846.65299693878,1181.62190030612,1634.05737040816,1694.30752346939,1268.86015,1548.46547244898,1055.7411877551,1090.8538777551,1084.44065408163,1717.37256836735,859.424423571428,1217.69738265306,1862.29060510204,1591.94736836735,1983.78381734694,1865.32523346939,2083.04913346939,1659.39608163265,1559.29826938775,1212.16200612245,1102.04746326531,1432.25998979592,1529.06995714286,1551.19528877551,1781.98615714286,915.159670408163,926.812984693878,1391.7774744898,1111.35476030612,1092.69145816327,1176.07200408163,731.02031122449,659.307723469388,1432.91245734694,1471.30171438776,1500.98753714286,1283.63525612245,1084.61976938776,1183.54450510204,1148.10204693878,1617.95573163265,1072.50289897959,916.078182653061,1995.41891122449,1357.51404897959,1863.76343367347,1605.09543102041,1071.97095306122,1196.53470204082,760.923113265306,1050.64011632653,1243.60590091837,1214.2854172449,1416.04751734694,1709.11041428571,1181.43945204082,1756.94175714286,1782.92195408163,1361.44670204082,1897.82874040816,1099.74383571429,1760.50335408163,1342.73737857143,1444.43522346939,1081.58191530612,1161.12114591837,1104.80911122449,1526.40156326531,1207.84711326531,1395.66216530612,1093.81955,670.743864285714,905.966228571428,1214.9043744898,1318.00573010204,1073.16271020408,1577.08582244898,1373.98537959184,1565.53426653061,1153.94395306122,1566.51395714286
37.3469387755102,2019.40475204082,2049.03311326531,1674.83675918367,2031.45941428571,2054.10523571429,1903.95325714286,1305.20005612245,1687.39172857143,1649.08458979592,1895.5104,1889.83324183673,1825.07135306122,1861.82223928571,1814.57105306122,2175.43008877551,1852.22634897959,1333.14719795918,1824.47276938775,1347.1213244898,1707.72083061224,1844.97592959184,1860.79753265306,1743.73591428571,1540.16508163265,1452.40577653061,1448.24578877551,1637.20041836735,1185.29307857143,1470.88687785714,1746.23559183673,806.153865306122,1409.02727244898,1342.32512142857,1909.14722244898,1559.90157959184,1640.7026122449,1630.81907244898,1636.77967244898,1412.4083377551,1478.77057653061,1388.88114693878,1478.65453877551,1903.06540204082,1771.32435918367,1406.43513367347,1648.02831734694,1515.09959591837,2333.66227346939,1993.37988673469,1491.68752755102,1128.14853132653,2306.68990102041,1641.59737040816,1453.87022959184,1564.80709693878,1633.16681326531,2029.38924081633,1727.92470612245,1719.86615408163,1521.17980816327,1854.95525408163,1465.02849897959,1838.14289081633,1426.80389183673,1638.28845306122,1773.71043571429,1707.3307877551,1608.3318244898,1413.79956122449,1313.29748469388,1281.90874387755,990.801532653061,1123.17633265306,1129.02430612245,1129.1567377551,881.022987755102,1325.60898979592,1123.18383163265,1962.01782653061,1678.38794897959,1683.17736020408,1700.88107755102,1656.55169081633,1456.29445816327,1414.53295816326,1763.4123755102,1539.09119183673,1370.74263979592,1288.18996020408,2162.28936632653,1556.58996632653,1798.0441077551,1628.55667939796,1446.60049897959,1677.75633163265,1324.57233795918,1063.76689795918,1455.59571632653,1132.43994081633,1195.88461428571,1498.39639591837,1391.00028163265,1626.88148877551,1782.90006836735,1947.38653367347,2016.60793163265,1197.16845306122,1724.72364183673,1618.06474693878,1844.5694244898,1719.83329285714,1771.2406744898,1973.72746326531,1331.47232857143,1546.67586857143,1908.50141632653,1336.27403061224,1481.90459081633,1846.24071938776,2142.94707755102,1369.85841734694,1408.4946744898,1661.45211632653,1294.22977142857,1914.14961846939,1345.47768571429,1427.53167653061,1826.72615,1863.05042346939,1423.82021938775,1454.12874489796,1736.35106530612,1240.69287244898,1630.7903305102,1981.36843969388,1577.04647040816,1792.55404591837,2091.36996632653,1756.79470714286,1807.54443469388,664.86917244898,800.843974489796,1253.83383367347,1490.89228469388,1312.21636326531,1850.58734897959,1662.37855714286,1672.42517040816,1603.29463673469,1718.67965306122,1818.40855408163,1909.76309897959,1050.60164285714,1458.6997622449,1136.19240612245,1494.04796428571,1481.77761326531,1606.78193367347,1582.32667326531,1288.61469163265,1271.51532061224,1838.42923265306,1223.35039489796,1677.9793244898,1326.73111836735,1246.34801326531,1154.64390408163,1294.81660816327,1148.98809183673,1391.67763526531,1779.70669387755,1981.88874183673,1797.56836326531,1380.13467959184,1763.01806326531,1293.37924795918,1322.79763061224,1944.32820612245,1251.33063469388,1531.73392438776,1125.441505,1112.82667653061,1583.66373877551,1749.82988469388,1785.92990306122,1390.99552653061,1656.05436836735,2098.08244183673,1315.21160714286,1422.22940510204,1188.04082857143,1498.45511632653,1733.6614755102,2130.16004693878,1202.80479897959,1119.18386428571,1267.63493265306,1679.92088163265,1688.69959897959,1378.04720204082,1848.79700163265,552.614910204082,1375.42248571429,1499.11707142857,1400.67687959184,1720.65619591837,2002.9526,1516.34028571429,1407.53956326531,1624.8151377551,1595.50731734694,1579.87388163265,1822.48578367347,1908.36797653061,1654.9256444898,1889.87705510204,1222.99754897959,1477.68445204082,1443.75726428571,1737.2001377551,1327.64126959184,1454.93655,1738.03227346939,1032.40457346939,1245.6233755102,1230.65730408163,1422.61970408163,1704.0876877551,1707.12136530612,1887.78478265306,1861.19947653061,1909.49206938776,1295.84076734694,1725.03075816327,1405.19761530612,1209.90948061224,1354.23305714286,1342.31499693878,588.80968877551,1745.46762755102,1559.0643255102,1378.14451326531,880.922228571428,1908.51065408163,1580.54200622449,1629.91867653061,1596.86259591837,1751.5061755102,1243.21072755102,1316.83302071429,1660.26660132653,1706.83863061225,1805.24903265306,1875.41895408163,1635.40779663265,2027.91218979592,1432.60713061224,2011.14389081633,1407.0595377551,1636.47301428571,1674.98782244898,1613.66637959184,1878.07386734694,1555.49152653061,1559.80050204082,1486.03285918367,1687.10041020408,1797.69397755102,1292.11381836735,1869.28326632653,951.549190306122,1563.62998265306,1749.37475204082,1352.94571428571,1601.34864591837,1387.0181877551,2040.43763163265,1718.24458265306,1351.97787142857,1372.62231122449,1138.96999591837,1641.53677040816,1818.96022346939,1502.69401765306,1955.21130816327,1657.49924183673,1922.41103673469,1782.37624520408,1747.47188163265,1279.36537653061,1179.49353877551,1503.66378367347,1651.24721836735,1455.69705918367,1765.32945,746.408884693877,1661.52515714286,1565.84564489796,1514.82358979592,1261.23999489796,1678.89922142857,1587.94619285714,1882.49969285714,1577.29437244898,1446.99883877551,1442.10602683673,1440.37529142857,1347.53589897959,1163.99796632653,1179.35301938776,1491.28713265306,1451.96124591837,1661.02673265306,1508.90563571429,1807.15380102041,1738.4796877551,2202.92042755102,1841.91435510204,1951.02574897959,1842.55173979592,1289.00161530612,1968.08918265306,2181.84134693878,1575.2597377551,1504.97210408163,1445.97470102041,1134.8848377551,1427.63814387755,1547.38324387755,1368.06414591837,1521.83308367347,1759.90397346939,1973.6036744898,1521.19848571429,1275.02072653061,608.300060204082,1901.32515102041,1971.03280204082,1080.79467928571,960.796559183673,1266.58737959184,1796.01147142857,1977.13332959184,1159.39980306122,1076.14521020408,1355.71746020408,1201.31171938776,885.990429591837,1413.25582040816,1295.12203622449,1636.77761938776,1684.85775612245,1258.83254387755,1006.90584591837,1504.28678469388,1316.15396836735,1288.11840306122,1575.43019897959,1690.02758265306,1725.7543377551,2020.49096326531,1444.18997346939,1243.89673469388,1411.92007040816,1503.43486938776,1689.89801326531,1575.92985408163,1331.59080510204,1310.05040918367,1204.72887346939,1512.2144877551,1273.60893265306,1508.39020408163,1543.57963061224,1627.48368061224,1633.87021020408,1690.46540306122,1503.21525306122,1381.94083061225,1791.43603877551,1529.86447142857,1708.84698469388,1675.54877346939,1410.81435102041,965.919847959184,748.187517346939,1663.92841428571,1479.48427857143,1988.81915510204,1197.89548163265,1166.66680306122,1286.87847959184,1471.84335,939.994333673469,1543.50305204082,1448.06814285714,1560.81024142857,2347.78673979592,1399.33130204082,1647.25884897959,1424.12759591837,1948.52239285714,1345.98134081633,1361.8880377551,1492.93376020408,1306.02990204082,1338.01365204082,1490.03245102041,1830.51274897959,1795.02430612245,1683.0139877551,1641.54928877551,1745.79207959184,2240.61763673469,1569.09981836735,2120.18713265306,1731.53667755102,1652.92185714286,1368.57476438776,1364.66379081633,1476.67860918367,1855.81017346939,1829.65604081633,1039.38693571429,1314.53934693878,1515.10451428571,1663.94698469388,1394.69072755102,1428.48626734694,1627.38475102041,1539.57258265306,1433.95082244898,1672.28838979592,2063.15027755102,2494.81609795918,1224.39929387755,1847.67364183673,1609.56757857143,1419.4563255102,1636.29583061224,1394.93790408163,1621.67764183673,1779.53150204082,1497.46572346939,1628.28411530612,1565.92369285714,973.079662244898,1316.88544591837,1249.57659183673,1675.60470714286,1308.08895510204,1402.72945,1068.7080244898,1656.72464285714,1247.0241755102,1390.48143367347,1280.55092244898,1464.51647346939,1868.18180102041,2156.32718571429,1729.67165714286,1252.22640612245,1870.42056122449,1886.47181632653,1888.35982653061,1602.76519714286,1681.41505306122,1697.75233877551,1558.99827040816,1632.61119387755,1337.61242653061,1402.75612071429,1742.54385714286,1625.82837346939,1634.16410918367,1334.78557755102,1291.37738877551,919.91226122449,1203.64957346939,1617.19716632653,2213.25544897959,2029.8818244898,1912.04447244898,1516.04237755102,1461.54660520408,951.051626530612,1680.13424591837,1199.99778265306,1627.40267653061,1372.34025510204,1880.68116938776,1007.1813755102,1558.40930102041,1357.80313163265,1473.08133061225,1226.94950040816,2058.93423571429,1269.52551530612,1507.90976020408,1327.32086734694,1157.03893265306,1634.56306938775,1940.38265510204,1408.72670204082,1381.73840204082,1247.98033163265,1525.42180510204,1331.99313061224,1161.56808469388,1327.79929489796,1315.16151734694,1278.06729285714,1477.82921632653,1690.89161836735,1335.60346428571,1077.18643265306,1373.5461,1732.18264489796,1588.47440714286,1448.66990612245,1815.01508979592,1790.29447142857,1608.6529877551,1568.59569285714,1023.66147255102,1590.67645408163,963.898879591837,1448.98451734694,1525.97331734694,1285.79973367347,1328.0404744898,1393.48072346939,1749.13270306122,1853.18978571429,1100.7075244898,1503.79674591837,1017.24496938776,1150.07335408163,1148.95337857143,1324.92468571429,1196.52315,1363.1072377551,1340.96290816327,1268.01824183673,1592.15805306122,1658.40122244898,1643.09181836735,2069.24207806122,1408.22514591837,1528.38721234694,1564.4555377551,1149.37178367347,938.197639795918,933.161842857143,1331.94120510204,2324.66503673469,1142.41829693878,1412.97707040816,1439.06950479592,1618.05565612245,1503.09656020408,1935.5636744898,1050.62324010204,1174.95827040816,1182.50661428571,970.166206122449,1451.44559285714,1272.13843877551,1915.41811020408,1581.36783469388,1634.60895714286,964.518952040816,1230.60490510204,1470.2598255102,1560.6724622449,1418.4239244898,1129.90377346939,1904.27632142857,1594.05547142857,1579.68955306122,1388.51643571429,1415.4740877551,1704.68270102041,1696.36764285714,1737.56501428571,1478.00596020408,1729.90631632653,1270.89922244898,1142.14979897959,1201.31954591837,1504.34224183673,1684.02020408163,956.550026530612,1753.42207795918,1578.26619489796,1209.97536020408,1676.41288979592,2151.89247346939,1823.87442244898,1511.8696755102,1947.94351326531,1615.08448979592,1555.21690816327,1479.50030193878,1480.57766530612,1876.85143540816,1594.96362142857,1636.55479897959,1947.34298571429,1538.78467142857,1724.84914183673,1746.4592272449,1705.00554591837,1880.80179591837,1595.78307346939,1946.03653367347,1812.00383367347,2271.95095204082,1930.79798163265,1465.53283265306,1468.41354387755,1308.68589693878,1305.55816428571,1604.25297244898,1294.77227755102,1501.84704285714,846.187009183673,1912.22162653061,1220.10403163265,1178.97481530612,1442.6545755102,1258.55772653061,1361.20251122449,1598.39519081633,818.701802040816,1446.02093877551,1047.21471428571,1023.21286938775,1279.30405204082,1470.39964183673,1308.87018061224,1233.90125918367,1797.77333469388,1462.64329489796,1744.08628367347,1832.0294244898,1216.66398061225,1483.15390102041,1684.34334795918,1917.14198571429,1669.87544183673,1238.32709591837,1753.61928979592,1095.51381632653,1571.50292040816,1021.06667346939,1068.35108061224,1540.80757346939,1529.74202244898,1934.03872755102,1739.87097755102,1283.30795,1691.49046397959,2358.84272510204,1602.51650204082,1826.09488469388,1912.79924693878,1550.04419693878,2043.21554183673,1683.46304897959,1050.44921530612,1560.27138061224,1781.70470204082,1460.90969795918,1805.16047857143,2040.21503265306,1959.44079591837,1103.47748877551,1116.21760816327,1232.56865612245,1350.44218163265,966.339271428571,1249.69506836735,1260.89157040816,1061.24398979592,1317.66161836735,1497.33172244898,1606.77186530612,974.154268367347,1682.66510306122,1571.01812244898,2031.63821316327,1930.25955204082,1641.50580204082,1688.07135714286,1481.6724622449,1452.0442377551,1373.15403877551,1124.19073346939,1317.50038673469,1240.69355918367,1147.17424183673,2309.02776632653,1658.1514,1457.29956020408,1868.27559897959,1600.79158673469,1348.07139081633,1642.02910306122,1168.65284795918,1841.19281938775,1833.30984387755,1751.29854081633,1254.16022755102,1472.83163367347,1563.19877142857,1343.38651122449,1450.54410714286,1855.58693061224,1243.56267244898,1674.8408244898,1528.77236153061,1908.91502346939,1681.29965612245,1800.65877755102,1399.66140612245,1790.07979285714,2190.8139377551,1439.38846285714,1356.82345,1566.00382959184,1683.66699387755,1292.95390306122,1409.90738571429,1795.50363469388,1779.07965102041,1797.27573061224,1649.45633367347,1402.30712959184,1536.54751326531,1648.67225,1708.45787040816,1619.6245122449,1776.60245816327,2075.30803163265,1527.56239897959,1274.90447653061,1713.16075102041,1385.01474795918,1183.82959081633,1883.99507959184,1169.34426938776,1475.36028367347,2179.86295102041,1884.90706632653,1716.23469081633,2471.30333673469,2059.25270816327,1456.77239183673,1290.08057785714,1032.83990306122,1534.58302040816,1337.97193877551,1266.99472244898,1364.86394897959,1127.12564081633,1613.76139693878,1277.50280306122,1286.01132959184,1185.88636326531,1883.59206479592,1825.92935204082,2098.5679255102,1863.1918372449,1568.12119591837,1439.98031122449,1513.35037755102,1575.70147244898,1791.81589183673,1776.23059081633,1660.27764081633,2035.14748979592,1804.1348377551,1325.96120408163,1857.66476836735,1970.01663673469,1499.75888877551,1142.29934591837,1190.7042755102,1561.79008061224,1179.67343367347,1231.09256938776,1474.81021428571,1643.38528367347,787.68977755102,1009.23756428571,1396.72602653061,1208.60373163265,1349.33250408163,1540.93255,1368.37085510204,1619.79779387755,1872.99247857143,1808.15361836735,1360.75687959184,1028.53336428571,1174.69377346939,969.075452040816,1507.73365,1676.07264387755,1765.08028163265,1464.9376244898,1557.05674183673,1555.35195306122,1927.4982244898,1559.25847346939,1172.40113163265,1289.48906632653,1463.49005,1223.53762653061,834.152203061224,1088.70123673469,1690.19008020408,1452.35741316327,1555.97575397959,990.226010204082,1689.49084081633,1780.20983877551,1172.19686326531,1073.28059897959,1538.80638673469,1870.10092755102,1097.62725510204,1510.43807244898,1485.99517346939,1623.40686530612,1256.75475,1813.69105816326,1269.0095,1799.66941836735,998.181340816326,1120.99330510204,1512.21406530612,1417.89627510204,1547.4366677551,1472.72087142857,1425.64978163265,1625.54648469388,1674.33318469388,1618.40816428571,874.469167346939,868.766096938775,1244.98989897959,1818.9114244898,1145.77931938775,1634.14652959184,1358.37109693878,1343.26035102041,1573.92706428571,1380.99658469388,1475.66237255102,1224.17343163265,1379.61110204082,1432.7730755102,1734.46937346939,1839.50520612245,1572.83853673469,1274.96519081633,1460.47721020408,2328.20146122449,1678.6454744898,1289.58005510204,1109.69195714286,1168.31463469388,1491.48763571429,1266.7814877551,1362.50720204082,1466.43741734694,1909.77981428571,1637.18228469388,1521.20150408163,1801.95168265306,1750.67283265306,1717.9112622449,1604.65101734694,1729.8633,1345.69179795918,1143.02489081633,1420.32787142857,1533.66103979592,1260.81133673469,1750.60705346939,738.80401877551,1540.30260816327,1257.02609489796,1450.29122755102,1937.92295,1689.45533877551,1689.08885408163,1634.80075510204,1014.51218673469,2072.88223265306,1829.27197244898,1744.1118744898,1724.84195612245,1308.28175102041,1684.95661836735,2224.41834489796,1638.73712040816,1828.00670612245,1520.5734622449,1226.86675816327,1258.19268265306,1459.78208265306,1097.28123163265,1961.07832244898,1355.34228163265,1652.79479897959,1797.76353265306,1836.20393367347,1922.98335306122,1199.8157622449,1619.69397755102,1622.29299693878,1356.75306122449,1403.85720816327,1530.93745306122,1559.69104795918,1787.21385102041,1560.18408673469,1143.72473673469,1740.48238163265,681.89048877551,1704.2018255102,1273.71873877551,1460.56442142857,1514.58754183673,1839.4292255102,1566.20397857143,1559.18794489796,1487.96055102041,1528.49116122449,1319.17982755102,1695.23125,2080.99695,1734.03924285714,1546.00672653061,1805.05359285714,1618.18339897959,1846.94948061224,1865.62937857143,1621.13743163265,1080.65310102041,1131.01775816327,1202.3552877551,1736.37251836735,1968.77980918367,1832.23465102041,1589.70963673469,1738.5930755102,1652.79400428571,1788.66431428571,1646.96919897959,1396.52655204082,1863.04926020408,2135.21551632653,1739.58149489796,1648.56689489796,1555.87793877551,1383.51571632653,1839.77405306122,2130.14708673469,1820.78738571429,1907.92403571429,1730.69843979592,1324.73700918367,1731.98601836735,1812.10582346939,1735.97924897959,1119.54259387755,1385.31866428571,1423.69797244898,1857.23885408163,1894.04381122449,1525.55501632653,1095.55682857143,1795.50718877551,1933.34861836735,1731.64875204082,957.387255102041,839.703342857143,1466.20213163265,1963.66366836735,2216.23263061224,1320.97913469388,1849.67938081633,1488.17203571429,1505.07235306122,1333.24910204082,1594.24415408163,1488.98513673469,1733.74123979592,1750.94713673469,2213.81923979592,1885.86264081633,1044.62427142857,1410.56659387755,1453.74392857143,1526.41919489796,1094.7912,1356.62225306122,1115.49521122449,1419.62154897959,1952.83204693878,1423.52554153061,1571.63873469388,1863.80258979592,1795.11440306122,2029.80317755102,1615.25174795918,1643.57467959184,1140.77237040816,900.023197959184,1692.93989897959,1650.84630204082,1384.20263571429,1526.2678622449,1616.85296734694,1426.65854897959,1617.79531734694,1275.61686836735,1440.00043673469,1940.90014816327,1593.7332122449,1775.03850408163,1928.27244081633,1690.93747040816,1619.2760494898,1358.7960622449,1549.73220816327,2304.81552244898,1219.49098265306,1168.49776632653,1333.36498571429,1512.81101357143,1525.96034591837,1579.31628979592,1595.14056020408,1490.97523367347,1658.12824897959,1688.22571734694,1729.76086632653,1421.92740714286,1555.65577755102,1670.83090510204,1968.28946020408,1831.41708673469,1432.9555744898,1342.77835306122,926.50947244898,1541.71750816327,1124.57155204082,1247.07498877551,1170.27065306122,1155.74885714286,1623.52683673469,1618.84069897959,1716.0929744898,1399.43319693878,2171.90767142857,1601.49509183673,1944.77944795918,2085.68272346939,1794.95513561224,1647.39925571429,1484.91272857143,1858.43787959184,1445.26590204082,1302.71757857143,1534.57563979592,1242.6615255102,1789.04915816327,1551.11847346939,1682.12630816327,988.535863265306,1231.37817755102,1340.18323061224,1904.80880408163,1889.68850612245,2190.88312653061,1914.00648163265,1144.04079489796,1964.41891530612,1465.43554081633,2347.98441734694,1601.2386822449,1464.03146581633,1639.08712653061,1431.1331877551,1325.85020918367,1214.05077142857,1649.12811632653,1632.2770244898,1722.16020561224,1672.40378979592,1976.83341938775,1699.31023061225,1466.87473061224,2067.27335714286,1686.60645102041,1566.25888673469,1617.81426836735,1253.55525714286,1320.50195714286,2025.55068367347,1364.95376632653,1943.19416734694,2485.45088571429,2112.93538877551,1573.97276122449,1602.25070306122,1595.85242387755,1270.49265918367,1046.47987040816,1276.95773571429,1033.28120306122,969.371119387755,1540.48154489796,897.881813265306,1892.06663367347,1489.33860306122,1526.68178265306,1468.63110816327,1395.73704897959,1268.53566938776,1511.46975612245,1322.1333305102,1738.52211326531,1777.62195,1806.55989081633,1967.36181632653,1764.50467244898,1242.45981122449,1615.85073877551,1450.06632683673,1367.13329081633,1799.63755510204,1530.02065255102,1509.24633265306,1979.92666020408,1496.96782857143,2136.1892877551,1364.10079693878,1460.14572755102,1772.31269183673,1734.48898469388,1708.45856836735,1311.26976020408,1332.3452877551,1306.41879183673,1339.1670755102,1285.25180102041,1471.84193061224,1319.90587142857,1712.30345,1613.08371836735,1631.89714081633,1154.77651428571,1604.81839693878,1284.06691938776,1418.39234795918,1274.34926530612,1314.28220204082,1868.88030408163,2008.32266734694,1458.13304387755,1655.31256428571,1541.42320408163,1370.63081122449,1832.9362122449,1402.0705977551,1250.03804285714,1334.33552959184,1150.91025408163,1348.11685204082,1165.74413673469,1445.34524316327,1995.39657653061,1295.00031938776,1142.1679877551,1332.52765102041,2087.16419081633,1079.65702857143,1781.53411938775,1886.81105714286,2228.91670306122,1472.7533255102,1425.92766020408,1682.81558877551,1456.06547040816,919.440626530612,1172.88504795918,1874.48549183673,1159.27458061224,1458.7640255102,1256.84521938776,1435.77816938776,1639.20230408163,1563.90221122449,1168.5494122449,1187.96296734694,1572.29344183673,1144.44575612245,2196.94874897959,1343.05016632653,1806.64799795918,1419.64396428571,1561.26557346939,896.14691122449,1812.32019285714,1636.53915408163,1243.5350377551,1131.76080816327,1542.86095816327,1407.58207959184,1587.08078469388,1229.39524591837,1240.38073877551,1849.84452857143,1718.17343367347,1537.54674489796,1042.50688673469,1064.83710612245,1841.88710510204,1341.83246428571,1628.91691428571,1573.88762571429,1685.1881394898,1446.25953469388,1393.36234693878,1705.73936734694,1690.33496020408,1493.89084857143,1488.68537040816,2036.47152857143,1788.51911938775,1806.82185102041,1131.56201122449,1264.25452346939,1662.85680867347,1617.98881836735,1969.89904285714,1594.6022377551,1443.65345102041,1322.33726428571,1035.86248163265,1868.24478979592,1418.52728561224,2070.46749489796,1862.97355612245,1597.57989285714,1440.88325510204,1244.18428469388,1631.46838163265,1352.7121244898,1321.86790816327,1593.82587244898,1240.28244081633,1826.40638163265,1936.50881122449,1808.70789285714,1233.15362244898,1343.81142857143,1399.7658255102,1317.12495612245,1894.66955204082,1678.81837142857,1956.90562755102,1713.37438979592,1525.41807755102,1770.68885204082,1484.98635357143,1251.89936020408,1674.89870306122,1746.68062040816,1435.81022755102,1379.64541234694,2007.29657908163,1651.19051642857,1847.78264795918,2043.7388877551,1726.69217142857,1040.60575102041,2050.23425816327,1694.74919285714,1364.32785612245,1690.9036255102,1281.71862857143,1415.13980306122,1428.83561122449,1530.16622346939,1976.74384693878,1857.43055204082,1475.89863061224,1537.07682959184,1695.6892244898,1569.03168673469,1673.48207244898,1834.52368979592,1224.23170816327,1096.09973265306,1416.03883673469,1783.12843571429,1386.65708163265,1739.64663673469,1701.92250306122,1606.4331877551,1019.50485714286,1254.79728979592,1274.05691428571,1418.67504285714,1773.11706938776,1785.37655336735,1786.64444897959,1774.47426020408,1792.53857346939,1241.34647346939,1956.06908877551,1800.00661632653,2092.78857755102,1495.79598979592,1412.78245,1323.18206428571,2067.88250204082,1682.81336734694,1360.5180122449,1486.04964489796,1212.13257785714,953.947713265306,868.597009387755,906.852182448979,873.354254081633,680.334232653061,1702.8295122449,1635.33264387755,1790.65431020408,1736.40573877551,1760.64847653061,1314.98099183673,1849.43617755102,1989.87616938775,1425.33580510204,1226.88727755102,1150.34369183673,1473.77529897959,1708.92666326531,1378.63592959184,1274.14763163265,2562.50285714286,1456.52528163265,1428.98024897959,1957.08189591837,1311.33440918367,1207.72373469388,1390.50254897959,1753.45352653061,1445.56787755102,1990.09097959184,2116.95655357143,1809.95774693878,1240.1958744898,1168.80616765306,1330.97465714286,1221.31692244898,1294.22145816327,1166.23292653061,1895.86909285714,837.148770408163,1692.44717857143,1199.84186530612,1500.02636020408,1527.41022755102,1049.77713163265,1725.89741122449,1622.02096836735,1530.81324693878,1816.74507959184,1706.10721428571,1233.99697755102,1513.05058877551,1664.61584489796,1288.15988061224,2241.28781418367,1490.1819877551,1312.94641428571,1412.99322040816,1465.59599795918,1129.41660204082,1382.3068877551,2015.00806734694,1730.1423255102,1597.97133571429,2091.44145510204,1860.66663469388,1264.47324795918,2013.48678367347,2300.11857346939,1221.8445377551,1508.34504285714,1292.62302755102,2049.95175408163,1489.93106632653,1436.0893244898,1574.26077857143,1755.92931326531,892.582739795918,1236.7598755102,1428.42416122449,1205.47739183673,1674.16023877551,1708.2888877551,1661.98950408163,1533.98179591837,2223.18524857143,1486.78147653061,1303.69272040816,1758.09856836735,1966.5266622449,1674.40820816327,1940.78774183673,1643.60525204082,1544.18643163265,1534.70092142857,1562.1187255102,1311.20935510204,1401.12680918367,1036.95896867347,1701.03921530612,1011.52484183673,863.577207142857,1499.20065714286,1757.77975612245,1268.97479387755,1908.96402959184,1879.43198367347,1451.54220408163,1504.08071428571,1257.51201530612,2222.16231122449,1588.82261632653,1366.66400816327,1367.89603163265,1221.8034622449,1736.50859642857,1079.03532857143,1352.93033469388,1749.20077959184,1691.95115,1924.96249693878,1542.21718673469,1340.73494591837,2013.66075306122,1485.83390612245,1619.66756836735,1129.37800102041,1489.3530255102,1858.35282755102,1557.94073979592,1472.77878163265,1635.88910714286,1412.42961122449,1325.18085918367,1794.6592622449,1797.5166022449,1098.11715102041,1608.87748071429,1841.84169071429,1420.07897653061,1564.43380204082,1542.74278265306,1600.13394183673,1550.70449183673,1509.8836755102,2317.14936428571,1457.49243265306,1612.7247,1539.70591530612,1339.18124591837,1600.84445204082,1304.1168755102,1317.40897857143,1249.08949897959,1070.11091428571,1518.19719489796,2045.09910408163,1689.95866734694,1803.13324897959,1590.94653367347,1458.9388122449,1030.48512755102,1569.26149489796,1059.87243265306,1520.35553979592,1301.99523061224,1343.71013265306,1601.05444795918,1467.96514285714,828.468775510204,1040.83185,1484.38839183673,918.823351020408,1749.03322142857,1540.85724693878,1717.24524285714,1751.99676122449,1423.71950714286,1908.69431326531,1820.65266122449,1415.51694387755,580.424163265306,735.965590816327,1706.93673061224,1671.01206632653,2131.49431632653,1773.83277959184,1467.7355744898,1409.03318673469,1544.50244387755,1950.17021122449,1893.95767857143,1845.55762244898,1277.26452040816,1908.94317653061,1336.90128469388,1669.94449795918,1718.05201836735,2039.06156428571,1324.25042040816,1387.27207857143,1551.62439183673,1428.88426530612,1058.52161428571,1677.67879795918,1666.9814877551,1509.46550714286,1693.88655857143,1590.66466734694,1269.98142142857,1725.57842142857,879.517813265306,1173.50079897959,1325.89771326531,1575.83371938775,1690.4760122449,1161.95136530612,1745.58404183673,1357.12031020408,1442.57463061225,1565.51248061224,1250.9786744898,1640.15620102041,1757.27493979592,1606.12194897959,2214.58001836735,1239.2820755102,1769.07494387755,1284.37114897959,1648.90358469388,1454.96063265306,1851.53430408163,1617.22365408163,2023.02720204082,1806.63319387755,1584.11345816327,1666.36063673469,1497.10455102041,1175.91254183673,1305.9840877551,1307.14500030612,2402.20344897959,1455.42451836735,1255.36005918367,1692.51043979592,1482.6839855102,1511.73731938776,1719.72384285714,1942.08049387755,1897.98289591837,1728.15716326531,908.256707142857,1441.70373979592,1497.899,1591.86433061224,1477.38928877551,1686.66963061224,1230.00949795918,1753.34255204082,1357.25454693878,1321.26128979592,1735.31566530612,1825.77363673469,1881.27434081633,1115.79607857143,1440.69557959184,1586.44052755102,1459.3536622449,1382.54276836735,1834.79066938776,1911.4756255102,1481.61040714286,1841.37076836735,1794.97645408163,2222.28436846939,1467.01776326531,1770.85596122449,1814.99031530612,1878.24946020408,1223.30295918367,1938.59977142857,1970.4703122449,1892.7625755102,1621.12167846939,1494.28090612245,1619.19640408163,1420.56815714286,1648.08350612245,1454.12510816327,1540.26074591837,1921.89871326531,1545.8520622449,1325.35347959184,1181.72939816327,1334.12867755102,843.053229591837,1215.02560408163,832.581467346939,1594.42362244898,2049.79162346939,1865.43723469388,1405.99367959184,1887.01883163265,1813.27155714286,1727.05140204082,1397.48378571429,1491.52092755102,1647.83839183673,1505.13872142857,1535.96610102041,1920.59412826531,1657.87345612245,1354.27424387755,1606.10572244898,1852.44199897959,1961.20173469388,1839.73275612245,2116.22235510204,1547.44704081633,1668.35063367347,1621.66491326531,1632.82201326531,1819.10864183673,1670.02956326531,1607.55175306122,1440.52859081633,1303.3651122449,1159.51048061224,985.377505102041,1466.13144397959,1768.87447959184,2031.74448926531,1843.30056326531,812.016149693878,1500.57932040816,1620.22509897959,1698.88105408163,1681.79782857143,1784.25018571429,1568.52752653061,1372.3971755102,1583.13184591837,1146.73540204082,1128.27528265306,1659.25771326531,1377.17104081633,767.748292857143,1556.21719897959,1445.11351836735,1250.02487857143,1443.11933877551,2145.45650102041,1386.98250714286,1746.70244693878,1984.09088469388,1046.78877387755,1581.65154285714,1408.86648571429,1455.80923979592,1469.4281122449,1292.77267142857,1163.9733244898,1814.09655612245,1861.98363163265,1543.24220612245,1108.29776734694,1037.12575,1517.18997857143,1558.99664285714,1679.7354744898,1737.54695510204,2285.76979795918,2276.11064795918,1582.05305612245,1544.50931938776,1060.2170622449,1895.18580714286,1591.96614081633,791.03807755102,1643.70196836735,1227.2398622449,1544.70605204082,1722.87194897959,1681.50869795918,1731.39650306122,1889.95468673469,1638.21098163265,1416.42381938775,1742.23607142857,1615.81331122449,1320.6318377551,1113.75707142857,1678.77291530612,1721.32893265306,1481.9736255102,1730.99828979592,1919.76771836735,2058.91269183673,1344.01825091837,1472.04542346939,1212.25892040816,1464.17105204082,1722.37828163265,1764.55945204082,1672.9158622449,1367.07267653061,1442.08404693878,1668.99947959184,1653.72570306122,1636.23601530612,1573.20107244898,1769.96670918367,1801.95480714286,1822.43628673469,1425.66639795918,1329.99021326531,2018.3203377551,1664.29330918367,1136.3404744898,1238.22776122449,1171.60574387755,1210.82466326531,1292.81538367347,1405.82986938776,1704.09295306122,1128.26184081633,1920.38017040816,1390.13258163265,1560.95668571429,1726.3144,1609.19730510204,1735.62371122449,1674.0093622449,1809.35106938775,1945.56405612245,1410.76826020408,2120.26656530612,1953.87616428571,1406.12853979592,1387.20218469388,1009.97645102041,1752.09222346939,1547.23493469388,1049.23072612245,1247.9417744898,1747.91764693878,1390.70519591837,1551.11118469388,1616.00726530612,1511.92987959184,1233.10596530612,1367.21486836735,1660.15418265306,1637.53176734694,1980.14549387755,2107.95278877551,1500.73371122449,1691.35295408163,1567.71952346939,1603.68297653061,1287.46039285714,1794.66774489796,1731.30771836735,1977.1466622449,1343.62139183673,1505.94229081633,2080.59057244898,1227.50320510204,1991.19407755102,1584.15728673469,1541.01472142857,1673.89464591837,1813.76134591837,1929.45365204082,1730.55604693878,2091.49127244898,1431.57274795918,1699.76767346939,1451.75999897959,1666.26312244898,1553.22885510204,1370.1568377551,1647.13063673469,2016.02458673469,1530.4073744898,1650.69089693878,1436.33595102041,1896.70352857143,1501.46147244898,1084.5312622449,1521.25509081633,1261.39060714286,1528.33167857143,1164.87454591837,1166.89645510204,1861.25724693878,1348.5058,1005.01609387755,1404.71651020408,1235.95485408163,1710.01780010204,1853.97829489796,1964.15779081633,1817.88760510204,1396.10680816327,1055.54024897959,1815.15936020408,1717.74769591837,1629.32477040816,2228.28997244898,1350.87523646939,1593.65310816327,1615.13334285714,1441.2834255102,1493.95636428571,1217.46494693878,1152.09002244898,1785.94117653061,1490.95609183673,1677.13456836735,1433.21126428571,1698.45613061224,1500.22740204082,1378.78430204082,1676.56402755102,1310.68802244898,1777.09536938776,1999.41897755102,1499.3322622449,1763.06744897959,1603.88865102041,1935.82526938775,1825.57180816327,1461.30613673469,1610.37519795918,2339.96351122449,1926.22065306122,1647.24020908163,1609.02295102041,1892.78887653061,1144.6172255102,1614.69157959184,1855.70636938776,1693.75449285714,1938.37152040816,1663.9110255102,1358.67740204082,1533.61972857143,1657.45625510204,1728.00341530612,1791.60885612245,1409.24938673469,1423.48827346939,1813.10943265306,1679.55494183673,1284.91565,1513.4228122449,913.800506122449,802.706857142857,649.589378571429,913.941367346939,1529.80122346939,1571.08957755102,1371.87118877551,1263.01230102041,1325.31897142857,1613.39569081633,1157.23025714286,1086.31993163265,2235.57925908163,2360.92765765306,1693.58658673469,1789.7567755102,1793.86212857143,1258.57756734694,889.744892857143,1504.24509591837,1516.10676938776,1460.61781122449,1554.39088877551,1615.73442755102,1827.60755306122,1630.40593979592,1819.37358571429,1687.45475306122,1096.89923469388,1330.51358469388,1577.88733469388,1326.40178367347,1780.42612244898,1556.15872959184,1358.99933367347,1688.78827244898,1560.60885816327,756.168640816327,1395.99174285714,1142.86758938776,1519.7942744898,1408.23006020408,1990.05001632653,1555.38436836735,1940.37925714286,1429.26390510204,1195.14951020408,1041.48775816327,1528.74284795918,1018.54946530612,1270.27362142857,1163.1877622449,797.605547959184,1714.03475306122,2019.96652795918,1607.58077755102,1577.12216122449,1756.17752040816,1532.90900306122,1217.10146530612,1669.47852653061,1546.62715918367,1562.06209795918,1710.62225816327,925.535619387755,1202.36902346939,1045.8573755102,2149.12251734694,1926.51989081633,1479.56838469388,2098.41852755102,1709.04721632653,1632.96114489796,1737.83609183673,1647.6961877551,1515.99016530612,1328.2510122449,1333.15522244898,1593.17842244898,1751.95854285714,2025.55826836735,1853.90396020408,1853.10084285714,1771.88444591837,1861.45797908163,1564.42239489796,1694.42695204082,1597.07049081633,1493.96804081633,1318.15468877551,1464.93649510204,1858.65111193878,1802.97518979592,1821.75464795918,1562.24370714286,1847.53750204082,1522.25949285714,1568.44413367347,1810.5643255102,1559.69371632653,1074.93213469388,1606.09281122449,1480.97426530612,1652.60531326531,1653.21093571429,1781.47036530612,1928.70572653061,1439.71867755102,1878.90554897959,1777.46136836735,1598.0667255102,1878.93092040816,1536.58320204082,1193.24135918367,1427.09735918367,1977.48205510204,1943.97745408163,2207.64984591837,1753.28370918367,1952.80245204082,1399.08578061225,1424.35565510204,1341.58298642857,1807.15018877551,1960.7244755102,1401.12388367347,1424.61447857143,1477.48943367347,935.372285714286,1658.67346326531,1244.10900714286,1645.26598265306,1636.30372959184,1490.8580377551,1467.99302142857,1600.47625204082,1222.95015204082,1954.40033979592,1808.24908877551,1542.08346530612,1318.0797622449,1113.74147693878,1577.55180612245,1476.31059693878,1836.99804489796,1760.71070816327,1693.56659591837,1545.28238469388,1592.48827959184,1849.34845306122,1832.63802346939,1451.04258265306,1650.19505714286,1731.04194591837,2148.32194387755,1114.10045,1614.39756530612,1899.90100816327,1867.56365,2110.06500510204,1622.77607755102,1729.83840816327,1757.81896836735,1543.76907142857,1487.04405204082,1408.48686530612,1697.85206530612,1394.61998061224,1105.27081938776,1423.23487244898,1675.65529591837,1995.77963673469,1060.74868163265,1177.31473265306,2034.98859693878,1812.74149489796,1699.8940077551,1583.85923469388,1493.53255102041,1575.56997091837,1634.51352918367,1271.78113163265,1576.37923367347,1641.1889244898,1346.1371377551,1255.65253367347,1231.1570744898,1440.08388408163,1671.55876734694,1972.48518877551,1271.44420918367,1524.85396530612,1708.83011428571,1843.04139693878,1648.82832857143,1723.14948979592,1419.63214489796,1768.56842346939,2021.92849795918,1651.60908979592,1597.63697346939,1869.66232142857,1981.26459795918,1639.2959377551,1458.62976122449,1383.54485102041,1224.40321632653,1610.7338877551,1437.87669489796,1462.34206530612,1465.22560612245,2107.61066479592,1744.28445408163,1434.79715,1541.51163469388,1233.8818,1656.95152755102,1706.34574081633,2282.21432142857,1456.46760102041,1587.41180102041,1153.27260918367,1702.66557653061,1609.59573367347,1630.02506530612,1061.56024387755,1460.11137244898,1433.73517346939,1453.84220510204,1585.80644489796,1634.06915510204,1620.44288163265,1156.67575612245,1452.63973673469,1638.83931836735,1405.12706836735,2213.4933744898,1821.65307857143,1353.15331428571,1437.12043469388,1287.07788877551,1607.40234081633,1626.66114081633,1463.98660816326,1308.50574897959,1400.91972142857,741.732932653061,1617.35027346939,1444.39220918367,1026.14989387755,1193.56034387755,1425.36553163265,1779.21381020408,1221.37902142857,1607.56732244898,1891.53272142857,1839.76164693878,1647.19634081633,1514.40288979592,1776.22906122449,1773.22555,1043.82565408163,1372.26199897959,1444.33921428571,1393.05703979592,2032.75919285714,1610.24042142857,2051.56868469388,1334.04553571429,1402.15276326531,1689.51661122449,1420.83717040816,1684.47836734694,1586.92329693878,1831.44767040816,1341.02798265306,1941.73513673469,1676.64451836735,1858.53313979592,2000.46130816327,1509.00460510204,1792.62867653061,1334.85374081633,1690.97805,1401.24627959184,1538.50777040816,2018.41115204082,1691.02155204082,1296.95266530612,1492.96251938776,1578.66777142857,1721.63851632653,1982.39141663265,1980.92032959184,2010.26042959184,1768.33382857143,1631.82772244898,1379.67800816327,1644.37065204082,1680.10071632653,1474.60129795918,2159.34075612245,1920.72003979592,1399.27543571429,2152.18835714286,2188.8291755102,1540.96927142857,1925.47334285714,1388.72959285714,1739.20974387755,1677.7436877551,1529.56160816327,1604.59259693878,1188.02341122449,1195.29645816327,1744.44723979592,779.98016122449,1466.70125408163,1611.88228979592,1885.78445102041,1503.62885102041,1551.04559081633,913.681272448979,1716.42977857143,1296.64788877551,1523.38438673469,1657.45694591837,1403.28605714286,1519.8679622449,1512.04192244898,1810.87867755102,1674.80585918367,1621.02241632653,1499.42428469388,843.002408163265,1017.67416816327,1198.34254561224,1081.28678693878,815.940650306122,1345.46789285714,1621.13505,1386.0291122449,1972.23298877551,1579.67890408163,1522.92119285714,1349.24574387755,1767.67254081633,1869.93205234694,1458.92025204082,1248.44808061224,1676.61547938775,1386.63720204082,1252.50105306122,2127.78665408163,2091.49118367347,1633.33111530612,1431.19359591837,1222.84551530612,1743.88855714286,1385.18804591837,1675.38323877551,1887.83863571429,1310.64562653061,1192.59824591837,1225.07806428571,1392.67632244898,1615.13398877551,1664.54774183673,1596.9738877551,2064.87494183674,1824.92868061224,1458.38238887755,1366.29002959184,1530.86833265306,1417.01990306122,1393.50048979592,1478.07676326531,1385.87540204082,1687.33538877551,1546.2863122449,1475.63405204082,1706.46514081633,1551.57323061224,1518.15980673469,2101.02451836735,1715.59363265306,1303.84387346939,1840.19377755102,1941.81982244898,1934.00553571429,1106.1200877551,1389.38403367347,1255.36432040816,1603.45616020408,1784.43705408163,1318.3823377551,1855.8344244898,1962.21346428571,1512.96081734694,1374.09973673469,1473.46132346939,994.670670408163,767.528196938775,1968.69294591837,1969.93925612245,1128.28537959184,1769.61689387755,1569.05472040816,1462.9879244898,1328.12613877551,1109.41915612245,1270.34158673469,1352.91092857143,772.646525510204,1290.38551020408,1400.38040816327,1602.89605816327,1478.12314489796,1832.8509122449,2092.11511326531,1460.6328877551,1313.24611632653,1456.17069591837,1248.03896938776,856.830025510204,1190.17732346939,777.176194897959,981.186047959184,1261.92234489796,1666.64214897959,1780.7276255102,1730.00622244898,1176.43466938776,1728.93739285714,986.566068367347,1722.44532653061,1505.45033877551,1402.17411020408,1231.51493163265,1486.76114591837,897.915992857143,1741.04918979592,806.577606122449,1896.49012653061,1450.10950163265,1452.44175510204,1481.70316326531,1052.77944387755,1348.18930408163,2035.32737142857,1545.78440714286,1611.96596122449,1700.58746836735,2426.38980102041,1732.68611734694,2493.65250408163,2162.45043673469,1784.50905438776,1261.63687346939,1458.43684285714,1628.37655867347,1946.20087040816,1792.83271326531,1818.22258265306,1438.26661938776,1165.69651020408,1801.62378469388,1637.58011632653,1578.64116938776,1640.07292959184,1195.60531836735,1455.73413979592,2098.42028571429,2098.62543469388,1388.63888469388,1833.38016836735,1961.57359897959,1889.63113877551,1877.95154795918,1139.70464387755,1592.14089387755,1511.02253469388,1688.24773173469,1333.42552142857,1343.87932959184,1478.8112,1362.45614387755,1398.67898571429,1335.91151122449,1008.94965408163,1371.42103163265,1636.49940306122,2209.08900204082,1376.81849183673,1830.25275714286,1073.78158265306,1575.86415612245,1686.47295816327,1636.39072959184,1522.0099744898,1467.04164081633,1790.44468673469,1804.91613265306,1867.28514897959,1725.19860102041,1623.54138979592,1792.82075,1417.52801530612,1521.57401632653,1095.05808877551,1707.40191734694,1126.98058571429,1843.87836938775,1478.62100612245,1099.51894387755,720.925759183673,1418.66071071429,1844.9659255102,1206.82059489796,1644.34108979592,1551.90178571429,1283.51315612245,1582.00332857143,1599.31131632653,1514.60994387755,1289.71231428571,1478.1442255102,1748.68387755102,1844.26981938775,1594.5826377551,2019.24616734694,1904.77815918367,1432.05868673469,1789.27512346939,1335.81069081633,1811.00019795918,1672.69704285714,1360.37820408163,1149.86224897959,1081.4756,1591.40459285714,1657.84872346939,1107.19225204082,1631.69006326531,1264.09337244898,1523.05902244898,1765.14480408163,1376.41332959184,719.46656122449,1539.82057959184,1087.73752653061,1547.22175102041,1669.00770510204,1115.4970744898,1750.10243061224,1205.03588877551,1228.84649183673,1758.27263571429,1826.73220306122,1929.53386122449,2050.08372857143,1106.25604520408,1049.22134489796,1376.29383061224,1470.75882959184,1587.44817959184,2000.67009795918,2300.07749285714,2061.32141428571,1950.7666255102,1990.4915,1548.45504897959,1340.66276020408,1866.49054693878,1019.29466836735,1195.2414755102,1215.89535714286,2112.49595816327,2199.37010918367,1621.5478244898,1364.50881428571,1425.4722122449,1335.83646632653,1388.43709693878,2373.89606326531,1908.5176744898,1656.37565612245,1329.29030918367,1648.87149387755,1152.8264377551,1110.36814591837,1340.80950612245,1553.92913367347,1166.89569081633,1454.07805816327,2101.9844622449,1147.80713571429,1716.09612244898,1669.86063979592,1690.42024489796,1356.79593979592,1667.0420622449,1783.10865612245,1637.07901938776,1527.3683294898,1343.71727755102,1978.36545,2100.11492755102,1534.94239591837,1661.14838877551,1359.05798673469,1461.63102040816,1822.93177346939,1936.51411122449,1583.39683673469,1511.42364591837,1658.14359795918,1867.84979591837,1921.63311632653,1477.46762040816,1591.5409744898,1109.40912653061,1591.43802244898,1815.91408367347,1404.69028061225,1654.88686530612,1636.4300244898,1094.49609081633,1324.78057346939,1572.37771530612,1227.07364387755,977.132571428571,1430.08883979592,1818.68364693878,967.183425510204,1480.38146020408,1544.58235816327,1083.46700918367,1586.15887244898,1138.68249795918,1589.15910204082,1312.94181632653,1081.93357653061,1507.41857040816,1610.72584489796,1823.5059877551,2134.68740102041,1437.82730510204,1128.15311530612,1820.24991836735,1366.83748163265,1221.89388163265,1765.74471428571,1640.59873061224,1363.12415102041,1601.68697244898,1683.7906622449,1405.81105,1513.6730622449,1694.91146122449,1430.19961428571,1455.35234897959,1675.49665714286,1651.38258061224,1771.31849183673,1939.91014795918,1919.48698163265,1965.21242857143,2223.4305122449,1944.28057346939,1512.05225714286,1413.01680714286,1534.52203571429,1637.66675306122,1152.20175102041,1220.87428653061,1055.32645816327,1631.44887755102,2098.90515612245,1529.17845,2172.40485102041,1781.79731836735,1867.60852244898,1654.32930714286,1361.63083469388,2025.3113794898,1266.66828979592,1524.42791326531,1429.77194489796,1549.18172346939,1419.81513673469,1827.54314387755,1171.90224693878,1598.40474081633,1619.87275102041,2003.5749,1973.95494591837,1447.90663571429,1733.03823673469,1801.16324591837,1962.21215816327,1681.41414387755,1516.74902142857,1302.12939897959,1488.1272755102,1838.6123122449,1254.0282244898,1630.50897653061,1854.56017142857,1430.21714591837,969.826476530612,1351.93544897959,1519.26065612245,1850.28766122449,1730.63623979592,2054.20119693878,1401.6383122449,1762.0983622449,1554.98777653061,1473.17339285714,1530.8677877551,2198.66044897959,1553.13229693878,1689.39261938776,1605.96007928571,1816.64427346939,1348.56543265306,1576.83897040816,1720.52070612245,1869.77001734694,1554.02693265306,1676.12720510204,1875.2996255102,1353.2992377551,1149.48860816327,1646.1994377551,1689.06074489796,1568.39276530612,1711.10338979592,1736.67024681633,953.822522448979,1477.04759561224,2068.50371734694,1511.13191836735,1563.46297755102,904.34002755102,1173.46747755102,1812.18063367347,1285.71650918367,1567.21584591837,1742.24634081633,1754.58072142857,1702.83508163265,1654.71935,982.235110204082,1605.34179081633,1347.92647346939,1500.25864489796,986.447095918367,1127.81215816327,1212.55948163265,1667.49690102041,1733.25603877551,1455.18060510204,1036.95765918367,1182.66823265306,1840.55309693878,1271.20391326531,1107.24205816327,1606.20821836735,1581.87589591837,1751.33259081633,2051.24808979592,1454.90456632653,1064.09119081633,1291.03305714286,1480.10685,2093.60956326531,1470.73598367347,1203.49014795918,1048.84391530612,1136.93245408163,1663.33085102041,1761.29657959184,1508.51795102041,1500.14689183673,1585.94382040816,1023.99272040816,1169.55222857143,1814.65808979592,1134.72987755102,896.448220408163,1806.08085102041,1156.37443265306,1497.13954081633,1424.65463163265,1329.40224795918,1646.09001836735,1197.42165816327,1065.57219489796,2050.16497857143,2099.70920204082,1373.14271530612,1172.84261530612,1497.41046632653,1516.5671622449,1253.88635989796,2048.18160204082,2060.53140714286,1094.13578469388,1091.30396020408,1394.11406428571,950.289056122449,964.43425,1033.30526632653,983.214543877551,1005.05527040816,1239.35453367347,1135.10910510204,1632.63968163265,1472.91801122449,1892.66529897959,1298.25234489796,1290.86508979592,1435.54317346939,1912.88062959184,2026.86755204082,1446.08830510204,1065.73328061224,1077.10345816327,1597.49994081633,1418.43338673469,1107.51264081633,1347.71377755102,1363.02054693878,1627.05858367347,1811.78067959184,1701.6842744898,2050.52678673469,1785.90946632653,1525.61935204082,2106.60421938776,1547.96387244898,1750.88558979592,1449.95956122449,1734.59896836735,1735.80705102041,1224.48285918367,1853.54177653061,874.868987755102,1554.79439285714,1783.05883265306,1838.96430102041,1747.2550877551,1438.1435122449,1753.47764591837,1959.33973673469,1705.77547755102,1968.40633979592,1530.87475,1115.28210612245,1016.23943265306,1484.36964897959,1460.49234897959,1367.33602755102,1080.83742857143,1508.78900714286,1776.94118877551,1594.13363265306,1676.16057653061,1225.43164693878,1465.41138469388,1705.53365918367,1614.5946122449,1627.96953163265,1532.94495714286,1368.09488979592,1011.36077755102,1451.35143571429,1782.04791530612,1678.89045918367,1682.96335816327,1788.79839591837,1894.41933571429,1898.82828469388,1430.82860204082,1192.53232959184,1277.39309387755,1489.20465204082,1658.76858877551,1766.27776673469,1301.82006428571,1699.57893285714,1497.82664983673,1371.66570306122,1346.70510612245,747.849728571429,1370.7163255102,1521.94906020408,1669.96890408163,1646.35311530612,1110.44900510204,1512.81429693878,1037.70567040816,1312.24838061224,1712.94631734694,1747.20341632653,1447.25649183673,1482.46762040816,1365.06706326531,1527.67544693878,1547.02341836735,1549.58472040816,1023.81010816327,1245.27090714286,1743.82690408163,1740.78422959184,1426.78845408163,1752.11702244898,1405.28869591837,1241.51313571429,1977.14244081633,1858.13710714286,1507.12324795918,1898.68215102041,1676.7821622449,1528.34184183673,1422.86717653061,1663.21056938776,1344.2631255102,1595.47160306122,1790.80629795918,2493.21644489796,1419.4662922449,1458.16420346939,1709.79465714286,1521.22898061224,1407.95868061224,1504.50735816327,1640.20605612245,1307.67230408163,1267.46942755102,1420.79684591837,1436.1463,1661.00773673469,1252.39958367347,1100.44923367347,1627.26902653061,1423.29002755102,1816.24296632653,1079.56955408163,1364.26400918367,1165.95081020408,1790.10159285714,1726.34113367347,1439.64073469388,1691.50364693878,1290.17723877551,1332.67847795918,1680.15832653061,1630.87642857143,1123.60328877551,1214.02458571429,1490.38895408163,1168.53353571429,1504.01018469388,984.05846122449,1000.79855102041,1410.69470408163,1883.87271836735,1760.70689693878,1925.96600918367,1141.6121877551,1559.31415918367,1450.93600612245,891.754630612245,1042.72734795918,816.059217346939,792.088455102041,1173.31012857143,1361.46386836735,1562.17620714286,1688.36168061224,1023.47153265306,1226.8805877551,1642.04774081633,1664.19512346939,1575.20942244898,1761.30685306122,1259.41623163265,1467.1870622449,969.699928571428,1397.90087653061,1213.86105714286,1537.52436428571,1569.98370918367,915.036422448979,1671.30531938776,1963.05927755102,1573.91226122449,1643.81228265306,1496.45113061224,1033.9061377551,1864.66976530612,1464.56270204082,1489.88281632653,2094.98017755102,1908.55405102041,1799.83385714286,1801.35585510204,1338.23433132653,1384.70514285714,1288.02043877551,1729.03849795918,1259.10462755102,1467.89201122449,1879.49355714286,1902.91983061224,1402.5538194898,1273.11067755102,1581.96721020408,1394.68789387755,1810.97862653061,1293.42068979592,1546.71382857143,1327.87972857143,1671.29548469388,1433.51353673469,1705.54220204082,1250.48863571429,1360.91623469388,1268.47596020408,1361.05587857143,1832.91193877551,1488.15956428571,1513.6977,1469.62258163265,1797.04129591837,1130.62769183673,854.871260204082,1124.23797857143,1278.9954255102,1548.11816938775,1688.05181836735,1732.13145510204,1273.25121632653,1338.44793469388,1135.33460510204,1732.92065204082,1752.92223877551,1360.50574795918,1354.07528163265,1104.42717653061,1475.6182122449,1652.95009489796,1317.27683571429,1781.71183367347,1680.62441938776,1177.68199969388,1352.19999081633,1370.4556,1519.62697857143,1541.94288163265,1569.48731836735,1859.56509693878,1352.42121530612,2186.23890612245,1724.22472142857,2105.10655306122,1522.19724591837,1828.96121938776,1583.59226428571,1718.76534387755,1985.03225918367,1678.9210122449,1188.55255510204,1295.57183469388,1745.68706326531,1221.70824897959,1159.02221122449,1153.06313918367,1072.86451326531,1384.77792040816,1744.73732346939,1152.0653122449,1681.02174489796,1791.61973061224,1666.83897142857,1162.44079897959,1455.23187959184,1524.23956530612,1213.50606122449,1844.35336122449,1639.698435,1450.91162040816,2126.17870306122,1261.93682346939,2008.02875612245,1179.00604081633,981.790676530612,1344.49255234694,1423.76509795918,1438.27944489796,1387.40323673469,1650.99718673469,1472.6895755102,1114.42302142857,1291.08079183673,1335.11934081633,1675.43393877551,1155.42969693878,1751.04607653061,1687.68722142857,1753.84545102041,1587.0115877551,1158.23328469388,1783.64218367347,1522.8081877551,1984.95059285714,1938.41877959184,1915.68714897959,1558.52206122449,1720.08299387755,1763.93144795918,1221.38543673469,1443.89171836735,2080.36319183674,1547.21457244898,1363.62562857143,1210.49012142857,1308.85396122449,1362.64521122449,1481.72164795918,1676.32127142857,1598.39948163265,1620.22444795918,1335.29609081633,1532.56021020408,1785.21516326531,1695.51389183673,882.215712244898,2015.66581938776,1516.01957857143,1077.29127857143,1542.9656622449,1551.06534081633,1847.05169387755,2413.41696020408,1462.76503979592,1604.56121836735,1393.30402602041,1477.14639081633,1394.88882826531,1715.80400816327,1370.41247346939,1488.31012244898,1636.22059489796,1315.49669387755,1600.50541836735,1503.25048673469,1522.05355408163,1744.65098571429,1556.78201632653,1092.88075,1336.93649285714,996.779014285714,1154.88237285714,1209.86669795918,1461.5580744898,2121.29473469388,1658.7565,1572.93886122449,1177.76298367347,1291.98560204082,1583.89099183673,1088.60072653061,1053.60778265306,1532.39649183673,1463.5179244898,1393.80850204082,2132.26660408163,1358.546,1432.29660306122,1177.12893265306,1540.85434489796,1529.47261632653,1734.94422040816,1798.5582255102,1934.15884387755,1528.11933877551,1370.35890204082,1174.37498265306,1465.42925612245,1138.65250510204,1157.31015612245,1441.76203571429,1374.36213163265,1647.28097244898,1395.65988571429,1233.11295306122,1620.0097255102,1386.29383877551,1684.36678469388,1751.60883061224,1419.55189489796,975.461794897959,1455.56539795918,1215.77970714286,1380.14240408163,1416.36566122449,1455.54690816327,1529.84040102041,1864.34787704082,1671.2155872449,1466.19728061224,1414.9830877551,1304.23167142857,1643.26548163265,1668.93850204082,2052.58450612245,1506.91970714286,1108.21307346939,1386.08295714286,1569.37671428571,1406.56170714286,1588.19080816327,1414.50990204082,1141.07963877551,1616.79748571429,1624.74764183673,1757.90170408163,2237.15234897959,1761.74168464286,2301.09625816327,1431.87406938776,1531.24858673469,1413.81631530612,1611.41479897959,1757.99850102041,1974.13908469388,1861.7195122449,1700.51226530612,1232.25165306122,746.533531581633,1453.83487857143,1858.9186255102,1450.18663877551,1903.83794285714,1626.04424081633,1822.45499183673,1375.97396836735,2044.48518571429,1463.39679081633,1135.53095816327,1250.27213367347,1378.3760122449,1569.31267653061,1920.95595510204,1154.92183979592,1679.21960306122,1484.86089591837,1119.83344183673,908.37486122449,985.731532653061,1068.73389693878,1067.54685510204,1148.65047142857,1447.11506938776,1655.29976336735,1713.87746836735,1993.6084622449,1521.25429285714,1323.80530714286,1362.22448877551,1622.16995612245,1497.19975,1682.48422142857,1302.00294387755,1421.75792142857,1849.30276938775,1391.1395,1779.30267346939,1875.54015816327,1810.99637857143,1581.96513469388,1716.27360816327,1939.62667040816,1507.47186938775,1995.16980204082,2151.80029795918,1691.45495102041,1974.6672,2033.55908265306,1611.32709285714,1536.70475816327,1411.98993673469,1413.6963,1397.79523979592,1457.86746530612,1799.54934591837,1615.6543,1723.76943877551,2038.87692346939,2080.16859693878,1007.58009387755,797.261743877551,1068.58585408163,1676.29381734694,1296.10292346939,1439.87710102041,1726.62969387755,1422.61345918367,1528.14560204082,1654.33970306122,2047.99386122449,1848.66803877551,1590.46683265306,1070.38364795918,1607.90185714286,1494.99846326531,1872.74263979592,1764.88738265306,1454.55375714286,1210.01168979592,1552.16048061224,1654.16719591837,1609.29335714286,1976.41697653061,1902.92908469388,1458.33066530612,1831.57826122449,1774.13468265306,1403.71478877551,1399.38035612245,1034.48744489796,1195.74445612245,1440.0481122449,1517.11525102041,1550.25369489796,2053.34879285714,1651.64775918367,1384.04768469388,1942.04945306122,1288.49480714286,1636.06483265306,1406.31049795918,1907.07662755102,1504.87352346939,1656.67971530612,1648.37999795918,1563.86324387755,1736.51022653061,1772.62926020408,1554.99086530612,1287.59939897959,1922.52703877551,1411.43827244898,1448.95599897959,1521.07450714286,1712.3836744898,1626.66328367347,1754.16302755102,1602.23968163265,1650.34296326531,1880.23944081633,1820.81589897959,1948.4431877551,1803.65279285714,1570.94578673469,1553.14878081633,1253.97644387755,1335.02213061224,1712.02722346939,1865.91159897959,1308.61890918367,1588.5636244898,1799.38336602041,1946.44680102041,1697.7653522449,1674.54608979592,1910.13457142857,1733.56621938776,1686.33657857143,1884.26199183673,2013.64868469388,1587.54279183673,1367.93326734694,1757.87631734694,2410.17500204082,1789.94609795918,1417.80168469388,1368.57324183673,1450.62915510204,810.161836734694,955.826719387755,991.30567755102,1058.30166530612,2152.45696938776,944.381280612245,1394.16371326531,1464.50589795918,1130.75518061225,1986.57024489796,1954.94195306122,1874.4300377551,1771.32772244898,1557.86402857143,1519.12370204082,1599.20699795918,894.362731632653,1145.44064183673,990.255669387755,1840.6711622449,1684.6983255102,1442.47244081633,1605.19693163265,1354.80419183673,1547.85339285714,1670.55880204082,1175.78699591837,1469.35322857143,1590.77625714286,1880.82325816327,1763.66521734694,1294.9118255102,1222.39098979592,1955.93992346939,1320.57671632653,1385.63314795918,1584.72944183673,1892.95122959184,1486.7072244898,1052.55241316327,1269.22471530612,1262.06589081633,1328.65216020408,1118.22970255102,1637.12170306122,1507.94237142857,1227.50249489796,1628.27756836735,1780.29835714286,1781.21139693878,1724.93367959184,1573.59682142857,1489.00996326531,1272.10531530612,1513.33557040816,1447.11517959184,1250.40510816327,1464.99233367347,1212.23671734694,1275.13289591837,1398.23144081633,1331.02313571429,1498.69674387755,1086.38233265306,1596.53095714286,1605.17813265306,1162.79434489796,1712.18586846939,1746.02749795918,1622.71966530612,1878.88258469388,1967.36378163265,1486.46566428571,1229.62353734694,1484.62166734694,1852.04072142857,1513.20883163265,1882.70736020408,1018.07238469388,1162.4508877551,1490.93583979592,1518.3454255102,2301.15737244898,1820.84415,1811.1984622449,1611.45239285714,1774.78703061224,2296.30549285714,1772.59557163265,1134.3249377551,1985.79746326531,2276.41779183673,1134.46597857143,1253.09879897959,1483.26942387755,1553.59486632653,1755.5516122449,1587.9335622449,1597.75735510204,1463.31846938775,1908.56443979592,1759.78778061224,1818.84374387755,1453.15073469388,1558.57133571429,1671.8460622449,1644.6425255102,1750.91446836735,1488.54243265306,2021.76505816327,1452.98216938776,1754.44878469388,1469.08575102041,1208.19129489796,1590.2124605102,1286.63228367347,1152.65236020408,1877.5838255102,798.322742857143,840.287568367347,1182.31156734694,1315.91709591837,1613.65874387755,1663.61757040816,1567.92011836735,1122.02351938775,1317.6225377551,2194.33123673469,1950.0612122449,1033.83394387755,1100.16770204082,1341.46843877551,1168.69844081633,1364.64091122449,1720.20132959184,1199.37857142857,1864.60915204082,1505.57995,1367.00990714286,1786.49915744898,1828.07216306122,1676.10750306122,2064.06031122449,1532.82070704082,1701.81224795918,1277.02949867347,1242.04078367347,961.958677551021,1358.78962142857,1262.54041428571,1319.92751938776,1051.62830816327,1017.56584081633,1332.02253673469,1511.88011632653,1479.22231122449,1537.5230377551,1633.60517857143,1673.20358367347,1313.16019591837,1169.08315306122,976.745318367347,1379.53063938776,1103.39824346939,1408.82910908163,1321.4415172449,983.809253673469,1510.02287234694,1184.39603887755,1157.80258265306,1424.64594714286,1100.19245102041,1874.99859693878,2187.82635714286,1513.42625408163,1014.81233571429,1527.39111530612,1165.17185102041,1975.15147755102,1671.74043979592,1237.89095,2090.46711020408,1637.30447346939,1925.35306734694,1553.1836377551,1158.9113622449,1115.18292755102,1412.11372040816,1375.71475714286,1841.14086836735,1763.78731836735,763.68818877551,1967.71259897959,1167.13570714286,1825.4560377551,1797.08933061225,998.734806122449,918.785001020408,1711.12718673469,1078.27811428571,1282.93614795918,1582.54612295918,1918.46717142857,1222.89645714286,2111.39391326531,1406.2414622449,1448.72928265306,1623.33547142857,1788.56258540816,1894.39029285714,1577.99601632653,1451.9522622449,1532.32958163265,1661.98772142857,1664.49753704082,1849.27159387755,1964.68014591837,1685.96651530612,1625.42184897959,1594.82303163265,1437.30889897959,1743.25559693878,1496.66278265306,1453.41658367347,1728.41913469388,1669.51742857143,1567.71656836735,1986.02562653061,1661.95333367347,1395.39782142857,1827.57004285714,1108.37674285714,1693.47045816327,1191.01464795918,1484.03592959184,1301.78982112245,1724.4661122449,1150.25603367347,1307.18892244898,682.259767346939,1682.81708265306,1158.3605877551,1701.3327244898,1301.31001142857,1752.3136244898,1771.15809591837,1305.09707244898,984.24386122449,1410.20227755102,1360.46012959184,1387.83735102041,1169.42948469388,1035.17189591837,1501.0288744898,1583.92597346939,1751.13056938776,1450.60278877551,2013.79813367347,1826.80809693878,1740.70215918367,1528.36629285714,1373.21252040816,1000.42326632653,1366.89053265306,1329.83477346939,1526.3018255102,1427.67415204082,1928.05095510204,1342.59171734694,1802.55050918367,1367.10805510204,1968.84401122449,1734.19690816327,2184.26974693878,1698.77162244898,1180.4444,1320.93589693878,1522.14158163265,857.654621428571,1158.70391428571,1122.30998979592,1450.61261734694,1743.14460714286,1705.77990408163,1530.64836632653,1755.04401316327,1855.90001530612,1376.98043469388,1511.8435255102,1672.38204387755,1520.9670622449,1588.38535204082,1054.54490479592,1846.10906326531,1619.29101734694,1444.47406428571,1032.05087857143,1755.07688163265,1705.45936938776,1590.29564071429,1123.99338673469,1762.20963265306,1744.50274387755,1612.8073744898,976.854957142857,2146.17487,1759.71210408163,1726.71899153061,1677.26455071429,1971.87347244898,1823.45602959184,1984.22735102041,1584.62432346939,1128.98964795918,855.63492244898,1076.39331632653,2143.30718265306,905.07487244898,1853.11774795918,1563.72420102041,1417.84936938776,1335.60788265306,1836.29042755102,2006.28918979592,1577.84693979592,1625.66998469388,2052.65340816327,1623.68525102041,1702.01163673469,1841.53818061225,1496.3122255102,1270.51731265306,1601.79869591837,1552.71537653061,1557.68859591837,1608.98728979592,1468.57395408163,1426.21616122449,1859.27535510204,1530.83335612245,1375.61000683673,1601.99926020408,1621.61744285714,1322.92314795918,1593.51905,1938.39789897959,1571.21994183673,1724.3805255102,1683.82270408163,1577.45178265306,1092.53658979592,1641.94543469388,1484.75622346939,1908.73540714286,1364.62323877551,1736.79364081633,1922.7993377551,1343.6488744898,1850.88972653061,1881.04795102041,1485.15256836735,1363.9554877551,1198.50126734694,1378.51136632653,1343.43665,1399.62016326531,1569.88695714286,1172.94564081633,1634.99797040816,1460.33738673469,1821.70356530612,1153.01362653061,1234.97065204082,897.241718367347,559.006315306122,1364.67050714286,1512.04364183673,1506.12658265306,1242.89376836735,2038.49823979592,1336.01987142857,1706.52212346939,1927.81360612245,2043.42511530612,1555.67928367347,1246.49843673469,829.678614285714,1227.22414285714,1214.6973677551,1437.59709489796,909.796873469388,914.490540816326,1186.26923061224,1797.65970816327,2089.78644081633,1666.66964387755,1878.33607142857,1840.00237959184,1534.46928469388,1323.23173163265,1236.53709489796,1315.07819285714,1513.13390816327,852.187270408163,1121.0720244898,1585.9857755102,1517.10330918367,1522.17104693878,1889.64127653061,1954.15779285714,1748.29546938775,1663.45644285714,1507.40272040816,2043.01187040816,1259.27482142857,1403.92848979592,1777.31116632653,1274.49602040816,1403.20066326531,1480.92088061224,1501.40570102041,1500.25640918367,1417.83041938776,1326.66475408163,1352.62056122449,1996.43270612245,1475.21512142857,1427.7673755102,1434.52922755102,1880.92807142857,1597.7720122449,1832.88428571429,1378.76405816327,1541.19019693878,1469.73939744898,1302.70779795918,1193.09913265306,1369.50933979592,1302.78395714286,1675.70843979592,975.146025510204,1120.10083163265,1452.76638673469,1720.46418163265,1523.49640612245,1695.62423469388,1596.6218244898,1265.68717959184,1661.02889591837,1215.84977959184,1414.40795714286,1676.88237653061,1348.39422857143,792.747623469388,1525.59933571429,1559.84615408163,1351.83507755102,1384.69762653061,1667.94528571429,1360.17572142857,1770.27578367347,1635.26480204082,1518.99330408163,858.406137755102,1158.63004489796,1523.38186428571,1329.70534795918,1768.19548571429,1512.78453877551,1574.36207755102,1529.80992040816,1465.96791428571,1265.24376428571,1283.72904591837,1299.75487857143,1235.08852653061,1874.83489693878,921.749955102041,1867.34576530612,1951.56162857143,2060.08233673469,1676.83154387755,1396.31661326531,1663.53693061224,1902.76167346939,2172.11307653061,1847.02956938775,1696.09939897959,1159.47678265306,1421.20699795918,1458.2520255102,1468.51475,1180.68674693878,1703.8697744898,1372.5243877551,1727.28628469388,2147.55638163265,2081.60486428571,1853.21956938776,1768.52673367347,1128.69397244898,1626.03590510204,2133.03831734694,2169.73436734694,1733.23804459184,1230.08221020408,1575.07955306122,1624.89481938775,1681.75318265306,1550.25754693878,1541.82378979592,1684.40028979592,1869.19362755102,1661.79344795918,1411.81273163265,1152.60879285714,1629.00816428571,1906.51361530612,2168.29183673469,1614.64528265306,1251.35168979592,1526.49096530612,729.632692857143,1263.2274377551,1442.13674081633,1584.38432653061,1503.17167346939,1374.06515306122,1189.74827040816,1123.37199081633,1046.55281632653,1566.52300612245,1382.83350204082,1765.29534693878,1604.79078673469,1314.8817622449,1441.03722959184,1182.23780204082,1382.21263367347,1121.1617122449,1427.36381938776,1887.73596122449,2053.72179183673,1794.08229489796,1807.44448673469,1533.2634877551,1067.37407755102,1297.9387877551,1617.71426530612,1372.54850306122,1954.93955918367,1637.32611020408,1447.03876632653,1825.60622459184,1677.20994183673,1760.1324744898,1692.81891744898,1604.98874897959,1173.6941377551,933.529159183674,1191.4862755102,1845.39977959184,1519.22938265306,1135.76374897959,1965.35017244898,1761.40932142857,1346.1135377551,1624.6032122449,1450.63615204082,1503.6798377551,1079.61193979592,1730.99905918367,1883.53315612245,1516.24965642857,2162.46094897959,1526.76430714286,1821.58394489796,1977.90067959184,1754.79161428571,1673.14058265306,1046.37986836735,1471.77222612245,1786.07049081633,1942.10745612245,2055.93000102041,1678.48509183673,1549.04171428571,1522.62457346939,1560.62697142857,1615.81015,1175.64913877551,1507.62609489796,1629.78311632653,1414.23153561224,1189.62975918367,1551.59223571429,1818.92288265306,1284.6067877551,1378.05409285714,1042.56433367347,1372.60926734694,1109.9770877551,1971.7740555102,1682.0911377551,1246.64330510204,1569.58769897959,1444.05799795918,1590.25835,1921.16559591837,1429.25114081633,1693.74139489796,2185.12657653061,2273.49297244898,2006.94811632653,1712.8674744898,1441.05776938775,1535.7600777551,1639.75119897959,1495.6582,1839.68956632653,1986.25494387755,1707.64414081633,2178.9057255102,1666.51750204082,1855.42173571429,1905.78818673469,1671.62753367347,1502.46857959184,2033.7381377551,1237.88576734694,1167.48190408163,1652.77571938776,1823.45069183673,1578.52572959184,1613.82975306122,1887.23625428571,1399.91918571429,1759.20410306122,2055.90572857143,2146.29407244898,1520.69499183673,1142.79217755102,1360.17088571429,1048.4446122449,1219.99625612245,1545.50424183673,1769.5477,1619.38140612245,1219.95555,808.264874489796,1517.17491122449,1476.72083469388,1391.4989255102,720.115518367347,1552.20279693878,1082.49296357143,1299.29081938776,1331.2036122449,1589.62591816327,957.096608163265,861.171947959184,1182.41535306122,722.313473469388,2155.23804489796,1545.67606326531,1416.3180744898,1325.36696326531,1351.70125102041,1135.71756530612,1448.86016938775,1663.84066428571,1312.07229081633,1591.0884244898,1579.37821734694,1656.57462653061,1479.8761244898,1567.42496632653,1714.26476530612,1481.57082244898,1522.33214693878,1705.83399489796,1380.27261122449,1473.03918367347,1895.14098469388,1897.5102377551,1841.60148469388,1404.32338142857,1619.70292857143,1019.98806428571,1731.71653571429,1551.64556836735,1110.51379693878,1034.53257244898,1346.90749591837,1894.07708979592,1665.92483061224,1677.16984387755,1701.17949795918,1349.34340102041,1415.10174489796,1757.75516632653,1239.91979489796,1977.13839897959,1451.39578265306,1610.03932040816,1164.11113469388,1673.10204387755,1539.23561122449,1269.07475204082,1517.14855408163,1687.05577857143,1155.76904387755,1386.73892653061,1250.59650306122,1567.63533469388,1557.51397142857,1370.95918469388,1988.76391326531,1671.73803367347,1553.63094693878,1420.65411632653,1547.57122755102,1805.6597,1087.84439795918,1678.31277653061,1180.12681020408,771.683394897959,1275.52329897959,1430.82803163265,1075.77427142857,1358.44581428571,1313.82158571429,1665.00292806122,1375.71342877551,1545.58822040816,912.001562244898,926.851501020408,1224.58774489796,1352.08482755102,1319.64328367347,1515.69063265306,1812.4971744898,1547.86819591837,1233.36885714286,1263.17344591837,1797.93024183673,1562.03982959184,1047.34720102041,1575.43865306122,1560.37498673469,1369.9466377551,1270.04800510204,743.016266326531,1092.38787397959,1556.41009897959,1194.47473877551,1329.01032959184,1358.56063061224,1071.49090306122,1434.26287857143,1392.37813571429,1324.15588163265,1712.61666530612,1680.13921122449,1915.45922040816,1553.49502040816,1482.93165918367,2223.30054183673,1775.98155918367,1781.54039306122,1674.72100918367,1399.93134387755,1252.77344387755,640.087687755102,1504.88996938776,876.099846938775,1205.8970755102,1110.10325408163,1676.55724795918,1780.37339591837,1406.12553877551,1130.34074081633,1219.14568469388,1433.49023367347,2101.50625306122,1715.76694591837,1222.10822346939,1573.44620102041,1702.81418163265,1805.27240408163,1567.18241622449,1706.10802673469,1566.01445612245,1558.82660918367,1551.38838877551,1611.45059489796,1622.69437755102,1506.77448673469,2056.7598877551,1887.90861938776,1106.45720612245,1150.03970816327,1228.82528265306,1049.53620918367,1117.86818265306,1957.52110612245,1701.89604183673,1510.99076530612,2270.52724285714,1741.38512857143,1389.10767959184,1707.85953265306,1125.08338061224,1403.93711836735,1077.39220510204,1281.35796836735,1774.8427377551,1724.29226428571,1151.71338571429,1560.07672346939,1692.43905510204,2186.19902142857,1770.84021530612,1881.14228877551,1879.45852112245,1086.66870102041,1344.01013673469,1776.73418163265,1679.26754193878,1396.95508132653,1620.64990408163,1873.03806020408,1623.58803571429,1640.34333061224,1083.38241428571,1237.62247142857,1414.61302857143,1251.06078428571,1227.23142142857,1205.37303571429,1551.42975510204,1633.30671734694,1525.38868265306,2000.27061632653,1257.83325,1691.29596836735,1586.20323877551,1026.49533673469,1294.4047255102,1698.79919897959,1743.1948255102,1276.40257142857,1143.27384183673,1544.93662755102,1219.91159183673,1135.29324489796,1162.89261632653,1236.61805510204,1425.36357040816,1300.67951734694,956.252263265306,1864.30087857143,1396.76143367347,1389.30652857143,1805.44418163265,1430.29522857143,1701.85862857143,1358.65359183673,1701.63037857143,1351.36064489796,1907.37120408163,1509.49774795918,1316.95521326531,1355.46448673469,1564.3818377551,2006.50719795918,1970.4702122449,1275.52807653061,1847.59559897959,1562.04994183673,948.206559183673,1283.6090755102,1179.63373163265,1075.11960918367,2010.47743163265,1163.91029030612,1344.13749897959,1612.26006020408,1501.4876622449,1356.83875204082,1454.78056530612,1212.65257142857,1283.02281020408,1614.09811632653,1613.05930612245,1531.31551632653,1729.49020612245,1308.09072244898,1637.03242653061,1106.67924591837,1294.30908979592,1271.61483571429,1141.30700510204,1307.19953571429,1450.76918061225,1433.58749489796,1654.61396836735,2229.28684693878,1810.83741122449,1437.32434693878,1757.91657040816,1887.21115204082,2165.35460306122,1554.7682877551,1689.49391632653,1159.84756632653,1039.05438571429,1803.70260204082,1632.13885918367,1510.91656632653,1385.40509591837,1829.33706836735,1498.9044122449,1792.01925306122,1835.99227244898,2184.76121836735,1547.97272857143,1362.44576836735,2082.89208673469,1678.27585612245,1557.26181632653,2033.95689591837,1806.53424285714,1615.1922655102,1817.42895714286,928.134240816326,1214.86564795918,1604.01549183673,1616.18453571429,1574.29950408163,2042.57978061224,1999.97163979592,1912.92476030612,1247.50837622449,1715.77144591837,1232.28088061224,1300.70676530612,1621.01832959184,1850.8888,1654.58016734694,1503.71451734694,2076.40821428571,1645.46657244898,2138.9955622449,1827.54808061225,1284.31895408163,1393.88111530612,1492.03337755102,1678.52801122449,1120.45951428571,1625.7993755102,1692.72505479592,1484.79951530612,1318.59134897959,1517.90573163265,1694.41623265306,1448.40761020408,1665.52245612245,2221.4242244898,1917.4664122449,1659.42325714286,2215.68906836735,1932.03221530612,1867.12822959184,1549.94166938775,1736.31040714286,1226.52391908163,2261.24184591837,1441.7540244898,1699.87695306122,1500.64357142857,1421.81421938775,1489.78320408163,2406.75695204082,1521.50787653061,1501.46302755102,1666.11606530612,1480.58893673469,1366.30672244898,1702.47213979592,2100.06188397959,1653.11504285714,1424.21695408163,1038.87016734694,2119.5839377551,1410.45856428571,988.623931632653,1442.89630612245,1374.56973673469,1743.72715397959,1602.21091632653,1109.07471836735,1238.15332959184,1438.57497653061,1265.60863979592,1716.60398571429,1272.77360306122,1421.65996632653,2119.11383163265,2103.23255204082,1493.8990255102,1573.98973163265,787.32607755102,1140.99221530612,1313.45616938776,2045.89763367347,1056.07766326531,1319.21962653061,1157.62060816327,1166.0764877551,1689.16095816327,1856.49775816327,977.585970408163,904.265304081633,1072.08247857143,1216.37326530612,1244.52559591837,1792.96615204082,1732.34620510204,1244.85841938775,1604.42959183673,1461.66278673469,1745.86447755102,1538.49888877551,1090.54172142857,1463.48769897959,855.536783673469,1960.30664081633,1772.87420816327,1929.89499795918,1535.89398163265,2270.8411377551,1923.57098877551,1385.336,1575.26333061224,1218.45846734694,1939.70809183673,938.015419387755,1128.9087744898,1832.18193979592,1895.09420102041,1767.52350306122,1699.76748163265,2084.70702244898,991.74273877551,1181.62899255102,1117.20519183673,1200.6789122449,883.986181632653,1395.38946122449,1868.08294081633,1662.61067857143,1798.92381836735,1777.29389285714,1471.01001112245,1734.13108673469,1403.92288877551,1621.52182346939,1826.70120234694,1577.86392346939,1857.86472857143,1424.92211122449,1560.54544023469,1244.50031370408,1728.54105,1399.77233265306,1458.83677244898,1419.13893061224,1890.87090306122,1365.20474183673,1547.71721836735,1762.45958163265,1251.58193469388,1964.69495714286,1561.7753622449,1666.16446632653,1083.09502244898,1308.04367244898,1326.19510510204,1796.4726622449,1895.89831122449,1724.23403979592,1745.70519897959,1489.60732346939,1410.27851632653,1585.6745377551,1382.51673469388,1581.09278061224,1596.83092142857,2183.22788163265,1780.04140918367,1476.72391530612,1658.84940918367,1307.76105918367,1240.66574183673,1504.23844285714,1761.32683571429,1538.62324081633,1086.45776938775,1068.70712142857,1620.40685816327,1431.12183469388,1210.2716744898,1840.37022857143,1518.93371326531,1350.64436020408,1214.90626326531,1249.2204244898,2048.31538979592,2046.07762755102,2066.76353061224,2008.94742857143,1663.62208673469,1218.33137520408,2232.41450816327,1393.97574489796,1591.06909387755,1751.61435918367,2118.85748540816,1751.5962244898,1880.04274285714,1334.88640204082,1796.1204255102,1495.89997755102,1395.22941632653,1901.60877040816,1662.04899591837,1491.74926632653,1430.10355204082,1575.10047346939,943.366792857143,1338.27088469388,842.430164285714,1446.27464183673,1530.55505,1261.91526734694,1182.24398061224,1807.71793367347,1322.4253,1562.84383163265,1301.89268265306,1838.30101326531,1967.71322653061,1464.35808765306,974.071369591837,1472.82325102041,1553.96729387755,1983.12193163265,2121.95887755102,1580.83885612245,2074.97570102041,1445.25961530612,1778.85285816327,1736.48747653061,1844.63513163265,1304.77289897959,1672.8494244898,1876.50777755102,1776.71540714286,1338.86737040816,1568.91983469388,1142.16218979592,1016.89215612245,1388.11106734694,1675.22454081633,1247.06760306122,1417.90506020408,1521.88606877551,1743.82281734694,1925.79384387755,1818.49006122449,1504.77421632653,1881.65744489796,1776.22681632653,1763.68729387755,1388.69627704082,1247.42127653061,1182.75805102041,1112.1492855102,1496.07154387755,1088.05116836735,1395.15625306122,1086.24237142857,1513.94070918367,1307.46116428571,1353.04443265306,1285.21310204082,1007.67078979592,1594.94667959184,1212.59958265306,1353.55783265306,1393.37328673469,1224.24572040816,1764.53492653061,1666.62922755102,1748.34755,1165.6630144898,1353.58379857143,1642.34475204082,1394.65912142857,1755.93684387755,1398.00587142857,1407.32022918367,888.156235918367,1304.97848469388,1707.46174795918,1792.17240612245,1787.07485918367,1584.93489285714,1963.11685816327,1773.53058571429,1536.40622653061,1112.3829244898,1555.69306938776,1571.08065306122,1705.38460204082,1454.53674428571,1206.12631938776,1233.36285612245,1773.32030408163,1951.21690306122,1623.03921122449,1834.85181632653,1425.62420306122,1751.84500408163,1837.54357397959,1047.75006020408,1334.61960908163,1586.79461183673,1437.95503979592,1107.44831530612,1510.11461530612,1163.86146530612,1265.2499377551,1275.7951755102,2050.47013367347,1501.62964387755,1547.51950918367,1871.16975816327,1188.59273163265,1185.91359897959,1274.38790408163,1139.8514877551,1175.47711632653,1563.85449795918,1464.9442377551,1816.95544489796,2052.48971020408,1404.82969489796,1883.50536632653,1578.48940408163,1583.52493469388,1759.91332959184,1890.03975816327,1357.96632755102,1390.90193285714,1673.66559387755,1698.30470102041,2211.7474877551,1389.7597877551,2016.80507142857,1452.90524693878,1702.40064693878,1941.70601428571,1351.13708367347,1309.04218469388,1849.85647040816,1662.59865714286,1211.53512142857,1551.3909255102,1379.05069489796,1744.20917244898,853.448704081633,1763.34065102041,2022.90766530612,1514.8972744898,1705.78667346939,1499.96322857143,1054.83457142857,1348.25968673469,1412.37256734694,1505.78113265306,1632.6065122449,1710.75670102041,1221.37034693878,1140.29682244898,1752.82669795918,1451.22332244898,1854.3076877551,1268.2032744898,1619.92167959184,2083.72049693878,2005.2045744898,1549.59210204082,1790.01843163265,1757.12917244898,1268.16139387755,1764.49784693878,1556.8461827551,1724.59743469388,1566.88101122449,1618.88777755102,1629.05452040816,1508.13673673469,1645.2414622449,1844.5189622449,1743.49252040816,1213.69611836735,1103.59810306122,1481.79208571429,1260.15646938775,1269.20137795918,1029.29825,1482.27605306122,1616.97948408163,1457.48918061224,1593.20597142857,1514.38274183673,2083.82119387755,1792.81594693878,1151.73361122449,1691.89327346939,1579.02508673469,1407.33510816327,1241.55725816327,1852.68194285714,2423.45250918367,1357.87789387755,1767.19101326531,1736.72377244898,1836.75016734694,995.495032653061,2118.62663877551,1481.94074693878,1005.70765510204,1809.31589591837,1823.08245918367,2089.37499591837,1697.4228122449,1442.99855918367,1953.48364538775,1540.57322244898,1618.8443755102,1501.3274755102,1799.37588469388,1680.92536938775,1004.86899897959,1247.46139081633,1573.53693265306,1540.79828265306,1723.05365102041,1548.81529591837,1383.33781326531,1810.38102857143,1965.08262244898,1540.64504081633,2171.21583979592,1894.89461326531,1725.30110204082,2188.20618265306,918.446436734694,1823.5245244898,1384.99148469388,1575.50164581633,1349.77022142857,1720.52276734694,1445.64989795918,1646.6576244898,1205.4614244898,1769.20201153061,1923.69125714286,1208.59378673469,1525.95367959184,1125.68702142857,1210.12752653061,2346.36261632653,1517.33809285714,1096.94753571429,1656.64337346939,1618.18631326531,1638.77576122449,1357.3043244898,1674.75809897959,1546.38203061224,1359.22520306122,1221.50835612245,2002.44575204082,1511.40809897959,1877.96179489796,1257.54256938776,1052.65959897959,1198.77127755102,769.988758163265,1482.15420510204,1613.31217653061,1446.80783979592,1594.10312040816,1478.23468163265,1515.44977755102,1695.88068265306,1736.01460102041,1757.48592857143,1555.68092857143,1284.17606632653,816.777531632653,770.627864285714,1094.90576632653,1646.50647346939,1923.62930306122,1982.17566938776,1765.99097959184,1229.28405102041,1178.73659795918,977.080876530612,1275.33733163265,1749.32490612245,1677.02328469388,1885.34789489796,1068.44777806122,1468.93651938776,1952.48440204082,1584.11196836735,1659.40851326531,1471.63729081633,1819.16245081633,1571.53313571429,1329.56443673469,1032.0099877551,1331.47973673469,2029.29744387755,1628.6485122449,1386.42782244898,1167.53021734694,1272.89830204082,1249.56447040816,1038.35893163265,1437.64839795918,1505.15284081633,1501.0403755102,970.357163265306,1797.4388744898,1235.1957122449,1415.66292040816,991.173414285714,1166.72673877551,1643.21368673469,1346.90883469388,1003.77418877551,1632.95699183673,1637.91531020408,1380.33094897959,1392.98888163265,1632.56974387755,1918.7269755102,1633.94889632653,1729.93404489796,1421.01828979592,1059.59355,1021.44482857143,1340.53285714286,1572.01122857143,1152.75715204082,1041.03023877551,1301.92036734694,1289.02198571429,1323.6396755102,1349.34258571429,1343.78225510204,1247.33611632653,1768.96845102041,1526.92679489796,1547.86900663265,1197.4264122449,1557.14320102041,1591.23246632653,1559.76941836735,1449.7353255102,2014.93130510204,2319.81163265306,1733.09205714286,1581.34650510204,1435.79308163265,1570.06143571429,1493.7397744898,1471.50013673469,1569.10203877551,1380.03514387755,1940.58961836735,1396.72582653061,1514.7964877551,1093.41058673469,1098.0647755102,1806.40420714286,1504.10517683673,1067.63416428571,1520.16844591837,1498.3479377551,1677.3732877551,1762.71258163265,1653.73850816327,1812.14970816327,1923.82656836735,1333.36005306122,1616.77505918367,1525.58464897959,901.748852040816,1415.19813979592,1838.1964244898,1774.69925918367,1673.8344877551,1858.27380102041,1586.43558163265,1556.82280204082,1696.88210510204,1018.65926428571,1749.50977346939,1259.17861020408,1374.25491734694,1070.86281836735,552.984534693878,999.293593877551,1050.61653469388,1063.8036372449,1682.85787346939,1342.74216326531,1696.42264897959,1416.30694183673,1874.2206755102,1350.79380306122,1439.26491122449,1003.73531918367,1067.5801744898,1824.27161938775,1250.68250479592,1169.65615510204,1967.08674693878,1638.77542346939,1781.0874744898,1642.31680510204,1273.80033979592,1499.65296632653,1730.60157653061,1638.14797959184,1284.85207040816,1822.74586938776,1017.07696122449,911.803364285714,1192.71574183673,1269.79071428571,1586.73797408163,1337.24416081633,1184.55146326531,1184.22371020408,1100.51261530612,1260.63535510204,1700.09123673469,1602.63814795918,1551.90698979592,1986.26339153061,1437.60109591837,1838.27221530612,1356.38920102041,1406.80435714286,1549.68310816327,1472.40862653061,1662.94471734694,1225.21267755102,1259.01645,1628.18178979592,1444.15507653061,1515.39711010204,1284.74344897959,913.253396938775,1514.82561530612,1807.01137755102,1537.73147857143,1524.33145438775,1800.7703094898,1687.35344183673,1920.64801530612,1690.42802346939,1371.48069183673,1215.81824897959,1419.88615,1281.57426938776,1662.09094081633,1362.10409081633,1823.09537346939,1624.18750816327,1919.11462846939,1419.56478836735,1444.04964489796,1672.93857142857,2002.6094744898,1341.10123061224,1213.03515408163,1697.20330816327,1864.58397857143,1345.32181632653,1238.33860306122,1299.21817040816,1997.52128061224,1810.18086734694,1271.22072142857,1376.09473265306,1293.10032346939,859.457344897959,1151.12577040816,1270.90936428571,1638.87731632653,1629.01868367347,1699.85164591837,1146.19946530612,1338.86443673469,1172.14858459184,1860.17041632653,1349.24183265306,1392.15776836735,2063.50694183673,2021.67615877551,1388.92616734694,1879.89612959184,1209.05073704082,1683.59571938776,1792.47693979592,1522.49815,1613.23676632653,1223.17871836735,1366.20040836735,1294.77114387755,1770.35007244898,961.915752142857,1367.28930102041,1927.50271734694,1662.67587244898,2005.40059897959,1874.43098979592,2092.15488979592,1717.46907755102,1720.07559591837,1356.43074081633,1195.94065510204,1474.58776530612,1542.65291428571,1578.90074183673,1808.95861428571,961.452819387755,1002.11424795918,1453.59151326531,1206.92059704082,1255.1394377551,1273.04619387755,851.953558163265,695.915939795918,1574.35153897959,1585.25544091837,1554.00089428571,1331.72529081633,1132.99239591837,1203.61661734694,1205.81227959184,1739.13322755102,1176.90987653061,1095.49910102041,2099.46735816327,1374.83132653061,1890.4653744898,1607.08892346939,1158.70262040816,1238.32704693878,802.039105102041,1130.8711755102,1280.86831112245,1284.89428663265,1458.10539897959,1778.97022857143,1253.48779693878,1822.91761428571,1833.34704387755,1375.14854693878,1903.06766938776,1154.23252142857,1832.10764387755,1389.43810714286,1527.56203979592,1253.33675204082,1222.13085612245,1156.87335816327,1613.81045510204,1235.26860510204,1425.85430204082,1133.05475,757.268878571429,1048.23565714286,1279.53051326531,1327.19605234694,1152.06633469388,1757.35451632653,1475.50133061225,1574.47231020408,1239.20552040816,1669.57171428571
38.5918367346939,2036.67708877551,2065.60955204082,1689.3510244898,2202.05027142857,2071.50417857143,2102.03768571429,1530.16556632653,1733.87634285714,1708.07370612245,1931.5797,1953.60799489796,1851.14760816327,1945.12209642857,1879.25420816327,2184.32865673469,1943.47463061224,1354.88436122449,1832.47194836735,1379.40476530612,1847.76438163265,1949.6866622449,1988.37592040816,1839.29067142857,1661.26975102041,1752.73865408163,1706.30068673469,1769.92894897959,1297.99929285714,1670.58344928571,1827.69424489796,903.948940816327,1572.21347653061,1469.50140714286,1995.20502653061,1667.6013122449,1829.61463265306,1980.90927653061,1986.86987653061,1572.96531734694,1625.56645408163,1469.79279183673,1492.83753673469,1921.78343877551,1869.4879244898,1518.88713979592,1738.69572959184,1607.80702244898,2380.90739591837,2015.92884795918,1532.88182346939,1266.38822520408,2362.85421938776,1735.0451377551,1597.5538622449,1622.09344183673,1659.10065204082,2053.0487755102,1729.96205632653,1727.41649755102,1630.84025510204,1982.34192755102,1546.04708061225,1871.5136255102,1507.07914489796,1743.55490816327,1814.67367857143,1712.71962734694,1624.79186530612,1433.75216326531,1384.54560918367,1302.35843367347,1130.88492040816,1235.94392040816,1204.58251632653,1243.23171734694,1020.41296734694,1464.85580612245,1259.40430102041,2081.24170408163,1708.60573061224,1718.03674387755,1712.25491346939,1792.6464255102,1611.94280510204,1573.84130510204,1799.69903469388,1639.89294489796,1436.04525612245,1374.34424387755,2179.47456020408,1573.77516020408,1848.64858734694,1660.69558756122,1596.27458061225,1794.70080102041,1564.56750122449,1270.70006122449,1602.55841020408,1173.8809755102,1268.71687142857,1542.74302244898,1439.50885102041,1652.38608673469,1830.75929897959,2009.75753979592,2089.79100102041,1240.26980816327,1754.58239489796,1640.21509183673,1921.24256530612,1815.31136428571,1828.38771530612,1984.73887204082,1340.33153285714,1624.99028285714,2084.74411020408,1609.23658163265,1640.2033255102,1878.96136836735,2183.30567346939,1456.59132959184,1525.59251530612,1752.05081020408,1370.87975714286,2028.47644091837,1385.99562857143,1439.26867408163,1920.94065,1998.13554591837,1548.45566836735,1578.95715306122,1841.63084081633,1359.44057653061,1654.29748969388,1990.80343418367,1649.7969377551,1916.24337244898,2121.27366020408,1768.51193571429,1868.49575918367,714.814976530612,858.497315306123,1388.20313979592,1531.84170918367,1531.16030204082,1995.13743061224,1693.01188571429,1710.0579377551,1641.36809795918,1763.69030816327,1900.24042755102,2045.71218061224,1117.43411428571,1468.09610265306,1180.89681632653,1511.32752142857,1492.38398204082,1633.82173979592,1666.40571204082,1385.98426102041,1328.25117163265,1934.40962040816,1342.06050306122,1817.65936530612,1360.07844897959,1290.87465204082,1194.98967755102,1408.08825510204,1244.03144489796,1508.75767404082,1819.56048367347,1996.53409489796,1822.07480204082,1406.5641122449,1796.41220204082,1394.38591122449,1382.93118163265,2049.89231632653,1273.10165918367,1548.25907336735,1140.770805,1159.90585408163,1636.94163673469,1752.59635918367,1841.31665816327,1398.08249408163,1666.66272897959,2176.91199489796,1330.87553571429,1534.12369693878,1242.38834285714,1540.93091020408,1851.42583469388,2256.18729183673,1406.52488061224,1266.41172142857,1425.65232040816,1826.08435102041,1832.09068061225,1674.85203877551,2096.46447102041,563.175553877551,1439.32782857143,1562.08475714286,1463.5355122449,1854.83752244898,2037.1736,1561.75652857143,1496.96220204082,1703.16851734694,1629.18852959184,1619.18365102041,1939.73238979592,1917.05192408163,1788.99368530612,2012.10474693878,1296.50703061224,1553.27888877551,1536.20102142857,1860.68131734694,1402.3095022449,1500.05215,1749.06779591837,1043.44009591837,1278.59163469388,1306.73687755102,1522.16597755102,1837.43866734694,1735.63874081633,1932.32997040816,1869.08981408163,2004.97561836735,1500.04137959184,1823.60140510204,1440.75439081633,1291.29543163265,1387.76388571429,1369.74794183673,634.816386734694,1882.03542346939,1601.46928469388,1470.06205204082,1002.95534285714,1989.20792755102,1605.45390826531,1662.79095408163,1667.70762244898,1876.44413469388,1375.63052346939,1460.20916357143,1711.91679520408,1755.30898163265,1941.91642040816,1886.69334755102,1732.34426602041,2103.71290612245,1499.81668163265,2116.8118255102,1548.76751734694,1683.66087142857,1730.13692653061,1719.6520122449,1977.23247959184,1693.01540408163,1666.18773877551,1549.9083244898,1731.02439387755,1907.78777346939,1339.68634897959,1927.92406020408,997.329565816327,1657.43267040816,1828.79388877551,1422.19727142857,1626.79137244898,1474.17996734694,2158.11410102041,1729.84428040816,1391.39955714286,1426.12491326531,1171.23252244898,1873.1251377551,2047.43634591837,1524.19950540816,1988.17035510204,1692.33559489796,1980.23019795918,1861.63142887755,1823.01565102041,1434.27425408163,1271.03673673469,1714.28308979592,1737.28024897959,1556.5629244898,1864.64965,816.961609183673,1835.51458571429,1678.69975306122,1537.03580612245,1315.91840306122,1857.62050714286,1663.19056428571,2045.35226428571,1646.24777653061,1463.07283673469,1480.41937989796,1571.33357714286,1405.74658061224,1206.14436020408,1356.20446836735,1505.11272040816,1491.84877244898,1735.30332040816,1606.64767857143,1835.11781938776,1773.43766734694,2232.99442346939,1860.13094693878,1991.32073061224,1894.28795612245,1347.22599081633,2028.62247040816,2294.63769183673,1591.04541734694,1511.44762755102,1684.74861938775,1157.63061734694,1544.51663367347,1625.68533367347,1449.47437244898,1575.09678979592,1802.76319591837,2010.14491530612,1557.86122857143,1428.89260408163,686.499943877551,1921.85326938776,1995.76543877551,1095.26823642857,1024.5622244898,1295.5117122449,1804.80810714286,2022.4483622449,1190.18525816327,1102.33039387755,1368.48874387755,1264.19076836735,917.171762244898,1453.9202877551,1407.97153826531,1675.13466836735,1730.15996632653,1389.07003367347,1065.95347244898,1556.69200918367,1338.91169897959,1322.17345816327,1762.19228061224,1817.97197040816,1746.95681734694,2084.11670204082,1570.24709591837,1270.88325918367,1452.0416377551,1566.99711836735,1711.47035204082,1585.22601755102,1338.28632693878,1424.8852744898,1222.13889591837,1557.33506734694,1323.57092040816,1541.30007755102,1599.12598163265,1683.03003163265,1698.56469387755,1699.64465816327,1512.39450816327,1451.32808163265,1862.99563673469,1601.12815714286,1750.07700918367,1832.04489591837,1448.94706938775,997.41701122449,766.490629591837,1700.70357142857,1543.39659285714,2035.82774693878,1217.69745102041,1352.71555816327,1476.7391122449,1656.73435,1041.16743979592,1631.06568877551,1615.73971428571,1784.00052714286,2471.36265612245,1441.76003877551,1697.39313061224,1451.02822244898,2004.89946428571,1360.0394755102,1432.02471734694,1579.42354387755,1396.82553877551,1529.41048877551,1616.13936938776,1896.14103061224,1839.47861632653,1731.61766734694,1681.54748673469,1811.5726122449,2277.84929795918,1609.89524897959,2151.66002040816,1877.13247346939,1696.35298571429,1418.49131336735,1403.9454255102,1658.8208744898,1904.01299591837,1834.9771455102,1099.88237857143,1427.87859183673,1642.56837142857,1805.65620918367,1440.72842346939,1494.19857959184,1660.30806938776,1563.31067040816,1460.28352653061,1696.08660612245,2129.90967346939,2530.78456122449,1295.40578367347,1974.51629489796,1826.37029285714,1452.25988469388,1718.54798163265,1615.04457755102,1640.33069489796,1793.29633877551,1503.74141591837,1630.87222081633,1637.77646428571,983.678312653061,1417.33377244898,1294.35594489796,1751.29873571429,1361.16094693878,1454.18905,1138.98836530612,1667.18701428571,1334.55083469388,1539.18573979592,1287.76927653061,1553.32699591837,1870.94549938776,2229.33372857143,1905.12508571429,1301.43871632653,2147.82366326531,1948.03451020408,1946.80940408163,1608.39035571429,1734.03850816327,1781.01173673469,1768.2606377551,1731.71428367347,1457.51340408163,1405.81152357143,1838.61798571429,1674.88519591837,1685.6992744898,1385.95337346939,1446.58628673469,959.866763265306,1246.72229591837,1679.90666020408,2220.15293061225,2077.28106530612,2124.39667653061,1752.22317346939,1643.76978887755,1026.56290408163,1707.31547244898,1213.78067040816,1689.29265408163,1460.10294693878,1953.59471836735,1066.59923469388,1656.18171938776,1385.52290102041,1527.63338163265,1268.4801677551,2098.01257857143,1338.77869081633,1571.45744387755,1385.91447959184,1231.60222040816,1698.99761836735,1984.45714693878,1420.84636877551,1406.22093877551,1465.69680102041,1570.92979693878,1397.40928163265,1262.50490918367,1388.63260306122,1352.78332959184,1372.06306428571,1553.36701020408,1770.44644897959,1490.39532142857,1122.96382040816,1393.4077,1792.64995306122,1627.57453571429,1486.87781632653,1837.77020612245,1800.71858714286,1660.11756734694,1624.57626428571,1067.31406846939,1841.95412755102,1038.0181122449,1480.74422959184,1548.47932959184,1311.85133979592,1380.70401530612,1526.49184591837,1793.50895816327,1939.86642857143,1132.42976530612,1561.10587244898,1091.70181836735,1168.48352755102,1263.48959285714,1354.09662857143,1320.21285,1508.23121734694,1400.94495510204,1498.92689489796,1763.44480816327,1751.99252653061,1687.66314897959,2083.19763316327,1446.56327244898,1591.35452459184,1607.78881734694,1265.21538979592,953.913356122449,941.704544285714,1454.75449693878,2346.51249795918,1183.21024183673,1439.6786377551,1459.28092112245,1687.55046632653,1590.01334387755,2037.06991530612,1166.75093193878,1266.1551377551,1299.98477142857,1015.29761632653,1540.75046428571,1330.37563673469,1960.90979387755,1746.31805918367,1762.60438571429,1007.14898877551,1407.05549693878,1573.78068469388,1654.65018265306,1679.79896530612,1205.40409591837,2078.97160714286,1768.75075714286,1654.10220816327,1518.35057857143,1533.19076734694,1769.96041938776,1727.28331428571,1799.86867142857,1541.76104387755,1807.24971020408,1327.15242653061,1281.63688061225,1336.90387244898,1582.50689489796,1757.13517755102,1034.67820408163,1789.48204122449,1605.37870306122,1297.64854387755,1848.90470612245,2231.32119591837,1913.84232653061,1591.35653469388,1980.00785204082,1619.34562612245,1610.20305510204,1557.61814683673,1720.72844081633,2008.8268027551,1630.45080714286,1702.84188061225,2044.85932857143,1564.26785714286,1864.07479489796,1747.54742865306,1797.49337244898,1900.63252244898,1629.43129591837,2036.88843979592,1950.46013979592,2334.99158877551,2015.39415102041,1556.43192040816,1569.54183367347,1413.91824183673,1396.33052142857,1659.43257653061,1361.80617346939,1526.50411428571,889.474974489796,1975.01440408163,1414.45750102041,1310.78959081633,1615.29453469388,1355.61420408163,1465.65841326531,1675.6432255102,911.58973877551,1525.40683673469,1123.32877142857,1043.77011836735,1592.21288877551,1698.25829489796,1554.32173163265,1300.1069244898,1818.69035918367,1497.19780306122,1783.30778979592,1839.83783530612,1263.12133163265,1530.63181938776,1738.27021122449,2023.97302857143,1895.17209489796,1407.27842244898,1860.94480612245,1270.65851020408,1690.4181877551,1045.87599591837,1109.36723163265,1615.41119591837,1640.16932653061,2024.33802346939,1880.76977346939,1290.692,1691.85179561224,2458.63461693878,1690.28043877551,1881.74530918367,2033.68419183673,1658.69864183673,2180.61119489796,1823.07213061225,1147.39639081633,1668.36313163265,1899.93813877551,1628.68086122449,1816.01926285714,2119.06662040816,2060.50522244898,1146.25728673469,1230.98985510204,1424.89916632653,1443.41365102041,1024.14025714286,1351.53929897959,1330.9153377551,1122.42300612245,1380.41094897959,1624.58892653061,1668.68674081633,1021.25709897959,1716.88485816327,1677.98672653061,2097.74466010204,1968.42438877551,1679.67063877551,1875.41978571429,1569.26958265306,1649.93321734694,1414.35393673469,1144.66905591837,1330.87494795918,1277.5155244898,1185.07889489796,2380.84456020408,1748.6083,1545.90604387755,1993.06168061224,1816.59464795918,1437.7207255102,1664.30505816327,1225.95301122449,1904.97466836735,1992.40033367347,1889.2232755102,1402.62302346939,1782.14893979592,1703.24605714286,1562.29061326531,1705.35853571429,1878.32748163265,1249.53540653061,1781.45276530612,1591.41873908163,1994.76094591837,1987.27316632653,1975.65657346939,1574.24091632653,1858.29086428571,2259.16941734694,1506.11723428571,1426.84535,1625.8734622449,1815.55148367347,1385.39815816327,1466.27922857143,1895.09235918367,1864.17016938776,1832.16138163265,1721.86793979592,1432.0976622449,1687.53745204082,1792.20525,1830.7403377551,1768.70353265306,1850.76700510204,2218.97050102041,1698.76948061224,1428.47135408163,1718.74691938776,1479.07961122449,1222.3609255102,1903.1899122449,1197.40451836735,1512.49558979592,2196.00516938775,1892.94836020408,1767.2588255102,2568.26009795918,2170.48085510204,1536.02894489796,1455.37314928571,1122.42325816327,1656.7007877551,1524.77883673469,1329.64072653061,1466.45783061224,1192.8568755102,1765.71364183673,1310.85635816327,1307.9023622449,1311.74430204082,1884.24072012245,1911.53388877551,2127.05268469388,1885.97035765306,1643.11422244898,1759.77841326531,1675.59917346939,1632.52197653061,1824.48064489796,1798.5176255102,1682.5646755102,2050.27760612245,1940.16981734694,1360.81087755102,1873.88329897959,1993.99909795918,1552.91478673469,1203.49417244898,1258.00333469388,1606.65533163265,1259.18543979592,1447.53301836735,1603.67707142857,1828.44558979592,857.175873469388,1035.14862142857,1499.01630408163,1263.90770102041,1476.17017755102,1572.60985,1418.01464693878,1623.81957367347,1901.75659285714,1811.82078897959,1610.5805122449,1175.70022142857,1203.49859591837,1141.68428877551,1563.76215,1724.89343367347,1800.33965102041,1511.65976530612,1632.70209489796,1589.28500816327,1985.76156530612,1594.87089591837,1211.77190102041,1364.00206020408,1679.00305,1421.14650408163,862.827058163265,1127.11629795918,1724.35406387755,1531.17016010204,1678.68173561224,1079.07649387755,1807.0415755102,1887.78383673469,1280.27940204082,1173.30678061224,1730.88044795918,1976.71772346939,1238.20984693878,1559.73117653061,1578.53279591837,1663.64234081633,1309.69055,1856.22710510204,1355.4587,1825.37954897959,1060.4721755102,1135.92199693878,1661.35284081633,1418.19399493878,1640.47274734694,1478.75725714286,1492.97685102041,1683.25870918367,1775.57500918367,1652.98122142857,894.120379591837,910.302241836735,1357.22828061224,1941.88356530612,1182.82486836735,1798.0821622449,1400.76124183673,1345.96487938776,1604.28502142857,1392.47385918367,1617.84216846939,1322.87280102041,1429.26223877551,1689.77603469388,1844.93489591837,1952.36491632653,1656.19229795918,1393.7908255102,1569.75049387755,2427.88716326531,1764.42591530612,1388.97544693878,1269.77338571429,1254.28205918367,1618.39377857143,1296.48736734694,1366.72553877551,1545.61242959184,2027.61177142857,1789.50550918367,1623.80387755102,1872.07417040816,1772.27592040816,1739.76258265306,1627.37662959184,1747.7851,1352.21800122449,1189.9315255102,1500.44875714286,1568.32945612245,1327.01799795918,1770.78037591837,789.208816734694,1642.16115510204,1282.04630306122,1539.48642346939,2077.85695,1732.66823673469,1737.95632755102,1687.06754693878,1062.94954795918,2238.46362040816,1914.34767653061,1832.44211530612,1803.21226632653,1391.97536938776,1765.82294897959,2329.70845306122,1801.5784877551,1947.91801632653,1576.48108265306,1269.23810510204,1353.08117040816,1554.67057040816,1319.02370102041,1985.09302653061,1379.18855102041,1699.40328061224,1844.29732040816,1863.74393979592,2012.18240816327,1245.09108265306,1630.50539346939,1701.94194183673,1437.87646326531,1463.79045510204,1623.07060816327,1667.05391122449,1898.01586938775,1631.05724795918,1200.25069795918,1884.32785102041,743.915786734694,1729.01438469388,1299.07083673469,1480.60030714286,1543.22629489796,1869.79278469388,1592.13769285714,1784.42235306122,1635.35646938776,1581.05436326531,1369.15202346939,1846.20625,2195.07915,1810.20471428571,1591.48160408163,1857.56326428571,1667.59788061225,1901.01963163265,1909.00299285714,1835.68190102041,1090.86123938776,1180.45900510204,1225.60736734694,1795.58384897959,2015.0689744898,1860.61956938776,1617.51069795918,1817.31743469388,1699.56096142857,1904.64797142857,1670.14758061225,1493.56248877551,1980.63074387755,2175.51971020408,1790.30100306122,1699.28640306122,1654.28363673469,1472.55891020408,1903.20060816327,2156.44754795918,1846.47622857143,1960.73347857143,1740.77653612245,1432.5141744898,1826.99214897959,1851.42094591837,1761.43293061224,1184.57718367347,1553.22552142857,1567.97417653061,2122.91252755102,1973.17861326531,1539.80001020408,1114.73784285714,1823.89708673469,1971.02694897959,1757.28418877551,988.352846938776,863.445414285714,1610.96260102041,2022.91769897959,2349.81018163265,1512.09835918367,1883.5198155102,1702.79617857143,1632.86610816327,1437.97713877551,1697.07222755102,1608.61559795918,1835.00945612245,1847.55619795918,2329.69085612245,1923.6680755102,1200.65355714286,1565.26508367347,1564.38834285714,1560.19290306122,1143.4875,1363.56402816327,1233.92621326531,1596.98963061225,2003.66459183673,1514.84191908163,1648.12065918367,1897.46450612245,1839.06365816327,2149.71797346939,1755.69491122449,1825.2613122449,1148.2888277551,911.28910122449,1883.48398061224,1660.46496877551,1394.15591857143,1554.82918265306,1649.75947959184,1504.88333061224,1662.06002959184,1358.18509897959,1529.78969795918,2017.89509510204,1671.37513265306,1807.72267755102,1945.8746755102,1717.3889377551,1670.43289030612,1391.83478265306,1630.49085510204,2455.00872653061,1397.02837040816,1314.72846020408,1385.60712857143,1541.32502785714,1760.05967244898,1805.67110612245,1671.41284387755,1494.38546979592,1726.39783061224,1739.96902959184,1855.49556020408,1509.79093571429,1658.38077346939,1792.11309693878,2021.26584387755,1875.44414795918,1465.25731530612,1382.95170816327,1057.60967653061,1742.32285510204,1232.69118877551,1422.59688673469,1271.41350816327,1243.05728571429,1673.93449795918,1676.11198061224,1795.72461530612,1476.17854183673,2250.29005714286,1675.93874489796,2123.83561122449,2167.17934591837,1820.45288663265,1705.93049857143,1589.12164285714,1862.9304922449,1448.67110877551,1346.35959285714,1539.94514612245,1247.70703469388,1900.02720510204,1744.58059591837,1756.97405510204,1102.15720204082,1442.97597346939,1474.00478163265,1974.94087755102,2003.03011632653,2290.84320408163,1988.33635102041,1194.60170306122,2056.26039081633,1578.8931755102,2479.04602959184,1671.17020265306,1580.7953005102,1782.40600408163,1490.73516734694,1342.3774744898,1298.49655714286,1797.55481020408,1714.47066530612,1723.26314163265,1765.95550612245,2084.11436836735,1725.31428163265,1503.52328163265,2163.58538571429,1789.05146938776,1648.10594795918,1722.73289897959,1262.23834571429,1329.18504571429,2030.39014979592,1727.30746020408,2228.76877959184,2524.90742857143,2127.89918673469,1625.68196326531,1657.00915816327,1612.17241367347,1551.6379244898,1068.0818377551,1320.19017857143,1175.65395816327,1076.52396836735,1680.92595306122,943.780952040816,1952.88823979592,1500.46985816327,1548.60207040816,1506.46405510204,1443.30323061224,1313.41971836735,1559.76096632653,1391.78698969388,1851.05765204082,1852.81055,1819.0564255102,2066.07961020408,1964.53487653061,1378.09891326531,1804.48763673469,1534.68477989796,1415.2538255102,1832.29894693878,1644.36004846939,1594.39312040816,2044.99934387755,1674.54754285714,2195.92546734694,1629.81804183673,1580.97552346939,1802.40324489796,1867.84120918367,1801.48219897959,1387.10284387755,1373.38496734694,1461.62644489796,1421.53923469388,1376.07631938776,1492.66708163265,1334.23825714286,1737.11215,1621.93893897959,1642.9247955102,1168.31067142857,1625.61454183673,1328.93266836735,1448.70611122449,1321.11174081633,1317.20062877551,1922.06657755102,2034.56187959184,1467.50452367347,1670.85972142857,1585.06297755102,1432.04511326531,1984.88223265306,1448.58807734694,1296.85031428571,1385.7200622449,1193.54962755102,1369.65918877551,1227.31479795918,1495.29279010204,2108.38625408163,1416.26856836735,1226.67626734694,1454.92576938776,2094.0468955102,1127.89844285714,1934.41256836735,1934.32918571429,2261.50165816327,1668.57328469388,1682.20484387755,1763.90338673469,1551.9288377551,957.809004081633,1216.61881122449,1878.22160489796,1186.40713163265,1556.49598469388,1321.36516836735,1509.99101836735,1695.06037755102,1658.50661326531,1313.54143265306,1343.05857959184,1809.36309489796,1318.53726632653,2356.56583061225,1408.65716020408,1830.67876122449,1489.42622142857,1589.39329591837,934.783813265306,1884.07536428571,1699.75382755102,1347.33151734694,1248.44235510204,1652.71050510204,1543.1527122449,1604.22190918367,1313.59927244898,1318.95533673469,1896.06684285714,1741.33973979592,1541.50914306122,1206.45994795918,1141.96301632653,1908.17169693878,1412.62122142857,1693.81917142857,1655.44636857143,1865.31118030612,1550.25245918367,1492.56179183673,1805.09927959184,1720.97924387755,1494.55946085714,1558.0320377551,2071.80534285714,1824.66796836735,1895.29786938776,1174.57261326531,1294.71244591837,1663.97191979592,1646.46834897959,1989.63951428571,1606.33446734694,1486.56856938776,1467.97912142857,1203.68095102041,2108.81260612245,1585.89883663265,2082.91438306122,1891.85456632653,1736.52046428571,1490.50264693878,1265.25990918367,1681.22135102041,1489.34216530612,1381.44735510204,1675.40017653061,1254.8224755102,1838.74622102041,1998.56361326531,1916.83736428571,1307.77392653061,1409.37074285714,1480.86308469388,1366.77646632653,1921.12238877551,1757.47525714286,1978.03702346939,1759.01670612245,1579.70907346939,1830.94788877551,1509.23036785714,1357.39674387755,1794.04265816327,1773.4492877551,1447.11452346939,1527.90902459184,2095.35655255102,1732.48260214286,1937.60191122449,2070.48626734694,1753.45635714286,1086.96736938776,2166.86700510204,1784.48106428571,1389.59156632653,1794.71118469388,1483.33234285714,1561.96555816327,1476.21991326531,1631.15844591837,2080.62809183673,1943.70608877551,1586.00338163265,1743.2854622449,1791.55296530612,1611.38734795918,1808.18127653061,1889.30990612245,1289.47195510204,1264.18212040816,1556.99489795918,1807.79857857143,1448.27455102041,1765.28829795918,1844.53925816327,1625.07976734694,1041.12848571429,1267.70090612245,1323.11747142857,1485.58071428571,1912.57551836735,1835.22438397959,1825.73163061224,1958.10044387755,1906.23709591837,1325.29529591837,1969.17848673469,1904.23881020408,2247.22937346939,1516.22700612245,1495.01655,1331.24635142857,2076.28909877551,1708.22907959184,1520.33303265306,1571.17925306122,1312.21614928571,1143.55065204082,985.235358367347,1097.06138653061,1027.33692755102,723.671620408163,1718.79433265306,1667.68953367347,1896.56649387755,1765.27143673469,1892.80435408163,1339.94144489796,1879.69317346939,2043.45881836735,1454.47749693878,1360.52707346939,1311.89534489796,1619.97238061224,1851.13260204082,1449.3513622449,1279.39500102041,2579.72228571429,1589.45175102041,1445.55233061224,2078.08722244898,1436.1976744898,1277.87385918367,1432.87763061224,1798.42210408163,1541.43647346939,2004.9182122449,2145.59866785714,1872.39859183673,1292.19451530612,1242.76555540816,1495.44808571429,1269.90852653061,1372.50350510204,1369.94180408163,1916.97596428571,886.761937755102,1776.33699285714,1265.37404081633,1546.17684387755,1620.12512346939,1129.65800102041,1799.37751326531,1701.97839897959,1604.58789183673,1861.6575122449,1843.57507142857,1340.10137346939,1552.31068673469,1799.32625306122,1316.59173163265,2324.8296794898,1612.77256734694,1347.37307142857,1566.8065877551,1512.89826122449,1297.63343877551,1493.39896734694,2084.54507959184,1771.05888469388,1641.52707857143,2152.10184693878,1912.14465918367,1323.12151122449,2039.94708979592,2346.54019591837,1233.09242734694,1629.49801428571,1349.02462346939,2120.79752755102,1592.26006020408,1578.33136530612,1611.26599285714,1889.29025204082,959.959356122449,1271.68623469388,1533.91706326531,1265.36644489796,1784.66833673469,1746.94346734694,1710.66177755102,1566.90312244898,2224.17045085714,1612.34935408163,1362.6510877551,1771.89539897959,2026.10648265306,1787.32605510204,2013.40749489796,1695.41578877551,1553.33658102041,1561.05640714286,1620.91438469388,1325.53414693878,1476.5068744898,1131.24517479592,1883.48399081633,1124.09349489796,979.994835714286,1576.31598571429,1791.21746632653,1286.21588367347,1918.2280622449,1939.25318979592,1471.54447755102,1550.20107142857,1298.68689081633,2284.04631326531,1629.29761020408,1415.94055510204,1413.50710102041,1269.79938265306,1757.85598214286,1144.98504285714,1447.34015918367,1875.3774122449,1822.79615,1964.07694183673,1626.66894795918,1374.94337244898,2086.92050816327,1605.44021632653,1814.79909897959,1264.81791938776,1554.84648469388,2006.93762346939,1734.64155612245,1618.57625102041,1685.12743571429,1478.29081326531,1359.4713244898,1824.41618265306,1923.35462265306,1209.03506938776,1631.85182357143,1901.05613357143,1471.63555408163,1609.18663877551,1563.90667040816,1650.20199489796,1612.99084489796,1578.89073469388,2323.10427142857,1487.12922040816,1643.4748,1576.73889081633,1395.78277244898,1829.93928877551,1543.55183469388,1451.00769285714,1258.81189061224,1176.33457142857,1709.21060306122,2212.68477755102,1815.71327959184,1955.12533061224,1614.41173979592,1539.48433265306,1238.66692346939,1759.42090306122,1183.81522040816,1681.56235612245,1542.93278163265,1530.64152040816,1660.58721122449,1738.97071428571,912.353734693878,1187.04885,1591.97334489796,990.829369387755,1885.72550714286,1632.21209183673,1761.72731428571,1803.08986326531,1444.19023571429,1928.68675204082,1891.35116326531,1508.37973367347,632.533102040816,782.152425510204,1746.01308163265,1729.04896020408,2193.03261020408,1793.2472122449,1506.57041530612,1441.96434795918,1588.31513367347,2080.44131326531,1976.46279285714,1897.64452653061,1399.1748877551,1993.81185408163,1522.95750918367,1795.62566122449,1780.56344897959,2165.85442142857,1465.2537877551,1615.84779285714,1874.09404489796,1505.49404081633,1210.44647142857,1808.48396122449,1742.09576734694,1582.09733571429,1708.08387285714,1613.36587959184,1324.40910714286,1810.64640714286,1003.77145204082,1204.60308061224,1432.83955204082,1694.98526836735,1751.28193265306,1208.37224081633,1923.36169489796,1484.93149387755,1604.51718163265,1785.77103163265,1470.26371530612,1685.65771938776,1855.77985612245,1638.43203061224,2272.69944897959,1276.55083469388,1794.61203367347,1310.86793061224,1661.78690918367,1517.15922040816,1946.60317755102,1839.89232755102,2040.00673877551,1819.07236367347,1678.59710510204,1873.31869795918,1689.27446938776,1223.94929489796,1347.38366734694,1325.39607581633,2425.99793061224,1502.05764897959,1320.2664244898,1815.00055612245,1596.57484469388,1593.33726836735,1821.06401428571,1994.34778367347,1980.30812244898,1800.53030204082,927.110935714286,1485.65635612245,1560.8205,1808.40188163265,1537.35278673469,1712.50288163265,1393.32766122449,2033.31138877551,1389.89689183673,1328.91463612245,1794.68684081633,1951.66269795918,1933.7868755102,1127.11846285714,1458.6094122449,1601.11202346939,1598.36768265306,1443.29129897959,1880.96791836735,1918.19131469388,1530.00083571429,1931.28949897959,1866.95072755102,2281.85149091837,1624.59570204082,1901.85906326531,2020.73709081633,2022.46964387755,1333.6421244898,2030.71325714286,2009.01123265306,1935.55183469388,1694.98110091837,1690.57641632653,1709.00097755102,1479.53598571429,1780.20701632653,1557.65505510204,1651.48167244898,1966.80965204082,1619.35818265306,1353.9301122449,1400.93974510204,1571.46847346939,1048.8348622449,1448.12527755102,1038.12407959184,1713.79962653061,2268.01974591837,1987.51055918367,1520.8548122449,1921.13140102041,1830.47268571429,1863.67023877551,1445.62672857143,1514.40302346939,1835.07104489796,1570.41220714286,1546.07602938776,1929.54617704082,1669.35360632653,1392.59083367347,1707.09632653061,1881.49468061225,2010.56305918367,1873.78656632653,2129.60774693878,1701.5367755102,1821.08093979592,1741.42285204082,1640.80294204082,1930.26209489796,1709.02960204082,1676.64520816327,1469.8611255102,1315.89563265306,1237.80373163265,1005.35089693878,1501.09502561224,1797.8232122449,2122.28342804082,1921.08440204082,832.109674183674,1520.1743877551,1699.09648061224,1727.73442755102,1713.98404285714,1853.96272857143,1655.73250408163,1438.74463469388,1662.45587244898,1226.74013877551,1202.41157040816,1666.77321204082,1461.6536755102,854.509464285714,1689.84828061224,1634.14504897959,1399.72759285714,1478.26193673469,2201.04741938775,1592.87493571429,1789.17189183673,2080.64180918367,1063.31006367347,1619.16741428571,1499.81922857143,1500.72565612245,1554.31683265306,1410.62205714286,1265.52836530612,1831.70476632653,1930.72590102041,1610.56541632653,1268.09037959184,1172.48475,1676.71369285714,1766.25721428571,1817.76851530612,1782.31684693878,2303.56026122449,2292.08941122449,1642.12946632653,1616.04426836735,1121.14498265306,1914.65613571429,1611.5569755102,953.103873469388,1790.94849897959,1357.40888265306,1611.59578877551,1773.78703061224,1800.23586122449,1777.41365816327,2013.85514795918,1794.50045102041,1490.22796836735,1799.05495714286,1751.39141326531,1434.56041734694,1132.65835714286,1744.92119081633,1764.75172040816,1587.53188469388,1850.05410612245,1974.24544897959,2154.68804489796,1366.35607744898,1522.12704591837,1243.0657877551,1528.54758877551,1884.15775102041,1885.02548877551,1786.52948265306,1511.97755408163,1650.58329183673,1756.1117122449,1783.22745816327,1666.53459081633,1624.65357653061,1887.3391744898,1840.17653571429,1864.59674795918,1657.12156122449,1379.79945204082,2041.45651734694,1693.6000744898,1223.86551530612,1286.19156326531,1203.53563367347,1271.45530204082,1375.56038979592,1491.55951836735,1828.15960816327,1254.9625755102,2045.8895377551,1538.98005102041,1651.09202857143,1792.7617,1746.60789693878,1865.16281326531,1794.85758265306,1888.91361836735,2052.60436632653,1482.03854387755,2253.85034081633,1981.60502142857,1408.60481612245,1469.02770918367,1086.16706938776,1840.13414591837,1726.58115918367,1230.82523632653,1341.41431530612,1783.18909183673,1505.21402244898,1646.24080918367,1670.51674081633,1544.9961122449,1268.59564081633,1386.58099897959,1720.73627040816,1725.36877959184,2103.30698367347,2163.48158673469,1658.02781326531,1889.31662755102,1596.25594591837,1688.60655408163,1351.78576428571,1880.41955306122,1830.26054897959,2018.42038265306,1432.94294489796,1606.8217255102,2195.27567653061,1302.24849693878,2017.68737346939,1597.08654795918,1592.35580714286,1725.35387244898,1846.99377244898,1959.24318877551,1827.69369183673,2096.69906653061,1613.98391122449,1721.53309591837,1497.81948061225,1722.84572653061,1571.73824693878,1429.20371734694,1693.26219795918,2059.85644795918,1621.28741530612,1821.00414183673,1474.84686938776,1983.93614285714,1699.11267653061,1103.39968265306,1624.8856255102,1379.47353571429,1584.49699285714,1244.90617244898,1244.38674693878,1914.01129183673,1549.8668,1118.15528367347,1528.04419387755,1247.34087755102,1741.06269193878,1869.41540306122,1995.6070255102,1857.33829693878,1424.38715510204,1120.52803061224,1831.73704387755,1747.44212244898,1788.3841377551,2250.60277653061,1447.70115891837,1633.37095510204,1767.92091428571,1511.32138469388,1699.62222142857,1389.60819183673,1280.20122653061,1887.51775408163,1589.14704489796,1813.58409897959,1452.46722142857,1722.29468163265,1505.05146877551,1455.95253877551,1706.38792346939,1347.18332653061,1895.50881836735,2131.96077346939,1591.59588265306,1811.19483061224,1732.06956938776,1939.83016836735,1832.67051510204,1482.60459795918,1668.68796122449,2351.49750326531,1949.88740816327,1651.48191255102,1649.11376938775,1946.14495408163,1156.60636469388,1659.3600122449,1885.88941836735,1817.39626428571,1998.6169877551,1745.25838469388,1416.89293877551,1576.90794285714,1675.65454693878,1763.30399081633,1819.33086632653,1544.77644795918,1518.25849591837,1975.94582040816,1855.68559489796,1378.45915,1583.39093265306,972.705716326531,897.609785714286,660.814772857143,923.855759591837,1583.84784591837,1775.61137346939,1531.47208673469,1438.89521938775,1524.84125714286,1921.5104255102,1415.76568571429,1342.46640102041,2259.06463255102,2379.63324540816,1710.78584795918,1794.91391469388,1940.51484285714,1323.58227959184,986.418564285714,1554.97842244898,1593.68071836735,1547.47521326531,1670.68788673469,1693.68122346939,1871.69710816327,1666.98365612245,1888.01862857143,1795.86880816327,1110.69755918367,1344.31190918367,1602.26305918367,1337.52058979592,1865.40422653061,1633.5536622449,1575.04763979592,1852.95047653061,1604.36490510204,795.212375510204,1428.95701428571,1219.00803836735,1565.11341530612,1458.80304387755,1994.18365020408,1633.41419897959,2005.67888571429,1495.12149693878,1231.35089387755,1050.46282510204,1554.70121122449,1025.65523081633,1286.33840714286,1185.17938265306,856.08301122449,1814.53710816327,2188.83569122449,1670.22877346939,1673.16006326531,1927.6808877551,1678.14875816327,1291.82024081633,1758.06820408163,1602.3225244898,1644.59796122449,1782.56030510204,1016.48076836735,1230.83224591837,1076.73333469388,2230.58502959184,1955.5352255102,1543.75880918367,2100.59661346939,1728.86151020408,1658.46935306122,1759.78314489796,1669.34396734694,1588.04324081633,1447.51933265306,1442.35032653061,1681.69452653061,1841.62331428571,2079.21249897959,1857.40507387755,1978.80441428571,1787.65867244898,1870.47659255102,1647.02660306122,1888.99578877551,1718.8668255102,1515.3278755102,1433.89048673469,1536.80258693878,1863.50307683673,1879.46520612245,1832.89001122449,1621.72393571429,1880.38313877551,1629.78506428571,1579.70506979592,1914.12178469388,1773.87841020408,1134.52925918367,1703.57641326531,1651.70704081633,1721.83085204082,1681.68747857143,1795.71984081633,1977.96870408163,1477.48477346939,1968.03103061225,1866.53219897959,1598.57139469388,1918.1069877551,1638.81023877551,1334.6966244898,1574.7136244898,2126.72664693878,2008.28402755102,2265.45307244898,1840.7539744898,2014.81218877551,1437.69853163265,1529.44234693878,1514.69227214286,1943.26608673469,2029.07883469388,1410.94155979592,1476.75379285714,1635.03873979592,1020.52392857143,1788.67940204082,1327.99533571429,1674.79297040816,1664.0019622449,1560.84831734694,1565.32200714286,1630.43658877551,1265.09218877551,2055.00975612245,1837.46858673469,1752.22224081633,1535.96678265306,1304.61172183673,1583.20828632653,1560.35764183673,2032.46445306122,2006.27305510204,1789.30572244898,1610.83920918367,1823.1579122449,1880.39620816327,1865.18824591837,1466.03327040816,1836.68948571429,1857.72027244898,2302.04443367347,1355.11145,1659.90954081633,2055.85435510204,1882.11215,2176.38009693878,1647.84197346939,1753.99515510204,1826.34499897959,1577.97525714286,1574.96658877551,1498.82164081633,1764.62864081633,1402.67356163265,1154.10766836735,1514.32517653061,1796.23362244898,2153.51069795918,1246.25715102041,1208.79982040816,2161.80884183673,1819.92042306122,1760.12428734694,1693.47635918367,1648.43146938775,1856.45629744898,1693.8261944898,1491.75460102041,1805.54253979592,1850.40896530612,1381.35741734694,1261.26730979592,1234.54725530612,1529.63225755102,1705.28877959184,2019.71798673469,1367.3934744898,1566.34604081633,1848.00597142857,2057.27464183673,1718.81014285714,1799.32230612245,1496.53895306122,1868.58464591837,2149.43966122449,1863.32390612245,1674.12549591837,1943.40870714286,2114.75376122449,1711.68961734694,1504.19626326531,1508.79776938776,1249.12191020408,1731.67746734694,1439.74313306122,1497.17294081633,1638.89011632653,2115.70931112245,1768.78852755102,1458.76405,1575.23865918367,1324.9121,1763.66592346939,1778.1952755102,2337.08120714286,1681.51651938776,1812.46071938776,1290.7018744898,1820.52305408163,1636.88563979592,1669.99824081633,1136.65983367347,1604.57057653061,1523.09469591837,1576.22849693878,1682.77615306122,1653.86564693878,1666.20035102041,1188.38716632653,1611.83479795918,1867.39884897959,1483.18739897959,2241.97651530612,2001.30679285714,1387.09807142857,1492.75255918367,1336.21998673469,1698.5156755102,1733.5124755102,1563.53935510204,1320.31495061224,1414.71530714286,788.888920408163,1727.64499591837,1557.7691744898,1069.60878367347,1237.01923367347,1452.89010102041,1819.82549387755,1292.72200714286,1648.69862653061,1982.95690714286,1933.14779183673,1737.1933755102,1546.13110612245,1813.78016326531,1893.21865,1133.41672755102,1415.42398061224,1566.57537142857,1528.88785612245,2196.40476428571,1623.15150714286,2147.65600918367,1398.86587857143,1487.17730204082,1744.56861326531,1450.7412377551,1817.73597959184,1647.38774183673,1884.5134377551,1354.04837040816,1945.41069795918,1778.14714897959,1934.37655612245,2106.78505510204,1592.51559693878,1884.75025408163,1354.5848755102,1737.53325,1564.2669122449,1584.9184377551,2099.59318877551,1814.16548877551,1312.86134081633,1690.30996836735,1753.48505714286,1887.51121020408,1983.39373502041,2080.5558622449,2036.0859622449,1822.10794285714,1711.65742653061,1431.69345510204,1717.75688877551,1749.24571020408,1550.93346122449,2365.76226632653,1968.97315612245,1442.69087857143,2193.27098571429,2197.52004469388,1575.46215714286,1969.36371428571,1496.77366428571,1848.51203367347,1843.54666734694,1647.01175510204,1643.98764183673,1242.09941326531,1240.57750510204,1785.24005612245,790.044053265306,1531.57512755102,1714.01060612245,1920.56216938776,1538.40656938776,1656.9270255102,1032.79497653061,1817.03969285714,1604.11278673469,1656.89844795918,1695.53277244898,1438.99458571429,1622.33688265306,1593.14652653061,1913.92087346939,1800.9501244898,1835.63411020408,1584.49500918367,852.606385102041,1027.27814510204,1277.84969663265,1169.12803183673,821.372575816327,1370.55806428571,1658.79645,1413.77913265306,2024.61418673469,1700.33727755102,1610.84746428571,1478.20223367347,1861.8846755102,1895.28676459184,1510.79788877551,1462.05763163265,1715.79602836735,1475.09043877551,1311.15740816327,2227.32072755102,2230.25248979592,1832.67289081633,1547.31892244898,1355.69729081633,1842.99438571429,1458.76587244898,1778.22973673469,1945.50367857143,1339.51020408163,1242.22747244898,1268.36802142857,1506.72092653061,1682.46628673469,1724.75399489796,1609.46556734694,2079.04449489796,1844.44233163265,1561.43827867347,1453.1033622449,1622.00532040816,1524.92765816327,1467.93480612245,1579.29680204082,1583.18923877551,1755.66198673469,1574.59753265306,1586.73048877551,1757.3367755102,1696.19178163265,1714.80886795918,2193.56014897959,1727.86311040816,1308.67447591837,1849.51984346939,2028.84752653061,1983.25257857143,1194.17246734694,1591.95133979592,1385.2656877551,1768.53834387755,1843.84532755102,1368.21821734694,1898.68306530612,1994.08422142857,1538.72422959184,1443.38079795918,1628.92044591837,1059.9852377551,813.736941836735,2098.66527244898,2122.86376632653,1301.3710122449,1850.91408367347,1698.9560877551,1629.50796530612,1508.77203673469,1158.77786632653,1315.08844795918,1368.49904285714,797.330984693878,1385.19569387755,1489.06905510204,1684.14270510204,1511.62235306122,1869.94003265306,2162.20075204082,1501.69086734694,1433.14921020408,1511.67422244898,1263.71621836735,920.109184693878,1366.31544591837,941.288603061225,1107.59921122449,1390.83775306122,1738.77913061225,1844.00068469388,1791.39562653061,1389.82511836735,1820.14546428571,1078.04639897959,1769.71970408163,1583.40883673469,1531.32729387755,1279.72460102041,1496.82333244898,1004.36796428571,1797.20180612245,874.205816326531,1948.79700408163,1489.30337102041,1660.24634693878,1520.92280204082,1117.03323367347,1368.83207755102,2157.45895714286,1581.68203571429,1662.66866326531,1769.14399897959,2481.43781938776,1759.26692959184,2531.71687755102,2185.18239795918,1849.34010336735,1290.17939591837,1473.37661428571,1791.41586479592,2048.7803377551,1973.71265204082,1833.46337040816,1530.48056836735,1207.27199387755,1827.51230918367,1689.80371020408,1614.50331836735,1683.6555622449,1250.36364897959,1590.89395612245,2122.88912857143,2234.29565918367,1480.40130918367,1851.08709897959,1982.88538061224,1965.10693673469,1930.64621122449,1182.07773367347,1618.55638367347,1555.74785918367,1702.56779295918,1375.31160714286,1415.3389622449,1487.48052,1408.80643367347,1489.50362857143,1617.64561326531,1221.61432755102,1639.95050102041,1692.85605816327,2337.10683877551,1507.13814489796,2013.08718571429,1173.84897040816,1702.19266632653,1769.94000510204,1727.9620622449,1712.68601530612,1599.7813755102,1872.65164795918,1878.89382040816,1926.60603061224,1814.69941938776,1707.36970612245,1806.85075,1522.00869081633,1576.07291020408,1162.35988673469,1796.33082959184,1231.32282857143,1980.65281836735,1547.67051632653,1175.00283367347,820.254424489796,1485.00605357143,1895.11788469388,1318.60720306122,1711.50420612245,1557.07937857143,1327.25376632653,1664.24614285714,1624.54851020408,1570.07363367347,1324.82217142857,1543.32658469388,1889.70467346939,1864.74776836735,1635.47591734694,2062.43727959184,1920.2257244898,1488.44434795918,1929.42324591837,1446.4989255102,1894.57306122449,1788.13431428571,1433.96897755102,1280.38233061224,1257.3996,1666.82586428571,1794.58084591837,1262.35508877551,1790.18300204082,1288.29107653061,1528.76152653061,1817.83697755102,1419.8495622449,735.533463265306,1636.3634122449,1199.85490408163,1711.14866938776,1727.91739693878,1215.28921530612,1919.66998163265,1277.12008673469,1350.74814489796,1843.16807857143,1944.79645816327,1987.45286326531,2127.41604285714,1123.25462887755,1117.16725306122,1473.70448163265,1543.5482622449,1811.7738122449,2022.87086122449,2378.07296428571,2139.41187142857,2027.89278469388,2067.4491,1628.43053061224,1401.85584387755,1913.13849183673,1071.52149897959,1261.67433469388,1287.41088571429,2164.87740510204,2295.9354744898,1635.15306530612,1455.49467142857,1497.27643265306,1386.87666020408,1407.19584183673,2469.71150204082,1997.01871530612,1731.56786632653,1381.1304744898,1650.92114367347,1223.59141734694,1159.55817244898,1375.55871632653,1785.71543979592,1367.8334255102,1514.59690510204,2116.95498265306,1169.64687857143,1752.57922653061,1710.78765612245,1720.26555306122,1404.57935612245,1732.63038265306,1827.86796632653,1737.68046836735,1564.29387030612,1381.73347346939,1981.43802,2150.86182346939,1594.27672244898,1854.42128673469,1499.03804795918,1533.7714877551,1845.17909591837,2043.87361326531,1642.38719795918,1565.93897244898,1672.56076122449,1908.71332244898,2068.04681020408,1575.3195877551,1708.13251530612,1204.30620408163,1623.24852653061,1852.14658979592,1453.74013163265,1690.25454081633,1699.93326530612,1117.6920255102,1360.64309591837,1615.68149081633,1282.29333367347,1011.93045714286,1462.23185612245,1923.87939183673,1048.37218469388,1569.12214387755,1581.92730510204,1174.1763744898,1793.99707653061,1317.31166122449,1735.78193877551,1488.75751020408,1117.05675408163,1513.3856277551,1621.98506306122,1940.95426734694,2141.81198938776,1503.83129693878,1163.53909081633,1824.99495897959,1405.08585102041,1260.14225102041,1810.47427142857,1678.84548163265,1500.88206938776,1704.35507653061,1758.34598265306,1520.61305,1516.68026265306,1806.46776326531,1548.71477142857,1466.35147061225,1719.16568571429,1733.95803163265,2002.89814489796,1976.26291122449,1928.90919102041,1998.79554285714,2275.21453265306,1983.68109591837,1539.69048571429,1424.52968571429,1748.78017857143,1785.10250816327,1283.00566938776,1281.92246408163,1233.36180510204,1804.61667346939,2264.39566632653,1612.82775,2225.28126938775,1826.28324897959,1887.43252653061,1730.04773571429,1393.80235918367,2044.37002030612,1277.76325612245,1658.88685204082,1445.61165306122,1560.65034591837,1575.71619795918,1898.18363367347,1198.92649183673,1735.5974755102,1742.17326938776,2007.23917,2086.86557244898,1702.18077857143,1802.75849795918,1955.59657244898,2028.25150510204,1711.10533367347,1760.37430714286,1473.64148061225,1768.92023469388,1903.13923265306,1329.76196530612,1636.28810408163,1865.43080714286,1454.54967244898,1069.36565408163,1459.31823061225,1566.60636632653,1897.42796326531,1776.94955612245,2105.47904183673,1486.33793265306,1818.28658265306,1658.63835408163,1654.20396428571,1579.24576734694,2214.29313061224,1616.71994183673,1836.04906836735,1674.54673642857,1987.41439591837,1576.18382040816,1715.5853377551,1840.84071632653,1873.19888959184,1593.94222040816,1771.88699693878,1893.53638469388,1528.98421734694,1209.85495510204,1773.81641734694,1759.56865306122,1743.09054081633,1874.01820612245,1778.7578815102,1116.58172653061,1712.98314663265,2175.60452959184,1546.73014897959,1585.27147346939,926.148523469388,1197.38657346939,1842.35583979592,1302.7134744898,1600.28967244898,1831.4564755102,1861.79780714286,1832.16255102041,1720.04425,1040.67709387755,1682.7728255102,1355.52647591837,1577.12275306122,1151.98242244898,1256.01050510204,1339.32495102041,1891.99681938776,1794.72623673469,1645.78319693878,1148.4802244898,1215.35502040816,1934.78104183674,1436.58985204082,1336.70040510204,1743.75574897959,1590.47713244898,1806.7792255102,2067.87270612245,1518.78526020408,1100.7376255102,1327.00998571429,1609.42685,2094.98907204082,1521.47428979592,1216.64461122449,1137.90989081633,1146.71173755102,1751.78856938776,1779.4422122449,1602.15456938775,1627.90454489796,1631.1588877551,1069.2077877551,1193.94264285714,1863.51510612245,1260.62267346939,984.198587755102,1948.65776938776,1214.29692040816,1565.9451755102,1562.33910102041,1607.40041122449,1714.75634897959,1232.47300510204,1073.95770306122,2065.60669285714,2129.19373877551,1382.70922081633,1194.04609081633,1547.65766020408,1577.27548265306,1412.69176806122,2249.94843877551,2145.22293571429,1153.70850918367,1219.66414387755,1533.04592142857,994.694566326531,1201.05325,1184.96496020408,1054.17833367347,1134.4076377551,1427.89183979592,1254.61619693878,1756.69065102041,1555.73721326531,1914.64198061224,1577.89875306122,1483.66990612245,1454.20979591837,1976.1174622449,2036.94432877551,1597.04089693878,1095.84873163265,1109.44030510204,1660.1323755102,1446.57604795918,1271.9723755102,1534.48457346939,1501.61379183673,1752.58288979592,1935.3404122449,1798.28611530612,2172.71924795918,1903.16516020408,1591.50258877551,2123.72106836735,1583.75767653061,1844.79720612245,1601.58066326531,1742.51966897959,1767.32736938775,1276.4206244898,1938.66055408163,1034.26696734694,1568.50196428571,1852.05282040816,1895.17741938776,1775.05166734694,1452.85783265306,1776.73657244898,2064.34239795918,1760.57887346939,2047.96465612245,1555.39675,1138.08141632653,1055.91682040816,1527.45233061224,1503.57503061224,1416.53352346939,1135.28254285714,1559.36933571429,1842.57768673469,1692.89562040816,1833.75345408163,1273.62899183673,1479.30120918367,1770.5315244898,1658.92443265306,1670.79290102041,1700.04138571429,1466.08740612245,1079.01077346939,1632.12057857143,1869.03989081633,1709.7100244898,1738.36430510204,1863.40102244898,2012.29137857143,1903.93593918367,1497.26083877551,1204.7621822449,1450.20858367347,1668.52348877551,1823.24948673469,1862.22802795918,1414.21692142857,1912.93950428571,1555.67830289796,1507.99945816327,1473.46061632653,761.241842857143,1429.56078469388,1576.48704387755,1760.90197755102,1761.41729081633,1187.42689693878,1721.98454183673,1278.8100377551,1442.59293163265,1811.29362959184,1802.37331020408,1503.68684489796,1490.3628877551,1409.73400204082,1675.17469183673,1659.25594897959,1615.4970877551,1092.97265510204,1288.95823571429,1765.43347755102,1764.2978622449,1450.29822755102,1813.65892653061,1455.99152244898,1321.80307857143,2031.0030755102,1921.00893571429,1538.07751122449,1985.87716938776,1808.59818265306,1561.19569489796,1445.60125408163,1674.30976836735,1465.10188469388,1694.32695816327,1900.31026122449,2529.89985306122,1469.40811265306,1491.61722591837,1767.71328571429,1639.11733163265,1521.48553163265,1829.61370510204,1732.38676632653,1343.79687755102,1323.23052346939,1482.77857244898,1468.458,1719.34539795918,1305.47418979592,1150.22983979592,1648.68550408163,1470.62702346939,1904.52976020408,1109.23422755102,1552.0182744898,1190.17179387755,1920.44116428571,1889.86843979592,1608.73895918367,1798.22439183673,1413.04393673469,1420.31394122449,1815.54720408163,1676.37284285714,1209.66258673469,1460.00272857143,1583.08492755102,1252.69697857143,1565.97410918367,1096.46876326531,1209.31646938776,1420.40688755102,1922.45384897959,1967.31514183673,1944.5855744898,1167.18836734694,1643.7649244898,1545.89831632653,960.367181632653,1198.66451122449,907.470829591837,815.685246938776,1247.84254285714,1434.39409897959,1613.75693571429,1789.18223163265,1087.60382040816,1277.96696734694,1654.6113755102,1747.26554591837,1616.82262653061,1856.50830816327,1332.80060102041,1663.78508265306,1030.25114285714,1535.36375408163,1423.84048571429,1681.58022142857,1660.5100744898,1063.03362653061,1753.33226836735,2014.69677346939,1787.26536326531,1843.06567040816,1642.89968163265,1132.82871734694,1906.28384081633,1467.09926877551,1526.03291020408,2145.89177346939,1920.15542938776,1998.83328571429,1896.21894693878,1433.13352520408,1556.82971428571,1471.65533673469,1797.05026122449,1299.49372346939,1612.62011326531,1920.55788571429,1905.89821163265,1554.06786030612,1331.43377346939,1668.23129387755,1500.02518367347,1886.19100408163,1462.67950612245,1645.54864285714,1366.84304285714,1727.03740918367,1600.21159795918,1762.37913877551,1330.83347857143,1440.53355918367,1526.46114387755,1444.08559285714,1841.14621673469,1518.65782142857,1570.446,1607.91705102041,1903.88852244898,1181.17154489796,952.865643877551,1182.38579285714,1509.03638469388,1724.05461836735,1815.47334897959,1767.03154693878,1341.87161020408,1387.90075918367,1226.69019693878,1777.27088877551,1764.34681673469,1384.47551122449,1371.66905102041,1135.37795408163,1500.01933265306,1662.23413306122,1336.30447857143,1813.69873979592,1687.16020836735,1203.36312418367,1437.4634255102,1498.4946,1603.21179285714,1570.05915102041,1647.77334897959,1941.69674183673,1513.75999081633,2302.08151632653,1798.86170714286,2133.87290816327,1553.77657244898,1926.48826836735,1665.50132142857,1773.34453367347,2106.4246244898,1771.68483265306,1222.72064693878,1454.91005918367,1807.94030204082,1398.40533061225,1454.90831326531,1279.4514044898,1200.49145204082,1437.0872877551,1785.13824591837,1173.85563265306,1769.48805306122,1844.84808163265,1707.35865714286,1243.26418061224,1616.3005122449,1679.96634081633,1274.86546326531,1849.61045326531,1677.213435,1482.2430877551,2162.11865816327,1342.62824591837,2095.66496632653,1290.1334755102,1186.90255408163,1532.89416459184,1452.04146122449,1514.38105306122,1480.87079795918,1655.68046795918,1499.52733469388,1275.14930714286,1572.92444489796,1578.1470755102,1746.87153673469,1238.35434183673,1780.95985408163,1696.92122714286,1813.15736938776,1631.74786734694,1363.87050918367,1910.87448979592,1551.08666734694,2024.60756428571,1952.5506122449,1965.01013061224,1636.82726326531,1780.42668367347,1780.05661122449,1359.35249795918,1492.41584897959,2111.06984489796,1643.36177653061,1428.70304285714,1357.73540714286,1456.63206326531,1510.42331326531,1544.13971122449,1688.57843714286,1683.84965102041,1859.60961122449,1431.6676255102,1576.39879387755,1802.04170204082,1770.00024489796,901.627032653061,2120.16516836735,1548.29729285714,1109.56899285714,1719.79968265306,1825.3860755102,2071.90018367347,2417.47988387755,1474.98606612245,1734.17874897959,1557.23094438776,1592.0375255102,1464.49256704082,1781.02595510204,1524.40759591837,1603.42832653061,1692.10680306122,1371.27148367347,1797.89394897959,1513.71046795918,1551.02892755102,1752.96519857143,1634.68051020408,1126.71135,1469.71606428571,1003.12005142857,1158.63779428571,1221.15700122449,1547.83261530612,2187.50425918367,1664.97606,1597.99106326531,1218.74738979592,1322.36073877551,1833.09964489796,1210.54520408163,1315.38617040816,1778.18914489796,1708.48396530612,1701.10533877551,2251.79037755102,1446.813,1514.79785816327,1227.31052040816,1679.52975306122,1554.25841020408,1850.5959877551,1807.16918469388,1979.96013367347,1697.11423673469,1533.45173877551,1311.34737040816,1577.45936632653,1189.05269693878,1226.10346632653,1496.65767857143,1432.19150102041,1695.48217653061,1407.48098857143,1418.61270816327,1831.81168469388,1496.05773673469,1803.99400918367,1838.38718163265,1550.35830306122,1027.25490306122,1586.00456122449,1405.32413571429,1514.30007755102,1543.09876326531,1585.57525510204,1636.32971938776,1967.43501377551,1775.94760765306,1586.86113163265,1468.69856734694,1377.20335714286,1711.12325102041,1754.28683877551,2153.67121632653,1610.09423571429,1196.46849591837,1518.53138571429,1685.63487142857,1598.05813571429,1622.57725510204,1441.60323877551,1232.40323673469,1650.28822857143,1725.90319489796,1861.77897755102,2258.54343061224,1792.17981321429,2354.16090510204,1445.83111836735,1768.82864795918,1595.22409081633,1619.97148061225,1798.69931938775,1992.53680918367,1867.38448265306,1741.99824081633,1311.18440816327,766.09050505102,1467.76379285714,2030.39958469388,1472.78763673469,1947.93571428571,1634.4549955102,1825.52681489796,1410.28509897959,2082.10562857143,1511.4563255102,1343.88330510204,1465.58843979592,1656.65303265306,1943.39455408163,1996.01234693878,1269.81745612245,1799.54695816327,1678.94422244898,1221.73319489796,937.709263265306,997.123830408163,1107.28714183673,1085.09854693878,1314.31775714286,1534.54051836735,1673.46419397959,1715.82382897959,2018.58908265306,1540.62876428571,1336.55953571429,1384.33748673469,1713.66746632653,1499.63426,1761.90970714286,1323.41033367347,1463.77210714286,1886.11651836735,1441.0192,1820.20379591837,1909.82290510204,1834.41689285714,1617.74785918367,1726.66692510204,1979.4310377551,1597.36781836735,2061.07133877551,2196.33316122449,1728.75196938776,2000.1652,2062.09787040816,1617.88241428571,1545.22659510204,1427.54219795918,1511.5586,1485.27135612245,1504.77634081633,1817.73307244898,1633.6005,1746.15693673469,2095.29034591837,2162.23924183673,1015.13926367347,804.820913673469,1137.03432755102,1716.70332959184,1393.78894591837,1534.41041938776,1902.00718367347,1499.2440244898,1572.35553877551,1823.06445816327,2137.30346326531,1904.06873673469,1597.09564040816,1124.48741122449,1677.40438571429,1565.99910204082,1878.87586612245,1834.61337040816,1602.55718571429,1338.58350612245,1677.80803163265,1730.72792244898,1707.09378571429,2171.89085408163,1950.74710918367,1506.25824081633,1879.93246326531,1825.38377040816,1484.42438673469,1478.53146632653,1138.57585306122,1278.43966632653,1547.97043265306,1538.61936938776,1609.83650306122,2062.91019428571,1661.5010144898,1393.37775918367,1948.97902816327,1345.95593571429,1745.66042040816,1451.45946122449,1985.73102346939,1542.75514591837,1715.27619081633,1739.37046122449,1603.40593367347,1745.70169408163,1784.50384387755,1585.15524081633,1344.91948061224,2083.53093673469,1612.01747653061,1646.08808061224,1570.34333571429,1767.27981530612,1694.67068979592,1867.92292346939,1758.04115102041,1683.74320204082,1911.9936755102,1853.76038061224,1980.60126734694,1863.23846428571,1756.30984795918,1689.7925155102,1352.63423367347,1404.12268163265,1789.95534591837,1985.57978061225,1310.1450544898,1621.24966530612,1851.33258438776,1961.53371938776,1734.86667265306,1706.37800612245,1968.07585714286,1808.94416836735,1707.03649285714,1917.57944489796,2061.09460918367,1634.91464489796,1477.88277959184,1859.12722959184,2494.44973877551,1860.53816122449,1477.30730918367,1408.19809489796,1477.44064693878,844.331297959184,1036.84106836735,1085.75907346939,1152.31474081633,2199.04291836735,1068.33913163265,1516.50805204082,1524.64866122449,1167.64773163265,2040.09575306122,1978.10240816327,1932.39721734694,1790.77352653061,1591.56914285714,1634.09973877551,1684.91486122449,920.661201020408,1195.61239489796,1078.46801836735,1916.60508265306,1721.36318469388,1481.1440755102,1754.28840102041,1474.58304489796,1677.15596428571,1701.02543877551,1303.92932244898,1607.03894285714,1663.87778571429,2037.38660510204,1825.21122959184,1342.92268469388,1253.38110612245,1986.73944591837,1366.06591020408,1502.03621122449,1668.53659489796,1955.7488622449,1532.05686530612,1146.01736010204,1395.12249081633,1345.4078255102,1571.38734387755,1262.72749846939,1831.28345816327,1580.69445714286,1285.93850306122,1703.93449897959,1924.09278571429,1828.44494183673,1777.5504122449,1665.36260714286,1577.84090204082,1494.93209081633,1585.0917377551,1522.1006122449,1376.71245510204,1527.74763979592,1215.21906959184,1433.10422244898,1547.7461755102,1439.53777857143,1566.59833367347,1204.18852040816,1651.49108571429,1672.20792040816,1182.58075306122,1733.87809091837,1761.31696122449,1641.48314081633,2018.88380918367,2101.08325102041,1719.94752142857,1394.05214959184,1491.49215959184,1865.39100714286,1525.60052102041,1893.69134387755,1068.07420918367,1177.56556734694,1503.51615612245,1557.09648469388,2316.40027653061,1826.42992,1841.14448265306,1678.88266428571,1853.48898163265,2310.02526428571,1773.46655702041,1204.73611734694,2114.09540204082,2522.02744489796,1405.19269285714,1388.19388061225,1621.43691367347,1579.18586020408,1772.39483265306,1612.21878265306,1632.07184693878,1490.86021836735,2057.32725612245,1836.09853163265,1913.00583367347,1596.56795918367,1563.26336857143,1832.27108265306,1781.29248469388,1760.37785897959,1646.68182040816,2167.83640510204,1586.03561836735,2036.88500918367,1763.73566938776,1435.62170306122,1662.36101969388,1289.36358979592,1170.80994387755,1989.99238469388,818.130314285714,906.599298979592,1333.93017959184,1366.28442244898,1638.23203367347,1681.0532377551,1616.22464897959,1135.43156836735,1391.52291734694,2278.27059795918,2039.36023265306,1067.73413367347,1116.89713877551,1434.64033673469,1192.6263755102,1413.82471326531,1783.3222622449,1225.83165714286,1906.06188877551,1586.46595,1403.35893571429,1823.39096153061,1884.66671816327,1694.85155816327,2100.61711326531,1570.08884377551,1729.44811122449,1332.19030479592,1296.15848979592,971.750173469388,1408.73990714286,1343.63207142857,1398.16026836735,1211.05865510204,1183.2455755102,1485.23959795918,1524.41711020408,1483.01174326531,1587.70051734694,1736.15489285714,1787.54048979592,1489.30952244898,1213.92300816327,1001.83934897959,1398.59338836735,1229.63836591837,1453.89628255102,1478.45053765306,1046.61335979592,1556.56288459184,1253.45052867347,1418.17797040816,1582.83637571429,1216.20996938776,1924.59284183673,2211.80458571429,1534.30692755102,1205.21947857143,1735.39489081633,1413.33976938776,2154.54127346939,1772.66705612245,1285.03785,2201.00919387755,1767.44859591837,1980.35987959184,1765.59061734694,1245.47758265306,1156.45042346939,1502.7310877551,1536.89418571429,1960.31519897959,2083.48084897959,899.682086734694,1989.52458061224,1172.87798571429,1859.18181734694,1825.74688163265,1027.45111632653,967.409719387755,1771.05084795918,1132.60297142857,1306.43011122449,1604.14908622449,2077.42445714286,1244.34318571429,2154.15765204082,1644.50248265306,1546.30787040816,1685.22955714286,1865.5464527551,1989.14856428571,1638.99141020408,1636.59428265306,1687.15505102041,1781.09370714286,1816.12237377551,1922.79738367347,1991.80037244898,1782.03529081633,1990.05993061224,1783.99150102041,1578.19898061224,1879.71384183673,1583.39557040816,1610.35588979592,1754.61875918367,1734.14344285714,1639.17669897959,2033.45860408163,1797.35963979592,1461.15930714286,1961.93561428571,1125.17091428571,1864.49080510204,1276.54561122449,1574.8996622449,1418.73653132653,1780.99593265306,1267.69173979592,1387.53102653061,750.564579591837,1855.84047040816,1372.29256734694,1733.93946530612,1353.24279714286,1933.71766530612,1854.14212244898,1328.92267653061,1099.27106326531,1573.24407346939,1454.1176622449,1444.84346938776,1314.55470918367,1176.12422244898,1636.25591530612,1703.00469591837,1826.20351836735,1537.03418673469,2034.96973979592,1895.74544183673,1828.2212244898,1593.03326428571,1467.2397877551,1179.41096020408,1599.63292040816,1628.09489591837,1763.72378469388,1429.65988877551,2055.64054693878,1427.35432959184,1867.2799744898,1427.80504693878,1996.51311326531,1767.80255510204,2331.46399183673,1825.96782653061,1301.1085,1330.74167183673,1570.46715102041,957.887207142857,1376.20377142857,1336.40380612245,1533.76482959184,1772.01503571429,1742.03257755102,1602.09916020408,1755.97055710204,1990.27679081633,1411.65905918367,1556.74948469388,1680.67016367347,1622.02688265306,1603.81548877551,1091.08602112245,1866.69930204082,1632.90932959184,1700.70892142857,1264.04259285714,1794.63675102041,1818.19981836735,1635.99858357143,1141.17434795918,1814.19072040816,1783.19753367347,1706.47511530612,999.149585714286,2176.69317,1843.61187755102,1775.98806908163,1766.14329357143,2018.31177653061,1884.9543622449,2007.17716938775,1657.06854591837,1173.47981122449,874.519526530612,1098.50731020408,2161.88467040816,921.952576530612,1856.84832122449,1632.16171938776,1488.92071836735,1364.32967040816,1939.89992346939,2097.82790612245,1592.16575612245,1660.31810918367,2148.89385510204,1651.65536938776,1812.43109795918,1962.50703163265,1543.94488469388,1424.56970040816,1708.64592244898,1688.83625408163,1609.75782244898,1657.93580612245,1517.91722755102,1565.27126326531,1945.94004693878,1636.68416632653,1519.41065989796,1657.04964387755,1734.38901428571,1514.05731122449,1809.70305,1971.43388061225,1651.03769489796,1784.88418469388,1767.71637755102,1601.61077040816,1152.66640612245,1694.78985918367,1554.85194591837,2106.27083571429,1521.60113673469,1853.1365755102,1937.02951734694,1366.83111530612,1929.46930408163,1906.79156938776,1574.23559897959,1404.89146734694,1218.48797959184,1425.69026020408,1371.02085,1513.85760204082,1760.46838571429,1306.4783755102,1730.3306377551,1567.78614795918,1853.92364081633,1215.82470408163,1328.27338877551,1006.62554897959,571.828390816327,1401.97723571429,1602.28019489796,1711.17497040816,1298.95749897959,2110.44985612245,1453.94245714286,1816.96934591837,1939.72746632653,2058.19309081633,1562.49575979592,1378.85349795918,894.245371428572,1280.15471428571,1259.54344734694,1621.90050306122,1037.13499591837,996.673475510204,1272.05328163265,1849.07735510204,2257.2351755102,1700.27703367347,2040.09935714286,1998.0210122449,1741.75350918367,1553.88020102041,1304.50740306122,1376.49386428571,1566.66215510204,954.827737755102,1189.59556530612,1594.11910469388,1559.9215744898,1582.78189183673,1937.01325408163,2039.35736428571,1824.04551836735,1799.28601428571,1761.3780877551,2199.3872377551,1392.18510714286,1441.87870612245,1820.14076020408,1309.0543877551,1579.20060204082,1572.49993163265,1731.09061938776,1738.3966744898,1556.43486836735,1406.09322755102,1480.14666326531,2112.06791632653,1654.72940714286,1638.65433469388,1684.67902346939,2065.13935714286,1761.49103265306,1878.12362857143,1437.33700510204,1563.88344183673,1508.24160153061,1443.63896122449,1320.31152040816,1390.89805612245,1334.57018571429,1759.03655612245,1052.14408469388,1277.30530102041,1522.86484795918,1795.44675102041,1536.40151632653,1760.69915918367,1790.77486530612,1364.7432122449,1939.65822244898,1356.1784122449,1591.32538571429,1718.47155408163,1365.50734285714,908.989845918367,1585.05777857143,1657.94672755102,1417.83807346939,1460.94700408163,1742.73912857143,1496.99000714286,1843.30958979592,1757.93903877551,1662.97197755102,925.023117346939,1291.32745306122,1537.36132142857,1384.00431122449,1910.41262857143,1573.16283673469,1807.79787346939,1636.8911877551,1703.35377142857,1302.04942142857,1314.46047244898,1343.37859285714,1280.42920408163,2026.05514183673,932.429386938775,1906.28194081633,2026.50884285714,2099.68689795918,1764.14943367347,1503.26455204082,1817.61048163265,1933.38429591837,2226.43905408163,1872.00321836735,1712.50678061225,1217.70427040816,1474.04806122449,1492.38538469388,1536.01735,1199.85419183673,1733.27401530612,1399.39376734694,1764.96610918367,2175.66045102041,2137.86342142857,1893.40661836735,1829.86073979592,1184.48357653061,1662.11329693878,2173.80772959184,2185.58527959184,1774.7039772449,1262.52599387755,1596.33070816327,1700.83396836735,1748.65487040816,1564.80119183673,1573.85700612245,1744.38980612245,1981.45902346939,1728.56691122449,1573.40920102041,1229.42086428571,1634.30000142857,2023.89579081633,2181.20889795918,1667.13877040816,1375.66570612245,1608.40164081633,802.992164285714,1314.70421734694,1454.8589755102,1642.95590408163,1672.78279591837,1444.58600816327,1201.3145177551,1171.5230255102,1090.61461020408,1729.87851632653,1497.21173877551,1862.04259183673,1778.99184795918,1397.31218265306,1523.5988622449,1249.15193877551,1420.38493979592,1145.98373265306,1454.64326836735,1908.03626326531,2116.48394489796,1849.99290306122,1888.48634795918,1649.77846734694,1182.40887346939,1322.88666734694,1726.70284081633,1448.17505816327,1972.3452244898,1719.01519387755,1532.05596020408,1836.5074972449,1696.36319489796,1798.08281530612,1729.08852153061,1634.09023061224,1303.93411734694,961.609824489796,1225.72333469388,1891.8372122449,1535.28757040816,1298.55283061225,2075.39927653061,1862.26410714286,1375.44121734694,1651.88963265306,1495.29748877551,1610.26401734694,1162.55575612245,1748.1424244898,1948.18456632653,1654.89394214286,2236.69633061224,1623.32643571429,1860.98185306122,1979.2469122449,1783.88687142857,1718.71667040816,1063.69029897959,1495.44383632653,1974.6862255102,2043.52966632653,2216.44091938776,1780.67154489796,1629.24887142857,1577.20799591837,1585.12805714286,1673.02205,1186.75163673469,1609.76250306122,1741.95141020408,1571.35508663265,1211.2810244898,1583.53967857143,1982.00327040816,1404.08026734694,1417.52806428571,1067.69483979592,1388.36257959184,1193.97296734694,2193.21401469388,1769.49081734694,1346.50839693878,1671.82208061224,1535.35346122449,1693.92785,2025.02992244898,1440.9662655102,1700.35058306122,2190.48175408163,2285.92621653061,2100.63951020408,1792.24291530612,1534.20501836735,1548.63605734694,1721.01378061225,1558.7078,1918.49086020408,2012.62163367347,1755.7158755102,2269.63488469388,1763.79133877551,1963.74117857143,1955.29304795918,1692.15863979592,1660.9752122449,2227.11311734694,1431.41137959184,1317.43857755102,1754.88386836735,1898.12614489796,1800.3503622449,1646.14020816327,1965.72321142857,1451.83802857143,1767.78616816327,2099.81004285714,2216.80297653061,1600.32974489796,1233.56727346939,1461.72542857143,1094.78743265306,1266.94546632653,1595.99929489796,1874.0346,1750.10191632653,1328.70635,836.107515306123,1556.94641326531,1600.05685918367,1460.01188469388,758.013448979592,1588.04764183673,1238.96667785714,1470.65226836735,1455.19943265306,1651.49286510204,1004.84815510204,896.10951122449,1243.48730816327,860.753595918367,2209.41625306122,1727.77600204082,1466.97471530612,1368.85660204082,1525.51016938776,1320.78534081633,1693.60461836735,1795.81852142857,1399.1840255102,1722.96046530612,1808.46682959184,1676.39290408163,1560.31906530612,1651.91146020408,1777.12514081633,1520.45122653061,1575.23259183673,1764.75190306122,1457.93121326531,1635.77348979592,2012.04150918367,1934.04201734694,1959.17910918367,1512.15656714286,1784.22864285714,1048.76612142857,1814.15367857143,1583.33369897959,1151.71444183673,1118.59567653061,1355.06282244898,2035.21490612245,1829.39238163265,1803.93033367347,1752.78226122449,1602.45231938776,1442.61075306122,1813.44966020408,1246.83703306122,1999.66408061224,1536.62187040816,1676.2017877551,1191.15255918367,1721.70933367347,1648.07131326531,1335.94618877551,1739.81722755102,1872.01649285714,1209.59793367347,1529.08180408163,1405.04725816327,1582.54995918367,1633.32825714286,1478.32540918367,2082.82865204082,1737.79953979592,1711.86619183673,1524.38001020408,1707.19702346939,2035.9347,1168.86136122449,1825.77965408163,1200.98059387755,866.182603061224,1330.54978061224,1610.35850102041,1301.58755714286,1626.27067142857,1558.27472857143,1863.37368316327,1454.36732673469,1741.7965877551,1052.35758265306,1095.47541938776,1237.84715306122,1455.00502346939,1454.80558979592,1588.10062040816,1977.43121530612,1618.26182244898,1350.60388571429,1268.32269244898,1857.00189489796,1577.9467622449,1238.78511938776,1798.88040816327,1651.39034795918,1591.99161734694,1450.76859693878,775.750360204082,1140.99105561224,1617.29258061225,1300.16993673469,1506.4879622449,1411.42908163265,1138.13825816327,1573.29059285714,1438.11157857143,1416.78575102041,1834.40914081633,1798.10051326531,2021.7169877551,1653.3965877551,1516.2034244898,2248.16339489796,1859.8833244898,1909.94414816327,1733.2467744898,1414.61043367347,1267.45253367347,668.475967346939,1543.69231836735,919.179291836735,1236.54733469388,1255.78992755102,1710.07351122449,1817.38782244898,1436.16853673469,1167.6886755102,1245.13180918367,1481.52623979592,2160.42490816327,1828.85447244898,1337.02064591837,1594.56601938775,1823.98595102041,1910.47947755102,1645.17651826531,1786.96078795918,1616.87376632653,1636.5063744898,1682.13628673469,1745.24600306122,1820.99417346939,1721.17454795918,2214.08386734694,2037.24906836735,1179.58151632653,1270.37515510204,1349.03487040816,1150.8900744898,1187.61247040816,2042.48551632653,1776.95579489796,1513.97476081633,2339.65941428571,1766.26354285714,1481.0450122449,1819.27902040816,1184.82043163265,1506.22054897959,1166.93609693878,1366.07339897959,1899.47071734694,1794.49542142857,1227.95902857143,1734.75084591837,1730.54164693878,2187.67443714286,1868.25709081633,2125.10618673469,2030.61403132653,1168.39201938776,1426.22929795918,1987.31365102041,1825.60778683673,1479.11747520408,1733.93947755102,2023.60224387755,1971.86317857143,1984.79788163265,1314.36327142857,1343.04615714286,1521.92684285714,1356.08274142857,1266.19560714286,1347.40717857143,1667.73434693878,1749.76492959184,1619.86237040816,2105.30801020408,1359.64835,1801.21659897959,1880.67513673469,1037.11879795918,1375.28848469388,1782.52008061224,1826.90898469388,1307.16835714286,1430.85149489796,1563.34132346939,1241.77934489796,1198.93255306122,1245.25021020408,1399.16064693878,1504.7996377551,1381.14162959184,1022.62910204082,1962.46469285714,1475.41943979592,1442.70854285714,1885.42265102041,1485.76514285714,1738.51614285714,1431.17574489796,1765.01809285714,1495.40405306122,2111.31287755102,1709.84291122449,1551.27115204082,1440.20294795918,1568.65742734694,2040.77986122449,2009.71263265306,1351.11255408163,1862.58168061225,1625.37329489796,1023.5195244898,1376.15603469388,1281.31600102041,1187.6730744898,2215.20090102041,1303.41106581633,1434.03158061224,1808.57424387755,1559.11548265306,1497.11758877551,1641.37334081633,1411.74785714286,1457.43799387755,1856.70881020408,1742.68181632653,1606.63371020408,1798.25301632653,1362.87382653061,1656.35660408163,1193.95767244898,1452.83190612245,1389.74307857143,1151.86565693878,1379.02267857143,1561.84993163265,1542.34850306122,1708.51219897959,2262.38669183673,1862.93091326531,1522.35959183673,1818.2962377551,1896.92131877551,2175.24755816327,1675.99856734694,1934.60561020408,1355.06126020408,1063.52322857143,1827.45313877551,1641.3912644898,1553.28256020408,1402.53352244898,1885.87049897959,1628.34143265306,1872.52580816327,1921.38517653061,2306.68054897959,1752.75844285714,1548.48829897959,2240.25714795918,1680.49864632653,1645.22531020408,2092.31522244898,1829.44061428571,1648.95962469388,1878.07428571429,973.656175510204,1397.82581122449,1720.17094489796,1700.65297857143,1579.36775755102,2066.79043163265,2021.86665612245,1954.88043581633,1479.83247826531,1809.17427244898,1244.87103163265,1369.09984081633,1645.3737622449,1890.7889,1698.78387959184,1547.91822959184,2094.89557142857,1742.99237653061,2239.74428265306,1957.89263163265,1443.97462755102,1525.63489081633,1631.22417346939,1805.20011326531,1263.90537142857,1738.18963469388,1859.90987112245,1535.69169081633,1458.56643061224,1555.20860102041,1770.32762040816,1478.36259387755,1704.50506632653,2252.93906530612,1978.46143265306,1671.12279571429,2223.10163897959,1974.10379081633,1899.5478622449,1568.60181836735,1797.71823571429,1298.87029255102,2327.31057244898,1542.73566530612,1808.71800816327,1674.66785714286,1536.45786836735,1602.59087755102,2446.42238877551,1535.90325408163,1514.98162346939,1818.12184081633,1668.69799795918,1532.17692653061,1713.11570612245,2164.07366561224,1707.14361428571,1552.03062755102,1047.76097959184,2158.96441734694,1537.06842142857,1011.17090102041,1571.60381632653,1427.58209795918,1847.90133561225,1771.37761020408,1274.62124897959,1320.0988622449,1455.06875408163,1297.01355612245,1770.20032857143,1330.03915816327,1602.41666020408,2127.68570102041,2143.11148877551,1543.42268469388,1626.39620102041,812.532273469388,1189.87749081633,1414.33821836735,2081.97763979592,1116.18370204082,1410.31640408163,1290.57695510204,1228.69186734694,1792.50180510204,2020.86910510204,1137.2553377551,918.26517755102,1128.02819285714,1265.38664081633,1263.71582244898,1814.55118877551,1762.55539693878,1394.99186836735,1721.62814489796,1544.07104795918,1762.62217346939,1652.99638673469,1118.57470714286,1494.17518061224,869.888589795919,2117.5683755102,1900.95055510204,1983.31556122449,1648.02555102041,2393.70011734694,2028.59518673469,1538.995,1632.61528163265,1269.84187959184,1986.31134489796,1031.32736836735,1295.91681530612,1919.26155612245,2079.94411938776,1981.99825816327,1793.74545102041,2187.21652653061,1081.30953673469,1388.89578846939,1276.56084489796,1362.01893265306,890.157701020408,1398.89036326531,1891.0592755102,1692.73509285714,1903.45814897959,1800.88346428571,1665.17052132653,1793.81074795918,1569.80678673469,1660.54414591837,1842.15561459184,1597.67124591837,1891.96024285714,1440.08621326531,1570.94259145918,1267.35489737755,1816.00895,1488.67062040816,1465.52320653061,1593.22048163265,1957.93915816327,1593.79539489796,1769.81074897959,1801.09835102041,1345.74165918367,2070.20578571429,1614.54148265306,1705.62076020408,1148.58362653061,1335.07787653061,1395.76759693878,1889.40728265306,1976.52761326531,1842.77745612245,1848.07378061225,1528.82484591837,1435.39981020408,1643.28181734694,1485.94845918367,1592.96679163265,1626.06560714286,2230.89465102041,1900.5553744898,1479.49136081633,1697.9283744898,1427.7809244898,1332.34799489796,1601.27201428571,1873.01957857143,1620.8610755102,1148.37301836735,1137.58570714286,1668.45730510204,1574.11205918367,1237.10171530612,1986.96194285714,1541.45155204082,1377.25044387755,1239.37000204082,1254.03251530612,2068.05100612245,2067.04432346939,2071.79578163265,2043.17104285714,1735.75184795918,1347.17955887755,2267.35605510204,1428.86575306122,1678.48458367347,1856.8234244898,2174.2351527551,1867.26666530612,1916.42401428571,1426.14563877551,1800.82067469388,1501.95888346939,1424.24861020408,1937.3566377551,1713.35572244898,1616.17246020408,1604.84738877551,1807.90759591837,1039.95506428571,1416.57060918367,988.743021428572,1447.99043489796,1551.74645,1325.99887959184,1288.90223163265,1980.94423979592,1363.9541,1665.62410102041,1419.15597040816,1929.44995204082,2025.34540408163,1640.61447540816,1048.1723022449,1539.89436938776,1630.70778367347,2055.87800102041,2200.19847346939,1684.49976632653,2088.56201938775,1542.53619081633,1902.61650510204,1827.81605408163,1932.03120102041,1339.79138061225,1693.93936530612,1897.98077346939,1802.73103571429,1478.7727377551,1682.65445918367,1351.13200612245,1150.11366632653,1481.87727959184,1755.8519755102,1301.44175816327,1551.02324387755,1711.19396673469,1936.55542959184,1982.83133367347,1860.09766326531,1594.69581020408,1950.17675306122,1852.77111020408,1792.54888367347,1451.15741377551,1329.02645408163,1312.58596938776,1172.39674469388,1536.15103367347,1132.71399897959,1403.12892816327,1245.68765714286,1604.9184744898,1487.32402142857,1421.33692040816,1370.08563877551,1129.27030612245,1776.3893122449,1330.41187040816,1396.60242040816,1457.31684795918,1288.8465877551,1781.88880408163,1729.60052346939,1869.24345,1202.04565530612,1418.99671285714,1916.21358877551,1508.32390714286,1773.46463367347,1512.49415714286,1443.7883944898,1007.39256244898,1330.11670918367,1722.14121122449,1849.82101632653,1910.4314244898,1629.08756428571,1982.85720510204,1837.63112857143,1567.99140408163,1237.42296530612,1610.73361836735,1655.77790816327,1777.11773877551,1470.50480142857,1219.36966836735,1291.31646632653,1817.14307755102,2025.17205816327,1742.32421326531,1855.44691020408,1441.65985816327,1829.91927755102,1976.84765561225,1126.41964387755,1418.04358255102,1632.37306489796,1602.88285612245,1186.32729081633,1532.76379081633,1263.13884081633,1441.36191734694,1392.10163469388,2065.59663979592,1552.95143367347,1637.4297744898,2091.96610510204,1322.31220102041,1263.08918061224,1393.55787755102,1330.05446734694,1306.82381020408,1571.69647122449,1557.63871734694,1854.43185306122,2130.53099387755,1501.86040306122,1938.72406020408,1657.08217755102,1671.73715918367,1850.1304622449,2067.70910510204,1536.99012346939,1473.80180428571,1732.43548367347,1723.31631938776,2276.33316734694,1438.81486734694,2092.58275714286,1537.20849183673,1918.64689183673,2017.66757142857,1486.78738979592,1338.43820918367,1883.0240377551,1797.36508571429,1410.26440714286,1845.42088469388,1530.71910306122,1832.67647653061,864.52423755102,1989.67056938776,2065.91864081633,1641.15731530612,1801.01439591837,1556.95814285714,1117.69245714286,1412.19104795918,1472.50947959184,1582.05242040816,1751.14893265306,1742.46611938776,1247.84559183673,1151.04524653061,1795.38926122449,1523.61102653061,1967.49206734694,1383.31251530612,1705.3015122449,2127.96504183673,2022.75041530612,1581.69963877551,1856.03400102041,1820.09847653061,1300.15228367347,1843.98819183673,1596.65366234694,1762.51515918367,1605.84121326531,1659.78927346939,1670.7376877551,1582.17579795918,1706.33408265306,1899.42008265306,1816.1453877551,1334.27954897959,1313.07085816327,1503.38782857143,1370.07871836735,1290.77994122449,1057.13865,1547.11170816327,1691.37545755102,1477.45423163265,1628.39425714286,1576.08349489796,2147.58088367347,1829.14879183673,1265.60181326531,1803.65199591837,1626.19364795918,1480.28575510204,1293.53000510204,1897.40801428571,2484.1498744898,1452.80248367347,1854.49695204082,1749.42297653061,1848.04010959184,1062.57362040816,2223.96803673469,1589.07019183673,1036.31334693878,1867.27162244898,1835.8338244898,2097.49433244898,1851.07683265306,1638.3778244898,2073.53799436735,1700.52642653061,1771.78133469388,1654.26443469388,1943.28110918367,1743.79831836735,1028.52318061224,1294.7706255102,1712.21732040816,1633.41147040816,1736.34106938776,1605.73402244898,1438.44795204082,1852.30894285714,1971.61289653061,1629.1292755102,2277.12615612245,1996.19395204082,1817.73153877551,2211.63317040816,993.229697959184,1845.70636530612,1441.11160918367,1685.8543805102,1431.08060714286,1815.79567959184,1586.27606122449,1770.73386530612,1322.50436530612,1817.85498908163,1959.37538571429,1309.75344795918,1716.8513122449,1412.13430714286,1449.09440408163,2452.32111020408,1620.71566428571,1227.51367857143,1805.20949591837,1657.81465204082,1662.16876326531,1455.29086530612,1772.14908061224,1682.82658163265,1379.93345816327,1400.11386632653,2229.03958877551,1560.08448061224,1941.13750306122,1278.72811836735,1066.19388061225,1213.93077346939,771.770705102041,1550.04309693878,1690.03735408163,1531.63655612245,1690.0152877551,1598.77815102041,1545.99347346939,1830.10807040816,1769.38931938775,1793.83844285714,1592.03344285714,1320.78976020408,863.450001020408,835.359321428572,1106.62109020408,1831.24559591837,2019.30655816327,2086.76651836735,1930.9636122449,1281.46506938775,1266.39036122449,1065.72545408163,1365.06360102041,1917.07241632653,1723.73110918367,1956.12420306122,1130.01383316327,1594.48696836735,1992.69883877551,1628.72599897959,1672.39815204082,1519.0197255102,1898.4478855102,1731.56227857143,1492.05349795918,1122.91106734694,1456.51479795918,2121.37943367347,1671.45943265306,1470.34452653061,1245.14362959184,1414.94613877551,1541.5428377551,1124.13240102041,1551.86766122449,1623.9479755102,1737.85233469388,1224.13210204082,1903.28221530612,1268.19783265306,1520.6396877551,1141.08527142857,1293.26563673469,1848.89074795918,1421.09715918367,1059.26028673469,1696.48164489796,1695.57649387755,1392.76784061224,1502.83905102041,1686.19123367347,1960.36943469388,1639.31839020408,1749.70825306122,1427.52239612245,1079.54665,1099.32614285714,1401.09888571429,1590.22844285714,1158.71764877551,1079.35093673469,1333.83257959184,1303.13302857143,1388.85253469388,1377.36162857143,1362.27334693878,1462.31381020408,1863.60546938776,1644.30710306122,1548.94123102041,1302.07913265306,1574.45661938776,1739.72016020408,1592.57994897959,1511.44068469388,2092.04339693878,2406.58712040816,1836.46178571429,1643.46479693878,1570.79355102041,1642.32377857143,1505.37837530612,1558.79449795918,1666.89773673469,1477.41803367347,2044.04424897959,1504.40240408163,1620.43516734694,1198.28514795918,1202.67143469388,1911.64053571429,1609.50022989796,1169.33772142857,1579.88097244898,1609.48271734694,1788.50806734694,1783.66745102041,1687.52105510204,1820.73620510204,1955.54519897959,1431.86770816327,1774.9443244898,1573.64493061224,926.33508877551,1453.05075612245,1892.53746530612,1841.3563244898,1825.79046734694,1975.29171938776,1653.07945102041,1708.50863877551,1801.16969693878,1136.54002142857,1803.12939591837,1288.30399387755,1562.16852959184,1106.43664897959,637.774659183674,1085.41588367347,1127.17165918367,1116.05735765306,1702.95799591837,1404.72090204082,1765.24733061224,1479.51439489796,1992.91833469388,1484.56555816327,1582.52901326531,1029.9371844898,1075.94734530612,1903.87686836735,1416.28132112245,1301.94274693878,2076.35729183673,1710.74994591837,1800.92081530612,1779.97139693878,1356.92105612245,1581.55916020408,1813.86595408163,1792.3236122449,1374.0542377551,1860.73081836735,1066.36446326531,1048.53922142857,1237.22059489796,1316.64917142857,1621.27654755102,1423.0870955102,1337.67640204082,1248.36919387755,1213.28929081633,1277.11344693878,1766.76149795918,1622.86861122449,1778.56680612245,2036.88056908163,1458.38952244898,1884.16849081633,1450.07461938776,1463.95438571429,1603.16865510204,1612.00650408163,1745.83462959184,1417.04647346939,1376.52075,1658.39720612245,1502.40335408163,1533.49170193878,1309.04423061224,999.795341836735,1543.60529081633,1889.45997346939,1601.49739285714,1679.22290336735,1835.08505030612,1717.87709489796,2038.01799081633,1701.35557591837,1439.45224489796,1242.56513061224,1636.31415,1330.92961836735,1736.4414755102,1436.4546255102,1900.05359591837,1689.86695510204,1992.40675091837,1453.85761897959,1457.83365306122,1696.29285714286,2060.41531530612,1412.89188163265,1358.11182755102,1873.22565510204,1932.46129285714,1400.97971020408,1306.84035816327,1365.8991377551,2062.21763163265,1885.17737959184,1519.05500714286,1601.15112040816,1343.35274591837,894.432753061225,1253.2538377551,1359.38812142857,1697.77431020408,1774.85598979592,1769.76947244898,1198.40314081633,1427.00059795918,1267.4226172449,1954.00821020408,1472.50142040816,1399.59717897959,2105.68159489796,2069.93375673469,1491.49467959184,1913.1392622449,1236.47957377551,1733.13406836735,1890.64635612245,1776.13615,1678.00806020408,1390.61624897959,1641.54693897959,1505.10163367347,1823.32757653061,1064.40708071429,1516.88121938775,1992.71482959184,1733.40437653061,2027.01738061224,1883.53674612245,2101.26064612245,1775.54207346939,1880.85292244898,1500.6994755102,1289.83384693878,1516.91554081633,1556.23587142857,1606.60619489796,1835.93107142857,1007.74596836735,1077.41551122449,1515.40555204082,1302.48643377551,1417.58741734694,1370.02038367347,972.886805102041,732.524156122449,1715.79062061224,1699.20916744898,1607.01425142857,1379.8153255102,1181.36502244898,1223.68872959184,1263.5225122449,1860.31072346939,1281.31685408163,1274.92001938776,2203.51580510204,1392.14860408163,1917.16731530612,1609.08241591837,1245.4342877551,1280.11939183673,843.155096938776,1211.10223469388,1318.13072132653,1355.50315602041,1500.16328061224,1848.83004285714,1325.53614183673,1888.89347142857,1883.77213367347,1388.85039183673,1908.30659836735,1208.72120714286,1903.71193367347,1436.13883571429,1610.68885612245,1425.09158877551,1283.14056632653,1208.93760510204,1701.21934693878,1262.69009693878,1456.04643877551,1172.28995,843.793892857143,1190.50508571429,1344.15665204082,1336.38637459184,1230.96995918367,1937.62321020408,1577.01728163265,1583.41035387755,1324.4670877551,1772.62947142857
39.8367346938776,2053.9494255102,2082.18599081633,1703.86528979592,2372.64112857143,2088.90312142857,2300.12211428571,1755.13107653061,1780.36095714286,1767.06282244898,1967.649,2017.38274795918,1877.22386326531,2028.42195357143,1943.93736326531,2193.22722469388,2034.7229122449,1376.6215244898,1840.47112734694,1411.68820612245,1987.80793265306,2054.39739489796,2115.95430816327,1934.84542857143,1782.37442040816,2053.07153163265,1964.35558469388,1902.65747959184,1410.70550714286,1870.28002071429,1909.15289795918,1001.74401632653,1735.39968061225,1596.67769285714,2081.26283061225,1775.30104489796,2018.52665306122,2330.99948061225,2336.96008061225,1733.52229693878,1772.36233163265,1550.70443673469,1507.02053469388,1940.5014755102,1967.65148979592,1631.33914591837,1829.36314183673,1700.51444897959,2428.15251836735,2038.47780918367,1574.07611938776,1404.62791908163,2419.0185377551,1828.49290510204,1741.23749489796,1679.37978673469,1685.03449081633,2076.70831020408,1731.99940653061,1734.96684102041,1740.50070204082,2109.72860102041,1627.0656622449,1904.88436020408,1587.35439795918,1848.82136326531,1855.63692142857,1718.10846693878,1641.25190612245,1453.70476530612,1455.79373367347,1322.80812346939,1270.96830816327,1348.71150816327,1280.14072653061,1357.30669693878,1159.80294693878,1604.10262244898,1395.62477040816,2200.46558163265,1738.8235122449,1752.89612755102,1723.62874938776,1928.74116020408,1767.59115204082,1733.14965204082,1835.98569387755,1740.69469795918,1501.34787244898,1460.49852755102,2196.65975408163,1590.96035408163,1899.25306693878,1692.83449572449,1745.9486622449,1911.64527040816,1804.5626644898,1477.6332244898,1749.52110408163,1215.32201020408,1341.54912857143,1587.08964897959,1488.01742040816,1677.89068469388,1878.61852959184,2072.12854591837,2162.97407040816,1283.37116326531,1784.44114795918,1662.36543673469,1997.91570612245,1910.78943571429,1885.53475612245,1995.75028081633,1349.19073714286,1703.30469714286,2260.98680408163,1882.19913265306,1798.50206020408,1911.68201734694,2223.66426938775,1543.32424183673,1642.69035612245,1842.64950408163,1447.52974285714,2142.80326336735,1426.51357142857,1451.00567163265,2015.15515,2133.22066836735,1673.09111734694,1703.78556122449,1946.91061632653,1478.18828061224,1677.80464887755,2000.23842867347,1722.54740510204,2039.93269897959,2151.17735408163,1780.22916428571,1929.44708367347,764.760780612245,916.150656122449,1522.57244591837,1572.79113367347,1750.10424081633,2139.6875122449,1723.64521428571,1747.69070510204,1679.44155918367,1808.70096326531,1982.07230102041,2181.6612622449,1184.26658571429,1477.49244306122,1225.60122653061,1528.60707857143,1502.99035081633,1660.86154591837,1750.48475081633,1483.35383040816,1384.98702265306,2030.39000816327,1460.77061122449,1957.33940612245,1393.42577959184,1335.40129081633,1235.33545102041,1521.35990204082,1339.07479795918,1625.83771281633,1859.41427346939,2011.17944795918,1846.58124081633,1432.99354489796,1829.80634081633,1495.3925744898,1443.06473265306,2155.45642653061,1294.87268367347,1564.78422234694,1156.100105,1206.98503163265,1690.21953469388,1755.36283367347,1896.70341326531,1405.16946163265,1677.27108959184,2255.74154795918,1346.53946428571,1646.01798877551,1296.73585714286,1583.40670408163,1969.19019387755,2382.21453673469,1610.2449622449,1413.63957857143,1583.66970816327,1972.24782040816,1975.4817622449,1971.6568755102,2344.13194040816,573.73619755102,1503.23317142857,1625.05244285714,1526.39414489796,1989.01884897959,2071.3946,1607.17277142857,1586.38484081633,1781.52189693878,1662.86974183674,1658.49342040816,2056.97899591837,1925.73587163265,1923.06172612245,2134.33243877551,1370.0165122449,1628.8733255102,1628.64477857143,1984.16249693878,1476.97773489796,1545.16775,1760.10331836735,1054.47561836735,1311.55989387755,1382.81645102041,1621.71225102041,1970.78964693878,1764.15611632653,1976.87515816327,1876.98015163265,2100.45916734694,1704.24199183673,1922.17205204082,1476.31116632653,1372.68138265306,1421.29471428571,1397.18088673469,680.823084693878,2018.60321938775,1643.87424387755,1561.97959081633,1124.98845714286,2069.90520102041,1630.36581030612,1695.66323163265,1738.55264897959,2001.38209387755,1508.05031938776,1603.58530642857,1763.56698908163,1803.77933265306,2078.58380816327,1897.96774102041,1829.28073540816,2179.51362244898,1567.02623265306,2222.47976020408,1690.47549693878,1730.84872857143,1785.28603061224,1825.63764489796,2076.39109183674,1830.53928163265,1772.5749755102,1613.78378979592,1774.94837755102,2017.88156938776,1387.25887959184,1986.56485408163,1043.10994132653,1751.23535816327,1908.2130255102,1491.44882857143,1652.23409897959,1561.34174693878,2275.79057040816,1741.44397816327,1430.82124285714,1479.62751530612,1203.49504897959,2104.71350510204,2275.91246836735,1545.70499316327,2021.12940204082,1727.17194795918,2038.04935918367,1940.88661255102,1898.55942040816,1589.18313163265,1362.57993469388,1924.90239591837,1823.31327959184,1657.42878979592,1963.96985,887.514333673469,2009.50401428571,1791.55386122449,1559.24802244898,1370.59681122449,2036.34179285714,1738.43493571429,2208.20483571429,1715.20118061224,1479.14683469388,1518.73273295918,1702.29186285714,1463.9572622449,1248.29075408163,1533.05591734694,1518.93830816327,1531.73629897959,1809.57990816327,1704.38972142857,1863.0818377551,1808.39564693878,2263.06841938776,1878.34753877551,2031.6157122449,1946.02417244898,1405.45036632653,2089.15575816327,2407.43403673469,1606.83109693878,1517.92315102041,1923.5225377551,1180.37639693878,1661.39512346939,1703.98742346939,1530.88459897959,1628.36049591837,1845.62241836735,2046.68615612245,1594.52397142857,1582.76448163265,764.69982755102,1942.3813877551,2020.4980755102,1109.74179357143,1088.32788979592,1324.43604489796,1813.60474285714,2067.76339489796,1220.97071326531,1128.51557755102,1381.26002755102,1327.06981734694,948.353094897959,1494.58475510204,1520.82104030612,1713.49171734694,1775.46217653061,1519.30752346939,1125.00109897959,1609.09723367347,1361.66942959184,1356.22851326531,1948.9543622449,1945.91635816327,1768.15929693878,2147.74244081633,1696.30421836735,1297.86978367347,1492.16320510204,1630.55936734694,1733.04269081633,1594.52218102041,1344.98184877551,1539.72013979592,1239.54891836735,1602.45564693878,1373.53290816327,1574.20995102041,1654.67233265306,1738.57638265306,1763.25917755102,1708.82391326531,1521.57376326531,1520.71533265306,1934.55523469388,1672.39184285714,1791.30703367347,1988.54101836735,1487.0797877551,1028.9141744898,784.793741836735,1737.47872857143,1607.30890714286,2082.83633877551,1237.49942040816,1538.76431326531,1666.59974489796,1841.62535,1142.34054591837,1718.6283255102,1783.41128571429,2007.19081285714,2594.93857244898,1484.1887755102,1747.5274122449,1477.92884897959,2061.27653571429,1374.09761020408,1502.16139693878,1665.91332755102,1487.6211755102,1720.8073255102,1742.2462877551,1961.7693122449,1883.93292653061,1780.22134693878,1721.54568469388,1877.35314489796,2315.08095918367,1650.69067959184,2183.13290816327,2022.72826938776,1739.78411428571,1468.40786234694,1443.22706020408,1840.96313979592,1952.21581836735,1840.29825020408,1160.37782142857,1541.21783673469,1770.03222857143,1947.36543367347,1486.76611938775,1559.91089183673,1693.2313877551,1587.04875816327,1486.61623061224,1719.88482244898,2196.66906938775,2566.7530244898,1366.41227346939,2101.35894795918,2043.17300714286,1485.06344387755,1800.80013265306,1835.15125102041,1658.98374795918,1807.0611755102,1510.01710836735,1633.46032632653,1709.62923571429,994.276963061224,1517.78209897959,1339.13529795918,1826.99276428571,1414.23293877551,1505.64865,1209.26870612245,1677.64938571429,1422.07749387755,1687.89004591837,1294.98763061224,1642.13751836735,1873.7091977551,2302.34027142857,2080.57851428571,1350.65102653061,2425.22676530612,2009.59720408163,2005.25898163265,1614.01551428571,1786.66196326531,1864.27113469388,1977.52300510204,1830.81737346939,1577.41438163265,1408.86692642857,1934.69211428571,1723.94201836735,1737.23443979592,1437.12116938776,1601.79518469388,999.821265306123,1289.79501836735,1742.61615408163,2227.0504122449,2124.68030612245,2336.74888061225,1988.40396938776,1825.99297255102,1102.07418163265,1734.49669897959,1227.56355816327,1751.18263163265,1547.86563877551,2026.50826734694,1126.01709387755,1753.9541377551,1413.24267040816,1582.18543265306,1310.01083510204,2137.09092142857,1408.03186632653,1635.00512755102,1444.50809183673,1306.16550816327,1763.43216734694,2028.53163877551,1432.9660355102,1430.7034755102,1683.41327040816,1616.43778877551,1462.82543265306,1363.44173367347,1449.46591122449,1390.40514183673,1466.05883571429,1628.90480408163,1850.00127959184,1645.18717857143,1168.74120816327,1413.2693,1853.11726122449,1666.67466428571,1525.08572653061,1860.52532244898,1811.14270285714,1711.58214693878,1680.55683571429,1110.96666438776,2093.23180102041,1112.13734489796,1512.50394183673,1570.98534183673,1337.90294591837,1433.36755612245,1659.50296836735,1837.88521326531,2026.54307142857,1164.15200612245,1618.41499897959,1166.15866734694,1186.89370102041,1378.02580714286,1383.26857142857,1443.90255,1653.35519693878,1460.92700204082,1729.83554795918,1934.73156326531,1845.58383061225,1732.23447959184,2097.15318826531,1484.90139897959,1654.32183683673,1651.12209693878,1381.05899591837,969.62907244898,950.247245714286,1577.56778877551,2368.35995918367,1224.00218673469,1466.38020510204,1479.49233744898,1757.04527653061,1676.93012755102,2138.57615612245,1282.87862377551,1357.35200510204,1417.46292857143,1060.42902653061,1630.05533571429,1388.61283469388,2006.40147755102,1911.26828367347,1890.59981428571,1049.7790255102,1583.50608877551,1677.30154387755,1748.62790306122,1941.17400612245,1280.90441836735,2253.66689285714,1943.44604285714,1728.51486326531,1648.18472142857,1650.90744693878,1835.2381377551,1758.19898571429,1862.17232857143,1605.51612755102,1884.59310408163,1383.40563061225,1421.1239622449,1472.48819897959,1660.67154795918,1830.25015102041,1112.80638163265,1825.5420044898,1632.49121122449,1385.32172755102,2021.39652244898,2310.74991836735,2003.81023061224,1670.84339387755,2012.07219081633,1623.60676244898,1665.18920204082,1635.73599173469,1960.87921632653,2140.80217010204,1665.93799285714,1769.1289622449,2142.37567142857,1589.75104285714,2003.30044795918,1748.63563006122,1889.98119897959,1920.46324897959,1663.07951836735,2127.74034591837,2088.91644591837,2398.0322255102,2099.99032040816,1647.33100816327,1670.67012346939,1519.15058673469,1487.10287857143,1714.61218061225,1428.84006938776,1551.16118571429,932.762939795919,2037.80718163265,1608.81097040816,1442.60436632653,1787.93449387755,1452.67068163265,1570.11431530612,1752.89126020408,1004.4776755102,1604.79273469388,1199.44282857143,1064.32736734694,1905.1217255102,1926.11694795918,1799.77328265306,1366.31258979592,1839.60738367347,1531.75231122449,1822.52929591837,1847.64624612245,1309.57868265306,1578.1097377551,1792.1970744898,2130.80407142857,2120.46874795918,1576.22974897959,1968.27032244898,1445.80320408163,1809.33345510204,1070.68531836735,1150.38338265306,1690.01481836735,1750.59663061225,2114.63731938776,2021.66856938776,1298.07605,1692.2131272449,2558.42650877551,1778.0443755102,1937.39573367347,2154.56913673469,1767.35308673469,2318.00684795918,1962.6812122449,1244.34356632653,1776.45488265306,2018.1715755102,1796.4520244898,1826.87804714286,2197.91820816327,2161.56964897959,1189.03708469388,1345.76210204082,1617.22967653061,1536.38512040816,1081.94124285714,1453.38352959184,1400.93910510204,1183.60202244898,1443.16027959184,1751.84613061224,1730.60161632653,1068.35992959184,1751.10461326531,1784.95533061225,2163.85110704082,2006.5892255102,1717.8354755102,2062.76821428571,1656.86670306122,1847.82219693878,1455.55383469388,1165.14737836735,1344.24950918367,1314.33748979592,1222.98354795918,2452.66135408163,1839.0652,1634.51252755102,2117.8477622449,2032.39770918367,1527.37006020408,1686.58101326531,1283.2531744898,1968.75651734694,2151.49082346939,2027.14801020408,1551.08581938776,2091.46624591837,1843.29334285714,1781.19471530612,1960.17296428571,1901.06803265306,1255.50814061224,1888.06470612245,1654.06511663265,2080.60686836735,2293.24667653061,2150.65436938776,1748.82042653061,1926.50193571429,2327.52489693878,1572.84600571429,1496.86725,1685.74309489796,1947.43597346939,1477.84241326531,1522.65107142857,1994.68108367347,1949.2606877551,1867.04703265306,1794.27954591837,1461.88819489796,1838.52739081633,1935.73825,1953.02280510204,1917.78255306122,1924.93155204082,2362.63297040816,1869.9765622449,1582.03823163265,1724.3330877551,1573.1444744898,1260.89226020408,1922.38474489796,1225.46476734694,1549.63089591837,2212.1473877551,1900.98965408163,1818.28296020408,2665.21685918367,2281.70900204082,1615.28549795918,1620.66572071429,1212.00661326531,1778.81855510204,1711.58573469388,1392.28673061224,1568.0517122449,1258.58811020408,1917.66588673469,1344.20991326531,1329.79339489796,1437.60224081633,1884.88937544898,1997.1384255102,2155.53744387755,1908.74887806122,1718.10724897959,2079.57651530612,1837.84796938776,1689.34248061225,1857.14539795918,1820.80466020408,1704.85171020408,2065.40772244898,2076.20479693878,1395.66055102041,1890.10182959184,2017.98155918367,1606.07068469388,1264.68899897959,1325.30239387755,1651.52058265306,1338.69744591837,1663.97346734694,1732.54392857143,2013.50589591837,926.661969387755,1061.05967857143,1601.30658163265,1319.21167040816,1603.00785102041,1604.28715,1467.65843877551,1627.84135346939,1930.52070714286,1815.48795959184,1860.40414489796,1322.86707857143,1232.30341836735,1314.2931255102,1619.79065,1773.71422346939,1835.59902040816,1558.38190612245,1708.34744795918,1623.21806326531,2044.02490612245,1630.48331836735,1251.14267040816,1438.51505408163,1894.51605,1618.75538163265,891.501913265306,1165.53135918367,1758.51804755102,1609.98290704082,1801.3877172449,1167.92697755102,1924.59231020408,1995.35783469388,1388.36194081633,1273.3329622449,1922.95450918367,2083.33451938776,1378.79243877551,1609.02428061224,1671.07041836735,1703.87781632653,1362.62635,1898.76315204082,1441.9079,1851.08967959184,1122.76301020408,1150.85068877551,1810.49161632653,1418.49171477551,1733.50882693878,1484.79364285714,1560.30392040816,1740.97093367347,1876.81683367347,1687.55427857143,913.771591836735,951.838386734694,1469.4666622449,2064.85570612245,1219.87041734694,1962.01779489796,1443.15138673469,1348.6694077551,1634.64297857143,1403.95113367347,1760.02196438776,1421.57217040816,1478.9133755102,1946.77899387755,1955.40041836735,2065.22462653061,1739.54605918367,1512.61646020408,1679.02377755102,2527.57286530612,1850.20635612245,1488.37083877551,1429.85481428571,1340.24948367347,1745.29992142857,1326.19324693878,1370.9438755102,1624.78744183673,2145.44372857143,1941.82873367347,1726.40625102041,1942.19665816327,1793.87900816327,1761.61390306122,1650.10224183673,1765.7069,1358.7442044898,1236.83816020408,1580.56964285714,1602.99787244898,1393.22465918367,1790.95369836735,839.613614693877,1744.01970204082,1307.06651122449,1628.68161938776,2217.79095,1775.88113469388,1786.82380102041,1739.33433877551,1111.38690918367,2404.04500816327,1999.42338061225,1920.77235612245,1881.58257653061,1475.6689877551,1846.68927959184,2434.99856122449,1964.41985510204,2067.82932653061,1632.38870306122,1311.60945204082,1447.96965816327,1649.55905816327,1540.76617040816,2009.10773061224,1403.03482040816,1746.0117622449,1890.83110816327,1891.28394591837,2101.38146326531,1290.36640306122,1641.31680938776,1781.59088673469,1518.99986530612,1523.72370204082,1715.20376326531,1774.4167744898,2008.8178877551,1701.93040918367,1256.77665918367,2028.17332040816,805.941084693878,1753.82694387755,1324.42293469388,1500.63619285714,1571.86504795918,1900.15634387755,1618.07140714286,2009.65676122449,1782.7523877551,1633.61756530612,1419.12421938776,1997.18125,2309.16135,1886.37018571429,1636.95648163265,1910.07293571429,1717.0123622449,1955.08978265306,1952.37660714286,2050.22637040816,1101.0693777551,1229.90025204082,1248.85944693878,1854.79517959184,2061.35813979592,1889.0044877551,1645.31175918367,1896.04179387755,1746.32791857143,2020.63162857143,1693.3259622449,1590.5984255102,2098.21222755102,2215.82390408163,1841.02051122449,1750.00591122449,1752.68933469388,1561.60210408163,1966.62716326531,2182.74800918367,1872.16507142857,2013.54292142857,1750.85463244898,1540.29133979592,1921.99827959184,1890.73606836735,1786.8866122449,1249.61177346939,1721.13237857143,1712.25038061224,2388.58620102041,2052.31341530612,1554.04500408163,1133.91885714286,1852.28698469388,2008.70527959184,1782.9196255102,1019.31843877551,887.187485714286,1755.72307040816,2082.17172959184,2483.38773265306,1703.21758367347,1917.36025020408,1917.42032142857,1760.65986326531,1542.7051755102,1799.90030102041,1728.24605918367,1936.27767244898,1944.16525918367,2445.56247244898,1961.47351020408,1356.68284285714,1719.96357346939,1675.03275714286,1593.96661122449,1192.1838,1370.50580326531,1352.35721530612,1774.3577122449,2054.49713673469,1606.15829663265,1724.60258367347,1931.12642244898,1883.01291326531,2269.63276938776,1896.1380744898,2006.94794489796,1155.80528510204,922.555004489796,2074.0280622449,1670.0836355102,1404.10920142857,1583.39050306122,1682.66599183673,1583.1081122449,1706.32474183673,1440.75332959184,1619.57895918367,2094.89004204082,1749.01705306122,1840.40685102041,1963.47691020408,1743.84040510204,1721.58973112245,1424.87350306122,1711.24950204082,2605.20193061224,1574.56575816327,1460.95915408163,1437.84927142857,1569.83904214286,1994.15899897959,2032.02592244898,1747.68512755102,1497.79570591837,1794.6674122449,1791.71234183673,1981.23025408163,1597.65446428571,1761.10576938776,1913.39528877551,2074.24222755102,1919.47120918367,1497.55905612245,1423.12506326531,1188.70988061225,1942.92820204082,1340.8108255102,1598.11878469388,1372.55636326531,1330.36571428571,1724.34215918367,1733.3832622449,1875.35625612245,1552.92388673469,2328.67244285714,1750.38239795918,2302.8917744898,2248.67596836735,1845.95063765306,1764.46174142857,1693.33055714286,1867.42310489796,1452.0763155102,1390.00160714286,1545.31465244898,1252.75254387755,2011.00525204082,1938.04271836735,1831.82180204082,1215.77854081633,1654.57376938776,1607.82633265306,2045.07295102041,2116.37172653061,2390.80328163265,2062.66622040816,1245.16261122449,2148.10186632653,1692.35081020408,2610.10764183673,1741.10172306122,1697.55913520408,1925.72488163265,1550.33714693878,1358.90473979592,1382.94234285714,1945.98150408163,1796.66430612245,1724.36607765306,1859.50722244898,2191.39531734694,1751.31833265306,1540.17183265306,2259.89741428571,1891.4964877551,1729.95300918367,1827.65152959184,1270.92143428571,1337.86813428571,2035.22961591837,2089.66115408163,2514.34339183674,2564.36397142857,2142.86298469388,1677.39116530612,1711.76761326531,1628.49240346939,1832.78318979592,1089.68380510204,1363.42262142857,1318.02671326531,1183.67681734694,1821.37036122449,989.680090816327,2013.70984591837,1511.60111326531,1570.52235816327,1544.29700204082,1490.8694122449,1358.30376734694,1608.05217653061,1461.44064887755,1963.59319081633,1927.99915,1831.55296020408,2164.79740408163,2164.56508061225,1513.73801530612,1993.12453469388,1619.30323295918,1463.37436020408,1864.96033877551,1758.69944438776,1679.53990816327,2110.07202755102,1852.12725714286,2255.66164693878,1895.53528673469,1701.80531938776,1832.49379795918,2001.19343367347,1894.50582959184,1462.93592755102,1414.42464693878,1616.83409795918,1503.91139387755,1466.9008377551,1513.49223265306,1348.57064285714,1761.92085,1630.79415959184,1653.95245020408,1181.84482857143,1646.41068673469,1373.79841734694,1479.0198744898,1367.87421632653,1320.1190555102,1975.25285102041,2060.80109183673,1476.87600346939,1686.40687857143,1628.70275102041,1493.45941530612,2136.82825306123,1495.10555693878,1343.66258571429,1437.10459489796,1236.18900102041,1391.2015255102,1288.88545918367,1545.24033704082,2221.37593163265,1537.53681734694,1311.18454693878,1577.3238877551,2100.92960020408,1176.13985714286,2087.29101734694,1981.84731428571,2294.08661326531,1864.39324387755,1938.48202755102,1844.99118469388,1647.79220510204,996.177381632653,1260.3525744898,1881.95771795918,1213.53968265306,1654.22794387755,1385.88511734694,1584.20386734694,1750.91845102041,1753.11101530612,1458.53345306122,1498.15419183673,2046.43274795918,1492.62877653061,2516.1829122449,1474.26415408163,1854.7095244898,1559.20847857143,1617.52101836735,973.420715306122,1955.83053571429,1762.96850102041,1451.12799693878,1365.12390204082,1762.56005204082,1678.72334489796,1621.36303367347,1397.80329897959,1397.52993469388,1942.28915714286,1764.50604591837,1545.47154122449,1370.41300918367,1219.08892653061,1974.45628877551,1483.40997857143,1758.72142857143,1737.00511142857,2045.43422112245,1654.24538367347,1591.76123673469,1904.45919183673,1751.62352755102,1495.22807314286,1627.37870510204,2107.13915714286,1860.81681734694,1983.7738877551,1217.58321530612,1325.17036836735,1665.08703091837,1674.94787959184,2009.37998571429,1618.06669693878,1529.4836877551,1613.62097857143,1371.49942040816,2349.38042244898,1753.27038765306,2095.36127122449,1920.73557653061,1875.46103571429,1540.12203877551,1286.33553367347,1730.97432040816,1625.97220612245,1441.02680204082,1756.97448061225,1269.36251020408,1851.08606040816,2060.61841530612,2024.96683571429,1382.39423061224,1474.93005714286,1561.96034387755,1416.42797653061,1947.5752255102,1836.13214285714,1999.16841938775,1804.65902244898,1634.00006938776,1891.2069255102,1533.47438214286,1462.89412755102,1913.18661326531,1800.21795510204,1458.41881938776,1676.17263683673,2183.41652602041,1813.77468785714,2027.4211744898,2097.23364693878,1780.22054285714,1133.3289877551,2283.49975204082,1874.21293571429,1414.85527653061,1898.51874387755,1684.94605714286,1708.79131326531,1523.60421530612,1732.15066836735,2184.51233673469,2029.9816255102,1696.10813265306,1949.49409489796,1887.41670612245,1653.74300918367,1942.88048061225,1944.09612244898,1354.71220204082,1432.26450816327,1697.95095918367,1832.46872142857,1509.89202040816,1790.92995918367,1987.15601326531,1643.72634693878,1062.75211428571,1280.60452244898,1372.17802857143,1552.48638571429,2052.03396734694,1885.07221459184,1864.8188122449,2141.72662755102,2019.93561836735,1409.24411836735,1982.28788469388,2008.47100408163,2401.67016938776,1536.65802244898,1577.25065,1339.31063857143,2084.6956955102,1733.64479183674,1680.14805306122,1656.30886122449,1412.29972071429,1333.15359081633,1101.87370734694,1287.27059061225,1181.31960102041,767.009008163265,1734.75915306122,1700.04642346939,2002.47867755102,1794.13713469388,2024.96023163265,1364.90189795918,1909.95016938776,2097.04146734694,1483.61918877551,1494.16686938776,1473.44699795918,1766.1694622449,1993.33854081633,1520.06679489796,1284.64237040816,2596.94171428571,1722.37822040816,1462.1244122449,2199.09254897959,1561.06093979592,1348.02398367347,1475.2527122449,1843.39068163265,1637.30506938776,2019.74544489796,2174.24078214286,1934.83943673469,1344.19315612245,1316.72494316327,1659.92151428571,1318.50013061225,1450.78555204082,1573.65068163265,1938.08283571429,936.375105102041,1860.22680714286,1330.90621632653,1592.32732755102,1712.84001938776,1209.53887040816,1872.85761530612,1781.93582959184,1678.36253673469,1906.56994489796,1981.04292857143,1446.20576938776,1591.57078469388,1934.03666122449,1345.02358265306,2408.37154479592,1735.36314693878,1381.79972857143,1720.61995510204,1560.2005244898,1465.8502755102,1604.49104693878,2154.08209183673,1811.97544387755,1685.08282142857,2212.76223877551,1963.62268367347,1381.7697744898,2066.40739591837,2392.96181836735,1244.34031693878,1750.65098571429,1405.42621938776,2191.64330102041,1694.58905408163,1720.57340612245,1648.27120714286,2022.65119081633,1027.33597244898,1306.61259387755,1639.40996530612,1325.25549795918,1895.17643469388,1785.59804693878,1759.33405102041,1599.82444897959,2225.15565314286,1737.91723163265,1421.60945510204,1785.69222959184,2085.68630306122,1900.24390204082,2086.02724795918,1747.2263255102,1562.48673040816,1587.41189285714,1679.71004387755,1339.85893877551,1551.88693979592,1225.53138091837,2065.92876632653,1236.66214795918,1096.41246428571,1653.43131428571,1824.65517653061,1303.45697346939,1927.49209489796,1999.07439591837,1491.54675102041,1596.32142857143,1339.86176632653,2345.93031530612,1669.77260408163,1465.21710204082,1459.11817040816,1317.79530306122,1779.20336785714,1210.93475714286,1541.74998367347,2001.55404489796,1953.64115,2003.19138673469,1711.12070918367,1409.15179897959,2160.18026326531,1725.04652653061,2009.93062959184,1400.2578377551,1620.33994387755,2155.52241938776,1911.34237244898,1764.37372040816,1734.36576428571,1544.15201530612,1393.76178979592,1854.17310306122,2049.19264306122,1319.9529877551,1654.82616642857,1960.27057642857,1523.19213163265,1653.9394755102,1585.07055816327,1700.27004795918,1675.27719795918,1647.89779387755,2329.05917857143,1516.76600816327,1674.2249,1613.77186632653,1452.38429897959,2059.0341255102,1782.98679387755,1584.60640714286,1268.5342822449,1282.55822857143,1900.22401122449,2380.27045102041,1941.46789183673,2107.1174122449,1637.87694591837,1620.02985306122,1446.84871938776,1949.58031122449,1307.75800816327,1842.76917244898,1783.87033265306,1717.57290816327,1720.1199744898,2009.97628571429,996.238693877551,1333.26585,1699.55829795918,1062.8353877551,2022.41779285714,1723.56693673469,1806.20938571429,1854.18296530612,1464.66096428571,1948.67919081633,1962.04966530612,1601.24252346939,684.642040816327,828.339260204082,1785.08943265306,1787.08585408163,2254.57090408163,1812.66164489796,1545.40525612245,1474.89550918367,1632.12782346939,2210.71241530612,2058.96790714286,1949.73143061224,1521.08525510204,2078.68053163265,1709.01373367347,1921.3068244898,1843.07487959184,2292.64727857143,1606.25715510204,1844.42350714286,2196.56369795918,1582.10381632653,1362.37132857143,1939.2891244898,1817.21004693878,1654.72916428571,1722.28118714286,1636.06709183673,1378.83679285714,1895.71439285714,1128.02509081633,1235.7053622449,1539.78139081633,1814.13681734694,1812.08785306122,1254.79311632653,2101.13934795918,1612.74267755102,1766.45973265306,2006.02958265306,1689.54875612245,1731.1592377551,1954.28477244898,1670.7421122449,2330.81887959184,1313.81959387755,1820.14912346939,1337.3647122449,1674.67023367347,1579.35780816327,2041.67205102041,2062.56100102041,2056.9862755102,1831.51153346939,1773.08075204082,2080.27675918367,1881.4443877551,1271.98604795918,1388.78324693878,1343.64715132653,2449.7924122449,1548.69077959184,1385.17278979592,1937.49067244898,1710.46570387755,1674.93721734694,1922.40418571429,2046.61507346939,2062.63334897959,1872.90344081633,945.965164285714,1529.60897244898,1623.742,2024.93943265306,1597.31628469388,1738.33613265306,1556.6458244898,2313.2802255102,1422.53923673469,1336.56798244898,1854.05801632653,2077.55175918367,1986.29941020408,1138.44084714286,1476.52324489796,1615.78351938776,1737.38170306122,1504.03982959184,1927.14516734694,1924.90700387755,1578.39126428571,2021.20822959184,1938.92500102041,2341.41861336735,1782.17364081633,2032.86216530612,2226.48386632653,2166.68982755102,1443.98128979592,2122.82674285714,2047.55215306122,1978.34109387755,1768.84052336735,1886.87192653061,1798.80555102041,1538.50381428571,1912.33052653061,1661.18500204082,1762.70259897959,2011.72059081633,1692.86430306122,1382.50674489796,1620.15009204082,1808.80826938776,1254.61649489796,1681.22495102041,1243.66669183674,1833.17563061225,2486.24786836735,2109.58388367347,1635.71594489796,1955.24397040816,1847.67381428571,2000.2890755102,1493.76967142857,1537.28511938776,2022.30369795918,1635.68569285714,1556.1859577551,1938.49822581633,1680.83375653061,1430.90742346939,1808.08693061224,1910.5473622449,2059.92438367347,1907.84037653061,2142.99313877551,1855.62651020408,1973.81124591837,1861.18079081633,1648.78387081633,2041.41554795918,1748.02964081633,1745.73866326531,1499.19366020408,1328.42615306122,1316.09698265306,1025.32428877551,1536.0586072449,1826.77194489796,2212.82236681633,1998.86824081633,852.20319867347,1539.76945510204,1777.9678622449,1756.58780102041,1746.17025714286,1923.67527142857,1742.93748163265,1505.09209387755,1741.77989897959,1306.7448755102,1276.54785816327,1674.28871081633,1546.13631020408,941.270635714286,1823.4793622449,1823.17657959184,1549.43030714286,1513.40453469388,2256.6383377551,1798.76736428571,1831.64133673469,2177.19273367347,1079.83135346939,1656.68328571429,1590.77197142857,1545.64207244898,1639.20555306122,1528.47144285714,1367.08340612245,1849.31297653061,1999.46817040816,1677.88862653061,1427.88299183674,1307.84375,1836.23740714286,1973.51778571429,1955.80155612245,1827.08673877551,2321.3507244898,2308.0681744898,1702.20587653061,1687.57921734694,1182.07290306122,1934.12646428571,1631.14781020408,1115.16966938776,1938.19502959184,1487.57790306122,1678.4855255102,1824.7021122449,1918.9630244898,1823.43081326531,2137.75560918367,1950.78992040816,1564.03211734694,1855.87384285714,1886.96951530612,1548.48899693878,1151.55964285714,1811.06946632653,1808.17450816327,1693.09014387755,1969.10992244898,2028.72317959184,2250.46339795918,1388.69390397959,1572.20866836735,1273.87265510204,1592.9241255102,2045.93722040816,2005.4915255102,1900.14310306122,1656.88243163265,1859.08253673469,1843.22394489796,1912.72921326531,1696.83316632653,1676.10608061225,2004.71163979592,1878.39826428571,1906.75720918367,1888.5767244898,1429.60869081633,2064.59269693878,1722.90683979592,1311.39055612245,1334.15536530612,1235.46552346939,1332.08594081633,1458.30539591837,1577.28916734694,1952.22626326531,1381.66331020408,2171.39890510204,1687.82752040816,1741.22737142857,1859.209,1884.01848877551,1994.70191530612,1915.70580306122,1968.47616734694,2159.64467653061,1553.30882755102,2387.43411632653,2009.33387857143,1411.08109244898,1550.85323367347,1162.3576877551,1928.17606836735,1905.92738367347,1412.41974653061,1434.88685612245,1818.46053673469,1619.72284897959,1741.37043367347,1725.02621632653,1578.06234489796,1304.08531632653,1405.94712959184,1781.31835816327,1813.20579183673,2226.46847346939,2219.01038469388,1815.32191530612,2087.28030102041,1624.79236836735,1773.53013163265,1416.11113571429,1966.17136122449,1929.21337959184,2059.69410306122,1522.26449795918,1707.70116020408,2309.96078061224,1376.99378877551,2044.18066938775,1610.01580918367,1643.69689285714,1776.81309897959,1880.22619897959,1989.0327255102,1924.83133673469,2101.90686061225,1796.3950744898,1743.29851836735,1543.8789622449,1779.42833061224,1590.24763877551,1488.25059693878,1739.39375918367,2103.68830918367,1712.16745612245,1991.31738673469,1513.3577877551,2071.16875714286,1896.76388061224,1122.26810306122,1728.51616020408,1497.55646428571,1640.66230714286,1324.93779897959,1321.87703877551,1966.76533673469,1751.2278,1231.29447346939,1651.37187755102,1258.72690102041,1772.10758377551,1884.85251122449,2027.05626020408,1896.78898877551,1452.66750204082,1185.5158122449,1848.31472755102,1777.13654897959,1947.44350510204,2272.91558061224,1544.52708136735,1673.08880204082,1920.70848571429,1581.35934387755,1905.28807857143,1561.75143673469,1408.31243061224,1989.09433163265,1687.33799795918,1950.03362959184,1471.72317857143,1746.13323265306,1509.8755355102,1533.1207755102,1736.21181938775,1383.67863061225,2013.92226734694,2264.50256938776,1683.85950306122,1859.3222122449,1860.2504877551,1943.83506734694,1839.76922204082,1503.90305918367,1727.0007244898,2363.03149530612,1973.55416326531,1655.72361602041,1689.2045877551,1999.50103163265,1168.59550387755,1704.02844489796,1916.07246734694,1941.03803571429,2058.86245510204,1826.60574387755,1475.1084755102,1620.19615714286,1693.85283877551,1798.60456632653,1847.05287653061,1680.30350918367,1613.02871836735,2138.78220816327,2031.81624795918,1472.00265,1653.35905306122,1031.61092653061,992.512714285715,672.040167142857,933.770151836735,1637.89446836735,1980.13316938776,1691.07298469388,1614.7781377551,1724.36354285714,2229.62516020408,1674.30111428571,1598.61287040816,2282.55000602041,2398.33883316327,1727.98510918367,1800.07105387755,2087.16755714286,1388.58699183673,1083.09223571429,1605.71174897959,1671.25466734694,1634.33261530612,1786.98488469388,1771.62801938776,1915.78666326531,1703.56137244898,1956.66367142857,1904.28286326531,1124.49588367347,1358.11023367347,1626.63878367347,1348.63939591837,1950.38233061225,1710.94859489796,1791.09594591837,2017.11268061225,1648.12095204082,834.256110204082,1461.92228571429,1295.14848734694,1610.43255612245,1509.37602755102,1998.31728408163,1711.44402959184,2070.97851428571,1560.97908877551,1267.55227755102,1059.43789204082,1580.6595744898,1032.76099632653,1302.40319285714,1207.17100306122,914.560474489796,1915.03946326531,2357.7048544898,1732.87676938776,1769.19796530612,2099.18425510204,1823.38851326531,1366.53901632653,1846.65788163265,1658.01788979592,1727.1338244898,1854.49835204082,1107.42591734694,1259.29546836735,1107.60929387755,2312.04754183674,1984.55056020408,1607.94923367347,2102.77469938775,1748.67580408163,1683.97756122449,1781.73019795918,1690.99174693878,1660.09631632653,1566.78765306122,1551.54543061224,1770.21063061225,1931.28808571429,2132.86672959184,1860.90618755102,2104.50798571429,1803.43289897959,1879.49520602041,1729.63081122449,2083.5646255102,1840.66316020408,1536.68771020408,1549.62628469388,1608.66867877551,1868.35504173469,1955.95522244898,1844.0253744898,1681.20416428571,1913.2287755102,1737.31063571429,1590.96600591837,2017.67924387755,1988.06310408163,1194.12638367347,1801.06001530612,1822.43981632653,1791.05639081633,1710.16402142857,1809.96931632653,2027.23168163265,1515.25086938776,2057.1565122449,1955.60302959184,1599.07606387755,1957.28305510204,1741.0372755102,1476.15188979592,1722.32988979592,2275.97123877551,2072.59060102041,2323.25629897959,1928.22423979592,2076.8219255102,1476.31128265306,1634.52903877551,1687.80155785714,2079.38198469388,2097.43319387755,1420.75923591837,1528.89310714286,1792.58804591837,1105.67557142857,1918.68534081633,1411.88166428571,1704.31995816327,1691.70019489796,1630.83859693878,1662.65099285714,1660.3969255102,1307.2342255102,2155.61917244898,1866.68808469388,1962.36101632653,1753.85380306122,1495.48196673469,1588.86476653061,1644.40468673469,2227.93086122449,2251.83540204082,1885.04484897959,1676.39603367347,2053.82754489796,1911.44396326531,1897.73846836735,1481.02395816327,2023.18391428571,1984.39859897959,2455.76692346939,1596.12245,1705.42151632653,2211.80770204082,1896.66065,2242.69518877551,1672.90786938776,1778.15190204082,1894.87102959184,1612.18144285714,1662.8891255102,1589.15641632653,1831.40521632653,1410.72714265306,1202.94451734694,1605.41548061225,1916.81194897959,2311.24175918367,1431.76562040816,1240.28490816327,2288.62908673469,1827.09935122449,1820.35456693878,1803.09348367347,1803.3303877551,2137.34262397959,1753.13885979592,1711.72807040816,2034.70584591837,2059.62900612245,1416.57769693878,1266.88208591837,1237.93743612245,1619.18063102041,1739.01879183673,2066.95078469388,1463.34273979592,1607.83811632653,1987.18182857143,2271.50788673469,1788.79195714286,1875.49512244898,1573.44576122449,1968.60086836735,2276.9508244898,2075.03872244898,1750.61401836735,2017.15509285714,2248.2429244898,1784.08329693878,1549.76276530612,1634.0506877551,1273.84060408163,1852.62104693878,1441.60957122449,1532.00381632653,1812.55462653061,2123.80795744898,1793.29260102041,1482.73095,1608.96568367347,1415.9424,1870.38031938776,1850.04481020408,2391.94809285714,1906.5654377551,2037.5096377551,1428.13113979592,1938.38053163265,1664.17554591837,1709.97141632653,1211.75942346939,1749.02978061225,1612.45421836735,1698.61478877551,1779.74586122449,1673.66213877551,1711.95782040816,1220.09857653061,1771.02985918367,2095.95837959184,1561.24772959184,2270.45965612245,2180.96050714286,1421.04282857143,1548.38468367347,1385.36208469388,1789.62901020408,1840.36381020408,1663.09210204082,1332.1241522449,1428.51089285714,836.044908163265,1837.93971836735,1671.14613979592,1113.06767346939,1280.47812346939,1480.41467040816,1860.43717755102,1364.06499285714,1689.82993061224,2074.38109285714,2026.53393673469,1827.19041020408,1577.85932244898,1851.33126530612,2013.21175,1223.00780102041,1458.5859622449,1688.81152857143,1664.71867244898,2360.05033571429,1636.06259285714,2243.74333367347,1463.68622142857,1572.20184081633,1799.62061530612,1480.64530510204,1950.99359183673,1707.85218673469,1937.57920510204,1367.06875816327,1949.08625918367,1879.64977959184,2010.21997244898,2213.10880204082,1676.02658877551,1976.87183163265,1374.31601020408,1784.08845,1727.28754489796,1631.32910510204,2180.7752255102,1937.3094255102,1328.77001632653,1887.65741734694,1928.30234285714,2053.38390408163,1984.39605340816,2180.19139489796,2061.91149489796,1875.88205714286,1791.48713061225,1483.70890204082,1791.1431255102,1818.39070408163,1627.2656244898,2572.18377653061,2017.22627244898,1486.10632142857,2234.35361428571,2206.21091387755,1609.95504285714,2013.25408571429,1604.81773571429,1957.81432346939,2009.34964693878,1764.46190204082,1683.38268673469,1296.17541530612,1285.85855204082,1826.03287244898,800.107945306122,1596.44900102041,1816.13892244898,1955.3398877551,1573.1842877551,1762.80846020408,1151.90868061225,1917.64960714286,1911.57768469388,1790.41250918367,1733.60859897959,1474.70311428571,1724.80580306122,1674.25113061224,2016.96306938776,1927.09438979592,2050.24580408163,1669.56573367347,862.210362040816,1036.88212204082,1357.35684765306,1256.96927673469,826.80450132653,1395.64823571429,1696.45785,1441.52915306122,2076.99538469388,1820.99565102041,1698.77373571429,1607.15872346939,1956.09681020408,1920.64147683673,1562.6755255102,1675.66718265306,1754.97657734694,1563.5436755102,1369.81376326531,2326.85480102041,2369.01379591837,2032.01466632653,1663.44424897959,1488.54906632653,1942.10021428571,1532.34369897959,1881.07623469388,2003.16872142857,1368.37478163265,1291.85669897959,1311.65797857143,1620.76553061224,1749.79858469388,1784.96024795918,1621.95724693878,2093.21404795918,1863.95598265306,1664.49416846939,1539.91669489796,1713.14230816327,1632.83541326531,1542.36912244898,1680.51684081633,1780.5030755102,1823.98858469388,1602.90875306122,1697.8269255102,1808.20841020408,1840.81033265306,1911.45792918367,2286.09577959184,1740.13258816327,1313.50507836735,1858.84590938776,2115.87523061225,2032.49962142857,1282.22484693878,1794.51864591837,1515.16705510204,1933.62052755102,1903.25360102041,1418.05409693878,1941.53170612245,2025.95497857143,1564.48764183673,1512.66185918367,1784.37956836735,1125.29980510204,859.945686734694,2228.63759897959,2275.78827653061,1474.45664489796,1932.21127346939,1828.85745510204,1796.02800612245,1689.41793469388,1208.13657653061,1359.83530918367,1384.08715714286,822.015443877551,1480.00587755102,1577.75770204082,1765.38935204082,1545.12156122449,1907.02915306122,2232.28639081633,1542.74884693878,1553.05230408163,1567.17774897959,1279.39346734694,983.388343877551,1542.45356836735,1105.40101122449,1234.0123744898,1519.75316122449,1810.9161122449,1907.27374387755,1852.78503061225,1603.21556734694,1911.35353571429,1169.52672959184,1816.99408163265,1661.36733469388,1660.48047755102,1327.93427040816,1506.88551897959,1110.81993571429,1853.35442244898,941.834026530612,2001.10388163265,1528.49724040816,1868.05093877551,1560.14244081633,1181.28702346939,1389.47485102041,2279.59054285714,1617.57966428571,1713.37136530612,1837.70052959184,2536.4858377551,1785.84774183673,2569.78125102041,2207.91435918367,1914.17115234694,1318.72191836735,1488.31638571429,1954.45517091837,2151.35980510204,2154.59259081633,1848.70415816327,1622.69451734694,1248.84747755102,1853.40083367347,1742.02730408163,1650.36546734694,1727.23819489796,1305.12197959184,1726.05377244898,2147.35797142857,2369.96588367347,1572.16373367347,1868.79402959184,2004.1971622449,2040.58273469388,1983.3408744898,1224.45082346939,1644.97187346939,1600.47318367347,1716.88785418367,1417.19769285714,1486.79859489796,1496.14984,1455.15672346939,1580.32827142857,1899.37971530612,1434.27900102041,1908.47997040816,1749.21271326531,2465.1246755102,1637.45779795918,2195.92161428571,1273.91635816327,1828.52117653061,1853.40705204082,1819.53339489796,1903.36205612245,1732.52111020408,1954.85860918367,1952.87150816327,1985.9269122449,1904.2002377551,1791.19802244898,1820.88075,1626.48936632653,1630.57180408163,1229.66168469388,1885.25974183673,1335.66507142857,2117.42726734694,1616.72002653061,1250.48672346939,919.583089795918,1551.35139642857,1945.26984387755,1430.39381122449,1778.66732244898,1562.25697142857,1370.99437653061,1746.48895714286,1649.78570408163,1625.53732346939,1359.93202857143,1608.50894387755,2030.72546938776,1885.22571734694,1676.36919693878,2105.62839183673,1935.67328979592,1544.83000918367,2069.57136836735,1557.18716020408,1978.1459244898,1903.57158571429,1507.55975102041,1410.9024122449,1433.3236,1742.24713571429,1931.31296836735,1417.5179255102,1948.67594081633,1312.48878061224,1534.46403061225,1870.52915102041,1463.28579489796,751.600365306123,1732.90624489796,1311.97228163265,1875.0755877551,1786.82708877551,1315.08135612245,2089.23753265306,1349.20428469388,1472.64979795918,1928.06352142857,2062.86071326531,2045.37186530612,2204.74835714286,1140.25321255102,1185.11316122449,1571.11513265306,1616.33769489796,2036.09944489796,2045.0716244898,2456.06843571429,2217.50232857143,2105.01894387755,2144.4067,1708.4060122449,1463.04892755102,1959.78643673469,1123.74832959184,1328.10719387755,1358.92641428571,2217.25885204082,2392.50083979592,1648.75830612245,1546.48052857143,1569.08065306122,1437.91685408163,1425.95458673469,2565.52694081633,2085.51975612245,1806.76007653061,1432.97063979592,1652.97079346939,1294.35639693878,1208.74819897959,1410.30792653061,2017.50174591837,1568.77116020408,1575.11575204082,2131.92550306122,1191.48662142857,1789.06233061224,1751.71467244898,1750.11086122449,1452.36277244898,1798.21870306122,1872.62727653061,1838.28191734694,1601.21941112245,1419.74966938776,1984.51059,2201.60871938776,1653.61104897959,2047.69418469388,1639.01810918367,1605.91195510204,1867.42641836735,2151.23311530612,1701.37755918367,1620.45429897959,1686.9779244898,1949.57684897959,2214.46050408163,1673.17155510204,1824.72405612245,1299.20328163265,1655.05903061225,1888.37909591837,1502.78998265306,1725.62221632653,1763.43650612245,1140.88796020408,1396.50561836735,1658.98526632653,1337.51302346939,1046.72834285714,1494.37487244898,2029.07513673469,1129.56094387755,1657.86282755102,1619.27225204082,1264.88573979592,2001.83528061225,1495.9408244898,1882.4047755102,1664.57320408163,1152.17993163265,1519.35268510204,1633.24428122449,2058.40254693878,2148.9365777551,1569.83528877551,1198.92506632653,1829.73999959184,1443.33422040816,1298.39062040816,1855.20382857143,1717.09223265306,1638.6399877551,1807.02318061225,1832.90130306122,1635.41505,1519.68746306122,1918.02406530612,1667.22992857143,1477.3505922449,1762.83471428571,1816.53348265306,2234.47779795918,2012.6156744898,1938.33140040816,2032.37865714286,2326.99855306122,2023.08161836735,1567.32871428571,1436.04256428571,1963.03832142857,1932.53826326531,1413.8095877551,1342.97064163265,1411.39715204082,1977.78446938776,2429.88617653061,1696.47705,2278.1576877551,1870.76917959184,1907.25653061224,1805.76616428571,1425.97388367347,2063.42866112245,1288.85822244898,1793.34579081633,1461.45136122449,1572.11896836735,1731.61725918367,1968.82412346939,1225.95073673469,1872.79021020408,1864.4737877551,2010.90344,2199.77619897959,1956.45492142857,1872.47875918367,2110.02989897959,2094.29085204082,1740.79652346939,2003.99959285714,1645.1535622449,2049.71319387755,1967.66615306122,1405.49570612245,1642.06723163265,1876.30144285714,1478.88219897959,1168.90483163265,1566.7010122449,1613.95207653061,1944.56826530612,1823.26287244898,2156.75688673469,1571.03755306122,1874.47480306122,1762.28893163265,1835.23453571429,1627.62374693878,2229.9258122449,1680.30758673469,1982.70551734694,1743.13339357143,2158.18451836735,1803.80220816327,1854.33170510204,1961.16072653061,1876.62776183673,1633.85750816327,1867.64678877551,1911.77314387755,1704.66919693878,1270.22130204082,1901.43339693878,1830.07656122449,1917.78831632653,2036.93302244898,1820.84551620408,1279.34093061225,1948.91869765306,2282.70534183673,1582.32837959184,1607.07996938776,947.957019387755,1221.30566938776,1872.53104591837,1319.71043979592,1633.36349897959,1920.66661020408,1969.01489285714,1961.49002040816,1785.36915,1099.11907755102,1760.20386020408,1363.12647836735,1653.98686122449,1317.51774897959,1384.20885204082,1466.09042040816,2116.4967377551,1856.19643469388,1836.38578877551,1260.00278979592,1248.04180816327,2029.00898673469,1601.97579081633,1566.15875204082,1881.30327959184,1599.07836897959,1862.22586020408,2084.49732244898,1582.66595408163,1137.38406020408,1362.98691428571,1738.74685,2096.36858081633,1572.21259591837,1229.7990744898,1226.97586632653,1156.49102102041,1840.2462877551,1797.58784489796,1695.7911877551,1755.66219795918,1676.37395510204,1114.42285510204,1218.33305714286,1912.37212244898,1386.51546938776,1071.94895510204,2091.2346877551,1272.21940816327,1634.75081020408,1700.02357040816,1885.3985744898,1783.42267959184,1267.52435204082,1082.34321122449,2081.04840714286,2158.6782755102,1392.27572632653,1215.24956632653,1597.90485408163,1637.98380306122,1571.49717622449,2451.7152755102,2229.91446428571,1213.28123367347,1348.02432755102,1671.97777857143,1039.10007653061,1437.67225,1336.62465408163,1125.14212346939,1263.76000510204,1616.42914591837,1374.12328877551,1880.74162040816,1638.55641530612,1936.6186622449,1857.54516122449,1676.47472244898,1472.87641836735,2039.35429489796,2047.0211055102,1747.99348877551,1125.96418265306,1141.77715204082,1722.76481020408,1474.71870918367,1436.43211020408,1721.25536938776,1640.20703673469,1878.10719591837,2058.90014489796,1894.88795612245,2294.91170918367,2020.42085408163,1657.3858255102,2140.83791734694,1619.55148061225,1938.70882244898,1753.20176530612,1750.44036959184,1798.8476877551,1328.35838979592,2023.77933163265,1193.66494693878,1582.20953571429,1921.04680816327,1951.3905377551,1802.84824693878,1467.57215306122,1799.99549897959,2169.34505918367,1815.38226938776,2127.52297244898,1579.91875,1160.88072653061,1095.59420816327,1570.5350122449,1546.6577122449,1465.73101938776,1189.72765714286,1609.94966428571,1908.21418469388,1791.65760816327,1991.34633163265,1321.82633673469,1493.19103367347,1835.52938979592,1703.25425306122,1713.61627040816,1867.13781428571,1564.07992244898,1146.66076938776,1812.88972142857,1956.03186632653,1740.52958979592,1793.76525204082,1938.00364897959,2130.16342142857,1909.04359367347,1563.6930755102,1216.99203489796,1623.02407346939,1847.8423255102,1987.73038469388,1958.17828918367,1526.61377857143,2126.30007571429,1613.52995595918,1644.33321326531,1600.21612653061,774.633957142857,1488.40524387755,1631.02502755102,1851.83505102041,1876.48146632653,1264.40478877551,1931.15478673469,1519.91440510204,1572.93748265306,1909.64094183673,1857.54320408163,1560.11719795918,1498.25815510204,1454.40094081633,1822.67393673469,1771.48847959184,1681.40945510204,1162.13520204082,1332.64556428571,1787.04005102041,1787.81149489796,1473.80800102041,1875.20083061225,1506.69434897959,1402.09302142857,2084.86371020408,1983.88076428571,1569.0317744898,2073.0721877551,1940.41420306122,1594.04954795918,1468.33533163265,1685.40896734694,1585.94064387755,1793.18231326531,2009.8142244898,2566.58326122449,1519.34993306122,1525.07024836735,1825.63191428571,1757.00568265306,1635.01238265306,2154.72005204082,1824.56747653061,1379.92145102041,1378.99161938776,1544.76029897959,1500.7697,1777.68305918367,1358.54879591837,1200.01044591837,1670.10198163265,1517.96401938775,1992.81655408163,1138.89890102041,1739.77253979592,1214.39277755102,2050.78073571429,2053.39574591837,1777.83718367347,1904.94513673469,1535.91063469388,1507.9494044898,1950.93608163265,1721.86925714286,1295.72188469388,1705.98087142857,1675.78090102041,1336.86042142857,1627.93803367347,1208.87906530612,1417.8343877551,1430.11907102041,1961.03497959184,2173.92338673469,1963.20513979592,1192.76454693878,1728.21568979592,1640.86062653061,1028.97973265306,1354.6016744898,998.882441836735,839.28203877551,1322.37495714286,1507.32432959184,1665.33766428571,1890.00278265306,1151.73610816327,1329.05334693878,1667.17501020408,1830.33596836735,1658.43583061225,1951.70976326531,1406.18497040816,1860.38310306122,1090.80235714286,1672.82663163265,1633.81991428571,1825.63607857143,1751.03643979592,1211.03083061225,1835.35921734694,2066.33426938775,2000.61846530612,2042.31905816327,1789.34823265306,1231.75129693878,1947.89791632653,1469.6358355102,1562.18300408163,2196.80336938776,1931.7568077551,2197.83271428571,1991.08203877551,1528.03271908163,1728.95428571429,1655.29023469388,1865.0620244898,1339.88281938776,1757.34821530612,1961.62221428571,1908.87659265306,1705.58190112245,1389.75686938776,1754.49537755102,1605.36247346939,1961.40338163265,1631.93832244898,1744.38345714286,1405.80635714286,1782.77933367347,1766.90965918367,1819.2160755102,1411.17832142857,1520.15088367347,1784.44632755102,1527.11530714286,1849.38049469388,1549.15607857143,1627.1943,1746.21152040816,2010.73574897959,1231.71539795918,1050.86002755102,1240.53360714286,1739.07734387755,1899.99106734694,1942.89487959184,1801.93163877551,1410.49200408163,1437.35358367347,1318.04578877551,1821.6211255102,1775.77139469388,1408.4452744898,1389.26282040816,1166.32873163265,1524.42045306122,1671.51817122449,1355.33212142857,1845.68564591837,1693.69599734694,1229.04424867347,1522.72686020408,1626.5336,1686.79660714286,1598.17542040816,1726.05937959184,2023.82838673469,1675.09876632653,2417.92412653061,1873.49869285714,2162.63926326531,1585.35589897959,2024.01531734694,1747.41037857143,1827.92372346939,2227.81698979592,1864.44865306122,1256.88873877551,1614.24828367347,1870.19354081633,1575.1024122449,1750.79441530612,1405.83966979592,1328.11839081633,1489.39665510204,1825.53916836735,1195.64595306122,1857.95436122449,1898.07643265306,1747.87834285714,1324.0875622449,1777.36914489796,1835.69311632653,1336.22486530612,1854.86754530612,1714.728435,1513.57455510204,2198.05861326531,1423.31966836735,2183.30117653061,1401.26091020408,1392.01443163265,1721.29577683673,1480.3178244898,1590.48266122449,1574.33835918367,1660.36374918367,1526.36509387755,1435.87559285714,1854.76809795918,1821.17481020408,1818.30913469388,1321.27898673469,1810.87363163265,1706.15523285714,1872.4692877551,1676.48414693878,1569.50773367347,2038.10679591837,1579.36514693878,2064.26453571429,1966.68244489796,2014.3331122449,1715.13246530612,1840.77037346939,1796.1817744898,1497.31955918367,1540.93997959184,2141.77649795918,1739.50898061225,1493.78045714286,1504.98069285714,1604.41016530612,1658.20141530612,1606.5577744898,1700.83560285714,1769.29982040816,2098.9947744898,1528.03916020408,1620.23737755102,1818.86824081633,1844.48659795918,921.038353061224,2224.66451734694,1580.57500714286,1141.84670714286,1896.63370306122,2099.70681020408,2296.74867346939,2421.54280755102,1487.20709244898,1863.79627959184,1721.1578627551,1706.92866020408,1534.09630581633,1846.24790204082,1678.40271836735,1718.54653061225,1747.99301122449,1427.04627346939,1995.28247959184,1524.17044918367,1580.00430102041,1761.27941142857,1712.57900408163,1160.54195,1602.49563571429,1009.46108857143,1162.39321571429,1232.4473044898,1634.10715612245,2253.71378367347,1671.19562,1623.04326530612,1259.73179591837,1352.7358755102,2082.30829795918,1332.48968163265,1577.16455816327,2023.98179795918,1953.45000612245,2008.4021755102,2371.31415102041,1535.08,1597.29911326531,1277.49210816327,1818.20516122449,1579.04420408163,1966.24775510204,1815.78014387755,2025.76142346939,1866.10913469388,1696.5445755102,1448.31975816327,1689.48947653061,1239.45288877551,1294.89677653061,1551.55332142857,1490.02087040816,1743.68338061224,1419.30209142857,1604.11246326531,2043.61364387755,1605.82163469388,1923.62123367347,1925.16553265306,1681.16471122449,1079.04801122449,1716.4437244898,1594.86856428571,1648.45775102041,1669.83186530612,1715.60360204082,1742.8190377551,2070.5221505102,1880.67962806122,1707.52498265306,1522.41404693878,1450.17504285714,1778.98102040816,1839.6351755102,2254.75792653061,1713.26876428571,1284.72391836735,1650.97981428571,1801.89302857143,1789.55456428571,1656.96370204082,1468.6965755102,1323.72683469388,1683.77897142857,1827.05874795918,1965.65625102041,2279.9345122449,1822.61794178571,2407.22555204082,1459.78816734694,2006.40870918367,1776.63186632653,1628.5281622449,1839.4001377551,2010.93453367347,1873.04945306122,1783.48421632653,1390.11716326531,785.647478520408,1481.69270714286,2201.88054387755,1495.38863469388,1992.03348571429,1642.86575020408,1828.59863795918,1444.59622959184,2119.72607142857,1559.51586020408,1552.23565204082,1680.90474591837,1934.93005306122,2317.47643163265,2071.06873877551,1384.71307244898,1919.87431326531,1873.02754897959,1323.63294795918,967.043665306123,1008.51612816327,1145.84038673469,1102.65023877551,1479.98504285714,1621.96596734694,1691.62862459184,1717.77018959184,2043.56970306122,1560.00323571429,1349.31376428571,1406.45048469388,1805.16497653061,1502.06877,1841.33519285714,1344.81772346939,1505.78629285714,1922.93026734694,1490.8989,1861.10491836735,1944.10565204082,1857.83740714286,1653.53058367347,1737.06024204082,2019.23540510204,1687.26376734694,2126.9728755102,2240.8660244898,1766.0489877551,2025.6632,2090.63665816327,1624.43773571429,1553.74843204082,1443.09445918367,1609.4209,1572.74747244898,1551.68521632653,1835.91679897959,1651.5467,1768.54443469388,2151.70376836735,2244.30988673469,1022.69843346939,812.380083469388,1205.48280102041,1757.11284183673,1491.47496836735,1628.9437377551,2077.38467346939,1575.87458979592,1616.5654755102,1991.78921326531,2226.61306530612,1959.46943469388,1603.72444816327,1178.5911744898,1746.90691428571,1636.99974081633,1885.00909244898,1904.33935816327,1750.56061428571,1467.15532244898,1803.45558265306,1807.28864897959,1804.89421428571,2367.36473163265,1998.56513367347,1554.18581632653,1928.28666530612,1876.63285816327,1565.13398469388,1557.68257653061,1242.66426122449,1361.13487653061,1655.89275306122,1560.1234877551,1669.41931122449,2072.47159571429,1671.35426979592,1402.70783367347,1955.90860326531,1403.41706428571,1855.25600816327,1496.6084244898,2064.38541938776,1580.63676836735,1773.87266632653,1830.3609244898,1642.94862346939,1754.89316163265,1796.37842755102,1615.31961632653,1402.2395622449,2244.53483469388,1812.59668061225,1843.2201622449,1619.61216428571,1822.17595612245,1762.67809591837,1981.68281938776,1913.84262040816,1717.14344081633,1943.74791020408,1886.7048622449,2012.75934693878,1922.82413571429,1941.67390918367,1826.43625020408,1451.29202346939,1473.22323265306,1867.88346836735,2105.2479622449,1311.67119979592,1653.93570612245,1903.2818027551,1976.6206377551,1771.96799306122,1738.20992244898,2026.01714285714,1884.32211734694,1727.73640714286,1950.89689795918,2108.54053367347,1682.28649795918,1587.83229183673,1960.37814183673,2578.7244755102,1931.1302244898,1536.81293367347,1447.82294795918,1504.25213877551,878.500759183674,1117.85541734694,1180.21246938776,1246.32781632653,2245.62886734694,1192.29698265306,1638.85239081633,1584.7914244898,1204.54028265306,2093.62126122449,2001.26286326531,1990.36439693878,1810.21933061225,1625.27425714286,1749.0757755102,1770.6227244898,946.959670408163,1245.78414795918,1166.68036734694,1992.53900306122,1758.02804387755,1519.81571020408,1903.37987040816,1594.36189795918,1806.45853571429,1731.4920755102,1432.07164897959,1744.72465714286,1736.97931428571,2193.94995204082,1886.75724183673,1390.93354387755,1284.37122244898,2017.53896836735,1411.55510408163,1618.4392744898,1752.34374795918,2018.54649489796,1577.40650612245,1239.48230704082,1521.02026632653,1428.74976020408,1814.12252755102,1407.22529438776,2025.44521326531,1653.44654285714,1344.37451122449,1779.59142959184,2067.88721428571,1875.67848673469,1830.16714489796,1757.12839285714,1666.67184081633,1717.75886632653,1656.84790510204,1597.08604489796,1503.01980204082,1590.50294591837,1218.20142183673,1591.07554897959,1697.26091020408,1548.05242142857,1634.49992346939,1321.99470816327,1706.45121428571,1739.23770816327,1202.36716122449,1755.57031336735,1776.6064244898,1660.24661632653,2158.88503367347,2234.80272040816,1953.42937857143,1558.48076183673,1498.36265183673,1878.74129285714,1537.99221040816,1904.67532755102,1118.07603367347,1192.68024693878,1516.09647244898,1595.84754387755,2331.64318061225,1832.01569,1871.09050306122,1746.31293571429,1932.19093265306,2323.74503571429,1774.33754240816,1275.14729693878,2242.39334081633,2767.63709795918,1675.91940714286,1523.2889622449,1759.60440346939,1604.77685408163,1789.23805306122,1636.50400306122,1666.38633877551,1518.40196734694,2206.09007244898,1912.40928265306,2007.16792346939,1739.98518367347,1567.95540142857,1992.69610306122,1917.94244387755,1769.84124959184,1804.82120816327,2313.90775204082,1719.08906734694,2319.32123367347,2058.3855877551,1663.05211122449,1734.50957887755,1292.09489591837,1188.96752755102,2102.40094387755,837.937885714286,972.911029591837,1485.54879183673,1416.65174897959,1662.80532346939,1698.48890510204,1664.52917959184,1148.83961734694,1465.42329693878,2362.20995918367,2128.65925306122,1101.63432346939,1133.6265755102,1527.81223469388,1216.55431020408,1463.00851530612,1846.44319489796,1252.28474285714,1947.5146255102,1667.35195,1439.70796428571,1860.28276561224,1941.26127326531,1713.59561326531,2137.17391530612,1607.3569805102,1757.0839744898,1387.35111091837,1350.27619591837,981.541669387755,1458.69019285714,1424.72372857143,1476.39301734694,1370.48900204082,1348.92531020408,1638.45665918367,1536.95410408163,1486.80117530612,1637.87799693878,1838.70460714286,1901.87739591837,1665.45884897959,1258.76286326531,1026.93337959184,1417.65613734694,1355.87848836735,1498.96345602041,1635.45955806122,1109.41746591837,1603.10289683673,1322.50501846939,1678.55335816327,1741.02680428571,1332.2274877551,1974.18708673469,2235.78281428571,1555.18760102041,1395.62662142857,1943.39866632653,1661.5076877551,2333.93106938776,1873.59367244898,1332.18475,2311.55127755102,1897.59271836735,2035.36669183673,1977.99759693878,1332.04380306122,1197.71791938776,1593.34845510204,1698.07361428571,2079.48952959184,2403.17437959184,1035.67598469388,2011.3365622449,1178.62026428571,1892.90759693878,1854.40443265306,1056.16742653061,1016.0344377551,1830.97450918367,1186.92782857143,1329.9240744898,1625.7520494898,2236.38174285714,1265.78991428571,2196.92139081633,1882.76350306122,1643.88645816327,1747.12364285714,1942.53032010204,2083.90683571429,1699.98680408163,1821.23630306122,1841.98052040816,1900.19969285714,1967.7472105102,1996.32317346939,2018.92059897959,1878.10406632653,2354.6980122449,1973.15997040816,1719.0890622449,2016.17208673469,1670.12835816327,1767.29519591837,1780.81838367347,1798.76945714286,1710.63682959184,2080.89158163265,1932.76594591837,1526.92079285714,2096.30118571429,1141.96508571429,2035.51115204082,1362.0765744898,1665.76339489796,1535.68324153061,1837.52575306122,1385.12744591837,1467.87313061224,818.869391836735,2028.86385816327,1586.22454693878,1766.54620612245,1405.17558285714,2115.12170612245,1937.12614897959,1352.74828061224,1214.29826530612,1736.28586938776,1547.77519489796,1501.8495877551,1459.67993367347,1317.07654897959,1771.48295612245,1822.08341836735,1901.27646734694,1623.46558469388,2056.14134591837,1964.68278673469,1915.74028979592,1657.70023571429,1561.26705510204,1358.39865408163,1832.37530816327,1926.35501836735,2001.14574387755,1431.6456255102,2183.23013877551,1512.11694183673,1932.00943979592,1488.50203877551,2024.18221530612,1801.40820204082,2478.65823673469,1953.16403061225,1421.7726,1340.54744673469,1618.79272040816,1058.11979285714,1593.70362857143,1550.49762244898,1616.91704183673,1800.88546428571,1778.28525102041,1673.54995408163,1756.89710104082,2124.65356632653,1446.33768367347,1601.65544387755,1688.95828346939,1723.08670306122,1619.2456255102,1127.62713744898,1887.28954081633,1646.52764183673,1956.94377857143,1496.03430714286,1834.19662040816,1930.94026734694,1681.70152642857,1158.35530918367,1866.17180816327,1821.89232346939,1800.14285612245,1021.44421428571,2207.21147,1927.51165102041,1825.25714663265,1855.02203642857,2064.75008061225,1946.45269489796,2030.1269877551,1729.51276836735,1217.9699744898,893.404130612245,1120.62130408163,2180.46215816327,938.830280612245,1860.5788944898,1700.5992377551,1559.99206734694,1393.05145816327,2043.50941938776,2189.36662244898,1606.48457244898,1694.96623367347,2245.13430204082,1679.6254877551,1922.85055918367,2083.47588265306,1591.57754387755,1578.62208816327,1815.49314897959,1824.95713163265,1661.82704897959,1706.88432244898,1567.26050102041,1704.32636530612,2032.60473877551,1742.53497653061,1663.21131295918,1712.10002755102,1847.16058571429,1705.1914744898,2025.88705,2004.4698622449,1730.85544795918,1845.38784387755,1851.61005102041,1625.76975816327,1212.79622244898,1747.63428367347,1624.94766836735,2303.80626428571,1678.57903469388,1969.47951020408,1951.25969693878,1390.01335612245,2008.04888163265,1932.5351877551,1663.31862959184,1445.82744693878,1238.47469183673,1472.86915408163,1398.60505,1628.09504081633,1951.04981428571,1440.01111020408,1825.66330510204,1675.23490918367,1886.14371632653,1278.63578163265,1421.5761255102,1116.00937959184,584.650466326531,1439.28396428571,1692.51674795918,1916.22335816327,1355.02122959184,2182.40147244898,1571.86504285714,1927.41656836735,1951.64132653061,2072.96106632653,1569.31223591837,1511.20855918367,958.812128571429,1333.08528571429,1304.38952693878,1806.20391122449,1164.47311836735,1078.85641020408,1357.83733265306,1900.49500204082,2424.68391020408,1733.88442346939,2201.86264285714,2156.03964489796,1949.03773367347,1784.52867040816,1372.47771122449,1437.90953571429,1620.19040204082,1057.46820510204,1258.11910612245,1602.25243387755,1602.73983979592,1643.39273673469,1984.38523163265,2124.55693571429,1899.79556734694,1935.11558571429,2015.35345510204,2355.76260510204,1525.09539285714,1479.82892244898,1862.97035408163,1343.61275510204,1755.20054081633,1664.07898265306,1960.7755377551,1976.53693979592,1695.03931734694,1485.52170102041,1607.67276530612,2227.70312653061,1834.24369285714,1849.54129387755,1934.82881938776,2249.35064285714,1925.21005306122,1923.36297142857,1495.90995204082,1586.57668673469,1546.74380561224,1584.5701244898,1447.52390816327,1412.28677244898,1366.35641428571,1842.36467244898,1129.14214387755,1434.50977040816,1592.96330918367,1870.42932040816,1549.30662653061,1825.77408367347,1984.92790612245,1463.79924489796,2218.28754897959,1496.50704489796,1768.24281428571,1760.06073163265,1382.62045714286,1025.23206836735,1644.51622142857,1756.04730102041,1483.84106938776,1537.19638163265,1817.53297142857,1633.80429285714,1916.34339591837,1880.6132755102,1806.95065102041,991.640096938776,1424.02486122449,1551.34077857143,1438.3032744898,2052.62977142857,1633.54113469388,2041.23366938776,1743.97245510204,1940.73962857143,1338.85507857143,1345.19189897959,1387.00230714286,1325.76988163265,2177.27538673469,943.10881877551,1945.21811632653,2101.45605714286,2139.29145918367,1851.46732346939,1610.21249081633,1971.68403265306,1964.00691836735,2280.76503163265,1896.97686734694,1728.9141622449,1275.93175816327,1526.8891244898,1526.51874387755,1603.51995,1219.02163673469,1762.67825612245,1426.26314693878,1802.64593367347,2203.76452040816,2194.12197857143,1933.59366734694,1891.19474591837,1240.27318061225,1698.19068877551,2214.57714183673,2201.43619183673,1816.16990989796,1294.96977755102,1617.58186326531,1776.77311734694,1815.55655816327,1579.34483673469,1605.89022244898,1804.37932244898,2093.72441938776,1795.3403744898,1735.00567040816,1306.23293571429,1639.59183857143,2141.27796632653,2194.12595918367,1719.63225816327,1499.97972244898,1690.31231632653,876.351635714286,1366.18099693878,1467.58121020408,1701.52748163265,1842.39391836735,1515.10686326531,1212.88076510204,1219.67406020408,1134.67640408163,1893.23402653061,1611.5899755102,1958.78983673469,1953.19290918367,1479.74260306122,1606.16049489796,1316.0660755102,1458.55724591837,1170.80575306122,1481.92271734694,1928.33656530612,2179.24609795918,1905.90351122449,1969.52820918367,1766.29344693878,1297.44366938776,1347.83454693878,1835.69141632653,1523.80161326531,1989.75088979592,1800.70427755102,1617.07315408163,1847.40876989796,1715.51644795918,1836.03315612245,1765.35812561224,1663.1917122449,1434.17409693878,989.690489795918,1259.96039387755,1938.27464489796,1551.34575816327,1461.3419122449,2185.44838061224,1963.11889285714,1404.76889693878,1679.17605306122,1539.9588255102,1716.84819693878,1245.49957244898,1765.28578979592,2012.83597653061,1793.53822785714,2310.9317122449,1719.88856428571,1900.37976122449,1980.59314489796,1812.98212857143,1764.29275816327,1081.00072959184,1519.11544653061,2163.30196020408,2144.95187653061,2376.9518377551,1882.85799795918,1709.45602857143,1631.79141836735,1609.62914285714,1730.23395,1197.85413469388,1711.89891122449,1854.11970408163,1728.47863765306,1232.93228979592,1615.48712142857,2145.08365816327,1523.55374693878,1457.00203571429,1092.82534591837,1404.11589183673,1277.96884693878,2414.65397387755,1856.89049693878,1446.37348877551,1774.0564622449,1626.6489244898,1797.59735,2128.89424897959,1452.68139020408,1706.95977122449,2195.83693163265,2298.35946061224,2194.33090408163,1871.61835612245,1627.35226734694,1561.51203693878,1802.2763622449,1621.7574,1997.29215408163,2038.98832346939,1803.78761020408,2360.36404387755,1861.0651755102,2072.06062142857,2004.79790918367,1712.68974591837,1819.48184489796,2420.48809693878,1624.93699183674,1467.39525102041,1856.99201734694,1972.80159795918,2022.17499489796,1678.45066326531,2044.21016857143,1503.75687142857,1776.36823326531,2143.71435714286,2287.31188061225,1679.96449795918,1324.34236938776,1563.27997142857,1141.13025306122,1313.89467653061,1646.49434795918,1978.5215,1880.82242653061,1437.45715,863.950156122449,1596.71791530612,1723.39288367347,1528.52484387755,795.911379591837,1623.89248673469,1395.44039214286,1642.01371734694,1579.19525306122,1713.35981204082,1052.59970204082,931.047074489796,1304.55926326531,999.193718367347,2263.59446122449,1909.87594081633,1517.63135612245,1412.34624081633,1699.3190877551,1505.85311632653,1938.34906734694,1927.79637857143,1486.29576020408,1854.83250612245,2037.55544183673,1696.21118163265,1640.76200612245,1736.39795408163,1839.98551632653,1559.33163061224,1628.13303673469,1823.66981122449,1535.58981530612,1798.50779591837,2128.94203367347,1970.57379693878,2076.75673367347,1619.98975285714,1948.75435714286,1077.54417857143,1896.59082142857,1615.02182959184,1192.91508673469,1202.65878061224,1363.21814897959,2176.35272244898,1992.85993265306,1930.69082346939,1804.3850244898,1855.5612377551,1470.11976122449,1869.14415408163,1253.75427122449,2022.1897622449,1621.84795816327,1742.36425510204,1218.19398367347,1770.31662346939,1756.90701530612,1402.8176255102,1962.48590102041,2056.97720714286,1263.42682346939,1671.42468163265,1559.49801326531,1597.46458367347,1709.14254285714,1585.69163367347,2176.89339081633,1803.86104591837,1870.10143673469,1628.10590408163,1866.82281938776,2266.2097,1249.8783244898,1973.24653163265,1221.83437755102,960.68181122449,1385.5762622449,1789.88897040816,1527.40084285714,1894.09552857143,1802.72787142857,2061.74443826531,1533.02122469388,1938.00495510204,1192.71360306122,1264.0993377551,1251.10656122449,1557.92521938776,1589.96789591837,1660.51060816327,2142.36525612245,1688.65544897959,1467.83891428571,1273.47193897959,1916.07354795918,1593.85369489796,1430.2230377551,2022.32216326531,1742.40570918367,1814.03659693878,1631.48918877551,808.484454081633,1189.5942372449,1678.1750622449,1405.86513469388,1683.96559489796,1464.29753265306,1204.78561326531,1712.31830714286,1483.84502142857,1509.41562040816,1956.20161632653,1916.06181530612,2127.97475510204,1753.29815510204,1549.47518979592,2273.02624795918,1943.78508979592,2038.34790326531,1791.77253979592,1429.28952346939,1282.13162346939,696.864246938776,1582.49466734694,962.258736734694,1267.19759387755,1401.47660102041,1743.5897744898,1854.40224897959,1466.21153469388,1205.03661020408,1271.11793367347,1529.56224591837,2219.34356326531,1941.94199897959,1451.93306836735,1615.6858377551,1945.15772040816,2015.68655102041,1723.17062030612,1867.81354918367,1667.73307653061,1714.18613979592,1812.88418469388,1879.04141122449,2019.29396938776,1935.57460918367,2371.40784693878,2186.58951734694,1252.70582653061,1390.71060204082,1469.24445816327,1252.24393979592,1257.35675816327,2127.44992653061,1852.01554795918,1516.95875632653,2408.79158571429,1791.14195714286,1572.98234489796,1930.69850816327,1244.55748265306,1608.50397959184,1256.47998877551,1450.78882959184,2024.09869693878,1864.69857857143,1304.20467142857,1909.42496836735,1768.64423877551,2189.14985285714,1965.67396632653,2369.07008469388,2181.76954153061,1250.1153377551,1508.44845918367,2197.89312040816,1971.94803173469,1561.27986908163,1847.22905102041,2174.16642755102,2320.13832142857,2329.25243265306,1545.34412857143,1448.46984285714,1629.24065714286,1461.10469857143,1305.15979285714,1489.44132142857,1784.03893877551,1866.22314183673,1714.33605816327,2210.34540408163,1461.46345,1911.13722959184,2175.14703469388,1047.74225918367,1456.17224387755,1866.2409622449,1910.62314387755,1337.93414285714,1718.42914795918,1581.74601938776,1263.64709795918,1262.57186122449,1327.60780408163,1561.70323877551,1584.23570510204,1461.60374183673,1089.00594081633,2060.62850714286,1554.07744591837,1496.11055714286,1965.40112040816,1541.23505714286,1775.17365714286,1503.69789795918,1828.40580714286,1639.44746122449,2315.25455102041,1910.1880744898,1785.58709081633,1524.94140918367,1572.93301693878,2075.0525244898,2048.95505306122,1426.69703163265,1877.5677622449,1688.69664795918,1098.83248979592,1468.70299387755,1382.99827040816,1300.22653979592,2419.92437040816,1442.91184132653,1523.9256622449,2004.88842755102,1616.74330306122,1637.3964255102,1827.96611632653,1610.84314285714,1631.85317755102,2099.31950408163,1872.30432653061,1681.95190408163,1867.01582653061,1417.65693061224,1675.68078163265,1281.23609897959,1611.35472244898,1507.87132142857,1162.42430877551,1450.84582142857,1672.93068265306,1651.10951122449,1762.41042959184,2295.48653673469,1915.02441530612,1607.39483673469,1878.67590510204,1906.6314855102,2185.14051326531,1797.22884693878,2179.71730408163,1550.27495408163,1087.99207142857,1851.2036755102,1650.64366979592,1595.64855408163,1419.66194897959,1942.40392959184,1757.77845306122,1953.03236326531,2006.77808061225,2428.59987959184,1957.54415714286,1734.53082959184,2397.62220918367,1682.72143653061,1733.18880408163,2150.67354897959,1852.34698571429,1682.72698387755,1938.71961428571,1019.17811020408,1580.7859744898,1836.32639795918,1785.12142142857,1584.43601102041,2091.00108265306,2043.76167244898,1996.83611132653,1712.15658030612,1902.57709897959,1257.46118265306,1437.49291632653,1669.72919489796,1930.689,1742.98759183673,1592.12194183673,2113.38292857143,1840.51818061225,2340.49300306122,2088.23718265306,1603.63030102041,1657.38866632653,1770.41496938776,1931.87221530612,1407.35122857143,1850.57989387755,2027.09468744898,1586.58386632653,1598.5415122449,1592.51147040816,1846.23900816327,1508.31757755102,1743.48767653061,2284.45390612245,2039.45645306122,1682.82233428571,2230.51420959184,2016.17536632653,1931.96749489796,1587.26196734694,1859.12606428571,1371.21666602041,2393.37929897959,1643.71730612245,1917.55906326531,1848.69214285714,1651.10151734694,1715.39855102041,2486.0878255102,1550.29863163265,1528.50021938776,1970.12761632653,1856.80705918367,1698.04713061225,1723.75927244898,2228.0854472449,1761.17218571429,1679.84430102041,1056.65179183673,2198.34489693878,1663.67827857143,1033.71787040816,1700.31132653061,1480.59445918367,1952.0755172449,1940.54430408163,1440.16777959184,1402.04439489796,1471.56253163265,1328.41847244898,1823.79667142857,1387.30471326531,1783.17335408163,2136.25757040816,2182.9904255102,1592.94634387755,1678.80267040816,837.738469387755,1238.76276632653,1515.22026734694,2118.05764591837,1176.28974081633,1501.41318163265,1423.53330204082,1291.30724693878,1895.84265204082,2185.24045204082,1296.92470510204,932.265051020408,1183.97390714286,1314.40001632653,1282.90604897959,1836.1362255102,1792.76458877551,1545.12531734694,1838.82669795918,1626.47930918367,1779.37986938776,1767.49388469388,1146.60769285714,1524.8626622449,884.240395918367,2274.83011020408,2029.02690204082,2036.7361244898,1760.15712040816,2516.55909693878,2133.61938469388,1692.654,1689.96723265306,1321.22529183673,2032.91459795918,1124.63931734694,1462.92485612245,2006.34117244898,2264.7940377551,2196.47301326531,1887.72342040816,2289.72603061224,1170.87633469388,1596.16258438776,1435.91649795918,1523.35895306122,896.329220408163,1402.39126530612,1914.03561020408,1722.85950714286,2007.99247959184,1824.47303571429,1859.33103153061,1853.49040918367,1735.69068469388,1699.56646836735,1857.61002683673,1617.47856836735,1926.05575714286,1455.25031530612,1581.33974268367,1290.20948105102,1903.47685,1577.56890816327,1472.20964061224,1767.30203265306,2025.00741326531,1822.38604795918,1991.90427959184,1839.73712040816,1439.90138367347,2175.71661428571,1667.30760306122,1745.07705408163,1214.07223061224,1362.11208061224,1465.34008877551,1982.34190306122,2057.15691530612,1961.32087244898,1950.4423622449,1568.04236836735,1460.52110408163,1700.88909693878,1589.38018367347,1604.84080265306,1655.30029285714,2278.56142040816,2021.06933979592,1482.25880632653,1737.00733979592,1547.80078979592,1424.03024795918,1698.30558571429,1984.71232142857,1703.09891020408,1210.28826734694,1206.46429285714,1716.50775204082,1717.10228367347,1263.93175612245,2133.55365714286,1563.96939081633,1403.85652755102,1263.83374081633,1258.84460612245,2087.78662244898,2088.01101938776,2076.82803265306,2077.39465714286,1807.88160918367,1476.02774255102,2302.29760204082,1463.75576122449,1765.90007346939,1962.03248979592,2229.61282010204,1982.93710612245,1952.80528571429,1517.4048755102,1805.52092387755,1508.01778938775,1453.26780408163,1973.10450510204,1764.66244897959,1740.59565408163,1779.5912255102,2040.71471836735,1136.54333571429,1494.87033367347,1135.05587857143,1449.70622795918,1572.93785,1390.08249183673,1395.56048265306,2154.17054591837,1405.4829,1768.40437040816,1536.41925816327,2020.59889081633,2082.97758163265,1816.87086316327,1122.27323489796,1606.9654877551,1707.44827346939,2128.63407040816,2278.43806938776,1788.16067653061,2102.1483377551,1639.81276632653,2026.38015204082,1919.14463163265,2019.42727040816,1374.8098622449,1715.02930612245,1919.45376938776,1828.74666428571,1618.67810510204,1796.38908367347,1560.10182244898,1283.33517653061,1575.64349183673,1836.47941020408,1355.81591326531,1684.14142755102,1900.50186469388,2129.28804183673,2039.86882346939,1901.70526530612,1684.61740408163,2018.69606122449,1929.31540408163,1821.41047346939,1513.6185505102,1410.63163163265,1442.4138877551,1232.64420387755,1576.23052346939,1177.37682959184,1411.10160326531,1405.13294285714,1695.89623979592,1667.18687857143,1489.62940816327,1454.9581755102,1250.86982244898,1957.83194489796,1448.22415816327,1439.64700816327,1521.26040918367,1353.44745510204,1799.24268163265,1792.57181938776,1990.13935,1238.42829612245,1484.40962714286,2190.0824255102,1621.98869285714,1790.99242346939,1626.98244285714,1480.25655979592,1126.62888897959,1355.25493367347,1736.8206744898,1907.46962653061,2033.78798979592,1673.24023571429,2002.59755204082,1901.73167142857,1599.57658163265,1362.46300612245,1665.77416734694,1740.47516326531,1848.8508755102,1486.47285857143,1232.61301734694,1349.27007653061,1860.96585102041,2099.12721326531,1861.60921530612,1876.04200408163,1457.69551326531,1907.99355102041,2116.1517372449,1205.08922755102,1501.46755602041,1677.95151795918,1767.81067244898,1265.20626632653,1555.41296632653,1362.41621632653,1617.47389693878,1508.40809387755,2080.72314591837,1604.27322346939,1727.34003979592,2312.76245204082,1456.03167040816,1340.2647622449,1512.72785102041,1520.25744693878,1438.17050408163,1579.5384444898,1650.33319693878,1891.90826122449,2208.57227755102,1598.89111122449,1993.94275408163,1735.67495102041,1759.94938367347,1940.34759489796,2245.37845204082,1716.01391938776,1556.70167571429,1791.20537346939,1748.3279377551,2340.91884693878,1487.86994693878,2168.36044285714,1621.51173673469,2134.89313673469,2093.62912857143,1622.43769591837,1367.83423367347,1916.19160510204,1932.13151428571,1608.99369285714,2139.45084387755,1682.38751122449,1921.14378061224,875.599771020408,2216.0004877551,2108.92961632653,1767.41735612245,1896.24211836735,1613.95305714286,1180.55034285714,1476.12240918367,1532.64639183673,1658.32370816327,1869.69135306122,1774.1755377551,1274.32083673469,1161.79367061225,1837.9518244898,1595.99873061225,2080.67644693878,1498.42175612245,1790.68134489796,2172.20958673469,2040.29625612245,1613.8071755102,1922.04957040816,1883.06778061224,1332.14317346939,1923.47853673469,1636.46114193878,1800.43288367347,1644.80141530612,1700.69076938776,1712.42085510204,1656.21485918367,1767.42670306122,1954.32120306122,1888.79825510204,1454.86297959184,1522.54361326531,1524.98357142857,1480.00096734694,1312.3585044898,1084.97905,1611.94736326531,1765.77143102041,1497.41928265306,1663.58254285714,1637.78424795918,2211.34057346939,1865.48163673469,1379.47001530612,1915.41071836735,1673.36220918367,1553.23640204082,1345.50275204082,1942.13408571429,2544.84723979592,1547.72707346939,1941.80289081633,1762.12218061224,1859.33005183673,1129.65220816327,2329.30943469388,1696.19963673469,1066.91903877551,1925.22734897959,1848.58518979592,2105.61366897959,2004.73085306122,1833.75708979592,2193.59234334694,1860.47963061224,1924.71829387755,1807.20139387755,2087.18633367347,1806.67126734694,1052.1773622449,1342.07986020408,1850.89770816327,1726.02465816327,1749.6284877551,1662.65274897959,1493.55809081633,1894.23685714286,1978.14317061224,1717.61351020408,2383.03647244898,2097.49329081633,1910.1619755102,2235.06015816327,1068.01295918367,1867.88820612245,1497.23173367347,1796.20711520408,1512.39099285714,1911.06859183673,1726.9022244898,1894.81010612245,1439.54730612245,1866.50796663265,1995.05951428571,1410.91310918367,1907.74894489796,1698.58159285714,1688.06128163265,2558.27960408163,1724.09323571429,1358.07982142857,1953.77561836735,1697.44299081633,1685.56176530612,1553.27740612245,1869.5400622449,1819.27113265306,1400.64171326531,1578.71937653061,2455.6334255102,1608.7608622449,2004.31321122449,1299.91366734694,1079.7281622449,1229.09026938775,773.552652040816,1617.93198877551,1766.76253163265,1616.46527244898,1785.92745510204,1719.32162040816,1576.53716938776,1964.33545816327,1802.7640377551,1830.19095714286,1628.38595714286,1357.40345408163,910.122470408163,900.090778571429,1118.33641408163,2015.98471836735,2114.98381326531,2191.35736734694,2095.93624489796,1333.6460877551,1354.0441244898,1154.37003163265,1454.78987040816,2084.81992653061,1770.43893367347,2026.90051122449,1191.57988826531,1720.03741734694,2032.9132755102,1673.34002959184,1685.38779081633,1566.40216020408,1977.73332020408,1891.59142142857,1654.54255918367,1213.81214693878,1581.54985918367,2213.46142346939,1714.27035306122,1554.26123061224,1322.75704183673,1556.9939755102,1833.52120510204,1209.90587040816,1666.0869244898,1742.74311020408,1974.66429387755,1477.90704081633,2009.12555612245,1301.19995306122,1625.61645510204,1290.99712857143,1419.80453469388,2054.56780918367,1495.28548367347,1114.74638469388,1760.00629795918,1753.23767755102,1405.2047322449,1612.68922040816,1739.81272346939,2002.01189387755,1644.68788408163,1769.48246122449,1434.02650244898,1099.49975,1177.20745714286,1461.66491428571,1608.44565714286,1164.6781455102,1117.67163469388,1365.74479183673,1317.24407142857,1454.06539387755,1405.38067142857,1380.76443877551,1677.29150408163,1958.2424877551,1761.68741122449,1550.01345540816,1406.73185306122,1591.7700377551,1888.20785408163,1625.39047959184,1573.14604387755,2169.15548877551,2493.36260816327,1939.83151428571,1705.58308877551,1705.79402040816,1714.58612142857,1517.01697612245,1646.08885918367,1764.69343469388,1574.80092346939,2147.49887959184,1612.07898163265,1726.07384693878,1303.15970918367,1307.27809387755,2016.87686428571,1714.89528295918,1271.04127857143,1639.59349897959,1720.61749693878,1899.64284693878,1804.62232040816,1721.30360204082,1829.32270204082,1987.26382959184,1530.37536326531,1933.11358979592,1621.7052122449,950.921325510204,1490.90337244898,1946.87850612245,1908.01338979592,1977.74644693878,2092.3096377551,1719.72332040816,1860.1944755102,1905.45728877551,1254.42077857143,1856.74901836735,1317.42937755102,1750.08214183673,1142.01047959184,722.564783673469,1171.53817346939,1203.72678367347,1168.31107806122,1723.05811836735,1466.69964081633,1834.0720122449,1542.72184795918,2111.61599387755,1618.33731326531,1725.79311530612,1056.13904979592,1084.31451612245,1983.48211734694,1581.88013744898,1434.22933877551,2185.62783673469,1782.72446836735,1820.75415612245,1917.62598877551,1440.04177244898,1663.46535408163,1897.13033163265,1946.49924489796,1463.25640510204,1898.71576734694,1115.65196530612,1185.27507857143,1281.72544795918,1363.50762857143,1655.81512102041,1508.93003020408,1490.80134081633,1312.51467755102,1326.06596632653,1293.59153877551,1833.43175918367,1643.0990744898,2005.22662244898,2087.49774663265,1479.17794897959,1930.06476632653,1543.7600377551,1521.10441428571,1656.65420204082,1751.60438163265,1828.72454183673,1608.88026938776,1494.02505,1688.61262244898,1560.65163163265,1551.58629377551,1333.3450122449,1086.33728673469,1572.38496632653,1971.90856938776,1665.26330714286,1834.11435234694,1869.39979112245,1748.40074795918,2155.38796632653,1712.28312836735,1507.42379795918,1269.3120122449,1852.74215,1380.28496734694,1810.79201020408,1510.80516020408,1977.01181836735,1755.54640204082,2065.69887336735,1488.15044959184,1471.61766122449,1719.64714285714,2118.22115612245,1484.68253265306,1503.18850102041,2049.24800204082,2000.33860714286,1456.63760408163,1375.34211326531,1432.58010510204,2126.91398265306,1960.17389183673,1766.88929285714,1826.20750816327,1393.60516836735,929.40816122449,1355.38190510204,1447.86687857143,1756.67130408163,1920.69329591837,1839.68729897959,1250.60681632653,1515.13675918367,1362.69664989796,2047.84600408163,1595.76100816327,1407.03658959184,2147.85624795918,2118.19135469388,1594.06319183673,1946.38239489796,1263.9084105102,1782.67241734694,1988.81577244898,2029.77415,1742.77935408163,1558.05377959184,1916.89346959184,1715.43212346939,1876.30508061225,1166.89840928571,1666.4731377551,2057.92694183673,1804.13288061224,2048.6341622449,1892.64250244898,2110.36640244898,1833.61506938776,2041.63024897959,1644.96821020408,1383.72703877551,1559.24331632653,1569.81882857143,1634.31164795918,1862.90352857143,1054.03911734694,1152.7167744898,1577.21959081633,1398.0522705102,1580.03539693878,1466.99457346939,1093.82005204082,769.13237244898,1857.2297022449,1813.16289397959,1660.02760857143,1427.90536020408,1229.73764897959,1243.76084183673,1321.23274489796,1981.48821938775,1385.72383163265,1454.3409377551,2307.56425204082,1409.46588163265,1943.86925612245,1611.07590836735,1332.16595510204,1321.91173673469,884.27108877551,1291.33329387755,1355.39313153061,1426.11202540816,1542.2211622449,1918.68985714286,1397.58448673469,1954.86932857143,1934.19722346939,1402.55223673469,1913.54552734694,1263.20989285714,1975.31622346939,1482.83956428571,1693.81567244898,1596.8464255102,1344.15027653061,1261.00185204082,1788.62823877551,1290.11158877551,1486.2385755102,1211.52515,930.318907142857,1332.77451428571,1408.78279081633,1345.57669683673,1309.87358367347,2117.89190408163,1678.53323265306,1592.34839755102,1409.72865510204,1875.68722857143
41.0816326530612,2088.57471938776,2119.68499081633,1764.36624897959,2426.26368979592,2122.22348061224,2382.47217346939,1853.26185408163,1797.56977755102,1808.4537755102,2001.07511428571,2071.47494183674,1900.85389795918,2065.89152091837,1962.5230544898,2204.4969044898,2054.04188693878,1490.82097346939,1916.68653061224,1478.47183469388,2104.86635714286,2085.78576428571,2168.6891244898,1963.20062040816,1897.63362244898,2210.30549081633,2102.34871734694,1979.67132857143,1470.25877857143,1927.33963908163,1972.26911632653,1022.94417326531,1786.05509489796,1744.07942755102,2104.46252653061,1842.08661632653,2078.71541020408,2396.64376836735,2387.95133938776,1831.20591734694,1894.50217653061,1647.00490204082,1543.09621020408,1943.81308610204,2031.67267142857,1697.53513163265,1928.13328061225,1747.56973061224,2457.53653265306,2042.57954714286,1605.79585408163,1509.45057214286,2440.66720102041,1897.47262755102,1844.59234591837,1784.63383571429,1697.37875102041,2113.0948755102,1757.45284897959,1783.22656020408,1803.65191836735,2156.77906428571,1739.31141122449,1992.91150714286,1632.39936122449,1882.67042653061,1943.24697857143,1754.30616326531,1683.54695918367,1531.54212857143,1561.41160102041,1376.9156255102,1423.36824693878,1474.93265918367,1418.34569387755,1510.30855408163,1275.55946938776,1721.57379387755,1466.81499693878,2230.52766734694,1785.58421632653,1808.19555612245,1743.28544693878,1970.30390510204,1805.34208061224,1855.41348673469,1956.45008979592,1795.1669877551,1532.03813571429,1478.96120040816,2278.14930714286,1603.68763142857,1933.81996285714,1724.97967735714,1801.89105408163,1984.53311122449,1880.69405020408,1625.04197959184,1802.91197346939,1396.07873673469,1473.01063469388,1710.98311020408,1631.07377142857,1730.13821734694,1901.48934183674,2081.20837436735,2227.60315612245,1318.85598571429,1812.07303571429,1744.3223877551,2075.69384285714,1969.01164387755,1944.32101122449,2019.90403469388,1388.9892755102,1733.99212163265,2313.717,1950.97291020408,1878.30552346939,1982.15846020408,2248.48283265306,1682.09698877551,1732.87490510204,1899.02425918367,1547.73974285714,2255.16627357143,1547.73948163265,1522.69261326531,2048.88626632653,2215.33045204082,1844.16862755102,1782.4180877551,2014.73604897959,1517.63089489796,1715.99032030612,2022.23406622449,1754.51015408163,2084.29313979592,2243.34458265306,1826.76166020408,2024.10218979592,941.730927551021,1131.61019897959,1632.9767744898,1698.30606020408,1880.66310816327,2186.10063061225,1755.86021428571,1782.46677244898,1737.72035102041,1832.75509387755,2049.92061122449,2213.5699377551,1253.67053061225,1559.97558877551,1325.39502653061,1640.81471938776,1612.1359744898,1791.12317857143,1833.27686306122,1574.77333857143,1516.28987163265,2057.84842653061,1522.66547653061,2012.15855102041,1528.46907755102,1442.77197653061,1385.62929183674,1640.83698367347,1492.1647244898,1781.8176964898,1946.8945122449,2043.80283367347,1896.04397346939,1482.37284285714,1902.81127346939,1643.94402346939,1522.51721632653,2178.58498571429,1444.2036755102,1629.04290193878,1353.38197438776,1349.07406428571,1755.53978979592,1859.68450102041,1985.42230102041,1598.90857346939,1713.02982142857,2293.26647040816,1445.87892755102,1707.34379081633,1409.35081428571,1673.41560204082,1988.14673959184,2420.57502244898,1649.07512142857,1620.70984387755,1711.86248163265,2052.93714489796,2056.7850744898,2022.02847755102,2433.85757102041,822.201791836735,1651.44009795918,1730.42661836735,1589.4826244898,2042.70172040816,2106.74633877551,1654.19880816327,1631.58795714286,1886.92106836735,1745.74166020408,1705.87033061224,2094.24697959184,1950.85173367347,2004.0221444898,2181.6005,1474.43321428571,1778.36230918367,1746.63767244898,2027.8506622449,1512.30374306122,1712.77024387755,1870.43315102041,1172.88849183674,1391.57960612245,1467.70029795918,1669.66410612245,2004.14563469388,1778.30611122449,1995.50345408163,1902.96929693878,2144.09324897959,1822.94289591837,2007.9587744898,1564.24978877551,1506.86874591837,1549.04591428571,1558.70891530612,815.595913265307,2105.17005816327,1667.61476632653,1678.56614183673,1210.85080204082,2105.41207857143,1726.64599806123,1715.40924795918,1836.01124693878,2066.95713265306,1619.14853979592,1749.78667377551,1886.18688704082,1920.76981428571,2122.00277959184,2002.01292346939,1856.87741295918,2219.56865102041,1712.20202857143,2319.67494183673,1721.49200306122,1757.03776938776,1889.71150612245,1950.60052244898,2125.29337346939,1929.45330816327,1872.44591632653,1690.59536530612,1869.78167346939,2053.06700408163,1524.26620612245,1999.63472285714,1293.35198622449,1847.06848673469,1955.76520918367,1561.26240204082,1674.70850102041,1589.92846734694,2321.61385816326,1794.26860102041,1610.10062653061,1665.12553571429,1386.20748571429,2190.03063367347,2360.82143367347,1563.57251765306,2060.80744285714,1858.71783367347,2072.91346326531,1976.64210030612,1965.45121020408,1661.49161734694,1509.73127346939,1996.82070204082,1872.16151020408,1764.40339183673,2124.13426632653,1091.38315,2112.91745306122,1864.19784285714,1686.49801836735,1459.37563571429,2091.59287244898,1780.94401938776,2269.29589285714,1727.56296938775,1554.51863877551,1606.24490438776,1778.56939959184,1573.02468877551,1291.74678877551,1634.50751122449,1609.45403061224,1730.69542959184,1867.14105306122,1728.80994183673,1887.71918673469,1903.99936326531,2334.04511122449,1906.88939591837,2054.6814755102,1957.43179102041,1421.26383897959,2105.01621122449,2469.10149795918,1629.35761938776,1649.1891755102,2059.78450510204,1241.75387653061,1757.87380510204,1729.41314387755,1556.4359622449,1699.0996,1981.60058571429,2140.14528673469,1694.37839795918,1649.17327142857,1060.75426428571,1978.88565306122,2028.18910306122,1278.83333234694,1167.74218367347,1498.59627755102,1900.33522857143,2129.88234795918,1305.88669081633,1272.19310816327,1528.16901122449,1480.40753571429,1084.54116428571,1655.92384081633,1597.90819744898,1730.72004591837,1831.52349489796,1566.26221938776,1295.5956622449,1690.96623979592,1395.42119897959,1405.69780714286,1976.42677183673,1994.97154387755,1856.12695816327,2163.63258306122,1743.17209387755,1414.94797959184,1556.82896428571,1708.16055918367,1793.31465612245,1603.20422591837,1360.24945,1682.10700102041,1334.37560816327,1722.39124285714,1516.56354489796,1603.14179591837,1673.82087959184,1781.93900714286,1826.69799387755,1761.30914387755,1596.40541632653,1557.59454693878,1987.81425714286,1797.8262877551,1814.25649285714,2038.08249183673,1642.43963673469,1183.60497040816,870.224923469388,1770.74160816327,1689.79242142857,2178.86603673469,1372.80515510204,1716.16108877551,1743.01236326531,1951.45991326531,1263.88274183674,1806.54022142857,1830.17666122449,2098.58945979592,2619.75092489796,1516.98730408163,1759.64466408163,1520.98679591837,2079.04967265306,1523.91838163265,1703.15367040816,1809.68378061225,1631.89467755102,1865.07850918367,1880.6502877551,2070.10250612245,1922.98686122449,1829.23258571429,1825.25118061225,1987.08949795918,2344.08528979592,1739.51287142857,2206.64703469388,2060.65196938775,1808.76264897959,1526.33054806122,1561.17789285714,1939.45918265306,2090.67839795918,1869.93875102041,1380.30516020408,1715.17934693878,1800.6987244898,1988.85490306122,1604.70091122449,1653.52099795918,1775.53296734694,1673.84689489796,1586.73553469388,1811.03057142857,2316.25713469388,2634.79903469388,1411.00713265306,2131.05963163265,2111.41542346939,1521.65704387755,1867.42885714286,1926.44207346939,1723.57958061224,1873.6377,1626.99343571429,1698.6290255102,1812.73167244898,1128.21237857143,1659.68183367347,1507.06036734694,1869.03471326531,1440.07244897959,1624.85155204082,1351.95169795918,1782.58577142857,1522.20149591837,1736.86533367347,1380.91179591837,1700.02102653061,1889.01213367347,2340.67183469388,2158.64638979592,1401.56896326531,2484.80040816327,2083.82657346939,2106.80080408163,1672.69413795918,1801.60978428571,1956.88578979592,2067.58664183673,1890.56471836735,1639.89418571429,1481.50057785714,1985.57974081633,1770.49875510204,1841.4944377551,1534.22244285714,1730.4456744898,1174.97487346939,1445.34736938776,1927.17567653061,2272.44633673469,2147.32562653061,2387.21507244898,2043.08529183673,1953.39144193878,1148.92706122449,1866.37661326531,1398.27566020408,1904.83951326531,1704.34347959184,2080.84618163265,1216.02211836735,1818.8654744898,1476.70769489796,1676.97648979592,1438.97127591837,2147.5263877551,1607.01541326531,1761.41243367347,1537.11807755102,1387.63577755102,1795.67408367347,2105.28798571429,1559.41268367347,1544.60858571429,1837.56435204082,1657.69647857143,1583.9073755102,1477.55230306122,1481.64785204082,1464.9465377551,1585.95862755102,1691.29437959184,1907.03619387755,1713.40375204082,1333.69937142857,1470.9308244898,1957.58495306122,1843.19157040816,1639.83580408163,1967.39565714286,1814.18043571429,1779.56671836735,1763.05871530612,1193.14593377551,2195.93489897959,1341.51477755102,1625.6555377551,1591.69519489796,1477.71126428571,1577.83953571429,1784.11261734694,1913.59971938776,2076.32955102041,1263.48699591837,1738.43913367347,1295.74460204082,1257.83293163265,1521.99919489796,1537.65333877551,1585.94615,1714.42723367347,1554.25664897959,1811.61171938776,1959.5802377551,1924.48634693878,1837.05534489796,2138.52272295918,1533.38599693878,1732.3465572449,1704.41386020408,1472.94281632653,1055.23469897959,1020.34169183673,1644.85525204082,2433.23563265306,1299.75660918367,1544.81896632653,1538.34745989796,1832.89338061225,1737.0070622449,2197.91851734694,1303.17437642857,1498.65604591837,1535.99124285714,1265.60410408163,1706.81197040816,1486.71382040816,2044.76801428571,1961.88160816327,1954.19862040816,1218.42489081633,1709.87092346939,1814.5638255102,1796.17253979592,2018.29681836735,1350.54856530612,2302.24608265306,2003.92232653061,1774.10265714286,1686.15396428571,1708.02641428571,1926.55161938776,1800.84301632653,1883.61850204082,1786.68773571429,1956.7122122449,1415.26033877551,1622.09645204082,1585.59814591837,1715.43691734694,1861.03261836735,1317.12572040816,1888.33927795918,1735.33541938776,1427.77812346939,2075.66599795918,2338.11133265306,2032.21084693878,1694.54786122449,2042.05460306122,1649.67363469388,1728.32718163265,1693.3202305102,2023.62255102041,2224.143115,1722.13509081633,1805.5410255102,2179.31874693878,1623.84889183673,2034.39604183673,1767.57538989796,1921.57440510204,1930.33941816327,1715.48963265306,2162.53382755102,2135.44511734694,2433.28788265306,2133.52336938775,1667.43505387755,1756.54090306122,1626.21521734694,1604.91713367347,1823.93279897959,1472.42644081633,1569.6242877551,1139.49609081633,2079.91827755102,1749.95460306122,1520.49759081633,1889.78311020408,1583.24760408163,1671.69156020408,1794.24650510204,1168.60529183674,1690.20073061225,1325.65940816327,1150.52327755102,1962.87990918367,1995.07922142857,1862.6244744898,1459.72986122449,1881.93489387755,1558.87102755102,1847.89833265306,1874.92195714286,1342.9131255102,1659.49510918367,1804.81437489796,2154.00700918367,2188.34956020408,1629.1216755102,2000.2834877551,1546.98098979592,1900.89639591837,1178.49642653061,1324.99371326531,1784.97812040816,1830.07171836735,2143.38144183673,2114.58884489796,1479.94751122449,1831.67322928571,2577.80511326531,1821.63616530612,1948.25762122449,2192.85304081633,1819.23047040816,2424.17663163265,2133.7366,1378.82923571429,1863.85792142857,2133.02837142857,1890.57049387755,1855.40721530612,2224.83131020408,2208.67336938775,1345.0453255102,1457.63232857143,1718.70152959184,1603.52904081633,1208.15084285714,1615.6863744898,1569.48381530612,1273.21521428571,1510.7044877551,1787.47552857143,1790.74380408163,1162.76958673469,1884.00712346939,1846.76501428571,2233.70487030612,2030.08128265306,1734.75044897959,2094.71136244898,1687.29348061225,1958.42201530612,1619.80134489796,1377.30961102041,1484.28055,1449.10313061225,1299.72054387755,2474.85349081633,1877.77084489796,1733.60403367347,2198.96941530612,2158.00634387755,1579.07539693878,1710.4773622449,1414.53376632653,2011.32690102041,2183.95371326531,2082.64552244898,1584.93881938776,2146.41491938775,1876.04266938776,1813.57163408163,2038.53719693878,1967.23267346939,1380.36985816327,1930.56687346939,1666.80460663265,2156.36981122449,2363.35493571429,2229.5223877551,1778.09177285714,1947.88274795918,2343.1863055102,1617.74699755102,1613.52720306122,1767.98586632653,1998.99669183673,1522.75616020408,1626.72615918367,2034.95761632653,2000.22785918367,1988.64295510204,1918.19017040816,1493.03606836735,1877.80273979592,1960.57799877551,1987.42835204082,1944.84610918367,1960.58716428571,2444.98449897959,1958.2481622449,1667.50205612245,1789.04708367347,1649.52907857143,1333.5043255102,1975.46096326531,1427.67414693878,1651.16606938776,2221.64714857143,1911.12187367347,1853.58242755102,2695.93811428571,2330.35583061224,1692.10448367347,1741.96374928571,1406.39216836735,1801.60425244898,1782.27915102041,1456.27071428571,1675.06825102041,1310.77752040816,1962.30600306122,1412.37094795918,1423.8929255102,1521.65799795918,1897.39050622449,2061.68476428571,2207.12901326531,1918.45220112245,1779.3919877551,2148.91067857143,1905.50366326531,1742.60906428571,1912.95665714286,1868.19336020408,1720.04799387755,2084.57254489796,2159.76328673469,1493.14941020408,1973.7877377551,2022.38209959184,1626.60562346939,1481.94557040816,1492.67637755102,1700.45580102041,1357.0807555102,1741.11650408163,1802.48603469388,2044.72343734694,1073.28826734694,1292.34054387755,1808.49510816327,1397.56674591837,1671.45747959184,1715.64086428571,1599.61685510204,1672.89712857143,2116.54815204082,1858.85801428571,1919.5513,1365.46872142857,1362.0804877551,1513.5101255102,1665.50307857143,1842.15085408163,1876.5868244898,1700.08772653061,1735.16108877551,1660.64857755102,2076.14313061224,1756.45349387755,1393.04821326531,1593.54078061225,1933.03065020408,1695.94555510204,1155.45901938776,1329.90686938776,1851.65459040816,1668.23652132653,1882.00228867347,1199.7166877551,1950.37450755102,2074.85827346939,1654.27480204082,1358.99776632653,1993.19573979592,2177.32844591837,1478.35551836735,1624.41972040816,1692.93592632653,1792.73830408163,1439.63182959184,1959.70307040816,1518.92234285714,1881.81501632653,1320.9903,1309.50359081633,1882.02454693878,1504.36469265306,1872.10230040816,1577.80735510204,1601.40269591837,1793.89022755102,1913.41920918367,1761.49140918367,1141.62908571429,1106.99777040816,1625.75377653061,2102.49957755102,1277.19668673469,2003.61807040816,1599.42760714286,1416.21003673469,1724.81889897959,1481.21855204082,1802.83270928571,1495.7765622449,1608.4012244898,2040.12714693878,1980.25336428571,2105.94149387755,1829.31000816327,1545.52292959184,1803.79155714286,2558.55866938776,1865.3515444898,1614.57536122449,1561.02852857143,1486.55816530612,1820.78513979592,1445.20293673469,1400.84309183673,1706.92331530612,2178.37433673469,1986.15439897959,1795.60023673469,1968.80711938775,1830.47709387755,1843.29378673469,1724.84529897959,1860.17930408163,1457.93803061225,1417.22464591837,1683.89912040816,1618.68785408163,1425.48633469388,1835.92993918367,964.273467755102,1812.81187346939,1361.22428061225,1658.03776020408,2245.81305959184,1845.64075918367,1902.13791530612,1807.94232857143,1187.39919693878,2435.91875306122,2016.62058938776,1987.42213571429,2015.32144591837,1609.75771020408,1888.75009183673,2496.82109795918,2013.58173877551,2101.34933877551,1679.50340714286,1420.73029693878,1553.06951530612,1746.91831938776,1612.74221326531,2055.94412653061,1523.20675102041,1771.54841734694,1918.74318367347,1929.68170510204,2147.86565510204,1394.70989897959,1720.96410612245,1831.62375612245,1562.88276326531,1586.67275714286,1742.52873469388,1803.1700377551,2091.40465306122,1744.86207857143,1383.82820612245,2142.43429795918,995.78767244898,1830.1253255102,1395.70786122449,1629.31840102041,1654.54800918367,1997.41931530612,1664.20580102041,2081.92895102041,1822.75992244898,1656.27416530612,1453.64529285714,2090.65330510204,2329.33053530612,1921.16093673469,1667.55404285714,1940.24905612245,1767.32622142857,2027.22395612245,1988.88639693878,2116.95968061224,1329.2113744898,1320.71957244898,1325.98873061225,1916.42990816327,2108.92363163265,1943.00235918367,1673.22639183674,1938.84935102041,1788.41129816327,2037.84160857143,1738.70398877551,1640.73109285714,2136.43259285714,2249.10559795918,1898.63661734694,1804.62740918367,1791.6872244898,1601.70563877551,1997.32665102041,2210.57746632653,1896.24303877551,2079.14267040816,1761.67931489796,1585.51044183673,1944.6374422449,1907.41662142857,1842.98229795918,1282.80828979592,1779.06131530612,1774.32217857143,2451.57327244898,2076.28495204082,1701.25650612245,1294.35060408163,1967.88351530612,2034.81727959184,1827.31122142857,1100.88962040816,1003.40968979592,1871.91524183673,2097.06467367347,2505.04607061224,1770.14244897959,1931.99342,1957.54802142857,1881.57108163265,1709.0983877551,1837.63355816327,1751.61310714286,2015.43883163265,1977.59853673469,2481.21123367347,1987.37828163265,1487.45600612245,1751.8907,1739.34056938776,1648.35353367347,1256.50147142857,1474.74099795918,1458.68150306122,1928.10834489796,2104.37719591837,1626.08621602041,1749.38419795918,1983.21481632653,1912.90343163265,2314.34326938776,1947.9920622449,2058.32985918367,1407.49511122449,1067.46564285714,2160.56851326531,1774.65637755102,1536.12985612245,1667.88661734694,1765.8187755102,1626.89608979592,1756.66228061225,1482.76888061225,1710.92544693878,2117.32614,1764.98677816327,1877.73966530612,1980.3759755102,1790.29850714286,1741.93085765306,1543.91791938776,1814.16366326531,2632.82444673469,1732.70081938776,1591.99074591837,1569.34372040816,1696.167585,2070.18852959184,2076.07047346939,1773.48594387755,1522.92407653061,1876.67524285714,1843.64439897959,2025.93854795918,1708.89120918367,1830.06230204082,1936.49798755102,2204.06450102041,2033.5080255102,1621.98853367347,1440.69435102041,1255.45542959184,1976.22012040816,1426.7390377551,1735.21135612245,1583.11728571429,1545.05910204082,1777.5852122449,1786.60858877551,1907.02971122449,1595.41122142857,2417.38041836735,1781.29769183673,2342.58346428571,2276.86670510204,1850.50866193878,1776.91327,1742.74428571429,1913.99282857143,1582.74173673469,1433.30701734694,1611.72825,1340.13306632653,2099.29810918367,2039.36585510204,1892.53563877551,1371.4130877551,1747.20765714286,1719.85406734694,2108.92409183673,2139.30958183673,2430.53534897959,2110.19507142857,1337.09997040816,2172.91002346939,1731.60757959184,2656.01188265306,1766.51043122449,1730.55928214286,1987.46821428571,1605.67954897959,1380.99073163265,1417.95243265306,1997.73727959184,1891.81687959184,1784.48963520408,1945.37296530612,2218.94512142857,1802.7675755102,1571.68316938776,2335.70936734694,1916.88610408163,1742.37968612245,1862.43428673469,1330.38432040816,1396.93384489796,2069.15630408163,2195.06911734694,2563.26337755102,2570.94068795918,2156.66446020408,1765.11765306122,1809.32865204082,1727.33890959184,1928.65018979592,1283.74193163265,1388.55545612245,1419.50910306122,1277.05777857143,1883.81477755102,1057.89287857143,2054.61145612245,1598.44038061225,1708.40004795918,1584.79465918367,1632.46635510204,1447.13498367347,1708.91030102041,1566.34298561225,2044.48178061225,1964.20808877551,1921.44885612245,2204.53971836735,2237.48971122449,1573.62465,2054.3331,1742.5325105102,1559.58590510204,1942.67108163265,1901.66057091837,1713.12029183673,2146.56527244898,1898.68134489796,2279.40909591837,1933.40177836735,1729.43558877551,1856.28632857143,2028.02608510204,1922.88633367347,1517.29081530612,1493.88045714286,1718.61526326531,1560.00139387755,1613.56204591837,1644.70188979592,1447.90626734694,1861.47339489796,1727.61757959184,1751.63566734694,1273.18504081633,1682.32989489796,1466.83370306122,1560.08308469388,1579.73353061225,1454.01312653061,2039.33354489796,2111.51905714286,1526.51946836735,1754.04968265306,1724.08069183673,1686.77146428571,2219.80634693878,1539.64775897959,1480.6751244898,1568.10259081633,1415.02723367347,1588.95209693878,1488.88411632653,1624.84863091837,2347.8836377551,1663.43640102041,1499.98957959184,1625.50610612245,2156.55237040816,1238.99347959184,2135.59765408163,2004.92919795918,2310.24697653061,1957.28168673469,2061.47362142857,1933.12095204082,1724.51197244898,1247.31425918367,1563.65610918367,1904.75658979592,1292.89042959184,1686.54373367347,1473.1390377551,1676.10671020408,1964.77969183674,1821.66645816327,1612.50843265306,1609.37067142857,2110.84851938776,1649.78516428571,2557.05468367347,1601.5191255102,1900.92965714286,1578.63029795918,1691.9172,1187.98387040816,2102.76523367347,1819.94388469388,1536.13305612245,1386.21854285714,1839.08990510204,1775.85296938776,1731.31851530612,1488.19275,1525.24169795918,1978.93058571429,1787.44434387755,1631.49220612245,1396.27018979592,1351.81551428571,2037.11265204082,1606.68593367347,1786.42785306122,1846.58127673469,2121.70473540816,1699.95269387755,1686.4521122449,1985.76881836735,1848.54625816327,1589.87673755102,1676.08349489796,2157.33265714286,1927.76991530612,2070.43297959184,1397.24999081633,1430.39128061225,1763.78742397959,1734.74283877551,2061.66559387755,1634.18565,1604.14710408163,1665.02299489796,1508.59411428571,2423.38816734694,1799.27615704082,2124.98965612245,1928.79893306122,1899.65112326531,1644.98419591837,1474.30101938776,1820.76046122449,1700.60349591837,1569.8925,1897.36050510204,1363.56251836735,1944.25476122449,2187.98403571429,2102.64661734694,1502.40319387755,1590.36951020408,1595.99933571429,1445.98772755102,1962.23729285714,1878.51442244898,2052.48898673469,1927.0859,1702.93431632653,1901.47600530612,1601.39385765306,1605.68101326531,1977.42581326531,1823.56866326531,1492.75053367347,1842.64769806122,2239.56974234694,1863.09598377551,2083.23196020408,2138.57744285714,1849.30912244898,1217.2845877551,2305.83890102041,1954.54898877551,1488.74724387755,1966.80072755102,1737.94950204082,1761.70615204082,1568.03306428571,1799.41477244898,2205.73408244898,2048.46662530612,1755.19356938776,2058.61884183674,1922.99316326531,1710.70071122449,1985.33502346939,1997.85392244898,1476.38219795918,1615.69958979592,1826.3936122449,1907.86916632653,1625.27236530612,1866.21747755102,2091.70784387755,1738.12031020408,1183.37563265306,1332.64972040816,1581.87368979592,1638.62510816327,2124.1931244898,1937.21959622449,1914.45137142857,2176.54679877551,2089.18336530612,1546.91082040816,2052.38699285714,2069.67357959184,2429.25302081633,1548.64777204082,1656.60090102041,1362.99503163265,2109.43663265306,1745.51473163265,1774.37979183673,1741.62732244898,1597.43423091837,1533.47442755102,1280.2861522449,1451.50871306122,1337.4958255102,917.086232653061,1829.9290122449,1736.9276744898,2061.01134897959,1843.83843061224,2056.34969693878,1498.40397142857,1980.3859244898,2108.71566428571,1556.50426836735,1519.4783644898,1574.34220612245,1855.53972755102,2065.94542040816,1555.28466632653,1339.64451734694,2626.07727346939,1809.16018571429,1480.52466938776,2261.64255306122,1624.6485255102,1465.0814877551,1496.35045714286,1888.01681428571,1664.37414897959,2032.82313673469,2251.9053005102,1997.14745714286,1457.04628877551,1458.2193105102,1715.94526122449,1519.66186122449,1588.52137653061,1708.32078571429,1992.53265612245,1034.45569081633,1874.00339734694,1475.87933469388,1728.93291122449,1789.3410255102,1250.23629897959,1937.57054387755,1841.68025,1701.59443469388,1994.2016755102,2036.76120612245,1545.54174081633,1687.30833163265,2088.10504897959,1467.62594183673,2453.88223255102,1795.85297755102,1486.34646734694,1784.4083877551,1711.23579387755,1621.13403061225,1689.55774693878,2242.06483469388,1856.32315816327,1823.36319285714,2262.2725122449,1998.37498979592,1417.46243979592,2126.97655510204,2441.54086530612,1386.70459285714,1844.33881632653,1567.03908877551,2270.46676428571,1765.33167040816,1816.89321836735,1679.99751326531,2086.69267244898,1159.4870255102,1451.9794877551,1688.43872244898,1443.8635755102,2042.0979122449,1873.36642857143,1809.14647346939,1624.41212040816,2265.82185591837,1798.42479693878,1451.40127346939,1861.86108265306,2172.65187244898,1946.15482244898,2127.88580102041,1791.30080918367,1681.32619897959,1706.13686020408,1845.72329693878,1434.41523877551,1660.34755,1329.0465094898,2147.34494183673,1421.44276020408,1184.49683367347,1702.83023877551,1888.62240102041,1370.82459795918,1962.68491734694,2046.94907755102,1595.98137755102,1713.6862244898,1398.28111122449,2379.66179897959,1721.33130408163,1552.85483265306,1571.25559693878,1352.56999489796,1806.85645561224,1341.02204285714,1627.3058877551,2030.48768367347,2004.2385255102,2107.45029489796,1791.45350510204,1455.87309285714,2205.69181428571,1808.41067959184,2050.64968877551,1487.25618877551,1691.71142755102,2201.53123163265,1949.9660744898,1818.79745918367,1793.28849081633,1654.97398265306,1527.9499,1933.6745255102,2120.62410836735,1576.91835510204,1779.35954193878,2015.232905,1577.50990102041,1730.75103877551,1715.77517040816,1771.06845612245,1830.58904285714,1815.51524693878,2373.57045,1597.47511020408,1746.27584489796,1746.24183367347,1494.01905816327,2118.78325408163,1890.60101836735,1710.64991734694,1369.92159081633,1470.72724081633,1938.3419377551,2415.3158877551,1988.33481632653,2143.02099795918,1674.37993571429,1664.26345102041,1538.07336020408,2051.19824387755,1391.22804897959,1930.95248061224,1887.21847755102,1822.43238979592,1794.60100918367,2182.90481632653,1080.59427142857,1447.31650102041,1725.39096734694,1172.81082244898,2108.78798469388,1781.0219,1881.38635306122,1944.51121020408,1600.67418061224,2002.86658061224,1993.99370204082,1812.67961734694,900.033163265307,1146.7969377551,1893.44251632653,1818.48516428571,2270.82573836735,1825.32627877551,1556.70119959184,1497.96434387755,1655.07268265306,2232.77043204082,2074.08625795918,1979.52350612245,1637.92200816327,2127.31721938775,1852.64724387755,2077.02168163265,1891.9693122449,2361.55667244898,1645.50755306122,1892.91365816327,2318.43278571429,1697.53360408163,1439.40848367347,2045.98750816327,1898.2026755102,1744.93795612245,1797.55234836735,1736.15208979592,1499.78315612245,1962.39213571429,1306.1134255102,1417.55716632653,1555.11133428571,1898.32405,1925.60032653061,1407.69650816327,2231.39049489796,1715.26572244898,1835.08648163265,2078.61012346939,1763.13485,1782.54894795918,2009.38398673469,1744.62517755102,2357.27394693878,1391.91674081633,1920.79305408163,1432.29790612245,1739.40324183673,1684.63490408163,2094.27743265306,2128.06163571429,2095.51128571429,1872.52308979592,1803.44889285714,2122.60037959184,1930.90834489796,1359.5907622449,1525.20598571429,1435.38088806122,2502.58968367347,1639.90329183673,1530.20444693878,1987.19621326531,1789.65335285714,1734.6719622449,1942.8101555102,2061.46092367347,2120.83470612245,2004.48969387755,1100.72740102041,1681.50398469388,1653.74065714286,2056.71326183674,1653.70790714286,1754.0197755102,1600.70436122449,2371.72896428571,1523.78467346939,1463.00539387755,1930.28384081633,2114.43110612245,2118.27819795918,1295.37907653061,1607.66584489796,1622.68765979592,1774.29619897959,1638.10033979592,1962.9345244898,1968.20830102041,1654.37738673469,2078.6076744898,1972.57800306122,2398.72068887755,1847.64688163265,2060.61684346939,2268.89048265306,2209.07527040816,1562.83398571429,2210.81055510204,2065.86362244898,2026.0613,1814.17621112245,1946.06811836735,1869.9301122449,1622.90039387755,2017.27477142857,1709.32854285714,1810.61610714286,2071.98368265306,1769.21436020408,1502.66305102041,1710.6252777551,1903.31490408163,1319.89620918367,1733.38684285714,1336.67851428571,1877.13944897959,2552.62493367347,2128.26709040816,1716.18818979592,1998.01652346939,1895.63041020408,2037.73474489796,1525.54837755102,1631.05482346939,2180.05320816327,1660.93195612245,1628.16030918367,2013.86469357143,1786.49668061225,1532.76495612245,1908.12083061225,1973.60084183674,2092.38216938776,1947.73781530612,2181.87196326531,1921.72575306122,2054.49540714286,1920.25957040816,1655.02671326531,2116.22181734694,1757.99113102041,1770.16815306122,1584.89569693878,1466.40713265306,1522.73319489796,1290.63554591837,1584.38565214286,1900.14516938776,2280.3385382449,2138.44997142857,1097.45294561225,1690.1746877551,1800.69418061224,1842.4526255102,1829.3165122449,1962.40898979592,1832.41150816327,1660.92356326531,1843.36479081633,1400.03682040816,1486.90160918367,1723.08943571429,1612.00718367347,1063.07735408163,1858.19481326531,1867.81869591837,1636.28151122449,1586.30173673469,2311.42711734694,1875.82403979592,1879.55334081633,2208.19715204082,1248.65171265306,1778.24882857143,1774.36503673469,1684.15389285714,1743.0673,1628.20586122449,1469.12345102041,1912.65304795918,2058.36249897959,1780.88440612245,1510.94912653061,1385.59759081633,1872.42027857143,2120.19935714286,2125.77304591837,1871.91244285714,2326.49887061224,2313.69876346939,1734.21435204082,1712.60947857143,1372.46998061225,1995.10444591837,1673.82522857143,1198.32419795918,2014.72712142857,1566.60116632653,1863.79986836735,1908.07536734694,1941.79928877551,1880.02774183673,2195.4511744898,2061.90208163265,1662.31242346939,1926.69403061225,1952.64094183673,1666.07198061224,1337.69431632653,1839.29689081633,1833.42154081633,1781.69402755102,2051.14642857143,2064.91331428571,2316.05730612245,1495.61032030612,1701.04126020408,1365.72730204082,1612.51663571429,2122.19686326531,2126.74542346939,1988.19785204082,1768.20164183673,1927.60034489796,1940.09077346939,2084.6136622449,1841.61909693878,1741.29391326531,2028.36964571429,1979.12267653061,1989.17409081633,1962.53524897959,1574.31096836735,2118.70532142857,1817.07900714286,1381.4922255102,1379.55083061224,1405.25749897959,1475.24158163265,1588.13787346939,1689.97537346939,1975.95225836735,1510.7090244898,2226.3162744898,1825.56121428571,1796.66621020408,1906.00065510204,1908.61299938776,2102.65130510204,1945.50142959184,1981.03166,2197.27207653061,1642.76351938776,2405.13254491837,2017.09367693878,1500.05062142857,1627.35279897959,1200.22497959184,2050.79757040816,2041.82983265306,1550.10862408163,1566.49614183674,1836.19860816327,1646.13204693878,1757.91148510204,1805.28644489796,1683.19202857143,1397.28214897959,1584.8017255102,1853.99634387755,1951.94811428571,2297.32447959184,2266.56095204082,1872.10789897959,2176.48029489796,1730.79770102041,1898.77232346939,1476.77572142857,2038.49643061225,2000.96120204082,2127.93281734694,1625.40012244898,1789.90934387755,2346.58943163265,1514.01051122449,2059.34353877551,1646.7098377551,1679.94898673469,1834.05029897959,1924.24120510204,1998.46634673469,2005.80311632653,2166.20585816327,1834.07967857143,1791.66799387755,1588.67185204082,1804.38031836735,1706.03885510204,1577.96522346939,1782.79744285714,2187.76977653061,1758.56686836735,2018.21162571429,1690.88229795918,2095.55386326531,1941.61640918367,1289.57913979592,1840.38116428571,1628.2279744898,1731.0184622449,1444.99232142857,1421.4111122449,2026.25838571429,1867.84115102041,1303.83014693878,1748.42865102041,1390.14802755102,1783.69161112245,1919.41450714286,2063.71820714286,1910.74012591837,1501.71530408163,1229.27839183673,1858.42287428571,1858.6147877551,2010.44859285714,2301.74662755102,1598.74933238776,1737.61724693878,1978.28555918367,1692.9805622449,1936.98084081633,1589.04779081633,1496.50327755102,2031.88839285714,1729.22607755102,1983.91507244898,1560.65834387755,1841.6117755102,1589.78343673469,1606.65829591837,1769.71413163265,1447.26569591837,2039.84749306122,2292.28069306122,1768.45218469388,1923.55986326531,1948.81963877551,1989.1636877551,1902.94988979592,1573.88093877551,1832.06954693878,2372.79924612245,2038.82829795918,1718.33143969388,1782.18172653061,2045.92297857143,1325.65038061225,1830.95049795918,1968.84898367347,2021.66489897959,2095.76769591837,1883.83031530612,1534.02015102041,1675.67253265306,1748.53773673469,1855.1292622449,1920.63859897959,1758.13617653061,1647.34335510204,2173.30245918367,2100.49005,1521.3360377551,1741.43478571429,1232.46279183674,1185.04867346939,902.849839795919,1171.21135918367,1716.49966836735,2026.60128571429,1781.94618673469,1696.59384387755,1785.18201632653,2360.12153571429,1798.09421020408,1722.28529897959,2294.52884153061,2454.15101887755,1819.09849489796,1833.83681428571,2117.9865,1516.38707755102,1191.01802346939,1723.76481020408,1783.59618367347,1741.62465408163,1823.45166020408,1797.55737040816,1995.1035877551,1735.62911326531,2009.49654285714,2069.3758755102,1367.70535714286,1501.82680918367,1757.51692653061,1493.25384489796,1985.32335102041,1758.46948265306,1838.19009489796,2083.89787653061,1814.35534795918,957.440048979592,1641.0396,1381.8141955102,1683.99453163265,1608.28349693878,2182.02091020408,1802.43419897959,2103.81531836735,1672.95738877551,1457.26351020408,1248.34960306122,1762.82105204082,1211.20720612245,1504.39360102041,1375.14798673469,1148.58183367347,1971.72715102041,2402.20886877551,1796.15784489796,1788.82132183673,2185.42306122449,1850.44666183673,1497.74822040816,1996.72734285714,1749.95314081633,1813.29553673469,1929.88345408163,1252.86015,1427.11526836735,1264.44894693878,2385.22691122449,2043.4889377551,1657.64610510204,2132.85338061224,1782.86456326531,1780.42583673469,1848.16555918367,1733.49394489796,1728.79222040816,1632.63294693878,1620.31181020408,1823.46745714286,1960.58001632653,2153.25080510204,1926.46503367347,2156.13334897959,1821.55297040816,1904.63440765306,1780.33669897959,2121.88816428571,1877.31467040816,1588.13867346939,1628.16971122449,1731.64678081633,1886.90385071429,2019.86509387755,1874.45544183673,1732.74845408163,1944.57537755102,1875.69951326531,1630.91349489796,2099.83627653061,2032.59782653061,1242.9223244898,1951.97789285714,1872.02194693878,1826.61578877551,1780.8267255102,1880.81435510204,2103.55927142857,1589.89393265306,2108.61846326531,2036.35870102041,1687.69605612245,2045.14037959184,1834.77349591837,1658.67999183674,1779.00129183673,2302.89041367347,2091.94160102041,2336.74109857143,1958.71604387755,2151.75479285714,1585.99054387755,1695.89256938776,1818.11399255102,2108.46297653061,2114.86303306122,1622.79565714286,1724.36237653061,1867.42814795918,1138.70668979592,1957.59898979592,1556.21600714286,1821.66102346939,1733.62730510204,1706.42048469388,1727.91130102041,1699.7273377551,1324.87414591837,2206.94345612245,1895.93137857143,2020.45977346939,1850.4362622449,1603.60309530612,1679.98122653061,1822.28531122449,2264.69926122449,2297.31204081633,1922.12271020408,1708.6500377551,2110.69297959184,1942.17836938776,1928.71523979592,1496.11664387755,2052.64193877551,2027.98201122449,2518.62837653061,1713.46162755102,1805.51040408163,2254.45570204082,1911.5140622449,2315.21928469388,1742.93993877551,1830.20838979592,2024.81053979592,1654.11665102041,1742.93726836735,1673.95139387755,1874.61258367347,1493.26738877551,1258.60376428571,1674.27152755102,1949.16085102041,2403.69001632653,1492.33967755102,1370.66550816327,2314.03156020408,1862.97055408163,1854.95685877551,1887.01793877551,1877.21750816327,2205.95280969388,1819.43854755102,1838.52613367347,2121.51082755102,2165.08597142857,1513.90316020408,1472.06757244898,1418.26621326531,1670.14738408163,1889.94197142857,2186.67665816327,1587.85359693878,1738.03412857143,2072.11521428571,2307.12284632653,1884.61235306122,1912.89086734694,1674.95019387755,2023.12957040816,2315.52863673469,2126.41718163265,1792.02432857143,2055.41862755102,2295.91145918367,1841.85189693878,1614.63413877551,1668.85045306122,1472.58966530612,1956.02671020408,1528.44520918367,1619.99401632653,1885.99191836735,2161.77343418367,1835.33026428571,1551.51692142857,1715.29643469388,1506.65123877551,1911.15611734694,1904.51532040816,2438.78234183673,1946.43617428571,2115.15203571429,1541.0486622449,2009.07482346939,1709.28740510204,1752.16550816327,1300.58255204082,1783.33486632653,1674.14211632653,1804.32955204082,1815.55984285714,1740.01869795918,1836.69826938776,1397.99793979592,1816.12597959184,2154.32744693878,1687.89910918367,2279.66106163265,2243.12695816327,1470.04618367347,1710.25357755102,1467.22519285714,1873.20044489796,1936.90999795918,1777.89933061224,1423.20320408163,1478.77004591837,981.483014285715,1898.69836938776,1769.69651734694,1254.99126122449,1457.89007857143,1593.77014387755,1930.90646530612,1483.26124591837,1756.09870204082,2097.6810255102,2057.17803265306,1922.03856734694,1611.77697959184,1923.01577346939,2073.50802959184,1448.35502142857,1478.95751122449,1801.5834,1712.14721938776,2510.71631530612,1707.6179622449,2265.6005022449,1531.44925408163,1723.28125306122,1881.75832142857,1516.67281938776,1997.88824489796,1813.6174622449,2050.55346836735,1472.9241622449,1991.75543469388,1904.00085102041,2051.92078877551,2241.67549183674,1728.23242755102,2028.11872755102,1429.06359591837,1808.91895,1777.58150408163,1692.93779285714,2194.73135918367,2021.32605816327,1404.22548979592,1957.80627244898,2008.31852857143,2129.39423265306,2020.21857030612,2201.49156469388,2109.81931530612,1908.43399795918,1860.23366938776,1628.61290612245,1847.98784591837,1888.21323265306,1692.85977142857,2642.66418061225,2031.32073734694,1507.40605408163,2262.87654081633,2242.35979591837,1664.8605,2069.59480612245,1626.85205510204,1978.24748959184,2033.36558795918,1885.94372653061,1809.41953571429,1331.6513377551,1507.75149897959,1976.66440306122,961.558106122449,1793.17086632653,1874.01548367347,1991.59673877551,1616.55027755102,1825.94041938776,1309.33435408163,1963.91332142857,2005.91855,1851.44809693878,1826.8686744898,1559.79823265306,1866.7877377551,1687.88432265306,2046.75288367347,1977.45146734694,2111.6706244898,1713.48855612245,934.041887755102,1169.76445591837,1430.45575785714,1426.46080734694,994.380354387755,1524.64934183673,1814.54123367347,1473.5581122449,2103.03655612245,1868.18618163265,1724.05465612245,1679.88513367347,2050.20705510204,1999.68875846939,1639.30275612245,1764.54577653061,1866.56648346939,1622.62874693878,1415.53335918367,2368.62211938775,2404.11629591837,2092.35280102041,1774.49563673469,1628.42604591837,2060.24515714286,1623.36728673469,1934.91752653061,2052.83866020408,1420.40219795918,1442.44757244898,1461.07026836735,1775.22685306122,1839.3000255102,1853.19600102041,1743.0412755102,2127.0182622449,1905.86775816327,1705.55065826531,1567.25872755102,1785.12390612245,1748.38382142857,1628.77343469388,1827.04874285714,1851.1759,1923.43678265306,1697.48057346939,1809.06008061224,1871.58912653061,1941.84406326531,1982.39715571429,2383.5457,1845.99702653061,1399.68352040816,1921.70475510204,2174.70855714286,2078.31237244898,1490.08902653061,1905.81659897959,1578.45856326531,1993.62501938776,1959.52265204082,1447.76566020408,1958.60568979592,2061.51442755102,1608.13877040816,1570.44884285714,1853.91162959184,1280.76001734694,1079.75485,2258.60357653061,2332.33315204082,1526.91438571429,1977.40183469388,1929.16243265306,1876.37988979592,1753.39071428571,1339.29289081633,1408.30277040816,1451.30441020408,879.143582653061,1688.49997959184,1704.99065306122,1861.53538061225,1601.74456122449,1918.50456326531,2312.78966632653,1615.61212653061,1627.47523265306,1728.6685122449,1549.69115306123,1134.33945408163,1630.20542959184,1227.87975612245,1416.60012959184,1556.92784081633,1898.58274285714,1943.92836428571,1895.22834081633,1695.31432653061,1970.57307857143,1235.26982755102,1878.51323673469,1813.78282857143,1793.66166122449,1428.84292142857,1589.90454183674,1186.27718265306,1906.74379183673,1210.43142244898,2057.60533061225,1596.81396081633,1914.99241836735,1653.17903673469,1280.20605816327,1445.80793265306,2358.79234489796,1626.82389571429,1736.39411428571,1870.55279897959,2568.99209081633,1817.53418469388,2600.22043877551,2236.00851428571,1947.57525642857,1410.7126877551,1598.83267959184,1996.56361989796,2180.3792744898,2252.65289081633,1936.31752755102,1699.96138469388,1327.82387142857,1921.55285612245,1795.45507959184,1671.05252653061,1780.57380102041,1367.06354081633,1746.59018591837,2152.56690632653,2389.51853795918,1585.1203467551,1926.86338061225,2025.72700102041,2097.90343673469,1994.73653163265,1391.99109285714,1768.5342,1702.25755102041,1783.88742765306,1516.26482959184,1542.2694255102,1693.76969795918,1654.26577653061,1656.13574285714,1977.60333571429,1575.21736836735,2040.55845204082,1810.94995,2506.14809591837,1713.02834285714,2243.99240204082,1324.71559489796,1881.91000510204,1908.50568673469,1877.29105204082,1983.03176020408,1815.66463469388,2066.80495204082,2010.94670816327,2033.0648244898,1925.79517387755,1835.48163265306,1904.19029489796,1726.40901326531,1707.49921632653,1408.05678265306,1909.19724183673,1505.91562653061,2200.25799183673,1677.60353469388,1325.16306632653,1089.83808571429,1674.72495561225,2047.2231377551,1537.19993367347,1972.00753877551,1654.14294285714,1542.25309489796,1785.55699795918,1693.13764897959,1689.66110510204,1537.94286530612,1753.80502142857,2143.78270816327,1976.36131938776,1730.11930306122,2161.41857755102,1985.99453061224,1601.06564795918,2138.68964795918,1606.16262755102,1993.30068755102,1931.00203265306,1641.29373469388,1624.32314693878,1513.68070408163,1820.20710714286,1988.97612142857,1533.59261326531,2023.80853265306,1372.10238265306,1626.69941836735,1886.87781836735,1591.71845204082,943.920173469388,1801.54511836735,1370.77685102041,1938.48519387755,1835.86796428571,1388.75325816327,2124.80215510204,1468.07050102041,1569.13092040816,2043.86380510204,2134.86850918367,2076.43133265306,2265.27577755102,1333.37663704082,1249.04924081633,1610.00653673469,1644.1660377551,2087.26737142857,2064.73974489796,2518.31198265306,2252.50876122449,2173.4525622449,2170.46775102041,1727.20000285714,1560.29304387755,1974.42030489796,1292.03899489796,1452.37267959184,1476.48282653061,2265.21274387755,2417.66557857143,1728.72798367347,1706.70277346939,1686.92478367347,1509.63991938776,1543.99693367347,2588.0157222449,2107.83116285714,1865.48183367347,1526.88371938776,1729.28692040816,1432.40649897959,1344.21649285714,1546.45987346939,2073.85945816327,1654.94669693878,1606.87441938776,2158.95514591837,1291.51034183674,1889.56608163265,1879.86800714286,1849.7454877551,1561.93607653061,1885.2389255102,1944.90526836735,1904.19594795918,1721.27869683673,1526.79046938776,2104.83848877551,2242.40751530612,1708.57557959184,2105.82595204082,1762.04898673469,1667.88777959184,1935.81099795918,2192.28410102041,1736.08505102041,1734.38900714286,1738.64889591837,2005.88316938776,2255.40376530612,1697.39008163265,1938.30519693878,1391.71157346939,1718.52870612245,1894.8922955102,1583.06786632653,1767.59520612245,1815.33977755102,1251.3373622449,1520.56598163265,1692.86639897959,1466.00597040816,1210.55483673469,1657.97865612245,2062.6668,1153.14540918367,1746.43802142857,1654.67718265306,1278.92321755102,2131.89998673469,1624.30738367347,1969.00803265306,1785.04121428571,1290.05637244898,1537.9987377551,1762.59475714286,2095.73851428571,2210.86107857143,1703.4493255102,1347.18287040816,1922.81961020408,1562.72331836735,1390.70515510204,1882.86013877551,1785.98466530612,1734.56803469388,1876.50192755102,1867.46076836735,1676.20298265306,1544.29408877551,1943.61404285714,1703.59605918367,1556.64187959184,1836.19596530612,1867.55100306122,2304.39760816327,2056.86392346939,1982.80049795918,2049.85831632653,2387.14554081633,2046.83491836735,1589.01028367347,1488.85255612245,2059.31878877551,2001.00639795918,1599.82760816327,1537.66567428571,1527.17545408163,2044.40138979592,2465.72732959184,1735.37585408163,2291.18938755102,1941.90534897959,1958.37465510204,1836.56492959184,1455.36928979592,2101.13875908163,1336.19907755102,1832.0447622449,1530.93821020408,1613.08371326531,1808.64739795918,2069.4046377551,1271.38534285714,1931.43629591837,1958.82340408163,2057.96807959184,2229.1669377551,2046.83089081633,1899.44846326531,2158.2518744898,2121.73851938776,1781.6264744898,2077.82337040816,1688.33825816327,2127.12827959184,2010.60887755102,1552.539,1723.42852346939,1914.17260408163,1537.08442959184,1294.11472142857,1701.60993877551,1656.77905,1982.77006326531,1837.99903755102,2270.46883979592,1672.81085306122,1898.28305204082,1783.45042816327,1886.57778469388,1694.11463877551,2276.68420408163,1714.59618265306,2125.23986428571,1765.55012826531,2213.64913877551,1859.9283877551,1911.55520306122,1986.58421510204,1922.69909285714,1666.5201244898,1936.09838469388,1996.71148469388,1764.75814795918,1470.61473061225,1938.1507255102,1910.31180816327,1975.03495510204,2146.37386734694,1923.92219783673,1383.03790816327,2033.79678540816,2373.69101734694,1754.07679591837,1674.85395918367,1136.37663979592,1380.5276,1999.41816428571,1485.81446836735,1796.07153979592,1969.25949183673,2049.77124183674,2039.91931836735,1843.4280744898,1189.1883244898,1825.30904183673,1453.52738571429,1732.87924693878,1404.44736938776,1555.93858673469,1492.66587959184,2155.88982959184,1973.8783244898,1889.52455204082,1388.83180204082,1317.22342244898,2073.45349081633,1692.35375,1661.07757244898,1936.45311632653,1624.71727755102,1895.29167653061,2109.38950612245,1625.15195408163,1211.66958061224,1444.10632244898,1839.14475,2203.69105510204,1683.75239387755,1275.76486428571,1404.65913979592,1291.94899897959,1858.59457857143,1957.03688571429,1756.14153469388,1795.44006734694,1767.25230816327,1306.40757755102,1350.40833061224,2002.27482653061,1543.77344897959,1266.38615918367,2160.96494489796,1354.39091020408,1762.99205102041,1879.09671326531,1991.91177653061,1855.57111020408,1366.13492142857,1123.54220918367,2118.39220918367,2184.7998,1497.59498469388,1316.43923571429,1660.56226836735,1692.5615377551,1678.63104561225,2531.22095510204,2339.46039693878,1365.81000918367,1513.7192255102,1909.35010510204,1239.32342346939,1475.07573693878,1485.94910306122,1320.34905408163,1388.90373979592,1756.43792142857,1464.50839489796,1965.78945714286,1684.08460102041,1963.38459693878,1922.23892857143,1815.45533469388,1515.86355102041,2092.36364183673,2124.00804591837,1860.8560622449,1334.99995408163,1303.35125408163,1863.0732877551,1602.55826428571,1561.76821836735,1835.91328367347,1685.11823877551,1943.77384285714,2079.75763489796,1920.68212142857,2330.76857653061,2083.38259081633,1743.65264591837,2153.90275408163,1719.92513571429,1977.46442040816,1791.81540204082,1817.08406428571,1875.41422040816,1411.29369183673,2099.28964183673,1301.97503673469,1667.96357653061,1957.87520408163,1975.8156622449,1832.9513,1579.20973673469,1837.05129897959,2191.96815469388,1830.66721040816,2202.3864622449,1641.7842255102,1376.81506530612,1186.02558571429,1635.99624081633,1602.85767755102,1592.33415,1351.07420408163,1706.85480510204,1959.7472744898,1825.95439795918,2070.76788673469,1404.38033673469,1575.36551734694,1887.93423877551,1744.72412857143,1772.23601938776,2008.91863061225,1674.43614897959,1209.61496530612,1877.56041734694,2012.27216020408,1837.72289387755,1883.79153163265,2043.95491020408,2234.85544591837,2010.70267857143,1673.89638979592,1292.49709489796,1788.52880816327,1881.23738714286,2044.74534591837,1994.59429938775,1616.90314591837,2224.69531857143,1773.82952738776,1694.28421530612,1647.21918367347,1037.25089183674,1646.47814183674,1663.67238877551,1940.13781020408,1967.63344795918,1435.85820918367,2035.01943979592,1599.69185612245,1648.47397653061,1994.52744387755,1920.92571836735,1701.66414489796,1607.40375714286,1524.75232857143,1974.86854897959,1883.70467755102,1765.3458244898,1272.14192857143,1492.22756020408,1819.57024897959,1819.5738744898,1524.9036255102,1919.54866938776,1551.13300816327,1443.10423163265,2133.3207244898,2019.55277653061,1590.49990306122,2105.66357755102,2054.62470510204,1710.62955612245,1655.8790744898,1691.40553183673,1705.68608877551,1877.49717244898,2061.3923244898,2595.35344489796,1576.56346163265,1623.05498918367,1932.55293673469,1827.29224591837,1692.71920102041,2218.52569081633,1894.90677857143,1526.54658979592,1460.95299489796,1635.48111326531,1598.58247755102,1812.38272040816,1407.69231632653,1285.30083571429,1685.93085306122,1560.41571326531,2033.10568265306,1246.68395204082,1876.86637653061,1390.94960612245,2098.38546836735,2115.28495204082,1855.17683265306,1978.08940816327,1605.60643469388,1566.42902693878,2005.06741428571,1823.71062040816,1330.66690102041,1762.90498571429,1711.16591938776,1349.80740734694,1691.16465612245,1514.31882857143,1525.45717959184,1557.07526938776,1984.71077959184,2300.17119285714,1997.94005816327,1253.87279183673,1846.08879591837,1735.10603061225,1180.13599795918,1507.04840918367,1169.24242142857,1127.22141428572,1491.1843122449,1610.22735816327,1744.40073163265,1906.36292306122,1384.02647142857,1477.73262857143,1727.65075306122,1907.41641734694,1736.92416326531,2001.18855102041,1486.14328673469,1905.43368061224,1259.37892857143,1795.52900918367,1735.19704285714,1910.2991622449,1788.40705,1250.30762040816,1919.00558673469,2105.90096122449,2036.60331408163,2128.71521938776,1898.86649183673,1273.88307857143,1970.05342040816,1546.56085510204,1628.91961428571,2263.97547346939,2005.78911428571,2264.02506734694,2047.64981836735,1573.54510683673,1782.97646938776,1713.61214897959,1978.39538571429,1467.76983163265,1822.36539897959,2016.3213877551,1978.99940816327,1770.96034193878,1442.50620408163,1792.45850612245,1668.6657877551,2023.67186122449,1701.18689591837,1789.59319591837,1550.82548367347,1828.2681377551,1819.79930612245,1914.14562653061,1537.06281938776,1645.93996938776,1904.32616632653,1692.02136836735,1907.85745306122,1600.08680918367,1690.70464285714,1819.5957,2073.93606938776,1439.82522244898,1216.9001377551,1410.99285612245,1851.21277244898,1939.09676734694,1967.95638530612,1836.87586122449,1550.12125714286,1602.83811836735,1478.88005408163,1900.87023979592,1862.45735714286,1435.36843571429,1442.74916326531,1297.55431938776,1666.68935510204,1771.35328265306,1450.21596020408,1875.53686836735,1744.70304795918,1380.23034663265,1580.64521530612,1692.54767346939,1718.7833255102,1630.74336530612,1779.7994877551,2041.31712142857,1733.34280714286,2456.22795306122,1904.96999081633,2169.68466081633,1658.42027244898,2098.76718469388,1864.77795,1871.42223571429,2273.16181836735,1900.03239591837,1292.18075510204,1664.92406938775,1897.00405714286,1666.57062653061,1809.61368061224,1568.63785346939,1585.43741122449,1603.05633469388,1901.24025408163,1279.7156,1930.89394081633,1965.11236530612,1788.72478979592,1415.51310714286,1810.79149591837,2003.01932040816,1510.62493877551,1963.07117755102,1776.76664316327,1535.58537755102,2214.30117244898,1442.63113102041,2215.75713979592,1580.43893877551,1541.81377857143,1784.93647071429,1549.59022857143,1621.96854489796,1633.43844897959,1733.78383367347,1580.09764897959,1552.07528061225,1916.75098571429,1874.77913877551,1962.74471428571,1474.60104387755,1936.56154591837,1743.06250714286,2011.60677755102,1756.58083673469,1623.69594387755,2091.66001632653,1675.66847755102,2073.05674081633,2058.91821428571,2032.29577755102,1774.28271020408,1934.37307755102,1834.11167857143,1565.30725918367,1634.89982040816,2156.04744,1918.46598061225,1558.76744693878,1560.62845816327,1775.9192877551,1717.7059622449,1698.01464591837,1727.35775102041,1807.52201428571,2221.30661530612,1592.0163377551,1663.06755510204,1876.34761836735,1932.31889183674,1010.67153673469,2318.53639285714,1668.35529489796,1225.01437244898,1967.38530306122,2158.20808367347,2344.41708163265,2483.20217244898,1503.53184387755,1914.62757959184,1812.7938627551,1808.59975612245,1693.0210527551,1934.62879387755,1747.89107142857,1770.15169795918,1759.70469285714,1562.4252244898,2069.28171020408,1634.24092346939,1723.77086020408,1847.88205510204,1820.19567959184,1362.82991326531,1675.34616020408,1225.23906734694,1565.83499530612,1444.50457142857,1721.22115204082,2276.28851632653,1743.32366530612,1728.21783877551,1420.81322857143,1438.92704285714,2130.72309795918,1369.45006530612,1665.05265,2074.65711428571,2072.54926734694,2095.72737959184,2413.9402244898,1701.9622244898,1711.13321122449,1299.66654897959,1997.17354897959,1675.99014693878,2074.94819387755,1859.42734795918,2086.49746428571,1908.10543265306,1736.95203877551,1589.60569693878,1793.05278265306,1396.43781122449,1530.05795204082,1687.88670918367,1607.90021326531,1791.6974622449,1454.21276326531,1694.32265306122,2099.08161122449,1664.46043469388,2002.15896428571,2010.18255306122,1754.94301122449,1134.75944183674,1797.7702755102,1665.33151122449,1674.12684734694,1734.47200612245,1760.48279795918,1919.16603367347,2102.68425459184,1937.0796505102,1728.67154489796,1563.9242755102,1467.82245142857,1859.22889183673,1875.24030816327,2292.42710816327,1795.35772959184,1408.5891755102,1731.59900204082,1865.53700408163,1826.92234183673,1696.89319183673,1550.50722040816,1424.3038,1769.6880122449,1883.33368469388,2053.80420612245,2301.5284,1884.29697443878,2422.72467510204,1505.72963469388,2088.29196836735,1884.81354387755,1651.96908265306,1874.45212959184,2023.61931244898,1920.04149795918,1886.76343265306,1434.87562653061,834.489764234694,1492.56545755102,2308.95698469388,1638.16778163265,2036.34433877551,1680.04449387755,1854.19164285714,1527.77476632653,2163.16980816327,1641.17869285714,1636.85592959184,1795.9332622449,2015.04677959184,2398.2041744898,2105.19517755102,1548.28843163265,1982.27840102041,1966.37842653061,1456.84174795918,1166.00543265306,1183.95079183674,1315.2127744898,1270.76854897959,1693.02134897959,1670.4312244898,1780.57433887755,1896.29149081633,2168.21693163265,1659.48980306122,1489.83996020408,1528.48373367347,1904.51795204082,1622.84515204082,1972.56136428571,1517.22849489796,1603.07536836735,2018.80775714286,1599.74510204082,1926.21168163265,1997.41572346939,1879.57317040816,1739.76855102041,1828.00541428571,2044.06608265306,1752.3293244898,2188.8916244898,2270.75195918367,1850.95677142857,2053.62559183673,2123.3570377551,1649.73434387755,1570.24686632653,1488.64536938776,1686.54895102041,1664.50296020408,1686.06907755102,1888.83391326531,1767.69887142857,1922.64190816327,2170.37718877551,2259.97149918367,1182.51349387755,1127.58140918367,1458.37862959184,1766.20114959184,1777.61157653061,1694.65381734694,2140.24154081633,1709.83958163265,1750.64296938776,2151.19137653061,2247.04690673469,2017.34955918367,1611.27982571429,1351.69356632653,1838.30839387755,1676.45759183673,1915.11628469388,1937.71167244898,1772.10374979592,1535.49144897959,1844.36316428571,1859.7852122449,1848.89639795918,2410.73499081633,2120.14920714286,1704.12195102041,1960.15808367347,1915.50211938776,1683.98595204082,1762.55898877551,1468.07399591837,1480.62474183673,1753.30776938776,1659.09543469388,1698.76994591837,2123.46864591837,1724.64155510204,1502.12638877551,2083.66695102041,1602.90380714286,2003.76030204082,1592.35973265306,2092.84859897959,1603.75010306122,1851.12016632653,1856.69744489796,1674.79895816327,1773.87393469388,1855.82061938776,1661.71994693878,1487.32472142857,2272.69032795918,1864.3181377551,1879.66290673469,1696.78149081633,1879.27224591837,1820.52821428571,2042.92858469388,1953.42958367347,1740.49596122449,1993.1793755102,1906.40031734694,2106.76507346939,1965.86645204082,2010.82054387755,1908.04110734694,1585.07832142857,1497.91465102041,1922.13054183673,2132.70977244898,1404.4860377551,1726.00669591837,1940.98959663265,2045.64641326531,1780.36267469388,1831.68949183673,2118.94491836735,1912.88668061225,1765.79847244898,2021.73013061225,2258.85048061225,1837.89862857143,1781.37026734694,2026.73515204082,2639.62426530612,1982.64088163265,1556.4197255102,1533.14926836735,1532.73864693878,1182.22648979592,1283.58312755102,1362.9050244898,1478.18664489796,2270.65657959184,1321.45564795918,1743.88519897959,1727.85712244898,1293.43967857143,2116.78826122449,2021.12985510204,2033.50953163265,1847.27205918367,1722.10453469388,1824.70774897959,1851.77453469388,1067.78958877551,1360.55435612245,1356.2924244898,2053.71047653061,1832.76669693878,1552.49964285714,1959.55909489796,1689.18488979592,1858.42339897959,1814.58262857143,1504.82594693878,1770.22271877551,1846.0127877551,2242.47420510204,1952.27782142857,1420.05855612245,1442.42645918367,2071.72955408163,1524.78284081633,1698.10327857143,1777.2476744898,2053.00026836735,1640.91427142857,1326.35729887755,1597.18349081633,1483.73301734694,1892.36691122449,1427.27181091837,2111.89398673469,1730.98236530612,1398.49404795918,1813.16679285714,2134.07190408163,1968.20085612245,1895.95491836735,1839.59365204082,1719.90008367347,1844.89381734694,1723.76257653061,1688.48741632653,1593.00213877551,1666.71354591837,1236.64002346939,1691.74100408163,1802.26278367347,1575.54250306122,1750.62826836735,1491.25610816327,1763.0657,1754.2895955102,1233.30790612245,1799.46704806122,1801.58536938776,1707.95523061224,2204.38239081633,2261.75549612245,1994.48312979592,1625.66270265306,1539.69967142857,1895.58016836735,1564.04461734694,1930.79676020408,1347.81665,1236.83038163265,1589.67383979592,1730.59036428571,2335.35169469388,1843.8944744898,1951.20372755102,1775.74404591837,2008.64882040816,2331.97503469388,1799.94033530612,1336.54296020408,2316.0247,2851.94817346939,1769.45500714286,1619.3431622449,1865.77503612245,1663.03737244898,1869.60069183673,1710.10464183673,1731.01282857143,1620.6816122449,2229.43268285714,1950.73623163265,2160.12064183674,1841.21808571429,1634.19653979592,2065.30466632653,1994.61165408163,1893.67459489796,1904.33199591837,2337.4385777551,1810.72020408163,2426.88482346939,2135.27711020408,1866.66713163265,1842.03596255102,1476.22789591837,1287.27560510204,2189.2894622449,927.124836734694,1174.11230306123,1666.92203673469,1494.36545306122,1702.4917255102,1739.11207244898,1758.02886530612,1304.72745816327,1552.19305,2396.02700408163,2226.81771020408,1228.47022959184,1258.77627346939,1650.75931632653,1376.17111428571,1563.27144591837,1868.39924387755,1469.35157142857,2017.34031734694,1718.56454795918,1506.71770918367,1973.76670846939,2000.18339367347,1762.93289081633,2148.89737265306,1664.62926418367,1843.02849081633,1493.76280887755,1492.64041632653,1126.9490244898,1529.12497857143,1519.25185918367,1592.01975408163,1430.10077142857,1519.81635102041,1778.40965918367,1666.59978979592,1561.11395408163,1744.78397244898,1946.2845622449,1975.62225102041,1775.84382857143,1407.90682653061,1126.89218163265,1506.9411822449,1436.43131285714,1532.17085193878,1713.598305,1254.10094755102,1695.68249479592,1420.81204704082,1888.19909285714,1798.58645734694,1586.52265510204,2051.47902346939,2242.48448142857,1643.26448673469,1529.71964183674,2026.89451734694,1744.39845918367,2361.9850222449,1952.73588265306,1382.08386428571,2395.79216530612,1940.55573469388,2060.01651020408,2016.61892857143,1388.08040102041,1409.16268265306,1722.03280204082,1820.76985102041,2132.21635408163,2472.79087142857,1116.48260510204,2154.9813744898,1332.40814591837,2050.36544591837,1915.96146326531,1235.71503061225,1240.07596020408,1956.13100306122,1311.54691020408,1469.21416836735,1660.53146173469,2272.00013265306,1287.23188367347,2248.81465,1966.75709897959,1707.9131255102,1805.87591020408,1969.36948132653,2115.86151326531,1730.02478979592,1855.46317693878,1876.45953877551,2016.93452346939,2001.54201459184,2018.52960408163,2060.29923163265,1932.71526836735,2406.7479022449,2088.4159377551,1761.30071530612,2074.04982755102,1694.86023163265,1852.64891632653,1862.36255510204,1864.48921836735,1775.89314795918,2095.57928795918,2012.74755612245,1571.62775816327,2116.73920102041,1225.6999877551,2145.43645204082,1603.70746428571,1733.90635204082,1630.74982112245,1911.38473469388,1554.34782959184,1701.48463673469,860.768306122449,2109.24443571429,1663.4705,1857.57171020408,1477.66014612245,2229.13127142857,1981.99484693878,1384.03336428571,1242.04766326531,1821.22621632653,1677.76790510204,1640.56677959184,1598.77289285714,1385.09708979592,1839.08686428571,1870.97694489796,1945.39936326531,1665.29185816327,2112.84728877551,2049.40039489796,1980.83473061224,1713.39647040816,1672.31792244898,1484.74133979592,1876.19919591837,1982.45046122449,2049.26241122449,1476.3998744898,2268.34401632653,1575.1895744898,1970.64278673469,1585.68888163265,2068.52165612245,1864.20073265306,2522.28291020408,2011.87439183673,1636.20786938776,1522.36118469388,1687.80375714286,1205.79419285714,1747.39256734694,1606.51439591837,1684.36081122449,1889.89401938776,1818.8754877551,1746.23791938776,1807.05883540816,2188.77473163265,1491.91948979592,1674.55784183673,1817.55135204082,1828.36002346939,1715.59854183674,1240.19729459184,1995.5952122449,1682.18151530612,2056.63480714286,1539.44466632653,1875.59699591837,2004.41864081633,1739.87688357143,1303.51926428571,1910.25243469388,1851.94378673469,1865.35522142857,1180.31789591837,2337.26301285714,1987.23033673469,1861.76869153061,1896.72829153061,2104.04809489796,1958.46545755102,2076.92118163265,1864.67016020408,1416.96270918367,1152.13904489796,1311.17719387755,2283.05578673469,1166.79454591837,1951.78706020408,1826.49156836735,1584.75244897959,1527.68606632653,2102.58258265306,2220.9071755102,1669.30001122449,1857.43618877551,2260.59051571429,1713.40007959184,1950.53929183673,2134.10670306122,1629.09888469388,1745.69516979592,1930.22363877551,1858.24178469388,1729.29948163265,1815.43901836735,1739.70070918367,1753.93055510204,2080.11000204082,1775.42382346939,1826.48351704082,1813.4187622449,1957.66840816327,1761.5575622449,2062.66716408163,2067.92459897959,1811.70475408163,1925.60566428571,1867.33539489796,1700.39112755102,1331.47805918367,1786.24874897959,1725.38621530612,2390.36791326531,1741.04917142857,2024.39620204082,1995.13677857143,1503.43858877551,2027.90780142857,1955.34595918367,1732.0003377551,1563.05205918367,1273.21216938776,1565.18803979592,1494.53145204082,1724.06164897959,2053.27678163265,1537.10017959184,1926.09121938776,1797.92679489796,2005.10997346939,1396.4405244898,1498.8354377551,1276.20755510204,843.91529489796,1571.6784255102,1754.36076836735,2088.8487255102,1485.13158469388,2299.76932959184,1706.81717755102,1948.69845122449,1996.05278571429,2086.97362959184,1686.48711836735,1590.68476326531,1119.04053265306,1445.11691428571,1367.55565142857,1924.19566632653,1264.77550816327,1249.0931122449,1509.64045510204,1925.7593122449,2527.46453265306,1776.35081734694,2246.94805102041,2218.03385102041,2090.61169285714,1885.9781744898,1488.60868673469,1466.10318469388,1741.70347959184,1280.43825,1505.7831877551,1644.72334897959,1673.46282142857,1770.62739387755,1992.59700183673,2167.45428673469,1961.47508979592,2062.54087142857,2073.78726938776,2416.92574387755,1642.71690918367,1614.19630612245,1911.59382142857,1441.66815102041,1848.9000244898,1744.89773571429,2005.58618061225,2031.94012755102,1784.26052959184,1544.96647040816,1625.52101346939,2252.62722510204,1967.90865204082,1900.9055,1985.18635408163,2281.95088571429,1955.12278571429,1964.91794897959,1582.2832377551,1635.7239622449,1574.14553826531,1659.76527959184,1573.1755,1553.51703367347,1459.50907142857,1894.23404387755,1275.5400255102,1623.02209693878,1705.84174795918,1966.14170408163,1574.25560816327,1885.44560408163,2045.01074081633,1603.12922040816,2380.56240612245,1652.2154122449,1904.3167122449,1875.98868265306,1547.73812653061,1161.13848061225,1784.31758061225,1783.23949897959,1614.21548571429,1700.1889122449,1863.84980612245,1732.86051326531,1952.42430408163,1941.2959,1854.24726530612,1265.46219897959,1540.41687346939,1635.29959693878,1507.19432755102,2141.39684693878,1718.62532857143,2092.98308571429,1801.17033877551,2059.83251428571,1460.84233571429,1481.76118877551,1525.76642959184,1493.37268979592,2260.75416836735,1231.7510122449,2033.56889591837,2232.00189387755,2181.46771020408,1894.43470510204,1685.47400102041,2040.25982244898,2028.1804877551,2306.27036632653,1920.14029591837,1791.75581734694,1348.71466836735,1686.41907959184,1591.30665408163,1643.63052755102,1254.18686122449,1776.41210591837,1563.76342857143,1823.75849897959,2230.39919183673,2212.5372377551,1974.00948163265,1907.28801693878,1355.15724387755,1791.84868673469,2253.02991326531,2227.77688571429,1905.1304405102,1341.95708571429,1660.67485918367,1827.24349489796,1870.09983571429,1697.8175877551,1664.50477755102,1912.46839387755,2110.5223322449,1886.55765408163,1810.81817857143,1365.87906428571,1807.86103367347,2189.86095,2206.57945428571,1815.87854387755,1578.58686326531,1775.53332857143,1124.25081530612,1567.18894795918,1621.52843469388,1814.20989591837,1949.87649387755,1684.06829591837,1397.41962959184,1401.66123571429,1335.00069387755,1970.46551020408,1683.96809183673,2014.05246734694,2068.78624591837,1505.14102142857,1708.43953367347,1489.79500612245,1605.53098061225,1250.73230612245,1603.12681938776,1949.31515918367,2203.14172857143,1931.18120102041,2005.87982142857,1873.84980408163,1403.10611836735,1458.08008571429,1899.04785714286,1573.66551734694,2053.03140816327,1883.63172244898,1739.91666428571,1915.86884295918,1761.47818265306,1864.01614387755,1792.05452357143,1737.87806122449,1515.72470714286,1249.26368979592,1311.12662653061,2051.41117142857,1567.53806836735,1665.95989183674,2256.17137653061,2024.93268877551,1515.23265408163,1835.18908979592,1676.17225408163,1807.05624183674,1331.35438673469,1794.98939795918,2079.24439081633,1825.91654010204,2340.59950204082,1737.94942918367,1962.81709387755,2008.7031877551,1841.12435918367,1827.24484183673,1252.4285622449,1673.02763428571,2206.57255,2172.37310714286,2427.88385,1922.49709591837,1882.89483673469,1762.06132857143,1713.63195918367,1765.97436020408,1296.5436755102,1823.28998469388,1981.88254489796,1857.37157642857,1398.40608571429,1622.34936142857,2187.28813571429,1628.57910204082,1608.09011326531,1209.03061938776,1581.77630816327,1492.90814897959,2519.60934326531,1901.17759693878,1592.41401938776,1792.30416673469,1754.11018163265,1912.41913163265,2168.28699591837,1475.15150204082,1809.61478061225,2203.75947244898,2341.30647040816,2224.38130408163,1940.84862346939,1798.65266734694,1679.51081244898,1835.83137244898,1659.67039795918,2070.51860510204,2068.00912346939,1926.89220204082,2439.96406836735,1914.41802040816,2116.53907653061,2067.81333571429,1798.04482755102,1879.42329591837,2473.66141938776,1698.14968367347,1607.08939387755,1901.56909897959,2000.24020612245,2096.79039693878,1791.06769183674,2059.88431632653,1524.02130204082,1822.28091326531,2252.89963673469,2353.37613979592,1744.13558163265,1458.38201428571,1755.74617142857,1397.77469387755,1550.34235816327,1669.70164795918,2037.56706530612,1899.90276326531,1480.15891734694,976.860609183674,1736.43919693878,1755.65186938776,1569.41312142857,948.810008163266,1699.86330714286,1549.15594316327,1724.09709897959,1664.12585510204,1750.09156306122,1212.7904244898,1046.45529489796,1612.10306734694,1241.80263673469,2406.85788163265,1987.49925102041,1650.46352346939,1486.49605510204,1820.47196530612,1660.83960612245,1982.41702040816,1969.30658877551,1525.30599285714,1937.37950204082,2114.59657244898,1751.08744489796,1747.30009183674,1872.24447653061,2030.15362244898,1677.46455714286,1760.72190204082,1916.7482744898,1615.65569897959,1899.7980122449,2242.6069622449,2026.08909489796,2178.61866836735,1668.85156918367,1971.94662632653,1154.23596632653,1922.04474387755,1676.79914183673,1344.63738877551,1319.88322755102,1586.78494489796,2215.25613469388,2042.85740408163,1973.69454795918,1832.85166530612,1939.84298265306,1639.80894897959,1915.97337040816,1322.92566632653,2063.25019285714,1656.0617622449,1821.41199591837,1313.09379591837,1786.69968612245,1812.93795204082,1513.65093979592,2005.91095408163,2085.20663510204,1479.39937040816,1736.55986326531,1637.37912755102,1682.47711632653,1740.61324285714,1687.50399897959,2250.64950306122,1878.95559081633,1957.99226938776,1760.09832040816,1984.02135816327,2324.74112040816,1343.5859755102,2118.15210306122,1329.07004897959,1202.99023163265,1554.79113571429,1875.25769285714,1663.4715,1969.19356530612,1858.1097877551,2151.34902602041,1617.44455122449,2031.58109387755,1226.6926744898,1406.76407244898,1385.01992857143,1641.72193367347,1692.70350408163,1742.52073469388,2239.09759897959,1772.76406938776,1569.07702857143,1357.11701938776,1942.94142755102,1671.10704591837,1491.07285,2081.20183877551,1789.79839285714,2011.48741326531,1766.84178061225,1027.72273571429,1382.5652005102,1786.10175,1559.75928979592,1801.21110714286,1473.10545040816,1377.47904591837,1772.85680714286,1619.34672755102,1533.46900612245,2016.50846734694,1941.75676938776,2163.46692244898,1798.13704897959,1641.62714285714,2312.15864795918,1989.44108163265,2076.17433387755,1881.21872142857,1512.98532142857,1524.44203571429,1018.18385102041,1679.0618244898,1233.40713265306,1422.19158571429,1488.79848469388,1795.36929693878,1903.10642040816,1613.26890612245,1433.74288367347,1469.66654183674,1680.70780510204,2242.59538163265,1967.37682755102,1503.28648469388,1695.48498469388,2000.2535244898,2054.2719755102,1791.0075427551,1927.25301244898,1750.51872142857,1841.0980377551,1876.85532755102,1918.75446428571,2097.50723061224,2029.33855816327,2434.64254897959,2290.52053979592,1417.98069591837,1597.03162653061,1608.35471122449,1439.6044744898,1333.75362755102,2172.5495755102,1959.47593163265,1621.4180877551,2430.53213061225,1895.68932244898,1681.93754489796,1997.43099183674,1349.87118061225,1711.03304897959,1336.8852744898,1516.18932959184,2076.80448673469,1945.38556836735,1397.23054693878,2002.65193571429,1785.73005918367,2209.98447040816,1997.26289489796,2451.26889693878,2215.61971908163,1385.42533367347,1584.91008979592,2297.38361632653,2043.00967255102,1663.71833234694,1871.29340571429,2235.46400918367,2382.1115744898,2386.40101428571,1722.54621020408,1512.6222122449,1698.0420755102,1576.27410061225,1537.24397244898,1604.74961938776,1868.21666122449,1909.76319693878,1778.14848877551,2243.74648367347,1602.51596428571,1973.13872142857,2283.72738163265,1133.8690877551,1560.91368265306,1927.22268061225,1930.24213163265,1437.21043265306,1826.31332959184,1766.50895408163,1405.92879591837,1391.57844897959,1567.8295755102,1621.93354897959,1645.97929081633,1596.28215,1198.68940408163,2090.77839489796,1614.50788673469,1557.4977244898,2023.05263673469,1684.31094285714,1888.1704244898,1574.34990816327,1906.5545622449,1715.66720204082,2401.99051020408,1992.63311530612,1870.98460306122,1635.83363979592,1684.86405612245,2107.15770408163,2099.35516326531,1523.88820306122,2046.10349693878,1837.43079897959,1321.13468163265,1544.2682122449,1577.60122142857,1489.93307857143,2567.69988061225,1549.88965357143,1650.39298877551,2046.29951122449,1779.3444377551,1728.69677244898,1924.77213265306,1706.38508163265,1724.72385918367,2198.52582653061,1952.77669183673,1861.96618979592,2001.30534897959,1512.61760408163,1725.97880816327,1422.62763367347,1741.79943673469,1528.40667306122,1272.80300918367,1581.70988265306,1712.98461938776,1729.87944183673,1847.19186836735,2325.64066326531,1984.69077040816,1636.23526326531,1907.99476020408,1937.84205408163,2214.34980510204,1832.62638367347,2273.73876122449,1706.74889285714,1409.57967142857,1861.39475714286,1661.83795183673,1671.83611938776,1497.30588367347,1978.08499693878,1846.91124489796,1995.93531020408,2056.02541734694,2477.4864,2005.8769,1896.14685,2438.78920510204,1700.45892755102,1761.80224897959,2195.1352755102,1870.82828979592,1820.74036755102,2040.9498244898,1134.5055877551,1719.89783163265,1980.8636755102,1853.9293377551,1642.8307877551,2159.32179489796,2050.61744122449,2048.90191540816,1788.90642928571,1985.66688265306,1322.97659285714,1527.83221020408,1782.69608469388,2051.56022857143,1760.36627346939,1635.31108265306,2179.53534897959,1916.49861938776,2421.66319897959,2168.62523163265,1689.39856632653,1747.00051938776,1858.63588163265,1974.64423571429,1440.42415306122,1965.8185244898,2217.33450377551,1657.95059081633,1691.51662653061,1706.26456836735,1876.218,1615.87115918367,1847.48343979592,2329.48071836735,2119.48485510204,1725.47615510204,2237.13636632653,2031.16734897959,1958.3629744898,1655.0663122449,1896.61228877551,1454.35145989796,2408.6809155102,1674.50228571429,1940.11273285714,1889.20120816327,1786.17850510204,1753.43717755102,2518.10579489796,1564.37990306122,1605.58474387755,2016.4723755102,1907.8866755102,1764.77283061225,1725.80631232653,2269.89141867347,1889.24716530612,1821.65754591837,1276.13886122449,2227.8892255102,1775.26415,1049.46829285714,1764.17679795918,1502.48997959184,1977.24638459184,1987.41328163265,1563.82884285714,1498.1344377551,1510.75675,1507.10400714286,1940.49027142857,1509.69407244898,1872.89151530612,2142.71008877551,2193.54878877551,1736.32618877551,1804.6768744898,1058.40044489796,1509.32054183674,1577.87893265306,2166.52559081633,1275.41383877551,1557.78792857143,1578.26291428571,1500.1587122449,2049.41289693878,2309.81972346939,1485.41092959184,1007.14991836735,1379.3388255102,1413.31224285714,1412.41728979592,1864.07574591837,1804.81526673469,1708.16913367347,1935.96907755102,1744.06410306122,1786.00179122449,1869.94578061225,1339.4757622449,1579.82847040816,1065.10792653061,2319.4579755102,2081.90284693878,2062.20308163265,1789.33135918367,2561.85117040816,2172.78664795918,1742.3637755102,1730.50953061225,1370.96527142857,2114.97755510204,1299.94388877551,1528.12487244898,2106.57657857143,2301.01346020408,2229.51912020408,1915.32029591837,2368.90493469388,1328.52422857143,1821.47966602041,1557.72911428571,1709.93346326531,1073.17539591837,1521.78672653061,1933.93816122449,1873.22869897959,2097.22819795918,1846.30690102041,1932.49124377551,1904.93560102041,1824.52156020408,1759.16479693878,1929.81792071429,1673.32859489796,1972.9909,1530.17440510204,1649.67367084694,1427.29896676531,2040.06590714286,1682.51570408163,1556.65435408163,1843.83037755102,2063.15702959184,1866.28803367347,2048.74867755102,1936.1100877551,1549.56479795918,2258.70828367347,1775.44401326531,1762.11975612245,1393.59238979592,1544.93491734694,1617.8985744898,2028.67773367347,2102.50357653061,1983.32201979592,1967.00689673469,1580.09236122449,1494.51178571429,1823.08747653061,1630.48023061225,1639.21954387755,1670.08263571429,2288.6517955102,2060.19326020408,1531.82824795918,1750.16948897959,1582.52234693878,1504.34605612245,1732.1966877551,2032.79208469388,1758.12989795918,1292.37034081633,1307.74058877551,1753.86647653061,1844.78524285714,1378.20855204082,2248.23861428571,1686.84208061224,1564.13931938776,1383.16618163265,1551.94916938776,2146.95943061224,2119.30276428571,2105.57691836735,2108.04769387755,1837.47605816327,1507.29221806122,2338.03685306122,1531.15391428571,1833.13218979592,2009.09006326531,2285.30243030612,2036.62718367347,1965.70525326531,1627.94443061225,1837.43395816327,1594.10519183673,1569.81649795918,2019.52765408163,1864.62988163265,1834.77564183673,1854.47473367347,2075.75546673469,1286.77160918367,1587.97274183673,1326.50202142857,1610.19351530612,1732.75388673469,1549.38330816327,1565.50581734694,2185.47304102041,1473.7897877551,1840.39769693878,1658.49743367347,2098.31990102041,2102.09725510204,1969.84078153061,1198.0449655102,1639.88340612245,1762.76865102041,2155.73767040816,2305.97840612245,1820.18689489796,2149.64362346939,1661.64861183673,2046.93210734694,2001.46883367347,2059.57340714286,1395.10332142857,1774.9765755102,1937.72762040816,1895.79608265306,1722.10952142857,1853.08413469388,1713.3297,1428.36054387755,1589.46873326531,1907.76618979592,1421.24294795918,1709.04244816327,2028.97776877551,2175.94529897959,2050.42774693878,1924.78817755102,1713.97135510204,2033.89875387755,1977.95627959184,1831.66707306122,1536.83881173469,1471.54149897959,1518.14524693878,1421.78604061225,1672.88188877551,1407.34961734694,1513.97317959184,1529.60753061225,1769.52450918367,1744.0008622449,1569.38709387755,1548.09449387755,1426.72370816327,2038.57360408163,1525.45834795918,1512.51837346939,1617.63899693878,1472.55233265306,1855.7690755102,1856.61890714286,2036.37436632653,1334.2460022449,1513.05319653061,2307.8478744898,1683.00728061225,1808.05597653061,1707.46019591837,1569.28915163265,1376.24197061225,1502.65334183673,1839.84908265306,1968.38206326531,2112.06188979592,1695.72575,2058.58568061225,1942.53860612245,1708.41401836735,1534.38749591837,1735.5778122449,1779.19946122449,1928.76905102041,1635.68313204082,1354.44460510204,1456.92048877551,1888.84687346939,2125.61708265306,1963.07302142857,1946.94264285714,1542.20987244898,1957.24177346939,2160.29258826531,1335.91448877551,1551.32306010204,1770.31804653061,1870.95498265306,1405.7882744898,1644.16439081633,1522.65289387755,1813.3667744898,1673.44264489796,2098.41063367347,1648.90414183673,1854.96791734694,2427.03518061224,1598.47018061225,1464.97323163265,1674.20621020408,1594.19540816327,1604.09699387755,1584.33704959184,1719.81800306122,1982.47877142857,2238.18800204082,1685.61764591837,2147.82040714286,1780.32922857143,1822.88309591837,1971.29720714286,2285.25839897959,1810.95245816327,1613.42268387755,1883.24909591837,1796.66507244898,2373.23012244898,1528.64923877551,2186.01499714286,1698.29666122449,2182.75081020408,2157.04515306122,1806.90965510204,1445.69778469388,1939.6822377551,1986.78184489796,1669.02511530612,2280.5933255102,1794.52051530612,2039.32472346939,986.091687755102,2269.95061020408,2135.61972857143,1787.96525183673,1968.92472244898,1717.20399183673,1284.7028,1585.48785816327,1638.28347959184,1735.92313265306,1946.10861632653,1847.8249377551,1430.70232653061,1259.50689591837,1900.43578979592,1670.55932653061,2109.63766122449,1545.43032346939,1846.51897755102,2198.09038877551,2066.98308265306,1634.23297142857,1951.08347040816,1906.18638469388,1445.66472040816,2045.45335714286,1729.61798887755,1826.76643061224,1667.56719693878,1775.87374693878,1790.80630612245,1738.84370612245,1798.62050918367,1990.97247653061,1921.55758979592,1575.89755918367,1644.63516020408,1607.96888979592,1658.09397959184,1352.48436367347,1219.35096428571,1695.90282244898,1828.02964734694,1555.30626632653,1750.57118979592,1695.05950102041,2266.65292857143,1907.71316530612,1429.94459285714,1977.36296122449,1751.05055,1690.89496530612,1493.49678877551,2024.32293673469,2563.44106979592,1652.25742653061,1985.7150255102,1784.24175612245,1966.46165714286,1229.1645244898,2433.87422040816,1801.1998877551,1147.71713673469,2013.84011428571,1875.66213061224,2122.18824693878,2040.39194693878,1883.79131836735,2229.25262906122,1965.88177346939,2086.88157959184,1835.63769714286,2163.24744795918,1888.55001632653,1225.20728469388,1503.13520714286,1945.0873,1797.50317653061,1830.70279795918,1768.86558571429,1524.45274591837,1916.54363061224,1987.00316244898,1753.84104285714,2430.62807653061,2137.05011734694,1940.11741836735,2260.15945816327,1098.6333755102,1874.62905938776,1579.57409489796,1855.05574785714,1544.24826836735,1931.65200040816,1779.39447142857,1951.26851428571,1559.39470408163,1899.18793397959,2009.2584055102,1512.62635,1995.86432653061,1810.48451938776,1726.58798918367,2597.05875918367,1760.00548469388,1416.43551938776,1983.84943530612,1769.3434622449,1752.02116122449,1649.85631020408,1948.00604183673,1898.36600612245,1503.37092959184,1671.18712346939,2518.80327653061,1674.09027653061,2065.58059489796,1497.8911,1340.6915377551,1313.42785306122,1027.16745204082,1700.33714795918,1799.16337653061,1646.52184183673,1861.33565306122,1793.67742857143,1612.48329591837,2005.73994387755,1848.94236632653,1868.59219183673,1680.82029387755,1464.27935612245,1150.83659285714,1162.21759897959,1257.54305408163,2071.48680204082,2186.64968877551,2247.69355510204,2148.04094285714,1439.08421020408,1521.12390408163,1269.67880102041,1500.51640510204,2124.81072040816,1788.84951734694,2048.25540102041,1261.18809846939,1786.52434183674,2049.41962244898,1715.07323979592,1746.89838877551,1686.25906632653,1994.54463714286,1923.4441744898,1725.97383469388,1354.19911020408,1735.82145102041,2237.13966632653,1731.48681632653,1589.6809877551,1398.49695816327,1618.27035306122,1945.02862346939,1378.58215612245,1835.97684693878,1858.27149795918,2051.75794081633,1593.43537346939,2030.96964040816,1352.82173061225,1712.29740612245,1356.32628571429,1549.01831020408,2189.34201122449,1553.96449387755,1170.97264387755,1833.51593469388,1839.42984285714,1654.26684081633,1751.98651428571,1832.21312346939,2099.80806938776,1679.89886571429,1785.28610408163,1684.77774489796,1289.43044795918,1227.39756938776,1624.2782244898,1825.7865755102,1333.99011530612,1419.7990755102,1496.98506122449,1458.40249591837,1516.09111428571,1504.96550612245,1494.84643877551,1712.72129265306,1996.3666877551,1822.91075816327,1637.26357704082,1642.43594285714,1670.87961734694,1998.2296622449,1727.71635102041,1651.53158469388,2194.66926836735,2535.27608367347,2011.66689183673,1768.94396020408,1752.34646734694,1801.51518673469,1577.87252346939,1696.69975714286,1789.02139795918,1616.60541734694,2179.41832857143,1670.13371428571,1807.73424489796,1344.73561326531,1371.94254693878,2082.01739489796,1818.40569928571,1392.24926836735,1698.69284795918,1794.46461326531,1980.16363673469,1842.28116734694,1786.05859183673,1858.71499795918,2059.10248673469,1676.27897142857,2044.03324693878,1743.34485306122,1174.96862755102,1657.02118061224,1989.67290204082,1946.79451020408,2054.45313469388,2119.03069897959,1794.61474693878,1904.43265510204,1970.7323377551,1378.95455,1907.42768163265,1373.03918571429,1790.09362959184,1293.43073673469,910.701555102041,1435.08585918367,1408.54288163265,1369.94010663265,1857.92811836735,1591.70381632653,1866.96875102041,1627.94939489796,2196.18349183673,1700.02185816327,1828.11190510204,1145.59425183673,1210.85203367347,2141.97602755102,1610.46897826531,1581.62525714286,2300.71843061225,1835.85500306122,1904.79061530612,1983.90191122449,1551.61418673469,1807.52594591837,1941.53997653061,1997.7904122449,1508.35521734694,1956.03230408163,1367.72979795918,1440.0300377551,1456.29035408163,1538.38120408163,1688.1376455102,1589.12759959184,1661.48550408163,1464.9119755102,1454.24281938776,1419.5238244898,1906.58359591837,1686.75953979592,2072.48893877551,2133.38494459184,1533.1789877551,2039.12860510204,1645.93767857143,1631.42696326531,1709.97123061225,1799.85113469388,1874.36042959184,1662.01036122449,1593.2393744898,1811.26393265306,1671.04358061225,1664.79533459184,1499.3112244898,1289.19011122449,1662.3189622449,2048.78751428571,1683.88930530612,1897.04831357143,1938.23440540816,1820.28311326531,2255.17254183674,1726.46588673469,1563.83010204082,1386.84335102041,2006.69072142857,1464.3632122449,1860.21361632653,1605.44193163265,2039.56269387755,1842.21720204082,2098.66124071429,1537.1441822449,1519.83144285714,1743.38454285714,2152.88146428571,1593.72472040816,1619.27114591837,2089.36288163265,2053.56801938776,1592.83516326531,1551.98550102041,1554.57641530612,2193.21385408163,2001.23169183673,1840.52220510204,1862.06141326531,1488.36861326531,1164.99073265306,1516.36560714286,1524.4960255102,1825.45669183673,1974.36879387755,1882.50514387755,1421.48711836735,1606.16855918367,1433.39631316327,2079.44243673469,1691.50981020408,1478.96291734694,2168.76654387755,2154.96298734694,1744.21910612245,2098.25845612245,1365.74838193878,1851.49735816327,2135.11091938776,2105.36459897959,1803.19664387755,1665.55577346939,2036.53432877551,1764.3146622449,1949.35898469388,1273.49658887755,1710.97514183673,2081.75838469388,1918.29066632653,2061.39461142857,1947.18390408163,2118.13135612245,1874.51898571429,2099.37730612245,1705.4887244898,1515.01292040816,1660.38054081633,1624.6899755102,1701.18215408163,1967.64126326531,1249.82979897959,1324.50410510204,1666.30678061224,1530.99392357143,1775.78035612245,1625.71884693878,1183.10126632653,993.127388775511,2018.55243693878,1956.69213479592,1762.75691265306,1535.34890510204,1300.15741020408,1408.0800255102,1429.40103265306,2031.84830510204,1480.31877857143,1588.83624387755,2335.84519693878,1446.03978979592,1994.57251734694,1717.67536020408,1467.82992653061,1471.21955714286,1215.23045204082,1499.56811428571,1434.56383153061,1502.2553927551,1585.5393622449,1964.77224897959,1450.6178377551,1985.99271020408,1962.60870918367,1529.68446530612,1981.98423061225,1312.59478673469,2071.3669255102,1631.36443367347,1747.51396836735,1688.98477040816,1481.53752959184,1294.59105612245,1835.41144081633,1468.23576836735,1662.13777142857,1471.12699489796,1177.03945,1535.60131020408,1619.40143163265,1496.89529112245,1431.5378244898,2164.74380612245,1783.40137959184,1712.69164081633,1526.6822755102,1942.87415306122
42.3265306122449,2125.81932755102,2160.34211326531,1831.80859591837,2462.23065918367,2157.94707244898,2447.35289387755,1932.24776632653,1810.35961020408,1847.18840204082,2034.10225714286,2124.10561734694,1924.11469183673,2096.44330867347,1974.15063795918,2216.12448795918,2062.5036077551,1618.97699387755,2003.19872244898,1550.46303877551,2218.45532857143,2106.10660714286,2210.12679795918,1981.41248163265,2012.01048979592,2345.93961326531,2222.21931938776,2048.27541428571,1521.78896428571,1962.86915132653,2032.61666530612,1032.58283306122,1819.72472959184,1894.53406020408,2118.17420612245,1902.69646530612,2119.47424081633,2419.35282346939,2393.79558755102,1919.39921938776,2012.92035612245,1745.62820816327,1582.47644081633,1944.79919840816,2090.54028571429,1756.74907653061,2028.12647244898,1787.73412244898,2484.22453061225,2043.89679857143,1636.08546632653,1609.22914357143,2457.10595408163,1962.75906020408,1941.85983367347,1897.12829285714,1707.67175408163,2151.40250204082,1786.44079591837,1837.63109081633,1859.78287346939,2191.70330714286,1856.27069489796,2089.18867857143,1672.12654489796,1905.73950612245,2037.89806428571,1795.15425306122,1729.74163673469,1618.11681428571,1672.21735408163,1436.10355204082,1577.6272877551,1603.18453673469,1566.0067755102,1669.18616632653,1387.74867755102,1835.7580755102,1528.1893377551,2247.13136938776,1834.84196530612,1866.5802744898,1764.1923877551,1997.59767040816,1825.29717244898,1972.08569693878,2089.62055918367,1842.64615102041,1557.50389285714,1487.20627163265,2369.34517857143,1615.74201571429,1965.96609142857,1757.12580592857,1843.68526632653,2050.77089489796,1932.09128081633,1763.46591836735,1842.17879387755,1597.86424693878,1613.32183877551,1846.88364081633,1788.40148571429,1786.42241938776,1920.58831734694,2082.24425146939,2290.9410744898,1353.19114285714,1839.36879285714,1835.30675102041,2153.63877142857,2021.6103255102,2003.35469489796,2046.04153877551,1433.45790204082,1757.49056653061,2347.8038,1988.92574081633,1946.26064387755,2058.33389081633,2270.95573061224,1828.72480510204,1818.99707040816,1950.23313673469,1651.50597142857,2367.23285928571,1681.14772653061,1603.42860306122,2073.48781530612,2289.44395816327,2022.25626020408,1854.07765102041,2076.90799591837,1545.10292959184,1756.39161622449,2046.12564989796,1780.31626632653,2116.67940918367,2344.91008061225,1878.54929081633,2123.84465918367,1137.87456020408,1370.88954591837,1739.76374795918,1836.58559081633,1997.88083265306,2217.70062244898,1788.31395714286,1816.81163979592,1799.04900408163,1853.6459755102,2115.65819489796,2229.77440102041,1323.46262244898,1653.49070510204,1433.50420612245,1767.35112755102,1736.15544795918,1936.96546428571,1915.8747222449,1665.29472428571,1658.84811653061,2074.96390612245,1575.98445612245,2054.16850408163,1678.86271020408,1559.62855612245,1552.51906734694,1761.25073469388,1654.01639795918,1943.66936995918,2041.56364897959,2079.13988469388,1949.27369387755,1535.21627142857,1981.79519387755,1799.67204387755,1604.88576530612,2189.27044285714,1612.78900204082,1700.5066427551,1578.12838255102,1505.50420714286,1822.67775918367,1979.33525408163,2079.17245408163,1820.82159387755,1752.58483571429,2324.55673163265,1557.84866020408,1761.03661326531,1530.76085714286,1770.59930816327,1992.18889836735,2445.70278979592,1663.01623571429,1836.8129255102,1835.55342653061,2123.74357959184,2128.71664795918,2035.20261020408,2499.74292408163,1106.57756734694,1812.37179183674,1842.20177346939,1652.60579795918,2084.23388163265,2142.26875510204,1701.46783265306,1670.11642857143,1996.40262346939,1836.03859081633,1754.46492244898,2119.44271836735,1978.44788469388,2076.96631795918,2217.5539,1583.51515714286,1939.00518673469,1868.48703979592,2059.49459897959,1541.6913022449,1898.8613255102,1995.75080408163,1307.50926734694,1478.7014244898,1553.91309183674,1709.8281244898,2022.40803877551,1790.28744489796,2010.21976632653,1931.6903377551,2179.90099591837,1928.73818367347,2091.81584795918,1660.09510510204,1649.02613367347,1691.01905714286,1740.47771122449,963.767403061225,2184.18958265306,1688.53801530612,1798.87631734694,1291.25340816327,2134.09776428571,1833.6987572449,1733.17394183673,1937.4869877551,2123.57173061224,1727.02840918367,1896.41449010204,2019.51919316327,2048.10295714286,2151.34651836735,2120.06124387755,1874.00770683673,2254.22810408163,1869.14631428571,2415.59121734694,1735.8003622449,1780.05717755102,2001.5749244898,2078.42788979592,2166.60979387755,2022.53943265306,1971.33326530612,1769.35956122449,1972.29939387755,2076.94551632653,1674.7731244898,2005.82596142857,1574.45616989796,1943.20809693878,1998.50728673469,1631.16080816327,1696.73485408163,1609.67366938776,2356.59138265306,1853.31585408163,1810.49060612245,1870.54739285714,1591.62934285714,2253.26908469388,2424.05988469388,1580.89091561224,2101.49967142857,2004.86138469388,2104.31265306122,2005.83159622449,2031.03704081633,1721.33211938776,1665.27629387755,2047.80300816327,1915.39694081633,1872.30006734694,2293.48271530612,1315.37515,2205.6779122449,1930.77237142857,1829.60277346939,1553.30169285714,2128.20693979592,1818.51192755102,2315.02672142857,1731.38262755102,1638.84105510204,1701.18331255102,1846.59323836735,1689.76860510204,1335.40050510204,1724.57799489796,1711.54562244898,1953.66536836735,1922.1791122449,1742.16271734694,1911.85439693878,2008.75715306122,2411.19579489796,1936.98978367347,2075.14660204082,1962.75207408163,1430.67566591837,2114.13359489796,2523.05139183673,1652.90162755102,1799.29150204082,2180.57297040816,1308.96255612245,1851.27327040816,1746.8575255102,1573.55579897959,1772.4765,2131.63444285714,2242.19579693878,1803.77119183673,1702.38008571429,1389.69240714286,2017.8014122449,2033.3078122449,1471.26343438776,1249.51853469388,1694.67891020408,1998.82931428571,2194.53774183674,1398.97331326531,1433.60533265306,1695.32519489796,1647.39939285714,1236.57930714286,1835.47796326531,1669.59726479592,1744.75913367347,1889.20882959184,1600.64592755102,1483.02749897959,1777.28260918367,1430.83244591837,1457.49377857143,1979.85545734694,2032.1189255102,1954.17238265306,2172.3173522449,1778.0868755102,1545.62491836735,1625.19950714286,1787.88083673469,1859.4280744898,1611.79357367347,1376.81095,1828.65265408163,1440.88783265306,1853.61967142857,1673.64227959184,1631.47318367347,1687.47541836735,1823.46257857143,1889.9472755102,1820.3311255102,1681.14686530612,1589.5668877551,2038.31092857143,1931.43745102041,1834.44662142857,2071.47986734694,1815.49414693878,1356.89103163265,965.788643877552,1803.47433265306,1775.07913571429,2282.29514693878,1525.54542040816,1892.25190510204,1802.30075306122,2049.96520306123,1388.49951734694,1894.50483571429,1858.69204489796,2170.09502918367,2629.65556959184,1548.33221632653,1766.02349632653,1566.48358367347,2090.99580061225,1694.23162653061,1923.89773163265,1962.10037244898,1784.24031020408,2002.23638673469,2020.91045102041,2184.8817244898,1961.22564489796,1878.30534285714,1938.57287244898,2103.46069183673,2371.84775918367,1835.58438571429,2228.95983877551,2082.32327755102,1881.59739591837,1585.4617072449,1691.00332142857,2025.32938061225,2242.76509183674,1903.25010408163,1624.29769081633,1898.2913877551,1816.75429795918,2015.2168622449,1733.48809489796,1751.34209183674,1865.28786938776,1770.16352959184,1697.99243877551,1912.34198571429,2443.81933877551,2707.68693877551,1451.61533061225,2146.09737653061,2157.23364387755,1558.8227255102,1931.69932857143,1998.28899387755,1795.11017244898,1948.1858,1760.67929285714,1773.24385204082,1920.55103979592,1280.76466428571,1807.83838469388,1693.57346938776,1905.99710306122,1461.80139591837,1754.27985816327,1505.56339183674,1901.78238571429,1624.22698367347,1770.78718469388,1478.71608367347,1753.23630612245,1906.20778469388,2373.76943877551,2222.01455918367,1452.74435306122,2511.49413265306,2159.96789387755,2214.84711632653,1739.38083183674,1810.87071714286,2050.91255918367,2139.65801734694,1944.37157346939,1693.70664285714,1564.63660642857,2029.64676326531,1816.67812040816,1953.71290102041,1638.25707142857,1855.08734795918,1370.53589387755,1617.87777755102,2130.12765612245,2323.65334693878,2166.23450612245,2413.24563979592,2070.37046734694,2072.5144827551,1191.45414489796,2014.06010306122,1592.67519081633,2072.34800306122,1871.19341836735,2132.38022653061,1310.64407346939,1878.81664795918,1545.56822959184,1777.84135918367,1581.12866367347,2153.63840102041,1825.58090306123,1897.30798469388,1634.86261020408,1470.14861020408,1823.05673469388,2186.97744285714,1703.11623469388,1672.01144285714,1982.12065816327,1698.31376428571,1713.39170204082,1593.6513622449,1509.50505816327,1545.06070102041,1709.76846020408,1751.69931836735,1960.6718755102,1768.55235816327,1516.64708571429,1534.29799795918,2068.6942122449,2040.45063163265,1766.13941632653,2086.96262857143,1816.10324285714,1850.04487346939,1849.56381122449,1281.14055010204,2276.21164591837,1594.32741020408,1751.09270102041,1612.13392959184,1634.69040714286,1736.16939285714,1907.45411938776,1994.04452755102,2120.54770408163,1373.02768367347,1867.92968469388,1433.65190816327,1336.70107653061,1670.41592959184,1710.93815510204,1730.76015,1762.81218469388,1652.61989591837,1870.87732755102,1962.32505102041,2001.1716877551,1950.97047959184,2184.03021683674,1583.4021377551,1812.64409397959,1759.20879081633,1561.21006530612,1151.38974591837,1099.72696734694,1703.76145816327,2504.60613061225,1380.78838673469,1631.06711530612,1603.03559459184,1909.70047244898,1793.03269897959,2250.89651938776,1309.00493071429,1647.52343367347,1654.67807142857,1494.93671632653,1781.67453163265,1590.83198163265,2082.05905714286,1995.23653265306,2008.07718163265,1406.09201326531,1828.67564387755,1956.91915204082,1836.70840918367,2067.60797346939,1419.30876122449,2331.78888061225,2047.15800612245,1815.33952857143,1710.25680714286,1755.99855714286,2021.79502755102,1845.25736530612,1898.89750816327,1985.58259285714,2028.04274897959,1443.43225510204,1832.34975816327,1695.31573367347,1766.67031938776,1885.42527346939,1540.49278163265,1955.17237183674,1849.61082755102,1463.40934387755,2112.09059183673,2357.61353061225,2051.3182877551,1709.83234489796,2071.7227622449,1679.03193877551,1792.69562653061,1747.80505704082,2059.58740408163,2300.143015,1781.45821326531,1837.44365204082,2207.1186877551,1659.24706734694,2049.17011734694,1789.20972459184,1943.97597040816,1938.71301265306,1770.73173061225,2188.86566020408,2168.09791938776,2464.34958061225,2159.34877755102,1676.8530555102,1840.1086622449,1733.55641938776,1726.81318469388,1941.42564591837,1512.47356326531,1587.15245102041,1370.90021326531,2118.90761020408,1883.0665622449,1590.25171326531,1980.94624081633,1718.88421632653,1772.83429081633,1830.18397040816,1343.48606734694,1776.51772244898,1459.43863265306,1246.62691020408,1982.12478673469,2040.05713571429,1897.91334795918,1557.25454489796,1927.4941755102,1584.86736020408,1871.17643061224,1905.13612857143,1374.26675204082,1745.99858673469,1811.19626959184,2164.58683673469,2232.46949081633,1664.49520204082,2020.92875102041,1636.99395918367,1988.33068367347,1298.83610612245,1519.76920306123,1883.01458163265,1904.87477346939,2162.83421734694,2200.26707959184,1688.15669489796,1992.12937214286,2585.04586306122,1858.56046122449,1952.35897489796,2218.66886326531,1862.53773163265,2525.63307653061,2309.5386,1518.98109285714,1948.13813571429,2247.37548571429,1973.5715755102,1886.60361122449,2243.90464081633,2247.63207755102,1518.14465204082,1569.06451428571,1806.45886836735,1666.77446326531,1344.68627142857,1787.11504795918,1752.89961122449,1367.12035714286,1578.97245102041,1809.27431428571,1850.61841632653,1264.31989693878,2031.80514387755,1901.75825714286,2304.12426622449,2051.35858061224,1748.45789591837,2103.19710979592,1709.09077244898,2055.84611122449,1802.62207959184,1618.40526408163,1643.42955,1598.65272244898,1382.3190255102,2489.55511326531,1908.66497959184,1834.27818469388,2273.50021122449,2270.0007255102,1625.0533377551,1734.61829897959,1556.98121530612,2050.69555408163,2197.30300306122,2125.70118979592,1601.49222755102,2162.96832755102,1892.59607755102,1817.79350632653,2090.2674377551,2039.95189387755,1523.17708265306,1963.39209387755,1672.01098153061,2230.61079489796,2397.86089285714,2293.88025102041,1785.42981142857,1962.19484183673,2350.89389204082,1659.35323020408,1737.2268622449,1853.60571530612,2038.43306734694,1560.49549081633,1738.00173673469,2066.28136530612,2046.04433673469,2123.32722040816,2049.87423163265,1524.38882346939,1900.21550918367,1967.50178510204,2008.56945816327,1953.49223673469,1990.43010714286,2518.08154591837,2034.00119897959,1742.6861744898,1862.68603469388,1723.24496428571,1411.26065204082,2033.65135306122,1656.1701877551,1762.42197755102,2230.14427428571,1921.56970469388,1886.50836020408,2716.66155714286,2369.55642244898,1768.55553469388,1856.62109214286,1616.59692346939,1809.39642979592,1835.44600408163,1520.45665714286,1782.90330408163,1360.92288163265,1990.7480622449,1485.78594183673,1528.89185204082,1599.40399183673,1911.68068989796,2123.05250714286,2262.20840306122,1926.1819094898,1838.60755102041,2180.43896428571,1958.88115306122,1795.33920714286,1972.26172857143,1919.37099081633,1734.1739755102,2104.34637959184,2235.40079693878,1600.09324081633,2067.65740102041,2023.82687836735,1642.21664387755,1722.75863163265,1675.15601020408,1750.00535408163,1366.23709204082,1797.23351632653,1863.53383877551,2052.71942938776,1231.55836938776,1554.6206255102,2031.51733265306,1479.40123367347,1731.09381836735,1839.02120714286,1744.00012040816,1724.14671428571,2326.31345816327,1908.22095714286,1949.9171,1392.28693571429,1507.09865102041,1716.74345204082,1709.65836428571,1913.54836632653,1918.43929795918,1856.13070612245,1754.60390510204,1698.60701020408,2104.31492244898,1896.0625755102,1550.43070306123,1760.71937244898,1944.82851081633,1754.95932040816,1454.93042755102,1513.29527755102,1953.69265163265,1723.38687030612,1956.26343969388,1222.89345102041,1962.30485020408,2150.12119387755,1944.01110816327,1442.49481530612,2045.04710918367,2269.41703367347,1571.72697346939,1634.69853163265,1704.13394530612,1888.93841632653,1520.27046836735,2023.42093163265,1594.51267142857,1913.29736530612,1539.7363,1489.85071326531,1941.8433877551,1603.15469061225,2017.57236163265,1683.94972040816,1638.54248367347,1846.08606020408,1940.26468673469,1841.37028673469,1400.91394285714,1279.30783163265,1788.68975612245,2127.26371020408,1337.58419693878,2026.75263163265,1772.89417857143,1493.53724693878,1824.02394591837,1568.41655816327,1830.64435214286,1566.28359897959,1749.93989795918,2108.7726877551,1992.18365714286,2135.7688755102,1920.04153265306,1565.46046836735,1930.89812857143,2579.17467755102,1869.83480795918,1744.82654489796,1687.83881428571,1641.97496122449,1888.50870918367,1577.69244693878,1434.61866734694,1789.50611122449,2198.48964693878,2014.17854591837,1859.75144693878,1988.84972755102,1869.3385755102,1934.00439693878,1807.44004591837,1966.20651632653,1571.11942244898,1617.75903367347,1790.73178163265,1631.51316632653,1452.62423877551,1884.65001673469,1100.14163102041,1876.61289387755,1419.78017244898,1678.36159081633,2256.94280836735,1919.40743673469,2027.48171122449,1879.01691428571,1267.5737377551,2447.6102122449,2023.57198755102,2050.79939285714,2157.41783367347,1751.45324081633,1924.95346734694,2552.08249183673,2045.58445510204,2121.82915510204,1725.29087857143,1539.9265377551,1659.71071122449,1844.65052755102,1662.11200306122,2106.22530612245,1657.91840408163,1793.90441938776,1943.84443469388,1969.71837040816,2187.90232040816,1507.96934591837,1811.0017244898,1877.1862744898,1601.14445306122,1650.07702857143,1760.07133877551,1820.05770102041,2169.7325122449,1783.57616428571,1521.5251244898,2252.22969183674,1204.92803979592,1914.19515204082,1473.92604489796,1774.40005408163,1745.38858673469,2104.78031122449,1713.38935408163,2131.11250408163,1846.55788979592,1674.41656122449,1485.83412142857,2175.44567040816,2335.32417122449,1949.70644693878,1695.90597142857,1967.0540744898,1817.77583571429,2102.0847744898,2024.3601377551,2161.38187244898,1590.24904795918,1417.78463979592,1411.25042244898,1978.43043265306,2156.68177653061,2000.86633673469,1701.15816734694,1976.23550408163,1829.78772265306,2040.14235428571,1787.43290510204,1683.78402142857,2162.67392142857,2281.32729183673,1957.29371938776,1859.83788673469,1821.71789795918,1634.42205510204,2023.08620408163,2238.63771530612,1920.07785510204,2146.67303163265,1772.61668959184,1621.28681734694,1956.35328897959,1920.68063571429,1903.70319183673,1311.19905918367,1820.38981122449,1823.98576428571,2483.96613979592,2091.92995816327,1868.5384244898,1476.10321632653,2096.64331122449,2059.18341836735,1874.53393571429,1190.09938163265,1133.59115918367,1983.79521734694,2105.26160469388,2509.81094244898,1818.32099591837,1943.72738,1971.33663571429,2001.44342653061,1884.79955102041,1865.54118265306,1760.44982857143,2091.26307653061,2001.49584693878,2504.75088469388,2011.48672653061,1614.4169244898,1765.2863,1796.65417755102,1705.85188469388,1323.17708571429,1593.66199183674,1563.1783622449,2078.29407959184,2154.11348367347,1635.23851908163,1766.36199183674,2038.08456530612,1940.67187653061,2347.70217755102,1986.47409897959,2090.04313673469,1696.04129489796,1232.54907142857,2231.41030306123,1893.56181020408,1686.5757744898,1760.82571938776,1856.55590204082,1665.48605918367,1807.91647244898,1518.66327244898,1802.5069877551,2131.52694,1771.64749265306,1915.77416122449,1997.16890204082,1839.77647857143,1757.62055561224,1675.94432755102,1920.42205306122,2641.94572693878,1887.90722755102,1720.72813367347,1712.80078163265,1837.260585,2122.35846836735,2092.59649387755,1791.6684255102,1551.33065612245,1960.75677142857,1895.60494591837,2058.41644183673,1823.65598673469,1893.92170816327,1944.78114020408,2345.48615408163,2158.11235204082,1760.32408469388,1454.85170408163,1312.48706836735,1984.25718163265,1509.31760102041,1866.5032744898,1810.19414285714,1778.98040816327,1831.25624897959,1839.22320510204,1931.46419489796,1632.72753571429,2507.64697346939,1805.64266734694,2361.23900714286,2297.01127040816,1851.9059727551,1782.40937,1783.88704285714,1966.91381428571,1732.61624693878,1476.56161938776,1687.35605,1439.94151530612,2184.16678673469,2126.78122040816,1951.11605510204,1533.38925102041,1821.88472857143,1828.59216938776,2171.82716734694,2148.60158734694,2461.17639591837,2153.67848571429,1435.28283163265,2187.59994387755,1759.66421836735,2689.06218061224,1785.19871489796,1750.91585357143,2036.89825714286,1660.37899591837,1403.91577653061,1445.50053061225,2034.90121836735,1988.92551836735,1853.52196581633,2030.07856122449,2234.46003571429,1858.05760204082,1602.41907755102,2408.42696938776,1930.64471632653,1744.3278144898,1886.63049693878,1397.51208163265,1463.60447959184,2107.47351632653,2261.69281938776,2576.46191020408,2572.55441183673,2170.29049081633,1858.2807122449,1913.35045816327,1838.64224836735,1996.55065918367,1503.83117653061,1410.9562744898,1514.8193622449,1368.35996428571,1934.48561020408,1129.47376428571,2092.5062744898,1696.70727244898,1863.78074183674,1625.69453673469,1788.25662040816,1542.59973469388,1817.70305408163,1676.56587744898,2120.59347244898,1994.53330510204,2023.0276744898,2235.38007346939,2291.22859489796,1622.07695,2096.3072,1871.58983704082,1663.05647040816,2027.18172653061,2048.94195867347,1738.91706734694,2178.74463979592,1925.45797959184,2297.72428367347,1936.87570346939,1742.99800510204,1879.12821428571,2038.78031040816,1941.50938469388,1568.40371122449,1579.13492857143,1812.33205306122,1612.1242755102,1768.65143367347,1792.57335918367,1560.07256938776,1972.30802959184,1837.71921836735,1862.39896938776,1376.26956326531,1720.53182959184,1567.1398622449,1648.80658877551,1816.51312244898,1607.67710612245,2105.05867959184,2165.93192857143,1582.24172346939,1829.55598061225,1827.26816734694,1899.99260714286,2292.3741877551,1583.89180591837,1631.30279795918,1711.11771326531,1614.42378469388,1813.3001377551,1709.77756530612,1708.93401867347,2476.43180102041,1790.03505408163,1704.53751836735,1662.4859244898,2219.53213163265,1304.05271836735,2168.11986632653,2024.32259183673,2323.92815612245,2034.63329693878,2164.34663571429,2022.31365816327,1798.34213979592,1530.56713673469,1906.13998673469,1930.43285918367,1380.12316836735,1708.98538469388,1563.82450102041,1770.67974081633,2202.49046734694,1886.28998265306,1767.83933061225,1713.96388571429,2149.20332755102,1804.38530714286,2580.00263469388,1738.07945204082,1950.49912857143,1590.45054183673,1773.2973,1429.10193163265,2261.04778469388,1875.97748877551,1618.3016744898,1392.88497142857,1910.59037040816,1867.18017755102,1855.28371122449,1579.51585,1660.37039183674,2014.12584285714,1810.3482255102,1729.8990244898,1401.28270918367,1492.93465714286,2099.22135816326,1737.88448469388,1808.5198122449,1960.38648693878,2182.29939663265,1736.8621755102,1780.46244897959,2064.35387346939,1955.47328265306,1698.71107020408,1721.67252959184,2209.76912857143,1999.37271122449,2156.81781836735,1597.54411326531,1546.89717244898,1877.21767091837,1799.26465510204,2118.8636755102,1650.96675,1683.60271632653,1702.20012959184,1641.05125714286,2472.25476938776,1826.96256316327,2157.2114744898,1933.7200022449,1906.52038306122,1758.18488367347,1687.45742755102,1916.58934489796,1765.87648367347,1709.2165,2046.62377040816,1469.78667346939,2049.62404489796,2325.20789285714,2175.73021938776,1629.2632755102,1713.33804081633,1622.93519285714,1472.51476020408,1975.11962142857,1915.42128979592,2110.66829693878,2061.1029,1774.07886530612,1904.19943122449,1675.90585561224,1754.09650306123,2033.37750306122,1846.40345306122,1530.55808469388,2011.8716572449,2290.90684438776,1907.59150010204,2133.90939081633,2182.12447142857,1924.78628979592,1306.91475102041,2313.94505408163,2033.46680510204,1569.9793255102,2029.72036020408,1768.52120816327,1800.44575816327,1612.01580714286,1861.58783979592,2214.47846979592,2056.71909122449,1806.57797755102,2153.08941734694,1949.46965306122,1769.86249489796,2013.86584387755,2051.45648979592,1606.56989183673,1801.45205918367,1952.94744897959,1990.92701530612,1748.76786122449,1948.99871020408,2190.5140255102,1843.94784081633,1318.94253061225,1390.60308163265,1815.81615918367,1727.66693265306,2186.19389795918,1989.71407989796,1965.67568571429,2188.90568510204,2151.72156122449,1692.68588163265,2131.08832142857,2124.38111836735,2437.68750326531,1559.36336816327,1735.51585408163,1389.03717653061,2136.64313061224,1755.34002653061,1858.71216734694,1826.97428979592,1795.40661867347,1735.41306020408,1468.02298897959,1611.8266722449,1494.00315204082,1083.27513061225,1937.05434897959,1774.49184795918,2112.39239591837,1896.68472244898,2072.5291377551,1648.28968571429,2056.88639795918,2114.06405714286,1635.99212346939,1528.43841795918,1666.0817244898,1936.33236020408,2128.04678163265,1585.14441530612,1402.15681938776,2657.01149387755,1888.97694285714,1499.20087755102,2315.3691122449,1678.98695204082,1589.21935102041,1514.23652857143,1932.59125714286,1681.05839591837,2045.63674693878,2336.96942704082,2059.43542857143,1579.08500510204,1609.90763704082,1755.59924489796,1743.85304489796,1735.23135612245,1832.56994285714,2052.0153744898,1139.85211326531,1877.19685938775,1632.84353877551,1879.19209489796,1863.39465204082,1285.01924591837,2000.9601255102,1898.37365,1717.19723877551,2088.28160204082,2080.1399244898,1643.85606326531,1791.57077653061,2245.09539591837,1604.44271734694,2493.65236520408,1846.96911020408,1601.47736938776,1834.60815102041,1877.9288755102,1774.46562244898,1770.6960877551,2332.83183877551,1901.18878265306,1975.94162142857,2310.09974897959,2030.60265918367,1449.69010918367,2192.69422040816,2490.44556122449,1548.86002142857,1933.88096530612,1744.53290510204,2350.49440714286,1831.30653163265,1906.28137346939,1710.92700306122,2140.27083979592,1301.41535204082,1614.01665102041,1728.94458979592,1571.33490204082,2194.51574897959,1968.54821428571,1859.13099387755,1647.74188163265,2312.47764367347,1849.1119377551,1476.79059387755,1947.44458061225,2263.75113979592,1981.95148979592,2165.10115408163,1834.20758673469,1816.72254591837,1838.80439081633,2027.9203377551,1541.08195510204,1773.80145,1433.95468295918,2213.51151734694,1617.12329081633,1268.30448469388,1748.04555510204,1957.19785408163,1445.75849183673,2001.79151938776,2093.02051020408,1713.16051020408,1841.80489795918,1459.30339489796,2409.14384591837,1774.56301632653,1646.28293061225,1693.4347377551,1385.34902959184,1835.46134744898,1480.79047142857,1711.52535102041,2044.74313469388,2042.72305204082,2221.54232959184,1871.16457040816,1504.48312142857,2247.01495714286,1886.30431836735,2068.06120510204,1566.94260510204,1763.97016020408,2232.05687653061,1967.74794795918,1859.42893673469,1853.67301326531,1772.58248061225,1677.2169,2020.68455204082,2183.84326346939,1855.92862040816,1919.2225827551,2069.553405,1632.24445408163,1812.40165510204,1863.01423163265,1844.9959744898,1999.94247142857,1998.0172877551,2423.90155,1685.89324081633,1824.56087959184,1893.11738469388,1533.39468265306,2152.97076632653,1978.31777346939,1835.55301938776,1485.14511326531,1671.26536326531,1953.38130102041,2430.35525102041,2023.29416530612,2161.40179183673,1712.85089285714,1703.01600408163,1611.64409081633,2139.4514255102,1468.58899591837,2008.11337244898,1969.79841020408,1914.90365918367,1871.33838673469,2341.02926530612,1165.02088571429,1556.51185408163,1738.88366938776,1288.51748979592,2187.56238877551,1833.3599,1961.1965122449,2040.76174081633,1754.12777244898,2062.21547244898,2020.08800816327,2042.01471938776,1140.07065306123,1506.35210102041,2012.25246530612,1845.86370714286,2280.24533346939,1836.97207510204,1563.84032836735,1519.5445255102,1674.86768061225,2238.49439816327,2079.03302183674,2005.9503244898,1753.99293265306,2170.48492755102,1989.8773255102,2237.26992653061,1938.80834897959,2421.72893979592,1669.3990122449,1914.22108265306,2410.02254285714,1818.82301632653,1505.14183469388,2149.04713265306,1980.08260204082,1837.7998744898,1882.04220346939,1847.91765918367,1630.7700744898,2026.29399285714,1492.32775204082,1622.16361530612,1556.61306714286,1977.23365,2047.06850612245,1576.67273265306,2354.46782959184,1813.97168979592,1889.62782653061,2128.89964387755,1814.72865,1834.82744183673,2057.93139693878,1824.78341020408,2378.9494877551,1476.17666326531,2032.77386632653,1537.5611244898,1811.96261734694,1796.41441632653,2140.47323061224,2169.83879285714,2137.28844285714,1917.84745918367,1824.13922142857,2140.07351836735,1958.83177959184,1453.16799897959,1675.97184285714,1538.2063472449,2559.76473469388,1737.84476734694,1687.3304877551,2025.91540306122,1863.60278142857,1791.10629897959,1950.99964204082,2070.65825469388,2175.3947244898,2145.0137755102,1276.00405408163,1849.69218877551,1678.76982857143,2060.59822734694,1709.56037857143,1768.17140204082,1626.76144489796,2396.74070714286,1635.38529387755,1607.3724755102,2009.05376326531,2137.8750244898,2262.25189183674,1474.29705612245,1755.89957959184,1628.41936918367,1795.79944591837,1783.22680918367,1997.15589795918,2017.03195408163,1734.52889693878,2131.09854795918,2000.4466622449,2455.6808705102,1899.21752653061,2072.78685387755,2286.64198061225,2236.08943163265,1682.97174285714,2298.17102040816,2081.12158979592,2074.5258,1855.2064294898,1984.57007346939,1938.23504897959,1711.1352755102,2118.11648571429,1749.11187142857,1848.97377857143,2134.56408061225,1845.99369081633,1636.64270408163,1781.66874102041,1976.26181632653,1363.96808673469,1758.23737142857,1412.70455714286,1909.72029591837,2596.08108469388,2131.34424163265,1791.46965918367,2042.09624387755,1948.22934081633,2060.21087959184,1554.85701020408,1735.52454387755,2333.35243265306,1680.1363744898,1709.47268673469,2099.25597928571,1906.37587244898,1644.2135744898,2008.01032244898,2041.78651734694,2122.28847755102,1988.51731122449,2224.59885306122,1974.5434122449,2124.30467857143,1970.17923163265,1661.00720306122,2185.54171938776,1763.56944408163,1787.8559122449,1679.1063377551,1623.32403061225,1748.74192959184,1592.97893367347,1634.72982357143,1980.22397755102,2344.37957497959,2287.35968571429,1376.68853744898,1860.32485102041,1814.94577244898,1936.92295204082,1920.15484897959,1996.46665918367,1922.22803265306,1830.26205306123,1948.30981326531,1495.33438163265,1717.81648673469,1778.12189285714,1675.06873469388,1190.17396632653,1877.97960306122,1890.66618367347,1713.64569489796,1664.89774693878,2366.09481938776,1933.43380918367,1928.28686326531,2229.30775816327,1440.46061061225,1912.50111428571,1971.94154693878,1836.79332142857,1849.7929,1725.20594489796,1571.23670408163,1982.89604183673,2115.77034591837,1889.2647244898,1582.43390612245,1454.65631326531,1889.98566428571,2257.73692857143,2300.56543367347,1916.74657142857,2329.73874244898,2317.76736387755,1761.98615816327,1730.62016428571,1582.40957244898,2062.34773367347,1719.98741428571,1269.56759183673,2080.58533571429,1637.90431530612,2066.98962346939,1996.34796938776,1950.16145510204,1938.22161734694,2243.15354795918,2166.19502653061,1764.28724387755,1999.62762244898,2007.76041734694,1784.20657244898,1549.07176530612,1861.80041326531,1855.92506326531,1867.73876020408,2127.59511428571,2098.34305714286,2377.0955244898,1615.29331622449,1841.76079081633,1466.79670816327,1625.34929285714,2185.54785306122,2248.11824387755,2072.39465816327,1874.45131734694,1974.98887959184,2038.42999387755,2262.89549897959,2003.6861377551,1808.55500306122,2037.88207285714,2089.28145612245,2077.66741326531,2012.72069591837,1733.33672346939,2177.49363571429,1921.04217857143,1448.96395204082,1424.55862244898,1595.85884591837,1630.85382653061,1725.07789387755,1806.73049387755,1984.53249346939,1640.10869795918,2270.57824795918,1961.61735714286,1846.86784081633,1949.82542040816,1916.17866755102,2207.34187040816,1961.55326836735,1983.47288,2224.42205612245,1734.96302755102,2405.33884567347,2021.8392777551,1602.07573571429,1703.04844591837,1232.30761836735,2178.63863163265,2171.17473061225,1681.17023632653,1703.86191734694,1851.29013265306,1659.2431877551,1762.59011040816,1889.43357959184,1799.19921428571,1499.18949591837,1787.73005204082,1928.5001255102,2098.37425714286,2360.28531836735,2312.90725816327,1913.72284591837,2249.26312959184,1848.49645408163,2030.10034387755,1536.88773571429,2108.79482244898,2068.60260816327,2200.24171938776,1730.62088979592,1869.2992255102,2371.43597653061,1660.42669489796,2072.79615510204,1686.99100102041,1713.92349693878,1892.15964591837,1969.88377040816,2004.82737693878,2084.33476530612,2239.42428265306,1849.91876428571,1844.0531755102,1633.27355816327,1824.55787346939,1836.51412040816,1672.30894387755,1825.78937142857,2277.92665612245,1798.25222346939,2023.45771285714,1889.38999183674,2110.45255306122,1963.40498673469,1479.29660918367,1953.48910714286,1760.79964795918,1826.53549897959,1571.08803571429,1524.27254897959,2086.76864285714,1971.66240408163,1370.2369877551,1841.52000408163,1539.68766020408,1792.3381494898,1956.86327857143,2101.16697857143,1920.84227367347,1553.89781632653,1269.83716734694,1867.55448714286,1947.90945102041,2058.95492142857,2331.56156020408,1646.54084055102,1805.8906877551,2021.49123673469,1810.87849897959,1942.41351326531,1594.48046326531,1578.66841020408,2065.80962142857,1762.61561020408,2002.31453979592,1660.1111255102,1947.90390204082,1681.02474693878,1679.64778367347,1803.77167653061,1514.94208367347,2051.8122322449,2304.2454322449,1851.88698877551,1990.22925306122,2031.40965510204,2040.72985102041,1974.59575918367,1651.20665510204,1944.1958877551,2382.3003944898,2110.38279183674,1789.74924377551,1883.14170612245,2091.29826428571,1504.60197244898,1970.28819183673,2025.03583469388,2095.79894591837,2129.14988367347,1937.41371122449,1593.03690408163,1732.98863061225,1808.73004693878,1914.85759897959,2001.14714591837,1827.26025612245,1672.53262040816,2188.45423673469,2152.94395,1563.99620102041,1832.24374285714,1454.74056734694,1392.32169387755,1166.80430918367,1442.99623673469,1798.81182346939,2049.21224285714,1862.44539693878,1764.2107255102,1825.06406530612,2463.80759285714,1901.54884081633,1825.96164591837,2304.77084112245,2515.5642005102,1921.36872959184,1871.92085714286,2131.3211,1653.66571020408,1300.64224387755,1851.97934081633,1901.18563469388,1852.00116632653,1847.86859081633,1815.63503163265,2079.73785102041,1767.01610306122,2059.94267142857,2243.02420204082,1645.54292857143,1665.15368673469,1904.47090612245,1658.01857959184,2012.71160408163,1801.48108061225,1859.78172959184,2135.98465612245,1999.07704183674,1093.32439591837,1842.2176,1470.06862204082,1761.81957653061,1714.4867377551,2392.82944081633,1895.38064591837,2131.75207346939,1791.89730510204,1670.14604081633,1464.4215622449,1968.56035816327,1415.5161244898,1734.44825408163,1565.16049693878,1409.10038469388,2021.80130408163,2427.94078510204,1859.53447959184,1796.91040734694,2258.79174489796,1859.66607734694,1637.48428163265,2156.07677142857,1847.35856326531,1900.00454693878,2005.78886632653,1406.51915,1615.97002346939,1440.3019877551,2457.15599489796,2106.94400102041,1705.15527040816,2167.14347244898,1819.22305306122,1887.58204693878,1921.31613673469,1779.14397959184,1796.98138163265,1690.4143877551,1682.97574081633,1871.40212857143,1980.75906530612,2168.61297040816,2001.39108469388,2196.57709591837,1840.02713163265,1932.20690561224,1826.22774591837,2136.62750714286,1901.11413163265,1644.13169387755,1701.09919489796,1862.33990326531,1907.52010785714,2081.8760755102,1907.79791734694,1783.09486632653,1975.69571020408,2018.74700306122,1675.19102959184,2178.76305612245,2051.52500612245,1290.08789795918,2110.96132142857,1903.3171877551,1857.09350510204,1857.85715204082,1960.20212040816,2183.97208571429,1670.10333061225,2154.39535306122,2115.85925408163,1789.6164744898,2140.34581836735,1927.22808367347,1847.40776734694,1821.94516734694,2311.34537469388,2104.50685408163,2343.53632428571,1980.6073255102,2228.63832142857,1706.3968255102,1750.65637755102,1941.96652520408,2121.38775612245,2124.6061522449,1853.84622857143,1941.46635612245,1929.78384183673,1163.87055918367,1982.76285918367,1709.67457857143,1952.25704387755,1777.70217040816,1782.84638877551,1788.33105408163,1740.47210102041,1338.81563367347,2250.8284744898,1925.17826428571,2055.60909387755,1928.70859897959,1699.23379122449,1783.99730612245,2014.32949489796,2277.51324489796,2312.58706326531,1950.34604081633,1735.87720102041,2141.32381836735,1972.86547755102,1959.45450918367,1511.2247255102,2058.39635510204,2059.02279489796,2567.77495612245,1812.13336020408,1913.83731632653,2280.00100816327,1926.41349897959,2388.68058877551,1819.75935510204,1886.47615918367,2164.02000918367,1697.21850408163,1821.79682346939,1757.9101755102,1914.26233469388,1587.05090510204,1315.29280714286,1739.77146020408,1968.19210408163,2486.28426530612,1534.05571020408,1515.97373265306,2324.12569081633,1903.17266632653,1885.69077510204,1967.06425510204,1938.87643265306,2242.52131377551,1886.79288020408,1951.25998469388,2186.82776020408,2254.88058571429,1620.60299081633,1707.37693979592,1625.30270306122,1715.29049632653,2058.55468571429,2317.34488265306,1716.6756377551,1881.61941428571,2148.86105714286,2315.77655530612,1984.3329122449,1944.43346938776,1780.1674755102,2070.79223163265,2340.68254693878,2153.59392653061,1828.13981428571,2088.32626020408,2330.62593673469,1897.4129377551,1682.41945510204,1689.9969122449,1697.60746122449,2056.78514081633,1628.10638673469,1716.00826530612,1944.30057346939,2204.24711173469,1880.01450714286,1627.06803571429,1832.58623877551,1597.31155510204,1941.97891938776,1956.36258163265,2484.40411734694,1958.35548714286,2170.54439285714,1650.26629897959,2072.65014387755,1757.08937040816,1794.69483265306,1391.47715816327,1801.01291530612,1731.65316530612,1907.52785816327,1842.14277142857,1813.40319183673,1973.36067755102,1597.96340918367,1843.99961836735,2187.0073877551,1821.88498673469,2285.95201653061,2287.55948265306,1521.32253469388,1888.15821020408,1554.02732142857,1955.63347959184,2031.90069183674,1895.00912244898,1526.24751632653,1534.53313367347,1141.75615714286,1951.97987755102,1866.00891938776,1411.77744489796,1655.52136428571,1720.0812255102,2005.88256122449,1609.68063367347,1826.16180816327,2110.69805204082,2078.35163061225,2017.61896938776,1646.02511836735,1999.85249387755,2124.79346836735,1694.19373571429,1495.88899489796,1912.9267,1746.23202755102,2659.42311122449,1788.02529897959,2276.25311897959,1599.65646632653,1884.3312122449,1967.98443571429,1553.62462755102,2031.74697959184,1926.22059897959,2172.57052346939,1592.79239897959,2040.31043877551,1916.70640408163,2088.46800510204,2258.50526734694,1775.71296020408,2073.19586020408,1489.09668367347,1830.47025,1810.86011632653,1756.84052142857,2198.54018673469,2099.43668265306,1488.66915918367,2008.75533979592,2074.02511428571,2191.84043061225,2061.29696622449,2210.96752877551,2161.06031122449,1937.78259183673,1927.30727755102,1787.5378244898,1902.33573367347,1958.13803061225,1756.83308571429,2692.62517244898,2040.25917938776,1525.36756632653,2289.50366326531,2282.65328367347,1722.8471,2127.8148244898,1635.90377040816,1985.26644836735,2035.97971183673,2008.03410612245,1948.53439285714,1364.31970102041,1756.30284591837,2143.8753622449,1145.8590244898,2009.79431530612,1925.21253469388,2028.07685510204,1661.21261020408,1882.61962755102,1472.54296632653,2001.97383571429,2068.08975,1901.5435377551,1928.45844795918,1652.34793061225,2014.73390102041,1691.33315061224,2065.48573469388,2016.36896938776,2149.97289795918,1751.2003744898,1015.26625102041,1321.25484367347,1502.58738642857,1608.27690938776,1186.43076255102,1669.33511734694,1944.76378469388,1506.23294897959,2125.1018744898,1904.28722653061,1739.8796744898,1744.12398469388,2144.30192040816,2086.84057887755,1719.6657744898,1834.59705612245,1989.08610387755,1677.2808877551,1459.30023673469,2401.66992755102,2423.57218367347,2131.70925408163,1884.78114693878,1769.36343367347,2181.26392857143,1717.02419693878,1981.36180612245,2101.30179081633,1475.92589183673,1608.27793979592,1626.50102346939,1935.7888122449,1932.14775204082,1922.64375408163,1880.51660204082,2163.78619897959,1951.16038265306,1737.24874806122,1585.62396020408,1854.2141244898,1865.08553571429,1716.98453877551,1980.42017142857,1902.7331,2027.58258061225,1802.05399387755,1920.31387244898,1936.85800612245,2036.29895306122,2034.36131285714,2481.7374,1965.98900612245,1498.14088163265,1992.64402040816,2229.28612857143,2123.60673979592,1716.03800612245,2003.33804591837,1631.69575306122,2037.76872755102,2015.31785816327,1474.43959081633,1971.78915918367,2097.63066020408,1654.48993163265,1626.50087142857,1910.47356836735,1449.82711938776,1325.76785,2273.47425612245,2374.33015816327,1561.16414285714,2017.14233877551,2025.00003061225,1943.72525918367,1799.75245714286,1482.79601326531,1457.33183163265,1526.31474081633,941.168880612245,1914.15391836735,1838.0416122449,1959.93037244898,1661.85794489796,1926.11375306122,2394.86541530612,1693.27620612245,1695.03323061225,1906.15734897959,1858.4221122449,1298.52406632653,1704.61596836735,1344.0741744898,1607.66706836735,1580.25486326531,1988.59347142857,1976.56510714286,1934.81186326531,1769.10490612245,2024.96416428571,1297.12806020408,1942.18254693878,1977.43711428571,1927.45084489796,1537.70613571429,1683.93591734694,1257.05598061225,1959.71606734694,1509.36378979592,2114.73992244898,1669.52658326531,1937.65267346939,1754.33894693878,1384.35758265306,1507.52823061225,2431.51417959184,1632.04497285714,1755.23875714286,1898.01574591837,2598.09581326531,1849.99128877551,2629.50865510204,2264.91205714286,1976.23567071429,1512.28055102041,1723.77561836735,2020.41835459184,2198.29534795918,2338.21211326531,2034.85506020408,1774.97208877551,1412.44568571429,1996.0842744898,1849.06461836735,1689.44900612245,1835.38155408163,1430.08936326531,1749.82495367347,2154.86868530612,2391.54401183673,1586.18174302041,1991.02517244898,2047.28975408163,2152.48374693878,1999.89837653061,1578.42452142857,1906.7602,1812.65460408163,1858.83862561225,1623.96306836735,1595.32685204082,1919.91039183674,1876.43275612245,1729.67647142857,2025.10839285714,1705.32912346939,2152.04055816327,1873.49935,2534.04028367347,1780.33487142857,2271.72150816327,1368.07812959184,1924.28907040816,1959.32229693878,1929.94475816327,2045.94579081633,1891.32193877551,2183.24025816327,2066.62153265306,2078.36379795918,1937.1401655102,1873.79623061225,1997.95712959184,1825.64020306122,1787.81206530612,1603.22068061225,1923.32471734694,1686.11460612245,2274.94626734694,1737.25443877551,1399.71751530612,1270.79894285714,1806.70654744898,2156.99550102041,1643.25428469388,2184.39335510204,1759.11697142857,1732.75982959184,1818.10809183673,1739.22389591837,1755.09207040816,1737.52366122449,1911.19373571429,2252.61903265306,2078.16222755102,1785.8100622449,2219.11051020408,2041.57972244898,1657.27864183674,2197.08644183674,1645.82296020408,1998.12819020408,1945.14843061224,1784.10593877551,1850.2571877551,1579.61261632653,1898.55027857143,2034.70433571429,1643.76720306122,2086.35843061224,1437.06178061225,1731.99637346939,1897.74067346939,1732.98075816327,1162.84419387755,1865.97207346939,1421.53420408163,1986.7223755102,1883.41920714286,1458.48248265306,2140.13992040816,1593.99815408163,1661.77498163265,2164.32897040816,2199.92438673469,2103.43653061225,2323.26661020408,1553.08494316327,1312.38006326531,1640.06484693878,1665.20780102041,2112.29828571429,2084.02557959184,2578.17788061224,2281.01194489796,2240.57409897959,2188.84630408163,1736.75905142857,1662.9788255102,1984.22185959184,1477.84872959184,1585.36761836735,1600.98880612245,2312.4983255102,2432.05286428571,1818.71493469388,1877.37579387755,1811.71833469388,1584.48492755102,1677.02548469388,2599.43632897959,2120.15168142857,1921.71748469388,1627.14742755102,1816.81308163265,1580.61284591837,1492.70792142857,1697.91789387755,2103.73738265306,1723.7996377551,1634.29192755102,2187.80503367347,1403.33541734694,1999.73332653061,2021.18757857143,1959.91435102041,1680.83615612245,1975.49415204082,2021.33702346939,1964.87414183673,1853.88647234694,1644.25007755102,2242.86530510204,2281.70471122449,1762.88051836735,2143.55905816327,1882.52149693878,1728.32931836735,2011.15969183673,2223.32625408163,1767.12720408163,1857.29267857143,1795.94308367347,2064.52047755102,2280.42696122449,1710.49412653061,2051.4319377551,1483.85929387755,1786.7771244898,1896.91956204082,1668.05941530612,1810.5652244898,1865.49211020408,1374.95709897959,1657.93922653061,1725.32524591837,1605.55903163265,1393.85734693878,1841.4255744898,2085.4503,1168.03488673469,1834.98823571429,1689.78928061224,1281.38758020408,2250.22529693878,1745.08713469388,2046.55173061225,1897.15485714286,1443.44273979592,1558.55860102041,1909.77032857143,2120.98205714286,2281.05726428571,1847.26865204082,1512.47793163265,2029.23274081633,1694.36007346939,1491.18062040816,1907.93935510204,1859.50286122449,1824.18213877551,1940.97096020408,1895.98312346939,1705.81898061225,1572.16100510204,1956.22797142857,1727.56233673469,1646.24141836735,1914.03906122449,1913.8050622449,2349.91593265306,2102.30394387755,2032.55969183674,2064.90726530612,2448.55486326531,2068.22637346939,1609.79273469388,1547.8960744898,2137.79130510204,2057.55489183673,1794.17983265306,1752.53381714286,1633.55646632653,2094.93515918367,2481.99876836735,1767.51986632653,2298.20679020408,2017.06419591837,2014.21642040816,1860.58336836735,1484.34565918367,2141.66417132653,1389.01101020408,1856.28939897959,1608.52274081633,1658.50070306122,1873.77249183673,2174.50440102041,1319.59887142857,1978.22628367347,2048.95401632653,2111.58371836735,2245.95090102041,2112.46751326531,1919.96525306122,2190.44194795918,2143.36102755102,1824.13774795918,2126.01673163265,1712.15278265306,2173.84481836735,2050.29361020408,1710.346,1816.19844387755,1956.11931632653,1600.39906836735,1423.19943571429,1840.67375510204,1698.92395,2019.62265306122,1847.96884020408,2393.60480918367,1777.1613122449,1917.20375816327,1792.16074265306,1918.34558877551,1763.33955510204,2328.14081632653,1744.46228061224,2267.15200714286,1780.99781806122,2251.70915510204,1890.16895102041,1956.4733622449,1997.68370040816,1975.20702142857,1698.08799795918,2000.42798877551,2091.71798877551,1807.39864183674,1692.14432244898,1961.14735204082,1992.01533265306,2014.55312040816,2247.74316938776,2036.20477334694,1477.81983265306,2095.87374663265,2462.24421938776,1946.37618367347,1749.56613673469,1349.94510918367,1560.1726,2140.90330714286,1674.42522346939,1978.34700918367,2011.72146734694,2126.53351734694,2110.66587346939,1900.39024795918,1284.03149795918,1888.55371734694,1556.42654285714,1812.0777877551,1479.51197755102,1734.23909693878,1504.11831836735,2167.34226836735,2100.04499795918,1921.91405816327,1520.27310816327,1391.91368979592,2110.38351326531,1771.40975,1735.68853979592,1979.16556530612,1652.92791020408,1924.97925612245,2135.5296244898,1664.40856632653,1291.63647244898,1532.03968979592,1935.17705,2327.00492040816,1804.4697755102,1326.68330714286,1595.71860918367,1446.37734591837,1866.36031428571,2137.81474285714,1811.46753877551,1821.93796938775,1865.02323265306,1520.54621020408,1498.73792244898,2098.37310612245,1705.76579591837,1476.92703673469,2219.69947959184,1440.22264081633,1900.20470408163,2064.41720306122,2072.54045612245,1928.24514081633,1474.33933571429,1169.69418673469,2159.04198673469,2210.4137,1617.36748877551,1429.70229285714,1725.09292346939,1746.21390102041,1777.96543744898,2592.27212040816,2452.7579377551,1532.36988673469,1685.04955204082,2161.58137040816,1463.06644387755,1482.4089577551,1634.9210622449,1534.30966632653,1513.41220918367,1889.12163571429,1550.49772959184,2044.95002857143,1723.98395408163,1990.8734377551,1954.48701428571,1946.31153877551,1562.52170408163,2143.82921734694,2211.09463367347,1967.96919897959,1571.04256632653,1484.43286632653,2015.10645102041,1745.44640714286,1681.19887346939,1939.68623469388,1715.88875510204,2000.40537142857,2085.11289959184,1935.78833571429,2353.59365612245,2138.14901326531,1832.99623367347,2166.35596632653,1830.04669285714,2007.89458163265,1813.37130816327,1892.59160714286,1958.78018163265,1498.90786734694,2173.34961734694,1402.57374693878,1764.59255612245,1989.84841632653,1995.44259897959,1863.4025,1705.47724693878,1876.18964591837,2202.15659877551,1839.98710163265,2276.54129897959,1709.28645204082,1621.90186122449,1284.11794285714,1704.83536326531,1661.03761020408,1730.62115,1528.55681632653,1810.75237040816,2009.15154795918,1850.52059183673,2138.38999693878,1492.12024693878,1667.84711938776,1938.43825510204,1785.76231428571,1833.24012755102,2146.87822244898,1786.65859591837,1271.86036122449,1924.70681938776,2063.87069081633,1944.9348755102,1979.04427653061,2154.63804081633,2337.55803367347,2126.93556428571,1790.70665918367,1377.55312959184,1952.93003265306,1892.60621857143,2085.53903367347,2022.02400755102,1703.85553367347,2305.73730428571,1949.59293555102,1731.19631122449,1682.18413469388,1337.48666734694,1819.52891734694,1693.01550510204,2028.04354081633,2055.17604183674,1621.57208673469,2122.98890918367,1655.1180744898,1715.73755612245,2077.3821255102,1985.54787346939,1856.05887959184,1731.83242857143,1598.98061428571,2127.77189591837,1995.91841020408,1852.00279795918,1388.31381428571,1669.30309081633,1853.74929591837,1852.58134795918,1580.16315204082,1961.30117755102,1594.62613265306,1478.18657653061,2180.96209795918,2051.11915612245,1610.5361622449,2130.01291020408,2166.17777040816,1839.8474744898,1868.29974795918,1696.63188734694,1825.26650510204,1959.61723979592,2104.22689795918,2622.92917959184,1634.87460653061,1730.78036673469,2046.87054693878,1890.39363367347,1742.00035408163,2242.88971326531,1961.94926428571,1689.85105918367,1546.86912959184,1730.53990306122,1706.28221020408,1843.51438163265,1456.24246530612,1375.95119285714,1700.9163122449,1602.13000306122,2066.14988061224,1366.26075816327,2006.31335612245,1590.5005244898,2133.50192346939,2161.83255816327,1918.66613061225,2046.16553265306,1667.27643877551,1620.5077677551,2046.93345714286,1934.05688163265,1357.89655408163,1791.29264285714,1737.90022755102,1352.00473938776,1754.5818744898,1848.89511428572,1617.85051836735,1701.72867755102,2006.13671836735,2414.28912142857,2035.10748265306,1320.34436734694,1969.00678367347,1829.24322244898,1343.75169183674,1658.96828673469,1351.51913571429,1455.06155714286,1674.22414897959,1717.65458265306,1827.61207653061,1909.9743222449,1641.69918571429,1641.14291428572,1795.3585122449,1983.59271938776,1820.97855306122,2043.76580408163,1567.09389693878,1927.60917244898,1444.26121428571,1916.00338673469,1820.18137142857,1985.99729897959,1817.75415,1273.17378163265,2002.89639693878,2143.64564489796,2045.81559632653,2198.07632755102,2002.81036734694,1307.44266428571,1989.27178163265,1634.71432040816,1700.27305714286,2333.60199387755,2089.24495714286,2310.17106938775,2098.43717346939,1611.60288234694,1819.17187755102,1753.01889591837,2098.56974285714,1608.86407653061,1875.35074591837,2073.07865102041,2059.25723265306,1823.3371827551,1494.41421632653,1823.1309244898,1725.62435102041,2083.98654489796,1755.33958367347,1826.70858367347,1711.85303469388,1872.20930102041,1855.5103244898,2014.82500612245,1669.82122755102,1778.69837755102,2003.35991530612,1869.28612346939,1973.9182122449,1654.10168673469,1755.23567142857,1883.1821,2130.54817755102,1671.71858979592,1393.21130102041,1598.4047744898,1945.55113979592,1957.54876938776,1977.56732122449,1871.82674489796,1700.46882857143,1785.83687346939,1650.20166632653,1985.38710918367,1960.50352857143,1462.73739285714,1501.65325306122,1443.91572755102,1826.74962040816,1884.85648061225,1556.54979081633,1905.06572346939,1802.42274183673,1550.36059153061,1634.43601122449,1749.19949387755,1742.98165204082,1663.98326122449,1829.83455102041,2049.04843571429,1776.02537857143,2482.8278122449,1929.92571326531,2173.45142326531,1737.74653979592,2170.08128877551,1987.49775,1913.24819285714,2307.02777346939,1926.98518367347,1327.64242040816,1699.19797755102,1918.46472857143,1745.17410612245,1832.64927244898,1736.93187387755,1862.33259489796,1725.97643877551,1982.26966632653,1373.1859,2001.48986326531,2034.23246122449,1829.62055918367,1508.53897857143,1824.94648367347,2172.09638163265,1702.08775510204,2086.81391020408,1842.50646765306,1556.18931020408,2227.57053979592,1452.67769408163,2239.88400918367,1769.88875510204,1683.26406428571,1829.74532785714,1625.05071428571,1646.71997959184,1687.35099591837,1817.57928469388,1637.88979591837,1661.55397244898,1945.54734285714,1899.79125510204,2118.19885714286,1638.5491255102,2076.70593367347,1784.14687857143,2162.79341020408,1842.01494693878,1655.0239255102,2134.09186530612,1782.23971020408,2077.19011326531,2162.94325714286,2045.52481020408,1830.54164081633,2032.99601020408,1875.33286428571,1622.73203673469,1735.71788163265,2167.83752,2109.92257244898,1623.7407877551,1602.45018265306,1951.01045102041,1763.88619897959,1793.85473367347,1756.03310408163,1838.61545714286,2325.94701122449,1651.10380102041,1705.74552040816,1939.96327346939,2022.16566734694,1110.90424693878,2410.80412142857,1764.51332959184,1315.86353979592,2022.1244622449,2184.13283469388,2365.34132653061,2553.55533979592,1520.4760255102,1953.56661836735,1893.51802602041,1908.2753744898,1865.42821602041,2026.5053755102,1804.62368571429,1812.16999183673,1764.74852142857,1709.81989795918,2124.65614081633,1759.34694387755,1884.86439081633,1946.30182040816,1932.29811836735,1590.54540306123,1739.15079081633,1472.63016938776,2029.60679122449,1686.86628571429,1808.46185816327,2292.27686530612,1825.40016122449,1845.48635510204,1600.02251428571,1533.54327142857,2148.82939183673,1393.58266122449,1726.69315,2095.88075714286,2172.64976938776,2149.84931836735,2444.95909795918,1880.71089795918,1829.69679489796,1317.61349591837,2182.22389591837,1783.8281877551,2182.5993755102,1908.36304183673,2149.48780714286,1930.93213061225,1758.84095510204,1731.5427377551,1895.33808061225,1569.51099489796,1790.33125816327,1836.51258673469,1734.84370306122,1839.68329897959,1492.60865306122,1770.1495122449,2130.95199489796,1715.38223877551,2074.49450714286,2094.9337122449,1820.11329489796,1191.06231734694,1871.68360204082,1717.81989489796,1683.42030938776,1789.7396244898,1792.50929183673,2106.05758469388,2124.14069336735,1986.18427704082,1734.79662959184,1603.59220204082,1477.11902571429,1941.34696734694,1903.33703265306,2320.52383265306,1874.26396836735,1537.82950204082,1804.39490816327,1921.23921632653,1841.02541734694,1737.65936734694,1640.57708163265,1526.2775,1863.50924897959,1932.83418877551,2139.5779244898,2323.1529,1950.6916152551,2432.55353040816,1556.49893877551,2146.67382346939,1981.9422255102,1677.65668061225,1908.65146836735,2035.44175979592,1973.27159183674,1999.36993061225,1474.47570612245,887.752474438776,1502.97690020408,2406.31198877551,1799.08702653061,2080.68735510204,1721.5655755102,1883.18407142857,1618.32951530612,2207.49253265306,1727.91372142857,1702.79966836735,1895.82399897959,2065.25251836735,2434.65204795918,2133.14351020408,1719.21167653061,2035.93935408163,2044.52440612245,1594.77644183674,1390.57133061225,1384.14656734694,1504.33144795918,1461.61389591837,1913.20769591837,1713.01569795918,1880.2040205102,2101.46561326531,2307.90817653061,1771.0687622449,1649.65249081633,1665.59928469388,2005.05665816327,1761.48445816327,2111.60650714286,1712.43222959184,1708.70782346939,2123.60052857143,1717.49190816327,1994.97212653061,2053.59784387755,1901.05463163265,1833.62240408163,1931.10935714286,2066.63658061224,1813.64689795918,2250.20919795918,2298.42703673469,1943.05108571429,2081.95996734694,2156.70860102041,1677.8598255102,1587.94931530612,1538.72437755102,1760.54730408163,1756.90439081633,1833.65671020408,1946.99380306122,1898.67458571429,2096.62013265306,2183.35400510204,2265.60910673469,1365.3105755102,1489.21928673469,1739.11556836735,1770.56172836735,2092.19355612245,1756.01321938776,2186.11416326531,1852.45882653061,1898.28537755102,2309.18635612245,2257.08440693878,2075.60393673469,1618.97506285714,1542.75801530612,1933.0153755102,1711.15426734694,1948.84218877551,1965.59663979592,1774.55853918367,1594.73539591837,1872.47980714286,1908.64944897959,1884.77809183674,2431.14621326531,2252.86777857143,1869.45560408163,1989.54153469388,1952.50272755102,1808.59525816327,1986.41280510204,1711.79638367347,1605.66851734694,1849.13677755102,1769.76063877551,1723.55723367347,2180.72013367347,1784.48492040816,1615.14320510204,2229.66360408163,1823.82837857143,2158.13760816327,1695.74913061225,2113.73574591837,1624.6342622449,1931.18291530612,1873.27487959184,1705.48818265306,1794.33233877551,1922.44282755102,1710.5709877551,1576.60083571429,2280.79323183673,1893.57050102041,1891.85065693878,1778.16221326531,1936.70063367347,1876.84515714286,2096.24768877551,1975.47473469388,1762.33184489796,2045.27910204082,1924.09591938776,2210.10629387755,2006.41165816327,2062.4249255102,1981.33820938776,1724.16703571429,1515.90280408163,1972.80311734694,2146.25363979592,1511.08030102041,1804.02258367347,1976.54774153061,2122.81390306122,1784.42427877551,1934.47436734694,2217.15367346939,1934.38507244898,1806.48123979592,2098.22612244898,2424.68707244898,2009.84891428571,1987.52536938776,2087.82515816327,2696.99576122449,2031.27132653061,1570.00405204082,1625.37392346939,1561.4779877551,1526.63995918367,1462.09776020408,1558.91669795918,1730.85237959184,2292.43021836735,1451.39934183674,1846.30494591837,1883.43948979592,1390.18916428571,2135.37284489796,2040.49972040816,2074.41737653061,1886.98243673469,1828.46313877551,1894.40099591837,1932.23863877551,1202.88840510204,1485.0752744898,1561.21009795918,2112.65365612245,1913.2523377551,1584.27977142857,2001.71382959184,1780.24095918367,1898.71464591837,1905.61641428571,1569.2197877551,1778.78679510204,1960.46995102041,2274.69067040816,2018.39833571429,1446.3328744898,1619.66133673469,2129.45086632653,1648.23526326531,1772.22176428571,1793.26054795918,2083.17572346939,1707.16288571429,1412.2375805102,1665.83961326531,1534.43571938776,1945.78249489796,1428.53322867347,2182.08419693878,1809.24026122449,1451.96204183673,1840.39022142857,2188.54191632653,2067.5592744898,1963.73077346939,1920.65505816327,1767.75433469388,1957.58471938776,1789.94645612245,1782.36666530612,1677.50145510204,1744.95513367347,1257.41164387755,1783.75651632653,1900.54573469388,1590.8024622449,1874.03612346939,1668.28433265306,1819.9299,1761.49576204082,1265.9323244898,1846.7154072449,1828.02687755102,1760.03292244898,2235.61501326531,2272.5925444898,2006.49112918367,1678.16590061224,1586.23918571429,1912.94562346939,1592.15901938776,1959.20309081633,1604.68765,1285.36322653061,1672.45830918367,1879.82250714286,2337.31916877551,1856.72314795918,2038.88936020408,1799.43943367347,2084.76798163265,2339.37638877551,1829.27623122449,1396.57779081633,2381.4045,2911.91229387755,1836.24477857143,1709.50439897959,1967.1159544898,1726.22913979592,1959.55116734694,1791.14911734694,1800.21471428571,1734.24244897959,2233.84394142857,1983.32977653061,2321.94741734694,1936.08354285714,1709.72810918367,2124.65791530612,2062.22716632653,2034.77132959184,1994.99318367347,2342.47272102041,1896.09891632653,2508.05254387755,2179.29944081633,2066.68737653061,1954.90239520408,1687.74228367347,1397.68187040816,2272.32589897959,1026.78414693878,1395.6742622449,1852.78654693878,1576.2069122449,1744.45935204082,1783.23523979592,1858.35046122449,1482.12168265306,1640.90535,2422.27841632653,2326.31344081633,1369.33416836735,1400.29129387755,1778.20076530612,1556.26925714286,1671.24443367347,1884.1417255102,1715.19028571429,2091.44871938776,1765.29814183673,1578.35548673469,2098.81172887755,2059.45684469388,1816.88801326531,2156.87240061225,1724.92104173469,1937.77431326531,1607.9104905102,1648.32486530612,1292.82669795918,1602.65176428571,1615.80813673469,1713.29086632653,1474.64558571429,1691.49400408163,1916.36053673469,1813.92225918367,1646.07176632653,1860.25273979592,2054.62379897959,2043.24000408163,1876.30211428571,1572.79480612245,1238.15132653061,1606.82581897959,1510.08794142857,1563.5880927551,1779.832105,1411.14358020408,1795.21146418367,1523.53455316327,2090.18752142857,1840.95655938776,1861.68992040816,2132.95174387755,2246.57836571429,1741.48419693878,1655.31241734694,2091.59671938776,1802.34173673469,2367.19582897959,2028.58988061225,1432.39840714286,2476.06306122449,1970.35933877551,2080.08414081633,2029.00846428571,1439.50875408163,1646.29458061225,1856.46310816327,1937.65730408163,2174.91336632653,2504.65988571429,1188.95907040816,2317.01604795918,1508.54253367347,2226.49983367347,1982.48445306122,1438.02962244898,1490.59549081633,2091.1339622449,1446.77644081633,1625.98292346939,1697.29977193878,2289.00133061225,1308.67313469388,2302.08595,2027.46504591837,1766.87535204082,1864.15394081633,1988.63963030612,2138.33640306122,1755.38995918367,1866.9858777551,1892.77305510204,2133.31144387755,2017.55115336735,2032.98971632653,2103.83007653061,1981.06872346939,2411.61466897959,2192.51530102041,1788.61751122449,2120.06636020408,1710.23347653061,1927.19726530612,1952.26062040816,1930.37407346939,1840.21304183673,2105.32431183673,2084.3631744898,1613.15668265306,2119.98060408163,1319.53915102041,2246.13985816327,1868.90060714286,1798.61975816327,1722.5137394898,1987.85943877551,1731.38476836735,1958.23114693878,898.681424489796,2175.64119285714,1720.0846,1957.41514081633,1553.2468644898,2332.96808571429,2021.1102877551,1416.44440714286,1256.62305306122,1894.37766530612,1813.24517040816,1791.61771836735,1736.95532142857,1442.10905918367,1896.48350714286,1909.27647959184,1984.85055306122,1700.38528265306,2174.91690510204,2136.49992959184,2042.54432244898,1767.73863163265,1785.93838979592,1603.13760918367,1891.50708367347,2001.99274489796,2068.80469489796,1527.60974795918,2347.04646530612,1634.98824795918,2005.33709693878,1688.38362653061,2115.3773744898,1931.39883061225,2550.27444081633,2060.24726734694,1864.79727755102,1730.13838877551,1759.93712857143,1360.62962142857,1891.44966938776,1638.67048367347,1749.43349489796,1987.98002755102,1860.12045102041,1819.11262755102,1864.65229663265,2242.29127653061,1539.14705918367,1751.68611734694,1964.30365816327,1934.26934387755,1824.16621734694,1364.24353336735,2117.14094897959,1721.16151122449,2132.69657857143,1554.38991530612,1917.27518367347,2071.97066326531,1799.93486928571,1468.00140714286,1953.14053877551,1880.69059693878,1926.27243571429,1359.80728367347,2482.33844142857,2043.29904693878,1896.35457112245,1931.31417112245,2142.26832959184,1963.00870020408,2127.31452653061,2009.29369081633,1639.27658673469,1447.07777959184,1527.1582755102,2398.33109693878,1426.62093367347,2056.19939081633,1961.05632346939,1602.52249591837,1678.30751530612,2154.93328061225,2243.39140204082,1739.43569489796,2039.20000510204,2263.85288285714,1748.05081836735,1965.74036734694,2174.1204622449,1665.09398877551,1914.73363918367,2046.14405510204,1876.00398877551,1799.09692653061,1932.99087346939,1930.72158673469,1790.03272040816,2121.70440816327,1797.29954387755,1992.69482316327,1921.72139897959,2067.83453265306,1797.58129897959,2072.36744632653,2135.97084591837,1892.70976632653,2008.79920714286,1872.77117959184,1782.62946020408,1458.99793673469,1822.71529591837,1830.40481122449,2460.17880306122,1789.25398571429,2070.04100816327,2043.48886428571,1630.48540510204,2038.90322571429,1977.71403673469,1797.60260102041,1691.79193673469,1310.17617755102,1664.32050918367,1600.77365816327,1817.27039591837,2142.16722653061,1628.68831836735,2027.28822755102,1922.91952959184,2137.16999387755,1522.54619795918,1573.67310102041,1444.07582040816,1140.37902959184,1718.42575204082,1811.91912346939,2256.58005204082,1626.41878877551,2423.99246836735,1844.33981020408,1956.52141489796,2045.36954285714,2100.87216836735,1820.31987346939,1662.17925306122,1293.70843061225,1566.06945714286,1433.48706571429,2032.17811530612,1360.99703265306,1432.62094897959,1671.40872040816,1947.07594897959,2620.48393061225,1820.15441938776,2274.42170408163,2265.53380408163,2222.26712142857,1967.92594795918,1612.00919693878,1489.28218877551,1873.47841836735,1521.57125,1780.48735102041,1692.37729591837,1748.39783571429,1907.9184755102,1994.89779734694,2203.96639693878,2021.03075918367,2188.69758571429,2102.70537755102,2463.7172255102,1758.03068673469,1763.1172244898,1961.09183571429,1549.30800408163,1930.17679795918,1824.09229285714,2022.49127244898,2059.76036020408,1866.02766836735,1601.39483163265,1626.81411387755,2263.85908040816,2094.65295816327,1928.1908,2005.38656632653,2291.66644285714,1964.83834285714,2005.91679591837,1672.85280102041,1688.86429897959,1599.87172806122,1725.03801836735,1698.5915,1712.83658469388,1561.92458571429,1941.3549255102,1432.41335204082,1816.2601377551,1825.17754183673,2064.98311632653,1601.02253265306,1944.30151632653,2084.85656326531,1748.53828163265,2525.2743244898,1810.24524897959,2034.22554897959,2003.13758061225,1735.19610612245,1300.01307244898,1936.24617244898,1799.72854591837,1754.30634285714,1876.27474897959,1905.8682244898,1826.21740306122,1982.92741632653,1992.6213,1886.95036122449,1570.56054591837,1654.34769387755,1729.8213377551,1578.28796020408,2222.0959877551,1807.43871428571,2117.30814285714,1850.83865510204,2161.06985714286,1595.68719285714,1634.30600510204,1678.89136836735,1679.43015918367,2334.00782346939,1562.34984897959,2129.37848367347,2370.9399755102,2224.03214081633,1930.70767040816,1755.95265408163,2095.93028979592,2097.41835102041,2327.42541530612,1943.03048367347,1861.60641938776,1423.69462346939,1862.05301836735,1660.72166632653,1679.60646020408,1291.76684489796,1787.78061367347,1717.96271428572,1842.37034591837,2256.81206734694,2225.24030102041,2014.45982653061,1916.5524977551,1478.9612255102,1894.19809693878,2291.13300306122,2255.70094285714,2001.25996704082,1391.13964285714,1707.06473673469,1873.86952959184,1922.77769285714,1831.97775102041,1727.13161020408,2027.8177755102,2112.91005897959,1981.46456632653,1873.68216428571,1422.93410714286,2000.73058469388,2228.05915,2218.96297714286,1918.7290255102,1650.29485306122,1861.25401428571,1398.49561122449,1790.76764183674,1796.79263877551,1935.05998367347,2047.9811755102,1867.88868367347,1608.06756836735,1603.85009285714,1558.9117755102,2034.69714081633,1750.00656734694,2063.05326938776,2175.53313367347,1521.93083571429,1813.69478469388,1679.6469244898,1768.92757244898,1338.9765244898,1738.50822755102,1970.39613673469,2221.17071428571,1951.83505408163,2035.48573571429,1980.05391632653,1507.35387346939,1581.20074285714,1955.51642857143,1619.64071938776,2123.23643265306,1966.74608979592,1868.46980714286,1993.01703683674,1811.48648061224,1890.4946255102,1817.30590928571,1819.44514489796,1589.92597857143,1543.77915918367,1364.84820612245,2174.61548571429,1583.75062346939,1876.89166734694,2320.95835612245,2080.85350510204,1637.94336632653,2010.63255918367,1826.20486632653,1894.79241734694,1417.64859693878,1826.58889183673,2145.91801326531,1842.25470540816,2363.54010816327,1744.16104673469,2028.7320755102,2040.85305102041,1869.12273673469,1892.81971734694,1447.11939897959,1846.59877714286,2227.90425,2188.62437857143,2462.27565,1952.69508367347,2070.40634693878,1903.75561428571,1829.63503673469,1798.47379081633,1408.45390204082,1936.07798877551,2111.99927959184,1982.00329071429,1585.58894285714,1625.42515571429,2211.24719285714,1731.42360816327,1776.02560306122,1338.98302755102,1783.87553265306,1727.61249591837,2606.98213306122,1938.9571377551,1745.42442755102,1797.87463693878,1887.03042653061,2028.92427653061,2197.94818367347,1499.24500816327,1926.76727244898,2212.06953979592,2388.85933163265,2244.82551632653,2008.54754387755,1981.74976938776,1813.37717979592,1862.18523979592,1693.78919183673,2142.90357040816,2097.43054387755,2061.32250816327,2517.88422346939,1961.14128163265,2151.38115612245,2132.86809285714,1893.18466020408,1924.48698367347,2505.67222755102,1753.20193469388,1745.2344755102,1937.46224591837,2020.5487244898,2149.1855377551,1915.80646734694,2066.07728530612,1539.50770816327,1873.82840306122,2371.93864693878,2418.76950918367,1805.97252653061,1598.95215714286,1961.93488571429,1686.1627755102,1815.39358265306,1688.79004183673,2089.75356122449,1902.13175306122,1512.89101938776,1102.61148673469,1891.2472377551,1774.16337755102,1606.13163571429,1119.06723265306,1781.89087857143,1702.45516765306,1792.70454591837,1743.15982040816,1783.0293222449,1389.95309795918,1174.01002959184,1956.85016938776,1500.13514693878,2563.56812653061,2049.35250408163,1795.69954387755,1565.27382040816,1933.67676122449,1811.2855244898,1996.19418163265,1997.16130510204,1557.05562142857,2012.48120816327,2168.68713979592,1811.25547959184,1857.77706734694,2015.84345612245,2239.53798979592,1807.56012857143,1905.33920816327,2014.98304795918,1696.08494591837,1991.81364897959,2355.78349897959,2084.46982959184,2278.10842346939,1708.81204673469,1973.80554530612,1238.16001530612,1938.8974255102,1743.11821734694,1513.04220510204,1442.11316020408,1842.86667959184,2238.72793877551,2075.72731632653,2004.05574183673,1857.82606122449,1998.64138061225,1830.95929591837,1961.46443163265,1401.49391530612,2107.10832142857,1682.57559897959,1902.40468367347,1418.23638367347,1798.2187144898,1860.99835816327,1631.12000918367,2022.28036632653,2089.77851040816,1719.84643163265,1790.04105306122,1703.70256020408,1778.07046530612,1765.39057142857,1788.47804591837,2321.3401622449,1955.41361326531,2035.26507755102,1896.35738163265,2094.81578265306,2357.34898163265,1439.20920204082,2262.6710622449,1449.34449591837,1467.60947653061,1741.24199285714,1946.41332142857,1785.9961,2015.20076122449,1884.95265102041,2224.53607908163,1702.73873489796,2109.6655755102,1244.61484795918,1545.51043979592,1537.14521428571,1722.63208469388,1790.54451632653,1825.97993877551,2325.53534591837,1858.94287755102,1667.90051428571,1452.61052755102,1964.94836020408,1757.62023367347,1532.21125,2115.24195510204,1830.60652142857,2205.22590306123,1895.34637244898,1275.11259285714,1597.32752704082,1901.12945,1720.92875918367,1909.36497857143,1475.26272163265,1566.17943367347,1821.54787857143,1768.39836020408,1547.1712244898,2067.53446938776,1953.52472755102,2188.27748979592,1834.66459591837,1742.66667142857,2353.44494183673,2029.32412653061,2100.3287155102,1975.33213571429,1607.09873571429,1801.11189285714,1383.71950408163,1784.34819795918,1538.98103061225,1595.95444285714,1567.31058877551,1849.9055377551,1953.57508163265,1777.9888244898,1691.33343469388,1694.26231734694,1847.41707040816,2260.46352653061,1979.58106020408,1545.04608877551,1784.14138877551,2045.37559795918,2082.80130204082,1857.31130602041,1983.46027979592,1838.12343571429,1975.44120102041,1930.74696020408,1944.26640714286,2157.59422244898,2104.89328265306,2483.67509591837,2387.59730918367,1597.16508367347,1816.33160612245,1750.31789489796,1639.94714795918,1411.15466020408,2211.63190204082,2071.82697653061,1741.19445102041,2445.11922244898,2012.26218979592,1793.46147959184,2057.41826734694,1462.06437244898,1813.59919591837,1415.91114795918,1578.67436836735,2118.65409693878,2027.65502346939,1492.7892877551,2083.58499285714,1799.64353673469,2233.74123163265,2018.91552959184,2509.0503377551,2231.76343132653,1528.82388469388,1660.50265918367,2380.10596530612,2102.70850520408,1769.21733438776,1881.88980285714,2283.28738673469,2400.86944795918,2400.18265714286,1891.63074081633,1570.54494897959,1761.03030204082,1692.97519244898,1798.47833979592,1716.02382755102,1947.54504489796,1942.2967377551,1837.33280510204,2266.33453469388,1749.49110714286,2027.90713571429,2364.24862653061,1231.39265102041,1669.25628061225,1984.77207244898,1940.18637653061,1546.82793061225,1907.07396836735,1976.38256632653,1566.38618367347,1530.45179591837,1831.87990204082,1666.72049591837,1705.05231326531,1739.14415,1314.90971632653,2110.66202959184,1672.18699693878,1620.09019795918,2077.33404693878,1840.61037142857,2012.69009795918,1644.71963265306,1986.93139897959,1781.64940816327,2471.03504081633,2057.28191122449,1933.9038622449,1750.67360918367,1813.0449744898,2138.93571632653,2151.43945306122,1624.3407622449,2237.8165377551,1999.05714591837,1565.62392653061,1617.27014897959,1786.22993571429,1691.28536428571,2706.87947244898,1651.95833928571,1782.38080510204,2064.32899489796,1957.79060102041,1812.60413979592,2008.02543061225,1786.29632653061,1805.28593673469,2276.08620612245,2025.83016734694,2057.78365918367,2145.48569591837,1613.64281632653,1780.95213265306,1572.18718469388,1868.00594693878,1534.2110222449,1398.24888673469,1721.48578061225,1742.31752755102,1804.12241734694,1936.63492346939,2355.35015306122,2057.00963163265,1656.59345306122,1932.62519081633,1972.29796632653,2246.47477040816,1855.06803469388,2344.95414489796,1857.37532142857,1776.01538571429,1869.53912857143,1673.32534734694,1753.12882755102,1584.08423469388,2010.6185377551,1929.96037959184,2033.16224081633,2099.81681938776,2515.3491,2030.5941,2054.07585,2462.41687040816,1720.53826020408,1781.45719591837,2237.49940204082,1888.64165918367,1974.48900020408,2149.45699795918,1260.36975102041,1852.39107653061,2129.68500204082,1920.37340102041,1709.27485102041,2234.30062959184,2055.20313489796,2102.49377663265,1842.17337214286,2067.19998061224,1396.48072142857,1621.48414081633,1909.03828877551,2184.65351428571,1773.69589387755,1678.34708061225,2252.88249591837,1989.22692755102,2499.87814591837,2241.47267653061,1764.01401530612,1830.25132755102,1939.16322653061,2004.75209285714,1456.8370122449,2081.48709795918,2411.05432010204,1732.40781326531,1777.39740612245,1831.55732346939,1899.2638,1735.13773673469,1961.29250918367,2376.54707346939,2202.38622040816,1772.80232040816,2243.63921530612,2042.07184591837,1983.84914795918,1730.28864897959,1930.48770510204,1539.11469459184,2416.31957204082,1694.69154285714,1949.64189142857,1909.55703265306,1924.33977040816,1780.18991020408,2548.96942959184,1578.4137622449,1692.2641255102,2046.86830204082,1938.28260204082,1816.53332244898,1726.55576330612,2308.34556969388,2028.49896122449,1965.58393367347,1527.41404489796,2255.94885204082,1884.58225,1064.19282142857,1818.25479183674,1519.68861836735,1990.49222336735,2015.82222653061,1681.16757142857,1596.35950102041,1553.37745,1708.02057857143,2066.70798571429,1641.91343979592,1948.86801122449,2148.84270510204,2199.68140510204,1893.87300510204,1941.64054795918,1308.56517959184,1813.33831734694,1634.76803061225,2216.86341326531,1380.42745510204,1608.92161428571,1736.27905714286,1731.08354897959,2210.5649377551,2428.39264387755,1678.24686836735,1091.22497346939,1595.74815204082,1519.75637142857,1558.58075918367,1892.97443367347,1814.12503693878,1873.16168469388,2030.08411020408,1866.9585622449,1791.09378489796,1970.57947244898,1557.22459897959,1638.45893163265,1271.10990612245,2347.08450204082,2123.4277877551,2083.45062653061,1805.98373673469,2595.43503163265,2202.01324183673,1776.38310204082,1768.51452244898,1420.45718571429,2202.39292040816,1487.62470510204,1577.95763979592,2208.79776428571,2314.79809081633,2235.17977081633,1932.89738367347,2444.56223877551,1496.44851428571,2049.52131908163,1673.87485714286,1900.31695306123,1275.78378367347,1658.67570612245,1953.37674489796,2041.74804591837,2184.15469183673,1867.87575408163,1987.38726010204,1955.13785408163,1901.72179081633,1821.8689377551,2010.59237785714,1734.61902959184,2021.8641,1614.11887040816,1726.75277288776,1581.63145656122,2184.06947857143,1789.88491632653,1652.83616632653,1905.63371020408,2096.94156836735,1882.31248469388,2080.64981020408,2041.19765102041,1661.56839183673,2338.30083469388,1891.93820306122,1775.7792744898,1590.32485918367,1751.27301938776,1782.98324795918,2067.97978469388,2142.52455612245,1990.75074918367,1970.61987693878,1588.04159489796,1529.84124285714,1955.03545612245,1662.17172244898,1676.9952255102,1682.68349285714,2293.07026204082,2087.03189081633,1588.46214183673,1759.41966591837,1604.3686877551,1582.9461744898,1756.55685102041,2071.26988877551,1809.05419183673,1377.49646326531,1413.90710510204,1789.61135612245,1970.15767142857,1505.68485816327,2358.10745714286,1824.86267244898,1744.59972755102,1516.81842653061,1888.56957755102,2212.08502244898,2152.15300714286,2137.90567346939,2138.1617755102,1860.65008265306,1523.8270772449,2373.8965122449,1603.45895714286,1897.31775918367,2047.37005306123,2341.03912622449,2080.96173469388,1975.06087306122,1741.39422244898,1873.45458265306,1692.27236734694,1699.57719183673,2067.56216632653,1971.94232653061,1924.39061734694,1914.28498469388,2080.94468693878,1445.09648673469,1683.30951734694,1524.76073571429,1794.64631122449,1913.49439693878,1723.05653265306,1745.00391938776,2195.35307408163,1546.13865102041,1907.7439377551,1781.30238469388,2174.01405408163,2115.40372040816,2119.29576112245,1274.06889204082,1667.6461244898,1814.85580408163,2175.95033163265,2325.8660244898,1841.40032959184,2202.25724387755,1672.09717734694,2051.90493938775,2082.43388469388,2092.58747857143,1413.17413571429,1840.78910204082,1955.51858163265,1969.03928061225,1820.03543571429,1901.16943877551,1858.1437,1575.1676255102,1591.22741306122,1977.64305918367,1488.33834183673,1717.60880265306,2148.27148510204,2200.55344591837,2053.9710377551,1945.07491020408,1734.18302040816,2041.0536555102,2022.38531836735,1839.1153722449,1554.13592193878,1529.32754591837,1585.7110877551,1630.38363244898,1778.07240510204,1665.29371938776,1631.16911836735,1648.80352244898,1840.53398673469,1805.26029897959,1650.8753755102,1642.4781755102,1610.76693265306,2104.11511632653,1596.56754183673,1589.89189387755,1718.9134377551,1599.88423061225,1918.20830204082,1920.82837857143,2071.33981530612,1439.03503897959,1536.14667612245,2402.05054795918,1736.07927244898,1825.04945612245,1782.80428367347,1666.25599653061,1645.53456244898,1668.50611734694,1956.21318061225,2029.78715306122,2183.53085918367,1714.94075,2120.04517244898,1979.8295244898,1828.91217346939,1713.38888367347,1807.60984897959,1810.98444489796,2009.92270408163,1805.00543816327,1492.66687040816,1572.07230510204,1914.32159387755,2144.94238061224,2061.84683571429,2025.43657142857,1637.06063979592,2002.13889387755,2190.06917806122,1474.61230510204,1596.11162540816,1869.74692612245,1964.77348061225,1555.68394795918,1742.89351326531,1692.0909755102,2012.24544795918,1845.83237959184,2116.48468469388,1692.52511734694,1988.28901938776,2525.22887244898,1742.22477244898,1596.85647653061,1842.07074081633,1650.58393265306,1775.2430755102,1588.67627836735,1785.7994622449,2081.06348571429,2260.49420816327,1770.78883367347,2316.58997857143,1819.86071428571,1882.00118367347,1993.30077857143,2304.33994591837,1893.19888265306,1666.1921655102,1980.31528367347,1848.52303979592,2400.66978979592,1568.17935510204,2194.89624857143,1773.94674489796,2205.19134081633,2218.5675122449,1998.75092040816,1530.87718877551,1961.71220102041,2029.33917959184,1708.12101122449,2398.65845204082,1900.68591122449,2161.99074387755,1111.58985102041,2297.88114081633,2159.84631428571,1792.55659734694,2038.20428979592,1827.43696734694,1395.0884,1701.71128265306,1750.78851836735,1813.72303061225,2016.16736530612,1927.80490102041,1606.69230612245,1370.34688367347,1965.92675918367,1745.44790612245,2125.88594489796,1582.15954387755,1897.89741020408,2221.19930510204,2095.04968061224,1652.89548571429,1974.53523163265,1923.28978877551,1571.49278163265,2173.84092857143,1830.8275705102,1851.35142244898,1687.8885377551,1856.2312877551,1874.7317244898,1822.7691244898,1825.30128673469,2024.86905612245,1948.29525918367,1697.00023673469,1753.53709081633,1700.22055918367,1846.47691836735,1395.40981469388,1369.80310714286,1782.74428979592,1888.45574938776,1618.91731530612,1845.37875918367,1751.66675408163,2320.69021428571,1950.83506122449,1470.85032142857,2031.79724489796,1833.34565,1838.32076122449,1655.98460510204,2112.16654693878,2575.67964918367,1758.23770612245,2023.07715204082,1807.7832744898,2088.05992857143,1333.57249795918,2538.32178163265,1905.87875102041,1236.09144693878,2107.08035714286,1904.90142244898,2140.0390877551,2058.2427877551,1911.88667346939,2252.1741882449,2063.04979387755,2250.43751836735,1845.28144857143,2229.06794183673,1973.29756530612,1420.78448877551,1681.35977857143,2032.5613,1865.79155612245,1922.00909183674,1882.51904285714,1551.69223367347,1935.88872244898,1996.21480979592,1782.18077142857,2469.41685612245,2167.28731938776,1960.64267346939,2285.51118265306,1122.58770204082,1879.03919755102,1665.87452959184,1906.13017642857,1568.64092346939,1940.96152163265,1818.58348571429,1997.52045714286,1679.66541632653,1929.45688091837,2020.21424204082,1614.42315,2068.46540612245,1896.04112755102,1734.85957673469,2625.69763673469,1785.73428877551,1463.89152755102,1996.03762122449,1846.11519897959,1824.98114489796,1746.22274081633,2023.61541734694,1968.8043244898,1618.48066836735,1750.65294387755,2557.30535612245,1741.93335612245,2126.55992959184,1722.5541,1639.00270102041,1408.2074122449,1318.79475816327,1784.93344183674,1824.87375612245,1668.31091734694,1933.6489122449,1861.06151428571,1649.24488367347,2033.1334255102,1897.05331530612,1907.30266734694,1735.6820755102,1581.7608744898,1420.84002142857,1454.13994591837,1415.99366632653,2107.48140816327,2254.69120510204,2296.74602040816,2183.10897142857,1552.56114081633,1700.19251632653,1389.01235408163,1539.60147040816,2145.51748163265,1802.98881938776,2062.15045408163,1332.01021887755,1844.09601734694,2062.34738979592,1756.37160918367,1815.73290510204,1817.05551530612,2001.92589857143,1935.94954795918,1783.66053877551,1502.05564081633,1894.50610408163,2250.49281530612,1744.83996530612,1617.78045102041,1473.95408265306,1667.3548122449,2029.29514387755,1559.7720744898,2014.2698877551,1973.30679183673,2104.74316326531,1688.09629387755,2040.13459163265,1407.25402244898,1796.2167244898,1408.88824285714,1678.63584081633,2313.41389489796,1610.3024755102,1227.3106255102,1908.53273877551,1929.92857142857,1939.04596326531,1895.72865714286,1930.46694387755,2206.08027755102,1719.61422285714,1800.49041632653,1972.39647959184,1505.01814183674,1273.40787755102,1802.29489795918,2073.18390204082,1527.95891122449,1761.74640204082,1643.21824489796,1618.73788367347,1577.63575714286,1615.3527244898,1623.35725510204,1721.04951061225,2025.96065102041,1875.65758265306,1737.52168316327,1897.92137142857,1759.31691938776,2102.44529897959,1840.53510408163,1732.43488877551,2212.39462346939,2570.41793469388,2078.74236734694,1832.49239081633,1785.54826938776,1890.65809693878,1646.15704387755,1741.77352857143,1802.25989183673,1650.02071938775,2200.54001428571,1720.69835714286,1885.77527959184,1376.75700306122,1430.5779877551,2141.10572959184,1921.63164214286,1516.40132346939,1757.69964183673,1862.68340306122,2056.06344693878,1882.46136938776,1855.48866734694,1891.24779183673,2136.99699693878,1829.33668571429,2147.8208877551,1876.0908122449,1429.12326020408,1842.49977244898,2030.72440816327,1981.36794081633,2119.80143877551,2132.12204591837,1870.7510877551,1932.45232040816,2030.11870102041,1504.49255,1957.66242653061,1432.64664285714,1807.78026836735,1462.33724693878,1114.43782040816,1725.41473673469,1632.71912653061,1594.11635153061,2010.12187346939,1726.22126530612,1894.44240408163,1716.50072959184,2275.59926734694,1773.84418265306,1924.25027040816,1244.59712734694,1355.22658469388,2312.37766020408,1618.37706806122,1731.30182857143,2416.68752244898,1886.1411622449,1998.51811122449,2039.40369489796,1667.48119693878,1960.96833367347,1980.08475612245,2033.55184897959,1546.79691938776,2016.26681632653,1650.41749183674,1712.59920102041,1650.48696632653,1732.57781632653,1720.12567204082,1668.47303836735,1834.82011632653,1630.63030204082,1584.74422755102,1561.97749795918,1980.71378367347,1733.95660918367,2115.69125510204,2178.55818336735,1592.19325102041,2157.72717040816,1749.39716428571,1749.77555306122,1763.26282244898,1834.30903877551,1914.37306836735,1694.20404489796,1689.69294795918,1947.86783061225,1789.30627244898,1792.36127336735,1686.66089795918,1509.59929489796,1761.48379897959,2124.82575714286,1695.70173122449,1946.10189928571,2012.27956663265,1898.40830306122,2352.30271734694,1741.13999693878,1618.49070816327,1518.07800408163,2151.20843571429,1553.68264897959,1905.87236530612,1703.14077653061,2099.9388755102,1932.05650816327,2125.53609785714,1588.35691897959,1573.24217142857,1767.17977142857,2184.04810714286,1708.38978163265,1730.97733367347,2108.96342653061,2104.58642755102,1741.18965306122,1744.95215408163,1684.92221122449,2259.75576632653,2037.16666734694,1887.86057040816,1869.35645306122,1589.85070306122,1430.85363061225,1686.23317857143,1599.33655204082,1895.73466734694,2014.1330755102,1921.2324255102,1610.28087346939,1697.63743673469,1500.38663765306,2101.64394693878,1783.10604081633,1560.62311938776,2186.4671255102,2190.00088938776,1901.5580244898,2268.0413744898,1478.8202227551,1923.23348265306,2288.67032755102,2154.07994591837,1862.9567255102,1764.01089387755,2132.67244510204,1788.82769897959,2025.44328877551,1380.7146705102,1739.61451734694,2099.34368877551,2039.00381530612,2072.81825571429,2008.58351632653,2125.6939244898,1912.83134285714,2141.5726244898,1753.36799795918,1651.94298163265,1770.39466326531,1685.79330204082,1773.96436632653,2084.11715306123,1468.18614591837,1510.85537040816,1759.51067244898,1669.57720928572,1976.5512744898,1793.7638877551,1267.60481530612,1245.40720510204,2182.8764777551,2104.68560418367,1872.99051061225,1651.75147040816,1373.90504081633,1594.17235204082,1545.18563061225,2071.51897040816,1573.43266428571,1716.5503255102,2352.6895377551,1485.52035918367,2048.89861938775,1840.06439081633,1610.87990612245,1636.75612857143,1589.93975816327,1727.12425714286,1520.06031112245,1579.23415602041,1629.04779897959,2007.26559591837,1500.78100102041,2011.85534081633,1987.69738673469,1673.93826122449,2059.96252244898,1361.20929693878,2171.10765204082,1795.25898469388,1796.77022346939,1769.10553163265,1630.45346836735,1325.3915744898,1876.06246326531,1669.10752346939,1860.03048571429,1763.99172959184,1447.94045,1747.56884081633,1852.05667653061,1669.6672094898,1559.65649795918,2191.4573244898,1888.77551836735,1849.85076326531,1648.41960204082,2004.6466122449
43.5714285714286,2163.06393571429,2200.99923571429,1899.25094285714,2498.19762857143,2193.67066428571,2512.23361428571,2011.23367857143,1823.14944285714,1885.92302857143,2067.1294,2176.73629285714,1947.37548571429,2126.99509642857,1985.77822142857,2227.75207142857,2070.96532857143,1747.13301428571,2089.71091428571,1622.45424285714,2332.0443,2126.42745,2251.56447142857,1999.62434285714,2126.38735714286,2481.57373571429,2342.08992142857,2116.8795,1573.31915,1998.39866357143,2092.96421428571,1042.22149285714,1853.39436428571,2044.98869285714,2131.88588571429,1963.30631428571,2160.23307142857,2442.06187857143,2399.63983571429,2007.59252142857,2131.33853571429,1844.25151428571,1621.85667142857,1945.78531071429,2149.4079,1815.96302142857,2128.11966428571,1827.89851428571,2510.91252857143,2045.21405,1666.37507857143,1709.007715,2473.54470714286,2028.04549285714,2039.12732142857,2009.62275,1717.96475714286,2189.71012857143,1815.42874285714,1892.03562142857,1915.91382857143,2226.62755,1973.22997857143,2185.46585,1711.85372857143,1928.80858571429,2132.54915,1836.00234285714,1775.93631428571,1704.6915,1783.02310714286,1495.29147857143,1731.88632857143,1731.43641428571,1713.66785714286,1828.06377857143,1499.93788571429,1949.94235714286,1589.56367857143,2263.73507142857,1884.09971428571,1924.96499285714,1785.09932857143,2024.89143571429,1845.25226428571,2088.75790714286,2222.79102857143,1890.12531428571,1582.96965,1495.45134285714,2460.54105,1627.7964,1998.11222,1789.2719345,1885.47947857143,2117.00867857143,1983.48851142857,1901.88985714286,1881.44561428571,1799.64975714286,1753.63304285714,1982.78417142857,1945.7292,1842.70662142857,1939.68729285714,2083.28012857143,2354.27899285714,1387.5263,1866.66455,1926.29111428571,2231.5837,2074.20900714286,2062.38837857143,2072.17904285714,1477.92652857143,1780.98901142857,2381.8906,2026.87857142857,2014.21576428571,2134.50932142857,2293.42862857143,1975.35262142857,1905.11923571429,2001.44201428571,1755.2722,2479.299445,1814.55597142857,1684.16459285714,2098.08936428571,2363.55746428571,2200.34389285714,1925.73721428571,2139.07994285714,1572.57496428571,1796.79291214286,2070.01723357143,1806.12237857143,2149.06567857143,2446.47557857143,1930.33692142857,2223.58712857143,1334.01819285714,1610.16889285714,1846.55072142857,1974.86512142857,2115.09855714286,2249.30061428571,1820.7677,1851.15650714286,1860.37765714286,1874.53685714286,2181.39577857143,2245.97886428571,1393.25471428571,1747.00582142857,1541.61338571429,1893.88753571429,1860.17492142857,2082.80775,1998.47258142857,1755.81611,1801.40636142857,2092.07938571429,1629.30343571429,2096.17845714286,1829.25634285714,1676.48513571429,1719.40884285714,1881.66448571429,1815.86807142857,2105.52104342857,2136.23278571429,2114.47693571429,2002.50341428571,1588.0597,2060.77911428571,1955.40006428571,1687.25431428571,2199.9559,1781.37432857143,1771.97038357143,1802.87479071429,1661.93435,1889.81572857143,2098.98600714286,2172.92260714286,2042.73461428572,1792.13985,2355.84699285714,1669.81839285714,1814.72943571429,1652.1709,1867.78301428571,1996.23105714286,2470.83055714286,1676.95735,2052.91600714286,1959.24437142857,2194.55001428571,2200.64822142857,2048.37674285714,2565.62827714286,1390.95334285714,1973.30348571429,1953.97692857143,1715.72897142857,2125.76604285714,2177.79117142857,1748.73685714286,1708.6449,2105.88417857143,1926.33552142857,1803.05951428571,2144.63845714286,2006.04403571429,2149.91049142857,2253.5073,1692.5971,2099.64806428572,1990.33640714286,2091.13853571429,1571.07886142857,2084.95240714286,2121.06845714286,1442.13004285714,1565.82324285714,1640.12588571429,1749.99214285714,2040.67044285714,1802.26877857143,2024.93607857143,1960.41137857143,2215.70874285714,2034.53347142857,2175.67292142857,1755.94042142857,1791.18352142857,1832.9922,1922.24650714286,1111.93889285714,2263.20910714286,1709.46126428571,1919.18649285714,1371.65601428571,2162.78345,1940.75151642857,1750.93863571429,2038.96272857143,2180.18632857143,1834.90827857143,2043.04230642857,2152.85149928571,2175.4361,2180.69025714286,2238.10956428571,1891.13800071429,2288.88755714286,2026.0906,2511.50749285714,1750.10872142857,1803.07658571429,2113.43834285714,2206.25525714286,2207.92621428571,2115.62555714286,2070.22061428571,1848.12375714286,2074.81711428571,2100.82402857143,1825.28004285714,2012.0172,1855.56035357143,2039.34770714286,2041.24936428571,1701.05921428571,1718.76120714286,1629.41887142857,2391.56890714286,1912.36310714286,2010.88058571429,2075.96925,1797.0512,2316.50753571429,2487.29833571429,1598.20931357143,2142.1919,2151.00493571429,2135.71184285714,2035.02109214286,2096.62287142857,1781.17262142857,1820.82131428571,2098.78531428571,1958.63237142857,1980.19674285714,2462.83116428572,1539.36715,2298.43837142857,1997.3469,1972.70752857143,1647.22775,2164.82100714286,1856.07983571429,2360.75755,1735.20228571429,1723.16347142857,1796.12172071429,1914.61707714286,1806.51252142857,1379.05422142857,1814.64847857143,1813.63721428571,2176.63530714286,1977.21717142857,1755.51549285714,1935.98960714286,2113.51494285714,2488.34647857143,1967.09017142857,2095.61172857143,1968.07235714286,1440.08749285714,2123.25097857143,2577.00128571429,1676.44563571429,1949.39382857143,2301.36143571429,1376.17123571429,1944.67273571429,1764.30190714286,1590.67563571429,1845.8534,2281.6683,2344.24630714286,1913.16398571429,1755.5869,1718.63055,2056.71717142857,2038.42652142857,1663.69353642857,1331.29488571429,1890.76154285714,2097.3234,2259.19313571429,1492.05993571429,1595.01755714286,1862.48137857143,1814.39125,1388.61745,2015.03208571429,1741.28633214286,1758.79822142857,1946.89416428571,1635.02963571429,1670.45933571429,1863.59897857143,1466.24369285714,1509.28975,1983.28414285714,2069.26630714286,2052.21780714286,2181.00212142857,1813.00165714286,1676.30185714286,1693.57005,1867.60111428571,1925.54149285714,1620.38292142857,1393.37245,1975.19830714286,1547.40005714286,1984.8481,1830.72101428571,1659.80457142857,1701.12995714286,1864.98615,1953.19655714286,1879.35310714286,1765.88831428571,1621.53922857143,2088.8076,2065.04861428571,1854.63675,2104.87724285714,1988.54865714286,1530.17709285714,1061.35236428571,1836.20705714286,1860.36585,2385.72425714286,1678.28568571429,2068.34272142857,1861.58914285714,2148.47049285714,1513.11629285714,1982.46945,1887.20742857143,2241.60059857143,2639.56021428571,1579.67712857143,1772.40232857143,1611.98037142857,2102.94192857143,1864.54487142857,2144.64179285714,2114.51696428571,1936.58594285714,2139.39426428572,2161.17061428572,2299.66094285714,1999.46442857143,1927.3781,2051.89456428571,2219.83188571429,2399.61022857143,1931.6559,2251.27264285714,2103.99458571429,1954.43214285714,1644.59286642857,1820.82875,2111.19957857143,2394.85178571429,1936.56145714286,1868.29022142857,2081.40342857143,1832.80987142857,2041.57882142857,1862.27527857143,1849.16318571429,1955.04277142857,1866.48016428571,1809.24934285714,2013.6534,2571.38154285714,2780.57484285714,1492.22352857143,2161.13512142857,2203.05186428571,1595.98840714286,1995.9698,2070.13591428571,1866.64076428571,2022.7339,1894.36515,1847.85867857143,2028.37040714286,1433.31695,1955.99493571429,1880.08657142857,1942.95949285714,1483.53034285714,1883.70816428571,1659.17508571429,2020.979,1726.25247142857,1804.70903571429,1576.52037142857,1806.45158571429,1923.40343571429,2406.86704285714,2285.38272857143,1503.91974285714,2538.18785714286,2236.10921428571,2322.89342857143,1806.06752571429,1820.13165,2144.93932857143,2211.72939285714,1998.17842857143,1747.5191,1647.772635,2073.71378571429,1862.85748571429,2065.93136428571,1742.2917,1979.72902142857,1566.09691428572,1790.40818571429,2333.07963571429,2374.86035714286,2185.14338571429,2439.27620714286,2097.65564285714,2191.63752357143,1233.98122857143,2161.74359285714,1787.07472142857,2239.85649285714,2038.04335714286,2183.91427142857,1405.26602857143,1938.76782142857,1614.42876428571,1878.70622857143,1723.28605142857,2159.75041428571,2044.14639285714,2033.20353571429,1732.60714285714,1552.66144285714,1850.43938571429,2268.6669,1846.81978571429,1799.4143,2126.67696428571,1738.93105,1842.87602857143,1709.75042142857,1537.36226428571,1625.17486428571,1833.57829285714,1812.10425714286,2014.30755714286,1823.70096428571,1699.5948,1597.66517142857,2179.80347142857,2237.70969285714,1892.44302857143,2206.5296,1818.02605,1920.52302857143,1936.06890714286,1369.13516642857,2356.48839285714,1847.14004285714,1876.52986428571,1632.57266428571,1791.66955,1894.49925,2030.79562142857,2074.48933571429,2164.76585714286,1482.56837142857,1997.42023571429,1571.55921428571,1415.56922142857,1818.83266428571,1884.22297142857,1875.57415,1811.19713571429,1750.98314285714,1930.14293571429,1965.06986428571,2077.85702857143,2064.88561428571,2229.53771071429,1633.41827857143,1892.94163071429,1814.00372142857,1649.47731428571,1247.54479285714,1179.11224285714,1762.66766428571,2575.97662857143,1461.82016428571,1717.31526428571,1667.72372928571,1986.50756428571,1849.05833571429,2303.87452142857,1314.835485,1796.39082142857,1773.3649,1724.26932857143,1856.53709285714,1694.95014285714,2119.3501,2028.59145714286,2061.95574285714,1593.75913571429,1947.48036428571,2099.27447857143,1877.24427857143,2116.91912857143,1488.06895714286,2361.33167857143,2090.39368571429,1856.5764,1734.35965,1803.9707,2117.03843571429,1889.67171428571,1914.17651428571,2184.47745,2099.37328571429,1471.60417142857,2042.60306428572,1805.03332142857,1817.90372142857,1909.81792857143,1763.85984285714,2022.00546571429,1963.88623571429,1499.04056428571,2148.51518571429,2377.11572857143,2070.42572857143,1725.11682857143,2101.39092142857,1708.39024285714,1857.06407142857,1802.28988357143,2095.55225714286,2376.142915,1840.78133571429,1869.34627857143,2234.91862857143,1694.64524285714,2063.94419285714,1810.84405928571,1966.37753571429,1947.08660714286,1825.97382857143,2215.19749285714,2200.75072142857,2495.41127857143,2185.17418571429,1686.27105714286,1923.67642142857,1840.89762142857,1848.70923571429,2058.91849285714,1552.52068571429,1604.68061428571,1602.30433571429,2157.89694285714,2016.17852142857,1660.00583571429,2072.10937142857,1854.52082857143,1873.97702142857,1866.12143571429,1518.36684285714,1862.83471428571,1593.21785714286,1342.73054285714,2001.36966428571,2085.03505,1933.20222142857,1654.77922857143,1973.05345714286,1610.86369285714,1894.45452857143,1935.3503,1405.62037857143,1832.50206428571,1817.57816428571,2175.16666428571,2276.58942142857,1699.86872857143,2041.57401428571,1727.00692857143,2075.76497142857,1419.17578571429,1714.54469285714,1981.05104285714,1979.67782857143,2182.28699285714,2285.94531428571,1896.36587857143,2152.585515,2592.28661285714,1895.48475714286,1956.46032857143,2244.48468571429,1905.84499285714,2627.08952142857,2485.3406,1659.13295,2032.41835,2361.7226,2056.57265714286,1917.80000714286,2262.97797142857,2286.59078571429,1691.24397857143,1680.4967,1894.21620714286,1730.01988571429,1481.2217,1958.54372142857,1936.31540714286,1461.0255,1647.24041428571,1831.0731,1910.49302857143,1365.87020714286,2179.60316428572,1956.7515,2374.54366214286,2072.63587857143,1762.16534285714,2111.68285714286,1730.88806428571,2153.27020714286,1985.44281428572,1859.50091714286,1802.57855,1748.20231428571,1464.91750714286,2504.25673571429,1939.55911428571,1934.95233571429,2348.03100714286,2381.99510714286,1671.03127857143,1758.75923571429,1699.42866428571,2090.06420714286,2210.65229285714,2168.75685714286,1618.04563571429,2179.52173571429,1909.14948571429,1822.01537857143,2141.99767857143,2112.67111428571,1665.98430714286,1996.21731428571,1677.21735642857,2304.85177857143,2432.36685,2358.23811428571,1792.76785,1976.50693571429,2358.60147857143,1700.95946285714,1860.92652142857,1939.22556428571,2077.86944285714,1598.23482142857,1849.27731428571,2097.60511428571,2091.86081428571,2258.01148571429,2181.55829285714,1555.74157857143,1922.62827857143,1974.42557142857,2029.71056428571,1962.13836428571,2020.27305,2591.17859285714,2109.75423571429,1817.87029285714,1936.32498571429,1796.96085,1489.01697857143,2091.84174285714,1884.66622857143,1873.67788571429,2238.6414,1932.01753571429,1919.43429285714,2737.385,2408.75701428571,1845.00658571429,1971.278435,1826.80167857143,1817.18860714286,1888.61285714286,1584.6426,1890.73835714286,1411.06824285714,2019.19012142857,1559.20093571429,1633.89077857143,1677.14998571429,1925.97087357143,2184.42025,2317.28779285714,1933.91161785714,1897.82311428571,2211.96725,2012.25864285714,1848.06935,2031.5668,1970.54862142857,1748.29995714286,2124.12021428571,2311.03830714286,1707.03707142857,2161.52706428571,2025.27165714286,1657.82766428571,1963.57169285714,1857.63564285714,1799.55490714286,1375.39342857143,1853.35052857143,1924.58164285714,2060.71542142857,1389.82847142857,1816.90070714286,2254.53955714286,1561.23572142857,1790.73015714286,1962.40155,1888.38338571429,1775.3963,2536.07876428572,1957.5839,1980.2829,1419.10515,1652.11681428571,1919.97677857143,1753.81365,1984.94587857143,1960.29177142857,2012.17368571429,1774.04672142857,1736.56544285714,2132.48671428571,2035.67165714286,1707.81319285714,1927.89796428572,1956.62637142857,1813.97308571429,1754.40183571429,1696.68368571429,2055.73071285714,1778.53721928571,2030.52459071429,1246.07021428571,1974.23519285714,2225.38411428571,2233.74741428572,1525.99186428571,2096.89847857143,2361.50562142857,1665.09842857143,1644.97734285714,1715.33196428571,1985.13852857143,1600.90910714286,2087.13879285714,1670.103,1944.77971428571,1758.4823,1670.19783571429,2001.66222857143,1701.94468857143,2163.04242285714,1790.09208571429,1675.68227142857,1898.28189285714,1967.11016428571,1921.24916428571,1660.1988,1451.61789285714,1951.62573571429,2152.02784285714,1397.97170714286,2049.88719285714,1946.36075,1570.86445714286,1923.22899285714,1655.61456428571,1858.455995,1636.79063571429,1891.47857142857,2177.41822857143,2004.11395,2165.59625714286,2010.77305714286,1585.39800714286,2058.0047,2599.79068571429,1874.31807142857,1875.07772857143,1814.6491,1797.39175714286,1956.23227857143,1710.18195714286,1468.39424285714,1872.08890714286,2218.60495714286,2042.20269285714,1923.90265714286,2008.89233571429,1908.20005714286,2024.71500714286,1890.03479285714,2072.23372857143,1684.30081428571,1818.29342142857,1897.56444285714,1644.33847857143,1479.76214285714,1933.37009428571,1236.00979428571,1940.41391428571,1478.33606428571,1698.68542142857,2268.07255714286,1993.17411428571,2152.82550714286,1950.0915,1347.74827857143,2459.30167142857,2030.52338571429,2114.17665,2299.51422142857,1893.14877142857,1961.15684285714,2607.34388571429,2077.58717142857,2142.30897142857,1771.07835,1659.12277857143,1766.35190714286,1942.38273571429,1711.48179285714,2156.50648571429,1792.63005714286,1816.26042142857,1968.94568571429,2009.75503571429,2227.93898571429,1621.22879285714,1901.03934285714,1922.74879285714,1639.40614285714,1713.4813,1777.61394285714,1836.94536428571,2248.06037142857,1822.29025,1659.22204285714,2362.02508571429,1414.06840714286,1998.26497857143,1552.14422857143,1919.48170714286,1836.22916428571,2212.14130714286,1762.57290714286,2180.29605714286,1870.35585714286,1692.55895714286,1518.02295,2260.23803571429,2341.31780714286,1978.25195714286,1724.2579,1993.85909285714,1868.22545,2176.94559285714,2059.83387857143,2205.80406428571,1851.28672142857,1514.84970714286,1496.51211428571,2040.43095714286,2204.43992142857,2058.73031428571,1729.08994285714,2013.62165714286,1871.16414714286,2042.4431,1836.16182142857,1726.83695,2188.91525,2313.54898571429,2015.95082142857,1915.04836428571,1851.74857142857,1667.13847142857,2048.84575714286,2266.69796428571,1943.91267142857,2214.20339285714,1783.55406428571,1657.06319285714,1968.06913571429,1933.94465,1964.42408571429,1339.58982857143,1861.71830714286,1873.64935,2516.35900714286,2107.57496428571,2035.82034285714,1657.85582857143,2225.40310714286,2083.54955714286,1921.75665,1279.30914285714,1263.77262857143,2095.67519285714,2113.45853571429,2514.57581428571,1866.49954285714,1955.46134,1985.12525,2121.31577142857,2060.50071428571,1893.44880714286,1769.28655,2167.08732142857,2025.39315714286,2528.29053571429,2035.59517142857,1741.37784285714,1778.6819,1853.96778571429,1763.35023571429,1389.8527,1712.58298571429,1667.67522142857,2228.47981428571,2203.84977142857,1644.39082214286,1783.33978571429,2092.95431428571,1968.44032142857,2381.06108571429,2024.95613571429,2121.75641428571,1984.58747857143,1397.6325,2302.25209285714,2012.46724285714,1837.02169285714,1853.76482142857,1947.29302857143,1704.07602857143,1859.17066428571,1554.55766428571,1894.08852857143,2145.72774,1778.30820714286,1953.80865714286,2013.96182857143,1889.25445,1773.31025357143,1807.97073571429,2026.68044285714,2651.06700714286,2043.11363571429,1849.46552142857,1856.25784285714,1978.353585,2174.52840714286,2109.12251428571,1809.85090714286,1579.73723571429,2044.8383,1947.56549285714,2090.89433571429,1938.42076428571,1957.78111428571,1953.06429285714,2486.90780714286,2282.71667857143,1898.65963571429,1469.00905714286,1369.51870714286,1992.29424285714,1591.89616428571,1997.79519285714,2037.271,2012.90171428572,1884.92728571429,1891.83782142857,1955.89867857143,1670.04385,2597.91352857143,1829.98764285714,2379.89455,2317.15583571429,1853.30328357143,1787.90547,1825.0298,2019.8348,1882.49075714286,1519.81622142857,1762.98385,1539.74996428571,2269.03546428572,2214.19658571429,2009.69647142857,1695.36541428571,1896.5618,1937.33027142857,2234.73024285714,2157.89359285714,2491.81744285714,2197.1619,1533.46569285714,2202.28986428571,1787.72085714286,2722.11247857143,1803.88699857143,1771.272425,2086.3283,1715.07844285714,1426.84082142857,1473.04862857143,2072.06515714286,2086.03415714286,1922.55429642857,2114.78415714286,2249.97495,1913.34762857143,1633.15498571429,2481.14457142857,1944.40332857143,1746.27594285714,1910.82670714286,1464.63984285714,1530.27511428571,2145.79072857143,2328.31652142857,2589.66044285714,2574.16813571429,2183.91652142857,1951.44377142857,2017.37226428571,1949.94558714286,2064.45112857143,1723.92042142857,1433.35709285714,1610.12962142857,1459.66215,1985.15644285714,1201.05465,2130.40109285714,1794.97416428571,2019.16143571429,1666.59441428571,1944.04688571429,1638.06448571429,1926.49580714286,1786.78876928571,2196.70516428571,2024.85852142857,2124.60649285714,2266.22042857143,2344.96747857143,1670.52925,2138.2813,2000.64716357143,1766.52703571429,2111.69237142857,2196.22334642857,1764.71384285714,2210.92400714286,1952.23461428571,2316.03947142857,1940.34962857143,1756.56042142857,1901.9701,2049.53453571429,1960.13243571429,1619.51660714286,1664.3894,1906.04884285714,1664.24715714286,1923.74082142857,1940.44482857143,1672.23887142857,2083.14266428571,1947.82085714286,1973.16227142857,1479.35408571429,1758.73376428571,1667.44602142857,1737.53009285714,2053.29271428572,1761.34108571429,2170.78381428571,2220.3448,1637.96397857143,1905.06227857143,1930.45564285714,2113.21375,2364.94202857143,1628.13585285714,1781.93047142857,1854.13283571429,1813.82033571429,2037.64817857143,1930.67101428572,1793.01940642857,2604.97996428571,1916.63370714286,1909.08545714286,1699.46574285714,2282.51189285714,1369.11195714286,2200.64207857143,2043.71598571429,2337.60933571429,2111.98490714286,2267.21965,2111.50636428571,1872.17230714286,1813.82001428572,2248.62386428572,1956.10912857143,1467.35590714286,1731.42703571429,1654.50996428571,1865.25277142857,2440.20124285714,1950.91350714286,1923.17022857143,1818.5571,2187.55813571429,1958.98545,2602.95058571429,1874.63977857143,2000.0686,1602.27078571429,1854.6774,1670.21999285714,2419.33033571429,1932.01109285714,1700.47029285714,1399.5514,1982.09083571429,1958.50738571429,1979.24890714286,1670.83895,1795.49908571429,2049.3211,1833.25210714286,1828.30584285714,1406.29522857143,1634.0538,2161.33006428571,1869.08303571429,1830.61177142857,2074.19169714286,2242.89405785714,1773.77165714286,1874.47278571429,2142.93892857143,2062.40030714286,1807.54540285714,1767.26156428571,2262.2056,2070.97550714286,2243.20265714286,1797.83823571429,1663.40306428571,1990.64791785714,1863.78647142857,2176.06175714286,1667.74785,1763.05832857143,1739.37726428571,1773.5084,2521.12137142857,1854.64896928571,2189.43329285714,1938.64107142857,1913.38964285714,1871.38557142857,1900.61383571429,2012.41822857143,1831.14947142857,1848.5405,2195.88703571429,1576.01082857143,2154.99332857143,2462.43175,2248.81382142857,1756.12335714286,1836.30657142857,1649.87105,1499.04179285714,1988.00195,1952.32815714286,2168.84760714286,2195.1199,1845.22341428571,1906.92285714286,1750.41785357143,1902.51199285714,2089.32919285714,1869.23824285714,1568.36563571429,2181.09561642857,2342.24394642857,1952.08701642857,2184.58682142857,2225.6715,2000.26345714286,1396.54491428571,2322.05120714286,2112.38462142857,1651.21140714286,2092.63999285714,1799.09291428571,1839.18536428571,1655.99855,1923.76090714286,2223.22285714286,2064.97155714286,1857.96238571429,2247.55999285714,1975.94614285714,1829.02427857143,2042.39666428571,2105.05905714286,1736.75758571429,1987.20452857143,2079.50128571429,2073.98486428571,1872.26335714286,2031.77994285714,2289.32020714286,1949.77537142857,1454.50942857143,1448.55644285714,2049.75862857143,1816.70875714286,2248.19467142857,2042.20856357143,2016.9,2201.26457142857,2214.25975714286,1838.46094285714,2209.78965,2179.08865714286,2446.12198571429,1570.07896428571,1814.43080714286,1415.07932142857,2163.84962857143,1765.16532142857,1943.04454285714,1912.32125714286,1993.37900642857,1937.35169285714,1655.75982571429,1772.14463142857,1650.51047857143,1249.46402857143,2044.17968571429,1812.05602142857,2163.77344285714,1949.53101428571,2088.70857857143,1798.1754,2133.38687142857,2119.41245,1715.47997857143,1537.39847142857,1757.82124285714,2017.12499285714,2190.14814285714,1615.00416428571,1464.66912142857,2687.94571428571,1968.7937,1517.87708571429,2369.09567142857,1733.32537857143,1713.35721428571,1532.1226,1977.1657,1697.74264285714,2058.45035714286,2422.03355357143,2121.7234,1701.12372142857,1761.59596357143,1795.25322857143,1968.04422857143,1881.94133571429,1956.8191,2111.49809285714,1245.24853571429,1880.39032142857,1789.80774285714,2029.45127857143,1937.44827857143,1319.80219285714,2064.34970714286,1955.06705,1732.80004285714,2182.36152857143,2123.51864285714,1742.17038571429,1895.83322142857,2402.08574285714,1741.25949285714,2533.42249785714,1898.08524285714,1716.60827142857,1884.80791428571,2044.62195714286,1927.79721428571,1851.83442857143,2423.59884285714,1946.05440714286,2128.52005,2357.92698571429,2062.83032857143,1481.91777857143,2258.41188571429,2539.35025714286,1711.01545,2023.42311428571,1922.02672142857,2430.52205,1897.28139285714,1995.66952857143,1741.85649285714,2193.84900714286,1443.34367857143,1776.05381428571,1769.45045714286,1698.80622857143,2346.93358571429,2063.73,1909.11551428571,1671.07164285714,2359.13343142857,1899.79907857143,1502.17991428571,2033.02807857143,2354.85040714286,2017.74815714286,2202.31650714286,1877.11436428571,1952.11889285714,1971.47192142857,2210.11737857143,1647.74867142857,1887.25535,1538.86285642857,2279.67809285714,1812.80382142857,1352.11213571429,1793.26087142857,2025.77330714286,1520.69238571429,2040.89812142857,2139.09194285714,1830.33964285714,1969.92357142857,1520.32567857143,2438.62589285714,1827.79472857143,1739.71102857143,1815.61387857143,1418.12806428571,1864.06623928571,1620.5589,1795.74481428571,2058.99858571429,2081.20757857143,2335.63436428571,1950.87563571429,1553.09315,2288.3381,1964.19795714286,2085.47272142857,1646.62902142857,1836.22889285714,2262.58252142857,1985.52982142857,1900.06041428571,1914.05753571429,1890.19097857143,1826.4839,2107.69457857143,2247.06241857143,2134.93888571429,2059.08562357143,2123.873905,1686.97900714286,1894.05227142857,2010.25329285714,1918.92349285714,2169.2959,2180.51932857143,2474.23265,1774.31137142857,1902.84591428571,2039.99293571429,1572.77030714286,2187.15827857143,2066.03452857143,1960.45612142857,1600.36863571429,1871.80348571429,1968.42066428571,2445.39461428571,2058.25351428571,2179.78258571429,1751.32185,1741.76855714286,1685.21482142857,2227.70460714286,1545.94994285714,2085.27426428571,2052.37834285714,2007.37492857143,1948.07576428571,2499.15371428572,1249.4475,1665.70720714286,1752.37637142857,1404.22415714286,2266.33679285714,1885.6979,2041.00667142857,2137.01227142857,1907.58136428571,2121.56436428571,2046.18231428571,2271.34982142857,1380.10814285714,1865.90726428572,2131.06241428571,1873.24225,2289.66492857143,1848.61787142857,1570.97945714286,1541.12470714286,1694.66267857143,2244.21836428571,2083.97978571429,2032.37714285714,1870.06385714286,2213.65263571429,2127.10740714286,2397.51817142857,1985.64738571429,2481.90120714286,1693.29047142857,1935.52850714286,2501.6123,1940.11242857143,1570.87518571429,2252.10675714286,2061.96252857143,1930.66179285714,1966.53205857143,1959.68322857143,1761.75699285714,2090.19585,1678.54207857143,1826.77006428572,1558.1148,2056.14325,2168.53668571429,1745.64895714286,2477.54516428572,1912.67765714286,1944.16917142857,2179.18916428571,1866.32245,1887.10593571429,2106.47880714286,1904.94164285714,2400.62502857143,1560.43658571429,2144.75467857143,1642.82434285714,1884.52199285714,1908.19392857143,2186.66902857143,2211.61595,2179.0656,1963.17182857143,1844.82955,2157.54665714286,1986.75521428571,1546.74523571429,1826.7377,1641.03180642857,2616.93978571429,1835.78624285714,1844.45652857143,2064.63459285714,1937.55221,1847.54063571429,1959.18912857143,2079.85558571429,2229.95474285714,2285.53785714286,1451.28070714286,2017.88039285714,1703.799,2064.48319285714,1765.41285,1782.32302857143,1652.81852857143,2421.75245,1746.98591428571,1751.73955714286,2087.82368571429,2161.31894285714,2406.22558571429,1653.21503571429,1904.13331428571,1634.15107857143,1817.30269285714,1928.35327857143,2031.37727142857,2065.85560714286,1814.68040714286,2183.58942142857,2028.31532142857,2512.64105214286,1950.78817142857,2084.95686428571,2304.39347857143,2263.10359285714,1803.1095,2385.53148571429,2096.37955714286,2122.9903,1896.23664785714,2023.07202857143,2006.53998571429,1799.37015714286,2218.9582,1788.8952,1887.33145,2197.14447857143,1922.77302142857,1770.62235714286,1852.71220428571,2049.20872857143,1408.03996428571,1783.0879,1488.7306,1942.30114285714,2639.53723571429,2134.42139285714,1866.75112857143,2086.17596428571,2000.82827142857,2082.68701428571,1584.16564285714,1839.99426428571,2486.65165714286,1699.34079285714,1790.78506428571,2184.647265,2026.25506428571,1755.66219285714,2107.89981428571,2109.97219285714,2152.19478571429,2029.29680714286,2267.32574285714,2027.36107142857,2194.11395,2020.09889285714,1666.98769285714,2254.86162142857,1769.14775714286,1805.54367142857,1773.31697857143,1780.24092857143,1974.75066428572,1895.32232142857,1685.073995,2060.30278571429,2408.42061171429,2436.2694,1655.92412928572,2030.47501428571,1829.19736428571,2031.39327857143,2010.99318571429,2030.52432857143,2012.04455714286,1999.60054285714,2053.25483571429,1590.63194285714,1948.73136428572,1833.15435,1738.13028571429,1317.27057857143,1897.76439285714,1913.51367142857,1791.00987857143,1743.49375714286,2420.76252142857,1991.04357857143,1977.02038571429,2250.41836428571,1632.26950857143,2046.7534,2169.51805714286,1989.43275,1956.5185,1822.20602857143,1673.34995714286,2053.13903571429,2173.17819285714,1997.64504285714,1653.91868571429,1523.71503571429,1907.55105,2395.2745,2475.35782142857,1961.5807,2332.97861428571,2321.83596428571,1789.75796428571,1748.63085,1792.34916428572,2129.59102142857,1766.1496,1340.81098571429,2146.44355,1709.20746428571,2270.17937857143,2084.62057142857,1958.52362142857,1996.41549285714,2290.85592142857,2270.48797142857,1866.26206428571,2072.56121428571,2062.87989285714,1902.34116428571,1760.44921428572,1884.30393571429,1878.42858571429,1953.78349285714,2204.0438,2131.7728,2438.13374285714,1734.97631214286,1982.48032142857,1567.86611428571,1638.18195,2248.89884285714,2369.49106428571,2156.59146428571,1980.70099285714,2022.37741428571,2136.76921428571,2441.17733571429,2165.75317857143,1875.81609285714,2047.3945,2199.44023571429,2166.16073571429,2062.90614285714,1892.36247857143,2236.28195,2025.00535,1516.43567857143,1469.56641428571,1786.46019285714,1786.46607142857,1862.01791428572,1923.48561428571,1993.11272857143,1769.50837142857,2314.84022142857,2097.6735,1897.06947142857,1993.65018571429,1923.74433571429,2312.03243571429,1977.60510714286,1985.9141,2251.57203571429,1827.16253571429,2405.54514642857,2026.58487857143,1704.10085,1778.74409285714,1264.39025714286,2306.47969285714,2300.51962857143,1812.23184857143,1841.22769285714,1866.38165714286,1672.35432857143,1767.26873571429,1973.58071428571,1915.2064,1601.09684285714,1990.65837857143,2003.00390714286,2244.8004,2423.24615714286,2359.25356428571,1955.33779285714,2322.04596428571,1966.19520714286,2161.42836428571,1596.99975,2179.09321428571,2136.24401428571,2272.55062142857,1835.84165714286,1948.68910714286,2396.28252142857,1806.84287857143,2086.24877142857,1727.27216428571,1747.89800714286,1950.26899285714,2015.52633571429,2011.18840714286,2162.86641428571,2312.64270714286,1865.75785,1896.43835714286,1677.87526428571,1844.73542857143,1966.98938571429,1766.65266428571,1868.7813,2368.08353571429,1837.93757857143,2028.7038,2087.89768571429,2125.35124285714,1985.19356428571,1669.01407857143,2066.59705,1893.37132142857,1922.05253571429,1697.18375,1627.13398571429,2147.2789,2075.48365714286,1436.64382857143,1934.61135714286,1689.22729285714,1800.98468785714,1994.31205,2138.61575,1930.94442142857,1606.08032857143,1310.39594285714,1876.6861,2037.20411428571,2107.46125,2361.37649285714,1694.33234871429,1874.16412857143,2064.69691428571,1928.77643571429,1947.84618571429,1599.91313571429,1660.83354285714,2099.73085,1796.00514285714,2020.71400714286,1759.56390714286,2054.19602857143,1772.26605714286,1752.63727142857,1837.82922142857,1582.61847142857,2063.77697142857,2316.21017142857,1935.32179285714,2056.89864285714,2113.99967142857,2092.29601428571,2046.24162857143,1728.53237142857,2056.32222857143,2391.80154285714,2181.93728571429,1861.16704785714,1984.10168571429,2136.67355,1683.55356428571,2109.62588571429,2081.22268571429,2169.93299285714,2162.53207142857,1990.99710714286,1652.05365714286,1790.30472857143,1868.92235714286,1974.58593571429,2081.65569285714,1896.38433571429,1697.72188571429,2203.60601428571,2205.39785,1606.65636428571,1923.0527,1677.01834285714,1599.59471428572,1430.75877857143,1714.78111428572,1881.12397857143,2071.8232,1942.94460714286,1831.82760714286,1864.94611428571,2567.49365,2005.00347142857,1929.63799285714,2315.01284071429,2576.97738214286,2023.63896428571,1910.0049,2144.6557,1790.94434285714,1410.26646428571,1980.19387142857,2018.77508571429,1962.37767857143,1872.28552142857,1833.71269285714,2164.37211428571,1798.40309285714,2110.3888,2416.67252857143,1923.3805,1828.48056428571,2051.42488571429,1822.78331428572,2040.09985714286,1844.49267857143,1881.37336428571,2188.07143571429,2183.79873571429,1229.20874285714,2043.3956,1558.32304857143,1839.64462142857,1820.68997857143,2603.63797142857,1988.32709285714,2159.68882857143,1910.83722142857,1883.02857142857,1680.49352142857,2174.29966428572,1619.82504285714,1964.50290714286,1755.17300714286,1669.61893571429,2071.87545714286,2453.67270142857,1922.91111428571,1804.99949285714,2332.16042857143,1868.88549285714,1777.22034285714,2315.4262,1944.76398571429,1986.71355714286,2081.69427857143,1560.17815,1804.82477857143,1616.15502857143,2529.08507857143,2170.39906428571,1752.66443571429,2201.43356428571,1855.58154285714,1994.73825714286,1994.46671428571,1824.79401428571,1865.17054285714,1748.19582857143,1745.63967142857,1919.3368,2000.93811428571,2183.97513571429,2076.31713571429,2237.02084285714,1858.50129285714,1959.77940357143,1872.11879285714,2151.36685,1924.91359285714,1700.12471428571,1774.02867857143,1993.03302571429,1928.136365,2143.88705714286,1941.14039285714,1833.44127857143,2006.81604285714,2161.79449285714,1719.46856428571,2257.68983571429,2070.45218571429,1337.25347142857,2269.94475,1934.61242857143,1887.57122142857,1934.88757857143,2039.58988571429,2264.3849,1750.31272857143,2200.17224285714,2195.35980714286,1891.53689285714,2235.55125714286,2019.68267142857,2036.13554285714,1864.88904285714,2319.80033571429,2117.07210714286,2350.33155,2002.49860714286,2305.52185,1826.80310714286,1805.42018571429,2065.81905785714,2134.31253571429,2134.34927142857,2084.8968,2158.57033571429,1992.13953571429,1189.03442857143,2007.92672857143,1863.13315,2082.85306428571,1821.77703571429,1859.27229285714,1848.75080714286,1781.21686428571,1352.75712142857,2294.71349285714,1954.42515,2090.75841428571,2006.98093571429,1794.86448714286,1888.01338571429,2206.37367857143,2290.32722857143,2327.86208571429,1978.56937142857,1763.10436428571,2171.95465714286,2003.55258571429,1990.19377857143,1526.33280714286,2064.15077142857,2090.06357857143,2616.92153571429,1910.80509285714,2022.16422857143,2305.54631428571,1941.31293571429,2462.14189285714,1896.57877142857,1942.74392857143,2303.22947857143,1740.32035714286,1900.65637857143,1841.86895714286,1953.91208571429,1680.83442142857,1371.98185,1805.27139285714,1987.22335714286,2568.87851428571,1575.77174285714,1661.28195714286,2334.21982142857,1943.37477857143,1916.42469142857,2047.11057142857,2000.53535714286,2279.08981785714,1954.14721285714,2063.99383571429,2252.14469285714,2344.6752,1727.30282142857,1942.68630714286,1832.33919285714,1760.43360857143,2227.1674,2448.01310714286,1845.49767857143,2025.2047,2225.6069,2324.43026428571,2084.05347142857,1975.97607142857,1885.38475714286,2118.45489285714,2365.83645714286,2180.77067142857,1864.2553,2121.23389285714,2365.34041428571,1952.97397857143,1750.20477142857,1711.14337142857,1922.62525714286,2157.54357142857,1727.76756428571,1812.02251428571,2002.60922857143,2246.72078928571,1924.69875,1702.61915,1949.87604285714,1687.97187142857,1972.80172142857,2008.20984285714,2530.02589285714,1970.2748,2225.93675,1759.48393571429,2136.22546428571,1804.89133571429,1837.22415714286,1482.37176428571,1818.69096428571,1789.16421428571,2010.72616428571,1868.7257,1886.78768571429,2110.02308571429,1797.92887857143,1871.87325714286,2219.68732857143,1955.87086428571,2292.24297142857,2331.99200714286,1572.59888571429,2066.06284285714,1640.82945,2038.06651428571,2126.89138571429,2012.11891428571,1629.29182857143,1590.29622142857,1302.0293,2005.26138571429,1962.32132142857,1568.56362857143,1853.15265,1846.39230714286,2080.85865714286,1736.10002142857,1896.22491428571,2123.71507857143,2099.52522857143,2113.19937142857,1680.27325714286,2076.68921428571,2176.07890714286,1940.03245,1512.82047857143,2024.27,1780.31683571429,2808.12990714286,1868.43263571429,2286.90573571429,1667.86367857143,2045.38117142857,2054.21055,1590.57643571429,2065.60571428571,2038.82373571429,2294.58757857143,1712.66063571429,2088.86544285714,1929.41195714286,2125.01522142857,2275.33504285714,1823.19349285714,2118.27299285714,1549.12977142857,1852.02155,1844.13872857143,1820.74325,2202.34901428571,2177.54730714286,1573.11282857143,2059.70440714286,2139.7317,2254.28662857143,2102.37536214286,2220.44349285714,2212.30130714286,1967.13118571429,1994.38088571429,1946.46274285714,1956.68362142857,2028.06282857143,1820.8064,2742.58616428571,2049.19762142857,1543.32907857143,2316.13078571429,2322.94677142857,1780.8337,2186.03484285714,1644.95548571429,1992.28540714286,2038.59383571429,2130.12448571429,2087.64925,1396.98806428571,2004.85419285714,2311.08632142857,1330.15994285714,2226.41776428571,1976.40958571429,2064.55697142857,1705.87494285714,1939.29883571429,1635.75157857143,2040.03435,2130.26095,1951.63897857143,2030.04822142857,1744.89762857143,2162.68006428571,1694.78197857143,2084.21858571429,2055.28647142857,2188.27517142857,1788.91219285714,1096.49061428571,1472.74523142857,1574.719015,1790.09301142857,1378.48117071429,1814.02089285714,2074.98633571429,1538.90778571429,2147.16719285714,1940.38827142857,1755.70469285714,1808.36283571429,2238.39678571429,2173.99239928571,1800.02879285714,1904.64833571429,2111.60572428571,1731.93302857143,1503.06711428571,2434.71773571429,2443.02807142857,2171.06570714286,1995.06665714286,1910.30082142857,2302.2827,1810.68110714286,2027.80608571429,2149.76492142857,1531.44958571429,1774.10830714286,1791.93177857143,2096.35077142857,2024.99547857143,1992.09150714286,2017.99192857143,2200.55413571429,1996.45300714286,1768.94683785714,1603.98919285714,1923.30434285714,1981.78725,1805.19564285714,2133.7916,1954.2903,2131.72837857143,1906.62741428571,2031.56766428571,2002.12688571429,2130.75384285714,2086.32547,2579.9291,2085.98098571429,1596.59824285714,2063.58328571429,2283.8637,2168.90110714286,1941.98698571429,2100.85949285714,1684.93294285714,2081.91243571429,2071.11306428571,1501.11352142857,1984.97262857143,2133.74689285714,1700.84109285714,1682.5529,1967.03550714286,1618.89422142857,1571.78085,2288.34493571429,2416.32716428571,1595.4139,2056.88284285714,2120.83762857143,2011.07062857143,1846.1142,1626.29913571429,1506.36089285714,1601.32507142857,1003.19417857143,2139.80785714286,1971.09257142857,2058.32536428571,1721.97132857143,1933.72294285714,2476.94116428571,1770.94028571429,1762.59122857143,2083.64618571429,2167.15307142857,1462.70867857143,1779.02650714286,1460.26859285714,1798.73400714286,1603.58188571429,2078.6042,2009.20185,1974.39538571429,1842.89548571429,2079.35525,1358.98629285714,2005.85185714286,2141.0914,2061.24002857143,1646.56935,1777.96729285714,1327.83477857143,2012.68834285714,1808.29615714286,2171.87451428571,1742.23920571429,1960.31292857143,1855.49885714286,1488.50910714286,1569.24852857143,2504.23601428571,1637.26605,1774.0834,1925.47869285714,2627.19953571429,1882.44839285714,2658.79687142857,2293.8156,2004.896085,1613.84841428571,1848.71855714286,2044.27308928571,2216.21142142857,2423.77133571429,2133.39259285714,1849.98279285714,1497.0675,2070.61569285714,1902.67415714286,1707.84548571429,1890.18930714286,1493.11518571429,1753.05972142857,2157.17046428571,2393.56948571429,1587.24313928571,2055.18696428571,2068.85250714286,2207.06405714286,2005.06022142857,1764.85795,2044.9862,1923.05165714286,1933.78982357143,1731.66130714286,1648.38427857143,2146.05108571429,2098.59973571429,1803.2172,2072.61345,1835.44087857143,2263.52266428571,1936.04875,2561.93247142857,1847.6414,2299.45061428571,1411.44066428571,1966.66813571429,2010.13890714286,1982.59846428571,2108.85982142857,1966.97924285714,2299.67556428571,2122.29635714286,2123.66277142857,1948.48515714286,1912.11082857143,2091.72396428571,1924.87139285714,1868.12491428571,1798.38457857143,1937.45219285714,1866.31358571429,2349.63454285714,1796.90534285714,1474.27196428571,1451.7598,1938.68813928571,2266.76786428571,1749.30863571429,2396.77917142857,1864.091,1923.26656428572,1850.65918571429,1785.31014285714,1820.52303571429,1937.10445714286,2068.58245,2361.45535714286,2179.96313571429,1841.50082142857,2276.80244285714,2097.16491428571,1713.49163571429,2255.48323571429,1685.48329285714,2002.95569285714,1959.29482857143,1926.91814285714,2076.19122857143,1645.54452857143,1976.89345,2080.43255,1753.94179285714,2148.90832857143,1502.02117857143,1837.29332857143,1908.60352857143,1874.24306428571,1381.76821428572,1930.39902857143,1472.29155714286,2034.95955714286,1930.97045,1528.21170714286,2155.47768571429,1719.92580714286,1754.41904285714,2284.79413571429,2264.98026428571,2130.44172857143,2381.25744285714,1772.79324928571,1375.71088571429,1670.12315714286,1686.24956428571,2137.3292,2103.31141428571,2638.04377857143,2309.51512857143,2307.69563571429,2207.22485714286,1746.3181,1765.66460714286,1994.02341428571,1663.65846428572,1718.36255714286,1725.49478571429,2359.78390714286,2446.44015,1908.70188571429,2048.04881428571,1936.51188571429,1659.32993571429,1810.05403571429,2610.85693571429,2132.4722,1977.95313571429,1727.41113571429,1904.33924285714,1728.81919285714,1641.19935,1849.37591428571,2133.61530714286,1792.65257857143,1661.70943571429,2216.65492142857,1515.16049285714,2109.90057142857,2162.50715,2070.08321428571,1799.73623571429,2065.74937857143,2097.76877857143,2025.55233571429,1986.49424785714,1761.70968571429,2380.89212142857,2321.00190714286,1817.18545714286,2181.29216428571,2002.99400714286,1788.77085714286,2086.50838571429,2254.36840714286,1798.16935714286,1980.19635,1853.23727142857,2123.15778571429,2305.45015714286,1723.59817142857,2164.55867857143,1576.00701428571,1855.02554285714,1898.94682857143,1753.05096428571,1853.53524285714,1915.64444285714,1498.57683571429,1795.31247142857,1757.78409285714,1745.11209285714,1577.15985714286,2024.87249285714,2108.2338,1182.92436428571,1923.53845,1724.90137857143,1283.85194285714,2368.55060714286,1865.86688571429,2124.09542857143,2009.2685,1596.82910714286,1579.11846428571,2056.9459,2146.2256,2351.25345,1991.08797857143,1677.77299285714,2135.64587142857,1825.99682857143,1591.65608571429,1933.01857142857,1933.02105714286,1913.79624285714,2005.43999285714,1924.50547857143,1735.43497857143,1600.02792142857,1968.8419,1751.52861428571,1735.84095714286,1991.88215714286,1960.05912142857,2395.43425714286,2147.74396428571,2082.31888571429,2079.95621428571,2509.96418571429,2089.61782857143,1630.57518571429,1606.93959285714,2216.26382142857,2114.10338571429,1988.53205714286,1967.40196,1739.93747857143,2145.46892857143,2498.27020714286,1799.66387857143,2305.22419285714,2092.22304285714,2070.05818571429,1884.60180714286,1513.32202857143,2182.18958357143,1441.82294285714,1880.53403571429,1686.10727142857,1703.91769285714,1938.89758571429,2279.60416428571,1367.8124,2025.01627142857,2139.08462857143,2165.19935714286,2262.73486428571,2178.10413571429,1940.48204285714,2222.63202142857,2164.98353571429,1866.64902142857,2174.21009285714,1735.96730714286,2220.56135714286,2089.97834285714,1868.153,1908.96836428571,1998.06602857143,1663.71370714286,1552.28415,1979.73757142857,1741.06885,2056.47524285714,1857.93864285714,2516.74077857143,1881.51177142857,1936.12446428571,1800.87105714286,1950.11339285714,1832.56447142857,2379.59742857143,1774.32837857143,2409.06415,1796.44550785714,2289.76917142857,1920.40951428571,2001.39152142857,2008.78318571429,2027.71495,1729.65587142857,2064.75759285714,2186.72449285714,1850.03913571429,1913.67391428572,1984.14397857143,2073.71885714286,2054.07128571429,2349.11247142857,2148.48734885714,1572.60175714286,2157.95070785714,2550.79742142857,2138.67557142857,1824.27831428571,1563.51357857143,1739.8176,2282.38845,1863.03597857143,2160.62247857143,2054.18344285714,2203.29579285714,2181.41242857143,1957.35242142857,1378.87467142857,1951.79839285714,1659.3257,1891.27632857143,1554.57658571429,1912.53960714286,1515.57075714286,2178.79470714286,2226.21167142857,1954.30356428571,1651.71441428571,1466.60395714286,2147.31353571429,1850.46575,1810.29950714286,2021.87801428571,1681.13854285714,1954.66683571429,2161.66974285714,1703.66517857143,1371.60336428571,1619.97305714286,2031.20935,2450.31878571429,1925.18715714286,1377.60175,1786.77807857143,1600.80569285714,1874.12605,2318.5926,1866.79354285714,1848.43587142857,1962.79415714286,1734.68484285714,1647.06751428571,2194.47138571429,1867.75814285714,1687.46791428572,2278.43401428571,1526.05437142857,2037.41735714286,2249.73769285714,2153.16913571429,2000.91917142857,1582.54375,1215.84616428571,2199.69176428571,2236.0276,1737.13999285714,1542.96535,1789.62357857143,1799.86626428571,1877.29982928571,2653.32328571429,2566.05547857143,1698.92976428571,1856.37987857143,2413.81263571429,1686.80946428572,1489.74217857143,1783.89302142857,1748.27027857143,1637.92067857143,2021.80535,1636.48706428571,2124.1106,1763.88330714286,2018.36227857143,1986.7351,2077.16774285714,1609.17985714286,2195.29479285714,2298.18122142857,2075.08233571429,1807.08517857143,1665.51447857143,2167.13961428571,1888.33455,1800.62952857143,2043.45918571429,1746.65927142857,2057.0369,2090.46816428571,1950.89455,2376.41873571429,2192.91543571429,1922.33982142857,2178.80917857143,1940.16825,2038.32474285714,1834.92721428571,1968.09915,2042.14614285714,1586.52204285714,2247.40959285714,1503.17245714286,1861.22153571429,2021.82162857143,2015.06953571429,1893.8537,1831.74475714286,1915.32799285714,2212.34504285714,1849.30699285714,2350.69613571429,1776.78867857143,1866.98865714286,1382.2103,1773.67448571429,1719.21754285714,1868.90815,1706.03942857143,1914.64993571429,2058.55582142857,1875.08678571429,2206.01210714286,1579.86015714286,1760.32872142857,1988.94227142857,1826.8005,1894.24423571429,2284.83781428571,1898.88104285714,1334.10575714286,1971.85322142857,2115.46922142857,2052.14685714286,2074.29702142857,2265.32117142857,2440.26062142857,2243.16845,1907.51692857143,1462.60916428571,2117.33125714286,1903.97505,2126.33272142857,2049.45371571429,1790.80792142857,2386.77929,2125.35634371429,1768.10840714286,1717.14908571429,1637.72244285714,1992.57969285714,1722.35862142857,2115.94927142857,2142.71863571429,1807.28596428572,2210.95837857143,1710.54429285714,1783.00113571429,2160.23680714286,2050.17002857143,2010.45361428572,1856.2611,1673.2089,2280.67524285714,2108.13214285714,1938.65977142857,1504.4857,1846.37862142857,1887.92834285714,1885.58882142857,1635.42267857143,2003.05368571429,1638.11925714286,1513.26892142857,2228.60347142857,2082.68553571429,1630.57242142857,2154.36224285714,2277.73083571429,1969.06539285714,2080.72042142857,1701.85824285714,1944.84692142857,2041.73730714286,2147.06147142857,2650.50491428571,1693.18575142857,1838.50574428571,2161.18815714286,1953.49502142857,1791.28150714286,2267.25373571429,2028.99175,1853.15552857143,1632.78526428571,1825.59869285714,1813.98194285714,1874.64604285714,1504.79261428571,1466.60155,1715.90177142857,1643.84429285714,2099.19407857143,1485.83756428571,2135.76033571429,1790.05144285714,2168.61837857143,2208.38016428571,1982.15542857143,2114.24165714286,1728.94644285714,1674.58650857143,2088.7995,2044.40314285714,1385.12620714286,1819.6803,1764.63453571429,1354.20207142857,1817.99909285714,2183.4714,1710.24385714286,1846.38208571429,2027.56265714286,2528.40705,2072.27490714286,1386.81594285714,2091.92477142857,1923.38041428571,1507.36738571429,1810.88816428571,1533.79585,1782.9017,1857.26398571429,1825.08180714286,1910.82342142857,1913.58572142857,1899.3719,1804.5532,1863.06627142857,2059.76902142857,1905.03294285714,2086.34305714286,1648.04450714286,1949.78466428571,1629.1435,2036.47776428571,1905.1657,2061.69543571429,1847.10125,1296.03994285714,2086.78720714286,2181.39032857143,2055.02787857143,2267.43743571429,2106.75424285714,1341.00225,2008.49014285714,1722.86778571429,1771.6265,2403.22851428571,2172.7008,2356.31707142857,2149.22452857143,1649.66065785714,1855.36728571429,1792.42564285714,2218.7441,1749.95832142857,1928.33609285714,2129.83591428571,2139.51505714286,1875.71402357143,1546.32222857143,1853.80334285714,1782.58291428571,2144.30122857143,1809.49227142857,1863.82397142857,1872.88058571429,1916.15046428571,1891.22134285714,2115.50438571429,1802.57963571429,1911.45678571429,2102.39366428571,2046.55087857143,2039.97897142857,1708.11656428571,1819.7667,1946.7685,2187.16028571429,1903.61195714286,1569.52246428571,1785.81669285714,2039.88950714286,1976.00077142857,1987.17825714286,1906.77762857143,1850.8164,1968.83562857143,1821.52327857143,2069.90397857143,2058.5497,1490.10635,1560.55734285714,1590.27713571429,1986.80988571429,1998.35967857143,1662.88362142857,1934.59457857143,1860.14243571429,1720.49083642857,1688.22680714286,1805.85131428571,1767.17997857143,1697.22315714286,1879.86961428571,2056.77975,1818.70795,2509.42767142857,1954.88143571429,2177.21818571429,1817.07280714286,2241.39539285714,2110.21755,1955.07415,2340.89372857143,1953.93797142857,1363.10408571429,1733.47188571429,1939.9254,1823.77758571429,1855.68486428571,1905.22589428571,2139.22777857143,1848.89654285714,2063.29907857143,1466.6562,2072.08578571429,2103.35255714286,1870.51632857143,1601.56485,1839.10147142857,2341.17344285714,1893.55057142857,2210.55664285714,1908.24629214286,1576.79324285714,2240.83990714286,1462.72425714286,2264.01087857143,1959.33857142857,1824.71435,1874.554185,1700.5112,1671.47141428571,1741.26354285714,1901.37473571429,1695.68194285714,1771.03266428571,1974.3437,1924.80337142857,2273.653,1802.49720714286,2216.85032142857,1825.23125,2313.98004285714,1927.44905714286,1686.35190714286,2176.52371428571,1888.81094285714,2081.32348571429,2266.9683,2058.75384285714,1886.80057142857,2131.61894285714,1916.55405,1680.15681428571,1836.53594285714,2179.6276,2301.37916428571,1688.71412857143,1644.27190714286,2126.10161428572,1810.06643571429,1889.69482142857,1784.70845714286,1869.7089,2430.58740714286,1710.19126428571,1748.42348571429,2003.57892857143,2112.01244285714,1211.13695714286,2503.07185,1860.67136428571,1406.71270714286,2076.86362142857,2210.05758571429,2386.26557142857,2623.90850714286,1537.42020714286,1992.50565714286,1974.24218928571,2007.95099285714,2037.83537928572,2118.38195714286,1861.3563,1854.18828571429,1769.79235,1857.21457142857,2180.03057142857,1884.45296428572,2045.95792142857,2044.72158571429,2044.40055714286,1818.26089285714,1802.95542142857,1720.02127142857,2493.37858714286,1929.228,1895.70256428571,2308.26521428571,1907.47665714286,1962.75487142857,1779.2318,1628.1595,2166.93568571429,1417.71525714286,1788.33365,2117.1044,2272.75027142857,2203.97125714286,2475.97797142857,2059.45957142857,1948.26037857143,1335.56044285714,2367.27424285714,1891.66622857143,2290.25055714286,1957.29873571429,2212.47815,1953.75882857143,1780.72987142857,1873.47977857143,1997.62337857143,1742.58417857143,2050.60456428572,1985.13846428572,1861.78719285714,1887.66913571429,1531.00454285714,1845.97637142857,2162.82237857143,1766.30404285714,2146.83005,2179.68487142857,1885.28357857143,1247.36519285714,1945.59692857143,1770.30827857143,1692.71377142857,1845.00724285714,1824.53578571429,2292.94913571429,2145.59713214286,2035.28890357143,1740.92171428571,1643.26012857143,1486.4156,2023.46504285714,1931.43375714286,2348.62055714286,1953.17020714286,1667.06982857143,1877.19081428571,1976.94142857143,1855.12849285714,1778.42554285714,1730.64694285714,1628.2512,1957.33048571429,1982.33469285714,2225.35164285714,2344.7774,2017.08625607143,2442.38238571429,1607.26824285714,2205.05567857143,2079.07090714286,1703.34427857143,1942.85080714286,2047.26420714286,2026.50168571429,2111.97642857143,1514.07578571429,941.015184642857,1513.38834285714,2503.66699285714,1960.00627142857,2125.03037142857,1763.08665714286,1912.1765,1708.88426428571,2251.81525714286,1814.64875,1768.74340714286,1995.71473571429,2115.45825714286,2471.09992142857,2161.09184285714,1890.13492142857,2089.60030714286,2122.67038571429,1732.71113571429,1615.13722857143,1584.34234285714,1693.45012142857,1652.45924285714,2133.39404285714,1755.60017142857,1979.83370214286,2306.63973571429,2447.59942142857,1882.64772142857,1809.46502142857,1802.71483571429,2105.59536428571,1900.12376428571,2250.65165,1907.63596428572,1814.34027857143,2228.3933,1835.23871428571,2063.73257142857,2109.77996428571,1922.53609285714,1927.47625714286,2034.2133,2089.20707857143,1874.96447142857,2311.52677142857,2326.10211428571,2035.1454,2110.29434285714,2190.06016428571,1705.98530714286,1605.65176428571,1588.80338571429,1834.54565714286,1849.30582142857,1981.24434285714,2005.15369285714,2029.6503,2270.59835714286,2196.33082142857,2271.24671428571,1548.10765714286,1850.85716428572,2019.85250714286,1774.92230714286,2406.77553571429,1817.37262142857,2231.98678571429,1995.07807142857,2045.92778571429,2467.18133571429,2267.12190714286,2133.85831428571,1626.6703,1733.82246428572,2027.72235714286,1745.85094285714,1982.56809285714,1993.48160714286,1777.01332857143,1653.97934285714,1900.59645,1957.51368571429,1920.65978571429,2451.55743571429,2385.58635,2034.78925714286,2018.92498571429,1989.50333571429,1933.20456428572,2210.26662142857,1955.51877142857,1730.71229285714,1944.96578571429,1880.42584285714,1748.34452142857,2237.97162142857,1844.32828571429,1728.16002142857,2375.66025714286,2044.75295,2312.51491428571,1799.13852857143,2134.62289285714,1645.51842142857,2011.24566428571,1889.85231428571,1736.17740714286,1814.79074285714,1989.06503571429,1759.42202857143,1665.87695,2288.89613571429,1922.82286428571,1904.03840714286,1859.54293571429,1994.12902142857,1933.1621,2149.56679285714,1997.51988571429,1784.16772857143,2097.37882857143,1941.79152142857,2313.44751428571,2046.95686428571,2114.02930714286,2054.63531142857,1863.25575,1533.89095714286,2023.47569285714,2159.79750714286,1617.67456428571,1882.03847142857,2012.10588642857,2199.98139285714,1788.48588285714,2037.25924285714,2315.36242857143,1955.88346428571,1847.16400714286,2174.72211428571,2590.52366428571,2181.7992,2193.68047142857,2148.91516428571,2754.36725714286,2079.90177142857,1583.58837857143,1717.59857857143,1590.21732857143,1871.05342857143,1640.61239285714,1754.92837142857,1983.51811428572,2314.20385714286,1581.34303571429,1948.72469285714,2039.02185714286,1486.93865,2153.95742857143,2059.86958571429,2115.32522142857,1926.69281428571,1934.82174285714,1964.09424285714,2012.70274285714,1337.98722142857,1609.59619285714,1766.12777142857,2171.59683571429,1993.73797857143,1616.0599,2043.86856428571,1871.29702857143,1939.00589285714,1996.6502,1633.61362857143,1787.35087142857,2074.92711428571,2306.90713571429,2084.51885,1472.60719285714,1796.89621428571,2187.17217857143,1771.68768571429,1846.34025,1809.27342142857,2113.35117857143,1773.4115,1498.11786214286,1734.49573571429,1585.13842142857,1999.19807857143,1429.79464642857,2252.27440714286,1887.49815714286,1505.43003571429,1867.61365,2243.01192857143,2166.91769285714,2031.50662857143,2001.71646428571,1815.60858571429,2070.27562142857,1856.13033571429,1876.24591428571,1762.00077142857,1823.19672142857,1278.18326428571,1875.77202857143,1998.82868571429,1606.06242142857,1997.44397857143,1845.31255714286,1876.7941,1768.70192857143,1298.55674285714,1893.96376642857,1854.46838571429,1812.11061428571,2266.84763571429,2283.42959285714,2018.49912857143,1730.66909857143,1632.7787,1930.31107857143,1620.27342142857,1987.60942142857,1861.55865,1333.89607142857,1755.24277857143,2029.05465,2339.28664285714,1869.55182142857,2126.57499285714,1823.13482142857,2160.88714285714,2346.77774285714,1858.61212714286,1456.61262142857,2446.7843,2971.87641428571,1903.03455,1799.66563571429,2068.45687285714,1789.42090714286,2049.50164285714,1872.19359285714,1869.4166,1847.80328571429,2238.2552,2015.92332142857,2483.77419285714,2030.949,1785.25967857143,2184.01116428571,2129.84267857143,2175.86806428572,2085.65437142857,2347.50686428571,1981.47762857143,2589.22026428571,2223.32177142857,2266.70762142857,2067.76882785714,1899.25667142857,1508.08813571429,2355.36233571429,1126.44345714286,1617.23622142857,2038.65105714286,1658.04837142857,1786.42697857143,1827.35840714286,1958.67205714286,1659.51590714286,1729.61765,2448.52982857143,2425.80917142857,1510.19810714286,1541.80631428571,1905.64221428571,1736.3674,1779.21742142857,1899.88420714286,1961.029,2165.55712142857,1812.03173571429,1649.99326428571,2223.85674928572,2118.73029571429,1870.84313571429,2164.84742857143,1785.21281928571,2032.52013571429,1722.05817214286,1804.00931428571,1458.70437142857,1676.17855,1712.36441428571,1834.56197857143,1519.1904,1863.17165714286,2054.31141428572,1961.24472857143,1731.02957857143,1975.72150714286,2162.96303571429,2110.85775714286,1976.7604,1737.68278571429,1349.41047142857,1706.71045571429,1583.74457,1595.00533357143,1846.065905,1568.18621285714,1894.74043357143,1626.25705928571,2292.17595,1883.32666142857,2136.85718571429,2214.42446428571,2250.67225,1839.70390714286,1780.90519285714,2156.29892142857,1860.28501428571,2372.40663571429,2104.44387857143,1482.71295,2556.33395714286,2000.16294285714,2100.15177142857,2041.398,1490.93710714286,1883.42647857143,1990.89341428571,2054.54475714286,2217.61037857143,2536.5289,1261.43553571429,2479.05072142857,1684.67692142857,2402.63422142857,2049.00744285714,1640.34421428572,1741.11502142857,2226.13692142857,1582.00597142857,1782.75167857143,1734.06808214286,2306.00252857143,1330.11438571429,2355.35725,2088.17299285714,1825.83757857143,1922.43197142857,2007.90977928571,2160.81129285714,1780.75512857143,1878.50857857143,1909.08657142857,2249.68836428571,2033.56029214286,2047.44982857143,2147.36092142857,2029.42217857143,2416.48143571429,2296.61466428571,1815.93430714286,2166.08289285714,1725.60672142857,2001.74561428571,2042.15868571429,1996.25892857143,1904.53293571429,2115.06933571429,2155.97879285714,1654.68560714286,2123.22200714286,1413.37831428571,2346.84326428571,2134.09375,1863.33316428571,1814.27765785714,2064.33414285714,1908.42170714286,2214.97765714286,936.594542857143,2242.03795,1776.6987,2057.25857142857,1628.83358285714,2436.8049,2060.22572857143,1448.85545,1271.19844285714,1967.52911428571,1948.72243571429,1942.66865714286,1875.13775,1499.12102857143,1953.88015,1947.57601428571,2024.30174285714,1735.47870714286,2236.98652142857,2223.59946428571,2104.25391428571,1822.08079285714,1899.55885714286,1721.53387857143,1906.81497142857,2021.53502857143,2088.34697857143,1578.81962142857,2425.74891428571,1694.78692142857,2040.03140714286,1791.07837142857,2162.23309285714,1998.59692857143,2578.26597142857,2108.62014285714,2093.38668571429,1937.91559285714,1832.0705,1515.46505,2035.50677142857,1670.82657142857,1814.50617857143,2086.06603571429,1901.36541428571,1891.98733571429,1922.24575785714,2295.80782142857,1586.37462857143,1828.81439285714,2111.05596428571,2040.17866428571,1932.73389285714,1488.28977214286,2238.68668571429,1760.14150714286,2208.75835,1569.33516428571,1958.95337142857,2139.52268571429,1859.992855,1632.48355,1996.02864285714,1909.43740714286,1987.18965,1539.29667142857,2627.41387,2099.36775714286,1930.94045071429,1965.90005071429,2180.48856428571,1967.55194285714,2177.70787142857,2153.91722142857,1861.59046428572,1742.01651428572,1743.13935714286,2513.60640714286,1686.44732142857,2160.61172142857,2095.62107857143,1620.29254285714,1828.92896428571,2207.28397857143,2265.87562857143,1809.57137857143,2220.96382142857,2267.11525,1782.70155714286,1980.94144285714,2214.13422142857,1701.08909285714,2083.77210857143,2162.06447142857,1893.76619285714,1868.89437142857,2050.54272857143,2121.74246428571,1826.13488571429,2163.29881428571,1819.17526428571,2158.90612928571,2030.02403571429,2178.00065714286,1833.60503571429,2082.06772857143,2204.01709285714,1973.71477857143,2091.99275,1878.20696428571,1864.86779285714,1586.51781428571,1859.18184285714,1935.42340714286,2529.98969285714,1837.4588,2115.68581428571,2091.84095,1757.53222142857,2049.89865,2000.08211428571,1863.20486428571,1820.53181428571,1347.14018571429,1763.45297857143,1707.01586428571,1910.47914285714,2231.05767142857,1720.27645714286,2128.48523571429,2047.91226428572,2269.23001428571,1648.65187142857,1648.51076428571,1611.94408571429,1436.84276428572,1865.17307857143,1869.47747857143,2424.31137857143,1767.70599285714,2548.21560714286,1981.86244285714,1964.34437857143,2094.6863,2114.77070714286,1954.15262857143,1733.67374285714,1468.37632857143,1687.022,1499.41848,2140.16056428571,1457.21855714286,1616.14878571429,1833.17698571429,1968.39258571429,2713.50332857143,1863.95802142857,2301.89535714286,2313.03375714286,2353.92255,2049.87372142857,1735.40970714286,1512.46119285714,2005.25335714286,1762.70425,2055.19151428572,1740.03124285714,1823.33285,2045.20955714286,1997.19859285714,2240.47850714286,2080.58642857143,2314.8543,2131.62348571429,2510.50870714286,1873.34446428571,1912.03814285714,2010.58985,1656.94785714286,2011.45357142857,1903.28685,2039.39636428571,2087.58059285714,1947.79480714286,1657.82319285714,1628.10721428571,2275.09093571429,2221.39726428571,1955.4761,2025.58677857143,2301.382,1974.5539,2046.91564285714,1763.42236428571,1742.00463571429,1625.59791785714,1790.31075714286,1824.0075,1872.15613571429,1664.3401,1988.47580714286,1589.28667857143,2009.49817857143,1944.51333571429,2163.82452857143,1627.78945714286,2003.15742857143,2124.70238571429,1893.94734285714,2669.98624285714,1968.27508571429,2164.13438571429,2130.28647857143,1922.65408571429,1438.88766428571,2088.17476428571,1816.21759285714,1894.3972,2052.36058571429,1947.88664285714,1919.57429285714,2013.43052857143,2043.9467,1919.65345714286,1875.65889285714,1768.27851428571,1824.34307857143,1649.38159285714,2302.79512857143,1896.2521,2141.6332,1900.50697142857,2262.3072,1730.53205,1786.85082142857,1832.01630714286,1865.48762857143,2407.26147857143,1892.94868571429,2225.18807142857,2509.87805714286,2266.59657142857,1966.98063571429,1826.43130714286,2151.60075714286,2166.65621428571,2348.58046428571,1965.92067142857,1931.45702142857,1498.67457857143,2037.68695714286,1730.13667857143,1715.58239285714,1329.34682857143,1799.14912142857,1872.162,1860.98219285714,2283.22494285714,2237.94336428571,2054.91017142857,1925.81697857143,1602.76520714286,1996.54750714286,2329.23609285714,2283.625,2097.38949357143,1440.3222,1753.45461428571,1920.49556428571,1975.45555,1966.13791428571,1789.75844285714,2143.16715714286,2115.29778571429,2076.37147857143,1936.54615,1479.98915,2193.60013571429,2266.25735,2231.3465,2021.57950714286,1722.00284285714,1946.9747,1672.74040714286,2014.34633571429,1972.05684285714,2055.91007142857,2146.08585714286,2051.70907142857,1818.71550714286,1806.03895,1782.82285714286,2098.92877142857,1816.04504285714,2112.05407142857,2282.28002142857,1538.72065,1918.95003571429,1869.49884285714,1932.32416428572,1427.22074285714,1873.88963571429,1991.47711428571,2239.1997,1972.48890714286,2065.09165,2086.25802857143,1611.60162857143,1704.3214,2011.985,1665.61592142857,2193.44145714286,2049.86045714286,1997.02295,2070.16523071429,1861.49477857143,1916.97310714286,1842.557295,1901.01222857143,1664.12725,1838.29462857143,1418.56978571429,2297.8198,1599.96317857143,2087.82344285714,2385.74533571429,2136.77432142857,1760.65407857143,2186.07602857143,1976.23747857143,1982.52859285714,1503.94280714286,1858.18838571429,2212.59163571429,1858.59287071429,2386.48071428571,1750.37266428571,2094.64705714286,2073.00291428571,1897.12111428571,1958.39459285714,1641.81023571429,2020.16992,2249.23595,2204.87565,2496.66745,1982.89307142857,2257.91785714286,2045.4499,1945.63811428571,1830.97322142857,1520.36412857143,2048.86599285714,2242.11601428571,2106.635005,1772.7718,1628.50095,2235.20625,1834.26811428571,1943.96109285714,1468.93543571429,1985.97475714286,1962.31684285714,2694.35492285714,1976.73667857143,1898.43483571429,1803.44510714286,2019.95067142857,2145.42942142857,2227.60937142857,1523.33851428571,2043.91976428571,2220.37960714286,2436.41219285714,2265.26972857143,2076.24646428571,2164.84687142857,1947.24354714286,1888.53910714286,1727.90798571429,2215.28853571429,2126.85196428571,2195.75281428571,2595.80437857143,2007.86454285714,2186.22323571429,2197.92285,1988.32449285714,1969.55067142857,2537.68303571429,1808.25418571429,1883.37955714286,1973.35539285714,2040.85724285714,2201.58067857143,2040.54524285714,2072.27025428571,1554.99411428571,1925.37589285714,2490.97765714286,2484.16287857143,1867.80947142857,1739.5223,2168.1236,1974.55085714286,2080.44480714286,1707.87843571429,2141.94005714286,1904.36074285714,1545.62312142857,1228.36236428571,2046.05527857143,1792.67488571429,1642.85015,1289.32445714286,1863.91845,1855.75439214286,1861.31199285714,1822.19378571429,1815.96708142857,1567.11577142857,1301.56476428571,2301.59727142857,1758.46765714286,2720.27837142857,2111.20575714286,1940.93556428571,1644.05158571429,2046.88155714286,1961.73144285714,2009.97134285714,2025.01602142857,1588.80525,2087.58291428571,2222.77770714286,1871.42351428571,1968.25404285714,2159.44243571429,2448.92235714286,1937.6557,2049.95651428572,2113.21782142857,1776.51419285714,2083.82928571429,2468.96003571429,2142.85056428571,2377.59817857143,1748.77252428571,1975.66446428571,1322.08406428571,1955.75010714286,1809.43729285714,1681.44702142857,1564.34309285714,2098.94841428572,2262.19974285714,2108.59722857143,2034.41693571429,1882.80045714286,2057.43977857143,2022.10964285714,2006.95549285714,1480.06216428571,2150.96645,1709.08943571429,1983.39737142857,1523.37897142857,1809.73774285714,1909.05876428571,1748.58907857143,2038.64977857143,2094.35038571429,1960.29349285714,1843.52224285714,1770.02599285714,1873.66381428571,1790.1679,1889.45209285714,2392.03082142857,2031.87163571429,2112.53788571429,2032.61644285714,2205.61020714286,2389.95684285714,1534.83242857143,2407.19002142857,1569.61894285714,1732.22872142857,1927.69285,2017.56895,1908.5207,2061.20795714286,1911.79551428571,2297.72313214286,1788.03291857143,2187.75005714286,1262.53702142857,1684.25680714286,1689.2705,1803.54223571429,1888.38552857143,1909.43914285714,2411.97309285714,1945.12168571429,1766.724,1548.10403571429,1986.95529285714,1844.13342142857,1573.34965,2149.28207142857,1871.41465,2398.96439285714,2023.85096428571,1522.50245,1812.08985357143,2016.15715,1882.09822857143,2017.51885,1477.41999285714,1754.87982142857,1870.23895,1917.44999285714,1560.87344285714,2118.56047142857,1965.29268571429,2213.08805714286,1871.19214285714,1843.7062,2394.73123571429,2069.20717142857,2124.48309714286,2069.44555,1701.21215,2077.78175,1749.25515714286,1889.63457142857,1844.55492857143,1769.7173,1645.82269285714,1904.44177857143,2004.04374285714,1942.70874285714,1948.92398571429,1918.85809285714,2014.12633571429,2278.33167142857,1991.78529285714,1586.80569285714,1872.79779285714,2090.49767142857,2111.33062857143,1923.61506928571,2039.66754714286,1925.72815,2109.78436428572,1984.63859285714,1969.77835,2217.68121428571,2180.44800714286,2532.70764285714,2484.67407857143,1776.34947142857,2035.63158571429,1892.28107857143,1840.28982142857,1488.55569285714,2250.71422857143,2184.17802142857,1860.97081428571,2459.70631428571,2128.83505714286,1904.98541428571,2117.40554285714,1574.25756428571,1916.16534285714,1494.93702142857,1641.15940714286,2160.50370714286,2109.92447857143,1588.34802857143,2164.51805,1813.55701428571,2257.49799285714,2040.56816428571,2566.83177857143,2247.90714357143,1672.22243571429,1736.09522857143,2462.82831428571,2162.40733785714,1874.71633642857,1892.4862,2331.11076428571,2419.62732142857,2413.9643,2060.71527142857,1628.46768571429,1824.01852857143,1809.67628428571,2059.71270714286,1827.29803571429,2026.87342857143,1974.83027857143,1896.51712142857,2288.92258571429,1896.46625,2082.67555,2444.76987142857,1328.91621428571,1777.59887857143,2042.32146428571,1950.13062142857,1656.44542857143,1987.83460714286,2186.25617857143,1726.84357142857,1669.32514285714,2095.93022857143,1711.50744285714,1764.12533571429,1882.00615,1431.13002857143,2130.54566428571,1729.86610714286,1682.68267142857,2131.61545714286,1996.9098,2137.20977142857,1715.08935714286,2067.30823571429,1847.63161428571,2540.07957142857,2121.93070714286,1996.82312142857,1865.51357857143,1941.22589285714,2170.71372857143,2203.52374285714,1724.79332142857,2429.52957857143,2160.68349285714,1810.11317142857,1690.27208571429,1994.85865,1892.63765,2846.05906428571,1754.027025,1914.36862142857,2082.35847857143,2136.23676428572,1896.51150714286,2091.27872857143,1866.20757142857,1885.84801428571,2353.64658571429,2098.88364285714,2253.60112857143,2289.66604285714,1714.66802857143,1835.92545714286,1721.74673571429,1994.21245714286,1540.01537142857,1523.69476428571,1861.26167857143,1771.65043571429,1878.36539285714,2026.07797857143,2385.05964285714,2129.32849285714,1676.95164285714,1957.25562142857,2006.75387857143,2278.59973571429,1877.50968571429,2416.16952857143,2008.00175,2142.4511,1877.6835,1684.81274285714,1834.42153571429,1670.86258571429,2043.15207857143,2013.00951428571,2070.38917142857,2143.60822142857,2553.2118,2055.3113,2212.00485,2486.04453571429,1740.61759285714,1801.11214285714,2279.86352857143,1906.45502857143,2128.23763285714,2257.96417142857,1386.23391428571,1984.88432142857,2278.50632857143,1986.81746428571,1775.71891428571,2309.27946428571,2059.78882857143,2156.08563785714,1895.440315,2148.73307857143,1469.98485,1715.13607142857,2035.38049285714,2317.7468,1787.02551428571,1721.38307857143,2326.22964285714,2061.95523571429,2578.09309285714,2314.32012142857,1838.62946428571,1913.50213571429,2019.69057142857,2034.85995,1473.24987142857,2197.15567142857,2604.77413642857,1806.86503571429,1863.27818571429,1956.85007857143,1922.3096,1854.40431428571,2075.10157857143,2423.61342857143,2285.28758571429,1820.12848571429,2250.14206428571,2052.97634285714,2009.33532142857,1805.51098571429,1964.36312142857,1623.87792928571,2423.95822857143,1714.8808,1959.17105,1929.91285714286,2062.50103571429,1806.94264285714,2579.83306428571,1592.44762142857,1778.94350714286,2077.26422857143,1968.67852857143,1868.29381428571,1727.30521428571,2346.79972071429,2167.75075714286,2109.51032142857,1778.68922857143,2284.00847857143,1993.90035,1078.91735,1872.33278571429,1536.88725714286,2003.73806214286,2044.23117142857,1798.5063,1694.58456428571,1595.99815,1908.93715,2192.9257,1774.13280714286,2024.84450714286,2154.97532142857,2205.81402142857,2051.41982142857,2078.60422142857,1558.72991428572,2117.35609285714,1691.65712857143,2267.20123571429,1485.44107142857,1660.0553,1894.2952,1962.00838571429,2371.71697857143,2546.96556428571,1871.08280714286,1175.30002857143,1812.15747857143,1626.2005,1704.74422857143,1921.87312142857,1823.43480714286,2038.15423571429,2124.19914285714,1989.85302142857,1796.18577857143,2071.21316428571,1774.97343571429,1697.08939285714,1477.11188571429,2374.71102857143,2164.95272857143,2104.69817142857,1822.63611428571,2629.01889285714,2231.23983571429,1810.40242857143,1806.51951428571,1469.9491,2289.80828571429,1675.30552142857,1627.79040714286,2311.01895,2328.58272142857,2240.84042142857,1950.47447142857,2520.21954285714,1664.3728,2277.56297214286,1790.0206,2090.70044285714,1478.39217142857,1795.56468571429,1972.81532857143,2210.26739285714,2271.08118571429,1889.44460714286,2042.28327642857,2005.34010714286,1978.92202142857,1884.57307857143,2091.366835,1795.90946428571,2070.7373,1698.06333571429,1803.83187492857,1735.96394635714,2328.07305,1897.25412857143,1749.01797857143,1967.43704285714,2130.72610714286,1898.33693571429,2112.55094285714,2146.28521428572,1773.57198571429,2417.89338571429,2008.43239285714,1789.43879285714,1787.05732857143,1957.61112142857,1948.06792142857,2107.28183571429,2182.54553571429,1998.17947857143,1974.23285714286,1595.99082857143,1565.1707,2086.98343571429,1693.86321428571,1714.77090714286,1695.28435,2297.48872857143,2113.87052142857,1645.09603571429,1768.66984285714,1626.21502857143,1661.54629285714,1780.91701428571,2109.74769285714,1859.97848571429,1462.62258571429,1520.07362142857,1825.35623571429,2095.5301,1633.16116428571,2467.9763,1962.88326428571,1925.06013571429,1650.47067142857,2225.18998571429,2277.21061428571,2185.00325,2170.23442857143,2168.27585714286,1883.82410714286,1540.36193642857,2409.75617142857,1675.764,1961.50332857143,2085.65004285714,2396.77582214286,2125.29628571429,1984.41649285714,1854.84401428571,1909.47520714286,1790.43954285714,1829.33788571429,2115.59667857143,2079.25477142857,2014.00559285714,1974.09523571429,2086.13390714286,1603.42136428571,1778.64629285714,1723.01945,1979.09910714286,2094.23490714286,1896.72975714286,1924.50202142857,2205.23310714286,1618.48751428571,1975.09017857143,1904.10733571429,2249.70820714286,2128.71018571429,2268.75074071429,1350.09281857143,1695.40884285714,1866.94295714286,2196.16299285714,2345.75364285714,1862.61376428571,2254.87086428571,1682.54574285714,2056.87777142857,2163.39893571429,2125.60155,1431.24495,1906.60162857143,1973.30954285714,2042.28247857143,1917.96135,1949.25474285714,2002.9577,1721.97470714286,1592.98609285714,2047.51992857143,1555.43373571429,1726.17515714286,2267.56520142857,2225.16159285714,2057.51432857143,1965.36164285714,1754.39468571429,2048.20855714286,2066.81435714286,1846.56367142857,1571.43303214286,1587.11359285714,1653.27692857143,1838.98122428572,1883.26292142857,1923.23782142857,1748.36505714286,1767.99951428571,1911.54346428571,1866.51973571429,1732.36365714286,1736.86185714286,1794.81015714286,2169.65662857143,1667.67673571429,1667.26541428571,1820.18787857143,1727.21612857143,1980.64752857143,1985.03785,2106.30526428571,1543.82407571429,1559.24015571429,2496.25322142857,1789.15126428571,1842.04293571429,1858.14837142857,1763.22284142857,1914.82715428572,1834.35889285714,2072.57727857143,2091.19224285714,2254.99982857143,1734.15575,2181.50466428571,2017.12044285714,1949.41032857143,1892.39027142857,1879.64188571429,1842.76942857143,2091.07635714286,1974.32774428572,1630.88913571429,1687.22412142857,1939.79631428571,2164.26767857143,2160.62065,2103.9305,1731.91140714286,2047.03601428571,2219.84576785714,1613.31012142857,1640.90019071429,1969.17580571429,2058.59197857143,1705.57962142857,1841.62263571429,1861.52905714286,2211.12412142857,2018.22211428571,2134.55873571429,1736.14609285714,2121.61012142857,2623.42256428571,1885.97936428572,1728.73972142857,2009.93527142857,1706.97245714286,1946.38915714286,1593.01550714286,1851.78092142857,2179.6482,2282.80041428571,1855.96002142857,2485.35955,1859.3922,1941.11927142857,2015.30435,2323.42149285714,1975.44530714286,1718.96164714286,2077.38147142857,1900.38100714286,2428.10945714286,1607.70947142857,2203.7775,1849.59682857143,2227.63187142857,2280.08987142857,2190.59218571429,1616.05659285714,1983.74216428571,2071.89651428571,1747.21690714286,2516.72357857143,2006.85130714286,2284.65676428571,1237.08801428571,2325.81167142857,2184.0729,1797.14794285714,2107.48385714286,1937.66994285714,1505.474,1817.93470714286,1863.29355714286,1891.52292857143,2086.22611428571,2007.78486428571,1782.68228571429,1481.18687142857,2031.41772857143,1820.33648571429,2142.13422857143,1618.88876428571,1949.27584285714,2244.30822142857,2123.11627857143,1671.558,1997.98699285714,1940.39319285714,1697.32084285714,2302.2285,1932.03715214286,1875.93641428571,1708.20987857143,1936.58882857143,1958.65714285714,1906.69454285714,1851.98206428571,2058.76563571429,1975.03292857143,1818.10291428571,1862.43902142857,1792.47222857143,2034.85985714286,1438.33526571429,1520.25525,1869.58575714286,1948.88185142857,1682.52836428571,1940.18632857143,1808.27400714286,2374.7275,1993.95695714286,1511.75605,2086.23152857143,1915.64075,1985.74655714286,1818.47242142857,2200.01015714286,2587.91822857143,1864.21798571429,2060.43927857143,1831.32479285714,2209.6582,1437.98047142857,2642.76934285714,2010.55761428571,1324.46575714286,2200.3206,1934.14071428571,2157.88992857143,2076.09362857143,1939.98202857143,2275.09574742857,2160.21781428571,2413.99345714286,1854.9252,2294.88843571429,2058.04511428571,1616.36169285714,1859.58435,2120.0353,1934.07993571429,2013.31538571429,1996.1725,1578.93172142857,1955.23381428571,2005.42645714286,1810.5205,2508.20563571429,2197.52452142857,1981.16792857143,2310.86290714286,1146.54202857143,1883.44933571429,1752.17496428571,1957.204605,1593.03357857143,1950.27104285714,1857.7725,2043.7724,1799.93612857143,1959.72582785714,2031.17007857143,1716.21995,2141.06648571429,1981.59773571429,1743.13116428571,2654.33651428571,1811.46309285714,1511.34753571429,2008.22580714286,1922.88693571429,1897.94112857143,1842.58917142857,2099.22479285714,2039.24264285714,1733.59040714286,1830.11876428571,2595.80743571429,1809.77643571429,2187.53926428571,1947.2171,1937.31386428572,1502.98697142857,1610.42206428572,1869.52973571429,1850.58413571429,1690.09999285714,2005.96217142857,1928.4456,1686.00647142857,2060.52690714286,1945.16426428571,1946.01314285714,1790.54385714286,1699.24239285714,1690.84345,1746.06229285714,1574.44427857143,2143.47601428571,2322.73272142857,2345.79848571429,2218.177,1666.03807142857,1879.26112857143,1508.34590714286,1578.68653571429,2166.22424285714,1817.12812142857,2076.04550714286,1402.83233928571,1901.66769285714,2075.27515714286,1797.66997857143,1884.56742142857,1947.85196428571,2009.30716,1948.45492142857,1841.34724285714,1649.91217142857,2053.19075714286,2263.84596428571,1758.19311428571,1645.87991428571,1549.41120714286,1716.43927142857,2113.56166428571,1740.96199285714,2192.56292857143,2088.34208571429,2157.72838571429,1782.75721428571,2049.29954285714,1461.68631428571,1880.13604285714,1461.4502,1808.25337142857,2437.48577857143,1666.64045714286,1283.64860714286,1983.54954285714,2020.4273,2223.82508571429,2039.4708,2028.72076428571,2312.35248571429,1759.32958,1815.69472857143,2260.01521428572,1720.60583571429,1319.41818571429,1980.31157142857,2320.58122857143,1721.92770714286,2103.69372857143,1789.45142857143,1779.07327142857,1639.1804,1725.73994285714,1751.86807142857,1729.37772857143,2055.55461428571,1928.40440714286,1837.77978928571,2153.4068,1847.75422142857,2206.66093571429,1953.35385714286,1813.33819285714,2230.11997857143,2605.55978571429,2145.81784285714,1896.04082142857,1818.75007142857,1979.80100714286,1714.44156428571,1786.8473,1815.49838571429,1683.43602142857,2221.6617,1771.263,1963.81631428571,1408.77839285714,1489.21342857143,2200.19406428571,2024.857585,1640.55337857143,1816.70643571429,1930.90219285714,2131.96325714286,1922.64157142857,1924.91874285714,1923.78058571429,2214.89150714286,1982.3944,2251.60852857143,2008.83677142857,1683.27789285714,2027.97836428571,2071.77591428571,2015.94137142857,2185.14974285714,2145.21339285714,1946.88742857143,1960.47198571429,2089.50506428571,1630.03055,2007.89717142857,1492.2541,1825.46690714286,1631.24375714286,1318.17408571429,2015.74361428572,1856.89537142857,1818.29259642857,2162.31562857143,1860.73871428571,1921.91605714286,1805.05206428571,2355.01504285714,1847.66650714286,2020.38863571429,1343.60000285714,1499.60113571429,2482.77929285714,1626.28515785714,1880.9784,2532.65661428571,1936.42732142857,2092.24560714286,2094.90547857143,1783.34820714286,2114.41072142857,2018.62953571429,2069.31328571429,1585.23862142857,2076.50132857143,1933.10518571429,1985.16836428572,1844.68357857143,1926.77442857143,1752.11369857143,1747.81847714286,2008.15472857143,1796.34862857143,1715.24563571429,1704.43117142857,2054.84397142857,1781.15367857143,2158.89357142857,2223.73142214286,1651.20751428571,2276.32573571429,1852.85665,1868.12414285714,1816.55441428571,1868.76694285714,1954.38570714286,1726.39772857143,1786.14652142857,2084.47172857143,1907.56896428571,1919.92721214286,1874.01057142857,1730.00847857143,1860.64863571429,2200.864,1707.51415714286,1995.155485,2086.32472785714,1976.53349285714,2449.43289285714,1755.81410714286,1673.15131428571,1649.31265714286,2295.72615,1643.00208571429,1951.53111428571,1800.83962142857,2160.31505714286,2021.89581428571,2152.410955,1639.56965571429,1626.6529,1790.975,2215.21475,1823.05484285714,1842.68352142857,2128.56397142857,2155.60483571429,1889.54414285714,1937.91880714286,1815.26800714286,2326.29767857143,2073.10164285714,1935.19893571429,1876.65149285714,1691.33279285714,1696.71652857143,1856.10075,1674.17707857143,1966.01264285714,2053.89735714286,1959.95970714286,1799.07462857143,1789.10631428571,1567.37696214286,2123.84545714286,1874.70227142857,1642.28332142857,2204.16770714286,2225.03879142857,2058.89694285714,2437.82429285714,1591.89206357143,1994.96960714286,2442.22973571429,2202.79529285714,1922.71680714286,1862.46601428571,2228.81056142857,1813.34073571429,2101.52759285714,1487.93275214286,1768.25389285714,2116.92899285714,2159.71696428571,2084.2419,2069.98312857143,2133.25649285714,1951.1437,2183.76794285714,1801.24727142857,1788.87304285714,1880.40878571429,1746.89662857143,1846.74657857143,2200.59304285714,1686.54249285714,1697.20663571429,1852.71456428571,1808.160495,2177.32219285714,1961.80892857143,1352.10836428571,1497.68702142857,2347.20051857143,2252.67907357143,1983.22410857143,1768.15403571429,1447.65267142857,1780.26467857143,1660.97022857143,2111.18963571429,1666.54655,1844.26440714286,2369.53387857143,1525.00092857143,2103.22472142857,1962.45342142857,1753.92988571429,1802.2927,1964.64906428572,1954.6804,1605.55679071429,1656.21291928571,1672.55623571429,2049.75894285714,1550.94416428571,2037.71797142857,2012.78606428571,1818.19205714286,2137.94081428571,1409.82380714286,2270.84837857143,1959.15353571429,1846.02647857143,1849.22629285714,1779.36940714286,1356.19209285714,1916.71348571429,1869.97927857143,2057.9232,2056.85646428572,1718.84145,1959.53637142857,2084.71192142857,1842.43912785714,1687.77517142857,2218.17084285714,1994.14965714286,1987.00988571429,1770.15692857143,2066.41907142857
44.8163265306122,2200.30854387755,2241.65635816327,1966.69328979592,2534.16459795918,2229.39425612245,2577.11433469388,2090.21959081633,1835.9392755102,1924.65765510204,2100.15654285714,2229.36696836735,1970.63627959184,2157.54688418367,1997.40580489796,2239.37965489796,2079.42704938776,1875.28903469388,2176.22310612245,1694.44544693878,2445.63327142857,2146.74829285714,2293.00214489796,2017.83620408163,2240.7642244898,2617.20785816327,2461.96052346939,2185.48358571429,1624.84933571429,2033.92817581633,2153.31176326531,1051.86015265306,1887.06399897959,2195.4433255102,2145.59756530612,2023.91616326531,2200.99190204082,2464.77093367347,2405.48408387755,2095.78582346939,2249.75671530612,1942.87482040816,1661.23690204082,1946.77142302041,2208.27551428571,1875.17696632653,2228.11285612245,1868.06290612245,2537.60052653061,2046.53130142857,1696.66469081633,1808.78628642857,2489.98346020408,2093.3319255102,2136.39480918367,2122.11720714286,1728.25776020408,2228.01775510204,1844.41668979592,1946.44015204082,1972.04478367347,2261.55179285714,2090.1892622449,2281.74302142857,1751.5809122449,1951.87766530612,2227.20023571429,1876.85043265306,1822.13099183673,1791.26618571429,1893.82886020408,1554.47940510204,1886.14536938775,1859.68829183673,1861.32893877551,1986.94139081633,1612.12709387755,2064.12663877551,1650.93801938776,2280.33877346939,1933.35746326531,1983.34971122449,1806.00626938776,2052.18520102041,1865.20735612245,2205.43011734694,2355.96149795918,1937.60447755102,1608.43540714286,1503.69641408163,2551.73692142857,1639.85078428571,2030.25834857143,1821.41806307143,1927.27369081633,2183.2464622449,2034.88574204082,2040.31379591837,1920.71243469388,2001.43526734694,1893.94424693878,2118.68470204082,2103.05691428571,1898.99082346939,1958.78626836735,2084.31600567347,2417.61691122449,1421.86145714286,1893.96030714286,2017.27547755102,2309.52862857143,2126.80768877551,2121.4220622449,2098.31654693878,1522.39515510204,1804.48745632653,2415.9774,2064.83140204082,2082.17088469388,2210.68475204082,2315.90152653061,2121.9804377551,1991.24140102041,2052.65089183673,1859.03842857143,2591.36603071429,1947.96421632653,1764.90058265306,2122.69091326531,2437.67097040816,2378.4315255102,1997.39677755102,2201.25188979592,1600.04699897959,1837.19420806122,2093.9088172449,1831.92849081633,2181.45194795918,2548.04107653061,1982.12455204082,2323.32959795918,1530.1618255102,1849.44823979592,1953.33769489796,2113.14465204082,2232.31628163265,2280.90060612245,1853.22144285714,1885.5013744898,1921.70631020408,1895.42773877551,2247.1333622449,2262.18332755102,1463.04680612245,1840.5209377551,1649.72256530612,2020.42394387755,1984.19439489796,2228.65003571429,2081.07044061224,1846.33749571429,1943.96460632653,2109.19486530612,1682.62241530612,2138.18841020408,1979.6499755102,1793.34171530612,1886.29861836735,2002.07823673469,1977.71974489796,2267.37271689796,2230.90192244898,2149.81398673469,2055.73313469388,1640.90312857143,2139.76303469388,2111.12808469388,1769.62286326531,2210.64135714286,1949.95965510204,1843.43412438776,2027.62119887755,1818.36449285714,1956.95369795918,2218.63676020408,2266.67276020408,2264.64763469388,1831.69486428571,2387.13725408163,1781.7881255102,1868.42225816327,1773.58094285714,1964.96672040816,2000.27321591837,2495.9583244898,1690.89846428571,2269.01908877551,2082.93531632653,2265.35644897959,2272.57979489796,2061.5508755102,2631.51363020408,1675.32911836735,2134.23517959184,2065.75208367347,1778.85214489796,2167.29820408163,2213.3135877551,1796.00588163265,1747.17337142857,2215.36573367347,2016.63245204082,1851.65410612245,2169.83419591837,2033.64018673469,2222.85466489796,2289.4607,1801.67904285714,2260.29094183673,2112.1857744898,2122.78247244898,1600.46642061224,2271.04348877551,2246.38611020408,1576.75081836735,1652.94506122449,1726.33867959184,1790.15616122449,2058.93284693878,1814.2501122449,2039.65239081633,1989.13241938776,2251.51648979592,2140.32875918367,2259.52999489796,1851.7857377551,1933.34090918367,1974.96534285714,2104.01530306122,1260.11038265306,2342.22863163265,1730.38451326531,2039.49666836735,1452.05862040816,2191.46913571429,2047.80427561225,1768.70332959184,2140.43846938776,2236.80092653061,1942.78814795918,2189.6701227551,2286.18380540816,2302.76924285714,2210.03399591837,2356.15788469388,1908.26829459184,2323.54701020408,2183.03488571429,2607.42376836735,1764.41708061224,1826.09599387755,2225.30176122449,2334.0826244898,2249.24263469388,2208.71168163265,2169.10796326531,1926.88795306122,2177.33483469388,2124.70254081633,1975.78696122449,2018.20843857143,2136.6645372449,2135.48731734694,2083.99144183673,1770.95762040816,1740.78756020408,1649.16407346939,2426.54643163265,1971.41036020408,2211.27056530612,2281.39110714286,2002.47305714286,2379.74598673469,2550.53678673469,1615.52771153061,2182.88412857143,2297.14848673469,2167.11103265306,2064.21058806122,2162.20870204082,1841.01312346939,1976.36633469388,2149.76762040816,2001.86780204082,2088.09341836735,2632.17961326531,1763.35915,2391.19883061224,2063.92142857143,2115.81228367347,1741.15380714286,2201.4350744898,1893.64774387755,2406.48837857143,1739.02194387755,1807.4858877551,1891.06012887755,1982.64091591837,1923.2564377551,1422.7079377551,1904.7189622449,1915.72880612245,2399.60524591837,2032.25523061224,1768.86826836735,1960.12481734694,2218.27273265306,2565.4971622449,1997.19055918367,2116.07685510204,1973.39264020408,1449.49931979592,2132.3683622449,2630.95117959184,1699.98964387755,2099.49615510204,2422.14990102041,1443.37991530612,2038.07220102041,1781.74628877551,1607.79547244898,1919.2303,2431.70215714286,2446.29681734694,2022.55677959184,1808.79371428571,2047.56869285714,2095.63293061225,2043.54523061224,1856.12363846939,1413.07123673469,2086.8441755102,2195.81748571429,2323.84852959184,1585.14655816327,1756.42978163265,2029.6375622449,1981.38310714286,1540.65559285714,2194.58620816326,1812.9753994898,1772.83730918367,2004.57949897959,1669.41334387755,1857.89117244898,1949.91534795918,1501.65493979592,1561.08572142857,1986.71282836735,2106.41368877551,2150.26323163265,2189.68689061224,1847.91643877551,1806.97879591837,1761.94059285714,1947.32139183673,1991.65491122449,1628.97226918367,1409.93395,2121.74396020408,1653.91228163265,2116.07652857143,1987.79974897959,1688.13595918367,1714.78449591837,1906.50972142857,2016.44583877551,1938.37508877551,1850.62976326531,1653.51156938776,2139.30427142857,2198.65977755102,1874.82687857143,2138.27461836735,2161.60316734694,1703.46315408163,1156.91608469388,1868.93978163265,1945.65256428571,2489.15336734694,1831.02595102041,2244.4335377551,1920.87753265306,2246.97578265306,1637.73306836735,2070.43406428571,1915.7228122449,2313.10616795918,2649.46485897959,1611.02204081633,1778.78116081633,1657.47715918367,2114.88805653061,2034.85811632653,2365.38585408163,2266.93355612245,2088.9315755102,2276.55214183673,2301.43077755102,2414.44016122449,2037.7032122449,1976.45085714286,2165.21625612245,2336.20307959184,2427.37269795918,2027.72741428571,2273.58544693878,2125.66589387755,2027.26688979592,1703.72402561224,1950.65417857143,2197.06977653061,2546.93847959184,1969.87281020408,2112.28275204082,2264.51546938775,1848.86544489796,2067.94078061224,1991.0624622449,1946.98427959184,2044.79767346939,1962.79679897959,1920.50624693878,2114.96481428571,2698.94374693878,2853.46274693878,1532.83172653061,2176.17286632653,2248.87008469388,1633.15408877551,2060.24027142857,2141.98283469388,1938.17135612245,2097.282,2028.05100714286,1922.47350510204,2136.1897744898,1585.86923571429,2104.15148673469,2066.59967346939,1979.92188265306,1505.25928979592,2013.13647040816,1812.78677959184,2140.17561428571,1828.27795918367,1838.63088673469,1674.32465918367,1859.66686530612,1940.59908673469,2439.96464693878,2348.75089795918,1555.09513265306,2564.88158163265,2312.25053469388,2430.93974081633,1872.75421959184,1829.39258285714,2238.96609795918,2283.80076836735,2051.98528367347,1801.33155714286,1730.90866357143,2117.78080816327,1909.03685102041,2178.14982755102,1846.32632857143,2104.37069489796,1761.65793469388,1962.93859387755,2536.03161530612,2426.06736734694,2204.05226530612,2465.3067744898,2124.94081836735,2310.76056438776,1276.5083122449,2309.42708265306,1981.47425204082,2407.36498265306,2204.89329591837,2235.44831632653,1499.88798367347,1998.71899489796,1683.28929897959,1979.57109795918,1865.44343918367,2165.86242755102,2262.71188265306,2169.09908673469,1830.3516755102,1635.1742755102,1877.82203673469,2350.35635714286,1990.52333673469,1926.81715714286,2271.23327040816,1779.54833571429,1972.36035510204,1825.84948061224,1565.21947040816,1705.28902755102,1957.3881255102,1872.50919591837,2067.94323877551,1878.84957040816,1882.54251428571,1661.03234489796,2290.91273061225,2434.96875408163,2018.74664081633,2326.09657142857,1819.94885714286,1991.00118367347,2022.57400306122,1457.1297827551,2436.76513979592,2099.9526755102,2001.96702755102,1653.01139897959,1948.64869285714,2052.82910714286,2154.13712346939,2154.93414387755,2208.98401020408,1592.10905918367,2126.91078673469,1709.46652040816,1494.43736632653,1967.24939897959,2057.5077877551,2020.38815,1859.58208673469,1849.34638979592,1989.40854387755,1967.81467755102,2154.54236938776,2178.80074897959,2275.04520459184,1683.43441938776,1973.23916744898,1868.79865204082,1737.74456326531,1343.69983979592,1258.49751836735,1821.57387040816,2647.34712653061,1542.85194183673,1803.56341326531,1732.41186397959,2063.31465612245,1905.08397244898,2356.85252346939,1320.66603928571,1945.25820918367,1892.05172857143,1953.60194081633,1931.39965408163,1799.06830408163,2156.64114285714,2061.94638163265,2115.83430408163,1781.42625816327,2066.28508469388,2241.62980510204,1917.78014795918,2166.23028367347,1556.82915306122,2390.87447653061,2133.62936530612,1897.81327142857,1758.46249285714,1851.94284285714,2212.28184387755,1934.08606326531,1929.45552040816,2383.37230714286,2170.70382244898,1499.7760877551,2252.85637040816,1914.75090918367,1869.13712346939,1934.21058367347,1987.22690408163,2088.83855959184,2078.16164387755,1534.67178469388,2184.93977959184,2396.61792653061,2089.53316938775,1740.4013122449,2131.05908061224,1737.74854693878,1921.43251632653,1856.77471010204,2131.51711020408,2452.142815,1900.10445816327,1901.24890510204,2262.71856938776,1730.04341836735,2078.71826836735,1832.47839397959,1988.77910102041,1955.46020163265,1881.21592653061,2241.5293255102,2233.40352346939,2526.47297653061,2210.99959387755,1695.68905877551,2007.24418061224,1948.23882346939,1970.60528673469,2176.41133979592,1592.56780816327,1622.20877755102,1833.70845816327,2196.8862755102,2149.29048061225,1729.75995816327,2163.27250204082,1990.15744081633,1975.11975204082,1902.05890102041,1693.24761836735,1949.15170612245,1726.99708163265,1438.8341755102,2020.61454183673,2130.01296428571,1968.49109489796,1752.3039122449,2018.61273877551,1636.8600255102,1917.73262653061,1965.56447142857,1436.97400510204,1919.00554183673,1823.96005897959,2185.74649183674,2320.70935204082,1735.24225510204,2062.21927755102,1817.01989795918,2163.19925918367,1539.51546530612,1909.32018265306,2079.08750408163,2054.48088367347,2201.73976836735,2371.62354897959,2104.5750622449,2313.04165785714,2599.52736265306,1932.40905306122,1960.5616822449,2270.30050816327,1949.15225408163,2728.54596632653,2661.1426,1799.28480714286,2116.69856428571,2476.06971428571,2139.57373877551,1948.99640306122,2282.05130204082,2325.54949387755,1864.34330510204,1791.92888571429,1981.97354591837,1793.26530816327,1617.75712857143,2129.97239489796,2119.73120306122,1554.93064285714,1715.50837755102,1852.87188571429,1970.36764081633,1467.42051734694,2327.40118469388,2011.74474285714,2444.96305806122,2093.91317653061,1775.87278979592,2120.1686044898,1752.68535612245,2250.69430306122,2168.26354897959,2100.59657020408,1961.72755,1897.75190612245,1547.51598877551,2518.95835816327,1970.45324897959,2035.62648673469,2422.56180306122,2493.98948877551,1717.00921938776,1782.90017244898,1841.87611326531,2129.43286020408,2224.00158265306,2211.8125244898,1634.59904387755,2196.07514387755,1925.70289387755,1826.23725081633,2193.72791938775,2185.39033469388,1808.79153163265,2029.04253469388,1682.42373132653,2379.0927622449,2466.87280714286,2422.59597755102,1800.10588857143,1990.81902959184,2366.30906510204,1742.5656955102,1984.62618061224,2024.84541326531,2117.30581836735,1635.97415204082,1960.55289183673,2128.92886326531,2137.67729183673,2392.69575102041,2313.24235408163,1587.09433367347,1945.04104795918,1981.3493577551,2050.85167040816,1970.78449183673,2050.11599285714,2664.27563979592,2185.50727244898,1893.05441122449,2009.96393673469,1870.67673571429,1566.77330510204,2150.03213265306,2113.16226938775,1984.93379387755,2247.13852571429,1942.46536673469,1952.3602255102,2758.10844285714,2447.95760612245,1921.45763673469,2085.93577785714,2037.00643367347,1824.9807844898,1941.77971020408,1648.82854285714,1998.57341020408,1461.21360408163,2047.63218061224,1632.61592959184,1738.88970510204,1754.89597959184,1940.2610572449,2245.78799285714,2372.36718265306,1941.64132622449,1957.03867755102,2243.49553571429,2065.63613265306,1900.79949285714,2090.87187142857,2021.72625204082,1762.42593877551,2143.89404897959,2386.67581734694,1813.98090204082,2255.39672755102,2026.71643591837,1673.43868469388,2204.38475408163,2040.1152755102,1849.10446020408,1384.54976510204,1909.46754081633,1985.62944693878,2068.71141346939,1548.09857346939,2079.18078877551,2477.56178163265,1643.07020918367,1850.36649591837,2085.78189285714,2032.76665102041,1826.64588571429,2745.84407040816,2006.94684285714,2010.6487,1445.92336428571,1797.13497755102,2123.21010510204,1797.96893571429,2056.34339081633,2002.14424489796,2168.21666530612,1793.4895377551,1774.5238755102,2160.65850612245,2175.28073877551,1865.19568265306,2095.07655612245,1968.42423204082,1872.98685102041,2053.87324387755,1880.07209387755,2157.76877408163,1833.68756826531,2104.78574173469,1269.24697755102,1986.1655355102,2300.64703469388,2523.48372040816,1609.48891326531,2148.74984795918,2453.59420918367,1758.46988367347,1655.25615408163,1726.52998326531,2081.33864081633,1681.54774591837,2150.85665408163,1745.69332857143,1976.26206326531,1977.2283,1850.54495816327,2061.48106938776,1800.73468653061,2308.51248408163,1896.23445102041,1712.82205918367,1950.4777255102,1993.95564183673,2001.12804183673,1919.48365714286,1623.92795408163,2114.56171530612,2176.7919755102,1458.35921734694,2073.02175408163,2119.82732142857,1648.19166734694,2022.43403979592,1742.81257040816,1886.26763785714,1707.29767244898,2033.01724489796,2246.06376938776,2016.04424285714,2195.42363877551,2101.50458163265,1605.33554591837,2185.11127142857,2620.40669387755,1878.80133489796,2005.3289122449,1941.45938571429,1952.80855306122,2023.95584795918,1842.67146734694,1502.16981836735,1954.67170306122,2238.72026734694,2070.22683979592,1988.05386734694,2028.93494387755,1947.06153877551,2115.42561734694,1972.62953979592,2178.26094081633,1797.48220612245,2018.82780918367,2004.39710408163,1657.16379081633,1506.90004693878,1982.09017183673,1371.87795755102,2004.21493469388,1536.89195612245,1719.00925204082,2279.20230591837,2066.94079183673,2278.16930306122,2021.16608571429,1427.92281938776,2470.99313061224,2037.47478387755,2177.55390714286,2441.61060918367,2034.84430204082,1997.36021836735,2662.60527959184,2109.5898877551,2162.7887877551,1816.86582142857,1778.31901938776,1872.99310306122,2040.11494387755,1760.85158265306,2206.78766530612,1927.34171020408,1838.61642346939,1994.04693673469,2049.79170102041,2267.97565102041,1734.48823979592,1991.07696122449,1968.31131122449,1677.66783265306,1776.88557142857,1795.15654693878,1853.83302755102,2326.38823061224,1861.00433571429,1796.91896122449,2471.82047959184,1623.2087744898,2082.33480510204,1630.3624122449,2064.56336020408,1927.06974183673,2319.50230306122,1811.75646020408,2229.47961020408,1894.1538244898,1710.70135306122,1550.21177857143,2345.03040102041,2347.31144306122,2006.79746734694,1752.60982857143,2020.66411122449,1918.67506428571,2251.80641122449,2095.30761938776,2250.22625612245,2112.32439489796,1611.9147744898,1581.77380612245,2102.43148163265,2252.19806632653,2116.59429183673,1757.02171836735,2051.00781020408,1912.54057163265,2044.74384571429,1884.8907377551,1769.88987857143,2215.15657857143,2345.77067959184,2074.60792346939,1970.25884183673,1881.77924489796,1699.8548877551,2074.60531020408,2294.75821326531,1967.7474877551,2281.73375408163,1794.49143897959,1692.83956836735,1979.78498244898,1947.20866428571,2025.14497959184,1367.98059795918,1903.04680306122,1923.31293571429,2548.7518744898,2123.21997040816,2203.10226122449,1839.60844081633,2354.16290306122,2107.91569591837,1968.97936428571,1368.51890408163,1393.95409795918,2207.55516836735,2121.65546673469,2519.34068612245,1914.67808979592,1967.1953,1998.91386428571,2241.18811632653,2236.20187755102,1921.35643163265,1778.12327142857,2242.91156632653,2049.29046734694,2551.83018673469,2059.70361632653,1868.33876122449,1792.0775,1911.28139387755,1820.84858673469,1456.52831428571,1831.50397959184,1772.17208061224,2378.66554897959,2253.58605918367,1653.54312520408,1800.31757959184,2147.82406326531,1996.20876632653,2414.41999387755,2063.43817244898,2153.46969183673,2273.1336622449,1562.71592857143,2373.09388265306,2131.3726755102,1987.46761122449,1946.70392346939,2038.03015510204,1742.66599795918,1910.42485612245,1590.45205612245,1985.67006938776,2159.92854,1784.96892163265,1991.84315306122,2030.75475510204,1938.73242142857,1788.99995153061,1939.99714387755,2132.93883265306,2660.18828734694,2198.32004387755,1978.20290918367,1999.71490408163,2119.446585,2226.69834591837,2125.64853469388,1828.03338877551,1608.14381530612,2128.91982857143,1999.52603979592,2123.37222959184,2053.18554183673,2021.64052040816,1961.3474455102,2628.32946020408,2407.32100510204,2036.99518673469,1483.16641020408,1426.55034591837,2000.33130408163,1674.47472755102,2129.08711122449,2264.34785714286,2246.82302040816,1938.59832244898,1944.4524377551,1980.3331622449,1707.36016428571,2688.18008367347,1854.33261836735,2398.55009285714,2337.30040102041,1854.70059438776,1793.40157,1866.17255714286,2072.75578571429,2032.36526734694,1563.07082346939,1838.61165,1639.55841326531,2353.90414183674,2301.61195102041,2068.2768877551,1857.34157755102,1971.23887142857,2046.06837346939,2297.63331836735,2167.18559836735,2522.45848979592,2240.64531428571,1631.64855408163,2216.97978469388,1815.77749591837,2755.16277653061,1822.5752822449,1791.62899642857,2135.75834285714,1769.77788979592,1449.76586632653,1500.59672653061,2109.22909591837,2183.14279591837,1991.58662704082,2199.48975306122,2265.48986428571,1968.63765510204,1663.89089387755,2553.86217346939,1958.16194081633,1748.22407122449,1935.02291734694,1531.76760408163,1596.94574897959,2184.10794081633,2394.94022346939,2602.8589755102,2575.78185959184,2197.54255204082,2044.60683061224,2121.39407040816,2061.24892591837,2132.35159795918,1944.00966632653,1455.75791122449,1705.43988061224,1550.96433571429,2035.8272755102,1272.63553571429,2168.29591122449,1893.24105612245,2174.54212959184,1707.49429183673,2099.83715102041,1733.52923673469,2035.28856020408,1897.01166112245,2272.81685612245,2055.1837377551,2226.18531122449,2297.06078367347,2398.7063622449,1718.98155,2180.2554,2129.70449010204,1869.99760102041,2196.20301632653,2343.50473418367,1790.51061836735,2243.1033744898,1979.01124897959,2334.35465918367,1943.82355367347,1770.1228377551,1924.81198571429,2060.28876102041,1978.75548673469,1670.62950306122,1749.64387142857,1999.76563265306,1716.37003877551,2078.83020918367,2088.31629795918,1784.40517346939,2193.97729897959,2057.92249591837,2083.92557346939,1582.43860816327,1796.93569897959,1767.75218061224,1826.25359693878,2290.07230612245,1915.00506530612,2236.50894897959,2274.75767142857,1693.68623367347,1980.56857653061,2033.64311836735,2326.43489285714,2437.50986938776,1672.37989979592,1932.55814489796,1997.14795816327,2013.21688673469,2261.99621938775,2151.56446326531,1877.10479418367,2733.52812755102,2043.23236020408,2113.63339591837,1736.44556122449,2345.49165408163,1434.17119591837,2233.16429081633,2063.10937959184,2351.29051530612,2189.33651734694,2370.09266428571,2200.69907040816,1946.0024744898,2097.07289183673,2591.10774183673,1981.78539795918,1554.58864591837,1753.86868673469,1745.19542755102,1959.82580204082,2677.91201836735,2015.53703163265,2078.50112653061,1923.15031428571,2225.91294387755,2113.58559285714,2625.89853673469,2011.20010510204,2049.63807142857,1614.09102959184,1936.0575,1911.33805408163,2577.61288673469,1988.04469693878,1782.63891122449,1406.21782857143,2053.59130102041,2049.83459387755,2103.21410306122,1762.16205,1930.62777959184,2084.51635714286,1856.15598877551,1926.71266122449,1411.30774795918,1775.17294285714,2223.43877040816,2000.28158673469,1852.70373061224,2187.99690734694,2303.48871908163,1810.68113877551,1968.48312244898,2221.52398367347,2169.32733163265,1916.3797355102,1812.85059897959,2314.64207142857,2142.57830306122,2329.58749591837,1998.13235816327,1779.90895612245,2104.07816479592,1928.3082877551,2233.25983877551,1684.52895,1842.51394081633,1776.55439897959,1905.96554285714,2569.98797346939,1882.33537540816,2221.65511122449,1943.56214061224,1920.25890265306,1984.58625918367,2113.77024387755,2108.2471122449,1896.42245918367,1987.8645,2345.15030102041,1682.23498367347,2260.3626122449,2599.65560714286,2321.89742346939,1882.98343877551,1959.27510204082,1676.80690714286,1525.5688255102,2000.88427857143,1989.2350244898,2227.02691734694,2329.1369,1916.36796326531,1909.64628306122,1824.92985153061,2050.92748265306,2145.28088265306,1892.07303265306,1606.17318673469,2350.31957561224,2393.58104846939,1996.5825327551,2235.26425204082,2269.21852857143,2075.7406244898,1486.17507755102,2330.15736020408,2191.3024377551,1732.44348877551,2155.5596255102,1829.66462040816,1877.92497040816,1699.98129285714,1985.9339744898,2231.9672444898,2073.22402306122,1909.34679387755,2342.03056836735,2002.42263265306,1888.1860622449,2070.92748469388,2158.6616244898,1866.94527959184,2172.95699795918,2206.05512244898,2157.04271326531,1995.75885306122,2114.5611755102,2388.12638877551,2055.60290204082,1590.07632653061,1506.50980408163,2283.70109795918,1905.75058163265,2310.19544489796,2094.7030472449,2068.12431428571,2213.6234577551,2276.79795306122,1984.23600408163,2288.49097857143,2233.79619591837,2454.55646816327,1580.79456040816,1893.34576020408,1441.12146632653,2191.05612653061,1774.99061632653,2027.37691836735,1997.6682244898,2191.35139418367,2139.2903255102,1843.49666244898,1932.46259061224,1807.01780510204,1415.65292653061,2151.30502244898,1849.62019489796,2215.15448979592,2002.37730612245,2104.88801938775,1948.06111428571,2209.88734489796,2124.76084285714,1794.96783367347,1546.35852489796,1849.56076122449,2097.9176255102,2252.24950408163,1644.86391326531,1527.18142346939,2718.87993469388,2048.61045714286,1536.55329387755,2422.82223061225,1787.66380510204,1837.49507755102,1550.00867142857,2021.74014285714,1714.42688979592,2071.26396734694,2507.09768010204,2184.01137142857,1823.1624377551,1913.28429010204,1834.9072122449,2192.2354122449,2028.65131530612,2081.06825714286,2170.98081122449,1350.64495816327,1883.58378346939,1946.77194693878,2179.7104622449,2011.50190510204,1354.58513979592,2127.73928877551,2011.76045,1748.40284693878,2276.44145510204,2166.89736122449,1840.48470816327,2000.09566632653,2559.07608979592,1878.07626836735,2573.1926305102,1949.2013755102,1831.73917346939,1935.00767755102,2211.31503877551,2081.12880612245,1932.97276938775,2514.36584693878,1990.92003163265,2281.09847857143,2405.75422244898,2095.05799795918,1514.14544795918,2324.12955102041,2588.25495306122,1873.17087857143,2112.96526326531,2099.5205377551,2510.54969285714,1963.25625408163,2085.05768367347,1772.78598265306,2247.4271744898,1585.27200510204,1938.09097755102,1809.9563244898,1826.27755510204,2499.35142244898,2158.91178571429,1959.10003469388,1694.40140408163,2405.78921918367,1950.48621938776,1527.56923469388,2118.61157653061,2445.9496744898,2053.5448244898,2239.53186020408,1920.02114183673,2087.51523979592,2104.13945204082,2392.31441938776,1754.4153877551,2000.70925,1643.77102989796,2345.84466836735,2008.48435204082,1435.91978673469,1838.4761877551,2094.34876020408,1595.62627959184,2080.00472346939,2185.1633755102,1947.5187755102,2098.04224489796,1581.3479622449,2468.10793979592,1881.02644081633,1833.13912653061,1937.79301938776,1450.90709897959,1892.67113112245,1760.32732857143,1879.96427755102,2073.25403673469,2119.69210510204,2449.72639897959,2030.58670102041,1601.70317857143,2329.66124285714,2042.09159591837,2102.8842377551,1726.3154377551,1908.4876255102,2293.10816632653,2003.31169489796,1940.69189183673,1974.44205816327,2007.79947653061,1975.7509,2194.70460510204,2310.28157367347,2413.94915102041,2198.94866438775,2178.194405,1741.71356020408,1975.7028877551,2157.49235408163,1992.85101122449,2338.64932857143,2363.02136938775,2524.56375,1862.72950204082,1981.13094897959,2186.86848673469,1612.14593163265,2221.34579081633,2153.75128367347,2085.35922346939,1715.59215816327,2072.34160816326,1983.46002755102,2460.43397755102,2093.21286326531,2198.16337959184,1789.79280714286,1780.52111020408,1758.78555204082,2315.95778877551,1623.31088979592,2162.43515612245,2134.9582755102,2099.84619795918,2024.81314183673,2657.27816326531,1333.87411428571,1774.90256020408,1765.86907346939,1519.9308244898,2345.11119693878,1938.0359,2120.81683061225,2233.26280204082,2061.03495612245,2180.91325612245,2072.27662040816,2500.68492346939,1620.14563265306,2225.46242755102,2249.87236326531,1900.62079285714,2299.08452367347,1860.2636677551,1578.11858591837,1562.70488877551,1714.45767653061,2249.94233040816,2088.92654959184,2058.80396122449,1986.13478163265,2256.82034387755,2264.33748877551,2557.76641632653,2032.48642244898,2542.0734744898,1717.18193061224,1956.83593163265,2593.20205714286,2061.40184081633,1636.60853673469,2355.16638163265,2143.84245510204,2023.52371122449,2051.02191367347,2071.44879795918,1892.74391122449,2154.09770714286,1864.75640510204,2031.37651326531,1559.61653285714,2135.05285,2290.00486530612,1914.62518163265,2600.62249897959,2011.3836244898,1998.71051632653,2229.47868469388,1917.91625,1939.38442959184,2155.02621734694,1985.0998755102,2422.30056938775,1644.69650816327,2256.73549081633,1748.08756122449,1957.08136836735,2019.97344081633,2232.86482653061,2253.39310714286,2220.84275714286,2008.49619795918,1865.51987857143,2175.01979591837,2014.67864897959,1640.32247244898,1977.50355714286,1743.85726561224,2674.11483673469,1933.72771836735,2001.58256938776,2103.35378265306,2011.50163857143,1903.97497244898,1967.37861510204,2089.05291673469,2284.51476122449,2426.06193877551,1626.55736020408,2186.06859693878,1728.82817142857,2068.36815836735,1821.26532142857,1796.47465510204,1678.8756122449,2446.76419285714,1858.58653469388,1896.10663877551,2166.59360816327,2184.76286122449,2550.19927959184,1832.13301530612,2052.36704897959,1639.88278795918,1838.80593979592,2073.47974795918,2065.59864489796,2114.67926020408,1894.83191734694,2236.08029489796,2056.18398061224,2569.60123377551,2002.35881632653,2097.12687469388,2322.14497653061,2290.11775408163,1923.24725714286,2472.89195102041,2111.6375244898,2171.4548,1937.26686622449,2061.57398367347,2074.84492244898,1887.60503877551,2319.79991428571,1828.67852857143,1925.68912142857,2259.72487653061,1999.55235204082,1904.60201020408,1923.75566755102,2122.15564081633,1452.11184183673,1807.93842857143,1564.75664285714,1974.88198979592,2682.99338673469,2137.49854408163,1942.03259795918,2130.25568469388,2053.42720204082,2105.16314897959,1613.4742755102,1944.46398469388,2639.95088163265,1718.54521122449,1872.09744183673,2270.03855071429,2146.13425612245,1867.11081122449,2207.78930612245,2178.15786836735,2182.10109387755,2070.07630306122,2310.05263265306,2080.17873061225,2263.92322142857,2070.01855408163,1672.96818265306,2324.18152346939,1774.72607020408,1823.23143061224,1867.52761938776,1937.15782653061,2200.75939897959,2197.66570918367,1735.41816642857,2140.38159387755,2472.46164844898,2585.17911428571,1935.15972112245,2200.62517755102,1843.44895612245,2125.86360510204,2101.83152244898,2064.58199795918,2101.86108163265,2168.93903265306,2158.19985816327,1685.92950408163,2179.64624183673,1888.18680714286,1801.19183673469,1444.36719081633,1917.54918265306,1936.36115918367,1868.3740622449,1822.08976734694,2475.43022346939,2048.65334795918,2025.75390816327,2271.52897040816,1824.07840653061,2181.00568571429,2367.09456734694,2142.07217857143,2063.2441,1919.2061122449,1775.46321020408,2123.38202959184,2230.58603979592,2106.02536122449,1725.40346530612,1592.77375816327,1925.11643571429,2532.81207142857,2650.15020918367,2006.41482857143,2336.21848612245,2325.90456469388,1817.52977040816,1766.64153571429,2002.28875612245,2196.83430918367,1812.31178571429,1412.05437959184,2212.30176428571,1780.51061326531,2473.36913367347,2172.89317346939,1966.8857877551,2054.60936836735,2338.55829489796,2374.78091632653,1968.23688469388,2145.49480612245,2117.99936836735,2020.47575612245,1971.82666326531,1906.80745816327,1900.93210816327,2039.8282255102,2280.49248571429,2165.20254285714,2499.17196122449,1854.65930806122,2123.19985204082,1668.93552040816,1651.01460714286,2312.24983265306,2490.86388469388,2240.78827040816,2086.95066836735,2069.76594897959,2235.10843469388,2619.45917244898,2327.82021938776,1943.07718265306,2056.90692714286,2309.59901530612,2254.65405816327,2113.09158979592,2051.38823367347,2295.07026428571,2128.96852142857,1583.90740510204,1514.57420612245,1977.06153979592,1942.07831632653,1998.95793469388,2040.24073469388,2001.69296367347,1898.90804489796,2359.10219489796,2233.72964285714,1947.27110204082,2037.47495102041,1931.31000387755,2416.72300102041,1993.65694591837,1988.35532,2278.72201530612,1919.36204387755,2405.75144718367,2031.33047938775,1806.12596428571,1854.43973979592,1296.47289591837,2434.32075408163,2429.86452653061,1943.29346081633,1978.59346836735,1881.47318163265,1685.46546938776,1771.94736102041,2057.72784897959,2031.21358571429,1703.00418979592,2193.58670510204,2077.50768877551,2391.22654285714,2486.20699591837,2405.59987040816,1996.95273979592,2394.82879897959,2083.89396020408,2292.75638469388,1657.11176428571,2249.39160612245,2203.88542040816,2344.85952346939,1941.0624244898,2028.07898877551,2421.12906632653,1953.2590622449,2099.7013877551,1767.55332755102,1781.87251734694,2008.37833979592,2061.16890102041,2017.54943734694,2241.39806326531,2385.86113163265,1881.59693571429,1948.82353877551,1722.47697040816,1864.91298367347,2097.46465102041,1860.99638469388,1911.77322857143,2458.24041530612,1877.62293367347,2033.94988714286,2286.40537959184,2140.24993265306,2006.98214183673,1858.73154795918,2179.70499285714,2025.94299489796,2017.56957244898,1823.27946428571,1729.99542244898,2207.78915714286,2179.30491020408,1503.05066938776,2027.70271020408,1838.7669255102,1809.63122622449,2031.76082142857,2176.06452142857,1941.04656918367,1658.26284081633,1350.95471836735,1885.81771285714,2126.49877755102,2155.96757857143,2391.1914255102,1742.12385687755,1942.43756938776,2107.90259183673,2046.67437244898,1953.27885816327,1605.34580816327,1742.9986755102,2133.65207857143,1829.3946755102,2039.1134744898,1859.01668877551,2160.48815510204,1863.50736734694,1825.62675918367,1871.88676632653,1650.29485918367,2075.74171061225,2328.17491061224,2018.75659693878,2123.56803265306,2196.5896877551,2143.86217755102,2117.88749795918,1805.8580877551,2168.44856938776,2401.30269122449,2253.49177959184,1932.58485193878,2085.06166530612,2182.04883571429,1862.50515612245,2248.96357959184,2137.40953673469,2244.06703979592,2195.91425918367,2044.58050306122,1711.07041020408,1847.62082653061,1929.11466734694,2034.31427244898,2162.16423979592,1965.50841530612,1722.91115102041,2218.75779183673,2257.85175,1649.31652755102,2013.86165714286,1899.29611836735,1806.86773469388,1694.71324795918,1986.56599183673,1963.43613367347,2094.43415714286,2023.44381734694,1899.44448877551,1904.82816326531,2671.17970714286,2108.45810204082,2033.31433979592,2325.25484030612,2638.39056377551,2125.90919897959,1948.08894285714,2157.9903,1928.2229755102,1519.89068469388,2108.40840204082,2136.36453673469,2072.75419081633,1896.70245204082,1851.79035408163,2249.00637755102,1829.79008265306,2160.83492857143,2590.32085510204,2201.21807142857,1991.80744183673,2198.37886530612,1987.54804897959,2067.48811020408,1887.50427653061,1902.96499897959,2240.15821530612,2368.52042959184,1365.09308979592,2244.5736,1646.57747510204,1917.46966632653,1926.89321938775,2814.44650204082,2081.27353979592,2187.62558367347,2029.7771377551,2095.91110204082,1896.56548061224,2380.03897040816,1824.13396122449,2194.55756020408,1945.18551734694,1930.13748673469,2121.94961020408,2479.4046177551,1986.28774897959,1813.08857836735,2405.5291122449,1878.10490836735,1916.95640408163,2474.77562857143,2042.16940816327,2073.42256734694,2157.59969081633,1713.83715,1993.67953367347,1792.00806938776,2601.0141622449,2233.85412755102,1800.17360102041,2235.72365612245,1891.94003265306,2101.89446734694,2067.61729183673,1870.44404897959,1933.35970408163,1805.97726938776,1808.30360204082,1967.27147142857,2021.11716326531,2199.33730102041,2151.24318673469,2277.46458979592,1876.97545408163,1987.35190153061,1918.00983979592,2166.10619285714,1948.71305408163,1756.11773469388,1846.9581622449,2123.72614816326,1948.75262214286,2205.89803877551,1974.48286836735,1883.78769081633,2037.9363755102,2304.84198265306,1763.74609897959,2336.61661530612,2089.37936530612,1384.41904489796,2428.92817857143,1965.90766938775,1918.0489377551,2011.91800510204,2118.97765102041,2344.79771428571,1830.52212653061,2245.94913265306,2274.86036020408,1993.45731122449,2330.75669591837,2112.13725918367,2224.86331836735,1907.83291836735,2328.25529673469,2129.63736020408,2357.12677571429,2024.38988877551,2382.40537857143,1947.20938877551,1860.18399387755,2189.6715905102,2147.23731530612,2144.09239061224,2315.94737142857,2375.67431530612,2054.49522959184,1214.19829795918,2033.09059795918,2016.59172142857,2213.44908469388,1865.85190102041,1935.69819693878,1909.17056020408,1821.96162755102,1366.69860918367,2338.59851122449,1983.67203571429,2125.90773469388,2085.25327244898,1890.49518306122,1992.02946530612,2398.4178622449,2303.1412122449,2343.13710816327,2006.79270204082,1790.33152755102,2202.58549591837,2034.23969387755,2020.93304795918,1541.44088877551,2069.9051877551,2121.1043622449,2666.06811530612,2009.4768255102,2130.49114081633,2331.09162040816,1956.21237244898,2535.60319693878,1973.3981877551,1999.01169795918,2442.43894795918,1783.42221020408,1979.51593367347,1925.82773877551,1993.56183673469,1774.6179377551,1428.67089285714,1870.7713255102,2006.25461020408,2651.47276326531,1617.4877755102,1806.59018163265,2344.31395204082,1983.57689081633,1947.1586077551,2127.1568877551,2062.19428163265,2315.65832193878,2021.5015455102,2176.72768673469,2317.4616255102,2434.46981428571,1834.00265204082,2177.9956744898,2039.37568265306,1805.57672081633,2395.78011428571,2578.68133163265,1974.31971938775,2168.78998571429,2302.35274285714,2333.08397326531,2183.77403061224,2007.51867346939,1990.60203877551,2166.11755408163,2390.99036734694,2207.94741632653,1900.37078571429,2154.1415255102,2400.05489183673,2008.53501938776,1817.9900877551,1732.28983061224,2147.64305306122,2258.30200204082,1827.42874183673,1908.03676326531,2060.91788367347,2289.19446683673,1969.38299285714,1778.17026428571,2067.16584693878,1778.6321877551,2003.62452346939,2060.05710408163,2575.64766836735,1982.19411285714,2281.32910714286,1868.70157244898,2199.80078469388,1852.69330102041,1879.75348163265,1573.26637040816,1836.36901326531,1846.67526326531,2113.92447040816,1895.30862857143,1960.17217959184,2246.68549387755,1997.89434795918,1899.74689591837,2252.36726938776,2089.85674183673,2298.53392632653,2376.42453163265,1623.87523673469,2243.9674755102,1727.63157857143,2120.49954897959,2221.88207959184,2129.22870612245,1732.33614081633,1646.05930918367,1462.30244285714,2058.54289387755,2058.63372346939,1725.3498122449,2050.78393571429,1972.70338877551,2155.83475306122,1862.51940918367,1966.28802040816,2136.73210510204,2120.69882653061,2208.77977346939,1714.52139591837,2153.52593469388,2227.36434591837,2185.87116428571,1529.7519622449,2135.6133,1814.40164387755,2956.83670306122,1948.83997244898,2297.55835244898,1736.07089081633,2206.43113061224,2140.43666428571,1627.52824387755,2099.46444897959,2151.42687244898,2416.60463367347,1832.52887244898,2137.42044693878,1942.11751020408,2161.5624377551,2292.16481836735,1870.6740255102,2163.3501255102,1609.16285918367,1873.57285,1877.41734081633,1884.64597857143,2206.15784183673,2255.65793163265,1657.55649795918,2110.6534744898,2205.43828571429,2316.73282653061,2143.45375806122,2229.91945693878,2263.54230306122,1996.47977959184,2061.45449387755,2105.38766122449,2011.03150918367,2097.98762653061,1884.77971428571,2792.54715612245,2058.13606346939,1561.29059081633,2342.75790816327,2363.24025918367,1838.8203,2244.25486122449,1654.00720102041,1999.30436591837,2041.20795959184,2252.21486530612,2226.76410714286,1429.65642755102,2253.40553979592,2478.29728061224,1514.46086122449,2443.04121326531,2027.60663673469,2101.0370877551,1750.5372755102,1995.97804387755,1798.96019081633,2078.09486428571,2192.43215,2001.73441938776,2131.63799489796,1837.44732653061,2310.62622755102,1698.23080653061,2102.95143673469,2094.20397346939,2226.57744489796,1826.62401122449,1177.71497755102,1624.23561918367,1646.85064357143,1971.90911346939,1570.53157887755,1958.70666836735,2205.20888673469,1571.58262244898,2169.23251122449,1976.48931632653,1771.52971122449,1872.60168673469,2332.49165102041,2261.14421969388,1880.39181122449,1974.69961530612,2234.12534469388,1786.58516938776,1546.83399183673,2467.76554387755,2462.48395918367,2210.42216020408,2105.35216734694,2051.23820918367,2423.30147142857,1904.33801734694,2074.25036530612,2198.22805204082,1586.97327959184,1939.9386744898,1957.36253367347,2256.91273061224,2117.84320510204,2061.53926020408,2155.46725510204,2237.32207244898,2041.74563163265,1800.64492765306,1622.3544255102,1992.39456122449,2098.48896428571,1893.40674693878,2287.16302857143,2005.8475,2235.87417653061,2011.20083469388,2142.82145612245,2067.39576530612,2225.20873265306,2138.28962714286,2678.1208,2205.97296530612,1695.05560408163,2134.52255102041,2338.44127142857,2214.1954744898,2167.93596530612,2198.38093979592,1738.17013265306,2126.05614387755,2126.90827040816,1527.78745204082,1998.15609795918,2169.8631255102,1747.19225408163,1738.60492857143,2023.59744591837,1787.96132346939,1817.79385,2303.21561530612,2458.32417040816,1629.66365714286,2096.62334693878,2216.67522653061,2078.41599795918,1892.47594285714,1769.80225816326,1555.38995408163,1676.33540204082,1065.21947653061,2365.46179591837,2104.14353061224,2156.72035612245,1782.0847122449,1941.33213265306,2559.01691326531,1848.60436530612,1830.14922653061,2261.13502244898,2475.88403061224,1626.89329081633,1853.43704591837,1576.46301122449,1989.80094591837,1626.90890816327,2168.61492857143,2041.83859285714,2013.97890816327,1916.68606530612,2133.74633571429,1420.8445255102,2069.52116734694,2304.74568571429,2195.0292122449,1755.43256428571,1871.99866836735,1398.61357653061,2065.66061836735,2107.2285244898,2229.00910612245,1814.95182816327,1982.97318367347,1956.65876734694,1592.66063163265,1630.96882653061,2576.95784897959,1642.48712714286,1792.92804285714,1952.94163979592,2656.30325816327,1914.90549693878,2688.0850877551,2322.71914285714,2033.55649928571,1715.41627755102,1973.66149591837,2068.12782397959,2234.12749489796,2509.33055816327,2231.9301255102,1924.99349693878,1581.68931428571,2145.14711122449,1956.28369591837,1726.24196530612,1944.99706020408,1556.14100816327,1756.29448918367,2159.47224326531,2395.59495959184,1588.30453555102,2119.34875612245,2090.41526020408,2261.64436734694,2010.22206632653,1951.29137857143,2183.2122,2033.44871020408,2008.74102153061,1839.35954591837,1701.44170510204,2372.19177959184,2320.76671530612,1876.75792857143,2120.11850714286,1965.55263367347,2375.00477040816,1998.59815,2589.82465918367,1914.94792857143,2327.17972040816,1454.80319897959,2009.04720102041,2060.95551734694,2035.25217040816,2171.77385204082,2042.63654693878,2416.11087040816,2177.97118163265,2168.96174489796,1959.83014877551,1950.42542653061,2185.49079897959,2024.10258265306,1948.43776326531,1993.54847653061,1951.57966836735,2046.51256530612,2424.32281836735,1856.55624693878,1548.82641326531,1632.72065714286,2070.66973112245,2376.54022755102,1855.36298673469,2609.1649877551,1969.06502857143,2113.77329897959,1883.21027959184,1831.39638979592,1885.95400102041,2136.68525306122,2225.97116428571,2470.29168163265,2281.76404387755,1897.19158061224,2334.4943755102,2152.75010612245,1769.70462959184,2313.88002959184,1725.1436255102,2007.7831955102,1973.44122653061,2069.73034693878,2302.12526938775,1711.47644081633,2055.23662142857,2126.16076428571,1864.11638265306,2211.45822653061,1566.98057653061,1942.59028367347,1919.46638367347,2015.50537040816,1600.69223469388,1994.82598367347,1523.04891020408,2083.19673877551,1978.52169285714,1597.94093163265,2170.81545102041,1845.85346020408,1847.06310408163,2405.25930102041,2330.03614183673,2157.44692653061,2439.2482755102,1992.50155540816,1439.04170816327,1700.18146734694,1707.29132755102,2162.36011428571,2122.59724897959,2697.90967653061,2338.0183122449,2374.81717244898,2225.60341020408,1755.87714857143,1868.35038877551,2003.82496897959,1849.46819897959,1851.35749591837,1850.00076530612,2407.06948877551,2460.82743571429,1998.68883673469,2218.72183469388,2061.30543673469,1734.17494387755,1943.08258673469,2622.27754244898,2144.79271857143,2034.18878673469,1827.67484387755,1991.86540408163,1877.02553979592,1789.69077857143,2000.83393469388,2163.49323163265,1861.50551938776,1689.12694387755,2245.50480918367,1626.98556836735,2220.06781632653,2303.82672142857,2180.25207755102,1918.63631530612,2156.00460510204,2174.20053367347,2086.23052959184,2119.10202336735,1879.16929387755,2518.9189377551,2360.29910306122,1871.49039591837,2219.02527040816,2123.46651734694,1849.21239591837,2161.85707959184,2285.41056020408,1829.21151020408,2103.10002142857,1910.53145918367,2181.79509387755,2330.47335306122,1736.70221632653,2277.68541938776,1668.15473469388,1923.27396122449,1900.97409510204,1838.04251326531,1896.50526122449,1965.7967755102,1622.19657244898,1932.68571632653,1790.24293979592,1884.66515408163,1760.46236734694,2208.31941122449,2131.0173,1197.81384183673,2012.08866428571,1760.01347653061,1286.3163055102,2486.87591734694,1986.64663673469,2201.63912653061,2121.38214285714,1750.2154744898,1599.67832755102,2204.12147142857,2171.46914285714,2421.44963571429,2134.90730510204,1843.06805408163,2242.05900204082,1957.63358367347,1692.13155102041,1958.0977877551,2006.53925306122,2003.41034693878,2069.9090255102,1953.02783367347,1765.05097653061,1627.8948377551,1981.45582857143,1775.49489183673,1825.44049591837,2069.72525306122,2006.31318061225,2440.95258163265,2193.18398469388,2132.07807959184,2095.00516326531,2571.37350816327,2111.00928367347,1651.35763673469,1665.98311122449,2294.7363377551,2170.65187959184,2182.88428163265,2182.27010285714,1846.31849081633,2196.00269795918,2514.54164591837,1831.80789081633,2312.2415955102,2167.38188979592,2125.89995102041,1908.62024591837,1542.29839795918,2222.71499581633,1494.6348755102,1904.77867244898,1763.69180204082,1749.33468265306,2004.02267959184,2384.70392755102,1416.02592857143,2071.80625918367,2229.21524081633,2218.81499591837,2279.51882755102,2243.74075816327,1960.99883265306,2254.82209489796,2186.60604387755,1909.16029489796,2222.40345408163,1759.78183163265,2267.27789591837,2129.6630755102,2025.96,2001.73828469388,2040.01274081633,1727.02834591837,1681.36886428571,2118.8013877551,1783.21375,2093.32783265306,1867.9084455102,2639.87674795918,1985.86223061224,1955.04517040816,1809.58137163265,1981.88119693878,1901.7893877551,2431.05404081633,1804.19447653061,2550.97629285714,1811.89319765306,2327.8291877551,1950.65007755102,2046.30968061224,2019.88267102041,2080.22287857143,1761.22374489796,2129.08719693878,2281.73099693878,1892.67962959184,2135.20350612245,2007.14060510204,2155.42238163265,2093.58945102041,2450.48177346939,2260.76992436735,1667.38368163265,2220.02766908163,2639.35062346939,2330.97495918367,1898.99049183673,1777.08204795918,1919.4626,2423.87359285714,2051.64673367347,2342.89794795918,2096.64541836735,2280.05806836735,2252.15898367347,2014.31459489796,1473.71784489796,2015.04306836735,1762.22485714286,1970.47486938776,1629.64119387755,2090.84011734694,1527.02319591837,2190.24714591837,2352.37834489796,1986.69307040816,1783.15572040816,1541.2942244898,2184.24355816327,1929.52175,1884.9104744898,2064.59046326531,1709.3491755102,1984.35441530612,2187.80986122449,1742.92179081633,1451.57025612245,1707.9064244898,2127.24165,2573.63265102041,2045.90453877551,1428.52019285714,1977.83754795918,1755.23403979592,1881.89178571429,2499.37045714286,1922.11954693878,1874.93377346939,2060.56508163265,1948.8234755102,1795.39710612245,2290.56966530612,2029.75048979592,1898.00879183673,2337.16854897959,1611.88610204082,2174.63001020408,2435.05818265306,2233.79781530612,2073.59320204082,1690.74816428571,1261.99814183673,2240.34154183673,2261.6415,1856.91249693878,1656.22840714286,1854.15423367347,1853.51862755102,1976.63422112245,2714.37445102041,2679.35301938776,1865.48964183673,2027.71020510204,2666.04390102041,1910.55248469388,1497.07539938776,1932.86498061224,1962.23089081633,1762.42914795918,2154.48906428571,1722.47639897959,2203.27117142857,1803.78266020408,2045.85111938776,2018.98318571429,2208.02394693878,1655.83801020408,2246.76036836735,2385.26780918367,2182.19547244898,2043.12779081633,1846.59609081633,2319.17277755102,2031.22269285714,1920.06018367347,2147.23213673469,1777.4297877551,2113.66842857143,2095.82342897959,1966.00076428571,2399.24381530612,2247.68185816327,2011.68340918367,2191.26239081633,2050.28980714286,2068.75490408163,1856.48312040816,2043.60669285714,2125.51210408163,1674.13621836735,2321.46956836735,1603.77116734694,1957.85051530612,2053.79484081633,2034.69647244898,1924.3049,1958.01226734694,1954.46633979592,2222.53348693878,1858.62688408163,2424.85097244898,1844.29090510204,2112.07545306122,1480.30265714286,1842.51360816327,1777.3974755102,2007.19515,1883.52204081633,2018.54750102041,2107.96009489796,1899.65297959184,2273.63421734694,1667.60006734694,1852.81032346939,2039.4462877551,1867.83868571429,1955.24834387755,2422.79740612245,2011.10348979592,1396.35115306122,2018.99962346939,2167.06775204082,2159.35883877551,2169.54976632653,2376.00430204082,2542.96320918367,2359.40133571429,2024.32719795918,1547.66519897959,2281.73248163265,1915.34388142857,2167.12640918367,2076.88342387755,1877.76030918367,2467.82127571429,2301.11975187755,1805.02050306122,1752.11403673469,1937.95821836735,2165.63046836735,1751.7017377551,2203.85500204082,2230.26122959184,1992.99984183673,2298.92784795918,1765.97051122449,1850.26471530612,2243.09148877551,2114.79218367347,2164.84834897959,1980.68977142857,1747.43718571429,2433.57858979592,2220.3458755102,2025.31674489796,1620.65758571429,2023.45415204082,1922.10738979592,1918.59629489796,1690.68220510204,2044.80619387755,1681.61238163265,1548.35126632653,2276.24484489796,2114.25191530612,1650.60868061224,2178.7115755102,2389.28390102041,2098.28331122449,2293.14109489796,1707.08459836735,2064.4273377551,2123.8573744898,2189.89604489796,2678.08064897959,1751.49689632653,1946.23112183673,2275.50576734694,2016.59640918367,1840.56266020408,2291.61775816327,2096.03423571429,2016.45999795918,1718.70139897959,1920.65748265306,1921.6816755102,1905.77770408163,1553.34276326531,1557.25190714286,1730.88723061225,1685.55858265306,2132.23827653061,1605.41437040816,2265.20731530612,1989.60236122449,2203.73483367347,2254.92777040816,2045.64472653061,2182.31778163265,1790.61644693878,1728.66524938776,2130.66554285714,2154.74940408163,1412.35586020408,1848.06795714286,1791.36884387755,1356.39940346939,1881.41631122449,2518.04768571429,1802.63719591837,1991.03549387755,2048.98859591837,2642.52497857143,2109.44233163265,1453.28751836735,2214.84275918367,2017.51760612245,1670.98307959184,1962.80804183673,1716.07256428571,2110.74184285714,2040.30382244898,1932.50903163265,1994.03476632653,1917.19712061224,2157.04461428571,1967.96348571429,1930.77403061224,2135.94532346939,1989.08733265306,2128.92031020408,1728.99511734694,1971.96015612245,1814.02578571429,2156.95214183673,1990.15002857143,2137.39357244898,1876.44835,1318.90610408163,2170.67801734694,2219.1350122449,2064.24016081633,2336.79854387755,2210.69811836735,1374.56183571429,2027.70850408163,1811.02125102041,1842.97994285714,2472.85503469388,2256.15664285714,2402.46307346939,2200.01188367347,1687.71843336735,1891.56269387755,1831.83238979592,2338.91845714286,1891.05256632653,1981.32143979592,2186.59317755102,2219.77288163265,1928.09086438776,1598.23024081633,1884.47576122449,1839.54147755102,2204.6159122449,1863.64495918367,1900.93935918367,2033.90813673469,1960.09162755102,1926.93236122449,2216.18376530612,1935.33804387755,2044.21519387755,2201.42741326531,2223.81563367347,2106.03973061224,1762.13144183673,1884.29772857143,2010.3549,2243.77239387755,2135.5053244898,1745.83362755102,1973.22861122449,2134.2278744898,1994.45277346939,1996.78919306122,1941.7285122449,2001.16397142857,2151.83438367347,1992.84489081633,2154.42084795918,2156.59587142857,1517.47530714286,1619.46143265306,1736.63854387755,2146.87015102041,2111.86287653061,1769.21745204082,1964.12343367347,1917.86212959184,1890.62108132653,1742.01760306122,1862.50313469388,1791.37830510204,1730.46305306122,1929.90467755102,2064.51106428571,1861.39052142857,2536.02753061225,1979.83715816327,2180.98494816327,1896.3990744898,2312.70949693878,2232.93735,1996.90010714286,2374.75968367347,1980.89075918367,1398.56575102041,1767.74579387755,1961.38607142857,1902.38106530612,1878.72045612245,2073.51991469388,2416.1229622449,1971.81664693878,2144.32849081633,1560.1265,2142.68170816327,2172.47265306122,1911.41209795918,1694.59072142857,1853.25645918367,2510.25050408163,2085.0133877551,2334.2993755102,1973.98611663265,1597.3971755102,2254.1092744898,1472.77082020408,2288.13774795918,2148.7883877551,1966.16463571429,1919.36304214286,1775.97168571429,1696.22284897959,1795.17608979592,1985.17018673469,1753.47408979592,1880.51135612245,2003.14005714286,1949.8154877551,2429.10714285714,1966.44528877551,2356.99470918367,1866.31562142857,2465.1666755102,2012.88316734694,1717.67988877551,2218.95556326531,1995.3821755102,2085.45685816327,2370.99334285714,2071.9828755102,1943.05950204082,2230.2418755102,1957.77523571429,1737.58159183673,1937.35400408163,2191.41768,2492.83575612245,1753.68746938776,1686.09363163265,2301.19277755102,1856.24667244898,1985.53490918367,1813.38381020408,1900.80234285714,2535.22780306122,1769.27872755102,1791.10145102041,2067.19458367347,2201.85921836735,1311.36966734694,2595.33957857143,1956.82939897959,1497.5618744898,2131.60278061224,2235.98233673469,2407.18981632653,2694.2616744898,1554.36438877551,2031.44469591837,2054.96635255102,2107.62661122449,2210.24254255102,2210.25853877551,1918.08891428571,1896.20657959184,1774.83617857143,2004.60924489796,2235.40500204082,2009.55898469388,2207.05145204082,2143.14135102041,2156.50299591837,2045.97638265306,1866.76005204082,1967.41237346939,2957.15038306122,2171.58971428571,1982.94327040816,2324.25356326531,1989.55315306122,2080.0233877551,1958.44108571429,1722.77572857143,2185.04197959184,1441.84785306122,1849.97415,2138.32804285714,2372.85077346939,2258.09319591837,2506.99684489796,2238.20824489796,2066.8239622449,1353.50738979592,2552.32458979592,1999.50426938775,2397.90173877551,2006.23442959184,2275.46849285714,1976.58552653061,1802.6187877551,2015.41681938776,2099.90867653061,1915.6573622449,2310.87787040816,2133.76434183673,1988.73068265306,1935.65497244898,1569.40043265306,1921.80323061224,2194.6927622449,1817.22584693878,2219.16559285714,2264.43603061224,1950.4538622449,1303.66806836735,2019.51025510204,1822.7966622449,1702.00723346939,1900.27486122449,1856.56227959184,2479.84068673469,2167.05357091837,2084.39353010204,1747.04679897959,1682.92805510204,1495.71217428571,2105.58311836735,1959.53048163265,2376.71728163265,2032.07644591837,1796.31015510204,1949.98672040816,2032.64364081633,1869.23156836735,1819.19171836735,1820.71680408163,1730.2249,2051.15172244898,2031.83519693878,2311.12536122449,2366.4019,2083.48089688776,2452.21124102041,1658.03754693878,2263.43753367347,2176.19958877551,1729.03187653061,1977.05014591837,2059.0866544898,2079.73177959184,2224.58292653061,1553.67586530612,994.277894846939,1523.7997855102,2601.02199693878,2120.92551632653,2169.3733877551,1804.60773877551,1941.16892857143,1799.43901326531,2296.13798163265,1901.38377857143,1834.68714591837,2095.60547244898,2165.66399591837,2507.54779489796,2189.0401755102,2061.05816632653,2143.26126020408,2200.81636530612,1870.64582959184,1839.70312653061,1784.53811836735,1882.56879489796,1843.30458979592,2353.58038979592,1798.18464489796,2079.46338377551,2511.81385816327,2587.29066632653,1994.22668061224,1969.27755204082,1939.83038673469,2206.13407040816,2038.76307040816,2389.69679285714,2102.83969897959,1919.97273367347,2333.18607142857,1952.98552040816,2132.49301632653,2165.96208469388,1944.01755408163,2021.33011020408,2137.31724285714,2111.77757653061,1936.28204489796,2372.84434489796,2353.77719183673,2127.23971428571,2138.62871836735,2223.41172755102,1734.11078877551,1623.35421326531,1638.88239387755,1908.54401020408,1941.70725204082,2128.8319755102,2063.31358265306,2160.62601428571,2444.57658163265,2209.3076377551,2276.88432183674,1730.90473877551,2212.49504183673,2300.58944591837,1779.28288591837,2721.35751530612,1878.73202346939,2277.85940816327,2137.69731632653,2193.57019387755,2625.17631530612,2277.15940734694,2192.11269183673,1634.36553714286,1924.88691326531,2122.42933877551,1780.54761836735,2016.29399693878,2021.3665744898,1779.46811795918,1713.22328979592,1928.71309285714,2006.37792244898,1956.54147959184,2471.96865816327,2518.30492142857,2200.12291020408,2048.30843673469,2026.50394387755,2057.81387040816,2434.1204377551,2199.24115918367,1855.75606836735,2040.79479387755,1991.09104693878,1773.13180918367,2295.22310918367,1904.17165102041,1841.1768377551,2521.65691020408,2265.67752142857,2466.89222040816,1902.52792653061,2155.51003979592,1666.40258061224,2091.30841326531,1906.42974897959,1766.86663163265,1835.24914693878,2055.68724387755,1808.27306938775,1755.15306428571,2296.99903959184,1952.07522755102,1916.22615734694,1940.92365816326,2051.55740918367,1989.47904285714,2202.88589693878,2019.56503673469,1806.0036122449,2149.47855510204,1959.48712346939,2416.78873469388,2087.50207040816,2165.63368877551,2127.93241346939,2002.34446428571,1551.87911020408,2074.14826836735,2173.3413744898,1724.26882755102,1960.05435918367,2047.66403132653,2277.14888265306,1792.54748693878,2140.04411836735,2413.57118367347,1977.38185612245,1887.8467744898,2251.21810612245,2756.36025612245,2353.74948571429,2399.83557346939,2210.00517040816,2811.73875306122,2128.53221632653,1597.17270510204,1809.82323367347,1618.95666938776,2215.46689795918,1819.1270255102,1950.94004489796,2236.18384897959,2335.97749591837,1711.28672959184,2051.14443979592,2194.6042244898,1583.68813571429,2172.5420122449,2079.23945102041,2156.23306632653,1966.40319183674,2041.18034693878,2033.78748979592,2093.16684693878,1473.0860377551,1734.11711122449,1971.04544489796,2230.54001530612,2074.22361938776,1647.84002857143,2086.02329897959,1962.35309795918,1979.29713979592,2087.68398571429,1698.00746938776,1795.9149477551,2189.38427755102,2339.12360102041,2150.63936428571,1498.88151122449,1974.13109183673,2244.89349081633,1895.14010816327,1920.45873571429,1825.28629489796,2143.52663367347,1839.66011428571,1583.99814377551,1803.15185816327,1635.84112346939,2052.6136622449,1431.05606418367,2322.46461734694,1965.75605306122,1558.89802959184,1894.83707857143,2297.48194081633,2266.27611122449,2099.28248367347,2082.77787040816,1863.46283673469,2182.96652346939,1922.31421530612,1970.12516326531,1846.5000877551,1901.43830918367,1298.95488469388,1967.78754081633,2097.11163673469,1621.32238061224,2120.85183367347,2022.34078163265,1933.6583,1775.90809510204,1331.18116122449,1941.21212561225,1880.90989387755,1864.18830612245,2298.08025816327,2294.26664122449,2030.50712795918,1783.17229653061,1679.31821428571,1947.67653367347,1648.38782346939,2016.01575204082,2118.42965,1382.42891632653,1838.02724795918,2178.28679285714,2341.25411693878,1882.38049489796,2214.2606255102,1846.83020918367,2237.00630408163,2354.17909693877,1887.94802306122,1516.64745204082,2512.1641,3031.84053469388,1969.82432142857,1889.82687244898,2169.79779122449,1852.6126744898,2139.45211836735,1953.23806836735,1938.61848571429,1961.36412244898,2242.66645857143,2048.51686632653,2645.60096836735,2125.81445714286,1860.79124795918,2243.36441326531,2197.45819081633,2316.96479897959,2176.31555918367,2352.54100755102,2066.85634081633,2670.38798469388,2267.34410204082,2466.72786632653,2180.6352605102,2110.77105918367,1618.49440102041,2438.39877244898,1226.10276734694,1838.79818061224,2224.51556734694,1739.88983061225,1828.39460510204,1871.4815744898,2058.99365306122,1836.91013163265,1818.32995,2474.78124081633,2525.30490204082,1651.06204591837,1683.32133469388,2033.08366326531,1916.46554285714,1887.19040918367,1915.62668877551,2206.86771428571,2239.66552346939,1858.76532959184,1721.63104183673,2348.90176969388,2178.00374673469,1924.79825816327,2172.82245653061,1845.50459683673,2127.26595816327,1836.20585377551,1959.69376326531,1624.58204489796,1749.70533571429,1808.92069183673,1955.83309081633,1563.73521428571,2034.84931020408,2192.26229183673,2108.56719795918,1815.98739081633,2091.1902744898,2271.30227244898,2178.47551020408,2077.21868571429,1902.57076530612,1460.66961632653,1806.59509244898,1657.40119857143,1626.42257438775,1912.299705,1725.2288455102,1994.26940295918,1728.97956540816,2494.16437857143,1925.69676346939,2412.02445102041,2295.89718469388,2254.76613428571,1937.92361734694,1906.49796836735,2221.00112346939,1918.22829183673,2377.61744244898,2180.29787653061,1533.02749285714,2636.60485306122,2029.96654693878,2120.21940204082,2053.78753571429,1542.36546020408,2120.55837653061,2125.32372040816,2171.43221020408,2260.30739081633,2568.39791428571,1333.91200102041,2641.08539489796,1860.81130918367,2578.76860918367,2115.53043265306,1842.65880612245,1991.63455204082,2361.13988061224,1717.23550204082,1939.52043367347,1770.83639234694,2323.00372653061,1351.55563673469,2408.62855,2148.88093979592,1884.79980510204,1980.71000204082,2027.17992826531,2183.28618265306,1806.12029795918,1890.03127938776,1925.4000877551,2366.06528469388,2049.56943091837,2061.90994081633,2190.89176632653,2077.77563367347,2421.34820244898,2400.71402755102,1843.25110306122,2212.0994255102,1740.97996632653,2076.29396326531,2132.05675102041,2062.14378367347,1968.85282959184,2124.81435959184,2227.59441122449,1696.21453163265,2126.46341020408,1507.21747755102,2447.54667040816,2399.28689285714,1928.04657040816,1906.04157622449,2140.80884693878,2085.45864591837,2471.72416734694,974.50766122449,2308.43470714286,1833.3128,2157.10200204082,1704.42030122449,2540.64171428571,2099.34116938775,1481.26649285714,1285.77383265306,2040.68056326531,2084.19970102041,2093.71959591837,2013.32017857143,1556.13299795918,2011.27679285714,1985.87554897959,2063.75293265306,1770.57213163265,2299.0561377551,2310.69899897959,2165.96350612245,1876.42295408163,2013.1793244898,1839.93014795918,1922.12285918367,2041.0773122449,2107.8892622449,1630.02949489796,2504.45136326531,1754.58559489796,2074.72571734694,1893.77311632653,2209.08881122449,2065.79502653061,2606.25750204082,2156.99301836735,2321.97609387755,2145.69279693878,1904.20387142857,1670.30047857143,2179.56387346939,1702.98265918367,1879.5788622449,2184.15204387755,1942.61037755102,1964.86204387755,1979.83921908163,2349.32436632653,1633.60219795918,1905.94266836735,2257.80827040816,2146.08798469388,2041.30156836735,1612.33601091837,2360.23242244898,1799.12150306122,2284.82012142857,1584.28041326531,2000.63155918367,2207.07470816327,1920.05084071429,1796.96569285714,2038.91674693878,1938.18421734694,2048.10686428571,1718.78605918367,2772.48929857143,2155.43646734694,1965.52633030612,2000.48593030612,2218.70879897959,1972.0951855102,2228.10121632653,2298.54075204082,2083.90434183673,2036.95524897959,1959.12043877551,2628.88171734694,1946.27370918367,2265.02405204082,2230.18583367347,1638.06258979592,1979.55041326531,2259.63467653061,2288.35985510204,1879.7070622449,2402.7276377551,2270.37761714286,1817.35229591837,1996.14251836735,2254.14798061225,1737.08419693878,2252.81057795918,2277.9848877551,1911.52839693878,1938.69181632653,2168.09458367347,2312.76334183673,1862.23705102041,2204.89322040816,1841.05098469388,2325.11743540816,2138.32667244898,2288.16678163265,1869.62877244898,2091.76801081633,2272.06333979592,2054.71979081633,2175.18629285714,1883.64274897959,1947.1061255102,1714.03769183673,1895.64838979592,2040.44200306122,2599.80058265306,1885.66361428571,2161.33062040816,2140.19303571429,1884.5790377551,2060.89407428571,2022.45019183673,1928.80712755102,1949.27169183673,1384.10419387755,1862.58544795918,1813.25807040816,2003.68788979592,2319.94811632653,1811.86459591837,2229.68224387755,2172.90499897959,2401.29003469388,1774.75754489796,1723.34842755102,1779.81235102041,1733.30649897959,2011.92040510204,1927.03583367347,2592.04270510204,1908.99319693878,2672.43874591837,2119.3850755102,1972.1673422449,2144.00305714286,2128.66924591837,2087.98538367347,1805.16823265306,1643.04422653061,1807.97454285714,1565.34989428571,2248.14301326531,1553.44008163265,1799.67662244898,1994.94525102041,1989.70922244898,2806.52272653061,1907.76162346939,2329.36901020408,2360.53371020408,2485.57797857143,2131.82149489796,1858.81021734694,1535.64019693878,2137.02829591837,2003.83725,2329.89567755102,1787.68518979592,1898.26786428571,2182.50063877551,1999.49938836735,2276.99061734694,2140.14209795918,2441.01101428571,2160.54159387755,2557.30018877551,1988.65824183673,2060.95906122449,2060.08786428571,1764.58771020408,2092.73034489796,1982.48140714286,2056.30145612245,2115.4008255102,2029.56194591837,1714.25155408163,1629.40031469388,2286.32279102041,2348.14157040816,1982.7614,2045.78699081633,2311.09755714286,1984.26945714286,2087.91448979592,1853.99192755102,1795.14497244898,1651.32410765306,1855.58349591837,1949.4235,2031.47568673469,1766.75561428571,2035.59668877551,1746.16000510204,2202.73621938775,2063.84912959184,2262.66594081633,1654.55638163265,2062.01334081633,2164.54820816327,2039.35640408163,2814.69816122449,2126.30492244898,2294.04322244898,2257.43537653061,2110.11206530612,1577.76225612245,2240.10335612245,1832.70663979592,2034.48805714286,2228.44642244898,1989.90506122449,2012.93118265306,2043.93364081633,2095.2721,1952.35655306122,2180.75723979592,1882.20933469388,1918.86481938775,1720.4752255102,2383.49426938775,1985.06548571429,2165.95825714286,1950.1752877551,2363.54454285714,1865.37690714286,1939.3956377551,1985.14124591837,2051.54509795918,2480.51513367347,2223.54752244898,2320.99765918367,2648.81613877551,2309.16100204082,2003.25360102041,1896.90996020408,2207.2712244898,2235.89407755102,2369.73551326531,1988.81085918367,2001.30762346939,1573.65453367347,2213.32089591837,1799.55169081633,1751.5583255102,1366.9268122449,1810.51762918367,2026.36128571429,1879.59403979592,2309.63781836735,2250.64642755102,2095.36051632653,1935.08145938776,1726.56918877551,2098.89691734694,2367.33918265306,2311.54905714286,2193.51902010204,1489.50475714286,1799.84449183673,1967.12159897959,2028.13340714286,2100.29807755102,1852.3852755102,2258.51653877551,2117.68551244898,2171.27839081633,1999.41013571429,1537.04419285714,2386.46968673469,2304.45555,2243.73002285714,2124.42998877551,1793.71083265306,2032.69538571429,1946.98520306122,2237.92502959184,2147.32104693878,2176.76015918367,2244.19053877551,2235.52945918367,2029.36344591837,2008.22780714286,2006.73393877551,2163.16040204082,1882.08351836735,2161.05487346939,2389.02690918367,1555.51046428571,2024.20528673469,2059.35076122449,2095.72075612245,1515.46496122449,2009.27104387755,2012.55809183673,2257.22868571429,1993.14276020408,2094.69756428571,2192.46214081633,1715.84938367347,1827.44205714286,2068.45357142857,1711.59112346939,2263.64648163265,2132.9748244898,2125.57609285714,2147.31342459184,1911.50307653061,1943.45158877551,1867.80868071429,1982.5793122449,1738.32852142857,2132.81009795918,1472.29136530612,2421.02411428571,1616.17573367347,2298.75521836735,2450.53231530612,2192.6951377551,1883.36479081633,2361.51949795918,2126.27009081633,2070.26476836735,1590.23701734694,1889.78787959184,2279.26525816327,1874.93103602041,2409.42132040816,1756.58428183673,2160.56203877551,2105.15277755102,1925.11949183673,2023.96946836735,1836.50107244898,2193.74106285714,2270.56765,2221.12692142857,2531.05925,2013.09105918367,2445.42936734694,2187.14418571429,2061.64119183673,1863.47265204082,1632.27435510204,2161.65399693878,2372.23274897959,2231.26671928571,1959.95465714286,1631.57674428571,2259.16530714286,1937.11262040816,2111.89658265306,1598.88784387755,2188.07398163265,2197.02118979592,2781.72771265306,2014.51621938775,2051.44524387755,1809.01557734694,2152.87091632653,2261.93456632653,2257.27055918367,1547.43202040816,2161.07225612245,2228.6896744898,2483.96505408163,2285.71394081633,2143.94538469388,2347.94397346939,2081.1099144898,1914.8929744898,1762.02677959184,2287.67350102041,2156.27338469388,2330.18312040816,2673.72453367347,2054.58780408163,2221.06531530612,2262.97760714286,2083.4643255102,2014.61435918367,2569.69384387755,1863.30643673469,2021.52463877551,2009.24853979592,2061.16576122449,2253.97581938776,2165.28401836735,2078.46322326531,1570.48052040816,1976.92338265306,2610.01666734694,2549.55624795918,1929.64641632653,1880.09244285714,2374.31231428571,2262.93893877551,2345.49603163265,1726.96682959184,2194.12655306122,1906.58973265306,1578.35522346939,1354.11324183673,2200.86331938775,1811.18639387755,1679.56866428571,1459.58168163265,1945.94602142857,2009.05361663265,1929.91943979592,1901.22775102041,1848.90484061224,1744.27844489796,1429.11949897959,2646.34437346939,2016.80016734694,2876.98861632653,2173.05901020408,2086.17158469388,1722.82935102041,2160.08635306122,2112.17736122449,2023.74850408163,2052.8707377551,1620.55487857143,2162.68462040816,2276.8682744898,1931.59154897959,2078.73101836735,2303.04141530612,2658.3067244898,2067.75127142857,2194.57382040816,2211.45259489796,1856.94343979592,2175.84492244898,2582.13657244898,2201.23129897959,2477.08793367347,1788.73300183673,1977.52338326531,1406.00811326531,1972.60278877551,1875.75636836735,1849.8518377551,1686.5730255102,2355.03014897959,2285.67154693878,2141.46714081633,2064.77812959184,1907.77485306122,2116.23817653061,2213.25998979592,2052.44655408163,1558.63041326531,2194.82457857143,1735.60327244898,2064.39005918367,1628.52155918367,1821.25677122449,1957.11917040816,1866.05814795918,2055.01919081633,2098.92226102041,2200.74055408163,1897.00343265306,1836.3494255102,1969.25716326531,1814.94522857143,1990.42613979592,2462.72148061224,2108.32965816327,2189.81069387755,2168.87550408163,2316.40463163265,2422.56470408163,1630.45565510204,2551.70898061224,1689.89338979592,1996.84796632653,2114.14370714286,2088.72457857143,2031.0453,2107.21515306122,1938.63837755102,2370.91018520408,1873.3271022449,2265.83453877551,1280.45919489796,1823.0031744898,1841.39578571429,1884.45238673469,1986.22654081633,1992.89834693878,2498.41083979592,2031.30049387755,1865.54748571429,1643.59754387755,2008.9622255102,1930.64660918367,1614.48805,2183.3221877551,1912.22277857143,2592.70288265306,2152.35555612245,1769.89230714286,2026.85218010204,2131.18485,2043.26769795918,2125.67272142857,1479.57726408163,1943.58020918367,1918.93002142857,2066.5016255102,1574.57566122449,2169.58647346939,1977.06064387755,2237.8986244898,1907.71968979592,1944.74572857143,2436.01752959184,2109.09021632653,2148.63747877551,2163.55896428571,1795.32556428571,2354.45160714286,2114.79081020408,1994.92094489796,2150.12882653061,1943.48015714286,1724.33479693878,1958.97801938776,2054.51240408163,2107.42866122449,2206.51453673469,2143.45386836735,2180.83560102041,2296.19981632653,2003.9895255102,1628.56529693878,1961.45419693878,2135.61974489796,2139.85995510204,1989.91883255102,2095.8748144898,2013.33286428571,2244.12752755102,2038.5302255102,1995.29029285714,2277.76820612245,2256.00273163265,2581.74018979592,2581.75084795918,1955.53385918367,2254.93156530612,2034.2442622449,2040.63249489796,1565.9567255102,2289.79655510204,2296.52906632653,1980.74717755102,2474.29340612245,2245.4079244898,2016.50934897959,2177.39281836735,1686.45075612245,2018.73148979592,1573.96289489796,1703.64444591837,2202.35331734694,2192.19393367347,1683.90676938776,2245.45110714286,1827.47049183673,2281.25475408163,2062.22079897959,2624.61321938775,2264.05085581633,1815.62098673469,1811.68779795918,2545.55066326531,2222.1061705102,1980.21533846939,1903.08259714286,2378.93414183673,2438.38519489796,2427.74594285714,2229.79980204082,1686.39042244898,1887.00675510204,1926.37737612245,2320.9470744898,1938.57224387755,2106.2018122449,2007.36381938776,1955.7014377551,2311.51063673469,2043.44139285714,2137.44396428571,2525.29111632653,1426.43977755102,1885.94147653061,2099.87085612245,1960.07486632653,1766.06292653061,2068.59524591837,2396.12979081633,1887.30095918367,1808.19848979592,2359.98055510204,1756.29438979592,1823.19835816327,2024.86815,1547.35034081633,2150.42929897959,1787.54521734694,1745.27514489796,2185.89686734694,2153.20922857143,2261.72944489796,1785.45908163265,2147.68507244898,1913.61382040816,2609.12410204082,2186.57950306122,2059.74238061224,1980.35354795918,2069.40681122449,2202.49174081633,2255.60803265306,1825.24588061224,2621.24261938775,2322.30983979592,2054.60241632653,1763.27402244898,2203.48736428571,2093.98993571429,2985.23865612245,1856.09571071429,2046.3564377551,2100.3879622449,2314.68292755102,1980.4188744898,2174.53202653061,1946.11881632653,1966.41009183673,2431.20696530612,2171.93711836735,2449.41859795918,2433.84638979592,1815.69324081633,1890.89878163265,1871.30628673469,2120.41896734694,1545.81972061224,1649.14064183673,2001.03757653061,1800.98334387755,1952.60836836735,2115.52103367347,2414.76913265306,2201.64735408163,1697.30983265306,1981.88605204082,2041.20979081633,2310.72470102041,1899.95133673469,2487.3849122449,2158.62817857143,2508.88681428571,1885.82787142857,1696.30013836735,1915.71424387755,1757.64093673469,2075.68561938776,2096.05864897959,2107.61610204082,2187.39962346939,2591.0745,2080.0285,2369.93385,2509.67220102041,1760.6969255102,1820.76708979592,2322.22765510204,1924.26839795918,2281.9862655102,2366.47134489796,1512.09807755102,2117.37756632653,2427.32765510204,2053.26152755102,1842.16297755102,2384.25829897959,2064.3745222449,2209.67749908163,1948.70725785714,2230.26617653061,1543.48897857143,1808.78800204082,2161.72269693878,2450.84008571429,1800.35513469388,1764.41907653061,2399.57678979592,2134.68354387755,2656.30803979592,2387.16756632653,1913.24491326531,1996.75294387755,2100.21791632653,2064.96780714286,1489.66273061225,2312.82424489796,2798.4939527551,1881.32225816327,1949.15896530612,2082.14283367347,1945.3554,1973.67089183673,2188.91064795918,2470.67978367347,2368.18895102041,1867.45465102041,2256.64491326531,2063.88083979592,2034.82149489796,1880.73332244898,1998.2385377551,1708.64116397959,2431.59688510204,1735.07005714286,1968.70020857143,1950.26868163265,2200.66230102041,1833.6953755102,2610.69669897959,1606.48148061224,1865.62288877551,2107.66015510204,1999.07445510204,1920.05430612245,1728.05466526531,2385.25387173469,2307.00255306122,2253.43670918367,2029.9644122449,2312.06810510204,2103.21845,1093.64187857143,1926.41077959184,1554.08589591837,2016.98390091837,2072.64011632653,1915.84502857143,1792.80962755102,1638.61885,2109.85372142857,2319.14341428571,1906.3521744898,2100.82100306122,2161.1079377551,2211.9466377551,2208.9666377551,2215.56789489796,1808.89464897959,2421.37386836735,1748.54622653061,2317.53905816327,1590.4546877551,1711.18898571429,2052.31134285714,2192.93322244898,2532.86901938776,2665.53848469388,2063.91874591837,1259.37508367347,2028.56680510204,1732.64462857143,1850.90769795918,1950.77180918367,1832.74457734694,2203.14678673469,2218.3141755102,2112.74748061224,1801.2777722449,2171.84685612245,1992.72227244898,1755.71985408163,1683.11386530612,2402.33755510204,2206.47766938775,2125.94571632653,1839.28849183673,2662.60275408163,2260.46642959184,1844.42175510204,1844.52450612245,1519.44101428571,2377.22365102041,1862.9863377551,1677.6231744898,2413.24013571429,2342.36735204082,2246.50107204082,1968.05155918367,2595.87684693878,1832.29708571429,2505.60462520408,1906.16634285714,2281.08393265306,1681.00055918367,1932.45366530612,1992.2539122449,2378.78673979592,2358.00767959184,1911.01346020408,2097.1792927551,2055.54236020408,2056.12225204082,1947.27721938776,2172.14129214286,1857.19989897959,2119.6105,1782.00780102041,1880.91097696939,1890.29643615306,2472.07662142857,2004.62334081633,1845.19979081633,2029.2403755102,2164.51064591837,1914.36138673469,2144.4520755102,2251.37277755102,1885.57557959184,2497.48593673469,2124.92658265306,1803.09831122449,1983.78979795918,2163.94922346939,2113.15259489796,2146.58388673469,2222.56651530612,2005.60820795918,1977.84583734694,1603.9400622449,1600.50015714286,2218.93141530612,1725.55470612245,1752.54658877551,1707.88520714286,2301.90719510204,2140.70915204082,1701.72992959184,1777.92001979592,1648.06136938775,1740.14641122449,1805.27717755102,2148.22549693878,1910.90277959184,1547.74870816327,1626.2401377551,1861.10111530612,2220.90252857143,1760.63747040816,2577.84514285714,2100.90385612245,2105.52054387755,1784.12291632653,2561.81039387755,2342.33620612245,2217.85349285714,2202.56318367347,2198.38993877551,1906.99813163265,1556.89679561225,2445.61583061224,1748.06904285714,2025.68889795918,2123.93003265306,2452.51251806122,2169.63083673469,1993.77211265306,1968.29380612245,1945.49583163265,1888.60671836735,1959.09857959184,2163.63119081633,2186.56721632653,2103.62056836735,2033.90548673469,2091.32312734694,1761.74624183673,1873.98306836735,1921.27816428571,2163.55190306122,2274.97541734694,2070.40298163265,2104.00012346939,2215.11314020408,1690.83637755102,2042.43641938775,2026.91228673469,2325.40236020408,2142.01665102041,2418.20572030612,1426.11674510204,1723.17156122449,1919.03011020408,2216.37565408163,2365.64126122449,1883.82719897959,2307.48448469388,1692.99430836735,2061.85060346939,2244.36398673469,2158.61562142857,1449.31576428571,1972.41415510204,1991.10050408163,2115.52567653061,2015.88726428571,1997.34004693878,2147.7717,1868.78178877551,1594.74477265306,2117.39679795918,1622.52912959184,1734.74151163265,2386.8589177551,2249.76973979592,2061.05761938776,1985.6483755102,1774.60635102041,2055.36345877551,2111.24339591837,1854.01197061224,1588.73014234694,1644.89963979592,1720.84276938776,2047.57881612245,1988.4534377551,2181.18192346939,1865.56099591837,1887.19550612245,1982.55294183674,1927.77917244898,1813.85193877551,1831.24553877551,1978.85338163265,2235.19814081633,1738.78592959184,1744.63893469388,1921.46231938776,1854.54802653061,2043.08675510204,2049.24732142857,2141.27071326531,1648.61311244898,1582.33363530612,2590.45589489796,1842.22325612245,1859.03641530612,1933.49245918367,1860.18968632653,2184.11974612245,2000.21166836735,2188.94137653061,2152.59733265306,2326.46879795918,1753.37075,2242.96415612245,2054.41136122449,2069.90848367347,2071.39165918367,1951.67392244898,1874.5544122449,2172.23001020408,2143.65005040816,1769.11140102041,1802.3759377551,1965.27103469388,2183.59297653061,2259.39446428571,2182.42442857143,1826.7621744898,2091.93313469388,2249.62235765306,1752.0079377551,1685.68875602041,2068.60468530612,2152.41047653061,1855.47529489796,1940.35175816327,2030.96713877551,2410.00279489796,2190.61184897959,2152.63278673469,1779.76706836735,2254.93122346939,2721.61625612245,2029.73395612245,1860.62296632653,2177.79980204082,1763.36098163265,2117.53523877551,1597.35473591837,1917.76238061224,2278.23291428571,2305.10662040816,1941.13120918367,2654.12912142857,1898.92368571429,2000.23735918367,2037.30792142857,2342.50303979592,2057.69173163265,1771.73112877551,2174.44765918367,1952.2389744898,2455.5491244898,1647.2395877551,2212.65875142857,1925.2469122449,2250.07240204082,2341.61223061224,2382.43345102041,1701.23599693878,2005.77212755102,2114.45384897959,1786.31280306122,2634.78870510204,2113.01670306122,2407.32278469388,1362.58617755102,2353.74220204082,2208.29948571429,1801.73928836735,2176.7634244898,2047.90291836735,1615.8596,1934.15813163265,1975.79859591837,1969.32282653061,2156.28486326531,2087.76482755102,1958.67226530612,1592.02685918367,2096.90869795918,1895.22506530612,2158.3825122449,1655.61798469388,2000.6542755102,2267.4171377551,2151.18287653061,1690.22051428571,2021.43875408163,1957.49659693878,1823.14890408163,2430.61607142857,2033.24673377551,1900.52140612245,1728.53121938775,2016.94636938775,2042.58256122449,1990.61996122449,1878.66284183673,2092.66221530612,2001.77059795918,1939.20559183673,1971.34095204082,1884.72389795918,2223.24279591837,1481.26071673469,1670.70739285714,1956.4272244898,2009.30795346939,1746.13941326531,2034.99389795918,1864.88126020408,2428.76478571429,2037.07885306122,1552.66177857143,2140.6658122449,1997.93585,2133.17235306122,1980.9602377551,2287.85376734694,2600.15680795918,1970.19826530612,2097.80140510204,1854.86631122449,2331.25647142857,1542.38844489796,2747.21690408163,2115.23647755102,1412.84006734694,2293.56084285714,1963.38000612245,2175.74076938775,2093.94446938775,1968.07738367347,2298.01730661224,2257.38583469388,2577.54939591837,1864.56895142857,2360.70892959184,2142.79266326531,1811.93889693878,2037.80892142857,2207.5093,2002.36831530612,2104.62167959184,2109.82595714286,1606.17120918367,1974.57890612245,2014.6381044898,1838.86022857143,2546.99441530612,2227.76172346939,2001.69318367347,2336.21463163265,1170.49635510204,1887.85947387755,1838.47539897959,2008.27903357143,1617.42623367347,1959.58056408163,1896.96151428571,2090.02434285714,1920.20684081633,1989.99477479592,2042.12591510204,1818.01675,2213.66756530612,2067.15434387755,1751.40275183673,2682.97539183673,1837.19189693878,1558.80354387755,2020.41399306122,1999.65867244898,1970.9011122449,1938.95560204082,2174.83416836735,2109.68096122449,1848.70014591837,1909.58458469388,2634.30951530612,1877.61951530612,2248.51859897959,2171.8801,2235.62502755102,1597.76653061224,1902.04937040816,1954.12602959184,1876.29451530612,1711.88906836735,2078.27543061225,1995.82968571429,1722.76805918367,2087.92038877551,1993.27521326531,1984.72361836735,1845.40563877551,1816.72391122449,1960.84687857143,2037.98463979592,1732.89489081633,2179.47062040816,2390.7742377551,2394.85095102041,2253.24502857143,1779.51500204082,2058.32974081633,1627.67946020408,1617.77160102041,2186.93100408163,1831.26742346939,2089.94056020408,1473.65445969388,1959.23936836735,2088.2029244898,1838.96834795918,1953.4019377551,2078.64841326531,2016.68842142857,1960.96029489796,1899.03394693878,1797.76870204082,2211.87541020408,2277.19911326531,1771.54626326531,1673.97937755102,1624.86833163265,1765.52373061224,2197.82818469388,1922.15191122449,2370.85596938776,2203.37737959184,2210.71360816327,1877.41813469388,2058.46449408163,1516.11860612245,1964.05536122449,1514.01215714286,1937.87090204082,2561.5576622449,1722.97843877551,1339.98658877551,2058.56634693878,2110.92602857143,2508.60420816326,2183.21294285714,2126.97458469388,2418.62469387755,1799.04493714286,1830.89904081633,2547.63394897959,1936.19352959184,1365.42849387755,2158.32824489796,2567.97855510204,1915.89650306122,2445.64105510204,1935.6846122449,1939.40865918367,1700.72504285714,1836.12716122449,1880.3788877551,1737.70594653061,2085.14857755102,1981.15123163265,1938.03789540816,2408.89222857143,1936.19152346939,2310.87657244898,2066.17261020408,1894.24149693878,2247.84533367347,2640.70163673469,2212.89331836735,1959.58925204082,1851.95187346939,2068.94391734694,1782.72608469388,1831.92107142857,1828.73687959184,1716.85132346939,2242.78338571429,1821.82764285714,2041.85734897959,1440.79978265306,1547.84886938776,2259.28239897959,2128.08352785714,1764.70543367347,1875.71322959184,1999.12098265306,2207.86306734694,1962.82177346939,1994.34881836735,1956.31337959184,2292.78601734694,2135.45211428571,2355.39616938776,2141.58273061224,1937.4325255102,2213.45695612245,2112.82742040816,2050.51480204082,2250.49804693878,2158.30473979592,2023.02376938775,1988.49165102041,2148.89142755102,1755.56855,2058.13191632653,1551.86155714286,1843.15354591837,1800.15026734694,1521.91035102041,2306.07249183673,2081.07161632653,2042.46884132653,2314.50938367347,1995.25616326531,1949.38971020408,1893.60339897959,2434.43081836735,1921.48883163265,2116.52700102041,1442.60287836735,1643.97568673469,2653.1809255102,1634.19324765306,2030.65497142857,2648.62570612245,1986.71348061224,2185.97310306122,2150.4072622449,1899.21521734694,2267.85310918367,2057.17431530612,2105.07472244898,1623.68032346939,2136.73584081633,2215.79287959184,2257.73752755102,2038.88019081633,2120.97104081633,1784.10172510204,1827.16391591837,2181.48934081633,1962.06695510204,1845.74704387755,1846.88484489796,2128.97415918367,1828.35074795918,2202.0958877551,2268.90466091837,1710.22177755102,2394.92430102041,1956.31613571429,1986.47273265306,1869.84600612245,1903.22484693878,1994.39834591837,1758.5914122449,1882.60009489796,2221.07562653061,2025.83165612245,2047.49315091837,2061.36024489796,1950.4176622449,1959.81347244898,2276.90224285714,1719.32658306122,2044.20907071429,2160.36988908163,2054.65868265306,2546.56306836735,1770.48821734694,1727.81192040816,1780.54731020408,2440.24386428571,1732.32152244898,1997.18986326531,1898.53846632653,2220.69123877551,2111.73512040816,2179.28581214286,1690.78239244898,1680.06362857143,1814.77022857143,2246.38139285714,1937.71990408163,1954.38970918367,2148.16451632653,2206.62324387755,2037.89863265306,2130.88546020408,1945.61380306122,2392.83959081633,2109.03661836735,1982.53730102041,1883.94653265306,1792.81488265306,1962.57942653061,2025.96832142857,1749.01760510204,2036.29061836735,2093.66163877551,1998.68698877551,1987.86838367347,1880.57519183673,1634.36728663265,2146.04696734694,1966.29850204082,1723.94352346939,2221.86828877551,2260.07669346939,2216.23586122449,2607.60721122449,1704.96390438776,2066.70573163265,2595.78914387755,2251.51063979592,1982.47688877551,1960.92113469388,2324.9486777551,1837.85377244898,2177.61189693878,1595.15083377551,1796.89326836735,2134.51429693878,2280.43011326531,2095.66554428571,2131.38274081633,2140.81906122449,1989.45605714286,2225.96326122449,1849.12654489796,1925.80310408163,1990.42290816327,1807.99995510204,1919.52879081633,2317.06893265306,1904.89883979592,1883.55790102041,1945.91845612245,1946.74378071429,2378.09311122449,2129.85396938776,1436.61191326531,1749.9668377551,2511.52455938775,2400.67254295918,2093.45770653061,1884.55660102041,1521.40030204082,1966.35700510204,1776.75482653061,2150.86030102041,1759.66043571429,1971.97848877551,2386.37821938776,1564.48149795918,2157.55082346939,2084.84245204082,1896.97986530612,1967.82927142857,2339.35837040816,2182.23654285714,1691.05327030612,1733.19168255102,1716.06467244898,2092.25228979592,1601.10732755102,2063.58060204082,2037.87474183673,1962.44585306122,2215.91910612245,1458.43831734694,2370.58910510204,2123.04808673469,1895.28273367347,1929.34705408163,1928.28534591837,1386.99261122449,1957.36450816327,2070.85103367347,2255.81591428571,2349.72119897959,1989.74245,2171.50390204082,2317.36716632653,2015.21104622449,1815.89384489796,2244.88436122449,2099.52379591837,2124.16900816327,1891.89425510204,2128.19153061225
46.0612244897959,2252.50994387755,2277.3987377551,2027.08687755102,2586.80966530612,2282.08979897959,2619.42832857143,2114.10556020408,1869.5718755102,1959.99519591837,2127.24783265306,2326.45339897959,2017.09766938776,2213.1657494898,2053.15009285714,2325.80266938776,2102.58469183674,1995.59867959184,2290.38857959184,1768.25696938776,2494.5748877551,2164.91060510204,2338.07578571429,2067.52239183673,2339.1180877551,2695.88362142857,2535.95195,2230.84473265306,1642.26740469388,2121.91093704082,2176.04760612245,1063.85163204082,1902.84892346939,2224.10689040816,2171.09594693878,2049.19477142857,2242.71400612245,2510.02888673469,2411.61736714286,2174.69500306122,2318.06153979592,2099.0111877551,1842.60228367347,2042.96547826531,2334.1381244898,2100.81393979592,2400.5925622449,1896.95528979592,2548.96126979592,2055.13765816327,1718.9744255102,1842.96261295918,2536.47757653061,2130.25745204082,2264.90803571429,2172.93340306122,1754.33186122449,2295.22146326531,1875.5000244898,2011.01768673469,2066.23846530612,2276.70912714286,2167.5631744898,2370.62218469388,1783.79526326531,1993.7816755102,2306.43618673469,1895.06536326531,1830.44768081633,1886.61794081633,2068.44190306122,1757.15507040816,1993.43270408163,1894.44363877551,1896.94095102041,2038.29775408163,1679.00328979592,2085.51796040816,1742.05720918367,2285.14378163265,1945.59469306122,2076.67768673469,1863.85485918367,2116.61948877551,1879.05425204082,2259.71909489796,2469.26764897959,2000.01156734694,1670.12712346939,1531.27912857143,2607.44024591837,1745.60298163265,2070.08530163265,1830.57774021429,1967.50599285714,2222.1810622449,2086.16199306122,2091.91768571429,1940.71781836735,2119.78879387755,1939.18194081633,2182.03069387755,2184.12694693878,1924.90936020408,2072.25802755102,2210.30671755102,2439.12199693878,1440.89046734694,1899.27098428571,2056.01130204082,2375.25769591837,2157.62887653061,2179.55466020408,2145.63099795918,1560.26476938775,1942.18872571429,2516.75271428571,2096.03611836735,2151.12918061224,2237.00502346939,2322.24944734694,2214.23259693878,2031.87831734694,2068.37573346939,1896.0324122449,2639.86357153061,1996.06996326531,1790.62046632653,2145.11207040816,2456.04381938775,2519.4399744898,2094.3521122449,2387.1834122449,1728.29429081633,1899.14048357143,2149.28480908163,1843.83143734694,2198.60847857143,2618.74266428571,2104.50281938775,2357.9924755102,1650.33940102041,1963.01949693878,2018.25978673469,2239.66825612245,2307.96138571429,2340.08171632653,1932.83610816327,1927.05185,2019.62057142857,1983.1090122449,2372.74883979592,2364.13027244898,1550.65356734694,1932.87900102041,1740.55405510204,2112.09477653061,2048.82530510204,2300.57219897959,2131.9239977551,1866.17674591837,2015.23573285714,2118.2352755102,1697.53146755102,2194.53285306122,2061.29982040816,1867.98034387755,1933.80721836735,2145.5802,2067.27496938775,2328.04990057143,2359.80223469388,2173.67676020408,2097.81214489796,1726.26937346939,2238.67982857143,2249.5337377551,1871.31333877551,2259.4703,2005.76568367347,1880.4977427551,2234.84254581633,1881.52945204082,1999.25954489796,2311.33421530612,2319.93794183673,2372.92781428571,1848.36022142857,2406.10839693878,1838.86018469388,1903.16850918367,1845.53622653061,2138.4040755102,2025.34631836735,2547.91703061225,1750.68521938776,2309.72586265306,2116.53084897959,2289.00673673469,2350.20398877551,2127.99295918367,2681.55946489796,1752.50962040816,2194.88986122449,2166.58887959184,1799.3664122449,2187.56024285714,2227.37048897959,1828.25889795918,1816.78903469388,2329.99369693878,2063.37163571429,1900.27565306122,2208.65064489796,2096.28136632653,2258.35332,2352.82192040816,1849.31958979592,2428.96622755102,2262.96306020408,2208.3634622449,1626.12876346939,2316.0029622449,2279.45724897959,1625.9770877551,1695.95612857143,1759.31196326531,1833.31208979592,2153.41398571429,1897.35168673469,2051.69433244898,2056.33377857143,2472.64417142857,2271.84165510204,2416.13018673469,1954.85618877551,2057.46215,2030.34415918367,2180.02649897959,1317.33779897959,2485.04292346939,1803.04097040816,2127.30620714286,1478.74066326531,2249.98499285714,2073.89056214286,1796.60314183673,2189.13527142857,2266.75162244898,1965.73352020408,2222.59367785714,2323.88927887755,2372.6931122449,2309.14316326531,2476.21924183673,2012.32794357143,2434.08825918367,2247.89704081633,2657.55903163265,1782.6165255102,1927.17705918367,2292.5161755102,2409.82488163265,2315.22297346939,2252.05619795918,2229.7443244898,1994.13414897959,2219.04895510204,2178.13955102041,2027.95381428571,2067.0758755102,2223.96843520408,2177.3614255102,2114.11534795918,1832.95669591837,1796.92050102041,1707.32549591837,2540.15358061224,2121.02845408163,2282.2545122449,2335.03833571429,2053.0763755102,2469.23127857143,2622.32913163265,1682.99830540816,2229.08549183673,2328.20387612245,2192.27637755102,2077.68367826531,2189.51690816327,1958.60588673469,2077.35539591837,2183.64850612245,2064.42048979592,2233.44166122449,2702.12581734694,1850.39821938776,2471.52110204082,2153.01567142857,2216.28298163265,1765.21847979592,2224.72875816327,1907.61427408163,2523.13808061225,1792.10061836735,1866.64168367347,1937.82276561224,2007.58551387755,1965.10517857143,1467.85331122449,1949.53989489796,1962.32334489796,2462.86493163265,2147.18678367347,1800.62830102041,2053.59173367347,2249.08599183673,2639.75707040816,2129.15788571429,2196.63190816327,2020.40814693878,1459.2809622449,2207.83689693878,2717.77770204082,1791.08366836735,2256.67048163265,2496.32747653061,1481.42667653061,2057.60076346939,1855.62775612245,1637.22169285714,1941.94306938776,2480.89018571429,2485.83313979592,2081.81255306122,1866.56570408163,2143.41619897959,2228.86586530612,2092.3020744898,1895.35866295918,1480.18157142857,2142.80644081633,2214.50727755102,2338.05477571429,1658.71015204082,1847.02554081633,2107.93147653061,2053.05280918367,1669.48157244898,2301.27867346939,2025.07476071429,1805.95424183673,2074.40768265306,1753.76873367347,1901.38021734694,1988.02538265306,1649.72567244898,1586.03165204082,2068.44492857143,2198.91379693878,2215.0595377551,2199.92899612245,1870.93510612245,1887.45748163265,1802.92634387755,1979.01786530612,2021.11363571429,1656.13926428571,1440.2752377551,2170.24191530612,1690.13026938776,2167.15841836735,2047.1415122449,1722.85390204082,1796.71514081633,1921.19060632653,2075.89837755102,1948.55486061224,2010.37325306122,1772.4515755102,2260.77892653061,2230.81363469388,1940.1487622449,2183.97254081633,2239.7075877551,1793.28390918367,1261.40873571429,1881.20434040816,1974.20780918367,2582.2786244898,1898.2972122449,2316.98110510204,1955.0948122449,2314.1181744898,1788.40715,2227.37285816326,1958.17366530612,2351.09073326531,2741.90073061224,1619.77652938776,1811.88621020408,1709.22360408163,2133.23955510204,2073.63226734694,2432.50918061224,2378.59233571429,2122.85177142857,2437.52708061225,2341.95143877551,2532.63673469388,2166.08091836735,2082.7827244898,2264.88455204082,2374.05236326531,2504.87995918367,2063.89004693878,2298.62793265306,2175.40521020408,2079.3794244898,1769.61858071429,2005.84772142857,2228.77518265306,2614.87930408163,2052.82739591837,2188.4414622449,2339.44851428571,1944.56039795918,2118.42904183673,2019.66424918367,2024.78027959184,2126.42412653061,2081.06369489796,2021.58102040816,2182.35026122449,2727.44264,2917.56169591837,1622.27630816327,2224.18158265306,2310.69379897959,1685.7025377551,2073.54946938775,2184.67409795918,2005.43879693878,2137.40397755102,2081.19172959184,1982.0088622449,2177.37294591837,1633.03736632653,2205.90716428571,2145.52180408163,2053.90816632653,1538.66733061224,2190.83032755102,1932.44703673469,2192.11574693878,1877.15987142857,1885.27183163265,1728.82186122449,1894.64234897959,1991.1941255102,2461.83598163265,2379.56993265306,1582.73871836735,2684.30669387755,2557.30409183673,2520.79390612245,1955.92003183673,1835.83014918367,2281.01589591837,2331.80696836735,2073.48358367347,1929.0058755102,1745.76193214286,2295.20437755102,2023.94864897959,2304.74183367347,1934.36947142857,2190.70736428571,1807.75790204082,2108.59985918367,2683.91135,2543.85613265306,2303.36810816327,2482.48121122449,2137.87878,2356.92208683673,1390.48859591837,2378.70868673469,2042.63333367347,2452.0477744898,2384.64560204082,2370.72655714286,1532.02504081633,2025.74069081633,1814.41378469388,2049.64772244898,1987.41028816327,2194.1575877551,2304.59584755102,2244.68578061224,1913.81944897959,1756.38805510204,1914.65669591837,2414.36347959184,2065.28189183673,1976.17618571429,2350.76856428571,1894.34839693878,2078.83935102041,1852.8581177551,1633.02265204082,1885.68147653061,2125.46396632653,1959.0259877551,2163.01262653061,1948.12042142857,1915.82625877551,1767.39608979592,2390.75040612245,2481.04609285714,2083.5313877551,2417.34943673469,1876.88188061224,2031.74520816327,2131.27301734694,1568.15488071429,2516.18441734694,2194.48399387755,2068.36020714286,1762.65241938776,2021.03009693878,2153.61629489796,2224.03451122449,2217.41730306122,2239.79624489796,1613.40498285714,2175.58580306122,1800.33558163265,1526.9616255102,2019.93381530612,2208.31374693878,2119.60133367347,1952.49092346939,1915.23510612245,2054.30394795918,2102.94316020408,2261.84212653061,2351.6705122449,2316.77760459184,1809.82805408163,2104.1249572449,1995.95041530612,1864.56906938776,1390.17355612245,1416.18895714286,1885.78343979592,2698.19789387755,1570.67487857143,1821.18766102041,1768.14968846939,2080.17312346939,2009.0096744898,2454.79991326531,1372.34057887755,2063.27113163265,1993.87718571429,2014.83415306122,1953.86425612245,1833.19796734694,2188.29358163265,2102.66758367347,2138.04582040816,1835.5050622449,2152.63395204082,2302.84411938776,1927.52068346939,2201.84219795918,1643.71686734694,2451.96089897959,2184.42032653061,1960.25446938775,1878.95391530612,1870.3406755102,2234.40557938776,2068.17059183673,2102.73567755102,2484.33630714286,2195.34833469388,1516.77734285714,2359.71298265306,2055.85760714286,1918.39410102041,1976.00986734694,2063.77939387755,2136.03422489796,2141.88668469388,1547.15843122449,2229.02418571429,2433.63669591837,2119.66238163265,1760.37831836735,2155.1283255102,1751.64813183673,1948.39799795918,1908.17519377551,2165.04772653061,2476.19482112245,1931.79255204082,1908.9502222449,2288.41187346939,1753.86522653061,2098.1668255102,1880.29600214286,2058.77042959184,1979.88542142857,1898.45116081633,2297.75118265306,2276.13551734694,2622.74575204082,2278.24639795918,1947.22725306122,2280.14691122449,2133.62576428571,2042.42066836735,2251.47844795918,1640.38574693878,1637.28381428571,1928.93031122449,2251.81191020408,2225.3709622449,1768.36353367347,2206.44716734694,2036.5960122449,2043.79569897959,2058.99527244898,1738.51998571429,2099.17230612245,1842.73230612245,1593.64793061224,2123.71939489796,2195.85359693878,2062.46780510204,1847.37440816327,2031.05839918367,1704.33240714286,2043.87861020408,2086.67209591837,1483.12874183673,1979.61238265306,1906.77713571429,2236.84668265306,2358.71153571429,1749.41801346939,2121.54298979592,1913.36466326531,2218.94729387755,1726.03490816327,1962.55029285714,2106.39908367347,2125.15853469388,2241.63512346939,2393.38565469388,2215.6502622449,2351.63696806122,2635.06073938776,1953.27224693878,2000.75429387755,2371.49075510204,2032.55183367347,2771.45975,2754.38600408163,1842.11314591837,2264.81620714286,2637.47725306122,2211.52068163265,2029.14475,2435.38735918367,2517.49782653061,2021.93389693878,1869.67027142857,2221.27947244898,1857.50913061224,1678.79566734694,2190.40950918367,2275.79818265306,1627.62286326531,1897.08306734694,1978.66377346939,2010.98113469388,1503.24802755102,2376.23121326531,2025.44469020408,2478.31292744898,2136.95321734694,1806.12960816327,2131.36703265306,1766.08397938776,2274.32786265306,2211.99892857143,2136.88403844898,2090.55343979592,1951.40691836735,1639.86001326531,2623.75613571429,2179.9221755102,2090.25018061225,2479.66771734694,2607.71005816327,1773.4006377551,1866.53462755102,1948.91453367347,2239.54475408163,2276.57786836735,2299.15287755102,1721.91277857143,2235.75019285714,1959.19705306122,1841.72832959184,2205.1937855102,2247.94344897959,1939.71198061224,2110.72865306122,1752.39242377551,2432.3329622449,2525.25249489796,2567.00380816327,1909.12038673469,2097.05958877551,2426.06319693878,1789.87537306122,2014.67744795918,2054.27777653061,2140.5705122449,1723.95503367347,2038.33962040816,2208.60571428571,2172.51572040816,2436.55755918367,2358.5357377551,1621.13909693878,1956.82424265306,2045.52054897959,2123.61222142857,1992.69375,2066.55216836735,2684.52266714286,2241.94252142857,1938.21701938776,2040.21260204082,1898.31648265306,1605.5405622449,2237.62332244898,2289.67847346939,2067.9289755102,2363.02354693878,2051.83680918367,1991.13881122449,2834.8864,2503.67700612245,1948.44512040816,2164.45587989796,2102.63208673469,1828.62668346939,2080.37110204082,1816.1292122449,2072.67914081633,1509.15660612245,2104.13110510204,1679.96512755102,1785.24462346939,1814.15034897959,1955.0000327551,2346.50657653061,2439.97220510204,1960.46081989796,2058.84107346939,2287.9894377551,2130.86092040816,1916.35835897959,2166.24833877551,2114.14975204082,1814.87496530612,2239.97671632653,2450.39651938776,1858.73061020408,2343.91389285714,2204.90755918367,1823.52701122449,2403.07250918367,2274.8411122449,2051.27709081633,1460.89860204082,2021.44454489796,2015.69798571429,2078.16719408163,1601.82150816327,2186.19778469388,2562.96770408163,1702.48431326531,1890.75370816327,2124.0215744898,2063.56314326531,1897.46784693878,2894.26529489796,2287.43683877551,2067.15765918367,1471.51246836735,1844.32161428571,2168.79046836735,1922.35809897959,2121.46524591837,2017.37871428571,2230.98904897959,1843.57170918367,1814.61197346939,2174.44004081633,2227.06489795918,1945.62719285714,2168.5758744898,2178.43338979592,2035.73159591837,2236.89118265306,2104.2507877551,2319.83924346939,1851.41003642857,2151.43128459184,1287.08938979592,2007.72618265306,2323.23268163265,2627.36035306122,1650.45887653061,2193.39380510204,2524.79110714286,1794.94208979592,1816.25139387755,1794.79001122449,2172.79125918367,1851.76933163265,2185.17307857143,1776.35671836735,1999.62625714286,2115.31741836735,1992.8843255102,2185.95904489796,1861.65467632653,2366.10360653061,1998.58856326531,1816.02625510204,1972.09798265306,2075.7238377551,2079.30651938776,1963.66555836735,1695.03009693878,2185.98958061224,2200.44330816327,1493.00789489796,2083.54331204082,2159.74483979592,1719.7494244898,2111.44878469388,1767.84447040816,1989.26512561225,1758.67274183673,2179.14146938775,2332.03178367347,2077.17836836735,2211.63466122449,2153.29373061224,1752.49968061225,2271.17572857143,2656.45874285714,1897.84108571429,2082.25101836735,1981.81988367347,2000.07383877551,2137.46361326531,1900.9175,1568.87285510204,2086.72772346939,2278.05223061225,2116.0133377551,2032.77235918367,2089.86685,2024.59499591837,2145.79967244898,2028.72094795918,2248.06898571429,1883.01795714286,2100.96594387755,2087.12765918367,1668.51413897959,1520.35663428571,2018.23845346939,1448.42197387755,2022.15461877551,1591.71721938776,1747.59269897959,2392.3016244898,2175.1263755102,2372.86482959184,2192.41209183673,1513.80122959184,2475.07214,2051.36084897959,2215.85559693878,2500.23139693878,2097.38861632653,2021.89585510204,2679.18903102041,2133.42977142857,2173.21462693878,1869.52270510204,1859.13766836735,1946.42391530612,2102.05905408163,1841.87409081633,2330.58113877551,2042.65364897959,1924.82184591837,2073.80475102041,2189.87572959184,2448.04449591837,1786.11919693878,2041.37915102041,2042.38596020408,1783.3144122449,1859.46203061225,1865.37260408163,1888.48229897959,2403.15810612245,1905.23604591837,1852.01950408163,2510.86233877551,1686.67538673469,2097.58781040816,1658.16160816327,2104.68693979592,1952.32399285714,2365.55975612245,1909.45771122449,2246.26493469388,1907.01473795918,1730.61026326531,1646.10315408163,2406.27461938776,2383.79792142857,2019.74599142857,1788.69479387755,2055.08267244898,2009.77711122449,2304.46503367347,2132.03986632653,2274.37906020408,2211.91459081633,1711.32429897959,1620.73353061225,2349.29338571429,2359.41110102041,2139.71855510204,1788.65493877551,2161.55138367347,1924.24476673469,2116.36298979592,1905.96722142857,1791.14748469388,2233.61297653061,2403.48012040816,2102.71757244898,1984.08067285714,1912.09188571429,1705.8801922449,2158.09738571429,2383.90848673469,2098.75112040816,2314.58213163265,1824.96079897959,1758.09209081633,2043.55878265306,2116.20981326531,2202.17735102041,1514.63454285714,1916.04733326531,1934.87862591837,2557.75050428571,2160.89270714286,2351.8552,1953.33900408163,2436.81334387755,2126.91299387755,2010.88460102041,1424.44325306122,1484.59954285714,2279.89275204082,2157.24311122449,2522.10204040816,1986.70394285714,2002.0607277551,2074.8250744898,2337.17187346939,2294.11858367347,1977.48530510204,1805.76144183673,2258.49259081633,2070.42413673469,2654.47765,2107.22829795918,1934.9936877551,1869.50292857143,2023.47007142857,1871.66207244898,1508.69582244898,1927.40054081633,1793.32612020408,2422.1133244898,2270.19845306122,1672.3704527551,1817.29537346939,2170.53404081633,2017.47232959184,2431.463,2080.72171938776,2166.70634,2323.55266959184,1604.56275306122,2391.42800387755,2159.40521102041,2035.41654183673,1983.21676428571,2079.60382857143,1770.7193877551,1950.82505612245,1597.25952632653,2066.52443469388,2215.62205020408,1822.47613163265,2057.35890612245,2064.85009795918,1968.10453979592,1800.87727479592,1984.81997653061,2176.96054489796,2689.68387857143,2249.69242755102,2019.41824795918,2026.11747142857,2175.35116867347,2280.47370510204,2223.33159183673,1852.3894377551,1637.31702346939,2197.10453265306,2066.73001530612,2187.7296255102,2129.45620510204,2078.56524897959,2003.81467653061,2688.05773367347,2457.43204183673,2102.04862346939,1488.24694040816,1463.55519285714,2003.79398897959,1703.75169897959,2190.26976428571,2403.71451020408,2324.52582040816,1988.23872244898,1991.77398469388,2046.04365408163,1755.59499285714,2781.60728367347,1904.09084285714,2462.99046836735,2362.51284387755,1919.58615908163,1802.36811816327,1910.46513469388,2141.78477959184,2123.29236530612,1598.79115612245,1853.07745326531,1747.62371938776,2368.28854918367,2333.9781,2098.05047142857,1971.26645102041,2013.83448979592,2138.53079387755,2388.43587959184,2254.82592959184,2553.61879387755,2293.29675306122,1671.42724387755,2246.43706836735,1870.25512244898,2776.30931938775,1855.95282306122,1818.64655561224,2195.86122653061,1863.58133673469,1476.1006255102,1538.99828571429,2177.27901836735,2261.54215306122,2059.75076989796,2243.01336530612,2335.83803571429,2010.55466122449,1691.45416530612,2684.85532653061,1988.75210408163,1753.65232612245,1950.95059693878,1592.28680204082,1636.86036734694,2205.1530877551,2420.1617377551,2643.64149183673,2635.49224387755,2240.71158673469,2070.62844489796,2187.48537857143,2116.41370142857,2261.33933265306,2134.46103367347,1481.66055816327,1780.24537244898,1587.39739489796,2075.54213265306,1345.0088377551,2235.47903979592,1964.46402142857,2347.97743571429,1753.00158163265,2205.75941632653,1766.39224897959,2100.57875,1938.90793255102,2345.58760102041,2139.60275,2279.97114183673,2409.33271428571,2464.45077244898,1758.53357244898,2191.95268040816,2187.60724520408,1906.17507244898,2225.54357142857,2370.86515459184,1828.35154897959,2346.92770510204,2068.74555714286,2429.80664693878,2011.89216530612,1797.27699285714,1946.84214081633,2193.8302255102,2089.26412959184,1791.33442346939,1874.06803265306,2080.76821020408,1776.87850408163,2144.34365408163,2131.70374285714,1832.93079795918,2219.65514183673,2078.85656163265,2107.00277183673,1625.7015877551,1865.45968265306,1803.27684591837,1868.19503571429,2349.05116326531,1944.43896489796,2281.02848367347,2321.15023265306,1758.18810510204,2048.56596836735,2107.09593265306,2450.90954591837,2532.75066530612,1714.43421612245,2009.12296122449,2031.51343163265,2077.75865408163,2403.63030102041,2297.09611632653,2046.16985540816,2759.33419204082,2101.29013163265,2253.24394693878,1759.33231836735,2394.10530102041,1528.8837,2261.75997244898,2098.96172857143,2421.01984183673,2217.5298744898,2509.65146632653,2247.24190714286,2053.85539285714,2291.03646326531,2761.41112959184,2204.47884285714,1758.82223367347,1852.94921122449,1780.22125816327,1995.42520816327,2755.87051632653,2027.21733979592,2117.08332244898,1991.66879387755,2268.35983367347,2167.38585816327,2668.23452857143,2041.53858836735,2077.12494693878,1633.33989795918,1949.22080571429,2000.79535612245,2632.56995204082,2010.82281530612,1823.55359489796,1545.72409387755,2170.72038673469,2264.56714081633,2123.81766795918,1805.95555816327,2018.09359183673,2121.38060204082,1866.12235530612,1969.39203469388,1424.0276755102,1797.62497632653,2282.42970510204,2052.25707653061,1891.51209795918,2213.10917714286,2319.22308642857,1929.30533061224,2120.4241122449,2254.18242653061,2208.52499285714,1955.8998722449,1874.66204183673,2384.29945714286,2163.26217897959,2369.31008163265,2052.55098673469,1879.64495408163,2174.69904030612,2005.63430816327,2263.12300612245,1690.86666714286,1858.09871714286,1808.41331326531,1979.10830204082,2585.41922285714,1889.72966234694,2240.07750918367,1957.63914693878,1934.09846530612,2086.62297142857,2167.91436632653,2130.22275183673,1929.89935714286,2021.62266326531,2425.77855408163,1754.09499183673,2304.83586326531,2633.04851734694,2509.40065816327,1988.19050816327,2033.57906122449,1707.21339285714,1652.49660918367,2007.74951734694,2030.06767959184,2261.16238265306,2375.7475244898,2027.77781020408,2003.06230408163,2033.51175153061,2194.45497244898,2181.11865408163,1912.90423061225,1632.23669693878,2400.93450622449,2414.96052602041,2009.61606459184,2260.91089897959,2276.10129526531,2180.20503265306,1520.15462857143,2382.75386428571,2205.23361489796,1761.01103163265,2166.72089897959,1840.32867836735,1897.39825816327,1722.20829693878,2026.71689489796,2238.83487755102,2152.02453877551,2009.04663061225,2387.32803367347,2076.88334285714,1924.04728265306,2106.44784795918,2231.10273061225,1906.26053265306,2201.07466906122,2230.18448489796,2186.48028469388,2014.86104008163,2216.44222040816,2409.34757285714,2172.8304244898,1618.80512816327,1540.73142653061,2390.59366530612,1986.60877346939,2359.32218571429,2301.10829826531,2106.6321877551,2223.06574897959,2334.49484285714,2094.65753877551,2388.87036428571,2266.82068979592,2540.73334897959,1649.06141122449,1973.4993744898,1509.94135816327,2245.01322857143,1840.46689489796,2132.21639591837,2130.29231836735,2377.92835336735,2186.28689285714,1915.10242979592,1962.12926571429,1836.12225571429,1482.16811836735,2271.00183673469,1859.16901816327,2234.60849183673,2153.64654489796,2147.17963163265,1980.29255183673,2231.15920204082,2134.02058020408,1820.95692142857,1564.55694081633,1894.17947142857,2117.02970469388,2434.38204081633,1774.63402142857,1626.42599489796,2783.54506938776,2135.62337755102,1565.25828571429,2500.81814489796,1883.05761122449,1879.81168367347,1609.73235102041,2171.54380204082,1754.56239387755,2127.71512857143,2558.81197806122,2258.37363673469,1920.48895,2079.70029010204,1935.73516326531,2251.66406530612,2063.07620918367,2099.58542163265,2205.73943979592,1411.01150306122,1906.41112959184,2009.77713877551,2343.73054387755,2062.17558877551,1490.74537653061,2178.34918061224,2026.26851040816,1760.11664530612,2370.5063122449,2209.21527959184,1936.36606734694,2073.32780102041,2644.70046938775,1931.39314183673,2674.29952234694,1962.7534722449,1897.31333265306,1945.04559102041,2290.99885510204,2176.20479795918,2008.75765714286,2554.05463061225,2017.19915816327,2330.33210714286,2448.06500204082,2160.20166734694,1626.0309622449,2352.97486530612,2639.56364081633,1915.8158744898,2152.63049795918,2136.15959816327,2533.96196428571,1982.86640836735,2110.48859795918,1823.36139081633,2300.82429693878,1652.7674255102,1970.57617918367,1857.35420816327,1851.86336081633,2533.93630408163,2196.27169387755,1988.25515918367,1846.70464285714,2429.59790489796,1967.41337897959,1563.7211755102,2295.3814255102,2479.12582346939,2078.43210408163,2250.15708755102,1931.59759040816,2118.73139081633,2260.43514591837,2564.82141938775,1803.79370408163,2051.35426020408,1979.85475438776,2384.28813367347,2071.99542142857,1456.35949489796,1850.19104530612,2254.53420510204,1704.44952857143,2164.8455377551,2223.78692244898,1999.00195714286,2155.1810244898,1621.86165816327,2493.19152959184,1912.46739387755,1892.6320244898,1979.64351530612,1480.93225612245,1915.5389372449,1816.01600204082,1928.05827959184,2120.93116122449,2161.45199489796,2511.30172346939,2065.52258265306,1691.71465204082,2412.15745510204,2093.40686734694,2114.04628795918,1813.54164183673,2023.40630918367,2328.66231734694,2055.5384744898,2047.38257755102,2133.86684183673,2069.7367744898,2065.85834897959,2208.94083326531,2388.17990428571,2474.24603673469,2421.6975827551,2228.97805602041,1798.63646428571,2032.40379795918,2230.52582346939,2036.93679081633,2374.51090408163,2452.82598163265,2615.35997653061,1953.93653061224,2104.17238367347,2211.36898877551,1799.86949081633,2314.00136020408,2201.43599795918,2139.86079897959,1777.16462755102,2114.76524081633,2052.23757040816,2569.33673673469,2262.26206530612,2212.04277755102,1905.2822377551,1903.7374755102,1775.4139055102,2361.19041530612,1637.80170367347,2189.34590102041,2174.90691020408,2142.66309183674,2079.8724622449,2708.4698122449,1377.50545510204,1917.9761255102,1852.81899183673,1619.94834897959,2429.66036020408,2067.54402244898,2146.80953673469,2274.08387959184,2161.79323367347,2251.84456428571,2173.6010244898,2590.26493163265,1819.58916326531,2317.61024387755,2307.82543877551,1937.82574387755,2306.62800122449,1872.76701836735,1708.62749183674,1637.46865408163,1765.85349897959,2278.78980510204,2117.674,2072.56369632653,2014.9335755102,2304.12109693878,2297.7661255102,2605.5477877551,2075.76961428571,2764.85175816327,1892.60616530612,2032.83196836735,2612.68629020408,2107.73877142857,1692.77272040816,2454.80281428571,2213.95870816327,2095.4494744898,2204.70371163265,2102.85706938776,1996.21327857143,2249.93000510204,1959.55430714286,2063.82975653061,1751.00920204082,2227.19878469388,2427.68558367347,2067.38483469388,2633.6588622449,2032.09106693878,2050.55592653061,2259.06870306122,1949.48092346939,1965.77817244898,2195.05199489796,2148.00029591837,2460.73963673469,1752.80575306122,2334.46507040816,1789.8578244898,2036.38058061224,2038.53741346939,2293.23285306122,2311.17034591837,2236.94733387755,2053.94642857143,1880.62392142857,2233.8154244898,2023.00437673469,1673.91834591837,2025.71819795918,1820.95779418367,2722.26481020408,1961.52055714286,2048.49121428571,2227.87796020408,2133.52347530612,1956.75211734694,2004.65526734694,2191.26050408163,2336.32451020408,2497.57597142857,1668.68652755102,2250.54831938775,1778.17328571429,2123.2083377551,1865.23696020408,1859.48219183673,1706.60794489796,2541.65417244898,1916.01504081633,1919.99266,2183.85823836735,2193.79000244898,2617.35963469388,1893.82463571429,2102.00782857143,1698.6516744898,1894.96145612245,2132.12873163265,2086.50186326531,2128.33674591837,1935.64701938776,2282.5750377551,2079.92744795918,2588.13225867347,2033.75834285714,2171.21582142857,2439.32217244898,2363.7414255102,1988.33038571429,2507.79481632653,2123.91344040816,2190.63926734694,1982.24017030612,2124.37150612245,2143.01052040816,1939.19435306122,2339.88544816327,1855.36846938776,1944.6860255102,2282.2178377551,2058.16245816327,2052.6227244898,1978.26780020408,2178.31292040816,1483.96637244898,1846.09183061224,1606.49866122449,1990.07271020408,2700.48615,2243.2007622449,2047.47916122449,2211.80851530612,2108.74859795918,2151.61266326531,1713.34563469388,2224.11501938775,2695.15857959184,1733.71771938776,1922.24781122449,2312.49142010204,2237.24110510204,1901.17929081633,2260.34892857143,2259.63209081633,2271.73247959184,2264.53670510204,2352.53544081633,2103.40966326531,2278.92725204082,2083.73890346939,1689.7985255102,2466.88488673469,1823.15616122449,1867.79703469388,1942.19899489796,2011.7008877551,2269.24347244898,2263.95828061225,1778.93749704082,2158.39689510204,2579.33635865306,2763.78507346939,2060.50990887755,2260.22227959184,1871.0528744898,2166.17762959184,2177.37856938776,2108.48135714286,2166.86044693878,2254.00526122449,2238.68715816327,1712.72077959184,2250.55605816327,1935.37978673469,1825.07860408163,1513.57591734694,2004.60371938776,2026.31676938776,1910.26501326531,1865.00231632653,2507.48068469388,2074.01728061225,2054.15659795918,2315.72969897959,1908.82514122449,2241.5818244898,2477.45635918367,2239.15523163265,2150.74614897959,1987.00129795918,1885.58669183673,2268.73032142857,2249.28043857143,2133.26127142857,1786.15979591837,1711.33923979592,1941.55596836735,2665.05519387755,2693.44552755102,2017.31309918367,2340.97989918367,2329.80200020408,1835.17091530612,1806.13342142857,2056.99869081633,2220.04856020408,2074.16668163265,1430.57365755102,2250.98997857143,1828.65476632653,2551.97537857143,2242.88002857143,2022.6417622449,2083.83542346939,2370.74206428571,2413.25459591837,2003.34787653061,2165.86340204082,2161.35559489796,2108.3398744898,2070.6397122449,2078.11524183673,1913.8402722449,2062.60407,2331.90529387755,2249.16238367347,2616.24527346939,1977.40478561224,2177.55640306122,1716.03688571429,1667.97574591837,2358.55734489796,2600.84085204082,2316.42619489796,2125.12597653061,2110.34778979592,2294.2443244898,2687.46577653061,2377.92351326531,1976.39766020408,2080.49996734694,2381.31355816327,2275.48401489796,2198.79346122449,2098.46064183673,2320.57688061225,2182.66891734694,1748.59514795918,1540.61229183673,2011.04764183673,2016.43154081633,2093.69624081633,2117.57614081633,2011.84556204082,1931.43606938776,2421.13808673469,2277.33212040816,1991.62740204082,2102.88958571429,2015.6104377551,2607.85698673469,2031.3536255102,2000.01637346939,2323.95536632653,1956.78613163265,2443.85883193878,2045.64393163265,1853.27250714286,1894.59625204082,1388.08555918367,2528.05352959184,2555.69889387755,2052.66268938776,2002.15354020408,1902.73211836735,1791.80380204082,1800.79108673469,2119.67416734694,2053.91256571429,1795.13288367347,2266.27105612245,2092.35873653061,2419.27071673469,2525.43492857143,2468.50361326531,2063.87300918367,2489.66175612245,2165.89927653061,2389.50610306122,1762.21725612245,2352.42898571429,2281.40459795918,2419.03649897959,1965.97333061225,2059.03288673469,2453.24616632653,1979.18077163265,2105.56892326531,1858.71012346939,1823.44433367347,2039.54903367347,2092.1816377551,2083.53188469388,2280.34455306122,2463.1616622449,1928.14478061225,1995.98006734694,1776.46531326531,1934.40457959184,2239.52954897959,1877.34347979592,1939.22723877551,2499.26918061224,1915.28559489796,2065.64501020408,2330.29362040816,2185.62826326531,2095.11571530612,1957.06336836735,2226.08887040816,2063.16184387755,2093.52972755102,1974.08791326531,1789.26462244898,2317.4413244898,2201.40760081633,1537.97193469388,2181.84174489796,2000.88949693878,1883.60411234694,2076.27161734694,2194.9591622449,1967.3934744898,1673.63507306122,1398.73226122449,1973.14063265306,2204.8088122449,2269.33371938776,2404.85980632653,1760.84237728571,1957.26178081633,2129.01124081633,2125.20215408163,2082.1670122449,1713.54645204082,1832.8247877551,2154.62658061224,1839.21299020408,2087.08385612245,1919.32089897959,2221.80388979592,1944.15256326531,1859.56339795918,1880.11920102041,1737.84225102041,2083.43418285714,2386.33388163265,2112.21816836735,2218.18413265306,2327.1791,2223.08544285714,2184.65513061225,1921.67080816327,2288.59426530612,2508.2853,2371.41520408163,1982.91665602041,2227.27356326531,2298.88910102041,1896.35527938776,2347.15176326531,2168.16520408163,2280.69889897959,2229.42103469388,2080.65157244898,1748.18073061225,1912.98217346939,1970.00553265306,2075.30308265306,2210.74616632653,2195.14598877551,1731.01166693878,2270.66359387755,2385.79468673469,1706.26671530612,2103.89284285714,2050.86768979592,1923.29495102041,1767.62130918367,2043.40611020408,2090.81679489796,2131.3626244898,2072.24350918367,1933.5541622449,1929.28446530612,2719.81209081633,2169.8721122449,2118.47518469388,2367.26196316327,2674.66758214286,2153.14396428571,2069.79418571429,2219.34859795918,2012.02024489796,1592.14993367347,2189.82781428571,2226.47495918367,2158.31577244898,1984.59705612245,1857.86484469388,2276.96191428571,1862.66872959184,2211.46369387755,2700.82653673469,2274.1640755102,2067.67053163265,2256.45433877551,2053.14411428571,2089.22810204082,1912.12442959184,1977.64056836735,2310.16631734694,2551.29477653061,1577.19033469388,2340.94315918367,1683.00297102041,1972.51531530612,1972.09133367347,2898.99669795918,2097.12896795918,2229.62016734694,2114.30334795918,2170.14656326531,1935.88056795918,2430.23959081633,1869.45436530612,2429.42805,2112.81149693878,2104.38379285714,2233.72791836735,2488.12059530612,2041.29227755102,1847.79244183673,2522.44853877551,1906.53762346939,1953.13287346939,2558.12557142857,2086.9347,2103.38620612245,2192.25955204082,1785.43696632653,2116.62280306122,1836.88244897959,2685.28995612245,2255.59298673469,1979.45596632653,2349.55517653061,1990.68217959184,2126.95180408163,2082.52807102041,1961.05912040816,2061.39460408163,1828.36729795918,1911.23760612245,2118.24584081633,2197.83807346939,2350.17527857143,2229.17653571429,2301.15340612245,1933.46723979592,2078.84396683673,2060.58979285714,2191.50638469388,1998.13981326531,1848.5771877551,1925.16161326531,2169.50189102041,1984.42765479592,2350.45944489796,2010.46344183673,1924.88372755102,2084.8823244898,2360.71348877551,1774.35226469388,2353.8522822449,2161.33083877551,1499.99316530612,2546.59421122449,2006.30789795918,2154.83495612245,2104.5335744898,2198.30163673469,2407.48574489796,1890.01758979592,2282.88750816327,2306.34443163265,2023.90139489796,2352.37203183674,2155.43826326531,2287.9336244898,1933.88538979592,2344.26374591837,2196.81078469388,2369.54886836735,2079.09709693878,2432.39079285714,2022.19473163265,2014.32977755102,2267.18342112245,2155.00615693878,2190.00698571429,2501.0235755102,2489.41014795918,2139.63360918367,1322.79139183673,2109.69414081633,2069.63372959184,2254.44602755102,1906.25906836735,2005.5363377551,1934.05255816327,1901.60504387755,1408.00981938775,2379.8201744898,1996.95956959184,2208.84643469388,2144.51111938776,1958.99238510204,2015.1639277551,2472.06780918367,2308.04288653061,2363.02208979592,2062.49262040816,1819.0230744898,2235.25866122449,2063.78036122449,2068.56329693878,1613.32469285714,2119.6909755102,2193.71065612245,2706.87251530612,2037.32392142857,2218.32156326531,2387.06743265306,1969.42849489796,2605.59610102041,2150.42648571429,2123.28729591837,2512.07443367347,1821.53800612245,2024.06864795918,1960.64938571429,2017.34670612245,1839.62741326531,1449.19213163265,1942.89181326531,2029.44204285714,2879.32826938776,1723.37170204082,1920.00786734694,2380.35820510204,2011.9465622449,2028.63943020408,2155.10525306122,2086.10216122449,2377.75012397959,2071.78671897959,2283.58681122449,2350.34467244898,2474.70471428571,1876.37031122449,2264.05888673469,2113.08364183673,1846.7701677551,2452.32115510204,2628.79370306122,2024.13571938776,2223.06909183673,2357.24680612245,2362.34120714286,2228.46405102041,2048.08306326531,2009.92041428571,2215.92240306122,2433.88487346939,2262.3604877551,1954.0125,2179.73551734694,2422.10938571429,2033.66523571429,1831.65215918367,1822.35061632653,2225.79831020408,2303.17550204082,1864.43363367347,2002.10419591837,2103.89789387755,2337.42709132653,2019.0579622449,1834.83179489796,2094.22910326531,1804.66881428571,2022.16152959184,2077.32401510204,2719.55899489796,2094.28290408163,2334.3207622449,1925.23249081633,2269.37149285714,1988.35160102041,1999.59842244898,1629.65558061224,1879.09196020408,2023.25103061225,2203.37227857143,1991.1459,1973.3147477551,2296.57433469388,2093.11505,1939.77993877551,2311.0606877551,2173.67026020408,2332.88695714286,2405.88264795918,1695.13550612245,2279.56299714286,1750.38529653061,2150.41640408163,2310.17326326531,2206.24267755102,1782.93410204082,1664.29108918367,1567.37259795918,2149.01161836735,2163.58703979592,1754.17235836735,2105.90115612245,2058.53894387755,2218.95219591837,1888.10700836735,2069.99884081633,2147.96565897959,2244.51904489796,2264.63153877551,1791.26032653061,2284.68747959184,2300.1550744898,2235.39480918367,1551.81436020408,2197.57952244898,1884.15250918367,3021.32132755102,2000.33085204082,2318.91944591837,1766.42560510204,2273.57980816327,2158.32436795918,1682.34597857143,2109.73380816327,2177.73503285714,2451.28970510204,1926.62113367347,2170.17254489796,1962.35170816327,2182.71733571429,2333.5129122449,1967.14046836735,2178.61884183673,1626.63819183673,1896.93215816327,1896.49666326531,1917.02758061224,2245.68976734694,2338.15916020408,1878.60544081633,2203.76063979592,2305.61450408163,2346.64973469388,2171.3072805102,2243.58307653061,2278.8155144898,2035.51013673469,2126.28615918367,2169.8068244898,2030.63872755102,2148.98124081633,1917.95799183673,2811.70525816327,2123.4360744898,1577.95369489796,2413.09230408163,2462.12235918367,1869.3140755102,2297.66838163265,1705.57607959184,2052.33825204082,2085.74695612245,2285.9478,2266.30904591837,1452.33442346939,2300.39521897959,2534.73783979592,1613.40919183673,2533.80778877551,2054.94990816327,2169.01148163265,1860.19302857143,2087.00049285714,1879.94141530612,2107.44750102041,2260.74508061224,2080.4589377551,2191.3208622449,1858.63094040816,2364.77043979592,1726.25539693878,2108.30240612245,2101.98783387755,2251.25529387755,1840.66366795918,1224.49072040816,1672.32432530612,1698.59317826531,2018.16630938776,1783.00206867347,2027.81575,2259.5222622449,1641.1068877551,2220.65352755102,2035.59314489796,1893.2873255102,1931.01452142857,2348.0397522449,2383.89141969388,1927.20888673469,2012.70011122449,2293.0997977551,1857.33778367347,1568.50840408163,2486.39120510204,2476.0251122449,2234.69309489796,2169.69939183673,2101.95453571429,2441.99463542857,1961.24801326531,2108.38062040816,2213.04712959184,1680.17161020408,2039.52953163265,2058.69129693878,2322.73917959184,2155.76195204082,2109.26608265306,2241.31740612245,2251.17232510204,2055.7952022449,1854.31163785714,1652.14702959184,2030.73760408163,2136.7356255102,1914.60931387755,2351.33556734694,2142.35699387755,2278.27761530612,2033.56132122449,2253.00139489796,2134.48231020408,2363.93090408163,2236.9612455102,2772.66878571429,2256.46163877551,1789.39870408163,2269.09071428571,2425.82224693878,2310.81840510204,2315.48380204082,2363.42077857143,1780.51788571429,2172.0731255102,2204.70860306122,1594.06490102041,2068.11539591837,2229.19587244898,1833.8557255102,1792.53418979592,2137.57873979592,2023.98532346939,1920.07683367347,2341.66521734694,2491.09754387755,1646.33465510204,2163.52281428571,2256.69634285714,2190.3454244898,1984.84251020408,1798.60633816327,1646.9673255102,1782.71956122449,1079.77417612245,2422.21771836735,2140.99799183673,2200.30734795918,1852.04201428571,1974.59504489796,2622.35833571429,1930.47089387755,1868.22046530612,2337.05576122449,2564.95945510204,1669.67350306122,1876.21190306122,1629.80492346939,2023.99778673469,1637.99212734694,2187.28161469388,2119.60857653061,2106.4768877551,1964.12145306122,2182.74438469388,1497.06844795918,2095.59299183673,2356.36087755102,2301.43848571429,1800.8435744898,2074.90700714286,1590.41961530612,2098.94357142857,2173.33980612245,2244.57739183673,1832.81851183673,2027.49498163265,2021.10222040816,1621.74898877551,1706.13961428571,2652.21006734694,1709.49144183673,1825.48306938775,1982.90048061224,2693.26237653061,1967.40361326531,2764.52138571429,2417.5933877551,2156.06492173469,1882.34251632653,2045.77689183673,2151.727375,2325.16246632653,2642.69168265306,2301.57465408163,1943.97294877551,1667.89596122449,2176.29100306122,1988.70535714286,1744.17596326531,1983.31826632653,1598.0486755102,1796.90333367347,2174.77373571429,2480.82762857143,1602.09256357143,2135.96144020408,2192.19639693878,2275.86809306122,2016.2067422449,2043.04331326531,2206.51390204082,2073.13552653061,2042.19409704082,1870.81294387755,1860.06029897959,2412.69760979592,2357.92385,1901.24334285714,2153.40549081633,2000.00423367347,2412.53215816327,2016.12640632653,2610.90856122449,1974.52205714286,2425.8331122449,1530.31415,2075.42150714286,2095.48265,2062.36262755102,2202.13291122449,2081.55054489796,2479.77636428571,2223.39319795918,2219.49276734694,2017.14325714286,1970.13644081633,2260.82405816327,2057.12758469388,1960.42135893878,2035.11222755102,2006.42006632653,2100.50552857143,2465.74096326531,1973.01630204082,1614.56972755102,1750.97588163265,2159.60678418367,2451.00034591837,1893.78475816326,2653.30512244898,2018.36350612245,2172.91190306122,1929.60823061225,1873.08853061224,1970.9351622449,2264.78631836735,2289.44458877551,2498.43005510204,2359.16230714286,1927.98611938776,2390.75514081633,2232.45576326531,1816.27671734694,2350.64588469388,1778.6735255102,2043.03374387755,1995.23130612245,2096.02619346939,2418.29739183673,1891.00956938776,2335.69169489796,2200.34900306122,1981.85877653061,2323.82030408163,1640.57526428571,1986.67188367347,1924.56341510204,2083.54987244898,1683.56759387755,2018.97182857143,1552.38979795918,2130.64543061225,2030.85980102041,1656.06428673469,2243.84679183673,1875.92855816327,1862.89974816327,2539.35791122449,2447.00287653061,2278.19464693878,2458.02577020408,2047.85420438775,1472.72510204082,1727.8295244898,1736.45294387755,2195.45325714286,2147.49261020408,2756.39195,2448.69210816327,2462.64097040816,2278.44745714286,1806.03123877551,2056.59495408163,2089.68344285714,1902.99725612245,1946.43774897959,1917.67032040816,2438.09467040816,2473.57099081633,2020.04277061225,2325.67193265306,2161.84915918367,1826.03541326531,1983.68570102041,2773.69283571429,2258.19719387755,2150.81140102041,1968.95095204082,2016.89594897959,2018.56102959184,1844.5051622449,2062.34893469388,2202.27695204082,1912.76484387755,1731.48214183673,2326.63040306122,1701.07222755102,2293.06312653061,2411.55959897959,2289.24001020408,2035.20679489796,2177.94431163265,2193.59366918367,2099.52827612245,2141.39995969388,1992.08760408163,2612.78565612245,2374.48522306122,1912.99993877551,2240.48184591837,2163.96928877551,1886.69243265306,2220.09342244898,2366.07026428571,1922.17982653061,2181.10423979592,1960.03721428571,2333.11645918367,2356.81076938776,1771.86115918367,2384.76731938776,1821.76613673469,2057.68813469388,1950.96620408163,1852.03635040816,2030.46265102041,2029.08006326531,1691.26639897959,1979.36639795918,1810.03448061225,1962.20418265306,1804.0373755102,2315.43001122449,2166.01570612245,1278.19158877551,2197.24798061224,1860.21906836735,1331.73917346939,2574.30388877551,2143.18243673469,2321.82048979592,2250.66268367347,1872.89265816327,1646.03369285714,2282.05246326531,2229.30533061225,2451.91951938776,2172.53350510204,1870.35969979592,2262.06592938775,2001.49147346939,1711.31643510204,1989.48046530612,2037.7754,2061.48284285714,2133.89689897959,2021.07305408163,1788.62850102041,1656.25193367347,1992.43476040816,1794.3141244898,1933.0821244898,2136.55856938775,2054.11747653061,2449.73309714286,2212.20577653061,2162.86555102041,2124.80863469388,2622.14936122449,2127.88087755102,1663.60002163265,1678.81424020408,2321.75485408163,2181.51724857143,2266.69639183673,2217.16152326531,1883.38615612245,2233.55238571429,2696.9037377551,1950.22881734694,2322.81620142857,2250.88217346939,2177.92449183673,1989.13689693878,1668.32788571429,2296.99222846939,1580.40939591837,1995.17134183673,1883.52367959184,1768.83582755102,2134.59285102041,2678.91240918367,1503.56981632653,2218.19280204082,2297.66535510204,2268.26522244898,2401.35425204082,2269.24908673469,2025.92351632653,2351.60296020408,2270.58758877551,1960.32755204082,2315.27436632653,1799.32678061224,2342.44331632653,2245.5088122449,2089.92185714286,2038.72090714286,2097.23153469388,1756.06999693878,1712.19268061224,2182.01874693878,1799.11156510204,2129.03663469388,1875.30867346939,2685.37098673469,2020.11552244898,1960.84136306122,1884.23775714286,2143.75257653061,1921.71471714286,2481.38617959184,1891.45499081633,2637.94162755102,1830.0689772449,2356.63797959184,1976.23027346939,2121.22101530612,2037.08007959184,2170.67011326531,1823.40221428571,2162.1756255102,2310.61780306123,1905.34129571429,2188.58780816326,2038.92767244898,2174.4176522449,2112.90582857143,2487.75407142857,2366.79520191837,1697.45266734694,2240.20440989796,2668.65555612245,2388.44768571429,1934.6932244898,1833.03586428571,2008.43530612245,2594.23465408163,2144.32428061224,2390.31385816327,2113.24400530612,2296.20393326531,2277.7138244898,2091.05555204082,1502.18418571429,2066.33899285714,1864.20722244898,2024.04335306122,1731.37193265306,2188.01107653061,1596.51729183673,2260.42371530612,2400.97714897959,2050.22993979592,1828.60908367347,1571.49467142857,2275.96863367347,2029.46201122449,2046.39709897959,2123.53423469388,1758.13461632653,2064.22761938776,2196.82076571429,1798.09040306122,1472.97979938776,1792.52749795918,2214.64492142857,2601.14837020408,2154.18850816327,1462.17166428571,2037.87473979592,1815.66336632653,2011.99012142857,2547.61092653061,1952.7513877551,1927.07913673469,2140.00377755102,1984.56614326531,1905.02946530612,2362.00222244898,2158.61045306122,1997.59249387755,2409.03265918367,1655.27713061224,2251.37048367347,2565.20380714286,2316.3614255102,2172.37929795918,1729.86527244898,1339.24038877551,2312.32906632653,2328.86240408163,1933.10719693878,1759.63735816327,1994.78094591837,1993.40736632653,2065.82415581633,2880.67351020408,2755.93070714286,1937.68904591837,2135.02205816327,2822.12822755102,2047.83669693878,1585.42682755102,1981.14424591837,2010.78374795918,1795.44956020408,2213.96070510204,1777.99829693878,2239.48069795918,1861.20261734694,2069.8746377551,2040.93474081633,2239.79107346939,1681.88166530612,2262.05657979592,2430.05802142857,2213.1880377551,2186.47456632653,1912.67450306122,2347.12245836735,2062.37499734694,1962.02590816327,2174.80237755102,1808.68040204082,2171.27936122449,2147.95516632653,2052.60008061224,2415.03817653061,2260.94734591837,2129.3440744898,2207.40367653061,2091.76913571429,2123.01390612245,1906.64231632653,2062.17800306122,2161.9605877551,1699.14101428571,2355.7336255102,1624.86515673469,1995.93916836735,2107.30984897959,2083.06816020408,1989.63154489796,2050.68183469388,2053.84424591837,2300.48221836735,1953.56162346939,2533.18158877551,1904.29505,2168.20666530612,1496.86368367347,2038.87477142857,1857.55706530612,2045.67059081633,1922.39249795918,2047.4384622449,2145.50316836735,1933.67447142857,2301.44268673469,1706.47101428571,1983.76396632653,2124.11663877551,1922.92334489796,2014.68375,2485.69414897959,2089.91041836735,1479.03530816327,2060.31958469388,2209.04458469388,2181.59833142857,2216.74633979592,2458.89661632653,2578.99808265306,2432.68169081633,2066.93378571429,1650.28173979592,2334.23554285714,1928.91534795918,2200.6117622449,2106.82367081633,1920.49603571429,2538.87162061224,2368.70437636735,1899.87152959184,1789.2270122449,1989.1804477551,2237.68111326531,1906.17733571429,2327.77678163265,2255.88731734694,2036.51409489796,2322.96321122449,1808.20910510204,1920.09147040816,2289.27566428571,2240.51157959184,2319.37361428571,2050.71774081633,1831.95414897959,2567.82985510204,2396.65130612245,2066.15025714286,1643.02862408163,2092.93467857143,1961.33733469388,1946.88195612245,1729.35203367347,2102.30568163265,1749.01372653061,1557.23753938775,2381.39216938776,2160.84841734694,1737.98080102041,2270.84832040816,2428.02253367347,2168.66970306122,2368.25460102041,1768.16466326531,2130.11017857143,2205.00451122449,2323.64349183673,2745.77831020408,1812.37853918367,1978.79920142857,2299.70292040816,2040.37486632653,1930.32008265306,2351.14609081633,2154.58681938776,2066.15072857143,1875.3549377551,1943.43908469388,1938.34001934694,1913.76685020408,1599.45984285714,1582.98822346939,1865.82236326531,1711.54658673469,2166.21592755102,1626.48241897959,2288.28211857143,2089.13817755102,2271.88423571429,2328.57586632653,2083.84271020408,2342.88163673469,1820.94095714286,1747.97848816327,2147.10095387755,2210.71693061225,1448.8165744898,1878.63621836735,1909.63259693878,1443.29542857143,2050.22935816327,2682.08413469388,1842.93353877551,2017.60894693878,2085.08649387755,2682.54630306122,2144.03278469388,1481.39243265306,2240.24629306122,2085.88327959184,1776.08370408163,1989.19985571429,1881.42487040816,2248.96865510204,2257.7443122449,2017.45899081633,2120.61633979592,1979.44110918367,2261.03122244898,2038.50654693878,1973.61963469388,2177.06089081633,2016.12977142857,2154.30519591837,1760.04164591837,1999.25149285714,1950.40056122449,2178.75771857143,2006.71936857143,2185.96511326531,1923.54029081633,1396.20045306122,2308.79241122449,2282.33157346939,2071.99657040816,2399.38691734694,2329.17270408163,1439.63501326531,2145.26342857143,1931.07109183673,1864.23775306122,2496.62328571429,2287.41562857143,2416.63206816327,2376.44779387755,1726.41135173469,2057.59467346939,2081.54984693878,2371.21854489796,1920.41848632653,2032.02059081633,2252.53236734694,2249.43056734694,1981.38301132653,1608.32432081633,1934.22453877551,1960.1399755102,2249.07993469388,1946.84813673469,1947.19528571429,2165.03781020408,1975.59198510204,1942.91266938775,2308.31476938776,2035.71764387755,2173.52780612245,2295.50906428571,2390.04789897959,2291.90933877551,1936.42019693878,1948.69302653061,2076.87420612245,2283.66013469388,2246.8979244898,1805.80646428571,2022.36138673469,2163.15289489796,2017.0704,2023.24700408163,1949.6832244898,2046.41497959184,2193.72413469388,2085.07471530612,2243.72840306122,2230.20013265306,1556.24181530612,1780.79554693878,1841.73901326531,2203.66616326531,2186.96481734694,1816.65640102041,1972.14217040816,1984.80025612245,1927.46121193878,1802.85715816327,1933.23613061224,1883.43429693878,1741.09337020408,2022.64214081633,2083.0357744898,1886.15399897959,2587.70178979592,2059.99215408163,2184.97088530612,1925.37862346939,2355.38592755102,2313.32012959184,2084.65161530612,2387.59905673469,2027.32688571429,1498.10319591837,1849.4553755102,1968.22678367347,1930.69619387755,1977.92044795918,2134.10930653061,2488.60391734694,2063.56147755102,2185.33785408163,1688.19409795918,2262.67954081633,2258.7358755102,2004.52860204082,1804.80609489796,2015.95804285714,2596.15207959184,2131.81432653061,2357.95285836735,2035.46947581633,1630.36638979592,2308.57983367347,1525.8891,2307.41100102041,2191.51946122449,2027.39292959184,1989.67238091837,1797.16846285714,1756.34181836735,1811.35373306123,2158.79500102041,1826.06140408163,1921.76763979592,2023.67149183673,1977.01245306122,2532.79687755102,2076.96135408163,2589.26081122449,1925.87336428571,2500.32337346939,2107.41833877551,1739.88791938775,2282.16947755102,2081.47644489796,2131.40242244898,2550.00970816327,2171.85579387755,2014.49288163265,2307.76596734694,2098.16031530612,1805.7241,1974.56417959184,2250.09040816327,2659.04051122449,1935.18039387755,1697.56296673469,2356.6968877551,1931.22875408163,2150.38610714286,1846.64524489796,1965.80403061225,2622.89327653061,1846.9741255102,1859.21346530612,2087.64758571429,2227.78695714286,1347.32581428571,2622.26081734694,1987.16657653061,1517.29750795918,2159.43576020408,2252.60174081633,2463.82479591837,2716.77526632653,1569.57516632653,2051.2822244898,2074.29599418367,2135.86431122449,2290.66605683673,2286.21516122449,2023.48535714286,1959.68474285714,1894.17430918367,2056.37549387755,2272.1648122449,2091.00187857143,2330.27295816327,2251.8969122449,2217.78678979592,2118.92490918367,1883.75944020408,2014.71256938775,3035.45810714286,2304.69868571429,2016.85054795918,2404.11436122449,2028.60007346939,2098.26408783673,2064.51364489796,1805.74321428571,2221.86827346939,1472.89358367347,1959.81896836735,2215.07633061225,2442.20792040816,2365.47937142857,2531.84225714286,2291.89744897959,2266.14503163265,1372.03503877551,2683.22054489796,2092.27493877551,2449.66395714286,2071.67831938776,2316.35268061224,2026.73864897959,1834.03176938776,2048.13974591837,2265.52615408163,1978.60017040816,2450.06174795918,2197.60825204082,2095.2206622449,1992.74505408163,1722.19144081633,2048.61439183674,2241.28158673469,1913.36642653061,2239.28410469388,2311.17847959184,2154.06947653061,1420.11700918367,2149.58570408163,1852.04751938776,1727.99,1981.16033265306,1873.64652040816,2533.77471122449,2174.4483394898,2102.44099744898,1880.22576530612,1712.34423469388,1518.27549795918,2150.76601836735,2077.25557346939,2424.29246326531,2088.12995816327,1836.87286530612,2027.62191632653,2081.71192653061,1886.11048877551,1853.80862857143,1875.62150612245,1777.15309795918,2138.55212653061,2181.11659081633,2365.89158571429,2430.48514285714,2156.1758152551,2559.21492653061,1757.24814081633,2287.42637653061,2211.04691530612,1835.68071530612,2063.24163163265,2133.11275408163,2158.03627346939,2311.81151428571,1619.08630408163,1074.01942954082,1579.52308367347,2678.3634744898,2180.94597755102,2215.13122857143,1920.81143265306,2001.50005918367,1856.09687244898,2323.26589795918,1948.35812142857,1867.01479489796,2123.00905816327,2181.25877877551,2540.39482755102,2254.77903061225,2163.10804795918,2178.91100510204,2269.73276938776,1945.72493979592,2007.13694285714,1947.57405714286,1924.38558265306,1884.17334081633,2427.33664693878,1821.6843755102,2156.04517969388,2712.43532755102,2660.78081734694,2050.50799081633,2042.88660510204,2068.88699897959,2254.77147040816,2068.44360346939,2462.25399285714,2213.32832346939,2058.18658469388,2425.06098163265,2157.01040816327,2275.08412244898,2274.71387040816,1974.8401255102,2043.36113877551,2157.9385522449,2128.41996836735,1988.04764285714,2396.14376326531,2372.9302122449,2146.51323918367,2196.76694693878,2236.9616377551,1775.40797653061,1750.71723367347,1654.40429265306,1966.28939183673,1995.28601326531,2165.75915102041,2100.33621530612,2213.63738571429,2507.6959,2223.8690744898,2290.3629244898,1778.66280816327,2341.24211122449,2360.64188673469,1840.73536836735,2769.41905571429,1918.91925408163,2289.14839061224,2242.30615306122,2300.33614489796,2766.07178469388,2320.52836632653,2215.14035918367,1645.73019142857,2036.60848877551,2159.60850816327,1889.17948571429,2042.95097857143,2038.55492959184,1817.02993265306,1762.1599877551,1959.46900102041,2069.77477959184,2206.93484693878,2532.19893367347,2561.86567244898,2272.78152653061,2095.54943061225,2058.14303367347,2110.31095612245,2612.39360102041,2330.36264081633,1937.39682346939,2075.09687142857,2049.81748367347,1831.80845204082,2337.24931530612,1969.14985714286,1950.57678877551,2575.33987346939,2341.8175377551,2594.31325714286,2082.83858979592,2280.23566836735,1685.87690306122,2113.54239734694,1918.48742857143,1785.13284387755,1855.75456326531,2099.47476632653,1833.84562040816,1845.51035408163,2473.1639377551,2063.9059255102,1982.86049693878,1957.38299612245,2086.73924183673,2004.64342979592,2250.8034744898,2082.51635918367,1830.29432040816,2194.54735102041,2024.54910102041,2471.37188979592,2146.68269693878,2265.51731122449,2179.03411142857,2038.44155408163,1606.39662653061,2132.01191326531,2200.43113571429,1759.78949081633,2066.22559387755,2093.63002928571,2341.55090306122,1852.72420122449,2208.6237122449,2514.24505714286,2120.17799489796,1977.94270102041,2280.78080816327,2825.06657857143,2444.01657959184,2466.91062653061,2236.37615612245,2827.58655102041,2182.29431836735,1599.24091891429,1881.37682755102,1731.42481836735,2353.62533877551,1872.5154377551,2013.0821755102,2279.22545387755,2363.76435102041,1757.52814591837,2087.25898673469,2228.60210204082,1599.6806344898,2234.63510204082,2127.1964755102,2260.23463367347,1987.39484285714,2091.59119591837,2111.69832857143,2158.54893469388,1579.36040510204,1783.21998877551,2130.48540408163,2268.15046020408,2184.63133367347,1661.01592612245,2125.92070306122,2004.13715102041,2043.94306428571,2188.9065877551,1788.18036326531,1851.97408367347,2314.08225714286,2434.73241734694,2201.72689081633,1523.93160102041,2049.59846734694,2256.36397612245,1941.56386938775,1943.90513163265,1883.17094795918,2234.48541938776,1923.73507142857,1623.88442540816,1882.69996428571,1710.97692755102,2134.43578469388,1452.84138316327,2399.72587244898,2129.46809591837,1701.59728061224,1970.63126632653,2330.09094081633,2291.5247344898,2112.03848653061,2145.10569285714,1899.16298979592,2263.34080510204,1946.97588265306,2061.11586530612,1927.00930612245,1954.56230510204,1370.87550918367,2001.97629387755,2119.74982693878,1661.77453571429,2249.62959081633,2055.27891632653,1983.28516122449,1794.06805102041,1413.15835510204,2000.05977459184,1955.61238979592,1982.40585918367,2316.4529622449,2315.59031734694,2102.00422040816,1860.64409040816,1692.06033918367,1991.77338469388,1662.39896591837,2051.87803367347,2233.45993163265,1503.31774489796,1952.75552959184,2310.71869081633,2363.63707755102,1913.30293979592,2251.49490306122,1876.27159693878,2258.52219673469,2365.79530571428,1897.46321693878,1546.24095204082,2543.77637346939,3061.73316122449,2000.36839489796,1934.05884387755,2196.92155040816,2277.2812744898,2291.96252040816,2004.47391530612,1981.67477142857,2014.98126938775,2273.98021428571,2090.03721938776,2724.74901734694,2170.30454285714,1922.63726632653,2280.23678877551,2241.84180102041,2377.48286428571,2206.20530204082,2367.65527653061,2146.86769795918,2735.31843979592,2320.67910204082,2603.65619285714,2208.17659112245,2161.99905510204,1730.79845408163,2529.56174795918,1281.63763673469,1909.82024591837,2257.69443020408,1770.31029387755,1856.27203571429,1887.0720977551,2093.71777959184,1879.70023367347,1863.51071530612,2484.22508571429,2640.17713877551,1728.59009081633,1735.13486938776,2053.02766653061,1944.22442204082,1911.88482387755,1927.6051344898,2253.8356122449,2256.66779081633,2006.60379693878,1893.5151622449,2388.94302683674,2225.50100183673,2003.86354387755,2212.10141020408,2024.50165602041,2325.93293163265,1862.58296887755,2010.8892,1703.5780122449,1774.0731255102,1846.74636530612,2015.19586836735,1609.9160122449,2076.13855510204,2230.22109591837,2151.15084285714,1836.17549938775,2161.81604591837,2308.02328877551,2229.56278163265,2111.21428571429,1952.72700612245,1492.6069,1867.4409944898,1686.22321489796,1670.45586418367,1942.1696927551,1857.52690673469,2061.25995602041,1837.09945928571,2659.62652142857,1942.57328183673,2466.59986326531,2323.72925204082,2279.16768469388,1980.53091938775,1979.05933979592,2290.46461530612,1957.32899795918,2411.77205408163,2227.28317244898,1562.04294183673,2690.39512040816,2053.6033755102,2145.74554693878,2078.18084693878,1637.12573163265,2205.87712346939,2301.49410816327,2252.0349122449,2274.03007734694,2585.25665102041,1414.71759285714,2715.58379897959,1966.98065204082,2654.96716836735,2148.59524285714,1895.32525102041,2076.26028673469,2400.3713622449,1737.64684440816,1973.42104183673,1787.81774744898,2340.39577346939,1396.22199795918,2465.52074795918,2190.55221734694,1940.75324795918,2031.2828,2043.01383234694,2200.83911326531,1872.2416877551,1970.87598673469,1949.23184897959,2447.97989489796,2130.59841459184,2188.36266530612,2363.12855408163,2162.79354591837,2441.87761326531,2431.79371734694,1911.86916428571,2242.88547653061,1761.96708877551,2100.10453265306,2162.89257959184,2095.77601020408,2031.18377653061,2158.38825612245,2300.92539285714,1754.4611377551,2179.3676255102,1548.32301632653,2497.00142346939,2470.21610102041,1963.63541326531,1956.50836806122,2188.60905306122,2126.59347857143,2609.20358367347,987.915132244898,2374.8379377551,1857.89765918367,2180.71648897959,1755.93197469388,2570.62621836735,2147.58462653061,1546.02164183673,1349.75283061225,2065.05367755102,2122.83598673469,2145.50444489796,2095.98740714286,1617.45566122449,2027.03303489796,2045.12556530612,2131.80900408163,1792.53767857143,2319.33409693878,2355.43434591837,2200.06969387755,1896.39194795918,2046.00473877551,1871.29125816327,1946.24559591837,2055.31877959184,2135.33374183674,1737.38482959184,2655.49217959184,1809.96851326531,2137.03149693878,1957.01758367347,2326.45843979592,2141.85562244898,2633.91135102041,2181.03106122449,2467.8876244898,2212.39081734694,1965.8897,1738.05957244898,2271.36734285714,1766.59789795918,1948.14721938775,2235.43019897959,1955.89112040816,2003.40093979592,2002.80428846939,2379.93629081633,1658.84660816327,1935.79477244898,2297.66916428571,2181.1877377551,2115.43261530612,1669.60013540816,2399.80535918367,1852.63167857143,2385.65161530612,1671.70655204082,2084.10235918367,2416.53780816327,1965.76043459184,1857.14878265306,2053.15374244898,1972.16403163265,2107.2692377551,1815.45101428571,2880.26661285714,2247.34219795918,2041.56745887755,2097.44262622449,2246.80749897959,1990.26074081633,2258.85511632653,2333.44056836735,2158.67755816327,2135.43808979592,1997.26019387755,2715.36770510204,2025.29004795918,2330.77491326531,2378.78316020408,1715.02243265306,2014.66351938775,2282.20317040816,2401.39932244898,1986.21589693878,2464.38726632653,2355.07645204082,1942.41914897959,2006.43829591837,2330.73418877551,1796.9789255102,2287.8770644898,2340.10090408163,1967.32541734694,1970.73726122449,2233.48852857143,2388.0901622449,1892.24927346939,2217.15218734694,1861.9115377551,2361.74888030612,2244.1821255102,2460.03875918367,1892.46912959184,2097.2098644898,2383.51494183673,2104.47545612245,2222.29979489796,1918.20951734694,1995.39885816327,1761.93357755102,1936.25880612245,2067.02443571429,2619.32099897959,1924.27952244898,2256.45639795918,2172.75951326531,2011.32552755102,2093.18128061224,2028.39726367347,1981.46415,2030.83738163265,1461.92916530612,1910.61486428571,1881.83964795918,2054.11570612245,2367.07821020408,1878.52955918367,2291.28093367347,2213.70453367347,2438.75292857143,1808.96913673469,1967.09535612245,1818.59507346939,1858.90205408163,2081.9892744898,2059.71996836735,2754.41378673469,1933.7373855102,2765.46092959184,2153.78459795918,2021.19550918367,2197.20219795918,2157.87233979592,2194.81729795918,1870.0561755102,1690.11314489796,1845.47822857143,1666.46970857143,2327.64548673469,1662.73599795918,1844.5694877551,2036.6276877551,2040.53638979592,2886.05385510204,1977.18244183673,2379.89564285714,2457.58722244898,2538.76349693878,2167.2033744898,2091.33644183673,1675.81898877551,2169.43070408163,2046.1833022449,2592.94653469388,1818.73946326531,1935.17676428571,2228.71902653061,2037.92800102041,2310.96735612245,2163.151,2518.27616122449,2245.30993061224,2614.47575204082,2011.98661938776,2109.14016734694,2092.50547040816,1832.05979183673,2129.95961632653,2016.19124591837,2101.72738061224,2155.86820102041,2074.90064387755,1834.19876428571,1758.90767142857,2376.73015408163,2379.52498673469,2035.46069183673,2090.53067244898,2331.00575102041,2002.18010816327,2127.97033265306,1975.07424183673,1824.06190510204,1682.83503214286,1930.26345918367,2055.62857755102,2104.19178469388,1807.62445918367,2071.41001122449,1802.67014795918,2263.34974591837,2124.64852346939,2313.57927142857,1677.79579591837,2100.24732653061,2231.25797346939,2105.51470612245,2848.56284693878,2257.80733061225,2325.66441836735,2301.29322142857,2211.25524489796,1670.20901938776,2352.23815204082,1841.18543693878,2061.20318693878,2289.08440612245,2133.62009183673,2151.67600714286,2139.47389591837,2136.80834081633,2023.69872653061,2263.73886020408,1905.42974204082,2071.3492622449,1869.44681734694,2489.07689591837,2198.70444693878,2207.47462040816,1979.28566938776,2400.26346938776,1948.5252744898,2064.54144183673,2083.02945,2153.48312244898,2518.60097653061,2351.50745306122,2361.25692040816,2694.17884081633,2386.47087755102,2014.92471897959,1969.9578377551,2255.89155306122,2294.52362244898,2395.39026020408,2067.53960204082,2116.18905816327,1618.60151734694,2298.67646734694,1818.27554306122,1783.25816020408,1399.89970204082,1856.29466428571,2057.99168979592,1932.12134795918,2320.12863346939,2258.92959693878,2140.58722040816,1989.84534591837,1760.24188877551,2166.34541326531,2404.3433744898,2366.68630612245,2216.549345,1512.65091428571,1822.06933265306,2002.96283367347,2148.43248877551,2144.40124489796,1932.05537346939,2360.37001020408,2142.0880122449,2265.25025816327,2011.25392877551,1571.59268061224,2475.99327040816,2380.58690102041,2259.07975306122,2157.75031530612,1821.00742653061,2088.46502653061,2001.2019744898,2402.36380510204,2236.00281020408,2269.35185510204,2374.521,2334.26129183673,2065.32095040816,2052.07517857143,2060.22626938776,2192.13900408163,1899.42632857143,2217.86904693878,2437.6564744898,1712.90944591837,2192.96283163265,2219.7844755102,2236.11849081633,1572.86341632653,2073.66799489796,2072.6448,2303.1371,2003.2847177551,2118.28315204082,2269.09353469388,1791.59562040816,1892.12543265306,2135.47686938776,1874.06977857143,2314.87829795918,2197.47393469388,2159.58856632653,2175.34995316327,1935.53535816327,1962.54140102041,1895.15152765306,2047.06206122449,1816.11821734694,2202.09998367347,1567.5255,2556.18375918367,1677.7123377551,2359.60151632653,2467.78335693878,2216.78802755102,1907.22252673469,2424.30072244898,2163.97113571429,2164.95153979592,1670.90185612245,1899.78618081633,2331.9865377551,1890.41905438776,2447.05532244898,1848.09196632653,2276.84262857143,2235.01244489796,1948.36093061225,2046.20552755102,1875.37486428571,2226.68693959184,2388.73788877551,2303.99061734694,2596.82678877551,2062.59696530612,2523.4000122449,2239.40452040816,2105.42751836735,1968.64600918367,1708.13818163265,2242.9044255102,2449.9047244898,2263.49188663265,2035.82196326531,1662.13547244898,2314.45383367347,2052.74880816327,2212.78390918367,1681.65131326531,2233.17777755102,2284.83381428571,2807.69009428571,2118.83740102041,2087.26123571429,1855.57229897959,2213.41384693878,2302.87914795918,2325.65954285714,1571.34893877551,2243.70534387755,2267.8917744898,2546.7040377551,2329.83810408163,2173.47832142857,2396.37805510204,2150.87322877551,1970.15841734694,1824.94858571429,2354.78789489796,2220.78058469388,2462.77538571429,2807.92503163265,2112.32891020408,2263.1263744898,2288.39032346939,2208.26877857143,2101.70763061224,2669.82401530612,1926.42611632653,2047.17841755102,2090.39304183673,2069.1905955102,2333.33561326531,2285.08618979592,2174.22218081633,1706.4054,2064.41963979592,2730.24764489796,2681.49359285714,1974.93802244898,1908.31659632653,2506.64128979592,2337.78233469388,2411.96222755102,1738.39322510204,2281.12566938775,1916.00675673469,1648.98365204082,1416.30971938776,2303.02719693878,1883.98844897959,1742.03885204082,1564.25427755102,2017.7914622449,2038.63958806122,1958.1902744898,1961.16922653061,1965.12197938776,1897.7132,1455.90343367347,2710.16869183673,2102.56982857143,2966.66406938776,2234.72463877551,2152.48911530612,1791.56612857143,2235.72125510204,2193.3115244898,2092.94535510204,2067.56633408163,1697.03734795918,2207.56339591837,2294.78028755102,2038.69149387755,2132.74830408163,2413.67016632653,2702.22061836735,2116.04267142857,2246.71591836735,2249.53249489796,1891.11295612245,2228.35753877551,2608.02589857143,2263.60839285714,2512.01385204082,1799.96237571429,1986.72645326531,1478.1121377551,1990.02460510204,1916.23356632653,2003.57036836735,1747.90183163265,2497.02717346939,2397.5333755102,2193.42508571429,2113.05459693878,1952.98913469388,2165.23828877551,2279.14233673469,2102.32546020408,1593.91885,2204.00693163265,1785.42361530612,2144.45322040816,1725.77585306122,1903.46057755102,2054.20358469388,2012.44940510204,2061.57639408163,2183.97974693878,2239.53586020408,1943.32263061224,1864.17280102041,2024.75416122449,1851.36503877551,2048.64865204082,2536.30758469388,2213.81121530612,2231.90995918367,2216.03479387755,2347.02694183673,2522.06409183673,1712.23319183673,2616.30733571429,1730.12869387755,2054.85423163265,2180.67630306122,2150.62961938776,2203.09257755102,2310.22563061224,2138.82133061224,2577.93080561224,2001.44806142857,2385.61707755102,1377.09673979592,1911.4435744898,1926.16876122449,1936.47919081633,2159.72797755102,2050.96032653061,2525.04020306122,2114.48569387755,1890.47415346939,1712.76419489796,2077.39953367347,2068.78178877551,1741.78450714286,2245.45440204082,2003.47165,2790.83271938776,2220.24597653061,1870.75985408163,2176.71638418367,2181.66102346939,2089.16929795918,2205.43268265306,1492.72713367347,2048.44439285714,2008.23436632653,2169.87624591837,1601.33635306122,2217.22971632653,2011.39230408163,2258.52849795918,1952.98419183673,1988.20395918367,2471.43037040816,2167.40980816327,2160.80066040816,2186.04397040816,1817.81057040816,2433.65761938775,2237.83942653061,2052.33728571429,2307.7627244898,2144.99297346939,1775.47887653061,1998.05964795918,2077.72584897959,2215.5291755102,2253.60710326531,2239.87335816327,2274.74104591837,2368.50325918367,2148.67872142857,1659.92394591837,2032.97033979592,2158.03575306122,2182.21873469388,2037.85014683673,2142.75742061224,2053.64326020408,2334.29817653061,2105.1110255102,2036.81229285714,2343.29301836735,2347.26899081633,2700.15156122449,2684.62519285714,2092.60779795918,2359.74983061224,2160.91668673469,2215.27655612245,1678.39493367347,2376.47851428571,2342.22714795918,2027.58165510204,2526.01083265306,2313.90233469388,2047.14792040816,2186.85783306122,1715.9932377551,2071.29369387755,1599.3196744898,1729.64766428571,2221.80100918367,2218.90446632653,1706.85450367347,2276.69285816326,1863.24604285714,2293.66105081633,2068.28103204082,2745.8531255102,2332.21473132653,1868.64788877551,1832.35687428571,2565.87663102041,2234.22575663265,1998.95867602041,1912.49292734694,2451.09702142857,2455.9827255102,2430.24295110204,2325.55679795918,1699.20637469388,1904.42079142857,1953.62529816327,2392.02253571429,1970.87670510204,2133.79295510204,2024.45028265306,1982.16979489796,2331.9513,2129.50044591837,2168.12279489796,2579.95541428571,1535.35282653061,1918.42159285714,2190.39811734694,2047.58040102041,1834.06386938776,2119.83643979592,2533.71172959184,2086.06642857143,1947.57910204082,2415.53083265306,1767.84350979592,1898.47500510204,2083.55785612245,1690.65702857143,2332.64303163265,1887.55381326531,1801.36867959184,2280.29203265306,2253.20040408163,2375.81728163265,1846.27767959184,2215.64261122449,2000.88673673469,2623.00014530612,2207.05451122449,2134.08221938775,2048.09732959184,2151.79366428571,2225.04537755102,2291.13764489796,1871.13239897959,2697.85121938776,2439.00659489796,2176.50569387755,1784.98942040816,2296.18579285714,2204.35283367347,3013.20563571429,1878.58731071429,2101.90053979592,2159.33815612245,2477.90688673469,2049.78789081633,2213.49140612245,1964.81894040816,1989.72940204082,2460.30270816326,2203.60400612245,2509.70114489796,2507.33984693878,1832.72991020408,1903.1548277551,1936.69428673469,2202.73970612245,1599.19365918367,1690.62158877551,2065.47216020408,1863.29316632653,1982.07849489796,2128.79228270204,2496.09934081633,2227.10126836735,1761.27501020408,2001.35394387755,2110.66743367347,2329.02796020408,1926.64106938776,2519.71533265306,2209.47668877551,2573.19857020408,1934.00937755102,1759.52819183673,2021.4224377551,1842.5943,2109.99172346939,2156.35258367347,2196.67525306122,2241.94568673469,2621.26518367347,2125.42079387755,2420.51107857143,2534.69537653061,1783.03401326531,1832.07523020408,2386.42435306122,1997.52215102041,2514.08722469388,2435.4686,1545.49308163265,2167.07683571429,2461.24139795918,2072.90711897959,1858.70764979592,2402.06219979592,2098.24726326531,2234.61778479592,2050.49529459184,2361.61336428571,1692.59229897959,1929.02721428571,2316.86228877551,2598.89451428571,1816.44945714286,1774.26310306122,2421.48956938776,2162.91651326531,2738.48273367347,2420.0359255102,1983.03879489796,2010.52750714286,2156.38570204082,2095.1503744898,1603.68160612245,2424.40275306123,2912.50721397959,1921.76362755102,1998.95503469388,2131.93498469388,1993.42614693878,2070.14586938776,2261.14709693878,2480.92849387755,2389.4229644898,1925.5215755102,2262.89666591837,2074.56618326531,2050.82063979592,1907.66018163265,2044.76173367347,1772.20431704082,2512.87744285714,1758.34185306122,1983.97571734694,2057.99702857143,2240.59163979592,1872.27895714286,2651.90759081633,1639.98997653061,1884.62259367347,2122.16688734694,2073.35933673469,1959.91762244898,1780.49772163265,2521.32327173469,2424.8708877551,2355.85022346939,2249.77322857143,2335.52785408163,2195.09670510204,1138.40266836735,1991.41333673469,1628.7731877551,2041.3660172449,2088.05479183673,1937.3612877551,1922.76519693878,1675.30115,2170.44150102041,2389.91586326531,2018.4723744898,2138.11618469388,2228.31062755102,2358.64989897959,2336.63043367347,2269.87130714286,1877.57948979592,2523.03629693878,1770.66186326531,2363.65692142857,1673.4185,1790.33538979592,2124.42571428571,2301.25277755102,2652.80946836735,2816.7142377551,2140.15943571429,1397.86686530612,2177.00364183673,1805.29363877551,1885.08333061224,1967.39913367347,1939.90270510204,2280.26761530612,2244.59096326531,2159.47488673469,1879.24321326531,2190.25434877551,2063.32066020408,1811.84168673469,1739.22775510204,2466.12657959184,2242.35838163265,2303.69553877551,2001.91707346939,2686.78119489796,2351.60921122449,1978.90189795918,1883.56058367347,1554.64354081633,2448.26230612245,1906.26782346939,1704.86130510204,2463.1823255102,2380.29399081633,2272.46625816327,1977.29373673469,2620.10264897959,1860.15279183673,2556.51995173469,1926.58702612245,2319.36787877551,1728.48668571429,2028.47064489796,2093.10985102041,2485.09530306122,2377.91121428571,1943.37401122449,2221.71625602041,2158.74916836735,2093.32153571429,1986.4394744898,2184.17736528571,1900.5935255102,2161.1720755102,1834.99273979592,1942.70048717347,1933.12001982653,2529.06169489796,2054.82237346939,1969.62206020408,2162.55824693878,2251.98550306122,1979.16544591837,2158.95720244898,2292.65326326531,1923.96532040816,2513.97769755102,2188.81194795918,1845.69317653061,2086.55720612245,2316.89287653061,2240.54352959184,2184.17386428571,2236.3308377551,2056.03558877551,2043.67858979592,1646.79779795918,1608.01207632653,2254.96189285714,1749.37658163265,1786.88952755102,1749.41960714286,2362.0163244898,2234.71522755102,1723.67271326531,1784.78344979592,1712.22531020408,1795.51165612245,1877.09413265306,2244.43656632653,1983.6814,1631.00378571429,1670.47051530612,1869.67424387755,2324.28627959184,1789.84999204082,2611.6263122449,2153.27047244898,2155.42953979592,1835.58618979592,2665.4725,2371.06211632653,2254.48169489796,2244.2894,2208.45189714286,1924.61133979592,1580.45589969388,2470.00885306122,1793.29588163265,2110.80032857143,2155.5573122449,2485.84570377551,2247.47737142857,2018.60179693878,1993.24714326531,1996.93594183673,1905.11127918367,1988.65880734694,2209.80134387755,2278.00724489796,2236.65893979592,2098.87626020408,2149.43074183673,1886.58768265306,1955.54196632653,1981.68158877551,2223.81309897959,2336.47515204082,2166.94386326531,2165.11884591837,2319.80326632653,1755.88582040816,2218.64858673469,2100.33230714286,2348.01194183673,2268.22381836735,2466.74684683673,1513.35749612245,1817.06756122449,2008.57763877551,2295.93379285714,2539.8327244898,1893.10651693878,2326.42046428571,1762.13929591837,2126.73319795918,2324.83058061225,2270.05471326531,1494.04782755102,2004.20552244898,2015.79133469388,2153.16978061224,2044.35295816327,2037.647,2183.39015714286,1899.43309571429,1620.89621734694,2162.57005918367,1662.22901326531,1772.81259183674,2440.4590177551,2268.90154387755,2092.69932244898,2018.51889591837,1796.67919183673,2225.14318163265,2233.01882653061,1987.04869591837,1772.86829744898,1724.28340918367,1801.66945918367,2146.28279163265,2031.9593255102,2231.02733163265,2034.87685306122,1909.98332816327,2117.50395408163,2082.16593979592,2133.74133061225,2005.1962244898,2012.90518489796,2269.24590612245,1753.26889571429,1778.62025918367,1941.26834959184,1880.36975877551,2061.23011061224,2103.94907040816,2197.10153367347,1814.20203489796,1612.71974346939,2669.27813571429,1869.51301122449,1882.71454795918,1971.84406530612,1910.17867,2225.78502285714,2030.00038428571,2220.06176836735,2220.1521122449,2392.6427877551,1809.01875408163,2282.16223571429,2084.90715306122,2122.47341428571,2104.49009918367,2088.81123265306,1899.99656326531,2224.80584285714,2222.28371979592,2007.33178877551,1844.72234183673,2004.25174693878,2240.5240377551,2342.92548673469,2265.52683061225,1937.9499622449,2134.15543877551,2312.6818127551,1774.77563816327,1715.92496214286,2121.41047102041,2174.82617204082,1916.05842142857,2038.40010510204,2061.71951183673,2487.03931326531,2233.77946122449,2161.38321653061,1789.35842673469,2288.21971326531,2741.25188183673,2064.46184591837,1907.98870102041,2235.40480612245,1792.11076326531,2153.90061020408,1671.03001122449,1956.69195408163,2310.70917959184,2379.07599387755,1986.10618469388,2685.1335222449,1912.2199722449,2028.98086734694,2042.99174918367,2351.20503653061,2091.36856428571,1791.55468387755,2202.83161020408,2029.72848469388,2466.30792408163,1827.02357346939,2332.25636530612,1979.12236734694,2318.12658979592,2374.79321020408,2454.74868367347,1781.17592346939,2026.30788673469,2138.01823673469,1820.41277244898,2704.96660714286,2165.48498877551,2435.60957979592,1400.5758755102,2399.3231244898,2221.12570816326,1821.87181020408,2198.14971836735,2099.42969795918,1649.14734693878,2077.80274795918,2070.94157755102,2041.97960612245,2206.68411020408,2165.67826836735,2093.58012244898,1650.0214755102,2130.13462244898,1946.73635510204,2229.0144122449,1739.77905816327,2049.9543,2281.81191530612,2162.77425081633,1731.92868571429,2090.18347040816,1980.96724183673,1898.58408367347,2470.54156122449,2150.84225826531,1979.09078163265,1776.03540102041,2040.69352653061,2066.86408571429,2113.37080816327,1941.38481938776,2119.41272142857,2012.6036322449,2037.61780408163,2069.68794387755,1961.52891428571,2314.95953877551,1599.35471469388,1827.63088265306,2093.08798163265,2124.25754122449,1777.45708265306,2098.57525510204,1908.0625377551,2462.77740204082,2104.64265918367,1574.11579285714,2226.19078979592,2065.83851734694,2217.9477,2067.29076428571,2357.58216938776,2659.80337346939,2064.27871632653,2233.11540102041,2010.84291530612,2354.14577469388,1575.35117755102,2773.12967183674,2231.46740612245,1658.11726734694,2471.70127346939,2062.568,2400.24576530612,2157.74282857143,2029.34746530612,2322.54046579592,2294.19310408163,2631.16215918367,1903.23494285714,2395.66317857143,2181.50036734694,1848.76103489796,2072.07083489796,2324.1711122449,2081.31043367347,2213.7107,2136.74248040816,1679.65663163265,1990.86597346939,2042.06225306122,1865.20761428571,2562.09403244898,2270.72597857143,2058.36332040816,2411.54143367347,1246.58779183673,1903.27815,1944.06295204082,2159.49591112245,1630.12362183673,1976.33156122449,1918.12096122449,2139.51471836735,1954.15373265306,2092.17972173469,2067.98209693878,1853.40190918367,2286.53278367347,2228.1546744898,1809.32723979592,2706.80384489796,1851.34036469388,1599.59134795918,2038.88429897959,2085.53157653061,2047.39783877551,1978.18453877551,2218.78965816327,2225.66639795918,1914.4857622449,1963.18061734694,2691.1065744898,2002.85266020408,2295.74266020408,2219.29462653061,2303.19160306122,1644.39186122449,2068.78859489796,2123.05316428571,1931.98660918367,1775.17425,2115.71759591837,2012.67509877551,1750.49830816327,2103.53438469388,2010.96247979592,2000.91827428571,1872.35233469388,1861.63221326531,2122.91528673469,2174.8321622449,1818.1888255102,2280.93396938776,2446.50862755102,2440.14307346939,2372.35206122449,1880.6740877551,2115.56383877551,1672.65396836735,1654.72010306122,2223.15605102041,1840.24405938776,2092.00394629388,1590.3088494898,1987.23800714286,2170.05541836735,1896.02367244898,2016.79629897959,2143.42990714286,2050.11445591837,1981.47409285714,1928.66590816327,1863.61635102041,2258.90767959184,2311.82217244898,1806.5004244898,1736.22182857143,1677.93054183673,1799.16408367347,2224.71970918367,1954.16900510204,2448.3607,2261.79486122449,2289.54824285714,1959.92824693878,2143.24698571429,1531.55883591837,2016.85363469388,1536.91543673469,1965.58648408163,2627.22484387755,1772.27498367347,1373.93941938776,2177.60337959184,2196.33607959184,2599.01337959184,2280.38335510204,2191.66739285714,2503.82682040816,1807.64296367347,1835.88068367347,2595.19325102041,2060.21675816327,1376.72776204082,2226.40354693878,2641.5354244898,1968.83578061224,2524.06575306122,1962.60974938776,2021.5491,1733.63445306122,1911.73465714286,1921.24985918367,1787.98237346939,2141.65593673469,2080.26539489796,1972.3302872449,2466.0870122449,1970.00027857143,2353.97936836735,2167.44481632653,1973.14067857143,2382.51720306122,2709.45734897959,2247.36118571429,2039.50908673469,1926.81469591837,2139.5667622449,1803.61005816327,1898.83845102041,1876.9230877551,1727.4440377551,2302.37233673469,1900.04843265306,2078.17804081633,1459.96433163265,1633.16572244898,2299.21361530612,2159.47412377551,1883.16147244898,1945.38915,2020.01329897959,2230.02045306122,2018.16050612245,2095.86915510204,1977.00195306122,2403.95225,2194.8813877551,2425.93861836735,2193.65726938776,2016.69364795918,2309.72593979592,2211.60593061224,2057.02860816327,2340.45720816327,2184.18851122449,2047.46446938775,2019.41058163265,2163.97821612245,1816.31370102041,2166.03519183673,1593.22454897959,1867.11329489796,1913.80136530612,1563.00504897959,2392.98776938776,2165.03866938775,2086.16709438776,2407.003,2080.50414285714,2028.60803265306,1932.41577857143,2469.77394081633,1944.62367857143,2170.51745612245,1469.31429265306,1684.82725816327,2694.9567377551,1665.04851295918,2076.49974693878,2713.99699387755,2019.14262755102,2309.76795408163,2426.85980510204,2019.63689693878,2336.39371734694,2073.63724183674,2118.83507591837,1634.46639857143,2219.42076938776,2319.42398571429,2306.74785571429,2076.32735571429,2158.41820571429,1797.61647571429,1886.40435061225,2279.03522653061,2008.9861877551,1941.92059897959,1910.06218367347,2169.54407755102,1880.18335204082,2335.39351020408,2299.66763846939,1810.54462857143,2547.63518469388,2082.25681326531,2026.91768163265,1902.59897755102,1928.28401632653,2028.79997244898,1796.41658979592,2008.61290918367,2372.6130755102,2111.05524591837,2251.30700806123,2155.67130612245,2075.09856020408,2022.78567244898,2322.61567755102,1757.12280408163,2096.55988091837,2179.08473683673,2081.33984795918,2657.16028877551,1783.5780255102,1784.1066,1879.12596326531,2573.14541530612,1761.24157959184,2058.16038367347,1953.35832346939,2297.61721632653,2206.24063061224,2226.41848969388,1700.48105653061,1729.23285510204,1884.95486938776,2256.36866918367,2074.03394489796,2060.19326020408,2320.1816244898,2344.78410102041,2082.17427346939,2278.85725612245,2042.45546836735,2420.8882377551,2182.89540612245,2056.87576428571,1935.26938877551,1829.17885816326,2036.15916530612,2069.21568061225,1793.63796020408,2223.6155,2124.07112040816,2019.72068673469,2106.68170612245,2000.27688571429,1688.70855806122,2162.9832122449,2010.88195714286,1774.42983163265,2266.20560510204,2346.63524040816,2284.26085306122,2675.65075,1751.99967173469,2163.19693367347,2666.11257653061,2266.17925204082,2057.56030918367,1977.97487142857,2354.75729204082,1858.5214622449,2299.46585816327,1783.24695622449,1976.20487244898,2219.58435204082,2415.48751530612,2198.79344897959,2177.83405102041,2154.99449081633,2036.82755714286,2247.05390204082,1916.57182653061,2003.41899387755,2123.36160204082,1893.87608163265,1984.96403979592,2339.59274,1958.49923571429,1941.34701938776,1961.63827285714,2045.84038887755,2442.47068265306,2184.57116530612,1541.51113571429,1807.06104591837,2584.63338387755,2473.98817561224,2217.1122922449,1936.90248877551,1545.62345102041,2002.11636591837,1802.92931020408,2166.58796959184,1823.03838673469,2029.52663571429,2416.75709897959,1599.4633244898,2170.61899,2128.09215204082,1969.14185306122,2083.26893673469,2523.72539081633,2291.538,1797.31770091837,1782.46664989796,1730.17677693878,2132.32763673469,1613.6253455102,2118.88520816327,2128.17778673469,2056.44249795918,2297.4936755102,1500.87034591837,2400.69312959184,2206.81711122449,1970.44729897959,2002.45418265306,2140.86944795918,1423.30481122449,1966.77121387755,2117.59754795918,2315.51204897959,2409.64100306122,2044.66813571429,2253.22416734694,2359.33597040816,2134.38316867347,1861.1187877551,2289.31067142857,2128.25608979592,2184.99860408163,1972.39526326531,2165.12401428571
47.3061224489796,2307.30001938776,2312.29048877551,2086.2604877551,2642.34132653061,2337.72279489796,2657.83654285714,2128.45500102041,1906.81187755102,1994.74477959184,2153.31176326531,2431.23409489796,2067.57454693878,2273.12314744898,2116.52996428571,2425.17104693878,2128.28585918367,2114.55029795918,2409.34019795918,1842.38354693878,2532.32753877551,2182.6993255102,2383.77872857143,2122.65605918367,2434.69873877551,2764.70120714286,2602.00275,2272.18306326531,1653.78145346939,2218.97214520408,2192.27373061224,1076.25033020408,1915.53841734694,2231.69123204082,2198.63433469388,2068.35835714286,2284.60283061225,2559.18953367347,2417.80067571429,2251.99731530612,2377.69289897959,2265.10173877551,2048.54201836735,2155.63783132653,2471.59602244898,2355.25489897959,2585.61801122449,1923.89674897959,2557.66921897959,2065.00559081633,1739.90302755102,1865.78470479592,2588.17358265306,2162.27436020408,2398.82917857143,2213.07451530612,1783.13730612245,2367.42641632653,1906.94602244898,2077.35593367347,2167.01992653061,2288.44526571429,2238.08577244898,2458.22092346939,1814.70931632653,2038.94557755102,2383.00413367347,1909.36301632653,1832.20856408163,1983.48880408163,2254.09851530612,1984.66515204082,2092.59032040816,1913.01689387755,1913.15985510204,2071.04467040816,1738.03684897959,2090.84896204082,1838.32454591837,2287.90670816327,1951.42452530612,2176.05353367347,1928.09719591837,2187.48194387755,1891.84396020408,2303.2109744898,2579.13574489796,2065.00233673469,1738.08871734694,1562.20874285714,2657.00062959184,1867.57210816327,2111.24162816327,1835.75899307143,2007.46796428571,2256.39011122449,2137.41730530612,2128.49502857143,1957.38949183673,2223.70216938776,1967.96460408163,2232.81916938776,2251.99853469388,1945.57230102041,2202.0635377551,2357.9242277551,2453.38678469388,1457.27033673469,1900.77655142857,2085.70411020408,2438.87247959184,2184.68088265306,2237.53130102041,2196.61068979592,1596.99224693878,2099.65586857143,2629.07027142857,2126.07289183673,2220.26110306122,2254.69651734694,2325.80650673469,2297.07358469388,2064.64278673469,2077.95910734694,1921.46966122449,2677.35877765306,2029.41181632653,1806.81833163265,2167.15585204082,2464.76924693878,2654.03087244898,2195.68556122449,2594.53486122449,1873.98345408163,1964.81569785714,2210.11002540816,1853.32806673469,2213.12909285714,2684.10242142857,2239.09869693878,2381.39157755102,1757.36900510204,2054.83358469388,2075.93603367347,2364.15718061225,2376.41122857143,2404.03648163265,2020.61324081633,1969.84945,2123.86695714286,2082.35016122449,2508.72779897959,2480.9172622449,1641.34363673469,2025.03680510204,1828.3951755102,2197.73118265306,2103.1774255102,2359.70049489796,2177.28334877551,1873.78254959184,2074.16870428571,2125.87807755102,1705.7926477551,2253.35826530612,2131.05170204082,1935.31201938776,1960.65369183673,2293.0782,2144.31734693878,2371.21611485714,2494.62717346939,2195.55360102041,2137.9612244898,1817.26456734694,2341.04654285714,2384.94128877551,1976.34799387755,2314.901,2042.05221836735,1911.60749377551,2439.03070908163,1928.55236020408,2037.2675244898,2399.36667653061,2366.19610918367,2461.54077142857,1861.06390714286,2422.94738469388,1886.43072346939,1934.63554591837,1908.93203265306,2325.03917755102,2054.05939183673,2604.51955306122,1818.40679693878,2320.07558326531,2134.53294489796,2304.49538367347,2428.81344387755,2203.65449591837,2728.8638444898,1793.82940204082,2238.18890612245,2265.53249795918,1812.50606122449,2204.14091428571,2237.71220489796,1857.91298979592,1891.78517346939,2445.51238469388,2102.57197857143,1948.90186530612,2249.8245244898,2164.98803163265,2287.37102,2420.92680204082,1886.32604897959,2599.0317377551,2418.74710102041,2303.27971122449,1651.14635734694,2336.53581122449,2296.56264489796,1660.42353877551,1731.33264285714,1783.07071632653,1876.98584897959,2261.08682857143,1992.76253367347,2063.2734022449,2130.19519285714,2725.84645714286,2407.8056755102,2585.32053367347,2059.17714387755,2178.46175,2070.73549591837,2237.73349489796,1358.82489489796,2638.89861734694,1884.65125204082,2209.49063571429,1496.12491632653,2313.66376428571,2085.96342071429,1826.25710918367,2228.69725714286,2292.0874122449,1973.97869102041,2235.83764928571,2345.04395438776,2432.68076122449,2420.32711632653,2596.62900918367,2131.43305785714,2557.76289591837,2296.82190408163,2699.77065816327,1801.48942755102,2041.76879591837,2352.00287755102,2476.55240816327,2385.47206734694,2286.79158979592,2283.76032244898,2059.38684489796,2250.2393755102,2236.69245510204,2063.10027142857,2123.32957755102,2277.72997602041,2209.84342755102,2142.05533979592,1893.58857959184,1858.95650510204,1772.13587959184,2667.36970306122,2286.32227040816,2330.84126122449,2362.41687857143,2076.88417755102,2563.25929285714,2695.60195816327,1759.14908704082,2276.24035918367,2339.34016061224,2216.3627877551,2088.43662132653,2210.20014081633,2086.19423367347,2168.90207959184,2214.56953061225,2130.31654897959,2385.27190612245,2754.86778673469,1913.73389693878,2549.69061020408,2246.00755714286,2309.37470816327,1777.19175897959,2245.71699081633,1917.49595040816,2652.06220306122,1853.70489183673,1921.44171836735,1976.24728806122,2025.07408938776,1993.99129285714,1513.25685612245,1986.5291744898,1999.3126244898,2498.48245816327,2272.48451836735,1835.57420510204,2159.05836836735,2267.10115918367,2713.51665204082,2278.75602857143,2287.58714081633,2074.64013469388,1469.12661122449,2294.78928469388,2810.29441020408,1893.86904183673,2415.06880816327,2562.43778265306,1514.42618265306,2064.34397734694,1939.27718061225,1668.77786428571,1955.88704693878,2512.62412857143,2514.54969897959,2132.39076530612,1925.12782040816,2198.92109489796,2378.42292653061,2148.61167244898,1908.07915479592,1544.75355714286,2174.51710408163,2219.3847877551,2343.52943857143,1728.89476020408,1925.36460408163,2170.84538265306,2108.22444591837,1794.2900622449,2395.36046734694,2261.47590357143,1842.37310918367,2146.33751326531,1846.77306836735,1919.95608673469,2017.79201326531,1817.2951622449,1606.33046020408,2163.72954285714,2300.99418469388,2274.10118877551,2210.44064061224,1891.89483061224,1959.24800816327,1839.17241938776,2002.40252653061,2044.22827857143,1686.52162142857,1473.00148877551,2201.77007653061,1714.18194693878,2204.36879183673,2089.56726122449,1758.67721020408,1890.46280408163,1931.22564163265,2134.6937877551,1950.28117306122,2183.09786530612,1906.44367755102,2394.53823265306,2245.40757346939,2013.28191122449,2231.79940408163,2301.37833877551,1868.65874591837,1367.44677857143,1889.92633204082,1992.94414591837,2673.62052244898,1950.77576122449,2371.6077255102,1984.97286122449,2375.83237244898,1943.59115,2396.24949081633,2003.03642653061,2383.27358632653,2848.62085306122,1624.62113693878,1849.61695102041,1762.05172040816,2152.6996755102,2089.64003673469,2473.04430306122,2483.19687857143,2136.27525714286,2602.62420306122,2365.20949387755,2651.42477346939,2310.05959183674,2199.02482244898,2362.18976020408,2398.31131632653,2590.99689591837,2089.68383469388,2324.14286326531,2230.00245102041,2127.90542244898,1836.68372357143,2048.12420714286,2251.10591326531,2668.25642040816,2144.37407959184,2235.55201122449,2395.65827142857,2054.03908979592,2173.09300918367,2030.92625591837,2099.11039795918,2206.64373265306,2203.1296744898,2120.89350204082,2243.86390612245,2738.79596,2980.13947959184,1720.17334081633,2277.89681326531,2375.28769489796,1740.91338877551,2078.03844693878,2222.31918979592,2071.96838469388,2171.5675877551,2120.39194795918,2038.93431122449,2207.02292959184,1661.96593163265,2299.63192142857,2205.82242040816,2134.30243163265,1574.09675306122,2376.8778377551,2046.23108367347,2232.41533469388,1916.84385714286,1934.11415816327,1775.82360612245,1926.46094489796,2047.56982755102,2481.76430816327,2404.75546326531,1606.30949183673,2819.78146938776,2831.59245918367,2607.49943061225,2041.93799918367,1841.77905591837,2314.06967959184,2375.64804183673,2089.39001836735,2069.46397755102,1748.79703071429,2495.7088877551,2150.75644489796,2433.82156836735,2019.64485714286,2270.41432142857,1827.98961020408,2249.61069591837,2822.25935,2673.16866326531,2416.60054081633,2498.12285612245,2148.33357,2390.45565418367,1516.83577959184,2434.42073367347,2080.73156836735,2475.47227244898,2566.63101020408,2520.49898571429,1553.34740408163,2047.06305408163,1956.31472346939,2114.3956122449,2105.88262081633,2226.29213877551,2315.9003177551,2309.83440306122,1994.81624489796,1884.3000755102,1953.12727959184,2475.31019795918,2128.10765918367,2012.02762857143,2419.05022142857,2021.98778469388,2181.33665510204,1864.44725877551,1707.73956020408,2083.42978265306,2301.20123163265,2050.06213877551,2265.25323265306,2019.83550714286,1923.20662387755,1881.20154897959,2488.63723061225,2500.95736428571,2137.66863877551,2503.70178367347,1943.33590306122,2067.34294081633,2243.81328673469,1683.16602357143,2595.45528673469,2261.62046938776,2124.53423571429,1887.73229693878,2078.76958469388,2244.4441744898,2284.68195612245,2276.79171530612,2268.2882244898,1619.42777428571,2210.27351530612,1883.06340816327,1551.46482755102,2056.04917653061,2355.22913469388,2210.92206836735,2053.10581734694,1975.50323061224,2120.17373979592,2260.98420102041,2374.44053265306,2534.74396122449,2357.85662295918,1949.44087040816,2243.76640622449,2135.62547653061,1998.06694693878,1428.04858061224,1587.43338571429,1950.91089897959,2745.49716938776,1589.28859285714,1826.93469510204,1798.87688234694,2086.65586734694,2121.22577244898,2560.53046632653,1431.94965438776,2175.94385816327,2092.78432857143,2046.97206530612,1967.25998061224,1855.21423673469,2218.97010816327,2144.66371836735,2154.77650204082,1866.46281122449,2233.36546020408,2350.01479693878,1931.93125734694,2235.08308979592,1733.74203673469,2518.50679489796,2236.51893265306,2026.36564693878,2016.12797653061,1883.61987755102,2243.87398693878,2217.77495918367,2303.3621877551,2568.35073571429,2211.91257346939,1531.84521428571,2448.67401326531,2202.39703571429,1967.30900510204,2020.82183673469,2114.92166938776,2179.8311044898,2196.86262346939,1555.63928612245,2274.43432857143,2473.68717959184,2151.69920816326,1781.16749183673,2178.22852755102,1762.87216918367,1968.88988979592,1959.04184887755,2198.15703265306,2491.25584561225,1958.69766020408,1912.46285122449,2313.74056734694,1775.68343265306,2118.42442755102,1932.64533071429,2136.99844795918,2007.08880714286,1909.10828408163,2359.14631326531,2320.61198673469,2730.30506020408,2352.66228979592,2240.67086530612,2585.81915612245,2332.52062142857,2105.56824183673,2319.20263979592,1689.54863469388,1651.93427142857,2000.58215612245,2309.49575102041,2291.58061122449,1801.57566836735,2241.31613673469,2067.59646122449,2106.85239489796,2236.8737622449,1761.36012857143,2260.21853061225,1955.34453061225,1758.62305306122,2241.3384744898,2265.30508469388,2166.6020255102,1942.02014081633,2037.77285591837,1778.98333571429,2187.82865102041,2223.51127959184,1531.84520918367,2035.73711326531,2002.82337857143,2294.96001326531,2395.65487857143,1759.92492734694,2187.56104897959,2010.80531632653,2269.21116938776,1924.00854081633,1991.28216428571,2121.46981836735,2195.12217346939,2285.06861734694,2404.08535346939,2309.91381122449,2369.14098030612,2675.49091693878,1971.35563469388,2047.19346938775,2485.7265755102,2122.89046836735,2804.24115,2833.34042040816,1868.09702959184,2423.98263571429,2807.02986530612,2281.55440816327,2117.76555,2611.96119591837,2735.92513265306,2176.84028469388,1941.58055714286,2486.8149622449,1921.92575306122,1726.76743673469,2231.63654591837,2427.13171326531,1696.64361632653,2098.26853673469,2122.45446734694,2048.26097346939,1527.7004377551,2407.93216632653,2031.99772102041,2505.2469172449,2183.75988673469,1839.25074081633,2143.03496326531,1778.02898693878,2285.18998326531,2231.66184285714,2137.7239362449,2214.13109897959,1988.46479183673,1733.89076632653,2744.14747857143,2420.29827755102,2136.90360306122,2533.75778673469,2721.72939081633,1831.59438877551,1960.4660377551,2049.82446836735,2361.90067040816,2335.94344183674,2394.1578877551,1821.47349285714,2279.42706428571,1995.62326530612,1859.16984795918,2209.69081755102,2308.73704489796,2068.57510306122,2200.87146530612,1833.56997887755,2481.93841122449,2587.7641744898,2725.26644081633,2035.73273367347,2219.21084387755,2494.82538469388,1838.17218530612,2028.52033979592,2073.98538265306,2161.03626122449,1820.63156836735,2110.33020204082,2296.65137142857,2205.45410204082,2464.70009591837,2388.87688877551,1655.64978469388,1966.76770326531,2119.59994489796,2205.30690714286,2016.89855,2080.66794183673,2695.62257571429,2295.03430714286,1978.18359693878,2062.95141020408,1917.98151326531,1637.55971122449,2330.3031122449,2457.19816734694,2146.03287755102,2497.49493469388,2178.32964591837,2030.93035612245,2921.3661,2562.25543061225,1966.87160204082,2236.7214594898,2143.23443367347,1831.55495734694,2233.74751020408,2001.27666122449,2140.94710408163,1556.71843061224,2165.4860255102,1722.8029377551,1821.44961734694,1870.20424489796,1969.81668377551,2454.03588265306,2509.7451255102,1981.1996994898,2168.01426734694,2334.72738877551,2198.13620204082,1925.48373489796,2244.40639387755,2213.71196020408,1873.95682653061,2349.26668163265,2512.05469693878,1892.71595102041,2431.50466428571,2413.68939591837,1996.89025612245,2594.46934591837,2518.60956122449,2279.86525408163,1548.87691020408,2143.0896244898,2040.40472857143,2087.87563040816,1637.44974081633,2266.34232346939,2624.55542040816,1758.01796632653,1927.80934081633,2147.52537244898,2074.70038632653,1971.67733469388,3032.0692744898,2607.92959387755,2128.19139591837,1496.88884183673,1874.57587142857,2187.08474183673,2060.63389489796,2185.50092959184,2028.00622142857,2277.61844489796,1898.95684591837,1855.06866734694,2185.73095408163,2263.64858979592,2012.74026428571,2225.86147244898,2422.74834897959,2216.42977959184,2399.75371326531,2335.48933877551,2492.29993734694,1862.65460214286,2193.29720295918,1304.00854897959,2030.95361326531,2336.70110816327,2699.06896530612,1684.06838265306,2236.7903255102,2592.37213571429,1821.56634897959,2003.33216938776,1872.92615612245,2263.42219591837,2037.49565816327,2214.40079285714,1799.24429183673,2021.58538571429,2239.44669183673,2128.64542755102,2321.6280244898,1916.02024163265,2408.48491265306,2100.28701632653,1930.6646755102,1988.42631326531,2166.99788877551,2157.19069693878,1970.61810183673,1748.61548469388,2241.57950306122,2223.90204081633,1523.2017744898,2091.88185020408,2176.54809897959,1790.30862244898,2198.69982346939,1782.11685204082,2105.27554806122,1806.73650918367,2326.05934693878,2420.99791836735,2146.82854183673,2225.48900612245,2198.34285306122,1921.68380306122,2350.13674285714,2695.18241428571,1919.40022857143,2149.94309183673,2007.21791836735,2028.62059387755,2258.89556632653,1946.3137,1641.2748755102,2227.34641734694,2320.71015306122,2164.87408877551,2074.12749591837,2157.87575,2108.82167959184,2165.7308622449,2080.22523979592,2311.60832857143,1963.76888571429,2162.61241938776,2165.68669591837,1679.60920489796,1531.44530142857,2052.21084734694,1514.69834938776,2032.15676387755,1645.89679693878,1777.60569489796,2523.04952244898,2289.26907755102,2462.25584795918,2380.99545918367,1600.66684795918,2477.83361,2066.44714489796,2249.81728469388,2544.40448469388,2146.23368163265,2044.4120755102,2689.07857510204,2155.85685714286,2181.90035469388,1923.3685255102,1933.31404183673,2014.10677653061,2157.80907040816,1928.37495408163,2467.09789387755,2154.60794489796,2022.07812959184,2163.02235510204,2347.27564795918,2652.34967959184,1827.08368469388,2084.80405510204,2121.39540102041,1900.62376122449,1945.35675306122,1944.70522040816,1926.20569489796,2479.65833061224,1950.42272959184,1892.82452040816,2537.65839387755,1724.92923367347,2100.93021204082,1677.23444081633,2126.64469897959,1966.22676428571,2401.00698061224,2015.55625612245,2257.44287346939,1917.98269979592,1750.82491632653,1753.01997040816,2463.44319693878,2425.56200714286,2029.99503714286,1826.11816938775,2090.8189622449,2107.91515612245,2353.28096836735,2168.98993163265,2295.02370102041,2283.56195408163,1811.13959489796,1651.67945306122,2628.15052857143,2476.91440510204,2156.8301755102,1820.92879387755,2284.75681836735,1930.81338367347,2199.97954897959,1922.25770714286,1808.63282346939,2250.72198265306,2465.60090204082,2125.5401622449,1990.73908428571,1942.45332857143,1707.28588122449,2251.58162857143,2483.63203367347,2248.30320204082,2341.42785816327,1858.81069489796,1828.44625408163,2116.34261326531,2312.16546632653,2399.34055510204,1681.75711428571,1924.14494632653,1939.85044959184,2562.70013142857,2202.37793571429,2497.4012,2055.29652040816,2511.48331938776,2144.98106938775,2051.86950510204,1474.60666530612,1568.40221428571,2345.38646020408,2197.57145612245,2524.51663204082,2062.85721428571,2040.92967877551,2161.48827244898,2429.02106734694,2331.64951836735,2038.4986255102,1836.65370918367,2263.64690408163,2091.07948367347,2770.81685,2158.80578979592,1991.21103877551,1958.01044285714,2145.15635714286,1921.3185622449,1558.3523122449,2019.31210408163,1800.05544102041,2447.08722244898,2281.07786530612,1692.87230377551,1834.27316734694,2187.67790408163,2037.61004795918,2445.6821,2094.33629693878,2176.74511,2332.75735795918,1625.08016530612,2400.67425938776,2171.70974510204,2065.62560918367,2009.96352142857,2112.66844285714,1796.94913877551,1989.34668061224,1599.03272163265,2145.52217346939,2278.49699102041,1865.32215816327,2127.63103061225,2101.94008979592,1993.99679897959,1812.09476397959,2014.54988265306,2210.2105244898,2722.70579285714,2283.0935377551,2045.48553979592,2032.26060714286,2216.51160336735,2334.5269255102,2335.06105918367,1877.81398877551,1666.62291734694,2262.53786326531,2136.57227653061,2257.60462755102,2199.0644255102,2134.28974489796,2052.19838265306,2733.64676836735,2494.65000918367,2154.41861734694,1491.75648204082,1497.09386428571,2006.46495489796,1723.80339489796,2239.31812142857,2527.90055102041,2375.19080204082,2037.1815122449,2038.17942346939,2118.89807040816,1805.71956428571,2875.58151836735,1958.24751428571,2535.35514183673,2388.60241938776,1995.46007540816,1811.93532081633,1955.30287346939,2213.60169795918,2204.01702653061,1633.20748061224,1856.95752632653,1857.11809693878,2370.47375591837,2356.8165,2122.83825714286,2076.87475510204,2050.87754897959,2228.17626938775,2484.06719795918,2356.02654795918,2584.86896938775,2347.53496530612,1701.09751938776,2278.45024183673,1929.3056122449,2795.39559693878,1891.87273530612,1846.81697806122,2257.81133265306,1964.15278367347,1503.02552755102,1579.27832857143,2250.67459183673,2336.70336530612,2127.7646494898,2279.40932653061,2415.67657857143,2050.15710612245,1718.46832653061,2825.93463265306,2022.25542040816,1759.68291061224,1965.44718469388,1651.66221020408,1672.14413673469,2223.20883877551,2438.21748877551,2689.19815918367,2705.25781938776,2288.99383367347,2085.0294244898,2247.01179285714,2161.86218714286,2400.89986326531,2319.78276836735,1508.16929081633,1851.5019622449,1614.3338744898,2113.36076326531,1417.51928877551,2307.73129897959,2031.00630714286,2524.53757857143,1799.30630816327,2303.05068163265,1788.42034489796,2158.33965,1968.9784427551,2417.78010510204,2233.38415,2325.48510918367,2535.69857142857,2532.2730622449,1796.5451622449,2198.40974204082,2233.19478602041,1930.7056622449,2245.33545714286,2377.47002295918,1868.27704489796,2463.1521255102,2169.37638571429,2538.60923469388,2091.14062653061,1826.78356428571,1968.73180408163,2348.62332755102,2215.67604795918,1924.08411734694,2005.27156326531,2159.57025102041,1838.83832040816,2194.35357040816,2157.00741428571,1870.44168979592,2230.59430918367,2084.35777816327,2114.90352918367,1658.61083877551,1939.23171326531,1827.58932959184,1902.03957857143,2377.25681632653,1952.3715044898,2321.87781836735,2366.15466326531,1824.2095255102,2115.26374183673,2175.40236326531,2560.02422959184,2631.91562653061,1756.10954061224,2072.86920612245,2047.07415816327,2118.96017040816,2530.94850510204,2429.58438163265,2229.94293704082,2767.35797020408,2147.48505816327,2381.61533469388,1779.77989183673,2440.23250510204,1628.7285,2289.6760622449,2137.66274285714,2500.44980918367,2237.21507244898,2655.55973163265,2286.40303571429,2167.59686428571,2469.54611632653,2901.91404795918,2461.27141428571,1983.30596836735,1965.29415612245,1805.61369081633,2020.81764081633,2806.17958163265,2029.73439897959,2135.4590122449,2053.94356938776,2311.51496836735,2203.73999081633,2713.92614285714,2053.49252183673,2100.78983469388,1653.87448979592,1950.57735857143,2064.00368061224,2669.64376020408,2027.84517653061,1857.3281744898,1708.22186938776,2295.74673367347,2500.65830408163,2126.53171979592,1841.52279081633,2097.31005918367,2158.53371020408,1873.84953653061,2002.42627346939,1438.08157755102,1799.53847163265,2340.8810255102,2090.52088265306,1933.21368979592,2222.87074571429,2327.19317214286,2062.07245306122,2282.39156122449,2278.89203265306,2236.00026428571,1983.42332122449,1939.28120918367,2456.93738571429,2175.13316489796,2400.95650816326,2081.72193367347,1976.47847040816,2237.91060153061,2085.17644081633,2288.25513061225,1695.39687571429,1862.62892571429,1839.35176632653,2041.98511020408,2595.06358428571,1893.61185173469,2256.11154591837,1973.30083469388,1949.14442653061,2186.72745714286,2194.53713163265,2139.41609918367,1957.87308571429,2037.10981632653,2494.52767040816,1820.00735918367,2338.76941632653,2648.47068673469,2716.70729081633,2089.64994081633,2099.46030612245,1738.22056428571,1796.80144591837,2013.57333673469,2071.57979795918,2291.13641326531,2407.23012244898,2146.15665102041,2112.17512040816,2265.29805765306,2337.1364622449,2213.47517040816,1933.38865306122,1656.26758469388,2431.02095112245,2431.15503010204,2017.20425295918,2282.22529489796,2276.63832432653,2289.68646326531,1544.50234285714,2443.05062142857,2207.9171044898,1780.46355816327,2168.92399489796,1847.54718183673,1913.53699081633,1740.66988469388,2063.7976744898,2245.3776877551,2243.03529387755,2117.10875306122,2424.11476836735,2159.64901428571,1955.87571326531,2143.17793979592,2306.80435306122,1929.84786326531,2201.90939430612,2236.5865344898,2206.63742346939,2015.89515440816,2321.62900204082,2417.14058428571,2292.03102244898,1629.04272081633,1570.84563265306,2475.49682653061,2066.05056734694,2406.22072857143,2534.15195132653,2142.93913877551,2232.00324489796,2391.35381428571,2198.96019387755,2493.00172142857,2296.09234897959,2640.36564489796,1727.28905612245,2053.86737244898,1586.16509081633,2303.60024285714,1915.5750744898,2240.60517959184,2271.09899183673,2562.53302683673,2206.46656428571,1966.60858897959,1969.18321857143,1843.17620857143,1531.43209183673,2392.87448367347,1863.86903081633,2248.53665918367,2321.9505244898,2193.99065816327,1992.16074918367,2242.87226020408,2143.95728102041,1837.68660714286,1584.35430408163,1930.64265714286,2125.46630346939,2637.28920408163,1921.69630714286,1732.0280744898,2854.04824693878,2223.8817877551,1595.69902857143,2583.0145244898,1985.55715612245,1907.96691836735,1676.69715510204,2339.56021020408,1798.75676938776,2191.71894285714,2604.75419030612,2334.82568367347,2013.53835,2248.6653105102,2047.15091632653,2282.57612653061,2078.06714591837,2099.80281816327,2236.21889897959,1463.58441530612,1932.63664795918,2056.52019387755,2510.13231938776,2108.80274387755,1644.45168265306,2226.74720306122,2033.47526204082,1771.15734653061,2464.56856122449,2251.34959795918,2031.82633673469,2141.18930510204,2717.97304693878,1970.25810918367,2786.02239173469,1969.80410122449,1954.31036326531,1948.13241510204,2355.6233755102,2261.19808979592,2083.61598571429,2584.90295306122,2040.26139081633,2361.67913571429,2489.42101020408,2231.04233673469,1751.70341122449,2375.43842653061,2691.28840408163,1937.77637244898,2183.66318979592,2148.41995081633,2547.57542142857,1994.45190183673,2124.84998979592,1877.33705408163,2354.19008469388,1707.38022755102,1980.63892591837,1905.94494081633,1859.81513408163,2548.12702040816,2223.62396938776,2013.80519591837,2021.33021428571,2449.4522844898,1978.49746489796,1601.73587755102,2487.93352755102,2502.27681734694,2101.43122040816,2256.1801777551,1937.75148204082,2131.91635408163,2420.82032959184,2735.65129693878,1843.25672040816,2091.12850102041,2355.94963193878,2417.93336836735,2112.63100714286,1465.8316744898,1856.10774653061,2430.5752255102,1819.13824285714,2257.60188877551,2261.1214122449,2039.11468571429,2200.03482244898,1658.82579081633,2517.51384795918,1940.13686938776,1946.25152244898,2007.59097653061,1510.48078061225,1937.41378622449,1857.15241020408,1969.89979795918,2174.39280612245,2203.7787744898,2563.78761734694,2092.70891326531,1788.89176020408,2501.7797755102,2140.12203673469,2124.12669979592,1902.07280918367,2145.70844591837,2365.08678673469,2113.72687244898,2165.5065877551,2310.43320918367,2122.03867244898,2145.72664489796,2210.58159632653,2468.61886142857,2496.68868367347,2658.79213377551,2279.14956010204,1855.93812142857,2084.78648979592,2290.71601734694,2075.85765408163,2387.26812040816,2526.58680816327,2713.15978265306,2045.62625306122,2234.96011836735,2214.68919387755,2013.26865408163,2416.77640102041,2242.19208979592,2182.17749489796,1829.4513377551,2129.82290408163,2130.31595204082,2694.48508367347,2454.51912653061,2225.1430877551,2034.10178877551,2041.57257755102,1782.18684755102,2398.97717653061,1641.41114836735,2207.55950510204,2207.47705102041,2176.88595918367,2131.17981122449,2741.15386122449,1414.0760755102,2066.91322755102,1952.48265918367,1717.25044489796,2515.20900102041,2210.4085122449,2163.48768367347,2305.31139795918,2253.43116836735,2324.78052142857,2287.94602244898,2655.65655816327,2012.00681632653,2363.47601938776,2355.24559387755,1976.73141938776,2313.84676612245,1885.41879183673,1860.48885918367,1721.43727040816,1822.71869489796,2311.6394255102,2150.5408,2084.13105163265,2028.62757755102,2352.13718469388,2313.22912755102,2633.86373877551,2118.43737142857,3015.77339081633,2094.25722653061,2118.29334183673,2619.69072102041,2141.10315714286,1747.28070204082,2553.84677142857,2282.03894081633,2163.75167244898,2370.36103816327,2120.35734693878,2094.91999285714,2351.2887255102,2038.53013571429,2066.48725265306,1975.26761020408,2321.63562346939,2568.17231836735,2217.33777346939,2651.11121122449,2039.29876469388,2101.93473265306,2285.07611530612,1977.57901734694,1987.6918622449,2233.6028744898,2325.22147959184,2502.08008367347,1865.04276530612,2406.26655204082,1820.63892244898,2116.84630306122,2040.96792734694,2356.05376530612,2371.71682959184,2248.60857938775,2099.41844285714,1894.76110714286,2299.76302244898,2027.93819367347,1697.13282959184,2056.18358979592,1893.60593091837,2768.85275102041,1977.17228571429,2076.32377142857,2367.25300102041,2263.86553653061,2008.89628673469,2046.96623673469,2309.56602040816,2387.65825102041,2557.14595714286,1687.7709377551,2297.07849693878,1831.72692857143,2186.86768877551,1907.15230102041,1930.94555918367,1734.6302244898,2648.6384622449,1964.06760408163,1923.02619,2190.47772183673,2200.3219322449,2671.22537346939,1935.22707857143,2134.58444285714,1766.60007244898,1957.11448061224,2175.81045816327,2105.10001632653,2135.90777959184,1969.65389693878,2328.03198877551,2102.95693979592,2600.01208336735,2061.66671428571,2256.02150714286,2573.7076622449,2445.43212755102,2043.88482857143,2533.61848163265,2135.67323204082,2204.75603673469,2027.89593153061,2191.37403061225,2211.15200204082,1984.44116530612,2345.99395081633,1879.79224693878,1960.33202755102,2297.77258877551,2113.62789081633,2203.07362244898,2029.91874102041,2231.56430204082,1513.7063622449,1886.54765306122,1642.30690612245,2002.25360102041,2713.48525,2366.66501122449,2158.14660612245,2299.84707653061,2164.54118979592,2202.21141632653,1825.42977346939,2534.08589693878,2733.38889795918,1748.19239693878,1967.00475612245,2347.5126405102,2323.3681255102,1921.85505408163,2304.71684285714,2343.40625408163,2371.70089795918,2485.5957255102,2394.97600408163,2121.51981632653,2284.44576020408,2091.19398734694,1708.50672755102,2622.28923367347,1879.00290612245,1917.01457346939,2013.4885744898,2071.98693877551,2310.4636622449,2289.39590306122,1821.27560520408,2165.6704355102,2693.62458926531,2947.53076734694,2159.22608438776,2300.68519795918,1900.96777244898,2197.11844795918,2250.27904693878,2154.08408571429,2227.56453469388,2324.48590612245,2314.94139081633,1727.65519795918,2293.77269081633,1981.21593367347,1842.18512040816,1572.76558673469,2103.30109693878,2127.88724693878,1946.01636632653,1901.73888163265,2535.61662346939,2093.80020306122,2079.04048979592,2363.92679489796,1975.04188612245,2289.40632244898,2572.72329591837,2326.62275816327,2234.92104489796,2049.74178979592,1997.09655918367,2427.07760714286,2261.27443285714,2146.45295714286,1845.05927959184,1838.47319897959,1957.80064183673,2796.38196938776,2713.9817377551,2022.33785591837,2346.00465591837,2333.66981102041,1851.05867653061,1849.34320714286,2084.84195408163,2235.64240102041,2373.35300816327,1439.9676077551,2284.97569285714,1872.79063163265,2609.01909285714,2309.70204285714,2086.60051122449,2108.04781734694,2400.23992142857,2440.33647959184,2026.88628265306,2177.13421020408,2202.6758744898,2190.96487244898,2149.97046122449,2275.17760918367,1925.08770122449,2074.42953,2378.98496938775,2341.86781836735,2743.01696734694,2100.68030806122,2216.96551530612,1753.79762857143,1685.65142959184,2401.9150244898,2708.84546020408,2390.5827744898,2151.51918265306,2149.75154897959,2346.59502244898,2736.38628265306,2408.64846632653,2003.84380102041,2106.53003673469,2446.37429081633,2284.6030044898,2290.64240612245,2126.15650918367,2340.32320306122,2227.66998673469,1930.10873979592,1563.36715918367,2017.92725918367,2076.72070408163,2181.13040408163,2188.08890408163,2022.27030020408,1947.19784693878,2486.25023367347,2304.93300204082,2034.97201020408,2172.04092857143,2113.19188877551,2813.95233367347,2072.79652755102,2013.27316734694,2372.31853163265,1984.72985816327,2488.52601969388,2061.61335816326,1890.92083571429,1928.60176020408,1490.00149591837,2615.88294795918,2680.92566938776,2158.27746693878,2006.01647102041,1925.05849183673,1914.27761020408,1833.81723367347,2177.77803673469,2060.46204857143,1885.56911836735,2316.41318061225,2096.88527265306,2426.82570367347,2560.55524285714,2534.27306632653,2135.17304591837,2588.31108061224,2241.72688265306,2480.27111530612,1875.11008061224,2461.13272857143,2360.63338979592,2493.53679489796,1976.98445306122,2081.60363367347,2486.62163163265,1984.24766816327,2110.12365632653,1958.67231734694,1866.33106836735,2066.05726836735,2120.66228877551,2159.83342346939,2312.43976530612,2541.16871122449,1980.00760306122,2042.23163673469,1832.07826632653,2012.43129795918,2383.60034489796,1880.19115897959,1963.99199387755,2531.79500306122,1952.5981744898,2101.91785102041,2347.42080204082,2236.28191632653,2194.73207653061,2039.57844183673,2260.92435204082,2083.87731938776,2166.1050377551,2129.17356632653,1840.9890122449,2435.59882244898,2209.36669408163,1567.44377346939,2346.5467244898,2165.18988469388,1968.88348173469,2122.00468673469,2210.64251122449,1996.55197244898,1682.63629530612,1447.75920612245,2073.99666326531,2281.21766122449,2393.92559693878,2415.73359163265,1774.52903442857,1962.83516408163,2146.29540408163,2196.91587040816,2232.42246122449,1839.53386020408,1923.97683877551,2173.36030306122,1844.95167102041,2140.17228061225,1972.84939489796,2275.33524897959,2022.96381632653,1886.74088979592,1883.88190510204,1828.82885510204,2090.38722428571,2452.48800816327,2207.41514183673,2317.63716326531,2466.0761,2307.09551428571,2250.57845306122,2044.14474081633,2410.12792653061,2632.1397,2497.36402040816,2029.59896010204,2376.62521632653,2428.09830510204,1905.09168693878,2438.21791632653,2194.51932040816,2310.83999489796,2262.94937346939,2113.6916622449,1781.49955306122,1979.73596734694,2007.55576326531,2113.04851326531,2253.80233163265,2452.56474387755,1736.15451469388,2328.93066938776,2526.80303367347,1765.69017653061,2193.78941428571,2190.20164897959,2023.99885510204,1807.46364591837,2063.04425102041,2225.9977744898,2170.76912244898,2115.55674591837,1961.86451122449,1951.07092653061,2758.91595408163,2224.00986122449,2200.43142346939,2414.76689581633,2706.59411071429,2167.39182142857,2205.97232857143,2289.01868979592,2086.5611244898,1657.94216836735,2263.14807142857,2311.82939591837,2239.5824622449,2083.47818061224,1861.86186346939,2295.10767142857,1895.80554795918,2262.12406938775,2800.40368367347,2311.64807755102,2128.39565816327,2299.14699387755,2101.57637142857,2109.99051020408,1933.56144795918,2061.50374183673,2383.27618673469,2733.73208265306,1802.47827346939,2419.17279591837,1710.45807510204,2023.61837653061,2006.73086836735,2961.69448979592,2099.64171979592,2274.04783673469,2192.87333979592,2220.38541632653,1944.60311979592,2453.52005408163,1887.25752653061,2665.13205,2276.56288469388,2263.69836428571,2356.18579183673,2493.89150653061,2094.8477877551,1887.10270918367,2646.90559387755,1938.29571734694,1971.38556734694,2628.32175714286,2122.5892,2123.52853061224,2219.78076020408,1842.83423163265,2228.15831530612,1859.08744489796,2771.70268061225,2270.11173367347,2181.54523163265,2477.15348265306,2100.22149795918,2137.79972040816,2087.35888510204,2059.45660204082,2199.78742040816,1844.63188979592,2021.14143061224,2287.05400408163,2401.65276734694,2524.46099285714,2307.63037857143,2321.94233061224,1996.53899897959,2181.39903418367,2219.90436428571,2218.75172346939,2052.00206632653,1947.34813877551,2004.27786632653,2200.58039510204,2022.70901397959,2509.3084244898,2046.90060918367,1964.3787377551,2134.56732244898,2401.49684387755,1779.13069346939,2360.41064122449,2242.45959387755,1627.40722653061,2657.10915612245,2048.28398979592,2427.32818061224,2199.84657244898,2277.61458367347,2467.1060244898,1945.92794897959,2318.29614081633,2329.51795816327,2041.9745744898,2361.25061918367,2190.23191632653,2329.25552244898,1957.01434897959,2361.57952959184,2273.43562346939,2382.94484183673,2139.48398469388,2477.72076428571,2089.31875816327,2185.6762877551,2336.67474561224,2161.88262469388,2242.18202857143,2678.14267755102,2585.25533979592,2228.71514591837,1445.82415918367,2195.20070408163,2105.29594795918,2279.9354377551,1946.03144183673,2074.23428877551,1952.78379081633,1987.98091938775,1454.05809693878,2420.58087244898,2007.48490795918,2300.05637346939,2200.47799693878,2022.7934055102,2024.29964877551,2525.22644591837,2311.57512265306,2383.70494897959,2122.94810204082,1847.96807244898,2268.28530612245,2093.12260612245,2119.11698469388,1695.03506428571,2177.09757755102,2273.51098061225,2746.23307653061,2052.91290714286,2302.60451632653,2448.31006326531,1982.3532744898,2674.98870510204,2344.79862857143,2259.33347959184,2569.66826836735,1858.79083061224,2062.68363979592,1986.96652857143,2038.38573061224,1899.65676632653,1463.45355816327,2016.15816632653,2053.34881428571,3132.32514693878,1840.36161020408,2027.90603673469,2420.8938255102,2038.26831122449,2118.90337102041,2174.03666530612,2103.47620612245,2444.25941989796,2119.11761489796,2389.42915612245,2377.6141622449,2506.36197142857,1907.60355612245,2324.29103367347,2163.71550918367,1887.28001877551,2489.4651755102,2664.96371530612,2060.27759693878,2261.89135918367,2408.35883061225,2395.16443571429,2263.62955510204,2090.20891632653,2014.37167142857,2266.09801530612,2479.84986734694,2321.48753877551,2010.6876,2204.06368673469,2441.97272857143,2053.52857857143,1835.94674591837,1924.33888163265,2278.53505102041,2338.37661020408,1890.59416836735,2095.83467959184,2144.22486938776,2386.65645663265,2069.59671122449,1888.2239744898,2105.67622632653,1819.52057142857,2038.57214795918,2088.6058655102,2880.4819744898,2223.70872040816,2386.89691122449,1972.64455408163,2339.97986428571,2139.21580510204,2132.8249122449,1680.07270306122,1926.14960102041,2220.43415306123,2290.44019285714,2098.9695,1976.03082877551,2331.44467346939,2170.20685,1981.91749387755,2374.25643877551,2248.80010102041,2372.09688571429,2432.74903979592,1769.85453061224,2290.52809571429,1762.05371265306,2171.24392040816,2397.30491632653,2276.3169877551,1824.45481020408,1676.02706591837,1662.88838979592,2245.91659183673,2270.03589897959,1760.84735183673,2136.35248061225,2137.36911938776,2280.01717959184,1896.24295183673,2179.53330408163,2158.89053489796,2386.1050244898,2313.60719387755,1875.35343265306,2425.25139795918,2376.66787244898,2250.94084591837,1574.76480102041,2250.9997122449,1960.07634591837,3071.2290377551,2046.81696020408,2342.13392959184,1790.2289255102,2324.47634081633,2164.38426979592,1740.25589285714,2115.92039081633,2189.10752428571,2470.8596255102,2016.25216836735,2200.1895244898,1983.88894081633,2201.20817857143,2379.10456122449,2072.08524183673,2188.72840918367,1636.74775918367,1920.60439081633,1913.11841632653,1943.95360306122,2291.40453673469,2421.42030102041,2123.29760408163,2304.16439897959,2411.75662040816,2370.93657346939,2196.87188255102,2257.97148265306,2287.86353244898,2076.21618367347,2190.72979591837,2217.86922244898,2044.2331377551,2196.69830408163,1945.80635918367,2825.53209081633,2198.49097244898,1594.3920744898,2490.99142040816,2571.14479591837,1895.04947755102,2350.25000816327,1764.50369795918,2113.33626020408,2137.54218061225,2304.3881,2288.62072959184,1473.28331734694,2312.49922489796,2572.00659897959,1697.58495918367,2602.79144387755,2078.16464081633,2242.43680816327,1981.09764285714,2183.96696428571,1946.69097653061,2135.29300510204,2330.12100306122,2164.13848877551,2243.75061122449,1867.46273204082,2402.67969897959,1758.53348469388,2111.33728061224,2104.38317938776,2273.57506938775,1850.60621979592,1265.30420204082,1702.51658653061,1746.80683132653,2040.96138693878,1999.00680336735,2083.84425,2300.69751122449,1717.00893877551,2277.1553377551,2098.6782244898,2033.37942755102,1988.41900714286,2349.99322122449,2512.79935846939,1968.21993367347,2045.15335612245,2341.07604877551,1930.87701836735,1586.35912040816,2502.5207255102,2488.54256122449,2256.3530744898,2226.09575918367,2137.05567857143,2442.97759814286,2011.79796632653,2140.37960204082,2222.04319795918,1779.89055102041,2127.65585816327,2148.92548469388,2372.16909795918,2184.17376020408,2153.23351326531,2318.23243061225,2261.0560555102,2064.43732122449,1911.78060928571,1683.91744795918,2063.75902040816,2161.40352755102,1924.21424938775,2400.06983673469,2293.56976938776,2309.99487653061,2041.69264612245,2362.9954744898,2201.88345102041,2510.31472040816,2343.71684755102,2866.58612857143,2294.92089387755,1883.02972040816,2414.67157142857,2518.88073469388,2416.3251255102,2449.46221020408,2540.14649285714,1820.98092857143,2218.41432755102,2286.31751530612,1667.19680510204,2147.90127959184,2292.5468622449,1927.49632755102,1846.09604897959,2261.49799897959,2271.59801734694,1997.48346836735,2384.19578673469,2522.27451938775,1659.9631755102,2235.12287142857,2287.05691428571,2309.99132244898,2085.17145102041,1807.55866081633,1745.90882755102,1894.53380612245,1086.11281061224,2449.74129183673,2161.20305918367,2234.40833979592,1923.70307142857,2012.2980244898,2682.45727857143,2013.06476938775,1901.18822653061,2395.39740612245,2616.0175755102,1691.44141530612,1890.04981530612,1672.26851734694,2031.04403367347,1646.95622673469,2193.60029346939,2205.19008265306,2208.13313877551,2006.99536530612,2230.80902346939,1575.77873979592,2115.15755918367,2388.5846877551,2403.10892857143,1835.27247244898,2296.65943571429,1803.17267653061,2128.81875714286,2199.15513061225,2252.95150918367,1841.19262918367,2075.80050816327,2079.19090204082,1637.84564387755,1783.63837142857,2727.90023673469,1787.18900918367,1860.41104693878,2013.29130306122,2731.58108265306,2023.37036632653,2849.11792857143,2523.88563877551,2294.81626867347,2060.58078163265,2108.74905918367,2245.667375,2428.85263163265,2784.32621326531,2366.21847040816,1953.25468387755,1754.37690612245,2199.92551530612,2017.45988571429,1762.02991632653,2018.78603163265,1636.30127755102,1843.98076836735,2192.32517857143,2580.46154285714,1618.08327785714,2144.34447102041,2307.86148469388,2283.10702530612,2022.33383122449,2118.40806632653,2209.92486020408,2100.58403265306,2068.46480520408,1889.07011938776,2036.94909489796,2421.07432897959,2363.06005,1917.23841428571,2184.23165408163,2017.89926836735,2437.25969081633,2025.86254163265,2630.81410612245,2032.75788571429,2536.76186122449,1611.38925,2145.94883571429,2127.19045,2085.0521377551,2226.85745612245,2114.1051244898,2534.30862142857,2267.04068979592,2270.92933673469,2082.41238571429,1986.62760408163,2332.96689081633,2078.69382346939,1960.57873769388,2050.0913377551,2068.30693163265,2132.65514285714,2501.40081632653,2099.30871020408,1678.7880377551,1858.37820816327,2241.09382091837,2519.34872959184,1920.50089081633,2668.3258122449,2058.02583061225,2209.31371530612,1978.40275306122,1914.02015306122,2059.30001122449,2380.51589183674,2336.66344387755,2512.6014755102,2432.33703571429,1954.47169693878,2446.76820408163,2316.33611632653,1861.18018673469,2383.66792346939,1834.60392755102,2083.54981938776,2018.34433061225,2102.15574734694,2515.47225918367,2090.20444693878,2651.1276744898,2279.46301530612,2100.91098265306,2444.80372040816,1715.66452142857,2020.15851836735,1928.6625155102,2138.9220622449,1742.89606938776,2036.14594285714,1578.02398979592,2177.95765306122,2084.02640510204,1712.17893367347,2326.86355918367,1889.41379081633,1865.44280081633,2675.81615612245,2572.95418265306,2415.16703469388,2470.01634102041,2074.76068193878,1501.27721020408,1755.06042244898,1767.01991938776,2229.94178571429,2173.35885102041,2814.63475,2573.58774081633,2554.04785204082,2337.25668571429,1863.21139387755,2259.64777040816,2188.70561428571,1933.63158061224,2034.95584489796,1975.50280204082,2466.30555204082,2486.03005408163,2029.51791306122,2421.59306326531,2258.19579591837,1920.84086632653,2008.29210510204,2949.33797857143,2389.09696938776,2277.88560510204,2117.32536020408,2031.10994489796,2158.94194795918,1883.10621122449,2108.29687346939,2242.60206020408,1960.97911938776,1776.42270918367,2416.80371530612,1768.6272377551,2359.62483265306,2513.47939489796,2398.02355102041,2151.3740744898,2188.06017816326,2203.11473591837,2104.62556061224,2144.60580846939,2104.21992040816,2699.00928061225,2384.32519530612,1952.29489387755,2259.12132959184,2190.63114387755,1920.19836326531,2275.3680122449,2455.31762142857,2025.86613265306,2251.33739897959,2008.19497142857,2500.47929591837,2383.37564693878,1810.83729591837,2490.80299693878,1986.01548367347,2203.55407346939,2009.25992040816,1853.74212204082,2180.16785510204,2094.63601632653,1750.89489489796,2010.35028979592,1827.63360306122,2029.01001326531,1823.42877755102,2409.32855612245,2203.12823061224,1369.90384387755,2399.12810306122,1971.69084183673,1384.59716734694,2656.38424387755,2305.90678367347,2449.38144897959,2382.91441836735,1990.25479081633,1696.85366428571,2347.99881632653,2292.78255306122,2475.51369693878,2191.7801255102,1873.76613897959,2267.11793693878,2030.15686734694,1716.4317955102,2021.95412653061,2061.6935,2114.09621428571,2197.80149489796,2095.95877040816,1811.16090510204,1684.69386836735,2003.13071204082,1812.24252244898,2043.84642244898,2201.48634693878,2102.19008265306,2452.15514571429,2226.65518265306,2190.36945510204,2157.16577346939,2671.08480612245,2143.9701877551,1674.36431816327,1683.64707102041,2339.86787040816,2184.47592285714,2331.37655918367,2220.90312632653,1908.45728061225,2268.85482857143,2908.01228877551,2083.58228673469,2334.00647714286,2335.82616734694,2229.28835918367,2079.43208469388,1811.15502857143,2377.11112234694,1671.88897959184,2097.01270918367,2010.66759795918,1783.8515377551,2276.49005510204,3005.85124591837,1597.92088163265,2381.81721020408,2362.3630755102,2316.9945122449,2541.37166020408,2287.81213367347,2098.53418163265,2459.56300102041,2365.36204387755,2012.99296020408,2415.87793163265,1841.59430306122,2422.53258163265,2374.53626122449,2137.64128571429,2066.04803571429,2157.09357346939,1779.17978469388,1726.00980306122,2232.10883469388,1810.4666155102,2164.54747346939,1882.26416734694,2717.42723367347,2042.2366122449,1964.36600530612,1970.30788571429,2328.14188265306,1933.10742571429,2531.52369795918,1988.64915408163,2715.3969377551,1848.71692622449,2383.84559795918,2001.00386734694,2201.32347653061,2055.33289795918,2267.68376632653,1890.87867142857,2189.85692755102,2328.06081530612,1912.81431857143,2212.87004081633,2072.2361622449,2182.55957122449,2128.72574285714,2513.93265714286,2471.73748559184,1716.32133673469,2253.1291894898,2687.70598061225,2422.58502857143,1963.64432244898,1861.71022142857,2081.71473061225,2769.59347040816,2220.39800306122,2414.38869081633,2125.36623653061,2301.85849632653,2295.44702244898,2171.21976020408,1519.16222857143,2115.56686428571,1966.0309122449,2073.17586530612,1837.71796326531,2271.14038265306,1676.05705918367,2340.76407653061,2436.15074489796,2119.15769897959,1859.17991836735,1593.99495714286,2377.17746836735,2133.01685612245,2222.91989489796,2185.28727346939,1810.48108163265,2152.78679693878,2202.86699857143,1856.01301530612,1484.25441693878,1876.57528979592,2300.55470714286,2612.08364102041,2260.32054081633,1492.83462142857,2075.23499897959,1859.82363163265,2163.26140714286,2572.91223265306,1979.10923877551,1983.66348367347,2216.2695877551,1989.43258632653,2007.96422653061,2429.1657122449,2281.73596530612,2077.97206938776,2483.16919591837,1691.32265306122,2317.64461836735,2685.79993571429,2399.25992755102,2275.68478979592,1757.0249622449,1421.86364387755,2389.74043163265,2403.28452040816,2001.75958469388,1861.34079081633,2148.57812959184,2148.22163163265,2153.25831908163,3065.18855102041,2826.15303571429,1993.55682959184,2231.25379081633,2961.5717377551,2170.15688469388,1687.8006377551,2011.99592959184,2030.70833979592,1812.63550102041,2260.7610255102,1828.24698469388,2268.25638979592,1921.65498673469,2093.29838877551,2061.10420408163,2254.40816734694,1704.35742653061,2271.09270897959,2467.52770714286,2231.00588877551,2313.77783163265,1958.84851530612,2353.59615183673,2074.18840673469,1990.58424081633,2189.1836877551,1840.01411020408,2229.05980612245,2208.18283163265,2151.57320306122,2429.61568265306,2267.02997959184,2251.90577244898,2224.18328265306,2121.36807857143,2181.39713061224,1961.75208163265,2070.89496530612,2190.28873877551,1713.30957142857,2383.10992755102,1632.19871367347,2023.89584183673,2164.55324489796,2136.41490102041,2060.9943244898,2137.53637346939,2163.64822959184,2390.15869183673,2063.31431734694,2647.42724387755,1963.00145,2191.63402653061,1499.31351836735,2257.30705714286,1941.52082653061,2066.87095408163,1937.27238979592,2063.34751122449,2180.99334183673,1969.33245714286,2322.36033367347,1736.88387142857,2121.37623163265,2214.70039387755,1980.4391244898,2073.84765,2535.59924489796,2162.93389183673,1565.25694081633,2100.63112346939,2249.35612346939,2189.13104714286,2255.62549897959,2536.97898163265,2603.49431326531,2498.52795408163,2096.69742857143,1755.93759897959,2367.37161428571,1942.86803979592,2232.83221122449,2137.19843408163,1955.57887857143,2608.19264306122,2417.56574983673,2004.75044795918,1826.71176122449,1997.30417877551,2292.25096632653,2082.31047857143,2457.93210816327,2270.79708673469,2055.4168744898,2335.93305612245,1848.1652255102,1990.36185204082,2329.11302142857,2376.80549795918,2473.92147142857,2111.33020408163,1918.25184489796,2698.8528755102,2584.04953061225,2099.05278571429,1649.16490040816,2143.79299285714,2001.44147346939,1974.35038061224,1765.15056836735,2162.53060816327,1820.55303265306,1561.58987693878,2496.49244693878,2210.04628673469,1837.00720510204,2374.71750204082,2454.15866836735,2228.87371530612,2419.60340510204,1838.91171632653,2186.46459285714,2285.98325612245,2473.12585918367,2820.42015102041,1873.70507591837,1998.35928714286,2308.30230204082,2057.34743163265,2027.08301326531,2416.76055408163,2211.66999693878,2096.17754285714,2044.25148877551,1953.71117346939,1939.24119973469,1917.75056102041,1645.15581428571,1597.48941734694,2021.51801632653,1734.81273367347,2200.3551377551,1630.50087489796,2292.94635285714,2171.3636877551,2345.75087857143,2406.91443163265,2117.66335102041,2519.45298367347,1845.84028571429,1761.27462081633,2159.13490938776,2257.27275306122,1486.87497244898,1909.58189183673,2043.73798469388,1544.85084285714,2237.28399081633,2816.60407346939,1874.21309387755,2023.74548469388,2123.72376938776,2709.74321530612,2178.17722346939,1502.85696326531,2248.77232530612,2149.78849795918,1871.05672040816,1993.86565857143,2043.84795204082,2354.3777755102,2481.13876122449,2098.51865408163,2254.70429897959,2051.83304591837,2338.4183122449,2092.97643469388,2012.16217346939,2212.10825408163,2033.30475714286,2176.71447959184,1782.45092959184,2027.42826428571,2078.37980612245,2183.48600285714,2011.44765285714,2229.84166632653,1973.70345408163,1482.91506530612,2456.29165612245,2349.93326734694,2079.50100204082,2460.80308673469,2450.16222040816,1510.16246632653,2279.83814285714,2056.64145918367,1876.82516530612,2512.45452857143,2309.64054285714,2425.26658081633,2574.63056938776,1765.21419867347,2246.09836734694,2367.66723469388,2388.3096244898,1930.44681163265,2082.32405408163,2320.06073673469,2270.33053673469,2034.83357663265,1611.18137408163,1987.27499387755,2091.75307755102,2290.80057346939,2035.07928367347,1995.03322857143,2290.99285102041,1986.1698955102,1955.47804693878,2398.96624693878,2130.49321938776,2302.24403061224,2388.73362142857,2554.37069489796,2498.51509387755,2131.52558469388,2013.06483265306,2143.90113061224,2320.65327346939,2337.43462244898,1845.64382142857,2047.56123367347,2180.7563744898,2040.409,2052.62062040816,1952.96552244898,2073.47619795918,2211.19117346939,2163.61557653061,2333.86511530612,2299.57406326531,1596.98097653061,1959.85793469388,1939.69816632653,2242.58951632653,2255.42038673469,1853.90200510204,1976.43800204082,2053.33388061225,1941.23189969388,1864.91669081633,2006.40625306122,1987.23488469388,1747.81049102041,2122.77040408163,2103.42857244898,1907.81609489796,2643.71584897959,2149.70087040816,2188.99475653061,1945.64431734694,2393.1058377551,2386.37534795918,2180.35177653061,2396.79921367347,2077.13512857143,1608.73067959184,1939.37497755102,1972.53711836735,1950.30756938776,2090.30273979592,2176.05751265306,2525.70548673469,2149.9105877551,2219.42067040816,1822.24968979592,2391.22770408163,2347.96617755102,2106.68331020408,1917.9965744898,2204.36961428571,2667.65789795918,2153.57763265306,2364.28320183673,2096.21613908163,1665.47574897959,2370.18136836735,1586.4621,2325.84420510204,2208.85690612245,2074.73664795918,2064.39526459184,1808.97344428571,1822.58209183673,1821.00033530612,2347.96720510204,1901.20942040816,1951.21619897959,2042.77245918367,2004.58756530612,2627.5273877551,2178.22957040816,2837.47105612245,1988.62842142857,2515.39796734694,2203.52869387755,1760.51749693878,2348.9802877551,2164.0266244898,2184.5847122449,2742.00534081633,2286.72476938776,2088.55260816327,2381.63833673469,2255.70837653061,1875.7216,2000.76529795918,2316.87744081633,2820.87475612245,2136.84016938776,1703.77900367347,2391.50323877551,2011.19577040816,2327.18153571429,1880.7004244898,2036.67445306122,2707.62078265306,1927.89012755102,1931.72752653061,2100.63012857143,2242.65178571429,1372.15717142857,2637.87208673469,2006.11168265306,1524.72502979592,2182.61190102041,2267.61060408163,2526.64047959184,2731.00893163265,1584.48593163265,2067.81372244898,2082.99966091837,2151.73775612245,2355.16932418367,2359.41640612245,2137.30438571429,2026.87711428571,2033.29414591837,2091.59066938776,2305.70286122449,2164.88769285714,2446.93969081633,2362.44136122449,2270.27504897959,2165.08684591837,1892.65792102041,2027.38164693878,3047.05089571429,2418.89852857143,2041.52703979592,2495.03000612245,2060.19956734694,2099.36535818367,2157.9279244898,1886.69457142857,2261.93456734694,1505.13581836735,2078.00684183673,2301.43465306122,2506.24410204082,2482.08435714286,2555.61918571429,2323.94174489796,2479.44335816327,1390.66319387755,2804.7436244898,2182.43779387755,2491.75308571429,2139.97939693878,2353.41080306122,2081.62134489796,1867.09314693878,2061.96022959184,2442.10497040816,2022.48195204082,2568.28783979592,2246.77836020408,2198.17061122449,2051.41087040816,1894.78160408163,2184.24975918367,2290.41783367347,2017.33333265306,2250.36505346939,2351.34249795918,2381.64678265306,1546.97584591837,2289.38152040816,1877.27649693878,1756.8613,2066.47966326531,1888.14460204082,2564.69685612245,2179.40935744898,2115.1131872449,2035.39482653061,1739.98607346939,1543.13498979592,2189.55629183673,2210.49326734694,2475.23891632653,2140.22819081633,1862.08752653061,2106.09468163265,2129.63203265306,1903.46984387755,1887.36124285714,1924.43993061225,1814.55418979592,2224.84123265306,2347.66775408163,2415.29112857143,2501.91701428571,2229.96116627551,2683.03733265306,1864.84280408163,2305.46258265306,2235.11477653061,1956.34207653061,2158.43175816326,2217.90487040816,2240.68056734694,2394.64777142857,1688.96392040816,1158.34383770408,1643.08881836735,2752.24107244898,2223.5031877551,2261.13394285714,2049.94096326531,2067.25519591837,1906.8879622449,2347.41778979592,1988.45080714286,1893.5242744898,2137.86679081633,2190.86320387755,2572.6186377551,2327.05855306122,2253.23753979592,2211.4434255102,2337.05174693878,2009.92519897959,2164.68251428571,2104.17848571429,1940.70781326531,1899.08460408163,2475.74923469388,1841.88097755102,2228.63791846939,2912.2688377551,2722.81308673469,2097.21855408163,2101.5758255102,2196.54879489796,2294.42595204082,2079.26588734694,2523.30366428571,2309.15471734694,2202.03952346939,2514.70010816327,2375.96804081633,2430.4536122449,2392.56425204082,2007.27942755102,2052.96129387755,2164.28402122449,2144.03634183673,2038.16001428571,2412.86311632653,2390.60826122449,2153.18316591837,2260.06353469388,2247.08433877551,1818.98488265306,1897.05996836735,1663.94515326531,2021.22175918367,2042.14546632653,2183.53355510204,2133.70047653061,2253.15492857143,2551.6281,2238.70477244898,2305.19862244898,1803.04874081633,2429.68115612245,2382.49893367347,1912.06914183673,2771.35205857143,1955.44207040816,2294.45174306122,2340.33626530612,2400.0273244898,2904.00772346939,2369.66623163265,2232.07109591837,1657.72993714286,2134.59764387755,2186.83094081633,2010.60782857143,2068.38449285714,2053.89194795918,1860.66796326531,1809.31273877551,1990.68170510204,2135.68689795918,2494.45523469388,2599.32096836735,2589.9952622449,2329.40023265306,2145.88115306122,2088.85416836735,2150.32708061225,2782.77780510204,2441.99550408163,2011.52551734694,2098.75005714286,2099.55451836735,1896.35056020408,2376.64037653061,2035.01678571429,2059.35074387755,2613.04546734694,2392.89868877551,2717.06878571429,2276.46254897959,2422.93334183674,1705.10721530612,2125.76755673469,1929.76284285714,1801.24891938776,1876.26811632653,2139.31013163265,1855.38920204082,1936.05477040816,2678.41648877551,2190.02902755102,2058.91828469388,1962.60594061224,2118.07070918367,2012.68525897959,2297.78617244898,2152.54759591837,1855.00990204082,2238.39925510204,2097.80910510204,2517.51614897959,2209.08868469388,2373.75695612245,2226.29429714286,2056.71317040816,1667.23653265306,2191.12016632653,2229.86537857143,1783.00895408163,2177.26986938776,2141.39738642857,2403.74351530612,1922.61314612245,2271.28316122449,2615.34558571429,2283.9679744898,2076.59090510204,2302.22044081633,2876.96189285714,2520.14619795918,2509.91413265306,2256.73808061225,2836.24755510204,2236.94459183673,1599.31595937143,1949.3527377551,1858.38449183673,2456.08579387755,1904.24738877551,2052.05457755102,2285.98595938776,2392.59195510204,1789.28262959184,2111.89763367347,2241.55651020408,1601.69596244898,2304.25851020408,2180.10127755102,2375.15626836735,2005.14671428571,2132.31877959184,2191.03144285714,2221.32067346939,1680.6459255102,1819.26974387755,2282.05422040816,2302.06870102041,2300.21786836735,1670.97186061225,2165.42741530612,2037.39335510204,2112.80422142857,2291.89263877551,1882.81501632653,1916.25351836735,2440.55268571429,2541.31298673469,2250.21255408163,1548.76980510204,2107.45223673469,2259.82951061224,1974.65574693878,1958.58135816327,1948.30263979592,2335.96439693878,2010.89535714286,1655.81020704082,1964.13322142857,1790.3415377551,2221.17442346939,1478.17891581633,2478.2109622449,2307.97027959184,1859.74040306122,2054.83193163265,2358.91630408163,2303.94666244898,2115.27182265306,2204.19116428571,1932.75954897959,2338.1218255102,1964.45101326531,2151.60662653061,2006.82793061224,2003.3390255102,1451.64884591837,2026.15656938776,2129.29565469388,1706.58687857143,2379.33675408163,2063.27838163265,2031.65940612245,1814.12385510204,1503.6773755102,2060.91499295918,2038.66774897959,2112.07069591837,2332.59991122449,2338.72898673469,2183.79750204082,1942.43737204082,1698.95291591837,2040.49682346939,1673.96915959184,2089.03076836735,2323.94085816327,1636.7297244898,2073.01254795918,2440.24285408163,2389.5534877551,1947.35699897959,2279.99721530612,1906.70748469388,2270.58752367347,2378.14100857143,1903.54790469388,1570.56576020408,2569.54426734694,3086.42110612245,2024.6391744898,1970.34151938776,2211.20003204082,2764.51317244898,2455.30060204082,2050.55057653061,2020.20585714286,2058.22354693878,2309.95017142857,2133.10259693878,2789.58728673469,2206.07581428571,1982.11463163265,2313.21824387755,2282.20450510204,2424.05462142857,2225.57691020408,2384.51418265306,2225.95008979592,2797.43859897959,2375.62591020408,2729.66476428571,2220.95011561225,2185.4851755102,1843.43097040816,2622.13123979592,1329.53558367347,1954.78732959184,2264.44693102041,1791.83096938776,1881.71077857143,1897.72427877551,2117.08849795918,1899.19346836735,1901.15717653061,2490.75992857143,2757.71069387755,1795.15615408163,1771.42314693878,2054.36634265306,1945.61689020408,1922.16563938776,1938.93211244898,2266.38356122449,2263.78630408163,2171.94118469388,2082.74961122449,2414.27209418367,2270.96006918367,2087.27481938776,2256.79835102041,2224.04386010204,2542.58625816327,1873.76902438776,2044,1767.53676122449,1789.93262755102,1874.40712653061,2063.84374183673,1656.37996122449,2094.8605755102,2250.87357959184,2175.60661428571,1845.15346693878,2224.68052959184,2332.34884387755,2277.78900816327,2133.70672857143,1983.02583061224,1510.8154,1921.53019244898,1707.2853944898,1716.67270091837,1965.74594377551,1985.54225367347,2122.61886010204,1946.15351642857,2818.76680714286,1955.03744918367,2482.99591632653,2342.27736020408,2307.08402346939,2013.51299693878,2042.44219897959,2360.75217653061,1993.16848979592,2450.93617040816,2269.2719622449,1587.37200918367,2739.60220204082,2076.17287755102,2172.21643469388,2104.65173469388,1739.38575816327,2264.92051734694,2484.88874081633,2326.35756122449,2282.73797673469,2599.51745510204,1496.96476428571,2774.93169489796,2061.04066020408,2713.86914183673,2175.86921428571,1922.09105510204,2132.17363367347,2423.02701122449,1738.18580804082,1986.05600918367,1801.3744372449,2357.85546734694,1444.90808979592,2523.03963979592,2228.92868673469,1996.18593979592,2080.522,2058.25300173469,2217.54016632653,1945.41703877551,2063.71873367347,1974.36484489796,2523.9298744898,2222.88083295918,2334.19872653061,2557.64137040816,2254.15722959184,2465.11786632653,2450.23538673469,1987.63552142857,2271.03548265306,1783.92584387755,2115.13356326531,2183.50609795918,2123.82605102041,2093.17048265306,2196.08638061225,2374.55326428571,1815.60118877551,2240.86732755102,1580.30158163265,2537.58621734694,2507.52270510204,1994.18346632653,1999.82758030612,2231.44636530612,2144.20679285714,2726.04061836735,997.08124122449,2441.24228877551,1876.93899591837,2191.13750489796,1803.27681346939,2587.82859183674,2197.40793265306,1616.37480918367,1422.28245306122,2080.9843877551,2144.71133367347,2180.1086244898,2169.04623571429,1679.52440612245,2035.5822844898,2108.00162653061,2204.81592040816,1812.23109285714,2332.37888469388,2392.83742959184,2229.39836938775,1910.41173979592,2064.84639387755,1887.58859081633,1971.89397959184,2068.64279795918,2164.14590918367,1854.45764795918,2819.05309795918,1864.58716632653,2204.11618469388,2013.43411836735,2456.03239897959,2219.4501122449,2661.50675510204,2200.85730612245,2599.48952244898,2254.67128673469,2025.7673,1790.7477622449,2354.12691428571,1835.65798979592,2017.32059693878,2278.60699489796,1964.33190204082,2035.99709897959,2019.77598234694,2406.58395408163,1680.28624081633,1957.4644622449,2319.02962142857,2204.03198877551,2183.60347653061,1715.30581704082,2425.19069591837,1908.65669285714,2490.77017653061,1771.67746020408,2174.80649591837,2650.56244081633,2008.98665295918,1899.28011326531,2062.4318922449,2007.04955816327,2166.12788877551,1897.78097142857,2981.58848428571,2345.45048979592,2124.78353438776,2205.19427112245,2273.15439489796,2010.78400408163,2286.20988163265,2349.34974183673,2207.91489081633,2199.91894897959,2004.61971938776,2796.8709255102,2073.01233979592,2389.83436632653,2529.80920102041,1802.22666326531,2029.78479693878,2299.61705204082,2530.1118122449,2099.02008469388,2505.25963163265,2453.87006020408,2083.13494489796,2015.88507959184,2413.65024387755,1861.01012755102,2299.75609244898,2392.90462040816,2029.70538673469,1996.24870612245,2289.85514285714,2443.39301122449,1921.20746734694,2224.33386673469,1882.59638877551,2375.95304153061,2349.61402755102,2642.59059591837,1913.02774795918,2101.91468244898,2502.47900918367,2148.82258061225,2263.1686744898,1957.81818673469,2037.81639081633,1796.0483877551,1977.58643061224,2080.03137857143,2630.13729489796,1961.2358122449,2360.14618979592,2202.59386632653,2138.0200377551,2129.15360306122,2031.50223836735,2031.88065,2104.23830816327,1546.82622653061,1949.79952142857,1943.90303979592,2097.13913061225,2406.98055102041,1940.88089591837,2346.02606836735,2239.93216836735,2459.84324285714,1827.27598367347,2240.07658061225,1835.03606734694,1954.92427040816,2138.78687244898,2205.40664183673,2915.85713367347,1938.31066755102,2853.08294795918,2170.33588979592,2077.35534591837,2251.07328979592,2189.72429897959,2296.97598979592,1933.80067755102,1715.0976244898,1868.53884285714,1773.67982285714,2402.21873367347,1774.29478979592,1865.46783877551,2057.52603877551,2096.47114897959,2963.2504755102,2051.03700918367,2434.41221428571,2563.2173122449,2578.36768469388,2194.52577244898,2342.74980918367,1836.24774387755,2184.63402040816,2054.12392122449,2853.98047346939,1846.92071632653,1965.50422142857,2259.17483265306,2082.60950510204,2344.50528061224,2179.8345,2587.07930612245,2339.74465306122,2673.44856020408,2019.39444693878,2139.88553673469,2121.96685204082,1892.57975918367,2159.56528163265,2042.02872959184,2152.08960306122,2198.52450510204,2113.93441938776,1965.13962142857,1910.60595714286,2480.84097040816,2394.40363367347,2092.55855918367,2139.5222622449,2352.67805510204,2021.50914081633,2167.86296326531,2101.43760918367,1848.7863255102,1715.34716071429,2006.57159591837,2158.5086877551,2161.91882346939,1837.84099591837,2105.26625612245,1841.80973979592,2301.00902959184,2175.31661734694,2356.19735714286,1700.42467959184,2134.91213265306,2302.61726734694,2157.95653061224,2863.24243469388,2384.71845306122,2340.27429183673,2330.73530714286,2297.4593244898,1754.62019693878,2457.48556020408,1848.27784469388,2068.29559469388,2329.74103061225,2294.93645918367,2298.27643571429,2246.27057959184,2176.65030408163,2101.72843265306,2308.27720102041,1912.95027020408,2233.86571122449,2031.89728673469,2598.96627959184,2433.94783469388,2251.96640204082,2004.83794693878,2425.81574693878,2022.72617244898,2184.94510918367,2171.35745,2240.8620122449,2550.60008265306,2444.39526530612,2391.90170204082,2723.34580408163,2469.7943877551,2022.33782489796,2043.45038877551,2303.29166530612,2351.3171122449,2421.82380102041,2155.93271020408,2238.86429081633,1658.35048673469,2368.40693673469,1828.22592530612,1814.21790102041,1432.07521020408,1908.02702142857,2068.40824897959,1990.51863979592,2327.86370734694,2266.44778469388,2186.64060204082,2052.48412959184,1778.31494387755,2227.75336632653,2441.15737244898,2426.53353061225,2226.927885,1531.29077142857,1840.11176326531,2036.93746836735,2280.43524387755,2172.9176244898,2014.67526734694,2459.88765102041,2170.30076122449,2359.06029081633,2014.26730387755,1602.24580306122,2547.63005204082,2463.28360510204,2274.94286530612,2179.03657653061,1840.61743265306,2139.05083265306,2017.33697244898,2556.5668255102,2309.69915102041,2357.0526755102,2510.429,2418.26625918367,2071.04357204082,2068.51729285714,2084.22304693878,2215.01612040816,1908.34104285714,2276.03553469388,2476.22727244898,1894.64462959184,2372.71115816327,2375.12657755102,2372.53565408163,1624.92318163265,2125.7791744898,2139.4825,2353.8708,2011.60730877551,2140.82676020408,2340.60657346939,1862.40890204082,1946.69466326531,2204.32694693878,2056.71249285714,2362.82628979592,2258.75117346939,2177.23823163265,2194.88638581633,1955.07179081633,1980.35240510204,1922.85635826531,2108.58790612245,1894.52898673469,2232.40851836735,1669.9445,2693.41259591837,1747.09348877551,2394.47148163265,2476.80702469388,2235.3722377551,1913.97109367347,2467.5827122449,2182.23017857143,2260.84129897959,1750.59238061225,1906.04581408163,2382.29298877551,1905.75993193878,2487.2324122449,1954.36243163265,2401.84034285714,2381.7834244898,1970.77905306122,2060.9406377551,1887.28032142857,2235.29382795918,2523.66864387755,2398.38338673469,2668.02474387755,2115.44462653061,2582.41166122449,2276.18590204082,2136.71479183674,2086.39754591837,1777.76320816327,2318.69642755102,2518.49972244898,2279.72361316327,2092.42311632653,1697.4508622449,2375.16476836735,2170.59894081633,2302.06674591837,1756.24746632653,2251.1092877551,2347.22287142857,2823.02375142857,2234.67540510204,2102.79357857143,1909.22279489796,2261.42993469388,2330.74593979592,2400.75141428571,1595.23529387755,2320.36391938776,2312.44057244898,2612.07138877551,2378.06072040816,2196.40560714286,2421.5050755102,2209.54178387755,2030.42778673469,1892.85552857143,2420.9900744898,2291.36032346939,2595.04952857143,2951.86635816327,2171.97695102041,2306.43687244898,2306.94191734694,2338.20749285714,2196.07525306122,2781.74407653061,1990.94208163265,2053.3625477551,2179.36950918367,2075.08940755102,2417.36236632653,2404.03394897959,2285.48294408163,1863.1754,2158.13779897959,2850.6849244898,2824.94816428571,2017.3660122449,1917.09625163265,2626.18684897959,2375.66607346939,2444.0579377551,1748.4935055102,2374.15004693878,1926.66786367347,1726.17106020408,1467.50639693878,2396.07958469388,1966.18694489796,1808.96606020408,1657.5756877551,2087.87461122449,2046.81365030612,1979.47977244898,2017.80623265306,2095.75285693878,2047.0412,1465.24626836735,2725.37175918367,2158.47284285714,3044.73734693878,2296.35779387755,2205.14767653061,1858.56504285714,2304.8536755102,2262.44942244898,2171.7340755102,2079.98439040816,1781.26203979592,2247.21127959184,2306.4306277551,2153.91426938776,2176.99372040816,2518.59253163265,2717.49539183674,2150.17565714286,2282.85269183673,2277.2009744898,1917.27598061224,2274.03309387755,2618.80782285714,2326.67716428571,2535.76526020408,1806.21905857143,1997.20062632653,1548.17038877551,2007.5449255102,1952.23813163265,2154.74704183673,1798.69005816327,2619.27876734694,2524.69347755102,2248.68672857143,2164.43178469388,2001.70647346939,2212.54254387755,2323.34368367347,2152.96380102041,1621.71655,2207.18770816327,1839.27777653061,2224.35550204082,1821.66486530612,1997.8982877551,2159.77292346939,2163.8464255102,2066.43533040816,2282.96743469388,2243.42990102041,1988.40225306122,1885.33270510204,2073.31140612245,1889.79989387755,2099.47186020408,2610.39482346939,2324.31607653061,2267.92149591837,2247.77296938775,2363.77330918367,2633.14085918367,1791.61435918367,2667.07327857143,1756.51106938776,2077.10055816327,2226.45381530612,2210.93359693878,2383.7110877551,2540.40975306122,2369.00545306122,2808.11492806122,2136.98134714286,2512.6165877551,1487.35809897959,1991.17717244898,1999.28460612245,1983.50695408163,2346.3244877551,2104.62663265306,2541.31811530612,2197.15276938776,1902.61098734694,1777.3742744898,2153.87286836735,2215.85154387755,1883.99293571429,2312.44871020408,2103.45065,2989.72259693878,2277.64548265306,1946.26777040816,2315.34822091837,2220.96481734694,2115.12068979592,2280.27831326531,1507.77956836735,2138.79846428571,2104.56793163265,2265.34522959184,1630.35716530612,2264.28748163265,2049.62922040816,2278.43478979592,1999.76085918367,2021.69619591837,2505.82665204082,2228.92034081633,2170.88844204082,2196.13175204082,1827.89835204082,2478.68719693878,2318.91913265306,2101.46842857143,2439.79162244898,2351.30866734694,1821.88618265306,2034.46643979592,2096.22204489796,2313.83017755102,2264.26732632653,2314.10849081633,2356.04582959184,2450.22819591837,2316.29800714286,1689.48242959184,2101.51989897959,2176.52186530612,2226.97107346939,2082.60161418367,2188.02614306122,2085.76810102041,2416.82358265306,2173.88802755102,2081.10526428571,2409.75899183673,2441.25455408163,2830.57080612245,2788.50296428571,2222.39338979592,2444.75395306122,2284.94263367347,2385.47278061225,1796.89726836735,2471.39887142857,2376.38913979592,2061.7915755102,2584.15466326531,2374.07547346939,2063.78710204082,2187.57861030612,1731.23078877551,2115.20136938776,1615.38757244898,1749.33672142857,2237.37144591837,2235.99903163265,1717.23494836735,2299.33419081633,1902.80541428571,2304.10284408163,2071.64258020408,2878.07622755102,2409.38209663265,1906.03354387755,1843.51996142857,2575.40322510204,2238.11047316326,2002.68661010204,1921.69797673469,2527.47250714286,2473.37942755102,2430.7868495102,2408.62248979592,1704.21538346939,1913.94698714286,1965.39094081633,2430.18587857143,1989.5133255102,2152.4295755102,2038.86321326531,2002.9757744898,2352.0203,2205.01632959184,2194.6322744898,2630.14447142857,1646.23713265306,1937.77166428571,2286.63308673469,2148.51000510204,1894.86194693878,2165.96849897959,2658.78164795918,2291.46214285714,2087.04751020408,2434.99456326531,1773.63992897959,1976.5561255102,2127.67928061224,1838.65174285714,2542.95235816327,1994.88866632653,1856.33739795918,2381.62996326531,2343.44592040816,2488.09960816327,1905.44319795918,2281.45065612245,2091.84458367347,2627.32779653061,2219.88405612245,2210.39869693878,2107.68984795918,2226.25462142857,2246.0024877551,2323.8020244898,1907.57479489796,2754.53789693878,2547.9270744898,2277.19216938776,1797.82830204082,2368.81936428571,2298.96756836735,3021.92427857143,1887.30595357143,2144.21399897959,2225.37078061224,2638.49623367347,2116.64065408163,2244.78453061225,1972.92483204082,2003.14131020408,2481.01034081633,2228.10783061224,2546.5257244898,2568.59903469388,1835.23010102041,1908.01749877551,1987.51413367347,2277.46483061224,1660.80079591837,1717.57014387755,2116.86690102041,1931.31053163265,2003.7994744898,2128.8799499102,2586.36390408163,2244.44394183674,1832.78755102041,2019.92831938775,2186.18306836735,2344.93900102041,1954.06604693878,2545.31566326531,2243.05594387755,2585.21964102041,1989.1203877551,1831.71135918367,2131.35638877551,1927.2318,2144.60461734694,2212.70811836735,2294.70536530612,2298.35313367347,2650.12801836735,2174.39146938776,2452.50819285714,2559.96008265306,1805.76186632653,1841.93873102041,2454.39976530612,2080.37135510204,2759.74916346939,2497.6276,1562.88380816327,2202.44637857143,2475.26728979592,2084.45297489796,1866.61588897959,2409.97043897959,2137.18891632653,2254.59914397959,2160.68121295918,2501.58222142857,1854.78009489796,2053.86807142857,2476.98604387755,2749.53837142857,1833.02228571429,1778.36236530612,2434.50024693878,2183.44836632653,2821.34276836735,2445.98482755102,2051.9981744898,2012.27733571429,2208.33741020408,2125.34587244898,1734.59383061225,2535.27336530612,3012.72510989796,1956.3176377551,2042.50567346939,2168.65972346939,2045.82813469388,2162.67614693878,2326.18828469388,2484.80491938776,2399.98378244898,1985.44747755102,2269.10495959184,2085.21359632653,2065.17779897959,1926.22820816326,2093.47396836735,1832.09822520408,2606.90371428571,1782.14716530612,2000.24578673469,2180.84754285714,2263.51929897959,1912.91018571429,2694.90935408163,1676.86908265306,1891.90850836735,2133.92356673469,2155.24038367347,1997.7218122449,1841.88774816327,2674.28761867347,2539.03823877551,2451.07881734694,2464.13594285714,2358.19147040816,2283.9565255102,1188.36204183673,2058.30668367347,1713.41043877551,2067.67556622449,2101.22045918367,1942.29288877551,2058.21258469388,1710.95565,2206.74160510204,2451.09201632653,2127.11387244898,2168.71652346939,2306.0831377551,2529.68269489796,2459.12216836735,2309.86813571429,1914.85434897959,2589.67568469388,1786.75901632653,2409.04440714286,1752.566,1874.33014897959,2181.67247142857,2388.3521877551,2765.61714183673,2973.53278877551,2196.22017857143,1545.77692653061,2313.67600918367,1872.09349387755,1899.87645306122,1981.90256836735,2063.9961255102,2342.17987653061,2259.12651632653,2193.01953367347,1969.82136632653,2194.43038387755,2108.45070102041,1867.52933367347,1769.3994755102,2536.17449795918,2277.26220816327,2508.53229387755,2189.81076734694,2709.3317744898,2453.46825612245,2130.76948979592,1922.77511836735,1587.37290408163,2516.46653061225,1924.55711734694,1728.1888255102,2504.07622755102,2422.39905408163,2301.94569081633,1985.09333367347,2635.42684489796,1863.76585918367,2576.77879867347,1930.43991061224,2331.32690387755,1749.12472857143,2117.4136244898,2208.05725510204,2580.63661530612,2386.21462142857,1977.60235612245,2358.30646010204,2271.12984183674,2123.59757857143,2021.52717244898,2184.31641042857,1940.88962755102,2201.46817755102,1882.61929897959,2001.84372186735,1956.64398513265,2570.9858744898,2095.12656734694,2098.93210102041,2308.25363469388,2348.75291530612,2052.41212959184,2170.4514822449,2322.89021632653,1949.61420204082,2519.5481677551,2243.59193979592,1893.29608265306,2173.06143061225,2460.59518265306,2361.41054795918,2221.46752142857,2245.55073877551,2113.90504387755,2120.28014897959,1695.69738979592,1610.70942163265,2274.39126428571,1771.83640816327,1820.6383377551,1795.96173571429,2431.76422244898,2340.3464377551,1739.61126632653,1791.23378897959,1783.71345102041,1846.85548061224,1957.12476326531,2350.63993163265,2060.2425,1713.93502857143,1703.98117653061,1873.54456938776,2423.86429795918,1802.05532020408,2632.23846122449,2190.8123622449,2182.74309897959,1872.82444897959,2728.8149,2393.48808163265,2291.7637744898,2287.6421,2215.04329571429,1941.26209897959,1605.23073846939,2492.41726530612,1833.83610816327,2199.53354285714,2186.03316122449,2515.30135887755,2331.12405714286,2046.10968469388,2002.88378632653,2051.04480918367,1907.48192591837,2000.87664673469,2255.64881938775,2366.7001244898,2377.21289897959,2164.74020102041,2216.69730918367,2005.63391326531,2034.71623163265,2018.22544387755,2262.57959489796,2377.33706020408,2250.13491632653,2205.74882959184,2440.90283163265,1819.67190204082,2413.70293367347,2165.20493571429,2361.43380918367,2413.97149183674,2497.82211418367,1602.53962061225,1922.40970612245,2104.60869387755,2385.76326428571,2740.73062244898,1900.32031469388,2339.52762142857,1841.44327959184,2201.98478979592,2405.21090306122,2395.06736632653,1543.3943377551,2030.1086122449,2041.67637346939,2184.65250306122,2060.79669081633,2076.6077,2200.10938571429,1909.98051857143,1651.26948673469,2203.46769591837,1697.18736632653,1815.99025918367,2482.68906877551,2287.08551938775,2129.2042122449,2053.56737959184,1819.07415918367,2423.06950816327,2368.18113265306,2141.82187959184,1985.8827872449,1807.40524591837,1884.79129591837,2225.96671816327,2064.78902755102,2244.85565816327,2213.21346530612,1916.08512081633,2263.52177040816,2252.67089897959,2494.89245306123,2192.91812244898,2020.9969344898,2297.84283061224,1757.95116857143,1805.09139591837,1946.97407795918,1888.62242387755,2071.70687306122,2157.00525204082,2256.54366836735,1990.3140144898,1644.36803734694,2745.43837857143,1892.34045612245,1907.54963979592,2003.79312653061,1952.03687,2228.05326428571,2036.23955142857,2236.42844183673,2288.77126122449,2457.90033877551,1870.97247040816,2317.50737857143,2114.22686530612,2163.28067142857,2112.33610591837,2237.21676326531,1924.34091632653,2272.43551428571,2285.22127897959,2262.85954387755,1874.46780918367,2045.57003469388,2303.96378877551,2423.81833367347,2349.42685306122,2051.96531122449,2175.91479387755,2381.50176377551,1777.47851081633,1743.64249071429,2166.14687510204,2184.88369020408,1961.18360714286,2136.3306255102,2068.46858918367,2542.98776632653,2254.58170612245,2168.51994265306,1793.06004367347,2304.19486632653,2747.29091918367,2080.31972959184,1940.72640510204,2273.92643061224,1816.07691632653,2166.93855102041,1756.70575612245,1990.93947040816,2331.74359795918,2461.98706938775,2024.12412346939,2692.29395122449,1920.97555122449,2052.46723673469,2045.85100591837,2358.11057265306,2116.63912142857,1805.67605938776,2219.32825102041,2111.65422346939,2474.17965040816,2031.08226734694,2471.01642653061,2029.22913673469,2394.07544897959,2403.06895102041,2506.37671836735,1860.20901734694,2046.58503367347,2158.29538367347,1853.6480622449,2766.85633571429,2208.65954387755,2447.56150897959,1423.41987755102,2447.95892244898,2231.97879081633,1844.69415102041,2211.24679183673,2140.79578979592,1669.09123469388,2226.19333979592,2163.0795877551,2113.74623061225,2253.68075102041,2243.23404183674,2221.3776122449,1698.86977755102,2157.7762122449,1994.2015755102,2309.05886122449,1832.14949081633,2098.8946,2294.69847653061,2171.51414408163,1777.62552857143,2166.76735204082,2005.53990918367,1965.29741836735,2495.15630612245,2271.27381132653,2067.00360816327,1828.24430510204,2054.64273265306,2080.82262857143,2242.84144081633,2010.34469693878,2144.92640714286,2020.68394122449,2132.10282040816,2166.20811938776,2035.66047142857,2389.94559387755,1730.45865346939,1985.67441326531,2238.37130816327,2248.64388612245,1803.18551326531,2156.7520755102,1948.92008877551,2493.32421020408,2176.43679591837,1592.20316428571,2317.09684897959,2131.25018673469,2291.8797,2140.44022142857,2424.17524693878,2727.65516734694,2156.29958163265,2385.38260510204,2189.74097653061,2359.95083346939,1595.9483877551,2785.44987918367,2349.69773061224,1930.55073673469,2664.53596734694,2173.8625,2660.51782653061,2229.49364285714,2096.35932653061,2347.34082497959,2320.55332040816,2665.74629591837,1946.92401428571,2425.27519285714,2212.23963673469,1858.1063344898,2081.4161344898,2445.88466122449,2162.09646836735,2325.8775,2148.64684204082,1761.14615816327,2006.62376734694,2072.63856530612,1891.21017142857,2573.0936022449,2315.89299285714,2121.28930204082,2495.51776836735,1331.70295918367,1920.60215,2052.98866020408,2328.04513561224,1640.79682918367,1994.37050612245,1936.15990612245,2189.56559183673,1973.15996326531,2206.81166867347,2096.41718469388,1877.29274591837,2359.44371836735,2402.21257244898,1875.84549897959,2729.7997244898,1863.48454346939,1639.22503979592,2058.44189489796,2172.97968265306,2124.50669387755,2007.52429387755,2257.26659081633,2349.53498979592,1971.73451122449,2012.29918673469,2751.07007244898,2138.01870102041,2340.58600102041,2236.03153265306,2330.82161530612,1682.68280612245,2213.9125744898,2306.57602142857,1992.86784591837,1845.64145,2147.12437959184,2020.77343387755,1776.66544081633,2117.10962346939,2023.38410897959,2013.21596142857,1894.46757346939,1893.97976632653,2266.30263367347,2284.83981122449,1890.82102755102,2393.72844693878,2500.1129377551,2484.78436734694,2506.00430612245,1979.70123877551,2151.71119387755,1704.75864183673,1691.29881530612,2262.06695510204,1848.32715693878,2092.01954386939,1714.89574744898,2010.11823571429,2263.83719183674,1955.8061622449,2079.24909489796,2196.78573571429,2088.04823959184,2003.37396428571,1953.44224081633,1915.27015510204,2286.61549795918,2350.1265622449,1845.19322244898,1804.37364285714,1727.11670918367,1830.13141836735,2241.68094591837,1960.3677255102,2508.4213,2310.41310612245,2372.85681428571,2040.33533469388,2241.11712857143,1540.25043959184,2064.26557346939,1554.68548367347,1975.66519040816,2682.78351938776,1820.35281836735,1404.01789693878,2304.25929795918,2280.86539795918,2655.78159795918,2369.4932755102,2250.55156428571,2585.38220204082,1810.85529836735,1839.09301836735,2601.20380510204,2168.39229081633,1382.01935020408,2275.45053469388,2685.00452244898,1997.36610306122,2556.88076530612,1968.88541693878,2090.1558,1761.58776530612,1981.32258571429,1946.95239591837,1845.51906734694,2202.82138367347,2187.4046744898,1995.20553622449,2488.96226122449,1994.35409285714,2386.50494183673,2266.71858163265,2051.69299285714,2537.42981530612,2784.03084489796,2276.18542857143,2122.26243367347,2008.88807959184,2206.98421122449,1816.29009081633,1969.53645510204,1931.15793877551,1734.08668877551,2368.61908367347,1983.05586326531,2107.27790408163,1476.90365816327,1723.1005122449,2335.82917653061,2178.43167887755,2000.6316622449,2016.91165,2032.71449489796,2242.87626530612,2076.12283061224,2202.9435755102,1995.64056530612,2520.87705,2238.10573877551,2490.72709183673,2231.76944693878,2065.68473979592,2390.55479897959,2320.37565306122,2058.68594081633,2434.67594081633,2212.28635612245,2062.95784693878,2050.83130816327,2171.39777061224,1865.84470510204,2283.91955918367,1631.42984489796,1892.1587744898,2017.88902653061,1575.95024489796,2444.69684693878,2224.73874693878,2098.62877193878,2489.1639,2157.22471428571,2116.78216326531,1962.61949285714,2497.48910408163,1958.98569285714,2217.21308061224,1483.51372326531,1707.76139081633,2714.47038877551,1699.87540479592,2104.37363469388,2770.61096938776,2048.4811377551,2438.76677040816,2741.5538255102,2140.84688469388,2390.23978673469,2086.27830918367,2128.78754959184,1640.46592285714,2305.99134693878,2392.06452857143,2317.06530857143,2086.64480857143,2168.73565857143,1807.93392857143,1942.16507306122,2363.46383265306,2035.34403877551,2032.15279489796,1959.51861836735,2204.3054877551,1932.81826020408,2484.28455102041,2327.93653234694,1918.01704285714,2706.25012346939,2212.08846632653,2053.87930816327,1931.7971877551,1951.71648163265,2062.2304622449,1835.21644897959,2139.74174591837,2526.73517755102,2190.56052959184,2468.31762030612,2233.87953061224,2183.21110102041,2079.4937622449,2363.0805877551,1799.41622040816,2149.48136459184,2188.22318418367,2099.11723979592,2770.08834387755,1796.39362755102,1840.6841,1972.05261632653,2704.03647653061,1779.70789795918,2121.78101836735,2000.75681734694,2377.40758163265,2301.55375306122,2277.05732846939,1702.99459265306,1777.6679755102,1963.16844693878,2262.69028591837,2214.0949244898,2164.97520102041,2518.57852244898,2498.02730510204,2108.43626734694,2419.04148061225,2133.49834183674,2442.27458877551,2263.31793061224,2135.88732142857,1994.21244387755,1854.27239081633,2076.45912653061,2090.54800306122,1833.02790102041,2431.1985,2152.86150204082,2037.69203367347,2213.38303061224,2124.86502857143,1740.86057030612,2179.00816122449,2047.32858571429,1819.52065816327,2315.1531255102,2442.11082204082,2336.82766530612,2726.08555,1787.60611867347,2263.97266836735,2722.02978265306,2274.95516020408,2135.29584591837,1980.93990714286,2373.08580020408,1878.52361122449,2429.24149081633,1985.34120112245,2181.5943622449,2316.33446020408,2553.02757653061,2317.79324489796,2221.69815510204,2170.31445408163,2085.76698571429,2264.49181020408,1987.40353265306,2070.76896938776,2260.26801020408,1984.03980816327,2049.12769897959,2345.85561,1983.58417857143,1976.88499693878,1963.94738428571,2138.10276438776,2483.24171326531,2219.67392653061,1649.94037857143,1830.37312959184,2641.95495938776,2534.37879806122,2343.08974122449,1978.16164387755,1561.27505510204,2011.85655959184,1813.59435102041,2178.17165795918,1881.26973367347,2074.93067857143,2449.47849489796,1633.66652244898,2176.54636,2157.64466020408,2029.03476530612,2190.03798367347,2675.14855408163,2380.3723,1907.17658459184,1826.9467294898,1739.20105469388,2171.98448367347,1619.62785755102,2179.28554081633,2229.76793367347,2141.74078979592,2379.69067755102,1542.23232959184,2418.74464795918,2276.71825612245,2050.09599489796,2074.34741326531,2364.47303979592,1460.57095612245,1970.77024938776,2137.66853979592,2351.28954489796,2429.24341530612,2062.21347857143,2312.40163673469,2368.30135204082,2244.27840336735,1891.99673877551,2336.80265714286,2143.72344897959,2232.61732040816,2045.75921632653,2197.75727142857
48.5510204081633,2362.09009489796,2347.18223979592,2145.43409795918,2697.8729877551,2393.35579081633,2696.24475714286,2142.80444183673,1944.05187959184,2029.49436326531,2179.37569387755,2536.01479081633,2118.0514244898,2333.08054540816,2179.90983571429,2524.5394244898,2153.98702653061,2233.50191632653,2528.29181632653,1916.5101244898,2570.08018979592,2200.48804591837,2429.48167142857,2177.78972653061,2530.27938979592,2833.51879285714,2668.05355,2313.52139387755,1665.2955022449,2316.03335336735,2208.49985510204,1088.64902836735,1928.22791122449,2239.27557367347,2226.17272244898,2087.52194285714,2326.49165510204,2608.35018061224,2423.98398428571,2329.29962755102,2437.32425816327,2431.19228979592,2254.48175306122,2268.31018438776,2609.05392040816,2609.69585816327,2770.64346020408,1950.83820816327,2566.37716816327,2074.87352346939,1760.83162959184,1888.60679663265,2639.86958877551,2194.29126836735,2532.75032142857,2253.21562755102,1811.94275102041,2439.63136938776,1938.39202040816,2143.69418061224,2267.8013877551,2300.18140428571,2308.60837040816,2545.8196622449,1845.62336938775,2084.10947959184,2459.57208061224,1923.66066938775,1833.96944734694,2080.35966734694,2439.75512755102,2212.17523367347,2191.74793673469,1931.59014897959,1929.37875918367,2103.79158673469,1797.07040816327,2096.17996367347,1934.59188265306,2290.66963469388,1957.25435755102,2275.42938061225,1992.33953265306,2258.34439897959,1904.63366836735,2346.70285408163,2689.00384081633,2129.99310612245,1806.05031122449,1593.13835714286,2706.56101326531,1989.54123469388,2152.39795469388,1840.94024592857,2047.42993571429,2290.59916020408,2188.67261755102,2165.07237142857,1974.06116530612,2327.61554489796,1996.74726734694,2283.60764489796,2319.87012244898,1966.23524183673,2331.86904795918,2505.54173795918,2467.65157244898,1473.65020612245,1902.28211857143,2115.39691836735,2502.48726326531,2211.73288877551,2295.50794183674,2247.59038163265,1633.7197244898,2257.12301142857,2741.38782857143,2156.10966530612,2289.3930255102,2272.38801122449,2329.36356612245,2379.91457244898,2097.40725612245,2087.54248122449,1946.90691020408,2714.85398377551,2062.75366938776,1823.01619693878,2189.19963367347,2473.4946744898,2788.62177040816,2297.01901020408,2801.88631020408,2019.67261734694,2030.49091214286,2270.93524173469,1862.82469612245,2227.64970714286,2749.46217857143,2373.6945744898,2404.79067959184,1864.39860918367,2146.64767244898,2133.61228061224,2488.64610510204,2444.86107142857,2467.99124693878,2108.39037346939,2012.64705,2228.11334285714,2181.59131020408,2644.70675816327,2597.70425204082,1732.03370612245,2117.19460918367,1916.23629591837,2283.36758877551,2157.52954591837,2418.82879081633,2222.64269979592,1881.38835326531,2133.10167571429,2133.52087959184,1714.05382795918,2312.18367755102,2200.80358367347,2002.64369489796,1987.50016530612,2440.5762,2221.3597244898,2414.38232914286,2629.4521122449,2217.43044183673,2178.11030408163,1908.25976122449,2443.41325714286,2520.34883979592,2081.38264897959,2370.3317,2078.33875306122,1942.71724479592,2643.21887234694,1975.57526836735,2075.27550408163,2487.3991377551,2412.45427653061,2550.15372857143,1873.76759285714,2439.78637244898,1934.0012622449,1966.10258265306,1972.32783877551,2511.67427959184,2082.77246530612,2661.1220755102,1886.1283744898,2330.42530387755,2152.53504081633,2319.98403061225,2507.42289897959,2279.31603265306,2776.16822408163,1835.14918367347,2281.48795102041,2364.47611632653,1825.64571020408,2220.72158571429,2248.05392081633,1887.56708163265,1966.7813122449,2561.03107244898,2141.77232142857,1997.52807755102,2290.99840408163,2233.69469693878,2316.38872,2489.03168367347,1923.33250816327,2769.09724795918,2574.53114183674,2398.19596020408,1676.16395122449,2357.06866020408,2313.66804081633,1694.86998979592,1766.70915714286,1806.82946938776,1920.65960816327,2368.75967142857,2088.17338061225,2074.85247204082,2204.05660714286,2979.04874285714,2543.76969591837,2754.51088061225,2163.49809897959,2299.46135,2111.12683265306,2295.44049081633,1400.31199081633,2792.75431122449,1966.26153367347,2291.67506428571,1513.50916938776,2377.34253571429,2098.03627928571,1855.91107653061,2268.25924285714,2317.42320204082,1982.22386183673,2249.08162071429,2366.19862989796,2492.66841020408,2531.51106938776,2717.03877653061,2250.53817214286,2681.43753265306,2345.74676734694,2741.98228469388,1820.36232959184,2156.36053265306,2411.48957959184,2543.27993469388,2455.72116122449,2321.52698163265,2337.77632040816,2124.63954081633,2281.42979591837,2295.24535918367,2098.24672857143,2179.58327959184,2331.49151683674,2242.32542959184,2169.99533163265,1954.22046326531,1920.99250918367,1836.94626326531,2794.5858255102,2451.61608673469,2379.42801020408,2389.79542142857,2100.69197959184,2657.28730714286,2768.87478469388,1835.29986867347,2323.39522653061,2350.47644510204,2240.44919795918,2099.18956438776,2230.88337346939,2213.78258061225,2260.44876326531,2245.49055510204,2196.21260816327,2537.10215102041,2807.60975612245,1977.0695744898,2627.86011836735,2338.99944285714,2402.46643469388,1789.16503816327,2266.70522346939,1927.37762673469,2780.9863255102,1915.30916530612,1976.24175306122,2014.6718105102,2042.56266489796,2022.87740714286,1558.66040102041,2023.51845408163,2036.30190408163,2534.09998469388,2397.78225306122,1870.52010918367,2264.52500306122,2285.11632653061,2787.27623367347,2428.35417142857,2378.54237346939,2128.87212244898,1478.97226020408,2381.74167244898,2902.81111836735,1996.65441530612,2573.46713469388,2628.54808877551,1547.42568877551,2071.08719122449,2022.92660510204,1700.33403571429,1969.8310244898,2544.35807142857,2543.26625816327,2182.96897755102,1983.68993673469,2254.42599081633,2527.9799877551,2204.92127040816,1920.79964663265,1609.32554285714,2206.22776734694,2224.26229795918,2349.00410142857,1799.07936836735,2003.70366734694,2233.75928877551,2163.39608265306,1919.09855204082,2489.44226122449,2497.87704642857,1878.79197653061,2218.26734387755,1939.77740306122,1938.53195612245,2047.55864387755,1984.86465204082,1626.62926836735,2259.01415714286,2403.07457244898,2333.14283979592,2220.95228510204,1912.85455510204,2031.03853469388,1875.41849489796,2025.7871877551,2067.34292142857,1716.90397857143,1505.72773979592,2233.2982377551,1738.2336244898,2241.57916530612,2131.99301020408,1794.50051836735,1984.21046734694,1941.26067693878,2193.48919795918,1952.0074855102,2355.82247755102,2040.43577959184,2528.29753877551,2260.0015122449,2086.41506020408,2279.62626734694,2363.04908979592,1944.03358265306,1473.48482142857,1898.64832367347,2011.68048265306,2764.96242040816,2003.25431020408,2426.23434591837,2014.85091020408,2437.54657040816,2098.77515,2565.12612346939,2047.8991877551,2415.45643938775,2955.3409755102,1629.4657444898,1887.34769183673,1814.87983673469,2172.15979591837,2105.64780612245,2513.5794255102,2587.80142142857,2149.69874285714,2767.7213255102,2388.46754897959,2770.2128122449,2454.03826530612,2315.26692040816,2459.49496836735,2422.57026938776,2677.11383265306,2115.47762244898,2349.65779387755,2284.59969183673,2176.43142040816,1903.74886642857,2090.40069285714,2273.43664387755,2721.63353673469,2235.92076326531,2282.66256020408,2451.86802857143,2163.51778163265,2227.75697653061,2042.18826265306,2173.44051632653,2286.86333877551,2325.19565408163,2220.20598367347,2305.37755102041,2750.14928,3042.71726326531,1818.07037346939,2331.61204387755,2439.88159081633,1796.12423979592,2082.5274244898,2259.96428163265,2138.49797244898,2205.73119795918,2159.59216632653,2095.85976020408,2236.67291326531,1690.89449693878,2393.35667857143,2266.12303673469,2214.69669693878,1609.5261755102,2562.92534795918,2160.01513061225,2272.71492244898,1956.52784285714,1982.95648469388,1822.82535102041,1958.27954081633,2103.94552959184,2501.69263469388,2429.94099387755,1629.88026530612,2955.25624489796,3105.88082653061,2694.20495510204,2127.95596653061,1847.72796265306,2347.12346326531,2419.48911530612,2105.29645306122,2209.92207959184,1751.83212928571,2696.21339795918,2277.56424081633,2562.90130306123,2104.92024285714,2350.12127857143,1848.22131836735,2390.62153265306,2960.60735,2802.48119387755,2529.83297346939,2513.76450102041,2158.78836,2423.98922153061,1643.18296326531,2490.13278061224,2118.82980306122,2498.89677040816,2748.61641836735,2670.27141428571,1574.66976734694,2068.38541734694,2098.2156622449,2179.14350204082,2224.35495346939,2258.42668979592,2327.20478795918,2374.9830255102,2075.81304081633,2012.21209591837,1991.59786326531,2536.25691632653,2190.93342653061,2047.87907142857,2487.33187857143,2149.62717244898,2283.83395918367,1876.03639979592,1782.45646836735,2281.17808877551,2476.93849693878,2141.09828979592,2367.49383877551,2091.55059285714,1930.58698897959,1995.00700816327,2586.52405510204,2520.86863571429,2191.80588979592,2590.05413061224,2009.7899255102,2102.94067346939,2356.35355612245,1798.17716642857,2674.72615612245,2328.75694489796,2180.70826428571,2012.8121744898,2136.50907244898,2335.27205408163,2345.32940102041,2336.16612755102,2296.78020408163,1625.45056571429,2244.96122755102,1965.79123469388,1575.96802959184,2092.1645377551,2502.14452244898,2302.24280306122,2153.72071122449,2035.77135510204,2186.04353163265,2419.02524183673,2487.03893877551,2717.81741020408,2398.93564132653,2089.05368673469,2383.40785520408,2275.3005377551,2131.5648244898,1465.92360510204,1758.67781428571,2016.03835816327,2792.79644489796,1607.90230714286,1832.68172918367,1829.60407622449,2093.13861122449,2233.44187040816,2666.26101938775,1491.55872989796,2288.61658469388,2191.69147142857,2079.10997755102,1980.65570510204,1877.23050612245,2249.64663469388,2186.65985306122,2171.50718367347,1897.42056020408,2314.09696836735,2397.1854744898,1936.34183122449,2268.32398163265,1823.76720612245,2585.05269081633,2288.61753877551,2092.4768244898,2153.3020377551,1896.89907959184,2253.3423944898,2367.37932653061,2503.98869795918,2652.36516428571,2228.4768122449,1546.91308571429,2537.63504387755,2348.93646428571,2016.22390918367,2065.63380612245,2166.06394489796,2223.62798408163,2251.8385622449,1564.12014102041,2319.84447142857,2513.73766326531,2183.73603469388,1801.95666530612,2201.32872959184,1774.09620653061,1989.38178163265,2009.90850397959,2231.26633877551,2506.31687010204,1985.60276836735,1915.97548020408,2339.06926122449,1797.50163877551,2138.68202959184,1984.99465928571,2215.22646632653,2034.29219285714,1919.76540734694,2420.54144387755,2365.08845612245,2837.86436836735,2427.07818163265,2534.11447755102,2891.49140102041,2531.41547857143,2168.71581530612,2386.92683163265,1738.71152244898,1666.58472857143,2072.23400102041,2367.17959183673,2357.79026020408,1834.78780306122,2276.18510612245,2098.59691020408,2169.90909081633,2414.75225204082,1784.20027142857,2421.26475510204,2067.95675510204,1923.5981755102,2358.95755408163,2334.75657244898,2270.73624591837,2036.66587346939,2044.48731265306,1853.63426428571,2331.77869183673,2360.35046326531,1580.56167653061,2091.86184387755,2098.86962142857,2353.07334387755,2432.59822142857,1770.43184122449,2253.57910816327,2108.24596938776,2319.47504489796,2121.98217346939,2020.01403571429,2136.54055306122,2265.0858122449,2328.50211122449,2414.7850522449,2404.17736020408,2386.64499255102,2715.9210944898,1989.43902244898,2093.63264489796,2599.96239591837,2213.22910306122,2837.02255,2912.29483673469,1894.08091326531,2583.14906428571,2976.58247755102,2351.58813469388,2206.38635,2788.53503265306,2954.35243877551,2331.74667244898,2013.49084285714,2752.35045204082,1986.3423755102,1774.73920612245,2272.86358265306,2578.46524387755,1765.66436938776,2299.45400612245,2266.24516122449,2085.5408122449,1552.15284795918,2439.63311938775,2038.55075183673,2532.18090704082,2230.56655612245,1872.37187346939,2154.70289387755,1789.9739944898,2296.05210387755,2251.32475714286,2138.56383404082,2337.70875816327,2025.52266530612,1827.92151938776,2864.53882142857,2660.67437959184,2183.5570255102,2587.84785612245,2835.74872346939,1889.78813979592,2054.39744795918,2150.73440306122,2484.25658673469,2395.30901530612,2489.16289795918,1921.03420714286,2323.10393571429,2032.04947755102,1876.61136632653,2214.18784959184,2369.53064081633,2197.4382255102,2291.01427755102,1914.74753397959,2531.54386020408,2650.27585408163,2883.52907346939,2162.34508061225,2341.36209897959,2563.58757244898,1886.46899755102,2042.36323163265,2093.69298877551,2181.50201020408,1917.30810306122,2182.32078367347,2384.69702857143,2238.39248367347,2492.84263265306,2419.21803979592,1690.16047244898,1976.71116387755,2193.67934081633,2287.00159285714,2041.10335,2094.78371530612,2706.72248428571,2348.12609285714,2018.1501744898,2085.69021836735,1937.64654387755,1669.57886020408,2422.98290204082,2624.71786122449,2224.13677959184,2631.96632244898,2304.82248265306,2070.72190102041,3007.8458,2620.83385510204,1985.29808367347,2308.98703908163,2183.83678061225,1834.48323122449,2387.12391836735,2186.42411020408,2209.21506734694,1604.28025510204,2226.84094591837,1765.64074795918,1857.65461122449,1926.25814081633,1984.63333479592,2561.56518877551,2579.51804591837,2001.93857908163,2277.18746122449,2381.46533979592,2265.41148367347,1934.60911081633,2322.56444897959,2313.27416836735,1933.0386877551,2458.55664693878,2573.7128744898,1926.70129183673,2519.09543571429,2622.47123265306,2170.25350102041,2785.86618265306,2762.37801020408,2508.45341734694,1636.85521836735,2264.73470408163,2065.11147142857,2097.58406673469,1673.07797346939,2346.4868622449,2686.14313673469,1813.55161938776,1964.86497346939,2171.02917040816,2085.83762938776,2045.88682244898,3169.87325408163,2928.42234897959,2189.22513265306,1522.26521530612,1904.83012857143,2205.37901530612,2198.90969081633,2249.53661326531,2038.63372857143,2324.24784081633,1954.34198265306,1895.52536122449,2197.02186734694,2300.23228163265,2079.85333571429,2283.14707040816,2667.06330816327,2397.12796326531,2562.61624387755,2566.72788979592,2664.76063122449,1873.89916785714,2235.16312132653,1320.92770816327,2054.18104387755,2350.16953469388,2770.77757755102,1717.67788877551,2280.18684591837,2659.95316428571,1848.19060816327,2190.41294489796,1951.06230102041,2354.05313265306,2223.22198469388,2243.62850714286,1822.13186530612,2043.54451428571,2363.57596530612,2264.40652959184,2457.29700408163,1970.38580693878,2450.86621877551,2201.98546938776,2045.30309591837,2004.75464387755,2258.27193979592,2235.0748744898,1977.57064530612,1802.20087244898,2297.1694255102,2247.36077346939,1553.39565408163,2100.22038836735,2193.35135816327,1860.86782040816,2285.9508622449,1796.38923367347,2221.2859705102,1854.80027653061,2472.9772244898,2509.96405306122,2216.47871530612,2239.34335102041,2243.3919755102,2090.8679255102,2429.09775714286,2733.90608571429,1940.95937142857,2217.63516530612,2032.61595306122,2057.16734897959,2380.32751938776,1991.7099,1713.67689591837,2367.96511122449,2363.3680755102,2213.73483979592,2115.48263265306,2225.88465,2193.04836326531,2185.66205204082,2131.72953163265,2375.14767142857,2044.51981428571,2224.25889489796,2244.24573265306,1690.70427081633,1542.53396857143,2086.18324122449,1580.97472489796,2042.15890897959,1700.0763744898,1807.61869081633,2653.79742040816,2403.41177959184,2551.64686632653,2569.57882653061,1687.53246632653,2480.59508,2081.53344081633,2283.77897244898,2588.57757244898,2195.07874693878,2066.92829591837,2698.96811918367,2178.28394285714,2190.58608244898,1977.21434591837,2007.49041530612,2081.7896377551,2213.55908673469,2014.87581734694,2603.61464897959,2266.56224081633,2119.33441326531,2252.23995918367,2504.67556632653,2856.65486326531,1868.04817244898,2128.22895918367,2200.40484183673,2017.93311020408,2031.2514755102,2024.03783673469,1963.92909081633,2556.15855510204,1995.60941326531,1933.62953673469,2564.45444897959,1763.18308061225,2104.27261367347,1696.30727346939,2148.60245816327,1980.12953571429,2436.45420510204,2121.65480102041,2268.6208122449,1928.95066163265,1771.03956938776,1859.93678673469,2520.6117744898,2467.32609285714,2040.24408285714,1863.54154489796,2126.55525204082,2206.05320102041,2402.09690306122,2205.93999693878,2315.66834183673,2355.20931734694,1910.95489081633,1682.6253755102,2907.00767142857,2594.41770918367,2173.94179591837,1853.20264897959,2407.96225306122,1937.38200061224,2283.59610816327,1938.54819285714,1826.1181622449,2267.83098877551,2527.72168367347,2148.36275204082,1997.39749571429,1972.81477142857,1708.69157020408,2345.06587142857,2583.35558061225,2397.85528367347,2368.27358469388,1892.66059081633,1898.80041734694,2189.12644387755,2508.12111938776,2596.50375918367,1848.87968571429,1932.24255938776,1944.82227326531,2567.64975857143,2243.86316428571,2642.9472,2157.25403673469,2586.15329489796,2163.04914489796,2092.85440918367,1524.77007755102,1652.20488571429,2410.88016836735,2237.89980102041,2526.93122367347,2139.01048571429,2079.79862979592,2248.15147040816,2520.87026122449,2369.18045306122,2099.51194591837,1867.54597653061,2268.80121734694,2111.73483061224,2887.15605,2210.38328163265,2047.42838979592,2046.51795714286,2266.84264285714,1970.97505204082,1608.00880204082,2111.22366734694,1806.78476183673,2472.06112040816,2291.95727755102,1713.37415479592,1851.25096122449,2204.82176734694,2057.74776632653,2459.9012,2107.9508744898,2186.78388,2341.96204632653,1645.59757755102,2409.92051489796,2184.01427918367,2095.83467653061,2036.71027857143,2145.73305714286,1823.17888979592,2027.86830510204,1600.80591693878,2224.5199122449,2341.37193183673,1908.16818469388,2197.90315510204,2139.03008163265,2019.88905816327,1823.31225316327,2044.27978877551,2243.46050408163,2755.72770714286,2316.49464795918,2071.55283163265,2038.40374285714,2257.67203806122,2388.58014591837,2446.79052653061,1903.23853979592,1695.92881122449,2327.97119387755,2206.4145377551,2327.47962959184,2268.67264591837,2190.01424081633,2100.58208877551,2779.23580306122,2531.86797653061,2206.78861122449,1495.26602367347,1530.63253571429,2009.13592081633,1743.85509081633,2288.36647857143,2652.08659183673,2425.85578367347,2086.12430204082,2084.5848622449,2191.75248673469,1855.84413571429,2969.55575306122,2012.40418571429,2607.71981530612,2414.69199489796,2071.33399173469,1821.50252346939,2000.1406122449,2285.41861632653,2284.7416877551,1667.62380510204,1860.83759938776,1966.6124744898,2372.65896265306,2379.6549,2147.62604285714,2182.48305918367,2087.92060816327,2317.82174489796,2579.69851632653,2457.22716632653,2616.11914489796,2401.77317755102,1730.76779489796,2310.46341530612,1988.35610204082,2814.4818744898,1927.79264755102,1874.9874005102,2319.76143877551,2064.72423061225,1529.95042959184,1619.55837142857,2324.07016530612,2411.86457755102,2195.77852908163,2315.8052877551,2495.51512142857,2089.75955102041,1745.4824877551,2967.01393877551,2055.75873673469,1765.71349510204,1979.94377244898,1711.03761836735,1707.42790612245,2241.26458979592,2456.27323979592,2734.75482653061,2775.02339489796,2337.27608061224,2099.43040408163,2306.53820714286,2207.31067285714,2540.46039387755,2505.10450306122,1534.67802346939,1922.75855204082,1641.27035408163,2151.17939387755,1490.02973979592,2379.98355816327,2097.54859285714,2701.09772142857,1845.61103469388,2400.34194693878,1810.44844081633,2216.10055,1999.04895295918,2489.97260918367,2327.16555,2370.99907653061,2662.06442857143,2600.09535204082,1834.55675204082,2204.86680367347,2278.78232683674,1955.23625204082,2265.12734285714,2384.07489132653,1908.20254081633,2579.37654591837,2270.00721428571,2647.41182244898,2170.3890877551,1856.29013571429,1990.62146734694,2503.41642959184,2342.08796632653,2056.83381122449,2136.47509387755,2238.37229183673,1900.79813673469,2244.36348673469,2182.31108571429,1907.95258163265,2241.53347653061,2089.85899469388,2122.80428653061,1691.52008979592,2013.00374387755,1851.90181326531,1935.88412142857,2405.46246938776,1960.30404408163,2362.72715306122,2411.15909387755,1890.23094591837,2181.96151530612,2243.70879387755,2669.13891326531,2731.0805877551,1797.78486510204,2136.61545102041,2062.63488469388,2160.16168673469,2658.26670918367,2562.07264693878,2413.71601867347,2775.38174836735,2193.67998469388,2509.98672244898,1800.22746530612,2486.35970918367,1728.5733,2317.59215204082,2176.36375714286,2579.87977653061,2256.90027040816,2801.46799693878,2325.56416428571,2281.33833571429,2648.05576938776,3042.41696632653,2718.06398571429,2207.78970306122,2077.63910102041,1831.00612346939,2046.21007346939,2856.48864693878,2032.25145816327,2153.83470204082,2116.21834489796,2354.67010306122,2240.09412346939,2759.61775714286,2065.44645530612,2124.45472244898,1674.40908163265,1951.93391142857,2127.21200510204,2706.71756836735,2044.8675377551,1891.10275408163,1870.71964489796,2420.77308061225,2736.74946734694,2129.24577163265,1877.09002346939,2176.52652653061,2195.68681836735,1881.5767177551,2035.4605122449,1452.13547959184,1801.45196693878,2399.33234591837,2128.78468877551,1974.91528163265,2232.63231428571,2335.16325785714,2194.8395755102,2444.35901020408,2303.60163877551,2263.47553571429,2010.94677020408,2003.90037653061,2529.57531428571,2187.00415081633,2432.60293469388,2110.89288061224,2073.31198673469,2301.1221627551,2164.71857346939,2313.38725510204,1699.92708428571,1867.15913428571,1870.29021938776,2104.86191836735,2604.70794571429,1897.49404112245,2272.14558265306,1988.96252244898,1964.1903877551,2286.83194285714,2221.15989693878,2148.60944653061,1985.84681428571,2052.59696938776,2563.27678673469,1885.91972653061,2372.70296938776,2663.89285612245,2924.01392346939,2191.10937346939,2165.34155102041,1769.22773571429,1941.10628265306,2019.39715612245,2113.09191632653,2321.11044387755,2438.71272040816,2264.53549183674,2221.28793673469,2497.08436377551,2479.81795204082,2245.83168673469,1953.8730755102,1680.29847244898,2461.10739602041,2447.34953418367,2024.79244132653,2303.53969081633,2277.17535338775,2399.16789387755,1568.85005714286,2503.34737857143,2210.60059408163,1799.91608469388,2171.12709081633,1854.76568530612,1929.67572346939,1759.13147244898,2100.87845408163,2251.92049795918,2334.04604897959,2225.1708755102,2460.90150306122,2242.41468571429,1987.70414387755,2179.90803163265,2382.5059755102,1953.43519387755,2202.74411955102,2242.98858408163,2226.7945622449,2016.92926873469,2426.81578367347,2424.93359571429,2411.23162040816,1639.28031346939,1600.95983877551,2560.3999877551,2145.49236122449,2453.11927142857,2767.19560438776,2179.24608979592,2240.94074081633,2448.21278571429,2303.26284897959,2597.13307857143,2325.36400816327,2739.99794081633,1805.51670102041,2134.23537040816,1662.38882346939,2362.18725714286,1990.68325408163,2348.99396326531,2411.90566530612,2747.13770030612,2226.64623571429,2018.11474816327,1976.23717142857,1850.23016142857,1580.69606530612,2514.74713061225,1868.56904346939,2262.46482653061,2490.25450408163,2240.80168469388,2004.02894653061,2254.58531836735,2153.89398183673,1854.41629285714,1604.15166734694,1967.10584285714,2133.9029022449,2840.19636734694,2068.75859285714,1837.63015408163,2924.5514244898,2312.14019795918,1626.13977142857,2665.21090408163,2088.05670102041,1936.12215306122,1743.66195918367,2507.57661836735,1842.95114489796,2255.72275714286,2650.69640255102,2411.27773061224,2106.58775,2417.63033091837,2158.56666938776,2313.4881877551,2093.05808265306,2100.02021469388,2266.69835816327,1516.15732755102,1958.86216632653,2103.26324897959,2676.53409489796,2155.42989897959,1798.15798877551,2275.1452255102,2040.68201367347,1782.1980477551,2558.63081020408,2293.48391632653,2127.28660612245,2209.05080918367,2791.2456244898,2009.12307653061,2897.74526112245,1976.85473020408,2011.30739387755,1951.21923918367,2420.24789591837,2346.19138163265,2158.47431428571,2615.7512755102,2063.32362346939,2393.02616428571,2530.77701836735,2301.88300612245,1877.37586020408,2397.9019877551,2743.01316734694,1959.73687040816,2214.69588163265,2160.68030346939,2561.18887857143,2006.03739530612,2139.21138163265,1931.31271734694,2407.55587244898,1761.99302959184,1990.70167265306,1954.53567346939,1867.76690734694,2562.31773673469,2250.97624489796,2039.35523265306,2195.95578571429,2469.30666408163,1989.58155081633,1639.75057959184,2680.48562959184,2525.42781122449,2124.43033673469,2262.20326795918,1943.90537367347,2145.10131734694,2581.20551326531,2906.4811744898,1882.71973673469,2130.90274183674,2732.0445094898,2451.57860306122,2153.26659285714,1475.30385408163,1862.0244477551,2606.61624591837,1933.82695714286,2350.35823979592,2298.45590204082,2079.22741428571,2244.88862040816,1695.78992346939,2541.83616632653,1967.80634489796,1999.87102040816,2035.5384377551,1540.02930510204,1959.28863520408,1898.28881836735,2011.74131632653,2227.85445102041,2246.10555408163,2616.27351122449,2119.89524387755,1886.06886836735,2591.40209591837,2186.83720612245,2134.20711163265,1990.60397653061,2268.01058265306,2401.51125612245,2171.91527040816,2283.63059795918,2486.99957653061,2174.34057040816,2225.59494081633,2212.22235938775,2549.05781857143,2519.13133061224,2895.88668479592,2329.32106418367,1913.23977857143,2137.16918163265,2350.90621122449,2114.77851734694,2400.02533673469,2600.34763469388,2810.95958877551,2137.3159755102,2365.74785306122,2218.00939897959,2226.66781734694,2519.55144183673,2282.94818163265,2224.49419081633,1881.73804795918,2144.88056734694,2208.39433367347,2819.63343061224,2646.7761877551,2238.24339795918,2162.92133979592,2179.40767959184,1788.95978959184,2436.7639377551,1645.02059306122,2225.77310918367,2240.04719183673,2211.10882653061,2182.48716020408,2773.83791020408,1450.64669591837,2215.85032959184,2052.14632653061,1814.55254081633,2600.75764183673,2353.27300204082,2180.16583061225,2336.53891632653,2345.06910306122,2397.71647857143,2402.29102040816,2721.04818469388,2204.42446938776,2409.34179489796,2402.66574897959,2015.63709489796,2321.06553102041,1898.07056530612,2012.35022653061,1805.40588673469,1879.58389081633,2344.48904591837,2183.4076,2095.69840693878,2042.32157959184,2400.15327244898,2328.69212959184,2662.17968979592,2161.10512857143,3266.69502346939,2295.9082877551,2203.75471530612,2626.69515183673,2174.46754285714,1801.78868367347,2652.89072857143,2350.11917346939,2232.05387040816,2536.01836469388,2137.8576244898,2193.62670714286,2452.64744591837,2117.50596428571,2069.14474877551,2199.52601836735,2416.0724622449,2708.65905306122,2367.2907122449,2668.56356020408,2046.50646244898,2153.31353877551,2311.08352755102,2005.67711122449,2009.60555204082,2272.15375408163,2502.44266326531,2543.42053061224,1977.27977755102,2478.06803367347,1851.42002040816,2197.3120255102,2043.39844122449,2418.87467755102,2432.26331326531,2260.26982489796,2144.89045714286,1908.89829285714,2365.71062040816,2032.87201061224,1720.34731326531,2086.64898163265,1966.25406765306,2815.44069183673,1992.82401428571,2104.15632857143,2506.62804183673,2394.2075977551,2061.04045612245,2089.27720612245,2427.87153673469,2438.99199183673,2616.71594285714,1706.85534795918,2343.6086744898,1885.28057142857,2250.52703979592,1949.06764183673,2002.40892653061,1762.65250408163,2755.62275204082,2012.12016734694,1926.05972,2197.09720530612,2206.85386204082,2725.0911122449,1976.62952142857,2167.16105714286,1834.54847040816,2019.26750510204,2219.49218469388,2123.69816938776,2143.47881326531,2003.6607744898,2373.48893979592,2125.98643163265,2611.89190806122,2089.57508571429,2340.82719285714,2708.09315204082,2527.12282959184,2099.43927142857,2559.44214693878,2147.43302367347,2218.87280612245,2073.5516927551,2258.37655510204,2279.29348367347,2029.68797755102,2352.10245346939,1904.2160244898,1975.97802959184,2313.32733979592,2169.09332346939,2353.52452040816,2081.56968183673,2284.81568367347,1543.44635204082,1927.0034755102,1678.11515102041,2014.43449183673,2726.48435,2490.12926020408,2268.81405102041,2387.8856377551,2220.33378163265,2252.81016938776,1937.5139122449,2844.0567744898,2771.61921632653,1762.6670744898,2011.76170102041,2382.53386091837,2409.49514591837,1942.53081734694,2349.08475714286,2427.18041734694,2471.66931632653,2706.65474591837,2437.41656734694,2139.62996938776,2289.96426836735,2098.64907122449,1727.21492959184,2777.69358061225,1934.84965102041,1966.2321122449,2084.77815408163,2132.27298979592,2351.68385204082,2314.8335255102,1863.61371336735,2172.94397591837,2807.91281987755,3131.27646122449,2257.94225989796,2341.14811632653,1930.88267040816,2228.05926632653,2323.1795244898,2199.68681428571,2288.26862244898,2394.96655102041,2391.19562346939,1742.58961632653,2336.98932346939,2027.05208061224,1859.29163673469,1631.95525612245,2201.9984744898,2229.4577244898,1981.76771938776,1938.47544693878,2563.7525622449,2113.5831255102,2103.92438163265,2412.12389081633,2041.25863102041,2337.23082040816,2667.99023265306,2414.09028469388,2319.09594081633,2112.48228163265,2108.60642653061,2585.42489285714,2273.26842714286,2159.64464285714,1903.95876326531,1965.60715816327,1974.04531530612,2927.70874489796,2734.51794795918,2027.36261265306,2351.02941265306,2337.53762183674,1866.9464377551,1892.55299285714,2112.68521734694,2251.23624183673,2672.53933469388,1449.36155795918,2318.96140714286,1916.92649693878,2666.06280714286,2376.52405714286,2150.55926020408,2132.26021122449,2429.73777857143,2467.41836326531,2050.42468877551,2188.40501836735,2243.99615408163,2273.58987040816,2229.30121020408,2472.23997653061,1936.33513020408,2086.25499,2426.06464489796,2434.57325306122,2869.78866122449,2223.9558305102,2256.37462755102,1791.55837142857,1703.32711326531,2445.27270408163,2816.85006836735,2464.73935408163,2177.91238877551,2189.15530816327,2398.94572040816,2785.30678877551,2439.37341938775,2031.28994183673,2132.56010612245,2511.43502346939,2293.72199408163,2382.49135102041,2153.85237653061,2360.0695255102,2272.67105612245,2111.62233163265,1586.12202653061,2024.80687653061,2137.00986734694,2268.56456734694,2258.60166734694,2032.69503836735,1962.9596244898,2551.36238061225,2332.53388367347,2078.31661836735,2241.19227142857,2210.77333979592,3020.04768061225,2114.23942959184,2026.52996122449,2420.68169693878,2012.67358469388,2533.19320744898,2077.58278469388,1928.56916428571,1962.60726836735,1591.91743265306,2703.71236632653,2806.15244489796,2263.8922444898,2009.87940183674,1947.38486530612,2036.75141836735,1866.84338061224,2235.88190612245,2067.01153142857,1976.00535306122,2366.55530510204,2101.41180877551,2434.38069061224,2595.67555714286,2600.04251938776,2206.47308265306,2686.96040510204,2317.55448877551,2571.03612755102,1988.00290510204,2569.83647142857,2439.86218163265,2568.03709081633,1987.9955755102,2104.17438061224,2519.99709693878,1989.31456469388,2114.67838938776,2058.63451122449,1909.21780306122,2092.56550306122,2149.14293979592,2236.1349622449,2344.53497755102,2619.17576020408,2031.8704255102,2088.48320612245,1887.69121938776,2090.45801632653,2527.67114081633,1883.03883816327,1988.75674897959,2564.3208255102,1989.91075408163,2138.19069183673,2364.54798367347,2286.93556938776,2294.3484377551,2122.09351530612,2295.75983367347,2104.59279489796,2238.68034795918,2284.25921938776,1892.71340204082,2553.75632040816,2217.32578734694,1596.9156122449,2511.25170408163,2329.49027244898,2054.16285112245,2167.73775612245,2226.32586020408,2025.71047040816,1691.63751755102,1496.78615102041,2174.85269387755,2357.62651020408,2518.5174744898,2426.60737693878,1788.21569157143,1968.40854734694,2163.57956734694,2268.62958673469,2382.67791020408,1965.52126836735,2015.12888979592,2192.0940255102,1850.69035183674,2193.26070510204,2026.37789081633,2328.86660816327,2101.77506938776,1913.91838163265,1887.64460918367,1919.81545918367,2097.34026571429,2518.64213469388,2302.61211530612,2417.09019387755,2604.9731,2391.10558571429,2316.5017755102,2166.61867346939,2531.6615877551,2755.9941,2623.31283673469,2076.28126418367,2525.97686938775,2557.30750918367,1913.8280944898,2529.28406938776,2220.87343673469,2340.98109081633,2296.4777122449,2146.73175204082,1814.8183755102,2046.48976122449,2045.10599387755,2150.79394387755,2296.85849693878,2709.98349897959,1741.29736244898,2387.19774489796,2667.81138061224,1825.1136377551,2283.68598571429,2329.53560816327,2124.70275918367,1847.30598265306,2082.68239183673,2361.17875408163,2210.17562040816,2158.86998265306,1990.17486020408,1972.8573877551,2798.01981734694,2278.14761020408,2282.3876622449,2462.27182846939,2738.52063928571,2181.63967857143,2342.15047142857,2358.68878163265,2161.10200408163,1723.73440306122,2336.46832857143,2397.18383265306,2320.84915204082,2182.35930510204,1865.8588822449,2313.25342857143,1928.94236632653,2312.78444489796,2899.98083061224,2349.13207959184,2189.12078469388,2341.83964897959,2150.00862857143,2130.75291836735,1954.99846632653,2145.36691530612,2456.38605612245,2916.16938877551,2027.7662122449,2497.40243265306,1737.91317918367,2074.7214377551,2041.37040306122,3024.39228163265,2102.15447163265,2318.47550612245,2271.44333163265,2270.62426938775,1953.32567163265,2476.80051734694,1905.0606877551,2900.83605,2440.31427244898,2423.01293571429,2478.64366530612,2499.6624177551,2148.40329795918,1926.41297653061,2771.36264897959,1970.05381122449,1989.63826122449,2698.51794285714,2158.2437,2143.67085510204,2247.30196836735,1900.23149693878,2339.69382755102,1881.29244081633,2858.11540510204,2284.63048061225,2383.63449693878,2604.75178877551,2209.76081632653,2148.64763673469,2092.18969918367,2157.85408367347,2338.18023673469,1860.89648163265,2131.04525510204,2455.86216734694,2605.46746122449,2698.74670714286,2386.08422142857,2342.73125510204,2059.61075816327,2283.95410153061,2379.21893571429,2245.9970622449,2105.86431938776,2046.11908979592,2083.39411938776,2231.65889918367,2060.99037316327,2668.15740408163,2083.33777653061,2003.87374795918,2184.25232040816,2442.28019897959,1783.9091222449,2366.96900020408,2323.58834897959,1754.8212877551,2767.62410102041,2090.26008163265,2699.82140510204,2295.15957040816,2356.92753061224,2526.72630408163,2001.83830816327,2353.70477346939,2352.69148469388,2060.04775408163,2370.12920653061,2225.02556938776,2370.57742040816,1980.14330816327,2378.89531326531,2350.0604622449,2396.34081530612,2199.87087244898,2523.05073571429,2156.44278469388,2357.02279795918,2406.16607010204,2168.75909244898,2294.35707142857,2855.26177959184,2681.10053163265,2317.79668265306,1568.85692653061,2280.70726734694,2140.95816632653,2305.42484795918,1985.80381530612,2142.93223979592,1971.51502346939,2074.35679489796,1500.1063744898,2461.34157040816,2018.01024632653,2391.2663122449,2256.4448744898,2086.59442591837,2033.43536979592,2578.38508265306,2315.10735877551,2404.38780816327,2183.40358367347,1876.91307040816,2301.31195102041,2122.46485102041,2169.67067244898,1776.74543571429,2234.50417959184,2353.31130510204,2785.5936377551,2068.50189285714,2386.88746938776,2509.55269387755,1995.27805408163,2744.38130918367,2539.17077142857,2395.37966326531,2627.26210306122,1896.04365510204,2101.29863163265,2013.28367142857,2059.42475510204,1959.68611938776,1477.71498469388,2089.42451938776,2077.25558571429,3385.3220244898,1957.35151836735,2135.80420612245,2461.42944591837,2064.59006020408,2209.16731183673,2192.96807755102,2120.85025102041,2510.76871581633,2166.44851081633,2495.27150102041,2404.88365204082,2538.01922857143,1938.83680102041,2384.52318061225,2214.34737653061,1927.78986979592,2526.60919591837,2701.13372755102,2096.4194744898,2300.71362653061,2459.47085510204,2427.98766428571,2298.79505918367,2132.33476938776,2018.82292857143,2316.27362755102,2525.81486122449,2380.61458979592,2067.3627,2228.39185612245,2461.83607142857,2073.39192142857,1840.24133265306,2026.32714693878,2331.27179183673,2373.57771836735,1916.75470306122,2189.56516326531,2184.55184489796,2435.88582193878,2120.13546020408,1941.61615408163,2117.12334938775,1834.37232857143,2054.98276632653,2099.88771591837,3041.40495408163,2353.13453673469,2439.47306020408,2020.05661734694,2410.58823571429,2290.08000918367,2266.05140204082,1730.4898255102,1973.20724183673,2417.6172755102,2377.50810714286,2206.7931,1978.74690979592,2366.3150122449,2247.29865,2024.05504897959,2437.45218979592,2323.92994183673,2411.30681428572,2459.61543163265,1844.57355510204,2301.49319428571,1773.72212877551,2192.07143673469,2484.43656938776,2346.39129795918,1865.97551836735,1687.76304265306,1758.40418163265,2342.82156530612,2376.48475816327,1767.52234530612,2166.80380510204,2216.19929489796,2341.08216326531,1904.37889530612,2289.06776734694,2169.81541081633,2527.69100408163,2362.58284897959,1959.44653877551,2565.81531632653,2453.18067040816,2266.48688265306,1597.71524183673,2304.41990204082,2036.00018265306,3121.13674795918,2093.30306836735,2365.34841326531,1814.03224591837,2375.37287346939,2170.44417163265,1798.16580714286,2122.10697346939,2200.48001571429,2490.42954591837,2105.88320306122,2230.20650408163,2005.42617346939,2219.69902142857,2424.69621020408,2177.03001530612,2198.83797653061,1646.85732653061,1944.27662346939,1929.74016938776,1970.8796255102,2337.11930612245,2504.68144183674,2367.98976734694,2404.56815816327,2517.89873673469,2395.2234122449,2222.43648459184,2272.35988877551,2296.91155040816,2116.92223061225,2255.17343265306,2265.93162040816,2057.82754795918,2244.41536734694,1973.65472653061,2839.35892346939,2273.54587040816,1610.83045408163,2568.89053673469,2680.16723265306,1920.78487959184,2402.83163469388,1823.43131632653,2174.33426836735,2189.33740510204,2322.8284,2310.93241326531,1494.23221122449,2324.60323081633,2609.27535816327,1781.76072653061,2671.77509897959,2101.37937346939,2315.86213469388,2102.00225714286,2280.93343571429,2013.4405377551,2163.13850918367,2399.4969255102,2247.81803979592,2296.18036020408,1876.29452367347,2440.58895816327,1790.81157244898,2114.37215510204,2106.77852489796,2295.89484489796,1860.54877163265,1306.11768367347,1732.7088477551,1795.02048438776,2063.7564644898,2215.01153806123,2139.87275,2341.87276020408,1792.91098979592,2333.65714795918,2161.76330408163,2173.47152959184,2045.82349285714,2351.94669020408,2641.7072972449,2009.23098061225,2077.60660102041,2389.05229979592,2004.41625306122,1604.20983673469,2518.65024591837,2501.06001020408,2278.01305408163,2282.49212653061,2172.15682142857,2443.96056085714,2062.34791938776,2172.37858367347,2231.03926632653,1879.60949183674,2215.78218469388,2239.15967244898,2421.59901632653,2212.58556836735,2197.20094387755,2395.14745510204,2270.93978591837,2073.07944020408,1969.24958071429,1715.68786632653,2096.78043673469,2186.07142959184,1933.81918489796,2448.80410612245,2444.78254489796,2341.7121377551,2049.82397102041,2472.98955408163,2269.28459183673,2656.69853673469,2450.47244959184,2960.50347142857,2333.38014897959,1976.66073673469,2560.25242857143,2611.93922244898,2521.83184591837,2583.44061836735,2716.87220714286,1861.44397142857,2264.75552959184,2367.92642755102,1740.32870918367,2227.68716326531,2355.89785204082,2021.13692959184,1899.65790816327,2385.41725816327,2519.21071122449,2074.89010306122,2426.72635612245,2553.45149489796,1673.59169591837,2306.72292857143,2317.41748571429,2429.63722040816,2185.50039183674,1816.51098346939,1844.85032959184,2006.34805102041,1092.45144510204,2477.26486530612,2181.40812653061,2268.50933163265,1995.36412857143,2050.00100408163,2742.55622142857,2095.65864489796,1934.1559877551,2453.73905102041,2667.07569591837,1713.20932755102,1903.88772755102,1714.73211122449,2038.09028061225,1655.92032612245,2199.9189722449,2290.77158877551,2309.78938979592,2049.86927755102,2278.8736622449,1654.48903163265,2134.72212653061,2420.80849795918,2504.77937142857,1869.70137040816,2518.41186428571,2015.9257377551,2158.69394285714,2224.97045510204,2261.32562653061,1849.56674653061,2124.10603469388,2137.27958367347,1653.94229897959,1861.13712857143,2803.59040612245,1864.88657653061,1895.3390244898,2043.6821255102,2769.89978877551,2079.33711938776,2933.71447142857,2630.17788979592,2433.56761561225,2238.81904693878,2171.72122653061,2339.607375,2532.54279693878,2925.96074387755,2430.86228673469,1962.53641897959,1840.85785102041,2223.56002755102,2046.21441428571,1779.88386938776,2054.25379693878,1674.55387959184,1891.05820306122,2209.87662142857,2680.09545714286,1634.07399214286,2152.72750183673,2423.52657244898,2290.34595755102,2028.46092020408,2193.77281938776,2213.33581836735,2128.03253877551,2094.73551336735,1907.32729489796,2213.83789081633,2429.45104816327,2368.19625,1933.23348571429,2215.05781734694,2035.79430306122,2461.98722346939,2035.59867693878,2650.71965102041,2090.99371428571,2647.69061020408,1692.46435,2216.47616428571,2158.89825,2107.74164795918,2251.58200102041,2146.65970408163,2588.84087857143,2310.68818163265,2322.36590612245,2147.68151428571,2003.11876734694,2405.10972346939,2100.2600622449,1960.73611644898,2065.07044795918,2130.19379693878,2164.80475714286,2537.06066938775,2225.60111836735,1743.00634795918,1965.78053469388,2322.58085765306,2587.69711326531,1947.21702346939,2683.34650204082,2097.68815510204,2245.71552755102,2027.1972755102,1954.9517755102,2147.66486020408,2496.24546530612,2383.88229897959,2526.77289591837,2505.51176428571,1980.9572744898,2502.78126734694,2400.21646938776,1906.08365612245,2416.6899622449,1890.53432959184,2124.06589489796,2041.45735510204,2108.28530122449,2612.64712653061,2289.3993244898,2966.56365408163,2358.57702755102,2219.96318877551,2565.78713673469,1790.75377857143,2053.64515306122,1932.76161591837,2194.29425204082,1802.22454489796,2053.32005714286,1603.65818163265,2225.2698755102,2137.19300918367,1768.29358061225,2409.88032653061,1902.89902346939,1867.98585346939,2812.27440102041,2698.90548877551,2552.13942244898,2482.00691183673,2101.6671594898,1529.82931836735,1782.29132040816,1797.58689489796,2264.43031428571,2199.22509183673,2872.87755,2698.48337346939,2645.45473367347,2396.06591428571,1920.39154897959,2462.70058673469,2287.72778571429,1964.26590510204,2123.47394081633,2033.33528367347,2494.51643367347,2498.48911734694,2038.9930555102,2517.51419387755,2354.54243265306,2015.64631938776,2032.89850918367,3124.98312142857,2519.99674489796,2404.95980918367,2265.69976836735,2045.32394081633,2299.32286632653,1921.70726020408,2154.2448122449,2282.92716836735,2009.19339489796,1821.36327653061,2506.97702755102,1836.18224795918,2426.18653877551,2615.39919081633,2506.80709183673,2267.54135408163,2198.17604469388,2212.63580265306,2109.72284510204,2147.8116572449,2216.35223673469,2785.23290510204,2394.16516755102,1991.58984897959,2277.76081326531,2217.29299897959,1953.70429387755,2330.64260204082,2544.56497857143,2129.55243877551,2321.57055816327,2056.35272857143,2667.84213265306,2409.9405244898,1849.81343265306,2596.8386744898,2150.26483061225,2349.4200122449,2067.55363673469,1855.44789367347,2329.87305918367,2160.19196938776,1810.52339081633,2041.33418163265,1845.2327255102,2095.81584387755,1842.82017959184,2503.22710102041,2240.24075510204,1461.61609897959,2601.0082255102,2083.16261530612,1437.45516122449,2738.46459897959,2468.63113061225,2576.94240816327,2515.16615306122,2107.61692346939,1747.67363571429,2413.94516938776,2356.2597755102,2499.1078744898,2211.02674591837,1877.17257816327,2272.1699444898,2058.82226122449,1721.54715591837,2054.4277877551,2085.6116,2166.70958571429,2261.70609081633,2170.84448673469,1833.69330918367,1713.13580306122,2013.82666367347,1830.17092040816,2154.61072040816,2266.4141244898,2150.26268877551,2454.57719428571,2241.10458877551,2217.87335918367,2189.5229122449,2720.02025102041,2160.05949795918,1685.12861469388,1688.47990183674,2357.98088673469,2187.43459714286,2396.05672653061,2224.64472938775,1933.52840510204,2304.15727142857,3119.12083979592,2216.93575612245,2345.19675285714,2420.77016122449,2280.65222653061,2169.72727244898,1953.98217142857,2457.23001622449,1763.36856326531,2198.85407653061,2137.81151632653,1798.86724795918,2418.38725918367,3332.79008265306,1692.27194693878,2545.44161836735,2427.06079591837,2365.72380204082,2681.38906836735,2306.37518061225,2171.14484693878,2567.52304183673,2460.13649897959,2065.65836836735,2516.48149693878,1883.8618255102,2502.62184693878,2503.56371020408,2185.36071428571,2093.37516428571,2216.9556122449,1802.28957244898,1739.8269255102,2282.19892244898,1821.82166591837,2200.0583122449,1889.21966122449,2749.48348061224,2064.35770204082,1967.89064755102,2056.37801428571,2512.53118877551,1944.50013428571,2581.66121632653,2085.84331734694,2792.85224795918,1867.36487520408,2411.05321632653,2025.77746122449,2281.4259377551,2073.58571632653,2364.69741938776,1958.35512857143,2217.53822959184,2345.50382755102,1920.28734142857,2237.15227346939,2105.54465204082,2190.70149020408,2144.54565714286,2540.11124285714,2576.67976926531,1735.19000612245,2266.05396908163,2706.75640510204,2456.72237142857,1992.59542040816,1890.38457857143,2154.99415510204,2944.95228673469,2296.4717255102,2438.46352346939,2137.4884677551,2307.51305938776,2313.18022040816,2251.38396836735,1536.14027142857,2164.79473571429,2067.85460204082,2122.30837755102,1944.06399387755,2354.26968877551,1755.59682653061,2421.1044377551,2471.32434081633,2188.08545816327,1889.75075306122,1616.49524285714,2478.38630306123,2236.57170102041,2399.44269081633,2247.0403122449,1862.82754693878,2241.3459744898,2208.91323142857,1913.93562755102,1495.5290344898,1960.62308163265,2386.46449285714,2623.01891183673,2366.45257346939,1523.49757857143,2112.59525816327,1903.98389693878,2314.53269285714,2598.21353877551,2005.46708979592,2040.24783061224,2292.53539795918,1994.29902938776,2110.8989877551,2496.32920204082,2404.86147755102,2158.35164489796,2557.30573265306,1727.3681755102,2383.91875306122,2806.39606428571,2482.15842959184,2378.99028163265,1784.18465204082,1504.48689897959,2467.15179693878,2477.70663673469,2070.41197244898,1963.04422346939,2302.37531326531,2303.03589693878,2240.69248234694,3249.70359183674,2896.37536428571,2049.42461326531,2327.48552346939,3101.01524795918,2292.47707244898,1790.17444795918,2042.84761326531,2050.63293163265,1829.82144183673,2307.56134591837,1878.49567244898,2297.03208163265,1982.10735612245,2116.72213979592,2081.27366734694,2269.02526122449,1726.8331877551,2280.12883816327,2504.99739285714,2248.82373979592,2441.08109693878,2005.02252755102,2360.06984530612,2086.00181612245,2019.14257346939,2203.56499795918,1871.34781836735,2286.84025102041,2268.41049693878,2250.5463255102,2444.19318877551,2273.11261326531,2374.46747040816,2240.96288877551,2150.96702142857,2239.78035510204,2016.86184693878,2079.61192755102,2218.61688979592,1727.47812857143,2410.48622959184,1639.53227061224,2051.85251530612,2221.79664081633,2189.76164183673,2132.35710408163,2224.3909122449,2273.45221326531,2479.83516530612,2173.06701122449,2761.67289897959,2021.70785,2215.0613877551,1501.76335306122,2475.73934285714,2025.4845877551,2088.07131734694,1952.15228163265,2079.25656020408,2216.48351530612,2004.99044285714,2343.27798061224,1767.29672857143,2258.98849693878,2305.28414897959,2037.95490408163,2133.01155,2585.50434081633,2235.95736530612,1651.47857346939,2140.9426622449,2289.6676622449,2196.66376285714,2294.50465816327,2615.06134693878,2627.99054387755,2564.37421734694,2126.46107142857,1861.59345816327,2400.50768571429,1956.82073163265,2265.05266020408,2167.57319734694,1990.66172142857,2677.5136655102,2466.42712330612,2109.62936632653,1864.19651020408,2005.42790979592,2346.82081938776,2258.44362142857,2588.08743469388,2285.70685612245,2074.31965408163,2348.90290102041,1888.12134591837,2060.63223367347,2368.95037857143,2513.09941632653,2628.46932857143,2171.94266734694,2004.54954081633,2829.87589591837,2771.44775510204,2131.95531428571,1655.30117673469,2194.65130714286,2041.5456122449,2001.81880510204,1800.94910306122,2222.75553469388,1892.09233877551,1565.9422144898,2611.5927244898,2259.24415612245,1936.03360918367,2478.58668367347,2480.29480306123,2289.07772755102,2470.95220918367,1909.65876938776,2242.81900714286,2366.96200102041,2622.60822653061,2895.06199183674,1935.03161265306,2017.91937285714,2316.90168367347,2074.31999693878,2123.84594387755,2482.37501734694,2268.7531744898,2126.20435714286,2213.14803979592,1963.9832622449,1940.14238012245,1921.73427183673,1690.85178571429,1611.99061122449,2177.21366938776,1758.07888061224,2234.49434795918,1634.51933081633,2297.61058714286,2253.58919795918,2419.61752142857,2485.25299693878,2151.48399183673,2696.02433061225,1870.73961428571,1774.57075346939,2171.16886489796,2303.8285755102,1524.93337040816,1940.52756530612,2177.84337244898,1646.40625714286,2424.33862346939,2951.1240122449,1905.49264897959,2029.88202244898,2162.36104489796,2736.94012755102,2212.3216622449,1524.32149387755,2257.29835755102,2213.69371632653,1966.02973673469,1998.53146142857,2206.27103367347,2459.78689591837,2704.53321020408,2179.57831734694,2388.79225816327,2124.22498265306,2415.80540204082,2147.44632244898,2050.7047122449,2247.15561734694,2050.47974285714,2199.12376326531,1804.86021326531,2055.60503571429,2206.35905102041,2188.21428714286,2016.17593714286,2273.71821938775,2023.86661734694,1569.62967755102,2603.79090102041,2417.53496122449,2087.00543367347,2522.21925612245,2571.15173673469,1580.68991938776,2414.41285714286,2182.21182653061,1889.41257755102,2528.28577142857,2331.86545714286,2433.90109346939,2772.81334489796,1804.01704561225,2434.60206122449,2653.78462244898,2405.40070408163,1940.47513693878,2132.62751734694,2387.58910612245,2291.23050612245,2088.28414193878,1614.03842734694,2040.32544897959,2223.36617959184,2332.5212122449,2123.31043061224,2042.87117142857,2416.94789183673,1996.74780591837,1968.0434244898,2489.6177244898,2225.26879489796,2430.96025510204,2481.95817857143,2718.69349081633,2705.12084897959,2326.63097244898,2077.43663877551,2210.92805510204,2357.6464122449,2427.97132040816,1885.48117857143,2072.76108061225,2198.35985408163,2063.7476,2081.99423673469,1956.24782040816,2100.53741632653,2228.6582122449,2242.1564377551,2424.00182755102,2368.94799387755,1637.7201377551,2138.92032244898,2037.65731938776,2281.51286938776,2323.87595612245,1891.14760918367,1980.73383367347,2121.86750510204,1955.00258744898,1926.97622346939,2079.5763755102,2091.03547244898,1754.52761183673,2222.89866734694,2123.82137040816,1929.47819081633,2699.72990816327,2239.40958673469,2193.0186277551,1965.91001122449,2430.82574795918,2459.43056632653,2276.0519377551,2405.99937061225,2126.94337142857,1719.35816326531,2029.29457959184,1976.84745306122,1969.91894489796,2202.68503163265,2218.00571877551,2562.80705612245,2236.25969795918,2253.50348673469,1956.30528163265,2519.77586734694,2437.19647959184,2208.83801836735,2031.18705408163,2392.78118571429,2739.16371632653,2175.34093877551,2370.61354530612,2156.96280234694,1700.58510816327,2431.78290306122,1647.0351,2344.27740918367,2226.19435102041,2122.08036632653,2139.11814826531,1820.77842571429,1888.82236530612,1830.64693755102,2537.13940918367,1976.35743673469,1980.66475816327,2061.87342653061,2032.16267755102,2722.25789795918,2279.49778673469,3085.68130102041,2051.38347857143,2530.47256122449,2299.63904897959,1781.1470744898,2415.79109795918,2246.57680408163,2237.76700204082,2934.00097346939,2401.59374489796,2162.61233469388,2455.51070612245,2413.2564377551,1945.7191,2026.96641632653,2383.66447346939,2982.70900102041,2338.49994489796,1709.99504061224,2426.30958979592,2091.16278673469,2503.97696428571,1914.75560408163,2107.5448755102,2792.34828877551,2008.80612959184,2004.2415877551,2113.61267142857,2257.51661428571,1396.98852857143,2653.48335612245,2025.05678877551,1532.15255163265,2205.78804183673,2282.61946734694,2589.45616326531,2745.24259693878,1599.39669693878,2084.34522040816,2091.70332765306,2167.61120102041,2419.67259153061,2432.61765102041,2251.12341428571,2094.06948571429,2172.41398265306,2126.80584489796,2339.24091020408,2238.77350714286,2563.60642346939,2472.98581020408,2322.76330816327,2211.24878265306,1901.55640183673,2040.0507244898,3058.64368428571,2533.09837142857,2066.20353163265,2585.94565102041,2091.79906122449,2100.46662853061,2251.34220408163,1967.64592857143,2302.00086122449,1537.37805306122,2196.19471530612,2387.7929755102,2570.28028367347,2598.68934285714,2579.39611428571,2355.98604081633,2692.74168469388,1409.29134897959,2926.26670408163,2272.60064897959,2533.84221428571,2208.2804744898,2390.4689255102,2136.50404081633,1900.1545244898,2075.78071326531,2618.68378673469,2066.36373367347,2686.51393163265,2295.94846836735,2301.12056020408,2110.07668673469,2067.37176734694,2319.88512653061,2339.55408061224,2121.30023877551,2261.4460022449,2391.50651632653,2609.22408877551,1673.83468265306,2429.17733673469,1902.5054744898,1785.7326,2151.79899387755,1902.64268367347,2595.61900102041,2184.37037540816,2127.78537704082,2190.5638877551,1767.6279122449,1567.99448163265,2228.34656530612,2343.73096122449,2526.18536938776,2192.32642346939,1887.3021877551,2184.56744693878,2177.55213877551,1920.82919897959,1920.91385714286,1973.25835510204,1851.95528163265,2311.13033877551,2514.21891734694,2464.69067142857,2573.34888571429,2303.74651729592,2806.85973877551,1972.43746734694,2323.49878877551,2259.1826377551,2077.0034377551,2253.62188469388,2302.69698673469,2323.32486122449,2477.48402857143,1758.84153673469,1242.66824586735,1706.65455306122,2826.11867040816,2266.06039795918,2307.13665714286,2179.07049387755,2133.01033265306,1957.67905204082,2371.56968163265,2028.54349285714,1920.03375408163,2152.72452346939,2200.46762897959,2604.84244795918,2399.3380755102,2343.36703163265,2243.97584591837,2404.3707244898,2074.12545816327,2322.22808571429,2260.78291428571,1957.03004387755,1913.99586734694,2524.16182244898,1862.07757959184,2301.2306572449,3112.10234795918,2784.84535612245,2143.92911734694,2160.26504591837,2324.21059081633,2334.08043367347,2090.08817122449,2584.35333571429,2404.98111122449,2345.8924622449,2604.33923469388,2594.92567346939,2585.82310204082,2510.41463367347,2039.71872959184,2062.56144897959,2170.62949020408,2159.65271530612,2088.27238571429,2429.58246938776,2408.28631020408,2159.85309265306,2323.36012244898,2257.20703979592,1862.56178877551,2043.40270306122,1673.48601387755,2076.15412653061,2089.00491938776,2201.30795918367,2167.0647377551,2292.67247142857,2595.5603,2253.54047040816,2320.03432040816,1827.43467346939,2518.12020102041,2404.35598061224,1983.40291530612,2773.28506142857,1991.96488673469,2299.7550955102,2438.36637755102,2499.71850408163,3041.9436622449,2418.80409693878,2249.00183265306,1669.72968285714,2232.58679897959,2214.05337346939,2132.03617142857,2093.81800714286,2069.22896632653,1904.30599387755,1856.46548979592,2021.89440918367,2201.59901632653,2781.97562244898,2666.44300306122,2618.12485204082,2386.01893877551,2196.2128755102,2119.56530306122,2190.34320510204,2953.16200918367,2553.62836734694,2085.65421122449,2122.40324285714,2149.29155306122,1960.89266836735,2416.0314377551,2100.88371428571,2168.12469897959,2650.75106122449,2443.97983979592,2839.82431428571,2470.08650816327,2565.63101530612,1724.33752755102,2137.99271612245,1941.03825714286,1817.36499489796,1896.78166938776,2179.14549693878,1876.93278367347,2026.59918673469,2883.66903979592,2316.15212959184,2134.97607244898,1967.82888510204,2149.40217653061,2020.72708816327,2344.76887040816,2222.57883265306,1879.72548367347,2282.25115918367,2171.06910918367,2563.66040816327,2271.49467244898,2481.99660102041,2273.55448285714,2074.98478673469,1728.07643877551,2250.22841938776,2259.29962142857,1806.22841734694,2288.31414489796,2189.16474357143,2465.93612755102,1992.50209102041,2333.94261020408,2716.44611428571,2447.75795408163,2175.23910918367,2323.66007346939,2928.85720714286,2596.27581632653,2552.91763877551,2277.10000510204,2844.90855918367,2291.59486530612,1599.39099982857,2017.32864795918,1985.34416530612,2558.54624897959,1935.97933979592,2091.02697959184,2292.74646489796,2421.41955918367,1821.03711326531,2136.53628061225,2254.51091836735,1603.71129040816,2373.88191836735,2233.00607959184,2490.07790306122,2022.89858571429,2173.04636326531,2270.36455714286,2284.0924122449,1781.93144591837,1855.31949897959,2433.62303673469,2335.98694183673,2415.80440306123,1680.92779510204,2204.93412755102,2070.64955918367,2181.66537857143,2394.87868979592,1977.44966938775,1980.53295306122,2567.02311428571,2647.89355612245,2298.69821734694,1573.60800918367,2165.30600612245,2263.29504510204,2007.7476244898,1973.25758469388,2013.43433163265,2437.4433744898,2098.05564285714,1687.73598867347,2045.56647857143,1869.70614795918,2307.9130622449,1503.51644846939,2556.69605204082,2486.47246326531,2017.8835255102,2139.03259693878,2387.74166734694,2316.36859040816,2118.50515877551,2263.27663571429,1966.35610816327,2412.90284591837,1981.92614387755,2242.0973877551,2086.64655510204,2052.11574591837,1532.42218265306,2050.33684489796,2138.84148244898,1751.39922142857,2509.04391734694,2071.27784693878,2080.03365102041,1834.17965918367,1594.19639591837,2121.77021132653,2121.72310816327,2241.73553265306,2348.74686020408,2361.86765612245,2265.59078367347,2024.23065367347,1705.84549265306,2089.2202622449,1685.53935326531,2126.18350306122,2414.42178469388,1770.14170408163,2193.26956632653,2569.76701734694,2415.46989795918,1981.41105816327,2308.49952755102,1937.14337244898,2282.65285061224,2390.48671142857,1909.63259244898,1594.89056836735,2595.31216122449,3111.10905102041,2048.90995408163,2006.62419489796,2225.47851367347,3251.74507040816,2618.63868367347,2096.6272377551,2058.73694285714,2101.4658244898,2345.92012857143,2176.1679744898,2854.42555612245,2241.84708571429,2041.59199693878,2346.19969897959,2322.56720918367,2470.62637857143,2244.94851836735,2401.37308877551,2305.03248163265,2859.55875816326,2430.57271836735,2855.67333571429,2233.72364010204,2208.97129591837,1956.06348673469,2714.70073163265,1377.43353061224,1999.75441326531,2271.19943183673,1813.35164489796,1907.14952142857,1908.37645979592,2140.45921632653,1918.68670306122,1938.8036377551,2497.29477142857,2875.24424897959,1861.72221734694,1807.7114244898,2055.70501877551,1947.00935836735,1932.44645489796,1950.25909040816,2278.93151020408,2270.90481734694,2337.27857244898,2271.98406020408,2439.60116153061,2316.41913653061,2170.68609489796,2301.49529183674,2423.58606418367,2759.23958469388,1884.95507989796,2077.1108,1831.49551020408,1805.79212959184,1902.0678877551,2112.49161530612,1702.84391020408,2113.58259591837,2271.52606326531,2200.06238571429,1854.1314344898,2287.54501326531,2356.67439897959,2326.01523469388,2156.19917142857,2013.32465510204,1529.0239,1975.61939040816,1728.34757408163,1762.88953765306,1989.32219479592,2113.55760061225,2183.97776418367,2055.20757357143,2977.90709285714,1967.50161653061,2499.39196938776,2360.82546836735,2335.0003622449,2046.4950744898,2105.82505816327,2431.0397377551,2029.00798163265,2490.10028673469,2311.26075204082,1612.70107653061,2788.80928367347,2098.74237959184,2198.68732244898,2131.12262244898,1841.64578469388,2323.96391122449,2668.28337346939,2400.68021020408,2291.44587612245,2613.77825918367,1579.21193571429,2834.27959081633,2155.10066836735,2772.77111530612,2203.14318571429,1948.85685918367,2188.08698061225,2445.68266020408,1738.72477167347,1998.69097653061,1814.93112704082,2375.31516122449,1493.59418163265,2580.55853163265,2267.30515612245,2051.61863163265,2129.7612,2073.49217112245,2234.24121938776,2018.59238979592,2156.56148061224,1999.49784081633,2599.87985408163,2315.16325132653,2480.0347877551,2752.1541867347,2345.52091326531,2488.35811938776,2468.67705612245,2063.40187857143,2299.18548877551,1805.88459897959,2130.16259387755,2204.11961632653,2151.87609183673,2155.15718877551,2233.78450510204,2448.18113571429,1876.74123979592,2302.36702959184,1612.28014693878,2578.17101122449,2544.82930918367,2024.73151938776,2043.14679255102,2274.28367755102,2161.82010714286,2842.87765306122,1006.24735020408,2507.64663979592,1895.98033265306,2201.55852081633,1850.6216522449,2605.03096530612,2247.23123877551,1686.72797653061,1494.8120755102,2096.91509795918,2166.58668061224,2214.71280408163,2242.10506428571,1741.59315102041,2044.13153408163,2170.8776877551,2277.82283673469,1831.92450714286,2345.42367244898,2430.24051326531,2258.72704489796,1924.43153163265,2083.68804897959,1903.88592346939,1997.54236326531,2081.96681632653,2192.95807653061,1971.53046632653,2982.61401632653,1919.20581938776,2271.20087244898,2069.85065306122,2585.60635816327,2297.04460204082,2689.10215918367,2220.68355102041,2731.09142040816,2296.95175612245,2085.6449,1843.43595204082,2436.88648571429,1904.71808163265,2086.4939744898,2321.78379081633,1972.77268367347,2068.59325816327,2036.74767622449,2433.23161734694,1701.72587346939,1979.13415204082,2340.39007857143,2226.87623979592,2251.7743377551,1761.01149867347,2450.57603265306,1964.68170714286,2595.8887377551,1871.64836836735,2265.51063265306,2884.58707346939,2052.21287132653,1941.41144387755,2071.71004204082,2041.93508469388,2224.98653979592,1980.11092857143,3082.91035571429,2443.55878163265,2207.99960989796,2312.94591602041,2299.50129081633,2031.30726734694,2313.56464693878,2365.25891530612,2257.15222346939,2264.39980816327,2011.97924489796,2878.37414591837,2120.73463163265,2448.89381938776,2680.83524183674,1889.43089387755,2044.9060744898,2317.03093367347,2658.82430204082,2211.82427244898,2546.13199693878,2552.66366836735,2223.85074081633,2025.33186326531,2496.56629897959,1925.04132959184,2311.63512040816,2445.70833673469,2092.08535612245,2021.76015102041,2346.22175714286,2498.69586020408,1950.16566122449,2231.51554612245,1903.28123979592,2390.1572027551,2455.04592959184,2825.14243265306,1933.58636632653,2106.61950040816,2621.44307653061,2193.16970510204,2304.03755408163,1997.42685612245,2080.23392346939,1830.16319795918,2018.91405510204,2093.03832142857,2640.95359081633,1998.19210204082,2463.83598163265,2232.42821938776,2264.71454795918,2165.1259255102,2034.60721306122,2082.29715,2177.63923469388,1631.7232877551,1988.98417857143,2005.96643163265,2140.16255510204,2446.88289183673,2003.23223265306,2400.77120306122,2266.15980306122,2480.93355714286,1845.58283061224,2513.05780510204,1851.47706122449,2050.94648673469,2195.58447040816,2351.09331530612,3077.30048061225,1942.88394959184,2940.70496632653,2186.88718163265,2133.51518265306,2304.94438163265,2221.57625816327,2399.13468163265,1997.54517959184,1740.08210408163,1891.59945714286,1880.88993714286,2476.79198061224,1885.85358163265,1886.36618979592,2078.42438979592,2152.40590816327,3040.44709591837,2124.89157653061,2488.92878571429,2668.84740204082,2617.97187244898,2221.84817040816,2594.16317653061,1996.67649897959,2199.83733673469,2062.06454020408,3115.0144122449,1875.10196938776,1995.83167857143,2289.63063877551,2127.29100918367,2378.04320510204,2196.518,2655.88245102041,2434.1793755102,2732.42136836735,2026.8022744898,2170.63090612245,2151.42823367347,1953.09972653061,2189.17094693878,2067.86621326531,2202.4518255102,2241.18080918367,2152.96819489796,2096.08047857143,2062.30424285714,2584.95178673469,2409.28228061224,2149.65642653061,2188.51385204082,2374.35035918367,2040.83817346939,2207.75559387755,2227.80097653061,1873.51074591837,1747.85928928571,2082.87973265306,2261.38879795918,2219.6458622449,1868.05753265306,2139.12250102041,1880.94933163265,2338.66831326531,2225.98471122449,2398.81544285714,1723.05356326531,2169.57693877551,2373.97656122449,2210.39835510204,2877.92202244898,2511.6295755102,2354.88416530612,2360.17739285714,2383.66340408163,1839.0313744898,2562.73296836735,1855.37025244898,2075.38800244898,2370.39765510204,2456.25282653061,2444.87686428571,2353.06726326531,2216.49226734694,2179.75813877551,2352.81554183673,1920.47079836735,2396.38216020408,2194.34775612245,2708.85566326531,2669.19122244898,2296.45818367347,2030.3902244898,2451.3680244898,2096.92707040816,2305.34877653061,2259.68545,2328.24090204082,2582.59918877551,2537.28307755102,2422.54648367347,2752.51276734694,2553.11789795918,2029.75093081633,2116.94293979592,2350.69177755102,2408.11060204082,2448.25734183673,2244.32581836735,2361.53952346939,1698.09945612245,2438.13740612245,1838.17630755102,1845.17764183673,1464.25071836735,1959.75937857143,2078.82480816327,2048.91593163265,2335.59878122449,2273.96597244898,2232.69398367347,2115.12291326531,1796.38799897959,2289.16131938776,2477.97137040816,2486.38075510204,2237.306425,1549.93062857143,1858.15419387755,2070.91210306122,2412.43799897959,2201.43400408163,2097.29516122449,2559.40529183673,2198.51351020408,2452.87032346939,2017.28067897959,1632.8989255102,2619.26683367347,2545.98030918367,2290.80597755102,2200.3228377551,1860.22743877551,2189.63663877551,2033.47197040816,2710.76984591837,2383.39549183673,2444.75349591837,2646.337,2502.27122653061,2076.76619367347,2084.95940714286,2108.2198244898,2237.89323673469,1917.25575714286,2334.20202244898,2514.79807040816,2076.37981326531,2552.45948469388,2530.46867959184,2508.95281734694,1676.98294693878,2177.89035408163,2206.3202,2404.6045,2019.92989979592,2163.37036836735,2412.1196122449,1933.22218367347,2001.26389387755,2273.1770244898,2239.35520714286,2410.77428163265,2320.0284122449,2194.88789693878,2214.42281846939,1974.60822346939,1998.16340918367,1950.56118887755,2170.11375102041,1972.93975612245,2262.71705306122,1772.3635,2830.64143265306,1816.47463979592,2429.34144693878,2485.83069244898,2253.95644795918,1920.71966061224,2510.86470204082,2200.48922142857,2356.73105816327,1830.28290510204,1912.30544734694,2432.59943979592,1921.1008094898,2527.40950204082,2060.63289693878,2526.83805714286,2528.55440408163,1993.1971755102,2075.67574795918,1899.18577857143,2243.90071632653,2658.59939897959,2492.77615612245,2739.22269897959,2168.2922877551,2641.42331020408,2312.96728367347,2168.00206530612,2204.14908265306,1847.38823469388,2394.48842959184,2587.09472040816,2295.95533969388,2149.02426938776,1732.76625204082,2435.87570306122,2288.44907346939,2391.34958265306,1830.84361938776,2269.04079795918,2409.61192857143,2838.35740857143,2350.51340918367,2118.32592142857,1962.87329081633,2309.44602244898,2358.61273163265,2475.84328571429,1619.12164897959,2397.02249489796,2356.98937040816,2677.43873979592,2426.28333673469,2219.33289285714,2446.63209591837,2268.21033897959,2090.69715612245,1960.76247142857,2487.19225408163,2361.9400622449,2727.32367142857,3095.80768469388,2231.62499183673,2349.74737040816,2325.49351122449,2468.14620714286,2290.4428755102,2893.6641377551,2055.45804693878,2059.54667795918,2268.34597653061,2080.98821959184,2501.38911938776,2522.98170816327,2396.74370734694,2019.9454,2251.85595816327,2971.12220408163,2968.40273571429,2059.79400204082,1925.87590693878,2745.73240816327,2413.5498122449,2476.15364795918,1758.59378591837,2467.1744244898,1937.32897061225,1803.35846836735,1518.7030744898,2489.13197244898,2048.38544081633,1875.89326836735,1750.89709795918,2157.95776020408,2054.98771255102,2000.76927040816,2074.44323877551,2226.3837344898,2196.3692,1474.58910306122,2740.57482653061,2214.37585714286,3122.8106244898,2357.99094897959,2257.8062377551,1925.56395714286,2373.98609591837,2331.58732040816,2250.52279591837,2092.40244673469,1865.48673163265,2286.85916326531,2318.08096795918,2269.13704489796,2221.23913673469,2623.51489693878,2732.77016530612,2184.30864285714,2318.98946530612,2304.86945408163,1943.43900510204,2319.70864897959,2629.58974714286,2389.74593571429,2559.51666836735,1812.47574142857,2007.67479938776,1618.22863979592,2025.06524591837,1988.24269693878,2305.92371530612,1849.47828469388,2741.53036122449,2651.85357959184,2303.94837142857,2215.80897244898,2050.4238122449,2259.84679897959,2367.54503061225,2203.60214183673,1649.51425,2210.36848469388,1893.1319377551,2304.25778367347,1917.55387755102,2092.33599795918,2265.3422622449,2315.24344591837,2071.29426673469,2381.95512244898,2247.32394183673,2033.4818755102,1906.49260918367,2121.86865102041,1928.23474897959,2150.29506836735,2684.4820622449,2434.8209377551,2303.93303265306,2279.51114489796,2380.51967653061,2744.21762653061,1870.99552653061,2717.83922142857,1782.89344489796,2099.34688469388,2272.23132755102,2271.2375744898,2564.32959795918,2770.5938755102,2599.1895755102,3038.2990505102,2272.51463285714,2639.61609795918,1597.61945816327,2070.91077040816,2072.40045102041,2030.53471734694,2532.92099795918,2158.29293877551,2557.59602755102,2279.81984489796,1914.74782122449,1841.98435408163,2230.34620306122,2362.92129897959,2026.20136428571,2379.44301836735,2203.42965,3188.6124744898,2335.04498877551,2021.77568673469,2453.98005765306,2260.26861122449,2141.07208163265,2355.12394387755,1522.83200306122,2229.15253571429,2200.90149693878,2360.81421326531,1659.37797755102,2311.34524693878,2087.86613673469,2298.34108163265,2046.53752653061,2055.18843265306,2540.22293367347,2290.43087346939,2180.97622367347,2206.21953367347,1837.98613367347,2523.7167744898,2399.99883877551,2150.59957142857,2571.82052040816,2557.62436122449,1868.29348877551,2070.87323163265,2114.71824081633,2412.13117959184,2274.92754938776,2388.34362346939,2437.35061326531,2531.95313265306,2483.91729285714,1719.04091326531,2170.06945816327,2195.00797755102,2271.7234122449,2127.35308153061,2233.2948655102,2117.89294183673,2499.34898877551,2242.66502959184,2125.39823571429,2476.22496530612,2535.24011734694,2960.99005102041,2892.38073571429,2352.17898163265,2529.7580755102,2408.96858061225,2555.66900510204,1915.39960306122,2566.31922857143,2410.55113163265,2096.00149591837,2642.29849387755,2434.2486122449,2080.42628367347,2188.29938755102,1746.46833979592,2159.10904489796,1631.45547040816,1769.02577857143,2252.94188265306,2253.09359693878,1727.61539306122,2321.97552346939,1942.36478571429,2314.54463734694,2075.00412836735,3010.29932959184,2486.54946193878,1943.41919897959,1854.68304857143,2584.92981918367,2241.99518969388,2006.41454418367,1930.90302612245,2603.84799285714,2490.77612959184,2431.33074791837,2491.68818163265,1709.2243922449,1923.47318285714,1977.15658346939,2468.34922142857,2008.14994591837,2171.06619591837,2053.27614387755,2023.78175408163,2372.0893,2280.53221326531,2221.14175408163,2680.33352857143,1757.12143877551,1957.12173571429,2382.86805612245,2249.43960918367,1955.6600244898,2212.10055816327,2783.85156632653,2496.85785714286,2226.51591836735,2454.45829387755,1779.43634816327,2054.63724591837,2171.80070510204,1986.64645714286,2753.26168469388,2102.22351938776,1911.30611632653,2482.96789387755,2433.69143673469,2600.38193469388,1964.60871632653,2347.25870102041,2182.80243061225,2631.6554477551,2232.71360102041,2286.7151744898,2167.28236632653,2300.71557857143,2266.95959795918,2356.46640408163,1944.01719081633,2811.2245744898,2656.84755408163,2377.87864489796,1810.66718367347,2441.45293571429,2393.58230306122,3030.64292142857,1896.02459642857,2186.52745816326,2291.40340510204,2799.08558061225,2183.49341734694,2276.07765510204,1981.03072367347,2016.55321836735,2501.71797346939,2252.61165510204,2583.35030408163,2629.85822244898,1837.73029183673,1912.88016979592,2038.33398061225,2352.18995510204,1722.40793265306,1744.51869897959,2168.26164183674,1999.32789693878,2025.52045408163,2128.96761711837,2676.62846734694,2261.78661530612,1904.30009183673,2038.50269489796,2261.69870306122,2360.85004183673,1981.4910244898,2570.91599387755,2276.63519897959,2597.24071183674,2044.23139795918,1903.89452653061,2241.29033979592,2011.8693,2179.21751122449,2269.06365306122,2392.73547755102,2354.76058061225,2678.99085306122,2223.36214489796,2484.50530714286,2585.22478877551,1828.48971938776,1851.80223183673,2522.37517755102,2163.22055918367,3005.4111022449,2559.7866,1580.27453469388,2237.81592142857,2489.29318163265,2095.99883081633,1874.52412816327,2417.87867816327,2176.13056938775,2274.58050316327,2270.86713132653,2641.55107857143,2016.96789081633,2178.70892857143,2637.10979897959,2900.18222857143,1849.59511428571,1782.46162755102,2447.5109244898,2203.98021938776,2904.20280306122,2471.93372959184,2120.95755408163,2014.02716428571,2260.28911836735,2155.54137040816,1865.50605510204,2646.14397755102,3112.94300581633,1990.87164795918,2086.0563122449,2205.3844622449,2098.23012244898,2255.2064244898,2391.22947244898,2488.68134489796,2410.54460040816,2045.37337959184,2275.31325326531,2095.86100938776,2079.53495816327,1944.79623469388,2142.18620306122,1891.99213336735,2700.92998571429,1805.95247755102,2016.51585612245,2303.69805714286,2286.44695816327,1953.54141428571,2737.91111734694,1713.74818877551,1899.19442306122,2145.68024612245,2237.12143061225,2035.52600204082,1903.27777469388,2827.25196561225,2653.20558979592,2546.30741122449,2678.49865714286,2380.85508673469,2372.81634591837,1238.32141530612,2125.20003061225,1798.04768979592,2093.98511520408,2114.38612653061,1947.22448979592,2193.65997244898,1746.61015,2243.04170918367,2512.26816938776,2235.75537040816,2199.3168622449,2383.85564795918,2700.71549081633,2581.61390306122,2349.86496428571,1952.12920816327,2656.31507244898,1802.85616938776,2454.43189285714,1831.7135,1958.32490816327,2238.91922857143,2475.45159795918,2878.42481530612,3130.35133979592,2252.28092142857,1693.6869877551,2450.34837653061,1938.89334897959,1914.6695755102,1996.40600306122,2188.08954591837,2404.0921377551,2273.66206938776,2226.56418061224,2060.39951938776,2198.60641897959,2153.58074183673,1923.21698061224,1799.57119591837,2606.22241632653,2312.16603469388,2713.36904897959,2377.70446122449,2731.88235408163,2555.32730102041,2282.63708163265,1961.98965306122,1620.10226734694,2584.67075510204,1942.84641122449,1751.51634591837,2544.97012959184,2464.50411734694,2331.42512346939,1992.89293061224,2650.75104081633,1867.37892653061,2597.03764561225,1934.29279510204,2343.28592897959,1769.76277142857,2206.35660408163,2323.00465918367,2676.17792755102,2394.51802857143,2011.83070102041,2494.89666418367,2383.51051530612,2153.87362142857,2056.61487040816,2184.45545557143,1981.18572959184,2241.76427959184,1930.24585816327,2060.98695656122,1980.16795043878,2612.91005408163,2135.43076122449,2228.24214183673,2453.94902244898,2445.52032755102,2125.65881326531,2181.94576204082,2353.12716938776,1975.26308367347,2525.11863795918,2298.37193163265,1940.89898877551,2259.56565510204,2604.29748877551,2482.27756632653,2258.76117857143,2254.77063979592,2171.77449897959,2196.88170816327,1744.59698163265,1613.40676693878,2293.82063571429,1794.29623469388,1854.38714795918,1842.50386428571,2501.51212040816,2445.97764795918,1755.54981938776,1797.68412816327,1855.20159183673,1898.19930510204,2037.15539387755,2456.84329693878,2136.8036,1796.86627142857,1737.4918377551,1877.41489489796,2523.44231632653,1814.26064836735,2652.85061020408,2228.35425204082,2210.05665816327,1910.06270816327,2792.1573,2415.91404693878,2329.04585408163,2330.9948,2221.63469428571,1957.91285816327,1630.0055772449,2514.82567755102,1874.37633469388,2288.26675714286,2216.50901020408,2544.75701397959,2414.77074285714,2073.61757244898,2012.52042938776,2105.15367653061,1909.85257265306,2013.09448612245,2301.49629489796,2455.39300408163,2517.76685816327,2230.60414183673,2283.96387653061,2124.68014387755,2113.89049693878,2054.76929897959,2301.34609081633,2418.19896836735,2333.32596938776,2246.37881326531,2562.00239693878,1883.45798367347,2608.75728061225,2230.07756428571,2374.85567653061,2559.71916530612,2528.89738153061,1691.72174510204,2027.75185102041,2200.63974897959,2475.59273571429,2941.62852040816,1907.53411244898,2352.63477857143,1920.74726326531,2277.23638163265,2485.5912255102,2520.08001938776,1592.74084795918,2056.01170204082,2067.5614122449,2216.1352255102,2077.24042346939,2115.5684,2216.82861428571,1920.52794142857,1681.64275612245,2244.36533265306,1732.14571938775,1859.16792653061,2524.91911979592,2305.26949489796,2165.70910204082,2088.61586326531,1841.46912653061,2620.99583469388,2503.34343877551,2296.59506326531,2198.89727704082,1890.52708265306,1967.91313265306,2305.65064469388,2097.61872959184,2258.68398469388,2391.55007755102,1922.18691346939,2409.53958673469,2423.17585816327,2856.04357551021,2380.64002040816,2029.08868408163,2326.43975510204,1762.63344142857,1831.56253265306,1952.67980632653,1896.87508897959,2082.1836355102,2210.06143367347,2315.98580306122,2166.42599408163,1676.01633122449,2821.59862142857,1915.16790102041,1932.38473163265,2035.7421877551,1993.89507,2230.32150571429,2042.47871857143,2252.79511530612,2357.39041020408,2523.15788979592,1932.92618673469,2352.85252142857,2143.54657755102,2204.08792857143,2120.18211265306,2385.62229387755,1948.68526938776,2320.06518571429,2348.15883816327,2518.38729897959,1904.21327653061,2086.88832244898,2367.40353979592,2504.71118061225,2433.3268755102,2165.98066020408,2217.67414897959,2450.32171479592,1780.18138346939,1771.36001928571,2210.88327918367,2194.94120836735,2006.30879285714,2234.26114591837,2075.21766653061,2598.93621938776,2275.38395102041,2175.65666877551,1796.76166061224,2320.17001938776,2753.32995653061,2096.17761326531,1973.46410918367,2312.44805510204,1840.04306938776,2179.97649183673,1842.38150102041,2025.18698673469,2352.77801632653,2544.89814489796,2062.1420622449,2699.45438020408,1929.73113020408,2075.95360612245,2048.71026265306,2365.01610877551,2141.90967857143,1819.79743489796,2235.82489183673,2193.5799622449,2482.05137673469,2235.14096122449,2609.7764877551,2079.33590612245,2470.02430816327,2431.34469183673,2558.00475306122,1939.24211122449,2066.86218061224,2178.57253061225,1886.88335204082,2828.74606428571,2251.83409897959,2459.51343816327,1446.26387959184,2496.59472040816,2242.83187346939,1867.51649183673,2224.34386530612,2182.16188163265,1689.03512244898,2374.58393163265,2255.21759795918,2185.51285510204,2300.67739183673,2320.78981530612,2349.17510204082,1747.71807959184,2185.41780204082,2041.66679591837,2389.10331020408,1924.51992346939,2147.8349,2307.5850377551,2180.25403734694,1823.32237142857,2243.35123367347,2030.11257653061,2032.01075306122,2519.77105102041,2391.70536438776,2154.91643469388,1880.45320918367,2068.59193877551,2094.78117142857,2372.31207346939,2079.3045744898,2170.44009285714,2028.76425020408,2226.58783673469,2262.72829489796,2109.79202857143,2464.93164897959,1861.5625922449,2143.71794387755,2383.65463469388,2373.03023102041,1828.91394387755,2214.92889591837,1989.77763979592,2523.87101836735,2248.23093265306,1610.29053571429,2408.00290816327,2196.66185612245,2365.8117,2213.58967857143,2490.7683244898,2795.50696122449,2248.32044693878,2537.64980918367,2368.6390377551,2365.7558922449,1616.54559795918,2797.77008653061,2467.92805510204,2202.98420612245,2857.37066122449,2285.157,2920.7898877551,2301.24445714286,2163.3711877551,2372.14118416327,2346.91353673469,2700.33043265306,1990.61308571429,2454.88720714286,2242.97890612245,1867.45163408163,2090.76143408163,2567.59821020408,2242.88250306122,2438.0443,2160.55120367347,1842.63568469388,2022.38156122449,2103.21487755102,1917.21272857143,2584.09317204082,2361.06000714286,2184.21528367347,2579.49410306123,1416.81812653061,1937.92615,2161.91436836735,2496.59436010204,1651.47003653061,2012.40945102041,1954.19885102041,2239.61646530612,1992.16619387755,2321.44361561225,2124.85227244898,1901.18358265306,2432.35465306122,2576.27047040816,1942.36375816327,2752.79560408163,1875.6287222449,1678.85873163265,2077.99949081633,2260.42778877551,2201.61554897959,2036.86404897959,2295.74352346939,2473.40358163265,2028.98326020408,2061.41775612245,2811.03357040816,2273.18474183674,2385.42934183673,2252.76843877551,2358.45162755102,1720.97375102041,2359.03655408163,2490.09887857143,2053.74908265306,1916.10865,2178.53116326531,2028.87176897959,1802.83257346939,2130.6848622449,2035.80573816327,2025.51364857143,1916.5828122449,1926.32731938776,2409.68998061225,2394.84746020408,1963.45322959184,2506.5229244898,2553.71724795918,2529.42566122449,2639.65655102041,2078.72838979592,2187.85854897959,1736.86331530612,1727.87752755102,2300.97785918367,1856.4102544898,2092.0351414449,1839.48264540816,2032.99846428571,2357.61896530612,2015.58865204082,2141.70189081633,2250.14156428571,2125.98202326531,2025.27383571429,1978.21857346939,1966.92395918367,2314.32331632653,2388.43095204082,1883.88602040816,1872.52545714286,1776.30287653061,1861.09875306122,2258.64218265306,1966.56644591837,2568.4819,2359.03135102041,2456.16538571429,2120.74242244898,2338.98727142857,1548.94204326531,2111.6775122449,1572.45553061224,1985.74389673469,2738.34219489796,1868.43065306122,1434.0963744898,2430.91521632653,2365.39471632653,2712.54981632653,2458.60319591837,2309.43573571429,2666.93758367347,1814.06763306122,1842.30535306122,2607.21435918367,2276.56782346939,1387.31093836735,2324.49752244898,2728.47362040816,2025.8964255102,2589.69577755102,1975.1610844898,2158.7625,1789.54107755102,2050.91051428571,1972.65493265306,1903.05576122449,2263.98683061225,2294.54395408163,2018.08078520408,2511.83751020408,2018.70790714286,2419.03051530612,2365.99234693878,2130.24530714286,2692.34242755102,2858.60434081633,2305.00967142857,2205.01578061225,2090.96146326531,2274.40166020408,1828.97012346939,2040.23445918367,1985.39278979592,1740.72933979592,2434.86583061225,2066.06329387755,2136.37776734694,1493.84298469388,1813.03530204082,2372.4447377551,2197.38923397959,2118.10185204082,2088.43415,2045.41569081633,2255.73207755102,2134.08515510204,2310.01799591837,2014.27917755102,2637.80185,2281.33008979592,2555.51556530612,2269.8816244898,2114.67583163265,2471.38365816326,2429.1453755102,2060.34327346939,2528.89467346939,2240.38420102041,2078.4512244898,2082.25203469388,2178.81732510204,1915.37570918367,2401.80392653061,1669.63514081633,1917.20425408163,2121.9766877551,1588.89544081633,2496.4059244898,2284.4388244898,2111.0904494898,2571.3248,2233.94528571429,2204.95629387755,1992.82320714286,2525.20426734694,1973.34770714286,2263.90870510204,1497.71315387755,1730.69552346939,2733.98403979592,1734.70229663265,2132.24752244898,2827.22494489796,2077.81964795918,2567.76558673469,3056.24784591837,2262.05687244898,2444.08585612245,2098.91937653061,2138.74002326531,1646.46544714286,2392.5619244898,2464.70507142857,2327.38276142857,2096.96226142857,2179.05311142857,1818.25138142857,1997.9257955102,2447.89243877551,2061.70188979592,2122.38499081633,2008.97505306122,2239.06689795918,1985.45316836735,2633.17559183674,2356.20542622449,2025.48945714286,2864.8650622449,2341.92011938776,2080.84093469388,1960.99539795918,1975.14894693878,2095.66095204082,1874.01630816327,2270.87058265306,2680.85727959184,2270.06581326531,2685.32823255102,2312.08775510204,2291.32364183674,2136.20185204082,2403.54549795918,1841.70963673469,2202.40284826531,2197.36163153061,2116.89463163265,2883.01639897959,1809.20922959184,1897.2616,2064.97926938776,2834.9275377551,1798.17421632653,2185.40165306122,2048.15531122449,2457.19794693878,2396.8668755102,2327.6961672449,1705.50812877551,1826.10309591837,2041.3820244898,2269.01190265306,2354.15590408163,2269.75714183673,2716.97542040816,2651.27050918367,2134.69826122449,2559.22570510204,2224.54121530612,2463.66093979592,2343.74045510204,2214.89887857143,2053.15549897959,1879.36592346939,2116.7590877551,2111.8803255102,1872.41784183673,2638.7815,2181.65188367347,2055.66338061224,2320.08435510204,2249.45317142857,1793.01258255102,2195.03311020408,2083.77521428571,1864.61148469388,2364.10064591837,2537.58640367347,2389.39447755102,2776.52035,1823.21256561225,2364.74840306122,2777.94698877551,2283.73106836735,2213.03138265306,1983.90494285714,2391.41430836735,1898.52576020408,2559.01712346939,2187.43544602041,2386.98385204082,2413.08456836735,2690.5676377551,2436.79304081633,2265.56225918367,2185.63441734694,2134.70641428571,2281.92971836735,2058.23523877551,2138.11894489796,2397.17441836735,2074.20353469388,2113.29135816327,2352.11848,2008.66912142857,2012.4229744898,1966.25649571429,2230.36513989796,2524.01274387755,2254.7766877551,1758.36962142857,1853.68521326531,2699.27653489796,2594.7694205102,2469.06719020408,2019.42079897959,1576.92665918367,2021.59675326531,1824.25939183673,2189.75534632653,1939.50108061225,2120.33472142857,2482.19989081633,1667.86972040816,2182.47373,2187.19716836735,2088.92767755102,2296.80703061224,2826.57171734694,2469.2066,2017.03546826531,1871.42680908163,1748.22533244898,2211.64133061224,1625.63036959184,2239.68587346939,2331.35808061225,2227.03908163265,2461.88767959184,1583.59431326531,2436.79616632653,2346.61940102041,2129.74469081633,2146.24064387755,2588.07663163265,1497.83710102041,1974.76928489796,2157.73953163265,2387.06704081633,2448.84582755102,2079.75882142857,2371.57910612245,2377.26673367347,2354.17363806122,1922.87468979592,2384.29464285714,2159.19080816327,2280.23603673469,2119.12316938776,2230.39052857143
49.7959183673469,2416.88017040816,2382.07399081633,2204.60770816327,2753.40464897959,2448.98878673469,2734.65297142857,2157.15388265306,1981.29188163265,2064.24394693878,2205.4396244898,2640.79548673469,2168.52830204082,2393.03794336735,2243.28970714286,2623.90780204082,2179.68819387755,2352.45353469388,2647.24343469388,1990.63670204082,2607.83284081633,2218.27676632653,2475.18461428571,2232.92339387755,2625.86004081633,2902.33637857143,2734.10435,2354.8597244898,1676.80955102041,2413.09456153061,2224.72597959184,1101.04772653061,1940.91740510204,2246.85991530612,2253.71111020408,2106.68552857143,2368.38047959184,2657.51082755102,2430.16729285714,2406.60193979592,2496.95561734694,2597.28284081633,2460.4214877551,2380.98253744898,2746.51181836735,2864.13681734694,2955.66890918367,1977.77966734694,2575.08511734694,2084.74145612245,1781.76023163265,1911.42888846939,2691.56559489796,2226.30817653061,2666.67146428571,2293.35673979592,1840.74819591837,2511.83632244898,1969.83801836735,2210.03242755102,2368.58284897959,2311.91754285714,2379.13096836735,2633.41840102041,1876.53742244898,2129.27338163265,2536.14002755102,1937.95832244898,1835.73033061224,2177.23053061225,2625.41173979592,2439.68531530612,2290.90555306122,1950.16340408163,1945.59766326531,2136.53850306122,1856.10396734694,2101.51096530612,2030.85921938776,2293.43256122449,1963.08418979592,2374.80522755102,2056.58186938776,2329.20685408163,1917.42337653061,2390.19473367347,2798.87193673469,2194.9838755102,1874.01190510204,1624.06797142857,2756.12139693878,2111.51036122449,2193.55428122449,1846.12149878571,2087.39190714286,2324.80820918367,2239.92792979592,2201.64971428571,1990.73283877551,2431.52892040816,2025.52993061224,2334.39612040816,2387.74171020408,1986.89818265306,2461.67455816327,2653.15924816327,2481.91636020408,1490.0300755102,1903.78768571429,2145.08972653061,2566.10204693878,2238.78489489796,2353.48458265306,2298.57007346939,1670.44720204082,2414.59015428571,2853.70538571429,2186.14643877551,2358.52494795918,2290.07950510204,2332.9206255102,2462.75556020408,2130.1717255102,2097.12585510204,1972.34415918367,2752.34918989796,2096.09552244898,1839.2140622449,2211.24341530612,2482.22010204082,2923.21266836735,2398.35245918367,3009.23775918367,2165.36178061225,2096.16612642857,2331.76045806122,1872.3213255102,2242.17032142857,2814.82193571429,2508.29045204082,2428.18978163265,1971.42821326531,2238.46176020408,2191.28852755102,2613.13502959184,2513.31091428571,2531.9460122449,2196.16750612245,2055.44465,2332.35972857143,2280.83245918367,2780.68571734694,2714.49124183674,1822.7237755102,2209.35241326531,2004.07741632653,2369.00399489796,2211.88166632653,2477.95708673469,2268.00205081633,1888.99415693878,2192.03464714286,2141.16368163265,1722.31500816327,2371.00908979592,2270.55546530612,2069.97537040816,2014.34663877551,2588.0742,2298.40210204082,2457.54854342857,2764.27705102041,2239.30728265306,2218.25938367347,1999.25495510204,2545.77997142857,2655.75639081633,2186.41730408163,2425.7624,2114.6252877551,1973.82699581633,2847.40703561225,2022.59817653061,2113.28348367347,2575.43159897959,2458.71244387755,2638.76668571429,1886.47127857143,2456.62536020408,1981.57180102041,1997.56961938776,2035.72364489796,2698.30938163265,2111.48553877551,2717.72459795918,1953.84995204082,2340.7750244898,2170.53713673469,2335.47267755102,2586.03235408163,2354.97756938776,2823.47260367347,1876.46896530612,2324.78699591837,2463.41973469388,1838.78535918367,2237.30225714286,2258.39563673469,1917.22117346939,2041.77745102041,2676.54976020408,2180.97266428571,2046.15428979592,2332.17228367347,2302.4013622449,2345.40642,2557.13656530612,1960.33896734694,2939.16275816327,2730.31518265306,2493.11220918367,1701.18154510204,2377.60150918367,2330.77343673469,1729.31644081633,1802.08567142857,1830.58822244898,1964.33336734694,2476.43251428571,2183.58422755102,2086.43154183673,2277.91802142857,3232.25102857143,2679.73371632653,2923.70122755102,2267.81905408163,2420.46095,2151.51816938776,2353.14748673469,1441.79908673469,2946.61000510204,2047.87181530612,2373.85949285714,1530.89342244898,2441.02130714286,2110.10913785714,1885.56504387755,2307.82122857143,2342.75899183673,1990.46903265306,2262.32559214286,2387.35330540816,2552.65605918367,2642.69502244898,2837.44854387755,2369.64328642857,2805.11216938776,2394.67163061224,2784.19391122449,1839.23523163265,2270.95226938776,2470.97628163265,2610.00746122449,2525.97025510204,2356.26237346939,2391.79231836735,2189.89223673469,2312.62021632653,2353.79826326531,2133.39318571429,2235.83698163265,2385.25305765306,2274.80743163265,2197.93532346939,2014.85234693878,1983.02851326531,1901.75664693878,2921.80194795918,2616.90990306123,2428.01475918367,2417.17396428571,2124.49978163265,2751.31532142857,2842.14761122449,1911.45065030612,2370.55009387755,2361.61272959184,2264.53560816327,2109.94250744898,2251.56660612245,2341.37092755102,2351.99544693878,2276.41157959184,2262.10866734694,2688.93239591837,2860.3517255102,2040.40525204082,2706.02962653061,2431.99132857143,2495.55816122449,1801.13831734694,2287.69345612245,1937.25930306122,2909.91044795918,1976.91343877551,2031.0417877551,2053.09633295918,2060.05124040816,2051.76352142857,1604.06394591837,2060.50773367347,2073.29118367347,2569.71751122449,2523.0799877551,1905.46601326531,2369.9916377551,2303.13149387755,2861.03581530612,2577.95231428572,2469.49760612245,2183.10411020408,1488.81790918367,2468.69406020408,2995.32782653061,2099.43978877551,2731.86546122449,2694.65839489796,1580.42519489796,2077.83040510204,2106.57602959184,1731.89020714286,1983.77500204082,2576.09201428571,2571.98281734694,2233.54718979592,2042.25205306122,2309.93088673469,2677.53704897959,2261.23086836735,1933.52013846939,1673.89752857143,2237.93843061224,2229.13980816327,2354.47876428571,1869.26397653061,2082.04273061225,2296.67319489796,2218.56771938776,2043.90704183674,2583.52405510204,2734.27818928571,1915.21084387755,2290.1971744898,2032.7817377551,1957.1078255102,2077.3252744898,2152.43414183674,1646.92807653061,2354.29877142857,2505.15496020408,2392.18449081633,2231.46392959184,1933.81427959184,2102.82906122449,1911.66457040816,2049.17184897959,2090.45756428571,1747.28633571429,1538.45399081633,2264.82639897959,1762.28530204082,2278.78953877551,2174.41875918367,1830.32382653061,2077.95813061225,1951.2957122449,2252.28460816327,1953.73379795918,2528.54708979592,2174.42788163265,2662.05684489796,2274.59545102041,2159.54820918367,2327.45313061224,2424.71984081633,2019.40841938776,1579.52286428571,1907.37031530612,2030.41681938776,2856.30431836735,2055.73285918367,2480.86096632653,2044.72895918367,2499.26076836735,2253.95915,2734.00275612245,2092.76194897959,2447.63929244898,3062.06109795918,1634.31035204082,1925.07843265306,1867.70795306122,2191.61991632653,2121.6555755102,2554.11454795918,2692.40596428572,2163.12222857143,2932.81844795918,2411.72560408163,2889.00085102041,2598.01693877551,2431.50901836735,2556.80017653061,2446.82922244898,2763.23076938776,2141.27141020408,2375.1727244898,2339.19693265306,2224.95741836735,1970.81400928571,2132.67717857143,2295.7673744898,2775.01065306122,2327.46744693878,2329.77310918367,2508.07778571429,2272.99647346939,2282.42094387755,2053.45026938776,2247.77063469388,2367.08294489796,2447.26163367347,2319.51846530612,2366.89119591837,2761.5026,3105.29504693878,1915.96740612245,2385.3272744898,2504.47548673469,1851.33509081633,2087.01640204082,2297.60937346939,2205.02756020408,2239.89480816327,2198.79238469388,2152.78520918367,2266.32289693878,1719.8230622449,2487.08143571429,2326.42365306122,2295.0909622449,1644.95559795918,2748.97285816327,2273.79917755102,2313.01451020408,1996.21182857143,2031.79881122449,1869.82709591837,1990.09813673469,2160.32123163265,2521.62096122449,2455.1265244898,1653.45103877551,3090.73102040816,3380.16919387755,2780.91047959184,2213.97393387755,1853.67686938776,2380.17724693878,2463.33018877551,2121.2028877551,2350.38018163265,1754.86722785714,2896.71790816327,2404.37203673469,2691.9810377551,2190.19562857143,2429.82823571429,1868.45302653061,2531.63236938776,3098.95535,2931.7937244898,2643.06540612245,2529.40614591837,2169.24315,2457.52278887755,1769.53014693878,2545.84482755102,2156.9280377551,2522.32126836735,2930.60182653061,2820.04384285714,1595.99213061224,2089.70778061224,2240.11660102041,2243.89139183674,2342.82728612245,2290.56124081633,2338.50925816327,2440.13164795918,2156.80983673469,2140.12411632653,2030.06844693878,2597.20363469388,2253.75919387755,2083.73051428571,2555.61353571429,2277.26656020408,2386.33126326531,1887.62554081633,1857.17337653061,2478.92639489796,2652.6757622449,2232.13444081633,2469.73444489796,2163.26567857143,1937.96735408163,2108.81246734694,2684.41087959184,2540.77990714286,2245.94314081633,2676.40647755102,2076.24394795918,2138.53840612245,2468.8938255102,1913.18830928571,2753.9970255102,2395.89342040816,2236.88229285714,2137.89205204082,2194.24856020408,2426.09993367347,2405.97684591837,2395.54053979592,2325.27218367347,1631.47335714286,2279.64893979592,2048.51906122449,1600.47123163265,2128.27989897959,2649.05991020408,2393.5635377551,2254.33560510204,2096.03947959184,2251.91332346939,2577.06628265306,2599.63734489796,2900.89085918367,2440.01465969388,2228.66650306122,2523.04930418367,2414.97559897959,2265.06270204082,1503.79862959184,1929.92224285714,2081.16581734694,2840.09572040816,1626.51602142857,1838.42876326531,1860.33127010204,2099.62135510204,2345.65796836735,2771.99157244898,1551.16780540816,2401.28931122449,2290.59861428571,2111.24788979592,1994.05142959184,1899.2467755102,2280.32316122449,2228.6559877551,2188.23786530612,1928.37830918367,2394.82847653061,2444.35615204082,1940.75240510204,2301.56487346939,1913.7923755102,2651.59858673469,2340.71614489796,2158.58800204082,2290.47609897959,1910.17828163265,2262.81080204082,2516.98369387755,2704.61520816327,2736.37959285714,2245.04105102041,1561.98095714286,2626.5960744898,2495.47589285714,2065.13881326531,2110.4457755102,2217.20622040816,2267.42486367347,2306.81450102041,1572.60099591837,2365.25461428571,2553.78814693878,2215.77286122449,1822.74583877551,2224.42893163265,1785.32024387755,2009.87367346939,2060.77515908163,2264.37564489796,2521.37789459184,2012.50787653061,1919.48810918367,2364.39795510204,1819.31984489796,2158.93963163265,2037.34398785714,2293.45448469388,2061.49557857143,1930.42253061225,2481.9365744898,2409.5649255102,2945.42367653061,2501.49407346939,2827.55808979592,3197.16364591837,2730.31033571429,2231.86338877551,2454.65102346939,1787.87441020408,1681.23518571429,2143.88584591837,2424.86343265306,2423.99990918367,1867.9999377551,2311.0540755102,2129.59735918367,2232.96578673469,2592.63074183674,1807.04041428571,2582.31097959184,2180.56897959184,2088.57329795918,2476.57663367347,2404.20806020408,2374.87046632653,2131.31160612245,2051.20176938776,1928.28519285714,2475.72873265306,2497.18964693878,1629.27814387755,2147.9865744898,2194.91586428571,2411.1866744898,2469.54156428571,1780.93875510204,2319.59716734694,2205.68662244898,2369.73892040816,2319.95580612245,2048.74590714286,2151.6112877551,2335.04945102041,2371.93560510204,2425.48475102041,2498.44090918367,2404.14900479592,2756.35127204082,2007.52241020408,2140.07182040816,2714.19821632653,2303.5677377551,2869.80395,2991.24925306122,1920.06479693878,2742.31549285714,3146.13508979592,2421.62186122449,2295.00715,2965.10886938776,3172.77974489796,2486.65306020408,2085.40112857143,3017.88594183674,2050.75899795918,1822.7109755102,2314.09061938776,2729.7987744898,1834.68512244898,2500.6394755102,2410.03585510204,2122.82065102041,1576.60525816327,2471.33407244898,2045.10378265306,2559.11489683673,2277.3732255102,1905.49300612245,2166.3708244898,1801.91900204082,2306.9142244898,2270.98767142857,2139.40373183673,2461.28641734694,2062.58053877551,1921.95227244898,2984.93016428571,2901.05048163265,2230.21044795918,2641.9379255102,2949.76805612245,1947.98189081633,2148.32885816327,2251.6443377551,2606.61250306122,2454.67458877551,2584.16790816327,2020.59492142857,2366.78080714286,2068.47568979592,1894.05288469388,2218.68488163265,2430.32423673469,2326.30134795918,2381.15708979592,1995.92508908163,2581.14930918367,2712.78753367347,3041.79170612245,2288.95742755102,2463.51335408163,2632.34976020408,1934.76580979592,2056.20612346939,2113.40059489796,2201.96775918367,2013.9846377551,2254.31136530612,2472.74268571429,2271.33086530612,2520.98516938775,2449.55919081633,1724.67116020408,1986.6546244898,2267.75873673469,2368.69627857143,2065.30815,2108.89948877551,2717.82239285714,2401.21787857143,2058.11675204082,2108.42902653061,1957.3115744898,1701.59800918367,2515.66269183674,2792.23755510204,2302.24068163265,2766.43771020408,2431.31531938776,2110.51344591837,3094.3255,2679.41227959184,2003.72456530612,2381.25261867347,2224.43912755102,1837.41150510204,2540.50032653061,2371.57155918367,2277.48303061224,1651.84207959184,2288.19586632653,1808.47855816327,1893.85960510204,1982.31203673469,1999.44998581633,2669.09449489796,2649.29096632653,2022.67745867347,2386.36065510204,2428.20329081633,2332.68676530612,1943.73448673469,2400.72250408163,2412.83637653061,1992.12054897959,2567.8466122449,2635.37105204082,1960.68663265306,2606.68620714286,2831.25306938776,2343.61674591837,2977.26301938776,3006.14645918367,2737.04158061225,1724.83352653061,2386.37978367347,2089.81821428571,2107.29250306122,1708.70620612245,2426.63140102041,2747.73085306122,1869.08527244898,2001.92060612245,2194.53296836735,2096.97487244898,2120.09631020408,3307.67723367347,3248.91510408163,2250.25886938776,1547.64158877551,1935.08438571429,2223.67328877551,2337.18548673469,2313.57229693878,2049.26123571429,2370.87723673469,2009.72711938776,1935.98205510204,2208.31278061224,2336.81597346939,2146.96640714286,2340.43266836735,2911.37826734694,2577.82614693878,2725.4787744898,2797.96644081633,2837.22132510204,1885.14373357143,2277.02903969388,1337.84686734694,2077.4084744898,2363.63796122449,2842.48618979592,1751.28739489796,2323.58336632653,2727.53419285714,1874.81486734694,2377.49372040816,2029.19844591837,2444.68406938776,2408.94831122449,2272.85622142857,1845.01943877551,2065.50364285714,2487.70523877551,2400.16763163265,2592.96598367347,2024.7513722449,2493.24752489796,2303.68392244898,2159.94151632653,2021.0829744898,2349.54599081633,2312.95905204082,1984.52318877551,1855.78626020408,2352.75934795918,2270.81950612245,1583.58953367347,2108.55892653061,2210.15461734694,1931.42701836735,2373.20190102041,1810.66161530612,2337.29639295918,1902.86404387755,2619.89510204082,2598.9301877551,2286.12888877551,2253.19769591837,2288.44109795918,2260.05204795918,2508.05877142857,2772.62975714286,1962.51851428571,2285.32723877551,2058.0139877551,2085.71410408163,2501.75947244898,2037.1061,1786.07891632653,2508.58380510204,2406.02599795918,2262.59559081633,2156.83776938776,2293.89355,2277.27504693878,2205.59324183673,2183.23382346939,2438.68701428571,2125.27074285714,2285.90537040816,2322.80476938776,1701.79933673469,1553.62263571429,2120.15563510204,1647.25110040816,2052.16105408163,1754.25595204082,1837.63168673469,2784.54531836735,2517.55448163265,2641.03788469388,2758.16219387755,1774.39808469388,2483.35655,2096.61973673469,2317.74066020408,2632.75066020408,2243.9238122449,2089.44451632653,2708.85766326531,2200.71102857143,2199.27181020408,2031.06016632653,2081.66678877551,2149.47249897959,2269.30910306122,2101.37668061225,2740.13140408163,2378.51653673469,2216.59069693878,2341.45756326531,2662.07548469388,3060.96004693878,1909.01266020408,2171.65386326531,2279.41428265306,2135.24245918367,2117.14619795918,2103.37045306122,2001.65248673469,2632.65877959184,2040.79609693878,1974.43455306122,2591.25050408163,1801.43692755102,2107.61501530612,1715.38010612245,2170.56021734694,1994.03230714286,2471.90142959184,2227.75334591837,2279.79875102041,1939.91862346939,1791.25422244898,1966.85360306122,2577.78035204082,2509.09017857143,2050.49312857143,1900.96492040816,2162.29154183673,2304.19124591837,2450.9128377551,2242.8900622449,2336.31298265306,2426.85668061225,2010.77018673469,1713.57129795918,3185.86481428572,2711.92101326531,2191.05341632653,1885.47650408163,2531.1676877551,1943.95061755102,2367.21266734694,1954.83867857143,1843.60350102041,2284.93999489796,2589.84246530612,2171.18534183673,2004.05590714286,2003.17621428571,1710.09725918367,2438.55011428571,2683.07912755102,2547.40736530612,2395.11931122449,1926.51048673469,1969.15458061225,2261.9102744898,2704.07677244898,2793.66696326531,2016.00225714286,1940.34017244898,1949.79409693878,2572.59938571429,2285.34839285714,2788.4932,2259.21155306123,2660.82327040816,2181.11722040816,2133.83931326531,1574.93348979592,1736.00755714286,2476.37387653061,2278.22814591837,2529.34581530612,2215.16375714286,2118.66758081633,2334.81466836735,2612.71945510204,2406.7113877551,2160.52526632653,1898.43824387755,2273.95553061225,2132.39017755102,3003.49525,2261.96077346939,2103.64574081633,2135.02547142857,2388.52892857143,2020.63154183673,1657.66529183673,2203.13523061225,1813.51408265306,2497.03501836735,2302.83668979592,1733.87600581633,1868.22875510204,2221.96563061225,2077.88548469388,2474.1203,2121.56545204082,2196.82265,2351.16673469388,1666.11498979592,2419.16677040816,2196.31881326531,2126.04374387755,2063.45703571429,2178.79767142857,1849.40864081633,2066.38992959184,1602.5791122449,2303.51765102041,2404.24687265306,1951.01421122449,2268.17527959184,2176.12007346939,2045.78131734694,1834.52974234694,2074.00969489796,2276.71048367347,2788.74962142857,2349.89575816327,2097.62012346939,2044.54687857143,2298.8324727551,2442.63336632653,2558.51999387755,1928.66309081633,1725.23470510204,2393.4045244898,2276.25679897959,2397.35463163265,2338.28086632653,2245.73873673469,2148.96579489796,2824.8248377551,2569.08594387755,2259.15860510204,1498.77556530612,1564.17120714286,2011.80688673469,1763.90678673469,2337.41483571429,2776.27263265306,2476.52076530612,2135.06709183674,2130.99030102041,2264.60690306122,1905.96870714286,3063.5299877551,2066.56085714286,2680.08448877551,2440.78157040816,2147.20790806122,1831.06972612245,2044.97835102041,2357.23553469388,2365.46634897959,1702.04012959184,1864.71767244898,2076.10685204082,2374.84416938776,2402.4933,2172.41382857143,2288.09136326531,2124.96366734694,2407.46722040816,2675.32983469388,2558.42778469388,2647.36932040816,2456.01138979592,1760.43807040816,2342.47658877551,2047.40659183673,2833.56815204082,1963.71255979592,1903.15782295918,2381.71154489796,2165.29567755102,1556.87533163265,1659.83841428571,2397.46573877551,2487.02578979592,2263.79240867347,2352.20124897959,2575.35366428571,2129.36199591837,1772.49664897959,3108.09324489796,2089.26205306122,1771.74407959184,1994.44036020408,1770.41302653061,1742.7116755102,2259.32034081633,2474.32899081633,2780.31149387755,2844.78897040816,2385.55832755102,2113.83138367347,2366.06462142857,2252.75915857143,2680.0209244898,2690.4262377551,1561.18675612245,1994.01514183673,1668.20683367347,2188.9980244898,1562.54019081633,2452.23581734694,2164.09087857143,2877.65786428572,1891.91576122449,2497.6332122449,1832.47653673469,2273.86145,2029.11946316327,2562.16511326531,2420.94695,2416.51304387755,2788.43028571429,2667.91764183674,1872.56834183673,2211.32386530612,2324.36986765306,1979.76684183673,2284.91922857143,2390.67975969388,1948.12803673469,2695.60096632653,2370.63804285714,2756.21441020408,2249.63754897959,1885.79670714286,2012.51113061224,2658.20953163265,2468.49988469388,2189.58350510204,2267.6786244898,2317.17433265306,1962.75795306122,2294.37340306122,2207.61475714286,1945.46347346939,2252.47264387755,2095.36021122449,2130.70504387755,1724.42934081633,2086.7757744898,1876.21429693878,1969.72866428571,2433.66812244898,1968.23658367347,2403.5764877551,2456.1635244898,1956.25236632653,2248.65928877551,2312.0152244898,2778.25359693878,2830.24554897959,1839.46018959184,2200.36169591837,2078.19561122449,2201.36320306122,2785.58491326531,2694.5609122449,2597.48910030612,2783.40552653061,2239.87491122449,2638.35811020408,1820.67503877551,2532.48691326531,1828.4181,2345.50824183673,2215.06477142857,2659.30974387755,2276.58546836735,2947.3762622449,2364.72529285714,2395.07980714286,2826.56542244898,3182.91988469388,2974.85655714286,2432.2734377551,2189.98404591837,1856.39855612245,2071.60250612245,2906.7977122449,2034.76851734694,2172.21039183673,2178.49312040816,2397.8252377551,2276.44825612245,2805.30937142857,2077.40038877551,2148.11961020408,1694.94367346939,1953.29046428571,2190.42032959184,2743.79137653061,2061.88989897959,1924.87733367347,2033.21742040816,2545.79942755102,2972.84063061225,2131.95982346939,1912.65725612245,2255.74299387755,2232.83992653061,1889.30389897959,2068.49475102041,1466.18938163265,1803.3654622449,2457.78366632653,2167.04849489796,2016.61687346939,2242.39388285714,2343.13334357143,2327.60669795918,2606.32645918367,2328.31124489796,2290.95080714286,2038.47021918367,2068.51954387755,2602.21324285714,2198.87513673469,2464.24936122449,2140.06382755102,2170.14550306122,2364.33372397959,2244.26070612245,2338.51937959184,1704.45729285714,1871.68934285714,1901.22867244898,2167.73872653061,2614.35230714286,1901.3762305102,2288.17961938775,2004.62421020408,1979.23634897959,2386.93642857143,2247.7826622449,2157.80279387755,2013.82054285714,2068.08412244898,2632.02590306123,1951.83209387755,2406.63652244898,2679.3150255102,3131.32055612245,2292.56880612245,2231.22279591837,1800.23490714286,2085.41111938776,2025.2209755102,2154.60403469388,2351.0844744898,2470.19531836735,2382.91433265306,2330.40075306122,2728.87066989796,2622.49944183674,2278.18820306122,1974.35749795918,1704.32936020408,2491.19384091837,2463.54403826531,2032.38062969388,2324.85408673469,2277.71238244898,2508.6493244898,1593.19777142857,2563.64413571429,2213.28408367347,1819.36861122449,2173.33018673469,1861.98418877551,1945.81445612245,1777.59306020408,2137.95923367347,2258.46330816327,2425.05680408163,2333.23299795918,2497.6882377551,2325.18035714286,2019.5325744898,2216.63812346939,2458.20759795918,1977.0225244898,2203.57884479592,2249.39063367347,2246.95170102041,2017.96338306122,2532.00256530612,2432.72660714286,2530.43221836735,1649.51790612245,1631.07404489796,2645.30314897959,2224.93415510204,2500.01781428571,3000.23925744898,2215.55304081633,2249.87823673469,2505.07175714286,2407.56550408163,2701.26443571429,2354.63566734694,2839.63023673469,1883.74434591837,2214.60336836735,1738.61255612245,2420.77427142857,2065.79143367347,2457.38274693878,2552.71233877551,2931.74237377551,2246.82590714286,2069.62090734694,1983.29112428571,1857.28411428571,1629.96003877551,2636.61977755102,1873.26905612245,2276.39299387755,2658.55848367347,2287.61271122449,2015.89714387755,2266.29837653061,2163.83068265306,1871.14597857143,1623.94903061225,2003.56902857143,2142.33950102041,3043.10353061225,2215.82087857143,1943.23223367347,2995.05460204082,2400.39860816327,1656.58051428571,2747.40728367347,2190.55624591837,1964.2773877551,1810.62676326531,2675.59302653061,1887.14552040816,2319.72657142857,2696.63861479592,2487.72977755102,2199.63715,2586.59535132653,2269.98242244898,2344.40024897959,2108.04901938775,2100.23761122449,2297.17781734694,1568.73023979592,1985.08768469388,2150.00630408163,2842.93587040816,2202.05705408163,1951.86429489796,2323.54324795918,2047.88876530612,1793.23874897959,2652.69305918367,2335.61823469388,2222.7468755102,2276.91231326531,2864.51820204082,2047.98804387755,3009.4681305102,1983.90535918367,2068.3044244898,1954.30606326531,2484.87241632653,2431.18467346939,2233.33264285714,2646.59959795918,2086.38585612245,2424.37319285714,2572.13302653061,2372.7236755102,2003.04830918367,2420.36554897959,2794.73793061225,1981.69736836735,2245.72857346939,2172.94065612245,2574.80233571429,2017.62288877551,2153.57277346939,1985.28838061224,2460.92166020408,1816.60583163265,2000.76441938776,2003.12640612245,1875.71868061224,2576.50845306122,2278.32852040816,2064.90526938776,2370.58135714286,2489.16104367347,2000.66563673469,1677.76528163265,2873.03773163265,2548.57880510204,2147.42945306122,2268.22635816327,1950.05926530612,2158.28628061225,2741.59069693878,3077.31105204082,1922.18275306122,2170.67698265306,3108.13938704082,2485.2238377551,2193.90217857143,1484.77603367347,1867.94114897959,2782.65726632653,2048.51567142857,2443.11459081633,2335.79039183673,2119.34014285714,2289.74241836735,1732.75405612245,2566.15848469388,1995.47582040816,2053.49051836735,2063.48589897959,1569.57782959184,1981.16348418367,1939.42522653061,2053.58283469388,2281.31609591837,2288.43233367347,2668.75940510204,2147.0815744898,1983.24597653061,2681.02441632653,2233.5523755102,2144.28752346939,2079.13514387755,2390.31271938776,2437.9357255102,2230.10366836735,2401.75460816327,2663.56594387755,2226.64246836735,2305.46323673469,2213.86312244898,2629.49677571429,2541.57397755102,3132.98123581633,2379.49256826531,1970.54143571429,2189.55187346939,2411.09640510204,2153.69938061225,2412.78255306122,2674.10846122449,2908.75939489796,2229.00569795918,2496.5355877551,2221.32960408163,2440.06698061225,2622.32648265306,2323.70427346939,2266.81088673469,1934.02475816327,2159.93823061225,2286.47271530612,2944.78177755102,2839.03324897959,2251.34370816327,2291.74089081633,2317.24278163265,1795.73273163265,2474.55069897959,1648.6300377551,2243.98671326531,2272.61733265306,2245.33169387755,2233.79450918367,2806.52195918367,1487.21731632653,2364.78743163265,2151.80999387755,1911.85463673469,2686.30628265306,2496.13749183674,2196.84397755102,2367.76643469388,2436.7070377551,2470.65243571429,2516.63601836735,2786.43981122449,2396.84212244898,2455.20757040816,2450.08590408163,2054.54277040816,2328.28429591837,1910.72233877551,2164.21159387755,1889.37450306122,1936.44908673469,2377.33866632653,2216.2744,2107.2657622449,2056.01558163265,2448.16936020408,2344.15513163265,2690.49564081633,2203.77288571429,3517.61665612245,2497.55934897959,2289.21608877551,2633.69958265306,2207.83192857143,1856.29666530612,2751.93468571429,2418.19940612245,2300.35606836735,2701.67569122449,2155.35790204082,2292.33342142857,2554.00616632653,2196.48179285714,2071.80224489796,2423.78442653061,2510.50930102041,2849.1457877551,2517.24365102041,2686.01590918367,2053.71416020408,2204.69234489796,2337.09093979592,2033.77520510204,2031.51924183673,2310.70463367347,2679.66384693878,2584.76097755102,2089.51678979592,2549.86951530612,1882.20111836735,2277.77774795918,2045.82895510204,2481.69558979592,2492.80979693878,2271.93107040816,2190.36247142857,1923.03547857143,2431.65821836735,2037.80582755102,1743.56179693878,2117.11437346939,2038.90220438776,2862.02863265306,2008.47574285714,2131.98888571429,2646.00308265306,2524.54965897959,2113.1846255102,2131.5881755102,2546.17705306122,2490.32573265306,2676.28592857143,1725.93975816327,2390.13885204082,1938.83421428571,2314.18639081633,1990.98298265306,2073.87229387755,1790.67478367347,2862.60704183673,2060.17273061224,1929.09325,2203.71668877551,2213.38579183673,2778.95685102041,2018.03196428571,2199.73767142857,1902.49686836735,2081.42052959184,2263.17391122449,2142.29632244898,2151.04984693878,2037.66765204082,2418.94589081633,2149.01592346939,2623.7717327551,2117.48345714286,2425.63287857143,2842.47864183674,2608.81353163265,2154.99371428571,2585.2658122449,2159.19281530612,2232.9895755102,2119.20745397959,2325.37907959184,2347.43496530612,2074.93478979592,2358.21095612245,1928.63980204082,1991.62403163265,2328.88209081633,2224.55875612245,2503.97541836735,2133.22062265306,2338.06706530612,1573.18634183673,1967.45929795918,1713.92339591837,2026.61538265306,2739.48345,2613.59350918367,2379.48149591837,2475.92419897959,2276.12637346939,2303.40892244898,2049.59805102041,3154.02765204082,2809.84953469388,1777.14175204082,2056.51864591837,2417.55508132653,2495.62216632653,1963.20658061225,2393.45267142857,2510.95458061225,2571.63773469388,2927.71376632653,2479.85713061224,2157.74012244898,2295.48277653061,2106.10415510204,1745.92313163265,2933.09792755102,1990.69639591837,2015.44965102041,2156.06773367347,2192.55904081633,2392.90404183673,2340.27114795918,1905.95182153061,2180.21751632653,2922.2010504898,3315.02215510204,2356.65843540816,2381.61103469388,1960.79756836735,2259.00008469388,2396.08000204082,2245.28954285714,2348.97271020408,2465.44719591837,2467.44985612245,1757.52403469388,2380.20595612245,2072.88822755102,1876.39815306122,1691.1449255102,2300.69585204082,2331.02820204082,2017.51907244898,1975.2120122449,2591.88850102041,2133.36604795918,2128.80827346939,2460.32098673469,2107.47537591837,2385.05531836735,2763.25716938776,2501.55781122449,2403.27083673469,2175.22277346939,2220.11629387755,2743.77217857143,2285.26242142857,2172.83632857143,1962.85824693878,2092.74111734694,1990.28998877551,3059.03552040816,2755.05415816327,2032.38736938776,2356.05416938776,2341.40543265306,1882.83419897959,1935.76277857143,2140.52848061224,2266.83008265306,2971.72566122449,1458.75550816327,2352.94712142857,1961.0623622449,2723.10652142857,2443.34607142857,2214.51800918367,2156.47260510204,2459.23563571429,2494.50024693878,2073.96309489796,2199.67582653061,2285.31643367347,2356.21486836735,2308.63195918367,2669.30234387755,1947.58255918367,2098.08045,2473.14432040816,2527.2786877551,2996.56035510204,2347.23135295918,2295.78373979592,1829.31911428571,1721.00279693878,2488.63038367347,2924.85467653061,2538.89593367347,2204.30559489796,2228.55906734694,2451.29641836735,2834.22729489796,2470.09837244898,2058.73608265306,2158.5901755102,2576.49575612245,2302.84098367347,2474.34029591837,2181.54824387755,2379.81584795918,2317.6721255102,2293.13592346939,1608.87689387755,2031.68649387755,2197.29903061225,2355.99873061225,2329.11443061225,2043.11977653061,1978.72140204082,2616.47452755102,2360.13476530612,2121.66122653061,2310.34361428571,2308.35479081633,3226.14302755102,2155.68233163265,2039.78675510204,2469.0448622449,2040.61731122449,2577.86039520408,2093.55221122449,1966.21749285714,1996.61277653061,1693.83336938776,2791.54178469388,2931.37922040816,2369.50702204082,2013.74233265306,1969.71123877551,2159.22522653061,1899.86952755102,2293.9857755102,2073.56101428571,2066.4415877551,2416.69742959184,2105.93834489796,2441.93567755102,2630.79587142857,2665.81197244898,2277.77311938776,2785.60972959184,2393.38209489796,2661.80113979592,2100.89572959184,2678.54021428571,2519.09097346939,2642.53738673469,1999.00669795918,2126.74512755102,2553.3725622449,1994.38146122449,2119.23312244898,2158.59670510204,1952.1045377551,2119.0737377551,2177.62359081633,2312.43650102041,2376.63018979592,2697.18280918367,2083.73324795918,2134.7347755102,1943.30417244898,2168.48473469388,2671.74193673469,1885.88651734694,2013.52150408163,2596.84664795918,2027.22333367347,2174.46353265306,2381.67516530612,2337.58922244898,2393.96479897959,2204.60858877551,2330.59531530612,2125.30827040816,2311.25565816327,2439.34487244898,1944.43779183673,2671.91381836735,2225.28488061225,1626.38745102041,2675.95668367347,2493.79066020408,2139.4422205102,2213.4708255102,2242.00920918367,2054.86896836735,1700.63873979592,1545.81309591837,2275.7087244898,2434.03535918367,2643.10935204082,2437.4811622449,1801.90234871429,1973.98193061224,2180.86373061225,2340.34330306123,2532.93335918367,2091.50867653061,2106.28094081633,2210.82774795918,1856.42903265306,2246.34912959184,2079.90638673469,2382.39796734694,2180.58632244898,1941.09587346939,1891.40731326531,2010.80206326531,2104.29330714286,2584.79626122449,2397.80908877551,2516.5432244898,2743.8701,2475.11565714286,2382.42509795918,2289.09260612245,2653.19524897959,2879.8485,2749.26165306122,2122.96356826531,2675.32852244898,2686.51671326531,1922.56450204082,2620.35022244898,2247.22755306123,2371.12218673469,2330.00605102041,2179.77184183673,1848.13719795918,2113.24355510204,2082.6562244898,2188.5393744898,2339.9146622449,2967.40225408163,1746.44021020408,2445.46482040816,2808.81972755102,1884.53709897959,2373.58255714286,2468.86956734694,2225.40666326531,1887.14831938776,2102.32053265306,2496.35973367347,2249.58211836735,2202.18321938775,2018.48520918367,1994.64384897959,2837.12368061225,2332.28535918367,2364.34390102041,2509.77676112245,2770.44716785714,2195.88753571429,2478.32861428571,2428.35887346939,2235.64288367347,1789.5266377551,2409.78858571429,2482.53826938776,2402.11584183673,2281.24042959184,1869.85590102041,2331.39918571429,1962.07918469388,2363.44482040816,2999.55797755102,2386.61608163265,2249.84591122449,2384.53230408163,2198.44088571429,2151.51532653061,1976.43548469388,2229.23008877551,2529.4959255102,3098.60669489796,2253.05415102041,2575.63206938776,1765.36828326531,2125.82449897959,2076.0099377551,3087.09007346939,2104.66722346939,2362.9031755102,2350.01332346939,2320.86312244898,1962.04822346939,2500.08098061224,1922.86384897959,3136.54005,2604.06566020408,2582.32750714286,2601.10153877551,2505.43332897959,2201.95880816327,1965.72324387755,2895.81970408163,2001.81190510204,2007.89095510204,2768.71412857143,2193.8982,2163.81317959184,2274.82317653061,1957.6287622449,2451.22933979592,1903.49743673469,2944.52812959184,2299.14922755102,2585.7237622449,2732.35009489796,2319.30013469388,2159.49555306122,2097.02051326531,2256.25156530612,2476.57305306122,1877.16107346939,2240.94907959184,2624.67033061225,2809.28215510204,2873.03242142857,2464.53806428571,2363.52017959184,2122.68251734694,2386.50916887755,2538.53350714286,2273.24240102041,2159.72657244898,2144.89004081633,2162.51037244898,2262.73740326531,2099.27173234694,2827.00638367347,2119.77494387755,2043.36875816327,2233.93731836735,2483.06355408163,1788.68755102041,2373.52735918367,2404.71710408163,1882.23534897959,2878.13904591837,2132.23617346939,2972.31462959184,2390.47256836735,2436.24047755102,2586.34658367347,2057.74866734694,2389.11340612245,2375.86501122449,2078.12093367347,2379.00779387755,2259.81922244898,2411.89931836735,2003.27226734694,2396.21109693878,2426.68530102041,2409.73678877551,2260.25776020408,2568.38070714286,2223.56681122449,2528.36930816327,2475.65739459184,2175.63556020408,2346.53211428571,3032.38088163265,2776.94572346939,2406.87821938776,1691.88969387755,2366.21383061225,2176.62038469388,2330.91425816327,2025.57618877551,2211.63019081633,1990.24625612245,2160.73267040816,1546.15465204082,2502.10226836735,2028.53558469388,2482.47625102041,2312.41175204082,2150.39544632653,2042.57109081633,2631.54371938776,2318.63959489796,2425.07066734694,2243.85906530612,1905.85806836735,2334.33859591837,2151.80709591837,2220.22436020408,1858.45580714286,2291.91078163265,2433.11162959184,2824.95419897959,2084.09087857143,2471.17042244898,2570.7953244898,2008.20283367347,2813.77391326531,2733.54291428572,2531.42584693878,2684.8559377551,1933.29647959184,2139.91362346939,2039.60081428571,2080.46377959184,2019.71547244898,1491.97641122449,2162.69087244898,2101.16235714286,3638.31890204082,2074.34142653061,2243.7023755102,2501.96506632653,2090.91180918367,2299.43125265306,2211.89948979592,2138.22429591837,2577.27801173469,2213.77940673469,2601.11384591837,2432.15314183673,2569.67648571429,1970.07004591837,2444.75532755102,2264.97924387755,1968.29972081633,2563.75321632653,2737.30373979592,2132.56135204082,2339.53589387755,2510.58287959184,2460.81089285714,2333.96056326531,2174.46062244898,2023.27418571429,2366.44923979592,2571.77985510204,2439.74164081633,2124.0378,2252.7200255102,2481.69941428571,2093.25526428571,1844.53591938776,2128.3154122449,2384.00853265306,2408.77882653061,1942.9152377551,2283.29564693878,2224.87882040816,2485.1151872449,2170.67420918367,1995.00833367347,2128.57047244898,1849.22408571429,2071.39338469388,2111.16956632653,3202.32793367347,2482.56035306122,2492.04920918367,2067.46868061224,2481.19660714286,2440.94421326531,2399.27789183673,1780.90694795918,2020.26488265306,2614.80039795918,2464.57602142857,2314.6167,1981.46299081633,2401.18535102041,2324.39045,2066.19260408163,2500.64794081633,2399.05978265306,2450.51674285714,2486.48182346939,1919.29257959184,2312.45829285714,1785.39054489796,2212.89895306122,2571.56822244898,2416.46560816327,1907.49622653061,1699.49901938776,1853.91997346939,2439.72653877551,2482.93361734694,1774.19733877551,2197.25512959184,2295.02947040816,2402.14714693878,1912.51483877551,2398.60223061224,2180.74028673469,2669.27698367347,2411.55850408163,2043.53964489796,2706.37923469388,2529.69346836735,2282.03291938776,1620.66568265306,2357.84009183674,2111.92401938775,3171.04445816327,2139.78917653061,2388.56289693878,1837.83556632653,2426.26940612245,2176.50407346939,1856.07572142857,2128.29355612245,2211.85250714286,2509.99946632653,2195.5142377551,2260.22348367347,2026.96340612245,2238.18986428571,2470.28785918367,2281.97478877551,2208.94754387755,1656.96689387755,1967.94885612245,1946.36192244898,1997.80564795918,2382.8340755102,2587.94258265306,2612.68193061225,2504.97191734694,2624.04085306122,2419.51025102041,2248.00108663265,2286.74829489796,2305.95956836735,2157.62827755102,2319.61706938776,2313.99401836735,2071.42195816327,2292.13243061225,2001.50309387755,2853.18575612245,2348.60076836735,1627.26883367347,2646.78965306123,2789.18966938775,1946.52028163265,2455.41326122449,1882.35893469388,2235.33227653061,2241.13262959184,2341.2687,2333.24409693878,1515.18110510204,2336.70723673469,2646.54411734694,1865.93649387755,2740.75875408163,2124.59410612245,2389.28746122449,2222.90687142857,2377.89990714286,2080.19009897959,2190.98401326531,2468.87284795918,2331.49759081633,2348.61010918367,1885.12631530612,2478.49821734694,1823.08966020408,2117.40702959184,2109.17387040816,2318.21462040816,1870.49132346939,1346.93116530612,1762.90110897959,1843.23413744898,2086.55154204082,2431.0162727551,2195.90125,2383.04800918367,1868.81304081633,2390.15895816327,2224.84838367347,2313.56363163265,2103.22797857143,2353.90015918367,2770.61523602041,2050.24202755102,2110.05984591837,2437.02855081633,2077.9554877551,1622.06055306122,2534.77976632653,2513.57745918367,2299.67303367347,2338.88849387755,2207.25796428571,2444.94352357143,2112.89787244898,2204.37756530612,2240.03533469388,1979.32843265306,2303.90851122449,2329.39386020408,2471.02893469388,2240.99737653061,2241.1683744898,2472.06247959184,2280.82351632653,2081.72155918367,2026.71855214286,1747.45828469388,2129.80185306122,2210.73933163265,1943.42412040816,2497.5383755102,2595.99532040816,2373.42939897959,2057.95529591837,2582.98363367347,2336.68573265306,2803.08235306123,2557.22805163265,3054.42081428571,2371.83940408163,2070.29175306122,2705.83328571429,2704.99771020408,2627.33856632653,2717.41902653061,2893.59792142857,1901.90701428571,2311.09673163265,2449.53533979592,1813.46061326531,2307.47304693878,2419.24884183673,2114.77753163265,1953.21976734694,2509.33651734694,2766.82340510204,2152.2967377551,2469.2569255102,2584.62847040816,1687.22021632653,2378.32298571429,2347.77805714286,2549.28311836735,2285.82933265306,1825.46330612245,1943.79183163265,2118.16229591837,1098.79007959184,2504.78843877551,2201.61319387755,2302.61032346939,2067.02518571429,2087.70398367347,2802.65516428571,2178.25252040816,1967.12374897959,2512.08069591837,2718.13381632653,1734.97723979592,1917.72563979592,1757.19570510204,2045.13652755102,1664.8844255102,2206.23765102041,2376.35309489796,2411.44564081633,2092.74318979592,2326.93830102041,1733.19932346939,2154.28669387755,2453.03230816327,2606.44981428571,1904.13026836735,2740.16429285714,2228.67879897959,2188.56912857143,2250.78577959184,2269.69974387755,1857.94086387755,2172.41156122449,2195.36826530612,1670.03895408163,1938.63588571429,2879.2805755102,1942.58414387755,1930.26700204082,2074.07294795918,2808.21849489796,2135.30387244898,3018.31101428571,2736.47014081633,2572.31896255102,2417.0573122449,2234.69339387755,2433.547375,2636.2329622449,3067.5952744898,2495.50610306123,1971.81815408163,1927.33879591837,2247.19453979592,2074.96894285714,1797.73782244898,2089.7215622449,1712.80648163265,1938.1356377551,2227.42806428571,2779.72937142857,1650.06470642857,2161.11053265306,2539.19166020408,2297.58488979592,2034.58800918367,2269.13757244898,2216.74677653061,2155.48104489796,2121.00622153061,1925.58447040816,2390.72668673469,2437.82776734694,2373.33245,1949.22855714286,2245.88398061225,2053.6893377551,2486.71475612245,2045.3348122449,2670.62519591837,2149.22954285714,2758.61935918367,1773.53945,2287.00349285714,2190.60605,2130.43115816327,2276.30654591837,2179.21428367347,2643.37313571429,2354.33567346939,2373.8024755102,2212.95064285714,2019.60993061225,2477.25255612245,2121.82630102041,1960.89349520408,2080.04955816326,2192.0806622449,2196.95437142857,2572.72052244898,2351.89352653061,1807.22465816327,2073.18286122449,2404.06789438776,2656.04549693878,1973.93315612245,2698.36719183673,2137.35047959184,2282.11733979592,2075.99179795918,1995.88339795918,2236.02970918367,2611.97503877551,2431.10115408163,2540.94431632653,2578.68649285714,2007.44285204082,2558.79433061225,2484.09682244898,1950.9871255102,2449.71200102041,1946.46473163265,2164.58197040816,2064.57037959184,2114.41485510204,2709.82199387755,2488.59420204082,3281.99963367347,2437.69103979592,2339.01539489796,2686.77055306122,1865.84303571429,2087.1317877551,1936.86071632653,2249.66644183673,1861.55302040816,2070.49417142857,1629.29237346939,2272.58209795918,2190.35961326531,1824.40822755102,2492.89709387755,1916.38425612245,1870.52890612245,2948.73264591837,2824.85679489796,2689.11181020408,2493.99748265306,2128.57363704082,1558.38142653061,1809.52221836735,1828.15387040816,2298.91884285714,2225.09133265306,2931.12035,2823.37900612245,2736.86161530612,2454.87514285714,1977.57170408163,2665.75340306123,2386.74995714286,1994.90022959184,2211.99203673469,2091.16776530612,2522.72731530612,2510.94818061224,2048.46819795918,2613.4353244898,2450.88906938776,2110.45177244898,2057.50491326531,3300.62826428571,2650.89652040816,2532.03401326531,2414.07417653061,2059.53793673469,2439.70378469388,1960.30830918367,2200.19275102041,2323.25227653061,2057.40767040816,1866.30384387755,2597.15033979592,1903.73725816327,2492.74824489796,2717.31898673469,2615.59063265306,2383.70863367347,2208.29191122449,2222.15686938776,2114.82012959184,2151.01750602041,2328.48455306123,2871.45652959184,2404.00513979592,2030.88480408163,2296.40029693878,2243.95485408163,1987.2102244898,2385.91719183673,2633.81233571429,2233.23874489796,2391.80371734694,2104.51048571429,2835.20496938776,2436.50540204082,1888.78956938776,2702.87435204082,2314.51417755102,2495.28595102041,2125.84735306122,1857.15366530612,2479.57826326531,2225.74792244898,1870.15188673469,2072.31807346939,1862.83184795918,2162.6216744898,1862.21158163265,2597.12564591837,2277.35327959184,1553.32835408163,2802.88834795918,2194.63438877551,1490.31315510204,2820.54495408163,2631.35547755102,2704.50336734694,2647.4178877551,2224.97905612245,1798.49360714286,2479.89152244898,2419.73699795918,2522.70205204082,2230.27336632653,1880.57901734694,2277.22195204082,2087.48765510204,1726.66251632653,2086.90144897959,2109.5297,2219.32295714286,2325.61068673469,2245.73020306122,1856.22571326531,1741.5777377551,2024.52261530612,1848.09931836735,2265.37501836735,2331.34190204082,2198.33529489796,2456.99924285714,2255.55399489796,2245.37726326531,2221.88005102041,2768.95569591837,2176.14880816327,1695.89291122449,1693.31273265306,2376.09390306122,2190.39327142857,2460.73689387755,2228.38633244898,1958.59952959184,2339.45971428571,3330.22939081633,2350.2892255102,2356.38702857143,2505.71415510204,2332.01609387755,2260.02246020408,2096.80931428572,2537.34891010204,1854.84814693878,2300.69544387755,2264.95543469388,1813.88295816327,2560.28446326531,3659.72891938776,1786.6230122449,2709.06602653061,2491.75851632653,2414.45309183673,2821.40647653061,2324.93822755102,2243.7555122449,2675.48308265306,2554.91095408163,2118.32377653061,2617.0850622449,1926.12934795918,2582.7111122449,2632.59115918367,2233.08014285714,2120.70229285714,2276.81765102041,1825.39936020408,1753.64404795918,2332.28901020408,1833.17671632653,2235.56915102041,1896.17515510204,2781.53972755102,2086.47879183673,1971.41528979592,2142.44814285714,2696.92049489796,1955.89284285714,2631.79873469388,2183.03748061225,2870.30755816327,1886.01282418367,2438.26083469388,2050.55105510204,2361.52839897959,2091.83853469388,2461.71107244898,2025.83158571429,2245.21953163265,2362.94683979592,1927.76036428571,2261.43450612245,2138.85314183673,2198.84340918367,2160.36557142857,2566.28982857143,2681.62205293878,1754.0586755102,2278.97874867347,2725.80682959184,2490.85971428571,2021.54651836735,1919.05893571429,2228.27357959184,3120.31110306122,2372.54544795918,2462.53835612245,2149.61069897959,2313.16762244898,2330.91341836735,2331.54817653061,1553.11831428571,2214.02260714286,2169.67829183673,2171.44088979592,2050.4100244898,2437.39899489796,1835.13659387755,2501.44479897959,2506.49793673469,2257.01321734694,1920.3215877551,1638.99552857143,2579.5951377551,2340.12654591837,2575.96548673469,2308.79335102041,1915.1740122449,2329.90515204082,2214.95946428571,1971.85823979592,1506.80365204082,2044.67087346939,2472.37427857143,2633.95418265306,2472.58460612245,1554.16053571429,2149.95551734694,1948.1441622449,2465.80397857143,2623.51484489796,2031.82494081633,2096.83217755102,2368.80120816327,1999.16547244898,2213.83374897959,2563.49269183674,2527.98698979592,2238.73122040816,2631.44226938776,1763.41369795918,2450.1928877551,2926.99219285714,2565.05693163265,2482.29577346939,1811.34434183673,1587.11015408163,2544.5631622449,2552.12875306123,2139.06436020408,2064.74765612245,2456.17249693878,2457.8501622449,2328.12664561224,3434.21863265306,2966.59769285714,2105.29239693878,2423.71725612245,3240.45875816327,2414.79726020408,1892.54825816327,2073.69929693878,2070.55752346939,1847.00738265306,2354.36166632653,1928.74436020408,2325.80777346939,2042.5597255102,2140.14589081633,2101.44313061224,2283.64235510204,1749.30894897959,2289.16496734694,2542.46707857143,2266.64159081633,2568.3843622449,2051.19653979592,2366.54353877551,2097.8152255102,2047.70090612245,2217.94630816327,1902.68152653061,2344.62069591837,2328.6381622449,2349.51944795918,2458.77069489796,2279.19524693878,2497.02916836735,2257.74249489796,2180.56596428571,2298.16357959184,2071.9716122449,2088.32888979592,2246.94504081633,1741.64668571429,2437.86253163265,1646.86582755102,2079.80918877551,2279.04003673469,2243.10838265306,2203.71988367347,2311.24545102041,2383.25619693878,2569.51163877551,2282.81970510204,2875.91855408163,2080.41425,2238.48874897959,1504.2131877551,2694.17162857143,2109.44834897959,2109.27168061224,1967.03217346939,2095.16560918367,2251.97368877551,2040.64842857143,2364.19562755102,1797.70958571429,2396.6007622449,2395.86790408163,2095.47068367347,2192.17545,2635.40943673469,2308.98083877551,1737.70020612245,2181.25420102041,2329.97920102041,2204.19647857143,2333.38381734694,2693.1437122449,2652.4867744898,2630.22048061224,2156.22471428571,1967.24931734694,2433.64375714286,1970.77342346939,2297.27310918367,2197.94796061224,2025.74456428571,2746.83468795918,2515.28849677551,2214.50828469388,1901.68125918367,2013.55164081633,2401.39067244898,2434.57676428571,2718.24276122449,2300.6166255102,2093.22243367347,2361.87274591837,1928.07746632653,2130.90261530612,2408.78773571429,2649.39333469388,2783.01718571429,2232.55513061224,2090.84723673469,2960.89891632653,2958.84597959184,2164.85784285714,1661.43745306122,2245.50962142857,2081.64975102041,2029.28722959184,1836.7476377551,2282.98046122449,1963.63164489796,1570.29455204082,2726.69300204082,2308.4420255102,2035.06001326531,2582.45586530612,2506.4309377551,2349.28173979592,2522.30101326531,1980.40582244898,2299.17342142857,2447.94074591837,2772.09059387755,2969.70383265306,1996.35814938776,2037.47945857143,2325.50106530612,2091.2925622449,2220.6088744898,2547.98948061225,2325.83635204082,2156.23117142857,2382.04459081633,1974.25535102041,1941.0435605102,1925.71798265306,1736.54775714286,1626.49180510204,2332.90932244898,1781.34502755102,2268.63355816327,1638.53778673469,2302.27482142857,2335.81470816327,2493.48416428571,2563.5915622449,2185.30463265306,2872.59567755102,1895.63894285714,1787.86688612245,2183.20282040816,2350.38439795918,1562.99176836735,1971.47323877551,2311.94876020408,1747.96167142857,2611.39325612245,3085.64395102041,1936.77220408163,2036.01856020408,2200.99832040816,2764.13703979592,2246.46610102041,1545.7860244898,2265.82438979592,2277.59893469388,2061.00275306122,2003.19726428571,2368.69411530612,2565.19601632653,2927.92765918367,2260.63798061225,2522.88021734694,2196.61691938775,2493.19249183673,2201.91621020408,2089.24725102041,2282.20298061225,2067.65472857143,2221.53304693878,1827.26949693878,2083.78180714286,2334.33829591837,2192.94257142857,2020.90422142857,2317.59477244898,2074.02978061225,1656.34428979592,2751.29014591837,2485.13665510204,2094.50986530612,2583.6354255102,2692.14125306122,1651.21737244898,2548.98757142857,2307.78219387755,1901.99998979592,2544.11701428571,2354.09037142857,2442.53560612245,2970.99612040816,1842.81989255102,2623.10575510204,2939.90201020408,2422.49178367347,1950.5034622449,2182.93098061225,2455.1174755102,2312.1304755102,2141.7347072449,1616.89548061225,2093.37590408163,2354.97928163265,2374.24185102041,2211.54157755102,2090.70911428571,2542.90293265306,2007.32571632653,1980.60880204082,2580.26920204082,2320.04437040816,2559.67647959184,2575.18273571429,2883.01628673469,2911.72660408163,2521.73636020408,2141.80844489796,2277.95497959184,2394.63955102041,2518.50801836735,1925.31853571429,2097.96092755102,2215.96333367347,2087.0862,2111.36785306122,1959.53011836735,2127.59863469388,2246.12525102041,2320.69729897959,2514.13853979592,2438.3219244898,1678.45929897959,2317.98271020408,2135.61647244898,2320.43622244898,2392.3315255102,1928.39321326531,1985.02966530612,2190.40112959184,1968.77327520408,1989.03575612245,2152.74649795918,2194.83606020408,1761.24473265306,2323.02693061225,2144.21416836735,1951.14028673469,2755.74396734694,2329.11830306122,2197.04249897959,1986.17570510204,2468.54565816327,2532.48578469388,2371.75209897959,2415.19952755102,2176.75161428571,1829.98564693878,2119.21418163265,1981.1577877551,1989.53032040816,2315.06732346939,2259.95392489796,2599.9086255102,2322.60880816327,2287.58630306122,2090.36087346939,2648.32403061225,2526.42678163265,2310.99272653061,2144.37753367347,2581.19275714286,2810.66953469388,2197.10424489796,2376.94388877551,2217.70946561225,1735.69446734694,2493.3844377551,1707.6081,2362.71061326531,2243.53179591837,2169.42408469388,2213.84103193878,1832.58340714286,1955.06263877551,1840.29353979592,2726.31161326531,2051.50545306122,2010.11331734694,2080.97439387755,2059.73778979592,2816.98840816327,2380.76600306122,3333.89154591837,2114.13853571429,2545.54715510204,2395.74940408163,1801.77665204082,2482.60190816326,2329.12698367347,2290.94929183674,3125.99660612245,2516.46272040816,2236.67206122449,2529.3830755102,2570.80449897959,2015.7166,2053.16753469388,2450.45150612245,3144.54324591837,2540.15972040816,1716.21107755102,2461.11594081633,2171.12980306122,2680.77239285714,1948.81078367347,2178.41529795918,2877.07579489796,2089.72213163265,2076.75564897959,2126.59521428571,2272.38144285714,1421.81988571429,2669.0946255102,2044.00189489796,1539.58007346939,2228.96418265306,2297.62833061224,2652.27184693878,2759.4762622449,1614.3074622449,2100.87671836735,2100.40699438776,2183.48464591837,2484.17585887755,2505.81889591837,2364.94244285714,2161.26185714286,2311.53381938776,2162.02102040816,2372.77895918367,2312.65932142857,2680.27315612245,2583.53025918367,2375.25156734694,2257.41071938776,1910.45488265306,2052.71980204082,3070.23647285714,2647.29821428571,2090.88002346939,2676.86129591837,2123.39855510204,2101.56789887755,2344.75648367347,2048.59728571429,2342.06715510204,1569.6202877551,2314.38258877551,2474.15129795918,2634.31646530612,2715.29432857143,2603.17304285714,2388.03033673469,2906.04001122449,1427.91950408163,3047.78978367347,2362.76350408163,2575.93134285714,2276.58155204082,2427.52704795918,2191.38673673469,1933.21590204082,2089.60119693878,2795.26260306123,2110.24551530612,2804.74002346939,2345.11857653061,2404.07050918367,2168.74250306122,2239.96193061224,2455.52049387755,2388.69032755102,2225.26714489796,2272.52695102041,2431.67053469388,2836.80139489796,1800.69351938776,2568.97315306122,1927.73445204082,1814.6039,2237.1183244898,1917.14076530612,2626.54114591837,2189.33139336735,2140.45756683673,2345.73294897959,1795.26975102041,1592.85397346939,2267.13683877551,2476.96865510204,2577.13182244898,2244.42465612245,1912.51684897959,2263.0402122449,2225.47224489796,1938.18855408163,1954.46647142857,2022.07677959184,1889.35637346939,2397.41944489796,2680.77008061225,2514.09021428571,2644.78075714286,2377.53186831633,2930.68214489796,2080.03213061225,2341.53499489796,2283.25049897959,2197.66479897959,2348.81201122449,2387.48910306122,2405.96915510204,2560.32028571429,1828.71915306122,1326.99265403061,1770.2202877551,2899.99626836735,2308.61760816327,2353.13937142857,2308.2000244898,2198.76546938776,2008.47014183673,2395.72157346939,2068.63617857143,1946.54323367347,2167.58225612245,2210.07205408163,2637.06625816327,2471.61759795918,2433.49652346939,2276.50826632653,2471.68970204082,2138.32571734694,2479.77365714286,2417.38734285714,1973.3522744898,1928.90713061224,2572.57441020408,1882.27418163265,2373.82339602041,3311.93585816327,2846.8776255102,2190.63968061224,2218.95426632653,2451.87238673469,2373.73491530612,2100.91045510204,2645.40300714286,2500.80750510204,2489.74540102041,2693.97836122449,2813.88330612245,2741.19259183674,2628.26501530612,2072.15803163265,2072.16160408163,2176.97495918367,2175.26908877551,2138.38475714286,2446.30182244898,2425.96435918367,2166.52301938776,2386.65671020408,2267.32974081633,1906.13869489796,2189.7454377551,1683.0268744898,2131.08649387755,2135.86437244898,2219.08236326531,2200.42899897959,2332.19001428571,2639.4925,2268.37616836735,2334.87001836735,1851.82060612245,2606.55924591837,2426.21302755102,2054.73668877551,2775.21806428571,2028.48770306122,2305.05844795918,2536.39648979592,2599.40968367347,3179.87960102041,2467.9419622449,2265.93256938775,1681.72942857143,2330.57595408163,2241.27580612245,2253.46451428571,2119.25152142857,2084.56598469388,1947.9440244898,1903.61824081633,2053.10711326531,2267.51113469388,3069.49601020408,2733.5650377551,2646.25444183673,2442.63764489796,2246.54459795918,2150.2764377551,2230.35932959184,3123.54621326531,2665.26123061225,2159.78290510204,2146.05642857143,2199.0285877551,2025.43477653061,2455.42249897959,2166.75064285714,2276.89865408163,2688.45665510204,2495.06099081633,2962.57984285714,2663.71046734694,2708.32868877551,1743.56783979592,2150.2178755102,1952.31367142857,1833.48107040816,1917.29522244898,2218.9808622449,1898.47636530612,2117.14360306122,3088.92159081633,2442.27523163265,2211.03386020408,1973.05182959184,2180.73364387755,2028.76891734694,2391.75156836735,2292.61006938776,1904.44106530612,2326.10306326531,2244.32911326531,2609.80466734694,2333.90066020408,2590.23624591837,2320.81466857143,2093.25640306122,1788.91634489796,2309.33667244898,2288.73386428571,1829.44788061225,2399.35842040816,2236.93210071429,2528.12873979592,2062.39103591837,2396.60205918367,2817.54664285714,2611.54793367347,2273.88731326531,2345.09970612245,2980.75252142857,2672.40543469388,2595.92114489796,2297.46192959184,2853.56956326531,2346.24513877551,1599.46604028571,2085.30455816327,2112.30383877551,2661.00670408163,1967.71129081633,2129.99938163265,2299.50697040816,2450.24716326531,1852.79159693878,2161.17492755102,2267.46532653061,1605.72661836735,2443.50532653061,2285.91088163265,2604.9995377551,2040.65045714286,2213.77394693878,2349.69767142857,2346.86415102041,1883.21696632653,1891.36925408163,2585.19185306122,2369.90518265306,2531.3909377551,1690.88372959184,2244.44083979592,2103.90576326531,2250.52653571429,2497.86474081633,2072.08432244898,2044.8123877551,2693.49354285714,2754.4741255102,2347.18388061224,1598.44621326531,2223.1597755102,2266.76057959184,2040.83950204082,1987.93381122449,2078.56602346939,2538.92235204082,2185.21592857143,1719.66177030612,2126.99973571429,1949.07075816327,2394.65170102041,1528.85398112245,2635.18114183673,2664.97464693878,2176.02664795918,2223.2332622449,2416.56703061225,2328.79051836735,2121.73849489796,2322.36210714286,1999.95266734694,2487.68386632653,1999.4012744898,2332.58814897959,2166.46517959184,2100.89246632653,1613.19551938776,2074.51712040816,2148.38731020408,1796.21156428571,2638.75108061225,2079.2773122449,2128.40789591837,1854.23546326531,1684.71541632653,2182.62542969388,2204.77846734694,2371.40036938776,2364.89380918367,2385.0063255102,2347.38406530612,2106.02393530612,1712.73806938776,2137.94370102041,1697.10954693878,2163.3362377551,2504.90271122449,1903.55368367347,2313.52658469388,2699.29118061225,2441.38630816327,2015.46511734694,2337.00183979592,1967.57926020408,2294.71817755102,2402.83241428571,1915.71728020408,1619.21537653061,2621.08005510204,3135.79699591837,2073.18073367347,2042.90687040816,2239.75699530612,3738.97696836735,2781.97676530612,2142.70389897959,2097.26802857143,2144.70810204082,2381.89008571429,2219.23335204082,2919.2638255102,2277.61835714286,2101.0693622449,2379.18115408163,2362.92991326531,2517.19813571429,2264.32012653061,2418.23199489796,2384.11487346939,2921.67891734694,2485.51952653061,2981.68190714286,2246.49716459184,2232.45741632653,2068.69600306122,2807.27022346939,1425.33147755102,2044.72149693878,2277.95193265306,1834.87232040816,1932.58826428571,1919.02864081633,2163.82993469388,1938.1799377551,1976.45009897959,2503.82961428571,2992.77780408163,1928.28828061224,1843.99970204082,2057.04369489796,1948.40182653061,1942.72727040816,1961.58606836735,2291.47945918367,2278.02333061224,2502.61596020408,2461.21850918367,2464.93022887755,2361.87820387755,2254.09737040816,2346.19223265306,2623.12826826531,2975.89291122449,1896.14113540816,2110.2216,1895.45425918367,1821.65163163265,1929.72864897959,2161.13948877551,1749.30785918367,2132.30461632653,2292.17854693878,2224.51815714286,1863.10940204082,2350.40949693878,2380.99995408163,2374.24146122449,2178.69161428571,2043.62347959184,1547.2324,2029.70858836735,1749.40975367347,1809.10637438775,2012.89844581633,2241.57294755102,2245.33666826531,2164.26163071429,3137.04737857143,1979.96578387755,2515.78802244898,2379.37357653061,2362.91670102041,2079.47715204082,2169.20791734694,2501.32729897959,2064.84747346939,2529.26440306122,2353.24954183673,1638.03014387755,2838.01636530612,2121.31188163265,2225.15821020408,2157.59351020408,1943.90581122449,2383.00730510204,2851.67800612245,2475.00285918367,2300.1537755102,2628.03906326531,1661.45910714286,2893.62748673469,2249.16067653061,2831.67308877551,2230.41715714286,1975.62266326531,2244.00032755102,2468.33830918367,1739.26373530612,2011.32594387755,1828.48781683673,2392.77485510204,1542.28027346939,2638.07742346939,2305.6816255102,2107.05132346939,2179.0004,2088.7313405102,2250.94227244898,2091.76774081633,2249.40422755102,2024.63083673469,2675.82983367347,2407.44566969388,2625.87084897959,2946.66700306123,2436.88459693878,2511.59837244898,2487.1187255102,2139.16823571429,2327.33549489796,1827.84335408163,2145.1916244898,2224.73313469388,2179.92613265306,2217.14389489796,2271.48262959184,2521.80900714286,1937.88129081633,2363.86673163265,1644.2587122449,2618.75580510204,2582.13591326531,2055.27957244898,2086.46600479592,2317.12098979592,2179.43342142857,2959.7146877551,1015.41345918367,2574.05099081633,1915.02166938776,2211.97953673469,1897.96649102041,2622.23333877551,2297.05454489796,1757.08114387755,1567.34169795918,2112.84580816327,2188.46202755102,2249.31698367347,2315.16389285714,1803.66189591837,2052.68078367347,2233.75374897959,2350.82975306122,1851.61792142857,2358.46846020408,2467.64359693878,2288.05572040816,1938.45132346939,2102.52970408163,1920.18325612245,2023.19074693878,2095.29083469388,2221.77024387755,2088.60328469388,3146.17493469388,1973.82447244898,2338.28556020408,2126.2671877551,2715.18031734694,2374.63909183673,2716.69756326531,2240.50979591837,2862.69331836735,2339.2322255102,2145.5225,1896.12414183673,2519.64605714286,1973.77817346939,2155.66735204082,2364.96058673469,1981.21346530612,2101.18941734694,2053.71937010204,2459.87928061224,1723.16550612245,2000.80384183674,2361.75053571429,2249.72049081633,2319.94519897959,1806.71718030612,2475.96136938775,2020.70672142857,2701.00729897959,1971.61927653061,2356.21476938776,3118.61170612245,2095.43908969388,1983.5427744898,2080.98819183673,2076.82061122449,2283.84519081633,2062.44088571429,3184.23222714286,2541.66707346939,2291.21568540816,2420.69756091837,2325.84818673469,2051.83053061225,2340.9194122449,2381.16808877551,2306.38955612245,2328.88066734694,2019.33877040816,2959.87736632653,2168.45692346939,2507.95327244898,2831.86128265306,1976.6351244898,2060.02735204082,2334.44481530612,2787.53679183673,2324.62846020408,2587.0043622449,2651.45727653061,2364.56653673469,2034.77864693878,2579.48235408163,1989.07253163265,2323.51414836735,2498.51205306122,2154.4653255102,2047.27159591837,2402.58837142857,2553.99870918367,1979.12385510204,2238.6972255102,1923.96609081633,2404.36136397959,2560.47783163265,3007.69426938776,1954.14498469388,2111.32431836735,2740.40714387755,2237.51682959184,2344.90643367347,2037.0355255102,2122.65145612245,1864.27800816327,2060.24167959184,2106.04526428571,2651.76988673469,2035.14839183673,2567.52577346939,2262.26257244898,2391.40905816327,2201.09824795918,2037.7121877551,2132.71365,2251.04016122449,1716.62034897959,2028.16883571429,2068.02982346939,2183.18597959184,2486.78523265306,2065.58356938776,2455.5163377551,2292.3874377551,2502.02387142857,1863.88967755102,2786.03902959184,1867.91805510204,2146.96870306122,2252.38206836735,2496.77998877551,3238.74382755102,1947.45723163265,3028.32698469388,2203.43847346939,2189.67501938776,2358.81547346939,2253.42821734694,2501.29337346939,2061.28968163265,1765.06658367347,1914.66007142857,1988.10005142857,2551.36522755102,1997.41237346939,1907.26454081633,2099.32274081633,2208.34066734694,3117.64371632653,2198.74614387755,2543.44535714286,2774.47749183673,2657.57606020408,2249.17056836735,2845.57654387755,2157.10525408163,2215.04065306122,2070.00515918367,3376.04835102041,1903.28322244898,2026.15913571429,2320.08644489796,2171.97251326531,2411.58112959184,2213.2015,2724.68559591837,2528.61409795918,2791.39417653061,2034.21010204082,2201.3762755102,2180.88961530612,2013.61969387755,2218.7766122449,2093.70369693878,2252.81404795918,2283.83711326531,2192.00197040816,2227.02133571429,2214.00252857143,2689.06260306122,2424.16092755102,2206.75429387755,2237.50544183673,2396.02266326531,2060.16720612245,2247.6482244898,2354.16434387755,1898.23516632653,1780.37141785714,2159.18786938776,2364.26890816327,2277.37290102041,1898.27406938776,2172.97874591837,1920.08892346939,2376.32759693878,2276.65280510204,2441.43352857143,1745.68244693878,2204.24174489796,2445.33585510204,2262.84017959184,2892.60161020408,2638.54069795918,2369.49403877551,2389.61947857143,2469.86748367347,1923.44255204082,2667.98037653061,1862.46266020408,2082.48041020408,2411.05427959184,2617.56919387755,2591.47729285714,2459.86394693878,2256.33423061224,2257.78784489796,2397.35388265306,1927.99132653061,2558.89860918367,2356.7982255102,2818.74504693878,2904.43461020408,2340.94996530612,2055.94250204082,2476.92030204082,2171.12796836735,2425.75244387755,2348.01345,2415.61979183674,2614.59829489796,2630.17088979592,2453.19126530612,2781.67973061224,2636.44140816327,2037.16403673469,2190.43549081633,2398.09188979592,2464.90409183674,2474.69088265306,2332.71892653061,2484.21475612245,1737.8484255102,2507.8678755102,1848.12668979592,1876.13738265306,1496.42622653061,2011.49173571429,2089.24136734694,2107.31322346939,2343.33385510204,2281.48416020408,2278.74736530612,2177.76169693878,1814.46105408163,2350.56927244898,2514.78536836735,2546.22797959184,2247.684965,1568.57048571429,1876.1966244898,2104.8867377551,2544.44075408163,2229.95038367347,2179.91505510204,2658.92293265306,2226.72625918367,2546.68035612245,2020.29405408163,1663.55204795918,2690.90361530612,2628.67701326531,2306.66908979592,2221.60909897959,1879.83744489796,2240.22244489796,2049.60696836735,2864.97286632653,2457.09183265306,2532.45431632653,2782.245,2586.27619387755,2082.48881530612,2101.40152142857,2132.21660204082,2260.77035306122,1926.17047142857,2392.36851020408,2553.36886836735,2258.11499693878,2732.20781122449,2685.81078163265,2645.36998061225,1729.0427122449,2230.00153367347,2273.1579,2455.3382,2028.25249081633,2185.91397653061,2483.63265102041,2004.03546530612,2055.8331244898,2342.02710204082,2421.99792142857,2458.72227346939,2381.30565102041,2212.5375622449,2233.95925112245,1994.14465612245,2015.97441326531,1978.2660194898,2231.63959591837,2051.3505255102,2293.0255877551,1874.7825,2967.87026938776,1885.85579081633,2464.2114122449,2494.85436020408,2272.54065816327,1927.46822755102,2554.14669183674,2218.74826428571,2452.62081734694,1909.97342959184,1918.56508061224,2482.90589081633,1936.44168704082,2567.58659183673,2166.9033622449,2651.83577142857,2675.32538367347,2015.61529795918,2090.41085816327,1911.09123571429,2252.50760469388,2793.53015408163,2587.1689255102,2810.42065408163,2221.13994897959,2700.43495918367,2349.74866530612,2199.28933877551,2321.90061938776,1917.01326122449,2470.28043163265,2655.68971836735,2312.18706622449,2205.62542244898,1768.08164183673,2496.5866377551,2406.29920612245,2480.63241938776,1905.43977244898,2286.97230816327,2472.00098571429,2853.69106571429,2466.35141326531,2133.85826428571,2016.52378673469,2357.46211020408,2386.47952346939,2550.93515714286,1643.00800408163,2473.68107040816,2401.53816836735,2742.80609081633,2474.50595306122,2242.26017857143,2471.75911632653,2326.87889408163,2150.9665255102,2028.66941428571,2553.39443367347,2432.51980102041,2859.59781428571,3239.74901122449,2291.27303265306,2393.05786836735,2344.04510510204,2598.08492142857,2384.81049795918,3005.58419897959,2119.9740122449,2065.73080816327,2357.32244387755,2086.88703163265,2585.41587244898,2641.92946734694,2508.00447061225,2176.7154,2345.57411734694,3091.55948367347,3111.85730714286,2102.22199183673,1934.6555622449,2865.27796734694,2451.43355102041,2508.24935816327,1768.69406632653,2560.19880204082,1947.99007755102,1880.54587653061,1569.89975204082,2582.18436020408,2130.58393673469,1942.82047653061,1844.21850816327,2228.04090918367,2063.16177479592,2022.05876836735,2131.08024489796,2357.01461204082,2345.6972,1483.9319377551,2755.77789387755,2270.27887142857,3200.88390204082,2419.62410408163,2310.46479897959,1992.56287142857,2443.11851632653,2400.72521836735,2329.31151632653,2104.82050306122,1949.71142346939,2326.50704693878,2329.73130816326,2384.35982040816,2265.48455306122,2728.4372622449,2748.04493877551,2218.44162857143,2355.12623877551,2332.53793367347,1969.60202959184,2365.38420408163,2640.37167142857,2452.81470714286,2583.26807653061,1818.73242428571,2018.14897244898,1688.28689081633,2042.58556632653,2024.2472622449,2457.10038877551,1900.26651122449,2863.78195510204,2779.01368163265,2359.21001428571,2267.18616020408,2099.14115102041,2307.15105408163,2411.74637755102,2254.24048265306,1677.31195,2213.54926122449,1946.98609897959,2384.16006530612,2013.44288979592,2186.77370816327,2370.91160102041,2466.64046632653,2076.15320306122,2480.94281020408,2251.21798265306,2078.56149795918,1927.65251326531,2170.42589591837,1966.66960408163,2201.11827653061,2758.56930102041,2545.32579897959,2339.94456938776,2311.24932040816,2397.26604387755,2855.29439387755,1950.37669387755,2768.60516428571,1809.27582040816,2121.59321122449,2318.00883979592,2331.54155204082,2744.94810816327,3000.77799795918,2829.37369795918,3268.48317295918,2408.04791857143,2766.61560816327,1707.88081734694,2150.64436836735,2145.51629591837,2077.56248061225,2719.51750816327,2211.95924489796,2573.87393979592,2362.48692040816,1926.88465510204,1906.59443367347,2306.8195377551,2509.99105408163,2168.40979285714,2446.43732653061,2303.40865,3387.50235204082,2392.44449489796,2097.28360306122,2592.61189438776,2299.57240510204,2167.02347346939,2429.9695744898,1537.8844377551,2319.50660714286,2297.2350622449,2456.28319693878,1688.39878979592,2358.4030122449,2126.10305306122,2318.24737346939,2093.31419387755,2088.68066938776,2574.61921530612,2351.94140612245,2191.06400530612,2216.30731530612,1848.07391530612,2568.74635204082,2481.07854489796,2199.73071428571,2703.84941836735,2763.94005510204,1914.70079489796,2107.28002346939,2133.21443673469,2510.43218163265,2285.58777244898,2462.57875612245,2518.65539693878,2613.67806938776,2651.53657857143,1748.59939693878,2238.61901734694,2213.49408979592,2316.47575102041,2172.10454887755,2278.56358795918,2150.01778265306,2581.87439489796,2311.44203163265,2169.69120714286,2542.69093877551,2629.22568061225,3091.40929591837,2996.25850714286,2481.96457346939,2614.76219795918,2532.99452755102,2725.86522959184,2033.9019377551,2661.23958571429,2444.71312346939,2130.21141632653,2700.4423244898,2494.42175102041,2097.06546530612,2189.02016479592,1761.70589081633,2203.01672040816,1647.52336836735,1788.71483571429,2268.51231938776,2270.1881622449,1737.9958377551,2344.61685612245,1981.92415714286,2324.98643061224,2078.36567653061,3142.52243163265,2563.7168272449,1980.80485408163,1865.84613571429,2594.45641326531,2245.87990622449,2010.14247826531,1940.1080755102,2680.22347857143,2508.17283163265,2431.87464632653,2574.75387346939,1714.23340102041,1932.99937857143,1988.92222612245,2506.51256428571,2026.78656632653,2189.70281632653,2067.6890744898,2044.58773367347,2392.1583,2356.04809693878,2247.65123367347,2730.52258571429,1868.00574489796,1976.47180714286,2479.1030255102,2350.36921326531,2016.45810204082,2258.23261734694,2908.92148469388,2702.25357142857,2365.98432653061,2473.9220244898,1785.23276734694,2132.71836632653,2215.92212959184,2134.64117142857,2963.57101122449,2209.55837244898,1966.27483469388,2584.3058244898,2523.93695306122,2712.66426122449,2023.77423469388,2413.06674591837,2273.76027755102,2635.98309897959,2245.54314591837,2363.03165204082,2226.87488469388,2375.17653571429,2287.91670816327,2389.13078367347,1980.45958673469,2867.91125204082,2765.76803367347,2478.56512040816,1823.50606530612,2514.08650714286,2488.1970377551,3039.36156428571,1904.74323928571,2228.84091734694,2357.43602959184,2959.67492755102,2250.34618061225,2307.37077959184,1989.13661530612,2029.96512653061,2522.42560612245,2277.11547959184,2620.17488367347,2691.11741020408,1840.23048265306,1917.74284081633,2089.15382755102,2426.91507959184,1784.01506938776,1771.46725408163,2219.65638265306,2067.3452622449,2047.24143367347,2129.05528432653,2766.89303061224,2279.12928877551,1975.81263265306,2057.07707040816,2337.2143377551,2376.76108265306,2008.91600204082,2596.5163244898,2310.21445408163,2609.26178265306,2099.34240816327,1976.07769387755,2351.22429081633,2096.5068,2213.83040510204,2325.4191877551,2490.76558979592,2411.16802755102,2707.8536877551,2272.33282040816,2516.50242142857,2610.48949489796,1851.21757244898,1861.66573265306,2590.35058979592,2246.06976326531,3251.07304102041,2621.9456,1597.66526122449,2273.18546428571,2503.31907346939,2107.54468673469,1882.43236734694,2425.78691734694,2215.07222244898,2294.56186234694,2381.05304969388,2781.51993571429,2179.15568673469,2303.54978571429,2797.23355408163,3050.82608571429,1866.16794285714,1786.56088979592,2460.52160204082,2224.51207244898,2987.0628377551,2497.88263163265,2189.91693367347,2015.77699285714,2312.24082653061,2185.73686836735,1996.41827959184,2757.01458979592,3213.16090173469,2025.42565816327,2129.60695102041,2242.10920102041,2150.63211020408,2347.73670204082,2456.27066020408,2492.55777040816,2421.10541836735,2105.29928163265,2281.52154693878,2106.50842244898,2093.89211734694,1963.36426122449,2190.8984377551,1951.88604153061,2794.95625714286,1829.75778979592,2032.7859255102,2426.54857142857,2309.37461734694,1994.17264285714,2780.91288061225,1750.62729489796,1906.4803377551,2157.4369255102,2319.00247755102,2073.33019183673,1964.66780122449,2980.21631255102,2767.37294081633,2641.53600510204,2892.86137142857,2403.51870306122,2461.67616632653,1288.28078877551,2192.09337755102,1882.68494081633,2120.29466418367,2127.55179387755,1952.15609081633,2329.10736020408,1782.26465,2279.34181326531,2573.44432244898,2344.39686836735,2229.91720102041,2461.62815816326,2871.74828673469,2704.1056377551,2389.86179285714,1989.40406734694,2722.95446020408,1818.95332244898,2499.81937857143,1910.861,2042.31966734694,2296.16598571429,2562.55100816327,2991.23248877551,3287.16989081633,2308.34166428571,1841.59704897959,2587.02074387755,2005.69320408163,1929.46269795918,2010.9094377551,2312.18296632653,2466.00439897959,2288.19762244898,2260.10882755102,2150.97767244898,2202.78245408163,2198.71078265306,1978.90462755102,1829.74291632653,2676.27033469388,2347.06986122449,2918.20580408163,2565.59815510204,2754.43293367347,2657.18634591837,2434.50467346939,2001.2041877551,1652.83163061224,2652.87497959184,1961.13570510204,1774.84386632653,2585.86403163265,2506.60918061224,2360.90455612245,2000.69252755102,2666.07523673469,1870.99199387755,2617.29649255102,1938.14567959184,2355.24495408163,1790.40081428571,2295.29958367347,2437.95206326531,2771.71923979592,2402.82143571429,2046.05904591837,2631.48686826531,2495.89118877551,2184.14966428571,2091.70256836735,2184.59450071429,2021.48183163265,2282.06038163265,1977.87241734694,2120.1301912551,2003.6919157449,2654.83423367347,2175.73495510204,2357.55218265306,2599.64441020408,2542.28773979592,2198.90549693878,2193.44004183673,2383.36412244898,2000.91196530612,2530.68910816327,2353.15192346939,1988.50189489796,2346.06987959184,2747.99979489796,2603.14458469388,2296.05483571429,2263.99054081633,2229.64395408163,2273.48326734694,1793.49657346939,1616.1041122449,2313.25000714286,1816.75606122449,1888.13595816327,1889.04599285714,2571.26001836735,2551.60885816327,1771.48837244898,1804.13446734694,1926.68973265306,1949.54312959184,2117.1860244898,2563.0466622449,2213.3647,1879.79751428571,1771.00249897959,1881.28522040816,2623.02033469388,1826.46597653061,2673.46275918367,2265.89614183673,2237.37021734694,1947.30096734694,2855.4997,2438.3400122449,2366.32793367347,2374.3475,2228.22609285714,1974.56361734694,1654.78041602041,2537.23408979592,1914.91656122449,2376.99997142857,2246.98485918367,2574.21266908163,2498.41742857143,2101.12546020408,2022.15707244898,2159.26254387755,1912.22321938775,2025.3123255102,2347.34377040816,2544.08588367347,2658.32081734694,2296.46808265306,2351.23044387755,2243.7263744898,2193.0647622449,2091.31315408163,2340.11258673469,2459.06087653061,2416.51702244898,2287.00879693878,2683.1019622449,1947.24406530612,2803.81162755102,2294.95019285714,2388.27754387755,2705.46683877551,2559.97264887755,1780.90386959184,2133.09399591837,2296.67080408163,2565.42220714286,3142.52641836735,1914.74791020408,2365.74193571429,2000.05124693878,2352.48797346939,2565.97154795918,2645.09267244898,1642.08735816327,2081.91479183673,2093.44645102041,2247.61794795918,2093.68415612245,2154.5291,2233.54784285714,1931.07536428571,1712.0160255102,2285.26296938776,1767.10407244898,1902.34559387755,2567.14917081633,2323.45347040816,2202.21399183674,2123.66434693877,1863.86409387755,2818.92216122449,2638.50574489796,2451.36824693878,2411.91176683674,1973.64891938776,2051.03496938776,2385.33457122449,2130.44843163265,2272.51231122449,2569.88668979592,1928.28870612245,2555.55740306123,2593.68081734694,3217.19469795918,2568.36191836735,2037.18043367347,2355.03667959184,1767.31571428571,1858.03366938776,1958.38553469388,1905.12775408163,2092.66039795918,2263.11761530612,2375.4279377551,2342.53797367347,1707.66462510204,2897.75886428571,1937.99534591837,1957.21982346939,2067.69124897959,2035.75327,2232.58974714286,2048.71788571429,2269.16178877551,2426.00955918367,2588.41544081633,1994.87990306122,2388.19766428571,2172.86628979592,2244.89518571429,2128.02811938775,2534.0278244898,1973.02962244898,2367.69485714286,2411.09639734694,2773.91505408163,1933.95874387755,2128.20661020408,2430.84329081633,2585.60402755102,2517.22689795918,2279.99600918367,2259.43350408163,2519.14166581633,1782.88425612245,1799.07754785714,2255.61968326531,2204.99872653061,2051.43397857143,2332.19166632653,2081.96674387755,2654.88467244898,2296.18619591837,2182.79339489796,1800.46327755102,2336.14517244898,2759.36899387755,2112.03549693878,2006.20181326531,2350.96967959184,1864.00922244898,2193.01443265306,1928.05724591837,2059.43450306122,2373.81243469388,2627.80922040816,2100.16000102041,2706.61480918367,1938.48670918367,2099.4399755102,2051.56951938776,2371.92164489796,2167.18023571429,1833.91881040816,2252.32153265306,2275.50570102041,2489.92310306122,2439.19965510204,2748.53654897959,2129.4426755102,2545.97316734694,2459.62043265306,2609.6327877551,2018.27520510204,2087.13932755102,2198.84967755102,1920.11864183673,2890.63579285714,2295.00865408163,2471.46536734694,1469.10788163265,2545.23051836735,2253.68495612245,1890.33883265306,2237.44093877551,2223.52797346939,1708.97901020408,2522.97452346939,2347.35560816327,2257.27947959184,2347.67403265306,2398.34558877551,2476.97259183674,1796.56638163265,2213.05939183673,2089.13201632653,2469.14775918367,2016.89035612245,2196.7752,2320.47159897959,2188.99393061224,1869.01921428571,2319.93511530612,2054.68524387755,2098.7240877551,2544.38579591837,2512.13691744898,2242.82926122449,1932.66211326531,2082.54114489796,2108.73971428571,2501.78270612245,2148.26445204082,2195.95377857143,2036.84455918367,2321.07285306123,2359.24847040816,2183.92358571429,2539.91770408163,1992.66653102041,2301.7614744898,2528.93796122449,2497.41657591837,1854.6423744898,2273.10571632653,2030.63519081633,2554.41782653061,2320.02506938776,1628.37790714286,2498.90896734694,2262.0735255102,2439.7437,2286.73913571429,2557.36140204082,2863.35875510204,2340.3413122449,2689.91701326531,2547.53709897959,2371.56095102041,1637.14280816327,2810.09029387755,2586.15837959184,2475.4176755102,3050.20535510204,2396.4515,3181.06194897959,2372.99527142857,2230.38304897959,2396.94154334694,2373.27375306122,2734.91456938775,2034.30215714286,2484.49922142857,2273.7181755102,1876.79693367347,2100.10673367347,2689.31175918367,2323.6685377551,2550.2111,2172.45556530612,1924.12521122449,2038.13935510204,2133.79118979592,1943.21528571429,2595.09274183673,2406.22702142857,2247.14126530612,2663.4704377551,1501.93329387755,1955.25015,2270.84007653061,2665.14358459184,1662.14324387755,2030.44839591837,1972.23779591837,2289.66733877551,2011.1724244898,2436.07556255102,2153.28736020408,1925.07441938776,2505.2655877551,2750.32836836735,2008.88201734694,2775.79148367347,1887.77290102041,1718.49242346939,2097.55708673469,2347.87589489796,2278.72440408163,2066.20380408163,2334.22045612245,2597.27217346939,2086.23200918367,2110.5363255102,2870.99706836735,2408.35078265306,2430.27268265306,2269.50534489796,2386.08163979592,1759.26469591837,2504.16053367347,2673.62173571429,2114.63031938776,1986.57585,2209.93794693878,2036.97010408163,1828.99970612245,2144.26010102041,2048.22736734694,2037.81133571429,1938.69805102041,1958.67487244898,2553.07732755102,2504.85510918367,2036.08543163265,2619.31740204082,2607.32155816327,2574.06695510204,2773.30879591837,2177.75554081633,2224.00590408163,1768.96798877551,1764.45623979592,2339.88876326531,1864.49335204082,2092.05073902041,1964.06954336735,2055.87869285714,2451.40073877551,2075.37114183673,2204.15468673469,2303.49739285714,2163.91580693878,2047.17370714286,2002.99490612245,2018.57776326531,2342.03113469388,2426.73534183673,1922.57881836735,1940.67727142857,1825.48904387755,1892.0660877551,2275.60341938775,1972.76516632653,2628.5425,2407.64959591837,2539.47395714286,2201.14951020408,2436.85741428571,1557.63364693878,2159.08945102041,1590.22557755102,1995.82260306122,2793.90087040816,1916.5084877551,1464.17485204082,2557.57113469388,2449.92403469388,2769.31803469388,2547.71311632653,2368.31990714286,2748.49296530612,1817.2799677551,1845.5176877551,2613.22491326531,2384.74335612245,1392.60252653061,2373.54451020408,2771.94271836735,2054.42674795918,2622.51078979592,1981.43675204082,2227.3692,1817.49438979592,2120.49844285714,1998.35746938776,1960.59245510204,2325.15227755102,2401.68323367347,2040.95603418367,2534.71275918367,2043.06172142857,2451.55608877551,2465.2661122449,2208.79762142857,2847.25503979592,2933.17783673469,2333.83391428571,2287.76912755102,2173.03484693878,2341.81910918367,1841.65015612245,2110.93246326531,2039.62764081633,1747.37199081633,2501.11257755102,2149.0707244898,2165.47763061224,1510.78231122449,1902.97009183674,2409.06029897959,2216.34678908163,2235.57204183674,2159.95665,2058.11688673469,2268.58788979592,2192.04747959184,2417.09241632653,2032.91778979592,2754.72665,2324.55444081633,2620.30403877551,2307.99380204082,2163.66692346939,2552.21251734694,2537.91509795918,2062.00060612245,2623.11340612245,2268.48204591837,2093.94460204082,2113.67276122449,2186.23687959184,1964.90671326531,2519.68829387755,1707.84043673469,1942.24973367347,2226.06434897959,1601.84063673469,2548.11500204082,2344.13890204082,2123.55212704082,2653.4857,2310.66585714286,2293.1304244898,2023.02692142857,2552.91943061224,1987.70972142857,2310.60432959184,1511.9125844898,1753.62965612245,2753.49769081633,1769.52918846939,2160.12141020408,2883.83892040816,2107.15815816327,2696.76440306123,3370.94186632653,2383.26686020408,2497.9319255102,2111.56044387755,2148.69249693878,1652.46497142857,2479.13250204082,2537.34561428571,2337.70021428571,2107.27971428571,2189.37056428571,1828.56883428571,2053.68651795918,2532.32104489796,2088.05974081633,2212.61718673469,2058.4314877551,2273.82830816327,2038.08807653061,2782.06663265306,2384.47432010204,2132.96187142857,3023.48000102041,2471.75177244898,2107.80256122449,1990.19360816327,1998.5814122449,2129.09144183673,1912.81616734694,2401.99941938776,2834.97938163265,2349.57109693878,2902.33884479592,2390.29597959184,2399.43618265306,2192.90994183673,2444.01040816327,1884.00305306122,2255.32433193878,2206.50007887755,2134.67202346939,2995.94445408163,1822.02483163265,1953.8391,2157.90592244898,2965.81859897959,1816.64053469388,2249.0222877551,2095.55380510204,2536.9883122449,2492.17999795918,2378.33500602041,1708.02166489796,1874.53821632653,2119.59560204082,2275.33351938775,2494.21688367347,2374.53908265306,2915.37231836735,2804.51371326531,2160.96025510204,2699.40992959184,2315.58408877551,2485.04729081633,2424.16297959184,2293.91043571429,2112.09855408163,1904.45945612245,2157.05904897959,2133.21264795918,1911.80778265306,2846.3645,2210.44226530612,2073.63472755102,2426.78567959184,2374.04131428571,1845.16459479592,2211.05805918367,2120.22184285714,1909.70231122449,2413.04816632653,2633.06198530612,2441.96128979592,2826.95515,1858.81901255102,2465.5241377551,2833.86419489796,2292.50697653061,2290.76691938776,1986.86997857143,2409.74281653061,1918.52790918367,2688.79275612245,2389.52969091837,2592.37334183674,2509.83467653061,2828.10769897959,2555.79283673469,2309.42636326531,2200.95438061224,2183.64584285714,2299.36762653061,2129.06694489796,2205.46892040816,2534.08082653061,2164.36726122449,2177.45501734694,2358.38135,2033.75406428571,2047.96095204082,1968.56560714286,2322.62751540816,2564.7837744898,2289.87944897959,1866.79886428571,1876.99729693878,2756.59811040816,2655.16004295918,2595.04463918367,2060.67995408163,1592.57826326531,2031.33694693878,1834.92443265306,2201.33903469388,1997.73242755102,2165.73876428571,2514.92128673469,1702.07291836735,2188.4011,2216.74967653061,2148.82058979592,2403.57607755102,2977.99488061225,2558.0409,2126.89435193878,1915.90688867347,1757.24961020408,2251.29817755102,1631.63288163265,2300.08620612245,2432.94822755102,2312.33737346939,2544.08468163265,1624.95629693878,2454.84768469388,2416.52054591837,2209.39338673469,2218.1338744898,2811.68022346939,1535.10324591837,1978.76832040816,2177.81052346939,2422.84453673469,2468.44823979592,2097.30416428571,2430.7565755102,2386.23211530612,2464.0688727551,1953.75264081633,2431.78662857143,2174.65816734694,2327.85475306122,2192.48712244898,2263.02378571429
51.0408163265306,2470.27242959184,2398.44410306122,2265.09243469388,2797.63804081633,2504.0755622449,2793.43662244898,2220.17293571429,2011.02291428571,2095.5932877551,2244.21608571429,2703.44081530612,2192.47300204082,2431.71137602041,2279.18880102041,2642.77947612245,2190.01668102041,2384.99762244898,2690.98004489796,2066.62686122449,2689.31039387755,2249.28874591837,2518.12502244898,2298.20741428571,2672.20862244898,2995.44193367347,2778.32558877551,2395.18138571429,1712.66018571429,2499.69983295918,2245.73996326531,1145.22513877551,1951.38676489796,2278.09458061224,2318.0737877551,2219.38654897959,2431.59875306123,2696.35885816327,2454.60202346939,2462.19459285714,2529.1145255102,2691.89491428571,2522.95525918367,2417.14656397959,2824.62247346939,2919.55516836735,2992.34912816327,1988.54447816327,2660.13485204082,2327.44135408163,1913.80482346939,1968.34364765306,2787.29260714286,2474.97256428572,2743.5125744898,2318.88510306122,1881.33786734694,2551.65200816327,2007.62591836735,2254.90456632653,2416.55235306122,2375.12830408163,2403.55341734694,2672.97337040816,1916.93466530612,2167.42655306122,2557.28816877551,1980.4028755102,1927.89268979592,2226.94127755102,2794.41841326531,2748.78602959184,2474.84785918367,2036.61911632653,2026.2712,2171.25599693878,1953.55998979592,2308.36973673469,2147.01988673469,2401.40286734694,2041.09309387755,2416.39963571429,2086.92419387755,2363.00448673469,1994.52710306123,2498.62356020408,2858.61775306122,2252.8892877551,1981.50245408163,1659.2284,2826.64673571429,2227.88770204082,2238.20160979592,1887.43084980612,2124.87756836735,2410.73396428571,2287.74667469388,2224.25742857143,1999.64883816327,2457.36983061225,2063.05420204082,2345.16714408163,2407.81215326531,2046.09131122449,2504.00861530612,2691.83649102041,2489.64475897959,1613.05032040816,1968.57385510204,2215.55797142857,2611.23130816327,2266.54611326531,2372.32521816327,2317.49626530612,1700.95444897959,2474.3659644898,3014.36958979592,2224.98560408163,2388.12458469388,2321.94754183673,2362.01982755102,2552.46968265306,2270.44107244898,2151.0232122449,2035.76162857143,2773.51284295918,2148.56008571429,1842.2178757551,2215.80974569388,2486.68963163265,2965.54290102041,2499.28717142857,3181.97373877551,2248.90879693878,2121.96943663265,2384.10458255102,1926.60538469388,2276.05449081633,2873.68554183673,2549.63189285714,2483.15777959184,2019.24369489796,2285.02896020408,2230.30949489796,2693.57650306123,2543.54229387755,2548.87137734694,2217.43471653061,2106.24029897959,2413.3985122449,2314.39820204082,2843.27078469388,2773.93008469388,1916.34374285714,2273.34416632653,2040.41696734694,2405.31819693878,2252.99678877551,2518.46913367347,2299.09222632653,1913.89522632653,2265.71973285714,2200.56294897959,1779.56665306122,2468.80172857143,2335.11263265306,2096.20791530612,2040.56726938776,2629.25801632653,2312.8192377551,2624.07803322449,2868.09451020408,2436.68532346939,2538.00826122449,2175.94836326531,2626.81213673469,2703.56134591837,2217.62383877551,2464.92087346939,2130.1243577551,1983.99823887755,2887.57406765306,2037.39909734694,2148.36094081633,2747.44274183673,2533.79404183673,2751.19882857143,1938.78687244898,2508.98064387755,2090.37554183674,2111.38729285714,2126.8742755102,2766.89176530612,2263.49204897959,2802.73984489796,1989.93456428571,2357.70560816327,2214.86990816327,2374.7464755102,2635.15548265306,2393.44928163265,2869.34981591837,1927.00184489796,2377.13521020408,2517.95734081633,1872.77245510204,2277.27891836735,2301.65246122449,1995.23346530612,2058.74709081633,2698.68586591837,2231.61418061225,2072.19582857143,2361.93444489796,2339.89613163265,2371.25597918367,2574.50639714286,1973.72346510204,2975.70221244898,2757.71330142857,2515.74148489796,1708.04371142857,2562.07063163265,2352.162,1761.18739183674,1841.92354081633,1877.91251428571,2014.99912244898,2544.13988367347,2217.90893979592,2117.14651938776,2325.36476632653,3301.84987959184,2718.27951428571,2980.59051122449,2307.10335204082,2501.62361734694,2261.06748367347,2397.21531326531,1486.37418061225,3009.83599285714,2076.77807244898,2407.87223571429,1561.78122653061,2510.24398673469,2144.7235072449,1913.0748255102,2349.58266734694,2431.81980204082,2015.71805102041,2316.70085540816,2439.28877071429,2621.37230612245,2716.60474081633,2898.61848061225,2510.30204153061,2836.77271020408,2425.75201020408,2803.91245612245,1894.0740622449,2300.10913918367,2538.28773673469,2832.19360408163,2638.59920408163,2429.68522040816,2414.4792244898,2217.96666122449,2446.71552244898,2447.40294693878,2199.34832653061,2258.52175510204,2398.7741205102,2332.64809081633,2250.82420306122,2056.4419755102,2104.92061530612,1916.23921061224,2961.65892142857,2794.35212755102,2476.06527959184,2513.76325408163,2275.47733265306,2964.4879744898,2864.2701022449,1931.33912704082,2422.91726530612,2376.52234795918,2284.2122877551,2144.36225030612,2359.93403469388,2405.9988377551,2384.34684693878,2318.42395918367,2306.66507755102,2745.70540612245,2881.49274183674,2063.28294183673,2803.02385918367,2492.20759591837,2634.97807959184,1865.80679489796,2320.09195,1965.45358061225,2957.94752959184,2026.05862040816,2079.10232857143,2063.77777132653,2115.29313836735,2067.44760918367,1693.63734183674,2077.93164387755,2096.22486326531,2605.82547040816,2575.52453469388,1950.06871530612,2387.78531630612,2334.32110612245,2924.87672959184,2619.70158979592,2553.93108367347,2390.8082122449,1568.64773571429,2516.93734387755,3028.36885510204,2124.37416183673,2788.03376734694,2725.34077040816,1609.92349897959,2090.32029897959,2328.8946622449,1763.37185612245,2043.13968367347,2645.9317,2598.23243367347,2275.62567959184,2100.62182653061,2456.8518255102,2789.56081632653,2292.32877244898,2017.89177928571,1722.85196122449,2270.94407755102,2286.88745714286,2364.91606020408,1945.83846836735,2224.07652653061,2374.28332346939,2249.70357653061,2070.43311938775,2605.94573857143,2779.4101394898,1936.6191622449,2321.72282755102,2064.59387857143,2053.72254183674,2149.45947857143,2248.02660306123,1674.66892959184,2387.36921428571,2612.61407857143,2494.59820714286,2250.33792959184,1980.17314897959,2341.5636122449,2010.74868265306,2099.54904081633,2105.86569081633,1797.77435,1562.80198265306,2288.59340102041,1783.78666734694,2312.54065510204,2291.95220816327,1885.44428571429,2106.39321632653,2095.93335102041,2334.94354285714,1998.96695102041,2601.81275102041,2285.42887142857,2696.28486326531,2288.17948571429,2200.50327244898,2418.4548244898,2477.60391632653,2059.67735408163,1623.14336020408,1928.49249897959,2124.62618265306,2971.05875510204,2149.68294285714,2508.9771622449,2072.67671020408,2555.03315408163,2299.30726020408,2784.13837857143,2193.66288571429,2501.14368428571,3165.82665510204,1716.65001122449,1970.41660408163,1957.23483673469,2252.90680204082,2151.52764285714,2570.8753855102,2745.36530510204,2244.75207346939,3052.5763622449,2464.60321020408,2943.61475714286,2670.61361836735,2523.41901632653,2624.08928265306,2527.76853469388,2836.46562653061,2198.93426530612,2406.00716326531,2371.50727755102,2249.83981632653,2011.49872561225,2268.78866836735,2402.30816020408,2920.27551020408,2438.53214285714,2422.84319285714,2572.36042653061,2329.04975102041,2495.71843367347,2306.77645918367,2376.56896122449,2458.23684693878,2513.55380510204,2347.74568979592,2449.62396326531,2811.4411877551,3287.93161836735,1959.16131836735,2426.29250510204,2551.41984387755,1996.53419285714,2200.34781020408,2350.94185714286,2236.45384795918,2249.50363571429,2222.39690714286,2169.22079020408,2286.25488265306,1734.45987673469,2514.21257857143,2411.3803755102,2338.80665204082,1740.6457877551,2800.32791122449,2400.16638163265,2370.99475714286,2082.21089183674,2137.37686836735,1926.34627346939,2034.61677346939,2306.56684387755,2609.66291020408,2560.21177755102,1673.64259387755,3133.85530816327,3480.75780612245,2811.50278571429,2260.83430938776,1964.37495714286,2434.49074489796,2518.9168744898,2166.5427755102,2491.96965102041,1833.55850540816,3002.97254489796,2436.91382653061,2718.68241489796,2238.63371428571,2546.94410918367,1928.8135122449,2608.78704285714,3158.37273163265,2970.25485510204,2733.77561428571,2642.51024795918,2231.79359693878,2557.75571744898,1845.52294897959,2564.55579163265,2172.75149163265,2623.55022142857,3216.30874489796,2906.61426122449,1690.43007142857,2165.63709285714,2278.98879693878,2308.36804489796,2402.65773714286,2331.88526326531,2365.61473571429,2479.94128469388,2251.22650204082,2182.49571020408,2092.34749591837,2698.2146,2293.79254081633,2106.43155510204,2589.69022142857,2366.08599693878,2436.11080408163,1903.89085102041,1888.92320102041,2540.92748061224,2712.02061938775,2262.85362040816,2499.50186530612,2179.37717122449,1950.48530306122,2213.11079795918,2808.92969591837,2553.79618673469,2274.18592244898,2709.02345510204,2134.90059081633,2190.31479591837,2515.99266428571,1942.41444418367,2868.57134387755,2434.73155714286,2283.81782755102,2185.54706020408,2252.70444183673,2469.06774795918,2425.64825755102,2430.79882142857,2362.97288979592,1655.3705244898,2289.99220795918,2071.99461938775,1620.63329285714,2170.79503163265,2723.53947755102,2416.62211510204,2336.98465612245,2172.07826122449,2282.63620510204,2646.35816428571,2729.70179387755,3052.93341020408,2511.85677397959,2317.75882346939,2558.78023071429,2443.00742408163,2313.98540612245,1537.04545612245,2008.77496734694,2158.25381734694,2875.29508979592,1755.5728377551,1887.38375714286,1894.15520479592,2142.59132040816,2392.80587244898,2812.99521530612,1575.53067683673,2473.27507040816,2355.11135714286,2139.54976938776,2046.20101326531,1960.31520204082,2324.12552653061,2252.25142653061,2312.04939591837,1969.1377377551,2432.11141938776,2457.28505489796,1971.53568265306,2334.36987142857,1950.51286530612,2717.19994183673,2546.56653265306,2171.66424836735,2335.7762622449,1950.17503061224,2298.53445714286,2645.6707755102,2907.6408,2940.1076744898,2344.13109591837,1721.98489591837,2674.12428877551,2527.47696102041,2099.07262346939,2134.91675918367,2246.55702857143,2424.24804734694,2462.3145622449,1584.27149489796,2560.05000204082,2584.77041428571,2276.44504285714,1830.02837,2284.75569897959,1860.43881938776,2134.75975510204,2137.42658153061,2420.34603265306,2584.89787010204,2018.99472877551,2060.34101122449,2373.94907040816,1942.59464081633,2478.88624387755,2163.48396744898,2360.85405816327,2116.03028061224,2017.76362857143,2533.80147040816,2450.36242142857,2969.71995795918,2543.15859795918,2887.30159183673,3274.99068469388,2769.24103877551,2281.29466836735,2546.62196836735,1876.27399183674,1758.20587346939,2305.21400918367,2537.08906734694,2477.64586428571,1905.23971938776,2360.207,2160.53421428571,2254.59382959184,2677.93548877551,1906.34412857143,2637.20455510204,2261.92476122449,2180.09551428571,2525.15586836735,2446.75892142857,2461.95798877551,2218.61261020408,2065.34954897959,2001.37510510204,2646.42358979592,2687.23119795918,1786.53312346939,2322.60845204082,2248.30029489796,2431.50994183673,2489.89304591837,1801.64662653061,2353.25687142857,2263.28649183673,2392.58550816327,2395.87738367347,2079.63778469388,2183.84695714286,2364.52075510204,2390.13377857143,2460.11673061225,2545.63208265306,2426.07024153061,2857.22977204082,2112.69828979592,2156.92511530612,2740.25152918367,2345.80889693878,2983.21364387755,3057.31971632653,1945.85102959184,2822.71471122449,3191.93516122449,2555.58086122449,2436.96333367347,3120.99023673469,3319.49480612245,2618.05469285714,2203.48306734694,3155.97347244898,2124.0188122449,1874.79521836735,2387.98929693878,2801.65765204082,1860.10066734694,2570.81177346939,2451.31956734694,2166.9475,1642.21987244898,2500.49033367347,2116.82980714286,2577.62483153061,2290.00626244898,1975.8909755102,2270.66932653061,1830.4128122449,2324.73283877551,2292.51125306122,2189.21823020408,2522.80654795918,2082.63969591837,2049.12168061225,3009.7412622449,3032.20821020408,2243.18105571429,2662.38714591837,2974.75870795918,2129.50529897959,2173.03859285714,2313.86473571429,2638.7980255102,2482.50217857143,2617.44865918367,2117.13133571429,2454.24294795918,2112.38214489796,1954.10771326531,2302.84883673469,2560.83670612245,2456.03563367347,2443.98440612245,2016.71885234694,2617.02482959184,2757.18026632653,3115.83866326531,2343.01342755102,2533.34485408163,2673.54530306122,2052.91305469388,2170.64942959184,2140.48633979592,2216.68934693878,2043.1037622449,2340.50128367347,2548.75182244898,2406.14570204082,2596.13211632653,2458.09669693878,1785.43550306122,2116.02616938776,2324.30245918367,2420.16586632653,2085.58032959184,2155.32990306123,2723.26480897959,2485.76781734694,2096.48755,2123.64512653061,2051.63300714286,1731.12232142857,2631.3465,2838.76880408163,2356.73012653061,2829.09755918367,2560.56944183674,2124.05400020408,3152.66090204082,2785.00885306123,2010.98267142857,2520.16437377551,2267.42619285714,1869.46200714286,2577.35318367347,2409.72955591837,2300.59403265306,1666.03491632653,2304.88046959184,1817.21814306122,1903.87064510204,2004.87558571429,2059.34751438776,2743.22504591837,2760.75982142857,2074.04631377551,2463.83703673469,2505.34931530612,2364.36748163265,1992.68823979592,2455.22020204082,2483.36085,2056.71093061225,2685.99611020408,2706.82424795918,2057.9764,2672.3201255102,2888.6285,2418.46911938776,3053.13705,3096.4812,2780.20576530612,1757.08507142857,2411.71176918367,2145.70573265306,2175.25107857143,1837.20918571429,2482.3095744898,2788.69573061224,1920.53528265306,2143.97066734694,2315.55698877551,2184.35387857143,2137.96460959184,3340.88895612245,3319.50785918367,2362.32778571429,1659.64583367347,2032.41686122449,2318.37982142857,2369.57557183673,2331.84621142857,2138.47948265306,2430.53109591837,2086.21126836735,1952.3222644898,2245.25799489796,2445.32132244898,2193.63201734694,2383.20959897959,2967.06795714286,2636.98664693878,2858.8341622449,3015.15709387755,2896.81568836735,1905.99137030612,2321.88012336735,1405.07169795918,2148.48379285714,2399.57011836735,2897.12988979592,1788.52799693878,2398.58385816327,2833.3563744898,2067.81913265306,2505.85746734694,2042.58439234694,2466.25944489796,2446.11309489796,2348.29888673469,1894.56668979592,2075.64671673469,2538.5427244898,2554.58848877551,2650.92491020408,2074.22312326531,2517.14153918367,2352.15419591837,2188.95940897959,2091.51460306122,2405.77898265306,2365.93441326531,2036.37859897959,1884.11322142857,2395.93347653061,2368.92412857143,1691.61982142857,2168.9427877551,2340.12510714286,1980.88314489796,2427.66587244898,1855.82230306122,2443.17894397959,2032.53759489796,2701.93088367347,2642.41941428571,2304.82664836735,2279.0254877551,2322.99535714286,2317.59165408163,2542.68236326531,2824.81867755102,2026.55451632653,2332.94238163265,2157.14678163265,2195.63083877551,2612.37817653061,2079.92253265306,1807.83418979592,2557.01271326531,2450.88899387755,2299.79805408163,2252.44066938776,2442.53750918367,2389.37905918367,2220.37946836735,2239.27316020408,2481.35413877551,2179.87209795918,2342.04988265306,2366.70961836735,1707.70934714286,1621.01531326531,2132.67964591837,1683.84131265306,2139.91747653061,1851.24503367347,1905.51218265306,3012.14429795918,2634.29256326531,2695.74900714286,2815.0824,1814.17561122449,2668.96943367347,2156.80543673469,2365.0927622449,2730.3842377551,2323.81330612245,2127.02780204082,2766.02924489796,2251.31582244898,2256.40591428571,2125.07389897959,2117.56807857143,2212.31181734694,2339.7090255102,2211.62564183674,2824.65032857143,2513.20278163265,2349.31081938776,2527.14364489796,2754.75754795918,3138.62879591837,1994.18852755102,2207.74319795918,2301.45599489796,2200.02451428571,2242.65189183674,2261.89961632653,2075.17569693878,2726.70383673469,2156.32791326531,2033.30304081633,2640.33949183674,1880.69602346939,2146.08009693878,1745.9652,2212.86656020408,2012.7340744898,2520.22584183673,2262.65849285714,2346.96448979592,1970.22055,1797.23256897959,2029.0716255102,2617.84269693878,2537.67482346939,2057.63503571429,1925.20385918367,2195.31525612245,2330.66656795918,2490.25474183673,2354.30824591837,2395.77486836735,2608.88594591837,2075.71376428571,1764.1816755102,3299.21967142857,2815.54950714286,2243.35285102041,2122.23027959184,2580.40209795918,2057.09213387755,2423.88696734694,2003.57546836735,1870.28309897959,2299.00596632653,2655.52096530612,2261.83439285714,2108.27850510204,2058.88205510204,1751.22345510204,2480.12686938776,2718.51124183673,2675.03267346939,2427.57285204082,2060.55779285714,2069.5048622449,2316.60846428571,2743.76430387755,2859.7093755102,2068.76773673469,2001.41696020408,1986.7225622449,2620.46412857143,2350.68798673469,2883.12787755102,2378.25875306122,2831.55767857143,2272.13049183673,2265.9983744898,1749.07977551021,1876.39014897959,2520.21423367347,2302.51355612245,2693.84820102041,2258.0228755102,2177.49647469388,2360.10009489796,2634.37449714286,2425.5483244898,2179.42514938776,1962.40369897959,2283.36825020408,2183.1199122449,3102.92357857143,2318.6104755102,2125.87221632653,2183.51370204082,2431.99068571429,2181.40558265306,1821.61278163265,2334.15276122449,1830.80579489796,2509.6352755102,2306.85378142857,1884.11072010204,1995.14808163265,2361.2011,2134.93835612245,2651.98913673469,2218.80826836735,2318.50569693878,2366.85130612245,1716.00288571429,2465.37770102041,2240.11629489796,2150.70130510204,2104.3877255102,2219.34950204082,1856.42186244898,2089.37258265306,1618.2418244898,2349.58864489796,2450.77662571429,1977.36610918367,2298.57778979592,2206.13730204082,2100.07152142857,1864.07843214286,2079.51299816327,2318.62900612245,2823.6824744898,2364.59349265306,2123.79003979592,2071.37733163265,2351.61539112245,2522.25309489796,2651.0164244898,2010.90601326531,1768.43351938776,2457.04296734694,2362.00772959184,2489.23842346939,2367.88676836735,2263.60516244898,2165.62881244898,2893.96744183674,2585.07929326531,2278.70864183673,1510.45786734694,1582.4454744898,2112.34609285714,1834.61907244898,2453.82326428572,2860.44677959184,2566.29879183673,2250.44862244898,2210.51847040816,2396.86965816327,1958.73799285714,3150.76743469388,2133.44504693878,2698.02968510204,2544.44401938776,2185.31580397959,1838.00301816327,2097.78072857143,2464.09882040816,2381.79240469388,1781.37205,1935.59167857143,2164.64189489796,2420.69668979592,2469.10708163265,2269.68031632653,2414.71489387755,2202.61521632653,2450.91023469388,2713.86779795918,2587.2727255102,2659.19996571429,2494.47873673469,1801.00433979592,2408.29349897959,2087.46884489796,2881.80228265306,1983.99087612245,1932.67995357143,2450.05725918367,2204.84312653061,1581.39459489796,1682.08704285714,2429.19743469388,2593.9570877551,2304.98882295918,2395.79913877551,2652.55925408163,2191.7444755102,1824.3344877551,3164.92700408163,2113.43528367347,1811.47927346939,2126.37870714286,1799.8782877551,1804.23754693878,2298.26569183674,2513.92839081633,2818.51604285714,2884.6986255102,2409.92511326531,2129.05627346939,2389.89769693878,2297.13903816327,2766.75804897959,2788.24716836735,1613.03385,2040.82358061225,1689.18474387755,2211.48959387755,1592.22885612245,2465.51856673469,2214.36353979592,2940.09582755102,1942.8930244898,2525.77201632653,1895.37082857143,2289.29683591837,2046.10389377551,2610.24273571429,2438.35135367347,2461.84622142857,2871.75557755102,2752.62832142857,2006.65466836735,2221.70780204082,2338.9076405102,1994.6161744898,2372.64009591837,2428.191825,2010.31586530612,2743.10569693878,2413.13771836735,2840.83009183674,2285.52789183673,1920.85311938776,2114.30873877551,2813.90398061225,2491.39886204082,2231.69350102041,2325.04425102041,2356.49102857143,2000.08560204082,2316.34060510204,2240.72194897959,1966.36585102041,2294.45207653061,2121.69408469388,2155.56131326531,1759.26004285714,2145.43400714286,1896.84478877551,1987.20990918367,2458.69522653061,1994.03334081633,2438.90554081633,2468.83928408163,1995.93082959184,2302.26692346939,2369.2347755102,2851.89330510204,2881.83344285714,1872.85051204082,2301.05077959184,2174.28356836735,2308.64146428571,2890.83677040816,2815.28545510204,2660.23834928571,2867.6669877551,2313.57746836735,2825.02978367347,1919.12159591837,2549.90757040816,1855.17925469388,2382.04916020408,2304.63266530612,2718.28423571429,2305.20690714286,3001.27022346939,2401.84402755102,2451.5988622449,2926.57795714286,3282.93379897959,3037.89919183673,2495.27399897959,2230.23153979592,1882.75551326531,2141.15365306122,2982.7520755102,2080.45822142857,2255.84453673469,2194.98931755102,2460.52024183674,2376.98026836735,2901.12045510204,2193.36378469388,2199.44596122449,1700.57195408163,2023.3261255102,2232.76465816327,2801.76758673469,2109.95679285714,1953.51392346939,2080.66200612245,2682.44024387755,3026.63833061225,2179.84859285714,2000.58077653061,2347.82301428571,2311.73362040816,1987.05546836735,2087.16676530612,1492.76857142857,1818.23985816327,2502.09122959184,2194.6908744898,2100.03407142857,2309.99792367347,2412.66698642857,2417.67047959184,2689.70165918367,2424.64899795918,2321.79082959184,2083.84522938776,2082.91484795918,2637.92904489796,2212.33262857143,2480.04321836735,2158.59003367347,2208.51948877551,2388.86803010204,2289.51356122449,2358.52881428571,1834.73370510204,1911.02619795918,1933.89113367347,2255.39601836735,2639.5772622449,1917.30380806122,2305.56942346939,2022.31642653061,1996.82762653061,2436.26604285714,2306.26772959184,2166.88935346939,2065.27779387755,2110.31328163265,2678.08158061225,2055.53161020408,2485.01438979592,2804.27239285714,3256.48044795918,2345.80232653061,2312.4941755102,1896.09596836735,2194.62899693878,2110.00315102041,2228.00562040816,2369.69351938775,2588.89072653061,2427.85733673469,2398.53153061224,2809.61995561224,2671.67472142857,2348.47539693878,2060.77617755102,1759.52280918367,2542.50752663265,2512.64800969388,2158.09477867347,2352.35925816327,2354.83435877551,2550.74830612245,1644.22702040816,2635.03120714286,2288.44649387755,1914.77627040816,2218.51098265306,1891.67498877551,1995.4365622449,1784.99940918367,2203.93609285714,2324.71046530612,2508.75478367347,2403.28263469388,2504.84793795918,2376.76171428571,2090.45167244898,2262.49783979592,2602.87318979592,1991.9869,2245.33095642857,2276.87449081633,2333.17725816327,2091.49963653061,2592.39375714286,2470.05698673469,2594.1603244898,1687.96116326531,1795.76153469388,2824.39821020408,2355.10231836735,2678.14393673469,3135.19825336735,2263.7836877551,2311.03203061225,2577.60011428571,2529.92517755102,2778.92866632653,2507.80995306123,3028.90127755102,2069.89673367347,2328.87481326531,1771.43029285714,2431.17515867347,2203.70580102041,2540.99604285714,2678.0864122449,3040.17521663265,2335.17561326531,2168.71329306123,1996.41512836735,1871.32205918367,1672.63772653061,2705.43691632653,1971.13865816327,2358.26502653061,2709.29580612245,2321.92134795918,2060.62706632653,2284.5331377551,2202.1637255102,1907.5236744898,1659.34750204082,2038.77178571429,2176.26138265306,3119.67214081633,2258.63208673469,1986.73785816327,3012.72372591837,2444.50621428571,1662.86842734694,2821.31866122449,2268.49033979592,2025.33709387755,1929.24374285714,2754.37993877551,1949.00775306123,2362.63699387755,2715.25117602041,2560.17530612245,2280.23047653061,2641.4871105102,2323.78763877551,2403.26790816327,2114.53759,2166.28962755102,2426.22102142857,1629.92787653061,2051.82500102041,2297.16763061225,2932.46170306123,2259.20020102041,1983.56645469388,2346.28983163265,2093.14002857143,1803.9814644898,2724.74724693878,2390.90514081633,2257.73103265306,2335.76857040816,2934.19215714286,2065.35307653061,3123.62036928571,2042.2879877551,2098.59171428571,1975.4769877551,2498.06223979592,2463.33946734694,2324.76826122449,2707.74348163265,2139.49395816327,2461.39860306122,2617.9691244898,2480.41257346939,2120.98624387755,2466.58522244898,2808.96064530612,2097.39545,2341.31779387755,2200.05899489796,2728.61749897959,2102.76112346939,2162.52703081633,2069.42804591837,2642.69649693878,1869.8882622449,2082.32636632653,2083.29300816327,1890.99645816327,2603.99622244898,2349.7914244898,2083.86610612245,2445.57842857143,2533.87511306122,2026.89452653061,1688.06165020408,2969.89988673469,2635.20273367347,2202.51527142857,2313.07583163265,1995.72286734694,2193.23835612245,2786.08191938776,3144.94222142857,1970.44295714286,2197.12252959184,3224.17277479592,2542.60769897959,2303.45843571429,1551.96595408163,2114.89867142857,2960.43853163265,2270.51983469388,2576.29708061225,2350.88672714286,2162.16981836735,2316.87434081633,1867.22862755102,2587.05245816327,2110.44345306123,2157.14195306123,2075.34238142857,1595.70560714286,2038.67983928571,2001.95103469388,2071.13024285714,2300.06216571429,2351.33053571429,2703.37219285714,2296.78426836735,2097.11236632653,2825.6843755102,2271.28998367347,2191.6261622449,2113.5891377551,2494.62642755102,2465.94311326531,2307.1103377551,2455.07156530612,2701.42838142857,2273.1455622449,2348.8857877551,2241.31093673469,2647.57078877551,2553.25681102041,3213.75901744898,2469.60456622449,2055.53671734694,2216.27084489796,2435.6471744898,2298.30025816327,2540.6086755102,2758.2168755102,2949.21532142857,2264.47864081633,2557.77909795918,2275.92161836735,2520.95950510204,2647.74804367347,2336.10312673469,2368.26770306122,2088.17637040816,2226.66035102041,2345.84565,3017.13919183673,2923.41656734694,2310.1121244898,2377.51477653061,2387.81627346939,1805.61910918367,2487.55790285714,1656.03440285714,2252.59214632653,2286.32983836735,2257.75886816327,2357.50926428571,2851.34286326531,1535.90772244898,2403.85377653061,2207.63073061224,1972.24230816327,2724.24267653061,2526.71190938776,2229.53289795918,2381.58696612245,2472.3594622449,2494.97467244898,2556.00175306122,2834.87789285714,2509.01366938776,2538.50432755102,2532.06896734694,2178.91705612245,2403.30799795918,1970.20886938776,2260.10004489796,1991.05188061225,1964.14769489796,2386.3220977551,2237.67171632653,2127.84407857143,2128.23655918367,2521.05408877551,2366.20962346939,2726.23458979592,2383.81268163265,3579.82559081633,2590.14243469388,2358.15710510204,2691.16423571429,2244.82314285714,1904.47232040816,2850.9804122449,2522.28667959184,2429.96578265306,2780.38478306122,2192.50556530612,2361.25405408163,2601.33850510204,2244.55453571429,2085.22114693878,2580.75405918367,2542.95168469388,2899.20109183673,2623.90529183674,2778.26860510204,2130.19537653061,2226.26404489796,2382.28902755102,2140.73532755102,2078.08258469388,2362.76749489796,2718.8197144898,2602.5075755102,2121.66902244898,2610.51812959184,2086.5354244898,2344.11178673469,2137.4106122449,2507.90818163265,2516.71715204082,2294.72256632653,2217.32294285714,1927.45840285714,2504.50216122449,2167.77683367347,1778.94279897959,2158.72441020408,2074.12060846939,2917.6002755102,2018.53786102041,2160.34414081633,2684.76469897959,2604.96501,2125.50875469388,2278.96903265306,2625.63878367347,2560.51146734694,2694.0746222449,1734.05810673469,2399.05713326531,1971.42352653061,2373.41425816327,2097.58797244898,2108.46973877551,1804.49774734694,2915.52883367347,2103.88654693878,1978.90827857143,2257.69852959184,2294.394,2808.14639591837,2084.10862346939,2217.35515306122,1940.29344183673,2117.56209693878,2347.51273367347,2190.50080816327,2176.75798979592,2074.60297040816,2446.37548673469,2188.60532346939,2653.4230694898,2156.94155918367,2512.38718061225,2895.01683367347,2625.72449163265,2170.0117022449,2622.56988979592,2234.57272346939,2270.3554755102,2144.50401520408,2449.42489591837,2428.51098367347,2087.96183163265,2378.09015612245,1982.80958979592,2007.69114795918,2359.86767244898,2296.47845408163,2534.27467734694,2177.77184306122,2389.70976122449,1680.24940918367,2088.95276734694,1856.55270204082,2061.31365816327,2847.82975612245,2716.07115408163,2424.2916,2632.41464795918,2327.6584877551,2340.5749,2121.2882122449,3215.73823163265,2833.64508367347,1825.8376377551,2249.5114622449,2517.58579357143,2605.15194183674,2058.09171530612,2481.92309591837,2534.22511244898,2615.89385714286,3022.47035,2564.8803,2221.28013877551,2343.94099489796,2121.61556326531,1780.1453255102,2966.74509306122,2010.69950816327,2085.10778163265,2211.09278877551,2232.20841020408,2451.71933571429,2347.25929142857,1934.32227867347,2305.92379795918,3021.77598926531,3441.01097346939,2507.08278234694,2439.86878979592,2044.00101326531,2316.15063571429,2456.65086530612,2272.81766326531,2399.06765306122,2584.63533877551,2501.68383571429,1809.34134081633,2404.73702142857,2099.11404183673,1914.51885510204,1750.42712346939,2431.59660714286,2466.24161020408,2076.23249897959,2034.79647346939,2615.26489081633,2196.17392346939,2173.19154693878,2508.43554591837,2158.5239922449,2433.09099795918,2789.81576122449,2525.51906571429,2521.08793469388,2283.41030204082,2351.86847755102,2780.62299693878,2296.98593877551,2187.56665306122,2004.67741428571,2143.88403571429,2037.53527244898,3136.4452,2777.55667857143,2046.04582244898,2364.57782795918,2382.70929387755,1902.70485204082,1979.86953979592,2148.98692489796,2289.45099489796,3233.6778244898,1494.56843673469,2364.41745979592,1996.49471326531,2743.93638469388,2549.82901632653,2233.85515122449,2251.65857653061,2491.55264795918,2526.7097122449,2087.18465897959,2209.23871755102,2395.26231326531,2505.74364387755,2358.87095510204,2747.20175408163,2245.56882857143,2108.53571693878,2549.63913061225,2572.32732857143,3042.81959795918,2403.41085908163,2334.36207244898,1891.93881836735,1747.78000306122,2553.74029183674,2961.01839489796,2565.71514591837,2223.29474591837,2332.43723469388,2533.72254489796,2855.26381122449,2499.66760306122,2079.31856020408,2218.14566734694,2602.26671326531,2339.66536938776,2531.9318122449,2238.53237040816,2425.41240510204,2381.63718061225,2362.7430255102,1710.10088163265,2099.67436326531,2270.46944081633,2383.25726530612,2440.54053877551,2114.16689285714,2045.8053122449,2724.34736428571,2436.77578979592,2168.76869795918,2371.47931836735,2359.77707857143,3291.06589897959,2183.26936632653,2137.77068163265,2580.2893622449,2121.48967040816,2633.23248295918,2139.58520102041,1986.66758061225,2067.07277244898,1772.47925510204,2836.20927857143,2965.89729183673,2408.98000367347,2057.42345102041,2020.87852857143,2229.06817959184,1956.26231326531,2345.75315510204,2218.24965918367,2249.08009795918,2567.11273571429,2172.46217755102,2486.32040816327,2652.03523469388,2737.53614387755,2318.51614183674,2862.88713979592,2537.44801326531,2736.31765612245,2168.31570510204,2723.8399244898,2677.84874897959,2696.48270510204,2043.79272653061,2157.88637244898,2575.13761734694,2066.70077755102,2131.90318367347,2198.34954795918,2007.24147244898,2138.69312142857,2211.76014183673,2369.78935408163,2389.03292816327,2736.89999489796,2115.01517653061,2176.6243877551,2012.28266428571,2237.53711836735,2725.41481632653,1955.85896020408,2038.02491020408,2695.40154591837,2123.25752142857,2256.42165306122,2387.22445183673,2364.0382755102,2418.54650469388,2270.3950377551,2371.34096836735,2156.46646428571,2361.77836020408,2492.49401530612,1969.04974897959,2695.30769591837,2255.50019693878,1692.18981632653,2815.50305102041,2536.92566428571,2166.41547561225,2234.18350306123,2258.01729285714,2072.09232142857,1714.41752755102,1562.78935102041,2302.95021020408,2454.84987836735,2709.14230102041,2522.87908265306,1820.6346752449,1984.47240081633,2192.09544285714,2360.96998632653,2564.36081693878,2139.77801734694,2132.37385306122,2240.67509897959,1875.23395510204,2263.27995918367,2096.1954944898,2406.57726530612,2210.46994489796,1961.37264897959,1908.49090510204,2042.3024755102,2113.55079918367,2601.67542632653,2516.96815204082,2605.16874693878,2860.32252040816,2529.36233673469,2395.61434755102,2326.5361122449,2710.3386,2902.31173591837,2837.34234489796,2155.95570295918,2780.25334693878,2741.05660918367,1952.29066734694,2826.6467122449,2420.00506326531,2411.22347857143,2350.37191428571,2234.83633367347,1894.39367959184,2219.65297142857,2120.89485102041,2218.75481122449,2384.30213571429,3086.70655612245,1772.09344693878,2471.62198367347,2864.99207244898,1921.89046632653,2409.19514489796,2519.37755510204,2357.33578571429,2062.41699285714,2185.2376,2519.84778857143,2269.99049183673,2273.08058673469,2054.08553979592,2057.79464081633,2929.57250306123,2364.78568163265,2406.47986020408,2532.96655908163,2829.99269438775,2225.27094387755,2608.95296122449,2494.4158755102,2295.88325918367,1838.01759081633,2523.85024489796,2560.32888571429,2464.26783571429,2329.0395377551,1893.80961530612,2373.7819122449,2015.90170714286,2447.32680408163,3074.96757755102,2479.81945714286,2347.24524183674,2426.2617877551,2323.42143673469,2158.58784632653,1985.21392836735,2310.58270918367,2578.07677244898,3148.78528469388,2311.36080408163,2641.81977346939,1843.98377714286,2164.89811734694,2115.14194795918,3184.52823265306,2286.60896632653,2458.89330204082,2401.5672622449,2354.70870204082,2019.37800102041,2538.52384795918,1958.6729244898,3249.1807377551,2707.67274795918,2616.76989,2641.71201020408,2521.87557387755,2220.24253102041,2077.55540714286,3013.28934285714,2020.32935816327,2079.59310612245,2889.16186326531,2262.18562244898,2215.03438367347,2369.59152755102,1982.07336632653,2558.96316632653,2074.38117142857,3209.18429285714,2406.16990102041,2793.95904795918,2837.44168469388,2358.94478571429,2170.20127306122,2154.70805,2357.55583877551,2530.50029387755,1923.35537959184,2316.57112040816,2747.39780816327,2950.74258367347,2937.00877857143,2522.69130510204,2402.88007755102,2171.37331734694,2480.31575867347,2580.92714387755,2284.87407938776,2214.31437857143,2217.85363877551,2227.06872755102,2303.5574277551,2166.63974459184,2861.47972734694,2136.05293530612,2084.29884591837,2254.16867142857,2511.99253163265,1822.33030408163,2465.16601020408,2425.31696714286,1911.35009510204,2906.79513979592,2195.98510204082,3076.48339489796,2449.80246428571,2564.62229387755,2619.53158571429,2090.97776530612,2481.56876530612,2419.32623367347,2193.89887244898,2419.55698571429,2304.95942244898,2463.87397142857,2024.28108367347,2479.08561122449,2463.03845816327,2413.31837428571,2279.89600183673,2598.54150918367,2259.50298469388,2574.63571632653,2503.98360071429,2323.75317653061,2480.3101755102,3134.39634285714,2839.84553979592,2463.73139897959,1763.87385510204,2408.6638,2195.39306836735,2496.06342142857,2065.8228622449,2260.97405816327,2055.1082377551,2279.77362959184,1571.15325204082,2526.74436428571,2056.27854387755,2577.09351020408,2331.55858632653,2168.55352755102,2059.42203979592,2647.58433755102,2334.23221734694,2441.48503469388,2315.61083877551,2020.91198673469,2367.5726755102,2246.44214285714,2376.04027857143,1938.1359622449,2411.80227142857,2532.00978877551,2919.86073367347,2219.19857244898,2509.16744081633,2648.02083469388,2023.52846428571,2844.46834183673,2802.39219183674,2554.69941718367,2826.72269285714,1961.15645714286,2170.51120714286,2070.33944897959,2114.5529755102,2045.6576744898,1596.71870714286,2318.87562755102,2149.67381836735,3784.33339183674,2316.35887551021,2441.36127346939,2682.49527040816,2150.5258377551,2361.39799959184,2268.8583755102,2171.20579795918,2656.21090765306,2283.62555367347,2759.76731530612,2580.39983571429,2622.67745102041,2004.38535612245,2587.79357244898,2275.36629306122,2118.18094530612,2676.22735918367,2987.80322959184,2208.91454387755,2360.54916938775,2548.8377,2623.62042346939,2369.15625102041,2242.69608163265,2089.37528367347,2414.58100102041,2607.16515918367,2486.12535306122,2168.35539183674,2285.60308061224,2540.67091020408,2103.27377530612,1855.82494795918,2145.67590018367,2398.52699755102,2426.76066938776,1957.01189938775,2307.16440510204,2232.0955332449,2615.00584030612,2214.92351326531,2042.60889081633,2263.28747857143,1969.91010612245,2115.61971530612,2240.1266622449,3358.96066836735,2584.81805306122,2647.25473979592,2178.16612346939,2545.14188061225,2529.91877244898,2451.27272653061,1836.09943979592,2038.86650102041,2670.94551836735,2554.51991938776,2388.76291836735,2287.39825,2553.92022857143,2393.75939285714,2085.42002244898,2542.45273061224,2435.10426428571,2481.21695714286,2536.49170306123,1933.34708326531,2317.4889377551,1897.82664489796,2349.29944285714,2664.97079387755,2435.3204622449,1957.63739183674,1717.53166428571,2014.61293265306,2580.85923265306,2604.86035204082,1816.05402653061,2231.14531122449,2388.22624183673,2519.02882040816,1935.98416122449,2417.85032183673,2210.15867857143,2733.94101632653,2435.74139387755,2094.55748163265,2734.51767061224,2572.56645816326,2288.8257844898,1672.67238469388,2402.53449387755,2305.28524387755,3195.75639897959,2212.99772346939,2466.71395612245,1921.57814591837,2493.02589795918,2192.26023061224,1878.25180918367,2142.48105,2269.27958061224,2529.43668265306,2315.03574795918,2303.48422653061,2101.13243061225,2348.11819081633,2538.16276122449,2331.75723367347,2268.82499285714,1726.84856530612,2017.02106632653,1988.51843877551,2050.49020918367,2415.711,2651.41103979592,2696.44515510204,2537.87249285714,2660.17693469388,2602.88159795919,2370.86692336735,2374.18067040816,2418.17009489796,2280.58764489796,2443.25172244898,2376.80603265306,2170.41847040816,2370.89475510204,2083.15198571429,2937.44931326531,2383.3706622449,1690.91583163265,2683.50855918367,2836.03269795918,2042.44958571429,2537.34986326531,1962.68698571429,2318.91256428571,2286.60458265306,2533.84621020408,2426.11802755102,1606.86866428571,2371.93080204082,2711.51399489796,2043.47182040816,2803.92757653061,2174.39139183674,2444.90161020408,2285.48424285714,2438.28116428571,2098.91905938776,2254.83072959184,2510.03296836735,2358.60513163265,2376.80216020408,1926.92441326531,2524.14917244898,1885.52196632653,2148.57542959184,2148.74183571429,2339.79739387755,1888.30167653061,1376.05242857143,1925.7112722449,1904.49463132653,2097.80444530612,2481.59771969388,2288.75643367347,2425.94122959184,1891.11491408163,2403.03111142857,2249.42305102041,2358.7037255102,2186.46687857143,2365.12045306122,2967.11482785714,2237.92980306123,2259.55392755102,2452.49055326531,2141.16118571429,1642.60406938776,2578.19720102041,2550.68523469388,2352.58289897959,2430.26118163265,2275.2115377551,2493.15634459184,2208.09613979592,2267.55544897959,2336.63769387755,2026.18327142857,2389.90480714286,2347.22270265306,2530.01125714286,2281.60318061225,2348.88101734694,2562.46502653061,2291.83047489796,2117.78936530612,2073.78446030612,1756.48374387755,2291.74773061225,2238.38958877551,2017.45658571429,2584.13442040816,2756.51195306123,2401.38619081633,2103.10885306123,2759.86691938776,2448.58125102041,2858.07323265306,2624.41129653061,3102.07564081633,2437.39714489796,2129.09767959184,2805.66880816327,2801.40169387755,2722.63560714286,2791.84265306123,2958.73449081633,2034.73511632653,2352.71137857143,2504.48405408163,1839.09580102041,2351.7344122449,2450.12688265306,2134.49540306122,1964.83814408163,2603.96980714286,2862.24366836735,2191.65706020408,2491.86106632653,2639.85558877551,1709.47543877551,2511.05143469388,2436.70775714286,2720.85430204082,2376.82069387755,1888.71896122449,1986.7006744898,2195.94163877551,1128.34236326531,2542.13898367347,2263.51502857143,2319.33467857143,2089.90692857143,2139.98619795918,2913.89826020408,2309.4651122449,2022.21333265306,2791.99173673469,2791.02181020408,1752.52589081633,1939.9969744898,1784.96755204082,2059.22431326531,1679.87935816327,2257.22102653061,2443.30117857143,2474.6025122449,2188.46819387755,2388.8783744898,1785.81478877551,2161.00773346939,2464.99745081633,2629.50501653061,1997.41868265306,2823.93455612245,2324.35501122449,2271.06236734694,2332.64656530612,2311.66896632653,1939.26335163265,2220.60696938776,2207.24175653061,1698.48697653061,1968.29456122449,2970.92437755102,2068.87242959184,1940.97832693878,2174.6500744898,2869.86460102041,2231.89431122449,3193.40799387755,2840.42336530612,2640.81395846939,2504.68772857143,2324.86531836735,2527.0340994898,2700.83641530612,3121.19141938776,2535.76796428572,1989.73926836735,1953.61642653061,2282.30134591837,2118.73193877551,1818.82111632653,2154.73747857143,1779.67747346939,1954.66154326531,2352.25051326531,2807.75564285714,1662.60422989796,2256.47467755102,2576.15177857143,2332.35520408163,2099.50835612245,2353.43929489796,2453.30480714286,2242.7993877551,2220.07016642857,2021.3716377551,2519.23615408163,2484.92093877551,2384.87466632653,1979.53776734694,2317.18978061225,2161.69752142857,2521.37948265306,2090.11561836735,2782.77027755102,2253.34517959184,2793.54978163265,1802.36328061225,2326.98973163265,2206.15868408163,2166.11401122449,2402.32260714286,2207.93626530612,2663.48986428571,2369.64919938776,2421.58609183673,2266.57303673469,2094.1411755102,2557.79248673469,2131.17133693878,2005.98299908163,2120.3831622449,2220.37788673469,2230.43394081633,2629.8622,2388.67562653061,1911.54739081633,2126.63166326531,2521.78075153061,2701.16088265306,2023.60844795918,2732.58386530612,2181.55565510204,2292.49924346939,2089.09671816327,2089.03808367347,2320.25616836735,2657.39778163265,2445.81972836735,2572.79847755102,2613.64536020408,2177.93234183674,2576.13896489796,2503.13013428571,1965.22121408163,2460.69786612245,1972.25808877551,2233.79158265306,2134.89556122449,2133.53677346939,2782.15111836735,2612.26359591837,3393.63326428571,2487.70413979592,2449.03570918367,2870.42943061225,1906.31474183673,2107.62226938776,1947.5044177551,2268.14486734694,1913.67873469388,2161.86485510204,1640.29294795918,2281.09411159184,2291.8492377551,2038.68563571429,2699.70168571429,2118.62839897959,1976.18794285714,3052.78018265306,2883.60883571429,2751.83100816327,2588.07466632653,2163.35628397959,1681.03342653061,1896.33704081633,1913.65606836735,2390.69390204082,2325.66320612245,2966.96915408163,2866.3902877551,2786.24543367347,2563.5484244898,2107.3762755102,2745.84147244898,2412.29877040816,2013.22419489796,2298.81058367347,2112.09279591837,2541.48113163265,2570.73753367347,2120.26046938776,2786.72720204082,2519.01428367347,2150.27641530612,2093.4548622449,3385.57344591837,2718.19211428571,2613.05740306122,2485.42890510204,2087.23841428571,2464.60101081633,1996.6288255102,2335.86113877551,2490.58892959184,2110.53772142857,1887.63068265306,2650.4942622449,1976.75936428571,2536.0803877551,2781.59256020408,2759.31697959184,2444.92507857143,2229.07202346939,2254.43770612245,2133.9185377551,2167.68549173469,2363.30211836735,2908.91312142857,2494.41330918367,2105.26099387755,2334.70933571429,2335.66450306122,1993.59268459184,2407.56852244898,2703.66824387755,2311.34844693878,2412.74011,2124.55974897959,2906.24483469388,2509.24536734694,2114.81944693878,2812.41258469388,2406.85102653061,2551.00189591837,2238.44826326531,1943.87413673469,2604.66368571429,2326.38396530612,1928.10810306122,2118.7937877551,1904.24953163265,2214.50323979592,1900.96195918367,2692.66639081633,2328.69157755102,1590.68845204082,2878.91837244898,2261.53049693878,1506.04544918367,2878.81143163265,2724.93225510204,2820.65625102041,2769.0224877551,2261.14138265306,1901.51270306123,2516.43023469388,2591.08140612245,2625.1424377551,2258.33372346939,1903.25958469388,2323.47075,2111.20719387755,1749.99314081633,2106.18557346939,2248.3144755102,2240.18820408163,2465.20740102041,2321.70065816327,1914.67523163265,1844.90963367347,2110.66991326531,1940.76217959184,2302.86886530612,2440.96222857143,2311.63409081633,2502.47467959184,2287.02012346939,2378.25414081633,2239.99007959184,2891.42398163265,2312.54899183674,1702.12411959184,1710.88670612245,2402.49608469388,2257.39718367347,2515.67137755102,2273.78738959184,2012.06422755102,2417.03366326531,3375.2929744898,2397.54147653061,2360.95998142857,2522.37788142857,2448.35344081633,2345.49991734694,2128.36164918367,2561.07720806122,1880.43885306122,2363.86705,2314.89232653061,1854.18009693878,2637.84756122449,3765.79789285714,1819.2471122449,2744.46641163265,2509.5284722449,2501.29655510204,2888.53551734694,2400.32859693878,2359.93932857143,2791.76996632653,2664.92795612245,2182.57877857143,2694.6700377551,1988.86993571429,2662.66257346939,2691.7997122449,2267.23617346939,2152.01106428571,2308.74834285714,1945.75303367347,1896.03112959184,2394.62732040816,1883.98789591837,2293.32816734694,1922.85547142857,2832.84410306122,2167.03641020408,2019.14083061225,2200.78676122449,2769.84118265306,2016.47180408163,2641.53224204082,2233.4922255102,2956.17079081633,1913.70494663265,2534.89350408163,2087.48419387755,2390.09692142857,2099.5935755102,2489.47265816327,2056.87010408163,2259.06093244898,2419.75560714286,1956.50265612245,2296.68090612245,2173.56912755102,2279.46098061224,2295.96075510204,2673.84765714286,2771.38715293878,1764.74245897959,2306.28917112245,2739.09799061225,2541.46683061224,2056.39883673469,2015.6355255102,2389.72700816327,3179.49712346939,2403.93016020408,2493.99455408163,2200.6602622449,2422.31451836735,2425.52287142857,2456.32364591837,1735.20719183674,2336.7095255102,2218.11913673469,2217.61779591837,2079.97763673469,2458.91977020408,1888.80853673469,2518.07407632653,2573.81610408163,2317.16450102041,1978.49747346939,1768.07956938776,2704.22868877551,2491.27750510204,2723.36624183673,2394.3308122449,2039.52435918367,2409.37769081633,2312.53445,2022.75086632653,1520.62300306122,2084.41621428571,2499.36647040816,2662.99229897959,2505.64831428571,1758.44216836735,2265.6125377551,2003.76964387755,2518.58958061225,2668.26557346939,2082.93257142857,2150.23464489796,2385.89158306122,2041.67177857143,2248.24293265306,2657.04649591837,2667.97674489796,2381.30873061225,2680.11086326531,1795.67304285714,2487.64484081633,2960.6997255102,2594.03209285714,2508.04060061224,1819.51795979592,1644.0706255102,2574.62113163265,2578.79530204082,2195.13692142857,2282.68300306123,2544.95706632653,2575.91809489796,2374.9015272449,3494.93825102041,3015.62109081633,2181.68435,2462.77767653061,3395.84861530612,2559.21793367347,2012.60127040816,2141.69886020408,2085.4827622449,1895.66812959184,2498.87517653061,2070.72154387755,2451.92383469388,2152.93630714286,2211.11767040816,2167.02975918367,2308.94363673469,1808.03311632653,2316.65734081633,2599.51774591837,2395.27755,2698.00032142857,2101.47428265306,2431.97960204082,2135.18165408163,2116.14030204082,2261.38658571429,1913.98083183673,2403.93769795918,2376.82431122449,2386.2462377551,2478.64668469388,2346.59554489796,2521.19376653061,2306.59048469388,2222.98620306122,2346.90468163265,2108.13144285714,2114.70938979592,2278.93145306122,1795.16372040816,2476.83883571429,1685.82428673469,2106.46151122449,2294.53014897959,2266.90905408163,2333.33902653061,2383.46455102041,2465.48448061225,2648.55534081633,2364.17736836735,2938.38932142857,2137.4829255102,2266.48779183674,1612.86282040816,2772.6767755102,2198.83424285714,2148.30684795918,1986.7911,2152.86145612245,2290.05716020408,2074.3661244898,2378.92614183673,1843.50820612245,2467.44882346939,2455.0523122449,2170.90484489796,2243.62533979592,2668.43280408163,2385.6460244898,1770.02316530612,2193.19702102041,2355.19411530612,2222.2301255102,2431.15788061225,3023.40452857143,2786.71595816327,2759.04039897959,2233.74569387755,2012.53043979592,2526.10521428572,2007.84649693878,2329.32973367347,2368.16847081633,2130.54846632653,2762.33000857143,2581.98165595918,2284.61446632653,1943.71135714286,2059.58219387755,2484.67009081633,2468.80466571429,2792.74345306122,2320.40917653061,2131.01707040816,2386.30551734694,1949.51860918367,2255.92753367347,2488.01655612245,2708.72075918367,2830.33723061224,2268.72433469388,2135.40944693878,2997.45172244898,3026.05458571429,2206.50531020408,1775.61864489796,2295.57597857143,2180.14097959184,2204.37692346939,1933.77260918367,2369.56229183674,2013.57484489796,1710.80217244898,2785.40601428571,2318.96581428571,2073.97875408163,2678.39402653061,2564.83935204082,2371.30226020408,2561.27378265306,2021.99482244898,2311.57177877551,2489.97058265306,2805.99803102041,2993.05320408163,2058.43022285714,2181.44498918367,2395.94908367347,2207.42921530612,2396.18075204082,2564.27593204082,2405.48609285714,2191.81584081633,2430.56292755102,2003.56412653061,2030.22157867347,1932.94925897959,1791.9993,1703.98382755102,2428.66488367347,1845.95666632653,2317.52717244898,1653.99518877551,2310.28620653061,2390.05735102041,2555.98238673469,2595.36723163265,2198.60784857143,2908.64893102041,1940.98812653061,1823.81825959184,2220.41326938776,2519.30347959184,1635.60089693878,2077.41149795918,2397.74268061225,1806.40699387755,2690.13835612245,3155.54074897959,1944.1014722449,2042.31561265306,2222.69766326531,2773.33003612245,2344.24209489796,1602.55941632653,2372.18530408163,2379.06284285714,2164.62255918367,2017.43968061224,2434.99697653061,2669.87094489796,3035.40618571429,2290.35302959184,2557.06594183673,2248.5302744898,2637.73055306122,2309.33804489796,2137.71678367347,2331.59862142857,2097.52715306122,2245.77343877551,1863.56441530612,2120.76804795918,2416.55024489796,2228.17704693878,2022.28228761224,2386.87838061225,2138.10168469388,1731.41310408163,2818.7843377551,2497.12521579592,2160.61293265306,2740.97499693878,2839.96270204082,1692.60457040816,2582.6661755102,2448.83054081633,1932.25505102041,2565.82075102041,2359.64946408163,2472.63474897959,3055.0607755102,1922.19094969388,2729.99040204082,3063.62446938776,2493.33738367347,2004.17473571429,2223.47221122449,2520.86251020408,2388.29071428571,2222.55801336735,1666.8446744898,2144.25240612245,2443.65798163265,2385.37528142857,2282.37423061224,2120.02312857143,2583.27279183673,2086.18814081633,2134.65182244898,2752.76901836735,2358.16144387755,2631.12136938775,2726.17020510204,2913.27165653061,2995.29267346939,2603.41712346939,2176.39146326531,2303.53972040816,2429.47122653061,2561.18642040816,2046.70020918367,2157.66414795918,2368.88698673469,2162.65265102041,2184.70045102041,2056.90387755102,2162.98981836735,2288.11746122449,2370.05325408163,2583.7448377551,2505.36650816327,1738.22156428571,2392.4065244898,2156.71437897959,2355.87169591837,2432.17609489796,1978.25018061225,2012.01888367347,2332.98925204082,2128.76647928571,2046.02734591837,2189.89427959184,2222.24116673469,1825.99244285714,2390.70566326531,2200.41573163265,1996.67465,2798.97086938776,2350.19165653061,2203.95683163265,1995.33492081633,2510.88262959184,2559.90786836735,2421.20140102041,2449.56517653061,2203.96550408163,1872.64969795918,2156.66352653061,2036.23060816327,2059.37003469388,2402.04079081633,2384.22851673469,2629.07147244898,2376.3713122449,2363.70748265306,2115.45538163265,2786.11880612245,2715.69223061225,2360.27573469388,2175.29928877551,2649.27159795918,2858.42163469388,2239.27348367347,2389.84372959184,2249.99646357143,1761.47759183673,2525.04813979592,1735.88196734694,2417.34757244898,2268.06596530612,2250.83278469388,2239.71445030612,1893.40595612245,2095.71774081633,1857.27882346939,2765.43202326531,2172.44959591837,2067.6389377551,2098.67463061224,2091.47627142857,2851.51144081633,2416.48849897959,3455.56850102041,2162.84226020408,2570.32756938775,2427.74287142857,1820.12663367347,2529.00616122449,2420.18656530612,2328.57689387755,3178.80126938776,2555.39998163265,2265.8473122449,2618.99466938776,2618.41206836735,2028.62340938775,2101.23027142857,2501.63753469388,3206.84641122449,2625.72580204082,1757.61575102041,2510.86154489796,2208.31791530612,2752.05975,2010.94625102041,2265.56346326531,2892.10910530612,2110.39164632653,2211.5022,2167.20539387755,2298.26695510204,1436.31260612245,2718.4214744898,2066.99962755102,1633.48593265306,2304.38503571429,2360.2742122449,2680.46529591837,2767.5296122449,1619.13180142857,2163.96299387755,2116.7303005102,2214.14684183673,2511.39219357143,2565.12794897959,2438.23447755102,2252.46731836735,2406.61775816327,2410.43534693878,2388.89301428571,2399.45209081633,2706.88632653061,2620.47421428571,2407.21430408163,2329.96869489796,1935.11542346939,2149.79158979592,3190.96276673469,2753.96265102041,2108.70804795918,2734.01712653061,2190.04358367347,2154.67717173469,2411.69239591837,2134.42892653061,2415.50930612245,1705.6345122449,2374.14798469388,2516.57051836735,2710.31329183674,2837.27346530612,2652.8991877551,2538.38370408163,2957.8783744898,1754.38719795918,3073.08003693878,2383.39801755102,2610.87859795918,2347.15889489796,2583.86063979592,2203.89146142857,2038.58861836735,2189.40840918367,2939.87586836735,2139.93514183673,2881.36499897959,2386.16292755102,2447.79551122449,2211.63620510204,2283.05539183673,2556.98065714286,2535.94526632653,2341.6075877551,2392.17952040816,2507.07919591837,3005.83486428571,1947.82433571429,2643.41049183673,2044.64383979592,1826.08294061225,2263.2641244898,2013.78964693878,2793.98186020408,2256.11046887755,2171.91836479592,2389.40799591837,1825.37426530612,1634.20603265306,2324.45333061224,2519.32351632653,2623.54801836735,2260.7350855102,2020.44539183674,2284.52857510204,2308.94299387755,2040.09185816327,1998.59003265306,2058.69839795918,1924.41302653061,2460.06411836735,2725.13794183673,2573.0049,2690.59335102041,2443.47831117347,2976.54303673469,2108.39392244898,2384.57389897959,2300.55274183673,2248.66057653061,2415.8051744898,2454.66717244898,2502.95475306122,2672.68304489796,1898.07854693878,1401.7055397449,1783.32348959184,2938.72706020408,2366.19452653061,2367.26284959184,2339.88083673469,2238.1257122449,2022.22963204082,2421.17625510204,2096.24198265306,2030.04750306123,2195.47891938776,2259.5970622449,2648.0691244898,2517.77793877551,2477.23568673469,2341.68151938776,2522.15255510204,2244.84858673469,2537.46247755102,2446.06921040816,1982.75079714286,1940.78867122449,2582.11580755102,1931.88924897959,2406.16381234694,3348.70601714286,2900.73449081633,2251.45830102041,2239.55970510204,2512.62894795918,2429.80327857143,2156.86523061225,2696.41702346939,2590.31718469388,2532.89498877551,2724.01711836735,3000.13640816327,2868.9237244898,2666.34785816327,2091.49980510204,2107.07253877551,2314.57550612245,2209.54042959184,2244.80050408163,2484.35083265306,2509.79919183674,2221.28676836735,2437.08932857143,2319.75158163265,2002.74436020408,2232.20429489796,1707.0048255102,2165.00842244898,2192.39123979592,2238.68225510204,2321.23557040816,2419.42565510204,2677.35080816327,2282.23828673469,2356.56708979592,1953.40305306123,2740.96365408163,2501.54940306122,2111.12111326531,2789.21179693878,2066.54051938776,2307.8641222449,2582.13016122449,2695.46820612245,3265.97372755102,2602.12555408163,2380.65830408163,1693.13832367347,2352.74129632653,2269.47983265306,2276.43477591837,2141.13616428571,2158.04539693878,1996.4938755102,1967.51887142857,2073.66851938776,2289.00256530612,3184.3948244898,2851.91220102041,2652.19253693877,2464.54897755102,2286.17037959184,2188.68388877551,2282.68123367347,3268.88629489796,2748.66361632653,2214.60039693878,2239.18025306122,2220.20260408163,2078.95162142857,2550.33955,2317.3707244898,2341.05218877551,2765.32733469388,2541.39508265306,2990.04000836735,2728.85855714286,2762.85641734694,1816.9110255102,2157.21579510204,1984.97401020408,1841.93731020408,2062.10712040816,2261.04170102041,1951.09268571429,2187.6027622449,3146.57899693878,2525.10120714286,2279.29770306123,2014.14382346939,2245.54598673469,2109.74352551021,2446.05110102041,2323.79460612245,1961.92560408163,2342.61434612245,2295.69970918367,2660.95816734694,2438.26351530612,2767.6926744898,2629.02926040817,2216.08821938776,1830.92684285714,2360.40753367347,2332.16229897959,1846.78392142857,2422.27033489796,2261.07147010204,2582.67530714286,2105.92557469388,2452.22101020408,2853.96803469388,2661.09333367347,2336.05334387755,2437.77343265306,3105.17566428571,2810.13441428572,2663.85417959184,2360.35004795918,2938.36690612245,2505.98205714286,1704.59454608163,2134.05763163265,2163.6247877551,2720.10675102041,2050.45188061225,2161.55534285714,2332.03541326531,2501.4027755102,1932.7017377551,2245.06620714286,2299.19491632653,1672.56016734694,2529.89992857143,2330.19876530612,2636.97820714286,2060.17057142857,2301.05485102041,2430.5181122449,2386.72346326531,1929.0648622449,1975.38638265306,2659.55582857143,2448.8338377551,2609.31990510204,1715.14954591837,2268.24257040816,2163.88940204082,2290.64086632653,2547.97253469388,2134.71991020408,2090.28593673469,2740.69800204082,2795.82829693878,2379.80261122449,1617.50445204082,2240.25796693878,2281.56384081633,2098.33019591837,2015.27417040816,2138.28796836735,2576.70430714286,2223.76801020408,1810.45987030612,2180.07158061224,1991.7840622449,2446.64383163265,1652.99402193878,2654.90099244898,2714.92508571429,2248.37965204082,2284.72695816327,2439.77510816327,2459.2802877551,2258.38546836735,2409.69689489796,2027.88874693878,2539.03538265306,2053.11794183674,2381.35029387755,2216.87241632653,2131.61935,1709.14000306122,2094.96596530612,2152.36036795918,1823.95764183673,2762.45304591837,2160.81565510204,2145.67385816327,1936.13636530612,1726.97615510204,2235.7368705102,2287.46475306122,2430.02314285714,2374.15196959184,2439.84773979592,2453.46594081633,2179.64608020408,1750.03522244898,2155.95110959184,1777.38237142857,2177.17228244898,2521.00639306123,1935.67093081633,2343.47123142857,2770.82917653061,2483.30037755102,2044.53782959184,2382.64431530612,1987.82399489796,2316.39365306122,2424.55385306122,1923.34078367347,1640.99372346939,2665.42308571429,3194.84010204082,2303.90763163265,2121.5601377551,2299.85065040816,3825.15808469388,2820.92137142857,2167.92561938776,2121.98644081633,2158.54385244898,2434.9981244898,2270.00306020408,2955.17635204082,2334.98958571429,2186.88323163265,2539.95580714286,2413.61689081633,2562.27371938776,2296.1530122449,2446.26541734694,2419.20424897959,2972.72250102041,2536.47678163265,3071.61089285714,2356.10022581633,2324.99576734694,2319.93683979592,2870.4521622449,1532.33800816327,2157.44145612245,2428.9125122449,1969.84395306123,1972.88788673469,2049.64565510204,2218.85583265306,1987.09507244898,2038.5170255102,2534.62765510204,3068.12603265306,1955.23306836735,1892.18992244898,2159.88306020408,2015.05655918367,1967.91417857143,1978.96693367347,2324.73548979592,2397.67058571429,2539.52045387755,2623.25434591837,2536.38380030612,2445.56739163265,2336.61291938776,2387.00838571429,2677.13884989796,3015.53513591837,1899.24516887755,2129.23246122449,1919.02548367347,1862.62748877551,1941.93963673469,2234.30275,1791.81275102041,2179.37587142857,2328.63822040816,2279.91864693878,1994.58956734694,2429.92360714286,2417.24597857143,2414.12294285714,2213.27865510204,2082.24716938776,1663.08768571429,2055.82147612245,1923.9477944898,1916.70296010204,2090.27615806122,2283.6991944898,2264.9721705102,2261.54311846939,3298.45039897959,1985.26533591837,2649.40643061225,2416.41334795918,2413.90627244898,2129.8960255102,2211.11103367347,2545.40960306122,2125.05434897959,2560.32742959184,2414.32721530612,1681.68850714286,2892.50715102041,2157.99631020408,2258.00992653061,2202.28274285714,1976.20549489796,2398.24907836735,2884.99263857143,2527.91227346939,2378.08910612245,2654.60835306122,1885.13094387755,3002.33162142857,2314.53495408163,2867.24693367347,2240.00696183673,2071.16956530612,2296.18161938776,2682.27226836735,1807.72466755102,2044.54628061224,1831.96432540816,2424.61280204082,1573.09138571429,2650.57716857143,2353.19760714286,2167.4299744898,2277.17940816327,2167.80283846939,2266.26507653061,2127.97475306122,2272.26619,2071.11846938776,2729.82962142857,2554.85440438776,2845.89213469388,3076.32426428571,2492.1219622449,2530.95044795918,2505.68414795918,2190.88080714286,2362.62279489796,1871.14071734694,2200.9194877551,2256.01502040816,2227.42497142857,2247.38278877551,2294.85745612245,2556.4256255102,2017.54599897959,2382.57622632653,1682.76506938776,2692.33541326531,2612.33041122449,2074.03278265306,2096.69427295918,2381.82033673469,2218.47329285714,3082.77434693878,1179.43228367347,2604.44268061224,1953.42822653061,2237.54903061225,1939.47339102041,2637.42037959184,2309.30182122449,1796.76176632653,1594.62026938776,2150.87429795918,2193.04821212245,2275.21463061224,2330.87546959184,1823.08312938776,2069.93466122449,2306.47052040816,2446.15374897959,1970.45606428572,2401.90237857143,2497.92885,2376.42480612245,2073.67230306123,2179.19817755102,2001.18449693878,2065.6307244898,2121.74766530612,2234.09443387755,2143.43892959184,3197.53137755102,2018.71940306122,2427.64746428571,2165.36443469388,2831.5375744898,2434.99100204082,2753.23045714286,2279.75559183674,2940.97898367347,2385.94032755102,2194.06227959184,1928.6400622449,2550.4967877551,2077.16293061224,2207.09616428571,2549.04934183674,2000.67493061225,2152.81367653061,2119.10754969388,2470.13253591837,1782.61273265306,2028.60747857143,2403.57635612245,2262.29406,2338.93762408163,1835.95225581633,2500.30245510204,2041.97200918367,2745.35634183673,2039.17364795918,2427.98937142857,3289.77727755102,2202.08765908163,2022.08141530612,2103.69303877551,2137.42418877551,2309.83153163265,2081.00944591837,3226.47195163265,2582.64558163265,2344.89224867347,2492.11763846939,2369.70005204082,2094.92181428571,2371.99936326531,2392.42037938776,2335.45670102041,2369.44075714286,2078.51715816327,3010.42816632653,2197.67620714286,2553.0795255102,2902.50414183674,2048.24428367347,2130.56710306122,2373.48800510204,2851.77549795918,2358.9006622449,2613.53969081633,2707.78214387755,2392.83545102041,2098.14700204082,2616.44064387755,2012.13543367347,2413.16706265306,2548.91991428571,2255.37818877551,2068.39881020408,2469.91800816327,2622.58018877551,2002.17864285714,2263.06726836735,1996.22505612245,2471.65267418367,2580.7551377551,3047.15949653061,2189.40600510204,2134.56380612245,2793.52656836735,2298.89035612245,2420.87705204082,2109.63984183674,2404.82196632653,2144.2859877551,2323.07937346939,2129.88408673469,2700.0649377551,2117.27142653061,2707.02401836735,2382.31977653061,2569.28362959184,2272.61496836735,2082.92623877551,2224.64904183674,2311.17806938776,1753.17929795918,2083.33272959184,2170.13331530612,2244.44336122449,2545.70401632653,2119.67811020408,2501.91693571429,2469.00356020408,2508.80203489796,1891.16128367347,3028.33698877551,1887.6833122449,2167.91952306122,2317.78721734694,2540.4096255102,3317.08662959184,2000.37099897959,3076.67327857143,2211.65894653061,2387.22559081633,2452.76819387755,2361.01080510204,2566.69241020408,2159.76362244898,1821.06863877551,1923.50653816327,2027.49400857143,2615.30143571429,2033.74439591837,1934.94505918367,2127.00325918367,2227.17204183673,3139.96064183673,2242.80151530612,2626.85530204082,2860.65087346939,2697.06711122449,2279.44867653061,2905.08378061224,2209.33740510204,2230.02643877551,2086.49376326531,3438.41532857143,1917.14422714286,2049.91768877551,2352.51064285714,2213.02011122449,2524.71933367347,2408.6342755102,2912.57988163265,2674.01926122449,2953.45609489796,2186.65823469388,2370.99245918367,2343.71214591837,2152.70942857143,2359.70112244898,2147.72534183673,2329.44824387755,2312.71103163265,2212.23079693878,2249.65093244898,2279.54214285714,2787.97225204082,2504.85309693878,2277.5288,2307.25465612245,2449.06746122449,2110.86675510204,2307.56189387755,2483.92701734694,2025.75518673469,1875.68515459184,2187.85711428571,2495.65031632653,2446.76298265306,1966.45604693878,2209.72846020408,1935.68071204082,2473.66937040816,2431.55074387755,2509.45731632653,1925.70326326531,2270.8956244898,2549.5946244898,2394.33575102041,2900.39783204082,2664.73553204082,2440.08577959184,2413.73310510204,2485.31617204082,2139.70673571429,2829.63898877551,1877.23048469388,2117.25262040816,2452.81187959184,2680.42829183674,2656.14923979592,2503.7698244898,2332.13618979592,2273.63988102041,2414.00538183673,1970.48476122449,2620.65258877551,2461.36379897959,2904.82846326531,2984.74603469388,2389.9362,2065.66626346939,2495.26242857143,2185.90895367347,2523.6743744898,2426.0082255102,2492.42128163265,2683.54939897959,2812.26727755102,2664.02810204082,2944.79954693878,2750.77187755102,2107.3976,2235.64635612245,2455.81877346939,2506.19930612245,2547.83126428571,2407.66416734694,2552.95676020408,1848.27017653061,2599.02667142857,1903.66895918367,1922.99174183673,1530.24299795918,2037.51062142857,2107.45842857143,2130.55808877551,2369.98272653061,2283.56090504082,2361.04436530612,2265.42847040816,1835.84692346939,2422.48520306123,2619.92760510204,2618.20966530612,2275.37606908163,1597.57749795918,1913.4675122449,2118.11335469388,2576.57333163265,2358.70611836735,2260.20581020408,2722.23785918367,2278.76360612245,2621.97999081633,2085.57470306122,1671.39903204082,2723.86001938776,2726.52893979592,2310.38554244898,2255.91409897959,1895.73215306122,2345.9303,2074.1763255102,3002.40417244898,2539.17954693878,2559.40081428571,2822.0537,2624.9661,2109.32422959184,2166.41062346939,2227.08110612245,2380.7497,2030.12108367347,2446.42981020408,2659.82878469388,2344.25078469388,2763.85997510204,2713.19375877551,2697.72540510204,1824.83497755102,2261.08728673469,2294.56885918367,2482.62959387755,2074.96563367347,2248.34905612245,2550.15154081633,2155.02095510204,2184.33747142857,2386.04829795918,2511.15638673469,2545.21335918367,2470.26090204082,2281.05608469388,2352.14925112245,2086.67385,2092.74412346939,2000.80038683673,2284.75377142857,2202.2773622449,2347.52186122449,1942.18084081633,3094.36912244898,1990.63219081633,2552.85296734694,2566.52661530612,2372.40367244898,1946.63104795918,2580.31797346939,2234.48926020408,2533.43279081633,1986.1097744898,2001.84123979592,2589.21856428571,2009.15465030612,2632.61733469388,2205.68126020408,2692.49488979592,2717.56894897959,2035.91400612245,2128.53862755102,2116.96488877551,2371.66299857143,2923.66899081633,2617.87039693878,2833.67111530612,2234.86347020408,2767.42092653061,2406.67213265306,2259.40951428571,2399.50506020408,2015.5141755102,2495.18265612245,2695.74241020408,2392.76112132653,2217.43840673469,1811.35219897959,2522.90567040816,2457.55270612245,2506.93691734694,1921.89033632653,2336.00923877551,2521.08174897959,2908.51329428571,2513.12084591837,2200.07680102041,2062.42040918367,2394.94638571429,2423.99749285714,2626.21853877551,1754.37247346939,2517.01385204082,2575.62894387755,2760.71059367347,2543.58767346939,2260.88327244898,2620.79532040816,2372.33928183673,2191.31706428571,2057.14721632653,2597.2244744898,2525.02548061225,2923.41736326531,3289.33128265306,2376.77838571429,2459.89570714286,2391.4305377551,2662.70918469388,2443.66369795918,3038.81313367347,2134.32729346939,2074.71335,2388.78059081633,2116.63178877551,2625.25320714286,2683.07672653061,2558.99936653061,2214.57879591837,2371.36704183673,3212.27695102041,3210.90336836735,2162.08937959184,1979.05943571429,3042.50306938776,2545.6030755102,2532.28800510204,1803.58311530612,2634.13877142857,1987.5804244898,1916.97377244898,1678.09080306122,2693.70592959184,2288.46195714286,2097.61631326531,1864.15359326531,2254.25073571429,2102.95869928571,2066.37507857143,2178.4059,2433.95112836735,2393.4685877551,1513.01999489796,2798.70633061224,2287.03417122449,3447.88000408163,2566.53904285714,2439.08681938776,2061.21439387755,2462.17109122449,2530.42717755102,2380.51204693878,2119.78339693878,1977.52355816327,2353.94115918367,2367.1528122449,2414.87398979592,2288.76189183673,2767.02705,2914.73881632653,2346.08644489796,2446.14640204082,2407.16190510204,2023.10490510204,2495.62275510204,2820.27907755102,2651.4812377551,2594.28272387755,1822.89854428571,2099.43552142857,1775.08542346939,2108.01164387755,2040.89857653061,2504.43846020408,2062.04104183674,3028.44150612245,2865.75836530612,2373.88755367347,2281.22690367347,2116.23678285714,2354.41721530612,2440.84901836735,2328.29458877551,1696.50969693878,2238.66248367347,1957.77586020408,2412.90362244898,2054.84391836735,2216.94288367347,2416.95571734694,2514.1654744898,2093.8607255102,2564.83376938776,2270.71989693878,2141.5922877551,1977.22805612245,2239.05674081633,2035.30416122449,2272.0980377551,2871.71796020408,2657.45797653061,2388.66686734694,2338.8413,2424.22625408163,2882.78546061224,2017.13536122449,2800.01338061224,1856.0736,2204.68607653061,2352.63587857143,2350.05279897959,2778.58872959184,3067.94863469388,2915.38623265306,3528.63551989796,2500.06311244898,2947.33373061225,1797.72541938776,2183.35430102041,2198.25774489796,2121.65482959184,2760.0886222449,2239.43840408163,2629.51771122449,2385.33892693878,1937.43824081633,1973.7812622449,2347.65521734694,2555.08537244898,2218.18998469388,2470.23858979592,2328.10197040816,3474.21689693878,2424.54019489796,2120.63007244898,2648.88351887755,2331.98557857143,2212.90014897959,2452.94716428571,1554.69959897959,2364.13959489796,2321.45026653061,2525.10353571429,1782.95657959184,2401.5324244898,2167.7864244898,2333.51370612245,2142.44695714286,2138.73905918367,2726.03260306123,2426.58246122449,2214.15720326531,2257.36791734694,1853.76651693878,2582.11016489796,2564.28755306123,2214.93558510204,2756.15095306122,2823.36752653061,1962.25039693878,2137.6308255102,2214.87382040816,2606.41112244898,2444.56522755102,2536.44929081633,2553.0680744898,2651.33952653061,2708.74700510204,1759.95439857143,2341.44734183673,2312.15771836735,2341.25815510204,2208.17644071429,2300.71754918367,2170.11109897959,2603.81021897959,2502.47425612245,2276.91235,2653.53409387755,2767.79815,3256.60013265306,3213.26905816327,2530.49582040816,2650.47731836735,2556.20196755102,2792.21567040816,2111.09572959184,2858.43940204082,2557.70800102041,2211.84738163265,2732.37569387755,2586.84739387755,2194.28558367347,2241.0917127551,1828.61310306122,2260.93669795918,1682.35749693878,1809.23966836735,2311.18488469388,2331.02563571429,1791.13188265306,2400.09531938775,2038.77544285714,2375.59752040816,2150.23650306122,3256.83141938775,2622.78647826531,2010.67238061224,1869.32794632653,2640.43810918367,2309.02109602041,2044.69099255102,1966.17058163265,2763.56389897959,2604.13014183674,2594.68191204082,2610.8061,1800.53679489796,2027.16757857143,2049.73509959184,2590.58163163265,2074.49339489796,2281.34187755102,2119.24530510204,2139.82696428571,2467.30854897959,2394.94618877551,2272.32419285714,2760.14115714286,1923.04026326531,1984.19995693878,2500.11947918367,2423.40608469388,2053.4451122449,2281.95881530612,2994.72442142857,2780.55426734694,2409.08719387755,2502.49279387755,1852.9426244898,2210.42853979592,2297.77252142857,2276.90515102041,3062.53672142857,2240.04111734694,1976.87530163265,2615.31517142857,2625.60386734694,2815.39959591837,2159.43205102041,2537.33411326531,2477.62848163265,2654.87134387755,2290.67203163265,2387.68846020408,2390.79529285714,2515.21631122449,2370.64491428571,2413.36330204082,2009.75729897959,2891.38766632653,2806.8138622449,2603.20358979592,1921.28669591837,2583.44837653061,2505.98073040816,3124.44968877551,1982.03585765306,2310.44592142857,2397.14640918367,2995.63821816327,2278.39689489796,2339.78319795918,1999.25382204082,2044.8277244898,2534.29372102041,2287.6012255102,2643.44085306122,2749.9254755102,1855.02453571429,1985.65277346939,2183.81639693878,2463.29975714286,1845.4212244898,1780.76068122449,2232.05224571429,2095.02110714286,2057.81456265306,2165.80079273469,2873.71646122449,2300.04206632653,2024.42804693878,2105.97063367347,2362.41795204082,2406.36250102041,2081.26854489796,2667.85553673469,2344.29226020408,2628.22783571429,2177.02435306122,2081.41096530612,2451.23999081633,2181.47382244898,2253.13009489796,2395.18210204082,2604.85206326531,2501.78450510204,2726.21801632653,2322.25886122449,2523.42876836735,2624.25940469388,1861.74569469388,1885.80763061225,2708.53165102041,2319.67464489796,3331.38069816327,2646.56454081633,1627.40829183673,2320.7479622449,2520.34366122449,2130.43758469388,1932.43671428571,2448.0398744898,2289.42733877551,2418.99163785714,2439.91943744898,2824.15602142857,2217.6016622449,2348.0065244898,2971.34588061225,3169.08150816327,1874.81523612245,1882.10778367347,2576.12117346939,2253.26554183673,3030.2522622449,2548.76813979592,2222.2640377551,2029.43625816327,2386.75764081633,2302.69023571429,2047.90934897959,2865.04429387755,3288.16158744898,2069.22805,2274.88354285714,2288.26862755102,2206.61617142857,2461.59070408163,2583.70441530612,2498.29208428571,2433.23203,2145.50910408163,2352.11266734694,2263.1565122449,2271.39640306123,1982.86475510204,2230.41662142857,2022.57175785714,2850.66560408163,1853.96246326531,2052.60809285714,2509.91967346939,2362.36729693878,2015.76775714286,2859.47350918367,1823.03029489796,1969.23893163265,2218.26238061224,2334.34209673469,2091.05828367347,1984.78033244898,3081.52900438776,2809.88758163265,2694.70708469388,2960.92340408163,2440.58274183673,2509.68217653061,1365.22384591837,2235.49674897959,1977.69767346939,2162.61509071429,2152.74482244898,1981.91579285714,2371.48526428571,1943.04660918367,2357.06692755102,2704.08195510204,2555.98925612245,2361.66136428571,2556.81560714286,2926.63357857143,2767.47733979592,2444.57618061225,2039.24896938776,2824.92362959184,1865.01203877551,2544.7809622449,1955.75939795918,2263.20550408163,2318.15425714286,2603.81713469388,3023.30279081633,3315.21374367347,2320.00582469388,1868.4038944898,2611.98148306122,2050.75581836735,1995.55255714286,2024.11851326531,2446.85982346939,2509.5748744898,2322.80885714286,2300.68887244898,2213.16381326531,2219.71283979592,2323.79112959184,2023.81201938776,1863.60974285714,2697.99248489796,2364.10526530612,2971.49793265306,2641.66508571429,2804.7380255102,2732.14580510204,2470.73725918367,2026.49759591837,1741.4386755102,2676.10834081633,1980.39732959184,1789.94342142857,2628.57020306122,2581.49246428571,2438.00706020408,2028.94265612245,2685.37524693878,1880.19365163265,2627.08524765306,1945.15499571429,2368.0018377551,1814.02402244898,2360.78006530612,2515.43986326531,2813.58169897959,2431.86191122449,2077.75550102041,2715.25127234694,2676.28712755102,2207.29153571429,2116.04716836735,2208.3173072449,2068.93375408163,2329.51230408163,2085.07884183674,2198.03788717347,2042.07103615306,2670.58800265306,2226.60020816327,2387.82596877551,2640.75763673469,2578.67750102041,2219.42885938776,2352.75302346939,2406.83420816327,2058.28950816327,2577.1459244898,2387.45187653061,2025.54748877551,2417.62121632653,2855.22919081633,2699.49892142857,2345.65770714286,2294.52412244898,2265.76378265306,2333.34954081633,1848.70944489796,1688.74658367347,2397.37412755102,1882.28528367347,1935.87719081633,1954.9325255102,2594.6284122449,2585.5970377551,1808.16831326531,1838.12634693878,2014.14430816327,1991.58788469388,2157.49952040816,2607.65077040816,2358.80921020408,1925.76000204082,1818.72477857143,1920.93855102041,2691.39686530612,1887.77662346939,2725.26911020408,2278.89954816326,2263.63910918367,2012.75471632653,2890.26659183673,2453.73526326531,2381.45851714286,2446.49271836735,2246.05255204082,2053.53543979592,1736.13736091837,2588.98207346939,1973.70396326531,2454.07708367347,2270.84475918367,2585.58784581633,2528.39952040816,2118.72456836735,2035.69437244898,2201.12766428571,1981.51503571429,2071.26455204082,2448.77572959184,2592.81120816327,2761.27185204082,2369.35649285714,2422.52601122449,2292.70568265306,2227.90857857143,2102.28046755102,2421.6618377551,2625.48010102041,2455.71204081633,2324.02152755102,2707.21902204082,1961.96547204082,2850.26248673469,2312.71850326531,2416.24710918367,2774.84794489796,2661.5583305102,1857.57808795918,2291.02744489796,2342.63713673469,2652.88548673469,3259.71832857143,1997.63073061225,2421.36966632653,2014.37555816327,2375.89556734694,2645.66108061225,2811.52357040816,1744.69608265306,2132.15071020408,2156.00881632653,2370.87631530612,2260.02948265306,2167.80429530612,2276.93320204082,1950.18858061224,1781.59372346939,2297.38139979592,1786.38721122449,1944.55863265306,2697.65866061225,2328.03320632653,2334.05807346939,2159.67215102041,1988.32629795918,2879.94564897959,2747.93823877551,2499.36647755102,2476.70620561224,2012.90680102041,2091.93713265306,2430.91292428571,2177.57582755102,2357.89311734694,2620.96133673469,1955.11914693878,2585.12670081633,2641.61352142857,3288.60191428571,2612.83761836735,2058.37613367347,2411.29912653061,1796.0717877551,1933.07293877551,2031.29459795918,1993.58105204082,2159.06911020408,2280.93590897959,2532.77799897959,2412.96171653061,1748.05608836735,2948.21593979592,2008.42723163265,1968.3438255102,2104.22312857143,2059.7098455102,2270.73947571429,2103.66050204082,2334.07130306122,2484.68006530612,2633.87364693878,2083.97071938776,2427.72376632653,2202.66987755102,2269.53814897959,2146.63530306122,2570.87002244898,1984.45259469388,2418.41346326531,2494.80656877551,2858.41160306122,1943.7635755102,2277.71869183674,2593.92059693878,2681.71891734694,2610.77820204082,2304.19381142857,2279.38463469388,2536.33236010204,1810.97788469388,1850.00548867347,2264.56668122449,2210.74274795918,2068.91979755102,2353.75763857143,2088.56280040816,2886.21463163265,2526.15921632653,2248.17942755102,1911.14267142857,2452.29421326531,2849.07297959184,2204.18740306122,2035.68259489796,2388.66624897959,1905.21285510204,2302.12065714286,2004.33827040816,2076.97920714286,2400.58882857143,2657.33557755102,2116.51686591837,2719.07213979592,1951.60937653061,2158.06555306122,2178.9970255102,2382.84309795918,2191.70088469388,1864.24788183673,2332.61469795918,2359.99143163265,2531.69401938776,2506.10051020408,2776.64782204082,2157.67002857143,2585.69370816327,2520.77035714286,2645.68032244898,2085.15208469388,2131.99576836735,2258.75507346939,2012.2358255102,3000.76798265306,2333.92793571429,2552.31732857143,1536.19604897959,2619.05105306122,2359.6415377551,1965.79712857143,2299.16567959184,2304.83924285714,1771.38799591837,2623.1168255102,2452.45604897959,2379.20866326531,2388.45450204082,2446.04929285714,2558.02545918367,1822.6541122449,2239.16078163265,2107.52203265306,2518.15496122449,2143.59294795918,2232.3021877551,2331.04580979592,2196.72518959184,1944.09049591837,2370.17322959184,2096.34873979592,2114.15689122449,2588.1965244898,2565.14001744898,2320.81020204082,1957.19113163265,2096.86671020408,2117.07044877551,2540.0822,2165.13618734694,2263.67943571429,2165.08009795918,2359.16009183674,2455.15789489796,2238.00860408163,2612.27621836735,2063.0784922449,2401.36285612245,2703.6992877551,2607.77573510204,1892.94428265306,2349.1166122449,2062.27267040816,2574.37484897959,2369.84216122449,1679.55709693878,2587.12805510204,2277.10468877551,2619.81606734694,2420.09836020408,2624.6377755102,2940.28126326531,2397.83611428571,2759.61698673469,2583.90307673469,2396.87040816327,1673.27107959184,2835.54647755102,2611.6429455102,2578.42414897959,3304.8093755102,2526.77992857143,3284.96957142857,2444.35234489796,2335.51449591837,2473.45631885714,2414.45956530612,2758.15963673469,2150.53456530612,2668.39695612245,2475.03350204082,2045.59229693878,2268.90209693878,2746.94620204082,2384.96747244898,2581.95808163265,2203.05588163265,1948.0312622449,2086.52559591837,2187.3349877551,1977.64658163265,2605.43955326531,2483.88977857143,2298.7717877551,2721.78065816327,1569.16442653061,1996.01364591837,2326.08901326531,2728.23625806122,1716.80909285714,2051.07595510204,1988.35914081633,2311.03654081633,2028.3941755102,2598.20578704082,2362.44427857143,1960.71024387755,2530.87287755102,2800.52964387755,2047.05988877551,2814.78117142857,1916.71267040816,1754.70921938776,2121.07738265306,2406.98975408163,2318.87751428571,2180.27641632653,2399.68107244898,2649.99462040816,2107.60579693878,2196.98366836735,2926.35620306122,2468.76258469388,2476.10365408163,2364.88529183674,2476.56904795918,1774.35007877551,2572.14326632653,2761.84349489796,2206.88686020408,2135.47189081633,2307.30292653061,2180.6387,1907.87450612245,2222.17735612245,2078.63187755102,2201.58686020408,2077.13731632653,2033.95526632653,2587.29938265306,2536.01707040816,2101.43962142857,2649.25561428571,2627.67095408163,2597.58665102041,2853.04123877551,2230.03577959184,2258.68560408163,1850.31545204082,1798.46205408163,2382.80202244898,1909.04657040816,2177.19561028571,2011.20346989796,2122.3445622449,2511.53052653061,2109.01280102041,2233.24421938776,2324.5868744898,2183.79788040816,2187.25754387755,2044.04565102041,2061.77566326531,2385.43581632653,2459.80942142857,1973.87132244898,1989.51736326531,1854.63044183673,1937.93707959184,2326.11391326531,1990.50320918367,2644.63739469388,2433.67046938776,2668.12777346939,2371.59834693878,2565.56798571429,1598.54904897959,2206.21672653061,1626.55202653061,2009.25002142857,2821.60563571429,1954.8418877551,1496.05925,2623.77956326531,2485.66363061225,2808.51893877551,2593.71419387755,2404.69517653061,2841.00345918367,1922.57723306123,1947.31042040816,2623.08461428571,2408.91098102041,1432.57034693878,2531.11491836735,2785.33776163265,2065.37281163265,2658.86697142857,2006.92900102041,2289.03813061225,1834.51080408163,2171.27143061225,2060.20079183674,1984.1061122449,2387.5509877551,2470.91796020408,2094.533075,2574.8159122449,2084.17923571429,2483.88317857143,2493.12364081633,2251.59779081633,2884.60755204082,2979.9548755102,2410.51395510204,2358.99813979592,2241.41056734694,2489.86443571429,1885.02282142857,2127.00200469388,2071.58975102041,1787.6844255102,2561.43447755102,2209.39887142857,2184.58378367347,1541.37246428571,1968.37887755102,2430.96600306122,2259.35865030612,2305.34890510204,2213.36894591837,2111.53107040816,2272.05246836735,2303.28013673469,2536.70888163265,2110.19516122449,2785.2271622449,2347.43832653061,2651.70687142857,2345.10221632653,2191.14631938776,2599.91729285714,2574.22651836735,2068.29688836735,2672.25625714286,2287.73170306122,2134.85825306122,2121.06376571429,2231.48451836735,2044.42769489796,2552.9168244898,1754.4959122449,1961.2367255102,2281.10812040816,1607.31011734694,2568.66068571429,2400.88587142857,2192.8541372449,2734.6320122449,2445.57014285714,2400.17757346939,2214.32194183674,2618.66061020408,2004.22830714286,2403.20442959184,1697.42611510204,1886.31526836735,2795.85788469388,1793.05833132653,2239.79360408163,2959.24878979592,2208.98713163265,2860.17885204082,3462.99694795918,2476.73211938776,2561.69728673469,2168.97597244898,2182.55084591837,1703.7708244898,2499.80257612245,2570.50143673469,2363.84766122449,2242.02385510204,2273.59472959184,1892.05369346939,2097.75169142857,2587.47419387755,2119.98273265306,2321.71688469388,2070.90067204082,2379.68111632653,2101.90561938776,2845.37530204082,2405.06053234694,2185.57327346939,3085.11500510204,2580.66124795918,2237.05176530612,2087.44559387755,2022.88764285714,2204.27146836735,1960.49044285714,2472.2414377551,2927.7740877551,2450.18705,2971.04343459184,2437.66960408163,2493.43671122449,2225.01667244898,2498.25978571429,1975.22181020408,2383.11412785714,2231.0049094898,2164.11707040816,3110.42800918367,1904.06689693878,1974.99460204082,2202.06304489796,3004.45378265306,1828.02590897959,2283.64401020408,2142.93044183674,2580.06096734694,2516.82015142857,2396.16392112245,1716.78285714286,1946.59747346939,2197.78857142857,2426.33274795918,2612.63575306122,2429.02149285714,2985.24286734694,2881.04854591837,2241.0661755102,2752.07961122449,2333.86257693878,2591.2363377551,2504.87703673469,2329.02004795918,2156.67969693878,2008.83842142857,2247.00574081633,2155.62710714286,1944.96750102041,2907.67221428571,2286.89433265306,2151.77764387755,2469.63833469388,2440.66452244898,1881.1160927551,2225.66666530612,2144.05918979592,1934.95673979592,2433.25343979592,2662.12973836735,2470.7540877551,2878.18440510204,1916.78906357143,2488.16433367347,2876.87278061225,2327.71774591837,2337.51443979592,1995.5974522449,2454.97039,2043.41280714286,2717.53810693878,2536.48669091837,2791.07350510204,2589.35906632653,2856.35722693878,2645.48584693878,2328.66225510204,2223.58763979592,2226.91084489796,2337.72448571429,2176.85352040816,2253.10468979592,2599.92976734694,2186.97649183673,2192.44467428571,2391.37276836735,2055.35851734694,2118.70121122449,2025.6564622449,2396.72806234694,2630.77159897959,2336.70044897959,1938.12508673469,1911.03405612245,2817.85803081633,2807.98192051021,2673.49602081633,2142.20152755102,1716.62089591837,2058.56682040816,1862.17987755102,2233.8070877551,2050.9240377551,2290.2978255102,2606.20244387755,1710.9482777551,2198.67627204082,2232.07214387755,2205.41473877551,2435.15540816327,3025.68883163265,2590.32390204082,2201.53836010204,1958.59041520408,1823.63003877551,2288.15127346939,1641.45238979592,2361.89184897959,2505.10970918367,2331.34382530612,2658.48495714286,1676.50162755102,2503.45174183673,2467.86934795918,2259.83282142857,2310.21571530612,2898.42833367347,1556.57885408163,1999.31379591837,2181.79109232653,2461.9304755102,2510.82371326531,2128.14957857143,2514.15685918367,2406.02396428571,2579.36271765306,2061.33115714286,2514.35183469388,2232.90859387755,2409.78148163265,2228.68175510204,2319.0471
52.2857142857143,2523.39060714286,2411.18252142857,2325.83424285714,2839.65608571429,2559.05523571429,2856.21545714286,2292.73505,2039.2816,2126.27591428571,2285.4852,2757.82430714286,2211.21531428571,2466.21148214286,2309.69950714286,2645.86748285714,2197.33091714286,2400.59905714286,2719.96861428571,2142.98242857143,2779.36145714286,2282.89352142857,2560.52375714286,2365.4817,2708.90385714286,3093.30983571429,2818.26652142857,2435.3037,1753.2827,2584.25492071429,2267.69274285714,1195.63367142857,1961.42080428571,2313.96656428571,2389.65691428571,2350.42824285714,2498.99927142857,2733.18480714286,2482.61546428571,2513.53045,2555.88667857143,2772.4916,2557.37021428571,2438.30895785714,2891.09641428571,2935.94947857143,2999.94204714286,1996.13739714286,2760.15356428571,2615.79457857143,2067.63686428571,2031.94324357143,2891.65315,2766.11685,2809.16152142857,2341.54822142857,1924.23817142857,2585.11685714286,2046.65732857143,2295.56766428571,2454.16657142857,2448.43212857143,2418.93662142857,2703.10799285714,1959.19135714286,2204.20507142857,2567.56968142857,2028.36642857143,2037.78082857143,2267.40494285714,2960.16039285714,3073.88490714286,2675.41461428571,2136.38511428571,2119.5829,2206.35987857143,2058.54982857143,2554.74375714286,2267.08120714286,2530.00207142857,2133.25475714286,2446.66435,2110.61945714286,2389.53450714286,2084.24142142857,2619.78512142857,2908.53567142857,2309.40541428571,2096.74377857143,1695.2184,2901.28285,2343.16861428571,2283.53344857143,1935.82414164286,2161.87767857143,2506.80025,2334.89158285714,2244.126,2007.04411714286,2467.90241428571,2102.29251428571,2348.09160857143,2418.50982285714,2112.83937857143,2529.19140714286,2709.15289714286,2496.09151285714,1756.98044285714,2045.76798571429,2294.0214,2652.73595714286,2294.44639285714,2383.49212714286,2330.13745714286,1730.24204285714,2514.98661142857,3184.51352857143,2265.55072857143,2409.97279285714,2356.59529285714,2396.12729285714,2643.53147857143,2431.78980714286,2213.60958571429,2106.6262,2791.47423071429,2204.7742,1842.63462028571,2216.94912485714,2490.32467142857,2989.78280714286,2600.1437,3347.92237142857,2320.27107857143,2139.95472642857,2434.78574785714,1989.67129285714,2313.73543571429,2931.27539285714,2572.68815,2544.31575714286,2055.44856428571,2322.72422142857,2265.67256428571,2765.38122142857,2566.27985714286,2556.57529142857,2225.66076571429,2158.60419285714,2489.88678571429,2335.08641428571,2891.46489285714,2822.12419285714,2010.5382,2331.81316428571,2066.65817142857,2431.96137857143,2291.51642142857,2555.33093571429,2327.38452428571,1942.18752428571,2342.29739,2270.11054285714,1846.42427142857,2574.235,2398.65122857143,2114.38180714286,2066.66518571429,2649.59591428571,2314.95691428571,2814.79640057143,2965.83207142857,2668.47536428571,2912.58062857143,2369.44534285714,2703.66105714286,2734.18932142857,2234.35427142857,2500.88871428571,2141.54745428571,1990.06389214286,2895.58009357143,2045.88198142857,2182.86378571429,2935.92029285714,2614.52729285714,2868.3014,1998.86950714286,2568.29990714286,2211.18579285714,2241.35215,2223.46702857143,2812.32655714286,2439.67374285714,2893.32621428571,2019.81585,2375.92655714286,2264.36555714286,2418.68402857143,2678.49697857143,2424.62887142857,2914.94719142857,1979.34121428571,2431.25777142857,2563.78788571429,1910.84728571429,2321.84302857143,2351.36322857143,2082.72775714286,2064.33898571429,2702.51166142857,2284.49906428571,2093.809,2389.45901428571,2371.27092142857,2396.48433428571,2581.92818,1982.47620571429,2986.06008714286,2759.93771,2524.19684428571,1711.34599,2778.68412142857,2374.3904,1792.55334285714,1882.63618571429,1929.8575,2067.03585714286,2604.01088571429,2240.25597857143,2151.61363571429,2367.63216428571,3335.44805714286,2737.7237,3015.45997857143,2333.63536428571,2574.97512142857,2384.17718571429,2438.60879285714,1531.55476428571,3055.29145,2095.35020714286,2432.43955,1595.31678571429,2580.55370714286,2183.75778071429,1940.16417857143,2391.77537142857,2533.37571428571,2044.30115714286,2379.14107785714,2497.259685,2691.80004285714,2783.20578571429,2948.17276428571,2655.18700071429,2850.39127142857,2453.33347142857,2819.22059285714,1955.96503571429,2312.51407428571,2607.13345714286,3084.86182857143,2759.53792857143,2510.69384285714,2431.02317142857,2238.75122857143,2600.98825714286,2547.88052857143,2271.34438571429,2274.62438571429,2404.40489357143,2395.46103571429,2308.60502142857,2094.29782857143,2238.54920714286,1920.85357428571,2984.38665,2974.17639285714,2524.01065714286,2623.92327857143,2451.39012857143,3201.02232142857,2876.36311571429,1940.19577928571,2476.30645714286,2392.17183571429,2303.02431428571,2183.42254214286,2485.49444285714,2458.28156428571,2405.09132857143,2362.61111428571,2347.03724285714,2783.83974285714,2896.43749285714,2078.22769285714,2903.70921428571,2545.99727142857,2783.48195714286,1940.80766428571,2354.72775,1997.23856428571,2990.12440714286,2072.76084285714,2125.8414,2069.01938928571,2177.93764857143,2080.54306428571,1791.87149285714,2091.51920714286,2116.40254285714,2642.02959285714,2613.68414285714,1996.56490714286,2388.38821914286,2368.09394285714,2986.77280714286,2640.30402857143,2637.08578571429,2628.60488571429,1662.19995,2557.59060714286,3049.74798571429,2134.04363285714,2824.15697142857,2749.07649285714,1638.73529285714,2103.93699285714,2578.40333571429,1794.83889285714,2111.41038571429,2723.2431,2623.99833571429,2316.03755714286,2158.95388571429,2621.69747857143,2894.22511428571,2318.48320714286,2116.312665,1768.74412857143,2304.20364285714,2355.0018,2376.32642142857,2023.66587857143,2378.59948571429,2454.77506428571,2276.12653571429,2077.68813571429,2614.31642,2787.03832642857,1955.08423571429,2345.32609285714,2084.40755,2165.63899285714,2229.90105,2329.50592142857,1703.86900714286,2408.2408,2721.12785,2605.51625,2270.85160714286,2031.51224285714,2613.03228571429,2122.15397857143,2155.21888571429,2119.76273571429,1852.20465,1585.50717857143,2310.83860714286,1804.78797142857,2345.61348571429,2424.21265714286,1944.3485,2122.02191428571,2266.96365714286,2422.2816,2052.73085714286,2655.57665714286,2391.9218,2710.99694285714,2301.5655,2235.14890714286,2517.92217142857,2528.76511428571,2093.06277857143,1654.52512142857,1952.04609285714,2233.63417857143,3090.40388571429,2251.7647,2531.89523571429,2100.24597142857,2609.64047857143,2323.11892142857,2810.99145,2305.5517,2558.82877,3269.01288571428,1814.18477857143,2017.24642857143,2053.95755714286,2322.39501428571,2184.1182,2582.97459857143,2788.19813571429,2339.75571428571,3163.44423571429,2523.28857142857,2985.6455,2729.21382857143,2610.55801428571,2685.49287857143,2619.82164285714,2907.17458571429,2262.84595714286,2437.88464285714,2399.44764285714,2270.08621428571,2047.01080928571,2423.29917857143,2525.36072142857,3083.55757142857,2553.4239,2524.92495,2638.22598571429,2374.62745714286,2740.12053571429,2607.56621428571,2516.04732857143,2551.53472857143,2568.90993571429,2362.03462857143,2536.51734285714,2868.94551428571,3494.10912857143,1991.62912857143,2464.75773571429,2594.90350714286,2159.37805,2335.02087142857,2407.3503,2260.99713571429,2254.2978,2242.94345,2177.71718142857,2304.28137857143,1746.29438714286,2528.28615,2501.17162857143,2375.33046428571,1848.15181428571,2825.27267857143,2529.00087142857,2432.4418,2177.29134285714,2254.07957857143,1984.73161428571,2081.62561428571,2470.43400714286,2711.06047142857,2680.96364285714,1693.17155714286,3158.87165714286,3547.28764285714,2831.0925,2300.01672571429,2095.6121,2492.97281428571,2576.80662142857,2217.65392857143,2633.78095714286,1927.08432785714,3090.74681428571,2450.97208571429,2725.30960428571,2279.8488,2671.39506428571,1997.04238571429,2673.4209,3202.31352142857,2990.90198571429,2820.0697,2774.72463571429,2304.55887857143,2671.06695214286,1911.64234285714,2576.01164142857,2184.20734142857,2740.03495,3522.35321428571,2980.79212857143,1799.2044,2252.27365,2297.65927857143,2372.79151428571,2450.98978,2375.01114285714,2395.81845,2514.78249285714,2348.27451428571,2208.09467142857,2159.29487142857,2807.0813,2329.35678571429,2126.55408571429,2617.06005,2447.29367857143,2475.55352857143,1921.07305714286,1912.24810714286,2576.31146428571,2748.54343571429,2281.74594285714,2515.05885714286,2184.58599857143,1964.01062142857,2315.54498571429,2938.67047142857,2565.46050714286,2297.35135714286,2731.10408571429,2192.02833571429,2245.26347142857,2550.25985,1954.81998928571,2990.06790714286,2468.021,2328.94189285714,2218.02072142857,2311.30079285714,2502.65123571429,2437.28515285714,2461.32845,2402.47922857143,1682.77247142857,2295.56205571429,2083.85208571429,1639.94415,2214.56502142857,2783.81594285714,2426.29595571429,2416.11099285714,2251.20932857143,2306.46753571429,2698.24825,2863.19095714286,3198.89147142857,2589.73086785714,2396.94516428571,2574.136545,2449.14841857143,2346.32474285714,1569.38479285714,2069.51167142857,2237.68702142857,2908.12192857143,1906.28516428571,1944.8109,1928.58634357143,2192.71564285714,2427.19530714286,2841.30730714286,1592.98252785714,2537.28299285714,2412.8801,2167.09948571429,2105.94939285714,2029.04091428571,2370.50158571429,2272.23888571429,2456.85717142857,2011.81906428571,2460.87503571429,2463.49988428571,2007.49007857143,2367.0894,1976.78145714286,2782.61609285714,2782.56432857143,2174.34148857143,2363.06193571429,1995.41051428571,2339.4062,2770.25642857143,3111.1368,3167.30902142857,2459.40267142857,1910.40767142857,2713.52842142857,2537.01952714286,2130.06896428571,2155.39931428571,2271.635,2603.23325142857,2637.52523571429,1596.56741428571,2784.13661428571,2613.9746,2342.732,1834.66254,2352.38179285714,1948.08573571429,2280.11528571429,2219.13384071429,2600.40682857143,2657.91960071429,2021.47800142857,2228.12337857143,2380.40654285714,2085.76288571429,2857.59540714286,2304.09270214286,2426.13040714286,2175.92406428571,2120.1408,2583.79769285714,2490.43855,2977.69015571429,2578.40128571429,2901.22154285714,3308.14219285714,2776.80622142857,2328.03647857143,2643.34717857143,1972.36704285714,1847.39621428571,2484.12576428571,2660.00917142857,2528.82835,1943.26923571429,2412.1607,2191.4586,2268.09860714286,2745.08852142857,2020.6407,2671.28388571429,2337.15182857143,2257.2152,2560.19787857143,2484.03515,2545.70302142857,2304.47347142857,2080.95484285714,2074.15893571429,2822.36252857143,2887.70458571429,1965.07016428571,2520.46506428571,2293.31966428571,2444.42339285714,2506.99122142857,1824.35468571429,2380.5718,2313.07444285714,2410.05615714286,2447.86718571429,2110.95319285714,2219.4483,2386.05238571429,2403.38385,2499.44131428571,2583.59337857143,2448.85760071429,2969.96088428571,2234.95112857143,2167.97725714286,2749.01415428571,2378.61917857143,3112.43280714286,3120.86391428571,1971.59850714286,2887.66937857143,3213.47002857143,2702.07422857143,2589.37743571429,3272.81425714286,3452.14864285714,2744.84755,2330.61827142857,3269.07120714286,2199.01258571429,1927.68582857143,2468.29417857143,2857.93326428571,1876.96617142857,2615.29521428571,2472.50387142857,2212.4169,1715.90550714286,2529.14763571429,2201.33485,2594.48299071429,2295.93858714286,2053.59812857143,2393.13068571429,1862.15148571429,2343.91547142857,2314.39967142857,2248.63559142857,2572.15853571429,2099.36577142857,2182.78886428571,3015.81113571429,3141.95057142857,2249.54719,2676.24012142857,2982.29275571429,2335.21099285714,2184.17545,2368.49895,2653.30307857143,2504.14585,2638.62661428571,2213.07475,2550.29043571429,2157.75531428571,2022.51809285714,2402.63375714286,2705.01954285714,2585.94073571429,2501.45574285714,2025.67265642857,2650.20820714286,2798.02026428571,3173.37274285714,2382.84269285714,2592.91757857143,2709.33562142857,2184.75646285714,2304.81830714286,2169.01877857143,2230.28462857143,2058.97633571429,2429.47538571429,2622.40085714286,2560.93631428571,2680.49561428571,2462.35897857143,1851.34762142857,2268.81498571429,2377.40781428571,2465.70896428571,2105.08140714286,2208.09652142857,2727.59791285714,2576.48602142857,2134.54545,2137.38618571429,2160.59295,1760.15745,2751.5409,2861.57682857143,2406.58928571429,2877.67671428571,2690.36499285714,2132.44730142857,3205.47781428571,2899.82467142857,2016.0509,2672.14400642857,2310.88085,1907.22275,2591.35828571429,2419.06609142857,2314.85072857143,1673.68481428571,2312.80618714286,1819.27180142857,1908.74561571429,2020.8724,2128.08443071429,2810.80682142857,2880.40435,2131.42104642857,2535.09835714286,2588.45770714286,2389.06887142857,2049.45147857143,2505.07861428571,2548.19165,2122.38141428571,2805.88277142857,2780.19803571429,2167.6788,2733.64877857143,2916.3164,2474.00563571429,3106.35955,3156.7309,2787.01230714286,1778.4098,2418.15883428571,2207.70712857143,2254.63125,1983.9229,2533.19042142857,2825.61691428571,1971.18457857143,2306.60787142857,2455.70262142857,2286.68225,2144.78561714286,3353.59239285714,3341.10061428571,2484.4036,1788.63593571429,2142.90192857143,2428.06915,2381.20375285714,2341.14723,2243.10767857143,2492.73877142857,2166.83247857143,1963.93375142857,2287.23346428571,2567.92895714286,2236.28832142857,2423.14169285714,2985.7723,2672.31622857143,2986.40383571429,3229.59325714286,2934.27939857143,1928.72196214286,2367.31653357143,1482.16038571429,2228.94105,2439.90692857143,2948.42752857143,1826.48057857143,2479.78120714286,2946.67682142857,2293.44692857143,2622.70807142857,2043.27422142857,2474.29451428571,2454.14816428571,2432.80330714286,1949.34132857143,2083.47291714286,2575.00927142857,2712.66812142857,2693.64657142857,2122.73530285714,2537.41059428571,2390.18757142857,2201.18896285714,2172.55472142857,2455.14117857143,2414.02569285714,2097.03849285714,1907.48755,2436.67313571429,2481.6652,1814.91215,2239.53161428571,2492.28525,2026.20141428571,2475.70100714286,1907.03952142857,2547.07563785714,2178.21306428571,2771.24468571429,2676.9916,2313.53373857143,2307.20101428571,2355.4918,2353.24017857143,2568.61234285714,2879.64784285714,2098.91931428571,2376.62087142857,2270.73737142857,2321.50247142857,2720.87663571429,2122.23312857143,1819.65872857143,2587.36519285714,2496.18435714286,2334.71457857143,2358.68038571429,2606.99226428571,2506.94921428571,2234.15687857143,2296.20172142857,2519.92867142857,2229.34608571429,2397.11557857143,2403.81952857143,1712.60268,1699.44799285714,2140.99809142857,1714.61070857143,2242.91983571429,1956.62813571429,1980.81767857143,3258.73368571428,2751.53954285714,2743.66015,2846.1863,1844.72017857143,2890.43553571429,2225.83415714286,2415.07043571429,2838.50026428571,2409.78994285714,2167.56541428571,2832.47181428571,2307.44565714286,2323.0397,2226.96369285714,2145.96445,2274.20142142857,2412.98147857143,2326.53109285714,2898.9736,2652.34627142857,2488.98463571429,2731.74511428571,2834.74983571429,3191.46687142857,2088.03329285714,2242.39418571429,2312.32756428571,2254.5071,2375.92444285714,2435.95751428571,2155.71847857143,2824.18905714286,2285.65289285714,2095.71338571429,2693.79964285714,1967.99536428571,2191.43197857143,1778.8076,2259.16282142857,2032.37682142857,2571.07519285714,2283.60415,2425.10822857143,2004.31345,1800.41948285714,2082.52517857143,2654.55087857143,2563.67526428571,2064.1677,1946.85761428571,2227.80709285714,2343.09037571429,2527.73899285714,2480.32802142857,2462.84797857143,2812.55872142857,2133.81975,1818.64782857143,3380.1231,2916.45745,2302.55185714286,2399.07815714286,2615.13238571429,2191.13029714286,2475.27847142857,2058.67427857143,1898.76549285714,2312.47526428571,2721.89705714286,2365.78275,2231.63133571429,2119.55738571429,1800.13798571429,2511.52568571429,2741.33719285714,2798.35861428571,2461.12596428571,2214.25165,2175.73673571429,2367.76045,2752.81102714286,2900.04182857143,2099.11025714286,2072.88182142857,2029.91703571429,2676.7436,2420.70490714286,2967.77994285714,2500.65687142857,3021.12825,2377.44674285714,2416.03472142857,1947.53642857143,2027.86684285714,2559.80883571429,2323.65329285714,2890.13250714286,2294.35372857143,2240.23908285714,2373.35066428571,2642.26598,2440.71977142857,2190.06749571429,2032.85409285714,2293.61595142857,2239.74658571429,3199.03605,2376.25472857143,2141.43381428571,2224.15501428571,2460.1143,2363.96737857143,2007.97027142857,2472.83812857143,1850.16856428571,2519.80932857143,2309.52532,2059.78325071429,2143.62457142857,2524.3761,2199.22949285714,2861.94615714286,2332.44877857143,2462.07977857143,2383.80644285714,1771.6497,2518.83660714286,2290.08886428571,2174.27033571429,2148.09957857143,2261.36941428571,1859.66713714286,2109.30837857143,1636.62797142857,2389.20341428571,2494.10144,2000.48386428571,2321.16272857143,2234.76771428571,2159.92995,1897.221475,2080.26598714286,2362.24724285714,2858.99002142857,2375.62389857143,2149.98007857143,2102.26412142857,2406.67722785714,2606.88586428571,2739.74167142857,2104.28979285714,1814.35643571429,2520.32947142857,2450.87800714286,2585.43766428571,2389.64907857143,2274.04843714286,2176.07208714286,2967.72839285714,2596.91095285714,2291.82339285714,1523.74267142857,1597.72672142857,2232.07515,1915.26480714286,2583.43955,2936.77545714286,2663.74604285714,2378.85735714286,2296.54129285714,2540.78110714286,2012.02585,3236.68394285714,2202.82482857143,2705.30439571429,2663.31683571429,2216.01859785714,1844.41985714286,2152.1448,2577.83394285714,2385.49128285714,1869.51095,2019.60175,2249.06726428571,2475.11142857143,2544.30427142857,2381.15831428571,2545.45905714286,2288.22921428571,2485.29394285714,2741.21098571429,2601.93027857143,2667.22286,2529.85375714286,1843.70707857143,2480.73859285714,2123.80791428571,2935.75167857143,2001.20221285714,1962.467125,2519.65701428571,2232.42508571429,1605.44216428571,1700.8001,2452.75974285714,2707.11781428571,2340.92691071429,2440.80917142857,2729.24857857143,2258.59362857143,1881.03971428571,3205.24202857143,2135.77908571429,1857.82321428571,2281.34485,1823.47881428571,1870.90892857143,2341.30704285714,2557.75203571429,2855.279,2918.75417857143,2429.60259285714,2144.44271428571,2406.73207857143,2341.30938714286,2843.13764285714,2868.91107857143,1669.84925,2082.83826428571,1708.99430714286,2230.97585714286,1613.52109285714,2467.23866714286,2261.44607857143,2980.15689285714,1994.78647142857,2540.35151428571,1966.2781,2296.43310142857,2060.52242642857,2653.59195,2440.77987571429,2507.14395,2946.64154285714,2840.65045,2159.57917857143,2232.86171428571,2347.35722357143,2007.56722142857,2473.68037142857,2471.764125,2076.86885714286,2777.13597857143,2444.23912857143,2920.70324285714,2312.91664285714,1956.99773571429,2231.77457142857,2969.77516428571,2494.00118428571,2256.03100714286,2367.93185714286,2388.0655,2032.58341428571,2332.80923571429,2275.35924285714,1984.01165714286,2342.51783571429,2152.11279285714,2183.74219285714,1794.4675,2201.12875,1916.75332142857,2001.48266428571,2483.09908571429,2023.33288571429,2473.15218571429,2475.17608857143,2030.44400714286,2353.30786428571,2424.28042857143,2918.57713571429,2924.0925,1904.61632428571,2408.98355714286,2286.16117857143,2428.87595,2991.76189285714,2933.70338571429,2699.257435,2966.87701428571,2392.67367857143,3023.13288571429,2032.86207142857,2561.69949285714,1867.61028285714,2420.28122142857,2404.17445714286,2773.24785,2335.58055,3037.12216428571,2438.56229285714,2496.89783571429,3011.1989,3375.00869285714,3062.95164285714,2526.61119285714,2256.34227857143,1909.30159285714,2219.36337142857,3063.73492857143,2134.61315,2352.27445714286,2202.50932285714,2527.04659285714,2490.09617857143,3006.75888571429,2329.72119285714,2256.19612857143,1703.27742857143,2106.82827857143,2271.01800714286,2863.84230714286,2164.11085,1981.14306428571,2105.54714285714,2821.35840714286,3044.69221428571,2236.59515,2098.77023571429,2442.4253,2398.81174285714,2102.45887857143,2103.02265714286,1521.8037,1835.65560714286,2543.62550714286,2220.25062142857,2191.6308,2388.94362571429,2494.271915,2499.36105714286,2757.66661428571,2535.03148571429,2353.29060714286,2132.72054571429,2087.46233571429,2666.40521428571,2226.1012,2492.72872857143,2175.02903571429,2235.43082142857,2405.81856071429,2328.04302857143,2377.5338,1989.66623571429,1957.18788571429,1966.89163571429,2347.91222857143,2667.85723571429,1935.59322642857,2323.22506428571,2040.40678571429,2014.91798571429,2475.6398,2371.00030714286,2175.95497428571,2121.33965714286,2157.78597142857,2719.68756428571,2166.64037142857,2572.10682857143,2950.70725,3365.53313571429,2389.57978571429,2396.78322857143,2004.67347857143,2296.96707857143,2210.26735714286,2307.66004285714,2386.07413571429,2724.68668571429,2458.40115714286,2458.62661428571,2860.75413928571,2702.51545,2426.19997857143,2160.12314285714,1820.82656428571,2597.98341642857,2568.20481785714,2306.97088071429,2381.07830714286,2446.97299142857,2579.63504285714,1700.48794285714,2708.59285,2377.82045714286,2025.07709285714,2272.11877857143,1925.77212142857,2051.62403571429,1790.23806428571,2275.57885,2402.66435714286,2591.01888571429,2465.87884285714,2506.19841571429,2422.2285,2169.03560714286,2310.14767857143,2761.06112857143,2005.2605,2295.106085,2308.49203571429,2432.35740714286,2179.25199571429,2644.0015,2513.17900714286,2647.01147142857,1731.93494285714,1986.83594285714,3021.96227142857,2495.21682857143,2882.00095714286,3250.92496357143,2314.35231428571,2382.42431428571,2653.2009,2655.82544285714,2851.40326428571,2685.27887142857,3235.74854285714,2277.21083571429,2449.79399285714,1795.73705,2432.12778571429,2353.93510714286,2619.7514,2800.43448571429,3133.67240642857,2436.89199285714,2277.13631142857,2010.72933857143,1886.72941428571,1714.02398571429,2763.85101428571,2087.27680714286,2453.45938571429,2736.98084285714,2353.77853571429,2111.80046428571,2304.04666428571,2246.06467857143,1947.75392142857,1697.80501428571,2073.7274,2215.18037857143,3171.46848571429,2281.00190714286,2018.06770714286,3020.03323142857,2479.9568,1664.42049142857,2893.60552857143,2341.60767857143,2092.84865714286,2057.9886,2815.67087142857,2014.33427142857,2401.41145714286,2728.50498214286,2631.83524285714,2358.38143571429,2674.01156357143,2366.29667142857,2467.61705714286,2119.35903,2245.25039285714,2574.59045,1692.81663571429,2126.50580714286,2464.01881428571,3006.91382142857,2318.40530714286,1991.34623285714,2364.00672142857,2145.851,1814.66575142857,2792.48612857143,2448.77098571429,2280.85712857143,2392.85909285714,3003.1605,2078.50243571429,3238.248955,2110.73571428571,2123.6418,2000.19381428571,2501.16682857143,2485.13377142857,2419.45432857143,2774.82767142857,2198.49340714286,2499.53742142857,2664.68367142857,2595.32661428571,2237.40760714286,2517.46295714286,2815.83001714286,2231.47345,2449.56515714286,2230.09066428571,2909.92319285714,2202.32146428571,2170.42106571429,2159.48222142857,2849.64957857143,1922.90983571429,2177.90776428571,2169.65095714286,1907.71070714286,2634.09125714286,2429.90347142857,2101.53494285714,2501.0405,2583.46363142857,2056.09298571429,1692.92305142857,3047.99930714286,2734.27233571429,2263.8926,2365.53832142857,2049.13347142857,2232.45849285714,2807.84883571429,3192.33835,2020.4281,2220.95460714286,3289.21371357143,2604.64619285714,2426.52855,1630.47307857143,2409.1191,3138.56102142857,2513.56624285714,2717.40626428571,2361.62264,2205.53222857143,2340.53138571429,2020.82289285714,2607.27420714286,2242.52837142857,2270.60357142857,2084.04377,1621.16265,2103.184725,2068.67084285714,2083.9141,2312.00126,2418.26235,2734.48045,2470.50977857143,2214.25116428571,2981.13602857143,2307.26728571429,2246.27033571429,2137.43976428571,2595.41299285714,2492.30009285714,2387.80686428571,2495.68125714286,2712.09397,2318.51163571429,2385.16211428571,2273.81895714286,2653.41638142857,2562.82987714286,3263.88645214286,2567.54803357143,2145.96212142857,2237.95771428571,2453.20982142857,2463.62270714286,2690.99732857143,2844.35422857143,2978.42735,2288.92868571429,2605.38648571429,2340.56692857143,2575.87033571429,2658.00225571429,2342.94173714286,2481.32062142857,2262.30149285714,2303.51275714286,2401.55085,3079.14544285714,2986.64817142857,2377.83507142857,2454.84833571429,2445.20121428571,1816.11596428571,2495.70637,1664.18287,2259.31362428571,2296.34476857143,2265.91237714286,2495.42155,2898.54354285714,1586.97455714286,2421.37683571429,2254.85481428571,2025.39185714286,2752.84333571429,2535.26866571429,2265.36118571429,2391.99436285714,2497.03433571429,2509.76480714286,2580.66567142857,2879.99175,2605.45068571429,2629.14049285714,2620.82907142857,2320.04989285714,2491.62678571429,2038.87868571429,2345.01341428571,2096.20156428571,1986.12736428571,2390.62588428571,2256.82011428571,2150.18925,2211.93341428571,2598.81502142857,2389.55656428571,2763.42902857143,2590.78817142857,3605.03203571429,2661.33964285714,2423.85883571429,2758.52305,2282.5255,1951.40634285714,2950.02648571429,2633.43415714286,2571.59657857143,2842.04520142857,2233.50565714286,2424.33427857143,2638.07743571429,2286.56785,2100.75012857143,2724.52981428571,2563.23829285714,2931.52474285714,2722.07844285714,2885.18803571429,2220.25963571429,2241.99121428571,2431.24999285714,2263.15859285714,2129.47919285714,2417.47976428571,2730.90395142857,2615.62792857143,2138.11835714286,2668.97990714286,2324.89977142857,2407.67490714286,2246.47288571429,2526.94267142857,2533.44036428571,2319.69646428571,2240.6537,1929.97657,2578.69832857143,2322.26493571429,1816.70939285714,2202.51967142857,2101.99984928571,2974.93342857143,2027.50397714286,2188.80188571429,2703.79819285714,2675.59081,2130.02503285714,2446.95182857143,2697.48408571429,2634.39367142857,2703.67090571429,1740.02624714286,2400.60053285714,1999.90218571429,2431.77320714286,2216.87720714286,2135.83857142857,1815.53653142857,2957.85013571428,2146.74962857143,2037.89615,2320.96710714286,2390.0054,2832.49747142857,2155.02336428571,2232.03947142857,1972.17789285714,2148.60337857143,2439.82353571429,2244.51045714286,2206.02242857143,2112.11249285714,2470.27030714286,2231.44176428571,2686.55901642857,2198.66431428571,2599.52356428571,2931.50653571429,2629.93354142857,2177.08136571429,2662.12502857143,2322.42716428571,2312.28002857143,2165.80857642857,2584.65567142857,2512.12318571429,2094.67127142857,2400.66949285714,2042.81192857143,2023.84083571429,2393.87890714286,2371.62447857143,2541.01479142857,2220.93096142857,2441.03702857143,1802.47386428571,2226.33597142857,2020.12731428571,2100.42710714286,2974.87159285714,2814.43377857143,2456.1885,2802.32703571429,2378.35521428571,2375.107,2185.05798571429,3228.77032142857,2854.61028571429,1881.24356428571,2471.57013571429,2630.363465,2719.27049285714,2167.52770714286,2579.04107142857,2545.63218714286,2649.226,3092.46175,2658.253,2293.72797142857,2400.81876428571,2138.70664285714,1817.40947857143,2976.51830142857,2023.67445714286,2158.77387142857,2262.92872142857,2267.81137142857,2513.98465,2350.62989,1959.95398071429,2454.85218571429,3118.46596885714,3555.67491428571,2667.64598642857,2501.61572857143,2137.65319285714,2378.44035,2514.80415714286,2296.80174285714,2447.08237142857,2713.37397142857,2527.67855,1868.39058571429,2425.60425,2121.49469285714,1956.75998571429,1809.72746428571,2568.81175,2608.05167142857,2139.44829285714,2098.86091428571,2637.70803571429,2267.41806428571,2221.39822857143,2556.53392142857,2206.59846571429,2481.16808571429,2802.90212857143,2537.02811,2645.50154285714,2400.50901428571,2487.58974285714,2793.65097857143,2308.65642142857,2202.59867142857,2043.1475,2180.12675,2090.85910714286,3203.2829,2800.44475,2061.39715714286,2373.78754571429,2431.35355714286,1923.35646428571,2024.15217857143,2153.64442428571,2313.44976428571,3488.32917142857,1535.56155714286,2371.47301857143,2030.22049285714,2757.66549285714,2664.08861428571,2244.44295857143,2360.76093571429,2524.42243571429,2559.92458571429,2098.38331285714,2218.46672285714,2518.66419285714,2668.39080714286,2403.40568571429,2801.73587857143,2599.7784,2118.72231857143,2631.90161428571,2608.0315,3073.29208571429,2446.43428357143,2372.77750714286,1959.43282857143,1776.34182142857,2623.11534285714,2983.09566428571,2583.25252142857,2240.83212142857,2448.95744285714,2622.04581428571,2870.83287857143,2529.01022142857,2098.55522142857,2284.27477142857,2620.33379285714,2381.92218571429,2582.80618571429,2301.25929285714,2476.07763571429,2449.32066428571,2410.40767857143,1826.71097142857,2179.64424285714,2346.16558571429,2398.71665714286,2559.98887142857,2197.10075,2122.95238571429,2840.60465,2523.03252857143,2216.61398571429,2431.04332857143,2402.14855,3328.30789285714,2208.13956428571,2252.36777142857,2703.86353571429,2212.74019285714,2690.70357071429,2191.51300714286,2003.74546428571,2144.68070714286,1846.56238571429,2872.41365,2982.62934285714,2435.48400571429,2108.91205714286,2077.7009,2288.59135714286,2017.23679285714,2396.27808571429,2390.02441428571,2449.79748571429,2737.18945,2251.14234285714,2537.92665714286,2670.55284285714,2810.42790714286,2353.26759285714,2935.97397857143,2694.89399285714,2807.64819285714,2226.81943571429,2756.70747142857,2852.20044285714,2746.39763571429,2095.20128571429,2190.70810714286,2594.62612142857,2152.20684285714,2146.16448571429,2226.29663571429,2064.78040714286,2156.96175,2247.00569285714,2423.42677857143,2397.57439714286,2769.10936428571,2142.26163571429,2217.65871428571,2083.88185,2304.82982857143,2761.36261428571,2038.99312142857,2062.47707142857,2806.90332142857,2230.80575,2347.33767142857,2390.50356285714,2385.74132857143,2428.41553285714,2332.90136428571,2413.24547857143,2189.67225,2407.97702142857,2525.65560714286,1988.34554285714,2700.12047142857,2290.07947857143,1765.11581428571,2950.11635714286,2556.30275,2181.95615928571,2249.99022142857,2274.08905,2086.97545,1729.13309285714,1573.48115714286,2315.75747142857,2464.76354857143,2763.69310714286,2622.88957857143,1840.35634871429,1995.92700571429,2202.1404,2371.57960428571,2572.48866857143,2172.80852142857,2145.71007142857,2272.70159285714,1896.60088571429,2273.12106428571,2105.18276142857,2425.00125714286,2230.75991428571,1980.29634285714,1928.18643571429,2062.13892857143,2123.26014428571,2608.89283428571,2640.82566428571,2691.67122857143,2972.37404285714,2577.77305714286,2398.46358285714,2347.30698571429,2754.8564,2904.89435142857,2917.99791428571,2186.26349071429,2876.46702857143,2780.95546428571,1986.13247142857,3055.53738571429,2621.49304285714,2453.27775,2368.1569,2294.21933571429,1943.18695714286,2333.838,2159.26845714286,2247.49377857143,2428.95065,3178.92959285714,1801.76832857143,2491.48308571429,2904.52990714286,1954.91636428571,2434.16381428571,2552.46868571429,2495.3875,2264.23985,2280.5623,2521.43527,2286.67374285714,2349.38660714286,2091.11527857143,2129.05608571429,3032.48112142857,2393.04337142857,2440.80792142857,2551.38868357143,2894.95371071429,2257.62210714286,2738.48832857143,2559.76442857143,2353.31961428571,1883.11613571429,2645.90041428571,2636.6364,2522.67185,2366.82256428571,1921.67640714286,2420.91698571429,2073.78025,2537.72282857143,3145.63844285714,2583.9482,2451.83559285714,2467.80241428571,2463.41145714286,2162.97607428571,1991.51029857143,2391.44306428571,2621.84800714286,3173.03079285714,2336.92602857143,2705.64631428571,1932.63072,2201.61302142857,2155.15483571429,3288.77822857143,2503.73286428571,2564.99371428571,2447.82393571429,2385.33991428571,2086.23860714286,2579.93973571429,1998.01257142857,3337.69136428571,2799.48683571429,2626.72753,2666.27397142857,2540.41023714286,2231.61021714286,2203.60755,3129.3889,2036.25060714286,2161.77554285714,3019.46284285714,2336.87165714286,2272.34948571429,2477.54559285714,2000.05666428571,2665.95156428571,2274.4176,3508.79015,2531.32820714286,3003.39943571429,2938.12019285714,2384.8846,2180.87911142857,2222.75965,2459.43007142857,2567.86565714286,1975.41825714286,2385.47124285714,2861.08985714286,3079.97668571429,2979.35585,2576.86403571429,2445.88134285714,2217.24432142857,2572.40696071429,2600.39510714286,2293.44425571429,2269.04445,2285.75697142857,2288.77259285714,2346.28755428571,2239.71102214286,2871.56569142857,2148.37814714286,2125.51032142857,2268.6248,2538.59712142857,1861.63272857143,2573.48707142857,2434.04842,1921.19046571429,2919.40047857143,2264.00321428571,3147.64736428571,2502.07685,2702.62545714286,2647.5332,2119.75955714286,2585.20975714286,2466.76543571429,2328.83460714286,2466.3161,2352.12835714286,2517.9374,2044.87418571429,2574.81477857143,2491.49520714286,2414.97557,2291.54431285714,2625.72796428571,2289.32389285714,2596.37661428571,2524.238215,2499.56513571429,2630.08882857143,3221.6856,2896.28547857143,2514.26529285714,1825.84848571429,2442.6713,2210.85407857143,2688.59685,2106.16253571429,2306.52300714286,2129.01546428571,2405.21950714286,1592.02446428571,2548.22595,2087.39750714286,2672.37887142857,2343.48580428571,2177.76201285714,2077.78577857143,2656.34691285714,2352.18962142857,2457.06244285714,2389.57757142857,2152.85000714286,2400.84742857143,2353.8797,2552.49585,2017.41803571429,2543.9457,2634.65262142857,3025.65863571429,2377.74130714286,2538.08878571429,2728.38024285714,2039.32485,2867.57489285714,2846.62914285714,2555.86071028571,2985.11355,1987.1747,2199.53675,2101.94504285714,2151.20102857143,2064.91612142857,1719.20235,2491.31889285714,2203.00972857143,3909.37094285714,2582.89152857143,2656.62031428571,2890.47539285714,2216.66776428571,2417.81627714286,2333.27362857143,2207.24758571429,2737.57980357143,2357.88645571429,2928.77590714286,2752.36755,2679.86345714286,2039.30499285714,2747.06830714286,2277.86220142857,2289.50753714286,2803.47211428571,3280.32810714286,2293.15230714286,2378.07048571429,2584.5715,2811.91746428571,2404.35785714286,2316.05107142857,2167.56458571429,2462.31200714286,2640.47601428571,2530.01037142857,2210.24994285714,2320.16356428571,2607.31067142857,2111.36192714286,1868.48543571429,2146.44270628571,2405.55168285714,2441.36618571429,1968.74309571429,2317.33478571429,2232.82003771429,2760.71243214286,2257.93959285714,2089.07383571429,2422.17505,2111.34794285714,2165.30010714286,2392.15733571429,3514.75217857143,2681.74867142857,2822.58367857143,2301.27246428571,2607.78066428571,2606.75810714286,2487.33978571429,1892.22827857143,2051.88850714286,2699.43612857143,2645.02773571429,2456.30572857143,2652.78825,2729.7658,2461.61405,2100.15525714286,2580.06321428571,2463.48495,2510.2486,2591.03952142857,1935.50658285714,2321.35596428571,2030.02111428571,2508.3613,2759.60295714286,2444.13228571428,2009.46884285714,1736.79895,2188.08572857143,2730.66402857143,2729.82196428571,1864.80908571429,2265.70977857143,2484.23999285714,2646.85494285714,1962.46002857143,2419.39520285714,2243.20325,2783.52231428571,2455.06295714286,2139.08997142857,2740.61189428571,2608.84340714286,2293.90234142857,1730.37639285714,2445.51795714286,2521.67340714286,3215.52799285714,2291.44596428571,2555.63689285714,2017.07352142857,2562.89218571429,2209.91761428571,1893.42126428571,2158.23735,2335.73696428571,2548.84787857143,2440.41813571429,2349.34178571429,2185.62141428571,2475.97543571429,2610.40692857143,2370.72353571429,2338.46085,1808.45025714286,2071.07366428571,2035.68177142857,2108.22546428571,2446.0707,2710.99857857143,2748.65368571429,2557.53715,2682.58634285714,2817.44598571429,2512.81143357143,2475.93539285714,2550.60856428571,2419.67511428571,2578.49245714286,2442.51012857143,2286.16049285714,2455.74438571429,2175.35,3035.52399285714,2410.24153571428,1763.81942142857,2712.15291428571,2870.68368571429,2152.1424,2625.04234285714,2047.2112,2406.92075,2330.83667857143,2760.56827142857,2532.82769285714,1712.42655,2411.68761428571,2781.91546428571,2239.31294285714,2865.95623571429,2229.40094285714,2497.02337142857,2336.6249,2491.48885,2108.23221571429,2325.73650714286,2545.66057857143,2374.62012142857,2400.24172142857,1975.18649285714,2571.31810714286,1953.86686428571,2185.26020714286,2195.59855,2361.23565714286,1907.65473571429,1402.8811,2114.52494571429,1968.31332928571,2106.79417714286,2499.74322785714,2388.83253571429,2469.17130714286,1902.90694857143,2407.34843,2266.44665714286,2385.22577857143,2274.77135,2378.15777142857,3176.867685,2454.37772142857,2431.99719285714,2461.57721285714,2202.3407,1663.67558571429,2626.96520714286,2592.61464285714,2411.62019285714,2528.49197142857,2349.60676428571,2550.62992214286,2312.04897857143,2336.84684285714,2450.41775714286,2062.6726,2475.48345,2350.85441857143,2590.8666,2324.59996428571,2469.09272142857,2655.51218571429,2303.05767428571,2159.23475714286,2118.81055214286,1761.04940714286,2478.97291428571,2266.62462142857,2104.1219,2678.15434285714,2918.85287142857,2428.60563571429,2155.52167142857,2949.86573571429,2569.20115714286,2895.14392857143,2683.83525571429,3140.65938571429,2508.26831428571,2181.07515714286,2896.53465714286,2898.46165714286,2815.93075,2854.58887142857,3001.99083571429,2185.67401428571,2393.39925,2554.20527857143,1855.41790714286,2389.03018571429,2474.63767857143,2139.71862142857,1968.23230857143,2692.86075,2927.82227857143,2223.55732142857,2510.55806428571,2699.79842142857,1733.42217142857,2655.76584285714,2537.1216,2902.60691428571,2465.98115714286,1962.62232857143,2018.62272142857,2267.04747142857,1162.44634285714,2581.41638571429,2333.5927,2332.65185,2103.2241,2195.12708571429,3035.16962142857,2450.21078571429,2081.64052857143,3115.34775714286,2868.19017142857,1769.24723571429,1963.92192142857,1809.85866428571,2074.69279285714,1696.05680714286,2316.96218571429,2506.59565,2530.21048571429,2294.55615714286,2453.53912142857,1833.31362142857,2165.21043428571,2472.99030571429,2637.14546571429,2102.24817857143,2880.64949285714,2397.07497857143,2363.87287142857,2425.49665714286,2360.22546428571,2034.88944142857,2268.78078571429,2210.05344571429,1729.35683571429,1988.57282857143,3065.69634285714,2204.68830714286,1946.94128857143,2288.98922142857,2936.08470714286,2336.45017857143,3386.25015714286,2943.91795714286,2695.53319928571,2574.5519,2420.37052857143,2620.43194642857,2757.77580714286,3157.52513571429,2571.24905,2009.35437857143,1968.08948571429,2319.65762142857,2165.43777142857,1840.53761428571,2225.54715,1852.15991428571,1965.19695285714,2498.10649285714,2821.7412,1674.46704928571,2368.89394285714,2597.67955,2372.52382857143,2175.95679285714,2439.49336428571,2735.57795,2341.85691428571,2333.407295,2132.36076428571,2638.25947857143,2539.60557142857,2397.67296428571,2012.65367142857,2396.43276428571,2287.37495,2557.99267857143,2141.76792857143,2913.00154285714,2366.45685714286,2813.57857142857,1820.94176428571,2360.98752142857,2218.54363857143,2204.34457857143,2548.19975,2235.90675714286,2676.85845,2379.40704571429,2468.65344285714,2317.91175714286,2180.05282857143,2639.97890714286,2138.12005857143,2059.88272357143,2165.68823571429,2242.08890714286,2264.17428571429,2691.216,2407.90668571429,2023.73373571429,2169.50134285714,2646.59671071429,2741.72077857143,2077.78553571429,2770.56445714286,2226.65158571429,2297.77920428571,2095.20367714286,2192.43258571429,2403.67117857143,2689.03487142857,2454.16569857143,2608.11984285714,2641.11092142857,2376.65789285714,2585.90155428571,2509.44834,1973.44169857143,2467.36291285714,1992.14222142857,2308.62737857143,2214.47802857143,2155.20621428571,2849.60852857143,2721.12407142857,3465.30565,2532.01117857143,2557.28506428571,3066.37761428571,1939.99869285714,2125.56448571429,1959.43137428571,2279.38922142857,1964.39214285714,2267.78388571429,1648.42418571429,2281.99824114286,2402.81396428571,2283.97535,2930.7784,2357.88409285714,2102.0658,3150.47267857143,2929.18455,2799.99075714286,2698.24726428571,2199.68327785714,1822.13638571429,1994.83498571429,2009.92987857143,2493.70161428571,2440.88324285714,2998.42697857143,2893.34581428571,2827.38943571429,2681.99897142857,2251.42092857143,2801.81880714286,2423.44104285714,2029.13436428571,2385.29588571429,2125.78107142857,2558.38062142857,2639.80733571429,2204.27178571429,2975.18981428571,2581.60588571429,2179.32050714286,2131.62903571429,3452.73432142857,2773.0163,2685.05122142857,2541.68173571429,2117.5833,2466.85437571429,2032.50217857143,2489.12177142857,2682.82980714286,2164.63165,1904.32737857143,2696.61673571429,2050.85345,2574.85771428571,2838.48452142857,2909.89485714286,2495.36685,2251.94316428571,2291.18124285714,2155.76226428571,2186.99311214286,2382.95992857143,2936.80755,2600.61916428571,2186.51585714286,2376.87515,2440.12862142857,1994.65681714286,2422.62705714286,2769.72190714286,2384.44312857143,2424.01047,2139.09754285714,2958.39784285714,2591.03927142857,2377.52652857143,2922.63759285714,2485.08738571429,2589.04137142857,2361.69764285714,2047.26415714286,2724.9217,2433.89845714286,1985.73642142857,2168.30711428571,1950.33752142857,2263.45847857143,1943.50821428571,2788.52913571429,2382.81924285714,1617.39126428571,2930.27190714286,2319.68627857143,1514.49819428571,2932.40852142857,2804.95068571429,2934.57225714286,2888.53941428571,2281.38217857143,2014.76692142857,2547.20274285714,2783.57624285714,2743.04286428571,2288.12226428571,1929.71939285714,2377.79735,2133.95695714286,1776.89538571429,2122.88351428571,2409.62212857143,2254.82832857143,2619.64570714286,2397.88380714286,1980.16732142857,1962.92583571429,2211.61159285714,2048.07885714286,2325.99595714286,2559.3458,2437.72233571429,2556.39195714286,2321.82286428571,2531.79238571429,2255.30655714286,3028.31047142857,2472.53954285714,1707.46648714286,1730.95894285714,2430.52359285714,2336.95898571429,2568.69494285714,2327.35696714286,2071.09629285714,2502.89614285714,3387.79872142857,2427.91113571429,2364.23542,2525.65332,2577.43068571429,2430.03272142857,2138.09539428571,2573.74852642857,1893.11017142857,2419.45635,2349.69058571429,1899.43437857143,2702.79612857143,3828.55905,1839.76788571429,2754.72483142857,2518.09690571429,2595.61338571429,2941.37272142857,2486.86157857143,2484.6669,2909.68956428571,2777.93369285714,2249.10625,2767.74156428571,2055.62485,2742.58701428571,2737.31828571429,2298.73271428571,2184.10055,2335.2023,2085.17413571429,2063.62800714286,2459.36724285714,1942.53557142857,2355.44957142857,1953.4034,2887.92262142857,2259.05217142857,2075.53321428571,2253.68782857143,2820.90527857143,2086.69512857143,2643.34339428571,2274.78237857143,3043.68263571429,1943.17043642857,2645.13892857143,2126.80155714286,2408.56075,2105.29022857143,2503.65540714286,2080.76392857143,2270.18862714286,2484.28315,1989.41539285714,2334.07714285714,2208.56109285714,2374.28946428571,2455.04128571429,2797.3622,2858.17633457143,1773.82136285714,2336.42030785714,2751.25988428571,2595.30331428571,2092.40825714286,2125.52627857143,2568.46945714286,3215.90416428571,2426.55232142857,2526.89807857143,2259.34263571429,2551.75402857143,2535.2061,2589.84642142857,1949.67074285714,2473.80017857143,2256.09275714286,2263.21517142857,2094.49065714286,2468.36044142857,1937.40835714286,2522.21098428571,2647.43712857143,2375.59490714286,2042.08611428571,1918.06238571429,2833.45532142857,2651.76103571429,2865.05679285714,2484.53188571429,2177.99311428571,2487.06853571429,2428.05625,2072.26506428571,1534.94132142857,2115.4748,2514.80619285714,2695.57999285714,2524.3849,1996.76667857143,2396.62186428571,2061.64320714286,2552.06426428571,2716.82991428571,2138.8931,2203.01321428571,2391.37893142857,2091.55845,2269.21572857143,2755.77487142857,2811.27321428571,2536.08191428571,2723.78574285714,1827.19,2519.44538571429,2977.37027857143,2612.43405,2518.57745428571,1823.96881857143,1695.99917857143,2595.39412142857,2596.09801428571,2248.74285,2523.40892142857,2620.99406428571,2686.78086428571,2413.70400071429,3531.38425714286,3060.48783571429,2262.10065,2490.62803571429,3554.36520714286,2707.97203571429,2136.12079285714,2216.98232142857,2099.42773571429,1950.50040714286,2662.54813571429,2230.68470714286,2597.12624285714,2273.10195,2291.41259285714,2241.52171428571,2336.33985714286,1873.86481428571,2347.76858571429,2660.40782142857,2545.64255,2828.06975,2152.55667857143,2508.97691428571,2177.55847857143,2192.39951428571,2310.5247,1921.35182285714,2463.55598571429,2422.64937857143,2410.76786428571,2499.56159285714,2426.01891428571,2526.06481571429,2361.72639285714,2267.92042142857,2393.75517142857,2140.5756,2144.55332857143,2311.63517142857,1856.39614285714,2518.08965,1730.98370714286,2132.85807857143,2301.83334285714,2284.91637857143,2474.38098571429,2452.81395714286,2542.30576428571,2725.51418571429,2439.96737857143,2990.70815,2194.23047857143,2295.38324285714,1742.33594285714,2823.74522857143,2289.2833,2190.83903571429,2007.5067,2218.75079285714,2328.64912142857,2107.70337142857,2392.44349285714,1892.32364285714,2525.20586428571,2508.07998571429,2249.85241428571,2293.56267857143,2698.14602857143,2463.02527142857,1791.77775714286,2199.57734714286,2377.44890714286,2242.32277857143,2540.47996428571,3403.1121,2942.46140714286,2900.20809285714,2320.63085714286,2045.97337857143,2630.1991,2049.45297857143,2361.35423571429,2565.80971571429,2249.02316428571,2767.27127,2652.17124371429,2347.90246428571,1986.6327,2113.04545714286,2573.57883571429,2475.20801,2856.33147142857,2341.15913571429,2172.51599285714,2412.98592142857,1967.32936428571,2391.68863571429,2574.96919285714,2752.95671428571,2856.63221428571,2300.10074285714,2171.78822857143,3015.48095714286,3069.6966,2249.86747142857,1910.98511428571,2345.48705,2290.08065714286,2408.41196428571,2042.80276428571,2461.31214285714,2059.28351428571,1878.00690714286,2833.0627,2321.90645,2101.11167857143,2772.77708571429,2629.57566428571,2385.83582142857,2597.81987857143,2057.86655714286,2315.35130142857,2524.36337857143,2817.24371714286,3006.34522857143,2120.64848,2349.80374428571,2478.52428571429,2343.00980714286,2587.20536428571,2570.89022428571,2489.56065,2228.49028571429,2455.47769285714,2036.60558571429,2136.70878071429,1940.81731285714,1849.3637,1793.82699285714,2512.66748571429,1918.67526428571,2369.31380714286,1671.69552142857,2318.95389571429,2438.81315714286,2616.25150714286,2618.01292142857,2207.88804,2917.14961714286,1990.34708571429,1864.21183714286,2262.56028571429,2712.21535714286,1714.98467857143,2198.05418571429,2474.06376428571,1856.39935714286,2747.64629285714,3212.76634285714,1946.73460571429,2048.64413857143,2241.07584285714,2778.99285285714,2454.49486428571,1666.25611428571,2497.72952857143,2487.8912,2269.93781428571,2033.55986428571,2482.45273571429,2774.40191428571,3120.1561,2310.00050714286,2571.66299285714,2296.42822142857,2795.43547142857,2427.14261428571,2188.13278571429,2383.80765,2129.88927142857,2270.37287142857,1902.58200714286,2159.48163571429,2489.78821428571,2269.39312857143,2023.00344828571,2461.14376428571,2204.90079285714,1804.19842857143,2870.59126428571,2498.20924057143,2238.20592857143,2917.12307857143,2993.04531428571,1728.27799285714,2596.56122857143,2592.91378571429,1965.97435714286,2588.67595714286,2361.94074857143,2506.94264285714,3116.74932857143,2009.51655785714,2820.87131428571,3155.50478571429,2574.72308571429,2066.40345,2262.09927857143,2586.25787142857,2475.2863,2308.74852357143,1726.02762142857,2194.70264285714,2523.91817142857,2390.51122,2349.79541428571,2145.705,2606.86124285714,2178.43968571429,2316.43555714286,2941.31752857143,2385.16900714286,2691.33658571429,2888.48373571429,2917.23929571429,3054.73331428571,2662.85776428571,2205.13354285714,2320.99854285714,2463.87908571429,2594.48084285714,2184.07096428571,2224.13273571429,2548.34400714286,2248.45985714286,2266.65245714286,2172.72694285714,2200.01432857143,2334.91852857143,2413.68667857143,2649.32556428571,2571.95435714286,1801.71385,2446.31297142857,2162.74145285714,2390.62327142857,2466.41066428571,2030.57996428571,2043.45778571429,2490.09786428571,2317.430765,2102.02522142857,2219.97885714286,2234.66676714286,1902.1187,2452.02174285714,2263.63862142857,2046.88985,2839.69048571429,2357.80709571429,2211.43792142857,2002.31639571429,2554.12490714286,2578.38227857143,2461.58190714286,2488.86523571429,2226.74912857143,1901.98758571429,2183.82458571429,2101.25685714286,2139.05844285714,2484.03213571429,2524.64553714286,2656.67770714286,2423.74428571429,2448.07147857143,2119.18497142857,2925.72664285714,2924.57241428571,2399.19174285714,2190.08992142857,2693.75578571429,2901.51614285714,2285.44388571429,2404.03170714286,2276.703135,1785.43204285714,2550.84167857143,1757.82267142857,2479.08330714286,2294.01125714286,2338.92089285714,2256.00954214286,1963.83979285714,2250.96398571429,1875.70306428571,2775.13051285714,2302.37337142857,2130.66986428571,2116.10021428571,2124.0311,2874.22908571429,2439.35889285714,3552.43500714286,2208.79082142857,2597.01108571429,2447.1644,1838.02963571429,2571.40912857143,2512.91465714286,2363.15455714286,3204.31358571429,2579.44867142857,2286.22168571429,2711.69238571429,2644.46267857143,2030.33596571429,2153.5796,2549.76454285714,3249.63367857143,2688.52841428571,1805.92015714286,2563.53641428571,2237.11800714286,2802.65925,2078.58765714286,2355.90334285714,2893.47688714286,2119.24812428571,2358.4512,2213.23275714286,2326.31338571429,1448.77814285714,2774.35922142857,2090.79199285714,1744.34832857143,2390.04995,2432.26068571429,2701.87007142857,2774.37113571429,1621.97841,2236.17765714286,2134.54765357143,2247.70879285714,2531.297365,2621.71304285714,2503.58004285714,2348.38122857143,2493.06720714286,2700.65342857143,2401.5906,2488.77563571429,2715.84193571429,2642.9867,2435.15242857143,2407.70236428571,1962.86656428571,2263.41292857143,3333.08778714286,2859.14955714286,2125.19323571429,2784.55338571429,2263.56028571429,2217.98409214286,2473.43647142857,2221.21748571429,2495.49574285714,1861.99618571429,2422.45799285714,2550.37422857143,2788.65534285714,2960.30635714286,2707.71341428571,2711.93492857143,2978.05792142857,2141.21558571429,3079.50110857143,2390.39952285714,2644.42548571429,2418.18256428571,2763.58157857143,2208.08678,2158.14002857143,2306.07576428571,3078.22137857143,2166.84199285714,2949.83289285714,2425.61399285714,2479.90777857143,2251.43733571429,2300.75734285714,2651.7398,2702.43916428571,2460.37421428571,2533.12064285714,2589.39857142857,3163.38915,2098.93005,2705.03244285714,2179.52977857143,1834.15173428571,2277.80727142857,2126.54652857143,2988.19092142857,2335.01073214286,2207.06320357143,2411.22147142857,1855.96165714286,1678.79192857143,2385.40241428571,2543.85821428571,2669.07592857143,2270.02829857143,2144.59234285714,2294.84352571429,2399.38445714286,2158.57240714286,2044.78632857143,2092.92848571429,1959.00998571429,2518.07262857143,2745.54829285714,2633.7853,2731.38255714286,2507.88771321429,3007.11735714286,2121.21985714286,2432.51529285714,2316.52839285714,2285.99643571429,2477.26952142857,2518.39150714286,2602.75237142857,2790.83531428571,1967.33632857143,1474.53381321429,1786.53207714286,2970.56632142857,2426.71648571429,2375.13549714286,2352.45405714286,2272.31048571429,2028.72802428571,2446.88638571429,2121.39937857143,2124.72722142857,2225.93223571429,2316.94963571429,2654.91102142857,2558.81687142857,2511.87870714286,2413.25493571429,2569.31028571429,2359.67000714286,2575.57154285714,2449.66822285714,1990.79173,1952.07614857143,2584.03540285714,1987.27264285714,2430.61161642857,3353.50297,2952.98833571429,2315.04320714286,2252.69773571429,2560.26683571429,2489.09005,2221.66951428571,2745.46326428571,2678.58829285714,2556.29882142857,2742.36952857143,3179.97685714286,2991.23557142857,2688.79000714286,2108.27343571429,2146.94637142857,2477.91234285714,2247.46960714286,2362.25612857143,2526.58212857143,2606.60594285714,2285.48067857143,2484.9996,2380.46737142857,2109.74782142857,2254.29376428571,1733.81357857143,2194.81065714286,2250.81367857143,2258.64008571429,2459.18769285714,2516.01778571429,2714.01815714286,2295.90950714286,2379.60952857143,2070.12207142857,2884.38087857143,2587.37192142857,2164.57429285714,2805.57037857143,2104.89333571429,2310.18005571429,2617.60962857143,2790.81444285714,3341.90279285714,2752.98477857143,2514.55952857143,1704.43136571429,2360.03922428571,2297.87632857143,2280.09953142857,2162.32495,2242.92527857143,2046.00682857143,2034.7034,2092.14143571429,2301.78405714286,3265.44627142857,2980.30350714286,2653.77935857143,2479.65494285714,2323.69695714286,2228.60042142857,2337.41603571429,3409.31576428571,2826.53061428571,2265.63137857143,2345.92577142857,2235.77602857143,2130.30665,2656.14405,2484.60907142857,2396.45662142857,2849.87744285714,2586.79837857143,2998.81480857143,2768.8153,2800.09592142857,1900.86457857143,2163.18876571429,2021.82747142857,1848.89162142857,2231.29124285714,2303.53890714286,2009.8017,2254.12363571429,3175.29617857143,2599.43755,2346.03332142857,2062.26896428571,2316.92320714286,2205.01867857143,2501.78530714286,2347.36214285714,2025.83542857143,2353.76472285714,2342.77826428571,2713.09387142857,2550.85320714286,2958.72102142857,2988.41138285714,2359.42203571429,1869.2453,2409.90243571429,2378.33469285714,1862.96635,2427.90139428571,2280.57790071429,2635.72265,2144.29258285714,2506.45947142857,2877.70724285714,2688.23783571429,2391.06600714286,2544.41462857143,3243.81995,2959.9417,2736.67535714286,2431.57663571429,3038.09294285714,2686.3242,1830.32177057143,2179.04152142857,2200.11461428571,2770.70475714286,2143.19416428571,2191.6571,2369.61639285714,2556.93642857143,2022.05416428571,2340.57565,2334.60591428571,1752.10317142857,2619.583,2372.79705714286,2652.69355,2080.0374,2397.46385714286,2511.63018571429,2422.09014285714,1964.04263571429,2068.80887857143,2718.7816,2536.58806428571,2679.86503571429,1742.22122142857,2288.96489285714,2229.11371428571,2325.11856428571,2587.71204285714,2191.08117142857,2132.07205714286,2772.36011428571,2824.39297857143,2409.31017857143,1635.42936428571,2249.36486857143,2298.59018571429,2160.60497142857,2045.09769285714,2196.94917857143,2601.99665,2252.78907142857,1912.80156214286,2227.58236428571,2027.31083571429,2491.82292142857,1796.50710357143,2663.09824714286,2739.6693,2303.91106428571,2341.76830714286,2461.88175714286,2612.92061428571,2421.19197857143,2502.57076428571,2054.71492857143,2585.79287857143,2113.94079285714,2421.93035714286,2261.51271428571,2158.80705,1808.05922142857,2114.68315714286,2155.24072571429,1848.35739285714,2884.97752142857,2256.77338571429,2156.84015714286,2030.16375714286,1759.77448571429,2287.32992357143,2370.07867142857,2474.7161,2382.05938714286,2500.90537857143,2564.31028571429,2251.66604142857,1793.29405714286,2167.93576714286,1871.1263,2186.43642714286,2522.52630142857,1947.92646571429,2355.70757,2830.99733571429,2528.35124285714,2072.63380714286,2431.64760714286,2006.07046428571,2339.95347142857,2448.11367142857,1931.26601571429,1662.27276428571,2713.4083,3260.61951428571,2575.11612142857,2208.52136428571,2368.92767285714,3832.70179285714,2835.4751,2189.05813571429,2143.99648571429,2166.61361714286,2491.46657142857,2322.28342142857,2985.41716428571,2396.5961,2277.86112142857,2725.78795,2466.32823571429,2607.05593571429,2330.42928571429,2476.48992142857,2445.66754285714,3021.59420714286,2586.65177142857,3154.46545,2484.68947071429,2431.07377142857,2598.35577857143,2927.87183571429,1650.93445714286,2283.44629285714,2608.14918571429,2127.06087142857,2016.10140714286,2203.78518571429,2280.08862857143,2041.77920714286,2105.37227857143,2570.18318571429,3135.20262857143,1974.40897857143,1942.71385714286,2282.62452142857,2094.50781428571,1996.02385,1997.53483571429,2362.05192857143,2539.3823,2551.24202714286,2779.95712142857,2616.88139214286,2536.75268142857,2418.95283571429,2427.0636,2702.61381928571,3020.46930142857,1900.76449214286,2145.47862857143,1934.67758571429,1908.52812142857,1951.12125714286,2312.27295,1833.54135714286,2232.0058,2368.19734285714,2341.38672857143,2150.08977142857,2512.70235,2455.82935,2452.3682,2250.23718571429,2122.50318571429,1798.0894,2076.44881285714,2128.57914142857,2036.33479071429,2178.20317642857,2308.98444142857,2276.42661357143,2356.51625928571,3460.29709285714,1989.16006142857,2806.00961428571,2457.07893571429,2469.42000714286,2183.73387857143,2248.80243571429,2584.35362142857,2190.03914285714,2589.80200714286,2479.14780714286,1728.94085,2948.03395714286,2197.44837142857,2292.11278571429,2250.5442,1994.78746428571,2404.90229857143,2888.87982,2576.62301428571,2469.59844285714,2683.59107142857,2136.53310714286,3120.71345,2374.28457857143,2898.24663571429,2246.12928285714,2180.20295714286,2347.63113571429,2933.71177857143,1889.50363285714,2081.80296428571,1833.46432785714,2459.27001428571,1600.3976,2654.24963,2402.50565,2228.77842142857,2384.95445714286,2259.39047928571,2281.31763571429,2156.93307142857,2281.40643,2121.79328571429,2779.52545,2713.07222071429,3080.45954285714,3193.26475,2540.27573571429,2549.54013571429,2524.27383571429,2237.87695,2399.30956428571,1918.62212142857,2264.62751428571,2289.38874285714,2278.7373,2271.39662142857,2315.42379285714,2583.39297857143,2100.84299285714,2392.89548428571,1722.55138571429,2772.38459285714,2641.13037857143,2090.47327857143,2100.43412071429,2450.80635714286,2261.71445,3207.05412857143,1373.81438571429,2627.77306428571,1995.63188571429,2266.08881428571,1979.83559714286,2652.21225714286,2314.18124857143,1830.42816428571,1613.02608571429,2193.23568571429,2194.24436485714,2299.40511428571,2335.34248714286,1834.14210571429,2088.89532857143,2381.11684285714,2545.85364285714,2108.73435,2451.29495,2526.81845,2476.37044285714,2232.65822142857,2267.20524285714,2094.87277857143,2111.36317142857,2150.77955714286,2243.18568714286,2186.07120714286,3226.88694285714,2061.70772142857,2521.37745,2201.06574285714,2945.30332142857,2491.96201428571,2791.5158,2322.80914285714,3008.81048571429,2433.51659285714,2240.37895714286,1957.20063571429,2571.16931428571,2187.27801428571,2255.04565,2760.76789285714,2022.29731428571,2208.16893571429,2193.98915785714,2477.17120142857,1849.51242857143,2057.61385,2449.41499285714,2272.85377,2348.28721857143,1861.95780071429,2524.43878571429,2056.42166428571,2777.78979285714,2100.37183571429,2496.0523,3448.61754285714,2321.17198357143,2059.91560714286,2129.03057142857,2203.07052142857,2329.37232142857,2087.07577142857,3257.12694142857,2612.42217142857,2392.77675071429,2556.41387928571,2416.98426428571,2142.4382,2403.80974285714,2402.75955571429,2360.56890714286,2405.3105,2147.85610714286,3054.90986428571,2223.26745,2595.47377857143,2957.38559285714,2116.79558571429,2211.97322142857,2416.77223571429,2903.37228571429,2377.77443571429,2637.26383571429,2755.77980714286,2399.05595714286,2172.08821428571,2644.38760714286,2027.16533571429,2518.06975857143,2598.858,2363.84652142857,2088.66637142857,2539.39725714286,2693.76532142857,2024.0759,2290.80757857143,2078.59659285714,2549.35322928571,2584.33546428571,3058.56852571429,2466.76553571429,2161.43754285714,2833.73527857143,2363.60239285714,2503.73036428571,2188.71389285714,2734.00286428571,2472.50831428571,2629.35041428571,2155.84680714286,2755.70876428571,2208.25068571429,2853.54352857143,2520.06773571429,2757.19350714286,2351.10117857143,2136.39697142857,2324.72539285714,2368.71538571429,1780.26018571429,2141.62980714286,2280.08780714286,2309.27602857143,2608.35151428571,2172.15367142857,2546.68135,2675.10762142857,2512.77389428571,1920.19068571429,3264.61862142857,1908.10038571429,2174.15046142857,2384.88012142857,2564.02807857143,3379.13520714286,2062.76329285714,3117.31845,2218.24592571429,2612.49983571429,2554.58005714286,2483.44253571429,2624.88367142857,2265.04725714286,1883.15257142857,1929.56591714286,2053.59068,2677.15195,2055.32607142857,1963.95541428571,2156.01361428571,2238.72824285714,3151.51684285714,2281.01390714286,2715.93061428571,2943.00921428571,2736.53597857143,2310.30633571429,2926.96236428571,2240.35453571429,2244.96957142857,2104.65844285714,3461.828,1928.19734,2072.38822142857,2385.3208,2253.35517857143,2653.46543571429,2639.11592857143,3123.82537142857,2829.41862857143,3135.73156428571,2367.54564285714,2567.83821428571,2532.68392142857,2307.205,2522.45285714286,2207.27329285714,2411.23380714286,2338.88252142857,2228.77237857143,2251.04302714286,2328.1879,2885.86206428571,2598.44987857143,2350.985,2381.07399285714,2508.26372857143,2167.71738571429,2371.40125714286,2614.35622142857,2173.43120714286,1983.31293214286,2207.1854,2632.62021428571,2638.04777857143,2042.08222857143,2247.04552142857,1946.65528428571,2582.71359285714,2606.88590714286,2582.46261428571,2136.58524285714,2343.82187142857,2660.30427142857,2541.33205714286,2906.84437428571,2671.18207428571,2521.65435714286,2436.80193571429,2486.89125428571,2381.82445,3002.35862142857,1893.50329285714,2157.45224285714,2494.78535714286,2723.98204285714,2704.75677857143,2535.34417142857,2414.98912857143,2277.30021714286,2425.18887285714,2019.83562857143,2662.64922142857,2554.57939285714,2986.24404285714,3034.67864285714,2439.8037,2072.28639428571,2512.1908,2189.03897571429,2617.18812142857,2501.97687857143,2567.14877142857,2759.74599285714,3011.85554285714,2910.19671428571,3134.18462857143,2871.18214285714,2189.9489,2275.31179285714,2515.57051428571,2544.45564285714,2630.12985,2479.97257142857,2611.12362142857,1972.54933571429,2694.3871,1968.15081428571,1972.96269285714,1564.38158571429,2058.48765,2127.205,2146.91032142857,2400.34018571429,2284.57070028571,2450.44795714286,2358.00269285714,1857.88236428571,2496.46152142857,2738.46753571429,2692.57065714286,2306.46179357143,1628.61728571429,1954.50868571429,2127.27173285714,2589.12352142857,2507.11662857143,2340.03987142857,2778.45421428571,2335.47244285714,2693.65013571429,2163.06462142857,1674.77422428571,2749.23203571429,2827.35247857143,2311.72029714286,2292.77179285714,1910.89837142857,2462.4464,2100.39947857143,3136.54690714286,2622.91262857143,2574.4347,2843.0194,2654.7707,2140.29940714286,2240.94266428571,2335.84124285714,2519.7687,2152.70618571429,2499.68617142857,2779.60029285714,2411.64159285714,2766.47367571429,2715.48671142857,2733.59813571429,1929.20224285714,2288.05040714286,2307.07261428571,2505.32445714286,2129.20633571429,2318.60599285714,2615.69118571429,2321.72648571429,2327.3389,2425.20108571429,2581.98460714286,2639.26191428571,2564.64321428571,2359.54889285714,2489.68308785714,2193.51535,2181.07436428571,2022.32093785714,2336.2186,2367.42303571429,2406.76082857143,2002.71238571429,3218.76405714286,2102.34883571429,2652.03797142857,2650.48290714286,2488.20370714286,1968.22803571429,2603.13421428571,2249.73652142857,2611.28833571429,2061.54922142857,2100.21867857143,2706.51285,2093.11704214286,2702.52134285714,2231.22532142857,2716.61702857143,2739.31694285714,2055.79714285714,2171.25319285714,2360.87152142857,2512.49457,3052.86823571429,2636.08337857143,2847.52010714286,2240.91559142857,2835.97048571429,2467.54502857143,2325.1832,2469.23752142857,2119.67702857143,2510.10649285714,2730.19857142857,2485.95131928571,2220.46939714286,1856.18259285714,2542.48119285714,2495.74804285714,2520.89272142857,1926.93980428571,2391.14527142857,2567.55304285714,2971.07838,2546.34742142857,2276.23380714286,2106.79666428571,2430.3656,2463.40785,2701.53947142857,1882.88951428571,2553.81216428571,2775.12010714286,2769.30865571429,2616.75941428571,2278.66240714286,2794.12744285714,2415.20983285714,2227.76195,2077.89381428571,2636.66782142857,2621.83036428571,2973.81444285714,3320.41177857143,2467.3538,2531.34675,2444.46966428571,2714.52669285714,2495.55328571429,3056.61243571429,2138.84475428571,2084.2446,2408.96063571429,2151.05222142857,2656.42595,2708.96898571429,2598.17742571429,2229.12717142857,2383.84129285714,3333.04935714286,3301.24187857143,2225.37625714286,2030.44845,3231.03788571429,2650.80902857143,2554.74683571429,1843.33270714286,2704.3367,2032.84317142857,1945.40960714286,1797.45722142857,2808.84890714286,2461.1791,2269.64129285714,1869.69920285714,2271.85795,2148.956185,2115.20645,2223.9058,2500.35933857143,2421.32691428571,1545.97966428571,2847.07111428571,2296.11344857143,3727.99822857143,2730.1759,2582.60363571429,2130.18995714286,2471.40408857143,2672.00444285714,2426.30312857143,2135.24527857143,1994.27440714286,2378.98041428571,2409.62748571429,2428.77862857143,2307.92784285714,2792.61045,3111.12271428571,2492.06691428571,2547.92801428571,2490.99283571429,2081.96853571429,2642.44228571429,3033.34834285714,2876.73556428571,2602.79996714286,1826.65475,2194.60685,1865.16636428571,2182.83100714286,2053.75513571429,2531.41602142857,2245.57759285714,3201.41634285714,2944.57845714286,2380.60742571429,2287.94677571429,2127.13208,2401.67590714286,2466.99112857143,2406.94002142857,1714.02117857143,2268.07618571429,1960.12162142857,2431.61605714286,2085.56102857143,2234.51038571429,2451.32822142857,2541.32342142857,2114.08757857143,2645.76458571429,2293.28217857143,2208.14291428571,2032.37529285714,2311.62358571429,2109.86022857143,2347.03006428571,2992.52572142857,2769.90923571429,2439.88147142857,2365.6203,2453.18917857143,2893.88717428571,2081.41902857143,2827.62596428571,1906.8744,2299.70963571429,2385.07655,2360.36939285714,2783.41015714286,3103.15584285714,2973.12982857143,3794.66398928571,2583.54534714286,3138.58491428571,1883.56673571429,2206.84390714286,2247.00421428571,2165.17160714286,2772.02730571429,2261.78282857143,2692.88027857143,2396.46248857143,1947.68138571429,2041.47333571429,2381.50312142857,2580.18450714286,2249.84699285714,2485.57062857143,2338.03339285714,3538.93627857143,2451.67436428571,2133.74880714286,2689.00608214286,2363.04765,2262.68374285714,2465.75455,1571.86039285714,2399.80766428571,2331.52461571429,2588.69865,1890.36475714286,2443.89157142857,2210.14557142857,2347.87024285714,2192.0417,2192.04571428571,2900.39052142857,2503.79812857143,2239.80048285714,2304.50162142857,1858.59731857143,2589.26500428571,2647.91407142857,2223.48824571429,2792.81967142857,2853.99338571429,2010.02397857143,2166.79417857143,2308.91814285714,2701.93475714286,2632.62449285714,2610.24833571429,2578.28622142857,2680.36108571429,2744.30863571429,1767.74009,2450.99699285714,2426.54242857143,2362.12488571429,2242.546455,2318.33920428571,2187.84529285714,2613.86573285714,2717.47809285714,2396.47235,2773.07865714286,2915.11315,3428.60892857143,3452.46250714286,2563.09484285714,2676.52792857143,2559.64107285714,2838.20419285714,2180.18980714286,3075.69401428571,2686.16030714286,2302.78257142857,2759.16975714286,2685.59705714286,2307.30588571429,2303.23203928571,1905.65162142857,2321.60418571429,1720.87127857143,1829.92837857143,2359.17159285714,2400.44015,1852.65137857143,2462.01243571428,2099.0173,2434.08494285714,2235.54052142857,3367.62783571429,2678.30755785714,2039.06576428571,1871.30362428571,2693.56786428571,2383.78120214286,2085.28275785714,1995.53847142857,2848.26999285714,2715.49149285714,2789.30552428571,2637.64,1902.78026428571,2137.93225,2120.16507714286,2683.65182142857,2127.90026428571,2387.29514285714,2178.08453571429,2249.66095,2553.25904285714,2426.66432142857,2296.63705,2785.7263,1967.12384285714,1989.64929857143,2506.38720428571,2490.97379285714,2085.76328571429,2301.29170714286,3072.82795,2833.93437142857,2433.29485714286,2532.84925714286,1932.79237142857,2288.06597857143,2387.02075,2418.04545714286,3139.67035,2255.45482142857,1978.77611142857,2632.5346,2729.51027142857,2916.26297142857,2310.08835714286,2673.06409285714,2703.63597142857,2676.61460714286,2342.13412142857,2402.21592142857,2575.17215,2668.11467857143,2465.4851,2435.94251428571,2037.65409285714,2908.35226428571,2834.55093571429,2732.53852857143,2035.72257142857,2652.16873571429,2508.69951285714,3224.51222142857,2072.77435357143,2399.75515,2431.69556428571,3007.16502714286,2298.83936428571,2372.41508571429,2009.76540428571,2059.97477142857,2544.42859714286,2295.33832857143,2664.04827142857,2808.25292857143,1872.22915,2065.92491428571,2287.07557857143,2492.1667,1906.78797142857,1786.59231857143,2236.80127,2114.78685,2066.20183857143,2209.73411314286,2983.78672857143,2321.65486428571,2068.55382857143,2160.80913571429,2377.75646428571,2438.64830714286,2162.43041428571,2748.16315714286,2378.46782142857,2648.55565,2259.13197142857,2193.24425714286,2549.31093571429,2266.50545714286,2293.34876428571,2467.57391428571,2722.08684285714,2599.10863571429,2742.52381428571,2372.37222857143,2525.43927857143,2635.77543285714,1869.88171285714,1912.74921428571,2836.55695714286,2391.46691428571,3379.26594714286,2663.82268571429,1659.57334285714,2370.70123571429,2537.95622857143,2155.55539285714,1990.6952,2473.10552142857,2370.72627142857,2563.901495,2488.72317214286,2847.70725,2231.78453571429,2376.70167142857,3148.20106428571,3280.98625714286,1881.90850285714,1995.58558571429,2711.83621428571,2283.63109285714,3065.66313571429,2604.54317857143,2247.43226428571,2045.43070714286,2465.69898571429,2436.65495,2083.82764285714,2972.51695714286,3358.21772214286,2114.84385,2440.1064,2336.27799285714,2263.3026,2579.62582857143,2723.37200714286,2504.39069,2445.66566,2181.85302857143,2435.32787142857,2448.43218571429,2480.89032142857,2002.54808571429,2268.13205,2095.373515,2898.86182857143,1878.24544285714,2073.12675,2585.54971428571,2421.25507857143,2033.6303,2945.00646428571,1902.39876428571,2042.87452142857,2288.70916428571,2336.63437714286,2104.84988571429,1996.79923714286,3172.71392071429,2838.35267142857,2739.63159285714,3000.29902857143,2480.47039285714,2549.67763571429,1447.45782142857,2274.29424285714,2074.74481428571,2208.074905,2180.29615714286,2016.54375,2395.61425,2128.36336428571,2442.91459285714,2848.33948571429,2787.76809285714,2513.23765,2655.41775,2958.74485,2819.25687857143,2502.17636428571,2091.55858571429,2933.82020714286,1916.94557142857,2589.65903571429,1993.94228571429,2510.93272857143,2333.2291,2636.09634285714,3039.54223571429,3318.00765571429,2322.96477285714,1871.46501142857,2615.03798142857,2091.55622857143,2071.7006,2037.07379285714,2583.61186428571,2549.54892142857,2361.3565,2342.64840714286,2269.78289285714,2239.14407857143,2464.54800714286,2066.60563571429,1898.2011,2710.23899428571,2377.63705714286,2995.07542857143,2695.8052,2860.48517857143,2801.83083571429,2484.29631428571,2049.06137142857,1841.00212857143,2690.52388571429,1999.84960714286,1803.42965,2671.63172142857,2662.80285,2524.44742142857,2061.20269285714,2705.45482857143,1890.49111142857,2634.82104357143,1952.78322,2380.91516428571,1838.23255714286,2421.66005714286,2585.58264285714,2844.91889285714,2464.96847857143,2108.95550714286,2788.65767642857,2870.01939285714,2229.03455,2138.28527857143,2236.66438071429,2117.78877857143,2378.36732857143,2203.96759285714,2279.62488921429,2083.36293207143,2681.21031857143,2279.53625714286,2398.68088142857,2661.36455714286,2603.22850714286,2229.61431571429,2541.05006428571,2428.97745714286,2121.88835714286,2631.61967142857,2417.73613571429,2060.52302142857,2486.24061428571,2955.30703571429,2791.04685,2397.67415,2329.23685714286,2297.61897857143,2389.93438571429,1905.16021428571,1775.10378571429,2494.18349285714,1956.25948571429,1986.36203571429,2024.61207857143,2608.90278571429,2605.53756428571,1848.91519285714,1877.51852857143,2104.72955714286,2031.80929285714,2190.02534285714,2640.17659285714,2517.76027142857,1964.47371428571,1869.23365,1967.60815714286,2753.65545714286,1958.71576428571,2783.19197142857,2287.09148714286,2289.70316428571,2083.74091428571,2919.43044285714,2467.75194285714,2392.24567,2524.28352857143,2266.08196428571,2144.72707857143,1828.58883642857,2646.48291428571,2036.06924285714,2528.86868571429,2293.40741428571,2593.41783071429,2547.85914285714,2134.38077857143,2049.99650714286,2240.59205,2063.92865,2123.83136428571,2561.10660714286,2633.69975714286,2856.84976428571,2443.62225,2494.61157857143,2327.94637857143,2254.06015,2108.23277285714,2511.59986428571,2816.51840714286,2486.28038571429,2360.32499285714,2712.31990428571,1967.06635428571,2867.57540714286,2321.25067285714,2447.06916428571,2829.25521428571,2776.96958357143,1931.79977571429,2459.27291428571,2378.78685714286,2739.88480714286,3360.4973,2095.35061428571,2485.33476428571,2015.95875714286,2389.13767142857,2725.21516428571,2986.07569285714,1857.74837857143,2187.15777142857,2225.76281428571,2512.12990714286,2455.76727857143,2176.04311714286,2325.54721428571,1970.98136428571,1858.85856428571,2303.85684857143,1802.59677857143,1986.58252857143,2845.47784428571,2329.94544428571,2484.59611428571,2195.86805714286,2132.80168571429,2914.12544285714,2852.32567142857,2526.42844285714,2512.43788928571,2043.56390714286,2124.56092857143,2469.80391,2227.50669285714,2457.30382142857,2647.08265714286,1986.01402857143,2591.86295571429,2665.51245,3303.1966,2629.22582857143,2082.14123571429,2472.98618571429,1829.54821428571,2017.63537142857,2117.38078571429,2097.75996428571,2236.44487142857,2291.84481285714,2709.32569285714,2462.66227571429,1790.16189857143,2993.63317857143,2088.19332142857,1976.77937857143,2141.6536,2080.15629857143,2315.92479,2168.15281428571,2408.49902142857,2541.39985714286,2675.44962857143,2178.38253571429,2468.06966428571,2232.56834285714,2291.01164285714,2167.35252142857,2585.83705714286,1993.34196285714,2469.73774285714,2582.58980142857,2909.37262142857,1949.65847857143,2448.44524285714,2776.53467857143,2780.81852142857,2706.22191428571,2310.78033,2295.05964285714,2543.39967071429,1844.05009285714,1905.48449071429,2266.49614857143,2215.64098571429,2080.98613285714,2360.35017,2095.12885285714,3151.93312142857,2797.14611428571,2324.98689285714,2042.7981,2588.08519285714,2955.18185714286,2311.29892142857,2064.52476428571,2426.20104285714,1949.79638571429,2430.0638,2078.77719285714,2091.24885,2428.4911,2676.39434285714,2128.62646142857,2732.56807857143,1965.58833571429,2223.58117142857,2330.84967857143,2394.55198571429,2216.07449285714,1897.75493285714,2425.41698571429,2444.97912142857,2580.11183571429,2546.10767142857,2783.06325428571,2181.6073,2618.31065714286,2588.3662,2678.67285714286,2149.64539285714,2181.67167857143,2326.43071428571,2115.89847857143,3120.35947857143,2372.01285,2646.6791,1611.95954285714,2697.80977142857,2484.24586428571,2051.5762,2370.42525714286,2393.9829,1842.12347142857,2713.79867857143,2560.09814285714,2510.97364285714,2428.01611428571,2487.89965,2629.91271428571,1844.27898571429,2264.96017142857,2120.21102857143,2561.07642857143,2277.02733571429,2265.19911428571,2341.16661857143,2204.25867714286,2024.92147142857,2415.24550714286,2141.36337857143,2119.53468857143,2635.77117142857,2604.92185214286,2396.84371428571,1976.29272142857,2111.26607142857,2124.29769142857,2560.505,2171.79456142857,2339.68195,2316.87548571429,2386.18894285714,2550.94756428571,2288.16292857143,2684.11952857143,2121.59006571429,2489.50499285714,2884.24061428571,2715.38446571429,1933.71157857143,2428.62438571429,2092.10229285714,2592.25544285714,2415.35002857143,1737.22487857143,2674.82028571429,2282.25732142857,2820.70027142857,2565.26342142857,2692.04812857143,3018.98234285714,2448.5611,2813.12730714286,2592.32158714286,2426.00425714286,1712.44465714286,2863.57834285714,2618.94206857143,2648.20964285714,3571.52502857143,2660.8405,3358.2175,2515.63221428571,2448.12037142857,2560.111176,2458.55235714286,2779.18135714286,2280.99115714286,2882.54679285714,2709.79511428571,2245.65237857143,2468.96217857143,2792.01611428571,2442.44540714286,2597.93647142857,2237.32207142857,1960.64643571429,2141.30957142857,2245.38221428571,2013.73057142857,2615.65837285714,2567.92425,2348.18751428571,2775.05830714286,1632.88888571429,2041.37312142857,2370.81309285714,2770.65117642857,1780.10095,2072.21108571429,2004.10448571429,2326.78188571429,2045.26602857143,2769.64939928571,2607.03685,1998.64900714286,2547.20494285714,2826.44530714286,2079.68082142857,2856.9069,1948.94569285714,1790.25603571429,2145.37467857143,2460.54787857143,2351.7844,2310.96331428571,2470.43260714286,2688.76684285714,2121.94527857143,2290.75037857143,2980.81252142857,2514.51669285714,2522.12827857143,2475.68544285714,2579.38143571429,1784.88535142857,2625.00026428571,2831.37876428571,2305.29542142857,2299.74613571429,2417.60088571429,2350.8897,1997.08414285714,2312.71069285714,2112.56244285714,2395.06392142857,2238.38521428571,2117.65386428571,2600.11647857143,2551.71909285714,2165.36675,2662.9475,2641.49977857143,2616.96485714286,2922.20117142857,2273.14995714286,2293.07752857143,1941.31836428571,1831.96337857143,2426.50005714286,1960.75079285714,2279.032496,2043.15053928571,2197.35663571429,2565.06188571429,2137.52880714286,2255.79193571429,2339.34962142857,2200.14040285714,2350.51470714286,2088.28745714286,2103.31554285714,2431.91831428571,2491.85795,2027.63435714286,2034.57084285714,1879.84149285714,1986.73035714286,2383.20269285714,2010.50386428571,2652.11156285714,2455.26048571429,2805.67281428571,2559.70242857143,2700.3257,1645.78284285714,2253.28818571429,1666.51698571429,2023.33405,2843.84885,1991.26461428571,1528.29775,2678.13554285714,2511.83661428571,2844.27527142857,2631.26255714286,2436.65693571429,2935.66201428571,2047.89115142857,2068.43264285714,2633.69905,2416.60646714286,1479.33742857143,2709.96442857143,2792.83593142857,2072.87098142857,2695.9175,2036.18920714286,2349.34671428571,1849.38272857143,2218.35521428571,2129.13054285714,2000.94858571429,2450.19151428571,2532.72042142857,2154.130075,2618.29708571429,2128.58375,2516.17135,2506.97798571429,2287.38773571429,2898.90906428571,3021.28162857143,2496.57748571429,2427.96747857143,2307.10047142857,2653.71915,1934.41365,2132.36008285714,2099.18465714286,1834.59877857143,2620.59464285714,2265.2801,2201.73038571429,1574.63925,2028.97864285714,2449.98742142857,2307.08704214286,2365.77413571429,2263.23022142857,2172.92819285714,2273.67562857143,2424.95795714286,2658.78457142857,2198.97032857143,2798.78173571429,2366.33388571429,2676.5635,2382.01381428571,2214.40773571429,2641.12715,2596.33042857143,2075.50276857143,2712.5607,2305.24642142857,2180.75627142857,2123.74306,2284.14942857143,2129.82906428571,2569.54617142857,1802.80828571429,1979.03577857143,2326.53544285714,1611.31377142857,2583.0959,2457.0538,2273.30131071429,2815.57938571429,2591.883,2510.92531428571,2437.20349285714,2691.85787142857,2021.16975,2504.80540714286,1916.53064571429,2040.52077857143,2842.69779285714,1814.37222928571,2329.62232857143,3038.34412857143,2325.02992142857,3030.34146428571,3511.39733571429,2564.75723571429,2627.40760714286,2235.17080714286,2221.09662142857,1763.96027142857,2507.55098285714,2595.91515714286,2393.09902857143,2401.16538571429,2372.31040714286,1965.96353428571,2139.52362,2636.88705714286,2152.99692857143,2434.51609285714,2076.11745428571,2499.47341428571,2167.91583571429,2891.90311428571,2424.14033642857,2227.42761428571,3127.73433571429,2685.46833571429,2386.35735714286,2198.04145714286,2047.3652,2287.63767857143,2009.9048,2530.54486428571,3008.54381428571,2554.94235,3010.66841214286,2478.99722857143,2584.67017857143,2252.29960714286,2555.212,2076.03377142857,2525.583985,2258.52275642857,2195.84989285714,3225.21656428571,1999.68277857143,1989.20461428571,2236.65751428571,3024.99957857143,1838.02286285714,2312.57967142857,2190.30279285714,2615.93407142857,2527.60286,2407.55951785714,1726.76908,2023.28891428571,2275.9775,2605.70013571429,2726.81107142857,2473.64125,3029.91217142857,2942.54252142857,2331.72972857143,2787.58957857143,2337.87353857143,2714.05336428571,2585.64825714286,2355.52143571429,2198.44477857143,2128.76355,2346.68708571429,2178.25375,1976.90560714286,2940.2985,2372.69182857143,2241.71890714286,2499.97164285714,2495.92205714286,1913.89101928571,2239.99755714286,2165.42412857143,1956.32167857143,2447.82297857143,2678.17634857143,2494.88531428571,2929.56943571429,1979.144135,2495.48383571429,2917.35026428571,2368.11182142857,2378.18587857143,2005.45481571429,2505.47229,2188.86295,2726.47359857143,2672.63246642857,2988.46203571429,2665.50586428571,2863.17723857143,2729.43242857143,2343.06908571429,2247.65487857143,2269.06321428571,2380.1831,2220.12144285714,2296.87492857143,2651.84587142857,2196.33974285714,2197.79237,2429.60507857143,2076.28052142857,2196.34387857143,2093.48883571429,2467.26746642857,2701.70389285714,2385.81914285714,2002.17620714286,1947.17369285714,2879.89017571429,2978.92757357143,2742.62856571429,2231.61769285714,1861.91667142857,2089.22604285714,1892.68834285714,2270.37011428571,2103.12746428571,2430.37747857143,2708.96590714286,1714.85739428571,2209.80395428571,2244.60440714286,2261.36207142857,2451.99165714286,3053.04372142857,2611.51841428571,2269.27749071429,2000.92167642857,1901.25677142857,2324.45461428571,1652.02032857143,2423.97304285714,2571.50086428571,2337.35187714286,2779.1996,1730.04369285714,2558.04649285714,2515.58043571429,2304.54495,2406.25610714286,2958.34203571429,1574.95827857143,2023.10367142857,2182.61667628571,2501.66512857143,2557.66449285714,2161.60285,2602.30671428571,2427.93865,2695.71511357143,2183.949,2603.79414285714,2299.54785714286,2498.43527142857,2257.58828571429,2379.6567
53.530612244898,2576.50878469388,2423.92093979592,2386.57605102041,2881.67413061224,2614.03490918367,2918.99429183673,2365.29716428571,2067.54028571429,2156.95854081633,2326.75431428571,2812.20779897959,2229.95762653061,2500.71158826531,2340.21021326531,2648.95548959184,2204.64515326531,2416.20049183673,2748.95718367347,2219.33799591837,2869.41252040816,2316.49829693878,2602.92249183673,2432.75598571429,2745.59909183673,3191.1777377551,2858.20745408163,2475.42601428571,1793.90521428571,2668.81000846939,2289.64552244898,1246.04220408163,1971.45484367347,2349.83854795918,2461.24004081633,2481.46993673469,2566.39978979592,2770.01075612245,2510.62890510204,2564.86630714286,2582.65883163265,2853.08828571429,2591.78516938776,2459.47135173469,2957.57035510204,2952.34378877551,3007.53496612245,2003.73031612245,2860.17227653061,2904.14780306122,2221.46890510204,2095.5428394898,2996.01369285714,3057.26113571429,2874.81046836735,2364.21133979592,1967.1384755102,2618.58170612245,2085.68873877551,2336.2307622449,2491.78078979592,2521.73595306122,2434.3198255102,2733.24261530612,2001.44804897959,2240.98358979592,2577.85119408163,2076.32998163265,2147.66896734694,2307.86860816327,3125.90237244898,3398.98378469388,2875.98136938775,2236.1511122449,2212.8946,2241.46376020408,2163.53966734694,2801.11777755102,2387.14252755102,2658.6012755102,2225.41642040816,2476.92906428571,2134.31472040816,2416.06452755102,2173.95573979592,2740.94668265306,2958.45358979592,2365.92154081633,2211.98510306122,1731.2084,2975.91896428571,2458.44952653061,2328.86528734694,1984.21743347959,2198.87778877551,2602.86653571429,2382.03649102041,2263.99457142857,2014.43939612245,2478.43499795918,2141.53082653061,2351.01607306122,2429.20749244898,2179.58744591837,2554.37419897959,2726.46930326531,2502.53826673469,1900.91056530612,2122.96211632653,2372.48482857143,2694.24060612245,2322.34667244898,2394.65903612245,2342.77864897959,1759.52963673469,2555.60725836735,3354.65746734694,2306.11585306122,2431.82100102041,2391.24304387755,2430.23475816327,2734.5932744898,2593.13854183673,2276.19595918367,2177.49077142857,2809.43561846939,2260.98831428571,1843.05136481633,2218.08850402041,2493.95971122449,3014.02271326531,2701.00022857143,3513.87100408163,2391.63336020408,2157.94001622449,2485.46691316327,2052.73720102041,2351.41638061224,2988.86524387755,2595.74440714286,2605.47373469388,2091.65343367347,2360.41948265306,2301.03563367347,2837.18593979592,2589.01742040816,2564.2792055102,2233.88681489796,2210.96808673469,2566.37505918367,2355.77462653061,2939.65900102041,2870.31830102041,2104.73265714286,2390.2821622449,2092.8993755102,2458.60456020408,2330.03605408163,2592.1927377551,2355.6768222449,1970.4798222449,2418.87504714286,2339.65813673469,1913.28188979592,2679.66827142857,2462.1898244898,2132.55569897959,2092.76310204082,2669.9338122449,2317.09459081633,3005.51476791837,3063.56963265306,2900.26540510204,3287.15299591837,2562.94232244898,2780.50997755102,2764.81729693878,2251.08470408163,2536.85655510204,2152.97055081633,1996.12954540816,2903.5861194898,2054.3648655102,2217.36663061224,3124.39784387755,2695.26054387755,2985.40397142857,2058.95214183673,2627.61917040816,2331.99604387755,2371.31700714286,2320.05978163265,2857.76134897959,2615.85543673469,2983.91258367347,2049.69713571429,2394.14750612245,2313.86120612245,2462.62158163265,2721.8384744898,2455.80846122449,2960.54456693878,2031.68058367347,2485.38033265306,2609.61843061224,1948.92211632653,2366.40713877551,2401.07399591837,2170.22204897959,2069.93088061224,2706.33745693878,2337.38394795918,2115.42217142857,2416.98358367347,2402.64571122449,2421.71268938775,2589.34996285714,1991.22894632653,2996.41796183673,2762.16211857143,2532.65220367347,1714.64826857143,2995.29761122449,2396.6188,1823.91929387755,1923.34883061225,1981.80248571429,2119.07259183673,2663.8818877551,2262.60301734694,2186.08075204082,2409.8995622449,3369.04623469388,2757.16788571429,3050.32944591837,2360.16737653061,2648.3266255102,2507.2868877551,2480.00227244898,1576.73534795918,3100.74690714286,2113.92234183673,2457.00686428571,1628.85234489796,2650.86342755102,2222.79205418367,1967.25353163265,2433.9680755102,2634.93162653061,2072.88426326531,2441.58130030612,2555.23059928571,2762.22777959184,2849.80683061224,2997.72704795918,2800.07195989796,2864.00983265306,2480.91493265306,2834.52872959184,2017.85600918367,2324.91900938776,2675.97917755102,3337.53005306122,2880.47665306123,2591.70246530612,2447.56711836735,2259.53579591837,2755.26099183673,2648.35811020408,2343.34044489796,2290.72701632653,2410.03566663265,2458.27398061224,2366.38583979592,2132.15368163265,2372.17779897959,1925.46793795918,3007.11437857143,3154.00065816327,2571.95603469388,2734.08330306122,2627.3029244898,3437.55666836735,2888.45612918367,1949.05243153061,2529.69564897959,2407.82132346939,2321.83634081633,2222.48283397959,2611.05485102041,2510.56429081633,2425.83581020408,2406.79826938775,2387.40940816327,2821.97407959184,2911.38224387755,2093.17244387755,3004.39456938775,2599.78694693878,2931.98583469388,2015.80853367347,2389.36355,2029.02354795918,3022.30128469388,2119.46306530612,2172.58047142857,2074.2610072449,2240.58215877551,2093.63851938775,1890.10564387755,2105.10677040816,2136.58022244898,2678.23371530612,2651.84375102041,2043.06109897959,2388.99112197959,2401.86677959184,3048.66888469388,2660.90646734694,2720.2404877551,2866.40155918367,1755.75216428571,2598.24387040816,3071.12711632653,2143.71310387755,2860.2801755102,2772.81221530612,1667.54708673469,2117.55368673469,2827.91200918367,1826.30592959184,2179.6810877551,2800.5545,2649.7642377551,2356.44943469388,2217.28594489796,2786.54313163265,2998.8894122449,2344.63764183673,2214.73355071429,1814.63629591837,2337.46320816327,2423.11614285714,2387.73678265306,2101.49328877551,2533.12244489796,2535.26680510204,2302.54949489796,2084.94315204082,2622.68710142857,2794.66651336735,1973.54930918367,2368.92935816327,2104.22122142857,2277.55544387755,2310.34262142857,2410.98523979592,1733.06908469388,2429.11238571429,2829.64162142857,2716.43429285714,2291.36528469388,2082.85133673469,2884.50095918367,2233.5592744898,2210.88873061225,2133.65978061224,1906.63495,1608.2123744898,2333.08381326531,1825.7892755102,2378.68631632653,2556.47310612245,2003.25271428571,2137.6506122449,2437.99396326531,2509.61965714286,2106.49476326531,2709.34056326531,2498.41472857143,2725.70902244898,2314.95151428571,2269.79454183673,2617.38951836735,2579.9263122449,2126.44820306122,1685.90688265306,1975.59968673469,2342.6421744898,3209.74901632653,2353.84645714286,2554.81330918367,2127.81523265306,2664.24780306122,2346.93058265306,2837.84452142857,2417.44051428571,2616.51385571429,3372.19911632653,1911.71954591837,2064.07625306122,2150.68027755102,2391.88322653061,2216.70875714286,2595.07381163265,2831.03096632653,2434.75935510204,3274.31210918367,2581.97393265306,3027.67624285714,2787.81403877551,2697.6970122449,2746.8964744898,2711.87475102041,2977.88354489796,2326.75764897959,2469.76212244898,2427.38800816327,2290.3326122449,2082.52289295918,2577.80968877551,2648.41328265306,3246.83963265306,2668.31565714286,2627.00670714286,2704.09154489796,2420.20516326531,2984.5226377551,2908.35596938776,2655.52569591837,2644.83261020408,2624.26606632653,2376.32356734694,2623.41072244898,2926.44984081633,3700.28663877551,2024.09693877551,2503.22296632653,2638.38717040816,2322.22190714286,2469.69393265306,2463.75874285714,2285.54042346939,2259.09196428571,2263.48999285714,2186.21357265306,2322.3078744898,1758.12889755102,2542.35972142857,2590.96288163265,2411.85427653061,1955.65784081633,2850.21744591837,2657.83536122449,2493.88884285714,2272.37179387755,2370.78228877551,2043.11695510204,2128.63445510204,2634.30117040816,2812.45803265306,2801.71550816327,1712.70052040816,3183.88800612245,3613.81747959184,2850.68221428571,2339.19914204082,2226.84924285714,2551.45488367347,2634.69636836735,2268.76508163265,2775.59226326531,2020.61015030612,3178.52108367347,2465.03034489796,2731.93679367347,2321.06388571429,2795.84601938776,2065.27125918367,2738.05475714286,3246.25431122449,3011.54911632653,2906.36378571429,2906.93902346939,2377.32416020408,2784.37818683673,1977.76173673469,2587.46749122449,2195.66319122449,2856.51967857143,3828.39768367347,3054.96999591837,1907.97872857143,2338.91020714286,2316.32976020408,2437.21498367347,2499.32182285714,2418.13702244898,2426.02216428571,2549.62370102041,2445.32252653061,2233.69363265306,2226.24224693878,2915.948,2364.92103061224,2146.67661632653,2644.42987857143,2528.50136020408,2514.99625306122,1938.25526326531,1935.57301326531,2611.69544795918,2785.06625204082,2300.63826530612,2530.61584897959,2189.79482591837,1977.53593979592,2417.97917346939,3068.41124693878,2577.12482755102,2320.51679183673,2753.18471632653,2249.15608061224,2300.21214693878,2584.52703571429,1967.22553438776,3111.56447040816,2501.31044285714,2374.06595816327,2250.49438265306,2369.89714387755,2536.23472346939,2448.92204816327,2491.85807857143,2441.98556734694,1710.17441836735,2301.13190346939,2095.70955204082,1659.25500714286,2258.33501122449,2844.09240816327,2435.96979632653,2495.23732959184,2330.34039591837,2330.29886632653,2750.13833571429,2996.68012040816,3344.84953265306,2667.60496173469,2476.13150510204,2589.49285928571,2455.28941306122,2378.66407959184,1601.72412959184,2130.2483755102,2317.1202255102,2940.94876734694,2056.99749081633,2002.23804285714,1963.01748234694,2242.83996530612,2461.58474183673,2869.61939897959,1610.43437887755,2601.29091530612,2470.64884285714,2194.64920204082,2165.69777244898,2097.76662653061,2416.87764489796,2292.22634489796,2601.66494693878,2054.50039081633,2489.63865204082,2469.71471367347,2043.4444744898,2399.80892857143,2003.05004897959,2848.03224387755,3018.5621244898,2177.01872877551,2390.34760918367,2040.64599795918,2380.27794285714,2894.84208163265,3314.6328,3394.51036836735,2574.67424693878,2098.83044693878,2752.93255408163,2546.56209326531,2161.06530510204,2175.88186938776,2296.71297142857,2782.2184555102,2812.73590918367,1608.86333367347,3008.22322653061,2643.17878571429,2409.01895714286,1839.29671,2420.00788673469,2035.73265204082,2425.47081632653,2300.84109989796,2780.4676244898,2730.94133132653,2023.96127408163,2395.90574591837,2386.86401530612,2228.93113061224,3236.30457040816,2444.70143683673,2491.40675612245,2235.81784795918,2222.51797142857,2633.79391530612,2530.51467857143,2985.66035346939,2613.64397346939,2915.14149387755,3341.29370102041,2784.37140408163,2374.77828877551,2740.07238877551,2068.46009387755,1936.58655510204,2663.03751938776,2782.9292755102,2580.01083571429,1981.29875204082,2464.1144,2222.38298571429,2281.60338469388,2812.24155408163,2134.93727142857,2705.36321632653,2412.37889591837,2334.33488571429,2595.23988877551,2521.31137857143,2629.44805408163,2390.33433265306,2096.56013673469,2146.94276632653,2998.30146734694,3088.17797346939,2143.60720510204,2718.32167653061,2338.33903367347,2457.33684387755,2524.08939693878,1847.06274489796,2407.88672857143,2362.86239387755,2427.52680612245,2499.8569877551,2142.26860102041,2255.04964285714,2407.58401632653,2416.63392142857,2538.76589795918,2621.5546744898,2471.64495989796,3082.69199653061,2357.20396734694,2179.02939897959,2757.77677938775,2411.42946020408,3241.65197040816,3184.4081122449,1997.34598469388,2952.62404591837,3235.00489591837,2848.56759591837,2741.7915377551,3424.63827755102,3584.80247959184,2871.64040714286,2457.7534755102,3382.16894183674,2274.00635918367,1980.57643877551,2548.59906020408,2914.20887653061,1893.8316755102,2659.77865510204,2493.6881755102,2257.8863,1789.59114183673,2557.8049377551,2285.83989285714,2611.34114989796,2301.87091183673,2131.30528163265,2515.59204489796,1893.89015918367,2363.09810408163,2336.28808979592,2308.05295265306,2621.51052346939,2116.09184693878,2316.45604795918,3021.88100918367,3251.69293265306,2255.91332428571,2690.09309693878,2989.82680346939,2540.91668673469,2195.31230714286,2423.13316428571,2667.80813163265,2525.78952142857,2659.80456938775,2309.01816428571,2646.33792346939,2203.12848367347,2090.92847244898,2502.41867755102,2849.20237959184,2715.8458377551,2558.92707959184,2034.6264605102,2683.39158469388,2838.8602622449,3230.90682244898,2422.67195816327,2652.49030306122,2745.12593979592,2316.59987102041,2438.98718469388,2197.55121734694,2243.87991020408,2074.84890918367,2518.4494877551,2696.04989183673,2715.72692653061,2764.8591122449,2466.62126020408,1917.25973979592,2421.60380204082,2430.51316938776,2511.2520622449,2124.58248469388,2260.86313979592,2731.93101673469,2667.2042255102,2172.60335,2151.12724489796,2269.55289285714,1789.19257857143,2871.7353,2884.38485306122,2456.44844489796,2926.25586938776,2820.16054387755,2140.84060265306,3258.29472653061,3014.64048979592,2021.11912857143,2824.12363908163,2354.33550714286,1944.98349285714,2605.3633877551,2428.40262693878,2329.1074244898,1681.3347122449,2320.73190469388,1821.32545979592,1913.62058632653,2036.86921428571,2196.82134704082,2878.38859693878,3000.04887857143,2188.79577908163,2606.35967755102,2671.56609897959,2413.77026122449,2106.21471734694,2554.93702653061,2613.02245,2188.05189795918,2925.76943265306,2853.57182346939,2277.3812,2794.97743163265,2944.0043,2529.54215204082,3159.58205,3216.9806,2793.81884897959,1799.73452857143,2424.60589938776,2269.7085244898,2334.01142142857,2130.63661428571,2584.07126836735,2862.53809795918,2021.8338744898,2469.2450755102,2595.84825408163,2389.01062142857,2151.60662469388,3366.29582959184,3362.69336938776,2606.47941428571,1917.6260377551,2253.38699591837,2537.75847857143,2392.83193387755,2350.44824857143,2347.7358744898,2554.94644693878,2247.45368877551,1975.54523836735,2329.20893367347,2690.53659183673,2278.9446255102,2463.07378673469,3004.47664285714,2707.64581020408,3113.97350918367,3444.02942040816,2971.74310877551,1951.45255397959,2412.75294377551,1559.24907346939,2309.39830714286,2480.24373877551,2999.72516734694,1864.43316020408,2560.97855612245,3059.99726836735,2519.0747244898,2739.5586755102,2043.9640505102,2482.32958367347,2462.18323367347,2517.30772755102,2004.11596734694,2091.29911755102,2611.47581836735,2870.74775408163,2736.36823265306,2171.24748244898,2557.67964938775,2428.22094693878,2213.41851673469,2253.59483979592,2504.5033744898,2462.11697244898,2157.69838673469,1930.86187857143,2477.41279489796,2594.40627142857,1938.20447857143,2310.12044081633,2644.44539285714,2071.51968367347,2523.73614183673,1958.25673979592,2650.97233173469,2323.88853367347,2840.5584877551,2711.56378571429,2322.24082877551,2335.37654081633,2387.98824285714,2388.88870306122,2594.54232244898,2934.47700816327,2171.2841122449,2420.29936122449,2384.32796122449,2447.37410408163,2829.37509489796,2164.5437244898,1831.48326734694,2617.71767244898,2541.47972040816,2369.63110306122,2464.92010204082,2771.44701938776,2624.51936938776,2247.93428877551,2353.13028265306,2558.50320408163,2278.82007346939,2452.1812744898,2440.92943877551,1717.49601285714,1777.88067244898,2149.31653693878,1745.3801044898,2345.92219489796,2062.0112377551,2056.1231744898,3505.32307346939,2868.78652244898,2791.57129285714,2877.2902,1875.26474591837,3111.9016377551,2294.86287755102,2465.04810918367,2946.61629081633,2495.76657959184,2208.10302653061,2898.91438367347,2363.57549183673,2389.67348571429,2328.85348673469,2174.36082142857,2336.0910255102,2486.25393163265,2441.43654387755,2973.29687142857,2791.48976122449,2628.65845204082,2936.34658367347,2914.74212346939,3244.30494693878,2181.87805816327,2277.04517346939,2323.19913367347,2308.98968571429,2509.19699387755,2610.0154122449,2236.26126020408,2921.67427755102,2414.97787244898,2158.12373061224,2747.25979387755,2055.29470510204,2236.78386020408,1811.65,2305.45908265306,2052.01956836735,2621.92454387755,2304.54980714286,2503.25196734694,2038.40635,1803.60639673469,2135.97873163265,2691.25906020408,2589.67570510204,2070.70036428571,1968.51136938775,2260.29892959184,2355.51418346939,2565.22324387755,2606.34779693877,2529.92108877551,3016.23149693878,2191.92573571429,1873.11398163265,3461.02652857143,3017.36539285714,2361.75086326531,2675.92603469388,2649.86267346939,2325.16846040816,2526.6699755102,2113.77308877551,1927.24788673469,2325.9445622449,2788.27314897959,2469.73110714286,2354.98416632653,2180.23271632653,1849.05251632653,2542.92450204082,2764.16314387755,2921.68455510204,2494.67907653061,2367.94550714286,2281.96860918367,2418.91243571429,2761.85775040816,2940.37428163265,2129.45277755102,2144.34668265306,2073.11150918367,2733.02307142857,2490.72182755102,3052.43200816327,2623.05498979592,3210.69882142857,2482.76299387755,2566.07106836735,2145.99308163265,2179.34353673469,2599.4034377551,2344.79302959184,3086.41681326531,2330.68458163265,2302.98169102041,2386.60123367347,2650.15746285714,2455.89121836735,2200.70984204082,2103.30448673469,2303.86365265306,2296.37325918367,3295.14852142857,2433.89898163265,2156.9954122449,2264.79632653061,2488.23791428571,2546.5291744898,2194.32776122449,2611.52349591837,1869.53133367347,2529.98338163265,2312.19685857143,2235.45578132653,2292.10106122449,2687.5511,2263.52062959184,3071.90317755102,2446.08928877551,2605.65386020408,2400.76157959184,1827.29651428571,2572.29551326531,2340.06143367347,2197.83936632653,2191.81143163265,2303.38932653061,1862.91241183673,2129.2441744898,1655.01411836735,2428.81818367347,2537.42625428571,2023.60161938776,2343.74766734694,2263.39812653061,2219.78837857143,1930.36451785714,2081.01897612245,2405.86547959184,2894.29756836735,2386.6543044898,2176.17011734694,2133.15091122449,2461.73906459184,2691.51863367347,2828.46691836735,2197.67357244898,1860.27935204082,2583.6159755102,2539.74828469388,2681.63690510204,2411.41138877551,2284.49171183673,2186.51536183673,3041.48934387755,2608.74261244898,2304.93814387755,1537.0274755102,1613.00796836735,2351.80420714286,1995.91054183673,2713.05583571429,3013.10413469388,2761.19329387755,2507.26609183674,2382.56411530612,2684.69255612245,2065.31370714286,3322.60045102041,2272.20461020408,2712.57910632653,2782.18965204082,2246.72139173469,1850.83669612245,2206.50887142857,2691.56906530612,2389.19016102041,1957.64985,2103.61182142857,2333.49263367347,2529.52616734694,2619.50146122449,2492.6363122449,2676.20322040816,2373.8432122449,2519.67765102041,2768.55417346939,2616.58783163265,2675.24575428571,2565.22877755102,1886.40981734694,2553.18368673469,2160.14698367347,2989.7010744898,2018.41354959184,1992.25429642857,2589.25676938775,2260.00704489796,1629.48973367347,1719.51315714286,2476.32205102041,2820.27854081633,2376.86499846939,2485.81920408163,2805.93790306122,2325.44278163265,1937.74494081633,3245.55705306122,2158.1228877551,1904.16715510204,2436.31099285714,1847.07934081633,1937.58031020408,2384.34839387755,2601.57568061224,2892.04195714286,2952.80973163265,2449.28007244898,2159.82915510204,2423.56646020408,2385.47973612245,2919.51723673469,2949.57498877551,1726.66465,2124.85294795918,1728.80387040816,2250.46212040816,1634.81332959184,2468.95876755102,2308.52861734694,3020.21795816327,2046.67991836735,2554.9310122449,2037.18537142857,2303.56936693878,2074.94095908163,2696.94116428571,2443.2083977551,2552.44167857143,3021.52750816327,2928.67257857143,2312.50368877551,2244.01562653061,2355.80680663265,2020.51826836735,2574.72064693878,2515.336425,2143.42184897959,2811.16626020408,2475.34053877551,3000.57639387755,2340.30539387755,1993.14235204082,2349.24040408163,3125.64634795918,2496.60350653061,2280.36851326531,2410.81946326531,2419.63997142857,2065.08122653061,2349.27786632653,2309.99653673469,2001.65746326531,2390.58359489796,2182.53150102041,2211.92307244898,1829.67495714286,2256.82349285714,1936.66185408163,2015.75541938775,2507.50294489796,2052.63243061225,2507.39883061224,2481.51289306122,2064.95718469388,2404.34880510204,2479.32608163265,2985.26096632653,2966.35155714286,1936.38213653061,2516.91633469388,2398.03878877551,2549.11043571429,3092.68701530612,3052.12131632653,2738.27652071429,3066.08704081633,2471.76988877551,3221.2359877551,2146.60254693878,2573.49141530612,1880.04131102041,2458.51328265306,2503.71624897959,2828.21146428571,2365.95419285714,3072.97410510204,2475.28055816327,2542.19680918367,3095.81984285714,3467.08358673469,3088.00409387755,2557.94838673469,2282.45301734694,1935.84767244898,2297.57308979592,3144.71778163265,2188.76807857143,2448.70437755102,2210.02932816327,2593.57294387755,2603.21208877551,3112.39731632653,2466.07860102041,2312.94629591837,1705.98290306122,2190.33043163265,2309.27135612245,2925.91702755102,2218.26490714286,2008.77220510204,2130.43227959184,2960.27657040816,3062.74609795918,2293.34170714286,2196.95969489796,2537.02758571429,2485.88986530612,2217.86228877551,2118.87854897959,1550.83882857143,1853.07135612245,2585.15978469388,2245.81036836735,2283.22752857143,2467.8893277551,2575.87684357143,2581.05163469388,2825.63156938776,2645.41397346939,2384.79038469388,2181.59586204082,2092.00982346939,2694.88138367347,2239.86977142857,2505.41423877551,2191.4680377551,2262.34215408163,2422.76909132653,2366.57249591837,2396.53878571429,2144.59876632653,2003.34957346939,1999.8921377551,2440.42843877551,2696.13720918367,1953.88264479592,2340.88070510204,2058.49714489796,2033.00834489796,2515.01355714286,2435.73288469388,2185.02059510204,2177.40152040816,2205.25866122449,2761.29354795918,2277.74913265306,2659.19926734694,3097.14210714286,3474.58582346939,2433.35724489796,2481.07228163265,2113.25098877551,2399.30516020408,2310.53156326531,2387.31446530612,2402.45475204082,2860.48264489796,2488.94497755102,2518.72169795918,2911.88832295918,2733.35617857143,2503.92456020408,2259.47010816327,1882.13031938775,2653.45930622449,2623.76162602041,2455.8469827551,2409.79735612245,2539.11162408163,2608.52177959184,1756.74886530612,2782.15449285714,2467.19442040816,2135.37791530612,2325.7265744898,1959.86925408163,2107.81150918367,1795.47671938776,2347.22160714286,2480.61824897959,2673.2829877551,2528.47505102041,2507.54889346939,2467.69528571429,2247.61954183673,2357.79751734694,2919.24906734694,2018.5341,2344.88121357143,2340.10958061224,2531.53755612245,2267.00435489796,2695.60924285714,2556.30102755102,2699.86261836735,1775.90872244898,2177.91035102041,3219.52633265306,2635.33133877551,3085.85797755102,3366.65167377551,2364.92094081633,2453.81659795918,2728.80168571429,2781.72570816327,2923.8778622449,2862.74778979592,3442.59580816327,2484.5249377551,2570.71317244898,1820.04380714286,2433.0804127551,2504.16441326531,2698.50675714286,2922.78255918367,3227.16959622449,2538.60837244898,2385.55932979592,2025.04354877551,1902.13676938776,1755.41024489796,2822.2651122449,2203.41495612245,2548.65374489796,2764.66587959184,2385.63572346939,2162.9738622449,2323.56019081633,2289.96563163265,1987.98416836735,1736.26252653061,2108.68301428571,2254.0993744898,3223.26483061224,2303.37172755102,2049.39755612245,3027.34273693878,2515.40738571429,1665.9725555102,2965.89239591837,2414.72501734694,2160.36022040816,2186.73345714286,2876.96180408163,2079.66078979592,2440.18592040816,2741.75878826531,2703.49517959184,2436.53239489796,2706.53601663265,2408.80570408163,2531.96620612245,2124.18047,2324.21115816327,2722.95987857143,1755.70539489796,2201.18661326531,2630.86999795918,3081.36593979592,2377.61041326531,1999.12601102041,2381.72361122449,2198.56197142857,1825.35003836735,2860.22501020408,2506.63683061224,2303.9832244898,2449.94961530612,3072.12884285714,2091.65179489796,3352.87754071429,2179.18344081633,2148.69188571429,2024.91064081633,2504.27141734694,2506.9280755102,2514.14039591837,2841.91186122449,2257.49285612245,2537.67623979592,2711.39821836735,2710.24065510204,2353.82897040816,2568.34069183673,2822.69938897959,2365.55145,2557.81252040816,2260.12233367347,3091.22888673469,2301.88180510204,2178.31510061225,2249.53639693878,3056.60266020408,1975.93140918367,2273.4891622449,2256.00890612245,1924.42495612245,2664.18629183673,2510.01551836735,2119.20377959184,2556.50257142857,2633.05214979592,2085.29144489796,1697.78445265306,3126.09872755102,2833.3419377551,2325.26992857143,2418.00081122449,2102.5440755102,2271.67862959184,2829.61575204082,3239.73447857143,2070.41324285714,2244.78668469388,3354.25465234694,2666.68468673469,2549.59866428571,1708.98020306122,2703.33952857143,3316.68351122449,2756.61265102041,2858.51544795918,2372.35855285714,2248.89463877551,2364.18843061225,2174.41715816327,2627.49595612245,2374.61328979592,2384.06518979592,2092.74515857143,1646.61969285714,2167.68961071429,2135.39065102041,2096.69795714286,2323.94035428571,2485.19416428571,2765.58870714286,2644.23528877551,2331.3899622449,3136.58768163265,2343.2445877551,2300.91450918367,2161.29039081633,2696.19955816327,2518.65707244898,2468.50339081633,2536.29094897959,2722.75955857143,2363.87770918367,2421.43844081633,2306.32697755102,2659.26197408163,2572.40294326531,3314.01388683673,2665.49150091837,2236.3875255102,2259.64458367347,2470.77246836735,2628.94515612245,2841.38598163265,2930.49158163265,3007.63937857143,2313.37873061225,2652.99387346939,2405.21223877551,2630.78116632653,2668.2564677551,2349.78034755102,2594.37353979592,2436.42661530612,2380.36516326531,2457.25605,3141.15169387755,3049.8797755102,2445.55801836735,2532.18189489796,2502.58615510204,1826.61281938776,2503.85483714286,1672.33133714286,2266.0351022449,2306.35969877551,2274.06588612245,2633.33383571429,2945.74422244898,1638.04139183673,2438.89989489796,2302.07889795918,2078.54140612245,2781.44399489796,2543.82542204082,2301.18947346939,2402.40175959184,2521.70920918367,2524.55494183673,2605.32958979592,2925.10560714286,2701.88770204082,2719.77665816326,2709.5891755102,2461.18272959184,2579.94557346939,2107.54850204082,2429.92678367347,2201.35124795918,2008.10703367347,2394.92967081633,2275.9685122449,2172.53442142857,2295.63026938776,2676.57595408163,2412.90350510204,2800.62346734694,2797.76366122449,3630.23848061224,2732.53685102041,2489.56056632653,2825.88186428571,2320.22785714286,1998.34036530612,3049.07255918367,2744.58163469388,2713.2273744898,2903.70561979592,2274.50574897959,2487.41450306122,2674.81636632653,2328.58116428571,2116.27911020408,2868.30556938775,2583.52490102041,2963.84839387755,2820.25159387755,2992.10746632653,2310.32389489796,2257.71838367347,2480.21095816327,2385.58185816327,2180.87580102041,2472.19203367347,2742.98818836735,2628.74828163265,2154.56769183673,2727.44168469388,2563.26411836735,2471.23802755102,2355.53515918367,2545.97716122449,2550.16357653061,2344.6703622449,2263.98445714286,1932.49473714286,2652.89449591837,2476.7530377551,1854.47598673469,2246.31493265306,2129.87909010204,3032.26658163265,2036.47009326531,2217.25963061224,2722.83168673469,2746.21661,2134.54131102041,2614.9346244898,2769.3293877551,2708.2758755102,2713.26718918367,1745.99438755102,2402.14393244898,2028.38084489796,2490.13215612245,2336.16644183673,2163.20740408163,1826.5753155102,3000.1714377551,2189.61271020408,2096.88402142857,2384.23568469388,2485.6168,2856.84854693878,2225.93810510204,2246.72378979592,2004.06234387755,2179.64466020408,2532.1343377551,2298.52010612245,2235.28686734694,2149.62201530612,2494.16512755102,2274.27820510204,2719.69496336735,2240.38706938775,2686.65994795918,2967.9962377551,2634.14259122449,2184.15102918367,2701.68016734694,2410.28160510204,2354.20458163265,2187.11313765306,2719.88644693878,2595.7353877551,2101.38071122449,2423.24882959184,2102.81426734694,2039.99052346939,2427.89014183673,2446.77050306122,2547.7549055102,2264.09007979592,2492.36429591837,1924.69831938776,2363.7191755102,2183.70192653061,2139.54055612245,3101.91342959184,2912.79640306122,2488.0854,2972.23942346939,2429.05194081633,2409.6391,2248.82775918367,3241.80241122449,2875.5754877551,1936.64949081633,2693.62880918367,2743.14113642857,2833.38904387755,2276.96369897959,2676.15904693878,2557.03926183674,2682.55814285714,3162.45315,2751.6257,2366.17580408163,2457.69653367347,2155.79772244898,1854.67363163265,2986.29150979592,2036.64940612245,2232.43996122449,2314.76465408163,2303.41433265306,2576.24996428571,2354.00048857143,1985.5856827551,2603.78057346939,3215.15594844898,3670.33885510204,2828.2091905102,2563.36266734694,2231.30537244898,2440.73006428571,2572.95744897959,2320.78582244898,2495.09708979592,2842.11260408163,2553.67326428571,1927.43983061225,2446.47147857143,2143.87534387755,1999.00111632653,1869.02780510204,2706.02689285714,2749.86173265306,2202.66408673469,2162.92535510204,2660.15118061224,2338.66220510204,2269.60491020408,2604.63229693878,2254.67293918367,2529.24517346939,2815.98849591837,2548.53715428571,2769.91515102041,2517.60772653061,2623.31100816326,2806.67896020408,2320.32690408163,2217.63068979592,2081.61758571429,2216.36946428571,2144.18294183673,3270.1206,2823.33282142857,2076.74849183673,2382.99726346939,2479.99782040816,1944.00807653061,2068.43481734694,2158.30192367347,2337.44853367347,3742.98051836735,1576.55467755102,2378.52857734694,2063.94627244898,2771.39460102041,2778.3482122449,2255.03076591837,2469.86329489796,2557.29222346939,2593.13945918367,2109.58196673469,2227.69472816327,2642.06607244898,2831.03797040816,2447.94041632653,2856.27000306122,2953.98797142857,2128.90892020408,2714.16409795918,2643.73567142857,3103.76457346939,2489.45770806122,2411.19294183673,2026.92683877551,1804.90363979592,2692.49039387755,3005.17293367347,2600.78989693878,2258.36949693878,2565.47765102041,2710.36908367347,2886.40194591837,2558.35283979592,2117.79188265306,2350.4038755102,2638.40087244898,2424.17900204082,2633.68055918367,2363.98621530612,2526.74286632653,2517.00414795918,2458.07233163265,1943.32106122449,2259.61412244898,2421.86173061225,2414.17604897959,2679.43720408163,2280.03460714286,2200.09945918367,2956.86193571429,2609.28926734694,2264.45927346939,2490.60733877551,2444.52002142857,3365.54988673469,2233.0097622449,2366.96486122449,2827.43770918367,2303.99071530612,2748.17465846939,2243.44081326531,2020.82334795918,2222.28864183674,1920.64551632653,2908.61802142857,2999.36139387755,2461.9880077551,2160.40066326531,2134.52327142857,2348.11453469388,2078.21127244898,2446.80301632653,2561.79916938776,2650.51487346939,2907.26616428571,2329.82250816327,2589.53290612245,2689.07045102041,2883.31967040816,2388.01904387755,3009.06081734694,2852.33997244898,2878.97872959184,2285.32316632653,2789.57501836735,3026.55213673469,2796.31256632653,2146.60984489796,2223.52984183673,2614.1146255102,2237.71290816327,2160.4257877551,2254.24372346939,2122.31934183673,2175.23037857143,2282.25124387755,2477.06420306122,2406.11586612245,2801.31873367347,2169.50809489796,2258.69304081633,2155.48103571429,2372.12253877551,2797.3104122449,2122.12728265306,2086.92923265306,2918.40509693878,2338.35397857143,2438.25368979592,2393.78267387755,2407.44438163265,2438.28456102041,2395.40769081633,2455.14998877551,2222.87803571429,2454.17568265306,2558.81719897959,2007.64133673469,2704.93324693878,2324.65876020408,1838.0418122449,3084.72966326531,2575.67983571429,2197.49684295918,2265.79693979592,2290.16080714286,2101.85857857143,1743.84865816327,1584.17296326531,2328.56473265306,2474.67721877551,2818.24391326531,2722.9000744898,1860.07802218367,2007.38161061224,2212.18535714286,2382.1892222449,2580.61652020408,2205.8390255102,2159.04628979592,2304.72808673469,1917.96781632653,2282.96216938776,2114.17002836735,2443.42524897959,2251.04988367347,1999.22003673469,1947.88196632653,2081.97538163265,2132.96948938775,2616.1102422449,2764.68317653061,2778.17371020408,3084.42556530612,2626.18377755102,2401.31281816327,2368.07785918367,2799.3742,2907.47696693878,2998.65348367347,2216.57127846939,2972.68071020408,2820.85431938776,2019.9742755102,3284.42805918367,2822.98102244898,2495.33202142857,2385.94188571429,2353.6023377551,1991.98023469388,2448.02302857143,2197.64206326531,2276.23274591837,2473.59916428571,3271.15262959184,1831.44321020408,2511.3441877551,2944.06774183673,1987.9422622449,2459.13248367347,2585.55981632653,2633.43921428571,2466.06270714286,2375.887,2523.02275142857,2303.35699387755,2425.69262755102,2128.14501734694,2200.31753061224,3135.38973979592,2421.30106122449,2475.13598265306,2569.81080806123,2959.91472704082,2289.97327040816,2868.02369591837,2625.11298163265,2410.75596938776,1928.21468061225,2767.95058367347,2712.94391428571,2581.07586428571,2404.60559081633,1949.54319897959,2468.05205918367,2131.65879285714,2628.11885306122,3216.30930816327,2688.07694285714,2556.42594387755,2509.34304081633,2603.40147755102,2167.3643022449,1997.80666877551,2472.30341938776,2665.61924183673,3197.27630102041,2362.49125306122,2769.47285510204,2021.27766285714,2238.3279255102,2195.16772346939,3393.0282244898,2720.8567622449,2671.09412653061,2494.08060918367,2415.97112653061,2153.09921326531,2621.35562346939,2037.35221836735,3426.20199081633,2891.30092346939,2636.68517,2690.83593265306,2558.94490040816,2242.97790326531,2329.65969285714,3245.48845714286,2052.17185612245,2243.95797959184,3149.76382244898,2411.55769183673,2329.6645877551,2585.49965816327,2018.0399622449,2772.9399622449,2474.45402857143,3808.39600714286,2656.48651326531,3212.83982346939,3038.79870102041,2410.82441428571,2191.55694979592,2290.81125,2561.30430408163,2605.23102040816,2027.48113469388,2454.37136530612,2974.78190612245,3209.2107877551,3021.70292142857,2631.03676632653,2488.88260816327,2263.1153255102,2664.4981627551,2619.86307040816,2302.01443204082,2323.77452142857,2353.66030408163,2350.47645816327,2389.01768081633,2312.78229969388,2881.6516555102,2160.70335897959,2166.72179693878,2283.08092857143,2565.20171122449,1900.93515306122,2681.80813265306,2442.77987285714,1931.03083632653,2932.00581734694,2332.02132653061,3218.81133367347,2554.35123571429,2840.62862040816,2675.53481428571,2148.54134897959,2688.85074897959,2514.2046377551,2463.77034183674,2513.07521428571,2399.29729183673,2572.00082857143,2065.4672877551,2670.54394591837,2519.95195612245,2416.63276571429,2303.19262387755,2652.91441938776,2319.14480102041,2618.1175122449,2544.49282928571,2675.37709489796,2779.86748163265,3308.97485714286,2952.72541734694,2564.79918673469,1887.82311632653,2476.6788,2226.31508877551,2881.13027857143,2146.50220918367,2352.07195612245,2202.92269081633,2530.66538469388,1612.89567653061,2569.70753571429,2118.51647040816,2767.66423265306,2355.4130222449,2186.97049816327,2096.14951734694,2665.10948816327,2370.1470255102,2472.63985102041,2463.54430408163,2284.78802755102,2434.12218163265,2461.31725714286,2728.95142142857,2096.70010918367,2676.08912857143,2737.29545408163,3131.4565377551,2536.28404183673,2567.01013061225,2808.73965102041,2055.12123571429,2890.68144387755,2890.86609387755,2557.02200338776,3143.50440714286,2013.19294285714,2228.56229285714,2133.55063673469,2187.84908163265,2084.17456836735,1841.68599285714,2663.76215816327,2256.34563877551,4034.40849387755,2849.42418163265,2871.87935510204,3098.45551530612,2282.80969081633,2474.23455469388,2397.68888163265,2243.28937346939,2818.9486994898,2432.1473577551,3097.78449897959,2924.33526428571,2737.04946326531,2074.22462959184,2906.34304183674,2280.35810979592,2460.83412897959,2930.71686938776,3572.85298469388,2377.39007040816,2395.59180204082,2620.3053,3000.21450510204,2439.55946326531,2389.40606122449,2245.7538877551,2510.04301326531,2673.78686938775,2573.89538979592,2252.14449387755,2354.72404795918,2673.95043265306,2119.45007897959,1881.14592346939,2147.20951238775,2412.57636816327,2455.97170204082,1980.47429204082,2327.50516632653,2233.54454218367,2906.41902397959,2300.95567244898,2135.53878061224,2581.06262142857,2252.78577959184,2214.98049897959,2544.18800918367,3670.54368877551,2778.67928979592,2997.91261734694,2424.37880510204,2670.41944795918,2683.59744183673,2523.40684489796,1948.35711734694,2064.91051326531,2727.92673877551,2735.53555204082,2523.84853877551,3018.17825,2905.61137142857,2529.46870714286,2114.89049183673,2617.67369795918,2491.86563571429,2539.28024285714,2645.58733979592,1937.66608244898,2325.22299081633,2162.21558367347,2667.42315714286,2854.23512040816,2452.94410918367,2061.30029387755,1756.06623571429,2361.5585244898,2880.4688244898,2854.78357653061,1913.56414489796,2300.27424591837,2580.25374387755,2774.68106530612,1988.93589591837,2420.94008387755,2276.24782142857,2833.1036122449,2474.38452040816,2183.62246122449,2746.70611795918,2645.12035612245,2298.97889836735,1788.08040102041,2488.50142040816,2738.06157040816,3235.29958673469,2369.89420510204,2644.55982959184,2112.56889693878,2632.75847346939,2227.57499795918,1908.59071938776,2173.99365,2402.19434795918,2568.2590744898,2565.80052346939,2395.19934489796,2270.11039795918,2603.83268061224,2682.65109591837,2409.6898377551,2408.09670714286,1890.05194897959,2125.1262622449,2082.84510408163,2165.96071938776,2476.4304,2770.58611734694,2800.86221632653,2577.20180714286,2704.99575102041,3032.01037346939,2654.75594377551,2577.69011530612,2683.04703367347,2558.76258367347,2713.73319183673,2508.2142244898,2401.90251530612,2540.59401632653,2267.54801428571,3133.59867244898,2437.11240918367,1836.72301122449,2740.79726938776,2905.33467346939,2261.83521428571,2712.73482244898,2131.73541428571,2494.92893571429,2375.0687744898,2987.29033265306,2639.53735816327,1817.98443571429,2451.44442653061,2852.31693367347,2435.15406530612,2927.98489489796,2284.41049387755,2549.14513265306,2387.76555714286,2544.69653571429,2117.54537204082,2396.64228469388,2581.28818877551,2390.63511122449,2423.68128265306,2023.44857244898,2618.48704183673,2022.2117622449,2221.94498469388,2242.45526428571,2382.67392040816,1927.00779489796,1429.70977142857,2303.33861918367,2032.1320272449,2115.78390897959,2517.88873602041,2488.9086377551,2512.40138469388,1914.69898306122,2411.66574857143,2283.47026326531,2411.74783163265,2363.07582142857,2391.19508979592,3386.62054214286,2670.82563979592,2604.44045816327,2470.66387244898,2263.52021428571,1684.74710204082,2675.73321326531,2634.54405102041,2470.65748673469,2626.72276122449,2424.00199081633,2608.10349969388,2416.00181734694,2406.13823673469,2564.19782040816,2099.16192857143,2561.06209285714,2354.4861344898,2651.72194285714,2367.59674795918,2589.3044255102,2748.55934489796,2314.28487367347,2200.68014897959,2163.83664397959,1765.61507040816,2666.19809795918,2294.85965408163,2190.78721428571,2772.17426530612,3081.19378979592,2455.82508061224,2207.93448979592,3139.86455204082,2689.82106326531,2932.2146244898,2743.25921489796,3179.24313061224,2579.13948367347,2233.05263469388,2987.40050612245,2995.52162040816,2909.22589285714,2917.33508979592,3045.24718061225,2336.6129122449,2434.08712142857,2603.92650306122,1871.74001326531,2426.32595918367,2499.1484744898,2144.94183979592,1971.62647306122,2781.75169285714,2993.40088877551,2255.45758265306,2529.2550622449,2759.74125408163,1757.36890408163,2800.48025102041,2637.53544285714,3084.35952653061,2555.14162040816,2036.52569591837,2050.54476836735,2338.15330408163,1196.55032244898,2620.6937877551,2403.67037142857,2345.96902142857,2116.54127142857,2250.26797346939,3156.44098265306,2590.95645918367,2141.0677244898,3438.70377755102,2945.35853265306,1785.96858061224,1987.84686836735,1834.74977653061,2090.16127244898,1712.23425612245,2376.70334489796,2569.89012142857,2585.81845918367,2400.64412040816,2518.19986836735,1880.81245408163,2169.41313510204,2480.98316061224,2644.78591489796,2207.0776744898,2937.36442959184,2469.79494591837,2456.6833755102,2518.34674897959,2408.7819622449,2130.51553122449,2316.95460204082,2212.86513489796,1760.22669489796,2008.85109591837,3160.46830816327,2340.50418469388,1952.90425020408,2403.32836836735,3002.30481326531,2441.00604591837,3579.09232040816,3047.41254897959,2750.25244010204,2644.41607142857,2515.87573877551,2713.82979336735,2814.71519897959,3193.85885204082,2606.73013571429,2028.96948877551,1982.56254489796,2357.01389693877,2212.14360408163,1862.2541122449,2296.35682142857,1924.64235510204,1975.73236244898,2643.96247244898,2835.72675714286,1686.32986867347,2481.31320816327,2619.20732142857,2412.69245306122,2252.40522959184,2525.54743367347,3017.85109285714,2440.91444081633,2446.74442357143,2243.34989081633,2757.28280306122,2594.29020408163,2410.4712622449,2045.7695755102,2475.67574795918,2413.05237857143,2594.6058744898,2193.42023877551,3043.23280816327,2479.56853469388,2833.60736122449,1839.52024795918,2394.98531122449,2230.92859306122,2242.57514591837,2694.07689285714,2263.87724897959,2690.22703571429,2389.16489204082,2515.72079387755,2369.25047755102,2265.96448163265,2722.16532755102,2145.06878020408,2113.78244806122,2210.99330918367,2263.79992755102,2297.91463061224,2752.5698,2427.13774489796,2135.92008061224,2212.37102244898,2771.41266989796,2782.2806744898,2131.96262346939,2808.54504897959,2271.74751632653,2303.05916510204,2101.31063612245,2295.8270877551,2487.08618877551,2720.67196122449,2462.51166877551,2643.44120816327,2668.57648265306,2575.38344387755,2595.66414367347,2515.76654571429,1981.66218306122,2474.02795959184,2012.02635408163,2383.4631744898,2294.06049591837,2176.87565510204,2917.06593877551,2829.98454693878,3536.97803571429,2576.31821734694,2665.53441938775,3262.32579795918,1973.68264387755,2143.50670204082,1971.35833081633,2290.6335755102,2015.10555102041,2373.70291632653,1656.55542346939,2282.90237069388,2513.77869081633,2529.26506428571,3161.85511428571,2597.13978673469,2227.94365714286,3248.1651744898,2974.76026428571,2848.15050612245,2808.4198622449,2236.01027173469,1963.23934489796,2093.33293061225,2106.20368877551,2596.70932653061,2556.10327959184,3029.88480306122,2920.30134081633,2868.5334377551,2800.44951836735,2395.46558163265,2857.79614183673,2434.58331530612,2045.04453367347,2471.7811877551,2139.46934693878,2575.28011122449,2708.8771377551,2288.28310204082,3163.65242653061,2644.1974877551,2208.36459897959,2169.80320918367,3519.89519693878,2827.84048571429,2757.04503979592,2597.93456632653,2147.92818571429,2469.10774061224,2068.37553163265,2642.38240408163,2875.07068469388,2218.72557857143,1921.0240744898,2742.73920918367,2124.94753571429,2613.63504081633,2895.37648265306,3060.47273469388,2545.80862142857,2274.81430510204,2327.92477959184,2177.60599081633,2206.30073255102,2402.61773877551,2964.70197857143,2706.82501938776,2267.77072040816,2419.04096428571,2544.59273979592,1995.72094969388,2437.68559183673,2835.77557040816,2457.53781020408,2435.28083,2153.63533673469,3010.55085102041,2672.8331755102,2640.23361020408,3032.86260102041,2563.32374489796,2627.08084693878,2484.94702244898,2150.65417755102,2845.17971428571,2541.41294897959,2043.36473979592,2217.82044081633,1996.42551122449,2312.41371734694,1986.05446938775,2884.39188061224,2436.94690816327,1644.09407653061,2981.62544183673,2377.84206020408,1522.95093938776,2986.00561122449,2884.96911632653,3048.48826326531,3008.05634081633,2301.6229744898,2128.02113979592,2577.97525102041,2976.07107959184,2860.94329081633,2317.91080510204,1956.17920102041,2432.12395,2156.70672040816,1803.79763061224,2139.58145510204,2570.92978163265,2269.46845306122,2774.08401326531,2474.06695612245,2045.65941122449,2080.9420377551,2312.55327244898,2155.39553469388,2349.12304897959,2677.72937142857,2563.81058061224,2610.30923469388,2356.62560510204,2685.33063061224,2270.62303469388,3165.19696122449,2632.53009387755,1712.80885469388,1751.03117959184,2458.55110102041,2416.5207877551,2621.71850816327,2380.92654469388,2130.12835816327,2588.75862244898,3400.30446836735,2458.28079489796,2367.51085857143,2528.92875857143,2706.50793061225,2514.5655255102,2147.82913938776,2586.41984479592,1905.78148979592,2475.04565,2384.48884489796,1944.68866020408,2767.74469591837,3891.32020714286,1860.28865918367,2764.98325122449,2526.66533918367,2689.93021632653,2994.2099255102,2573.39456020408,2609.39447142857,3027.6091622449,2890.93942959184,2315.63372142857,2840.81309081633,2122.37976428571,2822.51145510204,2782.83685918367,2330.22925510204,2216.19003571429,2361.65625714286,2224.5952377551,2231.22488469388,2524.10716530612,2001.08324693878,2417.5709755102,1983.95132857143,2943.00113979592,2351.06793265306,2131.92559795918,2306.58889591837,2871.9693744898,2156.91845306122,2645.15454653061,2316.07253163265,3131.19448061224,1972.63592622449,2755.38435306122,2166.11892040816,2427.02457857143,2110.98688163265,2517.83815612245,2104.65775306122,2281.31632183673,2548.81069285714,2022.32812959184,2371.47337959184,2243.55305816327,2469.11794795918,2614.12181632653,2920.87674285714,2944.96551620408,1782.90026673469,2366.55144459184,2763.42177795918,2649.13979795918,2128.41767755102,2235.41703163265,2747.21190612245,3252.31120510204,2449.17448265306,2559.80160306122,2318.02500918367,2681.19353877551,2644.88932857143,2723.36919693878,2164.13429387755,2610.89083163265,2294.06637755102,2308.81254693878,2109.00367755102,2477.80111265306,1986.00817755102,2526.3478922449,2721.05815306122,2434.02531326531,2105.67475510204,2068.04520204082,2962.68195408163,2812.24456632653,3006.74734387755,2574.73295918367,2316.46186938776,2564.75938061225,2543.57805,2121.7792622449,1549.25963979592,2146.53338571429,2530.24591530612,2728.16768673469,2543.12148571429,2235.09118877551,2527.63119081633,2119.51677040816,2585.53894795918,2765.39425510204,2194.85362857143,2255.79178367347,2396.86627979592,2141.44512142857,2290.1885244898,2854.50324693878,2954.56968367347,2690.85509795918,2767.46062244898,1858.70695714286,2551.24593061224,2994.04083163265,2630.83600714286,2529.11430795918,1828.41967734694,1747.92773163265,2616.16711122449,2613.40072653061,2302.34877857143,2764.13483979592,2697.0310622449,2797.64363367347,2452.50647418367,3567.83026326531,3105.35458061225,2342.51695,2518.47839489796,3712.88179897959,2856.7261377551,2259.64031530612,2292.26578265306,2113.37270918367,2005.33268469388,2826.22109489796,2390.64787040816,2742.32865102041,2393.26759285714,2371.70751530612,2316.01366938775,2363.73607755102,1939.6965122449,2378.87983061224,2721.29789693878,2696.00755,2958.13917857143,2203.6390744898,2585.97422653061,2219.93530306122,2268.65872653061,2359.66281428571,1928.72281387755,2523.17427346939,2468.47444591837,2435.28949081633,2520.47650102041,2505.44228367347,2530.93586489796,2416.86230102041,2312.85463979592,2440.60566122449,2173.01975714286,2174.39726734694,2344.33888979592,1917.62856530612,2559.34046428571,1776.14312755102,2159.25464591837,2309.13653673469,2302.92370306122,2615.42294489796,2522.16336326531,2619.12704795918,2802.47303061225,2515.75738877551,3043.02697857143,2250.97803163265,2324.27869387755,1871.80906530612,2874.81368163265,2379.73235714286,2233.37122346939,2028.2223,2284.64012959184,2367.24108265306,2141.04061836735,2405.96084387755,1941.13907959184,2582.96290510204,2561.10765918367,2328.79998367347,2343.50001734694,2727.85925306122,2540.40451836735,1813.53234897959,2205.95767326531,2399.70369897959,2262.41543163265,2649.80204795918,3782.81967142857,3098.20685612245,3041.37578673469,2407.51602040816,2079.41631734694,2734.29298571429,2091.05946020408,2393.3787377551,2763.45096061224,2367.4978622449,2772.21253142857,2722.36083146939,2411.1904622449,2029.55404285714,2166.50872040816,2662.48758061224,2481.61135428571,2919.91948979592,2361.90909489796,2214.01491530612,2439.6663255102,1985.14011938776,2527.4497377551,2661.92182959184,2797.19266938775,2882.92719795918,2331.47715102041,2208.16701020408,3033.51019183673,3113.33861428571,2293.22963265306,2046.35158367347,2395.39812142857,2400.02033469388,2612.44700510204,2151.83291938776,2553.06199387755,2104.99218367347,2045.21164183673,2880.71938571429,2324.84708571429,2128.24460306122,2867.16014489796,2694.31197653061,2400.36938265306,2634.3659744898,2093.73829183673,2319.13082408163,2558.7561744898,2828.48940326531,3019.63725306122,2182.86673714286,2518.16249938775,2561.0994877551,2478.59039897959,2778.22997653061,2577.50451653061,2573.63520714286,2265.16473061224,2480.39245816327,2069.64704489796,2243.1959827551,1948.68536673469,1906.7281,1883.67015816327,2596.6700877551,1991.3938622449,2421.10044183674,1689.39585408163,2327.62158489796,2487.56896326531,2676.52062755102,2640.65861122449,2217.16823142857,2925.65030326531,2039.70604489796,1904.60541469388,2304.70730204082,2905.12723469388,1794.36846020408,2318.69687346939,2550.38484795918,1906.39172040816,2805.15422959184,3269.99193673469,1949.36773918367,2054.9726644898,2259.45402244898,2784.65566959184,2564.74763367347,1729.9528122449,2623.27375306122,2596.71955714286,2375.25306938776,2049.68004795918,2529.90849489796,2878.93288367347,3204.90601428571,2329.64798469388,2586.26004387755,2344.32616836735,2953.14038979592,2544.94718367347,2238.5487877551,2436.01667857143,2162.25138979592,2294.97230408163,1941.59959897959,2198.19522346939,2563.02618367347,2310.60921020408,2023.72460895918,2535.40914795918,2271.69990102041,1876.98375306122,2922.39819081633,2499.29326534694,2315.7989244898,3093.27116020408,3146.12792653061,1763.95141530612,2610.45628163265,2736.99703061224,1999.69366326531,2611.53116326531,2364.23203306123,2541.25053673469,3178.43788163265,2096.84216602041,2911.75222653061,3247.38510204082,2656.1087877551,2128.63216428571,2300.72634591837,2651.65323265306,2562.28188571429,2394.93903377551,1785.21056836735,2245.15287959184,2604.17836122449,2395.64715857143,2417.21659795918,2171.38687142857,2630.44969387755,2270.69123061224,2498.21929183673,3129.86603877551,2412.17657040816,2751.55180204082,3050.79726632653,2921.20693489796,3114.17395510204,2722.29840510204,2233.87562244898,2338.45736530612,2498.28694489796,2627.77526530612,2321.44171938776,2290.60132346939,2727.80102755102,2334.26706326531,2348.60446326531,2288.55000816327,2237.03883877551,2381.71959591837,2457.32010306122,2714.90629081633,2638.54220612245,1865.20613571429,2500.21941836735,2168.76852673469,2425.37484693878,2500.64523367347,2082.90974795918,2074.8966877551,2647.20647653061,2506.09505071429,2158.02309693878,2250.06343469388,2247.09236755102,1978.24495714286,2513.33782244898,2326.86151122449,2097.10505,2880.41010204082,2365.42253489796,2218.91901122449,2009.29787061224,2597.36718469388,2596.85668877551,2501.96241326531,2528.16529489796,2249.53275306122,1931.32547346939,2210.98564489796,2166.28310612245,2218.74685102041,2566.02348061224,2665.06255755102,2684.28394183673,2471.11725918367,2532.4354744898,2122.91456122449,3065.33447959184,3133.45259795918,2438.10775102041,2204.88055408163,2738.23997346939,2944.61065102041,2331.6142877551,2418.21968469388,2303.40980642857,1809.38649387755,2576.63521734694,1779.7633755102,2540.81904183673,2319.95654897959,2427.00900102041,2272.30463397959,2034.27362959184,2406.21023061224,1894.12730510204,2784.82900244898,2432.29714693878,2193.70079081633,2133.52579795918,2156.58592857143,2896.94673061224,2462.22928673469,3649.30151326531,2254.73938265306,2623.69460204082,2466.58592857143,1855.9326377551,2613.81209591837,2605.64274897959,2397.73222040816,3229.82590204082,2603.49736122449,2306.59605918367,2804.39010204082,2670.51328877551,2032.04852204082,2205.92892857143,2597.89155102041,3292.42094591837,2751.33102653061,1854.22456326531,2616.21128367347,2265.91809897959,2853.25875,2146.22906326531,2446.24322244898,2894.84466897959,2128.1046022449,2505.4002,2259.26012040816,2354.35981632653,1461.24367959184,2830.29696836735,2114.58435816327,1855.2107244898,2475.71486428571,2504.24715918367,2723.27484693878,2781.21265918367,1624.82501857143,2308.39232040816,2152.36500663265,2281.27074387755,2551.20253642857,2678.29813673469,2568.92560816327,2444.29513877551,2579.51665612245,2990.87151020408,2414.28818571429,2578.09918061225,2724.79754489796,2665.49918571429,2463.09055306122,2485.43603367347,1990.61770510204,2377.03426734694,3475.21280755102,2964.33646326531,2141.67842346939,2835.08964489796,2337.0769877551,2281.29101255102,2535.18054693878,2308.00604489796,2575.48217959184,2018.35785918367,2470.76800102041,2584.17793877551,2866.99739387755,3083.33924897959,2762.52764081633,2885.48615306122,2998.23746836735,2528.04397346939,3085.92218020408,2397.40102816327,2677.97237346939,2489.20623367347,2943.30251734694,2212.28209857143,2277.69143877551,2422.74311938776,3216.56688877551,2193.74884387755,3018.30078673469,2465.06505816327,2512.02004591837,2291.23846632653,2318.45929387755,2746.49894285714,2868.9330622449,2579.14084081633,2674.06176530612,2671.71794693878,3320.94343571429,2250.03576428571,2766.65439387755,2314.41571734694,1842.22052795918,2292.35041836735,2239.30341020408,3182.39998265306,2413.91099540816,2242.20804234694,2433.03494693878,1886.54904897959,1723.3778244898,2446.35149795918,2568.3929122449,2714.60383877551,2279.32151163265,2268.73929387755,2305.15847632653,2489.82592040816,2277.05295612245,2090.9826244898,2127.15857346939,1993.60694489796,2576.08113877551,2765.95864387755,2694.5657,2772.17176326531,2572.2971152551,3037.69167755102,2134.04579183673,2480.45668673469,2332.50404387755,2323.33229489796,2538.73386836735,2582.11584183673,2702.54998979592,2908.98758367347,2036.59411020408,1547.36208668367,1789.74066469388,3002.40558265306,2487.23844489796,2383.00814469388,2365.02727755102,2306.49525918367,2035.22641653061,2472.59651632653,2146.5567744898,2219.40693979592,2256.38555204082,2374.30220918367,2661.75291836735,2599.85580408163,2546.52172755102,2484.82835204082,2616.46801632653,2474.49142755102,2613.68060816327,2453.26723530612,1998.83266285714,1963.36362591837,2585.95499816326,2042.65603673469,2455.0594205102,3358.29992285714,3005.24218061225,2378.62811326531,2265.83576632653,2607.90472346939,2548.37682142857,2286.47379795918,2794.50950510204,2766.85940102041,2579.70265408163,2760.72193877551,3359.81730612245,3113.54741836735,2711.23215612245,2125.04706632653,2186.82020408163,2641.24917959184,2285.39878469388,2479.71175306122,2568.8134244898,2703.41269387755,2349.67458877551,2532.90987142857,2441.18316122449,2216.75128265306,2276.38323367347,1760.62233163265,2224.61289183673,2309.23611734694,2278.59791632653,2597.13981530612,2612.60991632653,2750.68550612245,2309.58072755102,2402.65196734694,2186.84108979592,3027.79810306122,2673.19443979592,2218.02747244898,2821.92896020408,2143.24615204082,2312.49598918367,2653.08909591837,2886.16067959184,3417.83185816327,2903.84400306122,2648.46075306122,1715.7244077551,2367.3371522449,2326.2728244898,2283.76428693878,2183.51373571429,2327.80516020408,2095.51978163265,2101.88792857143,2110.61435204082,2314.56554897959,3346.49771836735,3108.69481326531,2655.36618020408,2494.76090816326,2361.22353469388,2268.51695408163,2392.1508377551,3549.74523367347,2904.3976122449,2316.66236020408,2452.67128979592,2251.34945306122,2181.66167857143,2761.94855,2651.84741836735,2451.86105408163,2934.42755102041,2632.2016744898,3007.58960877551,2808.77204285714,2837.3354255102,1984.81813163265,2169.16173632653,2058.68093265306,1855.84593265306,2400.47536530612,2346.03611326531,2068.51071428571,2320.64450918367,3204.01336020408,2673.77389285714,2412.76893979592,2110.39410510204,2388.30042755102,2300.29383163265,2557.51951326531,2370.92967959184,2089.74525306122,2364.91509959184,2389.85681938776,2765.2295755102,2663.44289897959,3149.74936836735,3347.79350530612,2502.75585204082,1907.56375714286,2459.3973377551,2424.50708673469,1879.14877857143,2433.53245367347,2300.08433132653,2688.76999285714,2182.65959102041,2560.69793265306,2901.44645102041,2715.3823377551,2446.07867040816,2651.0558244898,3382.46423571429,3109.74898571429,2809.49653469388,2502.80322346939,3137.81897959184,2866.66634285714,1956.04899506122,2224.02541122449,2236.60444081633,2821.30276326531,2235.93644795918,2221.75885714286,2407.19737244898,2612.47008163265,2111.40659081633,2436.08509285714,2370.0169122449,1831.6461755102,2709.26607142857,2415.39534897959,2668.40889285714,2099.90422857143,2493.87286326531,2592.74225918367,2457.45682244898,1999.02040918367,2162.2313744898,2778.00737142857,2624.34229081633,2750.41016632653,1769.29289693878,2309.68721530612,2294.33802653061,2359.5962622449,2627.45155102041,2247.44243265306,2173.85817755102,2804.02222653061,2852.95766020408,2438.81774591837,1653.35427653061,2258.47177020408,2315.61653061224,2222.87974693878,2074.92121530612,2255.61038877551,2627.28899285714,2281.81013265306,2015.14325397959,2275.09314795918,2062.83760918367,2537.00201122449,1940.02018520408,2671.29550183673,2764.41351428571,2359.44247653061,2398.80965612245,2483.98840612245,2766.56094081633,2583.99848877551,2595.44463367347,2081.54111020408,2632.5503744898,2174.76364387755,2462.51042040816,2306.1530122449,2185.99475,1906.97843979592,2134.40034897959,2158.12108346939,1872.75714387755,3007.50199693878,2352.73111632653,2168.00645612245,2124.19114897959,1792.57281632653,2338.92297663265,2452.69258979592,2519.40905714286,2389.96680469388,2561.96301734694,2675.15463061224,2323.68600265306,1836.55289183673,2179.92042469388,1964.87022857143,2195.70057183673,2524.04620979592,1960.18200061224,2367.94390857143,2891.16549489796,2573.40210816327,2100.72978469388,2480.65089897959,2024.31693367347,2363.51328979592,2471.67348979592,1939.1912477551,1683.55180510204,2761.39351428571,3326.39892653061,2846.32461122449,2295.48259081633,2438.00469530612,3840.24550102041,2850.02882857143,2210.19065204082,2166.00653061225,2174.68338183673,2547.93501836735,2374.56378265306,3015.65797653061,2458.20261428571,2368.83901122449,2911.62009285714,2519.03958061225,2651.83815204082,2364.70555918367,2506.7144255102,2472.13083673469,3070.46591326531,2636.82676122449,3237.32000714286,2613.27871561224,2537.1517755102,2876.77471734694,2985.29150918367,1769.53090612245,2409.45112959184,2787.38585918367,2284.27778979592,2059.31492755102,2357.92471632653,2341.3214244898,2096.46334183673,2172.22753163265,2605.73871632653,3202.2792244898,1993.58488877551,1993.23779183673,2405.36598265306,2173.95906938776,2024.13352142857,2016.1027377551,2399.36836734694,2681.09401428571,2562.96360040816,2936.65989693878,2697.37898397959,2627.93797122449,2501.29275204082,2467.11881428571,2728.08878867347,3025.40346693878,1902.28381540816,2161.72479591837,1950.3296877551,1954.42875408163,1960.30287755102,2390.24315,1875.26996326531,2284.63572857143,2407.75646530612,2402.85481020408,2305.5899755102,2595.48109285714,2494.41272142857,2490.61345714286,2287.19571632653,2162.75920204082,1933.09111428571,2097.07614959184,2333.21048836735,2155.96662132653,2266.13019479592,2334.26968836735,2287.88105663265,2451.48940010204,3622.14378673469,1993.05478693878,2962.61279795918,2497.74452346939,2524.93374183673,2237.57173163265,2286.4938377551,2623.29763979592,2255.02393673469,2619.27658469388,2543.96839897959,1776.19319285714,3003.56076326531,2236.90043265306,2326.21564489796,2298.80565714286,2013.36943367347,2411.55551877551,2892.76700142857,2625.33375510204,2561.10777959184,2712.57378979592,2387.93527040816,3239.09527857143,2434.03420306122,2929.2463377551,2252.25160387755,2289.23634897959,2399.08065204082,3185.15128877551,1971.28259816327,2119.05964795918,1834.96433030612,2493.92722653061,1627.70381428571,2657.92209142857,2451.81369285714,2290.12686836735,2492.72950612245,2350.97812010204,2296.37019489796,2185.89138979592,2290.54667,2172.46810204082,2829.22127857143,2871.29003704082,3315.02695102041,3310.20523571429,2588.42950918367,2568.12982346939,2542.86352346939,2284.87309285714,2435.99633367347,1966.1035255102,2328.33554081633,2322.76246530612,2330.04962857143,2295.41045408163,2335.99012959184,2610.36033163265,2184.13998673469,2403.2147422449,1762.33770204082,2852.43377244898,2669.93034591837,2106.9137744898,2104.17396846939,2519.79237755102,2304.95560714286,3331.33391020408,1568.1964877551,2651.10344795918,2037.83554489796,2294.62859795918,2020.19780326531,2667.00413469388,2319.06067591837,1864.0945622449,1631.43190204082,2235.59707346939,2195.44051759184,2323.59559795918,2339.80950469388,1845.20108204082,2107.85599591837,2455.76316530612,2645.55353673469,2247.01263571429,2500.68752142857,2555.70805,2576.31607959184,2391.64413979592,2355.21230816327,2188.56106020408,2157.09561836735,2179.81144897959,2252.27694040816,2228.70348469388,3256.24250816327,2104.69603979592,2615.10743571429,2236.76705102041,3059.06906836735,2548.93302653061,2829.80114285714,2365.86269387755,3076.6419877551,2481.09285816327,2286.69563469388,1985.76120918367,2591.84184081633,2297.39309795918,2302.99513571429,2972.48644387755,2043.91969795918,2263.52419489796,2268.87076602041,2484.20986693878,1916.4121244898,2086.62022142857,2495.25362959184,2283.41348,2357.63681306122,1887.96334561224,2548.57511632653,2070.87131938776,2810.22324387755,2161.57002346939,2564.11522857143,3607.45780816327,2440.25630806122,2097.74979897959,2154.36810408163,2268.71685408163,2348.91311122449,2093.14209693878,3287.78193122449,2642.19876122449,2440.6612527551,2620.71012010204,2464.26847653061,2189.95458571429,2435.62012244898,2413.09873204082,2385.68111326531,2441.18024285714,2217.19505612245,3099.3915622449,2248.85869285714,2637.86803163265,3012.26704387755,2185.3468877551,2293.37933979592,2460.05646632653,2954.96907346939,2396.64820918367,2660.98798061224,2803.77747040816,2405.27646326531,2246.02942653061,2672.33457040816,2042.1952377551,2622.9724544898,2648.79608571429,2472.31485408163,2108.93393265306,2608.87650612245,2764.95045408163,2045.97315714286,2318.54788877551,2160.96812959184,2627.05378438776,2587.91579081633,3069.97755489796,2744.12506632653,2188.31127959184,2873.94398877551,2428.31442959184,2586.58367653061,2267.78794387755,3063.1837622449,2800.73064081633,2935.62145510204,2181.80952755102,2811.35259081633,2299.22994489796,3000.06303877551,2657.81569489796,2945.10338469388,2429.58738877551,2189.86770408163,2424.80174387755,2426.25270204082,1807.34107346939,2199.92688469388,2390.04229897959,2374.10869591837,2670.9990122449,2224.62923265306,2591.44576428571,2881.21168265306,2516.74575367347,1949.2200877551,3500.90025408163,1928.51745918367,2180.38139979592,2451.9730255102,2587.64653163265,3441.18378469388,2125.15558673469,3157.96362142857,2224.83290489796,2837.77408061225,2656.39192040816,2605.87426632653,2683.07493265306,2370.33089183674,1945.23650408163,1935.62529612245,2079.68735142857,2739.00246428571,2076.90774693878,1992.96576938776,2185.02396938776,2250.28444387755,3163.07304387755,2319.22629897959,2805.00592653061,3025.36755510204,2776.00484591837,2341.16399489796,2948.84094795918,2271.37166632653,2259.91270408163,2122.82312244898,3485.24067142857,1939.25045285714,2094.85875408163,2418.13095714286,2293.69024591837,2782.2115377551,2869.59758163265,3335.07086122449,2984.81799591837,3318.00703367347,2548.43305102041,2764.68396938776,2721.65569693878,2461.70057142857,2685.20459183673,2266.82124387755,2493.01937040816,2365.05401122449,2245.31396020408,2252.43512183673,2376.83365714286,2983.75187653061,2692.04666020408,2424.4412,2454.89332959184,2567.45999591837,2224.56801632653,2435.24062040816,2744.7854255102,2321.10722755102,2090.94070969388,2226.51368571429,2769.5901122449,2829.3325744898,2117.70841020408,2284.36258265306,1957.62985653061,2691.75781530612,2782.22107040816,2655.4679122449,2347.46722244898,2416.74811836735,2771.01391836735,2688.32836326531,2913.29091653061,2677.62861653061,2603.22293469388,2459.87076632653,2488.46633653061,2623.94216428571,3175.07825408163,1909.77610102041,2197.65186530612,2536.75883469388,2767.53579387755,2753.36431734694,2566.91851836735,2497.84206734694,2280.96055326531,2436.37236387755,2069.18649591837,2704.64585408163,2647.79498673469,3067.65962244898,3084.61125102041,2489.6712,2078.90652510204,2529.11917142857,2192.1689977551,2710.70186836735,2577.94553163265,2641.87626122449,2835.94258673469,3211.44380816327,3156.36532653061,3323.56971020408,2991.59240816327,2272.5002,2314.97722959184,2575.32225510204,2582.71197959184,2712.42843571429,2552.2809755102,2669.29048265306,2096.82849489796,2789.74752857143,2032.63266938776,2022.93364387755,1598.52017346939,2079.46467857143,2146.95157142857,2163.26255408163,2430.69764489796,2285.58049553061,2539.85154897959,2450.57691530612,1879.91780510204,2570.43783979592,2857.00746632653,2766.93164897959,2337.54751806122,1659.65707346939,1995.54985918367,2136.43011102041,2601.67371122449,2655.52713877551,2419.87393265306,2834.67056938775,2392.18127959184,2765.32028061224,2240.55453979592,1678.14941653061,2774.60405204082,2928.17601734694,2313.05505183673,2329.62948673469,1926.06458979592,2578.9625,2126.62263163265,3270.68964183673,2706.64571020408,2589.46858571429,2863.9851,2684.5753,2171.27458469388,2315.47470510204,2444.60137959184,2658.7877,2275.2912877551,2552.94253265306,2899.37180102041,2479.03240102041,2769.08737632653,2717.77966408163,2769.47086632653,2033.56950816327,2315.01352755102,2319.57636938776,2528.01932040816,2183.4470377551,2388.86292959184,2681.23083061224,2488.43201632653,2470.34032857143,2464.35387346939,2652.81282755102,2733.31046938776,2659.02552653061,2438.04170102041,2627.21692459184,2300.35685,2269.40460510204,2043.84148887755,2387.68342857143,2532.56870918367,2465.99979591837,2063.24393061225,3343.15899183673,2214.06548061224,2751.2229755102,2734.43919897959,2604.00374183674,1989.82502346939,2625.95045510204,2264.98378265306,2689.14388061225,2136.98866836735,2198.59611734694,2823.80713571429,2177.07943397959,2772.42535102041,2256.76938265306,2740.73916734694,2761.06493673469,2075.68027959184,2213.96775816327,2604.77815408163,2653.32614142857,3182.06748061225,2654.29636020408,2861.36909897959,2246.96771265306,2904.52004489796,2528.4179244898,2390.95688571429,2538.96998265306,2223.83988163265,2525.03032959184,2764.65473265306,2579.1415172449,2223.50038755102,1901.01298673469,2562.05671530612,2533.94337959184,2534.8485255102,1931.9892722449,2446.28130408163,2614.02433673469,3033.64346571429,2579.57399693878,2352.39081326531,2151.17291938775,2465.78481428571,2502.81820714286,2776.86040408163,2011.40655510204,2590.61047653061,2974.61127040816,2777.9067177551,2689.93115510204,2296.44154183673,2967.45956530612,2458.08038387755,2264.20683571429,2098.6404122449,2676.11116836735,2718.63524795918,3024.21152244898,3351.4922744898,2557.92921428571,2602.79779285714,2497.50879081633,2766.34420102041,2547.44287346939,3074.4117377551,2143.36221510204,2093.77585,2429.14068061225,2185.47265408163,2687.59869285714,2734.86124489796,2637.35548489796,2243.67554693878,2396.31554387755,3453.82176326531,3391.58038877551,2288.66313469388,2081.83746428571,3419.57270204082,2756.01498163265,2577.20566632653,1883.08229897959,2774.53462857143,2078.10591836735,1973.84544183674,1916.82363979592,2923.99188469388,2633.89624285714,2441.66627244898,1875.24481244898,2289.46516428571,2194.95367071429,2164.03782142857,2269.4057,2566.76754877551,2449.18524081633,1578.93933367347,2895.43589795918,2305.19272591837,4008.11645306122,2893.81275714286,2726.12045204082,2199.16552040816,2480.63708591837,2813.58170816327,2472.09421020408,2150.70716020408,2011.02525612245,2404.01966938776,2452.10215918367,2442.68326734694,2327.09379387755,2818.19385,3307.5066122449,2638.04738367347,2649.70962653061,2574.82376632653,2140.83216632653,2789.26181632653,3246.41760816327,3101.98989081633,2611.31721040816,1830.41095571429,2289.77817857143,1955.24730510204,2257.65037040816,2066.61169489796,2558.39358265306,2429.11414387755,3374.39117959184,3023.39854897959,2387.3272977551,2294.6666477551,2138.02737714286,2448.93459897959,2493.13323877551,2485.58545408163,1731.53266020408,2297.4898877551,1962.46738265306,2450.32849183673,2116.27813877551,2252.0778877551,2485.7007255102,2568.48136836735,2134.31443163265,2726.69540204082,2315.84446020408,2274.69354081633,2087.52252959184,2384.19043061224,2184.41629591837,2421.96209081633,3113.33348265306,2882.36049489796,2491.0960755102,2392.3993,2482.15210306122,2904.98888795918,2145.70269591837,2855.23854795918,1957.6752,2394.73319489796,2417.51722142857,2370.68598673469,2788.23158469388,3138.36305102041,3030.8734244898,4060.69245867347,2667.02758183673,3329.83609795918,1969.40805204082,2230.33351326531,2295.75068367347,2208.68838469388,2783.96598918367,2284.12725306122,2756.24284591837,2407.58605020408,1957.92453061224,2109.16540918367,2415.3510255102,2605.28364183673,2281.50400102041,2500.90266734694,2347.96481530612,3603.65566020408,2478.80853367347,2146.86754183673,2729.12864540816,2394.10972142857,2312.46733673469,2478.56193571429,1589.02118673469,2435.47573367347,2341.59896489796,2652.29376428571,1997.77293469388,2486.25071836735,2252.50471836735,2362.22677959184,2241.63644285714,2245.35236938776,3074.74843979592,2581.01379591837,2265.44376244898,2351.6353255102,1863.42812020408,2596.41984367347,2731.54058979592,2232.04090632653,2829.48838979592,2884.61924489796,2057.79756020408,2195.95753163265,2402.96246530612,2797.45839183673,2820.68375816327,2684.04738061224,2603.50436836735,2709.38264489796,2779.87026632653,1775.52578142857,2560.54664387755,2540.92713877551,2382.99161632653,2276.91646928571,2335.96085938776,2205.57948673469,2623.92124673469,2932.48192959184,2516.03235,2892.62322040816,3062.42815,3600.6177244898,3691.65595612245,2595.69386530612,2702.57853877551,2563.08017816327,2884.19271530612,2249.28388469388,3292.94862653061,2814.61261326531,2393.71776122449,2785.96382040816,2784.34672040816,2420.3261877551,2365.37236581633,1982.69013979592,2382.27167346939,1759.38506020408,1850.61708877551,2407.15830102041,2469.85466428571,1914.1708744898,2523.92955204082,2159.25915714286,2492.57236530612,2320.84453979592,3478.42425204082,2733.82863744898,2067.45914795918,1873.2793022449,2746.69761938775,2458.54130826531,2125.87452316327,2024.90636122449,2932.97608673469,2826.85284387755,2983.92913653061,2664.4739,2005.02373367347,2248.69692142857,2190.59505469388,2776.72201122449,2181.30713367347,2493.24840816327,2236.92376632653,2359.49493571429,2639.20953673469,2458.38245408163,2320.94990714286,2811.31144285714,2011.20742244898,1995.09864020408,2512.65492938776,2558.54150102041,2118.08145918367,2320.62459897959,3150.93147857143,2887.3144755102,2457.50252040816,2563.20572040816,2012.64211836735,2365.70341734694,2476.26897857143,2559.18576326531,3216.80397857143,2270.8685255102,1980.67692122449,2649.75402857143,2833.4166755102,3017.12634693878,2460.74466326531,2808.79407244898,2929.64346122449,2698.35787040816,2393.59621122449,2416.74338265306,2759.54900714286,2821.01304591837,2560.32528571429,2458.52172653061,2065.55088673469,2925.3168622449,2862.28800918367,2861.87346734694,2150.15844693878,2720.88909489796,2511.41829530612,3324.57475408163,2163.5128494898,2489.06437857143,2466.24471938776,3018.69183612245,2319.28183367347,2405.04697346939,2020.27698653061,2075.12181836735,2554.56347326531,2303.07543163265,2684.65568979592,2866.58038163265,1889.43376428571,2146.19705510204,2390.33476020408,2521.03364285714,1968.15471836735,1792.42395591837,2241.55029428571,2134.55259285714,2074.5891144898,2253.66743355102,3093.85699591837,2343.2676622449,2112.67961020408,2215.6476377551,2393.09497653061,2470.93411326531,2243.59228367347,2828.47077755102,2412.64338265306,2668.88346428571,2341.23958979592,2305.07754897959,2647.38188061224,2351.53709183673,2333.56743367347,2539.96572653061,2839.32162244898,2696.43276632653,2758.8296122449,2422.48559591837,2527.44978877551,2647.29146102041,1878.01773102041,1939.69079795918,2964.58226326531,2463.25918367347,3427.15119612245,2681.08083061224,1691.73839387755,2420.65450918367,2555.56879591837,2180.67320102041,2048.95368571429,2498.17116836735,2452.02520408163,2708.81135214286,2537.52690683673,2871.25847857143,2245.96740918367,2405.39681836735,3325.05624795918,3392.89100612245,1889.00176959184,2109.0633877551,2847.55125510204,2313.99664387755,3101.07400918367,2660.31821734694,2272.60049081633,2061.42515612245,2544.64033061225,2570.61966428571,2119.74593673469,3079.98962040816,3428.27385683673,2160.45965,2605.32925714286,2384.28735816327,2319.98902857143,2697.66095306122,2863.03959897959,2510.48929571429,2458.09929,2218.19695306122,2518.5430755102,2633.70785918367,2690.38423979592,2022.23141632653,2305.84747857143,2168.17527214286,2947.05805306122,1902.52842244898,2093.64540714286,2661.17975510204,2480.14286020408,2051.49284285714,3030.53941938776,1981.76723367347,2116.51011122449,2359.15594795918,2338.92665755102,2118.6414877551,2008.81814183673,3263.89883704082,2866.81776122449,2784.55610102041,3039.67465306122,2520.35804387755,2589.67309489796,1529.69179693878,2313.09173673469,2171.79195510204,2253.53471928571,2207.84749183673,2051.17170714286,2419.74323571429,2313.68011938775,2528.76225816327,2992.59701632653,3019.54692959184,2664.81393571429,2754.01989285714,2990.85612142857,2871.03641734694,2559.77654795918,2143.86820204082,3042.71678469388,1968.87910408163,2634.53710918367,2032.12517346939,2758.65995306122,2348.30394285714,2668.37555102041,3055.78168061225,3320.8015677551,2325.92372102041,1874.52612836735,2618.09447979592,2132.35663877551,2147.84864285714,2050.02907244898,2720.36390510204,2589.52296836735,2399.90414285714,2384.60794183673,2326.40197244898,2258.57531734694,2605.30488469388,2109.39925204082,1932.79245714286,2722.48550367347,2391.16884897959,3018.6529244898,2749.94531428571,2916.23233163265,2871.51586632653,2497.85536938775,2071.62514693878,1940.56558163265,2704.93943061224,2019.30188469388,1816.91587857143,2714.69323979592,2744.11323571429,2610.88778265306,2093.46272959184,2725.53441020408,1900.78857122449,2642.5568394898,1960.41144428571,2393.82849081633,1862.44109183673,2482.54004897959,2655.72542244898,2876.25608673469,2498.07504591837,2140.15551326531,2862.0640805102,3063.75165816327,2250.77756428571,2160.52338877551,2265.01145418367,2166.64380306122,2427.22235306122,2322.85634387755,2361.2118912551,2124.6548279898,2691.8326344898,2332.47230612245,2409.53579408163,2681.97147755102,2627.77951326531,2239.79977204082,2729.34710510204,2451.12070612245,2185.48720612245,2686.09341836735,2448.02039489796,2095.49855408163,2554.8600122449,3055.38488061225,2882.59477857143,2449.69059285714,2363.94959183673,2329.4741744898,2446.51923061225,1961.61098367347,1861.4609877551,2590.99285816327,2030.2336877551,2036.84688061224,2094.29163163265,2623.17715918367,2625.47809081633,1889.66207244898,1916.91071020408,2195.31480612245,2072.03070102041,2222.55116530612,2672.70241530612,2676.71133265306,2003.18742653061,1919.74252142857,2014.27776326531,2815.91404897959,2029.65490510204,2841.11483265306,2295.28342612245,2315.76721938776,2154.7271122449,2948.59429387755,2481.76862244898,2403.03282285714,2602.07433877551,2286.11137653061,2235.91871734694,1921.04031193878,2703.98375510204,2098.43452244898,2603.6602877551,2315.97006938776,2601.24781561224,2567.31876530612,2150.03698877551,2064.29864183673,2280.05643571429,2146.34226428571,2176.39817653061,2673.43748469388,2674.58830612245,2952.42767653061,2517.88800714286,2566.69714591837,2363.1870744898,2280.21172142857,2114.18507816327,2601.53789081633,3007.55671326531,2516.84873061224,2396.62845816327,2717.42078653061,1972.16723653061,2884.88832755102,2329.78284244898,2477.89121938775,2883.66248367347,2892.38083663265,2006.02146346939,2627.51838367347,2414.93657755102,2826.88412755102,3461.27627142857,2193.07049795918,2549.2998622449,2017.54195612245,2402.3797755102,2804.76924795918,3160.62781530612,1970.8006744898,2242.16483265306,2295.5168122449,2653.38349897959,2651.5050744898,2184.28193897959,2374.16122653061,1991.77414795918,1936.12340510204,2310.33229734694,1818.80634591837,2028.6064244898,2993.29702795918,2331.8576822449,2635.13415510204,2232.06396326531,2277.27707346939,2948.30523673469,2956.71310408163,2553.49040816327,2548.16957295918,2074.22101326531,2157.1847244898,2508.69489571429,2277.43755816326,2556.7145255102,2673.20397755102,2016.90891020408,2598.59921061225,2689.41137857143,3317.79128571429,2645.61403877551,2105.9063377551,2534.67324489796,1863.02464081633,2102.19780408163,2203.46697346939,2201.93887653061,2313.82063265306,2302.75371673469,2885.87338673469,2512.36283489796,1832.26770877551,3039.05041734694,2167.95941122449,1985.21493163265,2179.08407142857,2100.60275163265,2361.11010428571,2232.64512653061,2482.92673979592,2598.11964897959,2717.02561020408,2272.79435204082,2508.4155622449,2262.46680816327,2312.48513673469,2188.06973979592,2600.80409183673,2002.23133102041,2521.06202244898,2670.37303408163,2960.33363979592,1955.55338163265,2619.17179387755,2959.14876020408,2879.9181255102,2801.66562653061,2317.36684857143,2310.73465102041,2550.46698132653,1877.12230102041,1960.9634927551,2268.42561591837,2220.53922346939,2093.05246816327,2366.94270142857,2101.69490530612,3417.65161122449,3068.1330122449,2401.79435816327,2174.45352857143,2723.87617244898,3061.29073469388,2418.41043979592,2093.36693367347,2463.73583673469,1994.37991632653,2558.00694285714,2153.21611530612,2105.51849285714,2456.39337142857,2695.45310816326,2140.73605693878,2746.06401734694,1979.56729489796,2289.09678979592,2482.70233163265,2406.26087346939,2240.44810102041,1931.26198387755,2518.21927346939,2529.96681122449,2628.52965204082,2586.11483265306,2789.47868653061,2205.54457142857,2650.92760612245,2655.96204285714,2711.66539183673,2214.13870102041,2231.34758877551,2394.10635510204,2219.56113163265,3239.9509744898,2410.09776428571,2741.04087142857,1687.72303673469,2776.56848979592,2608.85019081633,2137.35527142857,2441.68483469388,2483.12655714286,1912.85894693878,2804.48053163265,2667.74023673469,2642.73862244898,2467.57772653061,2529.75000714286,2701.79996938776,1865.90385918367,2290.75956122449,2132.9000244898,2603.99789591837,2410.46172346939,2298.09604081633,2351.28742734694,2211.79216469388,2105.75244693878,2460.31778469388,2186.37801734694,2124.91248591837,2683.34581836735,2644.70368683673,2472.87722653061,1995.39431122449,2125.66543265306,2131.52493408163,2580.9278,2178.4529355102,2415.68446428571,2468.67087346939,2413.21779387755,2646.73723367347,2338.31725306122,2755.96283877551,2180.10163918367,2577.64712959184,3064.78194081633,2822.99319632653,1974.4788744898,2508.13215918367,2121.93191530612,2610.13603673469,2460.85789591837,1794.89266020408,2762.51251632653,2287.40995408163,3021.5844755102,2710.42848265306,2759.45848163265,3097.68342244898,2499.28608571429,2866.63762755102,2600.74009755102,2455.13810612245,1751.61823469388,2891.61020816327,2626.24119163265,2717.99513673469,3838.24068163265,2794.90107142857,3431.46542857143,2586.91208367347,2560.72624693878,2646.76603314286,2502.64514897959,2800.20307755102,2411.44774897959,3096.69662959184,2944.55672653061,2445.71246020408,2669.02226020408,2837.08602653061,2499.92334183673,2613.91486122449,2271.58826122449,1973.26160918367,2196.09354693878,2303.42944081633,2049.81456122449,2625.87719244898,2651.95872142857,2397.60324081633,2828.33595612245,1696.61334489796,2086.73259693878,2415.53717244898,2813.06609479592,1843.39280714286,2093.34621632653,2019.84983061225,2342.52723061224,2062.13788163265,2941.09301153061,2851.62942142857,2036.58777040816,2563.53700816326,2852.36097040816,2112.30175408163,2899.03262857143,1981.17871530612,1825.80285204082,2169.6719744898,2514.10600306122,2384.69128571429,2441.6502122449,2541.18414183673,2727.53906530612,2136.28476020408,2384.51708877551,3035.26883979592,2560.27080102041,2568.15290306122,2586.48559387755,2682.19382346939,1795.42062408163,2677.8572622449,2900.91403367347,2403.70398265306,2464.02038061224,2527.89884489796,2521.1407,2086.29377959184,2403.24402959184,2146.49300816327,2588.54098265306,2399.6331122449,2201.3524622449,2612.9335744898,2567.42111530612,2229.29387857143,2676.63938571429,2655.32860306122,2636.34306326531,2991.36110408163,2316.26413469388,2327.46945306122,2032.32127653061,1865.46470306122,2470.19809183673,2012.45501530612,2380.86938171429,2075.09760867347,2272.36870918367,2618.59324489796,2166.04481326531,2278.33965204082,2354.11236836735,2216.48292530612,2513.77187040816,2132.52926326531,2144.85542244898,2478.4008122449,2523.90647857143,2081.39739183674,2079.62432244898,1905.05254387755,2035.52363469388,2440.29147244898,2030.50451938776,2659.58573102041,2476.85050204082,2943.21785510204,2747.80651020408,2835.08341428571,1693.01663673469,2300.35964489796,1706.48194489796,2037.41807857143,2866.09206428571,2027.68734081633,1560.53625,2732.49152244898,2538.00959795918,2880.03160408163,2668.81092040816,2468.61869489796,3030.32056938776,2173.20506979592,2189.55486530612,2644.31348571429,2424.30195326531,1526.10451020408,2888.81393877551,2800.33410122449,2080.36915122449,2732.96802857143,2065.44941326531,2409.65529795918,1864.25465306122,2265.43899795918,2198.06029387755,2017.79105918367,2512.83204081633,2594.52288265306,2213.727075,2661.77825918367,2172.98826428571,2548.45952142857,2520.83233061224,2323.17768061224,2913.21057653061,3062.60838163265,2582.64101632653,2496.93681734694,2372.7903755102,2817.57386428571,1983.80447857143,2137.71816102041,2126.77956326531,1881.51313163265,2679.75480816327,2321.16132857143,2218.8769877551,1607.90603571429,2089.57840816327,2469.00883979592,2354.81543397959,2426.19936632653,2313.09149693878,2234.32531530612,2275.29878877551,2546.63577755102,2780.86026122449,2287.74549591837,2812.33630918367,2385.22944489796,2701.42012857143,2418.9254122449,2237.66915204082,2682.33700714286,2618.43433877551,2082.70864877551,2752.86514285714,2322.76113979592,2226.65428979592,2126.42235428571,2336.81433877551,2215.23043367347,2586.17551836735,1851.12065918367,1996.83483163265,2371.96276530612,1615.3174255102,2597.53111428571,2513.22172857143,2353.74848418367,2896.52675918367,2738.19585714286,2621.67305510204,2660.08504387755,2765.05513265306,2038.11119285714,2606.40638469388,2135.63517632653,2194.72628877551,2889.53770102041,1835.6861272449,2419.45105306122,3117.43946734694,2441.07271122449,3200.50407653061,3559.79772346939,2652.78235204082,2693.11792755102,2301.36564183673,2259.64239693878,1824.14971836735,2515.29938959184,2621.32887755102,2422.35039591837,2560.30691632653,2471.02608469388,2039.87337510204,2181.29554857143,2686.29992040816,2186.0111244898,2547.31530102041,2081.33423653061,2619.2657122449,2233.92605204082,2938.43092653061,2443.2201405102,2269.28195510204,3170.35366632653,2790.27542346939,2535.66294897959,2308.63732040816,2071.84275714286,2371.00388877551,2059.31915714286,2588.84829081633,3089.31354081633,2659.69765,3050.29338969388,2520.32485306122,2675.90364591837,2279.58254183673,2612.16421428571,2176.84573265306,2668.05384214286,2286.04060336735,2227.58271530612,3340.00511938775,2095.29866020408,2003.41462653061,2271.25198367347,3045.5453744898,1848.01981673469,2341.51533265306,2237.67514387755,2651.8071755102,2538.38556857143,2418.95511459184,1736.75530285714,2099.98035510204,2354.16642857143,2785.06752346939,2840.98638979592,2518.26100714286,3074.5814755102,3004.03649693878,2422.39328163265,2823.09954591837,2341.88450020408,2836.87039081633,2666.41947755102,2382.02282346939,2240.20986020408,2248.68867857143,2446.36843061224,2200.88039285714,2008.84371326531,2972.92478571429,2458.4893244898,2331.66017040816,2530.30495102041,2551.17959183673,1946.66594581633,2254.32844897959,2186.78906734694,1977.68661734694,2462.39251734694,2694.22295877551,2519.01654081633,2980.95446632653,2041.49920642857,2502.8033377551,2957.82774795918,2408.50589693878,2418.85731734694,2015.31217918367,2555.97419,2334.31309285714,2735.40909020408,2808.77824193878,3185.85056632653,2741.6526622449,2869.99725020408,2813.37901020408,2357.47591632653,2271.72211734694,2311.21558367347,2422.64171428571,2263.38936530612,2340.64516734694,2703.7619755102,2205.70299387755,2203.14006571429,2467.83738877551,2097.2025255102,2273.98654591837,2161.32120918367,2537.8068705102,2772.63618673469,2434.93783673469,2066.22732755102,1983.31332959184,2941.92232061224,3149.87322663265,2811.76111061224,2321.03385816326,2007.21244693878,2119.88526530612,1923.19680816327,2306.93314081633,2155.33089081633,2570.45713163265,2811.72937040816,1718.76651081633,2220.93163653061,2257.13667040816,2317.30940408163,2468.82790612245,3080.39861122449,2632.71292653061,2337.01662132653,2043.25293765306,1978.88350408163,2360.75795510204,1662.58826734694,2486.05423673469,2637.89201938776,2343.35992897959,2899.91424285714,1783.58575816327,2612.64124387755,2563.29152346939,2349.25707857143,2502.29649897959,3018.2557377551,1593.33770306122,2046.89354693878,2183.4422602449,2541.39978163265,2604.50527244898,2195.05612142857,2690.45656938775,2449.85333571429,2812.0675094898,2306.56684285714,2693.23645102041,2366.18712040816,2587.08906122449,2286.49481632653,2440.2663
54.7755102040816,2629.6269622449,2436.65935816327,2447.31785918367,2923.6921755102,2669.01458265306,2981.77312653061,2437.85927857143,2095.79897142857,2187.64116734694,2368.02342857143,2866.59129081633,2248.69993877551,2535.21169438775,2370.72091938776,2652.04349632653,2211.95938938776,2431.80192653061,2777.94575306122,2295.69356326531,2959.46358367347,2350.10307244898,2645.32122653061,2500.03027142857,2782.29432653061,3289.04563979592,2898.14838673469,2515.54832857143,1834.52772857143,2753.36509622449,2311.59830204082,1296.45073673469,1981.48888306122,2385.71053163265,2532.82316734694,2612.51163061224,2633.80030816327,2806.83670510204,2538.64234591837,2616.20216428571,2609.43098469388,2933.68497142857,2626.2001244898,2480.63374561225,3024.04429591837,2968.73809897959,3015.12788510204,2011.32323510204,2960.19098877551,3192.50102755102,2375.30094591837,2159.14243540816,3100.37423571429,3348.40542142857,2940.45941530612,2386.87445816327,2010.03877959184,2652.04655510204,2124.72014897959,2376.89386020408,2529.39500816327,2595.03977755102,2449.70302959184,2763.3772377551,2043.70474081633,2277.76210816327,2588.13270673469,2124.29353469388,2257.55710612245,2348.33227346939,3291.64435204082,3724.0826622449,3076.5481244898,2335.91711020408,2306.2063,2276.56764183674,2268.52950612245,3047.49179795918,2507.20384795918,2787.20047959184,2317.57808367347,2507.19377857143,2158.00998367347,2442.59454795918,2263.67005816327,2862.10824387755,3008.37150816327,2422.43766734694,2327.22642755102,1767.1984,3050.55507857143,2573.73043877551,2374.19712612245,2032.61072531633,2235.87789897959,2698.93282142857,2429.18139918367,2283.86314285714,2021.83467510204,2488.96758163265,2180.76913877551,2353.94053755102,2439.90516204082,2246.33551326531,2579.55699081633,2743.78570938776,2508.98502061225,2044.8406877551,2200.15624693878,2450.94825714286,2735.74525510204,2350.24695204082,2405.82594510204,2355.41984081633,1788.81723061224,2596.22790530612,3524.80140612245,2346.68097755102,2453.66920918367,2425.89079489796,2464.34222346939,2825.65507040816,2754.48727653061,2338.78233265306,2248.35534285714,2827.39700622449,2317.20242857143,1843.46810934694,2219.22788318367,2497.59475102041,3038.26261938775,2801.85675714286,3679.81963673469,2462.99564183673,2175.92530602041,2536.14807846939,2115.80310918367,2389.0973255102,3046.45509489796,2618.80066428571,2666.6317122449,2127.85830306122,2398.11474387755,2336.39870306122,2908.99065816327,2611.75498367347,2571.98311959184,2242.11286408163,2263.33198061224,2642.86333265306,2376.46283877551,2987.85310918367,2918.51240918367,2198.92711428571,2448.75116020408,2119.14057959184,2485.24774183673,2368.55568673469,2629.05453979592,2383.96912020408,1998.77212020408,2495.45270428571,2409.20573061225,1980.13950816327,2785.10154285714,2525.72842040816,2150.72959081633,2118.86101836735,2690.27171020408,2319.23226734694,3196.23313526531,3161.30719387755,3132.05544591837,3661.72536326531,2756.43930204082,2857.35889795918,2795.44527244898,2267.81513673469,2572.82439591837,2164.39364734694,2002.19519867347,2911.59214540816,2062.84774959184,2251.8694755102,3312.87539489796,2775.99379489796,3102.50654285714,2119.03477653061,2686.93843367347,2452.80629489796,2501.28186428571,2416.65253469388,2903.19614081633,2792.03713061225,3074.49895306123,2079.57842142857,2412.36845510204,2363.35685510204,2506.55913469388,2765.17997040816,2486.98805102041,3006.14194244898,2084.01995306122,2539.50289387755,2655.4489755102,1986.99694693878,2410.97124897959,2450.78476326531,2257.71634081633,2075.5227755102,2710.16325244898,2390.26883163265,2137.03534285714,2444.50815306122,2434.02050102041,2446.9410444898,2596.77174571429,1999.98168693878,3006.77583653061,2764.38652714286,2541.10756306122,1717.95054714286,3211.91110102041,2418.8472,1855.28524489796,1964.0614755102,2033.74747142857,2171.10932653061,2723.75288979592,2284.95005612245,2220.54786836735,2452.16696020408,3402.6444122449,2776.61207142857,3085.19891326531,2386.69938877551,2721.67812959184,2630.39658979592,2521.39575204082,1621.91593163265,3146.20236428571,2132.49447653061,2481.57417857143,1662.38790408163,2721.17314795918,2261.82632765306,1994.34288469388,2476.16077959184,2736.48753877551,2101.46736938776,2504.0215227551,2613.20151357143,2832.65551632653,2916.4078755102,3047.28133163265,2944.95691908163,2877.62839387755,2508.49639387755,2849.83686632653,2079.74698265306,2337.3239444898,2744.82489795918,3590.19827755102,3001.41537755102,2672.7110877551,2464.11106530612,2280.32036326531,2909.53372653061,2748.83569183673,2415.33650408163,2306.82964693878,2415.66643969388,2521.0869255102,2424.16665816327,2170.00953469388,2505.80639081633,1930.08230163265,3029.84210714286,3333.82492346939,2619.9014122449,2844.24332755102,2803.21572040816,3674.09101530612,2900.54914265306,1957.90908377551,2583.08484081633,2423.47081122449,2340.64836734694,2261.54312581633,2736.61525918367,2562.84701734694,2446.58029183673,2450.9854244898,2427.78157346939,2860.10841632653,2926.32699489796,2108.11719489796,3105.0799244898,2653.57662244898,3080.4897122449,2090.80940306122,2423.99935,2060.80853163265,3054.4781622449,2166.1652877551,2219.31954285714,2079.50262520408,2303.22666897959,2106.7339744898,1988.33979489796,2118.69433367347,2156.75790204082,2714.4378377551,2690.00335918367,2089.55729081633,2389.59402481633,2435.63961632653,3110.5649622449,2681.50890612245,2803.39518979592,3104.19823265306,1849.30437857143,2638.89713367347,3092.50624693878,2153.38257489796,2896.40337959184,2796.5479377551,1696.35888061224,2131.17038061224,3077.42068265306,1857.77296632653,2247.95178979592,2877.8659,2675.53013979592,2396.8613122449,2275.61800408163,2951.38878469388,3103.55371020408,2370.79207653061,2313.15443642857,1860.52846326531,2370.72277346939,2491.23048571429,2399.14714387755,2179.32069897959,2687.64540408163,2615.75854591837,2328.97245408163,2092.19816836735,2631.05778285714,2802.29470030612,1992.01438265306,2392.53262346939,2124.03489285714,2389.47189489796,2390.78419285714,2492.46455816327,1762.2691622449,2449.98397142857,2938.15539285714,2827.35233571429,2311.8789622449,2134.19043061224,3155.96963265306,2344.96457040816,2266.5585755102,2147.5568255102,1961.06525,1630.91757040816,2355.32901938776,1846.79057959184,2411.75914693878,2688.73355510204,2062.15692857143,2153.27931020408,2609.02426938776,2596.95771428571,2160.25866938776,2763.10446938776,2604.90765714286,2740.42110204082,2328.33752857143,2304.44017653061,2716.85686530612,2631.08751020408,2159.83362755102,1717.28864387755,1999.15328061224,2451.65017040816,3329.09414693878,2455.92821428571,2577.73138265306,2155.38449387755,2718.85512755102,2370.74224387755,2864.69759285714,2529.32932857143,2674.19894142857,3475.38534693878,2009.25431326531,2110.90607755102,2247.40299795918,2461.37143877551,2249.29931428571,2607.17302469388,2873.86379693878,2529.76299591837,3385.17998265306,2640.65929387755,3069.70698571429,2846.41424897959,2784.83601020408,2808.30007040816,2803.92785918367,3048.59250408163,2390.66934081633,2501.63960204082,2455.32837346939,2310.57901020408,2118.03497663265,2732.32019897959,2771.46584387755,3410.12169387755,2783.20741428572,2729.08846428571,2769.95710408163,2465.78286938775,3228.92473979592,3209.1457244898,2795.00406326531,2738.13049183674,2679.62219693878,2390.61250612245,2710.30410204082,2983.95416734694,3906.46414897959,2056.56474897959,2541.68819693878,2681.87083367347,2485.06576428571,2604.36699387755,2520.16718571429,2310.08371122449,2263.88612857143,2284.03653571429,2194.70996387755,2340.33437040816,1769.96340795918,2556.43329285714,2680.75413469388,2448.37808877551,2063.16386734694,2875.16221326531,2786.66985102041,2555.33588571429,2367.45224489796,2487.48499897959,2101.50229591837,2175.64329591837,2798.16833367347,2913.85559387755,2922.46737346939,1732.22948367347,3208.90435510204,3680.34731632653,2870.27192857143,2378.38155836735,2358.08638571429,2609.93695306122,2692.58611530612,2319.87623469388,2917.40356938776,2114.1359727551,3266.29535306122,2479.08860408163,2738.56398306122,2362.27897142857,2920.2969744898,2133.50013265306,2802.68861428571,3290.19510102041,3032.19624693878,2992.65787142857,3039.15341122449,2450.08944183673,2897.68942153061,2043.88113061224,2598.92334102041,2207.11904102041,2973.00440714286,4134.44215306123,3129.14786326531,2016.75305714286,2425.54676428571,2335.00024183674,2501.63845306122,2547.65386571429,2461.26290204082,2456.22587857143,2584.46490918367,2542.37053877551,2259.29259387755,2293.18962244898,3024.8147,2400.4852755102,2166.79914693878,2671.79970714286,2609.70904183674,2554.43897755102,1955.43746938776,1958.89791938776,2647.07943163265,2821.58906836735,2319.5305877551,2546.17284081633,2195.00365326531,1991.06125816327,2520.41336122449,3198.15202244898,2588.78914795918,2343.68222653061,2775.26534693878,2306.2838255102,2355.16082244898,2618.79422142857,1979.6310794898,3233.06103367347,2534.59988571429,2419.19002346939,2282.96804387755,2428.49349489796,2569.81821122449,2460.55894346939,2522.38770714286,2481.49190612245,1737.57636530612,2306.70175122449,2107.56701836735,1678.56586428571,2302.10500102041,2904.36887346939,2445.64363693878,2574.36366632653,2409.47146326531,2354.13019693878,2802.02842142857,3130.16928367347,3490.80759387755,2745.47905561225,2555.31784591837,2604.84917357143,2461.43040755102,2411.00341632653,1634.06346632653,2190.98507959184,2396.55342959184,2973.77560612245,2207.70981734694,2059.66518571429,1997.44862112245,2292.9642877551,2495.97417653061,2897.93149081633,1627.88622989796,2665.2988377551,2528.41758571429,2222.19891836735,2225.44615204082,2166.49233877551,2463.25370408163,2312.21380408163,2746.47272244898,2097.18171734694,2518.40226836735,2475.92954306122,2079.39887040816,2432.52845714286,2029.31864081633,2913.44839489796,3254.55992040816,2179.69596897959,2417.63328265306,2085.88148163265,2421.14968571429,3019.42773469388,3518.1288,3621.71171530612,2689.94582244898,2287.25322244898,2792.33668673469,2556.10465938776,2192.06164591837,2196.3644244898,2321.79094285714,2961.20365959184,2987.94658265306,1621.15925306122,3232.30983877551,2672.38297142857,2475.30591428571,1843.93088,2487.63398061225,2123.37956836735,2570.82634693878,2382.54835908163,2960.52842040816,2803.96306193878,2026.44454673469,2563.68811326531,2393.3214877551,2372.0993755102,3615.01373367347,2585.31017153061,2556.68310510204,2295.71163163265,2324.89514285714,2683.7901377551,2570.59080714286,2993.63055122449,2648.88666122449,2929.06144489796,3374.44520918367,2791.93658673469,2421.52009897959,2836.79759897959,2164.55314489796,2025.77689591837,2841.9492744898,2905.84937959184,2631.19332142857,2019.32826836735,2516.0681,2253.30737142857,2295.1081622449,2879.39458673469,2249.23384285714,2739.44254693878,2487.60596326531,2411.45457142857,2630.28189897959,2558.58760714286,2713.19308673469,2476.19519387755,2112.16543061224,2219.72659693878,3174.24040612245,3288.65136122449,2322.14424591837,2916.17828877551,2383.35840306122,2470.25029489796,2541.18757244898,1869.77080408163,2435.20165714286,2412.65034489796,2444.99745510204,2551.84678979592,2173.58400918367,2290.65098571429,2429.11564693878,2429.88399285714,2578.09048163265,2659.51597040816,2494.43231908163,3195.42310877551,2479.45680612245,2190.08154081633,2766.5394044898,2444.23974183673,3370.87113367347,3247.95231020408,2023.0934622449,3017.57871326531,3256.53976326531,2995.06096326531,2894.20563979592,3576.46229795918,3717.45631632653,2998.43326428571,2584.88867959184,3495.26667653061,2349.00013265306,2033.46704897959,2628.90394183673,2970.48448877551,1910.69717959184,2704.26209591837,2514.87247959184,2303.3557,1863.27677653061,2586.46223979592,2370.34493571429,2628.19930908163,2307.80323653061,2209.01243469388,2638.05340408163,1925.62883265306,2382.28073673469,2358.17650816327,2367.47031387755,2670.86251122449,2132.81792244898,2450.12323163265,3027.95088265306,3361.43529387755,2262.27945857143,2703.94607244898,2997.36085122449,2746.62238061225,2206.44916428571,2477.76737857143,2682.31318469388,2547.43319285714,2680.9825244898,2404.96157857143,2742.38541122449,2248.50165306122,2159.33885204082,2602.20359795918,2993.38521632653,2845.75093979592,2616.39841632653,2043.58026459184,2716.5749622449,2879.70026020408,3288.44090204082,2462.50122346939,2712.06302755102,2780.91625816327,2448.44327918367,2573.1560622449,2226.08365612245,2257.47519183673,2090.72148265306,2607.42358979592,2769.69892653061,2870.51753877551,2849.22261020408,2470.88354183673,1983.17185816327,2574.39261836735,2483.6185244898,2556.79516020408,2144.0835622449,2313.62975816327,2736.26412061224,2757.92242959184,2210.66125,2164.86830408163,2378.51283571429,1818.22770714286,2991.9297,2907.19287755102,2506.30760408163,2974.8350244898,2949.95609489796,2149.23390387755,3311.11163877551,3129.45630816327,2026.18735714286,2976.10327173469,2397.79016428571,1982.74423571429,2619.36848979592,2437.73916244898,2343.36412040816,1688.98461020408,2328.6576222449,1823.37911816327,1918.49555693878,2052.86602857143,2265.55826336735,2945.97037244898,3119.69340714286,2246.17051173469,2677.62099795918,2754.67449081633,2438.47165102041,2162.97795612245,2604.79543877551,2677.85325,2253.72238163265,3045.65609387755,2926.94561122449,2387.0836,2856.30608469388,2971.6922,2585.07866836735,3212.80455,3277.2303,2800.62539081633,1821.05925714286,2431.0529644898,2331.70992040816,2413.39159285714,2277.35032857143,2634.95211530612,2899.45928163265,2072.48317040816,2631.88227959184,2735.99388673469,2491.33899285714,2158.4276322449,3378.99926632653,3384.2861244898,2728.55522857143,2046.61613979592,2363.87206326531,2647.44780714286,2404.46011489796,2359.74926714286,2452.36407040816,2617.15412244898,2328.07489897959,1987.15672530612,2371.18440306122,2813.14422653061,2321.60092959184,2503.00588061225,3023.18098571429,2742.97539183674,3241.54318265306,3658.46558367347,3009.20681897959,1974.18314581633,2458.18935397959,1636.33776122449,2389.85556428571,2520.58054897959,3051.02280612245,1902.38574183673,2642.17590510204,3173.31771530612,2744.70252040816,2856.40927959184,2044.65387959184,2490.36465306122,2470.21830306122,2601.81214795918,2058.89060612245,2099.12531795918,2647.94236530612,3028.82738673469,2779.08989387755,2219.75966204082,2577.9487044898,2466.25432244898,2225.64807061224,2334.63495816327,2553.86557040816,2510.20825204082,2218.35828061224,1954.23620714286,2518.15245408163,2707.14734285714,2061.49680714286,2380.70926734694,2796.60553571429,2116.83795306122,2571.77127653061,2009.47395816327,2754.86902561224,2469.56400306122,2909.87228979592,2746.13597142857,2330.94791897959,2363.55206734694,2420.48468571429,2424.53722755102,2620.47230204082,2989.30617346939,2243.64891020408,2463.97785102041,2497.91855102041,2573.24573673469,2937.87355408163,2206.85432040816,1843.30780612245,2648.07015204082,2586.77508367347,2404.54762755102,2571.15981836735,2935.9017744898,2742.0895244898,2261.71169897959,2410.05884387755,2597.07773673469,2328.29406122449,2507.24697040816,2478.03934897959,1722.38934571429,1856.31335204082,2157.63498244898,1776.14950040816,2448.92455408163,2167.39433979592,2131.42867040816,3751.91246122449,2986.03350204082,2839.48243571429,2908.3941,1905.80931326531,3333.36773979592,2363.89159795918,2515.02578265306,3054.73231734694,2581.74321632653,2248.64063877551,2965.35695306122,2419.70532653061,2456.30727142857,2430.74328061225,2202.75719285714,2397.98062959184,2559.52638469388,2556.34199489796,3047.62014285714,2930.63325102041,2768.33226836735,3140.94805306122,2994.73441122449,3297.14302244898,2275.72282346939,2311.69616122449,2334.07070306122,2363.47227142857,2642.46954489796,2784.07331020408,2316.80404183673,3019.15949795918,2544.30285204082,2220.5340755102,2800.71994489796,2142.59404591837,2282.13574183673,1844.4924,2351.75534387755,2071.66231530612,2672.77389489796,2325.49546428571,2581.39570612245,2072.49925,1806.79331061225,2189.43228469388,2727.96724183673,2615.67614591837,2077.23302857143,1990.1651244898,2292.79076632653,2367.93799122449,2602.70749489796,2732.36757244898,2596.99419897959,3219.90427244898,2250.03172142857,1927.58013469388,3541.92995714286,3118.27333571429,2420.94986938776,2952.7739122449,2684.59296122449,2459.20662367347,2578.06147959184,2168.87189897959,1955.73028061224,2339.41386020408,2854.64924081633,2573.67946428571,2478.33699693878,2240.90804693878,1897.96704693878,2574.32331836735,2786.98909489796,3045.01049591837,2528.23218877551,2521.63936428571,2388.20048265306,2470.06442142857,2770.90447367347,2980.70673469388,2159.79529795918,2215.81154387755,2116.30598265306,2789.30254285714,2560.73874795918,3137.08407346939,2745.45310816327,3400.26939285714,2588.07924489796,2716.10741530612,2344.44973469388,2330.82023061224,2638.99803979592,2365.93276632653,3282.70111938776,2367.01543469388,2365.72429918367,2399.85180306122,2658.04894571429,2471.06266530612,2211.35218836735,2173.75488061224,2314.11135387755,2352.99993265306,3391.26099285714,2491.54323469388,2172.55701020408,2305.43763877551,2516.36152857143,2729.09097040816,2380.68525102041,2750.20886326531,1888.89410306122,2540.15743469388,2314.86839714286,2411.12831193878,2440.57755102041,2850.7261,2327.81176632653,3281.86019795918,2559.72979897959,2749.22794183673,2417.71671632653,1882.94332857143,2625.75441938776,2390.03400306123,2221.40839693878,2235.52328469388,2345.40923877551,1866.15768653061,2149.17997040816,1673.40026530612,2468.43295306122,2580.75106857143,2046.7193744898,2366.33260612245,2292.02853877551,2279.64680714286,1963.50756071429,2081.77196510204,2449.48371632653,2929.60511530612,2397.68471040816,2202.36015612245,2164.03770102041,2516.80090132653,2776.15140306122,2917.19216530612,2291.05735204082,1906.20226836735,2646.90247959184,2628.6185622449,2777.83614591837,2433.17369897959,2294.93498653061,2196.95863653061,3115.25029489796,2620.57427204082,2318.05289489796,1550.31227959184,1628.28921530612,2471.53326428571,2076.55627653061,2842.67212142857,3089.4328122449,2858.64054489796,2635.67482653061,2468.5869377551,2828.60400510204,2118.60156428571,3408.51695918367,2341.58439183673,2719.85381693878,2901.06246836735,2277.42418561224,1857.25353510204,2260.87294285714,2805.3041877551,2392.88903918367,2045.78875,2187.62189285714,2417.91800306122,2583.94090612245,2694.69865102041,2604.11431020408,2806.94738367347,2459.45721020408,2554.06135918367,2795.89736122449,2631.24538469388,2683.26864857143,2600.60379795918,1929.11255612245,2625.62878061224,2196.48605306122,3043.65047040816,2035.62488632653,2022.04146785714,2658.8565244898,2287.58900408163,1653.53730306122,1738.22621428571,2499.88435918367,2933.43926734694,2412.80308622449,2530.82923673469,2882.62722755102,2392.29193469388,1994.45016734694,3285.87207755102,2180.46668979592,1950.51109591837,2591.27713571429,1870.67986734694,2004.25169183673,2427.38974489796,2645.3993255102,2928.80491428571,2986.86528469388,2468.95755204082,2175.21559591837,2440.40084183673,2429.65008510204,2995.89683061225,3030.23889897959,1783.48005,2166.86763163265,1748.61343367347,2269.94838367347,1656.10556632653,2470.67886795918,2355.61115612245,3060.27902346939,2098.57336530612,2569.51051020408,2108.09264285714,2310.70563244898,2089.35949173469,2740.29037857143,2445.63691979592,2597.73940714286,3096.41347346939,3016.69470714286,2465.42819897959,2255.16953877551,2364.25638969388,2033.46931530612,2675.76092244898,2558.908725,2209.97484081633,2845.19654183673,2506.44194897959,3080.44954489796,2367.69414489796,2029.28696836735,2466.70623673469,3281.51753163265,2499.20582877551,2304.70601938776,2453.70706938776,2451.21444285714,2097.57903877551,2365.74649693878,2344.63383061224,2019.30326938775,2438.64935408163,2212.95020918367,2240.10395204082,1864.88241428571,2312.51823571429,1956.57038673469,2030.0281744898,2531.90680408163,2081.9319755102,2541.6454755102,2487.84969755102,2099.4703622449,2455.38974591837,2534.37173469388,3051.94479693878,3008.61061428571,1968.14794877551,2624.8491122449,2509.91639897959,2669.34492142857,3193.6121377551,3170.53924693878,2777.29560642857,3165.29706734694,2550.86609897959,3419.33908979592,2260.34302244898,2585.2833377551,1892.47233918367,2496.74534387755,2603.25804081633,2883.17507857143,2396.32783571429,3108.82604591837,2511.99882346939,2587.49578265306,3180.44078571429,3559.15848061225,3113.05654489796,2589.28558061225,2308.56375612245,1962.39375204082,2375.78280816327,3225.70063469388,2242.92300714286,2545.13429795918,2217.54933346939,2660.09929489796,2716.32799897959,3218.03574693878,2602.43600918367,2369.69646326531,1708.68837755102,2273.83258469388,2347.52470510204,2987.99174795918,2272.41896428571,2036.40134591837,2155.31741632653,3099.19473367347,3080.79998163265,2350.08826428571,2295.14915408163,2631.62987142857,2572.9679877551,2333.26569897959,2134.73444081633,1579.87395714286,1870.48710510204,2626.6940622449,2271.37011530612,2374.82425714286,2546.83502979592,2657.48177214286,2662.7422122449,2893.5965244898,2755.79646122449,2416.2901622449,2230.47117836735,2096.55731122449,2723.35755306122,2253.63834285714,2518.09974897959,2207.90703979592,2289.25348673469,2439.71962193878,2405.10196326531,2415.54377142857,2299.53129693878,2049.51126122449,2032.89263979592,2532.94464897959,2724.41718265306,1972.17206316327,2358.53634591837,2076.58750408163,2051.09870408163,2554.38731428571,2500.4654622449,2194.08621591837,2233.46338367347,2252.73135102041,2802.89953163265,2388.85789387755,2746.29170612245,3243.57696428571,3583.63851122449,2477.13470408163,2565.36133469388,2221.82849897959,2501.64324183673,2410.79576938776,2466.9688877551,2418.83536836735,2996.27860408163,2519.48879795918,2578.81678163265,2963.02250663265,2764.19690714286,2581.64914183673,2358.81707346939,1943.4340744898,2708.93519602041,2679.31843418367,2604.72308479592,2438.51640510204,2631.25025673469,2637.40851632653,1813.0097877551,2855.71613571429,2556.56838367347,2245.6787377551,2379.33437040816,1993.96638673469,2163.99898265306,1800.7153744898,2418.86436428571,2558.57214081633,2755.54708979592,2591.07125918367,2508.89937122449,2513.16207142857,2326.20347653061,2405.44735612245,3077.43700612245,2031.8077,2394.65634214286,2371.7271255102,2630.71770510204,2354.75671408163,2747.21698571429,2599.42304795918,2752.71376530612,1819.88250204082,2368.98475918367,3417.09039387755,2775.44584897959,3289.71499795918,3482.37838397959,2415.48956734694,2525.20888163265,2804.40247142857,2907.62597346939,2996.35246020408,3040.21670816327,3649.44307346939,2691.83903979592,2691.63235204082,1844.35056428571,2434.03303979592,2654.39371938776,2777.26211428571,3045.13063265306,3320.66678602041,2640.32475204082,2493.98234816327,2039.35775897959,1917.5441244898,1796.79650408163,2880.67921020408,2319.55310510204,2643.84810408163,2792.35091632653,2417.49291122449,2214.14726020408,2343.07371734694,2333.86658469388,2028.21441530612,1774.72003877551,2143.63862857143,2293.01837040816,3275.0611755102,2325.74154795918,2080.72740510204,3034.65224244898,2550.85797142857,1667.52461959184,3038.17926326531,2487.84235612245,2227.87178367347,2315.47831428571,2938.25273673469,2144.98730816327,2478.96038367347,2755.01259438776,2775.15511632653,2514.68335408163,2739.06046969388,2451.31473673469,2596.31535510204,2129.00191,2403.17192346939,2871.32930714286,1818.59415408163,2275.86741938776,2797.72118163265,3155.81805816327,2436.81551938776,2006.90578918367,2399.44050102041,2251.27294285714,1836.03432530612,2927.96389183674,2564.5026755102,2327.10932040816,2507.0401377551,3141.09718571429,2104.80115408163,3467.50612642857,2247.63116734694,2173.74197142857,2049.62746734694,2507.37600612245,2528.72237959184,2608.82646326531,2908.99605102041,2316.49230510204,2575.81505816327,2758.11276530612,2825.15469591837,2470.25033367347,2619.21842653061,2829.56876081633,2499.62945,2666.05988367347,2290.15400306122,3272.53458061225,2401.44214591837,2186.2091355102,2339.59057244898,3263.55574183674,2028.95298265306,2369.07056020408,2342.36685510204,1941.13920510204,2694.28132653061,2590.12756530612,2136.87261632653,2611.96464285714,2682.64066816326,2114.48990408163,1702.64585387755,3204.19814795918,2932.41153979592,2386.64725714286,2470.46330102041,2155.95467959184,2310.89876632653,2851.38266836735,3287.13060714286,2120.39838571429,2268.6187622449,3419.29559112245,2728.72318061225,2672.66877857143,1787.48732755102,2997.55995714286,3494.80600102041,2999.65905918367,2999.62463163265,2383.09446571429,2292.25704897959,2387.8454755102,2328.01142346939,2647.71770510204,2506.69820816327,2497.52680816327,2101.44654714286,1672.07673571429,2232.19449642857,2202.11045918367,2109.48181428571,2335.87944857143,2552.12597857143,2796.69696428571,2817.96079897959,2448.52876020408,3292.03933469388,2379.22188979592,2355.55868265306,2185.14101734694,2796.98612346939,2545.01405204082,2549.19991734694,2576.90064081633,2733.42514714286,2409.24378265306,2457.71476734694,2338.83499795918,2665.10756673469,2581.97600938775,3364.14132153061,2763.43496826531,2326.81292959184,2281.33145306122,2488.33511530612,2794.26760510204,2991.77463469388,3016.62893469388,3036.85140714286,2337.8287755102,2700.60126122449,2469.85754897959,2685.69199693878,2678.51067979592,2356.61895795918,2707.42645816327,2610.5517377551,2457.21756938776,2512.96125,3203.15794489796,3113.11137959184,2513.28096530612,2609.51545408163,2559.97109591837,1837.1096744898,2512.00330428571,1680.47980428571,2272.75658020408,2316.37462897959,2282.21939510204,2771.24612142857,2992.94490204082,1689.10822653061,2456.42295408163,2349.30298163265,2131.69095510204,2810.04465408163,2552.38217836735,2337.01776122449,2412.80915632653,2546.38408265306,2539.34507653061,2629.99350816326,2970.21946428571,2798.32471836735,2810.41282346939,2798.34927959184,2602.31556632653,2668.26436122449,2176.21831836735,2514.84015306123,2306.50093163265,2030.08670306122,2399.23345734694,2295.11691020408,2194.87959285714,2379.3271244898,2754.33688673469,2436.25044591837,2837.81790612245,3004.73915102041,3655.4449255102,2803.73405918367,2555.26229693878,2893.24067857143,2357.93021428571,2045.2743877551,3148.11863265306,2855.7291122449,2854.85817040816,2965.36603816327,2315.50584081633,2550.49472755102,2711.55529693878,2370.59447857143,2131.80809183674,3012.0813244898,2603.81150918367,2996.17204489796,2918.42474489796,3099.02689693878,2400.38815408163,2273.44555306122,2529.17192346939,2508.00512346939,2232.27240918367,2526.90430306122,2755.07242530612,2641.86863469388,2171.01702653061,2785.9034622449,2801.62846530612,2534.80114795918,2464.59743265306,2565.01165102041,2566.88678877551,2369.64426020408,2287.31521428571,1935.01290428571,2727.09066326531,2631.24113979592,1892.24258061225,2290.11019387755,2157.75833091837,3089.59973469388,2045.43620938776,2245.7173755102,2741.86518061224,2816.84241,2139.05758918367,2782.91742040816,2841.17468979592,2782.15807959184,2722.86347265306,1751.96252795918,2403.68733204082,2056.85950408163,2548.49110510204,2455.45567653061,2190.57623673469,1837.61409959184,3042.49273979592,2232.47579183673,2155.87189285714,2447.5042622449,2581.2282,2881.19962244898,2296.85284591837,2261.40810816327,2035.94679489796,2210.68594183673,2624.44513979592,2352.52975510204,2264.55130612245,2187.1315377551,2518.05994795918,2317.11464591837,2752.83091030612,2282.1098244898,2773.79633163265,3004.48593979592,2638.35164102041,2191.22069265306,2741.23530612245,2498.13604591837,2396.12913469388,2208.41769887755,2855.11722244898,2679.34758979592,2108.09015102041,2445.82816632653,2162.81660612245,2056.14021122449,2461.90137653061,2521.91652755102,2554.49501959184,2307.24919816327,2543.69156326531,2046.9227744898,2501.10237959184,2347.27653877551,2178.65400510204,3228.95526632653,3011.15902755102,2519.9823,3142.15181122449,2479.74866734694,2444.1712,2312.59753265306,3254.83450102041,2896.54068979592,1992.05541734694,2915.68748265306,2855.91880785714,2947.50759489796,2386.39969081633,2773.27702244898,2568.44633653061,2715.89028571429,3232.44455,2844.9984,2438.62363673469,2514.57430306122,2172.88880204082,1891.93778469388,2996.06471816327,2049.62435510204,2306.10605102041,2366.60058673469,2339.01729387755,2638.51527857143,2357.37108714286,2011.21738479592,2752.70896122449,3311.84592804082,3785.00279591837,2988.77239459184,2625.10960612245,2324.95755204082,2503.01977857143,2631.11074081633,2344.76990204082,2543.11180816327,2970.85123673469,2579.66797857143,1986.4890755102,2467.33870714286,2166.25599489796,2041.24224693878,1928.32814591837,2843.24203571429,2891.67179387755,2265.87988061224,2226.98979591837,2682.5943255102,2409.90634591837,2317.81159183673,2652.73067244898,2302.74741265306,2577.32226122449,2829.07486326531,2560.04619857143,2894.32875918367,2634.70643877551,2759.03227346939,2819.70694183674,2331.99738673469,2232.66270816327,2120.08767142857,2252.61217857143,2197.50677653061,3336.9583,2846.22089285714,2092.09982653061,2392.20698122449,2528.64208367347,1964.65968877551,2112.71745612245,2162.95942306122,2361.44730306122,3997.63186530612,1617.54779795918,2385.58413612245,2097.67205204082,2785.12370918367,2892.60781020408,2265.61857326531,2578.96565408163,2590.16201122449,2626.35433265306,2120.78062061224,2236.92273346939,2765.46795204082,2993.68513367347,2492.47514693878,2910.80412755102,3308.19754285714,2139.09552183673,2796.42658163265,2679.43984285714,3134.23706122449,2532.48113255102,2449.60837653061,2094.42084897959,1833.46545816327,2761.86544489796,3027.25020306122,2618.32727244898,2275.90687244898,2681.99785918367,2798.69235306122,2901.97101326531,2587.69545816327,2137.02854387755,2416.53297959184,2656.46795204082,2466.43581836735,2684.55493265306,2426.7131377551,2577.40809693878,2584.68763163265,2505.73698469388,2059.93115102041,2339.58400204082,2497.5578755102,2429.63544081633,2798.88553673469,2362.96846428571,2277.24653265306,3073.11922142857,2695.54600612245,2312.30456122449,2550.17134897959,2486.89149285714,3402.79188061224,2257.87996020408,2481.56195102041,2951.01188265306,2395.2412377551,2805.64574622449,2295.36861938776,2037.90123163265,2299.89657653061,1994.72864693878,2944.82239285714,3016.09344489796,2488.49200979592,2211.88926938776,2191.34564285714,2407.6377122449,2139.18575204082,2497.32794693878,2733.5739244898,2851.23226122449,3077.34287857143,2408.50267346939,2641.13915510204,2707.58805918367,2956.21143367347,2422.77049489796,3082.14765612245,3009.78595204082,2950.30926632653,2343.82689693878,2822.44256530612,3200.90383061224,2846.22749693878,2198.01840408163,2256.35157653061,2633.60312959184,2323.21897346939,2174.68708979592,2282.19081122449,2179.85827653061,2193.49900714286,2317.49679489796,2530.70162755102,2414.65733510204,2833.52810306122,2196.75455408163,2299.72736734694,2227.08022142857,2439.41524897959,2833.25821020408,2205.26144387755,2111.38139387755,3029.90687244898,2445.90220714286,2529.16970816327,2397.06178489796,2429.14743469388,2448.15358918367,2457.91401734694,2497.05449897959,2256.08382142857,2500.37434387755,2591.97879081633,2026.93713061224,2709.74602244898,2359.23804183673,1910.96781020408,3219.34296938776,2595.05692142857,2213.03752663265,2281.60365816327,2306.23256428571,2116.74170714286,1758.56422346939,1594.86476938775,2341.37199387755,2484.59088897959,2872.79471938775,2822.91057040816,1879.79969565306,2018.8362155102,2222.23031428571,2392.79884020408,2588.74437183673,2238.86952959184,2172.38250816327,2336.75458061224,1939.33474693878,2292.8032744898,2123.15729530612,2461.84924081633,2271.33985306122,2018.14373061225,1967.57749693878,2101.81183469388,2142.6788344898,2623.32765020408,2888.54068877551,2864.67619183674,3196.4770877551,2674.59449795918,2404.16205346939,2388.84873265306,2843.892,2910.05958244898,3079.30905306122,2246.87906622449,3068.89439183673,2860.7531744898,2053.81607959184,3513.31873265306,3024.46900204082,2537.38629285714,2403.72687142857,2412.98533979592,2040.7735122449,2562.20805714286,2236.01566938776,2304.97171326531,2518.24767857143,3363.37566632653,1861.11809183673,2531.20528979592,2983.60557653061,2020.96816020408,2484.10115306122,2618.65094693878,2771.49092857143,2667.88556428571,2471.2117,2524.61023285714,2320.04024489796,2501.99864795918,2165.17475612245,2271.5789755102,3238.29835816327,2449.55875102041,2509.46404387755,2588.23293255102,3024.87574336735,2322.32443367347,2997.55906326531,2690.46153469388,2468.1923244898,1973.3132255102,2890.00075306122,2789.25142857143,2639.47987857143,2442.38861734694,1977.40999081633,2515.18713265306,2189.53733571429,2718.51487755102,3286.98017346939,2792.20568571429,2661.01629489796,2550.88366734694,2743.39149795918,2171.75253020408,2004.10303897959,2553.1637744898,2709.39047653061,3221.52180918367,2388.05647755102,2833.29939591837,2109.92460571429,2275.04282959184,2235.18061122449,3497.27822040816,2937.98066020408,2777.19453877551,2540.33728265306,2446.60233877551,2219.95981938776,2662.77151122449,2076.69186530612,3514.71261734694,2983.11501122449,2646.64281,2715.39789387755,2577.47956367347,2254.34558938775,2455.71183571429,3361.58801428571,2068.09310510204,2326.14041632653,3280.06480204082,2486.24372653061,2386.97968979592,2693.45372346939,2036.02326020408,2879.92836020408,2674.49045714286,4108.00186428571,2781.64481938776,3422.28021122449,3139.47720918367,2436.76422857143,2202.23478816327,2358.86285,2663.17853673469,2642.59638367347,2079.5440122449,2523.2714877551,3088.47395510204,3338.44488979592,3064.04999285714,2685.20949693878,2531.88387346939,2308.98632959184,2756.58936479592,2639.33103367347,2310.58460836735,2378.50459285714,2421.56363673469,2412.18032346939,2431.74780734694,2385.8535772449,2891.73761959184,2173.02857081633,2207.93327244898,2297.53705714286,2591.80630102041,1940.23757755102,2790.12919387755,2451.51132571429,1940.87120693878,2944.61115612245,2400.03943877551,3289.97530306122,2606.62562142857,2978.63178367347,2703.53642857143,2177.32314081633,2792.49174081633,2561.64383979592,2598.70607653061,2559.83432857143,2446.46622653061,2626.06425714286,2086.06038979592,2766.27311326531,2548.40870510204,2418.28996142857,2314.84093489796,2680.1008744898,2348.96570918367,2639.85841020408,2564.74744357143,2851.18905408163,2929.64613469388,3396.26411428571,3009.16535612245,2615.33308061224,1949.79774693878,2510.6863,2241.77609897959,3073.66370714286,2186.84188265306,2397.62090510204,2276.82991734694,2656.1112622449,1633.76688877551,2591.18912142857,2149.63543367347,2862.94959387755,2367.34024020408,2196.17898346939,2114.51325612245,2673.87206346939,2388.10442959184,2488.21725918367,2537.51103673469,2416.72604795918,2467.39693469388,2568.75481428571,2905.40699285714,2175.98218265306,2808.23255714286,2839.93828673469,3237.25443979592,2694.82677653061,2595.9314755102,2889.09905918367,2070.91762142857,2913.78799489796,2935.10304489796,2558.1832964898,3301.89526428571,2039.21118571429,2257.58783571429,2165.15623061225,2224.49713469388,2103.43301530612,1964.16963571429,2836.20542346939,2309.68154897959,4159.44604489796,3115.95683469388,3087.13839591837,3306.4356377551,2348.95161734694,2530.6528322449,2462.10413469388,2279.33116122449,2900.31759540816,2506.40825979592,3266.79309081633,3096.30297857143,2794.23546938776,2109.14426632653,3065.61777653061,2282.85401816327,2632.16072081633,3057.9616244898,3865.3778622449,2461.62783367347,2413.11311836735,2656.0391,3188.51154591837,2474.76106938776,2462.76105102041,2323.94318979592,2557.77401938776,2707.0977244898,2617.78040816327,2294.03904489796,2389.28453163265,2740.59019387755,2127.53823081633,1893.80641122449,2147.9763184898,2419.60105346939,2470.57721836735,1992.20548836735,2337.67554693878,2234.26904665306,3052.12561581633,2343.97175204082,2182.0037255102,2739.95019285714,2394.22361632653,2264.66089081633,2696.21868265306,3826.33519897959,2875.60990816327,3173.24155612245,2547.48514591837,2733.05823163265,2760.43677653061,2559.47390408163,2004.48595612245,2077.93251938775,2756.41734897959,2826.04336836735,2591.39134897959,3383.56825,3081.45694285714,2597.32336428571,2129.62572653061,2655.28418163265,2520.24632142857,2568.31188571429,2700.13515816327,1939.82558204082,2329.09001734694,2294.41005306122,2826.48501428571,2948.86728367347,2461.75593265306,2113.13174489796,1775.33352142857,2535.03132040816,3030.27362040816,2979.74518877551,1962.31920408163,2334.83871326531,2676.26749489796,2902.5071877551,2015.41176326531,2422.48496489796,2309.29239285714,2882.68491020408,2493.70608367347,2228.15495102041,2752.80034163265,2681.39730510204,2304.05545530612,1845.78440918367,2531.48488367347,2954.44973367347,3255.07118061224,2448.34244591837,2733.48276632653,2208.06427244898,2702.62476122449,2245.23238163265,1923.7601744898,2189.74995,2468.65173163265,2587.67027040816,2691.18291122449,2441.05690408163,2354.59938163265,2731.6899255102,2754.89526326531,2448.65613979592,2477.73256428571,1971.65364081633,2179.17886020408,2130.00843673469,2223.6959744898,2506.7901,2830.17365612245,2853.07074693878,2596.86646428571,2727.40515918367,3246.57476122449,2796.70045397959,2679.4448377551,2815.48550306123,2697.85005306123,2848.97392653061,2573.91832040816,2517.6445377551,2625.44364693878,2359.74602857143,3231.67335204082,2463.98328265306,1909.62660102041,2769.4416244898,2939.98566122449,2371.52802857143,2800.42730204082,2216.25962857143,2582.93712142857,2419.30087040816,3214.01239387755,2746.24702346939,1923.54232142857,2491.20123877551,2922.71840306122,2630.9951877551,2990.01355408163,2339.42004489796,2601.26689387755,2438.90621428571,2597.90422142857,2126.85852836735,2467.5480622449,2616.91579897959,2406.65010102041,2447.12084387755,2071.71065204082,2665.65597653061,2090.55666020408,2258.6297622449,2289.31197857143,2404.11218367347,1946.36085408163,1456.53844285714,2492.15229265306,2095.95072520408,2124.77364081633,2536.03424418367,2588.98473979592,2555.6314622449,1926.49101755102,2415.98306714286,2300.49386938776,2438.26988469388,2451.38029285714,2404.23240816327,3596.37339928571,2887.27355816327,2776.88372346939,2479.75053204082,2324.69972857143,1705.81861836735,2724.50121938776,2676.47345918367,2529.69478061224,2724.95355102041,2498.39721734694,2665.5770772449,2519.95465612245,2475.42963061225,2677.97788367347,2135.65125714286,2646.64073571429,2358.11785040816,2712.57728571429,2410.59353163265,2709.51612959184,2841.60650408163,2325.51207306122,2242.12554081633,2208.86273581633,1770.18073367347,2853.42328163265,2323.09468673469,2277.45252857143,2866.1941877551,3243.53470816327,2483.0445255102,2260.34730816327,3329.86336836735,2810.44096938776,2969.28532040816,2802.68317408163,3217.8268755102,2650.01065306122,2285.0301122449,3078.26635510204,3092.58158367347,3002.52103571429,2980.08130816327,3088.5035255102,2487.55181020408,2474.77499285714,2653.64772755102,1888.06211938776,2463.62173265306,2523.65927040816,2150.16505816327,1975.02063755102,2870.64263571429,3058.97949897959,2287.35784387755,2547.95206020408,2819.68408673469,1781.31563673469,2945.19465918367,2737.94928571429,3266.11213877551,2644.30208367347,2110.42906326531,2082.46681530612,2409.25913673469,1230.65430204082,2659.97118979592,2473.74804285714,2359.28619285714,2129.85844285714,2305.40886122449,3277.71234387755,2731.70213265306,2200.49492040816,3762.05979795918,3022.52689387755,1802.6899255102,2011.77181530612,1859.64088877551,2105.62975204082,1728.41170510204,2436.44450408163,2633.18459285714,2641.42643265306,2506.73208367347,2582.86061530612,1928.31128673469,2173.61583591837,2488.9760155102,2652.42636408163,2311.90717040816,2994.07936632653,2542.51491326531,2549.49387959184,2611.19684081633,2457.33846020408,2226.14162102041,2365.12841836735,2215.67682408163,1791.09655408163,2029.12936326531,3255.24027346939,2476.3200622449,1958.86721183673,2517.66751530612,3068.52491938775,2545.56191326531,3771.93448367347,3150.90714081633,2804.97168091837,2714.28024285714,2611.38094897959,2807.22764030612,2871.65459081633,3230.19256836735,2642.21122142857,2048.58459897959,1997.03560408163,2394.37017244898,2258.84943673469,1883.97061020408,2367.16649285714,1997.12479591837,1986.26777204082,2789.81845204082,2849.71231428571,1698.19268806122,2593.73247346939,2640.73509285714,2452.86107755102,2328.85366632653,2611.60150306122,3300.12423571429,2539.97196734694,2560.08155214286,2354.33901734694,2876.30612755102,2648.97483673469,2423.26956020408,2078.88547959184,2554.91873163265,2538.72980714286,2631.21907040816,2245.07254897959,3173.46407346939,2592.6802122449,2853.63615102041,1858.09873163265,2428.98310102041,2243.31354755102,2280.80571326531,2839.95403571429,2291.84774081633,2703.59562142857,2398.92273836735,2562.78814489796,2420.58919795918,2351.87613469388,2804.35174795918,2152.01750183673,2167.68217255102,2256.29838265306,2285.51094795918,2331.6549755102,2813.9236,2446.36880408163,2248.1064255102,2255.24070204082,2896.22862908163,2822.84057040816,2186.13971122449,2846.52564081633,2316.84344693878,2308.33912591837,2107.41759510204,2399.22158979592,2570.50119897959,2752.30905102041,2470.85763897959,2678.76257346939,2696.04204387755,2774.10899489796,2605.42673306122,2522.08475142857,1989.88266755102,2480.69300632653,2031.91048673469,2458.29897040816,2373.64296326531,2198.54509591837,2984.52334897959,2938.84502244898,3608.65042142857,2620.62525612245,2773.7837744898,3458.27398163265,2007.36659489796,2161.44891836735,1983.28528734694,2301.87792959184,2065.81895918367,2479.62194693878,1664.68666122449,2283.8065002449,2624.74341734694,2774.55477857143,3392.93182857143,2836.39548061225,2353.82151428571,3345.85767040816,3020.33597857143,2896.31025510204,2918.59246020408,2272.33726561224,2104.34230408163,2191.8308755102,2202.47749897959,2699.71703877551,2671.32331632653,3061.34262755102,2947.25686734694,2909.67743979592,2918.90006530612,2539.51023469388,2913.77347653061,2445.7255877551,2060.95470306122,2558.26648979592,2153.15762244898,2592.17960102041,2777.94693979592,2372.29441836735,3352.11503877551,2706.78908979592,2237.40869081633,2207.97738265306,3587.05607244898,2882.66467142857,2829.03885816327,2654.18739693878,2178.27307142857,2471.3611055102,2104.24888469388,2795.64303673469,3067.3115622449,2272.81950714286,1937.72077040816,2788.86168265306,2199.04162142857,2652.41236734694,2952.26844387755,3211.0506122449,2596.25039285714,2297.68544591837,2364.66831632653,2199.44971734694,2225.60835295918,2422.27554897959,2992.59640714286,2813.0308744898,2349.02558367347,2461.20677857143,2649.05685816327,1996.7850822449,2452.74412653061,2901.82923367347,2530.63249183673,2446.55119,2168.17313061225,3062.70385918367,2754.62707959184,2902.94069183673,3143.08760918367,2641.56010408163,2665.12032244898,2608.19640204082,2254.04419795918,2965.43772857143,2648.92744081633,2100.99305816327,2267.33376734694,2042.51350102041,2361.36895612245,2028.6007244898,2980.2546255102,2491.07457346939,1670.79688877551,3032.97897653061,2435.99784183673,1531.4036844898,3039.60270102041,2964.98754693878,3162.40426938775,3127.57326734694,2321.86377040816,2241.27535816327,2608.74775918367,3168.56591632653,2978.84371734694,2347.69934591837,1982.63900918367,2486.45055,2179.45648367347,1830.6998755102,2156.27939591837,2732.23743469388,2284.10857755102,2928.52231938776,2550.25010510204,2111.15150102041,2198.95823979592,2413.49495204082,2262.7122122449,2372.25014081633,2796.11294285714,2689.8988255102,2664.2265122449,2391.42834591837,2838.8688755102,2285.9395122449,3302.08345102041,2792.52064489796,1718.1512222449,1771.10341632653,2486.57860918367,2496.08258979592,2674.74207346939,2434.4961222449,2189.16042346939,2674.62110204082,3412.81021530612,2488.65045408163,2370.78629714286,2532.20419714286,2835.5851755102,2599.09832959184,2157.5628844898,2599.09116316327,1918.45280816327,2530.63495,2419.28710408163,1989.94294183673,2832.69326326531,3954.08136428571,1880.80943265306,2775.24167102041,2535.23377265306,2784.24704693878,3047.04712959184,2659.92754183673,2734.12204285714,3145.52876020408,3003.94516632653,2382.16119285714,2913.88461734694,2189.13467857143,2902.43589591837,2828.35543265306,2361.72579591837,2248.27952142857,2388.11021428571,2364.01633979592,2398.8217622449,2588.8470877551,2059.63092244898,2479.69237959184,2014.49925714286,2998.07965816327,2443.08369387755,2188.31798163265,2359.48996326531,2923.03347040816,2227.14177755102,2646.96569877551,2357.36268469388,3218.7063255102,2002.10141602041,2865.62977755102,2205.43628367347,2445.48840714286,2116.68353469388,2532.02090510204,2128.55157755102,2292.44401653061,2613.33823571429,2055.24086632653,2408.86961632653,2278.54502346939,2563.94643163265,2773.20234693878,3044.39128571429,3031.75469783673,1791.97917061225,2396.68258132653,2775.58367163265,2702.97628163265,2164.42709795918,2345.30778469388,2925.95435510204,3288.71824591837,2471.79664387755,2592.70512755102,2376.70738265306,2810.63304897959,2754.57255714286,2856.89197244898,2378.59784489796,2747.98148469388,2332.03999795918,2354.40992244898,2123.51669795918,2487.24178387755,2034.60799795918,2530.48480020408,2794.67917755102,2492.45571938775,2169.26339591837,2218.02801836735,3091.90858673469,2972.72809693878,3148.43789489796,2664.93403265306,2454.9306244898,2642.4502255102,2659.09985,2171.29346020408,1563.57795816327,2177.59197142857,2545.6856377551,2760.75538061225,2561.85807142857,2473.41569897959,2658.64051734694,2177.39033367347,2619.01363163265,2813.95859591837,2250.81415714286,2308.57035306122,2402.35362816327,2191.33179285714,2311.16132040816,2953.23162244898,3097.86615306122,2845.62828163265,2811.13550204082,1890.22391428571,2583.0464755102,3010.71138469388,2649.23796428571,2539.65116163265,1832.87053612245,1799.85628469388,2636.94010102041,2630.70343877551,2355.95470714286,3004.86075816327,2773.06806020408,2908.50640306122,2491.30894765306,3604.27626938776,3150.2213255102,2422.93325,2546.32875408163,3871.39839081633,3005.48023979592,2383.1598377551,2367.54924387755,2127.31768265306,2060.1649622449,2989.89405408163,2550.61103367347,2887.53105918367,2513.43323571429,2452.0024377551,2390.5056244898,2391.13229795918,2005.52821020408,2409.9910755102,2782.18797244898,2846.37255,3088.20860714286,2254.72147040816,2662.97153877551,2262.31212755102,2344.91793877551,2408.80092857143,1936.09380489796,2582.79256122449,2514.29951326531,2459.81111734694,2541.39140918367,2584.86565306122,2535.80691408163,2471.99820918367,2357.78885816327,2487.45615102041,2205.46391428571,2204.24120612245,2377.04260816327,1978.8609877551,2600.59127857143,1821.30254795918,2185.65121326531,2316.43973061225,2320.93102755102,2756.46490408163,2591.51276938776,2695.94833163265,2879.4318755102,2591.54739897959,3095.34580714286,2307.72558469388,2353.17414489796,2001.2821877551,2925.88213469388,2470.18141428571,2275.90341122449,2048.9379,2350.52946632653,2405.83304387755,2174.37786530612,2419.47819489796,1989.95451632653,2640.71994591837,2614.13533265306,2407.74755306122,2393.43735612245,2757.57247755102,2617.78376530612,1835.28694081633,2212.33799938776,2421.95849081633,2282.50808469388,2759.12413163265,4162.52724285714,3253.95230510204,3182.54348061224,2494.40118367347,2112.85925612245,2838.38687142857,2132.66594183673,2425.40323979592,2961.0922055102,2485.97256020408,2777.15379285714,2792.55041922449,2474.47846020408,2072.47538571429,2219.97198367347,2751.3963255102,2488.01469857143,2983.50750816327,2382.65905408163,2255.5138377551,2466.34672959184,2002.9508744898,2663.21083979592,2748.87446632653,2841.4286244898,2909.22218163265,2362.85355918367,2244.54579183673,3051.53942653061,3156.98062857143,2336.59179387755,2181.71805306122,2445.30919285714,2509.9600122449,2816.48204591837,2260.8630744898,2644.81184489796,2150.70085306122,2212.41637653061,2928.37607142857,2327.78772142857,2155.37752755102,2961.54320408163,2759.04828877551,2414.90294387755,2670.91207040816,2129.61002653061,2322.91034673469,2593.14897040816,2839.73508938776,3032.92927755102,2245.08499428571,2686.5212544898,2643.67468979592,2614.17099081633,2969.25458877551,2584.11880877551,2657.70976428571,2301.8391755102,2505.30722346939,2102.68850408163,2349.68318479592,1956.55342061225,1964.0925,1973.51332346939,2680.67268979592,2064.11246020408,2472.88707653061,1707.09618673469,2336.28927408163,2536.32476938775,2736.78974795918,2663.30430102041,2226.44842285714,2934.15098938776,2089.06500408163,1944.9989922449,2346.85431836735,3098.0391122449,1873.75224183673,2439.33956122449,2626.70593163265,1956.38408367347,2862.66216632653,3327.21753061224,1952.00087265306,2061.30119040816,2277.83220204082,2790.31848632653,2675.00040306122,1793.64951020408,2748.81797755102,2705.54791428571,2480.5683244898,2065.80023163265,2577.36425408163,2983.46385306122,3289.65592857143,2349.2954622449,2600.85709489796,2392.22411530612,3110.84530816327,2662.75175306122,2288.96478979592,2488.22570714286,2194.61350816327,2319.57173673469,1980.61719081633,2236.90881122449,2636.26415306122,2351.82529183673,2024.44576963265,2609.67453163265,2338.49900918367,1949.76907755102,2974.20511734694,2500.37729012245,2393.39192040816,3269.41924183673,3299.21053877551,1799.6248377551,2624.35133469388,2881.0802755102,2033.41296938776,2634.38636938776,2366.52331755102,2575.55843061224,3240.12643469388,2184.16777418367,3002.63313877551,3339.26541836735,2737.49448979592,2190.86087857143,2339.35341326531,2717.04859387755,2649.27747142857,2481.12954397959,1844.39351530612,2295.60311632653,2684.43855102041,2400.78309714286,2484.63778163265,2197.06874285714,2654.03814489796,2362.9427755102,2680.00302653061,3318.41454897959,2439.18413367347,2811.76701836735,3213.11079693878,2925.17457408163,3173.61459591837,2781.73904591837,2262.61770204082,2355.9161877551,2532.69480408163,2661.0696877551,2458.8124744898,2357.06991122449,2907.25804795918,2420.07426938776,2430.55646938775,2404.37307346939,2274.06334897959,2428.52066326531,2500.95352755102,2780.48701734694,2705.13005510204,1928.69842142857,2554.12586530612,2174.79560061224,2460.12642244898,2534.87980306122,2135.23953163265,2106.33558979592,2804.31508877551,2694.75933642857,2214.02097244898,2280.1480122449,2259.51796795918,2054.37121428571,2574.65390204082,2390.08440102041,2147.32025,2921.12971836735,2373.03797408163,2226.40010102041,2016.2793455102,2640.6094622449,2615.33109897959,2542.34291938775,2567.46535408163,2272.31637755102,1960.66336122449,2238.14670408163,2231.30935510204,2298.43525918367,2648.0148255102,2805.47957795918,2711.89017653061,2518.49023265306,2616.79947040816,2126.64415102041,3204.94231632653,3342.33278163265,2477.02375918367,2219.67118673469,2782.72416122449,2987.70515918367,2377.78468979592,2432.4076622449,2330.11647785714,1833.34094489796,2602.42875612245,1801.70407959184,2602.55477653061,2345.90184081633,2515.09710918367,2288.59972581633,2104.70746632653,2561.4564755102,1912.55154591837,2794.52749204082,2562.22092244898,2256.73171734694,2150.95138163265,2189.14075714286,2919.6643755102,2485.09968061224,3746.16801938776,2300.68794387755,2650.37811836735,2486.00745714286,1873.83563979592,2656.21506326531,2698.37084081633,2432.30988367347,3255.33821836735,2627.54605102041,2326.97043265306,2897.08781836735,2696.56389897959,2033.76107836735,2258.27825714286,2646.01855918367,3335.20821326531,2814.13363877551,1902.52896938775,2668.88615306122,2294.71819081633,2903.85825,2213.87046938776,2536.58310204082,2896.21245081633,2136.96108020408,2652.3492,2305.28748367347,2382.40624693878,1473.70921632653,2886.23471530612,2138.37672346939,1966.07312040816,2561.37977857143,2576.23363265306,2744.67962244898,2788.05418265306,1627.67162714286,2380.60698367347,2170.18235969388,2314.83269489796,2571.10770785714,2734.88323061224,2634.27117346939,2540.20904897959,2665.96610510204,3281.08959183674,2426.98577142857,2667.4227255102,2733.75315408163,2688.01167142857,2491.02867755102,2563.16970306122,2018.36884591837,2490.65560612245,3617.33782795918,3069.52336938776,2158.16361122449,2885.62590408163,2410.59368979592,2344.59793295918,2596.92462244898,2394.79460408163,2655.46861632653,2174.71953265306,2519.07800918367,2617.98164897959,2945.33944489796,3206.37214081633,2817.34186734694,3059.03737755102,3018.41701530612,2914.87236122449,3092.34325183673,2404.40253346939,2711.51926122449,2560.22990306122,3123.02345612245,2216.47741714286,2397.24284897959,2539.4104744898,3354.91239897959,2220.65569489796,3086.76868061224,2504.51612346939,2544.13231326531,2331.03959693878,2336.16124489796,2841.25808571429,3035.42696020408,2697.90746734694,2815.0028877551,2754.03732244898,3478.49772142857,2401.14147857143,2828.27634489796,2449.30165612245,1850.28932163265,2306.89356530612,2352.06029183673,3376.60904387755,2492.81125867347,2277.35288112245,2454.84842244898,1917.13644081633,1767.96372040816,2507.30058163265,2592.92761020408,2760.13174897959,2288.61472469388,2392.88624489796,2315.47342693878,2580.26738367347,2395.53350510204,2137.17892040816,2161.38866122449,2028.20390408163,2634.08964897959,2786.36899489796,2755.3461,2812.96096938776,2636.70651729592,3068.26599795918,2146.87172653061,2528.39808061224,2348.47969489796,2360.66815408163,2600.19821530612,2645.84017653061,2802.34760816327,3027.13985306122,2105.85189183673,1620.19036015306,1792.9492522449,3034.24484387755,2547.76040408163,2390.8807922449,2377.60049795918,2340.68003265306,2041.72480877551,2498.30664693878,2171.71417040816,2314.08665816327,2286.83886836735,2431.65478265306,2668.59481530612,2640.89473673469,2581.16474795918,2556.40176836735,2663.62574693878,2589.31284795918,2651.78967346939,2456.8662477551,2006.87359571429,1974.65110326531,2587.87459346939,2098.03943061225,2479.50722459184,3363.09687571429,3057.4960255102,2442.21301938776,2278.97379693878,2655.54261122449,2607.66359285714,2351.27808163265,2843.55574591837,2855.13050918367,2603.10648673469,2779.07434897959,3539.65775510204,3235.85926530612,2733.67430510204,2141.82069693878,2226.69403673469,2804.58601632653,2323.3279622449,2597.16737755102,2611.04472040816,2800.21944489796,2413.86849897959,2580.82014285714,2501.89895102041,2323.75474387755,2298.47270306122,1787.43108469388,2254.41512653061,2367.65855612245,2298.55574693878,2735.0919377551,2709.20204693878,2787.35285510204,2323.25194795918,2425.69440612245,2303.56010816327,3171.21532755102,2759.01695816327,2271.48065204082,2838.28754183673,2181.59896836735,2314.81192265306,2688.56856326531,2981.50691632653,3493.76092346939,3054.70322755102,2782.36197755102,1727.01744979592,2374.63508020408,2354.66932040816,2287.42904244898,2204.70252142857,2412.68504183673,2145.03273469388,2169.07245714286,2129.08726836735,2327.34704081633,3427.54916530612,3237.08611938775,2656.95300183673,2509.86687346939,2398.7501122449,2308.43348673469,2446.88563979592,3690.17470306123,2982.26461020408,2367.69334183673,2559.41680816327,2266.92287755102,2233.01670714286,2867.75305,2819.08576530612,2507.26548673469,3018.97765918367,2677.60497040816,3016.36440897959,2848.72878571429,2874.57492959184,2068.77168469388,2175.13470693878,2095.53439387755,1862.80024387755,2569.6594877551,2388.53331938776,2127.21972857143,2387.16538265306,3232.73054183673,2748.11023571429,2479.50455816327,2158.51924591837,2459.67764795918,2395.56898469388,2613.25371938776,2394.49721632653,2153.65507755102,2376.06547632653,2436.9353744898,2817.36527959184,2776.03259081633,3340.77771530612,3707.1756277551,2646.08966836735,1945.88221428571,2508.89223979592,2470.67948061225,1895.33120714286,2439.16351306122,2319.59076193878,2741.81733571429,2221.02659918367,2614.93639387755,2925.18565918367,2742.52683979592,2501.09133367347,2757.69702040816,3521.10852142857,3259.55627142857,2882.3177122449,2574.02981122449,3237.54501632653,3047.00848571429,2081.77621955102,2269.00930102041,2273.09426734694,2871.90076938776,2328.67873163265,2251.86061428571,2444.77835204082,2668.00373469388,2200.75901734694,2531.59453571429,2405.42791020408,1911.18917959184,2798.94914285714,2457.99364081633,2684.12423571429,2119.77105714286,2590.28186938776,2673.85433265306,2492.82350204082,2033.99818265306,2255.65387040816,2837.23314285714,2712.09651734694,2820.95529693878,1796.36457244898,2330.4095377551,2359.56233877551,2394.07396020408,2667.19105918367,2303.80369387755,2215.64429795918,2835.68433877551,2881.52234183673,2468.32531326531,1671.27918877551,2267.57867183673,2332.6428755102,2285.15452244898,2104.7447377551,2314.27159897959,2652.58133571429,2310.83119387755,2117.48494581633,2322.60393163265,2098.36438265306,2582.18110102041,2083.53326683674,2679.49275653061,2789.15772857143,2414.97388877551,2455.85100510204,2506.09505510204,2920.20126734694,2746.80499897959,2688.31850306122,2108.36729183673,2679.30787040816,2235.58649489796,2503.09048367347,2350.79331020408,2213.18245,2005.89765816327,2154.11754081633,2161.00144122449,1897.15689489796,3130.02647244898,2448.68884693878,2179.17275510204,2218.21854081633,1825.37114693878,2390.51602969388,2535.30650816327,2564.10201428571,2397.8742222449,2623.02065612245,2785.9989755102,2395.70596387755,1879.81172653061,2191.9050822449,2058.61415714286,2204.96471653061,2525.56611816327,1972.4375355102,2380.18024714286,2951.33365408163,2618.45297346939,2128.8257622449,2529.65419081633,2042.56340306122,2387.07310816326,2495.23330816326,1947.11647979592,1704.83084591837,2809.37872857143,3392.17833877551,3117.53310102041,2382.44381734694,2507.0817177551,3847.78920918367,2864.58255714286,2231.32316836735,2188.0165755102,2182.75314653061,2604.40346530612,2426.84414387755,3045.89878877551,2519.80912857143,2459.81690102041,3097.45223571429,2571.7509255102,2696.62036836735,2398.98183265306,2536.93892959184,2498.59413061224,3119.33761938775,2687.00175102041,3320.17456428571,2741.8679605102,2643.22977959184,3155.19365612245,3042.71118265306,1888.12735510204,2535.45596632653,2966.62253265306,2441.49470816327,2102.52844795918,2512.06424693878,2402.55422040816,2151.14747653061,2239.08278469388,2641.29424693878,3269.35582040816,2012.76079897959,2043.76172653061,2528.10744387755,2253.4103244898,2052.24319285714,2034.67063979592,2436.68480612245,2822.80572857143,2574.68517367347,3093.36267244898,2777.87657581633,2719.12326102041,2583.63266836735,2507.17402857143,2753.56375806122,3030.33763244898,1903.80313867347,2177.97096326531,1965.98178979592,2000.32938673469,1969.48449795918,2468.21335,1916.99856938776,2337.26565714286,2447.3155877551,2464.32289183673,2461.09017959184,2678.25983571429,2532.99609285714,2528.85871428571,2324.15424693878,2203.01521836735,2068.09282857143,2117.70348632653,2537.84183530612,2275.59845193878,2354.05721316327,2359.55493530612,2299.33549969388,2546.46254091837,3783.99048061224,1996.94951244898,3119.21598163265,2538.41011122449,2580.44747653061,2291.40958469388,2324.18523979592,2662.24165816327,2320.00873061225,2648.7511622449,2608.78899081633,1823.44553571429,3059.08756938776,2276.35249387755,2360.31850408163,2347.06711428571,2031.95140306122,2418.20873897959,2896.65418285714,2674.04449591837,2652.61711632653,2741.55650816326,2639.33743367347,3357.47710714286,2493.78382755102,2960.24603979592,2258.37392489796,2398.26974081633,2450.53016836735,3436.59079897959,2053.06156346939,2156.31633163265,1836.4643327551,2528.58443877551,1655.01002857143,2661.59455285714,2501.12173571429,2351.47531530612,2600.50455510204,2442.56576091837,2311.42275408163,2214.84970816327,2299.68691,2223.14291836735,2878.91710714286,3029.50785336735,3549.59435918367,3427.14572142857,2636.58328265306,2586.71951122449,2561.45321122449,2331.86923571429,2472.68310306122,2013.58492959184,2392.04356734694,2356.1361877551,2381.36195714286,2319.42428673469,2356.55646632653,2637.32768469388,2267.43698061224,2413.53400020408,1802.12401836735,2932.48295204082,2698.73031326531,2123.35427040816,2107.91381622449,2588.77839795918,2348.19676428571,3455.61369183673,1762.57858979592,2674.43383163265,2080.03920408163,2323.16838163265,2060.56000938776,2681.7960122449,2323.94010326531,1897.76096020408,1649.83771836735,2277.95846122449,2196.63667032653,2347.78608163265,2344.2765222449,1856.26005836735,2126.81666326531,2530.4094877551,2745.25343061225,2385.29092142857,2550.08009285714,2584.59765,2676.26171632653,2550.63005816327,2443.21937346939,2282.24934183673,2202.82806530612,2208.84334081633,2261.36819367347,2271.3357622449,3285.59807346939,2147.68435816327,2708.83742142857,2272.46835918367,3172.83481530612,2605.90403877551,2868.08648571429,2408.91624489796,3144.47348979592,2528.66912346939,2333.0123122449,2014.32178265306,2612.51436734694,2407.50818163265,2350.94462142857,3184.20499489796,2065.54208163265,2318.87945408163,2343.75237418367,2491.24853244898,1983.31182040816,2115.62659285714,2541.09226632653,2293.97319,2366.98640755102,1913.9688905102,2572.71144693878,2085.3209744898,2842.65669489796,2222.76821122449,2632.17815714286,3766.29807346939,2559.34063255102,2135.58399081633,2179.70563673469,2334.36318673469,2368.45390102041,2099.20842244898,3318.43692102041,2671.97535102041,2488.54575479592,2685.00636091837,2511.55268877551,2237.47097142857,2467.43050204082,2423.43790836735,2410.79331938775,2477.04998571429,2286.53400510204,3143.87326020408,2274.44993571429,2680.26228469388,3067.14849489796,2253.89818979592,2374.78545816327,2503.34069693878,3006.56586122449,2415.52198265306,2684.7121255102,2851.77513367347,2411.49696938776,2319.97063877551,2700.28153367347,2057.22513979592,2727.87515040816,2698.73417142857,2580.78318673469,2129.20149387755,2678.35575510204,2836.13558673469,2067.87041428571,2346.28819897959,2243.33966632653,2704.7543394898,2591.49611734694,3081.38658408163,3021.48459693878,2215.18501632653,2914.15269897959,2493.02646632653,2669.43698877551,2346.86199489796,3392.36466020408,3128.95296734694,3241.89249591837,2207.77224795918,2866.99641734694,2390.20920408163,3146.58254897959,2795.56365408163,3133.0132622449,2508.07359897959,2243.33843673469,2524.87809489796,2483.79001836735,1834.42196122449,2258.2239622449,2499.99679081633,2438.94136326531,2733.64651020408,2277.10479387755,2636.21017857143,3087.31574387755,2520.71761306122,1978.24948979592,3737.18188673469,1948.93453265306,2186.61233816327,2519.06592959184,2611.26498469388,3503.2323622449,2187.54788061224,3198.60879285714,2231.41988408163,3063.0483255102,2758.20378367347,2728.30599693878,2741.26619387755,2475.61452653061,2007.32043673469,1941.68467510204,2105.78402285714,2800.85297857143,2098.48942244898,2021.9761244898,2214.0343244898,2261.84064489796,3174.62924489796,2357.43869081633,2894.08123877551,3107.72589591837,2815.47371326531,2372.02165408163,2970.71953163265,2302.38879693878,2274.85583673469,2140.98780204082,3508.65334285714,1950.30356571429,2117.32928673469,2450.94111428571,2334.02531326531,2910.95763979592,3100.07923469388,3546.31635102041,3140.21736326531,3500.28250306122,2729.32045918367,2961.5297244898,2910.62747244898,2616.19614285714,2847.95632653061,2326.36919489796,2574.80493367347,2391.22550102041,2261.85554183674,2253.82721653061,2425.47941428571,3081.64168877551,2785.64344183673,2497.8974,2528.71266632653,2626.65626326531,2281.41864693878,2499.07998367347,2875.21462959184,2468.78324795918,2198.5684872449,2245.84197142857,2906.56001020408,3020.61737040816,2193.33459183673,2321.67964387755,1968.60442877551,2800.8020377551,2957.55623367347,2728.47321020408,2558.34920204082,2489.67436530612,2881.72356530612,2835.32466938775,2919.73745877551,2684.07515877551,2684.7915122449,2482.93959693878,2490.04141877551,2866.05987857143,3347.79788673469,1926.04890918367,2237.8514877551,2578.7323122449,2811.08954489796,2801.97185612245,2598.49286530612,2580.69500612245,2284.62088938776,2447.55585489796,2118.53736326531,2746.64248673469,2741.01058061225,3149.07520204082,3134.54385918367,2539.5387,2085.52665591837,2546.04754285714,2195.29901979592,2804.21561530612,2653.91418469388,2716.60375102041,2912.13918061225,3411.03207346939,3402.53393877551,3512.95479183674,3112.00267346939,2355.0515,2354.64266632653,2635.07399591837,2620.96831632653,2794.72702142857,2624.58937959184,2727.45734387755,2221.10765408163,2885.10795714286,2097.1145244898,2072.90459489796,1632.65876122449,2100.44170714286,2166.69814285714,2179.61478673469,2461.05510408163,2286.59029077551,2629.25514081633,2543.1511377551,1901.95324591837,2644.41415816327,2975.54739693878,2841.29264081633,2368.63324255102,1690.69686122449,2036.59103265306,2145.58848918367,2614.22390102041,2803.93764897959,2499.70799387755,2890.8869244898,2448.89011632653,2836.9904255102,2318.04445816327,1681.52460877551,2799.97606836735,3028.99955612245,2314.38980653061,2366.48718061225,1941.23080816327,2695.4786,2152.84578469388,3404.83237653061,2790.37879183673,2604.50247142857,2884.9508,2714.3799,2202.2497622449,2390.00674591837,2553.36151632653,2797.8067,2397.87638979592,2606.19889387755,3019.14330918367,2546.42320918367,2771.70107693878,2720.07261673469,2805.34359693878,2137.93677346939,2341.97664795918,2332.0801244898,2550.71418367347,2237.68773979592,2459.11986632653,2746.7704755102,2655.13754693878,2613.34175714286,2503.50666122449,2723.64104795918,2827.3590244898,2753.40783877551,2516.53450918367,2764.75076132653,2407.19835,2357.73484591837,2065.36203989796,2439.14825714286,2697.71438265306,2525.23876326531,2123.7754755102,3467.55392653061,2325.7821255102,2850.40797959184,2818.39549081633,2719.80377653061,2011.42201122449,2648.76669591837,2280.23104387755,2766.9994255102,2212.42811530612,2296.97355612245,2941.10142142857,2261.04182581633,2842.32935918367,2282.31344387755,2764.86130612245,2782.81293061225,2095.56341632653,2256.68232346939,2848.68478673469,2794.15771285714,3311.2667255102,2672.50934183673,2875.21809081633,2253.01983387755,2973.06960408163,2589.29082040816,2456.73057142857,2608.70244387755,2328.00273469388,2539.95416632653,2799.11089387755,2672.33171520408,2226.53137795918,1945.84338061224,2581.6322377551,2572.13871632653,2548.80432959184,1937.03874020408,2501.41733673469,2660.49563061224,3096.20855142857,2612.80057244898,2428.54781938776,2195.5491744898,2501.20402857143,2542.22856428571,2852.18133673469,2139.92359591837,2627.40878877551,3174.10243367347,2786.50477979592,2763.10289591837,2314.22067653061,3140.7916877551,2500.95093489796,2300.65172142857,2119.38701020408,2715.55451530612,2815.44013163265,3074.60860204082,3382.57277040816,2648.50462857143,2674.24883571429,2550.54791734694,2818.16170918367,2599.33246122449,3092.21103979592,2147.87967591837,2103.3071,2449.3207255102,2219.89308673469,2718.77143571429,2760.75350408163,2676.53354408163,2258.22392244898,2408.78979489796,3574.59416938776,3481.91889897959,2351.9500122449,2133.22647857143,3608.10751836735,2861.22093469388,2599.66449693878,1922.83189081633,2844.73255714286,2123.36866530612,2002.28127653061,2036.19005816327,3039.1348622449,2806.61338571429,2613.69125204082,1880.79042204082,2307.07237857143,2240.95115642857,2212.86919285714,2314.9056,2633.17575897959,2477.04356734694,1611.89900306122,2943.80068163265,2314.27200326531,4288.23467755102,3057.44961428571,2869.63726836735,2268.14108367347,2489.87008326531,2955.15897346939,2517.88529183673,2166.16904183673,2027.77610510204,2429.0589244898,2494.57683265306,2456.58790612245,2346.25974489796,2843.77725,3503.89051020408,2784.02785306122,2751.49123877551,2658.65469693878,2199.69579693878,2936.08134693878,3459.48687346939,3327.24421734694,2619.83445367347,1834.16716142857,2384.94950714286,2045.32824591837,2332.46973367347,2079.46825408163,2585.37114387755,2612.65069489796,3547.36601632653,3102.21864081633,2394.04716979592,2301.38651979592,2148.92267428571,2496.19329081633,2519.27534897959,2564.23088673469,1749.04414183673,2326.90358979592,1964.81314387755,2469.04092653061,2146.99524897959,2269.64538979592,2520.07322959184,2595.63931530612,2154.54128469388,2807.62621836735,2338.40674183673,2341.24416734694,2142.66976632653,2456.7572755102,2258.97236326531,2496.89411734694,3234.14124387755,2994.81175408163,2542.31067959184,2419.1783,2511.11502755102,2916.09060163265,2209.98636326531,2882.85113163265,2008.476,2489.75675408163,2449.95789285714,2381.00258061224,2793.0530122449,3173.57025918367,3088.61702040816,4326.72092806123,2750.50981653061,3521.08728163265,2055.24936836735,2253.82311938776,2344.49715306122,2252.2051622449,2795.90467265306,2306.47167755102,2819.60541326531,2418.70961183673,1968.1676755102,2176.85748265306,2449.19892959184,2630.38277653061,2313.16100918367,2516.23470612245,2357.8962377551,3668.37504183674,2505.94270306122,2159.98627653061,2769.25120867347,2425.17179285714,2362.25093061224,2491.36932142857,1606.18198061224,2471.14380306122,2351.67331408163,2715.88887857143,2105.1811122449,2528.60986530612,2294.86386530612,2376.58331632653,2291.23118571429,2298.6590244898,3249.10635816327,2658.22946326531,2291.08704204082,2398.76902959184,1868.25892183673,2603.57468306122,2815.16710816327,2240.59356693878,2866.15710816327,2915.24510408163,2105.57114183673,2225.12088469388,2497.0067877551,2892.98202653061,3008.74302346939,2757.8464255102,2628.72251530612,2738.40420408163,2815.43189693878,1783.31147285714,2670.09629489796,2655.31184897959,2403.85834693878,2311.28648357143,2353.5825144898,2223.31368061224,2633.97676061225,3147.48576632653,2635.59235,3012.16778367347,3209.74315,3772.62652040816,3930.84940510204,2628.2928877551,2728.62914897959,2566.51928346939,2930.1812377551,2318.3779622449,3510.20323877551,2943.06491938776,2484.65295102041,2812.75788367347,2883.09638367347,2533.34648979592,2427.51269234694,2059.72865816327,2442.93916122449,1797.89884183673,1871.30579897959,2455.14500918367,2539.26917857143,1975.69037040816,2585.84666836735,2219.50101428571,2551.0597877551,2406.14855816327,3589.22066836735,2789.34971704082,2095.85253163265,1875.25498020408,2799.8273744898,2533.30141438775,2166.46628846939,2054.27425102041,3017.68218061224,2938.21419489796,3178.55274877551,2691.3078,2107.26720306122,2359.46159285714,2261.0250322449,2869.79220102041,2234.71400306122,2599.20167346939,2295.76299693878,2469.32892142857,2725.16003061225,2490.10058673469,2345.26276428571,2836.89658571429,2055.29100204082,2000.54798183673,2518.9226544898,2626.10920918367,2150.39963265306,2339.95749081633,3229.03500714286,2940.69457959184,2481.71018367347,2593.56218367347,2092.49186530612,2443.34085612245,2565.51720714286,2700.32606938776,3293.93760714286,2286.28222959184,1982.57773102041,2666.97345714286,2937.32307959184,3117.98972244898,2611.40096938776,2944.52405204082,3155.65095102041,2720.10113367347,2445.05830102041,2431.27084387755,2943.92586428571,2973.91141326531,2655.16547142857,2481.10093877551,2093.44768061224,2942.28146020408,2890.02508265306,2991.20840612245,2264.59432244898,2789.60945408163,2514.1370777551,3424.63728673469,2254.25134540816,2578.37360714286,2500.7938744898,3030.21864510204,2339.72430306122,2437.67886122449,2030.78856877551,2090.26886530612,2564.69834938776,2310.81253469388,2705.26310816327,2924.90783469388,1906.63837857143,2226.46919591837,2493.59394183674,2549.90058571429,2029.52146530612,1798.25559326531,2246.29931857143,2154.31833571429,2082.97639040816,2297.60075395918,3203.92726326531,2364.88046020408,2156.80539183673,2270.48613979592,2408.43348877551,2503.21991938776,2324.75415306122,2908.77839795918,2446.81894387755,2689.21127857143,2423.34720816327,2416.91084081633,2745.4528255102,2436.56872653061,2373.78610306122,2612.35753877551,2956.55640204082,2793.75689693878,2775.13541020408,2472.59896326531,2529.46029897959,2658.80748918367,1886.15374918367,1966.63238163265,3092.60756938776,2535.05145306122,3475.03644510204,2698.3389755102,1723.90344489796,2470.60778265306,2573.18136326531,2205.79100918367,2107.21217142857,2523.23681530612,2533.32413673469,2853.72120928572,2586.33064153061,2894.80970714286,2260.15028265306,2434.09196530612,3501.91143163265,3504.79575510204,1896.09503632653,2222.54118979592,2983.26629591837,2344.36219489796,3136.48488265306,2716.09325612245,2297.76871734694,2077.41960510204,2623.5816755102,2704.58437857143,2155.66423061224,3187.46228367347,3498.32999153061,2206.07545,2770.55211428571,2432.29672346939,2376.67545714286,2815.69607755102,3002.70719081633,2516.58790142857,2470.53292,2254.54087755102,2601.75827959184,2818.98353265306,2899.87815816327,2041.91474693878,2343.56290714286,2240.97702928571,2995.25427755102,1926.81140204082,2114.16406428571,2736.80979591837,2539.03064183673,2069.35538571429,3116.0723744898,2061.13570306122,2190.14570102041,2429.60273163265,2341.21893795918,2132.43308979592,2020.83704653061,3355.08375336735,2895.28285102041,2829.48060918367,3079.05027755102,2560.24569489796,2629.66855408163,1611.92577244898,2351.88923061225,2268.83909591837,2298.99453357143,2235.39882653061,2085.79966428571,2443.87222142857,2498.9968744898,2614.60992346939,3136.85454693878,3251.32576632653,2816.39022142857,2852.62203571429,3022.96739285714,2922.81595612245,2617.37673163265,2196.17781836735,3151.6133622449,2020.81263673469,2679.41518265306,2070.30806122449,3006.38717755102,2363.37878571429,2700.65475918367,3072.0211255102,3323.59547979592,2328.88266918367,1877.58724530612,2621.15097816327,2173.15704897959,2223.99668571429,2062.98435204082,2857.11594591837,2629.49701530612,2438.45178571429,2426.56747653061,2383.02105204082,2278.00655612245,2746.0617622449,2152.19286836735,1967.38381428571,2734.73201306122,2404.70064081633,3042.23042040816,2804.08542857143,2971.97948469388,2941.20089693878,2511.4144244898,2094.18892244898,2040.12903469388,2719.3549755102,2038.7541622449,1830.40210714286,2757.75475816327,2825.42362142857,2697.32814387755,2125.72276632653,2745.61399183673,1911.08603102041,2650.29263540816,1968.03966857143,2406.74181734694,1886.64962653061,2543.42004081633,2725.86820204082,2907.59328061224,2531.18161326531,2171.35551938775,2935.47048459184,3257.48392346939,2272.52057857143,2182.76149897959,2293.35852765306,2215.49882755102,2476.07737755102,2441.74509489796,2442.79889329592,2165.94672390816,2702.45495040816,2385.40835510204,2420.39070673469,2702.57839795918,2652.33051938775,2249.98522836735,2917.64414591837,2473.26395510204,2249.08605510204,2740.56716530612,2478.30465408163,2130.47408673469,2623.47941020408,3155.4627255102,2974.14270714286,2501.70703571429,2398.66232653061,2361.32937040816,2503.1040755102,2018.06175306122,1947.81818979592,2687.80222346939,2104.20788979592,2087.3317255102,2163.97118469388,2637.45153265306,2645.41861734694,1930.40895204082,1956.30289183673,2285.90005510204,2112.25210918367,2255.0769877551,2705.2282377551,2835.66239387755,2041.90113877551,1970.25139285714,2060.94736938776,2878.17264081633,2100.59404591837,2899.03769387755,2303.47536510204,2341.8312744898,2225.71331020408,2977.75814489796,2495.78530204082,2413.81997571429,2679.86514897959,2306.14078877551,2327.11035612245,2013.49178744898,2761.48459591837,2160.79980204082,2678.45188979592,2338.5327244898,2609.0778005102,2586.7783877551,2165.69319897959,2078.60077653061,2319.52082142857,2228.75587857143,2228.96498877551,2785.7683622449,2715.47685510204,3048.00558877551,2592.15376428571,2638.78271326531,2398.42777040816,2306.36329285714,2120.13738346939,2691.47591734694,3198.59501938776,2547.4170755102,2432.93192346939,2722.52166877551,1977.26811877551,2902.20124795918,2338.31501204082,2508.7132744898,2938.06975306123,3007.79208969388,2080.24315122449,2795.76385306122,2451.08629795918,2913.88344795918,3562.05524285714,2290.79038163265,2613.26496020408,2019.12515510204,2415.62187959184,2884.32333163265,3335.1799377551,2083.85297040816,2297.17189387755,2365.27081020408,2794.63709081633,2847.24287040816,2192.52076081633,2422.77523877551,2012.56693163265,2013.38824591837,2316.80774612245,1835.01591326531,2070.63032040816,3141.11621163265,2333.76992020408,2785.67219591837,2268.25986938775,2421.75246122449,2982.48503061224,3061.10053673469,2580.55237346939,2583.90125663265,2104.87811938775,2189.80852040816,2547.58588142857,2327.36842346939,2656.12522959184,2699.32529795918,2047.80379183673,2605.3354655102,2713.31030714286,3332.38597142857,2662.00224897959,2129.67143979592,2596.36030408163,1896.50106734694,2186.76023673469,2289.55316122449,2306.11778877551,2391.19639387755,2313.66262061225,3062.42108061224,2562.06339408163,1874.37351897959,3084.46765612245,2247.72550102041,1993.65048469388,2216.51454285714,2121.04920469388,2406.29541857143,2297.13743877551,2557.35445816327,2654.83944081633,2758.60159183673,2367.20616836735,2548.76146020408,2292.36527346939,2333.95863061224,2208.78695816327,2615.77112653061,2011.12069918367,2572.38630204082,2758.15626673469,3011.29465816327,1961.44828469388,2789.89834489796,3141.76284183673,2979.01772959184,2897.10933877551,2323.95336714286,2326.40965918367,2557.53429193878,1910.19450918367,2016.44249479592,2270.35508326531,2225.43746122449,2105.11880346939,2373.53523285714,2108.2609577551,3683.37010102041,3339.11991020408,2478.60182346939,2306.10895714286,2859.66715204082,3167.3996122449,2525.52195816327,2122.20910306122,2501.27063061224,2038.96344693878,2685.95008571429,2227.6550377551,2119.78813571429,2484.29564285714,2714.51187346939,2152.84565244898,2759.55995612245,1993.54625408163,2354.61240816327,2634.55498469388,2417.96976122449,2264.82170918367,1964.76903489796,2611.02156122449,2614.95450102041,2676.94746836735,2626.12199387755,2795.89411877551,2229.48184285714,2683.54455510204,2723.55788571429,2744.65792653061,2278.63200918367,2281.02349897959,2461.78199591837,2323.22378469388,3359.54247040816,2448.18267857143,2835.40264285714,1763.48653061225,2855.32720816327,2733.45451734694,2223.13434285714,2512.9444122449,2572.27021428571,1983.59442244898,2895.16238469388,2775.38233061224,2774.50360204082,2507.13933877551,2571.60036428571,2773.6872244898,1887.52873265306,2316.55895102041,2145.58902040816,2646.91936326531,2543.89611122449,2330.99296734694,2361.40823612245,2219.3256522449,2186.58342244898,2505.3900622449,2231.39265612245,2130.29028326531,2730.92046530612,2684.48552153061,2548.91073877551,2014.49590102041,2140.06479387755,2138.75217673469,2601.3506,2185.11130959184,2491.68697857143,2620.46626122449,2440.24664489796,2742.52690306122,2388.47157755102,2827.80614897959,2238.61321265306,2665.78926632653,3245.32326734694,2930.60192693878,2015.24617040816,2587.63993265306,2151.7615377551,2628.01663061224,2506.36576326531,1852.56044183673,2850.20474693878,2292.56258673469,3222.46867959184,2855.59354387755,2826.86883469388,3176.38450204082,2550.01107142857,2920.14794795918,2609.15860795918,2484.27195510204,1790.7918122449,2919.64207346939,2633.54031469388,2787.78063061224,4104.95633469388,2928.96164285714,3504.71335714286,2658.19195306122,2673.33212244898,2733.42089028571,2546.73794081633,2821.22479795918,2541.90434081633,3310.84646632653,3179.31833877551,2645.77254183673,2869.08234183673,2882.15593877551,2557.40127653061,2629.89325102041,2305.85445102041,1985.87678265306,2250.87752244898,2361.47666734694,2085.89855102041,2636.09601204082,2735.99319285714,2447.01896734694,2881.61360510204,1760.33780408163,2132.09207244898,2460.26125204082,2855.48101316326,1906.68466428571,2114.48134693878,2035.5951755102,2358.2725755102,2079.00973469388,3112.53662377551,3096.22199285714,2074.52653367347,2579.86907346939,2878.27663367347,2144.92268673469,2941.15835714286,2013.4117377551,1861.34966836735,2193.96927040816,2567.66412755102,2417.59817142857,2572.33711020408,2611.93567653061,2766.3112877551,2150.62424183673,2478.28379897959,3089.72515816326,2606.02490918367,2614.17752755102,2697.28574489796,2785.00621122449,1805.95589673469,2730.71426020408,2970.44930306122,2502.11254387755,2628.2946255102,2638.19680408163,2691.3917,2175.50341632653,2493.77736632653,2180.42357346939,2782.01804387755,2560.88101020408,2285.05106020408,2625.75067040816,2583.1231377551,2293.22100714286,2690.33127142857,2669.15742755102,2655.72126938776,3060.52103673469,2359.3783122449,2361.86137755102,2123.32418877551,1898.96602755102,2513.89612653061,2064.1592377551,2482.70626742857,2107.04467806122,2347.38078265306,2672.12460408163,2194.56081938776,2300.88736836735,2368.87511530612,2232.8254477551,2677.02903367347,2176.77106938776,2186.39530204082,2524.88331020408,2555.95500714286,2135.16042653061,2124.67780204082,1930.26359489796,2084.3169122449,2497.38025204082,2050.5051744898,2667.05989918367,2498.44051836735,3080.76289591837,2935.91059183673,2969.84112857143,1740.25043061224,2347.43110408163,1746.44690408163,2051.50210714286,2888.33527857143,2064.11006734694,1592.77475,2786.84750204082,2564.18258163265,2915.78793673469,2706.35928367347,2500.58045408163,3124.9791244898,2298.51898816327,2310.6770877551,2654.92792142857,2431.99743938776,1572.87159183673,3067.66344897959,2807.83227102041,2087.86732102041,2770.01855714286,2094.70961938776,2469.96388163265,1879.12657755102,2312.52278163265,2266.99004489796,2034.63353265306,2575.47256734694,2656.32534387755,2273.324075,2705.25943265306,2217.39277857143,2580.74769285714,2534.6866755102,2358.9676255102,2927.51208877551,3103.93513469388,2668.70454693878,2565.90615612245,2438.48027959184,2981.42857857143,2033.19530714286,2143.07623918367,2154.37446938776,1928.42748469388,2738.91497346939,2377.04255714286,2236.02358979592,1641.17282142857,2150.17817346939,2488.03025816326,2402.54382581633,2486.62459693878,2362.95277244898,2295.7224377551,2276.92194897959,2668.31359795918,2902.93595102041,2376.52066326531,2825.89088265306,2404.12500408163,2726.27675714286,2455.83701020408,2260.93056836735,2723.54686428571,2640.53824897959,2089.91452897959,2793.16958571429,2340.27585816327,2272.55230816327,2129.10164857143,2389.47924897959,2300.63180306122,2602.80486530612,1899.43303265306,2014.63388469388,2417.3900877551,1619.32107959184,2611.96632857143,2569.38965714286,2434.19565765306,2977.47413265306,2884.50871428571,2732.42079591837,2882.96659489796,2838.25239387755,2055.05263571429,2708.0073622449,2354.73970693878,2348.93179897959,2936.37760918367,1857.00002520408,2509.27977755102,3196.53480612245,2557.11550102041,3370.66668877551,3608.19811122449,2740.80746836735,2758.82824795918,2367.56047653061,2298.18817244898,1884.33916530612,2523.04779632653,2646.74259795918,2451.60176326531,2719.44844693878,2569.7417622449,2113.78321591837,2223.06747714286,2735.71278367347,2219.02532040816,2660.11450918367,2086.55101877551,2739.05801020408,2299.93626836735,2984.95873877551,2462.29994459184,2311.13629591837,3212.97299693878,2895.08251122449,2684.96854081633,2419.23318367347,2096.32031428571,2454.37009897959,2108.73351428571,2647.15171734694,3170.08326734694,2764.45295,3089.9183672449,2561.65247755102,2767.13711326531,2306.86547653061,2669.11642857143,2277.65769387755,2810.52369928571,2313.55845030612,2259.3155377551,3454.7936744898,2190.91454183673,2017.62463877551,2305.84645306122,3066.09117040816,1858.01677061224,2370.45099387755,2285.04749489796,2687.68027959184,2549.16827714286,2430.35071132653,1746.74152571429,2176.67179591837,2432.35535714286,2964.43491122449,2955.16170816327,2562.88076428571,3119.25077959184,3065.53047244898,2513.05683469388,2858.60951326531,2345.89546183673,2959.68741734694,2747.19069795918,2408.52421122449,2281.97494183674,2368.61380714286,2546.0497755102,2223.50703571429,2040.78181938776,3005.55107142857,2544.28682040816,2421.60143367347,2560.63825918367,2606.43712653061,1979.44087234694,2268.65934081633,2208.15400612245,1999.05155612245,2476.96205612245,2710.26956897959,2543.14776734694,3032.33949693878,2103.85427785714,2510.12283979592,2998.30523163265,2448.89997244898,2459.52875612245,2025.16954265306,2606.47609,2479.76323571429,2744.34458183673,2944.92401744898,3383.23909693878,2817.79946020408,2876.81726183673,2897.32559183674,2371.88274693878,2295.78935612245,2353.36795306122,2465.10032857143,2306.6572877551,2384.41540612245,2755.67807959184,2215.06624489796,2208.48776142857,2506.06969897959,2118.12452959184,2351.62921326531,2229.15358265306,2608.34627459184,2843.56848061225,2484.05653061224,2130.27844795918,2019.45296632653,3003.9544655102,3320.81887969388,2880.8936555102,2410.45002346939,2152.50822244898,2150.5444877551,1953.70527346939,2343.49616734694,2207.53431734694,2710.53678469388,2914.49283367347,1722.67562734694,2232.05931877551,2269.66893367347,2373.25673673469,2485.66415510204,3107.75350102041,2653.90743877551,2404.75575193878,2085.58419887755,2056.51023673469,2397.06129591837,1673.15620612245,2548.13543061224,2704.2831744898,2349.36798081633,3020.62888571429,1837.12782346939,2667.23599489796,2611.00261122449,2393.96920714286,2598.33689081633,3078.16943979592,1611.71712755102,2070.68342244898,2184.26784420408,2581.13443469388,2651.34605204082,2228.50939285714,2778.6064244898,2471.76802142857,2928.41990540816,2429.18468571429,2782.67875918367,2432.82638367347,2675.74285102041,2315.40134693878,2500.8759
56.0204081632653,2641.30604795918,2476.03624591837,2480.02385102041,2951.67073061224,2706.70129693878,3058.39614489796,2510.65649489796,2228.96010612245,2275.33205918367,2401.30172653061,2901.75417040816,2257.05036326531,2573.05333112245,2418.2734622449,2671.63086020408,2248.29406428571,2468.41540204082,2812.41871020408,2319.34604897959,2998.87566734694,2428.44111326531,2703.93496122449,2574.38516938776,2861.72190816327,3396.26109285714,3016.10391122449,2632.82023469388,1847.18345714286,2784.44253091837,2341.57118367347,1332.94355510204,2008.3689122449,2418.10945408163,2562.34272244898,2718.76985510204,2656.01141836735,2887.37847040816,2582.55803163265,2679.19445,2748.33834183674,3064.71573877551,2706.29242653061,2513.09899663265,3060.37231836735,2982.88189897959,3020.86344693878,2018.57698061224,3025.99796632653,3244.73213673469,2453.13145612245,2178.75122520408,3147.97845204082,3418.23378877551,3036.3521377551,2401.70420918367,2035.52796122449,2830.02405714286,2230.33686530612,2536.79083571429,2561.66902244898,2662.03166326531,2484.5226622449,2787.40686020408,2119.25051428571,2353.49674897959,2677.5079744898,2217.72586326531,2357.6367755102,2529.17695918367,3343.11582142857,3867.56602959184,3144.09569591837,2454.4327,2363.7942244898,2334.7184622449,2342.76995714286,3174.95520612245,2578.09567857143,2866.40101020408,2431.37137959184,2561.64849285714,2199.19024693878,2492.98171122449,2331.07641734694,2908.46613163265,3082.25565102041,2486.8097122449,2430.77969081633,1851.38095102041,3076.82088673469,2602.31904489796,2387.54662816326,2048.07609878571,2252.60768265306,2755.07573979592,2445.44015428571,2312.10865306123,2100.84090306122,2496.53869591837,2245.40581836735,2396.54585918367,2468.77241326531,2268.26459081633,2624.89702755102,2778.02425836735,2571.67979489796,2088.27356530612,2242.85986734694,2487.13944081633,2823.14612857143,2372.4593744898,2492.57801734694,2449.49399183673,1803.79981428571,2684.56018489796,3583.38095714286,2403.5716122449,2461.03272346939,2444.90364795918,2479.69199489796,2873.85992755102,2831.63866428571,2395.22023673469,2395.62807755102,2901.21308785714,2424.53552244898,1988.88917836735,2250.68446744898,2536.94616836735,3079.81977040816,2840.28083673469,3726.22000408163,2482.17422959184,2248.3397794898,2580.96516214286,2196.7250377551,2403.79117857143,3073.12698673469,2659.75947244898,2695.58428163265,2175.57735612245,2424.18214795918,2391.10371122449,2953.7952744898,2636.74764897959,2659.37449285714,2287.38920918367,2277.58230306122,2676.33670816327,2384.15189795918,3009.34395204082,2947.79815,2257.97595918367,2467.06990306122,2203.17596734694,2530.76765816327,2415.53542142857,2679.23756632653,2399.86621408163,2032.27237734694,2530.42311653061,2479.24873265306,1997.96283061224,2894.21746734694,2669.0668122449,2257.0374622449,2142.3628122449,2751.72266938776,2334.72979081633,3303.28048220408,3285.7707755102,3242.6024255102,3941.38446530612,2847.4359755102,2951.36047142857,2848.74345204082,2315.67730408163,2589.11894081633,2213.57426428571,2046.58053561225,2922.5141305102,2067.92657244898,2279.61538163265,3352.38417040816,2858.99684183673,3168.86411428571,2219.16424795918,2736.58218673469,2558.89960714286,2534.33796632653,2440.35753265306,3007.7530755102,2826.68693673469,3177.4592,2155.77521734694,2418.95780204082,2425.13158571429,2649.05576938776,2809.33136428571,2527.78070204082,3042.41237918367,2117.58248571429,2642.52188367347,2685.24645918367,2026.20249183673,2423.14758367347,2506.09655102041,2367.35655102041,2091.25074183673,2755.56968061225,2417.04677653061,2192.61382040816,2473.04680408163,2482.69049489796,2472.61439959184,2616.75540612245,2059.89790714286,3094.93273163265,2807.03662959184,2600.69862653061,1734.49808081633,3284.98846836735,2451.60284489796,1913.28670612245,1974.40881428571,2046.12031428571,2200.25371428571,2750.57083061225,2297.6074622449,2320.21222959184,2491.3901744898,3419.28799795918,2782.29499183673,3096.6862377551,2397.70370714286,2777.67187857143,2710.57445510204,2579.63504795918,1662.33416836735,3211.07271938775,2245.62008061224,2544.86128877551,1729.17989183673,2795.82052142857,2297.52856030612,2041.18478877551,2492.96956530612,2789.69161428571,2144.73098571429,2585.04052071429,2649.63814214286,2872.61478367347,2956.26973673469,3102.06214591837,3007.78483744898,2903.92011836735,2546.90591632653,2886.39367653061,2124.75009897959,2373.53120612245,2824.30316938776,3679.40272653061,3031.06545918367,2733.91664897959,2483.1087877551,2293.7656244898,2974.7546244898,2873.45766122449,2429.58619591837,2333.22493061224,2458.40264132653,2540.77083979592,2436.34398673469,2268.99426530612,2566.54916632653,2020.37113469388,3276.99973367347,3444.36225,2815.86974897959,2944.30049489796,2855.27759795918,3735.20995408163,2919.40770714286,1960.98491969388,2649.31137959184,2439.7972377551,2364.54712857143,2299.226785,2766.59444285714,2591.68698877551,2477.07314081633,2515.3698244898,2590.27710612245,2955.41316122449,2968.05215408163,2147.1509255102,3172.36476938775,2707.92446122449,3139.23695714286,2208.91986428571,2470.40749693878,2085.58759693878,3202.21830510204,2293.19618367347,2234.13681836735,2081.99918193878,2328.23138326531,2131.22789897959,2082.95496632653,2340.83026428571,2165.23630612245,2736.04318469388,2702.47367142857,2109.64440102041,2451.51376540816,2488.5385755102,3166.29012142857,2741.20430408163,2897.59917755102,3173.90296734694,1916.94720510204,2699.67202959184,3148.15956122449,2167.27022959184,2906.62726734694,2806.30162959184,1712.83363367347,2222.69452346939,3171.88078469388,1875.33275816327,2323.71045102041,2949.8566877551,2682.54601122449,2407.85095510204,2296.03813469388,3011.84739693878,3148.10106938776,2414.07293979592,2343.83562826531,2024.94695714286,2548.0591755102,2565.64115510204,2480.61811734694,2279.85943571429,2772.30989387755,2733.45304183673,2345.55959693878,2132.49736836735,2658.93806632653,2818.41323418367,2003.51828265306,2461.3427255102,2200.9516255102,2524.80355,2419.99545816327,2564.98622346939,1812.55515816327,2474.93749591837,2988.19324591837,2882.61466428571,2355.38906836735,2182.6026877551,3245.30014285714,2417.11802959184,2366.80811428571,2253.21182959184,2172.75810102041,1704.71888877551,2367.57153163265,1889.7477,2439.29463061225,2769.0375755102,2123.98410204082,2170.6882122449,2646.69584081633,2677.55883265306,2253.8050244898,2816.7539877551,2656.26813673469,2746.70695714286,2336.2957877551,2325.43846428571,2765.79074285714,2673.10656530612,2229.29354183674,1779.06724183674,2004.89240510204,2518.07418673469,3397.23580816327,2541.35905306122,2627.54394591837,2208.62936734694,2754.16367653061,2385.01623163265,2880.48821530612,2624.50957142857,2762.01474142857,3559.39698571429,2040.39224387755,2167.93712653061,2310.57235102041,2492.99863061225,2300.93772857143,2641.8936255102,2889.56366836735,2550.05525918367,3465.73938673469,2701.38577755102,3117.70232040816,2943.77639795918,2826.83296734694,2824.13477857143,2886.63606938776,3124.96687142857,2425.34705306122,2586.02197959184,2466.85931020408,2328.14020408163,2136.74971336735,2848.96968877551,2939.74034387755,3485.33344897959,2889.49162040816,2865.59358877551,2838.61347959184,2543.72608571429,3277.09938265306,3284.35190816326,2885.85773673469,2826.4353122449,2770.80771530612,2527.65450612245,2880.03768571429,3181.24522857143,4040.19716938775,2084.29327346939,2552.02857040816,2691.2042622449,2527.52513163265,2651.33740204082,2572.18175102041,2505.20138673469,2298.93167040816,2305.09807857143,2233.94301836735,2378.8862744898,1804.07647959184,2604.00982346939,2709.44395918367,2472.12139081633,2125.58856734694,2903.6798377551,2811.92355510204,2629.31537755102,2435.52126734694,2536.38464795918,2138.26498367347,2192.00792244898,2887.62610918367,2987.76346122449,3000.48750408163,1790.00936530612,3284.22192857143,3772.59256122449,2910.38735714286,2423.09693387755,2539.88067142857,2730.66045102041,2707.48199489796,2411.68932653061,2973.88140612245,2225.86046867347,3306.51217346939,2498.93849591837,2757.07384591837,2407.01589387755,2959.45211326531,2151.09387346939,2835.1726755102,3328.80650306122,3061.14490816327,3027.65205918367,3127.41881938775,2493.40962142857,2926.56822765306,2067.95195306122,2622.63068061224,2226.68229897959,3030.16556428571,4217.54325510204,3184.24307755102,2088.32758979592,2482.75740306122,2387.04358061225,2552.81406530612,2654.01917387755,2482.46367959184,2533.21142959184,2612.95448469388,2585.27283673469,2290.00471836735,2307.04595714286,3081.2520122449,2412.05853061225,2208.02749387755,2851.35871938776,2673.52345816327,2588.90170204082,1973.37865510204,2002.40353979592,2662.50877244898,2875.60382346939,2356.55637959184,2597.97830204082,2241.61713367347,2024.97535204082,2607.63867142857,3257.15596122449,2626.13744795918,2373.68868163265,2812.97914081633,2444.95187653061,2385.89755918367,2660.79987653061,2006.39059397959,3282.19912755102,2594.36422653061,2439.57327244898,2305.21303163265,2463.13658061224,2605.25435204082,2492.50586938776,2557.03713163265,2518.68967346939,1787.05188367347,2319.88645612245,2140.74565816327,1705.62549693878,2329.37550102041,2948.49707346939,2514.57697755102,2607.15000306122,2466.47936734694,2383.46550714286,2940.46013979592,3318.8717122449,3549.4185122449,2909.52396581633,2652.40592142857,2648.58467153061,2559.45269795918,2504.74499795918,1678.64055816327,2251.29300816327,2506.96398061224,3116.5758122449,2308.48591938776,2119.27549183674,2026.33261704082,2354.46014081633,2518.42871326531,2927.68725612245,1732.15604010204,2763.08390306122,2565.60836938775,2253.35118571429,2328.80891938775,2271.94264285714,2521.39088571429,2350.14299795918,2818.65172244898,2197.44161530612,2561.3397622449,2519.33055612245,2129.17938877551,2472.03176122449,2057.32978367347,2936.5035255102,3312.3881244898,2186.08121938775,2431.02148673469,2117.92778163265,2463.17265306122,3054.44093877551,3574.95092244898,3679.14204183674,2730.06433673469,2421.02824285714,2854.86010510204,2607.29238877551,2248.77298673469,2219.32157142857,2363.22473061224,3025.80692489796,3029.99888877551,1640.11185612245,3277.34027755102,2701.16664693878,2539.53072857143,1861.62440714286,2529.29680918367,2172.35923979592,2668.60871428571,2489.59602642857,3046.22115510204,2869.04081295918,2060.59377857143,2658.1345622449,2480.19554183674,2616.23496734694,3710.24891734694,2762.9046205102,2656.97578061224,2356.78245612245,2388.71976326531,2788.39472755102,2732.25132346939,3152.64331020408,2759.1725122449,2980.4309877551,3456.21783979592,2865.99335102041,2508.05854183674,3007.66331938776,2226.68374693878,2067.48968571429,2877.8306622449,2984.99785102041,2755.50662346939,2055.28625408163,2600.82965714286,2314.81114489796,2345.49753163265,3020.57149693878,2281.47010816327,2797.15748979592,2579.71782653061,2458.04282857143,2660.39095,2645.91465204082,2874.67628265306,2648.79972857143,2133.72031632653,2265.57103979592,3209.88728367347,3326.25019795918,2379.52302142857,2975.34969693878,2398.97374183673,2494.0295622449,2620.70329897959,1948.20998571429,2483.73821836735,2570.72543877551,2598.64279795918,2582.31883673469,2254.09564183674,2402.16477755102,2438.50564489796,2450.6127377551,2608.05894285714,2714.72532755102,2643.75580071429,3242.34350673469,2509.36834897959,2305.7133255102,2840.83955,2470.73614591837,3408.09376632653,3265.02679387755,2065.32634795918,3032.6515744898,3282.87024285714,3033.55749387755,2954.41290510204,3639.57091020408,3779.03658163265,3060.72244795918,2733.09021020408,3575.21165612245,2384.26339591837,2067.20521020408,2854.4239255102,3024.47795816327,1953.00370408163,2723.9993122449,2547.52402857143,2356.40173265306,1924.78608469388,2600.19375612245,2437.01579489796,2641.10463153061,2313.73504081633,2247.28724081633,2670.81006938775,1944.3278122449,2415.20704285714,2383.42288571429,2388.34763428571,2689.07333571429,2148.80736530612,2586.52919081633,3042.80096020408,3424.37336938776,2287.87602142857,2782.10333367347,3029.05230714286,2798.20725816327,2311.82173571429,2538.32210306122,2696.35456428571,2561.45302755102,2743.93701020408,2470.42601326531,2789.84647040816,2301.68094489796,2238.09188469388,2688.71372244898,3022.20452244898,2902.53951122449,2662.2914877551,2052.64484418367,2803.93548265306,2914.19974795918,3308.69881836735,2485.59008061224,2854.25871122449,2796.75004591837,2582.71525877551,2719.4810622449,2279.03476836735,2291.0918,2204.69395408163,2656.6881,2848.30459387755,2919.06457959184,2916.49774081633,2501.80745612245,2009.95846632653,2657.59765918367,2499.38660408163,2590.50693163265,2165.01423163265,2347.74351938776,2786.87825510204,2816.17675612245,2244.20608877551,2215.57293469388,2539.06951326531,1847.79742755102,3014.96601836735,2920.69938163265,2561.28227346939,3044.03428163265,3084.94552346939,2267.95969489796,3346.65997959184,3187.21304489796,2041.6625244898,3010.00851663265,2411.40582142857,1994.48209081633,2650.65491836735,2448.01810612245,2396.83948979592,1718.96644693878,2359.83480918367,1843.68965408163,1976.13760918367,2077.41080204082,2333.90609806122,2990.78714795918,3235.18079285714,2337.52840765306,2910.61731836735,2880.78573979592,2464.0503877551,2317.55782755102,2758.13017755102,2864.36649897959,2338.22970204082,3079.10234693878,2991.65643979592,2432.79824489796,2880.14841122449,2985.05943673469,2683.36834795918,3280.27347857143,3306.22775510204,2951.71198367347,1871.93623061224,2496.93687653061,2349.9242244898,2470.70462142857,2383.86700204082,2706.09337040816,2922.68883265306,2082.94068061224,2676.21887142857,2808.69860102041,2519.39066020408,2175.78418061225,3425.52596836735,3423.10520612245,2755.01887959184,2120.72471122449,2401.1406,2689.73876836735,2451.3126122449,2364.27404081633,2511.99838877551,2644.7881244898,2375.78549693878,2103.63733469388,2427.88007653061,2886.9475755102,2343.22600918367,2585.37562755102,3050.24338979592,2789.82956530612,3298.98112142857,3711.73827755102,3106.52246795918,2039.84343153061,2507.48933561224,1661.82818367347,2425.49945408163,2531.99506326531,3103.86871020408,1932.92628265306,2782.47009081633,3220.47020306122,2795.12583673469,2912.13590408163,2079.91480561224,2524.71349795918,2520.41612755102,2629.46258877551,2115.93106122449,2171.54517142857,2660.21871836735,3144.96895816327,2797.2388,2261.74541306122,2600.71490244898,2527.91024897959,2273.10574693878,2399.50323979592,2829.30674591837,2664.83351122449,2431.66429693878,2075.80839285714,2733.92139897959,2735.92784285714,2111.09566632653,2533.5996244898,2897.75598469388,2191.40897755102,2717.45171734694,2187.98944183674,2858.91765826531,2559.77600306122,2969.57303061224,2780.76070816327,2436.84151938776,2404.78973673469,2461.78112857143,2440.32411938776,2660.82575102041,3019.9834,2263.60274897959,2638.56960612245,2542.6608755102,2673.65961428572,2979.04027857143,2220.73608979592,1863.60407959184,2714.43426428571,2613.18442653061,2415.11383571429,2609.82045306122,3019.11755,2892.72539387755,2365.17329285714,2454.05291530612,2663.28543265306,2368.68192653061,2542.56358469388,2525.49793265306,1805.91960714286,1954.15929693878,2160.79171367347,1833.51001877551,2538.22140306122,2227.78438061225,2188.55406428571,3854.58695102041,3057.21486938776,2852.04739489796,3018.94483673469,1966.08122755102,3410.27659693878,2482.95572653061,2558.17743571429,3115.04099693878,2644.05189387755,2264.50599591837,3052.30891020408,2431.56557959184,2540.12768979592,2465.00521734694,2217.32904387755,2464.16819285714,2644.06159285714,2657.90938469388,3162.7927,2962.31702653061,2801.65041122449,3213.94023673469,3130.27557653061,3405.5868122449,2298.59834387755,2346.18623061224,2392.74247653061,2422.0926122449,2733.25903469388,2937.10161632653,2380.79049693878,3053.10961632653,2577.37768877551,2268.28452244898,2891.08295306122,2227.86991734694,2351.60578673469,1930.2104122449,2409.72436020408,2127.01965408163,2733.75865408163,2392.23081530612,2688.13505714286,2192.88184387755,1850.06044897959,2224.59930714286,2744.92134183673,2630.17258673469,2106.49645816327,2027.16000204082,2337.30760306122,2417.23824795918,2667.77460306122,2779.38051122449,2711.87608469388,3302.98745612245,2375.9292377551,2036.37149183674,3637.48716122449,3227.96178877551,2502.04928367347,3014.54525918367,2707.27069795918,2485.34297061224,2668.68604489796,2213.16438265306,2050.12002142857,2380.85764795918,2893.25165918367,2696.65792346939,2572.79952142857,2319.08562244898,1922.2714755102,2599.41468571429,2860.51167857143,3096.76817142857,2564.26642346939,2553.93028265306,2444.27602959184,2491.81487653061,2836.61564591837,3016.63745306122,2208.19230816327,2308.57334387755,2233.45535408163,2869.81160612245,2616.41842346939,3177.8004244898,2794.84163469388,3466.15149489796,2620.78396530612,2795.51672142857,2507.7482244898,2435.79804693878,2734.24294795918,2435.87025816327,3371.50052755102,2435.53587959184,2466.49221346939,2412.86125,2677.15944897959,2551.44717346939,2247.26140204082,2275.21068265306,2413.86072857143,2429.46038163265,3437.77285204082,2551.46054897959,2226.01187346939,2325.97711428571,2560.408,2801.2557255102,2454.06488367347,2814.8314755102,1921.7951377551,2601.12077346939,2407.9695377551,2581.96716908163,2545.66097959184,2978.87150816327,2440.17555612245,3390.84997346939,2739.68867653061,2954.11222755102,2481.54430204082,1977.66708163265,2727.78465204082,2570.16891938776,2305.45028469388,2281.97677040816,2442.42394693878,1904.35626734694,2207.95913367347,1684.1090755102,2486.09527346939,2609.26680122449,2074.61202755102,2401.74621836735,2312.55027755102,2298.53261326531,1985.51764438776,2101.77377040816,2475.67787142857,2965.16858061225,2446.10431020408,2300.03295,2247.62642959184,2565.48651357143,2845.3224377551,2954.10435102041,2320.36572346939,1976.45742959184,2737.32592244898,2686.19894183673,2848.55722346939,2490.64600918367,2296.93666836735,2213.72960510204,3206.04236836735,2670.56529897959,2335.06254387755,1667.73341020408,1685.73474795918,2669.63293367347,2169.91629693878,2885.08544795918,3144.50669387755,2899.72075510204,2687.6055,2505.50129081633,2877.98800510204,2138.2576255102,3434.31295714286,2448.25856122449,2721.38789285714,2941.94630510204,2390.94034683673,2002.3994455102,2344.00160612245,2914.41635102041,2471.36258061225,2148.73275204082,2212.10488265306,2601.79837244898,2633.73421632653,2751.98604489796,2662.05781836735,2843.10062857143,2532.5070244898,2583.50843469388,2832.53667142857,2637.73518265306,2739.85193061224,2668.8729,2022.57294795918,2686.51652755102,2277.9952244898,3160.4678255102,2092.03377408163,2053.89955765306,2750.86974897959,2362.26810612245,1758.56160714286,1798.98498571429,2568.06972857143,3077.81162653061,2426.2059494898,2624.84559591837,2953.64757244898,2407.60562857143,2035.80416938775,3326.98955102041,2224.92110408163,1978.53605714286,2638.88970714286,1884.17602653061,2032.40837959184,2469.71058571429,2680.59103163265,2948.31736122449,3043.8870622449,2566.0947255102,2258.03305714286,2503.20655,2490.46563816327,3079.60907755102,3083.81352346939,1803.43025612245,2189.48874387755,1838.03432346939,2305.19454489796,1719.88239489796,2520.63578469388,2434.28553163265,3072.3113744898,2117.32863877551,2576.53164081633,2134.86991428571,2404.02076530612,2113.70598357143,2800.31398061224,2477.51474795918,2635.70489081633,3131.48474489796,3073.68346836735,2508.33332142857,2297.48304285714,2383.39743193878,2063.17699489796,2707.07660612245,2570.46773928571,2231.36687346939,2889.00182346939,2526.39570612245,3113.62973673469,2413.45830408163,2059.01372755102,2513.61370204082,3329.61096020408,2503.83308979592,2333.02770918367,2495.65865510204,2582.28268979592,2116.02848367347,2437.37584183673,2369.10745102041,2027.63571836735,2544.02837857143,2405.79983571429,2290.95156632653,1979.18946326531,2435.14318265306,1994.05136836735,2103.30888877551,2642.4381122449,2144.14366326531,2593.55752857143,2534.39148163265,2132.6202744898,2552.25160510204,2692.49085714286,3071.93256632653,3029.4548755102,2031.32672020408,2750.05219591837,2575.80502959184,2810.86124387755,3270.82970918367,3219.7645244898,2848.79173295918,3249.66148163265,2616.99016632653,3496.67525306122,2332.65553877551,2626.93230102041,1941.34155102041,2534.06883367347,2694.70126122449,2939.27389693878,2458.06974387755,3132.01615,2543.7807622449,2621.0806744898,3223.10621836735,3580.51270102041,3159.59287346939,2596.50155,2357.94276020408,2124.10217857143,2435.44130204082,3275.25716122449,2305.42477244898,2574.2633,2276.12172653061,2881.98258469388,2883.25248061225,3317.15121836735,2728.28178469388,2426.35152857143,1739.39533163265,2332.25259489796,2389.53989081633,3015.5817744898,2299.6332255102,2078.02660918367,2204.1249,3172.16003979592,3097.26855918367,2373.02584183673,2331.54085816327,2667.82940204082,2625.83253877551,2391.0723744898,2174.75104693878,1608.17275918367,1896.7970377551,2667.18997244898,2306.26353571429,2412.92149591837,2591.32307877551,2711.40108846939,2700.3145244898,2915.27955102041,2829.54007142857,2462.81259285714,2306.6585355102,2149.0329622449,2751.16974285714,2366.78752653061,2630.5679122449,2277.49053163265,2365.7207377551,2514.39637704082,2471.95969591837,2480.17569591837,2351.89525612245,2167.30080612245,2148.91701938776,2608.55922653061,2810.76593163265,1977.62313459184,2367.6158744898,2086.88478163265,2081.37487959184,2643.93382653061,2615.90385612245,2260.00436734694,2278.89341020408,2280.31342857143,2859.48071938776,2417.72346122449,2791.94985918367,3288.59937244898,3679.36242346939,2503.75236734694,2604.10395918367,2250.76486632653,2616.60285408163,2465.98864897959,2566.41392244898,2457.48190306122,3038.62935918367,2557.60496530612,2620.71033469388,3045.478425,2830.49498265306,2610.88913163265,2453.54138571429,1962.50994183673,2753.54455520408,2705.48034438775,2738.24204397959,2462.13525,2753.70929755102,2769.64311020408,1825.82715918367,2959.49981938775,2631.08448979592,2311.34456020408,2397.73959489796,2014.52760102041,2220.24921122449,1838.68321326531,2563.23967244898,2574.99085918367,2810.01374285714,2645.40450816327,2592.98310408163,2569.99855102041,2379.60006428571,2454.80709285714,3164.57025102041,2071.8375244898,2430.72412377551,2385.58811938775,2690.56683367347,2405.70662428571,2776.48942244898,2663.19833367347,2794.77685102041,1869.0165877551,2420.3608,3478.38221020408,2843.97056326531,3373.42181428571,3596.19264520408,2495.28258163265,2573.75381836735,2886.06805306122,2999.23083061224,3124.97165,3164.31205510204,3808.55666530612,2796.95926428571,2806.81214387755,1891.56732142857,2471.12115153061,2717.04231122449,2812.43665510204,3085.9077877551,3351.61611867347,2669.86480510204,2540.68516244898,2060.3533977551,1932.42005102041,1868.63725306122,3022.51596122449,2383.86431530612,2702.32623877551,2862.14911632653,2447.85785408163,2252.21973979592,2439.43652959184,2371.29468061224,2057.17680510204,1898.10602040816,2230.0764877551,2326.80297857143,3287.8667244898,2349.81310306122,2127.16868265306,3057.17320714286,2613.48467959184,1676.51020408163,3062.4189877551,2581.70887857143,2301.8803877551,2400.51500816327,2966.61060816327,2172.58852040816,2502.38566326531,2830.63997193878,2897.51413469388,2539.64421122449,2756.79716765306,2470.71376938776,2643.94654489796,2156.97747244898,2431.52779081633,3077.43138877551,1922.79148469388,2303.86700102041,2831.20023265306,3182.33793163265,2478.92736020408,2008.37789826531,2414.15667653061,2290.04207755102,1859.99548979592,3011.70665102041,2645.18841836735,2343.54439591837,2560.87290510204,3187.52675306122,2198.20826836735,3553.00032438776,2371.12215918367,2204.87889387755,2071.18939591837,2601.63748265306,2591.44341836735,2721.07436734694,2975.08156734694,2347.89124387755,2584.40665204082,2776.80241428571,2893.27720612245,2541.15618673469,2668.81544693878,2861.88760204082,2549.6130622449,2711.12214489796,2321.78189693878,3331.28445816327,2445.64177244898,2212.46101734694,2405.8936255102,3334.47933367347,2054.27180102041,2406.64614183673,2382.16878367347,1958.31743367347,2707.70490204082,2618.32624489796,2170.67512653061,2661.2622244898,2728.79316612245,2179.06203673469,1737.72423469388,3247.86471122449,3022.43195816327,2435.72285102041,2529.4243622449,2171.97801836735,2327.64918877551,2918.26111530612,3312.10816428571,2131.86993673469,2335.66339081633,3471.77795846939,2818.40279693878,2814.14848469388,1918.29435,3106.32865102041,3539.57716428571,3075.08975306122,3073.87034591837,2420.42504183673,2326.91996938776,2420.8515,2409.51926020408,2734.32741326531,2576.80016734694,2598.81363061225,2135.63983367347,1679.82414591837,2278.53295357143,2301.15985918367,2190.6014877551,2371.88199183673,2626.68993571429,2847.38460918367,2866.96702346939,2483.63684387755,3346.5666,2429.21215102041,2436.1237744898,2228.43562346939,2870.18432142857,2569.4475622449,2567.58360714286,2589.7079244898,2846.09845,2589.62965204082,2584.57476734694,2525.2358755102,2730.39995530612,2630.66893265306,3419.58885826531,2817.49221112245,2379.63904795918,2328.43056734694,2569.10327244898,2829.02214591837,3069.19410408163,3095.27404285714,3074.64149693878,2358.27708571429,2757.12895510204,2490.4205122449,2713.79068469388,2767.49877959184,2406.83357857143,2806.35835612245,2681.70675816327,2529.6974244898,2534.32073571429,3298.24215510204,3174.21298367347,2611.52085102041,2666.52472755102,2611.16052653061,1920.10091734694,2599.60116938775,1684.79561836735,2279.77046632653,2417.43600816327,2353.56612857143,2957.21555,3026.60547959184,1753.52567346939,2498.49315612245,2414.53951428571,2194.92989183673,2836.08510918367,2627.54713877551,2366.54931428571,2436.84253265306,2622.85518061224,2563.13919081633,2740.38191632653,3117.79454591837,2946.14153061225,2896.90307040816,2872.59122040816,2656.0019744898,2695.54804693878,2265.37180816327,2547.61791020408,2355.06888061224,2058.63545408163,2457.07220306122,2325.9511244898,2208.90859081633,2528.91183673469,2905.57159489796,2555.81769285714,3001.38224285714,3200.72076326531,3664.90972755102,2833.56922653061,2575.51916020408,2921.28969693878,2386.24093877551,2054.52469795918,3179.8031755102,2963.19189591837,2899.97651734694,2983.06925244898,2340.5980755102,2590.80280918367,2729.83218673469,2457.84350714286,2160.18931836735,3094.24024285714,2723.49526020408,3018.52620612245,2938.55065102041,3183.13989897959,2441.67220918367,2295.33823265306,2596.68043979592,2584.19553163265,2303.7750377551,2608.80238877551,2832.75022346939,2651.72164081633,2239.52309591837,2874.30585204082,2877.4459755102,2597.61130918367,2554.24960408163,2592.66216122449,2579.44961326531,2398.02805612245,2373.24464489796,2026.33842857143,2819.78672857143,2688.1852622449,1953.17795,2414.1383122449,2204.96563295918,3170.82737755102,2068.24815204082,2339.2178755102,2765.27877653061,2925.72412836735,2361.88118367347,2884.98409387755,2922.67744081633,2936.49640612245,2920.98986836735,1773.44150510204,2425.16146632653,2142.26795918367,2658.61791122449,2624.91480918367,2203.48623265306,1906.32123061225,3101.58179693877,2308.17785306122,2230.32558061224,2468.16058469388,2650.59357959184,2999.99590204082,2335.4719744898,2310.41150816327,2059.75502142857,2240.85701938775,2675.0019622449,2410.65930204082,2334.77554081633,2251.70555,2665.32395204082,2426.4386377551,2780.56430622449,2336.8473755102,2820.93189897959,3099.3848255102,2701.09554795918,2260.44259081633,2766.84707755102,2567.60354795918,2544.4393,2297.55899479592,2893.68034489796,2725.73275102041,2129.00984591837,2456.61925816327,2219.96567959184,2119.80653163265,2495.83291734694,2538.03032755102,2580.81157244898,2371.76852061225,2614.25760612245,2137.7088622449,2539.95864489796,2403.49288571429,2257.43480102041,3359.45526632653,3099.9459377551,2639.80868979592,3259.86287244898,2506.24621020408,2464.64319795918,2345.40302040816,3288.81220306122,2967.7763,2006.87808877551,3000.65472755102,2892.18352010204,2985.26226836735,2408.89013163265,2846.00030408163,2669.91559489796,2775.52263265306,3258.04931734694,2919.43405918367,2471.05657142857,2598.15064387755,2217.49682040816,1913.59275408163,3019.90914081633,2078.87838571429,2349.31367142857,2394.96407040816,2367.7781122449,2660.98365408163,2366.87618571429,2061.85265826531,2819.78541020408,3346.10223416326,3825.42571632653,3042.50376193878,2656.39654489796,2366.15820102041,2565.50643163265,2665.38005306122,2397.86592040816,2619.32152653061,3065.37986938776,2600.23412142857,2009.85821836735,2491.15665,2325.56225816327,2130.8407244898,2065.89409897959,2927.15432142857,2955.90042653061,2327.46373571429,2275.80199183673,2704.20308265306,2433.03793571429,2352.49735510204,2717.72588469388,2438.89106979592,2642.5369,2909.35143469388,2658.71496734694,2960.62818367347,2753.4813755102,2797.96302857143,2913.62420918367,2439.39679795918,2321.14942040816,2205.24224693878,2346.38223979592,2308.22765204082,3438.58844897959,2886.19865816327,2115.86656938776,2405.58775,2554.15420408163,1994.11242346939,2190.43815612245,2187.94848367347,2367.56338877551,4048.60592653061,1627.72602040816,2391.17431734694,2172.53507653061,2932.89842959184,2914.77154081633,2277.90978877551,2609.02178877551,2624.17292142857,2665.51400204082,2198.10698877551,2309.92292244898,2860.50595408163,3078.04352142857,2513.98640816327,2925.67138469388,3389.6907877551,2216.10316428571,2909.2745755102,2766.34942244898,3177.41393673469,2584.44894479592,2491.54932142857,2134.98669591837,1846.92442959184,2790.28794489796,3049.20492142857,2636.14964795918,2292.46475816327,2707.68810816327,2840.48245918367,2923.11987653061,2615.76307653061,2153.46438877551,2446.20943061224,2669.59971530612,2544.09947142857,2806.79736734694,2562.31740714286,2632.12312346939,2637.31203367347,2542.9710255102,2201.49491428571,2358.59201428571,2627.33351020408,2560.21095510204,2937.78968571429,2434.89885204082,2354.8583,3107.59528265306,2718.436,2328.43671632653,2568.34114489796,2581.48878061224,3473.50265,2296.9503622449,2512.36612244898,2984.10044387755,2422.85971938775,2817.69885438776,2378.67581326531,2111.35860510204,2459.07410306123,2090.39545102041,3061.85921326531,3125.67294489796,2517.60386897959,2223.89151836735,2223.68178979592,2423.22955306122,2234.69849693878,2586.28318367347,2792.57959795918,3018.29148571429,3210.0736744898,2571.90110408163,2729.54703673469,2764.50178979592,2988.81482959184,2545.63102755102,3117.54122959184,3083.0884622449,3017.47317040816,2375.64358673469,2838.78266326531,3264.25521836735,2887.28365204082,2236.8181877551,2268.25003571429,2674.76489897959,2396.88646734694,2226.10533061224,2295.98295,2200.64241530612,2242.05794183673,2362.84581530612,2624.60731734694,2457.7176,2942.27614591837,2311.40152346939,2353.6032244898,2294.64420306122,2498.07051020408,2923.58406938776,2249.54213571429,2119.97249387755,3058.38249489796,2483.09900714286,2657.07970612245,2404.4258755102,2616.53456938776,2490.95722959184,2516.44830306122,2545.01594795918,2370.85644387755,2516.02826020408,2664.69068877551,2093.57282244898,2780.74022653061,2416.65895612245,1988.05758367347,3326.07617346939,2658.6573744898,2241.80208785714,2305.8946622449,2369.70717857143,2192.82452959184,1786.67131938776,1645.8028,2404.31415306122,2502.87206938776,2913.59828061224,2878.58453571429,1888.87218544898,2039.60424897959,2235.58333265306,2398.83059081633,2601.09576428571,2269.19360510204,2212.86637959184,2443.69566632653,1964.12249387755,2315.51259387755,2152.58897040816,2474.79541632653,2311.36614897959,2079.98813877551,1990.83833367347,2178.67104285714,2168.41776122449,2642.77700714286,3020.80013979592,2940.87683673469,3225.1157122449,2692.08767755102,2451.92329897959,2442.62113673469,2905.89092244898,2959.80662653061,3152.33666326531,2394.5637927551,3194.7556244898,2875.56203979592,2091.09053673469,3634.46369183674,3108.67759387755,2558.92372755102,2437.3077755102,2458.75905612245,2093.54474897959,2617.3681877551,2259.19713265306,2370.30935408163,2543.99221326531,3388.0948255102,1892.35562653061,2550.61822857143,3011.76841122449,2074.54528265306,2580.70063877551,2649.29666938776,2886.69498979592,2753.46536020408,2529.88956326531,2611.55354081633,2488.66604693878,2590.25415816327,2173.5128622449,2303.68766530612,3276.11391530612,2458.19856326531,2569.00822755102,2679.22077132653,3101.07859642857,2384.95253571429,3256.08320612245,2725.23049591837,2495.9197,2057.0901377551,2921.76505510204,2924.48322857143,2678.74103571429,2472.09021530612,1996.96025204082,2638.77873673469,2275.1156744898,2758.1895755102,3321.96461020408,2830.74759183673,2706.06582959184,2584.9096,2795.11947755102,2203.09517653061,2029.62130714286,2688.64719081633,2843.93467040816,3293.09752142857,2475.35557959184,2955.16726326531,2164.21899755102,2428.53803979592,2256.50696836735,3541.4767877551,2994.31598673469,2853.47097142857,2610.30783367347,2454.49856122449,2283.61399693878,2685.31597040816,2149.06579795918,3563.52171326531,3060.61746632653,2686.96518469388,2746.86005918367,2764.38820653061,2342.23407142857,2625.70173367347,3418.83634693878,2119.96955816326,2371.67530204082,3394.3117,2641.65251632653,2451.30887346939,2782.81564591837,2114.35482346939,2964.69706428571,2747.13708979592,4187.37210918367,2832.51363571429,3500.95610918367,3201.79245204082,2485.57465510204,2207.56000408163,2399.09955204082,2719.40858571429,2678.63888979592,2115.63464489796,2575.19416122449,3213.89620816327,3362.02728979592,3100.60971734694,2714.9389622449,2554.5144244898,2350.49845612245,2817.37617908163,2677.52562959184,2402.4738255102,2451.86405204082,2466.93258163265,2448.34949489796,2448.11294408163,2424.31005887755,2909.45935918367,2182.18135408163,2243.5592377551,2324.69869591837,2688.9632377551,2040.95775714286,2863.93933673469,2474.09931938775,2041.51865918367,2997.54027040816,2423.82867346939,3358.61386428571,2673.13623163265,3058.96025306122,2733.61161428571,2190.85526938776,2820.55120204082,2664.79702142857,2688.36415816327,2583.83425918367,2475.55965102041,2660.65472653061,2170.61216530612,2798.23289285714,2597.57116836735,2474.7244122449,2323.09545,2749.24375816327,2374.85641326531,2759.69318571429,2663.73154765306,2935.17693163265,2987.01499183673,3611.6548,3085.09702959184,2643.59646428571,1984.97176530612,2518.89331020408,2246.63866020408,3120.05836020408,2309.39482142857,2474.75118061225,2349.02704183673,2736.57989489796,1670.88279489796,2604.68686020408,2202.56572346939,2916.51740408163,2429.15451938776,2277.35187693878,2119.8584744898,2699.76913877551,2410.75816020408,2555.59517755102,2606.55348367347,2501.16794591837,2510.39576938776,2625.56084081633,2951.83082959184,2214.59527653061,2887.30884285714,2980.38132346939,3354.90764795918,2744.24798061224,2662.9668,2951.69744693878,2114.92012959184,2923.73884183673,2976.3252,2594.99975081633,3372.40867244898,2114.89463265306,2386.75052142857,2262.20917142857,2281.63988163265,2107.54806836735,1987.27360816327,2877.43143367347,2445.6688877551,4206.02767755102,3193.38754897959,3180.18447755102,3407.75382142857,2422.5850744898,2634.04508938776,2489.43632653061,2308.28866326531,2945.93843010204,2565.68120265306,3329.75892755102,3132.43326428571,2820.83239387755,2136.51808673469,3106.89649081633,2343.5884877551,2761.94323102041,3154.90811428571,3957.22273979592,2537.22090306122,2441.98290408163,2744.31606326531,3231.9525255102,2513.7939,2505.40471428571,2416.83208367347,2699.41594387755,2803.39194693878,2721.21614081633,2421.21216734694,2478.7973622449,2780.72822040816,2137.40771938776,1941.35302142857,2215.53255418367,2494.04422857143,2503.70834693878,2102.2597255102,2471.13403979592,2298.20540928571,3198.59955459184,2443.75864795918,2300.22550714286,2801.03429489796,2465.37635102041,2297.85740510204,2747.87180510204,3877.19875,3045.72185306123,3222.95222959184,2675.16220102041,2745.88784183673,2804.81151938776,2673.82269795918,2081.75836632653,2087.22703571429,2789.60510204082,2863.00496020408,2608.33800612245,3457.27633163265,3121.12689183673,2625.51240918367,2157.9572877551,2684.79752244898,2573.22149693878,2590.63995714286,2789.52634387755,1956.91408163265,2370.05214591837,2342.58982857143,2877.67074897959,2997.79373265306,2490.38219489796,2172.03105306122,1832.16825612245,2588.08197346939,3092.27668163265,3043.16598469388,2013.88099795918,2407.81216020408,2741.53849081633,2979.47239183673,2055.77834489796,2546.15028469388,2341.79573979592,2899.68953469388,2508.60458571429,2327.75121632653,2795.13378979592,2741.03435612245,2344.76508367347,1903.52209081633,2668.40844897959,3008.36973367347,3276.70940714286,2481.14201326531,2763.47498877551,2273.7603622449,2767.3348244898,2288.87394897959,1980.19789489796,2223.08176020408,2489.48086020408,2690.01718061225,2734.15785,2479.3219122449,2567.47897755102,2792.19227244898,2777.93358367347,2495.90856428571,2588.62168673469,2051.91645510204,2238.96951938776,2174.70738163265,2235.37316836735,2611.46265714286,2849.25326632653,2890.40754285714,2784.05336632653,2806.73395510204,3291.80177142857,2831.00320908163,2741.14802959184,2866.29744183674,2728.26360408163,2933.3172122449,2623.51466122449,2621.87084591837,2682.12399183674,2388.88985918367,3261.01119489796,2485.58180918367,1967.76110918367,2783.13558163265,2970.91715918367,2416.23553673469,2839.92549591837,2268.56312857143,2647.81816428571,2461.42419081633,3322.77721020408,2775.21693367347,1966.26786020408,2557.19958163265,3167.28721938776,2833.54039183674,3187.87558061225,2379.49939183673,2684.46355306122,2512.90350408163,2645.70047857143,2217.56641938776,2517.47598265306,2737.62208265306,2441.80539693878,2483.61499693878,2118.80793571429,2704.0580744898,2112.52768061225,2286.76556020408,2405.81767244898,2412.6183755102,2017.06738265306,1501.48344081633,2573.67392530612,2202.04064765306,2129.16103591837,2611.63995642857,2690.67400510204,2587.2026622449,1940.03173571429,2486.06455918367,2440.31267959184,2517.75020306122,2606.80813163265,2496.75829795918,3660.55860336735,2946.4589255102,2891.79872346939,2561.72104877551,2409.26863061225,1720.80421632653,2772.47596020408,2707.65878571429,2545.49144183673,2763.47587142857,2536.93132142857,2688.44779765306,2546.16045408163,2497.88265714286,2722.0468244898,2181.60089183673,2701.57539897959,2372.55305612245,2724.47110306122,2535.53684591837,2759.09752755102,2875.87437755102,2389.67756836735,2261.20021836735,2281.90035826531,1809.99272346939,2898.49877142857,2384.13716836735,2338.77376122449,2918.42829387755,3374.85827959184,2502.77427653061,2282.36084081633,3486.52953163265,2865.05812040816,3040.07213877551,2842.74233734694,3266.91847755102,2735.03865918367,2319.05636530612,3111.79006122449,3150.53379183673,3082.0959744898,3062.90752653061,3118.82119693878,2526.44264693878,2503.58684387755,2723.58385,1920.13034795918,2544.64771020408,2567.31333163265,2235.02470510204,2041.49586326531,2907.35868061225,3151.85974183673,2332.26167653061,2614.69120102041,2870.8528377551,1844.51900204082,2997.21467959184,2818.79118979592,3371.73893469388,2725.01754693878,2193.67916530612,2117.97192346939,2512.76670408163,1285.25889387755,2722.13155102041,2588.70030612245,2460.37071122449,2190.82714489796,2346.94617755102,3349.89564387755,2798.50719387755,2213.34849387755,3839.04602244898,3117.11209183674,1859.61229081633,2090.60951734694,1942.86414387755,2132.40731326531,1775.08160306122,2483.8531122449,2693.0721255102,2696.06838571429,2626.56841428571,2723.32993367347,2097.06440510204,2321.14512857143,2518.48418673469,2729.18190510204,2357.34993163265,3043.99073163265,2636.72559489796,2569.54557755102,2671.29938163265,2494.2207744898,2296.92138428571,2416.96203061225,2258.55548265306,2010.61222959184,2209.99222244898,3314.69172857143,2534.28838877551,1988.14964285714,2566.09156020408,3098.07298469388,2570.02133163265,3818.08154489796,3180.40214081633,2873.84806459184,2751.38676122449,2687.30064897959,2885.91956887755,2921.23051326531,3254.36301938776,2764.1706744898,2167.42991326531,2039.75019387755,2402.98839693878,2284.76516734694,1905.83690408163,2395.77157244898,2021.48825714286,2103.11351836735,2998.1897377551,2942.57705510204,1792.28300744898,2697.6060244898,2662.36357857143,2470.47164081633,2364.44302142857,2675.44853163265,3378.82952142857,2558.1540744898,2607.1781705102,2602.09324591837,2996.41720714286,2662.68194897959,2471.22581734694,2110.57832244898,2572.83314387755,2674.7041744898,2659.5458377551,2279.72587959184,3215.17064489796,2619.16527755102,2862.56968571429,1865.56231734694,2437.75252346939,2248.74444081633,2291.75165816327,2890.29760714286,2305.68455918367,2740.40635,2428.18061530612,2609.9569244898,2438.58102040816,2495.38472653061,2883.28367857143,2275.62157040816,2260.23873377551,2328.38315,2301.27033571429,2342.49454489796,2854.43270612245,2464.47833265306,2282.65123979592,2302.2613,2982.73091479592,2898.16536428571,2325.64404387755,2900.23164081633,2389.76090816327,2390.91451530612,2236.11680918367,2476.39282653061,2659.33559693878,2810.79838571429,2506.31265,2692.06704081633,2724.16301326531,2828.44699489796,2640.33638367347,2526.79492653061,2001.45045816327,2505.78183877551,2121.90982346939,2474.21958265306,2390.41953265306,2258.1783122449,3040.38963673469,2973.53580408163,3721.86964387755,2685.2488255102,2825.59017040816,3504.98134897959,2033.81401530612,2188.28950204082,2066.22737653061,2403.89335510204,2161.51951020408,2567.36893673469,1747.6073377551,2343.62811142857,2688.90069489796,2859.06286020408,3497.36476734694,2937.41964387755,2393.9701877551,3392.10771734694,3060.58128469388,2968.61194285714,3025.9484255102,2311.99568806122,2200.84546734694,2273.57126938776,2305.41590102041,2752.41434285714,2742.48467959184,3121.72086020408,2979.63484285714,2968.43450306122,2947.32995918367,2609.44213265306,2976.42356632653,2449.32633979592,2139.55589285714,2637.87750612245,2278.84028571429,2705.74541734694,2795.33832346939,2393.6306122449,3401.31805918367,2756.19569183673,2248.57949693878,2222.34309693878,3632.94960102041,3027.34793877551,2954.09992142857,2813.19665612245,2287.01346734694,2631.45316428572,2196.1584622449,2855.48826122449,3122.25815408163,2319.40363979592,2045.23777244898,2883.32282959184,2220.30848265306,2665.79035714286,2994.73367040816,3276.44593877551,2707.25645,2320.06240306122,2429.27746530612,2238.44375,2265.77260602041,2432.78775714286,3031.32481530612,2958.74091326531,2452.2437122449,2512.29177653061,2701.99913979592,2074.68717908163,2485.42806938776,2938.11473367347,2570.05145918367,2482.16855,2235.1497,3142.13278571429,2806.78108571429,2986.22736530612,3243.42873979592,2683.23493265306,2689.34887959184,2658.11312857143,2319.00697346939,2995.43172244898,2677.37764693878,2138.76800918367,2289.93933877551,2088.02516428571,2385.68592959184,2130.34534693878,3069.60971734694,2551.49448367347,1758.48857857143,3122.51159285714,2505.45148061225,1599.96458265306,3053.91956632653,3064.57107959184,3204.65343877551,3193.31447959184,2334.4183622449,2264.90925,2726.62036938776,3278.8193244898,3068.83934795918,2361.75749897959,1989.59457244898,2561.36868061224,2254.76359387755,1862.37967142857,2174.13692857143,2792.81549591837,2362.35574285714,3042.13950306122,2640.84947857143,2175.11920306122,2265.29791122449,2536.9669377551,2440.0144,2466.55417142857,2850.9445755102,2787.34156020408,2886.43603469388,2406.65960714286,2889.83038571429,2300.3215,3368.43238979592,2849.09823673469,1719.71048061224,1792.61463265306,2510.35244387755,2541.76337142857,2776.97635306122,2528.08518959184,2252.37003979592,2731.26337755102,3466.63820714286,2539.92950102041,2464.26439897959,2642.76117653061,2893.33650204082,2644.69450102041,2183.79498673469,2643.78248153061,1947.84667755102,2557.41812755102,2494.51230204082,2030.03375408163,2875.58693265306,4043.29374591837,1939.87245102041,2781.43520306122,2542.4524,2819.04693877551,3136.55249693878,2765.41521734694,2848.30226734694,3321.94090918367,3192.9926377551,2511.40284795918,3060.39410306122,2300.35398061224,3002.14115306122,2901.91972040816,2408.24529591837,2268.08196632653,2449.75090612245,2418.24233979592,2458.12863979592,2612.08935714286,2098.65982244898,2529.88551836735,2113.96708367347,3084.21797244898,2489.51588367347,2240.33158979592,2410.31358163265,3013.57501530612,2288.56214285714,2684.0366877551,2459.69702142857,3253.14949693878,2064.82588540816,2905.92458979592,2222.29542244898,2497.08070510204,2206.61814693878,2682.26314387755,2282.64397346939,2556.70881326531,2776.60598265306,2071.71013367347,2495.92473061224,2391.72953979592,2609.33216020408,2868.72828571429,3071.65527755102,3062.60836926531,1848.50420714286,2454.1248405102,2784.1255755102,2739.34674489796,2197.91325306123,2420.77312959184,3011.20639591837,3305.32466428571,2498.15758061224,2614.78426428571,2402.38057244898,2877.14419183674,2840.09098979592,3009.64638061225,2436.24394693878,2804.6083622449,2392.57484285714,2385.73525714286,2199.67237142857,2522.8492,2088.39700204082,2578.34100408163,2849.1063244898,2643.70255408163,2313.65264897959,2339.42501836735,3169.24440306123,3162.81060714286,3340.13354795918,2705.39806530612,2674.64223673469,2695.67790714286,2689.83498673469,2234.1928622449,1624.05535816327,2252.80167959184,2553.50366632653,2813.38797244898,2582.25782040816,2568.13398469388,2692.43516020408,2254.67899897959,2658.45249897959,2948.43242653061,2321.80376734694,2352.46259591837,2615.92988469388,2231.73683163265,2472.84942244898,3009.3651,3258.6758877551,2976.77799591837,2933.34293265306,2085.83383061225,2680.60355102041,3029.43989693878,2661.90876836735,2559.92073979592,1881.33315,1836.36942959184,2711.79247857143,2657.62217142857,2380.58665612245,3062.89188061225,2811.11311938775,2966.41335612245,2563.13601295918,3649.7528877551,3284.3426622449,2509.65618265306,2601.23380714286,3914.59283979592,3044.31209693878,2409.04948265306,2386.05049081633,2155.66490102041,2079.75396428571,3056.20548265306,2580.63629897959,2928.63877346939,2556.41847040816,2500.10440102041,2407.92629387755,2426.68902857143,2054.91633673469,2427.43619795918,2811.77427244898,2931.30887653061,3148.51670918367,2302.9874377551,2731.2019122449,2309.02987040816,2375.60011020408,2432.23853265306,1959.7023877551,2604.63452244898,2534.12498877551,2529.14662142857,2568.45795,2707.41443061225,2569.1553,2544.34442346939,2395.55858673469,2555.85347755102,2324.32062244898,2281.82545102041,2403.60602040816,2051.37279795918,2653.44107244898,1938.77360102041,2477.8806377551,2552.4067,2550.2476377551,2794.74043469388,2639.06207346939,2738.98063571429,2902.66178163265,2672.87812346939,3123.9391255102,2424.86691326531,2430.26684081633,2099.85235102041,2967.33211836735,2585.83659387755,2403.58947653061,2243.31737755102,2422.45839489796,2481.4334744898,2287.32317346939,2449.74605612245,2014.15056530612,2659.49954795918,2655.21412857143,2429.89326530612,2515.02612346939,2856.33304897959,2691.04025714286,1840.08882244898,2266.3647744898,2462.47052755102,2337.72747244898,2801.64784795918,4285.72226326531,3391.61714183673,3370.49382755102,2544.93706122449,2189.90688877551,2879.80585918367,2180.52548469388,2519.97468061224,3044.87273612245,2532.72858469388,2818.29167673469,2869.1419457551,2501.94400918367,2184.82244285714,2254.33075714286,2786.37017244898,2502.59572653061,3015.14511836735,2433.49268673469,2356.90755612245,2497.49407244898,2066.34367040816,2719.18061530612,2775.34526632653,2883.67723265306,2954.01359387755,2439.03731428571,2294.9815122449,3180.83957959184,3334.27396938776,2425.18191428571,2241.80768571429,2476.61689693878,2595.82856734694,2868.52351530612,2401.78241326531,2757.36894081633,2187.76635918367,2279.59794795918,3020.07520612245,2425.66657142857,2176.54045204082,3147.85085510204,2874.83837653061,2457.89956632653,2684.91215612245,2190.96421020408,2429.49598163265,2679.42043979592,2871.84167346939,3074.54160816327,2339.72325142857,2758.02500959184,2667.85175918367,2673.02821530612,3039.96613979592,2595.82869285714,2787.72279081633,2335.18168163265,2647.17964183674,2155.01210612245,2476.30416234694,2067.11408673469,1978.00223673469,2002.36669285714,2702.7834244898,2151.70116020408,2550.61820102041,1749.19070306122,2396.27862653061,2579.86067755102,2751.80723571429,2732.60448061225,2336.74945102041,2940.7336244898,2100.87987142857,1960.9039677551,2383.04062040816,3171.23252040816,1893.48591122449,2499.81990204082,2646.31959693878,1998.40297755102,2921.53061326531,3422.64904285714,2022.40794489796,2126.09056326531,2344.08415714286,2854.16638469388,2758.03174387755,1860.89243265306,2832.50393673469,2748.25280204082,2529.12368163265,2074.97856836735,2612.05960510204,3039.75941428571,3342.7024755102,2438.69661326531,2612.81354387755,2437.47777653061,3200.79818571429,2752.42979183674,2309.59007755102,2552.96626632653,2204.48827959184,2336.86525102041,2077.25988469388,2298.08015408163,2712.23997959184,2368.7247,2049.84448846939,2649.60777244898,2392.84475,2154.83001428571,3082.83010510204,2583.8621577551,2417.76726326531,3311.43038469388,3376.1049877551,1848.65479081633,2686.17312244898,2931.50056122449,2068.41829591837,2728.97973877551,2486.70486734694,2632.10479387755,3317.59641632653,2213.61532112245,3068.79476530612,3369.77410204082,2773.56386530612,2217.86387857143,2415.06986836735,2810.76375102041,2762.68336326531,2506.47695214286,1864.87070714286,2352.84733265306,2710.54914897959,2450.31710714286,2598.64600612245,2312.56724693878,2729.3205755102,2465.0820755102,2833.09186326531,3399.75367142857,2552.4849622449,2932.38570408163,3300.4316744898,2971.26525408163,3249.2940122449,2806.27795204082,2328.94212857143,2411.01041836735,2550.12796938776,2702.92543673469,2537.39425,2426.16492755102,2979.54057857143,2508.8827,2595.32143469388,2474.69083265306,2352.26694081633,2477.92305714286,2583.6924622449,2937.08141734694,2807.03484285714,1983.85152346939,2675.13445510204,2212.02163367347,2481.48595714286,2568.41396428571,2165.34074387755,2155.19398163265,2875.87563979592,2818.60117316327,2246.58160306122,2330.22228367347,2294.48997653061,2071.81896122449,2586.54920204082,2455.55800510204,2205.97555204082,2971.29188571429,2398.14237244898,2284.57272142857,2097.90023877551,2658.03912755102,2643.08152959184,2608.0358744898,2585.02480102041,2293.22245102041,2006.1294122449,2270.63470204082,2316.38458367347,2536.34101428572,2712.57586428571,2864.36302693878,2747.96324795918,2627.79810408163,2843.27591530612,2263.73404693878,3241.86433673469,3521.65072040816,2489.02043061225,2279.18488061225,2802.21794081633,3003.23924897959,2416.64213265306,2457.71451734694,2338.75578193878,1894.41906938776,2684.1362744898,1946.26366122449,2690.51898061224,2426.74652040816,2695.45327857143,2375.16787887755,2131.64477244898,2632.50772040816,1941.87946020408,2863.53293061224,2668.14092244898,2349.08927653061,2236.15594489796,2243.63558571429,2978.65293877551,2551.20670714286,3811.96758673469,2343.19589285714,2664.29450204082,2506.70867959184,1884.34072346939,2684.31935714286,2804.51821836735,2516.29928163265,3280.81533061225,2646.14382244898,2337.43234693878,2918.23235102041,2718.69165204082,2058.49459387755,2338.68095306122,2673.71985306122,3359.47078673469,2862.38390408163,1925.47908979592,2700.92734897959,2321.02940510204,3007.02111734694,2270.94554897959,2593.8995122449,3041.87338571429,2267.93570102041,2894.81656734694,2317.38513265306,2440.31553469388,1557.94873265306,3056.85042142857,2156.37510918367,2028.23633265306,2637.38928469388,2658.86735102041,2791.34796938776,2794.44965510204,1665.08566428571,2432.27062653061,2214.45583520408,2364.86127857143,2611.39002214286,2765.23618163265,2769.62316734694,2692.14683673469,2767.98075816327,3405.10634693878,2436.55173469388,2707.63851530612,2795.01575306123,2825.89374897959,2568.46659795918,2596.21031122449,2044.4169255102,2533.16827142857,3660.40141979592,3215.83129591837,2226.65451326531,2957.82379591837,2580.88855510204,2368.01658806122,2709.83655510204,2426.58948979592,2752.14699183674,2205.56716530612,2580.24199693878,2628.08524693878,2971.61261836735,3310.38186938776,3070.05088979592,3174.56564285714,3053.17748061224,2998.73870816327,3123.28808877551,2415.03338571429,2737.90645510204,2585.17132755102,3323.73215,2321.8533377551,2454.53640204082,2595.99466632653,3407.75790918367,2355.38019897959,3138.57198265306,2546.79127040816,2567.01886632653,2433.12266632653,2370.46656326531,2953.38896326531,3169.52698061225,2879.44174693878,2848.94490816327,2811.94853469388,3518.04833367347,2443.77239693878,2863.89156122449,2491.09902346939,1875.85883979592,2349.40058979592,2415.34992857143,3430.20922755102,2589.98672602041,2411.33639336735,2495.89189795918,2014.84056734694,1839.63747346939,2548.15956326531,2600.19950204082,2821.34506734694,2315.41810102041,2455.23513469388,2339.55492857143,2668.2202755102,2443.77793163265,2203.12776734694,2196.53405510204,2063.78035306122,2726.11764897959,2893.78118265306,2940.22690816327,2871.02374693878,2688.87857239796,3086.17246122449,2200.60123265306,2590.62100510204,2355.87145816327,2387.66901326531,2626.20674591837,2666.19445,2876.16492040816,3066.68732653061,2130.56732653061,1643.44912341837,1894.87376836735,3068.51216632653,2563.92759795918,2463.82575612245,2417.95851428571,2407.11980612245,2107.34960918367,2525.99024693878,2199.87758673469,2407.41607040816,2337.36085816327,2451.58203979592,2713.51064081633,2659.05162857143,2591.90014591837,2579.95936836735,2713.20276326531,2648.54488061225,2774.34649387755,2513.8490255102,2020.11941632653,2032.80726428571,2630.8319744898,2168.38843673469,2508.10094704082,3393.38832857143,3094.65793163265,2475.42506836735,2292.10335816327,2711.43315204082,2692.32658877551,2381.2303244898,2882.84372142857,2926.66110714286,2690.61582959184,2858.8594122449,3601.65626530612,3277.82947959184,2757.63522959184,2156.61861326531,2346.28542040816,2906.67989387755,2394.61867040816,2682.6235122449,2688.60162857143,2887.61629795918,2518.3982255102,2620.23959795918,2592.45321020408,2390.06187857143,2352.55074387755,1898.64096020408,2362.93419795918,2518.3049744898,2435.40367959184,2869.34610102041,2760.75662653061,2816.43336734694,2374.50929081633,2543.70572244898,2433.50882040816,3202.58723571429,2792.83815,2302.39138265306,2855.64418469388,2227.86780510204,2376.37424387755,2814.67976530612,3084.17743877551,3533.51325408163,3092.56694183673,2816.63996734694,1833.83961428571,2432.50038571429,2378.28408163265,2333.63418571429,2232.28059285714,2455.11543367347,2273.07456530612,2300.34586326531,2205.70161326531,2395.16138979592,3473.61316326531,3314.26691530612,2801.04221122449,2546.90773673469,2407.3769755102,2361.63124387755,2490.39064591837,3725.39755,3032.41466938776,2395.06656836735,2610.21814285714,2391.63936326531,2256.23540918367,2909.34438673469,2875.81819387755,2531.1458377551,3099.76766530612,2717.63785816326,3038.38144387755,2870.3828755102,2927.07280102041,2112.55819693878,2202.31496326531,2110.52120204082,1963.39705510204,2654.71952857143,2410.76348469388,2143.8573755102,2410.84574591837,3307.29792755102,2816.51902755102,2518.49670714286,2210.00867244898,2537.29823571429,2472.97903571429,2648.12721122449,2471.02485510204,2194.93949387755,2414.1755877551,2516.13729693878,2873.79047346939,2827.31422142857,3387.11147040816,3783.63172979592,2701.20175,1957.2459877551,2533.90173367347,2486.98215,1933.47751326531,2509.25109285714,2444.28076397959,2765.36967857143,2258.17330122449,2741.28750816327,2980.58792857143,2760.59817857143,2565.56909897959,2781.15793061225,3579.74984795918,3323.59325102041,2953.18144081633,2628.86119489796,3326.70299183674,3159.76828163265,2135.17599506122,2356.74625204082,2437.30705306122,2968.05887755102,2378.3165255102,2280.25982040816,2468.86127040816,2699.51453061225,2246.81266836735,2684.42163163265,2506.94043877551,1995.5542244898,2838.70017346939,2499.30897346939,2770.53396632653,2141.64911020408,2643.19954897959,2745.03528367347,2525.34201836735,2100.52667040816,2321.91391734694,2899.13350612245,2736.5493255102,2842.23884591837,1827.64808469388,2354.58339081633,2395.52991632653,2470.74798469388,2757.78709795918,2330.69036326531,2244.66031632653,2846.8429,2892.12235,2483.71844183673,1693.59124387755,2295.49018571429,2405.36983265306,2353.74021632653,2187.42203571429,2403.42168673469,2668.10010714286,2374.85868367347,2192.49806622449,2444.77247040816,2244.71166632653,2681.95090510204,2191.31400153061,2759.66054183673,2936.56877959184,2449.61183163265,2487.91021122449,2551.53915306122,3012.79485918367,2807.61640714286,2736.44737244898,2168.49469795918,2776.95403979592,2316.15883571429,2531.47360816326,2371.17666938775,2229.51321122449,2061.22738673469,2199.31901836735,2187.38238061225,1951.88929897959,3164.09829489796,2490.20229183673,2191.29772755102,2253.90378979592,1850.26774285714,2429.89285826531,2564.77358979592,2573.25259387755,2453.00606836735,2653.22656020408,2808.67374897959,2415.72473122449,1972.31229591837,2264.45420918367,2115.28920816327,2243.6815244898,2544.38162857143,2144.16387653061,2448.7180244898,3066.90711938776,2731.57281836735,2193.1078622449,2616.12880918367,2078.89701530612,2407.46894693878,2520.3824122449,2039.00327306122,1850.08029489796,2822.11840204082,3414.92193469388,3194.50036632653,2430.10790102041,2532.99649530612,3885.11985612245,2880.11383673469,2378.84313367347,2306.65294693878,2357.92875816327,2647.39170816327,2447.13501530612,3081.9014377551,2575.42798979592,2624.14111734694,3274.41397040816,2668.48910714286,2726.9146255102,2498.05943265306,2594.21669897959,2525.89803673469,3177.90003979592,2724.30102653061,3405.17055,2919.69904214286,2780.29227346939,3272.2941255102,3058.01450918367,1967.80033469388,2618.48223163265,3074.65787959184,2571.4840755102,2193.99696836735,2615.05194081633,2494.47538367347,2199.69395816327,2260.19991530612,2672.17936938776,3327.58986530612,2046.60548469388,2104.56494693878,2592.39155816327,2341.02943673469,2114.97939489796,2103.12129693878,2518.89175510204,2968.95927959184,2653.43063469388,3161.12228469388,2910.88335132653,2761.27395897959,2628.58972755102,2552.33638571429,2811.19964581633,3036.65955306122,1910.55982928571,2234.53070204082,1974.51467755102,2064.72573367347,2025.10173061225,2554.5441622449,1991.47768571429,2474.53283061225,2488.81124081633,2525.55301428571,2544.84171020408,2749.85000714286,2544.96954591837,2543.6447877551,2381.50522653061,2222.14929591837,2195.29454285714,2203.40204755102,2597.57440673469,2330.67946622449,2402.45117030612,2422.96916183673,2390.50625908163,2630.14211030612,3920.13513367347,2020.24469714286,3175.11702244898,2562.62498469388,2620.85131326531,2436.29968265306,2356.89990714286,2702.48271734694,2352.06005510204,2666.06043367347,2656.48835816327,1905.90553163265,3090.45590612245,2297.6705755102,2423.77534285714,2393.25010204082,2073.02725,2503.1178877551,2910.58474183673,2696.91105306122,2673.28076938775,2750.92706326531,2693.64470918367,3416.62699693878,2517.17090102041,2978.44870102041,2279.00580714286,2436.14843877551,2486.22784795918,3533.9235744898,2108.70767163265,2245.11362755102,1904.66911071429,2560.64940612245,1689.53358979592,2699.51771836735,2560.04488061225,2428.19233367347,2708.92603265306,2583.72340173469,2390.10919081633,2263.70221020408,2339.57688469388,2410.72895918367,2928.48456836735,3134.17995540816,3644.07860408163,3467.24967653061,2705.40328061224,2632.38521938776,2601.45096020408,2431.06843979592,2512.47109693878,2066.88163979592,2454.92506326531,2449.69266530612,2397.45962244898,2350.17056836735,2414.96831326531,2726.7762622449,2308.75519897959,2517.79587040816,1861.62135510204,3171.55580510204,2821.45538265306,2146.96476632653,2214.7688272449,2638.06217346939,2476.80761530612,3599.49520816327,1920.00558979592,2740.76615408163,2136.09837346939,2333.16375714286,2077.34623591837,2754.58554285714,2398.12071428571,1909.51221530612,1668.4374122449,2313.95097142857,2211.28634959184,2390.64666734694,2385.84858061224,1886.52521836735,2141.91426938776,2560.26070816327,2788.72750816327,2432.90849285714,2591.3581744898,2655.99551530612,2789.3684755102,2643.46393571429,2511.08562244898,2329.5227255102,2292.9949,2242.41104897959,2298.25362040816,2318.00987653061,3362.87965918367,2211.61053367347,2748.05710102041,2310.1925244898,3260.00586836735,2718.19678571429,2910.39611428572,2466.38010204082,3239.21070612245,2589.59202142857,2345.82283673469,2045.48113163265,2713.30434285714,2449.26520408163,2401.32757653061,3225.57391326531,2095.28324081633,2384.09308061225,2403.22918642857,2530.10892244898,2043.91845510204,2124.95180102041,2569.68253571429,2333.10291020408,2373.42371632653,1922.5448027551,2694.41798163265,2342.09195612245,2930.18800306122,2258.02364387755,2699.38577959184,3872.93752244898,2751.23016112245,2204.98573367347,2265.2140877551,2367.77656020408,2406.7120377551,2151.30000306123,3375.42303326531,2772.44245102041,2532.10413438775,2729.15239765306,2547.66435,2247.2047755102,2494.46914693877,2547.09316632653,2435.6423622449,2561.21840204082,2320.49326020408,3336.35679489796,2348.02985204082,2718.1659255102,3130.43219081633,2295.2249,2454.24851530612,2521.43135612245,3029.12795510204,2432.18320510204,2726.23239285714,2894.46902142857,2431.97686326531,2347.7705244898,2809.82829285714,2092.7148377551,2779.8914177551,2718.03286938775,2620.82009081633,2181.01844285714,2749.9148,2865.81020918367,2091.96675306122,2399.17646836735,2269.61181530612,2767.51193540816,2687.53532142857,3191.71129693878,3076.39878061224,2241.89916122449,2946.33651122449,2512.22824795918,2772.17632142857,2422.50176020408,3496.54300714286,3207.84784489796,3314.11659795918,2228.48425408163,2896.91861122449,2425.62938163265,3261.83522244898,2936.07589897959,3201.90354795918,2544.92756428571,2262.48399591837,2581.00271122449,2540.66774285714,1926.72060408163,2325.31287653061,2605.44424183673,2552.63433673469,2854.34462040816,2360.5413755102,2790.93857244898,3142.54470306122,2559.81476836735,2048.98899387755,3814.21086632653,1955.71274897959,2213.91237857143,2569.93771122449,2619.19524387755,3534.16369489796,2254.34660306122,3239.37049489796,2288.20025102041,3186.72012142857,2835.94911632653,2869.87160510204,2789.72929183673,2497.17826326531,2028.96804285714,1997.26469693878,2128.38242897959,2817.76187040816,2114.98660816327,2033.09782653061,2232.42978163265,2334.76546836735,3268.84090510204,2400.64230714286,2917.10675510204,3166.07025714286,2826.54426428571,2401.57196632653,2985.42740102041,2333.53256020408,2498.71580612245,2330.57054285714,3621.44366734694,2081.84572959184,2171.42032959184,2471.20606734694,2364.03680918367,2969.59823163265,3154.62303061224,3593.5754122449,3198.62795510204,3573.13511530612,2804.90215306122,3090.66537755102,3024.17271734694,2696.03936734694,2903.18091836735,2382.74428877551,2606.57825204082,2411.29984795918,2291.06773571429,2277.68835204082,2471.82374285714,3101.43534795918,2830.66195816327,2552.27390612245,2588.38863571429,2716.6947755102,2346.55835918367,2540.90618367347,2901.33822142857,2499.59310510204,2252.52269336735,2271.9574,2960.75919387755,3109.71522755102,2224.57077346939,2333.64523571429,1982.2440622449,2838.19799489796,3020.17935612245,2820.53391632653,2641.68495714286,2549.87112244898,2907.9758244898,2870.46454693878,2924.39243979592,2690.32729285714,2702.07006938775,2495.32238673469,2528.19565408163,2958.12249081633,3423.57905,1930.57771734694,2261.78508979592,2643.24813673469,2883.54217346939,2833.48929285714,2613.40030408163,2650.00212857143,2302.59013367347,2480.80255,2153.77537346939,2795.56381326531,2821.02535816327,3194.44282244898,3179.26167142857,2584.24477142857,2177.96555204082,2582.88122040816,2246.85793979592,2843.31007653061,2689.84477653061,2806.68603673469,2935.04886632653,3460.80115510204,3449.74603061224,3555.17163877551,3137.47174489796,2375.72024897959,2371.60619489796,2653.4732877551,2673.4926122449,2850.15560714286,2793.04492653061,2758.37379693878,2491.45334387755,2903.84396734694,2124.23648163265,2125.90493367347,1664.77938979592,2123.77098061224,2189.41063265306,2202.0823255102,2483.80746122449,2294.11509928571,2659.44169183673,2573.90944183673,1948.27389081633,2669.24445612245,3047.42814387755,2856.65190816327,2470.43835479592,1759.97399591837,2153.7419,2248.82010204082,2708.80521326531,2877.80040408163,2535.29572857143,2927.6993,2477.88895306122,2872.37730510204,2352.38080510204,1703.75029081633,2834.76879897959,3084.74533979592,2386.05152040816,2389.79191530612,2018.81202653061,2730.45061836735,2214.62873367347,3480.87551938776,2847.61748571429,2654.97890816327,2913.71384693878,2760.77235714286,2255.22820510204,2479.28021530612,2637.43991836735,2915.22651632653,2447.14587959184,2645.45678571429,3067.01808265306,2583.90197653061,2823.48097142857,2881.55854897959,2896.29418469388,2161.95250816327,2385.33578877551,2371.9461244898,2590.93180204082,2265.26599285714,2484.90843571429,2872.69522244898,2735.59644489796,2641.16235918367,2636.77108163265,2845.93681938776,2939.25564081633,2795.97341632653,2579.27027653061,2815.90786336735,2451.90903367347,2384.03825,2072.05091744898,2506.24359591837,2737.01319897959,2549.89028163265,2148.87548979592,3522.37539183673,2466.84407653061,2943.6694122449,2866.46647653061,2848.35309693878,2107.26369285714,2662.46155918367,2309.25197857143,2825.58905204082,2250.39348061224,2363.10701530612,2976.99244183673,2310.73095234694,2861.5992755102,2294.57526020408,2818.88191428571,2852.76072040816,2339.13563469388,2345.66852142857,2935.69192959184,2988.94846795918,3388.00811326531,2767.85569081633,2935.94759285714,2383.22344489796,3003.82610204082,2663.81320612245,2521.10293061225,2684.17510918367,2423.59732244898,2568.11545204082,2829.58185102041,2838.89670908163,2364.13713367347,2060.70510102041,2648.3166377551,2640.34752244898,2735.11074591837,2037.26511632653,2598.92653265306,2713.83733265306,3149.47353510204,2646.04194387755,2443.14683061225,2261.0708377551,2577.50558979592,2642.80310510204,2953.71186122449,2188.16777959184,2641.28517244898,3261.23492346939,2877.92718877551,2780.54266734694,2349.89572959184,3180.84962653061,2515.87275122449,2317.77803571429,2140.10462857143,2734.88959693878,2859.1611377551,3112.16466122449,3449.18785816327,2748.24677755102,2704.72130714286,2581.20939081633,2879.72860510204,2655.94102857143,3160.34268877551,2192.42960612245,2143.52003367347,2490.88903571429,2267.15994795918,2725.9435255102,2819.00015102041,2700.75139918367,2358.03127755102,2450.79955612245,3660.34749387755,3538.44342959184,2449.55413469388,2197.01039081633,3673.76080408163,2896.18270408163,2668.25710306122,1966.62382959184,2943.37864897959,2215.86967755102,2031.01333571429,2139.90066020408,3166.00141122449,2917.94746734694,2681.14419081633,1972.31004183673,2357.77693979592,2261.96588704082,2245.24229897959,2400.84223469388,2789.22652020408,2551.65852653061,1678.62867244898,2981.37015918367,2393.36741326531,4508.1365755102,3131.82983877551,2953.86990102041,2352.35470816327,2572.24556020408,3083.2893,2550.12749591837,2211.24827040816,2077.42226020408,2475.85613877551,2526.15364897959,2483.48509591837,2392.24365510204,2852.93954795918,3611.30144897959,2815.99461836735,2873.94223877551,2780.05032142857,2264.51881530612,2978.58955102041,3530.80032244898,3436.55068673469,2806.01422755102,1851.45348959184,2557.87991734694,2238.67030918367,2382.75164795918,2119.75511938776,2624.86819489796,2717.74816428571,3624.5669755102,3182.21322244898,2404.97829693878,2310.45472857143,2176.45433877551,2530.26963571429,2559.91337755102,2617.09427857143,1804.10960306123,2381.37627142857,2099.33819081633,2492.52305510204,2177.90929795918,2286.69870816327,2532.49605,2704.00399693878,2504.94793367347,2850.28999387755,2407.19126836735,2367.43907959184,2178.84608469388,2474.99934489796,2355.08965510204,2760.8870622449,3351.2606377551,3059.28740102041,2567.05722244898,2438.12770816327,2569.87315612245,2970.32479489796,2231.25531632653,2920.09320510204,2031.37404489796,2545.71184387755,2493.50825816327,2413.31448061225,2826.23428673469,3305.61297755102,3127.51969795918,4386.19347908163,2787.5633777551,3570.18326122449,2088.60343979592,2279.73997040816,2378.66862244898,2279.42255204082,2842.95020306122,2326.57987755102,2871.83736836735,2470.15437755102,1998.97194285714,2199.2383622449,2473.31265,2652.69629897959,2354.16913979592,2612.96858163265,2369.44589489796,3698.89554591837,2526.99187244898,2218.47052142857,2845.25224132653,2433.36347653061,2389.03309591837,2517.94905408163,1617.95853979592,2512.42656632653,2378.44306122449,2790.30052346939,2195.28224897959,2559.71911428571,2452.38097142857,2486.05383265306,2324.05766326531,2358.19935306122,3402.24999081633,2853.18931428571,2404.24695428572,2478.40334591837,2026.47188673469,2645.70132857143,2873.49944285714,2266.59299285714,2904.59674489796,2933.11984081633,2169.7854377551,2261.01668673469,2544.13845714286,2924.4869877551,3119.66963571429,2821.58363367347,2659.75515204082,2773.31617142857,2844.4102622449,1863.13402142857,2772.01033367347,2770.48757959184,2480.67905714286,2406.66170193878,2452.74467979592,2289.40818061224,2686.23464183673,3288.65797040816,2750.37786020408,3140.26071428571,3275.75039489796,3920.92919387755,3986.92611938776,2690.12282857143,2843.56353469388,2688.52720510204,2952.41292346939,2345.38224387755,3597.71887142857,3032.17293979592,2526.8054877551,2924.41511020408,2993.93472040816,2638.21362857143,2575.95199846939,2078.54849285714,2481.18450612245,1842.86588877551,1888.57828469388,2511.2389622449,2587.6809377551,2018.29537653061,2713.66409081633,2289.29838163265,2612.2554755102,2458.60176020408,3648.43239081633,2809.68079663265,2175.09009897959,1949.50910714286,2842.54488469388,2592.72050010204,2234.89774765306,2117.06765102041,3073.36449897959,2994.1651377551,3246.36136102041,2862.49772040816,2222.15159081633,2411.75503979592,2279.83956081633,2904.53269693878,2333.21842346939,2657.11065306122,2350.59988061224,2536.42137653061,2763.52583061224,2526.13188265306,2398.23694795918,2847.65394285714,2108.43284693878,2051.5018744898,2651.83453265306,2664.66875408163,2179.78219387755,2388.59283163265,3269.19955612245,2995.86774489796,2531.44162244898,2607.31704489796,2136.70079591837,2459.56372346939,2647.82145612245,2764.72453877551,3320.66286836735,2310.17317857143,2015.9698877551,2707.72441632653,3039.14121836735,3172.00330204082,2715.23462244898,3046.56546020408,3225.24976734694,2729.74319285714,2469.68600306122,2493.82789693878,3040.58098673469,3005.77993367347,2714.41565714286,2502.67035510204,2133.99671938776,2996.01646632653,2954.49858469388,3115.49752857143,2376.56846326531,2806.85933367347,2535.46224795918,3473.96869693878,2297.38586173469,2727.62548877551,2519.19394795918,3141.79929081633,2496.33309897959,2482.0783,2040.27058979592,2109.18754489796,2589.98421530612,2330.97489285714,2726.54889387755,2972.85477755102,1973.65268673469,2267.34062244898,2606.60771530612,2659.01834489796,2092.92902857143,1842.22995510204,2259.25743469388,2186.63520102041,2115.04833979592,2325.39274783673,3264.64426530612,2469.16805408163,2174.66670408163,2294.03637653061,2421.82649081633,2538.84327653061,2423.9161244898,2946.16142653061,2457.12548469388,2741.60582755102,2542.51268367347,2493.45852040816,2871.57550510204,2524.83627959184,2445.80905816327,2694.53098367347,3024.01842653061,2827.00531326531,2848.4801877551,2527.02722857143,2599.62417653061,2665.57227244898,1968.21324693878,1996.63039387755,3131.42879387755,2559.39239591837,3486.18806142857,2716.00895714286,1805.48533265306,2515.4169744898,2615.20495102041,2211.83066428571,2120.1540244898,2528.14350408163,2595.13551836735,2944.12086234694,2624.97947826531,2912.75236428571,2370.51601326531,2545.34813265306,3621.22610510204,3582.67642244898,1912.45925204082,2288.01797142857,3063.12684693878,2369.10488877551,3151.53300102041,2776.95931530612,2375.89541326531,2113.30987040816,2725.94893877551,2769.86429693878,2204.00313673469,3239.43678367347,3543.31888132653,2246.71349489796,2832.80160408163,2473.30639489796,2419.1219877551,2874.22436530612,3087.95029285714,2583.03265,2541.7906622449,2288.47102653061,2633.79715714286,2859.52525714286,3203.82717857143,2113.83664897959,2471.26711122449,2308.31409255102,3051.78897142857,1975.30846326531,2161.1829255102,2833.22146938776,2590.34750510204,2130.71752040816,3202.43390102041,2231.23784591837,2395.07527040816,2442.75565102041,2402.98474897959,2170.52316122449,2059.10898183673,3423.04203704082,2968.01396122449,2921.10215816327,3127.42263673469,2588.43497857143,2750.94513571429,1633.10971734694,2412.67621428571,2317.7937877551,2337.35108255102,2260.66924285714,2093.35128469388,2555.47845204082,2630.40189489796,2646.3044255102,3172.91548571429,3306.19888877551,2856.59722142857,2881.13999489796,3039.35305204082,2953.42773979592,2695.16895612245,2217.12284285714,3188.12187857143,2066.26749591837,2715.36050102041,2079.78181632653,3186.4480755102,2475.65536326531,2800.56549795918,3171.61301938776,3419.06644285714,2423.62706632653,1908.72782142857,2721.34470102041,2256.51133673469,2339.14462653061,2096.29503979592,2883.05858877551,2802.98402142857,2625.9223877551,2538.93190918367,2429.84013163265,2310.44942755102,3002.01863979592,2250.24934183674,2033.4322122449,2798.65050204082,2496.21437142857,3097.51138571429,2825.44421632653,3067.39357653061,3023.4308255102,2599.21705102041,2164.55688163265,2181.31065102041,2773.63041836735,2095.90899081633,1882.51547857143,2837.3837255102,2957.24533367347,2773.25228061224,2210.45872142857,2752.56536938775,1930.98090918367,2736.89118642857,2035.35912755102,2457.61412346939,1920.13091632653,2601.04860408163,2785.11618571429,2920.4746377551,2544.3820377551,2184.2121377551,3023.84035806122,3346.92414795918,2390.31593979592,2209.25746632653,2322.05753989796,2252.81426020408,2522.19138163265,2674.23200918367,2554.67120145918,2325.94178309184,2768.63075612245,2465.3842,2480.63447653061,2753.56021632653,2748.05570918367,2337.43388877551,2991.1255744898,2520.04648979592,2285.03500612245,2788.95621836735,2521.34881122449,2174.88002755102,2678.6821755102,3311.29934591837,3148.13808469388,2537.86000918367,2458.86955102041,2426.72262755102,2523.01720612245,2122.27650204082,2029.22620816327,2745.97750714286,2209.21607142857,2218.22636632653,2198.76859489796,2670.04100816327,2662.00669489796,1941.98062755102,2102.91354285714,2315.92979387755,2140.95647653061,2275.49454489796,2771.72038673469,2897.59263877551,2122.65781020408,2040.85189693878,2120.31799591837,2949.09194693878,2176.67971734694,2924.14790204082,2333.2726,2374.85135,2376.7834877551,3038.28668979592,2510.48779795918,2452.82071020408,2720.79657142857,2325.88448673469,2374.41046428571,2095.20652826531,2817.16553877551,2238.79212244898,2750.41910408163,2460.44527755102,2621.08445887755,2661.66505102041,2221.06614387755,2089.18124795918,2388.90663571429,2253.10103367347,2297.53680102041,2871.4703622449,2773.89193469388,3190.63176632653,2611.54827653061,2694.47450510204,2411.98622142857,2347.18966020408,2148.65921938776,2751.75394387755,3333.68597857143,2605.44082857143,2444.55727653061,2753.83701020408,2044.02692959184,2934.77733163265,2352.51533469388,2543.89665612245,2948.41957857143,3032.06687336735,2138.67902265306,2841.88360816327,2531.59295714286,2963.05011530612,3673.06421428571,2396.51689795918,2650.59311938776,2059.24656836735,2441.0648,2910.05006836735,3427.75624387755,2142.40965408163,2341.52487346939,2434.58215510204,2878.2452744898,3124.5286255102,2226.23073571429,2470.35516938776,2079.03502142857,2074.50512755102,2359.47565408163,1903.20037857143,2193.51452244898,3252.69529326531,2358.57403571429,2845.9334,2329.11506122449,2517.72029795918,3031.22278367347,3120.9045,2651.70199183674,2627.44783826531,2205.50787857143,2224.80884693878,2564.68038755102,2347.9267377551,2678.79957653061,2760.19753673469,2094.02408163265,2652.54050612245,2746.16137857143,3364.36596326531,2685.21607142857,2167.74848061225,2620.54062857143,1961.24810612245,2212.22379183673,2339.19047142857,2400.73619081633,2441.61072653061,2374.44724897959,3147.05326428571,2588.22599408163,1882.99219653061,3118.38754795918,2270.40711122449,2062.62991530612,2250.22766734694,2145.88637204082,2434.34256959184,2397.07311836735,2599.15697244898,2712.55535510204,2874.0601244898,2472.57349489796,2630.17348061225,2318.37700408163,2408.59794081633,2312.77427857143,2651.9594877551,2141.4124755102,2699.7302755102,2840.37245857143,3060.89445204082,1973.23834081633,2856.27254897959,3183.34039285714,3045.70202755102,2925.34162244898,2427.94722244898,2523.85058571429,2685.39239846939,2024.27875816327,2065.52180295918,2322.29904040816,2306.70340306122,2187.93439387755,2506.37200918367,2173.76112244898,3803.21797857143,3396.02974693878,2504.3411255102,2421.87397755102,2894.01864183673,3240.63767346939,2578.42296632653,2200.37504795918,2568.58062857143,2118.71218163265,2728.5680244898,2307.9346744898,2209.74951326531,2702.8384244898,2888.74461836735,2207.83281938776,2793.68895612245,2042.95215204082,2413.1954755102,2743.82753571429,2443.43293469388,2331.24786836735,1985.54965734694,2655.8370122449,2659.67198673469,2730.23273367347,2687.50731836735,2836.31048979592,2259.99472653061,2700.74395306122,2772.85525918367,2763.08882857143,2399.98235816327,2405.37226632653,2632.28886122449,2402.25888673469,3437.35468061224,2486.61310306122,2862.21225102041,1826.9238,2904.12857959184,2798.54119081633,2294.53249591837,2548.90501020408,2612.72193265306,2072.46969387755,2935.01985,2820.51973061224,2853.43041836735,2529.61686938776,2597.22643571429,2802.82743877551,1944.48901428571,2351.0313,2171.73332244898,2727.99236122449,2625.38590714286,2352.32805714286,2391.71136122449,2279.83108877551,2279.75439795918,2581.91754387755,2346.67025408163,2216.49637653061,2751.13368367347,2759.45511132653,2587.52333265306,2071.10973571429,2184.4470122449,2156.10463367347,2621.08258367347,2221.63240816327,2591.95204387755,2709.21828163265,2503.90212857143,2769.11184795918,2444.81773877551,2868.18945918367,2278.75876571429,2736.87262755102,3300.9336755102,2957.0230555102,2056.30275204082,2755.83454285714,2231.60401734694,2640.44187755102,2517.28828367347,1974.06057040816,2921.64575306122,2327.71848469388,3262.86293469388,2894.86156428571,2890.94265714286,3239.70252040816,2584.15054693878,2974.51653367347,2658.45067959184,2516.1662122449,1884.36906326531,3104.15924489796,2717.24165204082,2815.03245102041,4218.56433469388,3085.00894897959,3583.62904081633,2729.98478163265,2785.30381428571,2811.44064538776,2569.63328367347,2856.52315102041,2578.1393,3386.71334387755,3234.7624,2688.5216744898,2923.74038265306,2918.99023877551,2665.5405377551,2657.07153877551,2313.70128367347,2023.03644591837,2327.05353877551,2425.43471020408,2163.99223469388,2656.07926020408,2763.54797040816,2549.76836734694,2954.94717244898,1816.90491632653,2226.5210377551,2488.77196428571,2891.62011520408,1936.32978673469,2119.66163061224,2080.15001020408,2365.0144,2092.24509795918,3190.02758295918,3161.41589081633,2109.6641744898,2677.67348571429,2955.4955622449,2222.00372142857,2960.95928979592,2059.32659693878,1949.19934183673,2243.59779081633,2656.50980306122,2454.78271020408,2655.65319183673,2827.35945612245,2783.63697959184,2197.19739693878,2530.01010102041,3150.99015,2648.03371122449,2626.75889693878,2740.09956938776,2821.87441530612,1924.5863122449,2783.93299285714,3031.51875612245,2618.1545744898,2753.72029897959,2736.70833469388,2797.20810816327,2235.4204,2512.95351938776,2285.52832244898,2945.08081938776,2670.27370408163,2330.23333163265,2692.96092959184,2610.32536428571,2315.26364591837,2715.08040204082,2676.97916020408,2708.80559795918,3144.25280612245,2517.63769387755,2458.11064897959,2190.36526428571,1928.73378061225,2575.91477346939,2132.92213367347,2563.95131640816,2124.47256377551,2376.66428469388,2737.89300408163,2201.82365204082,2309.91489081633,2406.79837244898,2249.06582734694,2715.70970714286,2191.90564081633,2237.4348755102,2597.16907346939,2619.41527040816,2213.55152244898,2269.23995510204,1998.69903367347,2164.10549591837,2538.54515408163,2080.08429897959,2707.25484285714,2551.06339183673,3142.81630408163,3005.71120408163,2999.98785306122,1770.8242244898,2448.50735918367,1811.38349591837,2112.99358469388,2949.13114591837,2134.16758979592,1645.62090306122,2837.3487877551,2621.92954489796,3162.47355510204,2732.68581020408,2521.74660102041,3147.50486326531,2374.07943714286,2372.82288163265,2691.62791836735,2455.58627244898,1596.735,3167.14653061225,2970.96297142857,2250.99802142857,2798.69928979592,2145.94992755102,2549.32573061225,2045.07064489796,2428.85105510204,2343.58704081633,2043.14237346939,2587.24756020408,2685.25709081633,2322.86158520408,2737.90917755102,2292.30412959184,2648.78168061224,2545.70658163265,2424.96226428571,3076.55635612245,3168.58933673469,2690.7732,2584.91131122449,2462.53610204082,3021.63441530612,2042.78881632653,2181.75734795918,2191.76580408163,1973.18102142857,2760.98564897959,2388.36786734694,2256.94508979592,1658.69583163265,2181.58855102041,2570.22830918367,2466.60344214286,2534.05982755102,2418.05384387755,2374.19353979592,2325.31760918367,2726.67101020408,2931.69375306122,2404.29460612245,2947.16270102041,2568.7711755102,2800.77318163265,2494.60483265306,2269.15499489796,2770.23345612245,2663.85164897959,2129.76548061225,2807.92156938775,2372.74282142857,2311.62318367347,2156.38663673469,2410.64364897959,2329.45011122449,2629.24870204082,1930.11346734694,2025.92781530612,2472.72485918367,1783.96039693878,2679.49899183674,2624.82074897959,2479.87119846939,3015.38732244898,2942.56534693878,2755.47463877551,2939.35059489796,2898.93598163265,2134.11662959184,2766.05017653061,2433.73648244898,2415.32639081633,2951.62555816327,1935.33596397959,2604.60635918367,3294.3735122449,2708.30043367347,3505.96603571429,3634.21768265306,2799.39738061224,2798.5220377551,2415.54071938776,2324.02813163265,1916.48391836735,2592.83413163265,2702.86152244898,2500.12813061225,2796.48956938776,2594.87803163265,2148.79142408163,2237.28651795918,2858.83656530612,2269.58125102041,2719.06983979592,2158.9973622449,2863.19255306122,2445.80709693878,3028.454,2590.04770785714,2394.70737142857,3318.58171530612,2950.82521122449,2755.97433673469,2448.3922,2257.5536877551,2568.52406428571,2192.32225918367,2685.81963367347,3192.45760612245,2794.10937244898,3113.60354887755,2580.3506122449,2835.64109081633,2366.36881938776,2720.98180612245,2300.0845122449,2840.06762785714,2318.6392094898,2269.50718673469,3486.51039285714,2226.2023622449,2032.87046734694,2345.30439183673,3152.67849693878,1956.94092857143,2487.89441020408,2303.58289693878,2762.87011836735,2579.02137346939,2541.66177744898,1853.18007510204,2199.7541244898,2455.69883673469,3015.31097244898,3000.57927142857,2578.59577653061,3224.74049183673,3211.64506020408,2670.23355102041,2975.97111326531,2379.15201530612,3013.33556632653,2769.17424489796,2460.34743571429,2336.29145204082,2500.43046632653,2668.99244693878,2266.06398469388,2064.72768061224,3190.09470408163,2594.81605102041,2493.24392142857,2611.58605714286,2639.93047755102,2028.28406418367,2311.38584489796,2239.91578163265,2027.98639285714,2514.30322755102,2748.96495469388,2559.63399387755,3070.24962959184,2146.12210438776,2540.95754591837,3031.69669489796,2496.08374183673,2559.77621530612,2042.89281428571,2642.09533693878,2538.21041938776,2765.54294081633,2974.13207867347,3430.89283163265,2836.83172755102,2879.8836,2967.83298979592,2396.41886326531,2398.23230918367,2397.15838367347,2484.37353469388,2325.13296530612,2412.28860408163,2785.26040816327,2226.1848122449,2223.5514877551,2580.78405,2203.35326836735,2396.14402346939,2254.71330306122,2631.66853581633,2996.43914183673,2546.7833877551,2219.58079285714,2037.49831734694,3088.72712061225,3555.24310418367,3020.51630244898,2551.41914795918,2324.4978755102,2191.0738122449,2095.10884081633,2445.93286734694,2332.34294795918,2855.38174387755,2945.61864387755,1750.80952959184,2282.72482755102,2277.67110510204,2420.36611020408,2505.38999591837,3143.72451326531,2685.89725714286,2443.35957642857,2170.03301112245,2107.04656122449,2506.07922857143,1694.17526734694,2617.2210122449,2737.08494183673,2375.48588979592,3064.17761020408,1858.3441744898,2693.48646020408,2718.33369897959,2441.45929489796,2666.48595612245,3195.64803979592,1689.54400102041,2075.46863061224,2196.65651591837,2590.68064897959,2696.72346428571,2245.33715408163,2824.08362653061,2500.4286255102,2974.56597479592,2478.76589591837,2823.91555714286,2563.19840204082,2726.70306938776,2400.06583673469,2529.31764285714
57.265306122449,2643.86853346939,2521.27359693878,2506.56196326531,2976.56059795918,2740.58356020408,3138.06488367347,2583.50543367347,2385.19977959184,2375.56476938775,2432.82204489796,2932.68851530612,2263.11457244898,2611.63010459184,2469.57520918367,2694.84808265306,2291.01323571429,2509.65152653061,2848.09823265306,2331.40385673469,3027.1471755102,2516.62047244898,2766.11599591837,2650.29780204082,2950.55060612245,3505.53300714286,3151.22264591837,2767.06505102041,1853.68649285714,2803.75488193878,2373.3084877551,1366.37491632653,2038.95505918367,2449.74430306122,2582.60829183673,2819.57571632653,2668.28085877551,2977.53771530612,2629.97221122449,2744.75115,2911.91544387755,3206.84200408163,2796.43374489796,2548.05087622449,3090.06823877551,2996.53058673469,3026.19039020408,2025.75610795918,3084.2783622449,3245.01638055102,2514.24162959184,2188.68203765306,3183.09627653061,3439.37265408163,3138.89849081633,2414.81061938776,2057.18669591837,3039.79434285714,2350.60234897959,2722.91926428571,2592.76819183673,2727.63492244898,2523.61830918367,2810.09338265306,2202.11988571429,2437.80173673469,2784.28386836735,2321.16132244898,2455.55858163265,2740.90546938776,3369.44777857143,3971.09398469388,3182.37904693878,2577.0732,2413.52291836735,2397.93960918367,2410.24554285714,3276.25827959184,2638.17022142857,2934.73383265306,2549.92363469388,2621.42500714286,2244.21721020408,2548.61744591837,2393.5750255102,2938.36721122449,3161.41236326531,2552.91005918367,2531.76158061225,1946.16586326531,3092.44522755102,2611.83534367347,2393.86001612245,2056.29733021429,2264.8779944898,2802.43551734694,2454.90395571429,2342.19708979592,2195.60153979592,2503.45828693878,2315.63013877551,2447.88096938776,2501.63697244898,2280.33349061224,2674.67165816327,2815.98567877551,2646.74913367347,2109.59704897959,2277.9755755102,2514.03073061224,2920.64417142857,2393.42046836735,2595.9588255102,2561.48339387755,1815.63529571429,2783.38902367347,3617.41634285714,2464.05385918367,2465.20960510204,2460.47682346939,2490.91507367347,2912.63625816327,2890.26663571429,2450.30547755102,2559.71060816327,2987.31720214286,2543.11479183674,2166.21119877551,2288.81083683674,2584.15518877551,3125.18671530612,2864.96977755102,3746.31975306122,2489.87240469388,2332.72867336735,2624.49214785714,2281.57529081633,2413.42787142857,3092.99692755102,2704.65684183673,2717.45166122449,2225.82952959184,2447.69142346939,2450.06394591837,2992.65986836735,2662.23643673469,2764.29710714286,2340.81661938776,2283.44763979592,2700.34680612245,2388.98114346939,3024.96007653061,2972.92405,2309.29276938776,2476.55558979592,2299.9260755102,2580.44045612245,2464.37637857143,2732.3512622449,2413.03636306122,2066.9183855102,2556.23993489796,2549.4007244898,2004.99860795918,3004.1435755102,2829.96115918367,2382.73480918367,2165.29345918367,2822.21850204082,2353.16648061224,3391.92020465306,3416.11408163265,3326.47593163265,4200.16264897959,2915.88258163265,3049.13562857143,2907.02907653061,2370.38845306122,2601.08536061224,2271.06153571429,2099.39620295918,2934.07762663265,2072.25650183673,2305.87476122449,3359.11981530612,2942.49924387755,3224.05778571429,2328.10402346939,2784.09732755102,2661.75519285714,2546.0741422449,2448.0272244898,3125.31688163265,2830.19972755102,3283.1417,2242.1614255102,2422.98819653061,2489.60771428571,2813.23540204082,2853.66093571429,2570.68822653061,3076.63088938776,2147.01411428571,2756.2980877551,2711.51666938775,2065.65679387755,2428.1986077551,2562.64056326531,2481.86886326531,2109.20864387755,2810.12384795918,2438.08119489796,2255.66466530612,2501.80855306122,2535.16543367347,2498.38565469388,2639.50267959184,2131.07009285714,3200.20541122449,2858.58038469388,2671.53954489796,1753.95957061224,3326.48788877551,2486.67448367347,1977.14797959184,1978.07578571429,2049.78728571429,2224.36178571429,2770.11709795918,2308.13314918367,2434.21998469388,2529.94366836735,3432.20157346939,2784.95043387755,3103.02949081633,2405.29193285714,2829.84692142857,2781.30731632653,2641.58042346939,1701.70468877551,3280.21435204082,2379.54744795918,2616.66675408163,1803.28829387755,2871.42217857143,2332.49774397959,2092.37225408163,2504.19388897959,2832.25828571429,2191.22431428571,2670.14684928571,2681.33722785714,2905.8709877551,2990.24897755102,3157.99279693878,3052.56020683674,2932.99993877551,2587.6976122449,2927.62519489796,2166.03788673469,2414.97497959184,2906.12060204082,3732.64514489796,3040.63203938776,2790.76553673469,2502.64634081633,2305.59623836735,3020.38411836735,3003.39139591837,2431.13168693878,2361.88459795918,2509.3020372449,2550.96636734694,2438.48854755102,2381.42734897959,2611.2570622449,2129.50835102041,3573.5319377551,3539.65645,3044.40313673469,3042.13503367347,2880.09227346939,3757.73750306122,2939.75469285714,1962.78897602041,2718.36213469388,2456.27259081633,2389.56497142857,2336.607585,2775.54575714286,2615.36955408163,2509.71063061225,2584.19761836735,2779.63977959184,3063.29539591837,3015.66900306122,2191.48423163265,3232.30150204082,2762.39509591837,3178.23774285714,2336.51443571429,2519.40556020408,2108.82536020408,3375.38236632653,2437.8993877551,2241.93129877551,2083.89182520408,2344.95534244898,2158.22948673469,2176.7739622449,2608.84683571429,2171.14086959184,2754.43680102041,2709.29233857143,2123.92151326531,2526.92321030612,2545.64528163265,3220.65767857143,2809.50015306122,2994.23400816327,3206.6274755102,1978.88996632653,2764.87368469388,3211.35319591837,2182.08588469388,2911.1533055102,2812.97927469388,1726.5942377551,2331.35830510204,3232.23020102041,1889.83295612245,2401.11646326531,3020.67694081633,2685.43687591837,2412.36770632653,2308.11764102041,3049.34086020408,3179.42270204082,2461.12161734694,2359.61408744898,2215.44124285714,2757.09248163265,2641.43701632653,2577.50242551021,2385.39466428571,2841.60552040816,2859.33214387755,2359.98286020408,2180.06628877551,2691.1104622449,2836.39964438775,2013.4907244898,2540.09833163265,2290.43103163265,2665.28655,2437.93605612245,2635.53720510204,1867.48005612245,2500.78904693878,3025.36639693878,2925.63273571429,2403.95838877551,2230.37104081633,3294.56025714286,2480.63608469388,2476.86518571429,2379.05358469388,2419.04871326531,1789.76135408163,2377.61345122449,1937.5351,2465.61189795918,2837.91118163265,2186.45432653061,2188.48875918367,2655.02849061224,2756.6778244898,2356.10351836735,2870.37834081633,2695.49947755102,2751.13904285714,2343.05994081633,2343.43433571429,2803.60725714286,2713.11434897959,2306.68984387755,1847.53314387755,2006.71234632653,2575.12972755102,3454.11270612245,2623.12668979592,2683.27329693878,2267.5228755102,2785.22649489796,2397.19193122449,2893.84509897959,2716.01392857143,2856.45929857143,3639.19021428571,2056.92287040816,2227.21244489796,2366.35996326531,2516.29639795918,2356.76667142857,2681.59093163265,2899.29428877551,2553.91101938776,3539.63092755102,2762.56130816327,3167.00986530612,3049.66617346939,2858.8986755102,2829.94433142857,2967.28840204082,3202.58762857143,2453.59328979592,2681.95543469388,2474.78017265306,2345.11065306122,2151.76903377551,2957.28975408163,3117.96367040816,3541.16973673469,2993.88216530612,3009.67185408163,2907.88383469388,2628.78971428571,3282.1039844898,3309.92970612245,2966.01397755102,2913.64165918367,2869.87569897959,2691.70217959184,3067.99611428572,3409.28937142857,4157.99240204082,2110.97915510204,2556.18147530612,2693.02463918367,2543.49991122449,2679.01322653061,2623.22966326531,2737.84542755102,2340.63251530612,2326.27292142857,2279.93813877551,2421.95376836735,1843.09083469388,2658.95700510204,2724.69146938776,2493.05298061224,2178.0953755102,2932.98349081633,2814.38948632653,2706.05200816327,2497.6477755102,2570.36762346939,2170.2706877551,2201.63082183673,2960.71381938775,3055.62359591837,3069.10665306123,1856.20444897959,3370.60577142857,3870.49519591837,2955.01844285714,2469.02956040816,2732.79752857143,2865.07706326531,2712.91922367347,2512.45684489796,3011.58587959184,2341.5886727551,3336.26635510204,2520.06254693878,2778.19789693878,2452.52762040816,2979.84217244898,2157.54788510204,2860.58378163265,3366.24543979592,3091.91990612245,3051.36026938776,3206.01545204082,2530.25187857143,2936.8718994898,2082.77208979592,2649.03334795918,2248.02918673469,3074.27553571429,4251.59681632653,3235.14010816327,2151.71816734694,2533.49433979592,2446.42894795918,2601.07514897959,2773.15180040816,2498.84093469388,2620.48898469388,2640.04670102041,2616.26307755102,2321.84173877551,2309.22226285714,3126.15485918367,2418.35376795918,2253.89912040816,3064.39935204082,2733.51135612245,2622.26882653061,1991.48681632653,2050.34891734694,2673.54809183673,2933.46680510204,2397.57153469388,2657.75842653061,2297.3396377551,2063.37497653061,2691.51802857143,3300.59779591837,2669.13622346939,2405.20016122449,2854.13223061224,2601.55879489796,2411.30766938776,2704.50799489796,2036.30798173469,3315.41835816326,2659.95304489796,2454.51354183673,2325.20771122449,2492.50994795918,2641.09807653061,2528.92100204082,2592.59291122449,2555.37955510204,1841.3835877551,2334.74642959184,2178.61495612245,1734.38986020408,2353.01611326531,2989.07265510204,2596.54740816327,2629.74153979592,2518.6201755102,2414.01169285714,3097.93101734694,3519.72105918367,3588.81305918367,3092.52645561225,2753.43237857143,2698.56358989796,2677.68887346939,2611.99507346939,1725.90995612245,2311.50660612245,2624.18954795918,3283.57015918367,2398.27605204082,2179.36609387755,2053.99624153061,2418.45773061225,2538.25757244898,2957.76062959184,1855.52580132653,2868.29993979592,2598.27200204082,2285.29601428571,2441.76685204082,2385.47235714286,2582.11551428571,2392.01937346939,2874.85239183674,2310.36879897959,2607.39550918367,2570.91252959184,2182.00165408163,2513.02749591837,2085.7242877551,2950.23923163265,3331.01901836735,2193.28223204082,2441.35224755102,2147.07246122449,2505.44888979592,3069.74820408163,3599.50479183673,3699.22274387755,2753.64917755102,2542.78075714286,2922.46976632653,2667.64205408163,2311.14162755102,2242.82312857143,2408.25679795918,3065.24616367347,3042.75635408163,1660.52892959184,3282.97835816327,2729.85781020408,2603.30187142857,1882.19099285714,2565.24771938776,2212.83211734694,2755.92498571429,2602.21858357143,3111.15291632653,2932.37088846939,2101.70952142857,2736.44710918367,2584.76124387755,2882.5833755102,3743.1198255102,2948.63592663265,2764.97204795918,2418.11222959184,2444.06282244898,2905.01315816327,2920.66040510204,3344.88543265306,2885.96785918367,3040.03944081633,3548.68711734694,2954.67826326531,2603.35224387755,3194.83995204082,2281.34261020408,2098.75741428571,2882.24536918367,3054.51656326531,2895.90870510204,2090.78850306122,2692.80894285714,2383.04238367347,2404.00151122449,3178.03366020408,2295.65310612245,2860.07226734694,2675.54434489796,2497.91417142857,2689.41475,2744.25287653061,3053.2618744898,2840.48787142857,2156.5841122449,2305.48881734694,3214.6699077551,3328.01663346939,2410.24697857143,3004.01036020408,2408.12019387755,2520.19930918367,2713.95088673469,2038.91001428571,2536.94353877551,2752.62370408163,2782.24657346939,2608.05697755102,2345.43044387755,2530.37930816327,2445.22448367347,2472.98679081633,2635.96905714286,2773.72925816327,2820.91722928571,3274.78554755102,2518.96480673469,2444.35263163265,2929.55795,2495.84349693878,3425.0771622449,3271.87794040816,2111.18602346939,3036.75043836735,3310.25575714286,3048.29472040816,2994.33466632653,3683.16213265306,3824.98066122449,3108.82082346939,2885.92633265306,3647.86302959184,2410.78594693877,2096.72983265306,3111.89123163265,3077.96935612245,2000.90725306122,2738.29235918367,2582.69837142857,2411.1146244898,1983.61660102041,2610.64159959184,2499.76313367347,2653.14032989796,2319.66673061224,2276.88693061225,2683.83170204082,1960.15805918367,2451.15695714286,2409.40801428571,2400.74614571429,2700.43310428571,2164.63474897959,2723.53768061225,3059.58268265306,3477.01450204082,2317.70327857143,2874.4075377551,3066.05839285714,2815.88555612245,2437.92616428571,2600.17933979592,2710.29393571428,2573.79561816327,2816.08233265306,2529.18507244898,2826.61851530612,2356.57758367347,2319.12030102041,2772.30339183674,3025.64385183673,2943.24244591837,2705.63734081633,2061.73379438776,2903.2149744898,2947.30432346939,3320.75597877551,2504.99604795918,3014.63144591837,2808.19339693878,2717.52152408163,2868.48040918367,2337.35798877551,2329.1131,2340.24840306122,2697.2165,2928.00072040816,2944.23803469388,2980.01343061224,2538.59692959184,2028.1374622449,2725.49426938776,2506.94048306122,2621.61581122449,2186.25941122449,2377.75365204082,2847.67421632653,2867.28902959184,2276.75805408163,2274.40955102041,2710.97747244898,1877.48475816327,3016.62755877551,2932.15955122449,2617.38235510204,3117.76996122449,3221.07760510204,2410.95863367347,3378.40923469388,3232.41678367347,2059.42721836735,3017.93739622449,2418.45689857143,2000.49491061224,2685.74323877551,2458.50437959184,2458.94296734694,1753.86131020408,2396.12731938776,1868.01670306122,2045.38841938776,2103.83612653061,2402.16833479592,3030.59562346939,3349.75360714286,2436.3625994898,3179.19533877551,3016.35761734694,2489.82214081633,2493.65735816327,2934.22970816327,3077.64988673469,2426.88112653061,3093.53171020408,3054.46141734694,2464.43558367347,2895.74374591837,2995.27612755102,2791.06372346939,3350.87662142857,3328.34971632653,3134.5401877551,1929.31469795918,2575.89689489796,2358.50536836735,2523.16287857143,2481.54032653061,2781.69191530612,2942.9062244898,2084.55599795918,2694.52932857143,2866.56631326531,2531.10145265306,2195.45854795918,3479.49378877551,3465.71407959184,2760.44785469388,2182.75934591837,2422.3015,2717.20208877551,2505.91445918367,2367.74804061224,2561.73405408163,2664.81591836735,2416.25576020408,2243.18915102041,2487.81419489796,2950.01398163265,2360.22421938776,2677.08165816327,3079.14456734694,2839.21914897959,3340.99007857143,3729.55500816327,3217.00554346939,2114.94824989796,2557.63930295918,1675.9669877551,2451.28440306122,2537.04667244898,3157.05523265306,1961.8361744898,2935.76558061225,3253.06573979592,2807.00416755102,2954.41525306122,2122.78137295918,2564.85137346939,2579.88975816327,2644.60515408163,2173.46999591837,2258.17562857143,2667.17322877551,3251.88415612245,2809.9817,2302.29534979592,2624.03047183673,2594.76313673469,2328.31361020408,2460.81371734694,3154.48529693878,2842.89624591837,2678.55246020408,2218.98410714286,2988.19678673469,2746.23701714286,2144.4819622449,2704.59631836735,2987.68430102041,2272.41560816327,2884.6141255102,2394.51054387755,2962.99971744898,2637.78603979592,3027.15889795918,2815.39700612245,2564.11615204082,2448.90107755102,2505.01357142857,2451.74145204082,2704.35236326531,3045.3472,2272.02617673469,2841.96227959184,2572.25658163265,2768.47278571429,3005.39402142857,2228.36351734694,1885.76413469388,2788.72093571429,2635.43884489796,2420.32297428571,2633.61368979592,3084.46075,3050.63572040816,2488.36540714286,2495.20139897959,2735.5724244898,2407.07084489796,2573.53540102041,2575.2332244898,1906.74999285714,2056.27616020408,2162.8128677551,1896.72058408163,2624.50303979592,2278.27594795918,2241.67983571429,3925.60016326531,3118.26180204082,2856.83619367347,3146.97387755102,2032.89315816327,3455.38286020408,2613.02764489796,2599.82736428571,3164.83206020408,2701.15362040816,2274.94345693878,3143.77293265306,2433.68652469388,2627.72916734694,2484.3890255102,2228.85950040816,2531.30130714286,2731.07460714286,2756.54240102041,3286.9521,2970.35966489796,2811.57030591837,3257.97837755102,3278.03749489796,3526.26385918367,2305.86063040816,2380.64089795918,2461.93029489796,2481.62325918367,2814.70225102041,3085.5034122449,2441.13456020408,3073.0820122449,2589.27749408163,2312.80979183673,2989.56458979592,2312.7006255102,2426.38182755102,2027.56105918367,2470.26138265306,2190.23420306122,2796.97320306122,2469.03989897959,2801.16544285714,2332.24817040816,1902.14523673469,2255.74329285714,2757.52954387755,2642.13814755102,2140.76065612245,2067.52992653061,2384.46993979592,2474.65132346939,2738.90993979592,2809.01194591837,2837.27590102041,3359.54092959184,2516.74089081633,2157.11439387755,3736.26819591837,3339.58195408163,2587.9667877551,3028.99976938776,2727.29687346939,2487.74091795918,2767.94188367347,2255.0794744898,2159.00937857143,2428.45582346939,2925.74386938776,2823.82300510204,2660.90617857143,2401.11369183674,1941.16168163265,2623.11841428571,2945.18752142857,3132.78082857143,2600.84650510204,2559.5125544898,2489.31718469388,2507.09699489796,2914.79299693878,3051.59978979592,2260.56130612245,2406.02047040816,2366.87480306123,2955.65117959184,2668.94390510204,3208.85091836735,2828.16805102041,3504.82213367347,2637.51414897959,2859.38807857143,2663.31191836735,2530.54611020408,2841.73092346939,2516.54325612245,3436.65325816327,2511.13803469388,2575.62569510204,2425.81765,2698.73813673469,2646.17855510204,2288.72932653061,2383.4876744898,2533.30047142857,2510.28426122449,3473.37257653061,2611.87793673469,2287.80325510204,2342.09418571429,2607.9575,2849.13313163265,2502.5893877551,2863.16028163265,1957.67459081633,2673.25775510204,2520.96519081633,2751.74261806123,2641.19793469388,3099.31040612245,2563.11532959184,3477.62695510204,2934.23759489796,3172.48475816327,2555.68382653061,2080.98776122449,2840.50057653061,2778.93955204082,2402.79620102041,2329.03341530612,2551.53751020408,1950.2445755102,2275.2838377551,1693.12887163265,2498.92805510204,2634.52453591837,2103.55515816327,2439.98213877551,2331.28810816326,2308.40444244898,2005.07847704082,2126.01031530612,2498.03872857143,3000.78834795918,2502.74953265306,2413.43195,2342.80958469388,2612.76935642857,2911.09189081633,2979.61766326531,2335.57750510204,2052.06568469388,2833.71949183673,2736.89554387755,2913.67310510204,2555.97451938776,2297.08119977551,2231.89266632653,3300.58128877551,2728.95138673469,2352.92907040816,1808.06453265306,1752.45642346939,2884.9741377551,2266.07346020408,2908.31412346939,3194.90452040816,2928.40021632653,2722.711,2531.61178061224,2906.57596632653,2150.51469163265,3446.88244285714,2563.13749591837,2721.65902914286,2965.67256632653,2522.67544887755,2178.06575163265,2433.45847959184,3022.51146326531,2566.28654795918,2254.93387653061,2223.4919144898,2807.55884183674,2682.5108122449,2805.33328367347,2708.22373877551,2858.44387142857,2602.79271836735,2611.86945102041,2871.22112857143,2642.4280744898,2807.11849795918,2744.3787,2127.20002346939,2744.86165816327,2369.44181836735,3291.11613163265,2157.06612306122,2086.2132494898,2847.81393673469,2447.30857959184,1881.40079285714,1868.99381428571,2646.07217142857,3229.05054489796,2434.65106336735,2729.64334693878,3023.42074183673,2411.58152142857,2073.78090204082,3368.28356326531,2274.23985306122,2002.53084285714,2662.88449285714,1895.44922489796,2052.09183469388,2511.87291428572,2713.88371122449,2964.03469591837,3105.96140918367,2680.27303163265,2355.68534285714,2576.12595,2554.94313612245,3164.93450816327,3131.42850510204,1815.27011959184,2207.84327040816,1942.76970510204,2343.90788367347,1793.00583367347,2581.20480102041,2519.91011122449,3078.17740836735,2128.79351408163,2581.88993061224,2151.93858571429,2516.29524897959,2140.23662642857,2864.00594795918,2515.87142346939,2672.05728061224,3157.79678367347,3123.84488877551,2527.03417857143,2346.65165714286,2404.89059520408,2096.57113367347,2723.05287959184,2574.98383071429,2242.82349510204,2934.95760510204,2543.89697959184,3136.53747755102,2463.26505306122,2087.32855816327,2544.99832653061,3353.99328265306,2508.90583734694,2362.22591938775,2537.40431632653,2735.23956734694,2131.3872877551,2521.14054387755,2391.34506326531,2033.91922877551,2662.01632142857,2634.38426428571,2346.7858622449,2110.89842244898,2572.4927744898,2035.39828877551,2189.57135408163,2771.91745918367,2213.59602244898,2649.35597142857,2589.77836122449,2165.47026836735,2659.19406632653,2873.28614285714,3081.6472022449,3045.58788163265,2101.41634265306,2879.05474693878,2631.57608469388,2957.05957040816,3342.83161938776,3253.76741836735,2927.43280846939,3330.75986122449,2680.2603622449,3547.44268979592,2395.85390408163,2675.14981326531,1998.22716326531,2571.1924377551,2784.36279591837,2995.62246020408,2526.71267040816,3152.42065,2574.47670918367,2652.08846836735,3256.54143877551,3586.30837326531,3210.85565510204,2598.41085,2412.44078265306,2315.54632142857,2491.01852653061,3317.89989591837,2369.76284183673,2588.5861,2345.92564489796,3138.04440102041,3062.01484795918,3414.83163877551,2851.81500102041,2482.98567142857,1776.26261122449,2385.15453367347,2432.38268061225,3035.58516836735,2320.92073163265,2122.73101938776,2258.1953,3230.61571734694,3113.38836938776,2388.52544387755,2354.33705612245,2691.18032653061,2671.17010408163,2436.20776836735,2220.08301020408,1636.30956938775,1925.06369081633,2707.45744183673,2343.21036428571,2439.24884693878,2628.23044408163,2759.22957010204,2728.18081836735,2926.78055326531,2895.22312857143,2512.64000714286,2388.85454163265,2212.05280918367,2778.83585714286,2501.80044489796,2764.98825918367,2358.76581122449,2453.09029081633,2601.77290153061,2545.04964693878,2554.84554693878,2381.69412959184,2300.84847959184,2283.20665204082,2680.45544489796,2909.88981122449,1980.24976969388,2374.80865836735,2095.46758122449,2114.33193469388,2744.51834489796,2742.49752959184,2338.4300755102,2321.98443265306,2303.51957142857,2919.35645204082,2428.49552591837,2828.49246938776,3311.31104183673,3772.15400510204,2526.5948755102,2632.82636938776,2262.1801822449,2734.33920306122,2511.26583673469,2670.21289183673,2501.02693979592,3060.42216938775,2597.38704897959,2658.59955102041,3134.825125,2904.5936744898,2629.46251122449,2547.24871428571,1972.29567387755,2795.76327765306,2725.17537704082,2868.38243173469,2484.63205,2882.83882816327,2924.61423265306,1829.08694938776,3069.93235204082,2702.33186734694,2367.19068265306,2408.40025367347,2032.11091326531,2276.51324591837,1883.85147244898,2723.61614183674,2577.87183938775,2858.36495714286,2697.91990612245,2695.26815306122,2629.33636326531,2427.45543571429,2504.54300714286,3236.07146326531,2117.75371836735,2463.77628908163,2395.54267204082,2741.7631377551,2448.55999571429,2800.84809183673,2731.5173377551,2834.46656326531,1919.28594081633,2441.0032,3509.69413265306,2896.74552244898,3430.69558571429,3709.58616765306,2581.50496122449,2617.27233877551,2969.06788979592,3083.29069795918,3265.94265,3276.66521632653,3957.16884897959,2879.59683571429,2920.72927040816,1943.82427857143,2516.15906989796,2760.42314591837,2838.02341632653,3108.73934081633,3368.8049227551,2683.52606632653,2573.80953183674,2082.81895081633,1947.17906326531,1947.17798979592,3182.70569591837,2436.77359897959,2752.72680408163,2941.2122122449,2477.89450306122,2287.41001734694,2552.70618469388,2407.29874795918,2083.66026632653,2040.17626530612,2327.84044081633,2359.45802142857,3292.09429836735,2374.25903979592,2176.9344744898,3083.04069285714,2682.09013469388,1687.13116306122,3076.08834081633,2680.14022142857,2377.31834081633,2475.93590612245,2987.72320612245,2191.89016530612,2522.43412244898,2919.98953520408,3031.02695102041,2552.90324591837,2771.2805594898,2485.02860204082,2687.89978367347,2190.04694183673,2448.75058061224,3296.23465408163,2036.07670102041,2321.59671326531,2835.3374144898,3198.31271122449,2517.27868265306,2008.46232014898,2428.21269489796,2325.74400816327,1886.87756734694,3098.97026326531,2730.89453877551,2358.50744693878,2613.98896632653,3228.99778979592,2309.27208877551,3632.08495704082,2506.72266938776,2237.35492040816,2092.05724693878,2715.9534744898,2663.16833877551,2837.1858755102,3040.9473755102,2373.21807040816,2586.49785653061,2789.32658571429,2951.10557959184,2602.04862755102,2718.13071020408,2899.80532653061,2581.09590918367,2742.28368367347,2353.76096020408,3363.07205612245,2477.66204183673,2242.7516255102,2466.97143163265,3375.4764377551,2073.49601326531,2431.46044387755,2411.7283877551,1975.5977377551,2717.46075653061,2635.10398367347,2208.02704489796,2709.20361836735,2774.18973959184,2251.41637755102,1779.45035102041,3283.95604591837,3110.46155612245,2482.09206326531,2589.81510918367,2179.77615877551,2339.45627408163,2995.06409897959,3332.15363571429,2134.86849755102,2412.21478061225,3521.49744010204,2914.16346020408,2959.67830102041,2060.60735,3174.29796326531,3555.01103571429,3113.64498979592,3133.40609693878,2463.60644387755,2359.66900204082,2455.9143,2475.16808265306,2835.54247244898,2633.2658755102,2697.42199795918,2175.4413377551,1683.67543693878,2320.87479642857,2407.32176938776,2286.75504081633,2413.17849387755,2702.93296428571,2902.37971938776,2888.53500510204,2500.69817040816,3378.8905,2482.28526326531,2522.39146836735,2276.00790510204,2937.31307857143,2593.45790918367,2572.25847285714,2596.39867836735,2981.21345,2799.71987653061,2731.3631755102,2745.49318163265,2808.77063897959,2687.9682244898,3476.20681744898,2861.89448459184,2424.19332346939,2381.1203755102,2663.77664183674,2835.05174693878,3130.56035306122,3172.27085714286,3114.31876020408,2377.84501428571,2815.61911632653,2501.28535918367,2735.99070102041,2873.80833469388,2466.59092142857,2902.18362959184,2730.20835612245,2601.21531836735,2548.12416428571,3400.60351632653,3234.8459877551,2716.47446326531,2719.06265816327,2660.98694489796,2019.0409255102,2704.67790204082,1688.26824877551,2286.8486822449,2538.52760612245,2438.81537142857,3153.75755,3057.28723469388,1820.88025510204,2545.96372959184,2483.73878571429,2260.38849387755,2861.56231938776,2717.36590408163,2394.69558571429,2463.8736244898,2710.72144795918,2588.91418061224,2869.6297122449,3287.91109693878,3105.26189795918,2982.48121530612,2943.63916530612,2690.45016836735,2709.40401020408,2359.03170612245,2568.92583265306,2391.18884795918,2088.62940306122,2526.68863979592,2359.35621836735,2221.10803061224,2692.99187755102,3072.97053367347,2696.55340714286,3192.74795714286,3394.28372244898,3670.91136816326,2854.30474489796,2585.77815265306,2940.69056020408,2412.48550408163,2055.48459146939,3196.66818163265,3069.84404693878,2923.8621255102,2991.10188183673,2362.19058163265,2626.10101938776,2744.04742755102,2555.04439285714,2191.39803877551,3162.84345714286,2865.04638265306,3038.68707959184,2941.50616326531,3262.23548673469,2472.22461938775,2318.5873244898,2668.26941734694,2650.21471122449,2379.70099081633,2696.68135408163,2924.85860510204,2660.85583061224,2319.48164693878,2969.29517653061,2917.50318163265,2660.25581938775,2639.63155306122,2622.20819591837,2591.09715244898,2427.16202959184,2472.94578367347,2137.20157142857,2916.55277142857,2723.66970918367,2019.21045,2555.81765918367,2256.42510846939,3257.31180816327,2094.10617653061,2447.02778163265,2789.65599489796,3043.02214877551,2632.7323877551,2972.54922040816,3006.30483061225,3108.53507959184,3160.59288877551,1798.33286632653,2451.0203622449,2240.20096938776,2780.13364591837,2805.41131938776,2213.2152844898,1987.71539795918,3164.35976020408,2391.10448979592,2308.18174795918,2479.44221102041,2714.18483469388,3139.57012653061,2366.98606836735,2366.96510612245,2081.78647857143,2270.83665204082,2716.37290918367,2469.69522653061,2414.01093061224,2322.23375,2839.72917653061,2550.38989081633,2807.10914091837,2394.44818163265,2859.26728673469,3207.13373163265,2776.71712346939,2343.33798061224,2789.39130816327,2633.02592346939,2716.1543,2401.62437234694,2910.97658367347,2763.92796326531,2153.05579693878,2464.81693612245,2276.48703469388,2193.92651122449,2529.7469255102,2541.15703816327,2611.43494183673,2440.98708795918,2689.05617959184,2221.57850918367,2557.13898367347,2436.09041428571,2344.94241326531,3490.7160622449,3186.62619081633,2778.97956734694,3366.08964183673,2527.41993265306,2482.02197346939,2371.39636530612,3327.39793979592,3050.0714,2012.77244408163,3055.46185816327,2911.61538132653,3006.21688877551,2412.25255122449,2913.35675306122,2791.19853367347,2840.9410244898,3273.8890255102,2989.70356938776,2494.68622857143,2687.60067040816,2268.15856530612,1931.81370306122,3046.84923061224,2111.71381428571,2385.82042857143,2418.16361530612,2395.03365918367,2674.69670306122,2377.73087428571,2117.98871744898,2868.85443265306,3366.62313212245,3849.5156122449,3072.73212520408,2680.98228367347,2395.81951326531,2628.03641122449,2694.39488979592,2457.36656530612,2701.73414489796,3152.38230204082,2619.60597857143,2025.37773877551,2515.62375,2514.99215612245,2230.85781836735,2220.67848673469,2999.33997857143,3003.06114489796,2388.68856428571,2321.25869387755,2725.6282744898,2445.58476428571,2384.20851632653,2786.43840102041,2594.40994734694,2711.5218,3004.40985102041,2776.5588755102,3014.1424877551,2872.62508163265,2815.59987142857,3025.33711938776,2567.85657346939,2425.79616530612,2300.66741020408,2452.80831734694,2431.57587653061,3547.87293673469,2929.93615612245,2141.48470204082,2419.88615,2574.57725306122,2025.50140510204,2275.51522959184,2217.4104877551,2369.74528408163,4054.77098489796,1631.12496530612,2396.4421155102,2256.44829489796,3110.16318469388,2916.67418061224,2290.57575408163,2621.68775408163,2658.43487857143,2705.98152653061,2289.98145408163,2396.95299183674,2949.30390306123,3145.17837857143,2530.43250612245,2931.81193102041,3411.18644081633,2307.81143571429,3028.85138163265,2864.52419183673,3223.38577755102,2638.38452234694,2534.26587857143,2169.62834693878,1857.06077469388,2809.70088367347,3071.13267857143,2654.03472346939,2308.80715612245,2713.39576612245,2872.03526938775,2945.49629489796,2643.55019489796,2169.28405408163,2467.86629795918,2681.64570897959,2629.55262857143,2944.7407755102,2713.95469285714,2687.72910510204,2686.6234377551,2577.91033163265,2348.54848571429,2364.18841571429,2769.00663265306,2716.11201632653,3080.97411428571,2504.40847653061,2432.5723,3124.0794744898,2727.38531,2337.5919822449,2577.40421367347,2687.57574795918,3551.57655,2339.14480918367,2524.73585183673,2997.28217040816,2436.47915204082,2819.76000704082,2468.88647244898,2197.21946632653,2636.19693979592,2190.81066326531,3196.67917244898,3255.67888367347,2547.28945673469,2227.20676877551,2250.63096734694,2429.15649979592,2337.80966020408,2683.6930877551,2826.77607346939,3177.94591428571,3334.58836836735,2753.93755306123,2826.05127755102,2829.86266734694,3012.55478469388,2687.87555816327,3144.64228469388,3137.87940918367,3083.72041530612,2401.58912755102,2851.48672244898,3303.18653877551,2926.39087653061,2272.84404081633,2275.54537428571,2720.69478673469,2467.9494755102,2285.69809795918,2306.661,2213.34049897959,2297.28074387755,2410.41759897959,2727.3720255102,2508.372,3067.86269693878,2445.27660510204,2410.30421836735,2361.32043979592,2554.82553265306,3025.87310204082,2285.27506428571,2125.07416040816,3068.59236367347,2504.81849285714,2793.12837959184,2412.68866163265,2840.37220204082,2541.00648469388,2574.10873979592,2594.30992346939,2503.57377040816,2524.96233265306,2746.10365408163,2170.62329183673,2866.29434489796,2479.10502959184,2066.0633877551,3426.67575510204,2731.98696836735,2273.47590214286,2332.05220918367,2443.61042142857,2282.37128469388,1817.72455204082,1705.595,2478.28598979592,2522.99410204082,2951.37744795918,2924.50446428571,1895.60185483673,2062.42123673469,2249.6641244898,2403.85521061225,2614.37633571429,2298.92226632653,2259.32273469388,2567.1179622449,1989.66282040816,2341.05292040816,2186.51841530612,2486.5364722449,2355.73443673469,2151.27510408163,2014.8835377551,2268.07525714286,2197.68319591837,2664.91739285714,3154.90801734694,3014.81107755102,3235.40349918367,2702.77899816327,2509.56518673469,2503.65387755102,2971.73569183673,3019.92984489796,3223.68612244898,2568.07144581633,3327.13931836735,2884.85110734694,2129.12017755102,3731.90459387755,3167.08472040816,2575.94745816327,2474.36378163265,2501.53872959184,2147.19113673469,2659.54284081633,2279.0363244898,2443.69870306122,2565.57787244898,3397.96313163265,1923.93694489796,2569.93257142857,3037.42874591837,2132.6436744898,2693.05890408163,2679.40440204082,2996.87256734694,2813.47168265306,2580.50512244898,2717.27513061224,2690.71921020408,2681.13855612245,2175.53880918367,2327.18274897959,3299.60899897959,2462.52244244898,2634.09995816327,2786.1730672449,3179.75465357143,2454.24156428571,3542.98487959184,2753.27194693878,2517.1111,2149.37629081633,2933.66646632653,3072.67837142857,2713.79076428571,2500.01389897959,2014.68087653061,2779.19077755102,2366.78796836735,2786.70558163265,3349.09803265306,2854.86039387755,2738.01638469388,2617.2823,2827.42980816327,2240.36779489796,2059.36839285714,2836.14768061225,2998.44891530612,3375.08587857143,2576.23613469388,3089.80422244898,2210.95582816327,2607.72491734694,2273.72228877551,3572.46404081633,3015.27782755102,2923.18612857143,2685.4954377551,2457.39308591837,2346.56276020408,2703.70871530612,2228.70727346939,3603.59647244898,3134.9713622449,2733.96780102041,2779.84026938776,2988.33912489796,2446.95712857143,2805.3579377551,3463.13741020408,2179.75615612245,2409.14772653061,3505.0267,2814.8203122449,2517.18115510204,2868.08729693878,2205.96300510204,3044.57743571429,2791.75796734694,4218.29051938776,2867.03876428571,3550.86381938776,3255.66777653061,2539.41661632653,2211.70764306122,2433.21697653061,2765.59691428571,2714.39036734694,2148.21138367347,2623.38179591837,3341.89910612245,3362.36631534694,3135.8962255102,2739.29090918367,2572.66341836735,2391.05162959184,2871.27602806122,2719.84008469388,2512.69323163265,2529.32197653061,2507.34396122449,2478.90103367347,2458.67778306122,2455.15128540816,2928.86096938776,2190.63620306122,2277.95639081633,2354.65554693878,2801.64169081633,2155.18984285714,2930.15707755102,2499.73575204082,2162.14366938776,3059.34061530612,2437.88755510204,3426.69683571429,2742.77881122449,3126.60028979592,2764.14298571429,2201.03247204082,2831.98272653061,2780.20727857143,2768.06115612245,2602.82716938776,2500.67646326531,2690.96114489796,2269.23484897959,2816.16340714286,2651.28888877551,2543.20985918367,2330.60333,2827.61705612245,2399.88247244898,2901.10861428571,2780.0361394898,2998.96351122449,3024.05369387755,3855.2278,3165.31688469388,2666.96033571429,2014.24964897959,2521.42421265306,2249.16956265306,3134.30248265306,2450.03467857143,2558.82934795918,2420.84794387755,2807.15353367347,1711.57253367347,2616.42815265306,2260.29450510204,2960.90735306122,2501.94395204082,2374.35694020408,2122.33961836735,2729.43580408163,2434.44508265306,2634.36920816327,2674.5125877551,2575.16069693878,2555.53390204082,2671.22793061225,2969.64768469388,2244.26119489796,2954.71035714286,3129.14040510204,3475.16902346939,2769.66244795918,2738.3872,3010.38841020408,2165.12798469388,2930.79543387755,3016.8841,2639.66034061224,3423.58904183673,2201.5044244898,2537.94337857143,2373.66052857143,2343.29146122449,2108.33157477551,1988.51405312245,2889.7896477551,2599.83954081633,4235.34900816327,3229.21583673469,3246.34370816327,3485.60637857143,2497.86666836735,2747.77162204082,2508.61024489796,2335.68762244898,2983.69469132653,2621.6567944898,3369.39535816327,3138.67931571429,2840.69972040816,2162.23182755102,3122.21608061225,2417.13544081633,2882.58604326531,3245.18898571429,4004.91801734694,2610.91213979592,2473.34935306122,2844.15252244898,3243.52517163265,2553.6696,2541.29188571429,2512.9548877551,2861.71827040816,2913.54251020408,2837.75303061225,2567.1465755102,2580.39970918367,2815.03586530612,2147.66910204082,1996.57457857143,2297.78246438776,2583.31947142857,2540.91511020408,2233.94503163265,2631.71591734694,2376.04838071429,3345.24230969388,2556.03512346939,2434.23379285714,2840.60163367347,2521.06636326531,2327.42746632653,2777.44186632653,3904.97815,3231.93368979592,3245.02688469388,2803.84481326531,2747.75943387755,2842.04405204082,2805.39347346939,2163.6823622449,2095.70150428571,2823.82622653061,2888.18638265306,2614.15350959184,3466.81439122449,3130.83820387755,2644.97501938775,2189.28004081633,2712.52949183673,2631.60746020408,2611.49324285714,2886.58307040816,1977.28696122449,2419.17519693878,2372.28637142857,2905.12373673469,3036.6649244898,2523.36763367347,2232.48528979592,1897.26782959184,2614.63975510204,3134.96336122449,3093.04780102041,2066.06027346939,2489.23558265306,2800.04608061224,3045.24819387755,2099.20088367347,2696.68210102041,2374.18001734694,2909.52729102041,2522.53001428571,2439.4615122449,2845.43986734694,2805.81062959184,2393.3139877551,1961.26718061225,2825.99883673469,3026.5467377551,3298.75829285714,2503.89887244898,2780.50245408163,2332.90060918367,2830.91051836735,2338.23203673469,2045.71463367347,2260.28018265306,2500.27177265306,2810.60994795918,2759.00315,2515.91655918367,2808.60450816327,2837.87654183673,2790.1466177551,2544.98393571429,2708.58652755102,2131.88471632653,2300.02255204082,2218.86416122449,2236.91758877551,2732.48404285714,2859.4211322449,2924.47255714286,3008.0951622449,2898.58501632653,3299.77455857143,2841.62477806122,2794.03988469388,2899.15154387755,2734.76889306122,3006.46305918367,2669.56729591837,2723.56369693878,2732.60709387755,2404.16176938776,3275.22693367347,2506.02041938775,2022.64641938776,2793.54045122449,3001.03036938775,2446.64627755102,2868.82094693878,2313.77807142857,2707.61123571429,2503.08358061225,3405.59143265306,2787.0840977551,1995.17028265306,2628.97106122449,3450.17285204082,3037.56049387755,3415.62094795918,2416.29409387755,2774.49668979592,2591.92925306122,2692.30622142857,2326.18115204082,2562.7887744898,2877.0456744898,2481.17156020408,2522.98116020408,2165.64896428572,2740.53146836735,2124.29644795918,2313.02058265306,2537.64614183674,2418.27951163265,2099.0716744898,1550.41403061224,2631.59130897959,2317.4302394898,2132.53591693878,2699.88691357143,2792.71816632653,2616.20890918367,1953.95716428571,2570.61416938776,2607.14643469388,2608.88133979592,2777.00311122449,2606.77167346939,3692.71892377551,2971.04653163265,2994.05750510204,2659.72601408163,2498.98319795918,1734.4509122449,2820.27618265306,2736.48041428571,2551.77516387755,2788.86232857143,2567.57597857143,2703.7058894898,2555.26190306122,2510.03124285714,2750.77931836735,2229.63179387755,2749.76838673469,2389.36502959184,2725.59338479592,2678.50839693878,2793.14025816327,2897.21080816327,2465.48948877551,2275.35333877551,2361.10051744898,1857.55890510204,2912.30132857143,2452.39728877551,2394.51929591837,2961.46952040816,3499.35803469388,2520.85629489796,2297.68653061224,3635.86251122449,2905.15466530612,3118.27650408163,2878.5412455102,3318.32180816327,2823.18116938776,2349.13334897959,3132.69849591837,3199.88229387755,3158.65246836735,3150.15134489796,3146.29236020408,2540.68291020408,2529.78597040816,2797.96725,1955.66272346939,2635.29433265306,2615.17891122449,2337.40436632653,2121.84892244898,2932.59624795918,3250.74634387755,2380.02629489796,2691.99961326531,2920.09129081633,1916.35882653061,3028.84193469388,2895.32726734694,3460.61805102041,2803.87511020408,2278.98554897959,2154.26530510204,2623.40265306122,1344.37362040816,2789.32616326531,2713.52497959184,2580.76404591837,2262.27918367347,2385.49070816327,3411.27957040816,2849.04532040816,2215.95587040816,3861.83089183673,3215.52899387755,1925.37888061224,2181.5280255102,2038.92047040816,2161.67287244898,1828.45983979592,2528.54855918367,2752.21013163265,2750.49781428571,2749.42938571429,2880.4771377551,2292.49346632653,2500.20627142857,2552.72572755102,2821.14276632653,2389.72761122449,3092.40531122449,2735.66423367347,2573.59033816327,2724.19746122449,2528.53476836735,2362.23495571429,2469.60079795918,2310.2488744898,2271.62998469388,2426.18369183674,3366.37267142857,2575.13025408163,2022.56235714286,2600.01428265306,3119.55320102041,2576.85953122449,3831.95568367347,3193.61723061225,2945.83901969388,2781.28659591837,2758.91153673469,2961.37619540816,2969.18647244898,3275.85755204082,2905.15536836735,2308.10587244898,2088.67792040816,2405.28425020408,2306.1070755102,1927.73615306122,2415.09164183673,2035.26554285714,2243.34753877551,3220.31439081633,3052.79521632653,1904.46337683673,2799.59951836735,2684.01422142857,2483.11943061225,2391.04337857143,2734.41001122449,3412.74987857143,2558.54358936735,2639.70187663265,2879.93579693878,3116.76759285714,2667.37400673469,2526.9168255102,2141.95809183674,2577.25527040816,2812.94386836735,2686.04959081633,2310.63943469388,3237.40178367347,2626.59248816327,2869.06226428571,1870.5806255102,2440.97170510204,2252.64544061225,2296.69498612245,2919.62379285714,2316.41196938775,2782.37435,2461.72849897959,2657.14801836735,2449.23652530612,2651.56464489796,2961.49962142857,2424.88981530612,2361.29979908163,2406.35945,2315.72036428571,2348.29594367347,2890.35597959184,2482.3411244898,2300.11491734694,2350.1951,3060.80419234694,2981.13843571429,2483.92037040816,2957.39723061225,2468.79910612245,2490.49489897959,2391.78631938776,2547.79494489796,2749.36226020408,2875.19521428571,2547.73165,2700.52779061225,2752.42817244898,2851.01973367347,2680.7783877551,2531.15133489796,2013.75465612245,2534.92390408163,2227.33450510204,2477.1788544898,2393.3788044898,2326.16355918367,3093.70587755102,2991.90925306123,3844.22917040816,2754.34203163265,2864.97911530612,3518.85573673469,2058.66939897959,2217.08772653061,2164.79279489796,2525.87841632653,2267.11723265306,2651.11807755102,1846.98169081633,2416.41156857143,2742.76033367347,2908.19898265306,3573.9360755102,3008.03287040816,2415.25844081633,3427.0404255102,3099.65390102041,3046.22485714286,3132.68473163265,2352.38702479592,2287.5366755102,2351.62500204082,2409.82051326531,2794.04335714286,2803.95313469388,3188.46158265306,3013.20575714286,3031.06643979592,2955.95530938776,2663.0692244898,3040.5416622449,2451.26795734694,2231.94910714286,2715.97617959184,2429.16171428571,2840.5778255102,2801.36045510204,2401.17827918367,3419.88396938775,2802.70159387755,2255.81818020408,2231.47095020408,3674.16431326531,3191.80020408163,3090.83577857143,2994.81232959184,2413.0008755102,2826.26973571429,2300.39600918367,2894.78209591837,3147.00000306122,2364.33561734694,2172.73524183674,2988.41848469388,2229.9533544898,2673.58049285714,3034.02501530612,3323.10110408163,2831.58665,2342.33063979592,2500.01704897959,2281.21085,2310.52531826531,2441.28793285714,3072.43669897959,3113.14187244898,2560.29375918367,2565.33899489796,2743.60661734694,2169.49362806122,2521.98960204082,2967.8512377551,2602.06176938776,2523.14225,2313.6628,3227.56241428571,2852.41431428571,3030.04154897959,3341.59541734694,2716.8662244898,2710.53903469388,2691.89667142857,2375.51575510204,3005.56763183673,2688.43371020408,2172.17521938776,2306.62520408163,2133.41003571429,2404.58248469388,2245.11361020408,3157.5331255102,2613.2986877551,1859.59782142857,3220.44360714286,2577.39064795918,1681.7492744898,3059.5947822449,3168.45893469388,3231.13590408163,3247.22503469388,2345.28198918367,2268.82667,2863.65500204082,3370.97961836735,3152.69592346939,2372.35496673469,1992.25920183673,2640.81694795918,2341.63332040816,1895.11052857143,2192.24957142857,2831.23304693878,2454.59645714286,3146.77603979592,2734.62042142857,2238.75153979592,2320.26874591837,2665.39559081633,2632.7134,2576.51712857143,2891.79478163265,2878.48228265306,3145.66985102041,2417.58514285714,2918.22501428571,2314.4979,3419.26306734694,2882.92497755102,1720.43745495918,1814.4424244898,2533.19047040816,2579.99032857143,2890.03698979592,2630.47854469388,2316.49871734694,2781.47720816327,3529.55709285714,2595.80861326531,2577.58708673469,2776.92009489796,2935.39612653061,2681.72461326531,2213.65672755102,2695.51819989796,1980.91950816327,2577.86395816327,2578.63142653061,2068.98860306122,2913.6285244898,4138.32539693878,2007.41476326531,2786.73445979592,2549.37407,2840.75310408163,3234.12486020408,2875.0729255102,2960.1620755102,3511.22141938776,3398.76929081633,2654.44162346939,3223.05993979592,2421.35544795918,3106.19818979592,2981.65406530612,2458.06984693878,2285.1812622449,2519.13267959184,2453.72541734694,2493.61171734694,2626.20214285714,2133.39459183673,2577.45443877551,2228.5972877551,3177.18944183674,2525.9196877551,2291.38186734694,2460.68016122449,3112.80159897959,2348.04585714286,2728.86484081633,2575.46107857143,3275.91756020408,2134.86733030612,2930.83026734694,2234.21375183674,2555.96126632653,2315.08511020408,2862.43847040816,2465.38005510204,2876.66377244898,2961.5965744898,2084.5618377551,2593.90479795918,2522.11641734694,2643.84048265306,2950.27221428571,3077.74414816327,3081.15622844898,1915.46739285714,2517.57554663265,2791.87108163265,2771.87468367347,2230.84428979592,2488.66488469388,3075.89054693878,3317.57494571429,2525.34104795918,2634.48203571429,2420.79174183673,2929.81109387755,2920.29316734694,3166.63174795918,2459.39021020408,2843.53320918367,2458.07315714286,2413.92074285714,2289.38942857143,2564.2133,2143.32762653061,2635.81545306122,2899.31081836735,2815.36900306123,2475.81803673469,2454.53313877551,3235.16423979592,3359.40489285714,3542.83032346939,2734.91994897959,2912.22727755102,2743.52369285714,2701.91705755102,2300.03700918367,1694.68775612245,2337.72463469388,2559.6449222449,2870.43044183673,2603.02346530612,2631.25890102041,2704.84257265306,2336.23898673469,2699.20348673469,3101.80634489796,2396.0997755102,2394.39984693878,2875.28570102041,2270.05591122449,2665.49489183673,3056.1277,3423.33854081633,3102.73054693878,3072.8275244898,2317.54419795918,2792.62706326531,3048.62116020408,2673.31871877551,2582.33151734694,1939.47835,1869.49118469388,2798.54232142857,2686.65642857143,2398.84432959184,3080.73014795918,2840.79995204082,3012.67002959184,2642.22848846939,3697.21624081633,3438.10000918367,2597.7665744898,2662.09089285714,3932.41641734694,3058.96106020408,2413.4605544898,2392.05965061224,2187.18061326531,2091.58944571429,3101.0973744898,2582.07522673469,2946.84565510204,2582.42401530612,2541.12391326531,2412.79128040816,2464.04107142857,2100.68687755102,2441.87477346939,2834.47374183673,3001.85089489796,3193.47731938775,2350.63379081633,2797.50355918367,2356.70261530612,2396.25533265306,2450.0220244898,1986.88324081633,2618.16569183673,2548.23055408163,2608.34117857143,2596.87785,2839.45079795918,2608.7687,2620.47690510204,2431.75212755102,2628.99110816327,2462.18809183674,2369.91256326531,2428.81856530612,2126.36607346939,2708.84264183674,2072.15321326531,2828.59329081633,2838.6797,2826.05229081633,2810.40735102041,2681.81535510204,2774.57936428571,2914.07132122449,2755.42780510204,3147.31283163265,2555.29487244898,2517.96293061225,2191.62386326531,3006.66603877551,2707.03712040816,2550.00939489796,2475.90290816327,2495.71603367347,2565.17576836735,2417.78225510204,2483.69902959184,2032.93034897959,2669.70411346939,2693.66417142857,2439.54256897959,2652.37820510204,2970.28403673469,2763.38974285714,1841.16110783673,2330.87376836735,2506.99915816327,2400.67474183673,2829.47592346939,4352.48452244898,3525.30424387755,3568.73635816327,2587.47609591837,2276.54755408163,2907.43636938776,2229.76070102041,2628.30644795918,3103.60390959184,2563.70650102041,2867.39281755102,2947.14189881633,2521.52861938776,2312.44315714286,2284.48654285714,2809.47834183673,2518.97584489796,3039.75363877551,2490.94472755102,2471.47812959184,2529.62414183673,2139.76451530612,2757.59629897959,2788.5100622449,2925.4886244898,3002.87422040816,2525.07868571429,2348.50975918367,3334.61933469388,3540.97060204082,2523.72218571429,2285.33641428571,2503.83186020408,2676.4014755102,2887.12639897959,2549.71737244898,2874.50363061225,2222.93036938776,2324.77442346939,3121.46367959184,2544.43182857143,2196.38997653061,3354.38191632653,3001.86029489796,2507.1580622449,2693.95211959184,2257.92453265306,2558.69896122449,2777.10521734694,2908.53765510204,3122.38440612245,2441.49390857143,2808.22066469388,2679.18123938776,2715.00629897959,3084.20881734694,2608.65960714286,2927.84228061225,2367.79116122449,2814.78274387755,2211.57777959184,2607.3545705102,2200.26712755102,1982.35194755102,2017.80230714286,2711.27794836735,2242.56128265306,2634.05711326531,1796.65193979592,2467.55874489796,2622.24820816327,2756.86936428571,2812.16864795918,2469.27506326531,2946.89428836735,2104.43503857143,1971.42145081633,2417.91556530612,3218.08786530612,1900.09655591837,2547.06452653061,2653.45763020408,2038.66770816327,2980.69837244898,3526.48585714286,2107.72528367347,2203.74132244898,2420.86834285714,2930.81500102041,2835.07437040816,1928.9155244898,2906.98107755102,2776.41052653061,2565.19186122449,2082.62969877551,2643.94766632653,3085.44318571429,3388.77428163265,2543.44357244898,2624.18906040816,2482.14969489796,3275.84561428571,2835.91999387755,2323.66140816327,2620.4637622449,2209.41583469388,2352.55146326531,2186.58010102041,2364.19220306122,2788.81813469388,2380.27444,2080.67227010204,2681.98794183673,2444.45075,2388.99158571429,3203.95506632653,2685.47521081633,2430.43472244898,3323.93140102041,3436.23804081633,1900.62318061225,2758.53879183674,2961.31499591837,2103.70654693878,2839.35550408163,2632.8222755102,2693.54362040816,3398.5383122449,2230.32969459184,3129.51814897959,3386.78102653061,2799.66364897959,2237.11722142857,2498.94598877551,2910.70926326531,2881.89952244898,2518.43887785714,1876.83263285714,2411.5862244898,2724.74683673469,2509.61869285714,2722.90337959184,2447.82541020408,2815.97568163265,2569.39668163265,2979.86782244898,3457.50672857143,2684.77030918367,3066.29315306122,3371.25416836735,3026.62300306122,3328.54595918367,2823.13847653061,2403.53467142857,2474.38443877551,2563.82670204082,2746.66467755102,2603.04245,2495.83775816327,3028.24472142857,2598.3514,2778.30525102041,2534.9974244898,2439.52993061225,2527.89774285714,2675.03460918367,3113.6988255102,2916.70935714286,2037.17000510204,2810.90551632653,2256.1114377551,2499.89924285714,2601.79403571429,2190.55167040816,2207.88466122449,2928.61561734694,2928.18207112245,2273.98603979592,2384.6942877551,2334.42219489796,2076.35743591837,2587.57193053061,2521.52676632653,2266.48767653061,3023.53141428571,2427.09434183674,2353.89747857143,2195.94180408163,2669.79001816326,2672.87268469388,2679.29756836735,2597.80131326531,2313.71546326531,2055.14365918367,2304.29462653061,2405.8705877551,2809.05458571429,2773.30223571429,2905.30909020408,2785.89902346939,2750.73165306123,3101.01709897959,2430.16321020408,3256.19547755102,3694.46496530612,2495.09484795918,2348.53764795918,2816.21383061224,3012.71004673469,2453.8907244898,2485.4675255102,2343.42026520408,1963.66440204082,2778.14486836735,2117.79939591837,2784.25344795918,2519.66906530612,2896.10842142857,2477.19610540816,2149.01284183673,2685.03606530612,1973.60618265306,2945.58589795918,2768.78009183673,2447.89869489796,2336.27188367347,2302.95721428571,3045.62110408163,2626.82579285714,3870.93242755102,2384.94690714286,2675.40211653061,2527.69143469388,1893.21826510204,2709.27794285714,2913.61783877551,2611.15926122449,3306.28469795918,2663.54239183673,2345.71352020408,2923.63518326531,2739.95637653061,2088.29272040816,2425.25538979592,2696.92748979592,3379.65792755102,2907.43265306122,1942.85126734694,2728.42913673469,2346.79306632653,3121.7479255102,2325.69603673469,2643.95075918367,3219.27881428572,2425.77631326531,3158.2979755102,2322.0182444898,2504.79465102041,1657.9785244898,3252.69527857143,2173.09881938775,2079.6857244898,2711.27460102041,2743.84346326531,2843.57430204082,2800.74699632653,1710.10453571429,2479.41304489796,2264.54965765306,2418.51252142857,2656.15530785714,2789.81806122449,2920.3765755102,2856.40987755102,2873.41975612245,3492.55881020408,2445.42874102041,2737.05059897959,2867.78588979592,2989.15713673469,2656.79447346939,2619.41844591837,2070.09033163265,2560.03702857143,3681.67149734694,3371.18584693878,2306.58667244898,3034.78724693878,2772.47461632653,2382.65982479592,2834.00541632653,2446.28576734694,2852.49759387755,2208.80170897959,2644.23386020408,2632.97482020408,2986.43063877551,3410.20650204082,3366.29676734694,3277.32885714286,3091.14574795918,3015.95340612245,3159.62815408163,2426.46269428571,2762.71851632653,2599.97465816327,3529.05815,2449.48899081633,2498.13322653061,2639.3605622449,3441.79341938776,2513.82458673469,3186.7090744898,2589.68771530612,2587.8757622449,2548.9077622449,2408.42462244898,3069.34162244898,3296.50034795918,3074.78491020408,2859.34712612245,2864.48995102041,3531.6381377551,2462.53886020408,2893.78529591837,2512.41690510204,1905.27851734694,2398.05966734694,2467.75677142857,3452.87545816327,2691.18273826531,2567.06441377551,2541.16597346939,2127.3103755102,1917.27055510204,2584.59872244898,2603.67357653061,2886.0091755102,2346.07371326531,2503.98845102041,2366.66507142857,2755.62568163265,2476.57041122449,2273.4221755102,2231.88081632653,2099.57228979592,2825.62993673469,3020.3337744898,3152.40980612245,2932.88671020408,2738.35841117347,3101.29199591837,2263.3295244898,2655.98586632653,2361.37476612245,2412.39617244898,2644.41499693877,2677.00731,2944.26656530612,3088.94174489796,2145.48344489796,1655.80259443878,2018.51578877551,3103.3136622449,2570.33674346939,2551.08662959184,2464.42918571429,2480.65567959184,2185.98221938776,2554.10801020408,2228.70232755102,2500.44841530612,2392.29795612245,2463.27572734694,2766.80273061225,2672.17447142857,2597.37586693878,2592.95348877551,2763.31202244898,2695.54724795918,2915.48182040816,2582.57623163265,2034.5103122449,2101.27453571429,2682.81766836735,2242.02987755102,2537.60677153061,3429.28857142857,3128.49961122449,2501.95508877551,2305.23105612245,2769.13927653061,2782.57235408163,2403.51511836735,2919.98487857143,2994.50879285714,2792.22838469388,2952.15965918367,3637.72954897959,3302.12453469388,2781.93028469388,2170.98187244898,2483.41466530612,2995.30032040816,2473.24891530612,2761.03975918367,2773.93017142857,2972.94297346939,2631.80183163265,2657.79107346939,2689.57193265306,2447.41582142857,2413.66627040816,2028.41908265306,2488.77097346939,2689.24066836735,2597.96743469388,3002.78671326531,2802.40294489796,2843.8447755102,2434.03558061224,2682.61019183674,2566.36806530612,3209.30917428571,2815.21905,2328.3427744898,2873.22040102041,2275.87816632653,2450.97077040816,2960.72994897959,3188.45930408163,3565.30670306122,3105.57164387755,2829.0008455102,1961.67818571429,2501.49051428571,2400.84686122449,2389.19821428571,2261.26430714286,2488.2069377551,2418.39274897959,2445.71882244898,2295.10707244898,2475.08296734694,3511.97992244898,3380.18139897959,2976.48194591837,2588.77427755102,2409.64590163265,2417.75087040816,2531.42509693878,3737.47494,3076.46700204082,2417.23508877551,2648.71175714286,2540.36732244898,2273.26411938776,2936.80882755102,2908.23932040816,2548.09089081633,3179.73044897959,2756.48925612245,3063.31177040816,2888.01038163265,2982.92751326531,2147.50796020408,2234.16082244898,2120.69734653061,2084.59521632653,2721.27227142857,2428.53490102041,2151.23932163265,2425.10119693878,3391.95235816327,2883.62375816327,2551.38529285714,2262.23824183673,2616.29236428571,2546.45876428572,2678.41134591837,2559.20371632653,2231.24632040816,2458.21684081633,2602.40636020408,2931.15935510204,2865.10807857143,3401.61241530612,3797.84410734694,2736.90505,1962.67973081633,2553.5244377551,2496.71348,1976.45587244898,2593.51910714286,2592.11115173469,2782.43312142857,2295.05153591837,2883.50340612245,3042.95607142857,2776.67342142857,2632.12918673469,2786.31917795918,3620.79052346939,3368.76076326531,3023.61453061225,2680.08563367347,3413.53599387755,3257.65996122449,2172.66373179592,2453.88887653061,2629.61888979592,3074.24020816327,2418.47133163265,2308.28446530612,2489.97461530612,2725.74029795918,2283.34058877551,2849.85861122449,2622.99530408163,2080.98011836735,2867.46615510204,2540.34205510204,2872.4964622449,2163.96963265306,2686.54913673469,2814.0313877551,2557.23393877551,2173.99631530612,2382.1982255102,2961.62227959184,2747.07582163265,2852.68484693878,1859.85820102041,2379.51658061224,2425.0610122449,2556.70520102041,2859.57157346939,2351.09262244898,2270.8669122449,2853.49068,2898.77013,2496.00639387755,1716.86847040816,2327.53871428571,2490.3509244898,2423.7143122449,2281.72716428571,2499.27932755102,2681.46869285714,2446.5875877551,2261.49890091837,2583.36571530612,2415.4394622449,2793.73066632653,2291.23361989796,2855.66184387755,3110.96653469388,2479.65321122449,2514.47334591837,2602.11748979592,3091.95816938776,2845.98889285714,2774.73234183674,2235.94837346939,2885.79571734694,2401.07606428571,2557.17340612245,2386.22350204082,2243.45544591837,2106.96742755102,2250.12703877551,2218.93344795918,2013.29488673469,3178.71053367347,2519.73799387755,2203.63360816327,2276.75376734694,1873.42595714286,2466.58211744898,2582.54836734694,2574.58385040816,2518.52728877551,2676.64508265306,2811.95121673469,2424.30323591837,2075.64604693878,2350.32751938776,2163.80910612245,2288.87791836735,2567.00217142857,2350.97379489796,2529.64211836735,3194.66975204082,2859.66783877551,2265.35090918367,2710.84711938776,2119.20979897959,2427.16871020408,2545.88115918367,2149.36160979592,2022.60323367347,2827.10405653061,3428.19765102041,3228.7345622449,2469.12661326531,2549.41557897959,3929.00362959184,2895.86017755102,2554.1683377551,2446.54711020408,2569.86765612245,2687.41430612245,2460.38819897959,3119.17169081633,2629.72956734694,2804.6015255102,3449.42421530612,2774.91319285714,2754.02153163265,2611.3933244898,2657.44618673469,2553.38687755102,3238.59441734694,2758.76764489796,3490.63765,3108.36332785714,2924.17135510204,3353.90453163265,3064.05223938776,2038.91015102041,2692.05321122449,3167.02893469388,2695.48338163265,2296.08158877551,2706.78623061224,2593.1479877551,2246.89015612245,2271.25465897959,2702.03700204082,3383.87854897959,2083.67730102041,2167.62961020408,2643.81505612245,2430.44547755102,2185.33343367347,2182.54616020408,2610.97461632653,3116.09003469388,2746.92135102041,3209.31440102041,3055.4421472449,2792.63704673469,2665.32255816327,2598.62231428572,2875.91093561225,3043.28677979592,1918.46874071429,2299.95942653061,1981.48133816327,2133.1911377551,2090.93479795918,2642.71430918367,2073.16191428571,2630.42019795918,2530.73293061225,2586.73078571429,2612.80853265306,2818.97869285714,2551.08881693878,2553.26984081633,2443.34254489796,2236.63654693878,2320.78025714286,2303.41627816327,2625.42924755102,2371.55930091837,2442.14785397959,2494.77176387755,2499.21460806122,2711.33709397959,4050.6253377551,2047.80798285714,3208.86359183674,2583.22070102041,2657.93097244898,2601.2212744898,2388.51969285714,2743.0091255102,2376.86601632653,2680.6933377551,2700.42105612245,1996.11121122449,3116.50937959184,2314.99918163265,2493.69005714286,2438.97582653061,2119.05175,2605.24334081633,2926.72484387755,2714.09188979592,2678.35837204082,2755.98294244898,2704.59110938776,3462.74586020408,2532.55821326531,2993.83601326531,2302.82979285714,2458.37310408163,2518.46012346939,3597.35286836735,2158.60455122449,2345.24985816327,1987.54893928571,2592.14407959184,1725.64496734694,2744.97603877551,2621.08334795918,2508.2904377551,2817.4897244898,2735.78644255102,2482.79508061225,2316.93143265306,2386.23180102041,2628.43546938776,2978.02378877551,3227.07200030612,3707.74455306122,3490.44959489796,2778.76984795918,2684.00765204082,2646.15848265306,2541.75231734694,2552.94136020408,2121.45771734694,2517.62472244898,2556.48934897959,2405.81006183673,2382.39798877551,2481.70617244898,2829.97070918367,2340.83808673469,2642.72511530612,1925.45511632653,3445.61386632653,2964.8439744898,2172.1526622449,2344.30917418367,2683.01145510204,2624.19979897959,3747.68910612245,2069.30246734694,2816.55890306122,2195.20575510204,2339.07936285714,2088.94574693878,2840.13455714286,2487.54758571429,1916.44213897959,1687.07975918367,2348.54232857143,2228.89580469388,2437.6146755102,2435.58374795918,1921.01573877551,2156.16200204082,2580.25700612245,2819.83190612245,2460.58070714286,2630.85106836735,2736.74519897959,2905.37068163265,2721.74436428571,2574.52089183673,2366.58483163265,2392.9373,2276.97663673469,2341.25376530612,2365.57319489796,3450.70496938776,2280.1430377551,2775.28451326531,2348.36171836735,3341.32608877551,2842.66031428571,2953.59108571429,2527.01422653061,3339.86717959184,2653.45117857143,2351.26200755102,2077.21221122449,2831.72015714286,2475.98345306122,2452.24589489796,3229.46591244898,2126.81053061225,2451.47554795918,2459.31694357143,2575.97009183673,2103.14061632653,2129.94715326531,2594.47816428571,2378.51803265306,2379.2203222449,1927.28619581633,2837.58996122449,2652.17362959184,3029.84083979592,2287.57167040816,2766.40523469388,3968.09279183674,2959.13683459184,2281.3323377551,2363.96014081633,2394.09868265306,2449.08799081633,2213.51713979592,3438.20199244898,2888.46146326531,2574.71076704082,2768.8653894898,2581.31805,2248.62641163265,2520.45801020408,2695.6779622449,2460.43350918367,2656.01252653061,2346.66898265306,3561.40073367347,2432.16727653061,2755.08163163265,3195.56438061224,2330.5622,2533.28409897959,2533.97942959184,3045.30241632653,2448.35766632653,2771.66780714286,2935.99607857143,2455.59382244898,2365.41931836735,2937.32700714286,2132.70569081633,2820.27267081633,2730.59090204082,2645.80208061224,2239.77625714286,2821.9314,2886.35251938775,2116.54688979592,2457.59728877551,2283.54209897959,2826.98208030612,2803.91547857143,3323.79746020408,3082.37498795918,2268.57819591837,2976.75484591837,2521.41777346939,2879.29057857143,2497.38598265306,3551.22079285714,3231.89068367347,3334.85037346939,2248.04110306122,2921.18204591837,2448.82656122449,3370.20919183673,3077.19628673469,3244.60952346939,2572.62243571429,2274.07801693878,2627.45794591837,2597.40035714286,2033.36715306122,2394.33599489796,2709.90014387755,2677.07657755102,2987.81386530612,2450.78938163265,2969.85904183674,3164.58113979592,2606.63948877551,2128.90472040816,3856.2042622449,1959.49041673469,2245.84762142857,2617.24084591837,2623.67410040816,3558.24923367347,2322.11473979592,3280.15783367347,2356.02316326531,3288.03937857143,2908.3998122449,3015.64666632653,2836.05219387755,2500.32362244898,2041.71965714286,2063.73926020408,2150.21121673469,2824.78360530612,2130.36520612245,2040.28402489796,2248.48996122449,2421.19138877551,3381.23676632653,2444.94399285714,2925.60131632653,3219.13154285714,2831.36718571429,2430.8346622449,2998.55771326531,2364.70418265306,2768.53747959184,2557.86525714286,3753.8970755102,2239.89548469388,2232.46788469388,2488.7110755102,2391.77711938776,3012.81561122449,3170.46049795918,3604.75745918367,3235.70101632653,3621.91469897959,2857.31658979592,3204.90480816327,3121.1241255102,2759.4590755102,2934.74953877551,2438.42135408163,2627.34887653061,2430.03282346939,2323.06746428571,2306.49267653061,2517.66175714286,3104.04785346939,2864.99325612245,2602.45287959184,2644.95306428571,2813.51858163265,2413.52166938776,2577.8894877551,2904.51457857143,2504.69240632653,2294.66871377551,2299.566,2996.74882040816,3176.33195816327,2246.04115510204,2340.03350428571,1996.47000918367,2859.83133367347,3058.00582959184,2916.7868122449,2696.96054285714,2607.26739183673,2915.64745836735,2880.99601020408,2928.65327734694,2696.53665714286,2705.20482204082,2505.35424755102,2574.39730306122,3017.17298061225,3478.03375,1932.5228455102,2282.14016734694,2712.72327755102,2962.35255510204,2861.24690714286,2624.64102306122,2716.32917142857,2323.7073377551,2518.90315,2185.90855510204,2846.00857244898,2898.13595612245,3231.87989183673,3222.83222857143,2627.81532857143,2289.28457653061,2624.09406530612,2309.07121734694,2870.43229489796,2716.96699489796,2900.14637755102,2946.2354322449,3477.61001632653,3453.18768795918,3565.01147408163,3142.05375367347,2382.77483673469,2383.57530367347,2662.77504081633,2729.15585918367,2899.67279285714,2982.65284489796,2783.29516020408,2793.93367040816,2905.7226055102,2143.13926122449,2179.5717377551,1696.45606734694,2147.61774795918,2212.7756244898,2225.89523163265,2504.88669591837,2303.07321071429,2676.60049387755,2591.06824387755,1999.93728061225,2683.26262959184,3109.04387040816,2859.03079612245,2587.80173234694,1837.66334693878,2287.6369,2372.74782653061,2821.43337244898,2935.26265306122,2561.14927142857,2960.2428,2500.79158979592,2899.78186632653,2377.22336632653,1730.12308061225,2871.63408673469,3130.57401734694,2473.18516530612,2410.11499897959,2110.12454489796,2747.48293877551,2284.2348377551,3544.13675204082,2899.02741428571,2713.25270612245,2944.19231020408,2810.81414285714,2313.04736632653,2571.79679897959,2716.08833877551,3027.8945122449,2480.28593469388,2681.63501428571,3099.0755744898,2614.80009489796,2886.07742857143,3078.06693673469,2999.36190102041,2168.29090612245,2432.30205408163,2417.83181836735,2635.00442653061,2286.97850714286,2500.91396428571,3011.90469183674,2797.08108367347,2643.64317938776,2790.74006122449,2979.55545204082,3055.07883061225,2827.1393122449,2638.53949489796,2848.06208377551,2482.9509377551,2396.69575,2075.47682683673,2576.77764693878,2748.62570673469,2566.93256122449,2166.18056734694,3561.89069387755,2614.36199489796,3035.62765918367,2906.64269489796,2979.70726020408,2219.43920714286,2674.14971938776,2341.30312142857,2879.94017653061,2280.11454795918,2422.14679897959,2994.97474387755,2352.8799605102,2869.72969163265,2303.91498265306,2879.48018571429,2933.31246530612,2631.91945102041,2444.83447857143,2988.18118469388,3195.61024346939,3453.20877244898,2880.17138061224,3006.99080714286,2540.74038367347,3026.26812653061,2741.33847959184,2585.16699795918,2760.91061938776,2517.30689183673,2599.18897653061,2859.17606326531,3021.60415806123,2531.3493377551,2190.97371326531,2725.36499081633,2715.15929183673,2959.33429693878,2158.4304122449,2705.7578244898,2768.6905244898,3200.69249632653,2679.28657040816,2444.20308295918,2331.24449081633,2662.80126734694,2756.83376632653,3061.00849591837,2218.75193469388,2650.11873183673,3323.64850510204,2987.57095408163,2785.7214055102,2389.50788469388,3191.58724489796,2524.64584591837,2330.65426428571,2160.81587142857,2749.80086020408,2891.20369081633,3146.89569591837,3523.62055612245,2850.00560816327,2726.17849285714,2606.94778061224,2943.44036632653,2713.58777142857,3239.54745408163,2245.78667959184,2190.4829377551,2537.16276428571,2317.25302346939,2727.83547163265,2884.36476326531,2721.67800938776,2476.59560816327,2499.30712959184,3738.39662040816,3587.52888469388,2554.70805102041,2263.52118061224,3712.38015306122,2915.69075306122,2746.99913979592,2011.30508469388,3048.28333673469,2318.76310816327,2059.81056428571,2240.16698265306,3295.44714591837,3015.7772755102,2725.59128061225,2082.74394387755,2415.76291734694,2277.48441153061,2273.99458673469,2495.67495102041,2964.99864265306,2636.55994489796,1752.78774183673,3016.56466938776,2487.86637244898,4714.79088163265,3186.57360408163,3025.06001326531,2439.92070612245,2670.71238265306,3208.4613,2579.38894693878,2262.84331530612,2134.30538265306,2527.44010408163,2555.33293673469,2513.24064693878,2444.12751632653,2858.48920346939,3699.13833673469,2822.87836877551,3000.94050408163,2909.71017857143,2330.65289897959,2998.14926326531,3570.92749183674,3520.34862755102,3031.27975816327,1871.71644469388,2747.9173255102,2454.72981938776,2427.63532346939,2166.07665204082,2667.11953367347,2805.58903571429,3680.69768163265,3262.46619183674,2416.83590020408,2320.03957142857,2207.64600408163,2561.44586428571,2603.74050816327,2664.28562142857,1867.43693979592,2441.36192857143,2262.94268061225,2517.05451632653,2208.86667346939,2303.63890612245,2540.08994,2830.23416020408,2927.9941377551,2884.53502040816,2486.14468877551,2384.75573469388,2210.84880102041,2481.28996367347,2455.95041632653,3066.47340918367,3467.56859081633,3113.20841326531,2585.98079183673,2455.35460612245,2635.18622959184,3034.04813367347,2243.0610322449,2959.45376632653,2048.13348367347,2593.07187040816,2539.50275612245,2450.46534795918,2865.65472755102,3458.95950816327,3162.27737346939,4400.22372806122,2814.40263081633,3588.00509591837,2110.41031734694,2306.19081530612,2409.63359183673,2303.05407653061,2897.71923979592,2346.19610816327,2921.62058877551,2530.46980816327,2034.29965714286,2211.65077918367,2495.28485,2674.39698673469,2397.23451734694,2727.61086122449,2381.35156367347,3721.89229693878,2546.70234183673,2286.93517857143,2929.1465372449,2436.52367489796,2410.75494693878,2547.55870306122,1628.55056734694,2554.9445622449,2408.88579591837,2867.09180510204,2281.57583673469,2588.35338571429,2635.23282857143,2616.4494244898,2353.19512244898,2419.11108979592,3550.72648061224,3074.05288571429,2536.66052571429,2565.18779693878,2218.42892755102,2695.52177142857,2926.26705714286,2296.43070714286,2943.42598367347,2948.18933061225,2237.61669081633,2298.39362755102,2580.94934285714,2941.90784081633,3213.62706428571,2883.1072377551,2692.06697653061,2809.52402857143,2871.94030918367,1958.80467857143,2872.2445377551,2885.83733469388,2569.80964285714,2515.45806520408,2569.84575734694,2366.14194795918,2747.77704387755,3413.58721530612,2864.11298265306,3270.23428571429,3323.86993367347,4064.01652040816,4002.71715204082,2758.38357142857,2978.05235102041,2836.62026632653,2969.41810510204,2363.12677040816,3656.69192857143,3112.62521734694,2558.22584081633,3054.74223265306,3107.43256530612,2741.28707142857,2743.37708010204,2084.56021714286,2514.49697959184,1889.25265408163,1905.09920102041,2569.11650918367,2631.47209081633,2056.73919489796,2855.97958061224,2361.19796122449,2674.04698163265,2503.82778265306,3696.29548061224,2822.27007622449,2265.51338673469,2039.66449285714,2882.97170102041,2648.76456132653,2309.4539394898,2187.21466326531,3122.66158673469,3037.92579081633,3286.27067326531,3065.44596530612,2339.81698061225,2451.18481734694,2287.29869061225,2926.44066020408,2441.64430510204,2704.44988979592,2404.55624795918,2594.11069489796,2791.42299795918,2563.1120744898,2457.51662346939,2855.14918714286,2163.56751020408,2112.46676836735,2812.6081244898,2696.84650306123,2208.51892040816,2443.67471122449,3301.01752959184,3051.43538367347,2586.78829183673,2617.41955367347,2173.06874693878,2462.27538510204,2728.59802959184,2812.23980408163,3336.29828877551,2335.92912142857,2056.29014081633,2753.6523122449,3140.49993877551,3215.70992653061,2808.76729183673,3141.19538265306,3260.4386755102,2736.72298714286,2488.41013979592,2566.95146020408,3117.93732755102,3011.0218877551,2765.83604285714,2524.01761632653,2177.32925204082,3057.8409622449,3027.05410102041,3238.67657142857,2488.00102244898,2812.7857077551,2560.88082346939,3512.13926020408,2330.04750255102,2890.06475408163,2534.04122346939,3275.39178061224,2682.89848673469,2529.0666,2049.52610734694,2128.93598367347,2618.60329897959,2353.87080714286,2747.98392040816,3018.51800816327,2051.62512755102,2299.54389183673,2721.76749897959,2785.79128367347,2156.78557142857,1894.59571632653,2274.02155102041,2221.71331326531,2152.33091734694,2349.63364987755,3314.50354897959,2591.64410306123,2186.74983306122,2310.70319489796,2434.79148061224,2575.20089489796,2527.03811836735,2974.10104489796,2462.18084102041,2801.05505816327,2669.8308877551,2562.24336530612,3003.86956632653,2613.81573469388,2524.82895612245,2778.8563877551,3080.53044489796,2846.15707244898,2934.37354081633,2582.40477142857,2684.78179489796,2671.29178183673,2066.53591020408,2027.30082040816,3150.62512040816,2573.29404693878,3489.25827857143,2733.76954285714,1897.9389244898,2559.09446836735,2662.59896326531,2213.67312571429,2123.12621836735,2528.61522206122,2652.65963877551,3022.5282705102,2661.39423744898,2929.46113571429,2502.04197244898,2674.7677244898,3727.88186632653,3653.07179183674,1930.86307653061,2342.93452857143,3130.69941020408,2392.61055408163,3162.10131326531,2838.94539897959,2465.67297244898,2153.57721530612,2833.46990408163,2820.03356020408,2255.07457755102,3279.2016877551,3582.7929772449,2286.25643367347,2872.39695306122,2512.77613367347,2458.43574081633,2919.66114897959,3161.22000714286,2662.75355,2625.98970918367,2321.87014489796,2654.57724285714,2868.22551285714,3528.55632142857,2197.25103673469,2618.76884591837,2374.44892316327,3110.15812857143,2029.13262244898,2214.03183163265,2934.20510204082,2639.99876632653,2201.64956530612,3288.97771326531,2421.30139693878,2628.88951530612,2443.30392026531,2477.83473673469,2213.95889591837,2103.15658387755,3485.89046153061,3050.48359591837,3022.99705612245,3177.77427755102,2614.05062142857,2890.10356428571,1640.8626555102,2478.30088571429,2356.16814081633,2374.14491316327,2285.43785714286,2094.94611102041,2686.32967653061,2749.94633367347,2666.08523163265,3185.17317428571,3322.15275408163,2872.30297857143,2894.23943367347,3052.27907653061,2979.38261734694,2777.40342959184,2231.16765714286,3208.70502142857,2110.29704693878,2749.34061326531,2082.9395622449,3351.62238163265,2609.31632244898,2915.35517346939,3289.54245204082,3534.92635714286,2538.5642622449,1946.04587857143,2842.90861326531,2349.22747755102,2462.87254489796,2134.08391734694,2884.62316408163,3005.84387857143,2846.15604081633,2666.78541938776,2474.50321122449,2345.75485816327,3283.31951734694,2360.46364387755,2106.40115918367,2873.93682653061,2604.88412857143,3159.76711428571,2839.5911122449,3171.53439489796,3108.42063163265,2703.35326326531,2245.44176122449,2331.64826326531,2836.67503877551,2161.35838061225,1943.12682142857,2925.05753163265,3100.1795377551,2846.86284795918,2306.73937857143,2756.62854204082,1952.98721938775,2840.83954357143,2115.81065816327,2516.83740510204,1955.6522122449,2657.96185306122,2841.96731428571,2929.29571081633,2553.20311081633,2193.03321081633,3115.50219479592,3413.42012346939,2529.24281734694,2236.6901622449,2350.83397867347,2287.59098265306,2567.70236122449,2931.71051938776,2673.20627696939,2512.05153819388,2847.02832959184,2551.3088,2551.74379489796,2811.2245122449,2859.43921938776,2441.88045408163,3039.34756836735,2572.24966734694,2314.90097959184,2836.00663877551,2567.20014591837,2221.36065816327,2730.93328163265,3479.40289693878,3340.27190102041,2570.52301938776,2524.68556326531,2499.49425816327,2534.86255959184,2236.99932653061,2109.54540612245,2795.65329285714,2321.05172857143,2366.8111622449,2225.89193367347,2706.65980612245,2677.85723367347,1947.13375816327,2273.11225714286,2332.63732040816,2167.12709489796,2293.24828367347,2845.68512755102,2938.17830408163,2212.66393265306,2115.87256020408,2182.48284693878,3021.91661020408,2253.8976255102,2942.03932653061,2367.823,2409.40175,2545.47214081633,3105.71546734694,2525.34117346939,2498.02843265306,2753.61892857143,2345.56532755102,2412.05443571429,2174.55918744898,2872.44610408163,2320.22239183673,2821.76495306122,2604.21480816327,2634.00998540816,2748.74566326531,2285.17677040816,2098.94295346939,2464.87516428571,2264.6711277551,2369.62971326531,2951.31400918367,2836.16285102041,3343.6085622449,2618.87111489796,2746.55966632653,2420.77457857143,2391.24448265306,2182.14635204082,2805.50677040816,3456.46852142857,2669.50477142857,2450.75344489796,2790.91953265306,2124.35048469388,2970.71131122449,2367.96265102041,2580.03952959184,2949.07676642857,3036.29163377551,2193.6420144898,2861.13570612245,2621.85814285714,3003.89359897959,3786.32378571429,2504.00487346939,2682.06115204082,2107.84638877551,2469.1919,2923.93478877551,3502.29787040816,2188.97730306122,2383.53395510204,2503.79611632653,2949.17146836735,3419.75493163265,2265.54436428571,2517.70760204082,2155.55167857143,2132.06945816327,2410.10590306123,1982.81932142857,2334.18799183674,3356.30155244898,2388.41436428571,2886.3337,2395.39529591837,2603.01647346939,3083.1632877551,3170.9001,2732.55089387755,2672.71369744898,2321.53162142857,2260.33201020408,2576.97966816327,2362.02309081633,2684.59192489796,2828.71497755102,2143.61596122449,2708.64867959184,2780.98192142857,3400.17072244898,2709.93152857143,2208.97414795918,2636.46947142857,2032.87467959184,2224.68559387755,2380.80902857143,2493.25128061224,2486.09354489796,2446.20453673469,3211.46403571429,2609.21024306122,1884.24370489796,3149.77802346939,2280.53013591837,2144.92899897959,2283.1229755102,2171.68949653061,2458.61932469388,2504.80633877551,2633.78194183673,2770.49041632653,3005.77281836735,2580.35103367347,2720.62004795918,2343.53365306122,2494.93373061225,2435.08102142857,2692.81654081633,2298.41278163265,2843.79858163265,2921.36390142857,3110.19477653061,1986.32533061224,2899.68923673469,3193.88990714286,3105.25495816327,2938.78739183673,2553.37069183673,2761.28001428572,2839.82448010204,2156.18565612245,2113.19317846939,2385.24618530612,2404.77023979592,2286.31482040816,2666.98251938776,2252.22679183673,3890.97432142857,3405.84263020408,2518.84543163265,2534.14310816327,2906.05344387755,3306.64415510204,2619.3976622449,2289.39222346939,2642.44117142857,2206.19726122449,2752.41441836735,2389.49926836735,2316.36307244898,2963.32211836735,3097.11563877551,2272.25305204082,2832.35722959184,2100.15197653061,2470.25338163265,2843.73246428571,2471.92205102041,2406.92558877551,2003.5304655102,2690.09535918367,2695.53002755102,2784.5888377551,2753.59583877551,2884.20706734694,2291.95424489796,2714.55148979592,2818.12696938776,2778.31617142857,2533.84125612245,2546.1490622449,2825.41859591837,2475.87592755102,3505.97544795918,2525.11953979592,2874.16038326531,1887.6493,2946.33933469388,2850.53398061224,2362.76684693878,2577.09983265306,2642.4614244898,2165.33572040816,2963.69595,2851.90609795918,2920.73283877551,2548.33590204082,2619.28316428571,2822.56330408163,2009.22308571429,2387.4117,2200.83779183673,2817.45869591837,2695.44789285714,2371.11954285714,2426.45459591837,2351.99035408163,2375.64017346939,2665.36517040816,2477.40570306122,2320.48469489796,2765.3273877551,2842.1660072449,2617.9033244898,2135.97626428571,2235.42545918367,2175.6846377551,2640.6625877551,2264.72330612245,2697.55487040816,2784.10076122449,2575.61547142857,2780.47175346939,2502.52610408163,2901.65156938776,2314.86379428571,2804.20305816327,3329.05928163265,2965.58291163265,2097.42297653061,2943.54025714286,2322.4493255102,2651.66694816327,2520.6020277551,2109.60381530612,2989.51148979592,2369.47510102041,3267.94940102041,2910.83223571429,2954.28244285714,3299.63626530612,2614.64121020408,3029.0739377551,2716.73493469388,2548.66775918367,1989.91512244898,3323.10318367347,2817.75147653061,2832.92686326531,4298.48865102041,3245.89333673469,3663.79163061225,2801.89046122449,2897.13598571429,2887.56067804082,2587.8651877551,2894.96236326531,2593.6455,3432.15797040816,3250.7566,2696.66239836735,2946.4099744898,2954.01270408163,2784.82529081633,2686.71380408163,2315.7358577551,2065.59589693878,2407.93580408163,2490.69313265306,2251.32805102041,2678.21068265306,2778.67721530612,2664.2511755102,3032.69304183674,1871.8974122449,2331.74529081633,2513.71573571429,2926.37853765306,1958.57262755102,2121.33184795918,2131.04293265306,2369.77545,2104.68043346939,3246.84895846939,3187.14208061225,2144.18556836735,2793.40181428571,3044.00120918367,2308.86597857143,2975.84876734694,2108.25146020408,2048.55564387755,2298.79918061225,2753.11873979592,2492.90833265306,2728.54769387755,3074.61112959184,2796.24443469388,2250.86196020408,2572.48751326531,3213.75305,2689.21854591837,2631.98275020408,2767.95640204082,2844.23489897959,2066.99765918367,2837.23130714286,3090.72572959184,2738.07596836735,2870.59928673469,2832.62685102041,2888.84890612245,2288.893,2516.43109204082,2406.29139183673,3101.45245204082,2768.25825306122,2366.94201122449,2772.13768469388,2640.05763571429,2328.09169693878,2742.26212653061,2683.47933265306,2769.30527346939,3231.19037959184,2701.22902040816,2567.96853673469,2252.13473571429,1957.68014795918,2641.96395510204,2205.4379377551,2640.66616130612,2138.70622908163,2395.88750102041,2806.35355306122,2204.41078653061,2315.96797061224,2449.81694183673,2265.2837355102,2726.98355285714,2200.63662061225,2290.56438163265,2675.13155510204,2689.78611530612,2297.36079183674,2435.69401632653,2076.6438377551,2250.71304693878,2576.20680306122,2111.77068673469,2754.64835714286,2610.51349387755,3188.26155306122,3049.48505306122,3007.12015979592,1797.73281836735,2561.46466938776,1881.81384693878,2184.91470102041,3018.40859693878,2211.62476734694,1703.00073979592,2887.00204081633,2686.62278367347,3455.56361632653,2756.54353265306,2540.53771326531,3154.16138244898,2438.69412285714,2421.99386122449,2734.06673877551,2482.67164183674,1615.5596,3249.16899795918,3168.33282857143,2448.36787857143,2825.53866734694,2202.02585816327,2632.87929795918,2244.25058367347,2560.41311632653,2421.87083061225,2049.81781510204,2587.83213565306,2706.95728061225,2370.18600765306,2768.17600816327,2373.92698469388,2724.67974795918,2556.10291122449,2497.60193571429,3255.24402959184,3238.37557755102,2698.76298,2592.92434591837,2477.43242653061,3034.63749897959,2043.6269152449,2227.76952346939,2231.31235306122,2017.45917857143,2774.89663673469,2389.8908755102,2278.69706734694,1672.75521122449,2206.57726326531,2666.32521938776,2534.25592785714,2578.63725816327,2474.30767040816,2456.42091734694,2384.00321938775,2771.09793265306,2939.92161979592,2418.64827959184,3092.13231326531,2765.48248163265,2886.19036122449,2533.7810244898,2274.07128367347,2818.12492959184,2687.43113673469,2176.79834795918,2817.05201204082,2408.49927857143,2349.1920877551,2189.08487755102,2424.87793673469,2345.82014591837,2657.85172653061,1956.9148755102,2035.79061897959,2530.23926938776,1983.93956020408,2758.71309387755,2680.08973673469,2517.89698010204,3043.83299183673,2981.20561020408,2759.23582408163,2959.10513367347,2956.86656122449,2226.84758469388,2814.51019489796,2481.90955183673,2462.40258061224,2959.92327612245,2026.21675173469,2701.14246938776,3396.33575918367,2867.2166377551,3633.59546428572,3655.3134744898,2851.51154795918,2832.49219081633,2459.51375204082,2347.07281122449,1942.45883877551,2676.26881122449,2765.73559183674,2552.89499795918,2855.46860204082,2603.82683122449,2175.24127306122,2245.44392346939,2998.17674897959,2323.99636326531,2766.17951734694,2246.23420918367,2988.28238979592,2609.24726020408,3071.2821,2741.70242214286,2487.45612857143,3438.04809897959,2995.77374591837,2809.75417755102,2459.63511,2448.87334081633,2689.45133571429,2283.42936938776,2720.1677377551,3201.98495959184,2807.24404183674,3133.78197540816,2594.07025918367,2899.14458061224,2432.96065204082,2771.72807959184,2305.26659918367,2844.76785214286,2318.78380936735,2274.95977755102,3499.95130714286,2248.21800918367,2048.3441755102,2385.83229387755,3253.79496020408,2075.42907142857,2624.80953265306,2315.77417020408,2846.70963877551,2613.06995510204,2674.95424683673,1980.83813632653,2211.04244836735,2466.97631755102,3037.91894183673,3030.87012857143,2587.95174489796,3343.61069387755,3376.37618265306,2842.04316326531,3111.34007244898,2418.84259897959,3051.7665622449,2778.22450367347,2517.74146428571,2393.36927653061,2634.8632622449,2797.05261020408,2313.00560102041,2086.91524795918,3408.06015306123,2637.58626326531,2560.86067857143,2667.06904285714,2668.63570816327,2080.66227438776,2360.35938367347,2273.96486122449,2058.58660714286,2556.65415816327,2792.64307102041,2574.43832040816,3105.19528469388,2183.97073704082,2576.96559693878,3063.52923367347,2544.76124387755,2673.13039897959,2062.34658571429,2674.44040020408,2577.51695204082,2789.43913061224,2979.8138427551,3445.60491122449,2843.29879816327,2882.12413,3035.38376734694,2423.18342244898,2517.91791938776,2441.3091877551,2498.54595102041,2338.15434897959,2436.66445306122,2809.92930612245,2237.68954918367,2240.75274081633,2663.52445,2302.72948877551,2433.37070510204,2270.97303979592,2644.60302561224,3167.33624387755,2612.50404081633,2314.43840714286,2051.5629255102,3178.50268795918,3803.63261438776,3175.64677183673,2703.72992346939,2502.36018163265,2233.77455918367,2260.90933061225,2562.8617755102,2473.12472346939,3001.27507040816,2960.98417040816,1784.27288469388,2342.08865816327,2284.67665632653,2465.53113265306,2525.75154693878,3181.59107244898,2720.26204285714,2475.55363357143,2263.74768459184,2151.62299591837,2631.09437142857,1717.4935755102,2687.84755918367,2762.49704387755,2406.02796734694,3090.74983265306,1872.44886836735,2713.50118265306,2838.78118673469,2489.56053367347,2728.49892959184,3325.79091734694,1780.44931326531,2076.07281195918,2211.58906693878,2593.58540673469,2741.77893571429,2258.50730306122,2860.17284489796,2530.57333163265,3005.26665234694,2512.27904693878,2854.54714285714,2707.59162653061,2769.37070204082,2496.99707755102,2550.68245714286
58.5102040816327,2646.43101897959,2566.51094795918,2533.1000755102,3001.45046530612,2774.46582346939,3217.73362244898,2656.35437244898,2541.43945306123,2475.79747959184,2464.34236326531,2963.62286020408,2269.17878163265,2650.20687806122,2520.87695612245,2718.06530510204,2333.73240714286,2550.88765102041,2883.77775510204,2343.4616644898,3055.41868367347,2604.79983163265,2828.29703061225,2726.21043469388,3039.37930408163,3614.80492142857,3286.34138061225,2901.30986734694,1860.18952857143,2823.06723295918,2405.04579183673,1399.80627755102,2069.54120612245,2481.37915204082,2602.87386122449,2920.38157755102,2680.55029918367,3067.69696020408,2677.38639081633,2810.30785,3075.49254591837,3348.96826938776,2886.57506326531,2583.00275581633,3119.76415918367,3010.1792744898,3031.51733346939,2032.93523530612,3142.55875816327,3245.30062436735,2575.35180306122,2198.61285010204,3218.21410102041,3460.51151938776,3241.44484387755,2427.91702959184,2078.84543061224,3249.56462857143,2470.86783265306,2909.04769285714,2623.86736122449,2793.23818163265,2562.71395612245,2832.77990510204,2284.98925714286,2522.1067244898,2891.0597622449,2424.59678163265,2553.4803877551,2952.63397959184,3395.77973571429,4074.62193979592,3220.66239795918,2699.7137,2463.2516122449,2461.16075612245,2477.72112857143,3377.56135306122,2698.24476428571,3003.06665510204,2668.47588979592,2681.20152142857,2289.24417346939,2604.25318061224,2456.07363367347,2968.26829081633,3240.5690755102,2619.01040612245,2632.74347040816,2040.9507755102,3108.06956836735,2621.35164244898,2400.17340408163,2064.51856164286,2277.14830632653,2849.79529489796,2464.36775714286,2372.28552653061,2290.36217653061,2510.37787795918,2385.85445918367,2499.21607959184,2534.50153163265,2292.40239040816,2724.44628877551,2853.94709918367,2721.81847244898,2130.92053265306,2313.09128367347,2540.92202040816,3018.14221428571,2414.3815622449,2699.33963367347,2673.47279591837,1827.47077714286,2882.21786244898,3651.45172857143,2524.53610612245,2469.38648673469,2476.04999897959,2502.13815244898,2951.41258877551,2948.89460714286,2505.39071836735,2723.79313877551,3073.42131642857,2661.69406122449,2343.53321918367,2326.93720622449,2631.36420918367,3170.55366020408,2889.65871836735,3766.41950204082,2497.57057979592,2417.1175672449,2668.01913357143,2366.42554387755,2423.06456428571,3112.86686836735,2749.55421122449,2739.31904081633,2276.08170306123,2471.20069897959,2509.02418061225,3031.5244622449,2687.7252244898,2869.21972142857,2394.24402959184,2289.31297653061,2724.35690408163,2393.81038897959,3040.57620102041,2998.04995,2360.60957959184,2486.04127653061,2396.67618367347,2630.11325408163,2513.21733571429,2785.46495816327,2426.20651204082,2101.56439367347,2582.05675326531,2619.55271632653,2012.03438530612,3114.06968367347,2990.85550612245,2508.43215612245,2188.22410612245,2892.71433469388,2371.60317040816,3480.55992710204,3546.4573877551,3410.3494377551,4458.94083265306,2984.3291877551,3146.91078571429,2965.31470102041,2425.09960204082,2613.05178040816,2328.54880714286,2152.21187030612,2945.6411227551,2076.58643122449,2332.13414081633,3365.85546020408,3026.00164591837,3279.25145714286,2437.04379897959,2831.61246836735,2764.61077857143,2557.81031816327,2455.69691632653,3242.8806877551,2833.71251836735,3388.8242,2328.54763367347,2427.01859102041,2554.08384285714,2977.41503469388,2897.99050714286,2613.59575102041,3110.84939959184,2176.44574285714,2870.07429183674,2737.78687959184,2105.11109591837,2433.24963183673,2619.1845755102,2596.3811755102,2127.16654591837,2864.67801530612,2459.11561326531,2318.71551020408,2530.57030204082,2587.64037244898,2524.15690979592,2662.24995306122,2202.24227857143,3305.47809081633,2910.12413979592,2742.38046326531,1773.42106040816,3367.98730918367,2521.74612244898,2041.00925306123,1981.74275714286,2053.45425714286,2248.46985714286,2789.66336530612,2318.65883612245,2548.22773979592,2568.4971622449,3445.11514897959,2787.60587591837,3109.37274387755,2412.88015857143,2882.02196428571,2852.04017755102,2703.52579897959,1741.07520918367,3349.35598469388,2513.47481530612,2688.47221938776,1877.39669591837,2947.02383571429,2367.46692765306,2143.55971938776,2515.41821265306,2874.82495714286,2237.71764285714,2755.25317785714,2713.03631357143,2939.12719183674,3024.22821836735,3213.92344795918,3097.33557622449,2962.07975918367,2628.48930816326,2968.85671326531,2207.3256744898,2456.41875306122,2987.93803469388,3785.88756326531,3050.19861959184,2847.6144244898,2522.18389387755,2317.4268522449,3066.0136122449,3133.32513061225,2432.67717795918,2390.54426530612,2560.20143316327,2561.16189489796,2440.63310836735,2493.86043265306,2655.96495816327,2238.64556734694,3870.06414183673,3634.95065,3272.9365244898,3139.96957244898,2904.90694897959,3780.26505204082,2960.10167857143,1964.59303234694,2787.41288979592,2472.74794387755,2414.58281428571,2373.988385,2784.49707142857,2639.05211938775,2542.34812040816,2653.0254122449,2969.00245306122,3171.17763061225,3063.28585204082,2235.8175377551,3292.23823469388,2816.86573061225,3217.23852857143,2464.10900714286,2568.40362346939,2132.06312346939,3548.54642755102,2582.60259183673,2249.72577918367,2085.78446846939,2361.67930163265,2185.2310744898,2270.59295816327,2876.86340714286,2177.04543306122,2772.83041734694,2716.11100571429,2138.1986255102,2602.33265520408,2602.7519877551,3275.02523571429,2877.79600204082,3090.86883877551,3239.35198367347,2040.83272755102,2830.07533979592,3274.54683061225,2196.90153979592,2915.67934367347,2819.65691979592,1740.35484183673,2440.02208673469,3292.57961734694,1904.33315408163,2478.5224755102,3091.49719387755,2688.32774061224,2416.88445755102,2320.19714734694,3086.83432346939,3210.74433469388,2508.17029489796,2375.39254663265,2405.93552857143,2966.1257877551,2717.23287755102,2674.38673367347,2490.92989285714,2910.90114693878,2985.21124591837,2374.40612346939,2227.63520918367,2723.28285816327,2854.38605459184,2023.46316632653,2618.8539377551,2379.9104377551,2805.76955,2455.87665408163,2706.08818673469,1922.40495408163,2526.64059795918,3062.53954795918,2968.65080714286,2452.52770918367,2278.13939387755,3343.82037142857,2544.15413979592,2586.92225714286,2504.89533979592,2665.33932551021,1874.80381938776,2387.65537081633,1985.3225,2491.92916530612,2906.7847877551,2248.92455102041,2206.28930612245,2663.36114040816,2835.79681632653,2458.4020122449,2924.00269387755,2734.73081836735,2755.57112857143,2349.82409387755,2361.43020714286,2841.42377142857,2753.12213265306,2384.08614591837,1915.99904591837,2008.53228755102,2632.18526836735,3510.98960408163,2704.89432653061,2739.00264795918,2326.41638367347,2816.28931326531,2409.36763081633,2907.20198265306,2807.51828571429,2950.90385571429,3718.98344285714,2073.45349693878,2286.48776326531,2422.1475755102,2539.59416530612,2412.59561428571,2721.2882377551,2909.02490918367,2557.76677959184,3613.52246836735,2823.73683877551,3216.31741020408,3155.55594897959,2890.96438367347,2835.75388428571,3047.94073469388,3280.20838571429,2481.83952653061,2777.88888979592,2482.70103510204,2362.08110204082,2166.78835418367,3065.60981938776,3296.18699693878,3597.0060244898,3098.27271020408,3153.75011938776,2977.15418979592,2713.85334285714,3287.10858632653,3335.50750408163,3046.17021836735,3000.84800612245,2968.94368265306,2855.74985306122,3255.95454285714,3637.33351428572,4275.78763469388,2137.66503673469,2560.33438020408,2694.84501612245,2559.47469081633,2706.68905102041,2674.2775755102,2970.48946836735,2382.33336020408,2347.44776428571,2325.93325918367,2465.0212622449,1882.10518979592,2713.90418673469,2739.93897959184,2513.98457040816,2230.60218367347,2962.28714387755,2816.85541755102,2782.78863877551,2559.77428367347,2604.35059897959,2202.27639183674,2211.25372122449,3033.80152959184,3123.48373061224,3137.72580204082,1922.39953265306,3456.98961428571,3968.39783061225,2999.64952857143,2514.96218693878,2925.71438571429,2999.4936755102,2718.35645244898,2613.22436326531,3049.29035306122,2457.31687683673,3366.02053673469,2541.18659795918,2799.32194795918,2498.03934693878,3000.23223163265,2164.00189673469,2885.9948877551,3403.68437653061,3122.69490408163,3075.06847959184,3284.61208469388,2567.09413571429,2947.17557132653,2097.59222653061,2675.43601530612,2269.3760744898,3118.38550714286,4285.65037755102,3286.03713877551,2215.10874489796,2584.23127653061,2505.81431530612,2649.33623265306,2892.28442693878,2515.21818979592,2707.76653979592,2667.13891734694,2647.25331836735,2353.67875918367,2311.39856857143,3171.05770612245,2424.64900530612,2299.77074693878,3277.43998469388,2793.49925408163,2655.63595102041,2009.59497755102,2098.29429489796,2684.58741122449,2991.32978673469,2438.58668979592,2717.53855102041,2353.06214183674,2101.77460102041,2775.39738571429,3344.03963061225,2712.13499897959,2436.71164081633,2895.28532040816,2758.16571326531,2436.71777959184,2748.21611326531,2066.2253694898,3348.63758877551,2725.54186326531,2469.45381122449,2345.20239081633,2521.88331530612,2676.94180102041,2565.33613469388,2628.14869081633,2592.06943673469,1895.71529183674,2349.60640306122,2216.48425408163,1763.15422346939,2376.6567255102,3029.64823673469,2678.51783877551,2652.33307653061,2570.76098367347,2444.55787857143,3255.40189489796,3720.57040612245,3628.20760612245,3275.52894540816,2854.45883571429,2748.54250826531,2795.92504897959,2719.24514897959,1773.17935408163,2371.72020408163,2741.41511530612,3450.56450612245,2488.06618469388,2239.45669591837,2081.65986602041,2482.45532040816,2558.08643163265,2987.83400306122,1978.89556255102,2973.51597653061,2630.93563469388,2317.24084285714,2554.72478469388,2499.00207142857,2642.84014285714,2433.89574897959,2931.05306122449,2423.29598265306,2653.45125612245,2622.49450306122,2234.82391938776,2554.02323061224,2114.11879183673,2963.9749377551,3349.6499122449,2200.48324469388,2451.68300836735,2176.21714081633,2547.72512653061,3085.05546938776,3624.05866122449,3719.30344591837,2777.23401836735,2664.53327142857,2990.07942755102,2727.99171938776,2373.51026836735,2266.32468571429,2453.28886530612,3104.68540244898,3055.51381938776,1680.94600306122,3288.61643877551,2758.54897346939,2667.07301428571,1902.75757857143,2601.19862959184,2253.30499489796,2843.24125714286,2714.84114071429,3176.08467755102,2995.70096397959,2142.82526428571,2814.75965612245,2689.32694591837,3148.93178367347,3775.99073367347,3134.3672327551,2872.96831530612,2479.44200306122,2499.40588163265,3021.63158877551,3109.0694867347,3537.12755510204,3012.76320612245,3099.64789387755,3641.15639489796,3043.3631755102,2698.64594591837,3382.01658469388,2336.00147346939,2130.02514285714,2886.66007612245,3124.0352755102,3036.31078673469,2126.29075204082,2784.78822857143,2451.27362244898,2462.50549081633,3335.49582346939,2309.83610408163,2922.98704489796,2771.37086326531,2537.78551428571,2718.43855,2842.59110102041,3231.84746632653,3032.17601428572,2179.44790816327,2345.40659489796,3219.45253183673,3329.78306897959,2440.97093571429,3032.67102346939,2417.26664591837,2546.36905612245,2807.1984744898,2129.61004285714,2590.14885918367,2934.52196938776,2965.85034897959,2633.79511836735,2436.76524591837,2658.59383877551,2451.94332244898,2495.36084387755,2663.87917142857,2832.73318877551,2998.07865785714,3307.22758836735,2528.5612644898,2582.9919377551,3018.27635,2520.95084795918,3442.06055816327,3278.72908693878,2157.04569897959,3040.8493022449,3337.64127142857,3063.03194693878,3034.25642755102,3726.75335510204,3870.92474081633,3156.91919897959,3038.76245510204,3720.51440306123,2437.30849795918,2126.25445510204,3369.3585377551,3131.46075408163,2048.81080204082,2752.58540612245,2617.87271428571,2465.82751632653,2042.44711734694,2621.08944306122,2562.51047244898,2665.17602826531,2325.59842040816,2306.48662040816,2696.85333469388,1975.98830612245,2487.10687142857,2435.39314285714,2413.14465714286,2711.79287285714,2180.46213265306,2860.54617040816,3076.36440510204,3529.65563469388,2347.53053571429,2966.71174183673,3103.06447857143,2833.56385408163,2564.03059285714,2662.03657653061,2724.23330714286,2586.13820877551,2888.22765510204,2587.94413163265,2863.39056020408,2411.47422244898,2400.14871734694,2855.89306122449,3029.08318122449,2983.94538061225,2748.98319387755,2070.82274459184,3002.49446632653,2980.40889897959,3332.81313918367,2524.40201530612,3175.00418061224,2819.63674795918,2852.32778938776,3017.47975612245,2395.68120918367,2367.1344,2475.80285204082,2737.7449,3007.69684693878,2969.41148979592,3043.52912040816,2575.38640306122,2046.31645816327,2793.39087959184,2514.49436204082,2652.72469081633,2207.50459081633,2407.76378469388,2908.47017755102,2918.40130306123,2309.31001938776,2333.24616734694,2882.88543163265,1907.17208877551,3018.28909918367,2943.61972081633,2673.48243673469,3191.50564081633,3357.20968673469,2553.95757244898,3410.15848979592,3277.62052244898,2077.1919122449,3025.86627581633,2425.50797571429,2006.50773040816,2720.83155918367,2468.99065306122,2521.04644489796,1788.75617346939,2432.41982959184,1892.34375204082,2114.63922959184,2130.26145102041,2470.43057153061,3070.40409897959,3464.32642142857,2535.19679132653,3447.77335918367,3151.92949489796,2515.59389387755,2669.75688877551,3110.32923877551,3290.9332744898,2515.53255102041,3107.96107346939,3117.26639489796,2496.07292244898,2911.33908061225,3005.49281836735,2898.75909897959,3421.47976428571,3350.47167755102,3317.36839183674,1986.69316530612,2654.85691326531,2367.0865122449,2575.62113571429,2579.21365102041,2857.29046020408,2963.12361632653,2086.17131530612,2712.83978571429,2924.4340255102,2542.81224510204,2215.13291530612,3533.46160918367,3508.32295306122,2765.87682979592,2244.79398061224,2443.4624,2744.66540918367,2560.51630612245,2371.22204040816,2611.46971938776,2684.8437122449,2456.72602346939,2382.74096734694,2547.74831326531,3013.0803877551,2377.22242959184,2768.78768877551,3108.04574489796,2888.60873265306,3382.99903571429,3747.37173877551,3327.48861897959,2190.05306826531,2607.78927030612,1690.10579183673,2477.06935204082,2542.09828163265,3210.24175510204,1990.74606632653,3089.06107040816,3285.66127653061,2818.88249836735,2996.69460204082,2165.64794030612,2604.98924897959,2639.36338877551,2659.74771938775,2231.00893061224,2344.80608571429,2674.12773918367,3358.79935408163,2822.7246,2342.84528653061,2647.34604122449,2661.6160244898,2383.52147346939,2522.12419489796,3479.66384795918,3020.95898061225,2925.44062346939,2362.15982142857,3242.4721744898,2756.54619142857,2177.86825816327,2875.5930122449,3077.61261734694,2353.42223877551,3051.77653367347,2601.03164591837,3067.08177663265,2715.79607653061,3084.74476530612,2850.03330408163,2691.39078469388,2493.01241836735,2548.24601428571,2463.15878469388,2747.8789755102,3070.711,2280.4496044898,3045.35495306123,2601.8522877551,2863.28595714286,3031.74776428571,2235.99094489796,1907.92418979592,2863.00760714286,2657.69326326531,2425.53211285714,2657.40692653061,3149.80395,3208.54604693878,2611.55752142857,2536.34988265306,2807.85941632653,2445.45976326531,2604.50721734694,2624.96851632653,2007.58037857143,2158.39302346939,2164.83402183674,1959.93114938776,2710.78467653061,2328.76751530612,2294.80560714286,3996.6133755102,3179.30873469388,2861.62499244898,3275.00291836735,2099.70508877551,3500.48912346939,2743.09956326531,2641.47729285714,3214.62312346939,2758.25534693878,2285.38091795918,3235.23695510204,2435.80746979592,2715.33064489796,2503.77283367347,2240.38995693878,2598.43442142857,2818.08762142857,2855.17541734694,3411.1115,2978.40230326531,2821.49020061225,3302.01651836735,3425.79941326531,3646.94090612245,2313.12291693878,2415.09556530612,2531.11811326531,2541.15390612245,2896.14546734694,3233.90520816327,2501.47862346939,3093.05440816327,2601.17729938776,2357.33506122449,3088.04622653061,2397.53133367347,2501.15786836735,2124.91170612245,2530.79840510204,2253.44875204082,2860.18775204082,2545.84898265306,2914.19582857143,2471.61449693878,1954.2300244898,2286.88727857143,2770.13774591837,2654.10370836735,2175.02485408163,2107.89985102041,2431.63227653061,2532.06439897959,2810.04527653061,2838.64338061224,2962.67571734694,3416.09440306122,2657.55254387755,2277.85729591837,3835.04923061225,3451.20211938776,2673.88429183674,3043.45427959184,2747.32304897959,2490.13886530612,2867.19772244898,2296.99456632653,2267.89873571429,2476.05399897959,2958.23607959184,2950.98808673469,2749.01283571429,2483.14176122449,1960.0518877551,2646.82214285714,3029.86336428571,3168.79348571429,2637.42658673469,2565.09482632653,2534.35833979592,2522.37911326531,2992.97034795918,3086.56212653061,2312.93030408163,2503.46759693878,2500.29425204082,3041.49075306122,2721.46938673469,3239.9014122449,2861.49446734694,3543.49277244898,2654.24433265306,2923.25943571429,2818.8756122449,2625.29417346939,2949.21889897959,2597.21625408163,3501.80598877551,2586.74018979592,2684.75917673469,2438.77405,2720.3168244898,2740.90993673469,2330.19725102041,2491.76466632653,2652.74021428572,2591.10814081633,3508.97230102041,2672.2953244898,2349.59463673469,2358.21125714286,2655.507,2897.0105377551,2551.11389183674,2911.4890877551,1993.55404387755,2745.39473673469,2633.96084387755,2921.51806704082,2736.73488979592,3219.74930408163,2686.05510306122,3564.40393673469,3128.78651326531,3390.85728877551,2629.82335102041,2184.30844081633,2953.21650102041,2987.71018469388,2500.14211734694,2376.09006020408,2660.65107346939,1996.13288367347,2342.60854183673,1702.1486677551,2511.76083673469,2659.78227061225,2132.49828877551,2478.21805918367,2350.02593877551,2318.27627163265,2024.63930969388,2150.24686020408,2520.39958571429,3036.40811530612,2559.39475510204,2526.83095,2437.99273979592,2660.05219928571,2976.86134387755,3005.1309755102,2350.78928673469,2127.67393979592,2930.11306122449,2787.59214591837,2978.78898673469,2621.30302959184,2297.22573118367,2250.05572755102,3395.12020918367,2787.3374744898,2370.79559693878,1948.39565510204,1819.17809897959,3100.31534183674,2362.23062346939,2931.54279897959,3245.30234693877,2957.07967755102,2757.8165,2557.72227040816,2935.16392755102,2162.7717577551,3459.45192857143,2678.01643061225,2721.93016542857,2989.39882755102,2654.41055091837,2353.7320577551,2522.91535306122,3130.6065755102,2661.21051530612,2361.13500102041,2234.87894632653,3013.31931122449,2731.28740816327,2858.68052244898,2754.38965918367,2873.78711428571,2673.0784122449,2640.23046734694,2909.90558571429,2647.12096632653,2874.38506530612,2819.8845,2231.82709897959,2803.20678877551,2460.8884122449,3421.7644377551,2222.09847204082,2118.52694132653,2944.7581244898,2532.34905306122,2004.23997857143,1939.00264285714,2724.07461428571,3380.28946326531,2443.0961772449,2834.44109795918,3093.19391122449,2415.55741428571,2111.75763469388,3409.5775755102,2323.55860204082,2026.52562857143,2686.87927857143,1906.72242326531,2071.77528979592,2554.03524285714,2747.17639081633,2979.75203061224,3168.03575612245,2794.4513377551,2453.33762857143,2649.04535,2619.42063408163,3250.25993877551,3179.04348673469,1827.10998306122,2226.19779693878,2047.50508673469,2382.62122244898,1866.12927244898,2641.77381734694,2605.53469081633,3084.0434422449,2140.25838938775,2587.24822040816,2169.00725714286,2628.56973265306,2166.76726928571,2927.69791530612,2554.22809897959,2708.40967040816,3184.10882244898,3174.00630918367,2545.73503571429,2395.82027142857,2426.38375846939,2129.96527244898,2739.02915306122,2579.49992214286,2254.28011673469,2980.91338673469,2561.39825306122,3159.44521836735,2513.07180204082,2115.64338877551,2576.38295102041,3378.37560510204,2513.97858489796,2391.42412959184,2579.14997755102,2888.19644489796,2146.74609183673,2604.90524591837,2413.5826755102,2040.20273918367,2780.00426428571,2862.96869285714,2402.62015816327,2242.60738163265,2709.84236632653,2076.74520918367,2275.83381938776,2901.39680612245,2283.04838163265,2705.15441428571,2645.16524081633,2198.3202622449,2766.13652755102,3054.08142857143,3091.36183816327,3061.7208877551,2171.50596510204,3008.05729795918,2687.34713979592,3103.25789693878,3414.83352959184,3287.7703122449,3006.07388397959,3411.85824081633,2743.53055816327,3598.21012653061,2459.05226938776,2723.3673255102,2055.1127755102,2608.31604183673,2874.02433061225,3051.97102346939,2595.35559693878,3172.82515,2605.17265612245,2683.0962622449,3289.97665918367,3592.1040455102,3262.11843673469,2600.32015,2466.93880510204,2506.99046428572,2546.59575102041,3360.54263061224,2434.10091122449,2602.9089,2415.72956326531,3394.10621734694,3240.77721530612,3512.51205918367,2975.34821734694,2539.61981428572,1813.12989081633,2438.05647244898,2475.22547040816,3055.5885622449,2342.2082377551,2167.43542959184,2312.2657,3289.07139489796,3129.50817959184,2404.02504591837,2377.13325408163,2714.53125102041,2716.50766938776,2481.3431622449,2265.41497346939,1664.44637959184,1953.33034387755,2747.72491122449,2380.15719285714,2465.57619795918,2665.13780938776,2807.05805173469,2756.0471122449,2938.2815555102,2960.90618571429,2562.46742142857,2471.0505477551,2275.07265612245,2806.50197142857,2636.81336326531,2899.40860612245,2440.04109081633,2540.45984387755,2689.14942602041,2618.13959795918,2629.51539795918,2411.49300306122,2434.39615306123,2417.49628469388,2752.35166326531,3009.01369081633,1982.87640479592,2382.0014422449,2104.05038081633,2147.28898979592,2845.10286326531,2869.09120306122,2416.85578367347,2365.07545510204,2326.72571428571,2979.23218469388,2439.26759061224,2865.03507959184,3334.02271122449,3864.94558673469,2549.43738367347,2661.54877959184,2273.59549816327,2852.07555204082,2556.5430244898,2774.01186122449,2544.57197653061,3082.21497959184,2637.16913265306,2696.48876734694,3224.171825,2978.69236632653,2648.03589081633,2640.95604285714,1982.08140591837,2837.98200010204,2744.87040969388,2998.5228194898,2507.12885,3011.96835877551,3079.58535510204,1832.34673959184,3180.36488469388,2773.57924489796,2423.03680510204,2419.06091244898,2049.6942255102,2332.77728061224,1929.01973163265,2883.99261122449,2580.75281959184,2906.71617142857,2750.43530408163,2797.55320204082,2688.6741755102,2475.31080714286,2554.27892142857,3307.5726755102,2163.6699122449,2496.82845438776,2405.49722469388,2792.95944183673,2491.41336714286,2825.20676122449,2799.83634183673,2874.1562755102,1969.55529387755,2461.6456,3541.00605510204,2949.52048163265,3487.96935714286,3822.97969010204,2667.72734081633,2660.79085918367,3052.06772653061,3167.35056530612,3406.91365,3389.01837755102,4105.78103265306,2962.23440714286,3034.64639693878,1996.08123571429,2561.19698826531,2803.80398061225,2863.61017755102,3131.57089387755,3385.99372683673,2697.18732755102,2606.93390122449,2105.28450387755,1961.9380755102,2025.71872653061,3342.89543061225,2489.68288265306,2803.12736938776,3020.27530816327,2507.93115204082,2322.60029489796,2665.97583979592,2443.30281530612,2110.14372755102,2182.24651020408,2425.60439387755,2392.11306428571,3296.3218722449,2398.70497653061,2226.70026632653,3108.90817857143,2750.69558979592,1697.75212204082,3089.75769387755,2778.57156428571,2452.75629387755,2551.35680408163,3008.83580408163,2211.19181020408,2542.48258163265,3009.33909846939,3164.53976734694,2566.16228061224,2785.76395132653,2499.34343469388,2731.85302244898,2223.11641122449,2465.97337040816,3515.03791938776,2149.36191734694,2339.3264255102,2839.47459632653,3214.28749081633,2555.63000510204,2008.54674203265,2442.26871326531,2361.44593877551,1913.75964489796,3186.2338755102,2816.60065918367,2373.47049795918,2667.10502755102,3270.46882653061,2420.33590918367,3711.16958969388,2642.32317959184,2269.83094693878,2112.92509795918,2830.26946632653,2734.89325918367,2953.29738367347,3106.81318367347,2398.54489693878,2588.58906102041,2801.85075714286,3008.93395306122,2662.94106836735,2767.44597346939,2937.72305102041,2612.57875612245,2773.44522244898,2385.74002346939,3394.85965408163,2509.68231122449,2273.04223367347,2528.0492377551,3416.47354183673,2092.7202255102,2456.27474591837,2441.28799183673,1992.87804183673,2727.21661102041,2651.88172244898,2245.37896326531,2757.1450122449,2819.58631306122,2323.77071836735,1821.17646734694,3320.04738061224,3198.49115408163,2528.4612755102,2650.20585612245,2187.57429918367,2351.26335938776,3071.86708265306,3352.19910714286,2137.86705836735,2488.76617040816,3571.21692173469,3009.92412346939,3105.20811734694,2202.92035,3242.2672755102,3570.44490714286,3152.20022653061,3192.94184795918,2506.78784591837,2392.41803469388,2490.9771,2540.81690510204,2936.75753163265,2689.73158367347,2796.03036530612,2215.24284183673,1687.52672795918,2363.21663928571,2513.48367959184,2382.90859387755,2454.47499591837,2779.17599285714,2957.37482959184,2910.10298673469,2517.75949693878,3411.2144,2535.3583755102,2608.6591622449,2323.58018673469,3004.44183571429,2617.46825612245,2576.93333857143,2603.0894322449,3116.32845,3009.81010102041,2878.15158367347,2965.7504877551,2887.14132265306,2745.26751632653,3532.82477663265,2906.29675806122,2468.74759897959,2433.81018367347,2758.45001122449,2841.08134795918,3191.92660204082,3249.26767142857,3153.99602346939,2397.41294285714,2874.10927755102,2512.15020612245,2758.19071734694,2980.11788979592,2526.34826428571,2998.00890306123,2778.70995408163,2672.7332122449,2561.92759285714,3502.96487755102,3295.47899183674,2821.4280755102,2771.60058877551,2710.81336326531,2117.98093367347,2809.75463469388,1691.74087918367,2293.92689816326,2659.61920408163,2524.06461428571,3350.29955,3087.96898979592,1888.23483673469,2593.43430306122,2552.93805714286,2325.84709591837,2887.03952959184,2807.18466938776,2422.84185714286,2490.90471632653,2798.58771530612,2614.68917040816,2998.87750816327,3458.02764795918,3264.38226530612,3068.05936020408,3014.68711020408,2724.8983622449,2723.25997346939,2452.69160408163,2590.23375510204,2427.30881530612,2118.62335204082,2596.30507653061,2392.7613122449,2233.30747040816,2857.07191836735,3240.36947244898,2837.28912142857,3384.11367142857,3587.84668163265,3676.91300877551,2875.04026326531,2596.03714510204,2960.09142346939,2438.73006938776,2056.44448497959,3213.5331877551,3176.49619795918,2947.74773367347,2999.13451122449,2383.7830877551,2661.39922959184,2758.26266836735,2652.24527857143,2222.60675918367,3231.44667142857,3006.59750510204,3058.84795306122,2944.4616755102,3341.3310744898,2502.77702959184,2341.83641632653,2739.85839489796,2716.23389081633,2455.62694387755,2784.56031938776,3016.96698673469,2669.99002040816,2399.44019795918,3064.28450102041,2957.5603877551,2722.90032959184,2725.01350204082,2651.75423061224,2602.74469163265,2456.29600306122,2572.64692244898,2248.06471428571,3013.31881428571,2759.15415612245,2085.24295,2697.49700612245,2307.88458397959,3343.79623877551,2119.96420102041,2554.8376877551,2814.03321326531,3160.32016918367,2903.58359183674,3060.11434693878,3089.93222040816,3280.57375306123,3400.19590918367,1823.22422755102,2476.87925816327,2338.13397959184,2901.64938061225,2985.90782959184,2222.94433632653,2069.10956530612,3227.13772346939,2474.03112653061,2386.03791530612,2490.72383734694,2777.77608979592,3279.14435102041,2398.5001622449,2423.51870408163,2103.81793571429,2300.81628469388,2757.74385612245,2528.73115102041,2493.24632040816,2392.76195,3014.13440102041,2674.34114387755,2833.65397561225,2452.0489877551,2897.6026744898,3314.8826377551,2852.33869897959,2426.23337040816,2811.93553877551,2698.44829897959,2887.8693,2505.68974989796,2928.27282244898,2802.1231755102,2177.10174795918,2473.01461408163,2333.00838979592,2268.04649081633,2563.66093367347,2544.28374877551,2642.05831122449,2510.20565530612,2763.85475306122,2305.44815612245,2574.31932244898,2468.68794285714,2432.4500255102,3621.97685816327,3273.30644387755,2918.15044489796,3472.31641122449,2548.59365510204,2499.40074897959,2397.38971020408,3365.98367653061,3132.3665,2018.66679938775,3110.26898877551,2931.04724255102,3027.17150918367,2415.61497081633,2980.71320204082,2912.48147244898,2906.35941632653,3289.72873367347,3059.97307959184,2518.31588571429,2777.05069693878,2318.82031020408,1950.03465204082,3073.78932040816,2144.54924285714,2422.32718571429,2441.36316020408,2422.28920612245,2688.40975204082,2388.58556285714,2174.12477663265,2917.92345510204,3387.14403008163,3873.60550816326,3102.96048846939,2705.56802244898,2425.4808255102,2690.56639081633,2723.40972653061,2516.86721020408,2784.14676326531,3239.38473469388,2638.97783571429,2040.89725918367,2540.09085,2704.42205408163,2330.8749122449,2375.4628744898,3071.52563571429,3050.22186326531,2449.91339285714,2366.71539591837,2747.05346632653,2458.13159285714,2415.91967755102,2855.15091734694,2749.92882489796,2780.5067,3099.46826734694,2894.40278367347,3067.65679183673,2991.7687877551,2833.23671428571,3137.05002959184,2696.31634897959,2530.44291020408,2396.09257346939,2559.23439489796,2554.92410102041,3657.1574244898,2973.67365408163,2167.10283469388,2434.18455,2595.00030204082,2056.89038673469,2360.59230306122,2246.87249183673,2371.92717938776,4060.93604326531,1634.52391020408,2401.70991367347,2340.36151326531,3287.42793979592,2918.57682040816,2303.24171938775,2634.35371938776,2692.69683571429,2746.44905102041,2381.85591938776,2483.98306122449,3038.10185204082,3212.31323571429,2546.87860408163,2937.95247734694,3432.68209387755,2399.51970714286,3148.4281877551,2962.69896122449,3269.35761836735,2692.32009989796,2576.98243571429,2204.26999795918,1867.19711979592,2829.11382244898,3093.06043571429,2671.91979897959,2325.14955408163,2719.10342408163,2903.58807959184,2967.87271326531,2671.33731326531,2185.10371938776,2489.52316530612,2693.69170265306,2715.00578571429,3082.68418367347,2865.59197857143,2743.33508673469,2735.93484183673,2612.8496377551,2495.60205714286,2369.78481714286,2910.67975510204,2872.01307755102,3224.15854285714,2573.91810102041,2510.2863,3140.56366632653,2736.33462,2346.74724816327,2586.46728244898,2793.66271530612,3629.65045,2381.33925612245,2537.10558122449,3010.46389693878,2450.09858469388,2821.82115969388,2559.09713163265,2283.08032755102,2813.31977653061,2291.2258755102,3331.49913163265,3385.68482244898,2576.9750444898,2230.52201918367,2277.58014489796,2435.08344653061,2440.92082346939,2781.10299183673,2860.97254897959,3337.60034285714,3459.1030622449,2935.97400204082,2922.55551836735,2895.22354489796,3036.29473979592,2830.12008877551,3171.74333979592,3192.67035612245,3149.96766020408,2427.53466836735,2864.19078163265,3342.11785918367,2965.49810102041,2308.86989387755,2282.84071285714,2766.6246744898,2539.01248367347,2345.29086530612,2317.33905,2226.03858265306,2352.50354591837,2457.98938265306,2830.13673367347,2559.0264,3193.44924795918,2579.15168673469,2467.0052122449,2427.99667653061,2611.58055510204,3128.16213469388,2321.00799285714,2130.17582693878,3078.80223244898,2526.53797857143,2929.17705306123,2420.9514477551,3064.20983469388,2591.05573979592,2631.76917653061,2643.60389897959,2636.29109693878,2533.89640510204,2827.51661938776,2247.67376122449,2951.84846326531,2541.55110306122,2144.06919183673,3527.27533673469,2805.3165622449,2305.14971642857,2358.20975612245,2517.51366428571,2371.91803979592,1848.77778469388,1765.3872,2552.25782653061,2543.11613469388,2989.15661530612,2970.42439285714,1902.33152422449,2085.2382244898,2263.74491632653,2408.87983040816,2627.65690714286,2328.65092755102,2305.77908979592,2690.54025816327,2015.20314693878,2366.59324693878,2220.44786020408,2498.27752816327,2400.1027244898,2222.56206938776,2038.92874183673,2357.47947142857,2226.94863061224,2687.05777857143,3289.01589489796,3088.74531836735,3245.69128612245,2713.47031877551,2567.2070744898,2564.68661836735,3037.58046122449,3080.05306326531,3295.03558163265,2741.57909887755,3459.5230122449,2894.14017489796,2167.14981836735,3829.34549591837,3225.49184693878,2592.97118877551,2511.4197877551,2544.31840306123,2200.8375244898,2701.71749387755,2298.87551632653,2517.08805204082,2587.16353163265,3407.8314377551,1955.51826326531,2589.24691428571,3063.08908061224,2190.74206632653,2805.41716938776,2709.51213469388,3107.05014489796,2873.47800510204,2631.12068163265,2822.99672040816,2892.77237346939,2772.02295408163,2177.56475612245,2350.67783265306,3323.10408265306,2466.84632163265,2699.19168877551,2893.12536316327,3258.43071071429,2523.53059285714,3829.88655306123,2781.31339795918,2538.3025,2241.66244387755,2945.56787755102,3220.87351428571,2748.84049285714,2527.93758265306,2032.40150102041,2919.60281836735,2458.4602622449,2815.2215877551,3376.23145510204,2878.97319591837,2769.96693979592,2649.655,2859.74013877551,2277.64041326531,2089.11547857143,2983.64817040816,3152.96316020408,3457.07423571429,2677.11668979592,3224.44118163265,2257.69265877551,2786.91179489796,2290.93760918367,3603.45129387755,3036.23966836735,2992.90128571429,2760.68304183673,2460.28761061224,2409.51152346939,2722.10146020408,2308.34874897959,3643.67123163265,3209.32525816327,2780.97041734694,2812.82047959184,3212.29004326531,2551.68018571429,2985.01414183674,3507.43847346939,2239.54275408163,2446.62015102041,3615.7417,2987.98810816327,2583.05343673469,2953.35894795918,2297.57118673469,3124.45780714286,2836.37884489796,4249.20892959184,2901.56389285714,3600.77152959184,3309.54310102041,2593.25857755102,2215.85528204082,2467.33440102041,2811.78524285714,2750.14184489796,2180.78812244898,2671.56943061225,3469.90200408163,3362.70534089796,3171.18273367347,2763.64285612245,2590.8124122449,2431.60480306122,2925.17587704082,2762.15453979592,2622.9126377551,2606.77990102041,2547.75534081633,2509.45257244898,2469.24262204082,2485.99251193878,2948.26257959184,2199.09105204082,2312.35354387755,2384.61239795918,2914.32014387755,2269.42192857143,2996.37481836735,2525.37218469388,2282.76867959184,3121.14096020408,2451.94643673469,3494.77980714286,2812.42139081633,3194.24032653061,2794.67435714286,2211.20967469388,2843.41425102041,2895.61753571429,2847.75815408163,2621.82007959184,2525.7932755102,2721.26756326531,2367.85753265306,2834.09392142857,2705.00660918367,2611.69530612245,2338.11121,2905.99035408163,2424.90853163265,3042.52404285714,2896.34073132653,3062.75009081633,3061.09239591837,4098.8008,3245.53673979592,2690.32420714286,2043.52753265306,2523.95511510204,2251.70046510204,3148.54660510204,2590.67453571429,2642.90751530612,2492.66884591837,2877.72717244898,1752.26227244898,2628.16944510204,2318.02328673469,3005.29730204082,2574.73338469388,2471.36200346939,2124.8207622449,2759.10246938775,2458.13200510204,2713.14323877551,2742.47169183673,2649.15344795918,2600.67203469388,2716.89502040816,2987.46453979592,2273.92711326531,3022.11187142857,3277.89948673469,3595.43039897959,2795.07691530612,2813.8076,3069.07937346939,2215.33583979592,2937.85202591837,3057.443,2684.32093040816,3474.76941122449,2288.11421632653,2689.13623571429,2485.11188571429,2404.94304081633,2109.11508118367,1989.75449808163,2902.14786183674,2754.01019387755,4264.67033877551,3265.0441244898,3312.50293877551,3563.45893571429,2573.1482622449,2861.49815469388,2527.78416326531,2363.08658163265,3021.45095255102,2677.63238632653,3409.03178877551,3144.92536714286,2860.56704693878,2187.94556836735,3137.53567040816,2490.68239387755,3003.2288555102,3335.46985714286,4052.61329489796,2684.60337653061,2504.71580204082,2943.98898163265,3255.0978177551,2593.5453,2577.17905714286,2609.07769183674,3024.02059693878,3023.69307346939,2954.28992040816,2713.08098367347,2682.00205612245,2849.34351020408,2157.93048469388,2051.79613571429,2380.03237459184,2672.59471428571,2578.12187346939,2365.6303377551,2792.29779489796,2453.89135214286,3491.88506479592,2668.31159897959,2568.24207857143,2880.16897244898,2576.7563755102,2356.99752755102,2807.01192755102,3932.75755,3418.14552653061,3267.10153979592,2932.5274255102,2749.63102591837,2879.27658469388,2936.96424897959,2245.60635816327,2104.17597285714,2858.04735102041,2913.36780510204,2619.96901306122,3476.35245081633,3140.54951591837,2664.43762959184,2220.60279387755,2740.26146122449,2689.99342346939,2632.34652857143,2983.63979693878,1997.65984081633,2468.29824795918,2401.98291428571,2932.5767244898,3075.53611632653,2556.35307244898,2292.93952653061,1962.36740306122,2641.19753673469,3177.65004081633,3142.92961734694,2118.23954897959,2570.65900510204,2858.55367040816,3111.02399591837,2142.62342244898,2847.21391734694,2406.56429489796,2919.36504734694,2536.45544285714,2551.17180816327,2895.74594489796,2870.58690306122,2441.86289183674,2019.01227040816,2983.5892244898,3044.72374183673,3320.80717857143,2526.65573163265,2797.52991938776,2392.04085612245,2894.4862122449,2387.5901244898,2111.23137244898,2297.47860510204,2511.06268510204,2931.20271530612,2783.84845,2552.51120612245,3049.73003877551,2883.56081122449,2802.35965183673,2594.05930714286,2828.55136836735,2211.85297755102,2361.07558469388,2263.02094081633,2238.46200918367,2853.50542857143,2869.58899816327,2958.53757142857,3232.13695816327,2990.43607755102,3307.74734571429,2852.24634704082,2846.93173979592,2932.00564591837,2741.27418204082,3079.60890612245,2715.61993061225,2825.25654795918,2783.09019591837,2419.43367959184,3289.44267244898,2526.45902959184,2077.53172959184,2803.94532081633,3031.14357959184,2477.05701836735,2897.71639795918,2358.99301428571,2767.40430714286,2544.74297040816,3488.40565510204,2798.95126183673,2024.07270510204,2700.74254081633,3733.05848469388,3241.58059591837,3643.36631530612,2453.08879591837,2864.52982653061,2670.95500204082,2738.91196428571,2434.79588469388,2608.10156632653,3016.46926632653,2520.53772346939,2562.34732346939,2212.48999285714,2777.0048622449,2136.06521530612,2339.27560510204,2669.47461122449,2423.9406477551,2181.07596632653,1599.34462040816,2689.50869265306,2432.81983132653,2135.91079795918,2788.13387071429,2894.76232755102,2645.21515612245,1967.88259285714,2655.16377959184,2773.98018979592,2700.01247653061,2947.19809081633,2716.78504897959,3724.87924418367,2995.6341377551,3096.31628673469,2757.73097938776,2588.69776530612,1748.09760816327,2868.07640510204,2765.30204285714,2558.05888591837,2814.24878571429,2598.22063571429,2718.96398132653,2564.36335204082,2522.17982857143,2779.5118122449,2277.66269591837,2797.9613744898,2406.17700306122,2726.71566653061,2821.47994795918,2827.18298877551,2918.54723877551,2541.30140918367,2289.50645918367,2440.30067663265,1905.12508673469,2926.10388571429,2520.65740918367,2450.26483061225,3004.51074693878,3623.85778979592,2538.93831326531,2313.01222040816,3785.19549081633,2945.25121020408,3196.48086938776,2914.34015367347,3369.72513877551,2911.32367959184,2379.21033265306,3153.60693061224,3249.23079591837,3235.2089622449,3237.39516326531,3173.76352346939,2554.92317346939,2555.98509693878,2872.35065,1991.19509897959,2725.94095510204,2663.04449081633,2439.78402755102,2202.20198163265,2957.83381530612,3349.63294591837,2427.79091326531,2769.3080255102,2969.32974387755,1988.19865102041,3060.46918979592,2971.86334489796,3549.49716734694,2882.73267346939,2364.29193265306,2190.55868673469,2734.03860204082,1403.48834693878,2856.5207755102,2838.34965306122,2701.15738061225,2333.73122244898,2424.03523877551,3472.66349693878,2899.58344693878,2218.56324693878,3884.61576122449,3313.94589591837,1991.14547040816,2272.44653367347,2134.97679693878,2190.93843163265,1881.83807653061,2573.24400612245,2811.3481377551,2804.92724285714,2872.29035714286,3037.62434183674,2487.92252755102,2679.26741428571,2586.96726836735,2913.10362755102,2422.10529081633,3140.81989081633,2834.60287244898,2577.63509877551,2777.09554081633,2562.8487622449,2427.54852714286,2522.23956530612,2361.94226632653,2532.64773979592,2642.37516122449,3418.05361428571,2615.97211938776,2056.97507142857,2633.93700510204,3141.03341734694,2583.69773081633,3845.82982244898,3206.83232040816,3017.82997479592,2811.18643061224,2830.5224244898,3036.83282193878,3017.14243163265,3297.35208469388,3046.1400622449,2448.78183163265,2137.60564693878,2407.58010346939,2327.44898367347,1949.63540204082,2434.41171122449,2049.04282857143,2383.58155918367,3442.43904387755,3163.01337755102,2016.64374622449,2901.5930122449,2705.66486428571,2495.76722040816,2417.64373571429,2793.37149081633,3446.67023571429,2558.9331042449,2672.2255827551,3157.77834795918,3237.11797857143,2672.0660644898,2582.60783367347,2173.33786122449,2581.67739693878,2951.1835622449,2712.55334387755,2341.55298979592,3259.63292244898,2634.01969877551,2875.55484285714,1875.59893367347,2444.19088673469,2256.54644040816,2301.63831408163,2948.94997857143,2327.13937959184,2824.34235,2495.27638265306,2704.3391122449,2459.89203020408,2807.74456326531,3039.71556428571,2574.15806020408,2462.36086438776,2484.33575,2330.17039285714,2354.09734244898,2926.27925306122,2500.20391632653,2317.57859489796,2398.1289,3138.87746989796,3064.11150714286,2642.19669693878,3014.56282040816,2547.83730408163,2590.07528265306,2547.45582959184,2619.19706326531,2839.38892346939,2939.59204285714,2589.15065,2708.98854040816,2780.69333163265,2873.59247244898,2721.22039183673,2535.50774326531,2026.05885408163,2564.06596938776,2332.75918673469,2480.13812632653,2396.33807632653,2394.14880612245,3147.02211836735,3010.28270204082,3966.58869693878,2823.4352377551,2904.36806020408,3532.7301244898,2083.52478265306,2245.88595102041,2263.35821326531,2647.86347755102,2372.71495510204,2734.86721836735,1946.35604387755,2489.19502571429,2796.61997244898,2957.33510510204,3650.50738367347,3078.64609693878,2436.54669387755,3461.97313367347,3138.72651734694,3123.83777142857,3239.4210377551,2392.77836153061,2374.22788367347,2429.67873469388,2514.2251255102,2835.67237142857,2865.42158979592,3255.20230510204,3046.77667142857,3093.69837653061,2964.58065959184,2716.69631632653,3104.65975816327,2453.20957489796,2324.34232142857,2794.07485306122,2579.48314285714,2975.41023367347,2807.38258673469,2408.72594612245,3438.44987959184,2849.20749591837,2263.05686346939,2240.59880346939,3715.3790255102,3356.25246938776,3227.57163571429,3176.42800306123,2538.98828367347,3021.08630714286,2404.63355612245,2934.07593061225,3171.74185204082,2409.26759489796,2300.23271122449,3093.51413979592,2239.59822632653,2681.37062857143,3073.31636020408,3369.75626938775,2955.91685,2364.59887653061,2570.75663265306,2323.97795,2355.2780305102,2449.78810857143,3113.54858265306,3267.54283163265,2668.34380612245,2618.38621326531,2785.21409489796,2264.30007704082,2558.55113469388,2997.58774183673,2634.07207959184,2564.11595,2392.1759,3312.99204285714,2898.04754285714,3073.85573265306,3439.76209489796,2750.49751632653,2731.72918979592,2725.68021428571,2432.02453673469,3015.70354122449,2699.48977346939,2205.58242959184,2323.31106938775,2178.79490714286,2423.47903979592,2359.88187346939,3245.45653367347,2675.10289183674,1960.70706428571,3318.37562142857,2649.32981530612,1763.53396632653,3065.26999816326,3272.34678979592,3257.61836938776,3301.13558979592,2356.14561612245,2272.74409,3000.68963469388,3463.1399122449,3236.55249897959,2382.9524344898,1994.92383122449,2720.26521530612,2428.50304693878,1927.84138571429,2210.36221428571,2869.65059795918,2546.83717142857,3251.41257653061,2828.39136428571,2302.38387653061,2375.23958061224,2793.82424387755,2825.4124,2686.48008571429,2932.6449877551,2969.62300510204,3404.90366734694,2428.51067857143,2946.61964285714,2328.6743,3470.09374489796,2916.75171836735,1721.16442930612,1836.27021632653,2556.02849693878,2618.21728571429,3003.09762653061,2732.87189979592,2380.62739489796,2831.69103877551,3592.47597857143,2651.6877255102,2690.9097744898,2911.07901326531,2977.45575102041,2718.7547255102,2243.51846836735,2747.25391826531,2013.99233877551,2598.30978877551,2662.75055102041,2107.94345204082,2951.67011632653,4233.35704795918,2074.9570755102,2792.03371653061,2556.29574,2862.45926938776,3331.69722346939,2984.73063367347,3072.02188367347,3700.50192959184,3604.54594387755,2797.48039897959,3385.72577653061,2542.35691530612,3210.25522653061,3061.38841020408,2507.89439795918,2302.28055816327,2588.51445306122,2489.20849489796,2529.09479489796,2640.31492857143,2168.12936122449,2625.02335918367,2343.22749183674,3270.16091122449,2562.32349183673,2342.43214489796,2511.04674081633,3212.02818265306,2407.52957142857,2773.69299387755,2691.22513571429,3298.68562346939,2204.90877520408,2955.73594489796,2246.13208122449,2614.84182755102,2423.55207346939,3042.61379693878,2648.11613673469,3196.61873163265,3146.58716632653,2097.41354183674,2691.88486530612,2652.50329489796,2678.34880510204,3031.81614285714,3083.83301877551,3099.70408763265,1982.43057857143,2581.0262527551,2799.6165877551,2804.40262244898,2263.77532653061,2556.55663979592,3140.57469795918,3329.82522714286,2552.52451530612,2654.17980714286,2439.20291122449,2982.47799591837,3000.49534489796,3323.61711530612,2482.53647346939,2882.45805612245,2523.57147142857,2442.10622857143,2379.10648571429,2605.5774,2198.25825102041,2693.28990204082,2949.5153122449,2987.03545204082,2637.9834244898,2569.64125918367,3301.08407653061,3555.99917857143,3745.52709897959,2764.44183265306,3149.81231836735,2791.36947857143,2713.99912836735,2365.88115612245,1765.32015408163,2422.64758979592,2565.78617816327,2927.47291122449,2623.78911020408,2694.38381734694,2717.24998510204,2417.7989744898,2739.9544744898,3255.18026326531,2470.39578367347,2436.33709795918,3134.64151734694,2308.37499081633,2858.14036122449,3102.8903,3588.00119387755,3228.68309795918,3212.31211632653,2549.25456530612,2904.6505755102,3067.80242346939,2684.72866918367,2604.74229489796,1997.62355,1902.61293979592,2885.29216428571,2715.69068571429,2417.10200306122,3098.56841530612,2870.48678469388,3058.92670306122,2721.32096397959,3744.67959387755,3591.85735612245,2685.87696632653,2722.94797857143,3950.23999489796,3073.61002346939,2417.87162632653,2398.06881040816,2218.6963255102,2103.42492714286,3145.98926632653,2583.5141544898,2965.05253673469,2608.42956020408,2582.1434255102,2417.65626693877,2501.39311428572,2146.45741836735,2456.31334897959,2857.17321122449,3072.39291326531,3238.43792959184,2398.28014387755,2863.80520612245,2404.37536020408,2416.91055510204,2467.80551632653,2014.06409387755,2631.69686122449,2562.33611938776,2687.53573571429,2625.29775,2971.48716530612,2648.3821,2696.60938673469,2467.94566836735,2702.12873877551,2600.05556122449,2457.9996755102,2454.03111020408,2201.35934897959,2764.24421122449,2205.5328255102,3179.30594387755,3124.9527,3101.85694387755,2826.07426734694,2724.56863673469,2810.17809285714,2925.48086081633,2837.97748673469,3170.6865377551,2685.72283163265,2605.65902040816,2283.3953755102,3045.99995918367,2828.23764693878,2696.42931326531,2708.48843877551,2568.97367244898,2648.9180622449,2548.24133673469,2517.65200306122,2051.71013265306,2679.90867897959,2732.11421428571,2449.19187265306,2789.73028673469,3084.2350244898,2835.73922857143,1842.23339322449,2395.3827622449,2551.52778877551,2463.62201122449,2857.30399897959,4419.24678163265,3658.99134591837,3766.97888877551,2630.01513061225,2363.18821938776,2935.06687959184,2278.99591734694,2736.63821530612,3162.33508306122,2594.68441734694,2916.49395836735,3025.14185187755,2541.11322959184,2440.06387142857,2314.64232857143,2832.58651122449,2535.35596326531,3064.36215918367,2548.39676836735,2586.04870306122,2561.75421122449,2213.18536020408,2796.01198265306,2801.67485816327,2967.30001632653,3051.73484693878,2611.12005714286,2402.03800612245,3488.39908979592,3747.66723469388,2622.26245714286,2328.86514285714,2531.04682346939,2756.97438367347,2905.72928265306,2697.65233163265,2991.63832040816,2258.09437959184,2369.95089897959,3222.85215306123,2663.19708571429,2216.23950102041,3560.91297755102,3128.88221326531,2556.41655816327,2702.99208306122,2324.88485510204,2687.90194081633,2874.78999489796,2945.23363673469,3170.22720408163,2543.26456571429,2858.41631979592,2690.51071959184,2756.98438265306,3128.45149489796,2621.49052142857,3067.96177040816,2400.40064081633,2982.38584591837,2268.14345306122,2738.40497867347,2333.42016836735,1986.70165836735,2033.23792142857,2719.7724722449,2333.42140510204,2717.4960255102,1844.11317653061,2538.83886326531,2664.63573877551,2761.93149285714,2891.73281530612,2601.8006755102,2953.0549522449,2107.99020571429,1981.93893387755,2452.79051020408,3264.94321020408,1906.70720061225,2594.30915102041,2660.59566346939,2078.93243877551,3039.86613163265,3630.32267142857,2193.04262244898,2281.39208163265,2497.65252857143,3007.46361734694,2912.11699693878,1996.93861632653,2981.45821836735,2804.56825102041,2601.26004081633,2090.28082918367,2675.83572755102,3131.12695714286,3434.8460877551,2648.19053163265,2635.56457693878,2526.82161326531,3350.89304285714,2919.41019591837,2337.73273877551,2687.96125816327,2214.34338979592,2368.2376755102,2295.90031734694,2430.30425204082,2865.39628979592,2391.82418,2111.50005173469,2714.36811122449,2496.05675,2623.15315714286,3325.08002755102,2787.08826387755,2443.10218163265,3336.43241734694,3496.37109387755,1952.59157040816,2830.90446122449,2991.12943061225,2138.99479795918,2949.73126938776,2778.93968367347,2754.98244693878,3479.48020816327,2247.04406806123,3190.24153265306,3403.78795102041,2825.76343265306,2256.37056428571,2582.82210918367,3010.6547755102,3001.11568163265,2530.40080357143,1888.79455857143,2470.32511632653,2738.9445244898,2568.92027857143,2847.16075306122,2583.08357346939,2902.6307877551,2673.7112877551,3126.64378163265,3515.25978571429,2817.05565612245,3200.20060204082,3442.0766622449,3081.98075204082,3407.79790612245,2839.99900102041,2478.12721428571,2537.75845918367,2577.52543469388,2790.40391836735,2668.69065,2565.51058877551,3076.94886428571,2687.8201,2961.28906734694,2595.30401632653,2526.79292040816,2577.87242857143,2766.37675612245,3290.31623367347,3026.38387142857,2090.48848673469,2946.67657755102,2300.20124183673,2518.31252857143,2635.17410714286,2215.76259693878,2260.57534081633,2981.35559489796,3037.76296908163,2301.39047653061,2439.16629183673,2374.35441326531,2080.89591061224,2588.59465902041,2587.49552755102,2326.99980102041,3075.77094285714,2456.04631122449,2423.22223571429,2293.98336938776,2681.54090877551,2702.66383979592,2750.5592622449,2610.5778255102,2334.2084755102,2104.15790612245,2337.95455102041,2495.35659183673,3081.76815714286,2834.02860714286,2946.25515346939,2823.83479897959,2873.66520204082,3358.75828265306,2596.59237346939,3270.52661836735,3867.27921020408,2501.16926530612,2417.89041530612,2830.20972040816,3022.1808444898,2491.13931632653,2513.22053367347,2348.08474846939,2032.90973469388,2872.1534622449,2289.33513061225,2877.98791530612,2612.59161020408,3096.76356428571,2579.22433193878,2166.38091122449,2737.56441020408,2005.33290510204,3027.63886530612,2869.41926122449,2546.70811326531,2436.38782244898,2362.27884285714,3112.58926938775,2702.44487857143,3929.89726836735,2426.69792142857,2686.50973102041,2548.67418979592,1902.09580673469,2734.23652857143,3022.71745918367,2706.01924081633,3331.75406530612,2680.94096122449,2353.99469346939,2929.0380155102,2761.22110102041,2118.09084693878,2511.82982653061,2720.13512653061,3399.84506836735,2952.48140204082,1960.22344489796,2755.9309244898,2372.55672755102,3236.47473367347,2380.4465244898,2694.00200612245,3396.68424285714,2583.6169255102,3421.77938367347,2326.65135632653,2569.27376734694,1758.00831632653,3448.54013571429,2189.82252959184,2131.13511632653,2785.15991734694,2828.8195755102,2895.80063469388,2807.04433755102,1755.12340714286,2526.55546326531,2314.64348010204,2472.16376428571,2700.92059357143,2814.39994081633,3071.12998367347,3020.67291836735,2978.85875408163,3580.01127346939,2454.30574734694,2766.46268265306,2940.55602653061,3152.4205244898,2745.12234897959,2642.62658061225,2095.7637377551,2586.90578571429,3702.94157489796,3526.54039795918,2386.51883163265,3111.75069795918,2964.06067755102,2397.30306153061,2958.17427755102,2465.98204489796,2952.84819591837,2212.03625265306,2708.22572346939,2637.86439346939,3001.24865918367,3510.03113469388,3662.54264489796,3380.09207142857,3129.11401530612,3033.16810408163,3195.96821938775,2437.89200285714,2787.53057755102,2614.77798877551,3734.38415,2577.12464387755,2541.73005102041,2682.72645816327,3475.82892959184,2672.2689744898,3234.84616632653,2632.58416020408,2608.73265816327,2664.69285816327,2446.38268163265,3185.29428163265,3423.47371530612,3270.12807346939,2869.74934408163,2917.03136734694,3545.22794183673,2481.30532346939,2923.67903061225,2533.73478673469,1934.69819489796,2446.71874489796,2520.16361428571,3475.54168877551,2792.3787505102,2722.79243418367,2586.44004897959,2239.78018367347,1994.90363673469,2621.03788163265,2607.14765102041,2950.67328367347,2376.7293255102,2552.74176734694,2393.77521428571,2843.0310877551,2509.36289081633,2343.71658367347,2267.22757755102,2135.36422653061,2925.1422244898,3146.88636632653,3364.59270408163,2994.74967346939,2787.83824994898,3116.41153061224,2326.05781632653,2721.35072755102,2366.87807408163,2437.12333163265,2662.62324795918,2687.82017,3012.36821020408,3111.19616326531,2160.39956326531,1668.15606545918,2142.15780918367,3138.11515816327,2576.74588897959,2638.34750306122,2510.89985714286,2554.19155306122,2264.61482959184,2582.22577346939,2257.52706836735,2593.48076020408,2447.23505408163,2474.96941489796,2820.09482040816,2685.29731428571,2602.85158795918,2605.94760918367,2813.42128163265,2742.54961530612,3056.61714693878,2651.3034377551,2048.90120816327,2169.74180714286,2734.8033622449,2315.67131836735,2567.11259602041,3465.18881428571,3162.34129081633,2528.48510918367,2318.35875408163,2826.84540102041,2872.81811938776,2425.7999122449,2957.12603571429,3062.35647857143,2893.84093979592,3045.45990612245,3673.80283265306,3326.41958979592,2806.22533979592,2185.34513163265,2620.54391020408,3083.92074693878,2551.87916020408,2839.45600612245,2859.25871428571,3058.26964897959,2745.2054377551,2695.34254897959,2786.69065510204,2504.76976428571,2474.78179693878,2158.19720510204,2614.60774897959,2860.1763622449,2760.53118979592,3136.2273255102,2844.04926326531,2871.25618367347,2493.56187040816,2821.51466122449,2699.22731020408,3216.03111285714,2837.59995,2354.29416632653,2890.79661734694,2323.88852755102,2525.56729693878,3106.78013265306,3292.74116938776,3597.10015204082,3118.57634591837,2841.36172367347,2089.51675714286,2570.48064285714,2423.40964081633,2444.76224285714,2290.24802142857,2521.29844183674,2563.71093265306,2591.09178163265,2384.51253163265,2555.00454489796,3550.34668163265,3446.09588265306,3151.92168061225,2630.64081836735,2411.9148277551,2473.87049693878,2572.45954795918,3749.55233,3120.51933469388,2439.40360918367,2687.20537142857,2689.09528163265,2290.29282959184,2964.27326836735,2940.66044693878,2565.03594387755,3259.69323265306,2795.34065408163,3088.24209693878,2905.6378877551,3038.7822255102,2182.45772346939,2266.00668163265,2130.87349102041,2205.79337755102,2787.82501428571,2446.30631734694,2158.6212677551,2439.35664795918,3476.60678877551,2950.72848877551,2584.27387857143,2314.46781122449,2695.28649285714,2619.93849285714,2708.69548061225,2647.38257755102,2267.55314693878,2502.25809387755,2688.67542346939,2988.52823673469,2902.90193571429,3416.11336020408,3812.05648489796,2772.60835,1968.11347387755,2573.14714183674,2506.44481,2019.43423163265,2677.78712142857,2739.9415394898,2799.49656428571,2331.92977061225,3025.71930408163,3105.32421428571,2792.74866428571,2698.6892744898,2791.48042530612,3661.83119897959,3413.9282755102,3094.04762040816,2731.31007244898,3500.36899591837,3355.55164081633,2210.15146853061,2551.03150102041,2821.93072653061,3180.42153877551,2458.6261377551,2336.30911020408,2511.08796020408,2751.96606530612,2319.86850918367,3015.29559081633,2739.05016938776,2166.4060122449,2896.23213673469,2581.37513673469,2974.45895816327,2186.29015510204,2729.8987244898,2883.02749183673,2589.12585918367,2247.46596020408,2442.48253367347,3024.11105306122,2757.6023177551,2863.13084795918,1892.06831734694,2404.44977040816,2454.59210816327,2642.66241734694,2961.35604897959,2371.49488163265,2297.07350816327,2860.13846,2905.41791,2508.29434591837,1740.14569693878,2359.58724285714,2575.33201632653,2493.68840816327,2376.03229285714,2595.13696836735,2694.83727857143,2518.31649183673,2330.49973561224,2721.95896020408,2586.16725816327,2905.51042755102,2391.15323826531,2951.66314591837,3285.36428979592,2509.69459081633,2541.03648061225,2652.69582653061,3171.12147959184,2884.36137857143,2813.01731122449,2303.40204897959,2994.63739489796,2485.99329285714,2582.87320408163,2401.27033469388,2257.39768061225,2152.70746836735,2300.93505918367,2250.48451530612,2074.7004744898,3193.32277244898,2549.27369591837,2215.96948877551,2299.60374489796,1896.58417142857,2503.27137663265,2600.32314489796,2575.91510693878,2584.04850918367,2700.06360510204,2815.2286844898,2432.88174061224,2178.97979795918,2436.20082959184,2212.32900408163,2334.0743122449,2589.62271428572,2557.78371326531,2610.5662122449,3322.43238469388,2987.76285918367,2337.59395612245,2805.56542959184,2159.52258265306,2446.86847346939,2571.37990612245,2259.71994653061,2195.12617244898,2832.08971102041,3441.47336734694,3262.96875816327,2508.1453255102,2565.83466265306,3972.88740306122,2911.60651836735,2729.49354183674,2586.44127346939,2781.80655408163,2727.43690408163,2473.64138265306,3156.44194387755,2684.03114489796,2985.06193367347,3624.43446020408,2881.33727857143,2781.1284377551,2724.72721632653,2720.6756744898,2580.87571836735,3299.28879489796,2793.23426326531,3576.10475,3297.02761357143,3068.05043673469,3435.5149377551,3070.08996959184,2110.01996734694,2765.62419081633,3259.39998979592,2819.4826877551,2398.16620918367,2798.52052040816,2691.82059183673,2294.08635408163,2282.30940265306,2731.89463469388,3440.16723265306,2120.74911734694,2230.69427346939,2695.23855408163,2519.86151836735,2255.68747244898,2261.97102346939,2703.05747755102,3263.22078979592,2840.41206734694,3257.50651734694,3200.00094316327,2824.0001344898,2702.05538877551,2644.90824285714,2940.62222540816,3049.91400653061,1926.37765214286,2365.38815102041,1988.44799877551,2201.65654183673,2156.76786530612,2730.88445612245,2154.84614285714,2786.30756530612,2572.65462040816,2647.90855714286,2680.77535510204,2888.10737857143,2557.20808795918,2562.89489387755,2505.17986326531,2251.12379795918,2446.26597142857,2403.43050877551,2653.28408836735,2412.43913561224,2481.84453765306,2566.57436591837,2607.92295704082,2792.53207765306,4181.11554183674,2075.37126857143,3242.61016122449,2603.81641734694,2695.01063163265,2766.14286632653,2420.13947857143,2783.53553367347,2401.67197755102,2695.32624183673,2744.35375408163,2086.31689081633,3142.56285306122,2332.3277877551,2563.60477142857,2484.70155102041,2165.07625,2707.36879387755,2942.86494591837,2731.27272653061,2683.43597469388,2761.03882163265,2715.53750959184,3508.86472346939,2547.9455255102,3009.2233255102,2326.65377857143,2480.59776938775,2550.69239897959,3660.7821622449,2208.50143081633,2445.38608877551,2070.42876785714,2623.63875306122,1761.75634489796,2790.43435918367,2682.12181530612,2588.38854183673,2926.05341632653,2887.84948336735,2575.48097040816,2370.16065510204,2432.88671734694,2846.14197959184,3027.56300918367,3319.96404520408,3771.41050204082,3513.64951326531,2852.13641530612,2735.63008469388,2690.86600510204,2652.43619489796,2593.41162346939,2176.03379489796,2580.32438163265,2663.28603265306,2414.16050122449,2414.62540918367,2548.44403163265,2933.16515612245,2372.9209744898,2767.65436020408,1989.28887755102,3719.67192755102,3108.23256632653,2197.34055816327,2473.84952112245,2727.96073673469,2771.59198265306,3895.88300408163,2218.59934489796,2892.35165204082,2254.31313673469,2344.99496857143,2100.54525795918,2925.68357142857,2576.97445714286,1923.37206265306,1705.72210612245,2383.13368571429,2246.50525979592,2484.58268367347,2485.31891530612,1955.50625918367,2170.40973469388,2600.25330408163,2850.93630408163,2488.25292142857,2670.3439622449,2817.49488265306,3021.3728877551,2800.02479285714,2637.95616122449,2403.6469377551,2492.8797,2311.5422244898,2384.25391020408,2413.13651326531,3538.53027959184,2348.67554183673,2802.5119255102,2386.5309122449,3422.64630918367,2967.12384285714,2996.78605714286,2587.64835102041,3440.52365306123,2717.31033571429,2356.70117836735,2108.94329081633,2950.13597142857,2502.70170204082,2503.16421326531,3233.35791163265,2158.33782040816,2518.85801530612,2515.40470071429,2621.83126122449,2162.36277755102,2134.9425055102,2619.27379285714,2423.93315510204,2385.01692816327,1932.02758887755,2980.76194081633,2962.25530306123,3129.49367653061,2317.11969693878,2833.42468979592,4063.24806122449,3167.04350806123,2357.67894183674,2462.70619387755,2420.42080510204,2491.46394387755,2275.73427653061,3500.98095163265,3004.4804755102,2617.31739969388,2808.57838132653,2614.97175,2250.0480477551,2546.44687346939,2844.26275816327,2485.22465612245,2750.80665102041,2372.84470510204,3786.44467244898,2516.30470102041,2791.9973377551,3260.69657040816,2365.8995,2612.31968265306,2546.52750306122,3061.47687755102,2464.53212755102,2817.10322142857,2977.52313571429,2479.21078163265,2383.0681122449,3064.82572142857,2172.69654387755,2860.65392387755,2743.14893469388,2670.78407040816,2298.53407142857,2893.948,2906.89482959184,2141.12702653061,2516.01810918367,2297.47238265306,2886.45222520408,2920.29563571429,3455.88362346939,3088.35119530612,2295.25723061225,3007.17318061225,2530.60729897959,2986.40483571429,2572.27020510204,3605.89857857143,3255.93352244898,3355.58414897959,2267.59795204082,2945.44548061224,2472.02374081633,3478.58316122449,3218.3166744898,3287.31549897959,2600.31730714286,2285.67203795918,2673.91318061225,2654.13297142857,2140.01370204082,2463.35911326531,2814.35604591837,2801.51881836735,3121.28311020408,2541.0373877551,3148.77951122449,3186.61757653061,2653.46420918367,2208.82044693878,3898.19765816327,1963.2680844898,2277.78286428571,2664.54398061225,2628.15295693878,3582.33477244898,2389.88287653061,3320.94517244898,2423.8460755102,3389.35863571429,2980.85050816327,3161.42172755102,2882.37509591837,2503.46898163265,2054.47127142857,2130.21382346939,2172.0400044898,2831.80534020408,2145.74380408163,2047.47022326531,2264.55014081633,2507.61730918367,3493.63262755102,2489.24567857143,2934.09587755102,3272.19282857143,2836.19010714286,2460.09735816327,3011.6880255102,2395.87580510204,3038.35915306123,2785.15997142857,3886.35048367347,2397.94523979592,2293.51543979592,2506.21608367347,2419.51742959184,3056.03299081633,3186.29796530612,3615.93950612245,3272.77407755102,3670.69428265306,2909.73102653061,3319.14423877551,3218.07553367347,2822.87878367347,2966.31815918367,2494.09841938776,2648.11950102041,2448.76579897959,2355.06719285714,2335.29700102041,2563.49977142857,3106.66035897959,2899.32455408163,2652.63185306123,2701.51749285714,2910.3423877551,2480.48497959184,2614.87279183673,2907.69093571429,2509.79170755102,2336.81473418367,2327.1746,3032.73844693878,3242.94868877551,2267.51153673469,2346.42177285714,2010.69595612245,2881.46467244898,3095.83230306122,3013.03970816327,2752.23612857143,2664.66366122449,2923.3190922449,2891.52747346939,2932.91411489796,2702.74602142857,2708.33957469388,2515.38610836735,2620.59895204082,3076.22347040816,3532.48845,1934.46797367347,2302.49524489796,2782.19841836735,3041.16293673469,2889.00452142857,2635.88174204082,2782.65621428571,2344.82454183674,2557.00375,2218.04173673469,2896.45333163265,2975.24655408163,3269.31696122449,3266.40278571429,2671.38588571429,2400.60360102041,2665.30691020408,2371.28449489796,2897.55451326531,2744.08921326531,2993.60671836735,2957.42199816327,3494.41887755102,3456.62934530612,3574.85130938776,3146.63576244898,2389.8294244898,2395.54441244898,2672.07679387755,2784.81910612245,2949.18997857143,3172.26076326531,2808.21652346939,3096.41399693878,2907.60124367347,2162.04204081633,2233.23854183673,1728.13274489796,2171.46451530612,2236.14061632653,2249.7081377551,2525.96593061225,2312.03132214286,2693.75929591837,2608.22704591837,2051.60067040816,2697.28080306122,3170.65959693878,2861.40968408163,2705.16510989796,1915.35269795918,2421.5319,2496.67555102041,2934.06153163265,2992.72490204082,2587.00281428571,2992.7863,2523.69422653061,2927.18642755102,2402.06592755102,1756.49587040816,2908.4993744898,3176.40269489796,2560.31881020408,2430.43808265306,2201.43706326531,2764.51525918367,2353.84094183674,3607.39798469388,2950.43734285714,2771.52650408163,2974.67077346939,2860.85592857143,2370.86652755102,2664.31338265306,2794.73675918367,3140.56250816327,2513.42598979592,2717.81324285714,3131.13306632653,2645.69821326531,2948.67388571429,3274.5753244898,3102.42961734694,2174.62930408163,2479.26831938776,2463.7175122449,2679.07705102041,2308.69102142857,2516.91949285714,3151.11416122449,2858.56572244898,2646.12399959184,2944.70904081633,3113.17408469388,3170.90202040816,2858.30520816327,2697.80871326531,2880.21630418367,2513.99284183673,2409.35325,2078.90273622449,2647.31169795918,2760.2382144898,2583.97484081633,2183.48564489796,3601.40599591837,2761.87991326531,3127.58590612245,2946.81891326531,3111.06142346939,2331.61472142857,2685.83787959184,2373.35426428571,2934.29130102041,2309.83561530612,2481.18658265306,3012.95704591837,2395.02896867347,2877.8601077551,2313.25470510204,2940.07845714286,3013.86421020408,2924.70326734694,2544.00043571429,3040.67043979592,3402.27201897959,3518.40943163265,2992.48707040816,3078.03402142857,2698.25732244898,3048.71015102041,2818.86375306122,2649.23106530612,2837.64612959184,2611.01646122449,2630.26250102041,2888.7702755102,3204.31160704082,2698.56154183674,2321.2423255102,2802.41334387755,2789.97106122449,3183.55784795918,2279.59570816327,2812.58911632653,2823.54371632653,3251.91145755102,2712.53119693878,2445.25933530612,2401.41814387755,2748.09694489796,2870.86442755102,3168.30513061225,2249.33608979592,2658.95229122449,3386.06208673469,3097.21471938776,2790.90014367347,2429.12003979592,3202.32486326531,2533.41894061225,2343.53049285714,2181.52711428571,2764.71212346939,2923.24624387755,3181.62673061224,3598.05325408163,2951.76443877551,2747.63567857143,2632.68617040816,3007.15212755102,2771.23451428571,3318.75221938776,2299.14375306122,2237.44584183673,2583.43649285714,2367.34609897959,2729.7274177551,2949.7293755102,2742.60461959184,2595.15993877551,2547.81470306122,3816.44574693878,3636.61433979592,2659.86196734694,2330.03197040816,3750.99950204082,2935.19880204082,2825.74117653061,2055.98633979592,3153.1880244898,2421.65653877551,2088.60779285714,2340.43330510204,3424.89288061225,3113.60708367347,2770.03837040816,2193.17784591837,2473.74889489796,2293.00293602041,2302.7468744898,2590.50766734694,3140.77076510204,2721.46136326531,1826.94681122449,3051.75917959184,2582.36533163265,4921.4451877551,3241.31736938776,3096.2501255102,2527.48670408163,2769.17920510204,3333.6333,2608.65039795918,2314.43836020408,2191.18850510204,2579.02406938776,2584.5122244898,2542.99619795918,2496.01137755102,2864.03885897959,3786.9752244898,2829.76211918367,3127.93876938776,3039.37003571429,2396.78698265306,3017.7089755102,3611.05466122449,3604.14656836735,3256.54528877551,1891.97939979592,2937.95473367347,2670.78932959184,2472.51899897959,2212.39818469388,2709.37087244898,2893.42990714286,3736.8283877551,3342.71916122449,2428.69350346939,2329.62441428571,2238.83766938776,2592.62209285714,2647.56763877551,2711.47696428571,1930.76427653061,2501.34758571429,2426.54717040816,2541.58597755102,2239.82404897959,2320.57910408163,2547.68383,2956.46432346939,3351.04034183674,2918.78004693878,2565.09810918367,2402.07238979592,2242.85151734694,2487.58058244898,2556.81117755102,3372.05975612245,3583.87654387755,3167.1294255102,2604.90436122449,2472.58150408163,2700.49930306122,3097.77147244898,2254.86674816327,2998.81432755102,2064.89292244898,2640.43189693878,2585.49725408163,2487.61621530612,2905.07516836735,3612.30603877551,3197.03504897959,4414.25397704082,2841.24188387755,3605.82693061224,2132.21719489796,2332.64166020408,2440.59856122449,2326.68560102041,2952.48827653061,2365.81233877551,2971.40380918367,2590.78523877551,2069.62737142857,2224.06319612245,2517.25705,2696.0976744898,2440.29989489796,2842.25314081633,2393.25723244898,3744.88904795918,2566.41281122449,2355.39983571429,3013.04083316327,2439.68387326531,2432.47679795918,2577.16835204082,1639.14259489796,2597.46255816327,2439.32853061225,2943.88308673469,2367.8694244898,2616.98765714286,2818.08468571429,2746.84501632653,2382.33258163265,2480.02282653061,3699.20297040816,3294.91645714286,2669.07409714286,2651.97224795918,2410.38596836735,2745.34221428571,2979.03467142857,2326.26842142857,2982.25522244898,2963.25882040816,2305.44794387755,2335.77056836735,2617.76022857143,2959.32869387755,3307.58449285714,2944.63084183673,2724.37880102041,2845.73188571429,2899.47035612245,2054.47533571429,2972.47874183673,3001.18708979592,2658.94022857143,2624.25442846939,2686.94683489796,2442.87571530612,2809.31944591837,3538.51646020408,2977.84810510204,3400.20785714286,3371.98947244898,4207.10384693878,4018.50818469388,2826.64431428571,3112.54116734694,2984.71332755102,2986.42328673469,2380.87129693878,3715.66498571429,3193.07749489796,2589.64619387755,3185.06935510204,3220.93041020408,2844.36051428571,2910.80216173469,2090.57194142857,2547.80945306122,1935.63941938776,1921.62011734694,2626.99405612245,2675.26324387755,2095.18301326531,2998.29507040816,2433.09754081633,2735.8384877551,2549.05380510204,3744.15857040816,2834.85935581633,2355.9366744898,2129.81987857143,2923.39851734694,2704.80862255102,2384.01013132653,2257.3616755102,3171.9586744898,3081.68644387755,3326.1799855102,3268.39421020408,2457.48237040816,2490.61459489796,2294.75782040816,2948.34862346939,2550.07018673469,2751.78912653061,2458.51261530612,2651.80001326531,2819.32016530612,2600.09226632653,2516.79629897959,2862.64443142857,2218.70217346939,2173.4316622449,2973.38171632653,2729.02425204082,2237.25564693878,2498.75659081633,3332.83550306122,3107.00302244898,2642.13496122449,2627.52206244898,2209.43669795918,2464.98704673469,2809.37460306123,2859.75506938776,3351.93370918367,2361.68506428571,2096.61039387755,2799.58020816327,3241.85865918367,3259.41655102041,2902.29996122449,3235.82530510204,3295.62758367347,2743.70278142857,2507.13427653061,2640.07502346939,3195.29366836735,3016.26384183674,2817.25642857143,2545.36487755102,2220.66178469388,3119.66545816327,3099.60961734694,3361.85561428572,2599.43358163265,2818.71208183673,2586.29939897959,3550.30982346939,2362.70914336735,3052.50401938776,2548.88849897959,3408.98427040816,2869.4638744898,2576.0549,2058.78162489796,2148.68442244898,2647.22238265306,2376.76672142857,2769.41894693878,3064.18123877551,2129.59756836735,2331.74716122449,2836.92728265306,2912.56422244898,2220.64211428571,1946.96147755102,2288.78566734694,2256.7914255102,2189.61349489796,2373.87455191837,3364.36283265306,2714.12015204082,2198.83296204082,2327.37001326531,2447.75647040816,2611.55851326531,2630.1601122449,3002.04066326531,2467.23619734694,2860.50428877551,2797.14909183674,2631.02821020408,3136.16362755102,2702.79518979592,2603.84885408163,2863.18179183674,3137.04246326531,2865.30883163265,3020.26689387755,2637.78231428571,2769.93941326531,2677.01129122449,2164.85857346939,2057.97124693878,3169.82144693878,2587.19569795918,3492.32849571429,2751.53012857143,1990.39251632653,2602.7719622449,2709.9929755102,2215.51558714286,2126.0984122449,2529.08694004082,2710.18375918367,3100.93567867347,2697.80899663265,2946.16990714286,2633.56793163265,2804.18731632653,3834.53762755102,3723.46716122449,1949.26690102041,2397.85108571429,3198.27197346939,2416.11621938776,3172.6696255102,2900.93148265306,2555.45053163265,2193.84456020408,2940.99086938776,2870.20282346939,2306.14601836735,3318.96659183674,3622.26707316326,2325.79937244898,2911.99230204082,2552.24587244898,2497.74949387755,2965.09793265306,3234.48972142857,2742.47445,2710.18875612245,2355.26926326531,2675.35732857143,2876.92576857143,3853.28546428572,2280.6654244898,2766.27058061225,2440.58375377551,3168.52728571429,2082.95678163265,2266.8807377551,3035.18873469388,2689.65002755102,2272.58161020408,3375.5215255102,2611.36494795918,2862.70376020408,2443.8521895102,2552.6847244898,2257.39463061224,2147.20418591837,3548.73888602041,3132.95323061225,3124.89195408163,3228.12591836735,2639.66626428571,3029.26199285714,1648.61559367347,2543.92555714286,2394.54249387755,2410.93874377551,2310.20647142857,2096.54093734694,2817.18090102041,2869.49077244898,2685.8660377551,3197.43086285714,3338.10661938776,2888.00873571429,2907.33887244898,3065.20510102041,3005.33749489796,2859.63790306122,2245.21247142857,3229.28816428571,2154.32659795918,2783.3207255102,2086.09730816327,3516.7966877551,2742.97728163265,3030.14484897959,3407.47188469388,3650.78627142857,2653.50145816327,1983.36393571429,2964.4725255102,2441.94361836735,2586.60046326531,2171.87279489796,2886.18773938775,3208.70373571429,3066.38969387755,2794.63892959184,2519.16629081633,2381.06028877551,3564.62039489796,2470.67794591837,2179.37010612245,2949.22315102041,2713.55388571429,3222.02284285714,2853.73800816327,3275.67521326531,3193.4104377551,2807.4894755102,2326.32664081633,2481.9858755102,2899.71965918367,2226.80777040816,2003.73816428571,3012.7313377551,3243.11374183674,2920.47341530612,2403.02003571429,2760.69171469388,1974.99352959184,2944.78790071429,2196.26218877551,2576.06068673469,1991.17350816327,2714.87510204082,2898.81844285714,2938.11678387755,2562.02418387755,2201.85428387755,3207.16403153061,3479.91609897959,2668.16969489796,2264.12285816327,2379.61041744898,2322.36770510204,2613.21334081633,3189.18902959184,2791.74135247959,2698.16129329592,2925.42590306122,2637.2334,2622.85311326531,2868.88880816327,2970.82272959184,2546.32701938776,3087.5695622449,2624.45284489796,2344.76695306122,2883.05705918367,2613.05148061224,2267.84128877551,2783.1843877551,3647.50644795918,3532.40571734694,2603.18602959184,2590.5015755102,2572.26588877551,2546.70791306122,2351.72215102041,2189.86460408163,2845.32907857143,2432.88738571429,2515.39595816327,2253.01527244898,2743.27860408163,2693.70777244898,1952.28688877551,2443.31097142857,2349.34484693878,2193.29771326531,2311.00202244898,2919.64986836735,2978.76396938775,2302.67005510204,2190.89322346939,2244.64769795918,3094.74127346939,2331.11553367347,2959.93075102041,2402.3734,2443.95215,2714.16079387755,3173.14424489796,2540.19454897959,2543.23615510204,2786.44128571429,2365.24616836735,2449.69840714286,2253.91184663265,2927.72666938776,2401.65266122449,2893.11080204082,2747.98433877551,2646.93551193878,2835.8262755102,2349.28739693878,2108.70465897959,2540.84369285714,2276.24122183673,2441.7226255102,3031.15765612245,2898.43376734694,3496.58535816327,2626.19395326531,2798.64482755102,2429.56293571429,2435.29930510204,2215.63348469388,2859.25959693878,3579.25106428572,2733.56871428571,2456.94961326531,2828.00205510204,2204.67403979592,3006.64529081633,2383.40996734694,2616.18240306122,2949.73395428571,3040.51639418367,2248.60500632653,2880.38780408163,2712.12332857143,3044.73708265306,3899.58335714286,2611.49284897959,2713.52918469388,2156.44620918367,2497.319,2937.81950918367,3576.83949693878,2235.54495204082,2425.54303673469,2573.01007755102,3020.0976622449,3714.9812377551,2304.85799285714,2565.06003469388,2232.06833571429,2189.63378877551,2460.73615204082,2062.43826428571,2474.86146122449,3459.90781163265,2418.25469285714,2926.734,2461.67553061224,2688.31264897959,3135.10379183673,3220.8957,2813.39979591837,2717.97955663265,2437.55536428571,2295.85517346939,2589.27894877551,2376.11944387755,2690.38427326531,2897.23241836735,2193.20784081633,2764.75685306122,2815.80246428571,3435.97548163265,2734.64698571429,2250.19981530612,2652.39831428571,2104.50125306122,2237.14739591837,2422.42758571429,2585.76637040816,2530.57636326531,2517.9618244898,3275.87480714286,2630.19449204082,1885.49521326531,3181.16849897959,2290.65316061224,2227.22808265306,2316.01828367347,2197.49262102041,2482.89607979592,2612.53955918367,2668.40691122449,2828.42547755102,3137.4855122449,2688.12857244898,2811.06661530612,2368.69030204082,2581.26952040816,2557.38776428572,2733.67359387755,2455.4130877551,2987.8668877551,3002.35534428572,3159.49510102041,1999.41232040816,2943.1059244898,3204.43942142857,3164.80788877551,2952.23316122449,2678.79416122449,2998.70944285714,2994.25656173469,2288.09255408163,2160.86455397959,2448.19333020408,2502.83707653061,2384.69524693878,2827.59302959184,2330.69246122449,3978.73066428571,3415.65551346939,2533.3497377551,2646.41223877551,2918.08824591837,3372.65063673469,2660.37235816327,2378.40939897959,2716.30171428571,2293.68234081633,2776.2608122449,2471.0638622449,2422.97663163265,3223.8058122449,3305.48665918367,2336.67328469388,2871.02550306122,2157.35180102041,2527.3112877551,2943.63739285714,2500.41116734694,2482.60330918367,2021.51127367347,2724.35370612245,2731.38806836735,2838.94494183673,2819.68435918367,2932.10364489796,2323.91376326531,2728.35902653061,2863.39867959184,2793.54351428571,2667.70015408163,2686.92585816327,3018.54833061225,2549.49296836735,3574.59621530612,2563.62597653061,2886.1085155102,1948.3748,2988.55008979592,2902.52677040816,2431.00119795918,2605.29465510204,2672.20091632653,2258.20174693878,2992.37205,2883.29246530612,2988.03525918367,2567.05493469388,2641.33989285714,2842.29916938776,2073.95715714286,2423.7921,2229.94226122449,2906.92503061225,2765.50987857143,2389.91102857143,2461.19783061225,2424.14961938776,2471.52594897959,2748.81279693878,2608.14115204082,2424.47301326531,2779.52109183674,2924.87690316327,2648.28331632653,2200.84279285714,2286.40390612245,2195.26464183673,2660.24259183673,2307.81420408163,2803.15769693878,2858.98324081633,2647.32881428571,2791.83165897959,2560.23446938775,2935.11367959184,2350.96882285714,2871.53348877551,3357.1848877551,2974.1427677551,2138.54320102041,3131.24597142857,2413.29463367347,2662.89201877551,2523.91577183674,2245.14706020408,3057.37722653061,2411.23171734694,3273.03586734694,2926.80290714286,3017.62222857143,3359.57001020408,2645.13187346939,3083.63134183673,2775.01918979592,2581.16930612245,2095.46118163265,3542.04712244898,2918.26130102041,2850.8212755102,4378.41296734694,3406.7777244898,3743.95422040816,2873.79614081633,3008.96815714286,2963.68071069388,2606.09709183673,2933.4015755102,2609.1517,3477.60259693878,3266.7508,2704.8031222449,2969.07956632653,2989.03516938776,2904.11004387755,2716.35606938775,2317.77043183674,2108.15534795918,2488.81806938776,2555.95155510204,2338.66386734694,2700.34210510204,2793.80646020408,2778.73398367347,3110.43891122449,1926.88990816327,2436.96954387755,2538.65950714286,2961.13696010204,1980.81546836735,2123.00206530612,2181.93585510204,2374.5365,2117.11576897959,3303.67033397959,3212.86827040816,2178.7069622449,2909.13014285714,3132.50685612245,2395.72823571429,2990.73824489796,2157.17632346939,2147.91194591837,2354.00057040816,2849.72767653061,2531.03395510204,2801.44219591837,3321.86280306123,2808.85188979592,2304.52652346939,2614.9649255102,3276.51595,2730.40338061225,2637.20660346939,2795.81323469388,2866.59538265306,2209.40900612245,2890.52962142857,3149.93270306122,2857.9973622449,2987.4782744898,2928.54536734694,2980.48970408163,2342.3656,2519.90866469388,2527.05446122449,3257.82408469388,2866.24280204082,2403.65069081633,2851.31443979592,2669.78990714286,2340.91974795918,2769.44385102041,2689.97950510204,2829.80494897959,3318.12795306123,2884.82034693878,2677.8264244898,2313.90420714286,1986.62651530612,2708.01313673469,2277.95374183673,2717.38100620408,2152.93989438775,2415.11071734694,2874.81410204082,2206.99792102041,2322.02105040816,2492.83551122449,2281.50164367347,2738.25739857143,2209.36760040816,2343.6938877551,2753.09403673469,2760.15696020408,2381.17006122449,2602.14807755102,2154.58864183673,2337.32059795918,2613.86845204082,2143.4570744898,2802.04187142857,2669.96359591837,3233.70680204082,3093.25890204082,3014.25246653061,1824.6414122449,2674.42197959184,1952.24419795918,2256.83581734694,3087.68604795918,2289.08194489796,1760.38057653061,2936.65529387755,2751.31602244898,3748.65367755102,2780.40125510204,2559.3288255102,3160.81790163265,2503.30880857143,2471.16484081633,2776.50555918367,2509.75701122449,1634.3842,3331.19146530612,3365.70268571429,2645.73773571429,2852.37804489796,2258.10178877551,2716.43286530612,2443.43052244898,2691.97517755102,2500.15462040816,2056.49325673469,2588.41671110204,2728.65747040816,2417.51043010204,2798.44283877551,2455.54983979592,2800.57781530612,2566.49924081633,2570.24160714286,3433.93170306123,3308.16181836735,2706.75276,2600.93738061224,2492.32875102041,3047.64058265306,2044.46501416327,2273.78169897959,2270.85890204082,2061.73733571429,2788.8076244898,2391.41388367347,2300.44904489796,1686.81459081633,2231.5659755102,2762.42212959184,2601.90841357143,2623.21468877551,2530.56149693878,2538.64829489796,2442.68882959184,2815.52485510204,2948.14948653061,2433.00195306122,3237.1019255102,2962.1937877551,2971.60754081633,2572.95721632653,2278.98757244898,2866.01640306122,2711.0106244898,2223.83121530612,2826.18245469388,2444.25573571429,2386.76099183674,2221.78311836735,2439.1122244898,2362.19018061224,2686.45475102041,1983.71628367347,2045.65342265306,2587.75367959184,2183.91872346939,2837.92719591837,2735.3587244898,2555.92276173469,3072.27866122449,3019.84587346939,2762.99700938776,2978.85967244898,3014.79714081633,2319.57853979592,2862.97021326531,2530.08262122449,2509.47877040816,2968.22099408163,2117.0975394898,2797.67857959184,3498.29800612245,3026.13284183674,3761.22489285714,3676.40926632653,2903.62571530612,2866.46234387755,2503.48678469388,2370.11749081633,1968.43375918367,2759.70349081633,2828.60966122449,2605.66186530612,2914.44763469388,2612.77563081633,2201.69112204082,2253.60132897959,3137.51693265306,2378.4114755102,2813.28919489796,2333.47105612245,3113.37222653061,2772.68742346939,3114.1102,2893.35713642857,2580.20488571429,3557.51448265306,3040.72228061224,2863.53401836735,2470.87802,2640.19299387755,2810.37860714286,2374.53647959184,2754.51584183673,3211.51231306122,2820.37871122449,3153.96040193878,2607.78990612245,2962.64807040816,2499.55248469388,2822.47435306122,2310.44868612245,2849.46807642857,2318.9284092449,2280.41236836735,3513.39222142857,2270.23365612245,2063.81788367347,2426.36019591837,3354.91142346939,2193.91721428571,2761.72465510204,2327.96544346939,2930.54915918367,2647.11853673469,2808.24671622449,2108.49619755102,2222.3307722449,2478.25379836735,3060.52691122449,3061.16098571429,2597.30771326531,3462.48089591837,3541.10730510204,3013.8527755102,3246.70903163265,2458.53318265306,3090.19755816327,2787.27476244898,2575.13549285714,2450.44710102041,2769.29605816327,2925.11277346939,2359.94721734694,2109.10281530612,3626.02560204082,2680.3564755102,2628.47743571429,2722.55202857143,2697.34093877551,2133.04048459184,2409.33292244898,2308.01394081633,2089.18682142857,2599.00508877551,2836.32118734694,2589.24264693878,3140.14093979592,2221.81936969388,2612.97364795918,3095.36177244898,2593.43874591837,2786.48458265306,2081.80035714286,2706.78546346939,2616.82348469388,2813.33532040816,2985.49560683674,3460.31699081633,2849.76586877551,2884.36466,3102.93454489796,2449.94798163265,2637.60352959184,2485.45999183673,2512.71836734694,2351.17573265306,2461.04030204082,2834.59820408163,2249.19428612245,2257.95399387755,2746.26485,2402.10570918367,2470.59738673469,2287.23277653061,2657.53751540816,3338.23334591837,2678.22469387755,2409.29602142857,2065.62753367347,3268.27825530612,4052.02212459184,3330.77724122449,2856.04069897959,2680.2224877551,2276.47530612245,2426.70982040816,2679.79068367347,2613.90649897959,3147.16839693878,2976.34969693878,1817.73623979592,2401.45248877551,2291.68220755102,2510.69615510204,2546.11309795918,3219.45763163265,2754.62682857143,2507.74769071429,2357.46235806122,2196.19943061225,2756.10951428571,1740.81188367347,2758.47410612245,2787.90914591837,2436.57004489796,3117.32205510204,1886.5535622449,2733.51590510204,2959.2286744898,2537.66177244898,2790.51190306122,3455.93379489796,1871.3546255102,2076.67699330612,2226.52161795918,2596.4901644898,2786.83440714286,2271.67745204082,2896.26206326531,2560.7180377551,3035.96732989796,2545.79219795918,2885.17872857143,2851.98485102041,2812.03833469388,2593.92831836735,2572.04727142857
59.7551020408163,2648.9935044898,2611.74829897959,2559.6381877551,3026.34033265306,2808.34808673469,3297.40236122449,2729.20331122449,2697.67912653061,2576.03018979592,2495.86268163265,2994.55720510204,2275.24299081633,2688.78365153061,2572.17870306122,2741.28252755102,2376.45157857143,2592.1237755102,2919.45727755102,2355.5194722449,3083.69019183673,2692.97919081633,2890.47806530612,2802.12306734694,3128.20800204082,3724.07683571429,3421.46011530612,3035.55468367347,1866.69256428571,2842.37958397959,2436.78309591837,1433.23763877551,2100.12735306122,2513.01400102041,2623.13943061224,3021.18743877551,2692.81973959184,3157.85620510204,2724.80057040816,2875.86455,3239.06964795918,3491.09453469388,2976.71638163265,2617.95463540816,3149.46007959184,3023.8279622449,3036.84427673469,2040.11436265306,3200.83915408163,3245.58486818367,2636.46197653061,2208.54366255102,3253.3319255102,3481.65038469388,3343.99119693878,2441.02343979592,2100.50416530612,3459.33491428571,2591.13331632653,3095.17612142857,2654.96653061225,2858.84144081633,2601.80960306123,2855.46642755102,2367.85862857143,2606.4117122449,2997.83565612245,2528.03224081633,2651.40219387755,3164.36248979592,3422.11169285714,4178.14989489796,3258.94574897959,2822.3542,2512.98030612245,2524.38190306122,2545.19671428571,3478.86442653061,2758.31930714286,3071.39947755102,2787.02814489796,2740.97803571429,2334.27113673469,2659.88891530612,2518.57224183673,2998.16937040816,3319.7257877551,2685.11075306122,2733.72536020408,2135.7356877551,3123.69390918367,2630.86794122449,2406.48679204082,2072.73979307143,2289.41861816327,2897.15507244898,2473.83155857143,2402.37396326531,2385.12281326531,2517.29746897959,2456.07877959184,2550.55118979592,2567.36609081633,2304.47129020408,2774.22091938776,2891.90851959184,2796.88781122449,2152.24401632653,2348.20699183673,2567.81331020408,3115.64025714286,2435.34265612245,2802.72044183674,2785.46219795918,1839.30625857143,2981.04670122449,3685.48711428571,2585.01835306122,2473.56336836735,2491.6231744898,2513.36123122449,2990.18891938775,3007.52257857143,2560.47595918367,2887.87566938775,3159.52543071429,2780.27333061224,2520.85523959184,2365.06357561225,2678.57322959184,3215.92060510204,2914.34765918367,3786.51925102041,2505.26875489796,2501.50646112245,2711.54611928571,2451.27579693878,2432.70125714286,3132.73680918367,2794.45158061224,2761.18642040816,2326.33387653061,2494.7099744898,2567.98441530612,3070.38905612245,2713.2140122449,2974.14233571429,2447.67143979592,2295.17831326531,2748.36700204082,2398.6396344898,3056.1923255102,3023.17585,2411.92638979592,2495.52696326531,2493.42629183673,2679.78605204082,2562.05829285714,2838.57865408163,2439.37666102041,2136.21040183673,2607.87357163265,2689.70470816327,2019.07016265306,3223.99579183673,3151.74985306122,2634.12950306122,2211.15475306122,2963.21016734694,2390.03986020408,3569.19964955102,3676.80069387755,3494.22294387755,4717.71901632653,3052.77579387755,3244.68594285714,3023.6003255102,2479.81075102041,2625.01820020408,2386.03607857143,2205.02753765306,2957.20461887755,2080.91636061224,2358.39352040816,3372.59110510204,3109.50404795918,3334.44512857143,2545.9835744898,2879.12760918367,2867.46636428571,2569.54649408163,2463.36660816327,3360.44449387755,2837.22530918367,3494.5067,2414.93384183673,2431.0489855102,2618.55997142857,3141.59466734694,2942.32007857143,2656.5032755102,3145.06790979592,2205.87737142857,2983.85049591837,2764.05708979592,2144.56539795918,2438.30065591837,2675.7285877551,2710.8934877551,2145.12444795918,2919.23218265306,2480.15003163265,2381.76635510204,2559.33205102041,2640.11531122449,2549.92816489796,2684.99722653061,2273.41446428571,3410.75077040816,2961.66789489796,2813.22138163265,1792.88255020408,3409.48672959184,2556.81776122449,2104.87052653061,1985.40972857143,2057.12122857143,2272.57792857143,2809.20963265306,2329.18452306122,2662.23549489796,2607.05065612245,3458.0287244898,2790.26131795918,3115.71599693878,2420.46838428571,2934.19700714286,2922.77303877551,2765.4711744898,1780.44572959184,3418.49761734694,2647.40218265306,2760.27768469388,1951.50509795918,3022.62549285714,2402.43611132653,2194.74718469388,2526.64253632653,2917.39162857143,2284.21097142857,2840.35950642857,2744.73539928571,2972.38339591837,3058.20745918367,3269.85409897959,3142.11094561224,2991.15957959184,2669.28100408163,3010.08823163265,2248.6134622449,2497.86252653061,3069.75546734694,3839.12998163265,3059.76519979592,2904.4633122449,2541.72144693878,2329.25746612245,3111.64310612245,3263.25886530612,2434.22266897959,2419.20393265306,2611.10082908163,2571.35742244898,2442.77766918367,2606.29351632653,2700.67285408163,2347.78278367347,4166.59634591837,3730.24485,3501.4699122449,3237.80411122449,2929.7216244898,3802.79260102041,2980.44866428571,1966.39708867347,2856.46364489796,2489.22329693878,2439.60065714286,2411.369185,2793.44838571429,2662.73468469388,2574.98561020408,2721.85320612245,3158.36512653061,3279.05986530612,3110.90270102041,2280.15084387755,3352.17496734694,2871.33636530612,3256.23931428571,2591.70357857143,2617.40168673469,2155.30088673469,3721.71048877551,2727.30579591837,2257.52025959184,2087.67711173469,2378.40326081633,2212.2326622449,2364.41195408163,3144.87997857143,2182.94999653061,2791.22403367347,2722.92967285714,2152.4757377551,2677.74210010204,2659.85869387755,3329.39279285714,2946.09185102041,3187.50366938776,3272.07649183673,2102.77548877551,2895.27699489796,3337.74046530612,2211.71719489796,2920.20538183673,2826.33456489796,1754.11544591837,2548.68586836735,3352.92903367347,1918.83335204082,2555.9284877551,3162.31744693878,2691.21860530612,2421.40120877551,2332.27665367347,3124.32778673469,3242.06596734694,2555.21897244898,2391.17100581633,2596.42981428571,3175.15909387755,2793.02873877551,2771.27104183674,2596.46512142857,2980.19677346939,3111.09034795918,2388.82938673469,2275.20412959184,2755.45525408163,2872.37246479592,2033.43560816327,2697.60954387755,2469.38984387755,2946.25255,2473.81725204082,2776.63916836735,1977.32985204082,2552.49214897959,3099.71269897959,3011.66887857143,2501.09702959184,2325.90774693877,3393.08048571429,2607.67219489796,2696.97932857143,2630.73709489796,2911.6299377551,1959.84628469388,2397.69729040816,2033.1099,2518.24643265306,2975.65839387755,2311.3947755102,2224.08985306122,2671.69379020408,2914.91580816327,2560.70050612245,2977.62704693878,2773.96215918367,2760.00321428571,2356.58824693878,2379.42607857143,2879.24028571429,2793.12991632653,2461.48244795918,1984.46494795918,2010.35222877551,2689.24080918367,3567.86650204082,2786.66196326531,2794.73199897959,2385.30989183673,2847.35213163265,2421.54333040816,2920.55886632653,2899.02264285714,3045.34841285714,3798.77667142857,2089.98412346939,2345.76308163265,2477.9351877551,2562.89193265306,2468.42455714286,2760.98554387755,2918.75552959184,2561.62253979592,3687.41400918367,2884.91236938776,3265.62495510204,3261.4457244898,2923.03009183673,2841.56343714286,3128.59306734694,3357.82914285714,2510.08576326531,2873.82234489796,2490.62189755102,2379.05155102041,2181.80767459184,3173.92988469388,3474.41032346939,3652.8423122449,3202.66325510204,3297.82838469388,3046.42454489796,2798.91697142857,3292.11318816327,3361.08530204082,3126.32645918367,3088.05435306122,3068.01166632653,3019.79752653061,3443.91297142857,3865.37765714286,4393.58286734694,2164.35091836735,2564.48728510204,2696.66539306122,2575.44947040816,2734.3648755102,2725.3254877551,3203.13350918367,2424.03420510204,2368.62260714286,2371.92837959184,2508.08875612245,1921.11954489796,2768.85136836735,2755.18648979592,2534.91616020408,2283.10899183673,2991.59079693878,2819.32134877551,2859.52526938776,2621.90079183673,2638.3335744898,2234.28209591837,2220.87662061225,3106.88923979592,3191.34386530612,3206.34495102041,1988.59461632653,3543.37345714286,4066.30046530612,3044.28061428571,2560.89481346939,3118.63124285714,3133.9102877551,2723.79368122449,2713.99188163265,3086.99482653061,2573.04508091837,3395.77471836735,2562.31064897959,2820.44599897959,2543.55107346939,3020.62229081633,2170.45590836735,2911.40599387755,3441.12331326531,3153.46990204082,3098.77668979592,3363.20871734694,2603.93639285714,2957.47924316326,2112.41236326531,2701.83868265306,2290.7229622449,3162.49547857143,4319.70393877551,3336.93416938775,2278.49932244898,2634.96821326531,2565.19968265306,2697.59731632653,3011.41705346939,2531.59544489796,2795.04409489796,2694.23113367347,2678.24355918367,2385.51577959184,2313.57487428571,3215.96055306122,2430.94424265306,2345.64237346939,3490.48061734694,2853.48715204082,2689.0030755102,2027.70313877551,2146.23967244898,2695.62673061224,3049.19276836735,2479.60184489796,2777.3186755102,2408.78464591837,2140.1742255102,2859.27674285714,3387.48146530612,2755.1337744898,2468.22312040816,2936.43841020408,2914.77263163265,2462.12788979592,2791.92423163265,2096.1427572449,3381.85681938775,2791.13068163265,2484.39408061225,2365.19707040816,2551.25668265306,2712.7855255102,2601.75126734694,2663.70447040816,2628.75931836735,1950.04699591837,2364.46637653061,2254.35355204082,1791.91858673469,2400.2973377551,3070.22381836735,2760.48826938775,2674.92461326531,2622.90179183673,2475.10406428571,3412.87277244898,3921.41975306122,3667.60215306122,3458.53143520408,2955.48529285714,2798.52142663265,2914.1612244898,2826.4952244898,1820.44875204082,2431.93380204082,2858.64068265306,3617.55885306122,2577.85631734694,2299.54729795918,2109.3234905102,2546.45291020408,2577.91529081633,3017.90737653061,2102.26532377551,3078.73201326531,2663.59926734694,2349.18567142857,2667.68271734694,2612.53178571429,2703.56477142857,2475.7721244898,2987.25373061225,2536.22316632653,2699.50700306122,2674.07647653061,2287.64618469388,2595.01896530612,2142.51329591837,2977.71064387755,3368.28080612245,2207.68425734694,2462.01376918367,2205.36182040816,2590.00136326531,3100.36273469388,3648.61253061225,3739.38414795918,2800.81885918367,2786.28578571429,3057.68908877551,2788.34138469388,2435.87890918367,2289.82624285714,2498.32093265306,3144.12464122449,3068.27128469388,1701.36307653061,3294.25451938776,2787.24013673469,2730.84415714286,1923.32416428571,2637.14953979592,2293.77787244898,2930.55752857143,2827.46369785714,3241.01643877551,3059.0310394898,2183.94100714286,2893.07220306122,2793.89264795918,3415.28019183673,3808.86164183673,3320.09853887755,2980.96458265306,2540.77177653061,2554.74894081633,3138.25001938775,3297.47856836735,3729.36967755102,3139.55855306122,3159.25634693878,3733.62567244898,3132.0480877551,2793.93964795918,3569.19321734694,2390.66033673469,2161.29287142857,2891.07478306122,3193.5539877551,3176.71286836735,2161.79300102041,2876.76751428571,2519.50486122449,2521.00947040816,3492.95798673469,2324.01910204082,2985.90182244898,2867.19738163265,2577.65685714286,2747.46235,2940.9293255102,3410.43305816327,3223.86415714286,2202.31170408163,2385.32437244898,3224.23515591837,3331.5495044898,2471.69489285714,3061.33168673469,2426.41309795918,2572.53880306122,2900.4460622449,2220.31007142857,2643.35417959184,3116.42023469388,3149.4541244898,2659.53325918367,2528.10004795918,2786.80836938776,2458.66216122449,2517.73489693878,2691.78928571429,2891.73711938775,3175.24008642857,3339.66962918367,2538.1577222449,2721.63124387755,3106.99475,2546.05819897959,3459.04395408163,3285.58023346939,2202.9053744898,3044.94816612245,3365.02678571429,3077.76917346939,3074.17818877551,3770.34457755102,3916.86882040816,3205.0175744898,3191.59857755102,3793.16577653061,2463.83104897959,2155.77907755102,3626.82584387755,3184.95215204082,2096.71435102041,2766.87845306122,2653.04705714286,2520.54040816327,2101.27763367347,2631.53728653061,2625.25781122449,2677.21172663265,2331.53011020408,2336.08631020408,2709.87496734694,1991.81855306122,2523.05678571429,2461.37827142857,2425.54316857143,2723.15264142857,2196.28951632653,2997.55466020408,3093.14612755102,3582.29676734694,2377.35779285714,3059.01594591837,3140.07056428571,2851.24215204082,2690.13502142857,2723.89381326531,2738.17267857143,2598.48079938776,2960.37297755102,2646.70319081633,2900.16260510204,2466.37086122449,2481.17713367347,2939.48273061224,3032.52251061224,3024.64831530612,2792.32904693878,2079.91169479592,3101.77395816327,3013.5134744898,3344.87029959184,2543.80798265306,3335.37691530612,2831.08009897959,2987.13405469388,3166.47910306122,2454.00442959184,2405.1557,2611.35730102041,2778.2733,3087.39297346939,2994.58494489796,3107.04481020408,2612.17587653061,2064.49545408163,2861.28748979592,2522.04824102041,2683.83357040816,2228.74977040816,2437.77391734694,2969.26613877551,2969.51357653061,2341.86198469388,2392.08278367347,3054.79339081633,1936.85941938776,3019.95063959184,2955.07989040816,2729.58251836735,3265.24132040816,3493.34176836735,2696.95651122449,3441.90774489796,3322.82426122449,2094.95660612245,3033.79515540816,2432.55905285714,2012.52055020408,2755.91987959184,2479.47692653061,2583.14992244898,1823.65103673469,2468.71233979592,1916.67080102041,2183.89003979592,2156.6867755102,2538.69280826531,3110.2125744898,3578.89923571429,2634.03098316327,3716.35137959184,3287.50137244898,2541.36564693878,2845.85641938776,3286.42876938775,3504.2166622449,2604.1839755102,3122.39043673469,3180.07137244898,2527.71026122449,2926.93441530612,3015.70950918367,3006.4544744898,3492.08290714286,3372.59363877551,3500.19659591837,2044.07163265306,2733.81693163265,2375.66765612245,2628.07939285714,2676.8869755102,2932.88900510204,2983.34100816327,2087.78663265306,2731.15024285714,2982.3017377551,2554.52303755102,2234.80728265306,3587.42942959184,3550.93182653061,2771.30580489796,2306.82861530612,2464.6233,2772.12872959184,2615.11815306122,2374.69604020408,2661.20538469388,2704.87150612245,2497.19628673469,2522.29278367347,2607.68243163265,3076.14679387755,2394.22063979592,2860.49371938776,3136.94692244898,2937.99831632653,3425.00799285714,3765.18846938776,3437.9716944898,2265.15788663265,2657.93923765306,1704.24459591837,2502.85430102041,2547.14989081633,3263.42827755102,2019.65595816327,3242.35656020408,3318.25681326531,2830.76082918367,3038.97395102041,2208.51450765306,2645.1271244898,2698.83701938775,2674.89028469388,2288.54786530612,2431.43654285714,2681.08224959184,3465.71455204082,2835.4675,2383.39522326531,2670.66161061224,2728.4689122449,2438.72933673469,2583.43467244898,3804.84239897959,3199.02171530612,3172.32878673469,2505.33553571429,3496.7475622449,2766.85536571429,2211.25455408163,3046.58970612245,3167.54093367347,2434.42886938776,3218.93894183673,2807.55274795918,3171.16383581633,2793.80611326531,3142.33063265306,2884.66960204082,2818.66541734694,2537.12375918367,2591.47845714286,2474.57611734694,2791.4055877551,3096.0748,2288.8730322449,3248.74762653061,2631.44799387755,2958.09912857143,3058.10150714286,2243.61837244898,1930.08424489796,2937.29427857143,2679.94768163265,2430.74125142857,2681.20016326531,3215.14715,3366.45637346939,2734.74963571429,2577.49836632653,2880.14640816327,2483.84868163265,2635.47903367347,2674.70380816326,2108.41076428571,2260.50988673469,2166.85517591837,2023.14171469388,2797.06631326531,2379.25908265306,2347.93137857143,4067.6265877551,3240.35566734694,2866.41379122449,3403.03195918367,2166.51701938776,3545.59538673469,2873.17148163265,2683.12722142857,3264.41418673469,2815.35707346939,2295.81837897959,3326.70097755102,2437.92841489796,2802.93212244898,2523.15664183673,2251.92041346939,2665.56753571429,2905.10063571429,2953.80843367347,3535.2709,2986.44494163265,2831.41009530612,3346.05465918367,3573.56133163265,3767.61795306122,2320.38520346939,2449.55023265306,2600.30593163265,2600.68455306122,2977.58868367347,3382.30700408163,2561.82268673469,3113.02680408163,2613.07710469388,2401.86033061224,3186.52786326531,2482.36204183673,2575.93390918367,2222.26235306122,2591.33542755102,2316.66330102041,2923.40230102041,2622.65806632653,3027.22621428571,2610.98082346939,2006.3148122449,2318.03126428571,2782.74594795918,2666.06926918367,2209.28905204082,2148.2697755102,2478.79461326531,2589.4774744898,2881.18061326531,2868.27481530612,3088.07553367347,3472.64787653061,2798.36419693878,2398.60019795918,3933.83026530612,3562.82228469388,2759.80179591837,3057.90878979592,2767.3492244898,2492.53681265306,2966.45356122449,2338.90965816327,2376.78809285714,2523.6521744898,2990.72828979592,3078.15316836735,2837.11949285714,2565.16983061225,1978.94209387755,2670.52587142857,3114.53920714286,3204.80614285714,2674.00666836735,2570.67709816327,2579.39949489796,2537.66123163265,3071.14769897959,3121.52446326531,2365.29930204082,2600.91472346939,2633.71370102041,3127.33032653061,2773.99486836735,3270.95190612245,2894.82088367347,3582.16341122449,2670.97451632653,2987.13079285714,2974.43930612245,2720.04223673469,3056.7068744898,2677.88925204082,3566.95871938776,2662.34234489796,2793.89265836735,2451.73045,2741.8955122449,2835.64131836735,2371.6651755102,2600.04165816327,2772.17995714286,2671.93202040816,3544.5720255102,2732.7127122449,2411.38601836735,2374.32832857143,2703.0565,2944.88794387755,2599.63839591837,2959.81789387755,2029.43349693878,2817.53171836735,2746.95649693878,3091.29351602041,2832.27184489796,3340.18820204082,2808.99487653061,3651.18091836735,3323.33543163265,3609.22981938775,2703.9628755102,2287.62912040816,3065.9324255102,3196.48081734694,2597.48803367347,2423.14670510204,2769.76463673469,2042.02119183673,2409.93324591837,1711.16846387755,2524.59361836735,2685.04000530612,2161.44141938776,2516.45397959184,2368.76376938776,2328.14810081633,2044.20014234694,2174.48340510204,2542.76044285714,3072.02788265306,2616.03997755102,2640.22995,2533.17589489796,2707.33504214286,3042.63079693878,3030.6442877551,2366.00106836735,2203.28219489796,3026.50663061224,2838.28874795918,3043.90486836735,2686.63153979592,2297.37026259184,2268.21878877551,3489.65912959184,2845.7235622449,2388.66212346939,2088.72677755102,1885.8997744898,3315.65654591837,2458.38778673469,2954.7714744898,3295.70017346939,2985.75913877551,2792.922,2583.83276020408,2963.75188877551,2175.02882387755,3472.02141428571,2792.89536530612,2722.20130171429,3013.12508877551,2786.14565295918,2529.39836387755,2612.37222653061,3238.7016877551,2756.13448265306,2467.3361255102,2246.26597816327,3219.07978061225,2780.06400408163,2912.02776122449,2800.55557959184,2889.13035714286,2743.36410612245,2668.59148367347,2948.59004285714,2651.81385816326,2941.65163265306,2895.3903,2336.4541744898,2861.55191938775,2552.33500612245,3552.41274387755,2287.13082102041,2150.84063316327,3041.7023122449,2617.38952653061,2127.07916428571,2009.01147142857,2802.07705714286,3531.52838163265,2451.54129112245,2939.23884897959,3162.96708061224,2419.53330714286,2149.73436734694,3450.8715877551,2372.87735102041,2050.52041428571,2710.87406428571,1917.99562163265,2091.45874489796,2596.19757142857,2780.46907040816,2995.46936530612,3230.11010306122,2908.62964387755,2550.98991428571,2721.96475,2683.89813204082,3335.58536938776,3226.65846836735,1838.94984653061,2244.55232346939,2152.24046836735,2421.33456122449,1939.25271122449,2702.34283367347,2691.15927040816,3089.90947612245,2151.72326469388,2592.60651020408,2186.07592857143,2740.84421632653,2193.29791214286,2991.38988265306,2592.5847744898,2744.76206020408,3210.42086122449,3224.16772959184,2564.43589285714,2444.98888571429,2447.87692173469,2163.35941122449,2755.00542653061,2584.01601357143,2265.73673836735,3026.86916836735,2578.89952653061,3182.35295918367,2562.87855102041,2143.95821938775,2607.7675755102,3402.75792755102,2519.05133244898,2420.62233979592,2620.89563877551,3041.15332244898,2162.10489591837,2688.66994795918,2435.8202877551,2046.48624959184,2897.99220714286,3091.55312142857,2458.45445408163,2374.31634081633,2847.19195816327,2118.09212959184,2362.09628469388,3030.87615306122,2352.50074081633,2760.95285714286,2700.55212040816,2231.17025612245,2873.07898877551,3234.87671428571,3101.07647408163,3077.85389387755,2241.59558755102,3137.05984897959,2743.11819489796,3249.45622346939,3486.83543979592,3321.77320612245,3084.7149594898,3492.95662040816,2806.80075408163,3648.97756326531,2522.25063469388,2771.5848377551,2111.9983877551,2645.43964591837,2963.68586530612,3108.31958673469,2663.99852346939,3193.22965,2635.86860306122,2714.10405612245,3323.41187959184,3597.8997177551,3313.38121836735,2602.22945,2521.43682755102,2698.43460714286,2602.1729755102,3403.18536530612,2498.43898061224,2617.2317,2485.53348163265,3650.16803367347,3419.53958265306,3610.19247959184,3098.88143367347,2596.25395714286,1849.99717040816,2490.95841122449,2518.06826020408,3075.59195612245,2363.49574387755,2212.13983979592,2366.3361,3347.52707244898,3145.62798979592,2419.52464795918,2399.92945204082,2737.8821755102,2761.84523469388,2526.47855612245,2310.74693673469,1692.58318979592,1981.59699693878,2787.99238061224,2417.10402142857,2491.90354897959,2702.04517469388,2854.88653336735,2783.91340612245,2949.7825577551,3026.58924285714,2612.29483571429,2553.24655387755,2338.09250306122,2834.16808571429,2771.82628163265,3033.82895306122,2521.31637040816,2627.82939693878,2776.5259505102,2691.22954897959,2704.18524897959,2441.29187653061,2567.94382653061,2551.78591734694,2824.24788163265,3108.13757040816,1985.50303989796,2389.19422612245,2112.63318040816,2180.24604489796,2945.68738163265,2995.68487653061,2495.28149183673,2408.16647755102,2349.93185714286,3039.10791734694,2450.03965530612,2901.57768979592,3356.73438061224,3957.73716836735,2572.27989183673,2690.27118979592,2285.01081408163,2969.81190102041,2601.8202122449,2877.81083061224,2588.11701326531,3104.00778979592,2676.95121632653,2734.37798367347,3313.518525,3052.79105816327,2666.60927040816,2734.66337142857,1991.86713795918,2880.20072255102,2764.56544234694,3128.6632072449,2529.62565,3141.09788938775,3234.55647755102,1835.60652979592,3290.79741734694,2844.82662244898,2478.88292755102,2429.72157122449,2067.2775377551,2389.04131530612,1974.18799081633,3044.36908061224,2583.63379979592,2955.06738571429,2802.95070204082,2899.83825102041,2748.0119877551,2523.16617857143,2604.01483571429,3379.0738877551,2209.58610612245,2529.88061969388,2415.45177734694,2844.15574591837,2534.26673857143,2849.56543061225,2868.15534591837,2913.8459877551,2019.82464693878,2482.288,3572.31797755102,3002.29544081633,3545.24312857143,3936.37321255102,2753.94972040816,2704.30937959184,3135.06756326531,3251.41043265306,3547.88465,3501.37153877551,4254.39321632653,3044.87197857143,3148.56352346939,2048.33819285714,2606.23490663265,2847.18481530612,2889.19693877551,3154.40244693878,3403.18253091837,2710.84858877551,2640.05827061225,2127.75005693878,1976.6970877551,2104.25946326531,3503.08516530612,2542.59216632653,2853.52793469388,3099.33840408163,2537.96780102041,2357.79057244898,2779.24549489796,2479.30688265306,2136.62718877551,2324.31675510204,2523.36834693878,2424.76810714286,3300.54944612245,2423.15091326531,2276.46605816327,3134.77566428571,2819.30104489796,1708.37308102041,3103.42704693878,2877.00290714286,2528.19424693878,2626.77770204082,3029.94840204082,2230.49345510204,2562.53104081633,3098.68866173469,3298.05258367347,2579.42131530612,2800.24734316327,2513.65826734694,2775.80626122449,2256.18588061224,2483.19616020408,3733.84118469388,2262.64713367347,2357.0561377551,2843.61177816327,3230.26227040816,2593.98132755102,2008.63116391633,2456.32473163265,2397.14786938776,1940.64172244898,3273.4974877551,2902.30677959184,2388.43354897959,2720.22108877551,3311.93986326531,2531.39972959184,3790.25422234694,2777.92368979592,2302.30697346939,2133.79294897959,2944.58545816327,2806.61817959184,3069.40889183673,3172.67899183673,2423.87172346939,2590.6802655102,2814.37492857143,3066.76232653061,2723.83350918367,2816.76123673469,2975.6407755102,2644.06160306122,2804.60676122449,2417.71908673469,3426.64725204082,2541.70258061224,2303.33284183674,2589.12704387755,3457.47064591837,2111.9444377551,2481.08904795918,2470.84759591837,2010.15834591837,2736.9724655102,2668.65946122449,2282.73088163265,2805.08640612245,2864.98288653061,2396.12505918367,1862.90258367347,3356.13871530612,3286.52075204082,2574.8304877551,2710.59660306122,2195.37243959184,2363.07044469388,3148.67006632653,3372.24457857143,2140.86561918367,2565.31756020408,3620.93640336735,3105.68478673469,3250.73793367347,2345.23335,3310.2365877551,3585.87877857143,3190.75546326531,3252.47759897959,2549.96924795918,2425.16706734694,2526.0399,2606.46572755102,3037.97259081633,2746.19729183673,2894.63873265306,2255.04434591837,1691.37801897959,2405.55848214286,2619.64558979592,2479.06214693878,2495.77149795918,2855.41902142857,3012.36993979592,2931.67096836735,2534.82082346939,3443.5383,2588.4314877551,2694.92685612245,2371.15246836735,3071.57059285714,2641.47860306122,2581.60820428571,2609.78018612245,3251.44345,3219.9003255102,3024.93999183673,3186.00779387755,2965.51200632653,2802.56680816327,3589.44273581633,2950.69903153061,2513.3018744898,2486.49999183673,2853.12338061225,2847.11094897959,3253.29285102041,3326.26448571429,3193.67328673469,2416.98087142857,2932.59943877551,2523.01505306122,2780.39073367347,3086.42744489796,2586.10560714286,3093.83417653061,2827.21155204082,2744.25110612245,2575.73102142857,3605.32623877551,3356.11199591837,2926.3816877551,2824.13851938775,2760.63978163265,2216.92094183673,2914.83136734694,1695.21350959184,2301.00511408163,2780.71080204082,2609.31385714286,3546.84155,3118.65074489796,1955.58941836735,2640.90487653061,2622.13732857143,2391.30569795918,2912.51673979592,2897.00343469388,2450.98812857143,2517.93580816327,2886.45398265306,2640.46416020408,3128.12530408163,3628.14419897959,3423.50263265306,3153.63750510204,3085.73505510204,2759.34655612245,2737.11593673469,2546.35150204082,2611.54167755102,2463.42878265306,2148.61730102041,2665.92151326531,2426.16640612245,2245.50691020408,3021.15195918367,3407.76841122449,2978.02483571429,3575.47938571429,3781.40964081633,3682.91464938775,2895.77578163265,2606.29613755102,2979.49228673469,2464.97463469388,2057.4043784898,3230.39819387755,3283.14834897959,2971.63334183673,3007.16714061225,2405.37559387755,2696.69743979592,2772.47790918367,2749.44616428571,2253.81547959184,3300.04988571429,3148.14862755102,3079.00882653061,2947.4171877551,3420.4266622449,2533.32943979592,2365.08550816326,2811.44737244898,2782.25307040816,2531.55289693878,2872.43928469388,3109.07536836735,2679.12421020408,2479.39874897959,3159.2738255102,2997.61759387755,2785.54483979592,2810.39545102041,2681.30026530612,2614.39223081633,2485.42997653061,2672.34806122449,2358.92785714286,3110.08485714286,2794.63860306122,2151.27545,2839.17635306122,2359.3440594898,3430.28066938775,2145.8222255102,2662.64759387755,2838.41043163265,3277.61818959184,3174.43479591837,3147.67947346939,3173.55961020408,3452.61242653061,3639.79892959184,1848.11558877551,2502.73815408163,2436.06698979592,3023.16511530612,3166.40433979592,2232.67338816326,2150.50373265306,3289.91568673469,2556.95776326531,2463.89408265306,2502.00546367347,2841.36734489796,3418.7185755102,2430.01425612245,2480.07230204082,2125.84939285714,2330.79591734694,2799.11480306122,2587.7670755102,2572.48171020408,2463.29015,3188.5396255102,2798.29239693878,2860.19881030612,2509.64979387755,2935.9380622449,3422.63154387755,2927.9602744898,2509.12876020408,2834.47976938776,2763.8706744898,3059.5843,2609.75512744898,2945.56906122449,2840.3183877551,2201.14769897959,2481.21229204082,2389.52974489796,2342.16647040816,2597.57494183673,2547.41045938775,2672.68168061224,2579.42422265306,2838.65332653061,2389.31780306122,2591.49966122449,2501.28547142857,2519.9576377551,3753.23765408163,3359.98669693878,3057.32132244898,3578.54318061224,2569.76737755102,2516.7795244898,2423.38305510204,3404.56941326531,3214.6616,2024.56115469388,3165.07611938776,2950.47910377551,3048.12612959184,2418.97739040816,3048.06965102041,3033.76441122449,2971.77780816327,3305.56844183674,3130.24258979592,2541.94554285714,2866.50072346939,2369.48205510204,1968.25560102041,3100.72941020408,2177.38467142857,2458.83394285714,2464.56270510204,2449.54475306122,2702.12280102041,2399.44025142857,2230.26083581633,2966.99247755102,3407.66492804082,3897.69540408163,3133.18885173469,2730.15376122449,2455.1421377551,2753.09637040816,2752.42456326531,2576.36785510204,2866.55938163265,3326.38716734694,2658.34969285714,2056.41677959184,2564.55795,2893.85195204082,2430.89200612245,2530.2472622449,3143.71129285714,3097.38258163265,2511.13822142857,2412.17209795918,2768.47865816327,2470.67842142857,2447.63083877551,2923.86343367347,2905.44770244898,2849.4916,3194.52668367347,3012.24669183673,3121.17109591837,3110.91249387755,2850.87355714286,3248.76293979592,2824.7761244898,2635.08965510204,2491.51773673469,2665.66047244898,2678.2723255102,3766.4419122449,3017.41115204082,2192.72096734694,2448.48295,2615.42335102041,2088.27936836735,2445.66937653061,2276.33449591837,2374.10907469388,4067.10110163265,1637.92285510204,2406.97771183673,2424.27473163265,3464.69269489796,2920.47946020408,2315.90768469388,2647.01968469388,2726.95879285714,2786.9165755102,2473.73038469388,2571.01313061224,3126.89980102041,3279.44809285714,2563.32470204082,2944.09302367347,3454.17774693878,2491.22797857143,3268.00499387755,3060.87373061224,3315.32945918367,2746.25567744898,2619.69899285714,2238.91164897959,1877.33346489796,2848.52676122449,3114.98819285714,2689.8048744898,2341.49195204082,2724.81108204082,2935.14088979592,2990.24913163265,2699.12443163265,2200.92338469388,2511.18003265306,2705.73769632653,2800.45894285714,3220.62759183673,3017.22926428571,2798.94106836735,2785.24624591837,2647.78894387755,2642.65562857143,2375.38121857143,3052.35287755102,3027.91413877551,3367.34297142857,2643.4277255102,2588.0003,3157.04785816327,2745.28393,2355.90251408163,2595.53035122449,2899.74968265306,3707.72435,2423.53370306122,2549.47531061224,3023.64562346939,2463.71801734694,2823.88231234694,2649.30779081633,2368.94118877551,2990.44261326531,2391.6410877551,3466.31909081633,3515.69076122449,2606.6606322449,2233.83726959184,2304.52932244898,2441.01039326531,2544.03198673469,2878.51289591837,2895.1690244898,3497.25477142857,3583.61775612245,3118.01045102041,3019.05975918367,2960.58442244898,3060.03469489796,2972.36461938775,3198.84439489796,3247.46130306122,3216.21490510204,2453.48020918367,2876.89484081633,3381.04917959184,3004.6053255102,2344.89574693878,2290.13605142857,2812.5545622449,2610.07549183673,2404.88363265306,2328.0171,2238.73666632653,2407.72634795918,2505.56116632653,2932.90144183673,2609.6808,3319.03579897959,2713.02676836735,2523.70620612245,2494.67291326531,2668.33557755102,3230.45116734694,2356.74092142857,2135.27749346939,3089.01210122449,2548.25746428571,3065.22572653061,2429.21423387755,3288.04746734694,2641.10499489796,2689.42961326531,2692.8978744898,2769.00842346939,2542.83047755102,2908.92958469388,2324.72423061224,3037.40258163265,2603.99717653061,2222.07499591837,3627.87491836735,2878.64615612245,2336.82353071429,2384.36730306122,2591.41690714286,2461.46479489796,1879.83101734694,1825.1794,2626.22966326531,2563.23816734694,3026.93578265306,3016.34432142857,1909.06119361224,2108.0552122449,2277.82570816327,2413.90445020408,2640.93747857143,2358.37958877551,2352.23544489796,2813.96255408163,2040.74347346939,2392.13357346939,2254.37730510204,2510.01858408163,2444.4710122449,2293.84903469388,2062.97394591837,2446.88368571429,2256.21406530612,2709.19816428571,3423.12377244898,3162.67955918367,3255.97907306123,2724.16163938776,2624.8489622449,2625.71935918367,3103.42523061224,3140.17628163265,3366.38504081633,2915.08675193878,3591.90670612245,2903.42924244898,2205.17945918367,3926.78639795918,3283.89897346939,2609.99491938776,2548.47579387755,2587.09807653061,2254.4839122449,2743.89214693878,2318.71470816327,2590.47740102041,2608.74919081633,3417.69974387755,1987.09958163265,2608.56125714286,3088.74941530612,2248.84045816326,2917.77543469388,2739.61986734694,3217.22772244898,2933.48432755102,2681.73624081633,2928.71831020408,3094.82553673469,2862.90735204082,2179.59070306122,2374.17291632653,3346.59916632653,2471.17020081633,2764.28341938775,3000.07765908163,3337.10676785714,2592.81962142857,4116.78822653061,2809.35484897959,2559.4939,2333.94859693878,2957.46928877551,3369.06865714286,2783.89022142857,2555.86126632653,2050.1221255102,3060.01485918367,2550.13255612245,2843.73759387755,3403.36487755102,2903.08599795918,2801.91749489796,2682.0277,2892.05046938776,2314.91303163265,2118.86256428571,3131.14866020408,3307.47740510204,3539.06259285714,2777.99724489796,3359.07814081633,2304.42948938775,2966.09867244898,2308.15292959184,3634.43854693878,3057.20150918367,3062.61644285714,2835.87064591837,2463.18213530612,2472.46028673469,2740.49420510204,2387.9902244898,3683.74599081633,3283.67915408163,2827.97303367347,2845.80068979592,3436.24096163265,2656.40324285714,3164.67034591837,3551.73953673469,2299.32935204082,2484.0925755102,3726.4567,3161.15590408163,2648.92571836735,3038.63059897959,2389.17936836735,3204.33817857143,2880.99972244898,4280.12733979592,2936.08902142857,3650.67923979592,3363.4184255102,2647.10053877551,2220.00292102041,2501.4518255102,2857.97357142857,2785.89332244898,2213.36486122449,2719.75706530612,3597.90490204082,3363.04436644898,3206.46924183673,2787.99480306122,2608.96140612245,2472.15797653061,2979.07572602041,2804.46899489796,2733.13204387755,2684.2378255102,2588.16672040816,2540.00411122449,2479.80746102041,2516.83373846939,2967.66418979592,2207.54590102041,2346.75069693878,2414.56924897959,3026.99859693878,2383.65401428571,3062.59255918367,2551.00861734694,2403.39368979592,3182.94130510204,2466.00531836735,3562.86277857143,2882.06397040816,3261.88036326531,2825.20572857143,2221.38687734694,2854.8457755102,3011.02779285714,2927.45515204082,2640.81298979592,2550.9100877551,2751.57398163265,2466.48021632653,2852.02443571429,2758.72432959184,2680.18075306122,2345.61909,2984.36365204082,2449.93459081633,3183.93947142857,3012.64532316326,3126.53667040816,3098.13109795918,4342.3738,3325.75659489796,2713.68807857143,2072.80541632653,2526.48601755102,2254.23136755102,3162.79072755102,2731.31439285714,2726.98568265306,2564.48974795918,2948.30081122449,1792.95201122449,2639.91073755102,2375.75206836735,3049.68725102041,2647.52281734694,2568.36706673469,2127.30190612245,2788.76913469388,2481.81892755102,2791.91726938775,2810.43079591837,2723.14619897959,2645.81016734694,2762.56211020408,3005.28139489796,2303.59303163265,3089.51338571429,3426.65856836735,3715.6917744898,2820.49138265306,2889.228,3127.77033673469,2265.54369489796,2944.90861795918,3098.0019,2728.98152020408,3525.94978061224,2374.72400816327,2840.32909285714,2596.56324285714,2466.59462040816,2109.89858759184,1990.99494304082,2914.50607591837,2908.18084693878,4293.99166938775,3300.8724122449,3378.66216938776,3641.31149285714,2648.42985612245,2975.22468734694,2546.95808163265,2390.48554081633,3059.20721377551,2733.60797816327,3448.66821938776,3151.17141857143,2880.43437346939,2213.65930918367,3152.85526020408,2564.22934693878,3123.8716677551,3425.75072857143,4100.30857244898,2758.29461326531,2536.08225102041,3043.82544081633,3266.67046387755,2633.421,2613.06622857143,2705.20049591837,3186.32292346939,3133.84363673469,3070.82681020408,2859.01539183673,2783.60440306122,2883.65115510204,2168.19186734694,2107.01769285714,2462.28228479592,2761.86995714286,2615.32863673469,2497.31564387755,2952.87967244898,2531.73432357143,3638.52781989796,2780.5880744898,2702.25036428571,2919.73631122449,2632.4463877551,2386.56758877551,2836.58198877551,3960.53695,3604.35736326531,3289.17619489796,3061.2100377551,2751.50261795918,2916.50911734694,3068.5350244898,2327.53035408163,2112.65044142857,2892.2684755102,2938.54922755102,2625.78451653061,3485.89051040816,3150.26082795918,2683.90023979592,2251.92554693877,2767.99343061224,2748.37938673469,2653.19981428572,3080.69652346939,2018.03272040816,2517.42129897959,2431.67945714286,2960.0297122449,3114.40730816327,2589.33851122449,2353.39376326531,2027.46697653061,2667.75531836735,3220.33672040816,3192.81143367347,2170.4188244898,2652.08242755102,2917.06126020408,3176.79979795918,2186.04596122449,2997.74573367347,2438.94857244898,2929.20280367347,2550.38087142857,2662.88210408163,2946.05202244898,2935.36317653061,2490.41179591837,2076.75736020408,3141.1796122449,3062.90074591837,3342.85606428571,2549.41259081633,2814.55738469388,2451.18110306122,2958.06190612245,2436.9482122449,2176.74811122449,2334.67702755102,2521.85359755102,3051.79548265306,2808.69375,2589.10585306122,3290.85556938776,2929.24508061224,2814.57268591837,2643.13467857143,2948.51620918367,2291.82123877551,2422.12861734694,2307.17772040816,2240.00642959184,2974.52681428571,2879.75686408163,2992.60258571429,3456.17875408163,3082.28713877551,3315.72013285714,2862.86791602041,2899.82359489796,2964.85974795918,2747.77947102041,3152.75475306122,2761.67256530612,2926.94939897959,2833.57329795918,2434.70558979592,3303.65841122449,2546.89763979592,2132.41703979592,2814.35019040816,3061.25678979592,2507.46775918367,2926.61184897959,2404.20795714286,2827.19737857143,2586.40236020408,3571.21987755102,2810.81842591837,2052.97512755102,2772.51402040816,4015.94411734694,3445.60069795918,3871.11168265306,2489.88349795918,2954.56296326531,2749.98075102041,2785.51770714286,2543.41061734694,2653.41435816326,3155.89285816327,2559.90388673469,2601.71348673469,2259.33102142857,2813.47825612245,2147.83398265306,2365.53062755102,2801.30308061225,2429.60178387755,2263.08025816327,1648.27521020408,2747.42607632653,2548.20942316327,2139.28567897959,2876.38082785714,2996.80648877551,2674.22140306122,1981.80802142857,2739.71338979592,2940.81394489796,2791.14361326531,3117.39307040816,2826.7984244898,3757.03956459184,3020.22174387755,3198.57506836735,2855.73594469388,2678.41233265306,1761.74430408163,2915.87662755102,2794.12367142857,2564.34260795918,2839.63524285714,2628.86529285714,2734.22207316327,2573.46480102041,2534.32841428571,2808.24430612245,2325.69359795918,2846.1543622449,2422.98897653061,2727.83794826531,2964.45149897959,2861.22571938776,2939.88366938776,2617.11332959184,2303.65957959184,2519.50083581633,1952.69126836735,2939.90644285714,2588.91752959184,2506.01036530612,3047.55197346939,3748.35754489796,2557.02033163265,2328.33791020408,3934.52847040816,2985.34775510204,3274.68523469388,2950.13906183673,3421.12846938776,2999.46618979592,2409.28731632653,3174.51536530612,3298.57929795918,3311.76545612245,3324.63898163265,3201.23468673469,2569.16343673469,2582.18422346939,2946.73405,2026.7274744898,2816.58757755102,2710.91007040816,2542.16368877551,2282.55504081633,2983.07138265306,3448.51954795918,2475.55553163265,2846.6164377551,3018.56819693878,2060.0384755102,3092.09644489796,3048.39942244898,3638.37628367347,2961.59023673469,2449.59831632653,2226.85206836735,2844.67455102041,1462.60307346939,2923.7153877551,2963.17432653061,2821.55071530612,2405.18326122449,2462.57976938776,3534.04742346939,2950.12157346939,2221.17062346939,3907.40063061224,3412.36279795918,2056.91206020408,2363.36504183673,2231.03312346939,2220.20399081633,1935.21631326531,2617.93945306122,2870.48614387755,2859.35667142857,2995.15132857143,3194.77154591837,2683.35158877551,2858.32855714286,2621.20880918367,3005.06448877551,2454.48297040816,3189.23447040816,2933.54151122449,2581.67985938776,2829.99362040816,2597.16275612245,2492.86209857143,2574.87833265306,2413.63565816327,2793.66549489796,2858.56663061224,3469.73455714286,2656.81398469388,2091.38778571429,2667.85972755102,3162.51363367347,2590.53593040816,3859.70396122449,3220.04741020408,3089.82092989796,2841.08626530612,2902.1333122449,3112.28944846939,3065.09839081633,3318.84661734694,3187.12475612245,2589.45779081633,2186.53337346939,2409.87595673469,2348.79089183673,1971.53465102041,2453.73178061224,2062.82011428571,2523.81557959184,3664.56369693878,3273.23153877551,2128.82411561224,3003.58650612245,2727.31550714286,2508.41501020408,2444.24409285714,2852.33297040816,3480.59059285714,2559.32261912245,2704.74928887755,3435.62089897959,3357.46836428571,2676.7581222449,2638.29884183673,2204.71763061225,2586.09952346939,3089.42325612245,2739.05709693878,2372.46654489796,3281.86406122449,2641.44690938776,2882.04742142857,1880.61724183673,2447.41006836735,2260.44744020408,2306.58164204082,2978.27616428571,2337.86678979592,2866.31035,2528.82426632653,2751.53020612245,2470.54753510204,2963.92448163265,3117.93150714286,2723.42630510204,2563.42192969388,2562.31205,2344.62042142857,2359.89874122449,2962.20252653061,2518.06670816327,2335.04227244898,2446.0627,3216.95074744898,3147.08457857143,2800.47302346939,3071.72841020408,2626.87550204082,2689.65566632653,2703.12533979592,2690.59918163265,2929.41558673469,3003.98887142857,2630.56965,2717.44929020408,2808.95849081633,2896.16521122449,2761.66239591837,2539.86415163265,2038.36305204082,2593.20803469388,2438.18386836735,2483.09739816327,2399.29734816327,2462.13405306122,3200.33835918367,3028.65615102041,4088.94822346939,2892.52844387755,2943.75700510204,3546.6045122449,2108.38016632653,2274.6841755102,2361.92363163265,2769.84853877551,2478.31267755102,2818.61635918367,2045.73039693878,2561.97848285714,2850.47961122449,3006.47122755102,3727.07869183673,3149.25932346939,2457.83494693878,3496.90584183673,3177.79913367347,3201.45068571429,3346.15734387755,2433.16969826531,2460.91909183673,2507.73246734694,2618.6297377551,2877.30138571429,2926.89004489796,3321.94302755102,3080.34758571429,3156.33031326531,2973.20600979592,2770.32340816326,3168.77785408163,2455.15119244898,2416.73553571429,2872.17352653061,2729.80457142857,3110.24264183673,2813.40471836735,2416.27361306122,3457.01578979592,2895.71339795918,2270.29554673469,2249.72665673469,3756.5937377551,3520.70473469388,3364.30749285714,3358.04367653061,2664.97569183673,3215.90287857143,2508.87110306122,2973.36976530612,3196.48370102041,2454.19957244898,2427.73018061225,3198.60979489796,2249.24309816327,2689.16076428571,3112.60770510204,3416.41143469388,3080.24705,2386.86711326531,2641.49621632653,2366.74505,2400.0307427551,2458.28828428571,3154.66046632653,3421.94379081633,2776.39385306122,2671.43343163265,2826.82157244898,2359.10652602041,2595.11266734694,3027.32424591837,2666.08238979592,2605.08965,2470.689,3398.42167142857,2943.68077142857,3117.66991632653,3537.92877244898,2784.12880816327,2752.91934489796,2759.46375714286,2488.53331836735,3025.83945061224,2710.54583673469,2238.98963979592,2339.99693469388,2224.17977857143,2442.37559489796,2474.65013673469,3333.37994183673,2736.90709591837,2061.81630714286,3416.30763571429,2721.26898265306,1845.31865816327,3070.94521408163,3376.23464489796,3284.10083469388,3355.04614489796,2367.00924306122,2276.66151,3137.72426734694,3555.30020612245,3320.4090744898,2393.5499022449,1997.58846061224,2799.71348265306,2515.37277346939,1960.57224285714,2228.47485714286,2908.06814897959,2639.07788571429,3356.04911326531,2922.16230714286,2366.01621326531,2430.21041530612,2922.25289693878,3018.1114,2796.44304285714,2973.49519387755,3060.76372755102,3664.13748367347,2439.43621428571,2975.01427142857,2342.8507,3520.92442244898,2950.57845918367,1721.89140365306,1858.09800816327,2578.86652346939,2656.44424285714,3116.15826326531,2835.26525489796,2444.75607244898,2881.90486938775,3655.39486428571,2707.5668377551,2804.2324622449,3045.23793163265,3019.5153755102,2755.7848377551,2273.38020918367,2798.98963663265,2047.06516938775,2618.75561938775,2746.8696755102,2146.89830102041,2989.71170816327,4328.38869897959,2142.4993877551,2797.33297326531,2563.21741,2884.16543469388,3429.26958673469,3094.38834183673,3183.88169183673,3889.78243979592,3810.32259693878,2940.5191744898,3548.39161326531,2663.35838265306,3314.31226326531,3141.12275510204,2557.71894897959,2319.37985408163,2657.89622653061,2524.69157244898,2564.57787244898,2654.42771428571,2202.86413061224,2672.59227959184,2457.85769591837,3363.13238061225,2598.72729591837,2393.48242244898,2561.41332040816,3311.25476632653,2467.01328571429,2818.52114693878,2806.98919285714,3321.45368673469,2274.95022010204,2980.64162244898,2258.05041061225,2673.72238877551,2532.01903673469,3222.78912346939,2830.85221836735,3516.57369081633,3331.57775816327,2110.26524591837,2789.86493265306,2782.89017244898,2712.85712755102,3113.36007142857,3089.92188938776,3118.25194681633,2049.39376428571,2644.47695887755,2807.36209387755,2836.93056122449,2296.70636326531,2624.44839489796,3205.25884897959,3342.07550857143,2579.70798265306,2673.87757857143,2457.61408061224,3035.14489795918,3080.69752244898,3480.60248265306,2505.68273673469,2921.38290306122,2589.06978571429,2470.29171428571,2468.82354285714,2646.9415,2253.1888755102,2750.76435102041,2999.71980612245,3158.70190102041,2800.1488122449,2684.74937959184,3367.00391326531,3752.59346428571,3948.2238744898,2793.96371632653,3387.39735918367,2839.21526428571,2726.08119918367,2431.72530306122,1835.95255204082,2507.57054489796,2571.92743408163,2984.51538061224,2644.55475510204,2757.50873367347,2729.65739755102,2499.3589622449,2780.7054622449,3408.55418163265,2544.69179183673,2478.27434897959,3393.99733367347,2346.69407040816,3050.78583061224,3149.6529,3752.66384693878,3354.63564897959,3351.79670816327,2780.96493265306,3016.6740877551,3086.98368673469,2696.13861959184,2627.15307244898,2055.76875,1935.73469489796,2972.04200714286,2744.72494285714,2435.35967653061,3116.40668265306,2900.17361734694,3105.18337653061,2800.4134394898,3792.14294693878,3745.61470306122,2773.98735816326,2783.80506428571,3968.06357244898,3088.25898673469,2422.28269816327,2404.07797020408,2250.2120377551,2115.26040857143,3190.88115816326,2584.9530822449,2983.25941836735,2634.43510510204,2623.1629377551,2422.52125346939,2538.74515714286,2192.22795918367,2470.7519244898,2879.87268061224,3142.93493163265,3283.39853979592,2445.92649693878,2930.10685306122,2452.04810510204,2437.56577755102,2485.58900816327,2041.24494693878,2645.22803061224,2576.44168469388,2766.73029285714,2653.71765,3103.52353265306,2687.9955,2772.74186836735,2504.13920918367,2775.26636938775,2737.92303061224,2546.0867877551,2479.24365510204,2276.3526244898,2819.64578061225,2338.9124377551,3530.01859693878,3411.2257,3377.66159693877,2841.74118367347,2767.32191836735,2845.77682142857,2936.89040040816,2920.52716836735,3194.06024387755,2816.15079081633,2693.35511020408,2375.1668877551,3085.33387959184,2949.43817346939,2842.84923163265,2941.07396938775,2642.23131122449,2732.66035612245,2678.70041836735,2551.60497653061,2070.48991632653,2690.1132444898,2770.56425714286,2458.84117632653,2927.08236836735,3198.1860122449,2908.08871428571,1843.30567861224,2459.89175612245,2596.05641938776,2526.56928061225,2885.1320744898,4486.00904081633,3792.67844795918,3965.22141938775,2672.55416530612,2449.82888469388,2962.69738979592,2328.23113367347,2844.96998265306,3221.06625653061,2625.66233367347,2965.59509918367,3103.14180493878,2560.69783979592,2567.68458571429,2344.79811428571,2855.69468061224,2551.73608163265,3088.97067959184,2605.84880918367,2700.61927653061,2593.88428061225,2286.60620510204,2834.42766632653,2814.83965408163,3009.11140816326,3100.59547346939,2697.16142857143,2455.56625306122,3642.17884489796,3954.36386734694,2720.80272857143,2372.39387142857,2558.26178673469,2837.54729183673,2924.33216632653,2845.58729081633,3108.77301020408,2293.25838979592,2415.1273744898,3324.24062653061,2781.96234285714,2236.0890255102,3767.44403877551,3255.90413163265,2605.67505408163,2712.03204653061,2391.84517755102,2817.10492040816,2972.47477244898,2981.92961836735,3218.07000204082,2645.03522285714,2908.61197489796,2701.84019979592,2798.96246632653,3172.69417244898,2634.32143571429,3208.08126020408,2433.01012040816,3149.98894795918,2324.70912653061,2869.45538683673,2466.57320918367,1991.05136918367,2048.67353571429,2728.26699612245,2424.28152755102,2800.9349377551,1891.57441326531,2610.11898163265,2707.02326938775,2766.99362142857,2971.29698265306,2734.3262877551,2959.21561612245,2111.54537285714,1992.45641693878,2487.66545510204,3311.79855510204,1913.31784530612,2641.5537755102,2667.73369673469,2119.19716938775,3099.03389081633,3734.15948571429,2278.35996122449,2359.04284081633,2574.43671428571,3084.11223367347,2989.15962346939,2064.96170816327,3055.93535918367,2832.7259755102,2637.32822040816,2097.93195959184,2707.72378877551,3176.81072857143,3480.91789387755,2752.93749081633,2646.94009346939,2571.49353163265,3425.94047142857,3002.90039795918,2351.80406938776,2755.45875408163,2219.27094489796,2383.9238877551,2405.22053367347,2496.41630102041,2941.97444489796,2403.37392,2142.32783336735,2746.74828061224,2547.66275,2857.31472857143,3446.20498877551,2888.70131693877,2455.76964081633,3348.93343367347,3556.50414693878,2004.55996020408,2903.27013061224,3020.94386530612,2174.28304897959,3060.10703469388,2925.05709183673,2816.42127346939,3560.42210408163,2263.75844153061,3250.96491632653,3420.7948755102,2851.86321632653,2275.62390714286,2666.69822959184,3110.6002877551,3120.33184081633,2542.36272928571,1900.75648428571,2529.06400816327,2753.1422122449,2628.22186428571,2971.41812653061,2718.34173673469,2989.28589387755,2778.02589387755,3273.41974081633,3573.01284285714,2949.34100306122,3334.10805102041,3512.89915612245,3137.33850102041,3487.04985306122,2856.8595255102,2552.71975714286,2601.13247959184,2591.22416734694,2834.14315918367,2734.33885,2635.18341938776,3125.65300714286,2777.2888,3144.27288367347,2655.61060816327,2614.05591020408,2627.84711428571,2857.71890306122,3466.93364183673,3136.05838571429,2143.80696836735,3082.44763877551,2344.29104591837,2536.72581428571,2668.55417857143,2240.97352346939,2313.26602040816,3034.09557244898,3147.34386704082,2328.79491326531,2493.63829591837,2414.28663163265,2085.43438530612,2589.6173875102,2653.46428877551,2387.5119255102,3128.01047142857,2484.99828061224,2492.54699285714,2392.02493469388,2693.29179938775,2732.45499489796,2821.82095612245,2623.3543377551,2354.7014877551,2153.17215306122,2371.6144755102,2584.84259591837,3354.48172857143,2894.75497857143,2987.20121673469,2861.7705744898,2996.59875102041,3616.49946632653,2763.02153673469,3284.85775918367,4040.09345510204,2507.24368265306,2487.24318265306,2844.20561020408,3031.6516422449,2528.38790816326,2540.97354183673,2352.74923173469,2102.15506734694,2966.16205612245,2460.87086530612,2971.72238265306,2705.51415510204,3297.41870714286,2681.25255846939,2183.74898061225,2790.09275510204,2037.05962755102,3109.69183265306,2970.05843061224,2645.51753163265,2536.50376122449,2421.60047142857,3179.55743469388,2778.06396428571,3988.86210918367,2468.44893571429,2697.6173455102,2569.65694489796,1910.97334836735,2759.19511428571,3131.81707959184,2800.87922040816,3357.22343265306,2698.33953061224,2362.27586673469,2934.4408477551,2782.4858255102,2147.88897346939,2598.40426326531,2743.34276326531,3420.03220918367,2997.53015102041,1977.59562244898,2783.4327122449,2398.32038877551,3351.20154183673,2435.1970122449,2744.05325306122,3574.08967142857,2741.4575377551,3685.26079183673,2331.28446816327,2633.75288367347,1858.03810816327,3644.38499285714,2206.54623979592,2182.58450816327,2859.04523367347,2913.7956877551,2948.02696734694,2813.34167877551,1800.14227857143,2573.69788163265,2364.73730255102,2525.81500714286,2745.68587928571,2838.98182040816,3221.88339183673,3184.93595918367,3084.29775204082,3667.46373673469,2463.18275367347,2795.87476632653,3013.32616326531,3315.6839122449,2833.4502244898,2665.83471530612,2121.43714387755,2613.77454285714,3724.21165244898,3681.89494897959,2466.45099081633,3188.71414897959,3155.64673877551,2411.94629826531,3082.34313877551,2485.67832244898,3053.19879795918,2215.27079632653,2772.21758673469,2642.75396673469,3016.06667959184,3609.85576734694,3958.78852244898,3482.85528571429,3167.08228265306,3050.38280204082,3232.30828469388,2449.32131142857,2812.34263877551,2629.58131938776,3939.71015,2704.76029693878,2585.3268755102,2726.09235408163,3509.86443979592,2830.7133622449,3282.98325816327,2675.48060510204,2629.58955408163,2780.47795408163,2484.34074081633,3301.24694081633,3550.44708265306,3465.47123673469,2880.15156204082,2969.57278367347,3558.81774591837,2500.07178673469,2953.57276530612,2555.05266836735,1964.11787244898,2495.37782244898,2572.57045714286,3498.20791938775,2893.5747627551,2878.52045459184,2631.7141244898,2352.24999183673,2072.53671836735,2657.47704081633,2610.6217255102,3015.33739183674,2407.3849377551,2601.49508367347,2420.88535714286,2930.43649387755,2542.15537040816,2414.01099183673,2302.57433877551,2171.15616326531,3024.6545122449,3273.43895816327,3576.77560204082,3056.61263673469,2837.31808872449,3131.53106530612,2388.78610816327,2786.71558877551,2372.38138204082,2461.85049081633,2680.83149897959,2698.63303,3080.46985510204,3133.45058163265,2175.31568163265,1680.50953647959,2265.79982959184,3172.91665408163,2583.1550344898,2725.60837653061,2557.37052857143,2627.72742653061,2343.24743979592,2610.34353673469,2286.35180918367,2686.51310510204,2502.17215204082,2486.66310244898,2873.38691020408,2698.42015714286,2608.32730897959,2618.94172959184,2863.53054081633,2789.55198265306,3197.75247346939,2720.03064387755,2063.29210408163,2238.20907857143,2786.78905612245,2389.31275918367,2596.6184205102,3501.08905714286,3196.18297040816,2555.01512959184,2331.48645204082,2884.5515255102,2963.06388469388,2448.08470612245,2994.26719285714,3130.20416428571,2995.45349489796,3138.76015306122,3709.87611632653,3350.71464489796,2830.52039489796,2199.70839081633,2757.67315510204,3172.54117346939,2630.50940510204,2917.87225306122,2944.58725714286,3143.5963244898,2858.60904387755,2732.8940244898,2883.80937755102,2562.12370714286,2535.89732346939,2287.97532755102,2740.4445244898,3031.11205612245,2923.09494489796,3269.6679377551,2885.69558163265,2898.66759183673,2553.08816020408,2960.41913061225,2832.08655510204,3222.75305142857,2859.98085,2380.24555816327,2908.37283367347,2371.89888877551,2600.16382346939,3252.83031632653,3397.02303469388,3628.89360102041,3131.58104795918,2853.72260183673,2217.35532857143,2639.47077142857,2445.97242040816,2500.32627142857,2319.23173571429,2554.38994591837,2709.02911632653,2736.46474081633,2473.91799081633,2634.92612244898,3588.71344081633,3512.01036632653,3327.36141530612,2672.50735918367,2414.18375387755,2529.99012346939,2613.49399897959,3761.62972,3164.57166734694,2461.57212959184,2725.69898571429,2837.82324081633,2307.32153979592,2991.73770918367,2973.08157346939,2581.98099693878,3339.65601632653,2834.19205204082,3113.17242346939,2923.26539387755,3094.6369377551,2217.40748673469,2297.85254081633,2141.0496355102,2326.99153877551,2854.37775714286,2464.07773367347,2166.00321387755,2453.61209897959,3561.26121938775,3017.83321938775,2617.16246428571,2366.69738061224,2774.28062142857,2693.41822142857,2738.97961530612,2735.56143877551,2303.85997346939,2546.29934693877,2774.94448673469,3045.89711836735,2940.69579285714,3430.61430510204,3826.26886244898,2808.31165,1973.54721693878,2592.76984591837,2516.17614,2062.41259081633,2762.05513571429,2887.7719272449,2816.56000714286,2368.80800530612,3167.93520204082,3167.69235714286,2808.82390714286,2765.2493622449,2796.64167265306,3702.8718744898,3459.0957877551,3164.48071020408,2782.53451122449,3587.20199795918,3453.44332040816,2247.63920526531,2648.1741255102,3014.24256326531,3286.60286938776,2498.78094387755,2364.33375510204,2532.20130510204,2778.19183265306,2356.39642959184,3180.73257040816,2855.10503469388,2251.83190612245,2924.99811836735,2622.40821836735,3076.42145408163,2208.61067755102,2773.2483122449,2952.02359591837,2621.01777959184,2320.93560510204,2502.76684183673,3086.59982653061,2768.12881387755,2873.57684897959,1924.27843367347,2429.38296020408,2484.12320408163,2728.61963367347,3063.1405244898,2391.89714081633,2323.28010408163,2866.78624,2912.06569,2520.58229795918,1763.42292346939,2391.63577142857,2660.31310816327,2563.66250408163,2470.33742142857,2690.99460918367,2708.20586428571,2590.04539591837,2399.50057030612,2860.55220510204,2756.89505408163,3017.29018877551,2491.07285663265,3047.66444795918,3459.76204489796,2539.73597040816,2567.59961530612,2703.27416326531,3250.28478979592,2922.73386428571,2851.30228061225,2370.8557244898,3103.47907244898,2570.91052142857,2608.57300204082,2416.31716734694,2271.33991530612,2198.44750918367,2351.74307959184,2282.03558265306,2136.1060622449,3207.93501122449,2578.80939795918,2228.30536938776,2322.45372244898,1919.74238571429,2539.96063581633,2618.09792244898,2577.24636346939,2649.56972959184,2723.48212755102,2818.5061522449,2441.46024530612,2282.31354897959,2522.07413979592,2260.84890204082,2379.27070612245,2612.24325714286,2764.59363163265,2691.49030612245,3450.19501734694,3115.85787959184,2409.83700306122,2900.28373979592,2199.83536632653,2466.56823673469,2596.87865306122,2370.07828326531,2367.64911122449,2837.0753655102,3454.74908367347,3297.20295408163,2547.1640377551,2582.25374632653,4016.77117653061,2927.35285918367,2904.81874591837,2726.33543673469,2993.74545204082,2767.45950204082,2486.89456632653,3193.71219693878,2738.33272244898,3165.52234183673,3799.44470510204,2987.76136428571,2808.23534387755,2838.06110816327,2783.9051622449,2608.36455918367,3359.98317244898,2827.70088163265,3661.57185,3485.69189928571,3211.92951836735,3517.12534387755,3076.12769979592,2181.12978367347,2839.19517040816,3351.77104489796,2943.48199387755,2500.25082959184,2890.25481020408,2790.49319591837,2341.28255204082,2293.36414632653,2761.75226734694,3496.45591632653,2157.82093367347,2293.75893673469,2746.66205204082,2609.27755918367,2326.04151122449,2341.39588673469,2795.14033877551,3410.35154489796,2933.90278367347,3305.69863367347,3344.55973908163,2855.3632222449,2738.78821938775,2691.19417142857,3005.33351520408,3056.54123326531,1934.28656357143,2430.8168755102,1995.41465938776,2270.12194591837,2222.60093265306,2819.05460306122,2236.53037142857,2942.19493265306,2614.57631020408,2709.08632857143,2748.74217755102,2957.23606428571,2563.32735897959,2572.51994693878,2567.01718163265,2265.61104897959,2571.75168571429,2503.44473938775,2681.13892918367,2453.31897030612,2521.54122132653,2638.37696795918,2716.63130602041,2873.72706132653,4311.60574591837,2102.93455428571,3276.35673061225,2624.41213367347,2732.09029081633,2931.06445816327,2451.75926428571,2824.06194183673,2426.47793877551,2709.95914591837,2788.28645204082,2176.52257040816,3168.61632653061,2349.65639387755,2633.51948571429,2530.4272755102,2211.10075,2809.49424693878,2959.00504795918,2748.45356326531,2688.51357734694,2766.09470081633,2726.48390979592,3554.98358673469,2563.3328377551,3024.6106377551,2350.47776428571,2502.82243469388,2582.9246744898,3724.21145612245,2258.39831040816,2545.52231938775,2153.30859642857,2655.13342653061,1797.86772244898,2835.89267959184,2743.16028265306,2668.48664591837,3034.61710816327,3039.91252418367,2668.16686020408,2423.38987755102,2479.54163367347,3063.84848979592,3077.10222959184,3412.85609010204,3835.07645102041,3536.84943163265,2925.50298265306,2787.25251734694,2735.57352755102,2763.12007244898,2633.88188673469,2230.60987244898,2643.02404081633,2770.08271632653,2422.51094061224,2446.85282959184,2615.18189081633,3036.35960306122,2405.0038622449,2892.58360510204,2053.12263877551,3993.72998877551,3251.62115816327,2222.52845408163,2603.38986806122,2772.91001836735,2918.98416632653,4044.07690204082,2367.89622244898,2968.14440102041,2313.42051836735,2350.91057428571,2112.14476897959,3011.23258571429,2666.40132857143,1930.30198632653,1724.36445306122,2417.72504285714,2264.11471489796,2531.55069183673,2535.05408265306,1989.99677959184,2184.65746734694,2620.24960204082,2882.04070204082,2515.92513571429,2709.83685612245,2898.24456632653,3137.37509387755,2878.30522142857,2701.39143061225,2440.70904387755,2592.8221,2346.1078122449,2427.25405510204,2460.69983163265,3626.35558979592,2417.20804591837,2829.7393377551,2424.70010612245,3503.96652959184,3091.58737142857,3039.98102857143,2648.2824755102,3541.18012653061,2781.16949285714,2362.14034918367,2140.67437040816,3068.55178571429,2529.41995102041,2554.08253163265,3237.24991081633,2189.86511020408,2586.24048265306,2571.49245785714,2667.69243061225,2221.58493877551,2139.9378577551,2644.06942142857,2469.34827755102,2390.81353408163,1936.76898193878,3123.93392040816,3272.33697653061,3229.14651326531,2346.66772346939,2900.44414489796,4158.40333061224,3374.95018153061,2434.02554591837,2561.45224693878,2446.74292755102,2533.83989693878,2337.95141326531,3563.75991081633,3120.4994877551,2659.92403234694,2848.29137316327,2648.62545,2251.46968387755,2572.43573673469,2992.84755408163,2510.01580306122,2845.6007755102,2399.02042755102,4011.48861122449,2600.4421255102,2828.91304387755,3325.82876020408,2401.2368,2691.35526632653,2559.07557653061,3077.65133877551,2480.70658877551,2862.53863571429,3019.05019285714,2502.82774081633,2400.71690612245,3192.32443571429,2212.68739693878,2901.03517693878,2755.70696734694,2695.76606020408,2357.29188571429,2965.9646,2927.43713979592,2165.70716326531,2574.43892959184,2311.40266632653,2945.92237010204,3036.67579285714,3587.96978673469,3094.32740265306,2321.93626530612,3037.59151530612,2539.7968244898,3093.51909285714,2647.15442755102,3660.57636428571,3279.97636122449,3376.3179244898,2287.15480102041,2969.70891530612,2495.22092040816,3586.95713061224,3359.4370622449,3330.0214744898,2628.01217857143,2297.26605897959,2720.36841530612,2710.86558571429,2246.66025102041,2532.38223163265,2918.81194795918,2925.96105918367,3254.75235510204,2631.28539387755,3327.69998061224,3208.65401326531,2700.28892959184,2288.73617346939,3940.19105408163,1967.0457522449,2309.71810714286,2711.84711530612,2632.63181346939,3606.42031122449,2457.65101326531,3361.73251122449,2491.6689877551,3490.67789285714,3053.30120408163,3307.19678877551,2928.69799795918,2506.61434081633,2067.22288571429,2196.68838673469,2193.8687922449,2838.82707510204,2161.12240204082,2054.65642163265,2280.61032040816,2594.04322959184,3606.02848877551,2533.54736428571,2942.59043877551,3325.25411428571,2841.01302857143,2489.36005408163,3024.8183377551,2427.04742755102,3308.18082653061,3012.45468571429,4018.80389183673,2555.99499489796,2354.56299489796,2523.72109183673,2447.25773979592,3099.25037040816,3202.13543265306,3627.12155306122,3309.84713877551,3719.47386632653,2962.14546326531,3433.38366938776,3315.02694183673,2886.29849183673,2997.88677959184,2549.77548469388,2668.8901255102,2467.4987744898,2387.06692142857,2364.1013255102,2609.33778571429,3109.2728644898,2933.65585204082,2702.81082653061,2758.08192142857,3007.16619387755,2547.44828979592,2651.85609591837,2910.86729285714,2514.89100877551,2378.96075459184,2354.7832,3068.72807346939,3309.56541938776,2288.98191836735,2352.81004142857,2024.92190306122,2903.09801122449,3133.65877653061,3109.29260408163,2807.51171428571,2722.05993061224,2930.99072612245,2902.05893673469,2937.17495244898,2708.95538571429,2711.47432734694,2525.41796918367,2666.80060102041,3135.27396020408,3586.94315,1936.41310183673,2322.85032244898,2851.67355918367,3119.97331836735,2916.76213571429,2647.12246102041,2848.98325714286,2365.94174591837,2595.10435,2250.17491836735,2946.89809081633,3052.35715204082,3306.75403061224,3309.97334285714,2714.95644285714,2511.9226255102,2706.51975510204,2433.49777244898,2924.67673163265,2771.21143163265,3087.06705918367,2968.60856408163,3511.22773877551,3460.07100265306,3584.69114469388,3151.21777122449,2396.8840122449,2407.51352122449,2681.37854693878,2840.48235306122,2998.70716428571,3361.86868163265,2833.13788673469,3398.89432346939,2909.47988183673,2180.94482040816,2286.90534591837,1759.80942244898,2195.31128265306,2259.50560816327,2273.52104387755,2547.04516530612,2320.98943357143,2710.91809795918,2625.38584795918,2103.26406020408,2711.29897653061,3232.27532346939,2863.78857204082,2822.52848744898,1993.04204897959,2555.4269,2620.6032755102,3046.68969081633,3050.18715102041,2612.85635714286,3025.3298,2546.59686326531,2954.59098877551,2426.90848877551,1782.86866020408,2945.3646622449,3222.23137244898,2647.45245510204,2450.76116632653,2292.74958163265,2781.54757959184,2423.44704591837,3670.65921734694,3001.84727142857,2829.80030204082,3005.14923673469,2910.89771428571,2428.68568877551,2756.82996632653,2873.38517959184,3253.23050408163,2546.56604489796,2753.99147142857,3163.19055816327,2676.59633163265,3011.27034285714,3471.0837122449,3205.49733367347,2180.96770204082,2526.23458469388,2509.60320612245,2723.1496755102,2330.40353571429,2532.92502142857,3290.32363061224,2920.05036122449,2648.60481979592,3098.67802040816,3246.79271734694,3286.72521020408,2889.47110408163,2757.07793163265,2912.37052459184,2545.03474591837,2422.01075,2082.32864561224,2717.84574897959,2771.8507222449,2601.01712040816,2200.79072244898,3640.92129795918,2909.39783163265,3219.54415306122,2986.99513163265,3242.41558673469,2443.79023571429,2697.52603979592,2405.40540714286,2988.6424255102,2339.55668265306,2540.22636632653,3030.93934795918,2437.17797683673,2885.99052387755,2322.59442755102,3000.67672857143,3094.41595510204,3217.48708367347,2643.16639285714,3093.15969489796,3608.9337944898,3583.61009081633,3104.80276020408,3149.07723571429,2855.77426122449,3071.1521755102,2896.38902653061,2713.29513265306,2914.38163979592,2704.72603061224,2661.3360255102,2918.3644877551,3387.01905602041,2865.77374591837,2451.5109377551,2879.46169693878,2864.78283061224,3407.78139897959,2400.76100408163,2919.42040816327,2878.39690816327,3303.13041877551,2745.77582346939,2446.31558765306,2471.59179693878,2833.39262244898,2984.89508877551,3275.60176530612,2279.92024489796,2667.78585061224,3448.47566836735,3206.85848469388,2796.07888183674,2468.73219489796,3213.06248163265,2542.19203530612,2356.40672142857,2202.23835714286,2779.62338673469,2955.28879693878,3216.35776530612,3672.48595204082,3053.52326938776,2769.09286428571,2658.42456020408,3070.86388877551,2828.88125714286,3397.95698469388,2352.50082653061,2284.40874591837,2629.71022142857,2417.4391744898,2731.61936387755,3015.0939877551,2763.53122979592,2713.72426938775,2596.32227653061,3894.49487346939,3685.69979489796,2765.01588367347,2396.54276020408,3789.61885102041,2954.70685102041,2904.48321326531,2100.66759489796,3258.0927122449,2524.54996938776,2117.40502142857,2440.69962755102,3554.33861530612,3211.43689183673,2814.48546020408,2303.61174795918,2531.73487244898,2308.5214605102,2331.4991622449,2685.34038367347,3316.54288755102,2806.36278163265,1901.10588061224,3086.95368979592,2676.86429081633,5128.09949387755,3296.06113469388,3167.4402377551,2615.05270204082,2867.64602755102,3458.8053,2637.91184897959,2366.03340510204,2248.07162755102,2630.60803469388,2613.6915122449,2572.75174897959,2547.89523877551,2869.5885144898,3874.8121122449,2836.64586959184,3254.93703469388,3169.02989285714,2462.92106632653,3037.2686877551,3651.18183061224,3687.94450918367,3481.81081938776,1912.24235489796,3127.99214183673,2886.84883979592,2517.4026744898,2258.71971734694,2751.62221122449,2981.27077857143,3792.95909387755,3422.97213061224,2440.55110673469,2339.20925714286,2270.02933469388,2623.79832142857,2691.39476938776,2758.66830714286,1994.09161326531,2561.33324285714,2590.15166020408,2566.11743877551,2270.7814244898,2337.51930204082,2555.27772,3082.69448673469,3774.08654591837,2953.02507346939,2644.05152959184,2419.38904489796,2274.85423367347,2493.87120122449,2657.67193877551,3677.64610306122,3700.18449693878,3221.0504377551,2623.82793061224,2489.80840204082,2765.81237653061,3161.49481122449,2266.67246408163,3038.17488877551,2081.65236122449,2687.79192346939,2631.49175204082,2524.76708265306,2944.49560918367,3765.65256938776,3231.7927244898,4428.28422602041,2868.08113693878,3623.64876530612,2154.02407244898,2359.09250510204,2471.56353061224,2350.3171255102,3007.25731326531,2385.42856938776,3021.18702959184,2651.10066938776,2104.95508571429,2236.47561306122,2539.22925,2717.7983622449,2483.36527244898,2956.89542040816,2405.16290122449,3767.88579897959,2586.12328061225,2423.86449285714,3096.93512908163,2442.84407163265,2454.19864897959,2606.77800102041,1649.73462244898,2639.98055408163,2469.77126530612,3020.67436836735,2454.1630122449,2645.62192857143,3000.93654285714,2877.24060816327,2411.47004081633,2540.93456326531,3847.67946020408,3515.78002857143,2801.48766857143,2738.75669897959,2602.34300918367,2795.16265714286,3031.80228571429,2356.10613571429,3021.08446122449,2978.32831020408,2373.27919693878,2373.14750918367,2654.57111428571,2976.74954693878,3401.54192142857,3006.15444591837,2756.6906255102,2881.93974285714,2927.00040306122,2150.14599285714,3072.71294591837,3116.53684489796,2748.07081428571,2733.05079173469,2804.04791244898,2519.60948265306,2870.86184795918,3663.44570510204,3091.58322755102,3530.18142857143,3420.10901122449,4350.19117346939,4034.29921734694,2894.90505714286,3247.02998367347,3132.80638877551,3003.42846836735,2398.61582346939,3774.63804285714,3273.52977244898,2621.06654693877,3315.39647755102,3334.42825510204,2947.43395714286,3078.22724336735,2096.58366571429,2581.12192653061,1982.02618469388,1938.14103367347,2684.87160306122,2719.05439693878,2133.62683163265,3140.61056020408,2504.99712040816,2797.62999387755,2594.27982755102,3792.02166020408,2847.44863540816,2446.3599622449,2219.97526428571,2963.82533367347,2760.85268377551,2458.56632316327,2327.5086877551,3221.2557622449,3125.44709693878,3366.0892977551,3471.34245510204,2575.14776020408,2530.04437244898,2302.21695020408,2970.25658673469,2658.49606836735,2799.12836326531,2512.46898265306,2709.48933163265,2847.21733265306,2637.07245816327,2576.0759744898,2870.13967571429,2273.83683673469,2234.39655612245,3134.15530816327,2761.20200102041,2265.99237346939,2553.83847040816,3364.65347653061,3162.57066122449,2697.48163061224,2637.62457122449,2245.80464897959,2467.69870836735,2890.15117653061,2907.27033469388,3367.56912959184,2387.44100714286,2136.93064693878,2845.50810408163,3343.21737959184,3303.1231755102,2995.83263061224,3330.45522755102,3330.81649183674,2750.68257571429,2525.85841326531,2713.19858673469,3272.65000918367,3021.50579591837,2868.67681428571,2566.71213877551,2263.99431734694,3181.48995408163,3172.16513367347,3485.03465714286,2710.86614081633,2824.63845591837,2611.7179744898,3588.48038673469,2395.37078418367,3214.94328469388,2563.7357744898,3542.57676020408,3056.0292622449,2623.0432,2068.03714244898,2168.43286122449,2675.84146632653,2399.66263571429,2790.85397346939,3109.84446938776,2207.57000918367,2363.95043061224,2952.08706632653,3039.33716122449,2284.49865714286,1999.32723877551,2303.54978367347,2291.8695377551,2226.89607244898,2398.11545395918,3414.22211632653,2836.59620102041,2210.91609102041,2344.03683163265,2460.72146020408,2647.91613163265,2733.28210612245,3029.98028163265,2472.29155367347,2919.95351938776,2924.46729591837,2699.81305510204,3268.45768877551,2791.77464489796,2682.86875204082,2947.50719591837,3193.55448163265,2884.46059081633,3106.16024693878,2693.15985714286,2855.09703163265,2682.73080061224,2263.18123673469,2088.64167346939,3189.01777346939,2601.09734897959,3495.39871285714,2769.29071428571,2082.84610816327,2646.44945612245,2757.3869877551,2217.35804857143,2129.07060612245,2529.55865802041,2767.70787959184,3179.34308683673,2734.22375581633,2962.87867857143,2765.09389081633,2933.60690816327,3941.19338877551,3793.86253061225,1967.6707255102,2452.76764285714,3265.84453673469,2439.62188469388,3183.2379377551,2962.91756632653,2645.22809081633,2234.11190510204,3048.51183469388,2920.37208673469,2357.21745918367,3358.73149591837,3661.74116908163,2365.34231122449,2951.58765102041,2591.71561122449,2537.06324693878,3010.53471632653,3307.75943571429,2822.19535,2794.38780306122,2388.66838163265,2696.13741428571,2885.62602428571,4178.01460714286,2364.0798122449,2913.77231530612,2506.71858438776,3226.89644285714,2136.78094081633,2319.72964387755,3136.17236734694,2739.30128877551,2343.51365510204,3462.0653377551,2801.42849897959,3096.51800510204,2444.4004587551,2627.5347122449,2300.83036530612,2191.25178795918,3611.5873105102,3215.42286530612,3226.78685204082,3278.47755918367,2665.28190714286,3168.42042142857,1656.36853183673,2609.55022857143,2432.91684693878,2447.73257438775,2334.97508571429,2098.13576367347,2948.0321255102,2989.03521122449,2705.64684387755,3209.68855142857,3354.06048469388,2903.71449285714,2920.43831122449,3078.1311255102,3031.29237244898,2941.87237653061,2259.25728571429,3249.87130714286,2198.35614897959,2817.3008377551,2089.25505408163,3681.97099387755,2876.63824081633,3144.9345244898,3525.40131734694,3766.64618571429,2768.43865408163,2020.68199285714,3086.0364377551,2534.65975918367,2710.32838163265,2209.66167244898,2887.75231469388,3411.56359285714,3286.62334693878,2922.49243979592,2563.82937040816,2416.36571938776,3845.92127244898,2580.89224795918,2252.33905306122,3024.5094755102,2822.22364285714,3284.27857142857,2867.88490408163,3379.81603163265,3278.40024387755,2911.6256877551,2407.21152040816,2632.3234877551,2962.76427959184,2292.25716020408,2064.34950714286,3100.40514387755,3386.04794591837,2994.08398265306,2499.30069285714,2764.75488734694,1996.99983979592,3048.73625785714,2276.71371938776,2635.28396836735,2026.69480408163,2771.78835102041,2955.66957142857,2946.93785693878,2570.84525693878,2210.67535693878,3298.82586826531,3546.4120744898,2807.09657244898,2291.55555408163,2408.38685622449,2357.14442755102,2658.72432040816,3446.66753979592,2910.2764279898,2884.27104839796,3003.82347653061,2723.158,2693.96243163265,2926.55310408163,3082.20623979592,2650.77358469388,3135.79155612245,2676.65602244898,2374.63292653061,2930.10747959184,2658.90281530612,2314.32191938775,2835.43549387755,3815.60999897959,3724.53953367347,2635.84903979592,2656.3175877551,2645.03751938775,2558.55326653061,2466.4449755102,2270.18380204082,2895.00486428571,2544.72304285714,2663.98075408163,2280.13861122449,2779.89740204082,2709.55831122449,1957.44001938776,2613.50968571429,2366.05237346939,2219.46833163265,2328.75576122449,2993.61460918367,3019.34963469388,2392.67617755102,2265.91388673469,2306.81254897959,3167.56593673469,2408.33344183673,2977.8221755102,2436.9238,2478.50255,2882.84944693878,3240.57302244898,2555.0479244898,2588.44387755102,2819.26364285714,2384.92700918367,2487.34237857143,2333.26450581633,2983.00723469388,2483.08293061224,2964.45665102041,2891.75386938776,2659.86103846939,2922.9068877551,2413.39802346939,2118.4663644898,2616.81222142857,2287.81131591837,2513.8155377551,3111.00130306122,2960.70468367347,3649.56215408163,2633.51679163265,2850.72998877551,2438.35129285714,2479.35412755102,2249.12061734694,2913.01242346939,3702.03360714286,2797.63265714286,2463.14578163265,2865.08457755102,2284.99759489796,3042.57927040816,2398.85728367347,2652.32527653061,2950.39114214286,3044.74115459184,2303.56799816327,2899.63990204082,2802.38851428571,3085.58056632653,4012.84292857143,2718.9808244898,2744.99721734694,2205.04602959184,2525.4461,2951.70422959184,3651.38112346939,2282.11260102041,2467.55211836735,2642.22403877551,3091.02385612245,4010.20754387755,2344.17162142857,2612.41246734694,2308.58499285714,2247.19811938776,2511.36640102041,2142.05720714286,2615.53493061225,3563.51407081633,2448.09502142857,2967.1343,2527.95576530612,2773.6088244898,3187.04429591837,3270.8913,2894.24869795918,2763.24541581633,2553.57910714286,2331.37833673469,2601.57822938776,2390.21579693877,2696.17662163265,2965.74985918367,2242.79972040816,2820.86502653061,2850.62300714286,3471.78024081633,2759.36244285714,2291.42548265306,2668.32715714286,2176.12782653061,2249.60919795918,2464.04614285714,2678.28146020408,2575.05918163265,2589.7191122449,3340.28557857143,2651.17874102041,1886.74672163265,3212.5589744898,2300.77618530612,2309.52716632653,2348.91359183674,2223.2957455102,2507.17283489796,2720.27277959184,2703.03188061225,2886.36053877551,3269.19820612245,2795.90611122449,2901.51318265306,2393.84695102041,2667.60531020408,2679.69450714286,2774.53064693878,2612.41339387755,3131.93519387755,3083.34678714286,3208.7954255102,2012.49931020408,2986.5226122449,3214.98893571429,3224.36081938776,2965.67893061225,2804.21763061224,3236.13887142857,3148.68864336735,2419.99945204082,2208.5359294898,2511.14047510204,2600.90391326531,2483.07567346939,2988.20353979592,2409.15813061224,4066.48700714286,3425.46839673469,2547.85404387755,2758.68136938776,2930.12304795918,3438.65711836735,2701.34705408163,2467.4265744898,2790.16225714286,2381.16742040816,2800.10720612245,2552.62845612245,2529.59019081633,3484.28950612245,3513.85767959184,2401.09351734694,2909.69377653061,2214.5516255102,2584.36919387755,3043.54232142857,2528.90028367347,2558.28102959184,2039.49208183673,2758.61205306122,2767.24610918367,2893.30104591837,2885.77287959184,2980.00022244898,2355.87328163265,2742.16656326531,2908.67038979592,2808.77085714286,2801.55905204082,2827.70265408163,3211.67806530612,2623.11000918367,3643.21698265306,2602.13241326531,2898.0566477551,2009.1003,3030.76084489796,2954.51956020408,2499.23554897959,2633.48947755102,2701.94040816327,2351.06777346939,3021.04815,2914.67883265306,3055.33767959184,2585.77396734694,2663.39662142857,2862.03503469388,2138.69122857143,2460.1725,2259.04673061224,2996.39136530612,2835.57186428571,2408.70251428571,2495.94106530612,2496.30888469388,2567.4117244898,2832.26042346939,2738.87660102041,2528.46133163265,2793.71479591837,3007.58779908163,2678.66330816326,2265.70932142857,2337.38235306122,2214.84464591837,2679.82259591837,2350.90510204082,2908.76052346939,2933.86572040816,2719.04215714286,2803.1915644898,2617.94283469388,2968.57578979592,2387.07385142857,2938.86391938776,3385.31049387755,2982.70262387755,2179.6634255102,3318.95168571429,2504.13994183673,2674.11708938776,2527.22951591837,2380.69030510204,3125.24296326531,2452.98833367347,3278.12233367347,2942.77357857143,3080.96201428571,3419.50375510204,2675.62253673469,3138.18874591837,2833.30344489796,2613.67085306122,2201.00724081633,3760.99106122449,3018.7711255102,2868.7156877551,4458.33728367347,3567.6621122449,3824.11681020408,2945.70182040816,3120.80032857143,3039.80074334694,2624.32899591837,2971.8407877551,2624.6579,3523.04722346939,3282.745,2712.94384612245,2991.74915816327,3024.05763469388,3023.39479693878,2745.99833469388,2319.80500591837,2150.71479897959,2569.70033469388,2621.20997755102,2425.99968367347,2722.47352755102,2808.93570510204,2893.21679183673,3188.18478061225,1981.88240408163,2542.19379693878,2563.60327857143,2995.89538255102,2003.05830918367,2124.67228265306,2232.82877755102,2379.29755,2129.5511044898,3360.4917094898,3238.59446020408,2213.22835612245,3024.85847142857,3221.01250306122,2482.59049285714,3005.62772244898,2206.10118673469,2247.26824795918,2409.20196020408,2946.33661326531,2569.15957755102,2874.33669795918,3569.11447653061,2821.45934489796,2358.19108673469,2657.4423377551,3339.27885,2771.58821530612,2642.43045673469,2823.67006734694,2888.95586632653,2351.82035306122,2943.82793571429,3209.13967653061,2977.91875612245,3104.3572622449,3024.46388367347,3072.13050204082,2395.8382,2523.38623734694,2647.81753061224,3414.19571734694,2964.22735102041,2440.35937040816,2930.49119489796,2699.52217857143,2353.74779897959,2796.6255755102,2696.47967755102,2890.3046244898,3405.06552653061,3068.41167346939,2787.6843122449,2375.67367857143,2015.57288265306,2774.06231836735,2350.46954591837,2794.09585110204,2167.17355969388,2434.33393367347,2943.27465102041,2209.5850555102,2328.07413020408,2535.85408061224,2297.71955183673,2749.53124428571,2218.09858020408,2396.82339387755,2831.05651836735,2830.52780510204,2464.97933061225,2768.60213877551,2232.53344591837,2423.92814897959,2651.53010102041,2175.1434622449,2849.43538571429,2729.41369795918,3279.15205102041,3137.03275102041,3021.38477326531,1851.55000612245,2787.37928979592,2022.67454897959,2328.75693367347,3156.96349897959,2366.53912244898,1817.76041326531,2986.30854693878,2816.00926122449,4041.74373877551,2804.25897755102,2578.1199377551,3167.47442081633,2567.92349428571,2520.33582040816,2818.94437959184,2536.84238061225,1653.2088,3413.21393265306,3563.07254285714,2843.10759285714,2879.21742244898,2314.17771938776,2799.98643265306,2642.61046122449,2823.53723877551,2578.43841020408,2063.16869836735,2589.00128655102,2750.35766020408,2464.83485255102,2828.70966938776,2537.17269489796,2876.47588265306,2576.89557040816,2642.88127857143,3612.61937653061,3377.94805918367,2714.74254,2608.95041530612,2507.2250755102,3060.64366632653,2045.30311308163,2319.7938744898,2310.40545102041,2106.01549285714,2802.7186122449,2392.93689183673,2322.20102244898,1700.87397040816,2256.5546877551,2858.51903979592,2669.56089928571,2667.79211938776,2586.81532346939,2620.87567244898,2501.37443979592,2859.95177755102,2956.37735326531,2447.35562653061,3382.0715377551,3158.90509387755,3057.02472040816,2612.13340816327,2283.90386122449,2913.90787653061,2734.5901122449,2270.86408265306,2835.31289734694,2480.01219285714,2424.32989591837,2254.48135918367,2453.3465122449,2378.56021530612,2715.0577755102,2010.51769183673,2055.51622632653,2645.26808979592,2383.89788673469,2917.14129795918,2790.6277122449,2593.94854336735,3100.72433061224,3058.48613673469,2766.75819469388,2998.61421122449,3072.72772040816,2412.30949489796,2911.43023163265,2578.25569061224,2556.55496020408,2976.51871204082,2207.9783272449,2894.21468979592,3600.26025306122,3185.04904591837,3888.85432142857,3697.50505816327,2955.73988265306,2900.43249693878,2547.45981734694,2393.16217040816,1994.40867959184,2843.13817040816,2891.48373061224,2658.42873265306,2973.42666734694,2621.72443040816,2228.14097102041,2261.7587344898,3276.85711632653,2432.8265877551,2860.39887244898,2420.70790306122,3238.46206326531,2936.12758673469,3156.9383,3045.01185071429,2672.95364285714,3676.98086632653,3085.67081530612,2917.31385918367,2482.12093,2831.51264693878,2931.30587857143,2465.64358979592,2788.86394591837,3221.03966653061,2833.51338061225,3174.13882846939,2621.50955306122,3026.15156020408,2566.14431734694,2873.22062653061,2315.63077306122,2854.16830071429,2319.07300912245,2285.86495918367,3526.83313571429,2292.24930306122,2079.29159183673,2466.88809795918,3456.02788673469,2312.40535714286,2898.63977755102,2340.15671673469,3014.38867959184,2681.16711836735,2941.53918561224,2236.15425877551,2233.61909612245,2489.53127918367,3083.13488061224,3091.45184285714,2606.66368163265,3581.35109795918,3705.83842755102,3185.6623877551,3382.07799081633,2498.22376632653,3128.62855408163,2796.32502122449,2632.52952142857,2507.5249255102,2903.72885408163,3053.17293673469,2406.88883367347,2131.29038265306,3843.99105102041,2723.1266877551,2696.09419285714,2778.03501428571,2726.04616938776,2185.41869479592,2458.30646122449,2342.06302040816,2119.78703571429,2641.35601938776,2879.99930367347,2604.04697346939,3175.08659489796,2259.66800234694,2648.98169897959,3127.19431122449,2642.11624795918,2899.83876632653,2101.25412857143,2739.13052673469,2656.13001734694,2837.23151020408,2991.17737091837,3475.02907040816,2856.23293938776,2886.60519,3170.48532244898,2476.71254081633,2757.28913979592,2529.61079591837,2526.89078367347,2364.19711632653,2485.41615102041,2859.26710204082,2260.69902306122,2275.15524693878,2829.00525,2501.48192959184,2507.82406836735,2303.49251326531,2670.47200520408,3509.13044795918,2743.94534693878,2504.15363571429,2079.69214183673,3358.05382265306,4300.41163479592,3485.90771061224,3008.3514744898,2858.08479387755,2319.17605306122,2592.51031020408,2796.71959183673,2754.6882744898,3293.06172346939,2991.71522346939,1851.19959489796,2460.81631938775,2298.68775877551,2555.86117755102,2566.47464897959,3257.32419081633,2788.99161428571,2539.94174785714,2451.17703153061,2240.77586530612,2881.12465714286,1764.13019183673,2829.10065306122,2813.32124795918,2467.11212244898,3143.89427755102,1900.65825612245,2753.53062755102,3079.6761622449,2585.76301122449,2852.52487653061,3586.07667244898,1962.2599377551,2077.28117465306,2241.45416897959,2599.3949222449,2831.88987857143,2284.84760102041,2932.35128163265,2590.86274387755,3066.66800744898,2579.30534897959,2915.81031428571,2996.3780755102,2854.70596734694,2690.85955918367,2593.41208571429
61,2662.0269,2624.69295,2571.10696,3050.3544,2842.02625,3349.7464,2772.50155,2757.313,2620.4482,2545.9885,3046.60315,2283.70157,2748.929725,2624.45505,2809.74355,2440.44455,2600.602761,2926.843161,2401.3275,3093.51041,2727.84065,2913.8439,2881.767,3258.6215,3798.10355,3456.91634,3089.1914,1920.19615,2901.431235,2460.6366,1551.5603,2153.3822,2603.84385,2680.9929,3088.2983,2759.6591,3258.62125,2817.65555,2890.21393,3543.12175,3640.8908,3065.1028,2666.077515,3238.3069,3098.13075,3109.3028,2097.82515,3269.04475,3256.522185,2675.90775,2273.034265,3320.55855,3506.69935,3393.58235,2473.09675,2157.6462,3551.6092,2641.2563,3169.22395,2696.5445,2905.1163,2734.77055,2949.07575,2465.6743,2684.9453,3064.30315,2604.2681,2688.3649,3211.05776,3436.65537,4290.23035,3314.0782,2883.2178,2541.323,2647.14785,2563.30457,3555.0002,2898.77025,3132.7118,2850.911,2804.06925,2384.2237,2690.26985,2590.68695,3031.16955,3389.7686,2713.0975,2781.44365,2225.4937,3149.62025,2669.1815,2457.93097,2127.9062845,2298.21243,3000.41315,2539.36599,2463.4034,2450.24855,2573.6307,2483.9884,2632.8115,2645.99285,2351.0021,2830.50585,2950.12064,2836.59705,2199.4271,2381.8898,2618.2007,3174.0302,2487.65635,2862.68505,2817.11718,1846.5567,3017.45774,3714.7199,2621.0982,2549.40225,2590.70355,2534.67565,3057.41065,3133.82095,2661.3292,2995.5226,3238.442345,2837.0477,2588.27196,2397.766445,2708.20425,3254.48615,2940.9354,3795.36698,2547.67045,2581.243755,2765.706905,2476.93842,2438.60827,3192.75345,2911.45785,3033.6912,2399.72335,2543.40335,2692.79315,3139.16545,2756.0547,3009.56185,2513.94595,2348.47285,2788.9293,2490.39015,3136.08305,3122.39145,2523.8595,2555.3415,2550.9063,2703.09065,2588.20105,2854.49237,2459.85681,2230.30001,2785.76429,2732.4823,2065.98115,3277.9882,3199.9437,2675.39935,2220.48256,3012.5337,2431.44465,3594.905122,3726.1499,3537.13355,4795.5642,3126.3435,3277.7588,3065.91985,2547.8378,2670.42825,2443.97855,2308.904405,2997.653605,2203.04515,2372.65008,3384.85055,3139.27215,3368.0468,2634.09015,2912.25655,2925.09955,2621.11625,2490.4951,3407.578,2899.55745,3564.1901,2536.31885,2437.78677,2647.7455,3198.051,3003.35185,2672.78149,3161.95122,2216.77852,3010.16445,2808.6512,2184.4851,2496.7904,2695.76472,2767.387,2160.87825,2990.41105,2538.58815,2440.1867,2610.2947,2666.23895,2559.44698,2755.6656,2313.08515,3457.36135,2997.69485,2844.6656,1812.44104,3418.316175,2585.3712,2158.1012,2015.4036,2059.05162,2303.5274,2879.1012,2375.11435,2780.83555,2776.86895,3523.4412,2808.022,3155.49435,2456.97625,2968.78835,2977.092,2858.35675,1827.50515,3468.19985,2685.69225,2804.98185,1996.5063,3061.28735,2507.821395,2305.78585,2600.7222,3048.6924,2333.3106,2885.638135,2827.213285,3101.9156,3092.7927,3297.50795,3190.264015,3012.256,2827.7416,3114.42745,2289.45155,2577.357,3254.1767,3882.0686,3128.75765,2942.6351,2642.8693,2347.1011,3160.2087,3304.184,2462.593,2441.1906,2679.566725,2627.383,2515.97065,2781.3745,2800.55905,2427.9759,4247.26365,3769.41825,3559.2833,3281.82055,2963.4515,3828.27215,3064.54715,2035.863185,2881.3377,2530.89505,2465.0459,2431.839385,2814.864,2703.71635,2629.9208,2749.9143,3270.2091,3309.95175,3140.75785,2355.25685,3470.1688,2916.7747,3299.6616,2625.07192,2713.28125,2186.54345,3760.99962,2794.0388,2306.5104,2098.587835,2411.66152,2297.53895,2423.26925,3347.94155,2233.75395,2953.90845,2788.71275,2211.39795,2721.671845,2677.51325,3373.91945,2990.9741,3287.3303,3336.8476,2165.35475,2947.73035,3404.4346,2274.17205,3015.17685,2872.9781,1770.68805,2602.02875,3396.20145,2059.67885,2669.0609,3211.6959,2771.5396,2423.230005,2347.19875,3138.26109,3272.9171,2607.72395,2490.389365,2670.7712,3302.3497,2840.6985,2799.15353,2623.93799,3056.5547,3164.64725,2456.09375,2424.62595,2951.19025,3005.797775,2082.3182,2754.30035,2561.42795,2999.67755,2602.24355,2797.17011,2044.46075,2610.3588,3137.83285,3047.82155,2534.09445,2360.6921,3445.2181,2647.73975,2754.7768,2734.67395,2988.91535,2011.67595,2410.61585,2051.25662,2568.7114,2991.82038,2331.30275,2244.5251,2712.6411,2962.9845,2621.0974,3027.0488,2839.1231,2823.6246,2417.666,2416.01075,2950.8414,2851.0192,2506.32395,2001.77847,2074.26965,2717.21345,3610.0967,2823.1874,2824.80005,2407.7273,2861.70314,2471.64415,2956.82265,2929.2096,3076.23627,3822.73005,2104.26885,2389.3892,2514.7485,2659.1336,2483.89376,2874.20385,2994.27645,2573.04735,3728.42215,2897.240048,3281.82503,3286.58703,2948.1445,2851.28095,3174.6926,3401.6045,2542.6325,2961.8475,2519.8544,2403.4136,2215.182395,3282.23155,3519.91045,3678.8124,3246.5107,3392.72905,3126.5951,2823.43158,3331.0013,3446.5236,3172.6664,3129.2351,3143.21125,3156.7982,3575.504,3984.4444,4459.7615,2241.1377,2603.10295,2711.3398,2600.07175,2770.1508,2745.5374,3253.58883,2435.19917,2391.25445,2398.6761,2534.26055,2010.079,2948.24465,2853.304,2628.11795,2333.286,3142.12845,2886.25535,2919.3581,2655.9414,2757.07575,2264.0126,2248.59385,3136.45165,3226.2269,3270.09,2026.0911,3623.7187,4103.072,3116.2382,2636.02974,3180.5441,3162.67594,2795.9047,2814.4559,3194.9771,2631.789385,3473.5506,2572.31017,2838.21785,2615.5829,3140.99145,2289.12755,2962.4657,3489.76435,3183.2607,3169.4157,3441.40545,2657.46615,2966.255165,2139.0698,2785.83465,2367.32115,3225.60085,4403.3309,3409.2235,2319.615,2732.39925,2633.49115,2864.8703,3082.09148,2552.5772,2849.60655,2750.17715,2705.3303,2417.3838,2345.4166,3244.1211,2451.98055,2365.663,3539.11893,2869.01169,2789.4615,2133.0474,2214.98035,2780.4353,3063.0422,2502.8814,2923.9117,2495.36795,2190.70895,2976.5196,3413.8741,2815.19375,2510.808,2986.0317,3019.63485,2524.0616,2822.88755,2176.504045,3397.94846,2865.1398,2618.90615,2437.65285,2594.22895,2729.39459,2735.2809,2710.43445,2654.648,1967.54428,2399.02625,2327.40925,1812.23925,2422.42595,3102.7122,2806.2375,2753.73705,2712.9586,2509.61125,3459.67585,4004.0297,3738.206,3531.016125,2981.6677,2821.103545,2949.8211,2930.4037,1859.15715,2465.6923,2914.33165,3675.2188,2605.77025,2365.5583,2163.396415,2616.1442,2635.35125,3054.52925,2164.437185,3186.92205,2763.9233,2410.0176,2727.43475,2705.7599,2728.2905,2508.4326,3016.9405,2575.45605,2823.77415,2729.74365,2356.59045,2688.5952,2247.0317,3052.46735,3512.8939,2279.46135,2513.41765,2250.9942,2606.27874,3110.65804,3674.8812,3751.31626,2849.1661,2898.1256,3076.994,2834.22425,2512.92055,2297.49868,2536.9216,3213.21808,3113.89585,1793.28625,3384.01035,2808.8627,2749.6847,1951.56165,2664.16315,2363.78295,2995.16,2857.544415,3293.0358,3123.401215,2225.40405,2976.12745,2842.05535,3545.1984,3989.81205,3587.570845,3040.94835,2623.68375,2645.6769,3174.07795,3401.99825,3874.8898,3256.2175,3211.7874,3839.50875,3161.8406,2865.70255,3627.04605,2413.6211,2228.221,2925.50335,3297.6714,3237.23455,2207.67335,2974.5426,2770.8584,2540.83562,3547.29785,2531.5202,3149.5625,2978.604,2675.9349,2844.50435,3024.52735,3649.90365,3435.7023,2270.1558,2418.26885,3316.265,3337.64235,2518.47055,3076.30152,2487.8109,2656.54885,3003.33745,2348.5627,2674.9749,3180.3815,3227.9792,2710.7576,2595.62755,2891.9362,2550.6856,2526.12867,2702.19081,2927.13965,3227.796815,3412.48787,2725.22155,2818.54405,3156.58015,2556.29979,3516.13805,3355.9876,2258.39295,3074.1312,3405.2892,3123.1795,3172.83165,3857.8382,3938.7666,3220.99098,3246.743,3834.76755,2612.8846,2247.3959,3695.85535,3205.23154,2278.818,2818.6808,2744.5674,2547.8019,2167.97505,2681.0806,2649.77845,2837.229405,2414.5189,2398.2913,2727.0679,2058.0241,2537.59774,2516.5897,2458.11232,2770.85305,2296.4016,3065.30175,3098.94126,3601.94367,2387.24518,3092.43515,3160.64295,2905.34785,2760.55945,2762.63495,2751.94705,2626.17695,3011.6548,2693.62465,2942.71265,2497.735,2521.92455,2976.0399,3056.2749,3042.94925,2811.1499,2126.946785,3184.70755,3049.74575,3365.7602,2597.02605,3387.39565,2836.30849,3076.84812,3309.26345,2483.83505,2417.70036,2704.89375,2799.9309,3123.8298,3044.5824,3144.3973,2702.12275,2098.00055,2923.8621,2580.17345,2735.40015,2244.55825,2472.52635,3032.1254,2989.15402,2402.51675,2464.6628,3150.21675,1962.16835,3054.1724,2991.77395,2847.6136,3419.8817,3530.68795,2798.70685,3462.2781,3363.4114,2110.4832,3053.767935,2441.6249,2045.0293,2768.67812,2560.4637,2736.077,1872.4566,2523.04295,1953.03645,2236.41645,2254.5346,2615.871245,3129.84745,3616.66815,2670.208675,3809.9267,3445.73725,2631.0147,2972.87705,3367.4923,3583.60795,2631.7418,3211.8483,3199.37733,2540.88488,2969.10485,3023.88139,3033.80249,3555.50455,3426.1029,3575.8392,2060.4364,2794.60005,2407.29135,2755.94705,2761.1319,3034.57335,2990.58597,2097.71334,2780.5643,3017.04005,2607.5275,2293.80865,3660.23755,3624.4703,2837.0029,2324.27963,2514.8777,2793.62425,2635.81389,2414.56635,2692.74775,2739.8809,2538.44065,2555.87507,2634.33435,3100.7226,2398.99409,2888.03304,3148.72033,3018.8423,3545.80505,3855.4138,3529.39047,2315.470105,2678.625005,1728.034,2584.08945,2746.35465,3292.8806,2147.62215,3357.21465,3348.63495,2854.46735,3092.3972,2231.832075,2664.3494,2713.35507,2722.27565,2321.3312,2493.3992,2724.02075,3515.28245,2922.7563,2415.38066,2725.97888,2802.6563,2550.5419,2620.67805,3892.53745,3268.13125,3242.34285,2590.43055,3612.02845,2810.9087,2306.90895,3116.2863,3260.68365,2476.4377,3346.55845,2979.29485,3211.959895,2816.70328,3157.70349,2958.6851,2933.88765,2564.0711,2710.6072,2571.30835,2917.3152,3193.0356,2396.7911,3411.2803,2648.7706,3118.3699,3172.76685,2289.49915,1963.3199,2996.62555,2695.9902,2438.15149,2710.3025,3234.03702,3419.512,2759.575409,2676.51295,2938.4019,2514.9568,2671.55035,2814.0118,2183.43125,2293.91465,2211.52708,2132.20028,2865.09775,2429.65625,2459.87935,4117.6159,3279.7278,2884.21245,3570.447,2350.63735,3592.37745,2956.8781,2718.83135,3303.45185,2896.0422,2356.33295,3378.5856,2449.64035,2864.7529,2586.79405,2308.7708,2699.32005,2939.46585,2996.56695,3565.78423,3061.6204,2885.56035,3491.7399,3660.78275,3918.9277,2331.28747,2463.55457,2669.60175,2659.2714,2999.24398,3431.2045,2601.00165,3149.9728,2680.98975,2447.9131,3220.3761,2539.19985,2614.22125,2268.4974,2616.28005,2400.11035,3049.93995,2715.88765,3060.2382,2663.67675,2036.8154,2397.46565,2788.00601,2702.36545,2270.56375,2176.6589,2520.09255,2625.98975,2912.34425,2882.10298,3157.78175,3507.48935,2830.72195,2476.8884,3972.8501,3711.72635,2844.0021,3081.3261,2792.9355,2504.35894,2999.473,2368.96145,2417.86265,2552.70495,3015.8763,3125.31545,2870.05585,2620.1396,2039.0314,2729.7879,3162.89405,3230.8818,2689.05375,2596.79325,2592.2933,2604.18805,3182.45745,3180.2457,2409.9423,2654.27805,2674.64005,3225.7053,2816.81935,3343.4258,2912.0794,3646.95285,2763.3881,3045.44125,3020.436,2763.5622,3091.02825,2706.93555,3599.44815,2702.4561,2904.50524,2593.20825,2860.9775,2950.2639,2487.7788,2684.55725,2916.4963,2710.8425,3604.95825,2808.2281,2426.50816,2393.1321,2746.877,3032.16095,2623.5348,3051.0598,2061.44215,2956.9546,2837.44975,3196.644165,2871.3858,3370.33421,2871.34995,3723.1744,3465.02735,3675.08595,2776.4113,2371.6198,3109.69025,3328.77285,2703.91655,2515.18415,2853.1476,2118.8112,2490.11385,1796.48995,2651.2161,2721.67864,2187.05945,2554.0301,2385.2763,2344.8595,2082.836975,2203.52685,2592.2671,3117.77545,2648.9144,2667.15352,2585.90195,2760.664685,3094.73235,3114.6114,2476.06155,2276.62545,3048.85549,2863.03965,3068.43205,2729.89815,2316.941595,2303.15325,3581.16955,3098.24435,2633.21185,2205.8428,1902.1931,3372.31565,2493.85425,2994.33645,3389.3939,3001.4208,2804.86,2659.57845,3002.63995,2235.81745,3583.3391,2839.2001,2732.11641,3045.69415,2916.851755,2630.49217,2710.4956,3294.7955,2825.73795,2564.33405,2270.19515,3294.15335,2852.9087,2953.7744,2931.5494,2924.0939,2768.0091,2781.1647,3112.7641,2826.79905,3044.3532,2952.6683,2382.74825,2916.95755,2589.8891,3601.12295,2477.65107,2296.030425,3084.2964,2694.6154,2236.41645,2024.99578,2856.0441,3576.5207,2463.634225,2971.2049,3201.71215,2453.17345,2201.7182,3509.3755,2496.8364,2181.3387,2772.96005,1982.766,2105.8637,2622.5305,2805.00665,3186.1533,3282.96115,2947.80855,2596.8593,2770.81245,2926.31323,3399.2663,3253.93895,1843.57304,2268.58895,2205.17325,2462.7089,1964.77195,2749.11425,2743.86205,3148.20495,2177.60045,2610.0661,2280.5248,2838.6172,2317.536055,3160.48345,2771.37435,2762.57025,3248.3237,3338.96255,2667.06635,2490.017,2476.670185,2200.32135,2813.5457,2590.292295,2378.4635,3191.03265,2638.2974,3228.6094,2603.5952,2168.99835,2627.6135,3423.54995,2545.10875,2466.52125,2650.8303,3143.3685,2179.2283,2713.48013,2457.209,2064.37535,3015.50195,3203.15985,2540.22905,2500.1085,2978.88955,2212.52365,2469.44095,3116.2462,2392.5595,2853.1516,2726.1272,2246.92493,2998.83185,3354.0524,3132.19895,3095.7719,2269.67681,3212.4636,2815.60815,3441.40055,3535.89155,3347.9348,3177.071035,3582.5959,2867.84665,3675.4497,2541.07144,2784.05833,2153.2627,2675.39555,2997.5461,3133.63555,2692.17565,3211.03195,2653.16555,2816.64705,3415.886,3706.85085,3367.0559,2614.36385,2548.74045,2760.85105,2661.6629,3480.335,2512.48407,2656.0575,2528.3808,3806.94085,3525.48885,3680.6742,3151.09315,2651.2774,1951.27255,2559.10855,2581.69395,3135.07245,2414.94525,2272.34215,2394.538,3381.34705,3177.4977,2444.25865,2409.63101,2765.4558,2783.8546,2593.76905,2334.3558,1739.5915,1996.52473,2820.15185,2450.12715,2508.0951,2714.11573,2874.769915,2797.62839,2963.71985,3052.4874,2637.84355,2589.40686,2368.49905,2879.0382,2864.9516,3123.7487,2627.95235,2762.53485,2914.863775,2743.7677,2720.90156,2465.42345,2610.3384,2656.09325,3000.8514,3154.55355,2003.005255,2461.6951,2246.5696,2267.665,3007.6449,3028.68202,2564.4509,2459.0794,2427.8218,3082.27045,2472.38085,2931.8823,3445.14495,4004.07245,2601.9697,2711.1831,2353.07215,2998.49384,2663.9008,3058.1773,2849.19725,3190.3083,2790.4372,2866.9376,3334.944405,3072.22345,2684.51655,2794.2486,2043.7874,2942.470245,2772.239095,3165.156595,2540.3158,3171.8793,3272.03191,1841.2986,3314.75076,2859.731932,2497.02589,2439.09551,2090.20485,2412.89935,2002.46665,3100.52235,2602.76185,3009.7929,2881.0801,2979.2957,2813.8591,2561.61065,2635.00145,3421.6894,2242.4299,2539.758885,2515.43975,2891.33745,2577.06931,2858.94841,2911.27305,2955.8621,2058.6364,2494.28418,3610.0045,3088.1408,3592.0631,3991.346435,2813.9963,2762.8273,3199.8367,3299.2121,3624.80985,3538.7101,4289.63108,3083.45545,3234.46495,2093.22015,2658.084725,2910.45295,2925.3499,3287.0509,3484.656035,2763.26725,2672.50944,2295.27151,2031.7907,2143.4249,3557.4117,2575.86635,2886.3092,3137.5527,2565.91305,2409.53995,2941.25605,2507.38515,2183.67805,2366.0918,2606.7828,2465.47855,3335.7005,2472.57415,2342.28855,3166.52855,2885.8696,1713.77719,3268.2531,2932.27635,2598.3837,2692.2311,3063.4676,2270.4081,2608.4132,3140.830825,3348.2723,2638.80275,2824.999835,2543.4353,2794.17851,2384.41535,2581.74985,3832.52075,2285.223148,2368.77685,2864.21655,3369.99685,2663.36225,2091.3564715,2522.87095,2456.4126,1983.2459,3304.2902,3004.2961,2428.3018,2761.52495,3325.78232,2571.96115,3849.335755,2840.8344,2379.758,2165.4409,2985.12305,2838.6651,3111.9057,3204.7087,2466.08035,2620.64875,2856.6668,3134.508,2772.85345,2840.7125,3032.8538,2689.60685,2860.9874,2453.14875,3441.61904,2638.22585,2343.50495,2651.91955,3566.61665,2209.28265,2641.87555,2488.2191,2029.86715,2785.15215,2715.9161,2345.8059,2848.4093,2911.87526,2428.8773,1884.9695,3391.20225,3360.04995,2638.6473,2774.47855,2254.8687,2412.97205,3191.47055,3401.19375,2159.1266,2612.90215,3675.705185,3165.32075,3302.97845,2393.81725,3379.7329,3593.83047,3267.9798,3352.33325,2614.10325,2442.5343,2539.1316,2640.82975,3086.45155,2768.0544,2915.00445,2298.58485,1767.60855,2445.348725,2670.1438,2520.9993,2627.3864,2981.35865,3031.87125,2946.20615,2569.63495,3497.9356,2671.6241,2721.53284,2412.96835,3099.78485,2700.72965,2623.93025,2645.9559,3311.67365,3327.57585,3107.4849,3258.3099,3029.18459,2880.1818,3616.600095,2982.416005,2556.32895,2541.6422,2912.26325,2895.317,3318.5013,3575.6054,3321.55565,2438.7418,2999.8086,2578.0305,2794.16741,3282.3588,2649.57565,3195.01365,2865.74365,2795.3125,2640.94315,3664.788,3402.3936,3239.0613,2920.71425,2795.8331,2269.38035,2963.5135,1720.15695,2347.57075,2906.2201,2634.70429,3658.11335,3147.5423,1989.053,2699.44475,2668.1421,2415.3858,3006.29565,2980.2578,2513.5726,2674.3224,3001.13065,2781.69265,3183.4043,3701.88005,3490.2237,3214.65495,3111.1134,2822.14315,2772.4484,2592.7182,2619.47199,2490.28155,2170.63915,2706.25565,2457.0474,2260.3758,3084.7735,3449.49659,3014.52336,3621.95489,3828.31889,3692.9351,2907.78064,2611.19732,3005.09805,2497.6531,2065.74147,3238.69129,3373.3096,3068.30225,3050.04043,2431.0567,2734.52035,2802.50305,2830.49975,2316.6558,3342.8246,3188.89675,3143.0303,3008.7721,3471.84875,2585.59455,2404.4323,2844.33505,2829.87355,2591.59725,2898.61767,3146.37225,2695.2415,2524.8961,3233.99665,3068.1528,2848.39515,2863.0901,2739.9823,2646.66265,2506.16435,2701.86762,2434.0173,3144.3071,2802.562663,2169.82019,2872.84999,2387.298535,3574.972,2268.94705,2695.0168,2849.86612,3317.60651,3248.5401,3184.7252,3217.7801,3523.1381,3699.64045,1906.88685,2534.65285,2480.7511,3055.40738,3292.67255,2300.8881,2252.5332,3360.99025,2586.6149,2502.81115,2568.6813,2896.6508,3523.0759,2462.71645,2514.2178,2180.70235,2387.48595,2851.48105,2626.8944,2639.1782,2490.95315,3234.83955,2837.96205,2901.755445,2550.8412,2969.61545,3466.72375,2966.16125,2548.95685,2917.4548,2807.02515,3156.3034,2639.222365,2989.0854,2853.13295,2242.91835,2527.27455,2444.3003,2363.3309,2691.44935,2726.88155,2895.47495,2635.88229,2964.5938,2477.17375,2621.6639,2547.4465,2550.32955,3821.97595,3439.41095,3094.63756,3621.00865,2599.2482,2524.68494,2451.4992,3422.31135,3238.67096,2176.9917,3198.66055,3042.011565,3078.95515,2425.15246,3068.70159,3134.72595,3033.3801,3331.87525,3196.2265,2618.3711,2947.05045,2519.3053,2115.84605,3117.7817,2242.4698,2525.1093,2531.18595,2498.0457,2734.54535,2434.2486,2257.688695,3039.4535,3535.412826,3909.34451,3149.844515,2748.0485,2525.29625,2861.82815,2876.0644,2700.1849,2939.0001,3394.1909,2692.52675,2104.6903,2572.51408,3009.87035,2512.4383,2637.83405,3217.78625,3137.5449,2550.17995,2486.9921,2804.74425,2499.39275,2461.16768,2964.36855,3074.20458,2894.0121,3259.6294,3037.20301,3137.08089,3188.4494,2868.2817,3278.7575,2866.0451,2676.5233,2539.3474,2704.76725,2743.47695,3816.5583,3065.25415,2263.6416,2529.70115,2624.72301,2133.99615,2497.01705,2302.5362,2422.9941,4107.3027,1676.475,2429.8646,2465.54725,3504.52049,2928.46743,2336.52455,2672.58095,2788.31425,2825.2177,2506.82465,2601.515,3188.99975,3351.38645,2651.1989,2997.0207,3610.3684,2528.64275,3364.4749,3128.2797,3413.0893,2837.533055,2802.11025,2273.1305,1922.3696,2876.1362,3197.14735,2763.88845,2454.08685,2787.8099,3050.253,3033.85775,2737.46585,2279.49385,2584.7488,2750.6996,2826.19998,3260.6315,3117.11515,2831.03425,2816.10115,2683.29705,2691.8922,2385.72055,3145.6742,3076.9103,3419.9697,2681.02855,2618.2449,3187.77215,2777.50145,2361.46312,2604.13039,2928.37648,3766.36385,2547.66425,2698.3107,3232.49875,2550.31135,2917.148485,2726.20795,2458.80015,3025.781035,2474.2879,3518.06325,3556.9085,2629.95132,2254.23895,2327.8181,2468.06905,2646.20435,2963.4557,2980.8853,3557.2295,3649.16695,3245.6235,3063.6245,3042.312,3113.56955,3157.71215,3243.11665,3327.63055,3273.20435,2528.47615,2923.4244,3418.8043,3019.16445,2376.0958,2376.384,2843.73285,2681.72,2503.4021,2335.06098,2276.88365,2453.53805,2559.68255,3025.82965,2637.2277,3356.78645,2823.86615,2562.2427,2585.41705,2680.302869,3309.1913,2380.71975,2144.23261,3105.0332,2626.24715,3115.2063,2459.9513,3349.4984,2664.87475,2774.47885,2726.47275,2798.63418,2549.14828,2939.24025,2395.7493,3055.37081,2681.86295,2289.8091,3713.8819,2900.72884,2380.606645,2395.23141,2629.38645,2482.72149,1902.48115,1866.5934,2685.816,2592.5283,3044.61305,3030.52497,1986.285163,2208.9594,2462.4837,2456.9503,2702.61165,2410.11585,2443.1201,2897.56505,2077.7466,2437.7726,2273.90715,2526.0373,2485.9337,2310.01722,2073.14479,2510.1678,2308.169,2802.49375,3507.45605,3223.3968,3285.4223,2765.78505,2658.28935,2652.5709,3150.9008,3223.6771,3503.947,3072.689405,3664.8429,2959.1357,2257.3266,3986.8488,3354.1626,2653.04535,2574.0392,2627.42175,2326.199,2777.8061,2338.2064,2679.85785,2740.61955,3452.43015,1999.56712,2615.9241,3100.25588,2301.28565,2980.8664,2768.8087,3291.1945,3005.07395,2755.6863,2983.2599,3139.1476,2907.72955,2207.95825,2403.6478,3371.98025,2475.81427,2823.01465,3039.028255,3473.106025,2725.41025,4251.7233,2824.65335,2611.5538,2390.16055,2982.15615,3431.7038,2852.96335,2568.83461,2231.02415,3199.8509,2587.79235,2868.9732,3438.8248,2994.8713,2860.63865,2713.6735,2911.6137,2323.93409,2151.52545,3173.98405,3382.66235,3650.85015,3005.8636,3489.5051,2403.75662,3100.36785,2438.98155,3701.9774,3095.07785,3106.0998,2899.04905,2561.21115,2512.97585,2775.59425,2430.1846,3709.06165,3333.06315,2865.50765,2890.5298,3535.09158,2747.9011,3278.94885,3605.4965,2340.78775,2536.4949,3775.1464,3226.7076,2671.42044,3061.99537,2430.86755,3339.82335,3099.5096,4362.38555,2962.25385,3677.77675,3428.62015,2742.4304,2337.86485,2654.34545,2943.6279,2868.8624,2257.2078,2753.0882,3655.3826,3457.54386,3239.53135,2807.81215,2654.7333,2584.47965,3008.607275,2879.15615,2804.06825,2738.02865,2649.5909,2632.05185,2495.64609,2557.916065,2991.9081,2237.63235,2386.67195,2453.3916,3059.31115,2431.7585,3098.2212,2579.13165,2490.1724,3238.25095,2547.636,3650.17075,2999.43115,3365.9777,2885.2034,2251.92045,2907.7741,3055.33095,2959.63115,2750.4593,2734.5661,2813.284,2546.6016,2866.22415,2777.84713,2729.0935,2396.85805,3026.51385,2482.83875,3244.0932,3065.573115,3165.53325,3181.8118,4458.8,3395.35565,2802.98825,2102.7414,2602.7382,2269.11145,3263.98775,2793.00965,2865.62665,2640.59695,2975.56475,1945.84955,2766.3275,2480.57145,3138.0341,2762.64505,2707.75903,2153.3227,2810.6866,2504.05725,2817.18615,2843.7967,2812.92925,2743.6265,2855.5276,3113.67835,2336.00725,3144.4572,3491.06355,3755.28105,2839.65015,2940.0827,3160.4279,2296.29315,2958.3339,3148.9388,2819.54351,3549.92645,2397.36357,2884.51575,2621.88586,2534.2864,2186.22812,2114.348965,3001.627,2991.4684,4345.3268,3333.6316,3413.2822,3665.80693,2676.39275,3000.86154,2645.0817,2455.9497,3109.812475,2756.29227,3465.77319,3159.61415,2993.7937,2309.11315,3198.18935,2621.0088,3157.15449,3490.0254,4147.88255,2796.38095,2560.4965,3082.6991,3325.23945,2713.913,2679.697,2783.6809,3252.83345,3238.0241,3108.8055,2915.0105,2807.28814,2904.8347,2253.938,2182.16485,2501.006095,2858.5668,2727.013,2550.41825,3027.71595,2587.203995,3705.452375,2806.72316,2839.05965,2935.67922,2661.2392,2468.35315,2895.08715,3985.75315,3711.3062,3344.51295,3128.66085,2772.7759,2936.20735,3182.9766,2367.81605,2134.61125,2918.7155,3002.83005,2653.22965,3497.02814,3157.82701,2702.33705,2331.8888,2943.0329,2826.07765,2675.5138,3138.00535,2061.0917,2570.67285,2524.0748,3043.2422,3148.6816,2605.22901,2368.29679,2178.37645,2769.8322,3289.4541,3236.69515,2205.5305,2687.17665,2950.00595,3210.6221,2212.9722,3057.89975,2465.67075,2994.0214,2572.0476,2704.8486,2981.0152,2981.90995,2576.9658,2098.77225,3215.4131,3108.10645,3375.76825,2633.85635,2903.89365,2505.14485,3001.8243,2502.4796,2264.50165,2372.02605,2549.1339,3093.77575,2821.69208,2718.2038,3409.9315,3017.46295,2908.70335,2737.17895,3059.23055,2318.4877,2465.38325,2324.42577,2258.66375,3106.6173,2939.0148,3059.4904,3566.80435,3162.864,3374.34485,2898.293305,2951.42205,3026.47225,2832.7107,3220.9948,2781.5184,2986.71915,2887.9382,2505.7637,3355.44175,2630.22345,2171.36705,2837.08425,3070.97064,2536.0958,2969.2691,2444.3165,2930.71415,2659.75385,3636.8567,2863.55645,2061.10757,2954.296,4124.83535,3516.5879,3946.06375,2510.3492,3003.5748,2794.289,2834.16785,2570.6335,2718.40245,3236.50615,2587.19875,2629.14465,2283.42735,2830.5531,2164.47815,2405.67335,2849.36175,2447.57755,2279.938974,1764.7799,2797.21466,2596.435815,2147.85008,2950.763685,3030.56355,2748.41415,1992.99258,2770.5694,2989.8614,2903.67485,3225.01325,2918.8562,3793.318385,3140.59965,3274.12185,2950.96201,2784.0107,1857.3563,2958.30945,2850.6653,2570.07009,2846.59672,2636.98431,2763.553265,2613.62545,2588.3388,2890.6283,2416.2813,2899.80175,2517.93585,2808.706225,3058.12535,2933.71675,3002.1708,2669.69845,2347.9128,2591.191895,2009.10005,3050.2087,2626.97705,2532.4273,3059.96719,3781.41815,2573.60455,2344.6521,3974.11445,3041.3264,3329.2003,2977.15337,3473.0506,3050.3266,2431.5786,3205.9967,3362.9348,3388.01955,3398.0669,3211.89615,2575.0692,2601.55485,2988.32245,2058.80305,3003.3207,2919.41325,2656.17105,2326.6809,3023.40105,3552.85775,2493.76807,2895.45375,3056.43605,2086.2924,3210.7042,3189.6637,3729.911,3074.3275,2480.6059,2279.59845,2868.22361,1559.0623,2999.0343,3070.7357,2859.97365,2451.4991,2505.7239,3613.26235,3020.4234,2227.43748,3935.0687,3451.8843,2098.76805,2388.64821,2293.63435,2320.43095,1963.74615,2660.2179,2933.45775,2886.9403,3092.6643,3233.09214,2778.57525,2933.8915,2661.88805,3069.52185,2480.79925,3215.70335,3081.95885,2718.95655,2915.6773,2615.27525,2513.83172,2623.2317,2442.22885,2903.21015,2960.3347,3532.1042,2680.50345,2113.4936,2680.26136,3185.10155,2662.57005,3881.3107,3235.552,3136.527785,2952.6732,3013.5718,3202.493175,3139.43095,3391.30165,3278.73815,2710.88935,2241.2133,2455.3343,2367.733,2018.612,2532.51985,2122.787,2645.9455,3768.67675,3405.8898,2215.602385,3089.0139,2808.32615,2546.3607,2500.11055,2907.34145,3516.54705,2570.045345,2715.312595,3497.56488,3474.42855,2704.13715,2675.71045,2238.8735,2710.48345,3140.01905,2784.33695,2441.0216,3287.7364,2667.6111,2970.78735,1954.89045,2478.89595,2284.39245,2365.5469,3007.96365,2399.722,2920.33705,2605.76045,2846.272,2521.3074,2999.35876,3177.40855,2763.54255,2589.336125,2741.40065,2472.40805,2435.7626,2992.8525,2564.0904,2378.86275,2556.5203,3260.913325,3167.84083,2847.23725,3122.5896,2652.02511,2716.47034,2832.48715,2810.4285,3000.20315,3032.192,2642.75049,2748.4043,2869.02605,2907.4101,2820.5721,2553.46385,2112.93445,2724.7529,2595.54915,2551.55045,2504.8505,2571.7891,3260.2455,3061.1749,4135.99715,2919.95685,2967.77705,3572.032,2160.34755,2325.3501,2387.75813,2796.72099,2506.07762,2910.7857,2081.31295,2607.15914,2928.22935,3069.03505,3804.3322,3213.63015,2480.5332,3550.50545,3213.35825,3384.0068,3379.73875,2487.844635,2485.29425,2531.88604,2681.22995,2929.8774,2983.3689,3350.56005,3140.7514,3224.74165,3000.3321,2783.29499,3207.06505,2469.94085,2472.81735,2951.3386,2856.0145,3197.98215,2840.7923,2454.4932,3564.4581,2993.5398,2306.92555,2265.0856,3897.90555,3564.346,3417.40685,3406.70085,2802.5291,3311.11015,2587.55995,3049.8271,3277.82915,2486.42645,2458.12671,3331.27335,2285.69675,2698.62195,3181.38745,3541.6715,3134.11825,2396.05733,2669.4652,2429.19255,2490.418555,2486.45825,3194.18525,3573.29675,2895.7374,2688.88222,2858.27015,2393.480175,2638.463,3050.27115,2686.1418,2846.84805,2532.0859,3497.796,3017.7231,3151.698,3567.58805,2884.2201,2758.2822,2776.1988,2563.1237,3085.7684,2725.9585,2303.14955,2506.5764,2264.69965,2512.93685,2573.5498,3434.79025,2827.8701,2157.73765,3448.97585,2758.10425,1892.60355,3124.48235,3458.5123,3315.2124,3409.1521,2382.98535,2325.48935,3202.3402,3609.5438,3361.87125,2418.70135,2049.19775,2841.41375,2609.6323,2027.9855,2255.4282,3002.4847,2744.4928,3472.16065,2949.39092,2407.48285,2492.71215,2990.02335,3100.5455,2909.5329,3075.5084,3104.92435,3783.9635,2531.4734,3019.4541,2372.0494,3543.6362,3030.661,1754.203615,1911.2742,2620.99425,2699.5985,3199.3665,2929.69341,2563.88455,2987.6774,3781.61135,2723.48255,2856.15375,3137.78415,3063.8345,2788.22645,2319.34605,2838.127155,2094.2623,2697.29205,2830.7074,2188.47545,3037.2751,4452.13045,2241.4491,2808.67295,2585.91035,2952.3978,3499.35725,3124.46533,3244.9882,3996.47195,3901.19405,3004.36835,3629.75035,2719.48065,3391.3874,3220.4036,2595.4851,2380.08645,2819.4431,2539.8308,2579.7171,2710.4756,2224.3939,2744.8558,2523.3178,3465.33095,2626.9891,2471.0336,2580.3325,3364.04975,2526.4,2939.4498,2877.83335,3332.98318,2334.081865,3004.004,2288.9954,2705.34725,2582.9362,3327.44585,2929.4346,3597.02725,3394.66095,2228.36545,2864.6352,2842.62245,2740.88565,3142.6923,3124.7896,3171.824806,2153.90335,2825.875065,3026.5808,2968.5175,2337.5782,2658.44635,3219.2162,3376.2023,2631.23155,2719.64175,2496.09375,3100.8991,3228.595,3563.83905,2666.0501,3100.24925,2686.4627,2542.7032,2700.6418,2664.2948,2342.2101,2832.3478,3173.0321,3267.00305,2988.6302,2830.3446,3494.91075,3842.18085,4051.71725,2866.9958,3476.8415,2850.98852,2733.78003,2535.94885,1885.20385,2543.2376,2617.77725,3014.55915,2668.4176,2772.80289,2748.9413,2569.60385,2825.93285,3486.4803,2569.9206,2515.1281,3449.87058,2408.88885,3132.085,3198.7213,3819.0295,3411.9701,3457.4241,2941.8393,3053.1075,3142.82435,2810.9222,2678.60585,2099.33785,1955.99355,2993.84543,2791.5335,2521.06075,3176.02535,2924.67355,3156.02795,2827.906415,3926.712,3826.09155,2831.02475,2815.71065,3997.05675,3092.44951,2443.81215,2447.2907,2271.23835,2173.575,3246.80745,2610.76805,3005.6215,2678.51175,2648.48965,2601.3823,2675.9861,2250.2597,2484.8346,2899.37235,3169.64985,3318.17985,2472.11195,2967.512,2517.68705,2488.9052,2525.9325,2073.2932,2666.6616,2658.93625,2793.50055,2698.41855,3161.2007,2704.79158,2823.03975,2581.64675,2843.1872,2774.51774,2586.1328,2491.98803,2307.1676,2860.91535,2440.80045,3604.93635,3503.0983,3447.90425,2920.6695,2776.4074,2867.87185,2953.5755,2986.14355,3238.73695,2997.87375,2729.0658,2428.532,3115.6261,3008.8613,2894.60265,3016.0061,2698.51075,2802.80215,2751.7178,2600.50045,2161.4857,2745.9496,2783.53351,2486.5233,2995.93035,3305.0943,2972.8984,1909.83452,2490.77965,2660.81105,2595.51715,2897.64139,4572.1881,3843.61115,4076.11305,2740.2052,2508.12925,2993.9485,2375.80585,2915.83185,3250.28333,2700.73195,3020.38324,3264.601058,2754.13455,2755.2573,2366.5293,2866.17698,2681.2574,3160.3501,2659.63295,2765.13245,2600.992955,2394.92115,2865.78715,2877.66355,3035.4017,3200.278,2784.0464,2523.2667,3694.2532,3998.84043,2814.6329,2388.01256,2570.67651,2865.8461,2935.74771,2882.29394,3139.89808,2342.2621,2472.94255,3359.7841,2843.7946,2362.74685,3829.3037,3362.31305,2644.44635,2717.0558,2469.5848,2877.1542,3052.82195,3099.9845,3250.9402,2777.38868,2928.29302,2721.13255,2839.47525,3243.21045,2812.66955,3264.50295,2546.0431,3248.94595,2349.4332,2913.783595,2510.24475,2010.01615,2068.61065,2741.28515,2458.33545,2933.24015,2022.08205,2661.1594,2738.4821,2904.11545,3080.68245,2766.5907,3002.09265,2199.43645,2040.39063,2516.4128,3348.1018,1922.71908,2680.8908,2690.6516,2146.0823,3213.70545,3815.9803,2323.3658,2420.9551,2654.0548,3105.96427,3034.11165,2110.7317,3129.382,2982.4742,2727.7251,2226.0631,2818.70985,3275.6197,3559.6235,2823.29325,2692.5299,2609.35875,3583.4159,3236.1377,2521.4662,2789.18995,2241.3443,2437.0363,2494.39785,2543.01245,2960.0342,2415.8308,2208.282315,2822.70635,2576.71395,2962.4049,3470.343955,3043.56677,2528.3202,3427.76535,3646.6807,2089.22355,2943.1948,3108.5335,2225.2025,3116.7399,3025.1584,2873.7672,3744.2471,2467.964515,3305.1296,3470.0649,3023.6366,2343.70715,2689.79683,3231.8987,3226.3657,2553.521125,2014.33965,2705.8852,2801.168,2694.26245,3003.88231,2764.4828,3008.8538,2813.4318,3435.4147,3617.0256,3027.31065,3401.0497,3620.91195,3270.61155,3512.44107,2864.73128,2611.8214,2630.5712,2670.1457,2944.4006,2766.37355,2668.00985,3159.82855,2825.5214,3200.1393,2711.2213,2659.5991,2725.6076,2912.87295,3525.86895,3187.3779,2233.69355,3145.5083,2391.74975,2565.5899,2756.12815,2348.45305,2502.0564,3196.94365,3199.442965,2379.73725,2577.2663,2468.70635,2130.0397,2667.01208,2668.892,2444.06485,3173.8359,2553.31695,2625.66465,2448.2208,2741.77755,2753.28295,2886.18945,2724.86995,2450.0261,2242.9185,2450.7772,2634.4489,3417.01398,2925.14285,3014.88438,2960.23005,3120.3446,3678.22095,2822.571,3358.9491,4216.5207,2542.01595,2592.33975,2987.0939,3059.76155,2578.6585,2589.37615,2390.928235,2190.8172,3042.11535,2590.6225,3027.92125,2740.1599,3361.02135,2713.985885,2256.67745,2814.8372,2060.42615,3144.1637,3069.5044,2783.19545,2621.8258,2538.3643,3257.0023,2841.52655,4124.58875,2495.31965,2748.03855,2604.689,1987.01105,2794.6614,3167.9734,2991.0372,3467.4598,2795.1588,2377.64875,3033.7627,2877.23355,2206.5107,2633.0646,2750.90096,3534.96645,3098.5236,2005.7683,2822.187,2414.63615,3424.79755,2496.539,2874.4814,3660.2903,2913.15015,3803.2951,2463.5649,2756.2063,1954.8325,3751.06475,2264.04465,2263.8464,2891.90605,2950.3844,2969.4126,3039.9915,1833.86315,2631.5236,2441.311425,2560.00465,2770.749465,2845.84058,3279.4313,3304.7532,3258.80185,3790.8605,2491.84475,2831.89645,3049.7674,3356.31004,3007.4372,2902.16325,2183.33145,2676.1858,3748.04903,3736.8211,2496.26235,3325.7725,3253.3922,2455.772935,3129.8666,2541.1509,3109.51,2328.5281,2827.88485,2661.64085,3042.5853,3666.5229,4036.7184,3573.3004,3201.87695,3081.4607,3263.84585,2508.5858,2838.5755,2679.04705,4034.26885,2789.02585,2690.3879,2748.65455,3564.83595,2878.15765,3311.90065,2697.07525,2681.94355,2886.75325,2575.632,3403.9129,3626.66885,3519.9535,2975.5647,3012.9481,3568.08599,2514.65025,2976.0188,2613.26205,2010.84895,2514.77234,2597.7409,3515.06545,2914.804955,2922.273475,2662.2573,2387.1725,2196.5438,2710.8146,2711.90015,3108.7585,2459.19055,2638.5308,2471.6589,2981.0744,2587.97145,2463.8124,2319.6107,2199.6867,3086.8565,3309.40075,3640.2879,3127.5726,2908.2832275,3157.03,2419.5369,2837.08825,2410.233,2552.46815,2812.78545,2803.88815,3115.1775,3162.7588,2205.6243,1699.3706275,2370.64245,3204.65725,2610.75425,2757.68345,2593.2748,2705.3557,2372.83595,2661.078,2387.89085,2713.88069,2518.78275,2519.8354,2993.1096,2711.2941,2636.7479,2622.312585,2928.5733,2831.74715,3305.9325,2797.54055,2110.6609,2290.20595,2835.54365,2478.4988,2636.036145,3638.0344,3250.45495,2561.131904,2364.74645,2945.75385,3031.69855,2544.6246,3083.46205,3219.82765,3065.19215,3207.8801,3786.6211,3361.35732,2903.39145,2255.35045,2792.09749,3229.5518,2683.82295,2962.7292,2997.7083,3179.1911,2895.58555,2765.7948,3027.0707,2633.21965,2565.01695,2352.08605,2829.1877,3083.63585,3009.3288,3305.8791,2920.6329,2930.6943,2608.70615,3037.4754,2917.4833,3415.8374,3091.47065,2479.16345,2943.16045,2409.34705,2703.32165,3333.6235,3444.2756,3683.84015,3138.25231,2947.54095,2260.613,2694.1811,2471.4832,2540.526,2351.52925,2594.29745,2766.679,2817.5198,2638.81195,2687.6629,3714.766,3679.07415,3492.12315,2796.8254,2462.6997,2570.72645,2628.2947,3806.4856,3263.6667,2520.52125,2792.9646,2927.4468,2369.94725,3061.95005,3050.7452,2617.84205,3361.75,2867.03795,3208.86575,2993.331,3194.68855,2300.74555,2388.7764,2170.2502,2357.34455,2906.8985,2526.22705,2242.2678,2494.66455,3606.85905,3065.42345,2673.86445,2465.66785,2921.39345,2796.44095,2754.29802,2790.415,2344.3932,2584.3505,2897.98245,3143.5413,3037.47905,3522.42335,3918.12424,2903.59435,2059.77875,2599.54409,2572.8928,2125.32105,2833.58325,2972.591515,2842.89515,2398.55024,3270.9152,3237.5193,2842.52925,2795.80475,2852.7007,3717.09936,3507.5874,3191.6447,2837.85935,3640.8941,3514.4919,2281.268742,2674.98359,3070.6863,3351.2536,2532.17655,2388.9013,2580.68775,2864.232,2460.23495,3274.23705,2902.2199,2296.1867,2967.9873,2676.343,3196.56965,2297.6688,2836.4667,3016.4474,2657.0847,2420.89975,2578.23595,3158.0823,2790.5368,2905.913,1958.43125,2468.16495,2534.2561,2799.21335,3147.6388,2434.2143,2334.95234,2905.3663,2959.53505,2529.88559,1846.66575,2488.0469,2815.4427,2583.09937,2513.52575,2792.55715,2718.19199,2617.2512,2418.065195,2951.14665,2832.46965,3046.28694,2576.262675,3073.93305,3518.448,2582.88215,2575.58348,2786.1206,3268.1047,3023.20675,3009.88575,2459.532,3181.05195,2614.29965,2641.2406,2454.5293,2365.40865,2254.70415,2471.1311,2372.54475,2292.22985,3248.54065,2610.6299,2338.1531,2355.2075,2017.8826,2582.218895,2709.7541,2585.84775,2666.13791,2740.58905,2828.88449,2452.70891,2314.6857,2574.17785,2309.5069,2461.4092,2696.8139,2852.22405,2740.1708,3550.22425,3242.0949,2471.51655,2932.52575,2230.38095,2500.4838,2624.5424,2407.68992,2494.81425,2967.40815,3548.2228,3324.33995,2603.07315,2664.35733,4050.76395,3184.1625,2987.60065,2827.9802,3162.43735,2830.8017,2517.39075,3267.25195,2830.3464,3254.43955,3877.31975,3091.37555,2825.71355,2883.6905,2802.42818,2674.5324,3385.14195,2852.8839,3722.03995,3585.823185,3304.0581,3611.52725,3129.41365,2311.3666,3021.54015,3407.5437,2997.6977,2598.76015,3014.1509,2856.2588,2401.25995,2311.95655,2773.18341,3528.1412,2170.11643,2418.6311,2835.79485,2686.7537,2372.29445,2413.12915,2866.7826,3455.6075,2969.0193,3378.79265,3443.469335,2933.53611,2775.98105,2725.3617,3020.636105,3060.21976,2066.313415,2532.4215,2047.50185,2322.01175,2260.9847,2881.26455,2292.3713,3016.434,2633.8692,2752.5502,2780.2007,2997.37065,2630.60725,2633.4464,2588.12853,2271.78604,2713.7674,2564.90537,2771.09347,2492.919905,2572.649505,2702.21227,2739.533885,2916.341945,4408.59025,2182.28114,3354.8234,2719.56005,2818.40995,3023.71045,2485.60475,2850.52145,2466.9497,2753.66905,2847.53145,2216.19235,3177.77072,2383.8068,2692.5851,2641.8675,2328.71875,2919.9665,3003.02085,2771.1876,2722.78905,2795.0746,2769.4325,3615.48865,2589.91705,3037.55996,2401.37605,2549.1856,2613.02145,3747.25645,2281.45439,2581.78625,2206.989225,2699.0984,1844.0313,2873.2639,2787.23175,2684.552871,3067.3461,3118.567165,2717.24805,2495.6006,2496.52216,3142.002,3195.98165,3457.419935,3865.7751,3551.42085,2965.89335,3055.76975,3037.82045,2892.20095,2654.50995,2319.92855,2660.97882,2831.0148,2549.21865,2586.81465,2762.21965,3088.29855,2447.40675,2923.01839,2099.2303,4067.20855,3321.94715,2375.22245,2680.060115,2809.7933,2968.04475,4137.9294,2469.0708,3119.01345,2382.9509,2512.1083,2282.88464,3132.2969,2722.0284,2018.48565,1762.8008,2438.5349,2365.40027,2573.6852,2571.52785,2025.7902,2216.4687,2641.0222,2900.1891,2549.10085,2795.30905,2975.32925,3230.0104,2941.11725,2746.1154,2501.69285,2678.0195,2423.8066,2489.4041,2472.06982,3677.9434,2507.77885,2909.32285,2518.1453,3581.37985,3321.316,3136.6281,2769.5575,3639.0139,2869.78225,2493.13535,2198.92665,3109.6895,2542.06145,2573.43654,3240.24785,2242.644,2644.41405,2583.393433,2727.0957,2237.48401,2164.55315,2677.92385,2498.2354,2413.63545,2101.150715,3230.7141,3383.56845,3338.94725,2438.36035,3009.1694,4249.9226,3518.361855,2541.58845,2642.9559,2648.93705,2836.52415,2408.71025,3719.76187,3180.469,2755.094665,2894.457765,2840.41485,2386.81735,2612.1971,3049.61425,2547.57795,2917.7,2416.88755,4062.31167,2648.77855,2843.36634,3345.70046,2412.17765,2723.52025,2641.72975,3083.2919,2517.32655,2942.10395,3079.66165,2659.6447,2449.0231,3275.00755,2252.93705,2971.10263,2785.2065,2782.42325,2418.2402,3070.9344,2968.16385,2187.4655,2662.63775,2318.99897,2998.273115,3223.34825,3644.13585,3159.06755,2383.5827,3132.84615,2561.4104,3144.63015,2673.45585,3732.46935,3395.0351,3480.5207,2330.56125,2977.05128,2558.6972,3671.8797,3445.64435,3396.77545,2660.48295,2305.1045,2764.95835,2733.7646,2343.6061,2591.86505,3045.89865,2977.1514,3418.8636,2680.2079,3396.91045,3226.14205,2737.01445,2309.6494,3963.69275,2018.7843,2317.40961,2731.26925,2753.0089,3740.04645,2483.32845,3372.14362,2525.6377,3513.97171,3076.66586,3386.73485,3040.7757,2535.2052,2092.954,2244.75025,2240.33728,2931.0481,2181.267,2136.8802,2343.4108,2701.98445,3636.55416,2606.78705,2986.3462,3484.0794,2894.3818,2502.05633,3094.38025,2534.98655,3402.4664,3110.2648,4090.0973,2775.82475,2411.97855,2564.0531,2499.50105,3137.15315,3221.5515,3660.6317,3333.6108,3748.73995,3055.6809,3494.8648,3381.46015,2928.2734,3038.1942,2620.21875,2699.35665,2499.53665,2419.83565,2432.33455,2744.7541,3147.1336,3024.51085,2760.1047,2796.66375,3031.52686,2570.58395,2754.0353,2992.65535,2572.08725,2419.575875,2440.2983,3165.2345,3463.99035,2356.2369,2385.93395,2059.58765,2940.88595,3155.07575,3170.683,2846.8123,2770.8982,2955.3307,2926.9996,3022.40745,2769.1672,2725.0384,2543.45715,2697.78485,3177.50395,3643.04555,1959.64815,2334.56916,2897.3322,3166.3575,2947.97815,2669.04145,2875.7603,2415.96305,2624.41255,2297.8083,3025.00685,3103.80555,3350.3942,3354.1202,2743.3076,2540.22292,2726.9395,2463.87385,3183.27225,2880.95695,3187.6587,2989.4706,3542.079,3485.08615,3647.79715,3266.39915,2416.7962,2412.56688,2700.2931,2906.7259,3042.29655,3423.3191,2848.96435,3473.52795,2914.49653,2218.9781,2314.21995,1786.5162,2223.70175,2304.452,2375.29715,2633.4962,2335.707985,2834.0486,2666.94145,2147.16975,2744.54145,3259.57135,2881.18415,2875.213465,2037.0281,2608.6115,2711.8926,3181.59805,3118.0879,2717.3351,3097.1325,2563.397,3022.29465,2502.65495,1845.50505,3017.00735,3304.85245,2734.8076,2491.16125,2343.4807,2842.8326,2561.24905,3758.82645,3049.8892,2852.1364,3022.4125,2958.7387,2487.62075,2853.59645,2971.7007,3312.3693,2595.0814,2805.7225,3235.54725,2734.86565,3065.4113,3599.988,3280.68625,2271.7442,2573.88325,2587.7068,2816.0837,2423.64125,2644.36565,3347.9507,2937.30492,2783.77285,3134.55362,3356.89305,3491.9701,2994.7864,2881.28645,2982.935245,2569.05845,2519.45085,2114.566695,2777.9307,2793.49365,2683.2827,2244.8019,3676.6285,3018.53125,3279.1543,3000.92204,3462.15075,2516.67285,2763.69125,2461.00765,3042.19085,2415.52025,2575.93755,3048.21025,2471.564485,2927.71205,2374.08855,3020.00361,3196.0276,3337.8813,2681.04205,3107.66619,3717.55027,3637.82495,3134.88735,3171.23775,2896.2512,3080.04846,2941.3167,2757.5502,3013.20865,2767.3991,2698.60855,2989.8621,3423.802525,2915.40735,2479.09986,2915.83605,2917.8097,3533.10565,2449.2603,3000.4044,2979.4277,3367.23608,2760.64508,2468.274775,2507.14785,2853.31028,3083.30495,3305.98816,2476.0498,2832.8036,3530.08035,3280.46885,2845.95585,2509.07935,3231.0692,2568.53239,2377.93275,2262.6295,3034.44975,3012.40165,3229.15293,3691.08155,3074.79843,2789.04895,2682.51285,3123.13285,2951.7486,3475.52195,2448.3337,2354.66625,2745.11825,2475.30135,2764.33785,3040.8651,2781.98724,2783.4053,2651.93155,3912.29654,3708.00925,2816.9335,2418.27081,3837.4389,3011.9046,2961.90755,2112.87446,3373.7173,2690.3913,2314.56405,2514.51885,3599.49225,3294.3393,2959.42415,2346.22705,2592.16065,2331.347885,2416.04095,2741.9366,3440.70481,2838.8709,1981.52035,3141.6928,2772.52565,5261.3916,3413.9124,3230.53325,2704.1711,2955.73115,3494.5197,2695.1415,2380.91441,2300.83265,2649.81351,2657.5316,2645.126,2660.3589,2881.82905,3935.4742,2840.71847,3314.1596,3216.26495,2515.78085,3140.6479,3683.9667,3733.47725,3577.25685,1939.97341,3240.43015,3072.50935,2551.23785,2320.64945,2809.65145,3074.88105,3849.3345,3500.5218,2480.39755,2366.2989,2303.4807,2719.95185,2725.6427,2774.72792,2009.64717,2590.4274,2766.77815,2829.7903,2401.9614,2375.2305,2581.3295,3335.15665,3915.02655,3001.1163,2711.14435,2442.9636,2285.42958,2539.7029,2697.9307,3777.16165,3759.15825,3256.45725,2650.5251,2611.1413,2815.26245,3216.69775,2371.7419,3119.57135,2089.38254,2725.51935,2722.92545,2731.54345,3071.49345,3872.7108,3253.2275,4476.581375,2897.88449,3649.627,2209.56985,2444.97885,2569.9883,2406.65255,3039.71325,2419.7493,3079.55565,2711.2304,2158.0092,2271.8162,2546.72527,2756.81315,2560.34745,3005.7091,2447.998,3842.30955,2634.71425,2493.23415,3131.543625,2535.53955,2543.7187,2731.26485,1888.0663,2671.81085,2506.6001,3200.28385,2637.9848,2864.6969,3214.4684,2965.8538,2531.556,2596.4894,3891.70945,3624.9071,2857.22904,2813.40925,2680.15535,2826.6331,3068.8366,2391.37625,3055.5869,3001.3861,2476.31845,2401.82485,2735.749,3031.3775,3472.68995,3119.30145,2775.59095,2925.3178,2974.59735,2222.29715,3135.52115,3174.7163,2809.6558,2784.996055,2833.97015,2564.25135,2962.51155,3813.01295,3137.57605,3674.535,3544.15215,4482.2745,4126.04125,2994.4604,3373.6308,3268.43745,3018.26965,2454.15505,3882.6659,3376.34165,2722.6891,3350.14616,3422.2228,2982.3062,3124.262825,2213.9053,2651.2061,2045.02535,1949.85951,2710.78195,2766.60955,2181.11655,3268.00295,2611.4195,2843.1585,2716.09175,4002.04235,2897.684415,2497.95235,2254.60195,3006.92335,2848.422945,2538.819115,2407.9948,3244.96815,3136.75164,3378.99092,3524.315,2675.71655,2603.52235,2365.98102,2990.34465,2727.11355,2821.5451,2527.03218,2752.56335,2895.5226,2699.30465,2624.81245,2924.82635,2313.2169,2334.77335,3196.2913,2843.14895,2442.8555,2590.83175,3379.99906,3212.6014,2749.8378,2655.09645,2328.4004,2519.74755,2961.67985,2961.0608,3470.96295,2431.23455,2205.353,2902.561,3416.7749,3381.9726,3135.9645,3407.41935,3392.1716,2787.98635,2596.24435,2766.88935,3382.79925,3066.5044,2980.7123,2602.2176,2296.50705,3210.69045,3197.83255,3540.0845,2792.1303,2851.353,2622.93993,3631.81335,2415.757325,3264.38065,2604.30175,3604.30695,3095.43235,2639.35734,2096.3157,2235.9425,2757.23675,2430.00985,2869.7789,3261.3484,2252.31645,2387.0834,3024.70625,3078.4856,2362.4716,2030.0191,2395.3355,2302.7512,2283.75535,2411.501426,3459.9436,2872.45475,2239.0181,2351.15674,2530.83855,2697.20725,2794.0613,3091.046,2478.33755,2939.93402,2953.66149,2800.7815,3300.93566,2987.5298,2750.75495,2984.8994,3212.08381,2889.84163,3143.0862,2704.831248,2889.28525,2788.30095,2307.6825,2150.1286,3257.4926,2650.1849,3526.93489,2901.6206,2208.8147,2744.40295,2772.44442,2223.45452,2155.4626,2542.233755,2836.0983,3284.381395,2886.587315,3058.50245,2897.81185,3043.7663,4104.71485,3857.9005,2034.24175,2479.8446,3298.1353,2480.15195,3219.61545,2990.92085,2675.05795,2261.24465,3105.8817,2946.71015,2414.0909,3423.2566,3673.232555,2394.30595,2969.6982,2659.41185,2573.1989,3122.2231,3354.65915,2844.55824,2849.82385,2433.0624,2751.6244,2943.48235,4280.68995,2436.682,3052.51005,2627.503715,3289.7484,2229.5209,2474.87615,3199.3302,2857.87575,2384.5762,3531.64515,2897.64135,3285.07425,2447.762115,2663.9212,2348.0188,2239.43449,3662.754735,3253.9891,3258.47995,3363.8235,2794.22005,3316.03685,1695.3359,2670.7685,2461.3192,2495.276905,2563.2976,2182.4053,3042.81825,3019.77396,2731.91785,3217.42935,3413.00575,2957.68845,3019.82645,3170.99985,3060.13595,2986.49485,2367.9362,3265.21695,2251.8968,2829.10071,2110.16205,3767.7094,2914.3247,3183.5473,3589.00255,3871.6383,2821.90005,2103.55775,3169.35985,2588.3686,2755.9946,2236.28775,2907.6059,3481.76535,3351.2935,2957.10116,2617.02565,2481.66155,3917.24585,2713.79575,2404.0996,3076.4188,2947.8993,3309.4778,2885.5609,3430.03495,3330.53625,2957.4634,2449.5706,2689.2085,3098.8855,2384.21935,2226.60305,3216.59235,3519.60715,3117.93675,2561.24005,2819.428,2018.16575,3080.080915,2303.43605,2724.93285,2073.2078,2786.16129,3002.0303,2992.66575,2584.07865,2241.61785,3333.049005,3568.66485,2874.65655,2324.20645,2497.493395,2512.26375,2815.9553,3592.94915,2957.2624035,2927.0006735,3031.70975,2811.7859,2732.24465,2942.46571,3114.20695,2688.13265,3164.28335,2696.45738,2399.2244,2999.6037,2671.2143,2350.38535,2917.9174,3906.68705,3793.50375,2651.70817,2688.8777,2671.04925,2571.7696,2526.0638,2555.3343,2943.63995,2570.29414,2803.33355,2419.62035,2811.0349,2732.86665,2086.08975,2732.8555,2379.692,2239.19135,2365.3145,3109.94805,3078.1272,2471.1671,2370.09105,2371.0758,3206.6694,2544.30485,3041.8897,2512.0599,2527.47175,3037.7731,3285.8061,2568.1871,2637.6489,2864.7937,2445.38505,2533.87685,2393.094665,3036.0764,2509.2025,3008.9659,2939.3553,2697.310365,2958.97,2441.45235,2171.7361,2685.47395,2310.9834,2583.67995,3188.84745,3002.6694,3731.33465,2757.59735,2986.64925,2536.15685,2521.97325,2330.41535,2958.58335,3734.47165,2835.905,2491.8817,2901.9997,2483.85995,3122.49335,2451.537,2694.44675,3007.694725,3142.849955,2481.00839,2926.4673,2846.1482,3149.39585,4096.4214,2761.6957,2753.73432,2239.54005,2563.4685,3047.69265,3707.89125,2304.12455,2490.3388,2656.89994,3114.24291,4079.99745,2358.90027,2683.5595,2326.45002,2375.03425,2650.94845,2217.46745,2814.0154,3657.73133,2513.71615,3015.1739,2578.3,2851.1886,3292.5965,3435.9365,2912.95602,2792.732875,2586.2776,2392.3785,2618.57246,2475.72285,2704.21205,3017.0978,2335.6271,2854.9046,2949.57115,3572.9706,2879.3575,2324.42435,2683.0249,2197.57874,2269.0309,2501.0312,2861.61115,2610.9166,2651.273,3359.21435,2752.13529,1988.44292,3268.28125,2375.9926,2352.33175,2418.751,2260.55477,2560.79799,2771.1705,2764.73325,2917.9021,3341.6039,2854.40565,2933.13335,2417.8919,2703.6855,2767.05115,2825.1259,2722.0384,3173.3755,3184.20223,3255.70515,2037.3282,3092.3638,3231.55815,3275.87305,2999.7273,2843.7604,3420.5423,3184.614155,2455.11925,2262.154805,2597.66102,2624.9417,2570.1841,3030.22835,2451.6492,4129.91745,3445.4527,2578.92575,2802.8911,2987.51255,3548.997,2769.46465,2487.78577,2840.4977,2409.923,2825.0811,2588.57225,2562.17615,3537.17124,3630.403,2630.72535,3006.20145,2305.37475,2637.5721,3094.40335,2584.2114,2637.47995,2085.76009,2783.7626,2789.35245,2994.98575,2934.9989,2994.76204,2427.2983,2804.4338,2935.3335,2849.8739,2845.51665,2979.18545,3415.4708,2794.80905,3733.08245,2691.46625,2952.5372,2166.8773,3071.7355,2994.92985,2619.8907,2737.6509,2780.4391,2451.2348,3039.01945,2936.6942,3090.4592,2609.8029,2806.20365,2950.551,2196.6357,2583.0373,2410.2802,3031.9915,2862.78125,2440.9227,2514.8957,2527.00395,2602.7743,2849.544346,2797.22945,2575.36075,2881.4819,3079.302595,2742.7307,2304.20505,2458.0809,2340.11045,2756.5175,2409.9541,2968.40055,3055.9677,2760.1267,2808.74136,2650.4836,3013.6483,2431.66318,2979.99235,3403.147,2991.09026,2209.80815,3402.1493,2537.16515,2790.2843,2574.622,2424.78605,3149.6865,2475.75815,3329.91945,2985.76915,3109.8365,3471.0332,2699.7231,3181.17955,2887.1728,2678.9786,2277.1209,3832.9435,3086.27785,2945.274,4517.4289,3642.5628,3857.4222,3015.5364,3154.1266,3220.824176,2743.7646,3001.7349,2670.4592,3560.44265,3302.0653,2722.57635,3010.61805,3045.3566,3054.6951,2815.3415,2394.29905,2208.46265,2624.7669,2680.9119,2505.0937,2746.37885,2851.60375,2957.5856,3244.77925,2076.32,2593.45805,2585.27325,3028.629705,2042.44355,2193.08195,2252.00384,2401.67565,2233.4734,3459.479885,3305.52235,2293.24495,3052.42431,3275.41725,2553.31495,3071.3027,2314.59895,2315.87245,2450.52785,2966.298836,2617.4515,2913.2015,3650.74275,2895.7634,2434.75995,2675.53949,3407.24335,2804.26085,2651.01058,2848.1975,2919.44175,2390.7956,2981.46305,3278.52455,3017.58325,3138.43965,3125.6434,3201.2392,2474.4463,2559.11885,2723.1723,3509.22395,3019.0992,2470.56715,3012.02055,2740.91925,2581.45235,2880.4639,2716.8663,2960.3914,3478.7188,3251.778,2896.0227,2436.26805,2086.01315,2838.1605,2389.43425,2864.982496,2248.770725,2479.45955,2979.1862,2290.0299,2462.7939,2611.43205,2363.91816,2773.99555,2288.50495,2425.9715,2881.3964,2895.61425,2533.3983,2832.4052,2333.60425,2510.7144,2692.11115,2229.68915,2871.8377,2751.4735,3312.1099,3162.4303,3058.03285,1912.5275,2866.1782,2066.2978,2388.33355,3220.01435,2542.6836,1989.95525,3025.44,2853.6084,4180.9492,2830.5022,2661.74835,3227.1357,2587.83927,2543.5914,2866.1907,2591.12525,1710.3254,3451.3673,3621.0575,2898.93015,3039.7273,2423.89625,2882.9216,2693.2509,2908.4028,2622.4353,2103.9737,2618.901885,2763.90526,2477.451735,2847.3383,2569.18885,2902.22985,2667.82365,2682.88855,3665.36855,3394.9807,2717.239293,2667.94965,2571.0869,3164.24765,2073.707385,2422.33405,2386.1435,2153.81495,2805.776158,2404.4222,2461.6221,1796.41975,2380.4705,2931.29765,2730.941285,2682.67126,2611.34885,2670.49765,2560.08925,2891.5252,2975.06455,2468.868,3424.57885,3264.8148,3133.9762,2639.2835,2374.1649,3003.76175,2771.5345,2303.22295,2840.12498,2498.21525,2462.8819,2328.0917,2532.6715,2431.05965,2829.9906,2040.4104,2091.99165,2697.6178,2433.07276,2954.2317,2818.1261,2642.978025,3211.3582,3128.0882,2827.7761,3044.40915,3235.8199,2437.24065,2997.57865,2674.52986,2658.99765,3092.59105,2380.514515,2944.1383,3630.4639,3278.59875,3986.40615,3757.96285,2982.57475,2912.40108,2575.30075,2461.82695,2009.846,2953.58005,3041.6884,2727.1124,3022.5833,2642.84835,2256.20252,2289.29307,3320.4657,2474.7172,2937.70205,2477.04325,3347.3086,3029.40435,3168.99776,3135.696165,2736.4066,3750.97415,3168.80595,3018.3301,2532.36025,2948.1064,2961.85113,2580.4203,2869.19245,3274.4821,2865.04635,3215.251955,2685.0615,3059.97425,2640.50785,2899.995,2331.3858,2871.338535,2346.698655,2299.3962,3546.13725,2320.54825,2097.3195,2519.363,3482.85636,2353.8973,2958.0719,2384.2455,3060.2438,2700.0469,2986.663655,2290.52072,2272.18695,2528.0167,3109.14735,3130.7456,2618.5564,3616.9982,3751.66995,3234.1368,3410.26066,2568.95965,3189.72635,2869.4736,2715.18805,2535.16995,2974.99135,3247.4631,2530.02625,2189.02585,3926.5776,2743.9267,2734.30405,2790.3793,2753.92,2228.492705,2518.0894,2395.1561,2153.77555,2702.86005,2932.02672,2645.825,3223.47525,2290.037335,2687.06335,3177.26235,2704.25805,2932.95505,2111.856,2778.50399,2689.92015,2867.5413,3044.458995,3522.99835,2929.26525,3036.80095,3228.1479,2498.297,2830.08845,2646.8062,2662.6518,2405.5101,2572.6901,2905.1003,2328.28185,2300.2831,2898.59095,2575.55105,2589.54945,2429.66415,2690.135195,3577.37635,2769.1849,2619.26145,2105.42405,3385.75099,4406.593945,3551.80668,3069.33575,2964.2186,2380.9422,2681.0345,2862.6133,2787.07871,3336.17365,3028.40715,1883.76655,2518.37495,2308.8879,2574.45762,2581.5844,3287.89245,2823.4461,2568.857905,2528.626405,2280.4738,2930.2302,1823.9802,2979.9084,2865.75475,2587.7824,3284.0356,1989.72095,2764.55861,3161.99855,2618.66055,2888.16215,3636.31975,2010.04805,2080.57768,2279.25202,2688.32335,2921.98465,2364.08075,3066.9038,2634.03745,3137.928085,2625.3957,2937.644,3056.1787,2892.6464,2765.9805,2622.4158
