"depths","X1","X2","X3","X4","X5","X6","X7","X8","X9","X10","X11","X12","X13","X14","X15","X16","X17","X18","X19","X20","X21","X22","X23","X24","X25","X26","X27","X28","X29","X30","X31","X32","X33","X34","X35","X36","X37","X38","X39","X40","X41","X42","X43","X44","X45","X46","X47","X48","X49","X50","X51","X52","X53","X54","X55","X56","X57","X58","X59","X60","X61","X62","X63","X64","X65","X66","X67","X68","X69","X70","X71","X72","X73","X74","X75","X76","X77","X78","X79","X80","X81","X82","X83","X84","X85","X86","X87","X88","X89","X90","X91","X92","X93","X94","X95","X96","X97","X98","X99","X100","X101","X102","X103","X104","X105","X106","X107","X108","X109","X110","X111","X112","X113","X114","X115","X116","X117","X118","X119","X120","X121","X122","X123","X124","X125","X126","X127","X128","X129","X130","X131","X132","X133","X134","X135","X136","X137","X138","X139","X140","X141","X142","X143","X144","X145","X146","X147","X148","X149","X150","X151","X152","X153","X154","X155","X156","X157","X158","X159","X160","X161","X162","X163","X164","X165","X166","X167","X168","X169","X170","X171","X172","X173","X174","X175","X176","X177","X178","X179","X180","X181","X182","X183","X184","X185","X186","X187","X188","X189","X190","X191","X192","X193","X194","X195","X196","X197","X198","X199","X200","X201","X202","X203","X204","X205","X206","X207","X208","X209","X210","X211","X212","X213","X214","X215","X216","X217","X218","X219","X220","X221","X222","X223","X224","X225","X226","X227","X228","X229","X230","X231","X232","X233","X234","X235","X236","X237","X238","X239","X240","X241","X242","X243","X244","X245","X246","X247","X248","X249","X250","X251","X252","X253","X254","X255","X256","X257","X258","X259","X260","X261","X262","X263","X264","X265","X266","X267","X268","X269","X270","X271","X272","X273","X274","X275","X276","X277","X278","X279","X280","X281","X282","X283","X284","X285","X286","X287","X288","X289","X290","X291","X292","X293","X294","X295","X296","X297","X298","X299","X300","X301","X302","X303","X304","X305","X306","X307","X308","X309","X310","X311","X312","X313","X314","X315","X316","X317","X318","X319","X320","X321","X322","X323","X324","X325","X326","X327","X328","X329","X330","X331","X332","X333","X334","X335","X336","X337","X338","X339","X340","X341","X342","X343","X344","X345","X346","X347","X348","X349","X350","X351","X352","X353","X354","X355","X356","X357","X358","X359","X360","X361","X362","X363","X364","X365","X366","X367","X368","X369","X370","X371","X372","X373","X374","X375","X376","X377","X378","X379","X380","X381","X382","X383","X384","X385","X386","X387","X388","X389","X390","X391","X392","X393","X394","X395","X396","X397","X398","X399","X400","X401","X402","X403","X404","X405","X406","X407","X408","X409","X410","X411","X412","X413","X414","X415","X416","X417","X418","X419","X420","X421","X422","X423","X424","X425","X426","X427","X428","X429","X430","X431","X432","X433","X434","X435","X436","X437","X438","X439","X440","X441","X442","X443","X444","X445","X446","X447","X448","X449","X450","X451","X452","X453","X454","X455","X456","X457","X458","X459","X460","X461","X462","X463","X464","X465","X466","X467","X468","X469","X470","X471","X472","X473","X474","X475","X476","X477","X478","X479","X480","X481","X482","X483","X484","X485","X486","X487","X488","X489","X490","X491","X492","X493","X494","X495","X496","X497","X498","X499","X500","X501","X502","X503","X504","X505","X506","X507","X508","X509","X510","X511","X512","X513","X514","X515","X516","X517","X518","X519","X520","X521","X522","X523","X524","X525","X526","X527","X528","X529","X530","X531","X532","X533","X534","X535","X536","X537","X538","X539","X540","X541","X542","X543","X544","X545","X546","X547","X548","X549","X550","X551","X552","X553","X554","X555","X556","X557","X558","X559","X560","X561","X562","X563","X564","X565","X566","X567","X568","X569","X570","X571","X572","X573","X574","X575","X576","X577","X578","X579","X580","X581","X582","X583","X584","X585","X586","X587","X588","X589","X590","X591","X592","X593","X594","X595","X596","X597","X598","X599","X600","X601","X602","X603","X604","X605","X606","X607","X608","X609","X610","X611","X612","X613","X614","X615","X616","X617","X618","X619","X620","X621","X622","X623","X624","X625","X626","X627","X628","X629","X630","X631","X632","X633","X634","X635","X636","X637","X638","X639","X640","X641","X642","X643","X644","X645","X646","X647","X648","X649","X650","X651","X652","X653","X654","X655","X656","X657","X658","X659","X660","X661","X662","X663","X664","X665","X666","X667","X668","X669","X670","X671","X672","X673","X674","X675","X676","X677","X678","X679","X680","X681","X682","X683","X684","X685","X686","X687","X688","X689","X690","X691","X692","X693","X694","X695","X696","X697","X698","X699","X700","X701","X702","X703","X704","X705","X706","X707","X708","X709","X710","X711","X712","X713","X714","X715","X716","X717","X718","X719","X720","X721","X722","X723","X724","X725","X726","X727","X728","X729","X730","X731","X732","X733","X734","X735","X736","X737","X738","X739","X740","X741","X742","X743","X744","X745","X746","X747","X748","X749","X750","X751","X752","X753","X754","X755","X756","X757","X758","X759","X760","X761","X762","X763","X764","X765","X766","X767","X768","X769","X770","X771","X772","X773","X774","X775","X776","X777","X778","X779","X780","X781","X782","X783","X784","X785","X786","X787","X788","X789","X790","X791","X792","X793","X794","X795","X796","X797","X798","X799","X800","X801","X802","X803","X804","X805","X806","X807","X808","X809","X810","X811","X812","X813","X814","X815","X816","X817","X818","X819","X820","X821","X822","X823","X824","X825","X826","X827","X828","X829","X830","X831","X832","X833","X834","X835","X836","X837","X838","X839","X840","X841","X842","X843","X844","X845","X846","X847","X848","X849","X850","X851","X852","X853","X854","X855","X856","X857","X858","X859","X860","X861","X862","X863","X864","X865","X866","X867","X868","X869","X870","X871","X872","X873","X874","X875","X876","X877","X878","X879","X880","X881","X882","X883","X884","X885","X886","X887","X888","X889","X890","X891","X892","X893","X894","X895","X896","X897","X898","X899","X900","X901","X902","X903","X904","X905","X906","X907","X908","X909","X910","X911","X912","X913","X914","X915","X916","X917","X918","X919","X920","X921","X922","X923","X924","X925","X926","X927","X928","X929","X930","X931","X932","X933","X934","X935","X936","X937","X938","X939","X940","X941","X942","X943","X944","X945","X946","X947","X948","X949","X950","X951","X952","X953","X954","X955","X956","X957","X958","X959","X960","X961","X962","X963","X964","X965","X966","X967","X968","X969","X970","X971","X972","X973","X974","X975","X976","X977","X978","X979","X980","X981","X982","X983","X984","X985","X986","X987","X988","X989","X990","X991","X992","X993","X994","X995","X996","X997","X998","X999","X1000"
0,-38,-25,-31,-23,-34,-10,-20,-26,-21,-41,-21,-36,-15,-9,-18,-34,-40,-51,-22,-21,-34,-16,-22,-18,-20,-33,-22,-19,-13,-27,-26,-26,-33,-43,-23,-19,-22,-39,56,-5,-9,-27,-21,-9,-28,-20,-36,-21,-21,-20,-40,-22,-44,-17,-24,-15,-33,-14,-19,-16,-10,-12,-45,-25,-28,-31,-27,-27,-15,-62,-23,-33,-20,-16,-59,-17,-28,-34,-34,-36,-40,-27,-27,-43,-21,-21,-35,-11,-70,-30,-6,-24,14,-2,-49,-51,3,-32,-21,-6,-9,-16,-19,-33,-18,-22,-10,-39,-20,-45,-14,-6,-2,-6,-25,-8,-40,-12,-29,-25,-37,-22,60,-20,-8,-19,-9,-44,-48,-12,-65,-22,-7,-22,-18,7,-14,-16,-31,-25,-16,-22,-31,-32,-27,-29,-10,-17,-12,-25,-46,-53,-12,-6,-24,-20,-17,-28,-12,-34,-17,-19,-24,10,-42,-41,-21,-34,-11,-10,-33,-15,-22,-9,-19,-17,-56,-61,-40,-20,-28,-33,-52,83,-41,-27,-55,-34,-41,-21,-24,-29,-25,-39,-28,-1,-18,-15,-42,-7,-30,-28,-13,-24,-58,-39,-12,-49,-31,-25,-18,-9,-67,-24,-37,-25,-22,-71,-22,-39,-33,-25,-31,-64,-30,-15,-24,-50,-20,-11,-26,-9,-11,-44,-2,-17,-29,-30,-31,-7,-31,-24,-15,-22,-9,-34,-28,-29,-8,-9,-29,-29,-54,-8,-43,-40,-55,-17,-26,-24,-27,-28,-23,-45,-45,-49,-16,-18,-31,-24,-21,-14,-33,-30,-37,-17,-18,-16,-19,25,-14,-28,-42,-33,-13,-14,-60,-15,-38,-22,-6,23,-18,-11,-14,-26,-40,-44,-29,-26,-37,-6,-32,9,-32,-36,-70,-8,-18,-24,-27,-18,-44,-1,-46,-60,-2,-16,-45,-12,-29,-35,-31,-41,-15,-50,-60,-1,-20,-19,-62,-45,-43,-35,-70,-43,-20,-26,-29,-48,-1,-41,-11,-15,-47,-31,-26,-21,-38,-20,-24,-22,-28,-23,-26,-25,-39,-24,-22,-24,-31,-16,-37,-27,25,-8,-45,-25,-23,-36,-33,-17,0,-23,-28,-40,-37,-20,-36,-37,-14,-46,-14,-10,-15,-37,-16,-30,-26,-8,-23,-12,-22,-14,-30,-12,-45,-9,-33,-19,-27,-14,-34,-10,-13,-20,-29,-27,-12,-13,-13,-18,-31,-32,-42,-27,-16,-4,-37,-47,-32,-25,-17,-19,-27,-36,-28,-13,-15,-8,-69,-21,-25,-32,-41,-37,5,-19,-30,-52,-12,-25,-24,-30,-43,-25,-43,-42,-15,-9,-24,-22,-45,-16,-32,-19,-22,-30,-9,-13,-25,-26,-27,-31,-27,-20,-23,-41,-33,-44,-15,-2,-26,-68,-64,-18,-67,-26,-25,-49,33,-9,-14,-20,-12,-23,-57,-45,-19,-1,-34,-6,-31,-33,-44,5,-55,-66,-33,-49,-62,-32,-41,-56,-16,0,-21,-50,-15,-39,-45,-35,-36,-5,-26,-20,-56,-24,-43,-21,-34,-15,-15,-3,-3,-12,-2,-27,-43,-33,-31,-15,-10,-4,-15,-5,-19,-25,-24,-22,-37,-18,-29,-32,-22,-18,-24,-22,-29,-50,-29,-32,-20,-31,-9,-18,-27,-20,-62,-18,19,-52,-26,-26,-24,-17,-41,-39,-33,-31,-26,-10,-33,-62,-42,-28,-37,-29,-19,-11,-27,-42,-39,-62,-28,-29,-18,-22,-27,-13,-37,-43,-21,-26,-12,-22,-20,-23,-5,-15,-10,-20,-64,-20,-22,-32,-21,-20,-29,-50,-21,-42,-38,-18,-19,-34,-36,-35,-40,-41,6,-16,-35,-21,-10,-16,-4,-19,-31,-26,-34,-23,-38,-17,-9,-15,-15,-31,-35,-30,-24,-37,-22,-26,-57,-57,-10,-35,11,-62,-47,-20,-30,-16,-35,-44,-12,-16,-14,-27,-32,15,-5,-24,-23,-38,-6,-40,-32,-35,28,-32,-23,-33,-40,-18,-22,-20,-16,-33,-15,-19,-30,-18,-13,-26,-42,-37,-51,-43,8,-20,-15,-28,-10,-17,-15,-4,5,-19,-12,-19,-18,-45,-39,-23,-29,-28,-34,-27,-32,-25,-32,-33,-32,-29,9,-31,-11,-21,-56,-17,-12,-18,-14,-21,-52,-23,-33,-40,-19,-60,-62,-27,-48,-37,-25,-30,-5,-28,-32,-22,48,-15,-19,8,-32,-18,-39,-28,-13,-28,-22,-29,-10,-23,-24,-25,-26,-44,-22,-39,-22,-12,-22,-8,-50,-27,-24,-16,-7,-5,-24,-17,-22,-3,1,-23,-13,-8,-1,-27,-27,-35,-12,-29,-41,-25,-22,-31,-43,-39,-40,-10,-60,-32,-23,2,-31,-20,-54,-26,-22,-30,-23,-22,-14,-9,-24,-20,-34,-32,-3,-12,-23,-24,-58,-30,-31,-30,-22,-42,-18,-25,-30,-32,-20,-24,-23,-17,-19,-33,-15,-20,-10,-10,-53,-36,-40,-42,-24,-36,-42,-3,-40,-35,-25,-21,-21,-15,-17,-23,-37,-27,-66,-63,-41,-25,-17,-25,-47,-19,-30,-62,-33,-29,-20,-10,-15,-16,-29,-25,-23,-28,-31,-1,-34,0,-10,-40,-44,24,-27,-29,-29,-19,-40,-19,-14,-33,-25,-15,18,-22,-16,0,-30,-51,-24,-20,-9,-43,-20,-8,-20,-24,-31,-21,-31,-34,-13,-22,0,-18,-22,-30,-36,-23,-61,-45,-66,10,-57,-12,-39,-28,-61,-48,-14,2,-67,-46,-2,-30,-51,-32,-16,-10,-24,-30,-32,-67,-28,-30,-11,-33,-42,-45,-13,-31,0,-16,-10,-24,-8,-32,-31,-24,-32,-11,-46,-4,-33,-18,-36,-20,-35,-25,-8,39,-26,-18,-36,-60,-65,-62,18,-42,-17,-12,-40,-38,-39,-19,-37,-9,-16,-24,-28,-27,-27,43,-25,-21,-23,-14,-10,1,-2,38
1,-28,-21,-25,-19,-24,-9,-18,-22,-18,-22,-10,-21,-13,1,-5,-30,-38,-34,-19,-16,-26,-14,-18,-14,-13,-30,-18,-16,-10,-25,-26,-26,-28,-43,-19,-15,-19,-33,87,0,-5,-22,-18,3,-25,-16,-32,-18,-18,-16,-35,-19,-37,-15,-21,-14,-33,-12,-19,-14,-5,-7,-20,-21,-26,-28,-25,-24,-11,-49,-19,-26,-17,-15,-28,-12,-23,-30,-29,-34,-34,-25,-22,40,-19,-18,-20,-3,-29,-27,-3,-17,28,3,-43,-24,11,-28,9,-3,-6,-15,-18,-33,-14,-21,-5,-37,-17,-43,-12,-2,2,-6,-24,10,-34,-9,-22,-20,-33,-21,68,-20,-4,-18,-5,-8,-37,7,-43,-16,-4,-15,-4,10,-9,-13,-27,-21,-12,-19,-29,-30,-23,-25,-3,-10,-6,-22,-22,-32,-10,3,-15,-17,-11,-25,-11,-30,-13,-17,-20,13,-33,-30,-21,-34,1,-6,-31,-11,-21,-5,-16,-14,-53,-42,-32,-20,-25,-33,-32,98,-31,-23,-34,-32,-26,-17,-20,-27,-21,-28,-25,6,-15,-15,-26,16,-28,-22,1,-21,-43,-26,-8,-30,-21,-22,-15,-6,-44,-22,-36,-18,-19,-41,-19,-30,-28,-22,-30,-21,-30,-11,-21,-34,-17,-6,-22,-3,-9,-43,1,-13,-26,-23,-27,-6,5,-19,-13,-20,-7,-26,-23,-26,-7,-6,-25,-24,-40,-7,-40,-16,-30,-14,-10,-21,-25,-22,-19,-28,-31,-34,-11,-12,-1,-23,-18,-9,-19,-26,-35,-14,-11,-10,-16,57,-10,-24,-34,-26,-11,-11,-25,13,-36,-19,0,26,-10,-11,-8,-22,-38,-42,-22,-21,-33,-2,-30,11,-30,-34,-27,-5,-14,-21,-25,-18,-44,2,-17,-47,0,-11,-40,-9,-25,-34,-28,-39,-12,-14,-13,8,-17,-9,-30,-34,-30,-16,-41,-30,-18,-19,-25,-41,14,-37,-9,-12,-29,-30,-22,-16,-30,-18,-20,-18,-25,-22,-23,-22,-33,-21,-19,-21,-31,-12,-27,-24,43,1,-29,-24,-20,-26,-33,-14,1,-23,-24,-35,-31,-16,-27,-33,-12,-42,-10,-6,-11,-32,-13,-23,-24,-5,-17,-8,-19,-10,-24,-9,-29,-3,-30,-16,-26,-11,-30,-9,-11,-17,-25,-19,-8,-11,-10,-9,-28,-28,-33,-19,-12,12,-35,-44,-23,-21,-15,-19,-24,-25,-28,-11,-15,-5,-41,-17,-17,-28,-22,-25,25,-16,-22,-37,-9,-21,-18,-27,-34,-20,-37,-27,-12,0,-23,-18,-37,-1,-30,-15,-5,-28,-6,-13,-22,-25,-26,-28,-27,-16,-20,-26,-25,-30,-10,2,-19,-39,-47,-13,-65,-21,-20,-30,35,-4,-12,-15,-11,-19,-40,-25,-6,2,-31,0,-24,-27,-36,14,-46,-48,-29,-36,-44,-21,-36,-46,-11,2,-17,-29,0,-33,-33,-33,-34,-1,-23,-17,-33,-22,-42,-20,-25,-15,-15,0,0,-12,-1,-22,-39,-29,-28,-12,-9,0,-14,0,-16,-24,-22,-18,-36,-15,-23,-31,-20,-8,-20,-18,-21,-26,-27,-28,-18,-30,-2,-9,-25,-17,-40,-13,22,-32,-17,-24,-22,-5,-37,-26,-31,-27,-22,-5,-26,-34,-27,-26,-32,-28,-15,-10,-23,-39,-38,-20,-25,-26,-16,-20,-24,-7,-25,-42,-17,-22,-11,-18,-11,-15,0,-14,-6,-14,-56,-17,-18,-27,-17,-16,-22,-37,-18,-42,-36,-7,-17,-30,-31,-28,-36,-35,7,-12,-31,-15,-1,-10,6,13,-28,-25,-33,-20,-34,11,-6,-12,-14,-25,-27,-26,-20,-32,-20,-17,-55,-42,-7,-11,17,-38,-38,15,-28,-12,-31,-30,-4,-11,-5,-23,-30,16,0,-22,-18,-25,-3,-33,-29,-25,34,-30,-19,-18,-29,-15,-20,-16,-7,-27,-14,-15,-28,0,-11,-24,-35,-31,-32,-24,17,-15,-12,-26,-5,-14,-11,2,7,-15,-9,-18,-14,-42,-35,-22,-27,-27,-29,-23,-31,-23,-27,-29,-28,-24,12,-26,-7,-18,-52,-12,-9,-16,-10,-17,-24,-18,-22,-28,-17,-31,-40,-13,-41,-33,-19,-29,-1,-19,-26,-21,85,-12,-16,32,-27,-17,-17,-24,-10,-22,-19,-25,-8,-14,-21,-19,-24,-26,-22,-33,-13,-10,-14,-4,-43,-23,-21,-14,-5,-1,-23,-10,-18,0,4,-19,-10,-7,3,-24,-23,-35,-9,-24,-40,-14,-15,-30,-31,-36,-35,2,-42,-23,-20,2,-26,-17,-40,-25,-18,-26,-19,-18,-14,-5,-17,-18,-16,-29,11,-8,-21,-21,-43,-27,-28,-27,-17,-33,-14,-22,-28,-31,-15,-20,-19,-16,-18,-26,-12,-19,-7,-7,-32,-34,-37,-37,-21,-19,-39,2,-36,-27,-22,-17,-18,-11,-15,-19,-31,-24,-44,-19,-28,-20,-13,-24,-25,-14,-25,-46,-32,-25,-17,-3,-13,-12,-28,-22,-20,-25,-30,31,-31,12,22,-36,-5,40,-25,-25,-29,-18,-36,-17,-12,-32,-20,-4,48,-20,15,4,-19,-33,-21,-13,-5,-41,-16,-7,-16,-21,-31,-12,-28,-30,-9,-17,3,-14,-20,-28,-32,-4,-38,-27,-22,36,-33,-7,-37,-11,-23,-38,-6,7,-22,-34,2,-26,-46,-6,3,-6,-10,-22,-24,-44,-17,-29,2,-29,-30,-38,3,-12,12,-13,-9,-20,1,-31,-10,-19,-27,-10,-42,0,-28,-16,-27,-16,-30,-22,10,89,-24,22,-23,-46,-21,-34,22,-18,0,-8,-36,-35,-14,-17,-34,-2,-12,-21,-11,-24,-23,66,-20,-17,-20,-12,-7,16,1,40
3,-23,-14,-18,-10,20,-3,-15,-12,-14,-19,12,-14,-8,21,21,-21,-31,3,-11,9,-19,-7,-7,-6,0,-23,-12,-10,-4,-16,-18,-19,-19,-38,-12,-8,-11,-23,90,11,3,-15,-12,28,-16,-8,-23,-12,-11,-9,-26,-12,-30,-9,-15,-10,-32,-9,-14,-6,6,0,-14,-13,-19,-21,-21,-16,-5,-37,-13,-21,-3,-7,-7,-4,-14,-23,-26,-30,-26,-13,-17,47,-12,-13,-11,9,-21,-22,2,-5,40,14,-25,5,21,-22,11,4,2,-8,-12,-28,-7,-21,5,-32,-12,-33,-7,5,8,-1,-16,44,-23,-3,-7,-9,28,-19,84,-14,4,-11,3,0,-28,22,-23,-3,3,-1,16,15,-1,-5,-19,57,-6,-11,-26,-22,-14,-19,13,5,8,-17,-19,-15,-4,7,4,-11,12,-19,-10,-22,-6,-11,-15,17,-30,-10,-18,-29,26,4,-18,-2,-18,4,-7,-10,-20,-30,-24,-15,-18,-26,-18,100,-21,-14,-22,-25,-16,-8,-11,-21,-13,-24,-18,22,-10,-9,23,39,-25,-6,30,-15,-24,-1,3,22,-10,-16,-9,-2,-17,-15,-31,-3,-12,-19,-11,-21,-16,-6,-24,-13,-22,-2,-12,-14,-10,2,-12,5,-2,-33,8,-5,-18,0,-18,-2,23,-9,-9,-15,-2,-19,-13,-18,0,1,-15,-16,-22,-6,-31,-12,-10,-8,14,-12,-20,-13,-10,-21,-20,-23,-2,0,35,-20,-12,-2,10,-19,-27,-7,2,-2,-4,59,14,-18,-25,-15,-8,-6,26,74,-27,-13,14,32,22,-4,-2,-14,-34,-35,-13,-12,-24,5,-27,16,-22,-25,-7,1,-5,-11,-16,-14,-34,7,-10,-39,3,-2,-30,-2,-18,-31,-21,-32,-3,-6,-9,24,-10,10,-17,-19,0,-8,-35,-3,-15,-9,-18,-36,45,-31,-4,-6,-23,-29,-14,-8,-18,-13,-13,-7,-19,-21,-19,-15,-22,-14,-12,-15,-27,-7,-8,-19,53,21,-11,-22,-15,-11,-27,-6,8,-15,-14,-27,-22,-10,-15,-27,-8,-32,-1,2,-2,-22,-7,-14,-19,3,-6,-1,-11,-3,-17,-2,-19,8,-27,-11,-21,-5,-22,-4,-4,-11,-18,-3,-1,-4,-2,-4,-22,-20,-8,-17,-6,16,-30,-36,-18,-13,-12,-13,-17,-18,-21,-4,-10,3,-30,-8,0,-22,-16,-15,68,-10,-15,-16,-2,-13,-11,-22,7,-12,-25,-16,-6,8,-19,-8,-28,5,-24,-6,20,-21,-2,-7,-16,-20,-19,-21,-21,-9,-13,-22,-22,-11,-2,10,-8,-22,-29,-2,-59,-13,-11,-21,41,4,-9,-6,-8,-12,-21,-13,6,6,-23,12,-20,-23,-24,22,-26,-44,-20,-27,-35,0,-27,-37,-3,7,-11,-21,30,-24,-3,-29,-27,7,-17,-11,-9,-14,-33,-17,-16,-10,-10,6,7,-8,5,-12,-30,-21,-21,-5,6,6,-12,8,-9,-17,-10,-14,-30,-8,-14,-27,-17,16,-12,-12,-18,-13,-23,-21,-13,-26,12,-1,-22,-15,-38,-5,25,-16,-7,-20,-17,19,-33,18,-28,1,-15,4,13,-20,-19,-20,-22,-21,-5,-8,-14,-31,-36,-6,-15,-20,-13,-10,-19,6,-15,-32,-9,-17,-8,-10,-5,-8,10,-8,2,-8,-48,-10,-12,-19,-10,-8,-12,-29,-10,-32,-27,5,-13,-19,-21,-16,-26,-22,11,-6,-24,-8,17,20,26,41,-22,-19,-27,-14,-31,46,0,-5,-7,-17,-12,-19,-14,-23,-12,-9,-45,-29,-2,-5,29,-28,-22,20,-25,-5,-29,-18,5,-3,14,-13,-24,18,10,-18,-15,21,19,-23,-22,-15,47,-20,-12,5,-19,-8,-14,-7,11,-21,-9,-2,-21,18,-6,-19,-25,-18,-17,-2,22,-4,-6,-22,4,-8,-4,12,12,-7,-2,19,-1,-37,-27,-16,-21,-25,-20,-15,-29,-14,-18,-20,-19,-15,18,-18,0,-11,-43,-1,-2,-6,-2,-8,-14,-8,2,-14,-13,-21,18,15,-29,-24,-7,-27,9,-11,-20,-19,124,-5,-9,44,-17,-8,-5,-17,-3,-14,-11,-17,-5,6,-15,-11,-20,-18,-21,-27,4,-6,-8,4,-34,-18,-15,-9,-2,6,-20,5,-10,41,9,-12,-3,-4,9,-20,-15,-26,-1,-15,-37,-6,-2,-28,-22,-30,-25,10,-22,-12,-15,9,-22,-9,-23,-19,-11,-19,-11,-10,-5,3,-10,-14,-5,-22,32,-1,-15,-17,-14,-20,-19,-21,-9,-12,-7,-13,-21,-25,-3,-11,-12,-10,-16,40,-6,-11,-2,-1,-25,-28,-31,-28,-14,-13,-32,4,-28,-18,-18,-9,-11,-10,-10,-12,-24,-17,-28,-17,0,-6,-5,-15,-20,-5,-17,-28,-26,-17,-10,13,4,-3,-22,-16,-13,-19,-27,38,-24,34,24,-32,23,62,-18,-17,-17,-16,-27,-13,-8,-6,-11,7,50,-12,71,11,-10,-12,-12,2,1,-33,-9,-5,-8,-13,-26,-2,-21,-23,-2,-8,11,-5,-16,-18,-24,7,-20,-13,-17,41,-23,1,-32,-1,-9,-10,-1,18,66,-19,10,-19,-37,0,39,1,4,-4,-5,-17,4,-28,26,-21,-26,1,34,1,26,-9,-7,-13,19,-29,24,-7,-23,-7,-35,7,-19,-6,-17,-8,-20,-16,45,91,-20,26,-21,-33,-9,-19,26,13,24,0,-28,-15,59,-13,-28,12,-5,-13,-2,-18,-17,70,-11,-8,-11,-8,-1,48,4,43
5,-19,-8,-13,-1,37,11,-12,-1,-9,-17,32,-6,12,40,46,-13,-22,26,-4,10,-12,4,5,1,14,-16,-5,-4,1,-7,-10,-10,-11,-28,-5,-1,-3,-13,93,23,11,-9,-6,44,-7,0,-14,-5,-4,-2,-16,-6,-25,-4,-9,-6,-30,-6,-5,2,17,4,-7,-5,-12,-13,-17,-9,-1,-29,-6,-13,8,2,5,5,-5,-15,-23,-27,-17,7,-12,54,-5,-7,-2,19,-14,-17,8,6,44,25,-4,20,24,-19,13,10,9,-1,-5,-19,1,-20,16,-27,-6,-24,-1,13,14,7,-7,78,-13,3,7,1,71,-17,100,-8,11,-1,11,9,-19,26,-13,50,9,14,36,21,8,2,-11,61,1,-4,-23,-12,-6,-12,24,18,15,-12,-16,-6,2,11,22,-5,24,-13,-8,-13,0,-6,-10,22,-27,11,-13,-24,51,13,4,7,8,7,2,-5,-6,-25,-15,-7,-9,-18,-8,102,-12,-6,-12,-15,-6,1,-2,-11,-6,-20,-11,37,-4,-3,26,42,-22,9,45,-8,-7,24,15,29,-3,-11,-2,3,-12,-6,-21,13,-6,-13,-3,-12,-4,2,-15,-5,-13,7,-3,-5,-3,10,-3,13,7,-24,14,2,-10,24,-10,1,26,1,-5,-11,3,-12,-3,-12,7,8,3,-9,-15,-4,-21,-1,-5,13,22,-3,-15,-5,-1,-14,-10,-15,8,12,43,-17,-6,5,15,-11,-19,0,16,4,8,62,55,-11,-20,-7,-4,0,41,107,-16,-7,21,33,48,2,5,-5,-30,-14,-5,-3,-15,12,-23,22,-12,-16,1,7,4,-2,-7,-6,-24,13,-2,-30,7,7,-20,5,-11,-28,-13,-25,5,2,-5,33,-3,28,-9,-10,31,-1,-30,21,-12,0,-11,-31,50,-25,1,0,-18,-28,-7,1,-6,-8,-5,-5,-14,-19,-14,-9,-11,-7,-5,-8,-21,-2,11,-13,59,26,-2,-20,-9,4,-19,1,14,-7,-5,-18,-13,-3,-5,-20,-5,-22,7,10,7,-12,-1,-7,-14,10,5,7,-3,4,-10,5,-9,16,-24,-5,-17,0,-14,3,2,-5,-11,16,7,2,5,1,-16,-12,23,-14,1,18,-24,-23,-13,-5,-9,-6,-10,-10,-13,4,-2,10,-20,1,10,-15,-9,-6,76,-4,-8,-4,4,-5,-9,-16,45,-4,-13,-5,-1,15,-16,2,-22,6,-18,18,23,-13,0,-1,-9,-15,-12,-11,-12,-1,-7,-19,-19,7,7,29,-7,-15,-23,9,-50,-4,-3,-12,46,12,-6,4,-5,-4,-14,-1,8,9,-14,20,-1,-20,-12,25,-7,-40,-11,-22,-31,22,-19,-29,6,12,-4,-13,51,-16,12,-24,-20,46,-10,-5,9,-6,-24,-14,-6,-4,-4,13,13,-1,11,-3,-21,-12,-15,2,7,12,-8,13,-2,-10,1,-9,-19,-2,-10,-19,-14,38,-4,-6,-16,-5,-18,-15,-8,-22,25,7,-18,-13,-36,4,29,-11,3,-16,-13,43,-29,26,-17,28,-8,11,18,-13,-11,-14,-12,-13,4,-6,-6,-23,-34,9,-2,-14,-9,0,-13,36,-5,-23,-2,-12,-5,-3,-2,-2,17,-2,9,-2,-39,-3,-5,-10,-3,0,-2,-20,-3,-23,-19,18,-8,-9,-11,-13,-16,-10,14,-1,-16,-2,35,25,46,44,-16,-12,-20,-8,-27,47,6,2,0,-10,4,-12,-8,-14,-4,-1,-35,-22,3,1,40,-10,-5,25,-21,3,-28,-7,7,0,33,-4,-19,19,52,-15,-13,23,30,-12,-16,-6,60,-11,-5,27,-14,-2,-3,1,29,-19,-3,8,-13,21,-2,-14,-16,-5,-3,20,27,6,0,-18,19,-3,4,23,17,1,5,24,13,-32,-19,-8,-14,-23,-12,-7,-26,-4,-8,-12,-11,-5,24,-9,7,-5,-35,10,6,4,5,0,-5,3,30,-5,-9,-11,80,38,-18,-14,4,-26,18,-2,-14,-17,125,1,-1,44,-8,1,6,-10,4,-7,-3,-8,-2,27,-9,-4,-17,-10,-20,-23,21,-2,-1,12,-26,-15,-8,-4,1,13,-18,20,-2,45,14,-4,3,-1,14,-16,-6,-17,6,-7,-34,0,12,-26,-13,-24,-15,18,-11,-2,-10,17,-18,-2,-16,-12,-4,-12,-2,-2,3,11,-5,-10,0,-16,34,6,-10,-12,14,-13,-10,-15,0,10,0,-5,-15,-16,6,-3,-5,-3,-13,44,1,-3,4,5,-18,-22,-25,-20,-8,-7,-25,5,-20,-9,-13,0,-4,-2,-3,-4,-16,-8,-18,-15,24,7,4,-7,-16,5,-9,-15,-17,-9,-4,28,33,5,-16,-9,-7,-12,-24,39,-18,51,27,-29,50,63,-12,-10,1,-14,-18,-9,1,34,-3,14,51,-3,74,18,-2,-3,-3,16,8,-25,-3,-2,0,-6,-18,5,-13,-15,5,2,18,3,-13,-9,-16,10,-4,-3,-12,45,-16,9,-28,9,6,27,5,28,68,-15,17,-11,-30,6,49,8,17,15,15,-6,11,-26,31,-13,-21,12,50,4,30,-4,-6,-6,37,-28,29,5,-19,-5,-28,15,-9,3,-6,-1,-9,-10,50,92,-16,30,-20,-27,3,-11,29,21,30,7,-20,-1,67,-9,-22,27,3,-5,13,-11,-10,74,-2,0,-2,-4,6,60,6,46
10,-8,8,-1,21,50,22,-5,25,3,-11,56,14,28,62,87,8,1,59,15,11,5,44,18,21,46,1,11,12,16,14,11,11,11,-4,13,17,16,12,100,50,32,7,9,52,15,21,9,10,13,16,7,9,-12,9,5,3,-27,1,16,22,38,14,9,16,5,6,-7,10,11,0,11,-1,19,24,17,27,18,3,-16,-17,5,37,-1,72,11,6,21,22,5,-4,22,33,54,50,51,55,66,39,19,26,26,17,12,2,19,-19,30,-16,7,-1,15,31,30,26,14,97,13,17,43,27,75,-12,113,8,30,24,28,30,3,38,14,56,20,40,51,36,29,21,9,68,18,14,-15,8,15,2,46,49,42,2,-9,19,19,21,70,10,25,20,12,2,17,8,-3,33,-9,38,1,-9,80,38,36,27,22,38,23,7,28,-10,5,11,13,3,18,107,10,16,11,8,16,22,19,13,13,-11,5,44,8,12,33,50,-15,37,52,7,10,38,26,48,17,2,14,15,2,15,3,55,10,1,17,11,26,25,6,16,8,29,21,20,14,32,22,33,28,0,29,20,11,65,11,10,33,26,5,0,51,-2,23,10,25,18,50,1,39,1,3,19,6,64,34,19,-2,18,21,4,15,4,32,72,61,9,9,22,28,7,1,16,23,19,39,68,67,6,-7,14,14,13,61,111,12,30,36,41,57,19,21,15,-8,33,17,20,7,30,-15,35,11,7,21,22,25,21,16,14,1,27,15,-8,16,30,5,21,6,-22,6,-8,25,21,6,64,15,43,10,12,46,16,-16,63,-5,22,8,-19,62,-9,13,16,-4,-26,6,22,25,4,13,18,4,-14,-2,7,16,10,12,8,-5,10,34,0,63,53,20,-15,5,18,1,19,31,15,18,4,9,14,20,-3,5,2,28,30,28,12,14,11,-2,29,25,27,17,22,8,21,17,25,-17,8,-7,15,6,20,19,10,6,56,25,19,24,13,0,8,44,-9,18,23,-5,-1,0,14,-2,12,8,10,7,22,16,28,7,23,21,0,7,16,81,10,9,66,19,16,-6,-3,61,17,17,22,13,56,-8,8,-8,10,-5,22,32,2,5,15,7,-3,6,12,10,18,10,-10,-10,35,28,41,-5,3,-9,34,-28,18,19,10,59,32,2,27,2,14,4,28,13,29,7,25,9,-11,17,31,21,-27,12,-3,-19,54,0,-8,28,24,12,8,60,4,19,-14,-3,50,5,11,27,14,-1,7,10,11,10,29,28,17,27,21,1,8,0,19,9,29,0,28,15,9,29,2,9,14,1,0,-7,54,16,9,-9,15,-8,1,6,-12,51,26,5,-8,-31,25,36,0,28,-5,-2,61,-18,45,29,69,10,40,29,5,9,1,13,6,29,-1,16,-2,-30,45,31,1,1,24,2,62,19,2,18,1,12,16,6,14,24,14,23,13,-18,14,12,12,15,20,21,2,16,0,2,49,3,17,13,-9,10,22,22,14,2,14,80,35,68,49,-2,12,-3,7,21,49,21,20,16,9,30,7,9,8,15,20,-10,-3,17,17,69,51,94,37,-8,21,-24,39,11,8,78,20,-5,24,67,-5,-10,29,42,-5,6,18,90,12,12,55,-1,15,27,23,65,-12,10,12,8,29,10,-2,13,49,28,36,40,33,15,-7,48,12,75,50,30,20,19,34,38,-20,2,11,3,-17,8,12,-20,20,16,10,10,18,40,12,26,12,-14,32,23,28,24,21,18,28,69,19,2,13,101,53,9,9,32,-13,45,19,0,-11,129,18,17,46,25,25,35,9,22,11,16,12,5,46,5,14,-7,10,-18,-11,63,14,15,32,-6,-7,9,16,9,30,-12,80,19,53,26,14,20,6,73,43,15,4,25,16,-28,16,31,-21,9,-10,10,38,31,24,2,39,-8,17,2,5,13,7,18,19,25,31,8,-1,19,1,39,23,-4,-1,39,4,12,-1,22,17,17,16,2,6,12,18,13,14,-7,52,17,18,17,20,-1,-7,-9,2,8,8,-8,10,-1,14,-1,20,59,21,14,15,3,13,1,-10,33,39,25,15,-5,28,31,18,4,10,13,46,81,27,0,6,9,5,-17,43,-1,59,34,-19,60,65,6,9,43,-10,5,2,24,71,19,33,56,19,81,35,18,19,19,35,24,-6,15,4,20,13,2,22,7,3,23,25,37,24,-3,14,4,17,35,22,0,57,3,29,77,33,43,89,17,50,73,-4,36,9,-12,22,58,25,52,26,53,40,32,-22,39,41,-9,26,56,10,39,8,-2,13,70,-24,41,35,-8,1,-9,33,15,26,20,18,19,6,65,95,-6,40,-16,-12,31,9,37,33,44,61,0,17,73,1,-7,41,21,27,25,4,6,84,21,22,20,6,22,79,11,54
13,-1,18,6,40,58,31,0,37,10,-7,61,34,33,69,91,21,15,68,26,20,16,54,26,32,53,11,21,21,24,27,23,24,25,10,24,28,28,27,105,60,44,17,19,57,28,33,23,19,24,27,21,18,-4,17,14,8,-26,6,30,35,51,21,19,28,16,18,-1,21,34,43,22,7,21,37,25,40,31,15,-12,3,16,42,6,83,19,14,34,23,16,4,30,43,59,63,68,76,72,65,23,36,37,28,23,14,30,-18,39,-9,16,13,24,42,40,37,26,100,28,26,64,43,78,25,114,17,41,38,37,42,16,45,29,59,24,47,58,45,42,33,21,73,28,24,-11,11,28,11,51,59,62,10,-4,33,29,27,71,18,27,30,15,9,28,16,1,40,2,43,9,0,89,53,51,38,32,52,36,14,59,-2,18,23,26,16,33,110,24,28,24,22,30,35,32,28,24,-5,15,47,16,21,37,54,-10,43,57,17,18,44,32,59,29,11,23,21,10,27,18,64,19,9,29,25,44,29,18,28,21,43,35,35,24,44,36,46,41,14,38,32,23,70,24,15,37,41,11,7,63,28,39,28,35,21,61,9,49,8,18,25,13,72,41,32,6,31,34,14,31,16,46,82,72,30,18,33,31,19,13,26,28,27,58,78,74,16,1,26,18,21,72,113,29,39,41,69,62,29,31,27,8,40,30,34,21,41,-10,42,24,20,33,31,38,35,29,25,17,36,26,5,21,44,20,32,16,-18,18,2,37,33,17,71,21,51,22,25,53,26,-7,68,3,35,19,-11,69,1,20,25,4,-24,14,34,43,11,25,23,16,-11,6,17,32,20,22,18,5,18,38,9,65,65,34,-12,14,22,13,30,41,28,32,17,22,24,30,8,11,17,40,42,41,27,23,22,5,40,37,38,29,33,19,32,32,31,-13,16,-1,29,18,30,29,19,17,62,36,29,36,21,9,20,50,-6,28,26,2,12,8,26,3,23,19,22,19,34,26,38,24,37,27,9,99,29,84,19,19,74,36,26,-3,5,71,29,34,39,27,60,-3,12,1,12,4,24,37,8,8,24,17,5,17,26,24,29,20,-5,-5,38,41,48,-4,13,-1,42,-14,31,33,23,67,44,13,41,6,28,15,45,16,35,21,29,11,21,34,35,23,-18,26,15,-13,64,11,4,41,31,22,20,65,16,23,-8,7,52,15,20,34,27,12,23,15,20,19,39,38,28,36,35,14,20,9,30,30,38,5,33,25,20,46,9,26,24,8,11,-2,57,28,18,-4,27,24,11,16,-6,54,37,33,-4,-28,37,41,7,42,4,5,70,-12,56,44,72,21,63,36,17,21,10,28,18,43,1,29,10,-27,53,51,11,6,38,10,64,34,16,29,9,18,27,10,24,28,23,30,21,-5,24,22,25,26,32,35,15,27,14,15,68,10,33,28,-7,25,41,26,23,13,23,99,40,78,53,6,26,7,16,30,49,30,30,26,18,40,18,18,21,27,33,5,8,25,27,87,58,96,44,3,32,-22,54,13,15,83,34,4,27,75,1,-7,32,47,0,40,32,96,26,22,61,7,26,34,36,71,-8,18,14,20,34,16,5,28,52,34,44,48,43,24,-1,52,20,79,67,38,32,27,40,45,-12,14,23,13,-13,20,24,-16,34,30,23,23,33,49,25,36,22,-1,43,34,43,36,34,32,42,88,34,8,28,104,61,26,23,40,16,67,24,8,-8,132,28,29,46,50,39,45,20,32,21,28,24,9,54,14,63,-1,22,-16,-1,75,28,25,44,7,0,19,30,13,40,-8,84,32,57,33,25,30,11,74,47,27,17,37,29,-24,25,39,-18,22,-1,25,50,44,39,9,52,-1,28,13,15,24,17,30,31,38,43,16,5,38,18,42,33,-1,6,48,15,25,8,35,20,28,29,12,19,16,31,24,24,-3,57,27,30,26,29,9,2,0,15,17,17,3,13,10,27,6,32,66,34,24,26,14,25,6,-6,39,54,37,28,1,42,34,30,17,21,23,50,87,39,9,16,19,15,-13,46,9,63,38,-10,63,67,16,21,51,-7,17,8,31,77,32,44,58,32,85,46,30,32,33,42,32,6,25,7,32,25,13,33,18,14,33,39,48,36,2,28,16,22,44,37,8,65,14,41,83,48,65,95,25,63,76,2,47,21,-1,32,64,35,70,33,58,72,36,-15,41,59,-3,28,59,14,45,15,0,24,76,-19,48,50,-1,4,2,44,29,40,36,30,31,15,73,98,0,49,-14,-3,43,21,44,41,53,66,12,26,77,9,2,48,32,47,29,14,16,90,35,35,34,12,34,91,14,59
15,3,24,10,54,63,45,3,44,16,-5,64,49,50,73,93,29,24,72,34,24,23,55,33,40,58,18,28,27,30,36,31,32,33,20,31,35,36,37,108,67,53,23,25,60,37,41,32,26,31,34,30,24,2,22,19,12,-24,9,38,43,59,55,26,36,23,25,3,28,45,56,29,13,23,46,30,49,40,23,-9,6,23,46,11,90,23,20,43,25,23,9,36,48,63,68,75,90,77,72,25,43,44,35,30,23,37,-17,44,-4,21,23,30,50,47,45,35,101,38,31,70,54,80,43,114,23,48,48,44,50,25,50,40,62,27,52,63,51,50,41,29,76,35,31,-8,12,36,16,55,66,78,27,-1,43,36,31,71,24,27,36,16,14,34,22,4,45,7,47,14,6,94,63,60,45,40,58,44,19,67,34,26,30,34,24,43,112,33,37,34,31,39,44,41,37,32,-1,18,49,21,27,40,70,-7,48,60,23,24,49,37,67,37,17,28,26,15,36,28,70,25,15,37,34,57,31,27,36,29,52,44,44,31,53,46,54,50,23,44,39,31,73,32,18,40,46,15,11,71,32,49,38,42,23,64,16,56,23,28,45,17,77,50,41,11,40,43,21,41,24,55,88,80,52,25,36,34,26,21,33,30,33,63,80,79,23,8,34,19,27,80,115,40,44,48,71,66,36,38,35,12,44,38,39,30,48,-7,48,34,29,41,39,47,45,38,33,27,42,33,14,25,53,30,38,23,-15,25,9,46,41,30,72,24,57,29,34,58,33,-2,72,9,44,26,-6,74,30,25,31,10,-23,19,43,55,16,32,33,25,-9,13,23,43,27,28,25,11,23,40,14,66,69,43,-10,19,25,21,37,47,37,41,25,30,31,36,15,14,28,48,50,50,37,29,29,10,47,45,46,37,40,26,38,42,35,-11,22,3,38,26,37,35,25,24,66,43,36,44,26,15,28,54,-3,35,29,5,20,14,34,6,30,26,30,27,41,34,46,34,46,32,15,122,38,86,25,26,80,48,33,-2,11,77,37,42,49,37,63,2,44,7,13,9,26,40,12,10,30,24,10,24,36,33,37,27,-2,-2,40,49,53,-3,21,5,48,-5,40,41,32,72,53,20,51,9,60,22,54,18,39,30,31,12,26,97,37,24,-12,35,26,-8,71,18,12,49,36,28,28,69,24,26,-3,14,53,21,26,38,35,21,32,18,26,25,45,44,35,43,44,23,28,18,37,34,45,16,36,32,27,58,13,37,30,12,18,1,60,36,24,-2,35,42,17,23,-2,56,42,39,-2,-26,46,50,12,52,14,9,77,-8,64,49,74,28,64,40,24,29,16,37,26,53,3,37,20,-25,58,58,17,10,40,16,64,44,26,37,14,21,35,14,30,31,30,36,27,3,31,28,34,33,40,44,23,34,24,24,81,14,43,38,-6,35,54,30,28,21,29,102,45,85,55,12,28,13,21,39,50,36,37,33,23,46,25,25,30,35,41,15,16,30,33,90,61,98,49,11,40,-7,60,15,21,87,43,10,29,84,4,-6,34,50,3,49,42,100,35,29,64,12,32,38,44,76,-5,23,15,28,37,21,10,36,54,39,49,53,47,30,3,55,26,82,71,43,40,32,44,50,-6,23,30,19,-10,28,32,-14,43,40,32,32,42,55,34,44,28,8,51,41,53,44,42,41,50,97,44,12,37,105,67,37,32,47,27,81,28,14,-6,134,35,36,47,60,48,49,27,39,28,35,32,12,60,20,65,3,30,-16,19,79,44,31,52,15,13,26,34,20,47,-5,86,40,60,38,33,37,14,75,49,36,25,44,38,-21,32,43,-16,31,5,35,58,48,50,14,61,35,35,20,22,31,25,39,39,47,50,22,8,45,26,44,40,1,46,54,22,34,14,43,22,35,37,18,28,18,40,31,30,-1,60,33,38,31,34,16,8,7,24,23,23,10,15,18,36,11,40,70,40,31,33,22,30,9,-4,43,61,46,36,5,52,37,31,26,29,29,52,91,48,15,22,25,22,-11,48,15,66,40,-3,65,67,23,28,56,-5,24,13,34,80,41,51,60,41,88,53,38,41,42,47,37,14,32,10,40,32,21,40,26,21,40,48,55,45,6,37,24,25,51,48,13,70,21,50,87,58,77,99,30,68,78,6,54,29,6,38,68,42,82,37,61,88,38,1,42,68,2,54,61,17,49,19,2,31,81,-11,53,58,4,6,9,52,39,49,46,37,39,21,79,99,4,59,-12,3,51,29,49,45,58,70,32,32,80,14,8,52,40,60,32,20,24,95,45,44,43,16,49,96,20,63
20,22,40,22,89,76,64,10,60,32,16,73,72,76,85,99,50,46,83,52,30,41,62,50,60,69,36,44,42,45,58,51,54,55,44,48,53,55,62,115,84,73,39,40,67,59,61,54,41,48,53,53,39,19,35,34,27,-21,73,60,63,74,78,42,58,40,45,14,47,57,70,46,55,28,68,42,71,63,42,-2,14,40,55,22,108,36,33,66,27,42,19,50,58,73,74,91,108,83,91,39,59,62,53,47,44,56,-6,58,15,35,46,46,68,63,64,56,106,64,43,84,69,85,78,116,39,67,73,70,71,48,72,66,67,33,65,74,65,72,60,49,83,52,49,0,17,57,31,68,84,91,52,6,68,53,41,72,38,29,48,24,75,51,35,11,57,29,56,27,21,109,88,78,63,65,80,63,30,76,50,46,49,56,45,68,117,55,58,57,54,62,65,63,62,51,8,25,54,34,41,48,83,7,59,67,39,39,60,57,83,57,32,38,38,28,57,52,79,41,29,57,56,71,41,48,57,50,74,68,59,48,74,70,74,71,46,59,57,52,82,53,26,47,58,26,22,88,52,68,56,60,28,73,41,91,56,53,49,28,89,62,63,24,62,65,39,66,44,79,104,90,73,34,55,40,45,41,50,35,53,72,85,87,43,23,59,21,42,99,119,67,81,64,76,75,53,54,56,23,55,60,53,52,66,2,61,57,51,61,60,69,68,61,52,52,56,51,38,34,72,54,55,40,-8,44,31,66,61,49,75,33,70,49,54,69,66,12,80,23,65,44,6,85,51,37,51,24,36,33,64,82,28,51,47,47,-5,31,39,71,44,45,41,27,35,46,28,69,76,65,-5,33,33,41,55,64,58,65,47,52,48,51,32,24,56,69,70,71,62,49,47,23,66,62,66,57,58,44,55,68,44,17,35,8,58,46,54,52,41,42,79,61,52,63,39,30,48,63,2,52,35,13,40,66,53,14,49,44,50,48,60,52,63,61,68,42,30,127,60,90,39,43,93,74,50,2,40,92,58,58,67,60,69,18,71,21,31,23,30,50,21,34,46,40,22,42,59,55,56,43,7,8,45,70,96,-1,38,19,62,17,62,63,54,85,73,38,74,16,93,40,73,24,62,64,51,39,44,108,73,26,9,58,55,21,87,36,33,71,48,45,48,78,43,33,7,31,56,37,42,48,55,43,39,26,41,39,62,60,54,58,67,45,49,41,54,43,60,51,57,49,46,86,25,65,46,39,37,8,65,56,40,20,55,68,33,40,7,61,56,55,34,-21,66,80,42,77,41,50,92,31,83,68,78,46,66,61,43,49,31,62,46,77,8,59,46,-20,70,70,32,19,44,31,66,68,51,56,28,35,53,23,46,50,45,49,42,25,48,45,56,51,61,68,45,52,47,45,95,40,69,62,-2,60,75,38,43,39,45,108,78,101,61,26,49,30,36,63,52,52,55,49,40,63,44,41,52,54,62,40,35,43,49,95,67,101,61,29,58,42,76,51,38,96,67,24,33,99,14,-2,40,55,29,73,66,110,58,47,73,25,49,50,66,86,2,37,22,48,46,37,27,54,60,49,62,66,59,46,13,69,42,88,76,56,59,46,55,63,27,43,50,36,-4,48,52,-7,67,64,53,53,66,71,55,62,45,29,69,59,77,63,63,64,70,112,68,29,62,110,82,64,56,65,46,88,36,28,0,138,52,55,48,65,72,61,45,57,46,55,53,19,73,34,69,13,49,-13,42,91,73,47,73,35,31,43,45,41,64,1,93,61,68,52,51,54,21,80,55,56,47,63,60,14,47,55,-11,53,19,60,77,78,76,26,83,56,54,38,39,48,43,59,60,69,70,35,20,57,47,48,57,7,75,69,41,57,28,65,29,52,58,35,50,27,61,49,47,5,68,49,58,45,49,33,23,22,45,39,38,27,20,37,59,23,60,81,48,49,52,41,44,27,6,52,79,67,58,16,75,43,35,48,48,68,63,101,69,31,38,41,39,2,60,31,74,47,13,70,70,40,47,69,-1,43,26,40,90,62,70,64,63,95,70,58,63,64,59,49,33,49,15,59,51,41,57,45,40,58,71,73,65,15,60,44,32,67,72,25,83,39,70,97,81,93,109,43,77,83,16,68,49,26,54,78,59,110,48,68,96,64,9,45,83,14,63,66,24,58,31,6,50,92,30,66,79,32,12,28,70,63,73,73,56,58,36,93,103,14,74,16,33,70,49,66,57,73,78,70,47,86,27,23,63,58,70,68,36,47,105,68,66,65,26,71,105,42,81
23,38,49,29,93,84,73,14,66,54,27,86,74,77,92,103,63,60,89,63,32,51,66,61,71,76,46,54,51,53,71,63,66,68,58,59,64,67,77,119,95,86,49,49,72,72,74,68,50,59,63,67,48,31,43,42,37,-17,84,73,75,84,88,52,72,60,56,25,58,63,74,59,57,30,82,50,84,76,53,3,18,51,61,29,119,43,42,79,29,53,26,58,65,78,77,101,114,86,94,48,69,72,64,57,56,67,5,67,34,43,60,55,79,72,76,68,109,78,53,93,77,88,93,117,48,78,87,85,83,61,80,82,71,38,73,81,74,84,71,61,87,62,60,5,19,70,39,90,90,91,64,11,82,63,51,73,47,31,92,29,80,62,44,15,63,46,61,35,30,118,102,89,74,81,88,74,37,82,58,59,61,69,57,83,120,67,71,70,68,76,78,75,76,62,14,31,57,42,47,52,90,18,65,72,48,47,67,75,92,69,41,44,45,36,69,67,80,50,37,69,70,77,47,61,69,63,87,82,67,58,87,85,86,84,60,68,69,64,87,66,32,51,65,42,28,94,64,76,80,70,44,80,66,100,68,68,54,35,95,63,77,32,75,78,55,82,55,93,113,93,81,37,64,44,56,53,60,39,77,76,87,92,61,42,77,23,60,107,121,84,116,69,79,80,63,64,68,41,62,72,61,66,77,7,68,71,65,73,73,82,82,74,64,68,64,61,79,39,84,69,65,51,-4,56,47,78,72,55,76,38,78,60,64,76,85,21,85,32,78,55,14,93,63,44,63,32,70,47,76,86,35,62,63,54,0,41,49,87,54,55,51,37,42,50,36,72,80,78,-2,42,37,53,66,74,71,79,60,65,59,61,42,30,72,81,82,84,77,60,57,30,77,71,77,69,69,54,65,83,50,28,43,11,66,58,64,61,50,52,91,71,62,75,46,39,60,68,6,62,38,17,53,72,65,18,59,55,62,60,71,63,74,78,82,49,39,130,74,93,48,53,101,84,61,21,58,99,70,67,77,70,73,33,80,30,40,31,32,58,27,38,56,50,30,53,73,68,67,53,12,32,48,82,104,32,49,27,68,31,75,76,67,93,85,48,89,46,104,50,84,38,68,71,74,58,55,114,90,28,38,71,73,39,97,47,45,84,56,55,61,83,55,37,14,42,57,47,51,55,67,57,47,31,50,48,72,69,65,68,82,58,61,54,64,50,69,55,62,59,57,103,31,81,56,52,48,13,71,68,49,48,67,70,43,50,13,63,63,62,69,-17,79,86,73,91,55,58,101,60,94,85,81,57,68,62,54,61,40,77,58,92,11,72,61,-18,77,78,41,25,47,39,68,83,65,68,54,43,65,40,56,63,55,57,51,37,58,55,69,61,73,82,58,63,61,57,102,59,85,77,1,75,82,42,52,50,54,111,111,111,64,35,52,40,45,73,52,61,66,59,52,74,55,51,66,66,75,55,46,51,59,99,71,104,68,41,69,47,86,62,50,101,81,33,36,101,20,0,43,58,37,94,80,116,72,57,78,33,59,56,79,93,6,45,29,60,52,54,53,64,63,56,70,73,66,55,19,78,60,93,80,68,71,54,61,70,47,56,61,46,-1,60,64,-3,81,79,66,65,80,80,68,73,54,42,80,69,92,74,76,78,82,114,82,51,76,112,91,81,70,68,58,92,41,36,17,140,62,66,49,69,86,68,56,67,56,66,65,31,81,49,72,21,61,-12,50,98,78,57,85,47,38,53,51,54,75,4,96,73,72,60,62,64,26,83,59,69,60,75,73,40,57,62,-9,66,28,75,89,91,91,33,96,68,65,49,49,59,54,71,72,82,82,43,33,65,66,51,68,43,83,78,56,70,37,78,37,62,71,44,64,49,74,60,57,9,73,59,71,53,58,44,32,32,58,49,47,38,22,48,72,30,73,87,63,59,63,52,52,41,29,58,89,80,71,22,89,47,37,61,60,76,73,107,82,40,47,51,49,21,67,41,79,52,22,74,71,50,58,77,16,54,35,44,95,76,81,67,76,99,80,70,76,78,66,57,45,59,19,71,63,53,67,57,51,68,85,85,78,21,74,55,37,76,83,32,91,50,82,103,92,103,115,51,83,86,23,76,61,41,63,83,69,112,55,72,101,80,14,48,86,20,68,70,47,62,38,8,61,98,39,73,91,38,16,39,81,78,87,88,68,69,45,102,105,20,84,36,64,75,61,75,71,80,83,78,57,90,35,32,69,69,76,73,45,60,111,81,79,79,35,76,111,55,93
25,49,56,34,96,89,77,17,71,70,30,94,84,80,97,106,71,69,93,71,34,58,68,68,79,81,53,61,58,59,80,71,75,77,67,66,71,74,87,122,102,94,55,55,75,81,82,77,57,66,71,76,54,39,48,48,44,-15,92,82,84,90,95,59,81,73,64,35,65,69,77,68,58,32,91,68,92,85,61,6,84,58,64,34,126,48,47,88,30,60,30,64,69,82,79,107,118,89,96,54,76,79,71,64,65,74,13,72,46,49,69,62,86,79,84,77,111,87,63,99,83,90,103,117,54,85,97,95,91,76,85,93,73,42,79,85,80,93,79,69,90,69,67,31,21,78,45,93,92,93,72,14,92,70,58,73,53,33,99,103,83,68,49,18,68,54,65,40,36,124,112,96,81,93,100,82,49,86,62,67,68,78,65,93,122,75,80,80,77,85,87,84,86,70,32,44,59,47,51,55,96,25,70,74,55,67,71,78,98,77,47,48,49,41,78,77,81,57,43,77,79,81,59,69,77,71,96,91,73,65,95,94,94,93,70,75,76,72,90,74,35,54,69,53,33,97,74,82,83,77,55,87,71,106,76,78,62,40,99,64,85,37,84,87,68,92,63,102,119,95,86,40,66,46,64,61,66,41,81,80,88,95,74,68,89,23,72,111,122,95,119,75,82,84,70,70,76,60,66,81,66,75,84,10,74,80,74,81,81,90,91,83,71,78,70,68,107,43,91,79,72,58,-2,64,57,86,80,61,77,41,84,68,71,81,98,26,88,38,86,65,35,98,71,49,72,40,78,57,85,89,44,69,67,59,14,48,55,94,61,62,57,43,47,52,41,73,83,87,2,47,41,61,73,80,80,88,69,74,65,67,49,34,83,90,90,93,87,68,62,35,85,78,85,77,76,61,72,93,53,35,49,13,72,66,71,68,56,59,97,77,69,82,51,45,72,72,11,69,41,23,61,77,73,21,67,62,70,68,78,70,81,88,91,53,46,132,82,95,53,60,106,92,68,43,66,101,78,73,84,78,75,43,86,36,44,37,34,64,46,40,62,57,37,60,83,77,75,60,19,47,50,90,107,59,56,33,72,40,84,85,76,98,93,56,98,55,111,57,91,56,72,76,77,61,56,118,99,37,58,80,84,48,104,54,54,92,61,61,69,87,63,40,18,49,58,54,57,59,76,66,56,34,56,54,78,75,72,74,91,67,69,63,71,59,75,58,66,66,64,115,36,92,63,61,55,16,76,76,65,67,75,72,49,57,17,65,69,67,82,-15,87,92,90,102,62,64,107,77,102,92,83,64,68,63,61,68,45,87,66,102,13,80,71,-16,82,82,47,34,49,45,68,93,75,75,63,51,72,52,62,66,61,62,57,46,65,62,77,69,81,91,66,71,71,66,107,72,95,86,2,85,86,46,57,58,61,114,114,118,67,40,55,46,51,77,53,67,73,66,60,81,62,57,75,74,83,65,54,57,65,101,73,105,73,54,76,51,92,67,61,105,90,38,38,103,23,2,46,60,44,104,89,120,81,64,81,39,66,61,87,97,9,50,34,69,57,64,70,70,65,60,76,79,71,61,26,89,71,97,82,76,78,59,65,75,60,64,69,53,2,68,72,-1,91,88,75,74,89,86,76,80,61,50,87,76,102,82,84,87,90,115,92,69,86,114,97,92,79,70,69,95,44,42,29,142,69,74,53,71,96,72,64,74,63,74,73,45,86,62,74,43,69,-11,56,103,82,64,93,55,42,60,56,63,81,29,99,82,77,66,70,71,29,84,62,77,68,82,82,47,63,67,-7,75,34,85,97,102,102,38,104,76,72,57,56,66,61,80,80,91,90,48,42,71,77,53,75,60,88,84,66,79,51,87,42,69,79,51,73,64,82,67,63,22,76,66,79,58,64,51,38,38,67,55,53,45,24,56,81,35,81,91,76,66,71,60,58,48,41,62,96,88,79,26,98,55,39,70,68,82,79,111,91,46,53,57,56,34,71,51,82,55,29,76,72,57,66,82,27,63,41,45,99,84,88,68,85,102,87,78,85,87,71,62,52,66,21,79,70,60,74,65,58,76,94,92,86,25,83,63,40,83,90,37,96,58,90,107,100,110,119,56,86,88,44,81,68,52,70,87,76,113,60,75,104,92,18,52,88,31,72,72,88,65,43,11,68,103,46,78,99,42,30,46,89,87,96,99,75,76,51,108,106,24,97,49,79,79,69,81,84,84,87,83,64,93,40,38,73,77,82,75,52,69,115,91,88,88,43,80,114,61,100
27,60,62,39,99,94,87,20,75,87,33,103,99,91,101,108,80,78,98,78,40,65,71,75,87,86,60,68,64,65,88,79,84,86,77,73,79,82,97,125,109,102,61,62,78,89,90,86,63,73,78,86,60,47,53,54,71,6,99,91,92,96,103,66,91,86,71,46,73,77,79,78,59,34,99,85,101,94,69,8,86,64,68,69,133,53,52,97,36,68,34,70,73,90,82,114,122,92,98,63,82,87,78,71,73,82,20,78,59,59,78,69,94,85,91,85,112,95,73,105,89,92,108,118,61,93,107,106,99,95,89,103,75,46,84,89,86,101,87,77,93,76,74,67,57,87,62,96,94,95,79,17,102,77,66,74,59,36,104,109,87,75,55,21,73,58,69,46,41,130,122,103,88,95,108,89,68,90,66,75,76,86,74,103,124,83,88,89,86,94,96,93,96,77,53,57,61,52,55,58,101,33,74,77,61,98,76,81,104,85,52,52,54,47,86,87,83,63,49,85,88,85,70,77,86,80,105,100,79,72,104,104,103,102,79,81,83,80,93,83,43,57,74,63,37,100,80,87,88,84,66,93,76,111,81,88,71,44,103,65,94,42,93,96,80,102,71,112,125,97,91,49,68,49,71,69,73,43,86,83,89,100,86,88,101,24,84,116,124,106,123,81,84,88,76,77,85,87,71,90,72,84,91,13,79,89,83,89,90,99,101,92,79,88,76,75,134,46,99,89,79,65,6,71,68,94,88,68,92,44,89,76,78,85,111,32,90,51,95,81,72,103,79,54,80,50,85,67,93,91,55,77,71,70,28,55,62,102,68,69,64,50,52,55,47,74,96,96,25,53,49,69,80,87,89,97,78,83,72,73,56,37,94,98,98,102,97,75,67,40,92,84,93,85,83,68,78,103,57,43,54,15,77,74,78,75,62,66,102,84,76,90,56,51,107,75,30,76,43,37,69,81,81,24,74,69,78,76,86,77,88,99,99,57,52,134,91,96,59,67,111,99,75,55,72,102,87,79,91,85,78,52,93,42,49,42,36,69,57,46,68,63,51,68,92,86,82,67,31,63,52,97,110,69,63,39,75,49,93,94,85,103,101,63,107,64,119,65,98,74,76,81,79,64,58,122,112,49,78,90,96,65,110,61,75,101,65,68,77,91,71,42,22,56,59,61,63,63,84,75,64,37,62,59,85,82,79,80,100,76,77,72,78,66,80,61,80,72,71,126,40,103,69,70,63,57,81,85,81,81,83,73,56,63,21,67,74,72,90,-13,96,98,106,113,70,70,114,93,110,102,85,71,69,64,68,74,51,97,75,112,15,89,81,-14,87,87,53,44,51,51,69,103,85,83,72,61,80,63,68,69,67,67,62,54,72,68,86,76,89,100,75,78,80,74,112,85,106,96,4,95,91,49,63,65,67,116,125,125,69,46,57,53,57,80,54,73,80,73,71,89,70,63,84,82,92,75,61,62,71,103,76,107,78,67,84,57,99,72,70,108,100,44,40,104,35,3,48,64,51,113,99,124,91,71,85,45,73,65,96,101,12,56,38,77,61,74,83,75,67,64,81,84,76,67,58,124,83,101,89,85,86,64,69,80,74,72,77,59,27,76,80,2,100,98,83,82,99,92,85,87,67,59,95,84,111,90,93,97,98,117,102,104,96,116,103,103,88,72,85,103,49,48,41,143,75,81,59,73,105,77,71,81,70,82,81,58,91,75,76,65,77,-10,61,108,86,71,101,63,52,66,60,71,88,68,101,90,81,72,77,77,32,85,64,86,77,90,91,54,70,72,-5,83,40,95,104,108,112,43,113,88,80,64,63,73,68,88,89,99,98,53,51,89,84,66,83,74,93,90,76,88,74,95,47,76,87,62,81,78,91,74,70,45,80,72,87,64,70,57,44,45,76,61,59,52,26,64,90,40,89,95,88,73,78,67,63,56,49,65,103,97,88,31,108,77,40,78,76,88,86,116,99,52,60,64,62,47,76,63,85,58,35,78,73,64,73,87,39,72,47,47,103,93,96,70,93,105,94,86,94,96,76,67,60,73,34,87,78,68,81,73,65,83,104,99,95,28,93,71,43,89,97,81,102,65,99,110,108,116,123,61,90,90,61,86,76,62,76,91,83,114,68,78,108,104,21,63,89,44,75,74,97,68,47,18,76,107,56,83,108,47,45,54,96,97,105,109,83,84,57,113,109,28,111,64,83,83,77,86,88,88,90,88,73,95,45,44,77,84,89,78,58,78,119,100,96,97,51,83,118,66,108
30,76,72,46,103,102,100,46,81,111,37,112,113,102,108,112,92,91,104,90,47,76,75,86,98,93,70,78,73,74,101,91,96,99,91,84,89,94,112,129,119,115,71,71,82,103,102,100,72,83,89,99,69,59,61,62,93,36,111,104,104,103,114,76,105,106,83,61,84,84,84,92,61,36,113,112,114,108,80,13,90,75,74,123,144,60,61,111,57,79,41,79,80,110,99,124,127,97,101,82,92,97,89,81,86,93,31,86,77,75,92,97,105,95,103,98,115,108,93,113,97,95,114,119,75,104,122,121,119,124,96,119,79,51,92,96,95,114,98,89,98,86,85,85,101,99,92,101,98,99,91,38,117,87,77,74,67,53,109,119,92,85,63,71,80,75,74,53,50,138,137,114,99,106,112,100,96,95,71,88,87,99,86,118,127,96,101,103,100,108,109,106,110,89,77,75,65,59,61,62,110,61,81,82,71,117,82,85,114,96,61,58,61,55,99,101,90,72,63,97,102,92,84,90,98,93,118,114,88,82,117,119,115,114,93,90,94,92,98,95,72,77,81,78,44,105,96,95,100,95,83,103,89,120,90,102,105,51,110,66,107,65,106,109,98,117,83,126,135,105,102,71,71,53,82,81,83,46,92,88,91,117,104,116,119,120,103,123,126,123,129,85,89,93,87,87,97,91,77,102,80,96,102,44,86,103,96,101,102,112,115,105,91,103,84,86,152,92,110,104,89,75,42,83,84,107,100,78,99,50,97,87,88,92,130,63,94,72,108,105,101,111,91,69,93,65,96,81,106,95,72,88,94,79,50,65,71,113,78,79,74,59,60,58,55,76,109,109,48,62,61,81,91,97,102,111,91,96,82,83,66,43,111,110,110,115,112,87,75,47,103,94,104,97,94,79,88,119,63,54,62,18,86,85,88,84,71,77,109,94,86,101,64,61,161,81,59,86,61,89,82,88,92,46,85,80,90,88,97,88,99,115,113,64,61,137,105,99,77,106,119,110,85,75,82,104,99,95,102,96,82,65,102,50,55,51,55,77,72,65,78,73,70,78,106,100,94,77,53,86,55,109,115,84,74,47,80,63,106,107,98,111,114,73,122,77,130,75,110,101,82,89,91,69,60,129,124,67,107,103,114,100,121,71,108,114,73,77,89,96,83,47,28,66,62,71,73,69,96,88,80,46,71,68,94,91,90,89,114,89,89,86,89,69,89,71,82,83,82,143,47,120,79,83,74,75,89,97,104,101,95,76,65,70,27,70,89,79,102,-10,108,111,124,130,89,79,123,119,121,124,88,82,78,66,80,84,74,111,106,126,18,102,97,55,94,95,62,59,54,59,70,118,100,95,85,78,91,80,78,74,77,75,71,67,82,78,99,86,101,114,88,89,94,87,119,105,121,111,6,110,97,54,72,76,76,120,129,135,72,55,62,63,65,84,88,82,90,83,88,99,81,73,97,93,104,90,73,70,81,106,80,109,85,86,95,65,119,79,80,114,114,53,48,106,67,35,58,95,72,128,113,130,104,82,90,53,83,86,109,108,21,64,52,89,72,88,99,83,71,71,89,91,83,76,107,128,101,107,105,97,98,72,75,87,93,85,88,70,91,88,92,6,114,112,96,95,113,102,98,98,77,72,106,94,126,101,105,110,110,119,116,113,110,118,112,120,102,75,92,126,58,56,79,146,85,93,68,77,119,84,82,91,80,93,94,78,99,95,79,98,89,33,85,115,91,101,113,75,73,76,67,84,99,92,105,102,87,81,88,87,36,87,79,98,90,101,104,65,79,79,5,96,57,110,114,121,127,102,126,112,91,75,73,84,79,100,101,112,109,61,64,96,94,95,96,99,101,99,92,101,108,108,61,87,100,81,95,100,104,85,80,79,85,82,99,72,79,68,52,54,89,71,68,62,29,75,104,69,101,101,92,83,89,79,71,66,62,71,114,109,101,56,122,98,42,91,88,96,95,122,112,61,69,73,73,66,82,83,90,63,47,85,74,75,85,95,83,86,56,54,108,106,107,89,106,109,105,98,107,110,83,75,72,84,68,99,89,80,91,84,76,93,118,110,107,34,106,83,70,104,108,113,110,99,111,116,120,126,129,69,104,93,77,93,88,78,86,97,93,116,79,82,112,115,29,79,91,63,81,77,108,72,54,57,87,137,74,91,120,55,67,65,107,111,119,125,94,95,66,122,120,75,121,86,89,88,89,91,94,94,95,96,87,99,53,53,84,95,100,84,67,92,126,114,109,110,120,88,123,95,125
35,112,85,127,126,120,137,142,140,170,223,234,197,117,166,179,132,108,246,108,80,87,110,157,118,105,107,96,87,85,132,106,108,106,99,97,150,113,132,152,133,133,87,114,160,149,601,110,86,86,120,123,137,97,73,71,119,163,134,124,135,116,255,91,147,127,102,109,91,92,95,103,104,68,130,136,139,126,98,144,475,116,123,206,159,65,68,151,182,741,97,156,212,187,133,172,255,314,256,165,107,111,104,95,96,113,104,150,127,129,508,126,112,109,118,122,126,216,144,174,128,241,205,122,119,129,254,184,197,328,709,222,217,153,162,126,236,153,384,105,320,102,95,120,115,173,176,115,104,109,105,120,269,112,110,101,97,96,448,143,143,221,77,174,89,98,84,78,56,403,155,126,118,121,130,151,107,120,153,117,100,114,104,143,151,106,116,145,135,464,330,142,132,121,101,229,112,72,70,137,171,121,173,107,83,128,97,95,155,157,86,68,76,161,120,115,127,83,151,135,190,96,122,100,109,102,145,155,112,95,237,132,131,127,112,109,171,104,104,152,89,155,116,124,120,179,112,166,121,107,182,111,163,328,115,117,134,121,133,120,233,122,118,129,158,191,125,148,220,155,574,106,194,92,99,95,98,89,101,105,99,176,126,139,126,180,129,224,177,244,155,113,106,103,107,118,226,109,118,118,124,114,116,122,131,113,114,166,496,145,164,123,107,108,171,103,302,456,136,250,334,96,96,100,100,117,154,405,226,296,294,123,161,205,259,611,159,2533,462,256,970,206,138,137,436,112,258,224,515,106,99,111,100,199,83,81,85,186,90,84,76,67,65,254,80,83,124,143,236,75,122,97,106,110,116,126,105,132,102,105,81,142,402,137,239,122,121,105,89,120,245,116,120,108,108,99,91,134,79,75,72,76,115,115,100,97,82,84,122,107,102,119,283,101,218,129,141,129,124,137,155,186,98,102,98,100,149,95,104,104,136,137,123,74,130,186,166,167,127,648,231,164,785,163,322,626,1766,146,182,1271,106,366,282,174,159,146,149,121,335,99,96,83,93,92,667,115,112,84,145,142,158,1122,430,343,96,87,327,118,197,115,114,124,130,131,140,98,171,158,248,435,152,195,527,319,117,460,146,277,165,145,180,175,176,92,188,118,81,84,112,106,113,137,35,78,137,121,92,132,104,97,98,135,77,77,102,99,102,102,129,106,355,115,100,99,126,89,95,94,99,189,159,147,99,100,102,95,111,126,228,150,117,83,170,82,78,88,144,162,164,119,121,128,199,170,228,188,150,167,183,207,91,115,100,459,115,141,99,127,164,154,133,125,119,108,178,107,74,194,73,69,82,180,188,105,113,134,149,200,105,88,93,86,90,86,111,95,114,91,118,129,108,105,105,115,146,130,329,145,52,307,128,57,92,85,98,140,165,148,78,84,75,68,67,110,151,203,93,92,198,116,197,93,108,120,241,114,371,133,203,141,157,147,139,130,341,261,335,126,335,165,148,69,73,127,142,157,149,141,103,146,136,151,115,106,113,98,172,122,117,260,87,96,172,108,206,161,122,132,128,108,120,255,118,553,161,451,139,119,120,118,116,88,105,108,121,100,97,81,126,108,104,128,273,261,123,139,130,110,109,109,95,127,124,114,132,158,219,138,146,255,173,142,1203,150,315,167,136,85,111,181,462,102,177,256,107,106,89,86,123,100,97,97,186,119,103,110,219,144,123,208,135,110,122,119,118,131,128,115,96,91,115,171,181,112,111,128,133,94,94,98,78,95,112,125,109,112,127,94,89,102,90,179,129,131,133,137,166,174,133,148,101,91,87,87,230,116,129,120,121,71,110,104,116,106,106,187,118,113,116,120,127,127,112,96,166,108,219,177,134,150,149,104,130,105,118,84,118,84,65,66,117,82,182,71,87,86,109,167,113,106,128,96,106,94,525,88,393,106,354,123,119,122,179,114,97,106,106,117,131,191,130,68,81,89,85,99,257,105,100,84,110,100,94,93,105,163,123,123,69,81,120,163,124,191,113,113,112,244,321,131,99,94,148,123,117,110,97,97,99,531,88,109,120,120,120,121,124,127,164,1285,558,605,203,205,1101,289,150,378,843,380,695,122,189,234,689,105,101,438,151,205,436,249,150,163,138,628,313,201,316,150,218,228,257,181,101,157,318,114,221,115,87,73,120,129,134,151,116,132,245,188,166,136,140,110,191,126,589,279,108,173,107,114,121,107,77,85,101,132,141,127,73,159,153,149,127,133,292,359,379,210,632
40,153,87,161,171,140,183,143,176,246,327,399,235,134,178,292,173,120,409,127,93,94,143,267,137,126,117,116,98,87,166,108,111,107,103,102,230,133,141,176,140,145,104,198,358,204,829,113,88,88,159,146,213,164,81,71,181,276,225,138,173,139,318,101,240,136,119,147,96,119,108,110,123,73,137,149,166,139,112,398,666,165,232,286,174,68,74,309,377,1394,109,370,245,311,153,235,384,908,585,350,120,123,107,95,99,135,129,303,201,278,535,150,117,110,132,151,145,528,264,218,163,275,448,131,137,207,519,295,314,581,826,447,393,350,272,160,409,195,718,116,694,108,98,176,125,225,225,134,111,119,109,187,282,141,175,182,146,125,507,202,205,258,92,279,97,104,101,82,56,439,171,134,142,170,155,243,112,160,203,170,103,127,104,169,193,110,122,205,189,597,617,187,154,162,126,847,248,84,79,325,288,175,253,138,93,135,140,123,205,336,156,78,92,245,143,120,192,90,254,217,319,100,131,108,119,103,181,277,144,97,264,137,136,139,128,139,298,106,107,228,94,237,167,209,154,192,130,178,165,112,213,113,255,381,125,124,158,134,152,140,256,139,122,146,314,276,196,166,389,231,641,131,251,218,108,99,113,98,105,139,127,193,137,236,129,234,135,323,262,386,196,128,115,117,146,237,265,123,122,127,288,118,125,141,172,114,120,311,1085,196,256,134,107,109,298,120,472,963,173,724,843,124,135,107,103,123,267,514,280,598,523,187,375,518,433,889,326,2604,846,455,1024,348,192,204,907,149,535,255,871,136,114,140,115,299,89,90,97,279,99,85,77,73,70,507,119,101,161,171,246,79,265,99,120,114,126,138,107,178,131,163,95,179,749,165,418,126,125,118,104,123,257,173,134,109,108,122,92,139,146,91,76,100,136,150,109,107,87,87,135,117,118,129,812,154,268,199,461,988,164,178,253,415,101,122,106,130,184,95,104,107,179,155,129,85,226,479,317,247,147,1599,435,435,909,311,982,1064,2027,206,276,1573,137,817,680,532,326,329,388,184,371,118,114,85,96,93,819,125,127,90,347,232,343,1604,949,382,124,96,389,466,318,117,116,138,133,135,148,118,224,191,320,504,310,473,827,1191,248,937,171,835,304,220,253,1359,294,122,274,120,81,88,143,118,158,312,35,83,173,177,111,261,111,99,103,419,77,77,106,99,102,102,132,111,392,172,104,101,133,104,129,105,114,242,189,161,128,115,154,111,134,200,243,206,157,92,473,95,80,95,176,167,203,130,126,141,313,231,289,335,187,212,285,322,93,163,143,540,195,241,107,134,196,182,146,154,123,126,273,119,82,216,94,69,99,296,316,113,148,164,225,491,139,122,110,91,136,98,142,111,126,91,121,143,123,105,106,179,180,136,356,207,66,333,140,59,139,88,129,168,170,160,85,217,77,70,67,140,217,209,93,94,323,131,198,125,109,169,435,134,394,238,409,271,268,218,224,193,486,318,655,356,359,256,167,89,95,151,147,211,166,218,129,168,154,179,119,141,141,121,325,158,123,381,116,225,231,120,235,196,136,154,186,156,158,440,296,614,177,602,177,152,129,152,125,110,158,178,148,107,103,83,152,128,105,129,610,512,166,309,143,116,112,112,117,224,139,147,134,265,375,167,190,626,239,193,1316,235,766,217,260,103,184,248,538,178,408,412,160,115,164,108,124,125,104,101,472,151,104,137,335,198,168,326,245,173,139,120,119,153,142,163,107,97,172,270,262,127,117,156,184,106,96,106,80,104,118,157,111,118,151,129,91,159,94,385,281,147,155,153,208,248,135,181,111,106,91,89,319,117,173,125,131,77,145,118,144,111,107,220,129,118,139,132,140,144,269,103,188,117,221,257,176,241,269,122,244,134,136,93,163,95,65,68,147,93,357,77,98,88,110,259,122,127,231,100,108,100,532,119,648,184,409,132,125,189,241,132,173,115,119,144,249,255,143,70,86,105,91,132,399,127,111,122,146,120,104,120,132,268,151,145,80,97,132,164,140,231,115,116,113,257,608,153,116,142,348,178,145,110,97,97,102,1377,98,116,120,121,121,131,132,216,251,1356,685,701,799,320,3063,607,220,784,1294,2272,2334,258,587,497,2915,132,117,877,233,341,506,438,253,451,204,664,611,409,508,239,346,556,463,405,111,167,348,146,409,475,106,75,121,137,138,176,138,171,499,345,176,156,168,130,319,241,680,586,122,403,124,143,153,117,126,144,121,189,158,169,74,260,182,202,127,154,428,1007,460,287,807
45,193,90,196,210,160,205,145,193,321,384,505,269,164,191,327,184,133,416,146,130,101,175,292,156,146,127,136,109,88,200,110,114,108,107,107,310,153,150,200,147,158,121,283,556,258,831,116,91,89,198,170,288,231,89,72,223,303,248,152,211,162,379,112,334,145,136,184,102,131,122,116,137,100,145,163,192,152,126,430,721,214,341,366,188,70,81,467,572,1752,120,475,278,420,173,298,461,1232,654,475,133,135,109,96,101,156,152,448,274,496,562,173,122,110,146,180,164,688,392,262,198,297,481,139,155,284,691,396,430,703,942,672,544,526,381,194,594,238,1053,126,732,114,101,231,134,277,259,152,118,126,113,254,295,169,240,264,194,153,566,261,263,273,106,383,105,109,118,86,57,476,186,142,165,186,158,313,117,176,299,222,106,140,104,195,235,115,128,265,242,688,904,232,175,203,151,904,317,97,88,336,470,234,268,199,108,168,187,157,255,403,162,88,107,269,166,125,228,98,307,297,422,104,217,115,129,105,217,294,176,99,290,141,141,151,144,169,512,108,109,304,99,266,224,260,187,205,155,191,170,116,217,116,425,418,128,130,182,148,208,161,258,157,126,163,471,361,267,184,580,307,806,156,308,563,118,104,128,108,155,173,176,209,149,474,131,268,140,366,347,568,258,159,132,132,202,288,298,130,127,135,532,121,133,160,213,115,125,457,1117,247,348,146,107,110,424,138,642,1223,210,1169,1139,153,173,114,105,129,380,923,316,844,645,251,716,830,607,1101,494,2674,996,653,1077,426,436,268,1327,186,811,287,1165,166,130,168,123,331,94,98,108,295,109,86,77,80,74,538,157,119,201,176,255,83,407,101,134,117,137,149,108,224,160,221,108,217,1095,193,597,130,128,130,120,127,269,230,149,109,109,146,92,144,212,107,79,125,142,185,119,117,91,91,148,127,133,138,1314,208,319,269,1433,1082,205,212,286,494,104,233,114,161,188,95,104,109,222,172,134,95,323,773,743,328,167,1676,638,707,1034,622,1684,1406,3284,266,369,1876,168,1129,724,889,493,365,439,346,408,134,133,87,99,94,842,135,143,95,382,323,532,1690,995,422,152,105,451,536,420,119,118,152,136,138,157,137,276,224,391,551,407,920,892,1427,611,1074,196,1049,498,294,326,1383,412,152,360,121,81,92,175,130,203,370,35,89,207,219,213,390,117,100,107,484,77,78,111,99,102,103,135,116,430,230,107,103,139,120,164,116,130,296,219,175,158,130,189,120,157,222,253,310,197,101,503,107,83,100,180,179,219,140,131,153,513,313,299,482,223,267,448,447,95,210,186,621,276,342,115,142,208,211,159,183,128,145,369,131,90,218,114,69,115,354,399,122,184,184,301,502,173,154,127,97,183,109,173,127,137,91,125,157,137,105,106,242,217,142,382,260,80,344,151,62,185,90,161,196,204,172,91,365,78,71,68,169,264,215,94,95,449,147,199,156,111,217,741,154,418,342,616,347,379,289,308,257,651,375,761,490,383,317,177,110,116,156,153,266,183,246,155,191,171,207,124,176,169,144,631,194,129,502,144,242,259,133,264,310,149,198,244,205,197,626,409,675,181,655,216,181,138,193,133,131,211,249,175,114,109,86,178,149,106,130,948,525,209,478,156,121,116,115,139,256,154,180,137,371,531,196,234,778,319,244,1429,319,810,267,383,121,211,314,614,255,527,567,214,125,238,131,126,151,112,105,759,183,105,164,415,252,191,376,343,236,166,122,121,174,156,210,117,103,240,432,315,150,122,184,257,117,99,114,83,113,120,189,113,123,174,164,93,213,99,437,407,164,178,172,249,291,137,215,120,121,95,91,323,119,218,130,142,82,169,133,230,116,108,246,134,124,162,144,153,161,426,109,194,126,222,294,218,332,337,140,411,164,154,103,209,106,66,70,176,104,518,83,108,90,111,317,132,154,272,103,110,107,538,150,837,263,464,142,132,256,304,165,235,123,132,171,283,275,156,72,92,121,98,166,512,142,123,160,183,140,114,146,160,373,179,167,91,108,145,166,157,246,117,118,114,271,655,174,133,190,476,234,173,110,97,98,104,1437,107,123,120,122,121,141,141,305,323,1428,728,797,1340,435,5015,925,289,1190,1778,3959,2523,394,986,671,3304,159,132,1226,315,478,576,626,409,612,298,699,963,624,621,302,436,681,669,427,120,176,379,179,596,801,125,77,123,145,143,202,159,210,752,442,186,175,196,149,423,357,771,995,137,527,141,172,172,127,175,148,134,247,167,185,75,361,211,255,127,175,441,2330,494,342,868
50,234,93,231,223,181,257,146,204,624,437,666,284,176,203,361,195,145,423,165,153,108,234,317,176,167,137,156,120,89,233,111,118,108,112,112,375,172,158,224,154,170,138,367,754,312,834,119,94,90,237,194,364,298,98,72,259,324,270,167,248,185,440,122,428,155,154,222,107,181,135,122,161,112,153,176,218,165,139,462,777,264,450,446,203,73,87,626,767,1987,132,580,552,429,193,361,538,1350,723,600,146,147,111,96,103,177,169,584,325,705,590,196,126,111,159,209,183,762,455,306,233,320,495,148,174,680,705,465,547,818,1410,896,669,985,491,227,663,281,1167,137,758,120,104,286,143,330,294,245,125,133,117,321,309,197,305,345,243,673,625,430,295,289,121,436,113,114,135,90,58,512,201,150,189,198,175,337,123,179,455,274,109,154,104,221,277,119,135,326,296,790,1029,277,197,244,176,957,453,109,97,348,505,297,284,210,128,187,254,282,305,420,208,97,123,294,189,130,304,105,321,324,522,108,230,129,139,106,252,300,207,102,317,145,146,162,159,199,738,110,112,380,104,294,377,285,221,218,184,203,177,120,220,118,460,447,129,136,208,161,245,181,261,174,129,181,627,446,339,202,788,382,1019,181,399,746,127,108,143,117,174,207,199,222,160,527,134,289,146,409,356,752,283,206,142,146,350,319,330,142,142,144,772,125,142,179,254,116,131,603,1149,297,440,157,108,111,550,155,813,1293,247,1244,1210,181,212,121,108,136,493,1062,369,869,767,315,1143,1143,781,1183,659,2745,1145,852,1131,503,1326,307,1375,222,1088,318,1233,392,152,224,132,338,100,107,120,311,119,87,77,86,78,569,196,137,207,181,265,87,550,103,148,121,147,161,109,271,189,279,122,254,1323,222,792,134,131,142,135,130,280,287,163,109,109,169,92,149,268,123,83,149,149,219,129,127,95,94,161,137,149,147,1362,261,370,339,1584,1177,245,296,318,513,107,409,122,191,193,95,104,111,265,190,140,105,409,1066,1365,408,187,1742,1363,930,1170,840,1771,1646,3951,327,463,2178,198,1456,767,1253,659,401,447,427,434,157,151,89,102,95,865,145,158,101,415,413,755,1776,1040,461,180,114,512,568,455,122,120,165,139,141,165,157,329,256,463,590,472,1006,957,1467,990,1287,221,1263,518,369,399,1408,530,182,456,123,81,96,216,142,235,401,35,94,259,243,218,519,123,102,112,492,78,78,115,100,102,103,138,121,467,288,111,114,162,135,198,127,145,349,248,190,301,145,192,124,232,234,264,352,237,110,533,120,85,105,184,198,223,151,135,175,667,460,310,722,260,631,615,543,97,258,229,783,356,535,123,149,221,240,172,197,132,163,464,144,99,221,134,70,127,402,450,130,220,201,377,512,207,229,144,102,230,120,205,143,148,91,129,171,152,105,107,306,275,148,408,265,94,351,162,64,194,92,192,223,215,184,98,445,80,72,68,209,310,221,94,96,574,163,200,188,112,266,1046,175,442,412,916,424,490,360,393,320,843,432,866,518,409,323,188,130,134,160,159,320,201,257,163,213,188,233,129,182,197,169,719,230,135,617,173,260,271,145,350,328,163,245,283,255,235,812,420,735,185,708,255,200,146,196,142,153,264,320,202,121,115,89,204,169,108,130,1286,538,252,647,169,127,119,118,161,289,169,213,139,478,688,225,279,930,431,295,1543,404,854,317,497,139,237,380,690,331,541,675,267,135,312,153,127,177,119,109,1045,215,105,190,495,306,205,405,424,262,206,124,122,195,169,240,121,110,307,495,368,171,128,213,350,128,101,122,86,123,123,216,116,129,198,199,95,224,103,489,512,180,201,193,291,294,139,248,130,136,99,92,327,121,262,136,152,88,196,152,244,128,110,256,139,129,184,155,167,178,647,116,200,135,223,314,260,397,353,158,647,194,172,112,254,117,66,73,206,115,541,89,119,92,113,330,141,175,300,106,111,113,544,181,1025,341,519,151,138,365,360,208,289,194,144,198,310,295,169,73,97,137,105,186,529,151,135,199,219,160,124,172,187,399,204,196,102,144,157,167,174,261,119,121,115,284,702,195,150,238,488,289,200,110,97,98,107,1498,117,130,120,122,122,151,150,366,395,1500,771,893,1860,550,6492,1243,358,1596,2452,4175,2712,529,1571,798,3692,186,147,1485,397,614,646,719,595,627,638,735,994,847,712,321,525,806,985,449,130,187,409,211,784,1023,143,79,125,153,147,228,181,249,915,486,196,190,228,195,618,487,862,1075,151,628,306,201,192,137,224,151,136,297,176,191,76,463,241,307,127,197,455,2512,524,391,908
