"depths","X1","X2","X3","X4","X5","X6","X7","X8","X9","X10","X11","X12","X13","X14","X15","X16","X17","X18","X19","X20","X21","X22","X23","X24","X25","X26","X27","X28","X29","X30","X31","X32","X33","X34","X35","X36","X37","X38","X39","X40","X41","X42","X43","X44","X45","X46","X47","X48","X49","X50","X51","X52","X53","X54","X55","X56","X57","X58","X59","X60","X61","X62","X63","X64","X65","X66","X67","X68","X69","X70","X71","X72","X73","X74","X75","X76","X77","X78","X79","X80","X81","X82","X83","X84","X85","X86","X87","X88","X89","X90","X91","X92","X93","X94","X95","X96","X97","X98","X99","X100","X101","X102","X103","X104","X105","X106","X107","X108","X109","X110","X111","X112","X113","X114","X115","X116","X117","X118","X119","X120","X121","X122","X123","X124","X125","X126","X127","X128","X129","X130","X131","X132","X133","X134","X135","X136","X137","X138","X139","X140","X141","X142","X143","X144","X145","X146","X147","X148","X149","X150","X151","X152","X153","X154","X155","X156","X157","X158","X159","X160","X161","X162","X163","X164","X165","X166","X167","X168","X169","X170","X171","X172","X173","X174","X175","X176","X177","X178","X179","X180","X181","X182","X183","X184","X185","X186","X187","X188","X189","X190","X191","X192","X193","X194","X195","X196","X197","X198","X199","X200","X201","X202","X203","X204","X205","X206","X207","X208","X209","X210","X211","X212","X213","X214","X215","X216","X217","X218","X219","X220","X221","X222","X223","X224","X225","X226","X227","X228","X229","X230","X231","X232","X233","X234","X235","X236","X237","X238","X239","X240","X241","X242","X243","X244","X245","X246","X247","X248","X249","X250","X251","X252","X253","X254","X255","X256","X257","X258","X259","X260","X261","X262","X263","X264","X265","X266","X267","X268","X269","X270","X271","X272","X273","X274","X275","X276","X277","X278","X279","X280","X281","X282","X283","X284","X285","X286","X287","X288","X289","X290","X291","X292","X293","X294","X295","X296","X297","X298","X299","X300","X301","X302","X303","X304","X305","X306","X307","X308","X309","X310","X311","X312","X313","X314","X315","X316","X317","X318","X319","X320","X321","X322","X323","X324","X325","X326","X327","X328","X329","X330","X331","X332","X333","X334","X335","X336","X337","X338","X339","X340","X341","X342","X343","X344","X345","X346","X347","X348","X349","X350","X351","X352","X353","X354","X355","X356","X357","X358","X359","X360","X361","X362","X363","X364","X365","X366","X367","X368","X369","X370","X371","X372","X373","X374","X375","X376","X377","X378","X379","X380","X381","X382","X383","X384","X385","X386","X387","X388","X389","X390","X391","X392","X393","X394","X395","X396","X397","X398","X399","X400","X401","X402","X403","X404","X405","X406","X407","X408","X409","X410","X411","X412","X413","X414","X415","X416","X417","X418","X419","X420","X421","X422","X423","X424","X425","X426","X427","X428","X429","X430","X431","X432","X433","X434","X435","X436","X437","X438","X439","X440","X441","X442","X443","X444","X445","X446","X447","X448","X449","X450","X451","X452","X453","X454","X455","X456","X457","X458","X459","X460","X461","X462","X463","X464","X465","X466","X467","X468","X469","X470","X471","X472","X473","X474","X475","X476","X477","X478","X479","X480","X481","X482","X483","X484","X485","X486","X487","X488","X489","X490","X491","X492","X493","X494","X495","X496","X497","X498","X499","X500","X501","X502","X503","X504","X505","X506","X507","X508","X509","X510","X511","X512","X513","X514","X515","X516","X517","X518","X519","X520","X521","X522","X523","X524","X525","X526","X527","X528","X529","X530","X531","X532","X533","X534","X535","X536","X537","X538","X539","X540","X541","X542","X543","X544","X545","X546","X547","X548","X549","X550","X551","X552","X553","X554","X555","X556","X557","X558","X559","X560","X561","X562","X563","X564","X565","X566","X567","X568","X569","X570","X571","X572","X573","X574","X575","X576","X577","X578","X579","X580","X581","X582","X583","X584","X585","X586","X587","X588","X589","X590","X591","X592","X593","X594","X595","X596","X597","X598","X599","X600","X601","X602","X603","X604","X605","X606","X607","X608","X609","X610","X611","X612","X613","X614","X615","X616","X617","X618","X619","X620","X621","X622","X623","X624","X625","X626","X627","X628","X629","X630","X631","X632","X633","X634","X635","X636","X637","X638","X639","X640","X641","X642","X643","X644","X645","X646","X647","X648","X649","X650","X651","X652","X653","X654","X655","X656","X657","X658","X659","X660","X661","X662","X663","X664","X665","X666","X667","X668","X669","X670","X671","X672","X673","X674","X675","X676","X677","X678","X679","X680","X681","X682","X683","X684","X685","X686","X687","X688","X689","X690","X691","X692","X693","X694","X695","X696","X697","X698","X699","X700","X701","X702","X703","X704","X705","X706","X707","X708","X709","X710","X711","X712","X713","X714","X715","X716","X717","X718","X719","X720","X721","X722","X723","X724","X725","X726","X727","X728","X729","X730","X731","X732","X733","X734","X735","X736","X737","X738","X739","X740","X741","X742","X743","X744","X745","X746","X747","X748","X749","X750","X751","X752","X753","X754","X755","X756","X757","X758","X759","X760","X761","X762","X763","X764","X765","X766","X767","X768","X769","X770","X771","X772","X773","X774","X775","X776","X777","X778","X779","X780","X781","X782","X783","X784","X785","X786","X787","X788","X789","X790","X791","X792","X793","X794","X795","X796","X797","X798","X799","X800","X801","X802","X803","X804","X805","X806","X807","X808","X809","X810","X811","X812","X813","X814","X815","X816","X817","X818","X819","X820","X821","X822","X823","X824","X825","X826","X827","X828","X829","X830","X831","X832","X833","X834","X835","X836","X837","X838","X839","X840","X841","X842","X843","X844","X845","X846","X847","X848","X849","X850","X851","X852","X853","X854","X855","X856","X857","X858","X859","X860","X861","X862","X863","X864","X865","X866","X867","X868","X869","X870","X871","X872","X873","X874","X875","X876","X877","X878","X879","X880","X881","X882","X883","X884","X885","X886","X887","X888","X889","X890","X891","X892","X893","X894","X895","X896","X897","X898","X899","X900","X901","X902","X903","X904","X905","X906","X907","X908","X909","X910","X911","X912","X913","X914","X915","X916","X917","X918","X919","X920","X921","X922","X923","X924","X925","X926","X927","X928","X929","X930","X931","X932","X933","X934","X935","X936","X937","X938","X939","X940","X941","X942","X943","X944","X945","X946","X947","X948","X949","X950","X951","X952","X953","X954","X955","X956","X957","X958","X959","X960","X961","X962","X963","X964","X965","X966","X967","X968","X969","X970","X971","X972","X973","X974","X975","X976","X977","X978","X979","X980","X981","X982","X983","X984","X985","X986","X987","X988","X989","X990","X991","X992","X993","X994","X995","X996","X997","X998","X999","X1000"
0,14137,14420,14148,14133,14145,14080,14204,14150,14129,14144,14081,13856,14218,14189,14232,14268,14272,14271,14272,13663,13930,14052,14041,14087,14070,14113,14097,13600,13689,14044,14065,14095,13854,14115,13897,13633,14068,14016,14217,14179,14185,14163,14074,14046,14074,14086,14094,14094,14137,14034,14104,14125,13984,13873,13860,13226,14152,14219,14072,14080,14073,13875,13275,14076,14101,13633,13962,14252,11753,13538,13281,14554,14548,13064,14122,13622,14160,14340,14046,14088,14252,10697,14220,14395,14087,13747,13934,13168,14008,13007,14479,14166,14023,14384,11975,7635,14325,14205,14188,13094,12120,14010,10689,14300,13634,13904,14221,14344,14490,13904,13827,13894,14073,13111,14018,12544,14024,12192,12951,13492,14120,14169,13427,14245,13070,14487,14394,14273,14523,13954,14112,14071,13553,11372,14097,13992,14051,14128,13604,13574,14211,14183,14208,14144,13035,13303,13635,14077,13626,12290,10050,12828,12703,13666,12437,11470,12586,13418,14156,13626,12577,11937,13319,13880,14189,14235,8486,12893,12816,14487,10034,13888,14027,14091,13573,14338,13614,13778,14221,14391,14056,13307,14186,14471,13579,14025,14110,14263,14103,13607,10970,13943,12624,14200,14227,11607,14048,14093,13899,12504,14446,13994,13658,14297,13995,13995,14060,14393,14572,13876,14081,14265,14375,14110,13882,13991,13217,13042,13999,14092,14081,14233,14102,14060,14088,14317,13910,13979,14017,14072,13718,14145,14183,14131,14320,14083,14320,13780,14427,14186,14303,13193,14135,14101,14075,14192,13843,13912,13918,14137,13635,13443,14076,14104,14045,14082,13724,14237,14376,12431,14269,13953,14241,14161,14450,13762,14190,13833,13885,13451,14216,14159,14170,14182,14204,14336,14222,13530,13767,13951,13889,14193,14628,14322,13950,14237,14151,13474,13063,13788,14068,13516,13438,14104,14130,13949,14082,13625,14134,14072,14295,13103,14585,14439,14018,12942,14407,13832,14046,14106,14216,14188,13878,13995,13936,14344,14022,13955,13784,13188,13901,14147,14571,14037,14205,14108,14173,14060,13942,14366,14241,14038,13869,13895,13972,13865,14157,8185,14021,12996,12836,14152,14059,12849,14346,12890,12119,12975,14107,13700,12252,14069,14107,13515,14268,9690,12033,14200,14433,12674,11636,12417,14120,8850,11676,13486,14072,13768,14040,12930,13779,12194,12700,14250,13117,14052,14063,13961,13469,14037,13226,14188,13597,14009,14260,13221,14554,13920,12727,12634,14018,14202,13748,14263,13005,14257,13221,13202,13534,12925,14288,14201,14088,14249,13613,10424,13409,13930,14077,13485,14185,14177,14318,11263,14218,12571,13676,14092,12944,14274,14231,10474,13347,14534,13202,14223,14486,14491,14043,13902,13716,11894,13334,14240,13772,14105,9830,13818,12688,9349,13929,12938,14411,14011,9338,12480,14194,14417,13409,13565,13689,14160,13514,14087,14138,13839,13892,14164,14019,10895,13285,14372,10466,13625,13800,13661,14085,13002,14407,10553,13970,14022,13604,13028,14245,12383,14163,14599,12151,13223,14014,14075,14366,14156,14071,14074,14163,14162,13982,14082,14169,13992,14121,14033,13893,14133,13176,13988,14082,14111,14193,13966,13701,13411,13714,14191,14205,13924,14135,13950,13636,14035,14103,14437,14189,14061,13669,13019,13964,14100,14113,14086,13838,14056,14120,14171,14088,14101,14051,14108,14053,14179,14110,12885,14209,13987,13948,13879,14121,14117,14155,14078,14115,13978,14073,14087,14112,14168,14213,13999,14179,14010,14082,14051,13866,13978,14114,14142,14133,14127,14065,13725,14115,13915,13792,13696,13904,14179,14125,13878,13786,14049,13643,14085,13955,14053,14181,14107,13980,14093,13841,14083,13917,14185,14224,13788,14088,14176,14080,13852,13975,14144,13854,14053,14115,14191,14063,14022,14030,14169,14084,14125,14243,13928,13907,14092,14051,14082,14067,14070,14075,13652,14163,14079,14130,14127,14084,14078,14140,13970,14133,13964,14158,14157,14064,14086,11973,13949,13227,14167,13908,14067,14013,13712,13981,14070,14089,13234,14142,14127,14014,13893,13954,14104,14325,14263,14256,14042,14101,14081,14117,14064,14060,14058,14045,14060,14609,14083,14137,13946,14042,13773,14087,14081,14399,14239,14504,14135,14139,14066,14175,14281,14025,13910,14120,14140,13932,13899,14289,13866,14227,14213,14072,14115,14100,14016,14084,14043,14077,13422,13974,13997,13897,14169,14145,14009,13692,14062,13842,14008,14073,13916,14232,14047,14124,14220,13987,14067,14115,13929,13849,14165,13825,14108,14167,14085,14139,14178,14007,13932,14112,13953,13940,14144,14122,14079,13864,13911,14178,14087,14178,13461,13969,13234,14147,13499,14060,14172,14075,14053,14013,14044,14056,13885,14313,14203,14234,14707,14122,14176,14247,13969,13855,14125,13913,14155,14087,14030,14061,14122,14114,14131,14179,14025,14060,13787,14313,14200,13628,14098,14158,14123,14076,14027,14091,14085,14076,14144,14016,13851,14005,14044,14141,14084,14199,13798,13872,13876,13945,14028,14029,13954,14079,13552,14226,14152,14072,14011,14144,14174,14102,14160,14062,13871,14077,14144,14149,13682,14091,13895,13922,14136,14192,14162,14186,14139,14053,14061,13850,14142,14129,13945,13980,14103,14091,14132,14108,14160,14146,14218,14096,14097,14051,14147,14120,14100,14065,14051,14061,14097,14058,14146,14108,14117,13980,14074,14169,14113,14038,14151,14074,13825,13558,14183,13644,13995,14202,14164,13819,14166,14092,13998,14204,14447,14322,13019,14064,12018,13706,14128,14346,14255,13846,14347,14283,14093,13408,13857,14274,14091,14118,14292,14338,14233,14099,14001,14091,14105,14268,14133,14184,14172,14020,13937,14023,14054,14116,13692,13987,13870,14168,14263,14195,14124,13932,13954,14125,13949,14156,14020,14127,14094,14136,14116,13999,14119,13968,13990,14193,14118,14135,14192,14376,14198,14519,13754,12262,14123,13364,14265,14080,14013,13961,14014,14012,14047,14011,13886,14022,14017,14011,13888,14087,14053,14118,14075,14071,14042,14093,14054,14109,14245,14189,14163,14103,14123,14127,14098,14064,14032,13775,14120,14086,13573,14055,14062,14099,14090,14113,13873,14056,14109,14076,14111,14025,14067,14112,14017,13996,13981,13963,14063,13992,14497,14127,14083,14112,14041,14038,14088,13865,14041,13878,14054,14048,14185,14105,14082,14066,14097
0,14137,14420,14148,14133,14145,14080,14204,14150,14129,14144,14081,13856,14218,14189,14232,14268,14272,14271,14272,13663,13930,14052,14041,14087,14070,14113,14097,13600,13689,14044,14065,14095,13854,14115,13897,13633,14068,14016,14217,14179,14185,14163,14074,14046,14074,14086,14094,14094,14137,14034,14104,14125,13984,13873,13860,13226,14152,14219,14072,14080,14073,13875,13275,14076,14101,13633,13962,14252,11753,13538,13281,14554,14548,13064,14122,13622,14160,14340,14046,14088,14252,10697,14220,14395,14087,13747,13934,13168,14008,13007,14479,14166,14023,14384,11975,7635,14325,14205,14188,13094,12120,14010,10689,14300,13634,13904,14221,14344,14490,13904,13827,13894,14073,13111,14018,12544,14024,12192,12951,13492,14120,14169,13427,14245,13070,14487,14394,14273,14523,13954,14112,14071,13553,11372,14097,13992,14051,14128,13604,13574,14211,14183,14208,14144,13035,13303,13635,14077,13626,12290,10050,12828,12703,13666,12437,11470,12586,13418,14156,13626,12577,11937,13319,13880,14189,14235,8486,12893,12816,14487,10034,13888,14027,14091,13573,14338,13614,13778,14221,14391,14056,13307,14186,14471,13579,14025,14110,14263,14103,13607,10970,13943,12624,14200,14227,11607,14048,14093,13899,12504,14446,13994,13658,14297,13995,13995,14060,14393,14572,13876,14081,14265,14375,14110,13882,13991,13217,13042,13999,14092,14081,14233,14102,14060,14088,14317,13910,13979,14017,14072,13718,14145,14183,14131,14320,14083,14320,13780,14427,14186,14303,13193,14135,14101,14075,14192,13843,13912,13918,14137,13635,13443,14076,14104,14045,14082,13724,14237,14376,12431,14269,13953,14241,14161,14450,13762,14190,13833,13885,13451,14216,14159,14170,14182,14204,14336,14222,13530,13767,13951,13889,14193,14628,14322,13950,14237,14151,13474,13063,13788,14068,13516,13438,14104,14130,13949,14082,13625,14134,14072,14295,13103,14585,14439,14018,12942,14407,13832,14046,14106,14216,14188,13878,13995,13936,14344,14022,13955,13784,13188,13901,14147,14571,14037,14205,14108,14173,14060,13942,14366,14241,14038,13869,13895,13972,13865,14157,8185,14021,12996,12836,14152,14059,12849,14346,12890,12119,12975,14107,13700,12252,14069,14107,13515,14268,9690,12033,14200,14433,12674,11636,12417,14120,8850,11676,13486,14072,13768,14040,12930,13779,12194,12700,14250,13117,14052,14063,13961,13469,14037,13226,14188,13597,14009,14260,13221,14554,13920,12727,12634,14018,14202,13748,14263,13005,14257,13221,13202,13534,12925,14288,14201,14088,14249,13613,10424,13409,13930,14077,13485,14185,14177,14318,11263,14218,12571,13676,14092,12944,14274,14231,10474,13347,14534,13202,14223,14486,14491,14043,13902,13716,11894,13334,14240,13772,14105,9830,13818,12688,9349,13929,12938,14411,14011,9338,12480,14194,14417,13409,13565,13689,14160,13514,14087,14138,13839,13892,14164,14019,10895,13285,14372,10466,13625,13800,13661,14085,13002,14407,10553,13970,14022,13604,13028,14245,12383,14163,14599,12151,13223,14014,14075,14366,14156,14071,14074,14163,14162,13982,14082,14169,13992,14121,14033,13893,14133,13176,13988,14082,14111,14193,13966,13701,13411,13714,14191,14205,13924,14135,13950,13636,14035,14103,14437,14189,14061,13669,13019,13964,14100,14113,14086,13838,14056,14120,14171,14088,14101,14051,14108,14053,14179,14110,12885,14209,13987,13948,13879,14121,14117,14155,14078,14115,13978,14073,14087,14112,14168,14213,13999,14179,14010,14082,14051,13866,13978,14114,14142,14133,14127,14065,13725,14115,13915,13792,13696,13904,14179,14125,13878,13786,14049,13643,14085,13955,14053,14181,14107,13980,14093,13841,14083,13917,14185,14224,13788,14088,14176,14080,13852,13975,14144,13854,14053,14115,14191,14063,14022,14030,14169,14084,14125,14243,13928,13907,14092,14051,14082,14067,14070,14075,13652,14163,14079,14130,14127,14084,14078,14140,13970,14133,13964,14158,14157,14064,14086,11973,13949,13227,14167,13908,14067,14013,13712,13981,14070,14089,13234,14142,14127,14014,13893,13954,14104,14325,14263,14256,14042,14101,14081,14117,14064,14060,14058,14045,14060,14609,14083,14137,13946,14042,13773,14087,14081,14399,14239,14504,14135,14139,14066,14175,14281,14025,13910,14120,14140,13932,13899,14289,13866,14227,14213,14072,14115,14100,14016,14084,14043,14077,13422,13974,13997,13897,14169,14145,14009,13692,14062,13842,14008,14073,13916,14232,14047,14124,14220,13987,14067,14115,13929,13849,14165,13825,14108,14167,14085,14139,14178,14007,13932,14112,13953,13940,14144,14122,14079,13864,13911,14178,14087,14178,13461,13969,13234,14147,13499,14060,14172,14075,14053,14013,14044,14056,13885,14313,14203,14234,14707,14122,14176,14247,13969,13855,14125,13913,14155,14087,14030,14061,14122,14114,14131,14179,14025,14060,13787,14313,14200,13628,14098,14158,14123,14076,14027,14091,14085,14076,14144,14016,13851,14005,14044,14141,14084,14199,13798,13872,13876,13945,14028,14029,13954,14079,13552,14226,14152,14072,14011,14144,14174,14102,14160,14062,13871,14077,14144,14149,13682,14091,13895,13922,14136,14192,14162,14186,14139,14053,14061,13850,14142,14129,13945,13980,14103,14091,14132,14108,14160,14146,14218,14096,14097,14051,14147,14120,14100,14065,14051,14061,14097,14058,14146,14108,14117,13980,14074,14169,14113,14038,14151,14074,13825,13558,14183,13644,13995,14202,14164,13819,14166,14092,13998,14204,14447,14322,13019,14064,12018,13706,14128,14346,14255,13846,14347,14283,14093,13408,13857,14274,14091,14118,14292,14338,14233,14099,14001,14091,14105,14268,14133,14184,14172,14020,13937,14023,14054,14116,13692,13987,13870,14168,14263,14195,14124,13932,13954,14125,13949,14156,14020,14127,14094,14136,14116,13999,14119,13968,13990,14193,14118,14135,14192,14376,14198,14519,13754,12262,14123,13364,14265,14080,14013,13961,14014,14012,14047,14011,13886,14022,14017,14011,13888,14087,14053,14118,14075,14071,14042,14093,14054,14109,14245,14189,14163,14103,14123,14127,14098,14064,14032,13775,14120,14086,13573,14055,14062,14099,14090,14113,13873,14056,14109,14076,14111,14025,14067,14112,14017,13996,13981,13963,14063,13992,14497,14127,14083,14112,14041,14038,14088,13865,14041,13878,14054,14048,14185,14105,14082,14066,14097
1,14210,14633,14178,14187,14183,14135,14207,14235,14180,14158,14091,13949,14231,14205,14239,14274,14282,14283,14283,13978,14004,14156,14054,14116,14085,14127,14142,13894,13834,14064,14156,14247,13949,14143,13974,13848,14118,14107,14292,14227,14203,14192,14117,14120,14099,14100,14137,14108,14170,14094,14125,14139,14023,13891,13900,13270,14214,14333,14148,14102,14081,14030,14119,14120,14117,14141,14166,14539,14230,14224,14163,14609,14701,13695,14237,14165,14429,14542,14641,14109,14554,12138,14268,14618,14130,14360,14262,14087,14037,14547,14731,14345,14192,14651,12465,13601,14394,14489,14283,13696,12973,14502,11904,14404,14158,14113,14382,14599,14614,13982,13946,13937,14105,13915,14135,13247,14091,14085,14101,14170,14296,14627,14102,14362,13974,14682,14435,14432,14577,14200,14176,14629,13961,13487,14148,14039,14531,14218,13924,14142,14347,14235,14324,14383,13857,13809,13853,14169,14077,13473,14068,14207,13688,14139,14625,14033,14447,14449,14321,14139,13941,14098,14142,14352,14280,14332,12926,13682,14166,14682,14223,13904,14049,14138,14114,14383,13920,14352,14295,14562,14201,13806,14259,14636,14119,14147,14361,14417,14267,14098,13564,14117,13604,14323,14276,12829,14198,14191,14009,13823,14681,14147,14188,14495,14298,14099,14277,14578,14863,14204,14086,14288,14579,14209,13910,14013,13661,13649,14823,14176,14173,14321,14142,14367,14108,14485,14472,14151,14294,14079,14093,14181,14273,14135,14429,14204,14483,13975,14585,14271,14358,14145,14171,14299,14107,14263,13979,14014,14172,14206,14081,13537,14079,14186,14288,14223,13913,14412,14494,13494,14398,13989,14447,14285,14654,14408,14234,13997,14009,14221,14297,14169,14250,14202,14246,14508,14577,13793,13848,14124,14118,14225,14687,14510,14555,14385,14167,14116,13162,14066,14080,14164,13948,14179,14153,14485,14115,13940,14208,14152,14431,13255,14689,14511,14262,13700,14640,13980,14238,14368,14438,14261,14247,14097,13996,14498,14142,14066,13850,14143,13996,14447,14708,14240,14484,14146,14219,14218,14161,14591,14353,14139,14067,14013,14034,14030,14166,9139,14059,14016,14141,14759,14118,13190,14364,13738,12822,14131,14200,13935,13993,14146,14159,14265,14283,11877,14472,14441,14500,14215,13772,14139,14517,13339,13100,13853,14136,14052,14073,14060,13936,12562,13143,14453,13711,14060,14087,14035,13930,14061,14149,14207,13773,14143,14305,14024,14703,14005,14010,13675,14040,14281,14138,14507,14117,14609,13693,13805,14083,13441,14297,14647,14100,14372,14146,13523,13672,14105,14287,14210,14238,14362,14380,13953,14360,14047,14339,14168,14144,14595,14535,12579,14142,14641,14011,14594,14670,14562,14188,13925,14018,13138,13809,14446,14483,14252,13929,13997,13754,10554,14219,14258,14455,14379,14108,14200,14264,14569,14660,14018,14060,14179,14047,14097,14174,14063,14021,14449,14167,12011,14007,14567,13858,14157,14083,13896,14151,13630,14469,12173,14011,14095,13797,13252,14266,14020,14194,14706,13910,13629,14138,14083,14675,14693,14089,14124,14175,14166,14197,14098,14201,14071,14142,14150,14097,14163,14108,14028,14153,14153,14199,14024,13893,13570,14084,14219,14280,14206,14210,14039,13718,14050,14121,14544,14427,14526,13953,13881,14155,14174,14144,14124,13967,14080,14153,14235,14105,14122,14233,14161,14129,14222,14213,14013,14463,14058,14031,13916,14136,14154,14187,14081,14127,14031,14073,14095,14139,14192,14245,14094,14199,14120,14141,14053,14025,14098,14152,14166,14142,14134,14079,14096,14137,14016,13944,13909,13964,14216,14138,13903,13992,14077,13862,14102,13986,14152,14218,14137,14057,14117,13844,14098,14026,14248,14248,14081,14217,14190,14090,13958,14004,14151,13871,14090,14122,14258,14129,14077,14034,14176,14237,14190,14289,13949,13967,14098,14064,14161,14090,14075,14114,14068,14213,14110,14159,14146,14090,14130,14174,14109,14148,14043,14194,14178,14148,14106,13188,14062,13924,14214,13950,14187,14230,14012,14015,14093,14116,14097,14167,14203,14051,13954,13963,14179,14446,14286,14287,14082,14149,14093,14143,14094,14126,14096,14057,14451,14690,14101,14190,14184,14065,13915,14096,14113,14478,14305,14575,14416,14400,14338,14179,14285,14086,14073,14168,14163,14028,13942,14520,14004,14240,14246,14090,14158,14133,14033,14116,14071,14138,13528,14009,14021,13901,14188,14169,14070,13853,14083,14059,14184,14096,13921,14361,14119,14198,14298,14029,14145,14129,13991,13891,14264,13953,14196,14212,14130,14156,14200,14034,13960,14209,14131,14028,14153,14131,14144,13956,14106,14213,14134,14374,13600,14027,13748,14187,14049,14150,14226,14132,14074,14087,14070,14081,14100,14660,14312,14382,14723,14152,14178,14257,14090,13956,14158,13982,14266,14099,14079,14074,14178,14180,14143,14264,14183,14146,14186,14558,14213,13804,14233,14175,14151,14085,14066,14109,14145,14113,14195,14045,13911,14058,14112,14186,14105,14288,14072,13915,13894,14043,14057,14077,14006,14216,13941,14235,14195,14145,14051,14210,14198,14117,14195,14105,14030,14099,14281,14189,13706,14207,14101,13947,14216,14225,14204,14207,14318,14196,14084,13958,14165,14160,14066,14051,14108,14134,14138,14124,14186,14215,14229,14176,14136,14127,14148,14147,14137,14067,14060,14073,14101,14106,14236,14138,14172,14127,14094,14242,14159,14072,14159,14082,13951,13926,14205,14109,14019,14243,14181,14521,14182,14297,14611,14745,14515,14456,14138,14285,13273,14014,14216,14485,14440,14669,14466,14492,14138,14021,14272,14498,14147,14245,14560,14488,14365,14122,14071,14111,14327,14401,14403,14321,14549,14051,14004,14039,14077,14169,13820,14153,13911,14181,14336,14239,14172,13974,13957,14138,14004,14180,14187,14142,14123,14184,14131,14047,14125,14066,14113,14239,14122,14252,14226,14434,14510,14776,14211,13675,14178,14243,14388,14145,14053,14017,14089,14040,14091,14026,14055,14033,14028,14017,14179,14108,14133,14135,14087,14074,14070,14097,14082,14118,14254,14210,14183,14194,14180,14168,14114,14076,14058,13888,14132,14093,14105,14066,14066,14103,14111,14125,14208,14094,14154,14081,14131,14086,14088,14131,14032,14029,14166,14102,14063,14057,14614,14138,14109,14151,14081,14053,14143,14113,14110,14067,14061,14263,14292,14161,14286,14089,14151
1,14210,14633,14178,14187,14183,14135,14207,14235,14180,14158,14091,13949,14231,14205,14239,14274,14282,14283,14283,13978,14004,14156,14054,14116,14085,14127,14142,13894,13834,14064,14156,14247,13949,14143,13974,13848,14118,14107,14292,14227,14203,14192,14117,14120,14099,14100,14137,14108,14170,14094,14125,14139,14023,13891,13900,13270,14214,14333,14148,14102,14081,14030,14119,14120,14117,14141,14166,14539,14230,14224,14163,14609,14701,13695,14237,14165,14429,14542,14641,14109,14554,12138,14268,14618,14130,14360,14262,14087,14037,14547,14731,14345,14192,14651,12465,13601,14394,14489,14283,13696,12973,14502,11904,14404,14158,14113,14382,14599,14614,13982,13946,13937,14105,13915,14135,13247,14091,14085,14101,14170,14296,14627,14102,14362,13974,14682,14435,14432,14577,14200,14176,14629,13961,13487,14148,14039,14531,14218,13924,14142,14347,14235,14324,14383,13857,13809,13853,14169,14077,13473,14068,14207,13688,14139,14625,14033,14447,14449,14321,14139,13941,14098,14142,14352,14280,14332,12926,13682,14166,14682,14223,13904,14049,14138,14114,14383,13920,14352,14295,14562,14201,13806,14259,14636,14119,14147,14361,14417,14267,14098,13564,14117,13604,14323,14276,12829,14198,14191,14009,13823,14681,14147,14188,14495,14298,14099,14277,14578,14863,14204,14086,14288,14579,14209,13910,14013,13661,13649,14823,14176,14173,14321,14142,14367,14108,14485,14472,14151,14294,14079,14093,14181,14273,14135,14429,14204,14483,13975,14585,14271,14358,14145,14171,14299,14107,14263,13979,14014,14172,14206,14081,13537,14079,14186,14288,14223,13913,14412,14494,13494,14398,13989,14447,14285,14654,14408,14234,13997,14009,14221,14297,14169,14250,14202,14246,14508,14577,13793,13848,14124,14118,14225,14687,14510,14555,14385,14167,14116,13162,14066,14080,14164,13948,14179,14153,14485,14115,13940,14208,14152,14431,13255,14689,14511,14262,13700,14640,13980,14238,14368,14438,14261,14247,14097,13996,14498,14142,14066,13850,14143,13996,14447,14708,14240,14484,14146,14219,14218,14161,14591,14353,14139,14067,14013,14034,14030,14166,9139,14059,14016,14141,14759,14118,13190,14364,13738,12822,14131,14200,13935,13993,14146,14159,14265,14283,11877,14472,14441,14500,14215,13772,14139,14517,13339,13100,13853,14136,14052,14073,14060,13936,12562,13143,14453,13711,14060,14087,14035,13930,14061,14149,14207,13773,14143,14305,14024,14703,14005,14010,13675,14040,14281,14138,14507,14117,14609,13693,13805,14083,13441,14297,14647,14100,14372,14146,13523,13672,14105,14287,14210,14238,14362,14380,13953,14360,14047,14339,14168,14144,14595,14535,12579,14142,14641,14011,14594,14670,14562,14188,13925,14018,13138,13809,14446,14483,14252,13929,13997,13754,10554,14219,14258,14455,14379,14108,14200,14264,14569,14660,14018,14060,14179,14047,14097,14174,14063,14021,14449,14167,12011,14007,14567,13858,14157,14083,13896,14151,13630,14469,12173,14011,14095,13797,13252,14266,14020,14194,14706,13910,13629,14138,14083,14675,14693,14089,14124,14175,14166,14197,14098,14201,14071,14142,14150,14097,14163,14108,14028,14153,14153,14199,14024,13893,13570,14084,14219,14280,14206,14210,14039,13718,14050,14121,14544,14427,14526,13953,13881,14155,14174,14144,14124,13967,14080,14153,14235,14105,14122,14233,14161,14129,14222,14213,14013,14463,14058,14031,13916,14136,14154,14187,14081,14127,14031,14073,14095,14139,14192,14245,14094,14199,14120,14141,14053,14025,14098,14152,14166,14142,14134,14079,14096,14137,14016,13944,13909,13964,14216,14138,13903,13992,14077,13862,14102,13986,14152,14218,14137,14057,14117,13844,14098,14026,14248,14248,14081,14217,14190,14090,13958,14004,14151,13871,14090,14122,14258,14129,14077,14034,14176,14237,14190,14289,13949,13967,14098,14064,14161,14090,14075,14114,14068,14213,14110,14159,14146,14090,14130,14174,14109,14148,14043,14194,14178,14148,14106,13188,14062,13924,14214,13950,14187,14230,14012,14015,14093,14116,14097,14167,14203,14051,13954,13963,14179,14446,14286,14287,14082,14149,14093,14143,14094,14126,14096,14057,14451,14690,14101,14190,14184,14065,13915,14096,14113,14478,14305,14575,14416,14400,14338,14179,14285,14086,14073,14168,14163,14028,13942,14520,14004,14240,14246,14090,14158,14133,14033,14116,14071,14138,13528,14009,14021,13901,14188,14169,14070,13853,14083,14059,14184,14096,13921,14361,14119,14198,14298,14029,14145,14129,13991,13891,14264,13953,14196,14212,14130,14156,14200,14034,13960,14209,14131,14028,14153,14131,14144,13956,14106,14213,14134,14374,13600,14027,13748,14187,14049,14150,14226,14132,14074,14087,14070,14081,14100,14660,14312,14382,14723,14152,14178,14257,14090,13956,14158,13982,14266,14099,14079,14074,14178,14180,14143,14264,14183,14146,14186,14558,14213,13804,14233,14175,14151,14085,14066,14109,14145,14113,14195,14045,13911,14058,14112,14186,14105,14288,14072,13915,13894,14043,14057,14077,14006,14216,13941,14235,14195,14145,14051,14210,14198,14117,14195,14105,14030,14099,14281,14189,13706,14207,14101,13947,14216,14225,14204,14207,14318,14196,14084,13958,14165,14160,14066,14051,14108,14134,14138,14124,14186,14215,14229,14176,14136,14127,14148,14147,14137,14067,14060,14073,14101,14106,14236,14138,14172,14127,14094,14242,14159,14072,14159,14082,13951,13926,14205,14109,14019,14243,14181,14521,14182,14297,14611,14745,14515,14456,14138,14285,13273,14014,14216,14485,14440,14669,14466,14492,14138,14021,14272,14498,14147,14245,14560,14488,14365,14122,14071,14111,14327,14401,14403,14321,14549,14051,14004,14039,14077,14169,13820,14153,13911,14181,14336,14239,14172,13974,13957,14138,14004,14180,14187,14142,14123,14184,14131,14047,14125,14066,14113,14239,14122,14252,14226,14434,14510,14776,14211,13675,14178,14243,14388,14145,14053,14017,14089,14040,14091,14026,14055,14033,14028,14017,14179,14108,14133,14135,14087,14074,14070,14097,14082,14118,14254,14210,14183,14194,14180,14168,14114,14076,14058,13888,14132,14093,14105,14066,14066,14103,14111,14125,14208,14094,14154,14081,14131,14086,14088,14131,14032,14029,14166,14102,14063,14057,14614,14138,14109,14151,14081,14053,14143,14113,14110,14067,14061,14263,14292,14161,14286,14089,14151
2,14282,14832,14216,14241,14220,14191,14134,14268,14229,14197,14133,14079,14239,14221,14274,14277,14288,14304,14300,14138,14053,14157,14071,14156,14144,14141,14187,14149,14060,14128,14248,14352,14211,14204,14365,14140,14168,14216,14305,14316,14337,14220,14171,14195,14133,14113,14156,14121,14203,14120,14145,14166,14049,14103,13980,13946,14272,14679,14177,14124,14088,14506,14174,14222,14133,16383,14259,14575,14862,14396,14591,14673,15436,14102,14701,14401,14927,14620,15458,14146,14690,14367,14516,15524,14152,14897,14416,14631,14144,16159,20149,14488,14252,15323,14319,14148,14451,14537,14465,14206,15025,14692,14164,14508,14230,14264,14418,14788,14738,14058,13994,13997,14136,14011,14193,13896,15666,14163,14132,14903,14472,14698,14537,14488,14706,16095,14507,14581,14592,14536,14630,14694,15112,14065,14180,14055,15059,14331,15722,14158,14697,14244,14526,14472,14096,14388,14070,14189,14125,14432,15112,14251,14701,14163,15384,14081,14705,14764,14603,14243,14268,14366,14186,14505,14460,14430,14661,14194,14405,16696,14371,13921,14080,14186,14275,14427,14281,14603,15138,14649,14346,14270,14332,14981,14321,14231,14476,14556,14430,14339,14443,14278,14689,14446,14325,13926,14248,14297,15015,14370,15091,14300,14323,14692,14656,14443,14514,14678,14973,14323,14523,14390,14783,14308,14110,14056,14088,14259,15056,14259,14482,14579,14297,14775,14310,14652,14816,14404,14571,14817,14158,14217,14287,14191,14538,14324,14646,14126,14898,14355,14413,14682,14403,14548,14140,14358,14122,14147,14308,14275,14170,14239,14111,14268,14309,14467,14113,14587,14611,14126,14527,14150,14653,14409,14730,14896,16033,14132,14151,14358,14381,14207,14302,14241,14289,14540,14777,14226,14387,14134,14197,14415,15055,15356,15205,14465,14222,14448,13911,14103,14099,14222,14231,14261,14162,14908,14160,15493,14270,14255,14568,14110,14214,14595,14519,14499,14882,14114,14430,14629,14660,14334,14276,14242,14056,14653,14132,14164,14115,14755,14624,14776,14846,14693,14763,14301,14266,14590,14261,15280,14465,14222,14108,14167,14095,14109,14175,14085,14096,14508,14247,15423,14301,14100,14500,14127,14128,14165,14225,14103,14254,14224,14233,14435,14298,14108,15075,14586,14666,14298,14116,14420,14743,14356,15048,14488,14225,14127,14106,14154,14820,14053,13885,14662,14223,14069,14105,14255,13992,14078,14377,14217,14480,14766,14708,14882,15148,14125,14032,14180,14049,14370,14309,14697,14224,14774,14147,14697,14182,14443,14331,14717,14112,14733,14320,15082,14782,14238,14510,14322,14264,14583,14609,16341,14503,14335,14707,14243,14161,14852,14922,14121,14187,14703,15232,16049,14737,14748,14894,14131,14071,14113,14274,14597,16547,14390,14000,14034,16564,15081,14620,15195,14546,14565,14158,14702,14334,14694,15164,15038,14553,14206,14175,14105,14210,15042,14067,14708,14469,14162,14197,14836,14438,14330,14224,14106,14248,14234,14560,14107,14054,14483,13965,13902,14429,14750,14212,15631,14271,13908,14504,14115,14706,14936,14126,14173,14189,14170,14552,14166,14245,14241,14147,14227,14365,14285,14158,14370,14182,14198,14206,14057,14257,14094,14097,14246,15237,14287,14248,14111,13963,14156,14139,14619,14613,14904,14292,14092,14221,14243,14174,14173,14090,14103,14186,14299,14121,14144,14268,14214,14275,14265,14309,14035,14754,14107,14089,13952,14151,14170,14219,14085,14188,14087,14078,14104,14167,14216,14261,14173,14220,14159,14204,14082,14206,14161,14193,14185,14202,14137,14106,14143,14158,14132,14125,13917,14047,14253,14151,14067,14134,14137,14105,14119,14136,14265,14307,14162,14140,14119,14056,14127,14189,14314,14272,14209,14231,14204,14101,14077,14049,14158,13933,14127,14203,14296,14195,14141,14066,14217,14391,14256,14335,13969,14042,14103,14113,14217,14114,14122,14153,14217,14242,14142,14189,14173,14098,14200,14200,14162,14184,14143,14231,14200,14246,14128,14163,14192,14338,14234,14036,14315,14447,14170,14049,14119,14144,14160,14190,14284,14107,14015,13978,14254,14568,14054,14313,14132,14197,14127,14169,14124,14219,14153,14245,14762,14066,14119,14223,14496,14115,14124,14108,14124,14518,14382,14674,14556,14655,14498,14183,14295,14128,14122,14214,14174,14106,14007,14540,14564,14253,14279,14108,14180,14116,14054,14125,14073,14155,14005,14051,14041,13919,14208,14194,14238,14238,14456,14188,14274,14119,13963,14431,14302,14273,14375,14237,14261,14142,14070,14080,14563,14374,14221,14229,14174,14174,14222,14064,14002,14220,14181,14101,14223,14139,14273,14038,14171,14230,14175,14487,14088,14038,14130,14193,14253,14232,14240,14252,14105,14111,14096,14107,14120,14849,14428,14562,14740,14191,14239,14266,14232,14049,14198,14055,14314,14112,14100,14108,14249,14304,14180,14307,14303,14184,14229,14750,14509,14125,14331,14198,14163,14106,14115,14127,14191,14178,14246,14067,13959,14110,14268,14231,14127,14399,14110,13942,13920,14136,14080,14069,14050,14309,14179,14266,14235,14206,14198,14297,14221,14175,14230,14148,14173,14181,14328,14229,13889,14245,14105,14071,14306,14237,14228,14229,14362,14334,14247,13995,14220,14192,14411,14111,14119,14177,14143,14143,14212,14277,14240,14203,14199,14181,14156,14173,14175,14074,14083,14083,14105,14159,14389,14169,14349,14179,14153,14261,14206,14128,14167,14143,14128,14637,14307,14158,14043,14142,14198,14603,14194,14522,14734,14956,14657,14621,14394,14361,14293,14650,15232,14630,14625,14863,14816,14702,14469,14621,14605,14723,14203,14351,14736,14638,14403,14145,14141,14145,14539,14535,14712,14458,14903,14334,14133,14104,14099,14223,13942,14185,14231,14194,14409,14251,14228,14024,14044,14215,14062,14321,14279,14159,14142,14325,14186,14100,14145,14131,14172,14287,14176,14422,14358,14541,14794,14976,14410,14117,14232,14666,14511,14208,14184,14062,14211,14106,14154,14180,14079,14043,14038,14030,14352,14154,14201,14148,14128,14082,14107,14106,14099,14164,14136,14231,14204,14295,14478,14207,14222,14088,14195,14094,14144,14113,14157,14098,14106,14113,14133,14148,14251,14213,14200,14086,14153,14113,14115,14045,14076,14071,14255,14155,14075,14221,14731,14150,14145,14178,14098,14156,14172,14247,14204,14083,14068,14675,14397,14284,14408,14099,14210
2,14282,14832,14216,14241,14220,14191,14134,14268,14229,14197,14133,14079,14239,14221,14274,14277,14288,14304,14300,14138,14053,14157,14071,14156,14144,14141,14187,14149,14060,14128,14248,14352,14211,14204,14365,14140,14168,14216,14305,14316,14337,14220,14171,14195,14133,14113,14156,14121,14203,14120,14145,14166,14049,14103,13980,13946,14272,14679,14177,14124,14088,14506,14174,14222,14133,16383,14259,14575,14862,14396,14591,14673,15436,14102,14701,14401,14927,14620,15458,14146,14690,14367,14516,15524,14152,14897,14416,14631,14144,16159,20149,14488,14252,15323,14319,14148,14451,14537,14465,14206,15025,14692,14164,14508,14230,14264,14418,14788,14738,14058,13994,13997,14136,14011,14193,13896,15666,14163,14132,14903,14472,14698,14537,14488,14706,16095,14507,14581,14592,14536,14630,14694,15112,14065,14180,14055,15059,14331,15722,14158,14697,14244,14526,14472,14096,14388,14070,14189,14125,14432,15112,14251,14701,14163,15384,14081,14705,14764,14603,14243,14268,14366,14186,14505,14460,14430,14661,14194,14405,16696,14371,13921,14080,14186,14275,14427,14281,14603,15138,14649,14346,14270,14332,14981,14321,14231,14476,14556,14430,14339,14443,14278,14689,14446,14325,13926,14248,14297,15015,14370,15091,14300,14323,14692,14656,14443,14514,14678,14973,14323,14523,14390,14783,14308,14110,14056,14088,14259,15056,14259,14482,14579,14297,14775,14310,14652,14816,14404,14571,14817,14158,14217,14287,14191,14538,14324,14646,14126,14898,14355,14413,14682,14403,14548,14140,14358,14122,14147,14308,14275,14170,14239,14111,14268,14309,14467,14113,14587,14611,14126,14527,14150,14653,14409,14730,14896,16033,14132,14151,14358,14381,14207,14302,14241,14289,14540,14777,14226,14387,14134,14197,14415,15055,15356,15205,14465,14222,14448,13911,14103,14099,14222,14231,14261,14162,14908,14160,15493,14270,14255,14568,14110,14214,14595,14519,14499,14882,14114,14430,14629,14660,14334,14276,14242,14056,14653,14132,14164,14115,14755,14624,14776,14846,14693,14763,14301,14266,14590,14261,15280,14465,14222,14108,14167,14095,14109,14175,14085,14096,14508,14247,15423,14301,14100,14500,14127,14128,14165,14225,14103,14254,14224,14233,14435,14298,14108,15075,14586,14666,14298,14116,14420,14743,14356,15048,14488,14225,14127,14106,14154,14820,14053,13885,14662,14223,14069,14105,14255,13992,14078,14377,14217,14480,14766,14708,14882,15148,14125,14032,14180,14049,14370,14309,14697,14224,14774,14147,14697,14182,14443,14331,14717,14112,14733,14320,15082,14782,14238,14510,14322,14264,14583,14609,16341,14503,14335,14707,14243,14161,14852,14922,14121,14187,14703,15232,16049,14737,14748,14894,14131,14071,14113,14274,14597,16547,14390,14000,14034,16564,15081,14620,15195,14546,14565,14158,14702,14334,14694,15164,15038,14553,14206,14175,14105,14210,15042,14067,14708,14469,14162,14197,14836,14438,14330,14224,14106,14248,14234,14560,14107,14054,14483,13965,13902,14429,14750,14212,15631,14271,13908,14504,14115,14706,14936,14126,14173,14189,14170,14552,14166,14245,14241,14147,14227,14365,14285,14158,14370,14182,14198,14206,14057,14257,14094,14097,14246,15237,14287,14248,14111,13963,14156,14139,14619,14613,14904,14292,14092,14221,14243,14174,14173,14090,14103,14186,14299,14121,14144,14268,14214,14275,14265,14309,14035,14754,14107,14089,13952,14151,14170,14219,14085,14188,14087,14078,14104,14167,14216,14261,14173,14220,14159,14204,14082,14206,14161,14193,14185,14202,14137,14106,14143,14158,14132,14125,13917,14047,14253,14151,14067,14134,14137,14105,14119,14136,14265,14307,14162,14140,14119,14056,14127,14189,14314,14272,14209,14231,14204,14101,14077,14049,14158,13933,14127,14203,14296,14195,14141,14066,14217,14391,14256,14335,13969,14042,14103,14113,14217,14114,14122,14153,14217,14242,14142,14189,14173,14098,14200,14200,14162,14184,14143,14231,14200,14246,14128,14163,14192,14338,14234,14036,14315,14447,14170,14049,14119,14144,14160,14190,14284,14107,14015,13978,14254,14568,14054,14313,14132,14197,14127,14169,14124,14219,14153,14245,14762,14066,14119,14223,14496,14115,14124,14108,14124,14518,14382,14674,14556,14655,14498,14183,14295,14128,14122,14214,14174,14106,14007,14540,14564,14253,14279,14108,14180,14116,14054,14125,14073,14155,14005,14051,14041,13919,14208,14194,14238,14238,14456,14188,14274,14119,13963,14431,14302,14273,14375,14237,14261,14142,14070,14080,14563,14374,14221,14229,14174,14174,14222,14064,14002,14220,14181,14101,14223,14139,14273,14038,14171,14230,14175,14487,14088,14038,14130,14193,14253,14232,14240,14252,14105,14111,14096,14107,14120,14849,14428,14562,14740,14191,14239,14266,14232,14049,14198,14055,14314,14112,14100,14108,14249,14304,14180,14307,14303,14184,14229,14750,14509,14125,14331,14198,14163,14106,14115,14127,14191,14178,14246,14067,13959,14110,14268,14231,14127,14399,14110,13942,13920,14136,14080,14069,14050,14309,14179,14266,14235,14206,14198,14297,14221,14175,14230,14148,14173,14181,14328,14229,13889,14245,14105,14071,14306,14237,14228,14229,14362,14334,14247,13995,14220,14192,14411,14111,14119,14177,14143,14143,14212,14277,14240,14203,14199,14181,14156,14173,14175,14074,14083,14083,14105,14159,14389,14169,14349,14179,14153,14261,14206,14128,14167,14143,14128,14637,14307,14158,14043,14142,14198,14603,14194,14522,14734,14956,14657,14621,14394,14361,14293,14650,15232,14630,14625,14863,14816,14702,14469,14621,14605,14723,14203,14351,14736,14638,14403,14145,14141,14145,14539,14535,14712,14458,14903,14334,14133,14104,14099,14223,13942,14185,14231,14194,14409,14251,14228,14024,14044,14215,14062,14321,14279,14159,14142,14325,14186,14100,14145,14131,14172,14287,14176,14422,14358,14541,14794,14976,14410,14117,14232,14666,14511,14208,14184,14062,14211,14106,14154,14180,14079,14043,14038,14030,14352,14154,14201,14148,14128,14082,14107,14106,14099,14164,14136,14231,14204,14295,14478,14207,14222,14088,14195,14094,14144,14113,14157,14098,14106,14113,14133,14148,14251,14213,14200,14086,14153,14113,14115,14045,14076,14071,14255,14155,14075,14221,14731,14150,14145,14178,14098,14156,14172,14247,14204,14083,14068,14675,14397,14284,14408,14099,14210
3,14410,15020,14262,14295,14257,14246,14135,14374,14278,14221,14141,14154,14272,14237,14292,14284,14295,14305,14304,14220,14069,14157,14140,14197,14205,14155,14200,14347,14148,14193,14435,14430,14264,14299,14521,14277,14235,14337,14313,14343,14395,14249,14276,14296,14151,14126,14167,14124,14236,14146,14152,14191,14086,14108,14478,14117,14351,14703,14192,14146,14116,14646,14229,14349,14288,16690,14705,14680,15800,14603,14730,14713,16363,14196,14843,14650,15366,15761,16520,14182,14976,14617,14973,17301,14223,17309,14854,16326,14189,18437,20466,14701,14270,15573,15377,14208,14649,14585,14614,14492,15652,14722,14421,14987,14302,14290,14606,16470,16382,14135,14042,14017,14175,14260,14268,14045,16608,14452,14171,15601,14648,14748,14644,14740,16093,17186,14646,14691,14606,14908,14833,14776,15245,14108,14204,14073,15936,14383,16061,14483,14874,14272,14595,15215,14759,15490,14144,14204,14850,15388,15555,14279,16004,14188,16113,14284,15061,19181,14822,14347,14465,14671,14230,14605,14687,14527,16299,14444,14496,18109,14519,14933,14151,14233,14430,14676,14478,18413,16124,14737,14917,14403,14483,15667,14571,14314,14592,14614,14604,14543,14789,14440,15735,14568,15237,14126,14299,14416,15488,14789,15635,14605,14458,14931,16121,14780,14748,14716,15039,14543,14639,14634,14805,14407,14113,14100,14315,14857,15136,14343,14744,14764,14797,14787,14512,14786,14947,14723,14782,14891,14224,14253,14287,14695,14648,14429,14778,14243,15982,14439,14468,14721,14559,14730,14236,14470,14288,14229,14308,14316,14256,14432,14209,14349,14312,14800,16191,14754,14729,14193,14656,14430,14928,14532,15104,15130,16542,14215,14274,14494,14568,14217,14306,14280,14336,15053,14923,14985,14908,14288,14332,14784,15401,15582,15852,14595,14253,15086,14107,14251,14114,14355,14415,14341,14190,15298,14212,16919,14352,14387,14704,14148,14363,14680,14855,15771,15187,14182,14622,15336,14856,15198,14306,14282,14116,14802,14184,14217,14516,14834,14764,14857,14989,14757,14860,14596,14313,15418,14300,15912,14577,14305,14148,14194,14190,14162,14184,15859,14348,14798,14273,16656,14416,14792,14619,14272,14756,14186,14247,14164,14475,15063,14276,14635,14681,14133,15605,14957,14874,14523,14157,14702,15910,15001,15706,15109,14727,14274,15586,14247,15409,14222,14038,14693,14435,14165,14121,14761,14053,14095,14554,14225,14716,15396,15618,15210,15825,14436,14513,14497,14175,14604,14440,15152,14568,15215,14638,15408,15093,15018,14464,15495,14232,15391,14447,15392,16016,14285,14689,14396,14570,15508,14899,16972,14646,14560,16960,14319,14178,15039,19338,14273,14244,14757,15920,19461,14764,17470,15686,15835,14125,14285,14601,14663,19271,14529,14192,14063,16828,15360,15357,18197,14682,14750,14184,14945,14448,15083,15219,15818,14876,14511,14193,14145,14791,15338,16011,15146,14645,15010,14330,15878,14549,14593,15618,14226,14444,14830,14623,14503,14068,14854,13999,13937,14583,16523,14232,15886,16819,14200,14664,14370,14737,15457,14779,14227,14206,14174,14761,14265,14326,14289,14151,14288,14442,14407,14209,14550,14225,14243,14260,14125,14271,14222,14163,14273,15499,14348,14291,14180,14349,14282,14242,14656,14697,15024,14624,14191,14283,14277,14934,14339,14288,14126,14219,14309,14138,14165,14277,14268,14288,14340,14322,14071,15845,14156,14098,14068,14610,14186,14250,14094,14226,14136,14093,14112,14195,14239,14269,14238,14240,14198,14266,14125,14369,14230,14229,14210,14316,14153,14149,14195,14196,14174,14188,13930,14100,14319,14164,14101,14372,14161,14137,14136,14159,14323,14340,14217,14224,14121,14110,14157,14236,14388,14295,14223,14246,14218,14145,14099,14198,14176,14185,14171,14254,14298,14261,14205,14182,14256,14544,14321,14380,14181,14716,14114,14163,14224,14138,14173,14178,14329,14271,14173,14216,14182,14105,14204,14203,14200,14192,14250,14267,14217,14304,14160,14194,14322,14657,14255,14139,14443,14469,14236,14083,14156,14171,14224,14213,14405,14167,14076,14166,14351,14689,14127,14332,14182,14235,14162,14196,14154,14313,14210,14486,14764,14088,14188,14547,14592,14125,14399,14140,14155,14633,14554,14866,14659,14858,14558,14187,14432,14188,14125,14825,14190,14164,14080,14559,14623,14267,14323,14126,14198,14225,14085,14128,14075,14161,14085,14117,14061,13982,14227,14219,14333,14263,14747,14263,14278,14184,14201,14496,14304,14312,14514,14310,14370,14156,14159,14126,14699,14518,14273,14278,14319,14194,14274,14087,14029,14229,14219,14198,14454,14240,14297,14170,14235,14247,14261,14546,14150,14052,14194,14200,14769,14314,14255,14482,14135,14135,14122,14132,14140,14969,14551,14746,14756,14231,14247,14276,14401,14192,14245,14128,14315,14125,14121,14208,14291,14363,14491,14341,14342,14213,14272,14770,14643,14305,14404,14218,14185,14149,14157,14149,14205,14279,14372,14090,14070,14155,14289,14275,14160,14434,14163,13963,13946,14177,14101,14096,14071,14434,14232,14303,14252,14243,14323,14392,14237,14277,14265,14191,14267,14185,14345,14269,14186,14351,14176,14127,14419,14250,14240,14270,14525,14360,14351,14027,14236,14250,14639,14148,14148,14222,14183,14161,14244,14282,14251,14242,14300,14234,14188,14183,14540,14087,14104,14118,14109,14217,14578,14199,14445,14189,14212,14315,14244,14139,14174,14205,14321,14817,14469,14169,14067,14154,14214,14685,14206,14747,15292,15128,14756,14843,14647,14562,14991,15424,17086,14775,14861,15011,15859,14935,14868,14684,14912,15334,14259,14426,14746,15092,14410,14175,14605,14183,14651,14668,14935,14595,14975,14625,14241,14257,14148,14633,14098,14217,14261,14207,14538,14260,14328,14110,14160,14261,14128,14429,14292,14176,14167,14471,14192,14187,14167,14173,14230,14425,14270,14552,14452,14656,14865,15387,14609,14247,14287,14761,14583,14482,14315,14103,14274,14176,14216,14397,14103,14053,14049,14044,14485,14225,14220,14179,14202,14090,14133,14124,14117,14218,14199,14252,14236,14402,14584,14264,14226,14100,14259,14158,14243,14128,14209,14133,14157,14130,14155,14165,14360,14301,14245,14168,14163,14139,14142,14050,14153,14211,14355,14199,14089,14449,14824,14195,14154,14221,14123,14183,14194,14626,14230,14091,14073,14782,14499,14344,14494,14103,14485
3,14410,15020,14262,14295,14257,14246,14135,14374,14278,14221,14141,14154,14272,14237,14292,14284,14295,14305,14304,14220,14069,14157,14140,14197,14205,14155,14200,14347,14148,14193,14435,14430,14264,14299,14521,14277,14235,14337,14313,14343,14395,14249,14276,14296,14151,14126,14167,14124,14236,14146,14152,14191,14086,14108,14478,14117,14351,14703,14192,14146,14116,14646,14229,14349,14288,16690,14705,14680,15800,14603,14730,14713,16363,14196,14843,14650,15366,15761,16520,14182,14976,14617,14973,17301,14223,17309,14854,16326,14189,18437,20466,14701,14270,15573,15377,14208,14649,14585,14614,14492,15652,14722,14421,14987,14302,14290,14606,16470,16382,14135,14042,14017,14175,14260,14268,14045,16608,14452,14171,15601,14648,14748,14644,14740,16093,17186,14646,14691,14606,14908,14833,14776,15245,14108,14204,14073,15936,14383,16061,14483,14874,14272,14595,15215,14759,15490,14144,14204,14850,15388,15555,14279,16004,14188,16113,14284,15061,19181,14822,14347,14465,14671,14230,14605,14687,14527,16299,14444,14496,18109,14519,14933,14151,14233,14430,14676,14478,18413,16124,14737,14917,14403,14483,15667,14571,14314,14592,14614,14604,14543,14789,14440,15735,14568,15237,14126,14299,14416,15488,14789,15635,14605,14458,14931,16121,14780,14748,14716,15039,14543,14639,14634,14805,14407,14113,14100,14315,14857,15136,14343,14744,14764,14797,14787,14512,14786,14947,14723,14782,14891,14224,14253,14287,14695,14648,14429,14778,14243,15982,14439,14468,14721,14559,14730,14236,14470,14288,14229,14308,14316,14256,14432,14209,14349,14312,14800,16191,14754,14729,14193,14656,14430,14928,14532,15104,15130,16542,14215,14274,14494,14568,14217,14306,14280,14336,15053,14923,14985,14908,14288,14332,14784,15401,15582,15852,14595,14253,15086,14107,14251,14114,14355,14415,14341,14190,15298,14212,16919,14352,14387,14704,14148,14363,14680,14855,15771,15187,14182,14622,15336,14856,15198,14306,14282,14116,14802,14184,14217,14516,14834,14764,14857,14989,14757,14860,14596,14313,15418,14300,15912,14577,14305,14148,14194,14190,14162,14184,15859,14348,14798,14273,16656,14416,14792,14619,14272,14756,14186,14247,14164,14475,15063,14276,14635,14681,14133,15605,14957,14874,14523,14157,14702,15910,15001,15706,15109,14727,14274,15586,14247,15409,14222,14038,14693,14435,14165,14121,14761,14053,14095,14554,14225,14716,15396,15618,15210,15825,14436,14513,14497,14175,14604,14440,15152,14568,15215,14638,15408,15093,15018,14464,15495,14232,15391,14447,15392,16016,14285,14689,14396,14570,15508,14899,16972,14646,14560,16960,14319,14178,15039,19338,14273,14244,14757,15920,19461,14764,17470,15686,15835,14125,14285,14601,14663,19271,14529,14192,14063,16828,15360,15357,18197,14682,14750,14184,14945,14448,15083,15219,15818,14876,14511,14193,14145,14791,15338,16011,15146,14645,15010,14330,15878,14549,14593,15618,14226,14444,14830,14623,14503,14068,14854,13999,13937,14583,16523,14232,15886,16819,14200,14664,14370,14737,15457,14779,14227,14206,14174,14761,14265,14326,14289,14151,14288,14442,14407,14209,14550,14225,14243,14260,14125,14271,14222,14163,14273,15499,14348,14291,14180,14349,14282,14242,14656,14697,15024,14624,14191,14283,14277,14934,14339,14288,14126,14219,14309,14138,14165,14277,14268,14288,14340,14322,14071,15845,14156,14098,14068,14610,14186,14250,14094,14226,14136,14093,14112,14195,14239,14269,14238,14240,14198,14266,14125,14369,14230,14229,14210,14316,14153,14149,14195,14196,14174,14188,13930,14100,14319,14164,14101,14372,14161,14137,14136,14159,14323,14340,14217,14224,14121,14110,14157,14236,14388,14295,14223,14246,14218,14145,14099,14198,14176,14185,14171,14254,14298,14261,14205,14182,14256,14544,14321,14380,14181,14716,14114,14163,14224,14138,14173,14178,14329,14271,14173,14216,14182,14105,14204,14203,14200,14192,14250,14267,14217,14304,14160,14194,14322,14657,14255,14139,14443,14469,14236,14083,14156,14171,14224,14213,14405,14167,14076,14166,14351,14689,14127,14332,14182,14235,14162,14196,14154,14313,14210,14486,14764,14088,14188,14547,14592,14125,14399,14140,14155,14633,14554,14866,14659,14858,14558,14187,14432,14188,14125,14825,14190,14164,14080,14559,14623,14267,14323,14126,14198,14225,14085,14128,14075,14161,14085,14117,14061,13982,14227,14219,14333,14263,14747,14263,14278,14184,14201,14496,14304,14312,14514,14310,14370,14156,14159,14126,14699,14518,14273,14278,14319,14194,14274,14087,14029,14229,14219,14198,14454,14240,14297,14170,14235,14247,14261,14546,14150,14052,14194,14200,14769,14314,14255,14482,14135,14135,14122,14132,14140,14969,14551,14746,14756,14231,14247,14276,14401,14192,14245,14128,14315,14125,14121,14208,14291,14363,14491,14341,14342,14213,14272,14770,14643,14305,14404,14218,14185,14149,14157,14149,14205,14279,14372,14090,14070,14155,14289,14275,14160,14434,14163,13963,13946,14177,14101,14096,14071,14434,14232,14303,14252,14243,14323,14392,14237,14277,14265,14191,14267,14185,14345,14269,14186,14351,14176,14127,14419,14250,14240,14270,14525,14360,14351,14027,14236,14250,14639,14148,14148,14222,14183,14161,14244,14282,14251,14242,14300,14234,14188,14183,14540,14087,14104,14118,14109,14217,14578,14199,14445,14189,14212,14315,14244,14139,14174,14205,14321,14817,14469,14169,14067,14154,14214,14685,14206,14747,15292,15128,14756,14843,14647,14562,14991,15424,17086,14775,14861,15011,15859,14935,14868,14684,14912,15334,14259,14426,14746,15092,14410,14175,14605,14183,14651,14668,14935,14595,14975,14625,14241,14257,14148,14633,14098,14217,14261,14207,14538,14260,14328,14110,14160,14261,14128,14429,14292,14176,14167,14471,14192,14187,14167,14173,14230,14425,14270,14552,14452,14656,14865,15387,14609,14247,14287,14761,14583,14482,14315,14103,14274,14176,14216,14397,14103,14053,14049,14044,14485,14225,14220,14179,14202,14090,14133,14124,14117,14218,14199,14252,14236,14402,14584,14264,14226,14100,14259,14158,14243,14128,14209,14133,14157,14130,14155,14165,14360,14301,14245,14168,14163,14139,14142,14050,14153,14211,14355,14199,14089,14449,14824,14195,14154,14221,14123,14183,14194,14626,14230,14091,14073,14782,14499,14344,14494,14103,14485
